1.526482520710496260e+01 2.299654043326701203e+00 -5.215186956518530481e-01 2.299654043326701203e+00 1.246038652736188723e+01 -9.192340048359131099e-01 -5.215186956518530481e-01 -9.192340048359131099e-01 1.903920488813618306e+01
9.473123383119512297e+00 -6.109242096580689285e-01 2.150248138976695866e+00 -6.109242096580689285e-01 8.092991370017031727e+00 9.497432782666804130e+00 2.150248138976695866e+00 9.497432782666804130e+00 -2.093777397100021087e+00
2.452943633317720362e+00 -4.234040380127946257e+00 -8.660691942579171965e+00 -4.234040380127946257e+00 -4.621186167941698564e+00 -1.078275163922098656e+00 -8.660691942579171965e+00 -1.078275163922098656e+00 3.873174481609313879e+00
-2.251320718227191708e+00 1.456353014734937057e+00 3.584231078962015982e+00 1.456353014734937057e+00 3.564053475251940384e-01 3.939284914155232187e+00 3.584231078962015982e+00 3.939284914155232187e+00 2.275287989682209133e+00
-2.945569548125789439e+01 3.172887723922249936e+00 2.362394481200283280e+00 3.172887723922249936e+00 -3.036691801161454052e+01 -3.623362841748902330e+00 2.362394481200283280e+00 -3.623362841748902330e+00 -9.027438221407368957e+00
-1.256979544126102155e+01 2.800913584061352601e+00 9.225351184607135657e-01 2.800913584061352601e+00 -5.908363617805039603e+00 3.309776649261227943e-01 9.225351184607135657e-01 3.309776649261227943e-01 9.863983163944417543e-01
7.970652631487469719e+00 -2.572916317012828635e+00 -5.421650787157490825e+00 -2.572916317012828635e+00 6.787941485489564997e+00 3.641769904816393844e+00 -5.421650787157490825e+00 3.641769904816393844e+00 4.981672455784095455e+00
-1.231181990360082423e+01 -3.825971861488480563e+00 4.745315165939085200e-01 -3.825971861488480563e+00 -9.902127825403557182e+00 6.630179728181158971e+00 4.745315165939085200e-01 6.630179728181158971e+00 1.606882496385577008e+00
1.061744157777249775e+01 9.302416048007385641e+00 -7.980585567591055529e+00 9.302416048007385641e+00 1.228766890028714087e+01 3.728163590024087704e+00 -7.980585567591055529e+00 3.728163590024087704e+00 1.030597302693725048e+01
-1.625047291762804136e+01 3.353913877684450373e+00 4.630138901989920841e-01 3.353913877684450373e+00 -8.809381536660740863e+00 1.393492342497966163e-01 4.630138901989920841e-01 1.393492342497966163e-01 1.130840294924608003e+01
-2.085921599279284777e+01 3.672914879937313692e+00 4.706578186264430919e+00 3.672914879937313692e+00 -2.331643636961034716e+01 -4.646323450767442687e+00 4.706578186264430919e+00 -4.646323450767442687e+00 -1.056323047084108424e+01
-2.504603798983650265e+01 1.728014659900905414e+00 -2.501764983167173106e+00 1.728014659900905414e+00 -1.460329218034493870e+01 -5.661553631531706099e-01 -2.501764983167173106e+00 -5.661553631531706099e-01 -1.296232242206131069e+01
-3.767465320646539162e+00 4.566541536079173902e+00 9.067548809544462074e+00 4.566541536079173902e+00 6.938779358859164859e+00 6.503098385154558514e+00 9.067548809544462074e+00 6.503098385154558514e+00 6.515223331671561091e+00
-2.072496582590783021e+01 -1.337361808608380720e+00 -2.605342496343348024e+00 -1.337361808608380720e+00 -8.110435487246196118e+00 1.843012128994729437e+00 -2.605342496343348024e+00 1.843012128994729437e+00 4.221138637496473223e+00
4.930347311100751639e+00 -4.472436306189936372e-02 1.484944011874339553e+00 -4.472436306189936372e-02 -5.710506798739249490e+00 -9.876044056702858454e-01 1.484944011874339553e+00 -9.876044056702858454e-01 -6.869513223007998270e+00
-2.120782006482352600e+01 -6.461105821429670826e+00 -2.152737521057420889e+00 -6.461105821429670826e+00 -2.595598453544166162e+01 1.091922638052267969e+00 -2.152737521057420889e+00 1.091922638052267969e+00 -2.309129633186264385e+01
2.242679576183553536e+01 2.550492719439172440e+00 2.726863630598563404e+00 2.550492719439172440e+00 2.323943866752365395e+01 -8.660697496280143071e+00 2.726863630598563404e+00 -8.660697496280143071e+00 1.487410389046224068e+01
-1.732902097057795388e+01 -1.235319121456819769e+00 4.456225372857946176e+00 -1.235319121456819769e+00 -1.780280065901444786e+01 -6.876812136856452762e-02 4.456225372857946176e+00 -6.876812136856452762e-02 3.436341021899230963e+00
2.642939924965439857e+01 1.782839241571371469e-01 -4.985547470477727394e+00 1.782839241571371469e-01 3.187321715447351878e+01 -7.486780811033740157e+00 -4.985547470477727394e+00 -7.486780811033740157e+00 1.388924694386040137e+01
3.969316175388508583e+01 -2.934294341477084345e+00 1.277388558756443615e+01 -2.934294341477084345e+00 4.774558867576438814e+01 -8.170399505062862389e+00 1.277388558756443615e+01 -8.170399505062862389e+00 3.400417201012164270e+01
-1.030424240498203758e+01 -6.353580698938291249e+00 -3.698933724901395159e+00 -6.353580698938291249e+00 -1.421400704979188490e+01 1.104833550148868859e+01 -3.698933724901395159e+00 1.104833550148868859e+01 -1.182387712423466519e+00
-1.866959300189667204e+01 -5.099478914490664039e+00 -8.767787862365208795e+00 -5.099478914490664039e+00 -1.989454526025994952e+01 -9.891669074748355328e+00 -8.767787862365208795e+00 -9.891669074748355328e+00 -3.149992269279118773e+01
9.258056538129386226e+00 7.573320388039736173e+00 4.714702601832465589e+00 7.573320388039736173e+00 9.181121435469570713e+00 1.188695547853069812e+01 4.714702601832465589e+00 1.188695547853069812e+01 1.323869776283618194e+01
2.901445301552591971e+01 1.938588657938448589e+00 3.023158060501621058e+00 1.938588657938448589e+00 1.879599932196454404e+01 -4.620986377705640358e+00 3.023158060501621058e+00 -4.620986377705640358e+00 3.917443611092993194e+01
-2.285112159343523075e+01 7.875396745532254883e+00 5.703610214913837240e+00 7.875396745532254883e+00 -1.763326630857372379e+01 -7.110445964347996473e+00 5.703610214913837240e+00 -7.110445964347996473e+00 8.665683991006720155e-02
3.148906401575858283e+01 -2.114761367183633833e+00 1.169571095013912876e+00 -2.114761367183633833e+00 2.457924218132444949e+01 -6.882020548831516038e+00 1.169571095013912876e+00 -6.882020548831516038e+00 3.826064759801920445e+01
-1.874819471775602375e+00 3.263348875009648431e+00 1.186720462749460658e+01 3.263348875009648431e+00 1.301273279247392978e+01 7.498765832996453717e+00 1.186720462749460658e+01 7.498765832996453717e+00 -3.056152143308844416e+01
-1.757210401521097509e+01 7.398658149653233096e+00 8.703023348732667586e+00 7.398658149653233096e+00 -2.203049718233461718e+01 5.733699219821856374e+00 8.703023348732667586e+00 5.733699219821856374e+00 -1.381554440878814560e+01
2.551714885595351490e+01 5.834172102074608013e+00 -4.554118257283077398e-01 5.834172102074608013e+00 2.058374898384687768e+01 -2.712388054689158334e+00 -4.554118257283077398e-01 -2.712388054689158334e+00 4.047408948805339435e+01
-1.375307482873109599e+01 -1.039403123321537725e+00 5.099805842518122523e-01 -1.039403123321537725e+00 -1.180499778970372482e+01 5.844750480374261148e-01 5.099805842518122523e-01 5.844750480374261148e-01 4.704276526909688450e+00
-6.130496237949644822e+00 1.118712422782940230e+01 -9.221681069142798393e+00 1.118712422782940230e+01 -8.061512375479683301e-02 2.049394127905634910e+00 -9.221681069142798393e+00 2.049394127905634910e+00 2.340736048091103427e+01
3.930713549278488017e+01 4.483061276515916127e+00 -1.297484653474909599e+00 4.483061276515916127e+00 4.513574847032994342e+01 -2.857148369594599391e+00 -1.297484653474909599e+00 -2.857148369594599391e+00 2.962989576048634888e+01
6.486677799892895280e+00 -1.092586597043375268e-01 5.552614181218826772e+00 -1.092586597043375268e-01 2.448479392236884156e+00 -5.066246264723817561e+00 5.552614181218826772e+00 -5.066246264723817561e+00 1.109060905174760192e+00
1.022454893665477016e+01 -1.502448388199917995e+00 -8.461799489449436606e+00 -1.502448388199917995e+00 1.275044989992435873e+01 3.196977631486388471e+00 -8.461799489449436606e+00 3.196977631486388471e+00 2.307117858611686145e+01
5.967079904274124047e+00 -9.980650779488829727e+00 -6.443724272686681687e-01 -9.980650779488829727e+00 3.221407478417890324e+00 3.266981845989910926e+00 -6.443724272686681687e-01 3.266981845989910926e+00 1.150613669440214792e+01
1.186963442568756477e+01 1.018461952031991480e+01 1.178559440024698191e+01 1.018461952031991480e+01 1.379604748672709214e+01 -1.200001215443769059e-01 1.178559440024698191e+01 -1.200001215443769059e-01 -4.470200786191186992e+00
-1.599068145248889738e+00 1.330423923352825666e+00 -7.093563835474029355e-01 1.330423923352825666e+00 -2.968505184864109747e+00 -3.271922117041843769e+00 -7.093563835474029355e-01 -3.271922117041843769e+00 2.966578355436386705e+00
-1.910285591495496149e+01 8.086881076318059858e-01 3.932985779092284861e+00 8.086881076318059858e-01 -1.774717315048037491e+01 2.100193110059616064e+00 3.932985779092284861e+00 2.100193110059616064e+00 3.471416554118004427e+00
3.003773698110029855e+01 -8.700685462655506797e+00 -2.469128982634661629e+00 -8.700685462655506797e+00 3.371433822245315071e+01 8.913166308868739618e-01 -2.469128982634661629e+00 8.913166308868739618e-01 1.940047304221726776e+01
-1.631757165019271483e+01 5.406621469229827781e+00 -1.547354386288735340e+00 5.406621469229827781e+00 -1.216479656331551240e+01 4.033422568908024530e+00 -1.547354386288735340e+00 4.033422568908024530e+00 5.421624169720087316e+00
2.779045250725556215e+01 -5.864476857683287747e+00 -1.079886890691233586e-01 -5.864476857683287747e+00 2.652292497792122106e+01 1.997608539641995140e-01 -1.079886890691233586e-01 1.997608539641995140e-01 4.636097758805072289e+01
-1.324202977117087876e+01 2.725110265061931880e+00 -1.664169062023264978e+00 2.725110265061931880e+00 -1.267977661575879367e+01 -7.316045857621777948e+00 -1.664169062023264978e+00 -7.316045857621777948e+00 -1.066720418962329120e+01
-2.389430913938425505e+01 2.164444836258386573e+00 9.418313914272772536e+00 2.164444836258386573e+00 -2.710311881618843799e+01 -2.010703147459946383e+00 9.418313914272772536e+00 -2.010703147459946383e+00 -2.059015860299354017e+01
5.641247772618728229e-01 3.332962440002180227e+00 -1.174703038188799065e-01 3.332962440002180227e+00 2.197886705626890258e+00 -7.256120072423528633e+00 -1.174703038188799065e-01 -7.256120072423528633e+00 1.002434399271964161e+01
-2.208856472127325077e+01 -5.018206755393816110e+00 -6.249575955156148943e+00 -5.018206755393816110e+00 -1.905195834856877823e+01 -5.595678151211804341e+00 -6.249575955156148943e+00 -5.595678151211804341e+00 1.221787339330324862e+01
-9.174518246370306329e+00 1.375656626141314343e+00 1.053265036446746419e-02 1.375656626141314343e+00 -7.413405268817426119e+00 5.560921894459289305e+00 1.053265036446746419e-02 5.560921894459289305e+00 -1.346260454514665028e+00
9.587127197131380285e+00 -1.063977468158810069e+01 2.271449269290310102e+00 -1.063977468158810069e+01 1.292073321623827908e+01 -4.427721601456144462e+00 2.271449269290310102e+00 -4.427721601456144462e+00 2.259017090912018588e+01
2.007192161484048754e+01 -8.171277247783402808e-01 4.523832002748163106e+00 -8.171277247783402808e-01 2.589751696663056180e+01 -2.082633234552978774e+00 4.523832002748163106e+00 -2.082633234552978774e+00 2.445188619264983387e+01
1.326402183457321415e+00 2.007618148076734332e+00 -7.147485924980221839e+00 2.007618148076734332e+00 2.287376504374845076e+00 -7.984450248582975959e-03 -7.147485924980221839e+00 -7.984450248582975959e-03 8.007598964807550956e+00
2.505931269065193234e+01 3.344616771890755569e+00 6.407032495215130297e+00 3.344616771890755569e+00 2.603669736580798144e+01 -9.085913763141194588e-01 6.407032495215130297e+00 -9.085913763141194588e-01 9.648493074141738290e+00
