-4.326375284238338992e+01 8.737399381895426531e-01 4.395972969972628874e+00 8.737399381895426531e-01 -3.761147671875441034e+01 3.775359126166297763e+00 4.395972969972628874e+00 3.775359126166297763e+00 -2.514977865669917279e+01
-1.219414150212238646e+01 1.341854256262156930e+01 5.101586728317906605e+00 1.341854256262156930e+01 2.866411921542730834e+00 1.323267576252741939e+00 5.101586728317906605e+00 1.323267576252741939e+00 3.088474945301206365e+00
1.633812795071039758e+01 -1.015407113847666665e+01 -3.040099574585860775e+00 -1.015407113847666665e+01 -2.212313243185794320e+01 1.126475224551683674e+01 -3.040099574585860775e+00 1.126475224551683674e+01 1.062524856493528347e+01
1.217702510172318320e+01 -3.105497988267456044e+00 -1.817307885841489501e+00 -3.105497988267456044e+00 -6.318429071514569273e+01 1.489016585336826459e+00 -1.817307885841489501e+00 1.489016585336826459e+00 5.529918842180087779e+00
2.747906056091875371e+01 3.021592475862176386e+00 -5.873364094248808343e+00 3.021592475862176386e+00 -2.975594140995798043e+01 4.331924743924109755e+00 -5.873364094248808343e+00 4.331924743924109755e+00 2.179968222889180041e+01
7.864814573434299128e+00 1.375537328682792548e+01 -1.649262543659493208e+00 1.375537328682792548e+01 1.050693772386963687e+01 -9.028241469046243139e+00 -1.649262543659493208e+00 -9.028241469046243139e+00 -1.075231439952730383e+01
1.135612597313206429e+01 -7.997694441292806822e+00 1.375551902381961122e+00 -7.997694441292806822e+00 -5.791021858193719396e+00 -2.832071270071311986e+00 1.375551902381961122e+00 -2.832071270071311986e+00 3.942236266504387299e+00
-7.377361555759970990e+00 5.160142116434971449e+00 7.113660839252276880e+00 5.160142116434971449e+00 -7.722103906256349681e+00 8.223096284851428850e-01 7.113660839252276880e+00 8.223096284851428850e-01 -1.102032263274403157e+01
-1.628464082985361827e+01 2.068594486190737314e+01 1.329034785060676960e+01 2.068594486190737314e+01 -1.055183794548723775e+01 1.296694618677483390e+01 1.329034785060676960e+01 1.296694618677483390e+01 -2.959892738033250481e+01
-3.372761107688680227e+01 -5.163073056734062583e+00 1.004568995474700444e+01 -5.163073056734062583e+00 -6.748014141066936133e+01 -1.034843907613222491e+01 1.004568995474700444e+01 -1.034843907613222491e+01 -3.213028976369910339e+01
8.209495790051625219e-01 -5.386301725774964133e+00 7.580337807534266448e-01 -5.386301725774964133e+00 -1.047171648075369532e+01 -9.389158398103877312e-01 7.580337807534266448e-01 -9.389158398103877312e-01 8.857876322423456017e+00
9.649629519068803063e+00 2.409930602624175411e-01 1.536754014825609360e+01 2.409930602624175411e-01 -3.052802525301669334e+01 7.305523015035774170e-01 1.536754014825609360e+01 7.305523015035774170e-01 1.562561856372861868e+01
2.023873486871265115e+01 2.006643550543844867e+01 8.785483197008558065e+00 2.006643550543844867e+01 1.105235594041597658e+01 2.304936126208407376e+00 8.785483197008558065e+00 2.304936126208407376e+00 2.807873227979299724e+00
-1.394053110202038681e+01 -1.759526500152075679e+00 -2.133710909223950125e+01 -1.759526500152075679e+00 -3.335141855673982292e+01 3.829546073054182820e+00 -2.133710909223950125e+01 3.829546073054182820e+00 -1.441700331794739576e+01
6.929687187991494746e+00 7.710509655793508443e+00 -8.841531648750843075e+00 7.710509655793508443e+00 -4.259217208153942380e+01 -8.102224706615219318e+00 -8.841531648750843075e+00 -8.102224706615219318e+00 5.591707414090741679e+00
-3.488222597814516490e+00 -6.863449336547948754e+00 -3.465990699197809555e+00 -6.863449336547948754e+00 -1.505614137773193306e+01 7.335325574115687530e+00 -3.465990699197809555e+00 7.335325574115687530e+00 -1.927132750964815600e+01
4.535253679532292637e+01 3.931432460207916701e+00 1.002893996379060226e+01 3.931432460207916701e+00 1.158220261671914741e+01 8.775806841171826633e+00 1.002893996379060226e+01 8.775806841171826633e+00 5.267383922679010766e+01
-4.772554353450080100e+01 -6.750448846404231595e+00 6.549282136307406077e+00 -6.750448846404231595e+00 -6.942951415514173164e+01 9.426089646223676510e+00 6.549282136307406077e+00 9.426089646223676510e+00 -3.355764426962653602e+01
-9.394804382856738911e+00 2.657206128783137888e+00 -5.774747132313607700e+00 2.657206128783137888e+00 -9.016465547170083639e+00 -6.291314360449867804e-02 -5.774747132313607700e+00 -6.291314360449867804e-02 -3.207878790969884619e+01
3.652204541546419847e+01 -2.580734057527222181e+00 2.566052120813223425e+00 -2.580734057527222181e+00 5.019200872841800987e+01 2.538618174463378896e+00 2.566052120813223425e+00 2.538618174463378896e+00 3.940415767592950402e+01
1.523322453269008392e+01 -1.405144051938243699e+01 1.505161076772485984e+01 -1.405144051938243699e+01 -3.845735486944513326e+01 2.088740174765945756e+00 1.505161076772485984e+01 2.088740174765945756e+00 1.994485462334617409e+01
3.111642250016441835e+01 2.156407741902869102e+00 6.712300518332044996e-01 2.156407741902869102e+00 -1.997375651596961887e+01 -1.027868662258959231e+00 6.712300518332044996e-01 -1.027868662258959231e+00 3.379337983066991402e+00
-4.739897562558019750e+00 8.289348501564930416e+00 -3.170119644299610684e+00 8.289348501564930416e+00 -3.789132579021232772e+01 -2.914246823509830886e+00 -3.170119644299610684e+00 -2.914246823509830886e+00 -1.374440458201645399e+01
-1.572708523225508515e+01 2.735753110605326555e+00 -3.195893379158689651e-01 2.735753110605326555e+00 -9.794686867717031120e+00 -2.818799807345361064e+00 -3.195893379158689651e-01 -2.818799807345361064e+00 -1.436441150852560433e+01
-2.040107533339543622e+01 -2.432111856779819448e+01 -6.938596650777030916e+00 -2.432111856779819448e+01 -4.812207785445149710e+01 -5.008457001332734748e+00 -6.938596650777030916e+00 -5.008457001332734748e+00 -1.501088413632760243e+01
1.222065474639518712e+01 1.223279696413524675e+01 -7.437438083624684282e+00 1.223279696413524675e+01 -7.247083374933533051e+00 -1.157140448625527185e+01 -7.437438083624684282e+00 -1.157140448625527185e+01 -2.451576121396275809e+01
-1.943907162696037361e+01 -7.128613426769836448e-01 3.323453382690036317e+00 -7.128613426769836448e-01 -1.366418733702387556e+01 -2.611547049254506980e+00 3.323453382690036317e+00 -2.611547049254506980e+00 -2.673288043007428882e+01
7.901671562491274337e+00 1.260170968307370565e+01 -9.818008246523024507e-01 1.260170968307370565e+01 1.187555801847724979e+01 9.455001677069569510e+00 -9.818008246523024507e-01 9.455001677069569510e+00 8.536645618229013466e-02
-4.739594603521629423e+00 -5.792373438872711944e+00 -1.843205277981404322e+00 -5.792373438872711944e+00 -2.845747554681732794e+01 -3.704765168187366675e-01 -1.843205277981404322e+00 -3.704765168187366675e-01 1.091420321716724118e+01
1.080663308677622325e+01 1.031112756439402389e+01 -1.760464514099530753e+00 1.031112756439402389e+01 -3.162021117701280559e+01 -1.000892805897318283e+01 -1.760464514099530753e+00 -1.000892805897318283e+01 1.473908802942531260e+01
1.317265342260930261e+01 1.520031729058166192e+00 -1.428632615609309431e+00 1.520031729058166192e+00 6.981277748476195200e+00 -4.046300244967592441e+00 -1.428632615609309431e+00 -4.046300244967592441e+00 9.908582223269805311e+00
1.358804744624193894e+01 7.211714912474571193e+00 6.807735551394118012e+00 7.211714912474571193e+00 -2.770640921025911396e+01 -6.849826210778139357e-01 6.807735551394118012e+00 -6.849826210778139357e-01 9.188009573467548208e-01
8.086865491835185438e+00 -6.024135442325539991e+00 8.251683243183720151e+00 -6.024135442325539991e+00 -2.806534446088613777e+01 4.615003016251312040e+00 8.251683243183720151e+00 4.615003016251312040e+00 1.209830686351983253e+01
2.096641540785750735e+01 1.573365237601134448e+00 -5.855516277569135397e+00 1.573365237601134448e+00 1.648567690585581857e+01 7.376600551937475991e+00 -5.855516277569135397e+00 7.376600551937475991e+00 1.086190591889277002e+01
8.924171270320785609e+00 -3.239064277150354609e+00 4.457162604967138009e+00 -3.239064277150354609e+00 -2.574681357069821175e+01 3.044652849518681315e+00 4.457162604967138009e+00 3.044652849518681315e+00 6.029195086677703763e+00
-7.039533872661728253e+00 -4.027355278048239562e+00 -5.603072682934559623e+00 -4.027355278048239562e+00 -5.557388290677060638e+01 -6.818836257584718119e+00 -5.603072682934559623e+00 -6.818836257584718119e+00 -5.255628285478044504e+00
-1.250913342064293587e+01 -6.483978566161377799e+00 3.062234109631998824e-01 -6.483978566161377799e+00 -5.655397684786129275e+01 -4.995344121258841419e+00 3.062234109631998824e-01 -4.995344121258841419e+00 -2.595134284220309784e+00
-2.666511842197557769e+01 1.556405966787978734e+01 -1.271546018931938082e+00 1.556405966787978734e+01 -7.337137347534181231e+01 3.000885188118258107e+00 -1.271546018931938082e+00 3.000885188118258107e+00 -3.298413580728489336e+01
1.185375224511642500e+01 -4.714857257628489506e+00 -4.660070638852453762e+00 -4.714857257628489506e+00 6.519438789985709803e+00 8.295782791141919077e+00 -4.660070638852453762e+00 8.295782791141919077e+00 4.265744760664873958e+00
4.081724247350838608e-01 8.421663327664894894e+00 8.575613051975271572e-01 8.421663327664894894e+00 -7.242521870093882796e+01 -7.722499309766279296e+00 8.575613051975271572e-01 -7.722499309766279296e+00 -4.564573033688635206e+00
4.733280788510420223e+01 -1.085589454419136501e+01 -5.245767215769882696e+00 -1.085589454419136501e+01 -1.572192191409585682e+01 -2.815430820404493772e+00 -5.245767215769882696e+00 -2.815430820404493772e+00 4.589585301804626738e+01
6.648372122480878943e+01 -1.912159563625208847e+01 -9.903027658579425463e+00 -1.912159563625208847e+01 -1.949015804107092364e+01 -2.153393367837464378e+00 -9.903027658579425463e+00 -2.153393367837464378e+00 5.427846744935601464e+01
-3.175591689877195756e-01 -1.750144595573384620e+01 -7.674474460045321855e+00 -1.750144595573384620e+01 -1.814800210717841722e+01 8.521888561932618344e+00 -7.674474460045321855e+00 8.521888561932618344e+00 -2.801730772116666657e+01
2.231466616734518738e+01 -2.137723256305321229e+01 1.265820271867729607e+00 -2.137723256305321229e+01 -5.067074154286478915e+01 1.437251479586922187e+01 1.265820271867729607e+00 1.437251479586922187e+01 -4.835615570947945585e+00
6.037589373424588679e+00 -8.634649566662178088e+00 3.064575766352709785e+00 -8.634649566662178088e+00 1.847728228666576911e+01 -4.930480835314313914e+00 3.064575766352709785e+00 -4.930480835314313914e+00 7.112844218897736326e+00
7.666933687625349769e+00 1.516293749924584766e+00 6.841547683851428197e+00 1.516293749924584766e+00 -2.432138180613416267e+01 -1.439725502133924806e+00 6.841547683851428197e+00 -1.439725502133924806e+00 4.040068548618803490e+00
1.682606133517441371e+00 -4.067324933435035206e+00 -1.164473930159334536e+01 -4.067324933435035206e+00 -6.137267621724613065e+01 1.616025070466544378e+01 -1.164473930159334536e+01 1.616025070466544378e+01 -1.127225604148982185e+01
-1.052398403988086883e+01 -1.377089720108979343e+01 6.691221505874864306e+00 -1.377089720108979343e+01 -2.465336937949070162e+01 -4.078107758530271632e+00 6.691221505874864306e+00 -4.078107758530271632e+00 2.528105786980031855e+00
6.736511123004511603e+00 6.619058652841359525e+00 -2.554268864148625973e+00 6.619058652841359525e+00 5.606327917247771353e+00 1.754163105436870707e+00 -2.554268864148625973e+00 1.754163105436870707e+00 -4.782413177992414610e+00
7.611691195958970013e+01 -7.890635680970478738e+00 6.311949211883734812e+00 -7.890635680970478738e+00 1.759467350984789036e+01 9.704575387253559171e+00 6.311949211883734812e+00 9.704575387253559171e+00 7.349230700393216864e+01
1.121806931440450228e+01 -5.733780182827278971e+00 6.430325515006146908e+00 -5.733780182827278971e+00 3.725038501885574060e+00 4.307296744436752256e+00 6.430325515006146908e+00 4.307296744436752256e+00 1.423775040836119388e+01
-1.576138476579915704e+01 -1.150475253926896002e+01 -8.628154988682116278e-01 -1.150475253926896002e+01 -3.840979925333230227e+01 9.655619156963988203e+00 -8.628154988682116278e-01 9.655619156963988203e+00 -1.688077689214208021e+01
3.542788664833434353e+01 8.520723459591550863e+00 -1.138451544360247603e+01 8.520723459591550863e+00 1.305146091685831600e+01 2.062502187019289224e+00 -1.138451544360247603e+01 2.062502187019289224e+00 3.026096174362188052e+01
-2.270781769657182636e+01 1.983261633202337171e+00 -4.256832234855530750e+00 1.983261633202337171e+00 -1.785296057703034478e+01 8.484309473098353038e+00 -4.256832234855530750e+00 8.484309473098353038e+00 -8.614020925349974434e+00
-4.417388594234597576e+01 4.634590559386518649e+00 -1.342852307682569446e+01 4.634590559386518649e+00 -9.122995584561188309e+01 1.913548996105721933e+00 -1.342852307682569446e+01 1.913548996105721933e+00 -5.927501399108947311e+01
-1.126084680375939939e+01 -1.620241375408003393e+01 8.781804103041778831e+00 -1.620241375408003393e+01 -2.081039916746752283e+01 1.005408099348273687e+01 8.781804103041778831e+00 1.005408099348273687e+01 -2.482578603750516777e+01
-9.253297445300812107e-01 3.130320830950326538e+00 -2.210166168708827072e+01 3.130320830950326538e+00 -2.754073720602686492e+01 -1.565768007391778349e+00 -2.210166168708827072e+01 -1.565768007391778349e+00 -1.205518391998366390e+01
6.566981675982148658e+00 6.144561390810255652e+00 -1.673013500773233631e+00 6.144561390810255652e+00 8.942534487888018191e+00 -9.806301556943564535e+00 -1.673013500773233631e+00 -9.806301556943564535e+00 -3.540062972245320960e+00
2.878404689683100059e+01 1.349481638422537344e+01 1.529800308565892308e+01 1.349481638422537344e+01 3.228525174700548339e-01 1.444077398754877706e+01 1.529800308565892308e+01 1.444077398754877706e+01 1.835390776182626027e+01
8.051447874327674725e+00 -4.909173598874374100e+00 -1.551573194358707397e+01 -4.909173598874374100e+00 1.783560181634341291e+01 -2.395430557543287708e+00 -1.551573194358707397e+01 -2.395430557543287708e+00 2.304184893062294570e+00
-1.411810459775989202e+01 1.993722801319728433e+01 1.559331308261989735e+00 1.993722801319728433e+01 -8.577192720876364973e+00 -3.136017187855018040e+00 1.559331308261989735e+00 -3.136017187855018040e+00 -1.074940190436325338e+01
-5.461484821791184885e+00 -3.495884753968578895e-01 -1.256239622883463625e+01 -3.495884753968578895e-01 -4.855136827061331672e+01 4.659099762233720021e+00 -1.256239622883463625e+01 4.659099762233720021e+00 -2.963956735527645048e+00
6.071281802019173890e-01 -8.913092254891962440e+00 -4.414939738769860789e-01 -8.913092254891962440e+00 -5.009023503385640907e+01 1.659017676283950848e+01 -4.414939738769860789e-01 1.659017676283950848e+01 6.527946851136526618e+00
3.139122280585310421e+01 1.483010155802804597e+01 5.623201393951865690e+00 1.483010155802804597e+01 -3.450782414195594949e+00 5.476159475211664684e+00 5.623201393951865690e+00 5.476159475211664684e+00 2.266865270133354926e+01
-9.214227225868558691e+00 -2.448808884075434289e+00 5.447155110592049709e+00 -2.448808884075434289e+00 -1.378140671351728130e+01 -3.192947218664853537e+00 5.447155110592049709e+00 -3.192947218664853537e+00 -1.429097895531070606e+01
-6.303170106451522514e+01 7.585642358878354585e+00 2.001986543626380310e+01 7.585642358878354585e+00 -8.837165206867149436e+01 1.187014387636701507e+01 2.001986543626380310e+01 1.187014387636701507e+01 -3.436792649247718145e+01
-5.095829438060176741e+00 -5.719746987092524826e+00 5.352097499466273334e+00 -5.719746987092524826e+00 -4.597962842649906179e+01 3.371568145395476002e+00 5.352097499466273334e+00 3.371568145395476002e+00 -6.563438595435261647e+00
-1.516293206395274495e+01 -4.380029155514520767e+00 4.553013680752033387e+00 -4.380029155514520767e+00 -5.736127657696872717e+01 6.682443749586411963e-01 4.553013680752033387e+00 6.682443749586411963e-01 1.055444428576617355e+01
4.844902609720472952e+01 8.805766922995514889e+00 2.337516405877102343e+01 8.805766922995514889e+00 -1.093221478968695415e+01 -1.012167191043274705e+01 2.337516405877102343e+01 -1.012167191043274705e+01 4.341469817293011602e+01
-1.801332326609055556e+01 -5.652035095311748414e+00 -7.064532523188907120e+00 -5.652035095311748414e+00 -6.752798180971537079e+01 -1.096383732993331073e+01 -7.064532523188907120e+00 -1.096383732993331073e+01 -3.221927243018772913e+01
3.352641595853166478e+01 -7.339310057253359609e+00 4.357587168652672815e+00 -7.339310057253359609e+00 3.463836705685853445e+01 3.694538176352345271e+00 4.357587168652672815e+00 3.694538176352345271e+00 2.835888466191478585e+01
2.304728293284372853e+01 5.607518146457965535e+00 1.320685143870833578e+00 5.607518146457965535e+00 -1.411932175716087379e+01 1.694966626439400770e+00 1.320685143870833578e+00 1.694966626439400770e+00 2.437362246752144301e+01
2.313000495836158521e+01 5.475104777278339441e+00 -4.058212767891081540e+00 5.475104777278339441e+00 -1.183917885760903133e+01 2.884504948640839173e-01 -4.058212767891081540e+00 2.884504948640839173e-01 9.756935924092639212e+00
4.062143611667064391e+00 1.609940803414080523e-01 2.626797271183860971e+00 1.609940803414080523e-01 -1.287600970569320502e+01 -7.173674307701974229e+00 2.626797271183860971e+00 -7.173674307701974229e+00 -1.209822571519930889e+01
-1.739472345449016544e+01 1.478782665445913302e+01 3.826589956556129130e-02 1.478782665445913302e+01 -5.489097888020018523e+00 5.921518389261922977e+00 3.826589956556129130e-02 5.921518389261922977e+00 -3.092777267957195875e+01
1.985665391393867552e+00 -1.242325827516246584e+01 9.621779166230346458e-01 -1.242325827516246584e+01 -4.682450140320261767e+01 2.485836380793803535e+00 9.621779166230346458e-01 2.485836380793803535e+00 -1.491273552049102724e+00
-1.075620157436859081e+01 -1.420205012563793723e+00 9.238807803034475574e-01 -1.420205012563793723e+00 -6.726694557280511333e+01 -2.362220730688244785e+00 9.238807803034475574e-01 -2.362220730688244785e+00 1.620327678406128902e+00
-9.192356291484838238e+00 4.815019109564072863e+00 8.361154976998175670e+00 4.815019109564072863e+00 -3.057452087093458459e+01 -4.167296912064858638e+00 8.361154976998175670e+00 -4.167296912064858638e+00 -2.200929633448853906e+01
1.316745143443065125e+01 -6.870767120424067009e+00 -2.570998851977716715e+00 -6.870767120424067009e+00 1.235838439259153532e+01 1.809674105926320831e+00 -2.570998851977716715e+00 1.809674105926320831e+00 1.013876051007638956e+01
-8.522732482519877806e+00 -9.905782787072304529e+00 -9.752782407676978238e+00 -9.905782787072304529e+00 -4.426272406757014011e+01 4.127109740580686470e+00 -9.752782407676978238e+00 4.127109740580686470e+00 4.870470136524428284e+00
5.601628857708360698e+01 -7.741708967870511771e+00 1.107828385054129328e+01 -7.741708967870511771e+00 1.665713675965101004e+00 9.638488821754739533e+00 1.107828385054129328e+01 9.638488821754739533e+00 5.450150322960087124e+01
2.735307175354941833e+01 -2.184392618186093316e+01 4.705169731430289382e+00 -2.184392618186093316e+01 -4.711152326981696348e+01 -4.664594629139726223e+00 4.705169731430289382e+00 -4.664594629139726223e+00 2.410134512981056787e+01
-4.203959322873822657e+01 -5.618001749929378619e+00 -1.079931257223969965e+01 -5.618001749929378619e+00 -5.644496459637444730e+01 9.792438717211874533e+00 -1.079931257223969965e+01 9.792438717211874533e+00 -5.315246896799210674e+01
-2.758731517079865636e+00 1.017975353469706912e+00 6.436725129897204134e+00 1.017975353469706912e+00 -5.865720698276287237e+01 1.212013182645593368e+01 6.436725129897204134e+00 1.212013182645593368e+01 -2.699967990343902002e+01
3.567022165159054481e+01 -7.147753199824675718e+00 -1.197438668231477488e+00 -7.147753199824675718e+00 -2.843763175343241656e+01 -1.116278624428398425e+00 -1.197438668231477488e+00 -1.116278624428398425e+00 4.831357001249349281e+01
2.119809501662662399e+01 -3.851849135691307602e+00 -4.358467741265873663e+00 -3.851849135691307602e+00 2.278052911385877266e+01 9.028284784991683409e+00 -4.358467741265873663e+00 9.028284784991683409e+00 -3.626153282551134893e+00
-3.445258284328658505e+01 -1.836645740676297711e+00 2.816186217620110011e+00 -1.836645740676297711e+00 -6.801107126536324188e+01 -1.282153659627180309e+00 2.816186217620110011e+00 -1.282153659627180309e+00 -1.362043628012469298e+01
3.105531991382948576e+01 -2.448170945398589815e+00 2.858906206149599782e+00 -2.448170945398589815e+00 3.265997901795349634e+01 2.844558871286987367e-01 2.858906206149599782e+00 2.844558871286987367e-01 2.351756452295398958e+01
3.975885173645624349e+01 1.097110538841211280e+01 -1.504618451554618597e+00 1.097110538841211280e+01 -8.209003518940219735e+00 -2.434114566170394234e+00 -1.504618451554618597e+00 -2.434114566170394234e+00 4.686641527866876800e+01
1.257984708884955971e+01 2.157033686932632310e+00 -5.560849103923938053e+00 2.157033686932632310e+00 -2.961065636468880058e+01 -1.871475770752212275e+00 -5.560849103923938053e+00 -1.871475770752212275e+00 9.737400761024222362e+00
1.991130021084700630e+01 -1.056523119853271098e+01 3.197973113255053068e+00 -1.056523119853271098e+01 -5.685121607941809430e+00 -7.133754411088878422e-01 3.197973113255053068e+00 -7.133754411088878422e-01 1.437625659178666915e+01
-4.544056043654270738e+00 6.293523052071498647e+00 -1.699464114021447259e+01 6.293523052071498647e+00 -4.305401292566246951e+01 -4.725537445628464894e+00 -1.699464114021447259e+01 -4.725537445628464894e+00 -5.663726010984531989e+00
-8.270824208506203590e+00 -1.139327298272438327e+01 -2.687546249632576600e+00 -1.139327298272438327e+01 -2.911470176590678705e+01 -3.394042884318228648e+00 -2.687546249632576600e+00 -3.394042884318228648e+00 -1.891840827508531930e+01
1.558964363357385352e+01 -4.636502152006902189e-01 -2.701555700271707217e+00 -4.636502152006902189e-01 -4.206503492463593830e+01 -9.377223190603222847e+00 -2.701555700271707217e+00 -9.377223190603222847e+00 -3.995501283846571994e+00
-1.954750362035134614e+01 6.981804152854219403e+00 -6.534114995026905071e+00 6.981804152854219403e+00 -8.345097490080118519e+01 -7.828127562282011453e+00 -6.534114995026905071e+00 -7.828127562282011453e+00 -3.204274794163987394e+01
-6.994181029670140326e+00 4.707811858653008663e+00 -6.207499588878800267e+00 4.707811858653008663e+00 -6.989534471828882545e+01 1.277003719162397921e+01 -6.207499588878800267e+00 1.277003719162397921e+01 -5.805692866078973502e+00
1.742523365096201360e+01 2.065526981987995558e+00 6.840334965069475359e+00 2.065526981987995558e+00 -2.482418438924635140e+01 -7.196237028486145881e+00 6.840334965069475359e+00 -7.196237028486145881e+00 1.701145462723539126e+01
1.276515153754420773e+01 -1.809756139291346955e+01 5.898405004916071448e+00 -1.809756139291346955e+01 -1.765114435031631501e+01 -1.032441488073585667e+01 5.898405004916071448e+00 -1.032441488073585667e+01 -1.230303089968204766e+01
-3.389760885763467968e+01 1.133047503929170574e+01 -8.251112033905409149e+00 1.133047503929170574e+01 -4.602273107163127008e+01 -9.898399535443576092e-01 -8.251112033905409149e+00 -9.898399535443576092e-01 -4.443783908008585826e+01
-4.064016547410803071e+01 9.631799219929050082e+00 7.873870259199403421e+00 9.631799219929050082e+00 -2.951012222315641509e+01 7.726731311391599633e+00 7.873870259199403421e+00 7.726731311391599633e+00 -1.451836152833366000e+01
