4.013241272328304632e+01 -5.959463651869015166e+00 3.632915959008423457e+00 -5.959463651869015166e+00 4.194900897416948027e+01 1.807569104933008486e+00 3.632915959008423457e+00 1.807569104933008486e+00 6.316190649290234660e+00
-1.500433515536398765e+01 8.871493634380993143e+00 -1.102664931762933875e+01 8.871493634380993143e+00 -6.840943756559229705e+00 -3.289543484545725399e-02 -1.102664931762933875e+01 -3.289543484545725399e-02 -2.628302379146561307e+01
5.514166614119004350e+01 6.331397875834837707e-01 -8.062979938287826442e+00 6.331397875834837707e-01 7.371701016424468378e+01 -9.786652005185370040e-01 -8.062979938287826442e+00 -9.786652005185370040e-01 2.691114544379699325e+01
2.170819464533262177e+01 -3.956265034853814644e+00 -5.428199120298686786e-01 -3.956265034853814644e+00 3.263671173344865561e+00 -7.241779120710663875e+00 -5.428199120298686786e-01 -7.241779120710663875e+00 -7.031317143480372067e+00
1.234743513067535581e+01 1.571561075217927694e+01 -2.975116145287059588e+00 1.571561075217927694e+01 8.724195771312279746e+00 3.338119679092310221e+00 -2.975116145287059588e+00 3.338119679092310221e+00 -2.007357014979439924e+01
-8.342573575394499619e-01 -8.007097140592119189e+00 2.151040903479543243e+00 -8.007097140592119189e+00 1.328532246914100412e+01 4.430619034754134766e+00 2.151040903479543243e+00 4.430619034754134766e+00 -1.588925860594043726e+00
1.431754013169465445e+01 -6.901963993732862512e-01 -4.156872604411419037e-01 -6.901963993732862512e-01 1.021670631326165868e+01 -2.636313088682469719e+00 -4.156872604411419037e-01 -2.636313088682469719e+00 -2.361321265659000090e+01
-3.805111052517810233e+00 9.816631286960539882e+00 5.148832845447983253e+00 9.816631286960539882e+00 9.542131236912178016e-01 1.093691497700997139e+01 5.148832845447983253e+00 1.093691497700997139e+01 1.623223529039693958e+01
-9.697437371444893373e+00 6.894963089282215130e+00 -1.545773177563704692e+01 6.894963089282215130e+00 -3.362422980750243795e+01 -4.009475758931064227e-01 -1.545773177563704692e+01 -4.009475758931064227e-01 -2.444090951149824420e+01
1.935626638580125558e+01 1.591765509622145691e+00 -1.349695948641964982e+01 1.591765509622145691e+00 1.685520164254792519e+01 -1.627738828535048921e+00 -1.349695948641964982e+01 -1.627738828535048921e+00 -1.401013575442467740e+00
1.429180121422625938e+01 -3.212684410615770592e+00 -7.204607975282988352e-01 -3.212684410615770592e+00 -4.519203756390633764e+00 7.159942103393659885e+00 -7.204607975282988352e-01 7.159942103393659885e+00 -3.408450412247433547e+01
3.813799786914611634e+00 4.141556297763188788e+00 3.686214445789755878e+00 4.141556297763188788e+00 7.262366454330154042e+00 1.378166173398333427e+01 3.686214445789755878e+00 1.378166173398333427e+01 -4.195671562425739154e+01
1.221479268653763839e+01 1.560788800723061698e+01 -1.441249207193276582e+01 1.560788800723061698e+01 8.682117567716989726e+00 -2.183666704244894952e+00 -1.441249207193276582e+01 -2.183666704244894952e+00 -1.750007986668832771e+01
-1.845336161836767985e+01 5.763381117362168737e+00 -2.404231047503096352e+00 5.763381117362168737e+00 -1.497856819115046256e-01 -5.055859807371527737e+00 -2.404231047503096352e+00 -5.055859807371527737e+00 2.764808165351242852e+00
-1.129349925334564197e+01 1.666858043248335619e+01 1.251867179059652502e+00 1.666858043248335619e+01 -5.471194594661254129e+00 2.569680428563341668e+00 1.251867179059652502e+00 2.569680428563341668e+00 -3.890187140603843829e+01
3.894399447768015676e+01 1.364973321638367132e+01 4.685822729275198384e+00 1.364973321638367132e+01 3.874219549327080614e+01 6.478893082363542888e+00 4.685822729275198384e+00 6.478893082363542888e+00 1.069542624471434955e+01
2.006477912460244895e+01 2.102036271077548868e+00 -4.247007072444751508e+00 2.102036271077548868e+00 2.306531382354514292e+01 6.386493893403499378e+00 -4.247007072444751508e+00 6.386493893403499378e+00 6.412577774708504208e+00
9.646660050017308308e+00 1.938224746138901500e+00 9.477803585182880131e-01 1.938224746138901500e+00 1.054628346699590580e+01 -1.684137794570748881e+01 9.477803585182880131e-01 -1.684137794570748881e+01 -1.929619665154786645e+01
3.492639782694570094e+00 1.879174132052046886e+01 -1.870931400724322557e+01 1.879174132052046886e+01 -4.684847440997994994e+00 -2.448816367293110918e+00 -1.870931400724322557e+01 -2.448816367293110918e+00 -1.397626858961413276e+01
-3.358160579436426474e+01 1.514969846904876150e+01 -1.584197606121988322e+01 1.514969846904876150e+01 -3.001533392914308962e+01 6.551467910135143846e+00 -1.584197606121988322e+01 6.551467910135143846e+00 -5.003049154565048440e+01
1.279262617367036725e+01 3.706940239699194062e-01 1.374751681740899123e+00 3.706940239699194062e-01 1.550714390191233960e+01 -5.002544857802035949e+00 1.374751681740899123e+00 -5.002544857802035949e+00 -8.495421127612637235e+00
-7.463501166788542029e+00 4.509674501630208887e+00 -8.173059324782233404e+00 4.509674501630208887e+00 -1.607215076725807634e+01 -7.300466680971121392e+00 -8.173059324782233404e+00 -7.300466680971121392e+00 -3.777016560006720169e+01
5.985466027895859353e-01 8.593954196672516588e+00 4.187891770705665984e+00 8.593954196672516588e+00 -8.445986447731067770e+00 1.080813838640643887e+01 4.187891770705665984e+00 1.080813838640643887e+01 -3.379257694984755034e+01
-2.659089235528749029e+01 -4.300528691164901218e+00 2.518186783304143805e+00 -4.300528691164901218e+00 -4.176662422018922172e+01 4.522932075571493016e+00 2.518186783304143805e+00 4.522932075571493016e+00 -2.534214078605323550e+01
-1.105591375580640268e+01 9.269519748087512445e-01 6.364775705119512850e+00 9.269519748087512445e-01 -1.076791929373002965e+01 -4.481044146902955383e+00 6.364775705119512850e+00 -4.481044146902955383e+00 -5.786557521449548602e+01
2.276830944832308035e+01 5.618383973136171328e+00 5.620094649407116449e+00 5.618383973136171328e+00 1.690191982936126891e+01 9.549355458830991239e+00 5.620094649407116449e+00 9.549355458830991239e+00 -5.909799796564571217e+00
1.651037845737998921e+01 1.077741783317295265e+01 9.196888525981629314e+00 1.077741783317295265e+01 7.912014225301400749e+00 2.969854794172623436e+00 9.196888525981629314e+00 2.969854794172623436e+00 -2.199687894520315012e+01
1.070979087127434681e+01 8.752212175342322098e-01 -2.329327934466243022e+01 8.752212175342322098e-01 2.118391717590158052e+01 6.594985451382267883e+00 -2.329327934466243022e+01 6.594985451382267883e+00 -2.718127578492226348e+01
-1.192483064768056877e+01 1.312077272888809709e+01 -2.242864781371783245e+00 1.312077272888809709e+01 6.433234744856100917e+00 -4.793760878077923060e+00 -2.242864781371783245e+00 -4.793760878077923060e+00 -5.501104758567227293e+01
-2.071967269914238585e+01 -7.332732204292007339e-01 -6.537851098478510536e+00 -7.332732204292007339e-01 -1.397662692087090797e+01 7.095472153384429603e+00 -6.537851098478510536e+00 7.095472153384429603e+00 -5.202068788191839133e+01
1.768231503224852119e+01 1.044642874658844711e+01 -6.065657137379182551e+00 1.044642874658844711e+01 1.547173069386620980e+01 -5.920141502465262384e+00 -6.065657137379182551e+00 -5.920141502465262384e+00 -3.768244537373547587e+01
5.151929559469189002e+01 4.556367387096965871e+00 -7.853540144247959987e+00 4.556367387096965871e+00 4.806162909511170511e+01 -6.507177107629085633e+00 -7.853540144247959987e+00 -6.507177107629085633e+00 9.707748267487479765e+00
-9.798323778038323439e+00 7.600654108853301949e+00 8.159281950500913538e+00 7.600654108853301949e+00 -3.818573710706642199e+00 -9.690469636303769008e+00 8.159281950500913538e+00 -9.690469636303769008e+00 -2.081489129644418767e+01
-6.150046298476774531e+00 -6.560739881763831827e-01 -2.843561904541639151e+00 -6.560739881763831827e-01 -1.516876455250790201e+01 -1.459889105434707091e+01 -2.843561904541639151e+00 -1.459889105434707091e+01 -3.003112949531090692e+01
2.673717939843054836e+01 -8.064126154199959373e+00 -4.765753710258111120e+00 -8.064126154199959373e+00 2.901593248699086303e+01 -3.295191224281697639e+00 -4.765753710258111120e+00 -3.295191224281697639e+00 9.927852431713061421e+00
-1.691899353796511818e+01 6.256290929471982842e+00 1.434911075557170124e+00 6.256290929471982842e+00 -4.981527319977729462e+00 -7.389608924218502573e-01 1.434911075557170124e+00 -7.389608924218502573e-01 8.903145847544019276e+00
3.946366663739469516e+01 1.430764514595677284e+01 5.211001549931779664e+00 1.430764514595677284e+01 1.804301697350054567e+01 -2.608810834788369615e+00 5.211001549931779664e+00 -2.608810834788369615e+00 8.332543177985515248e-01
3.119610552754596711e+01 -1.476862049385482545e-01 1.047709081223414440e+00 -1.476862049385482545e-01 3.078753317793841759e+01 2.216195274002151105e+00 1.047709081223414440e+00 2.216195274002151105e+00 -4.741518237880987807e-01
2.007196762917645927e+01 1.168470091097398189e+01 -2.085092399393389329e+01 1.168470091097398189e+01 1.196855777322619829e+01 9.949145038687456477e+00 -2.085092399393389329e+01 9.949145038687456477e+00 -1.470657183245009136e+01
2.405783235441053591e+01 1.835101465909195761e+00 -5.368628185507708928e+00 1.835101465909195761e+00 2.236473732610181742e+01 -5.629501447114146018e+00 -5.368628185507708928e+00 -5.629501447114146018e+00 -1.856848365759259067e+01
2.910556718000503196e+01 1.306101548618129016e+01 7.447534626058285312e+00 1.306101548618129016e+01 2.796246242155561745e+01 5.696170822361475317e+00 7.447534626058285312e+00 5.696170822361475317e+00 -2.298931562185197119e+00
3.978214493414448771e+00 -4.681873314140421183e-01 6.632684958412236043e+00 -4.681873314140421183e-01 -5.644397920803347013e+00 -4.252221986676187448e+00 6.632684958412236043e+00 -4.252221986676187448e+00 -3.796843391472575746e+01
-2.409726704487376026e+01 -1.669205033587532583e+00 1.257341668381865285e-01 -1.669205033587532583e+00 -2.646509258270506137e+01 7.346460446481193785e+00 1.257341668381865285e-01 7.346460446481193785e+00 -6.436050157308559960e+01
4.740776693778205875e+00 -4.298690479730851166e+00 5.502015432902389591e+00 -4.298690479730851166e+00 7.287495626539199911e+00 4.243893098518881857e+00 5.502015432902389591e+00 4.243893098518881857e+00 1.449485471701133399e+01
-4.449966262534133854e+00 9.377878538125905550e+00 -1.320157760747326492e+01 9.377878538125905550e+00 -5.403535385140555647e+00 -6.621998222421331404e-01 -1.320157760747326492e+01 -6.621998222421331404e-01 -2.009739583550059905e+01
-2.656879147598774438e+01 -4.251704446732977871e+00 -1.448859856226921927e+01 -4.251704446732977871e+00 -3.720826806077596416e+01 2.165405159479068253e-01 -1.448859856226921927e+01 2.165405159479068253e-01 -4.052601983391546980e+01
-5.505643848125655326e-01 -5.564662434413787828e+00 9.609550917652137869e+00 -5.564662434413787828e+00 -3.380401463956661079e+00 8.702371460177863227e+00 9.609550917652137869e+00 8.702371460177863227e+00 -2.140168651245849318e+01
-2.923118048076000619e+01 4.662000852862068001e+00 8.685139476599990971e+00 4.662000852862068001e+00 -5.664883879252383281e+01 1.164935739967456207e+01 8.685139476599990971e+00 1.164935739967456207e+01 -6.069988254389226512e+01
5.333206169349670844e+00 9.927782166530160879e+00 -1.320899974955677614e+01 9.927782166530160879e+00 2.188206431720038481e+01 -6.178843056696878833e+00 -1.320899974955677614e+01 -6.178843056696878833e+00 -2.677084491769627306e+01
4.657594643145491986e+00 7.305386783698110342e+00 1.018863783229218445e+00 7.305386783698110342e+00 1.696924506074501071e+00 2.128836204708697277e+00 1.018863783229218445e+00 2.128836204708697277e+00 -8.737572517518747972e+00
1.261909989167165946e+01 1.532562485960457721e+01 7.566129524883053570e+00 1.532562485960457721e+01 1.867472409383431042e+01 -3.477418137410101195e+00 7.566129524883053570e+00 -3.477418137410101195e+00 -1.849459911360917275e+01
1.021935500851674616e+00 1.433996222664017939e-01 -9.559701176868133032e+00 1.433996222664017939e-01 3.822810440500661877e-01 -4.490631037391116465e+00 -9.559701176868133032e+00 -4.490631037391116465e+00 -2.107532847531798836e+01
-2.783239251147498905e+01 1.297148701606228371e+01 -8.802911203364441661e+00 1.297148701606228371e+01 -2.426777326565230375e+00 -1.010912211857645993e+01 -8.802911203364441661e+00 -1.010912211857645993e+01 -1.084395374533225986e+00
-1.912536830321012360e+01 1.460386761230422259e+01 -1.083448314198133744e+01 1.460386761230422259e+01 -1.875705785770101741e+01 5.941746902610910430e-01 -1.083448314198133744e+01 5.941746902610910430e-01 -2.499134311439549094e+01
2.268510592612121002e+01 2.092861628459758538e+00 4.174943924096460868e-01 2.092861628459758538e+00 3.420873450765244428e+01 1.390256524873621835e+00 4.174943924096460868e-01 1.390256524873621835e+00 3.912078136335883016e+01
-1.253172088989825106e+01 -7.480559169216093984e+00 -6.750336624343185044e+00 -7.480559169216093984e+00 -1.815051146316341857e+01 2.939339497267662971e+00 -6.750336624343185044e+00 2.939339497267662971e+00 -6.708904105265230555e+01
2.012654189126321214e+00 -4.983840566480845169e+00 1.610589916454872750e+01 -4.983840566480845169e+00 -9.065480031848091258e+00 -7.397887903027330125e+00 1.610589916454872750e+01 -7.397887903027330125e+00 -4.921394393438824721e+01
1.559067521835488179e+01 3.582391361227507343e+00 -1.332822092817887993e+00 3.582391361227507343e+00 1.184478084159133537e+01 3.580608106394075119e+00 -1.332822092817887993e+00 3.580608106394075119e+00 -2.633693085875853157e+01
-2.391656032340594962e+01 -8.641939548502584501e+00 1.150316844619890944e+01 -8.641939548502584501e+00 -1.998505497646614870e+01 2.787110991672450688e-01 1.150316844619890944e+01 2.787110991672450688e-01 -1.917408357980099609e+01
-1.563821028775184807e+01 -1.985487258284614198e-01 -4.468871721961755306e+00 -1.985487258284614198e-01 -8.850696310821232871e+00 1.269076956900374586e+00 -4.468871721961755306e+00 1.269076956900374586e+00 -1.315645107118009882e+01
1.075129569649408445e+01 1.734131381295451391e+01 1.308632234242985604e+01 1.734131381295451391e+01 -2.989049402111923492e-01 -5.709408284730305816e+00 1.308632234242985604e+01 -5.709408284730305816e+00 -3.023472761901637273e+00
1.860400107394768554e+01 -5.802944090872944827e+00 -2.404805536556264656e+01 -5.802944090872944827e+00 2.677399670323722347e+01 1.208391019668624011e+01 -2.404805536556264656e+01 1.208391019668624011e+01 -1.206393750830356382e+01
2.058502610337508543e+01 -5.985237924333797199e-01 1.100290911659234716e+01 -5.985237924333797199e-01 3.869724690245639920e+00 -1.356559037855975092e+01 1.100290911659234716e+01 -1.356559037855975092e+01 -2.178428544873075978e+01
7.018298267565386439e+00 -8.968445613555338092e-01 -5.041749350271606644e+00 -8.968445613555338092e-01 2.414548218061489226e+00 -7.433145639506331115e+00 -5.041749350271606644e+00 -7.433145639506331115e+00 -2.118874033913137112e+01
-5.676299771823328122e+00 -2.096700929371710131e+01 1.317683020791073645e+01 -2.096700929371710131e+01 -7.664423690614198037e+00 -9.008214688152673233e+00 1.317683020791073645e+01 -9.008214688152673233e+00 -8.484035278010331638e+00
-5.726636701304526511e+00 -3.818628701759862576e+00 1.950357071521925112e-01 -3.818628701759862576e+00 -8.826422837948395994e+00 -2.637723483295135729e+00 1.950357071521925112e-01 -2.637723483295135729e+00 -4.320137343255003515e+01
-6.644493546736556233e+00 2.768903425947551789e+00 -1.074270247557508284e+01 2.768903425947551789e+00 -7.638444283402693991e+00 -4.044006812986747690e+00 -1.074270247557508284e+01 -4.044006812986747690e+00 -2.417119337542080260e+01
3.560152235313652369e+01 7.039633346416117377e+00 -1.943461257580477941e+00 7.039633346416117377e+00 3.412436129684166275e+01 -7.508272457470641648e+00 -1.943461257580477941e+00 -7.508272457470641648e+00 -8.685142749032028320e+00
-2.167052908890410379e+01 -1.295417380705783383e+00 -9.895196772659429207e-01 -1.295417380705783383e+00 -3.177242059830248166e+01 -1.719824541718132949e+01 -9.895196772659429207e-01 -1.719824541718132949e+01 -2.627525849845818584e+01
1.536720534642212321e+01 -6.208784918720049895e+00 -2.193973529260746957e+00 -6.208784918720049895e+00 2.093066317956699507e+01 7.236878397098863047e+00 -2.193973529260746957e+00 7.236878397098863047e+00 -5.370994267092571661e+00
-2.528972561851110967e+01 6.079499945541550154e+00 4.943967549690795771e+00 6.079499945541550154e+00 -8.073310460469803829e+00 7.687413099616396961e-02 4.943967549690795771e+00 7.687413099616396961e-02 -1.856377799371355763e+01
7.975464080306781334e+00 -7.850170545263449817e+00 9.057023075365307818e+00 -7.850170545263449817e+00 6.729190468499925970e-01 -3.091776871481897171e+00 9.057023075365307818e+00 -3.091776871481897171e+00 -3.902978452937183107e+01
-8.132621921927455588e+00 3.604498512862527981e+00 4.337770694267392813e+00 3.604498512862527981e+00 1.965210490345068228e+00 -8.074457635932738242e+00 4.337770694267392813e+00 -8.074457635932738242e+00 -3.996697690187313246e+00
-2.264593340035665392e+01 2.555539167403063416e+00 -6.404107996309413409e+00 2.555539167403063416e+00 -2.640775763860768777e+01 -8.850676017916372373e+00 -6.404107996309413409e+00 -8.850676017916372373e+00 -5.618558453332565961e+01
-1.923961075244390884e+01 1.094542437955081660e+01 -1.818741238362877510e+01 1.094542437955081660e+01 -2.245889100842640573e+01 -8.202181319534895820e+00 -1.818741238362877510e+01 -8.202181319534895820e+00 -3.947269534685876380e+01
-1.607343300526448360e+01 1.735215816781679266e+01 3.782605321817987587e+00 1.735215816781679266e+01 -1.074845951330663674e+01 -2.970474535730572629e+00 3.782605321817987587e+00 -2.970474535730572629e+00 -2.196058560787588476e+01
-1.131264522583488130e+01 -8.988482191771163698e+00 -2.739319680449001737e+01 -8.988482191771163698e+00 4.032739976146538230e-01 1.399376069367574793e+01 -2.739319680449001737e+01 1.399376069367574793e+01 -2.572274573155806721e+01
3.269384538581885380e+01 2.065726261524239149e+01 -6.298504144915876068e+00 2.065726261524239149e+01 2.442491235825469786e+01 -5.607846449838449487e+00 -6.298504144915876068e+00 -5.607846449838449487e+00 -1.972104568909062650e+01
2.709288317215525410e+01 9.990182167979977379e-01 1.095483431335627245e+01 9.990182167979977379e-01 3.364578907663663188e+01 6.569433201290491020e-01 1.095483431335627245e+01 6.569433201290491020e-01 1.382446818920129950e+01
-2.235449299419531144e+01 1.367498781753629444e+01 -4.209532461383409085e+00 1.367498781753629444e+01 -2.102025501738531421e+00 -2.329974626900884194e-01 -4.209532461383409085e+00 -2.329974626900884194e-01 -3.999760191454536429e+00
-8.215374331426815502e+00 -5.323767467385592811e-01 5.787056332970403005e+00 -5.323767467385592811e-01 -2.696058496902865542e+01 -4.641873887090780748e+00 5.787056332970403005e+00 -4.641873887090780748e+00 -4.733215119131176607e+01
-5.838593169322342291e+00 8.823120770359839327e+00 1.357363983152040454e+01 8.823120770359839327e+00 1.195944037854714814e+00 6.772961041862770593e+00 1.357363983152040454e+01 6.772961041862770593e+00 -3.807370980224304446e+01
4.638861268115584302e+00 6.883579807843546838e+00 -3.330657489207401678e+00 6.883579807843546838e+00 7.866456349251685687e+00 -2.860076925066930009e+00 -3.330657489207401678e+00 -2.860076925066930009e+00 -1.203895546579022380e+01
2.273105935171116698e+01 2.020429365649502318e-01 -7.714460494157189707e+00 2.020429365649502318e-01 2.219285081001131132e+01 3.722937828763579926e+00 -7.714460494157189707e+00 3.722937828763579926e+00 -2.477276854540188822e+01
1.503588744824896040e+01 8.422403505931695733e+00 8.332600119943727179e+00 8.422403505931695733e+00 4.988082882969258058e+00 6.511397439509351237e+00 8.332600119943727179e+00 6.511397439509351237e+00 -3.857904357318562205e+01
-4.465056468565522607e+01 7.819056674656319039e+00 -7.851626537919380588e-01 7.819056674656319039e+00 -2.566169186857375095e+01 -5.481707394499116814e-01 -7.851626537919380588e-01 -5.481707394499116814e-01 -6.202889099893273084e+01
2.161456230354905728e+01 1.136924548574598681e+01 -3.372037263742631019e+00 1.136924548574598681e+01 -2.088534142375796421e+01 -2.435950507421348110e+00 -3.372037263742631019e+00 -2.435950507421348110e+00 -3.055756309340440424e+01
7.874713095910220950e+00 -3.637761058064776787e+00 -6.946267194069761786e+00 -3.637761058064776787e+00 4.231471031140494610e+00 -4.289838821051171203e-01 -6.946267194069761786e+00 -4.289838821051171203e-01 -4.049378321110290813e+01
-8.367313594259060849e+00 7.453775728446572657e+00 -1.227278481006444899e+01 7.453775728446572657e+00 -1.082287740180280089e+01 9.950781127146923311e+00 -1.227278481006444899e+01 9.950781127146923311e+00 -5.126762027739049188e+01
-2.253785231392367550e+01 2.788391635517100120e+00 3.394311389191297490e+00 2.788391635517100120e+00 -4.952956502402524563e+01 1.001899938683552982e+01 3.394311389191297490e+00 1.001899938683552982e+01 -6.611629716658769951e+01
-2.891297649057237518e+00 1.067667493990042971e+01 9.892648142361609942e+00 1.067667493990042971e+01 -8.849484898262609256e-02 9.172779382342030274e+00 9.892648142361609942e+00 9.172779382342030274e+00 -5.539749154579008206e+01
-9.852016591078124108e+00 2.534714860447964124e+00 4.152085333430524550e+00 2.534714860447964124e+00 -1.548746211989687005e+01 2.396475324014846198e+00 4.152085333430524550e+00 2.396475324014846198e+00 -4.215680545051745298e+01
8.209039927254298874e+00 4.881276502271650664e+00 6.420454144650738826e+00 4.881276502271650664e+00 8.166372041667848691e+00 1.432826042407659095e+00 6.420454144650738826e+00 1.432826042407659095e+00 -1.709411947191750869e+01
1.066466959809597093e+01 -2.498470964136673356e+00 -5.484893603530954564e+00 -2.498470964136673356e+00 1.304923584438658501e+01 7.250251180783352511e-01 -5.484893603530954564e+00 7.250251180783352511e-01 -1.424484009043758981e+01
1.449139352580250062e+01 6.824717597483587639e+00 7.122936460059210440e+00 6.824717597483587639e+00 3.255626158315672924e+00 -1.108639157904646177e+00 7.122936460059210440e+00 -1.108639157904646177e+00 -1.349833988566854437e+01
-1.508231905172878307e+00 3.409572382607264807e+00 1.191369537472812407e-01 3.409572382607264807e+00 5.885857099633582390e-01 -2.260580322250141716e+00 1.191369537472812407e-01 -2.260580322250141716e+00 -3.007540828427657331e+01
-1.338193273274815631e+00 1.057723487012394575e-01 -3.964105614775568664e+00 1.057723487012394575e-01 -5.687096566822041233e+00 8.972920983890292135e+00 -3.964105614775568664e+00 8.972920983890292135e+00 -2.391803466876302053e+01
-1.297168443580389763e+01 9.609883930299753629e+00 2.477669431845044290e+00 9.609883930299753629e+00 1.067211008952934082e+00 -3.273824087452839482e+00 2.477669431845044290e+00 -3.273824087452839482e+00 -4.329577494844686214e+01
-1.076630220106757685e+00 7.351973976821622792e+00 1.536922642697813401e+01 7.351973976821622792e+00 -1.041716672645720543e+01 2.125630068123939864e+01 1.536922642697813401e+01 2.125630068123939864e+01 -4.985832359203281072e+01
3.682036592698559474e+01 5.684645880715478938e+00 -4.308156055103189885e+00 5.684645880715478938e+00 1.972772013765323962e+01 5.260104911579595921e+00 -4.308156055103189885e+00 5.260104911579595921e+00 -7.745238922440479179e+00
