-7.246697872152974007e+00 -1.380276778231667656e+01 5.499970773211873443e+00 -1.380276778231667656e+01 -1.682473171773195730e+01 -8.322092784527088671e-01 5.499970773211873443e+00 -8.322092784527088671e-01 -4.833845143904478903e+01
3.551278638026171564e+01 -6.365453871251671281e+00 6.515983573540371054e+00 -6.365453871251671281e+00 2.376254571372769320e+01 4.207174661886244671e+00 6.515983573540371054e+00 4.207174661886244671e+00 1.018137660358689089e+01
5.871980645149860578e+01 -5.598522448970186360e+00 4.201562685749633097e+00 -5.598522448970186360e+00 2.426149335646518423e+01 -1.353317986209652934e+00 4.201562685749633097e+00 -1.353317986209652934e+00 5.764451327600668584e+00
-1.967033541961001220e+01 -7.149573137910976151e+00 2.140838681230390339e+00 -7.149573137910976151e+00 1.851080365631833047e+01 -5.247203207320319862e+00 2.140838681230390339e+00 -5.247203207320319862e+00 6.472784902921932826e+01
-4.385023855429597006e+01 2.343007508480635437e+01 1.529924527388248201e+01 2.343007508480635437e+01 -7.263449702063451241e+01 2.799789904806868179e+00 1.529924527388248201e+01 2.799789904806868179e+00 -6.462580962463000844e+01
-2.439739794418631291e+01 2.563397469464059775e+00 1.628173168181504149e+00 2.563397469464059775e+00 2.598597793718975257e+00 1.863611284679811630e+00 1.628173168181504149e+00 1.863611284679811630e+00 3.934054670713842228e+01
4.281990184114141584e+01 1.581020257932404860e+00 6.970567700285931423e+00 1.581020257932404860e+00 3.281292329343660441e+01 1.265203772486438716e+01 6.970567700285931423e+00 1.265203772486438716e+01 2.198459572243625360e+01
-3.285183340515312267e+01 7.607089949406145912e+00 -7.214710794625397661e+00 7.607089949406145912e+00 -4.603203114004249130e+01 2.934370508328585925e-01 -7.214710794625397661e+00 2.934370508328585925e-01 -4.974680559345007680e+01
4.444023760683219848e+01 3.730442732249716897e+00 -7.121747483732228545e+00 3.730442732249716897e+00 4.603594584291815295e+01 8.721624749982330727e+00 -7.121747483732228545e+00 8.721624749982330727e+00 1.095152367118603642e+01
1.097690875860394932e+01 1.974352135904055228e+00 4.655190985036401941e+00 1.974352135904055228e+00 7.986328665927228121e-01 -3.108006214274217882e+01 4.655190985036401941e+00 -3.108006214274217882e+01 -2.287925171791363610e+01
2.935783969060819842e+01 4.449810548653566400e+00 -7.858410104387984596e+00 4.449810548653566400e+00 1.013781814868936948e+01 -3.969891894703981183e+00 -7.858410104387984596e+00 -3.969891894703981183e+00 5.522678083280981198e+00
3.864381256428652023e+01 -1.006103642190171676e+01 -7.570163627778504711e+00 -1.006103642190171676e+01 3.858675687529512288e+01 -9.881212485143018753e+00 -7.570163627778504711e+00 -9.881212485143018753e+00 -1.263560626457108427e+00
-1.160801820550373264e+01 1.078951274452835030e+01 1.482188631355216124e+01 1.078951274452835030e+01 -4.334621081997928727e+00 -1.014677101933198777e+01 1.482188631355216124e+01 -1.014677101933198777e+01 -2.434696724048091454e+01
-5.421339306412649250e+01 9.524892334385059556e+00 -2.779038417390929716e+00 9.524892334385059556e+00 -1.866308591999603195e+01 3.828537750623343783e+00 -2.779038417390929716e+00 3.828537750623343783e+00 1.173932202015372894e+01
3.246159262167586235e+01 -6.210201508073186716e+00 2.850639877824056256e+00 -6.210201508073186716e+00 1.110855311077055774e+01 -4.345968892618832236e+00 2.850639877824056256e+00 -4.345968892618832236e+00 5.171191403185192437e-01
-8.293620728048214374e+00 6.946318349622371713e+00 -1.360198611437650751e-01 6.946318349622371713e+00 -4.294584991941395202e+01 7.219445530154812829e+00 -1.360198611437650751e-01 7.219445530154812829e+00 3.331117422406502726e+01
5.482464741964395927e+01 -1.220359007710588983e+01 4.063677835177515796e+00 -1.220359007710588983e+01 2.779323419166985332e+01 -5.033634749382477125e+00 4.063677835177515796e+00 -5.033634749382477125e+00 -1.129859221506580091e+01
6.043903111108694759e+01 1.579772887468377895e+01 3.174056727947986545e+00 1.579772887468377895e+01 5.452316799838530414e+01 -7.882780767416372569e+00 3.174056727947986545e+00 -7.882780767416372569e+00 1.066762776589228245e+01
-9.840414837672847526e+00 -7.051164515102759545e+00 9.854226490280296735e-01 -7.051164515102759545e+00 -1.427969103694786668e+01 2.073348721955115437e+00 9.854226490280296735e-01 2.073348721955115437e+00 -3.365763346776853382e+01
2.271574922841418598e+01 1.173347476562817882e+01 1.935674133368124217e+01 1.173347476562817882e+01 -1.104921931441421279e+01 4.081155970070741823e+00 1.935674133368124217e+01 4.081155970070741823e+00 -4.177948830780201916e+01
-6.707975402846777513e+00 -7.289786527541487260e+00 1.778114777518475131e+00 -7.289786527541487260e+00 1.850130479597058297e+01 1.488411298210368017e+01 1.778114777518475131e+00 1.488411298210368017e+01 -3.975923756559964062e+01
-3.357377460025130489e+01 -6.325147597212407713e-02 -5.194293143494252973e+00 -6.325147597212407713e-02 -5.351635725214585193e+01 1.211375366491605554e+01 -5.194293143494252973e+00 1.211375366491605554e+01 -4.944042397707075764e+01
-2.753865759698701510e+01 -9.771767610760582201e+00 -1.393065501293742336e+01 -9.771767610760582201e+00 -3.026473364346429662e+01 8.124960875480141453e+00 -1.393065501293742336e+01 8.124960875480141453e+00 -3.276939642628033500e+00
2.965895530607244623e+01 -2.886646259113663793e-01 3.656315310437700639e+00 -2.886646259113663793e-01 3.650896173670260225e+01 2.449990414035021047e+00 3.656315310437700639e+00 2.449990414035021047e+00 3.785760819580053749e+01
5.064802018742404321e+00 9.267960760318679547e+00 6.820413481336449202e+00 9.267960760318679547e+00 1.332316281184896845e+01 8.230097653422177473e+00 6.820413481336449202e+00 8.230097653422177473e+00 2.660614119323888804e+00
4.404638176940992800e+00 -1.589724780653940073e+00 -2.098854452817821681e+01 -1.589724780653940073e+00 3.486498913088517781e+00 7.193911437057199265e+00 -2.098854452817821681e+01 7.193911437057199265e+00 -2.905648082246741382e+01
-1.117915767754223744e+01 2.175808889259344792e+00 6.006728732702391937e+00 2.175808889259344792e+00 3.650525866622785554e+00 -8.842235079785181195e-01 6.006728732702391937e+00 -8.842235079785181195e-01 5.337201983607837263e+00
6.699937526306199231e+01 1.407626560417892314e+01 -5.618370260563848362e+00 1.407626560417892314e+01 3.542273040539345885e+01 3.852995934258611754e+00 -5.618370260563848362e+00 3.852995934258611754e+00 2.757025751885595355e+01
7.029585333154109605e+01 -3.448174123360837062e-01 -1.072882248618145518e+00 -3.448174123360837062e-01 7.431362838202943522e+01 -2.548925347742549530e+00 -1.072882248618145518e+00 -2.548925347742549530e+00 -1.150633686154645119e+01
-5.139126299546269649e+00 4.530827064030679807e+00 5.567615945087926121e+00 4.530827064030679807e+00 -6.341249533145586703e+00 6.165291996101518457e+00 5.567615945087926121e+00 6.165291996101518457e+00 4.551479722124383009e+00
-9.811709647767253628e+00 5.544783029478238312e+00 -1.371098792124267973e+01 5.544783029478238312e+00 -1.256840977215891897e+01 6.185279657932773567e+00 -1.371098792124267973e+01 6.185279657932773567e+00 -1.538791842842971391e+01
-3.078195664340734083e+01 -1.311302345775640710e+01 -2.190541158054969983e+01 -1.311302345775640710e+01 -4.621804443372489857e+01 4.468630162931000349e+00 -2.190541158054969983e+01 4.468630162931000349e+00 1.699287756487441570e+01
-3.824613178924250434e+01 -1.792993815982308448e+01 -9.743755377657242533e+00 -1.792993815982308448e+01 -6.504567676046385749e+00 -6.485724367652418110e+00 -9.743755377657242533e+00 -6.485724367652418110e+00 1.804858203664129590e+01
-3.210907875455686877e+01 -3.552332309312411063e+00 4.970180449876963280e+00 -3.552332309312411063e+00 -3.360648031331992058e+01 8.432496712764733005e+00 4.970180449876963280e+00 8.432496712764733005e+00 -2.947055225050156224e+01
-6.186757527127700484e+01 5.917479091339873598e+00 -3.339347156052260512e+00 5.917479091339873598e+00 -2.989274407858357208e+01 1.413550246201877858e+00 -3.339347156052260512e+00 1.413550246201877858e+00 1.628378316069111165e+01
-1.572796676960256601e+00 1.827410705757847476e+00 1.003970218480073306e+01 1.827410705757847476e+00 -9.566353034730630256e+00 -3.480032600756310490e+00 1.003970218480073306e+01 -3.480032600756310490e+00 -3.900223248484022065e+01
5.257631823068373933e+01 -1.845929689944741492e+00 -1.063407933663574889e+00 -1.845929689944741492e+00 5.838324885133027919e+01 -7.621746764788917439e+00 -1.063407933663574889e+00 -7.621746764788917439e+00 5.315492700676666971e+01
7.376238739772297492e+01 -9.009636240242368643e+00 -1.245793414918628983e+01 -9.009636240242368643e+00 6.043796693671953335e+01 1.323695046522723651e+01 -1.245793414918628983e+01 1.323695046522723651e+01 1.810615578726487840e+01
4.480174611571399623e+00 -2.577808456713290397e+01 -1.201054317130140880e+01 -2.577808456713290397e+01 -3.158059002793766368e+01 -8.462810924352520914e+00 -1.201054317130140880e+01 -8.462810924352520914e+00 -1.881600258657151059e+01
-2.572738419981000035e+01 -1.057704903151190479e+01 6.130276414082744374e+00 -1.057704903151190479e+01 -1.706348170232902106e+01 -1.239386068983286826e+01 6.130276414082744374e+00 -1.239386068983286826e+01 -4.013325249769005154e+01
3.791427255468062807e+00 9.859600529484277232e+00 2.851805516942125696e+00 9.859600529484277232e+00 -4.058808448752314035e+01 -2.724117112761766268e+00 2.851805516942125696e+00 -2.724117112761766268e+00 9.328948164872182147e+00
-2.985046288400578618e+01 -1.409078581156866505e+01 -1.087334186829447824e-01 -1.409078581156866505e+01 -1.292383936259322397e+01 1.230358398834328071e+01 -1.087334186829447824e-01 1.230358398834328071e+01 3.975392228826692786e+01
-1.810344835817898002e+01 -1.773406617136543018e+00 -7.739023719568321802e+00 -1.773406617136543018e+00 -4.847254782975467524e-01 3.054947256374905162e+00 -7.739023719568321802e+00 3.054947256374905162e+00 3.065127909689477015e+00
1.100811975607168947e+01 1.116613286086014689e+01 1.288117672962825644e+01 1.116613286086014689e+01 6.758963998614554214e+00 -1.307352867504934757e+01 1.288117672962825644e+01 -1.307352867504934757e+01 -3.938586945184766108e+01
-3.294099226229872812e+01 1.463072898305515235e+00 6.586989962243106511e+00 1.463072898305515235e+00 -1.715194910248204962e+01 5.488781882837316495e+00 6.586989962243106511e+00 5.488781882837316495e+00 -5.930228845244864999e+01
-7.004956580795096421e+00 2.312265812617682936e+00 -3.920991874747928208e+00 2.312265812617682936e+00 3.271638861218261418e+00 -1.961294984341190073e+01 -3.920991874747928208e+00 -1.961294984341190073e+01 2.447777774239768434e+01
-5.013536515648247871e+01 5.399054187351620904e+00 -4.271922899250436778e+00 5.399054187351620904e+00 -1.955253815822789321e+01 -1.426783550385285260e+01 -4.271922899250436778e+00 -1.426783550385285260e+01 1.234598302408676318e+01
5.501951513608601374e+01 1.729427392645889405e+00 2.980942706334488435e+00 1.729427392645889405e+00 4.908136192642520967e+01 -3.945008250521302440e+00 2.980942706334488435e+00 -3.945008250521302440e+00 -1.410831569599855762e+01
-2.199678118768902024e+01 -2.782604142375125211e-01 2.059636996348636728e+00 -2.782604142375125211e-01 -6.419232991494250484e+01 5.692494323226878983e+00 2.059636996348636728e+00 5.692494323226878983e+00 7.416341005398852992e+00
1.116498405215647871e+01 -7.724238051678567807e+00 -9.314358384087720211e+00 -7.724238051678567807e+00 -3.331561616168166040e+00 2.138763589235383833e+01 -9.314358384087720211e+00 2.138763589235383833e+01 -2.535416593332691537e+00
3.747617146500724772e+01 -3.958422463107090561e+00 -5.563779628432286906e+00 -3.958422463107090561e+00 1.782994570512767751e+01 5.490911982243152245e+00 -5.563779628432286906e+00 5.490911982243152245e+00 -6.520134825547929669e-01
-5.578726422910293792e+01 -5.724230312820168365e+00 -2.437099144927360239e+00 -5.724230312820168365e+00 -3.717636484319942980e+01 1.521622065210132435e+00 -2.437099144927360239e+00 1.521622065210132435e+00 -3.521430953011526754e-01
-3.692884374322206398e+00 1.499849838535368463e+01 1.751845442300569822e+00 1.499849838535368463e+01 -4.169778881708047891e+00 1.468885848063891331e+00 1.751845442300569822e+00 1.468885848063891331e+00 -6.270443359155546403e+00
5.936101770001138256e+00 -1.659246255002354120e+00 3.131608991815685306e-01 -1.659246255002354120e+00 -4.147271453072620240e+00 7.440382384639825375e+00 3.131608991815685306e-01 7.440382384639825375e+00 6.463125060836490299e+00
1.597647172045311237e+01 1.752327007647953128e+00 5.640336978238353893e+00 1.752327007647953128e+00 1.668112209393720136e+01 1.778481969420640496e+01 5.640336978238353893e+00 1.778481969420640496e+01 -1.546836731418650679e+01
-2.042302163403156712e+01 1.370187881220980941e+01 -4.504254442835756933e+00 1.370187881220980941e+01 -1.797953411636969312e+00 2.189242732837324112e+01 -4.504254442835756933e+00 2.189242732837324112e+01 3.985470648824495044e+01
-4.571244593646012433e+00 2.916166703500880253e+00 -2.575849406530529961e+00 2.916166703500880253e+00 -6.971912089968499426e-01 2.410130404298347351e+00 -2.575849406530529961e+00 2.410130404298347351e+00 8.362278677705187846e+00
2.426321476949263811e+01 6.773692752807246364e+00 -2.272021557200428177e+01 6.773692752807246364e+00 8.343346626985988834e+00 -2.625756168312818772e+00 -2.272021557200428177e+01 -2.625756168312818772e+00 -3.171538626693784835e+00
3.368814453133585118e+01 -1.431561974240745716e+00 -9.833416318986887283e-01 -1.431561974240745716e+00 1.848137896619936171e+01 -8.447750236525454204e-01 -9.833416318986887283e-01 -8.447750236525454204e-01 -5.353814253447861660e+00
-5.767988059860420691e+01 1.248544019485623124e+01 7.474568210835821347e-01 1.248544019485623124e+01 -3.916977709191878887e+01 7.225673200636139271e+00 7.474568210835821347e-01 7.225673200636139271e+00 -1.488763807796656202e+01
-9.050117131596115527e+00 5.684424343194102391e+00 -1.330978579418616548e+01 5.684424343194102391e+00 -2.521626704298608246e+01 9.034715171866368522e+00 -1.330978579418616548e+01 9.034715171866368522e+00 -6.867174313362438909e+01
-2.878815828817656453e+01 1.560290485666841853e+01 1.206085788027625583e+01 1.560290485666841853e+01 -3.014698715342582958e+01 7.551510581448875215e+00 1.206085788027625583e+01 7.551510581448875215e+00 -3.816616560105389766e+01
-2.367987243979737855e+01 -3.027504420043221511e+00 8.413007309428410352e+00 -3.027504420043221511e+00 -7.376499365324281854e+00 4.587955000820534757e+00 8.413007309428410352e+00 4.587955000820534757e+00 2.738725540740500364e+01
-4.095399763773729163e+00 -2.619915618994490547e+00 -9.192799825003676872e+00 -2.619915618994490547e+00 3.653640839291268705e+00 1.824810175797731304e+01 -9.192799825003676872e+00 1.824810175797731304e+01 6.772710109198635919e+00
-8.234106665240384260e+00 2.217807520545719413e+01 -1.233102939765071326e+01 2.217807520545719413e+01 -1.627247996234581251e+01 -5.753470975645647023e+00 -1.233102939765071326e+01 -5.753470975645647023e+00 -5.089935145659561044e+01
2.199984930408628303e-01 -6.746140554060659156e+00 -1.732934333085673018e+01 -6.746140554060659156e+00 7.359656384924590178e+00 3.032800577547918319e+00 -1.732934333085673018e+01 3.032800577547918319e+00 -1.163719549293419675e+01
-3.111813645630959257e+01 -1.741865056685787394e+01 3.455205411713444530e-01 -1.741865056685787394e+01 -3.705738209870292366e+01 3.616411475402347087e+00 3.455205411713444530e-01 3.616411475402347087e+00 -5.362989616547333327e+01
-6.350963399164028189e+00 -2.464871961465942451e+00 -5.690664829103683431e+00 -2.464871961465942451e+00 -2.104648206859063109e+01 -5.898482044298807736e+00 -5.690664829103683431e+00 -5.898482044298807736e+00 -3.175927818827513605e+01
-3.254854709348741437e+01 -1.096484034822405862e+00 1.423439772684450055e+01 -1.096484034822405862e+00 -2.135578336830263524e+01 4.458459267461577724e+00 1.423439772684450055e+01 4.458459267461577724e+00 -7.670015462949999119e+01
-5.622613708927193699e+00 -1.369268912561111584e+01 -1.131235593156106312e+01 -1.369268912561111584e+01 -5.875435769166695188e+00 -1.130723897680436707e+01 -1.131235593156106312e+01 -1.130723897680436707e+01 -1.861571129702763727e+01
9.045447040348346235e+00 1.061621484564965634e+01 -4.816991698557191448e+00 1.061621484564965634e+01 1.880712953356405848e+01 -1.172814484708942651e+01 -4.816991698557191448e+00 -1.172814484708942651e+01 1.055975919331992507e+01
3.871780897469689364e+01 4.930865503100130831e-01 1.314798912714613977e+01 4.930865503100130831e-01 3.186607005239152812e+01 2.509184276435593830e+00 1.314798912714613977e+01 2.509184276435593830e+00 8.072710287205428159e+00
1.194873916955688342e+00 -1.869444409992599887e+01 -7.659544919143585595e+00 -1.869444409992599887e+01 5.381541579826333077e+00 -8.911188978505826697e+00 -7.659544919143585595e+00 -8.911188978505826697e+00 -4.720754500829073663e+01
-3.430070107381191491e+01 8.080420268597396927e+00 -2.229503137948260161e+00 8.080420268597396927e+00 6.215129321128060269e+00 9.071980592819956613e+00 -2.229503137948260161e+00 9.071980592819956613e+00 6.639496059196952160e+01
2.979107742953412341e+01 2.061980565544806510e+01 -1.580566798736582967e+01 2.061980565544806510e+01 2.748764071284144705e+01 -1.173751379646226489e+01 -1.580566798736582967e+01 -1.173751379646226489e+01 -2.280316048667978635e+01
-2.359615423957390234e+01 -2.035512361886147303e+01 1.946777000896887344e+01 -2.035512361886147303e+01 -1.871431836614415900e+01 -4.097796377799356016e+00 1.946777000896887344e+01 -4.097796377799356016e+00 -2.394246699591090177e+01
-8.036268648125075131e+00 -3.590652204351335808e+00 1.255017290132497898e+01 -3.590652204351335808e+00 1.007950856176325871e+01 2.032483628100204953e+01 1.255017290132497898e+01 2.032483628100204953e+01 1.803398905414832498e+01
-1.511954554267502360e+01 6.851254016908385758e+00 -1.725626995730969782e+00 6.851254016908385758e+00 -1.843618406705918034e+01 1.089884120639015208e+01 -1.725626995730969782e+00 1.089884120639015208e+01 -6.173517884664737609e-01
-1.578717678673084812e+01 1.881523796485928601e+00 1.219053605573643617e+00 1.881523796485928601e+00 -2.553634768731119209e+01 -1.312722732195073760e+01 1.219053605573643617e+00 -1.312722732195073760e+01 -4.191510381706289934e+01
-8.974512561001665389e+00 2.964402338590600650e+00 -1.050304241459084764e+01 2.964402338590600650e+00 -9.927137133836962946e+00 2.980188355473211370e+00 -1.050304241459084764e+01 2.980188355473211370e+00 -1.403977244597789387e+01
5.857509343474635699e+00 -3.355490355584116458e+00 -3.502637941253218923e+00 -3.355490355584116458e+00 -9.773349666573748706e+00 -1.343178476906505159e+00 -3.502637941253218923e+00 -1.343178476906505159e+00 -4.704705369882867672e+01
7.966360563443326548e-01 -8.659510343760935536e-01 1.624140070272006575e+00 -8.659510343760935536e-01 -5.920496332729748845e-01 3.427839794609574664e+00 1.624140070272006575e+00 3.427839794609574664e+00 1.522117194736610557e+01
1.654326530042299126e+01 1.124125309612784740e+01 -6.130474909707718467e+00 1.124125309612784740e+01 -2.874115973088518849e+00 -7.185866680283391261e+00 -6.130474909707718467e+00 -7.185866680283391261e+00 -2.106046474284642045e+01
-4.296005936445188134e+00 9.933733958419814769e+00 -4.129209418629370631e+00 9.933733958419814769e+00 -3.077401830989331444e+01 -1.858935000733528617e-03 -4.129209418629370631e+00 -1.858935000733528617e-03 -6.241291327862790439e+01
4.259862124470705425e+01 1.506063248139491328e+01 2.336076634156301512e+00 1.506063248139491328e+01 3.774759045418412740e+01 4.913331323466929135e+00 2.336076634156301512e+00 4.913331323466929135e+00 -1.599281335522666758e+01
1.911655583727172214e+01 6.909884143829311043e+00 1.949614286427127041e+01 6.909884143829311043e+00 1.393324948985409684e+01 -1.545569854378248742e+01 1.949614286427127041e+01 -1.545569854378248742e+01 -4.582138051427603109e+00
1.189368411314523044e+01 4.093560938774273517e+00 -6.751808088687788256e+00 4.093560938774273517e+00 1.245826489970444761e+01 -1.785738678774357524e+01 -6.751808088687788256e+00 -1.785738678774357524e+01 8.830106297908405510e-01
1.184379256199361308e+01 5.254299373483998004e+00 -6.130724792512084242e+00 5.254299373483998004e+00 2.042358852805304181e+01 5.087765596500946508e+00 -6.130724792512084242e+00 5.087765596500946508e+00 2.629291571175106768e+01
-4.091670786922296088e+01 8.045649374981794111e+00 -2.905716776597683793e-01 8.045649374981794111e+00 -2.888316130324578168e+01 -1.035896776569350486e+01 -2.905716776597683793e-01 -1.035896776569350486e+01 3.985609283142533821e-01
-6.305061381987840718e+01 1.267754751434167204e+01 -5.931652563693747382e+00 1.267754751434167204e+01 -3.576345940068190288e+01 -9.221587719284553231e+00 -5.931652563693747382e+00 -9.221587719284553231e+00 -1.636711033683847205e+01
-4.223367012167089030e+01 -2.118877552326800640e+00 1.014441808957249869e+01 -2.118877552326800640e+00 -3.643931111287810154e+01 4.506340220946513320e+00 1.014441808957249869e+01 4.506340220946513320e+00 -1.059572532955391111e+01
-3.542846698521592685e+01 -1.131814948779173946e+01 1.235028448294598125e+00 -1.131814948779173946e+01 -1.520859961471455968e+01 -3.182950511881619704e+00 1.235028448294598125e+00 -3.182950511881619704e+00 4.680953671745784561e+01
-5.128644136152289867e+00 -4.068156226036362177e+00 2.295976928104867554e+01 -4.068156226036362177e+00 -3.120595798419276079e+01 4.076578669420348189e-01 2.295976928104867554e+01 4.076578669420348189e-01 -2.888081227024953535e+01
-1.378319257622298899e+01 3.440980965393467095e+00 1.547158349289998180e-01 3.440980965393467095e+00 -1.366694513184394033e+01 -1.295599790965212605e+01 1.547158349289998180e-01 -1.295599790965212605e+01 -2.079426387019632116e+00
-7.285665517248855139e+00 -5.426140944133139854e+00 -1.597652510246279522e+00 -5.426140944133139854e+00 2.073077035368686261e+00 -1.053754053419823222e+01 -1.597652510246279522e+00 -1.053754053419823222e+01 -3.915456458711675936e+01
-3.818151276816127648e+01 1.233458481059412248e+00 6.428793123488129702e+00 1.233458481059412248e+00 -7.572269441701350523e+00 4.997133816037355736e+00 6.428793123488129702e+00 4.997133816037355736e+00 7.392211113428045266e+00
-2.904985895595963896e+01 5.968083072690663293e+00 8.583475365768187260e+00 5.968083072690663293e+00 -3.076014417312418203e+01 -8.785756436734830643e+00 8.583475365768187260e+00 -8.785756436734830643e+00 -6.143141761351569841e+01
5.266789131349529640e+01 5.001317876455278366e+00 8.209288382883917379e+00 5.001317876455278366e+00 3.961617853575687320e+01 -6.946390861953451790e+00 8.209288382883917379e+00 -6.946390861953451790e+00 -4.268689793663228649e+00
7.134022538748611453e+01 1.290076099856228709e+01 1.145977473823829307e+00 1.290076099856228709e+01 5.355874110334362115e+01 -7.177253951438562929e+00 1.145977473823829307e+00 -7.177253951438562929e+00 9.075183462974907300e+00
-2.622773584141680825e+00 5.143437526678447114e+00 -1.540779239753280905e+01 5.143437526678447114e+00 -2.056283212212255762e+01 3.974116962678137632e+00 -1.540779239753280905e+01 3.974116962678137632e+00 -3.493824961952377350e+01
