3.092478449547234831e+00 -4.520379318133188780e-03 -5.148942014956531921e+00 -4.520379318133188780e-03 1.503870550258427918e-01 -1.233767465411716557e+01 -5.148942014956531921e+00 -1.233767465411716557e+01 -9.992769205857957582e-01
5.087232603112801677e+00 4.104728359966245854e+00 9.762060597575185739e+00 4.104728359966245854e+00 6.374987152442271210e+00 -1.278336814154915047e+01 9.762060597575185739e+00 -1.278336814154915047e+01 -1.564137494671332718e+01
2.439812710811123164e+00 -2.001807981573340722e+00 2.867072122958620017e+00 -2.001807981573340722e+00 1.362176079836286569e+01 -4.394705228274740527e+00 2.867072122958620017e+00 -4.394705228274740527e+00 1.166025135203508256e+00
1.295293995583183921e+00 4.579830480150152705e-01 -1.171497505927900207e+01 4.579830480150152705e-01 -2.334024931822403559e+01 1.483327087348054718e+01 -1.171497505927900207e+01 1.483327087348054718e+01 -1.698764946764254447e+01
3.046999325932432612e+01 -1.727751332293317432e+01 2.167150830311760590e+00 -1.727751332293317432e+01 2.074839894973600352e+01 -9.468640664031086729e+00 2.167150830311760590e+00 -9.468640664031086729e+00 -2.433623970177347218e+01
-4.267561036594548440e+00 -3.377637294816759894e+00 1.550665849543549468e+00 -3.377637294816759894e+00 -2.305672537439208725e+01 -4.688895748254338081e+00 1.550665849543549468e+00 -4.688895748254338081e+00 -3.973511715860372107e+01
1.925044473969587244e+01 1.187575171521419781e+00 3.579607261257581552e+00 1.187575171521419781e+00 2.441427770286444598e+01 7.383119794447637330e-02 3.579607261257581552e+00 7.383119794447637330e-02 4.387004651042558656e+00
-2.676479816828534641e+00 1.268101457038578905e+00 -8.436166902330306527e+00 1.268101457038578905e+00 -1.752596633432539974e+01 -1.200123179867178358e+01 -8.436166902330306527e+00 -1.200123179867178358e+01 -5.905422914858199590e+01
1.458792199887297136e-01 -8.386201803579862002e+00 -5.402067052753712240e+00 -8.386201803579862002e+00 -9.550010812719894604e-01 7.380993833399541737e-01 -5.402067052753712240e+00 7.380993833399541737e-01 -1.530076910310784299e+01
-2.239255829615561666e+01 1.310821344483157569e+00 -8.117388522065336787e+00 1.310821344483157569e+00 -3.734716785084144419e+01 -6.423808036271011268e+00 -8.117388522065336787e+00 -6.423808036271011268e+00 -5.713208903661883653e+01
-6.587117476275687444e+00 4.451103344882621826e+00 -2.880813396226327594e+00 4.451103344882621826e+00 -1.225732588484996555e+01 -1.665738192317146815e+00 -2.880813396226327594e+00 -1.665738192317146815e+00 -2.495450806577754932e+01
2.236420799052300978e+01 -3.914018777109715685e+00 5.680156965870180485e+00 -3.914018777109715685e+00 -2.046024991788529235e+01 2.645907370428143501e+00 5.680156965870180485e+00 2.645907370428143501e+00 -8.005884903174931821e+01
3.055375709025690867e+01 1.294259846752974452e+00 2.501398239821057690e-01 1.294259846752974452e+00 1.585723892810851865e+01 1.679232759295241451e+01 2.501398239821057690e-01 1.679232759295241451e+01 -4.507279732561722341e+01
2.466136758009933416e+01 -2.821957475021059203e+00 9.265353943294856620e+00 -2.821957475021059203e+00 1.705012383592024960e+01 -9.219007085925021272e+00 9.265353943294856620e+00 -9.219007085925021272e+00 -2.508775016519141232e+01
5.433235349441663686e+01 3.188833776475886950e+00 1.115228591169584682e+01 3.188833776475886950e+00 4.480239548132603744e+01 -1.041126828952243244e+01 1.115228591169584682e+01 -1.041126828952243244e+01 -1.242289533671156754e+01
-8.505570119627583026e+00 -9.754702160847230630e+00 -5.546083389843166955e+00 -9.754702160847230630e+00 -1.515426004609789601e+01 -1.101344139192446825e+01 -5.546083389843166955e+00 -1.101344139192446825e+01 -2.539639140740141521e+00
5.127407442303246299e+00 9.461921529201074321e+00 -5.701930382337160319e-01 9.461921529201074321e+00 1.389984641461131432e+01 -1.903880991589970506e+01 -5.701930382337160319e-01 -1.903880991589970506e+01 -1.669228552509260766e+01
3.537920349275585608e+01 4.722528837763711351e+00 -9.903217454048630630e-01 4.722528837763711351e+00 1.399997550193060292e+01 -1.248901764456982200e+01 -9.903217454048630630e-01 -1.248901764456982200e+01 -3.037705290555330251e+01
-4.978158594149873828e+00 4.094139962590550574e+00 -4.175526694337215461e-01 4.094139962590550574e+00 8.095216484438681803e+00 -1.258546095632797623e+01 -4.175526694337215461e-01 -1.258546095632797623e+01 -3.045428600432417365e+00
-3.456477700323161883e+01 1.425880919023907456e+00 -1.456146719571632442e+00 1.425880919023907456e+00 -3.275911934255434232e+01 5.099514261896481493e+00 -1.456146719571632442e+00 5.099514261896481493e+00 -3.706255446721478819e+01
1.352722294715242057e+01 -8.575259455728742708e+00 -2.479070332713973812e+00 -8.575259455728742708e+00 1.820868301878907758e+01 -1.107638300965796407e+00 -2.479070332713973812e+00 -1.107638300965796407e+00 -3.580974512155805911e+01
-1.296424297774727386e+01 6.312631752749367386e+00 2.455414164672020227e+00 6.312631752749367386e+00 -6.109038559970892734e+00 -7.004247354257609359e+00 2.455414164672020227e+00 -7.004247354257609359e+00 1.319564937234918856e-01
2.822259384875126287e+01 -2.791301162361432553e+00 7.696521873455012264e-01 -2.791301162361432553e+00 2.863711358579907795e+01 -5.576631875835345475e+00 7.696521873455012264e-01 -5.576631875835345475e+00 -9.325946896347836912e+00
1.048475336138393033e+01 6.829662185718688328e+00 -1.106389073347446583e+01 6.829662185718688328e+00 -1.697419292914274536e+01 -9.338774708313735573e+00 -1.106389073347446583e+01 -9.338774708313735573e+00 -5.058358435870749759e+01
-1.047307217031764814e+01 -1.248220083098257938e+01 1.583311199379525691e+00 -1.248220083098257938e+01 5.751520330967895056e+00 1.997743729035249993e+00 1.583311199379525691e+00 1.997743729035249993e+00 2.101757165015197515e+01
-1.519228195225108280e+01 -1.414475276286575989e+00 8.268690343579313762e+00 -1.414475276286575989e+00 -8.726948561420583061e+00 -1.555721611246648806e+01 8.268690343579313762e+00 -1.555721611246648806e+01 1.569512390658223122e+00
1.501206778730834834e+01 9.163494532465218612e+00 -7.804798367604543152e+00 9.163494532465218612e+00 2.936256504379682664e+00 7.044296346860295266e+00 -7.804798367604543152e+00 7.044296346860295266e+00 -1.683173030994361552e+00
1.220817694961560917e+01 -2.097057350552863131e+00 -1.009187956197952873e+00 -2.097057350552863131e+00 1.666730626871899190e+01 1.488284795320139686e+01 -1.009187956197952873e+00 1.488284795320139686e+01 1.903732319897818215e+00
1.206113034042091137e+00 -5.180201362629336614e+00 1.281563112562619011e+01 -5.180201362629336614e+00 -2.435832739576933292e+01 -1.599038800627060120e+01 1.281563112562619011e+01 -1.599038800627060120e+01 -4.705057769514487376e+01
-9.461752716152044940e+00 3.232445146707191519e+00 2.084730277140959487e+00 3.232445146707191519e+00 -5.789759747151062896e+00 -4.888900954569652235e+00 2.084730277140959487e+00 -4.888900954569652235e+00 -2.172801494564057023e+01
-3.120842061823074687e+01 -7.682268232610787173e+00 6.851547745149209057e+00 -7.682268232610787173e+00 -3.023734398387487587e+01 -1.514825883388148497e+01 6.851547745149209057e+00 -1.514825883388148497e+01 -2.242464292269857395e+01
-1.352216709933042971e+01 6.248705479268862106e+00 1.256557466864668182e+00 6.248705479268862106e+00 -3.257271974346897281e+01 1.024099888399569558e+00 1.256557466864668182e+00 1.024099888399569558e+00 -5.821172910583671722e+01
5.053954159550388070e+00 8.501400038890913891e-01 -5.700048509945088604e+00 8.501400038890913891e-01 1.457027793760887313e+01 2.160428568100176694e+00 -5.700048509945088604e+00 2.160428568100176694e+00 -4.609227271477112708e+01
5.642832446838450089e+00 1.661619977623033595e+00 6.610846261193503715e+00 1.661619977623033595e+00 -2.042112421886868745e+01 -3.877897866715026787e+00 6.610846261193503715e+00 -3.877897866715026787e+00 -4.509604404834350788e+01
7.865825841160130949e+00 -1.089590948369575862e+01 -6.759888053531806662e+00 -1.089590948369575862e+01 1.128264971742751932e+01 -6.722448404882755968e-01 -6.759888053531806662e+00 -6.722448404882755968e-01 -9.984500139471355951e+00
5.645771026834326989e+01 -1.097859939248613514e+01 2.124144577499099995e+01 -1.097859939248613514e+01 4.371190732538755697e+01 3.941578799691783930e-01 2.124144577499099995e+01 3.941578799691783930e-01 8.792671130906267507e+00
5.988552272550943201e+01 3.457165054419815697e-01 5.344823457985346415e+00 3.457165054419815697e-01 4.643955967865085910e+01 -1.113657122052963633e+00 5.344823457985346415e+00 -1.113657122052963633e+00 1.539882996097354706e+01
4.543845161581250380e+01 -6.947375859669340237e+00 1.857680423072154641e+00 -6.947375859669340237e+00 4.034254893044060708e+01 9.708204261659750145e+00 1.857680423072154641e+00 9.708204261659750145e+00 -1.773686404803838457e+01
7.894850868843100500e+00 2.309544314271509968e+00 -4.411357155906589611e+00 2.309544314271509968e+00 1.449343995669752694e+01 9.019276582637186124e+00 -4.411357155906589611e+00 9.019276582637186124e+00 -2.752205370760611203e+01
-1.782073084327972268e+01 -2.400982428821504033e+00 3.183510561230503910e+00 -2.400982428821504033e+00 -1.395510207714044881e+01 -4.378083274602456498e+00 3.183510561230503910e+00 -4.378083274602456498e+00 -5.369651402343580315e+01
2.627696444581021140e+00 4.709189889192909595e-01 7.804138033397777008e+00 4.709189889192909595e-01 6.033499646821471885e+00 -7.079039641733155364e+00 7.804138033397777008e+00 -7.079039641733155364e+00 -4.657536189186892983e+01
1.124605868775669215e+01 -7.543834868029823504e+00 -2.782636623268858855e+00 -7.543834868029823504e+00 8.520719300181793798e+00 -4.375363184187089693e+00 -2.782636623268858855e+00 -4.375363184187089693e+00 -2.831507878585873428e+01
3.716450007018858770e+01 9.602566542474146871e+00 1.278208421463300715e+00 9.602566542474146871e+00 2.324354540254582702e+01 4.264603424343747839e+00 1.278208421463300715e+00 4.264603424343747839e+00 -1.261930093498856387e+01
-2.771494332441977804e+01 2.182876504363663095e+00 9.149687079696118275e+00 2.182876504363663095e+00 -2.948070548041239292e+01 2.048287169580374822e+01 9.149687079696118275e+00 2.048287169580374822e+01 -1.827828829480301120e+00
3.919262325592044238e+00 5.995579153818299645e+00 -5.809149610019667342e+00 5.995579153818299645e+00 -1.942733006263340556e+01 1.159717837189344003e+01 -5.809149610019667342e+00 1.159717837189344003e+01 -4.100622274629275665e+01
-2.312533501362084820e+01 -6.944207856631498643e+00 -8.608599887515194782e-02 -6.944207856631498643e+00 -3.667155173135520840e+01 -1.646351452172057250e+00 -8.608599887515194782e-02 -1.646351452172057250e+00 -5.393268261107473194e+01
-2.600768088259639299e+01 -6.414112111738024424e+00 6.106885965555624018e-01 -6.414112111738024424e+00 -3.367973593980763525e+01 1.838203508986372137e-01 6.106885965555624018e-01 1.838203508986372137e-01 -3.295344397889591903e+01
-7.600914477671138592e+00 -1.696813999651056060e+00 1.237984483964463323e+01 -1.696813999651056060e+00 -1.729511561584269330e+01 -1.344671421545409729e+01 1.237984483964463323e+01 -1.344671421545409729e+01 -4.325073748933391471e+01
3.033393584265062870e+01 6.119697429732315008e+00 -7.031207090613007971e+00 6.119697429732315008e+00 2.904954986025598274e+01 -9.600253465389052110e+00 -7.031207090613007971e+00 -9.600253465389052110e+00 1.079336800901851490e+01
4.941954408105685559e+01 1.084840806894961851e+01 1.021624824342110038e+01 1.084840806894961851e+01 3.325820067497669896e+01 -2.823111490101313681e+00 1.021624824342110038e+01 -2.823111490101313681e+00 -1.137313981246124861e+01
2.039936680772524014e+01 -1.836254005068004602e+01 1.176677870886089039e+01 -1.836254005068004602e+01 1.239627480069583854e+01 3.614945068932351901e+00 1.176677870886089039e+01 3.614945068932351901e+00 -7.342857392294803276e+00
2.377678863555904520e+00 3.347379085527669673e+01 -7.778422902057052113e+00 3.347379085527669673e+01 -1.969131434397780378e+00 -9.476592418116741356e+00 -7.778422902057052113e+00 -9.476592418116741356e+00 -2.925113838545302869e+01
9.069185534422036454e+00 -5.257629417626438872e+00 -1.731731815319654366e+00 -5.257629417626438872e+00 -3.898723359472960670e+00 -2.650738485826055868e+00 -1.731731815319654366e+00 -2.650738485826055868e+00 -1.344666195130599107e+01
3.049549974167470978e+01 2.949521459227153919e+00 -7.860463560293559082e-01 2.949521459227153919e+00 1.680820041085337735e+01 -1.093543085001746640e+01 -7.860463560293559082e-01 -1.093543085001746640e+01 -8.448321911610900514e+00
2.553029418274801898e+01 1.150972620750352071e+01 -1.307575588230685071e+01 1.150972620750352071e+01 2.024518401461287098e+01 -5.331916852782836891e+00 -1.307575588230685071e+01 -5.331916852782836891e+00 -2.679510899182553629e+01
-9.127232831684354508e+00 -1.531532859545295899e+01 -8.133377176169636513e+00 -1.531532859545295899e+01 1.015010638408937282e+01 2.447664721781414698e+01 -8.133377176169636513e+00 2.447664721781414698e+01 -4.321722115791975227e+01
-3.010847240899021227e+00 -1.035992256362154684e+01 -8.918211342727568436e+00 -1.035992256362154684e+01 -1.969509640313841103e+01 1.432121945505210880e-01 -8.918211342727568436e+00 1.432121945505210880e-01 -1.924421522869241485e+01
-2.945471157247526506e+01 -3.834067656077249531e+00 6.065075981179392173e+00 -3.834067656077249531e+00 -5.281280647687395913e+01 -1.194777039892460380e+01 6.065075981179392173e+00 -1.194777039892460380e+01 -3.601190350825451958e+01
1.369339067824400402e+01 2.229956149103146323e+00 6.401123006814089855e+00 2.229956149103146323e+00 -2.104157057559650212e+00 -5.835631865339409252e+00 6.401123006814089855e+00 -5.835631865339409252e+00 -1.814777462265276853e+01
-6.686259183828896724e+00 7.565972132467635447e+00 9.767945034120139106e-03 7.565972132467635447e+00 -1.239177497258785898e+01 -1.215916578756893252e+01 9.767945034120139106e-03 -1.215916578756893252e+01 -4.004483431645601854e+01
-3.609088676647416172e+00 7.959602226749352027e+00 -4.499846070600264980e+00 7.959602226749352027e+00 -1.467251761215015016e+01 -2.566186702754175819e+00 -4.499846070600264980e+00 -2.566186702754175819e+00 -2.961791232069341362e+01
-2.351781528634312668e+00 -3.793860419404033291e+00 6.922285197036604387e+00 -3.793860419404033291e+00 -8.557937169654762144e+00 4.534629575599584683e+00 6.922285197036604387e+00 4.534629575599584683e+00 -5.536062539220706213e+01
7.429544117859988361e+00 -1.567103168825391357e+01 4.828234549700360034e+00 -1.567103168825391357e+01 -1.966718800510605192e+01 -4.664484793038249144e+00 4.828234549700360034e+00 -4.664484793038249144e+00 1.543219129313619753e+01
3.510302569389614291e+01 1.264222242818166997e+01 3.223209161741460882e+00 1.264222242818166997e+01 2.255560533098855558e+01 1.595354445837739199e+01 3.223209161741460882e+00 1.595354445837739199e+01 -2.409727524105078800e+01
2.176805574742337868e+01 2.783626369531625233e+00 1.713204682140227675e+01 2.783626369531625233e+00 1.094805420083089409e+01 4.146791303142109086e+00 1.713204682140227675e+01 4.146791303142109086e+00 1.275739894216805226e+01
-1.194019700364783221e+00 -3.546169188281821594e+00 1.203755132659062754e+00 -3.546169188281821594e+00 8.709186543786145762e+00 -1.562787518829224886e+01 1.203755132659062754e+00 -1.562787518829224886e+01 1.115767538404508485e+01
3.976727099815047239e+01 4.200631015451170569e+00 1.241060920174821369e+01 4.200631015451170569e+00 2.990213998108288962e+01 -2.637001923608473852e+00 1.241060920174821369e+01 -2.637001923608473852e+00 1.101249819208766922e+01
1.586985537771196242e+01 -5.579893063846004253e+00 9.191350501055529421e+00 -5.579893063846004253e+00 1.069333458584322827e+01 4.191902963668382220e+00 9.191350501055529421e+00 4.191902963668382220e+00 -1.821835984524472707e+01
1.456847617028582320e+01 4.987300029772162802e+00 -5.824204019886403572e+00 4.987300029772162802e+00 1.607877707386657917e+01 -1.657412229291906058e+01 -5.824204019886403572e+00 -1.657412229291906058e+01 -1.265050459670549365e+01
6.428121140735530048e+01 -1.020355055110507170e+00 -5.537210489394224666e+00 -1.020355055110507170e+00 5.137482559972040264e+01 6.029443365856923087e+00 -5.537210489394224666e+00 6.029443365856923087e+00 1.117662835237557672e+01
1.623598339678737190e+01 9.688788916339392543e+00 1.281403349548655202e+00 9.688788916339392543e+00 9.990948870820353989e+00 1.983976841590255447e+00 1.281403349548655202e+00 1.983976841590255447e+00 -9.802578022379583089e+00
1.005743934277405316e+01 1.055872956193689305e+01 1.201609855762135304e+00 1.055872956193689305e+01 1.074650090976372319e+01 -7.833462793268680890e+00 1.201609855762135304e+00 -7.833462793268680890e+00 -2.540022184001366767e+01
-1.006036812386902035e+01 2.972143672929818514e+00 1.594699951507615232e+00 2.972143672929818514e+00 -2.346784459017414726e+00 5.087237123791970017e-01 1.594699951507615232e+00 5.087237123791970017e-01 1.935582467627850889e+01
1.899644929383678971e+01 1.323900485321875919e+01 -4.742439451936929729e+00 1.323900485321875919e+01 4.137076269906415082e-01 3.343110367221053369e+00 -4.742439451936929729e+00 3.343110367221053369e+00 3.071720328652301824e+00
3.830639859519497037e+01 -1.846334004175901455e+01 1.303469189964837582e+01 -1.846334004175901455e+01 1.336852071971813061e+01 1.378329285715971864e+01 1.303469189964837582e+01 1.378329285715971864e+01 -2.813355433678198381e+01
8.063609480108725691e+00 7.090438386343750565e+00 5.616286186081445919e+00 7.090438386343750565e+00 1.676461682340053017e+01 -6.763127698457449988e+00 5.616286186081445919e+00 -6.763127698457449988e+00 -2.459061430495057365e+01
4.925404209320662829e+01 2.456355265361581885e+00 9.287960729009853367e+00 2.456355265361581885e+00 4.997206149595521651e+01 -6.061746029836041494e+00 9.287960729009853367e+00 -6.061746029836041494e+00 1.314705692833303985e+01
4.782169795934259326e+01 3.087357818144576438e+00 -4.309226319537509120e+00 3.087357818144576438e+00 5.155334664420185220e+01 5.532169556768737895e-01 -4.309226319537509120e+00 5.532169556768737895e-01 -2.169629607731610577e+01
5.819180691070540945e+01 -3.781572998446043776e+00 -2.497132833619782222e+00 -3.781572998446043776e+00 5.473486159085003777e+01 2.447352624108215302e+00 -2.497132833619782222e+00 2.447352624108215302e+00 3.791646636777912960e+01
1.630027700387913114e+01 -2.869723814534968387e+00 3.767723030906450443e+00 -2.869723814534968387e+00 1.047296629209893526e+00 -1.072660331981515824e+01 3.767723030906450443e+00 -1.072660331981515824e+01 -4.624710776264140577e+01
5.386365156422021627e+00 1.418870815682187470e+01 2.821660280320105585e+01 1.418870815682187470e+01 -3.164667018079581506e+00 1.799689946692823028e+01 2.821660280320105585e+01 1.799689946692823028e+01 -2.147027992609292468e+01
2.680364058453791998e+01 -1.179275369702815368e+01 1.313591913735330330e+01 -1.179275369702815368e+01 5.723911309785425061e+00 8.684290110101947846e+00 1.313591913735330330e+01 8.684290110101947846e+00 -4.543925637463772205e+01
-2.804216882566609170e-01 -6.839110380469111128e-01 -7.014355668589008275e+00 -6.839110380469111128e-01 -6.257592193527952595e+00 4.235566506420687993e+00 -7.014355668589008275e+00 4.235566506420687993e+00 -3.353537061978801859e+01
3.587114332262116534e+01 -8.631583729200423605e+00 -7.608834390914763546e+00 -8.631583729200423605e+00 2.840718490222032599e+01 2.993678175222212468e-01 -7.608834390914763546e+00 2.993678175222212468e-01 -2.161959628051492999e+01
-2.955507296369853165e+01 -3.072947718585540500e+00 3.468619801109047440e+00 -3.072947718585540500e+00 -3.888015857029032407e+00 -9.901328621179162681e+00 3.468619801109047440e+00 -9.901328621179162681e+00 1.034845833614010147e+01
2.579640227148164655e+01 3.691442725893276045e+00 -1.131572816655663116e+00 3.691442725893276045e+00 2.943625708329696522e+01 -6.916228336408011046e+00 -1.131572816655663116e+00 -6.916228336408011046e+00 -3.456000737160263903e+00
3.470853250945689439e+01 -5.091769074779699089e+00 -1.382211706759606429e+01 -5.091769074779699089e+00 3.084165224791624382e+01 -6.144778022741084200e+00 -1.382211706759606429e+01 -6.144778022741084200e+00 -1.482470783139964077e+01
4.285237192940410722e+01 6.814241426405107660e+00 3.008142650551981045e+00 6.814241426405107660e+00 3.605638118275729198e+01 1.096849552159230790e+01 3.008142650551981045e+00 1.096849552159230790e+01 -6.919065669319047984e+00
5.119818250665712611e+00 -2.186203127815186775e+01 2.366801258803121755e+01 -2.186203127815186775e+01 -1.600725697831045125e+01 9.875153253642597662e+00 2.366801258803121755e+01 9.875153253642597662e+00 -3.579661915617442958e+01
-2.966993384897426012e+01 1.871134118130992174e+00 -3.191041155944264851e+00 1.871134118130992174e+00 -2.028048007411510056e+01 4.709976436752397966e+00 -3.191041155944264851e+00 4.709976436752397966e+00 -8.600626268915432249e+00
1.762726447410221198e+01 1.121586612517065484e+00 -3.047869687117945148e+00 1.121586612517065484e+00 3.550681858346571129e+00 1.720760011842172332e+01 -3.047869687117945148e+00 1.720760011842172332e+01 -3.358517052340631892e+01
5.862266057002153019e+01 3.873825474651137579e+00 -3.219058127911761158e+00 3.873825474651137579e+00 2.798921784406114810e+01 5.621743301446470831e+00 -3.219058127911761158e+00 5.621743301446470831e+00 6.979033186522609178e+00
2.672437006608009114e+01 -4.977128966982350633e+00 1.067986197713874219e+01 -4.977128966982350633e+00 2.773581227922246484e+01 -9.299550081456644079e+00 1.067986197713874219e+01 -9.299550081456644079e+00 5.862221874539504718e+00
2.310445001378396057e+01 -2.254896426979911439e+00 1.006512115931353257e+01 -2.254896426979911439e+00 2.902895114389255227e+01 1.748423501494388299e+00 1.006512115931353257e+01 1.748423501494388299e+00 -2.130101372576143604e+01
-1.394392674551444777e+01 -1.312205045788091518e+01 -4.705637221735660347e+00 -1.312205045788091518e+01 -1.133895557735704607e+01 -1.800337446730783331e+00 -4.705637221735660347e+00 -1.800337446730783331e+00 -3.986368002896701768e+01
1.500382883154918190e+01 3.120388586761914773e+00 -5.811118990397658557e+00 3.120388586761914773e+00 -1.065942411508243559e+01 -2.175486257490333752e+00 -5.811118990397658557e+00 -2.175486257490333752e+00 -4.358369930148980131e+01
4.275092544502474112e+01 -1.368312747274140939e+01 -6.432536037805729023e+00 -1.368312747274140939e+01 2.115153061057495520e+01 -2.496808044630302259e+00 -6.432536037805729023e+00 -2.496808044630302259e+00 1.335880817607036164e+01
-1.951402168450627883e+01 1.364496911981614780e+01 1.866683305193804543e+01 1.364496911981614780e+01 -8.595722583061907729e-01 -1.233602059389142092e+01 1.866683305193804543e+01 -1.233602059389142092e+01 2.745839985346515633e+01
-2.764554684026412357e+00 -1.543027256787130153e+00 -2.447988963422975228e+00 -1.543027256787130153e+00 2.494261959628277125e+00 -5.818754142970893328e-01 -2.447988963422975228e+00 -5.818754142970893328e-01 -3.919668026438725406e+01
-1.193608875394666136e+01 -2.253480365781128825e+01 6.503783037746045714e+00 -2.253480365781128825e+01 -2.191912189271873856e+01 -1.437882912743271957e+00 6.503783037746045714e+00 -1.437882912743271957e+00 9.975018062004833652e+00
