4.578875205056843356e+01 -8.477959398699008275e+00 8.097972680265810297e+00 -8.477959398699008275e+00 2.775252237866526173e+01 -2.558619814165951567e+01 8.097972680265810297e+00 -2.558619814165951567e+01 1.097114019670672391e+01
2.223845037882264464e+01 -2.670107817717509935e+00 7.618063542015388601e-01 -2.670107817717509935e+00 1.142696071469376484e+01 1.916734048847866134e+00 7.618063542015388601e-01 1.916734048847866134e+00 -4.402832490552067490e+00
-2.175437091578503512e+01 4.570605693706114359e+00 -9.586909137853442786e+00 4.570605693706114359e+00 8.973218108544873672e+00 6.260270983810477752e+00 -9.586909137853442786e+00 6.260270983810477752e+00 -1.215235840370245457e+00
5.868766964485236493e+00 4.444573748287121262e+00 -1.662327881415582631e+00 4.444573748287121262e+00 6.231398309981272199e+00 6.007182951658727177e-01 -1.662327881415582631e+00 6.007182951658727177e-01 -2.701597729914692536e+01
-4.142078943504486688e+00 1.310842279289746726e+00 4.442055828226192382e+00 1.310842279289746726e+00 -1.870121639515940259e+01 4.218305614600769360e+00 4.442055828226192382e+00 4.218305614600769360e+00 -5.045855838765385926e+01
1.674665761624888560e+01 6.275438025044923762e+00 -3.278130000308568714e+00 6.275438025044923762e+00 1.674003303608312265e+01 3.330966045751849958e+00 -3.278130000308568714e+00 3.330966045751849958e+00 -2.468632400883531020e+01
-9.609351915609186889e+00 9.526831698213600319e+00 -4.755542657314768995e+00 9.526831698213600319e+00 1.999217751732146109e+00 2.063955880131690179e+00 -4.755542657314768995e+00 2.063955880131690179e+00 1.114905972618467800e+01
3.545961835192240130e+01 1.169502583532307405e+00 4.716033087469519103e+00 1.169502583532307405e+00 -7.984235550240137869e+00 8.364366447124282899e+00 4.716033087469519103e+00 8.364366447124282899e+00 -3.265228288066522566e+01
-2.934643781031869847e-01 -9.982506290754441736e+00 -1.043000704390203026e+01 -9.982506290754441736e+00 -1.393717073813787843e+00 -5.844774001268369101e-01 -1.043000704390203026e+01 -5.844774001268369101e-01 -4.517175131664978949e+01
6.604159449228235168e+00 -3.903564068410750654e+00 2.458996924881716062e+00 -3.903564068410750654e+00 4.688457497607504548e-02 -7.651622946614345944e-01 2.458996924881716062e+00 -7.651622946614345944e-01 -1.523188073035398560e+01
-1.082334440922297780e+01 6.108792894649042182e+00 -8.522429029929279309e+00 6.108792894649042182e+00 -1.278960530558907571e+01 -7.331852891302911068e+00 -8.522429029929279309e+00 -7.331852891302911068e+00 -7.546521965965503398e+01
8.409939704146102812e+00 1.163536011358285771e+00 -4.897475350615410505e+00 1.163536011358285771e+00 -1.610380771783903953e+01 -1.203358869291840172e+01 -4.897475350615410505e+00 -1.203358869291840172e+01 -4.959767649634051168e+01
3.102836684628575981e+01 1.314159546996468997e+01 2.650538449417849218e+00 1.314159546996468997e+01 8.944827267998077147e+00 1.658875679173863915e+01 2.650538449417849218e+00 1.658875679173863915e+01 -8.218980843300300876e-01
-2.389977324585334628e+00 2.025010131812695491e+01 -1.056462567243480422e+01 2.025010131812695491e+01 1.648852285617056523e+01 -8.403324012828010225e+00 -1.056462567243480422e+01 -8.403324012828010225e+00 -3.820297841228351388e+01
-1.639140264359427235e+01 4.719322034101703700e+00 8.720030226662213835e+00 4.719322034101703700e+00 -2.420802565092111180e+01 -2.345787360580167125e+00 8.720030226662213835e+00 -2.345787360580167125e+00 -4.871957336786279313e+01
-2.412936241308824226e+00 9.247851614634626571e+00 1.109165749996119388e+01 9.247851614634626571e+00 -3.408310712706273282e+00 1.417641097034315756e+01 1.109165749996119388e+01 1.417641097034315756e+01 -3.158155413920566446e+01
-2.641289784768652993e+01 1.082578003399648026e+01 -1.718645243743360140e+01 1.082578003399648026e+01 -2.504012930248150415e+00 6.400142195700601278e+00 -1.718645243743360140e+01 6.400142195700601278e+00 -2.756639143956643068e+01
-1.744944330446274350e+01 1.115247504329210670e+01 -1.064228020131678498e+01 1.115247504329210670e+01 -2.003924353963945038e+01 -3.168792069350439888e+00 -1.064228020131678498e+01 -3.168792069350439888e+00 -5.664146077697858317e+01
-9.956411675954567997e+00 9.543305776346057812e+00 3.563419053454850993e-01 9.543305776346057812e+00 -5.865161839164851898e+00 -9.642435611367835335e+00 3.563419053454850993e-01 -9.642435611367835335e+00 8.205786013334492424e+00
-1.436618693897583121e+01 1.259980831391649581e+01 -1.429044355042031000e+01 1.259980831391649581e+01 -4.461103217001377175e+01 8.804711113305854653e+00 -1.429044355042031000e+01 8.804711113305854653e+00 -4.089569499571609867e+01
1.905286805813054585e+01 1.674037253296184957e+01 5.311501831850744537e+00 1.674037253296184957e+01 2.258519045633772748e+01 -1.341430509121842718e+01 5.311501831850744537e+00 -1.341430509121842718e+01 -2.634033835616694930e+01
1.474244953745722597e+01 -1.100654197734083573e+00 2.485628984259112828e-01 -1.100654197734083573e+00 3.338065043357463679e+01 8.964522200635061111e+00 2.485628984259112828e-01 8.964522200635061111e+00 -2.587838267422131722e+01
-1.412325964512459464e+01 1.246521071867888963e+01 -3.582471106091024815e+00 1.246521071867888963e+01 -5.207785316208441095e+00 1.674426440157829710e+00 -3.582471106091024815e+00 1.674426440157829710e+00 6.482807594969234088e+00
2.436777724226510600e+01 1.296656057615836488e+01 -4.131123172112274311e+00 1.296656057615836488e+01 2.502538691515518821e+01 -1.293400370418674505e+01 -4.131123172112274311e+00 -1.293400370418674505e+01 -2.659402285755945883e+01
1.985546506977019376e+01 1.685717772064015918e+01 1.325807933985421627e+01 1.685717772064015918e+01 -1.687614465979542011e+00 -7.884500672170065450e+00 1.325807933985421627e+01 -7.884500672170065450e+00 -1.470275571844597984e+01
-3.983414407624294995e+01 2.722988449078061279e+01 2.361084840243942296e+01 2.722988449078061279e+01 -1.596196854777173435e+01 2.332897407215754448e+00 2.361084840243942296e+01 2.332897407215754448e+00 -4.229463947826538828e+01
7.839217735340446325e+01 2.501915838482813736e+00 -3.802221203427245566e+00 2.501915838482813736e+00 5.968300656882733080e+01 2.017746295126665146e+01 -3.802221203427245566e+00 2.017746295126665146e+01 2.740148253017605740e+01
-7.490985361449841839e+00 -4.268245838235142919e+00 1.794098559673060533e+00 -4.268245838235142919e+00 -1.414931539224867585e+01 -1.063967975390575660e+01 1.794098559673060533e+00 -1.063967975390575660e+01 -4.033088542475406513e+01
3.350939237922152358e+01 2.567930254199987061e+01 9.579544418238870040e-01 2.567930254199987061e+01 3.981524965413776584e+01 -1.023579747104592919e+01 9.579544418238870040e-01 -1.023579747104592919e+01 2.704040216048439138e+00
2.929698729362939247e+01 1.289598146332277873e+00 3.352115554460627145e+00 1.289598146332277873e+00 2.001466909696432595e+01 3.012165307106334122e+00 3.352115554460627145e+00 3.012165307106334122e+00 4.711081130045089438e+00
-7.824295888663875154e+00 -4.960900792931788317e+00 5.139157692513788511e+00 -4.960900792931788317e+00 9.215768932742204100e+00 -3.899917496769121694e+00 5.139157692513788511e+00 -3.899917496769121694e+00 -3.863160487248123331e+01
3.028547272405478452e+01 4.452201193763991038e-01 1.656810266846042978e+01 4.452201193763991038e-01 4.501908398130265709e+01 -5.776212529665914808e+00 1.656810266846042978e+01 -5.776212529665914808e+00 1.368120793019628856e+01
-1.654319614843917918e+01 -2.169830275514614826e+01 -1.758521674651813305e+00 -2.169830275514614826e+01 -9.377172347753560899e+00 -1.247624603464952919e+01 -1.758521674651813305e+00 -1.247624603464952919e+01 -2.485241563002387366e+01
9.586271067753315833e+00 -7.667368498235598295e+00 1.025805334713741068e+01 -7.667368498235598295e+00 2.271416269937157040e+01 -3.300881965814536301e+00 1.025805334713741068e+01 -3.300881965814536301e+00 6.193830931060050560e+00
2.218892018342613959e+00 2.486164878840126935e+00 -2.271247365063009394e+00 2.486164878840126935e+00 -4.569488023302611168e+00 4.013824179260701897e+00 -2.271247365063009394e+00 4.013824179260701897e+00 -9.393435892061789971e+00
5.029931138065698804e+01 8.384362961690449367e+00 -1.957923802703302352e+00 8.384362961690449367e+00 4.385491236519555258e+01 -3.667814953973996595e+00 -1.957923802703302352e+00 -3.667814953973996595e+00 -2.668177281442756676e+00
1.918757088748365192e+01 1.963974547999345432e+01 1.638321206514987338e+01 1.963974547999345432e+01 1.132134317962365699e+01 9.120161680653740888e+00 1.638321206514987338e+01 9.120161680653740888e+00 2.985378279859917328e+00
8.551027915296520732e+00 3.296606410401027087e+00 -4.863644778747669761e+00 3.296606410401027087e+00 1.562915716970318059e+01 1.958831620225729653e+00 -4.863644778747669761e+00 1.958831620225729653e+00 -9.585830913846217882e+00
-2.219002383995492167e+01 1.379760355704637220e+01 -1.295834870047136489e+00 1.379760355704637220e+01 1.151267234469486728e-01 -5.810927648242173449e-01 -1.295834870047136489e+00 -5.810927648242173449e-01 -1.266999738001429288e+00
-7.216838359813964487e+00 4.628673177917811188e+00 -4.086572853424842444e-01 4.628673177917811188e+00 -1.083727603350381230e+01 -2.059322958725006814e+00 -4.086572853424842444e-01 -2.059322958725006814e+00 -4.296619363974050998e+01
5.598254626186172089e+00 -4.015814541689541883e+00 4.928549425178049281e-01 -4.015814541689541883e+00 -1.022717209624314005e+00 -1.132495737284245685e+01 4.928549425178049281e-01 -1.132495737284245685e+01 5.204868487079158612e+00
2.185170005489209188e+01 6.701199515326517364e+00 -7.260773674367019481e+00 6.701199515326517364e+00 3.031610722423419091e+01 -4.684464465047826209e+00 -7.260773674367019481e+00 -4.684464465047826209e+00 1.189182763969752976e+01
4.425905498409692740e+01 2.034566546417523103e+00 -4.273691392460961858e+00 2.034566546417523103e+00 4.329204386254190950e+01 -4.173628797036291971e+00 -4.273691392460961858e+00 -4.173628797036291971e+00 5.937768726809009578e+00
-1.792678989876558759e+01 -5.051357135996383363e+00 7.025230721259007716e+00 -5.051357135996383363e+00 -2.309796944174486200e+01 -1.362438773907500567e+00 7.025230721259007716e+00 -1.362438773907500567e+00 -3.738350155287538712e+01
2.374540920535022792e+01 1.068087635465281515e+00 -5.217533073935064492e-01 1.068087635465281515e+00 2.338308468773322701e+01 -1.327623382207165825e+01 -5.217533073935064492e-01 -1.327623382207165825e+01 -8.406033844152362988e+00
1.016492865520860533e+01 -6.835923157793127203e+00 3.190239521959129521e-01 -6.835923157793127203e+00 1.222613271117940315e+01 1.695008410108011399e+00 3.190239521959129521e-01 1.695008410108011399e+00 -2.617196873165919868e+01
-4.464192654371548485e+01 1.677236832601295546e+01 6.693769173479718226e+00 1.677236832601295546e+01 -4.942994659468606500e+01 -3.586334478694473749e+00 6.693769173479718226e+00 -3.586334478694473749e+00 -6.237966027350510245e+01
-1.939677279720650560e+01 2.169950831264692237e+00 1.839669939612415872e+00 2.169950831264692237e+00 -3.132522685311727884e+01 -6.953629985180697082e-01 1.839669939612415872e+00 -6.953629985180697082e-01 3.708643990372556765e+00
-8.632024658230921688e+00 -6.193126821886136391e+00 1.521975656010237721e+01 -6.193126821886136391e+00 5.579299883701388518e-01 1.409837642800013491e+01 1.521975656010237721e+01 1.409837642800013491e+01 -3.007378490489216460e+01
3.085212098146381621e+01 -4.127167735536873217e+00 1.223629750276620243e+01 -4.127167735536873217e+00 4.568448356554042533e+01 -1.779845521438355149e+01 1.223629750276620243e+01 -1.779845521438355149e+01 -1.097577005777814385e+01
-4.230359267297218651e+01 2.565962029672155698e+00 -7.046694496017402720e+00 2.565962029672155698e+00 -8.752993932605255267e+00 1.901700431997495055e+00 -7.046694496017402720e+00 1.901700431997495055e+00 -5.627211591492055476e+01
-8.090000102854427055e+00 8.459399638149500689e+00 4.920864498798827924e+00 8.459399638149500689e+00 -7.931816066206204274e-01 -6.390861945425641011e+00 4.920864498798827924e+00 -6.390861945425641011e+00 -4.448719757129082808e+01
-9.303738415759591263e+00 3.534676162149327450e+00 -7.844795317734837958e+00 3.534676162149327450e+00 -3.412212577847288486e+01 -9.518528626287482197e+00 -7.844795317734837958e+00 -9.518528626287482197e+00 -5.930430057809891053e+01
-4.200186089379084819e+01 1.332249182863142867e+00 -1.504920064554695180e+00 1.332249182863142867e+00 -4.263917987753288230e+00 2.611503741896790132e+01 -1.504920064554695180e+00 2.611503741896790132e+01 -4.189803197422877901e+01
1.653171574194144000e+01 4.128550981261249753e+00 -6.646128261131788229e+00 4.128550981261249753e+00 2.487386747372013929e+01 -3.241714933896995721e+00 -6.646128261131788229e+00 -3.241714933896995721e+00 -1.453380696744141165e+00
4.938306929820512892e+01 -2.887236260178824843e+00 1.079517619550802277e+00 -2.887236260178824843e+00 5.366314867258629562e+01 9.610886445597750516e-01 1.079517619550802277e+00 9.610886445597750516e-01 2.294502240001182258e+01
-6.025524312752523315e+00 -1.762358268834767649e+00 -1.177251179729701391e+01 -1.762358268834767649e+00 -6.388200544914920620e+00 6.653201247552016362e+00 -1.177251179729701391e+01 6.653201247552016362e+00 -2.818462153806887471e+01
-2.350558000291269067e+01 -3.164335935542829770e+00 -1.556489003508398028e+00 -3.164335935542829770e+00 -3.689389998601938458e+01 1.820931955452960160e+00 -1.556489003508398028e+00 1.820931955452960160e+00 -4.282431823766066969e+01
-3.099173526306341131e+01 -9.818623900578682395e+00 -1.164546924718031207e+01 -9.818623900578682395e+00 -1.994773584053542237e+01 -3.076894439779574331e+00 -1.164546924718031207e+01 -3.076894439779574331e+00 -2.836970458643233783e+01
2.585819067887985767e+01 -5.587909169244410279e+00 -1.652083119174543313e+00 -5.587909169244410279e+00 1.366403140570425201e+01 -6.436337920844318106e+00 -1.652083119174543313e+00 -6.436337920844318106e+00 -3.722251429580861526e+00
3.275598576697435504e+01 4.085431374518326386e+00 1.135563903696548138e+00 4.085431374518326386e+00 2.873766357043411190e+01 -3.245585638539039586e+00 1.135563903696548138e+00 -3.245585638539039586e+00 1.998773724013670039e+00
-1.440080728605492055e+01 -1.083578738228288652e+00 -6.254909646851837479e+00 -1.083578738228288652e+00 -5.033154014237754659e+00 8.598616249208804518e+00 -6.254909646851837479e+00 8.598616249208804518e+00 -2.864060601566819386e+01
-3.883911974241546261e+01 6.839704539965783425e+00 -2.256299094157117047e+00 6.839704539965783425e+00 -4.716682460806640620e+01 -1.678634130137791614e+00 -2.256299094157117047e+00 -1.678634130137791614e+00 -7.233876098407452560e+01
4.779238623330083158e+01 -8.332873702540030791e+00 2.930389867196990128e+00 -8.332873702540030791e+00 6.266412312741004342e+01 -7.596869216237296385e+00 2.930389867196990128e+00 -7.596869216237296385e+00 1.481025097162975257e+01
1.147318611096293672e+01 1.170288928949715368e+00 2.405197431433200084e+00 1.170288928949715368e+00 1.316447413507296638e+01 7.439490675086377625e-01 2.405197431433200084e+00 7.439490675086377625e-01 -3.788555396588724644e+00
2.963598467087703270e+01 -4.214669193365256028e+00 1.898527591323751817e+00 -4.214669193365256028e+00 3.108200828406376814e+01 6.939457695788942004e+00 1.898527591323751817e+00 6.939457695788942004e+00 2.781198864460699482e+01
6.003019539548254180e+00 2.063328624931236277e+01 2.004181325916989920e+01 2.063328624931236277e+01 3.641996626434377049e+00 7.151046455615240660e+00 2.004181325916989920e+01 7.151046455615240660e+00 -1.196335860788901684e+01
2.435105129130403867e+01 -7.074361462757271513e-01 -1.469207762024317532e+01 -7.074361462757271513e-01 3.288454075390824016e+01 -3.953073071427705809e+00 -1.469207762024317532e+01 -3.953073071427705809e+00 -6.021150304466833525e+00
2.156771343217991443e+01 -9.601400378114328671e-01 3.538463507907790628e+00 -9.601400378114328671e-01 3.120282140697304030e+01 -9.610042650366256822e+00 3.538463507907790628e+00 -9.610042650366256822e+00 -1.125307261537547276e+01
1.641697256845748498e+01 7.879732111616013057e+00 -1.382445209125032370e+01 7.879732111616013057e+00 2.003173391314545881e+01 -5.150412015411436784e+00 -1.382445209125032370e+01 -5.150412015411436784e+00 -2.255768109182537628e+01
-2.389544823285887176e+01 -4.209038067024986063e+00 3.315913297943785309e+00 -4.209038067024986063e+00 -2.151407313713825786e+01 -8.837271618297855014e+00 3.315913297943785309e+00 -8.837271618297855014e+00 -5.938987781226851581e+01
3.046313725371089909e+00 3.025795883813812703e-01 4.450115659493674158e+00 3.025795883813812703e-01 1.198746692541541314e+01 -6.675963409404869209e-01 4.450115659493674158e+00 -6.675963409404869209e-01 -1.697984938926381915e+01
3.345425115970991126e+00 -4.558710785987183378e-01 -2.216839777004043222e-01 -4.558710785987183378e-01 9.476354352282818638e+00 -7.245400119727465338e+00 -2.216839777004043222e-01 -7.245400119727465338e+00 -2.009296090563569592e+01
1.544466278686764404e+01 1.708908320401297365e+00 2.734971252625933769e+00 1.708908320401297365e+00 1.776823331286094998e+01 -4.645831867310167063e+00 2.734971252625933769e+00 -4.645831867310167063e+00 -3.276279700024055330e+01
1.669842206012947727e+01 -5.190022882455906927e-01 -5.399365265978588180e-02 -5.190022882455906927e-01 2.073004306524996565e+01 -5.776500282980431500e+00 -5.399365265978588180e-02 -5.776500282980431500e+00 -1.325986999414006284e+01
-3.201616987148987903e+01 -1.957138423660397564e+01 -1.161889076999499615e+01 -1.957138423660397564e+01 -3.233507667874302882e+01 -1.335908340673232964e+01 -1.161889076999499615e+01 -1.335908340673232964e+01 -3.027229620043696556e+01
1.810085127778803127e+01 -6.416212155841470199e+00 1.285682860582331521e+01 -6.416212155841470199e+00 3.983276934963937066e+01 1.309739227683633445e+01 1.285682860582331521e+01 1.309739227683633445e+01 -2.212138463530733734e+00
5.357816902762708366e+01 -1.558401328876167113e+00 2.577414334525046868e+00 -1.558401328876167113e+00 5.830467425881746379e+01 1.038370493136662631e+00 2.577414334525046868e+00 1.038370493136662631e+00 1.222197676230490515e+01
1.116143334902712780e+01 -6.192944082329993272e+00 2.355535477599566274e+00 -6.192944082329993272e+00 1.789124375705960190e+01 -5.035913913022468380e-01 2.355535477599566274e+00 -5.035913913022468380e-01 -1.542798376777138536e+01
1.228139217016623874e+00 8.230887608746680684e+00 -2.339848239251868911e+00 8.230887608746680684e+00 -7.064732660485442572e+00 -6.453705762939134782e-01 -2.339848239251868911e+00 -6.453705762939134782e-01 -4.180928419049722322e+01
2.590563712155050169e+01 -1.832922200607929097e+00 -8.153472094906380363e+00 -1.832922200607929097e+00 -1.345775672804481893e+01 5.796893693202732400e+00 -8.153472094906380363e+00 5.796893693202732400e+00 1.103553971117673882e+01
3.440645982678703518e+01 1.285480904810006741e+01 -6.629110753310895277e+00 1.285480904810006741e+01 3.205684934483288373e+01 -4.917245411832078084e+00 -6.629110753310895277e+00 -4.917245411832078084e+00 -6.038047100693209934e+00
4.253891419943018093e+01 -1.448512013542906374e+00 -9.319309325539409272e+00 -1.448512013542906374e+00 3.570367049676300297e+01 1.728525098805129057e+00 -9.319309325539409272e+00 1.728525098805129057e+00 -8.776119055405212421e+00
1.307512309435069753e+01 -3.823150324239962927e+00 -1.089047195980523774e+01 -3.823150324239962927e+00 -1.253727365912007485e+01 6.526112176859057534e+00 -1.089047195980523774e+01 6.526112176859057534e+00 -2.354473946858835376e+01
-1.165676666063296230e+00 1.717791584899560631e+00 -4.422685741906819956e+00 1.717791584899560631e+00 -3.672202875576767500e+00 -2.206387591503594425e+00 -4.422685741906819956e+00 -2.206387591503594425e+00 -2.101519700929738477e+01
1.973430626233730578e+01 5.895370390641727631e+00 1.123734239847921579e+01 5.895370390641727631e+00 9.863919262910005870e+00 1.462131068804530365e+01 1.123734239847921579e+01 1.462131068804530365e+01 -2.511213637230102691e+01
4.401313088656864103e+00 -3.265141368616228501e+00 -3.771903638981259355e-01 -3.265141368616228501e+00 4.546079980326474868e+00 5.149237986425132529e-01 -3.771903638981259355e-01 5.149237986425132529e-01 -9.996975119322327075e+00
2.836726617969898001e+01 -4.447087283083322795e+00 6.188901593570556692e+00 -4.447087283083322795e+00 2.903469939285852419e+01 -1.318347168080929244e+01 6.188901593570556692e+00 -1.318347168080929244e+01 4.191216907643899314e-01
2.218063318818646934e+01 1.416832761938164076e+01 3.182087033100626794e+00 1.416832761938164076e+01 1.282577933370214218e+01 8.228953874056450957e+00 3.182087033100626794e+00 8.228953874056450957e+00 -1.452430799427758323e+01
-1.157507608492272766e+01 1.665252468080087755e+00 6.160676123016542327e+00 1.665252468080087755e+00 -6.105193704108305752e+00 -6.386525826520563776e+00 6.160676123016542327e+00 -6.386525826520563776e+00 -3.141067023827201510e+01
1.923779895528802442e+01 7.796317265841636868e+00 1.521286409944344387e+00 7.796317265841636868e+00 -2.380207509594835180e+00 -1.576134915731884689e+00 1.521286409944344387e+00 -1.576134915731884689e+00 -2.441344302589324400e+01
-6.599821845033291723e+00 2.328838411445140810e+00 8.733839534626657297e+00 2.328838411445140810e+00 -2.905674389323551043e+00 8.480618270301622630e+00 8.733839534626657297e+00 8.480618270301622630e+00 1.437314927003579434e+00
1.292301208669810464e+01 5.204970366875518728e+00 2.735423775164905535e+00 5.204970366875518728e+00 1.399705945483317748e+01 -6.613748672698662734e-01 2.735423775164905535e+00 -6.613748672698662734e-01 -3.731207174484056033e+00
-1.281337558279595079e+01 -1.292638858071127750e+01 1.452234414107850213e+01 -1.292638858071127750e+01 -1.661858708197474854e+01 -5.691831537257095341e+00 1.452234414107850213e+01 -5.691831537257095341e+00 -3.161509747794075764e+01
-4.134624377122058547e+01 1.436019496207561019e+01 4.814081246165322625e+00 1.436019496207561019e+01 -5.930124213229470342e+01 -1.623956172251979169e+01 4.814081246165322625e+00 -1.623956172251979169e+01 -6.602519301395223295e+01
3.757897294234779650e+01 6.791319821480694685e+00 -6.068102303488339899e+00 6.791319821480694685e+00 3.899383705908681463e+01 -2.907105589707680515e+00 -6.068102303488339899e+00 -2.907105589707680515e+00 7.771967386647315124e+00
2.390062358271551091e+01 -4.576702582863557467e+00 -2.896291645637535606e+00 -4.576702582863557467e+00 1.412393294506324892e+01 -8.523525266138531009e+00 -2.896291645637535606e+00 -8.523525266138531009e+00 8.628275474460679106e+00
-1.200573013804299904e+01 -7.140302365264038720e+00 -7.962090756686757143e-01 -7.140302365264038720e+00 -4.345343960027697960e+01 5.268656336586075462e+00 -7.962090756686757143e-01 5.268656336586075462e+00 -6.864798960965769936e+01
-8.505177791385067465e+00 -7.279215734069522270e+00 -1.494873077536513994e+00 -7.279215734069522270e+00 2.248651728547162421e+01 -5.091639710502455785e+00 -1.494873077536513994e+00 -5.091639710502455785e+00 -2.142134279164549682e+01
3.190575891416648346e+01 6.567257952665063847e+00 2.403585100146436204e+01 6.567257952665063847e+00 5.111293255170938465e+01 1.191265944493950890e+01 2.403585100146436204e+01 1.191265944493950890e+01 5.145734119901278270e+00
