4.465797505337733497e+01 -5.898599206287370222e+00 2.851654153123080349e+01 -5.898599206287370222e+00 -8.045675287348249327e+00 1.995310861977019901e+00 2.851654153123080349e+01 1.995310861977019901e+00 4.677986794326144171e+00
5.435659549941670221e+00 1.228971297817097186e-01 2.086019029664762314e+01 1.228971297817097186e-01 -9.686390412477097200e+00 -2.419924985705214748e+00 2.086019029664762314e+01 -2.419924985705214748e+00 3.096428068314961202e+00
1.558259888927986125e+01 8.496963366166401244e+00 4.027506654126635333e+00 8.496963366166401244e+00 4.218694438439730909e+00 -1.932228929336163503e+01 4.027506654126635333e+00 -1.932228929336163503e+01 3.421620115445853116e+01
1.361913155606176673e+01 8.466939867300347089e+00 1.482585317537324521e+01 8.466939867300347089e+00 -2.151414697859951985e+01 -1.739866296358117070e+00 1.482585317537324521e+01 -1.739866296358117070e+00 -7.899305950029731349e-01
-1.751268670446883391e+01 -8.734166116042958450e+00 1.853413817126498486e+01 -8.734166116042958450e+00 -3.418065445840116467e+01 3.899622414226583622e+00 1.853413817126498486e+01 3.899622414226583622e+00 -5.852885738294205886e+00
-1.182735021280754317e+01 4.508620585967658023e+00 7.421779214384534029e+00 4.508620585967658023e+00 -2.201352882702015279e+01 3.148015992058731394e-01 7.421779214384534029e+00 3.148015992058731394e-01 6.266836247665454884e+00
-2.159533386939863409e+00 1.422168494231247360e-01 2.496207070596803845e+01 1.422168494231247360e-01 -5.734860845079284175e+00 3.055793515173059305e+00 2.496207070596803845e+01 3.055793515173059305e+00 1.004259695275899666e+01
-8.853585522337642288e+00 2.898793474638669210e+00 1.948396781570421865e+01 2.898793474638669210e+00 -4.249964004055992461e+01 -4.041388712712275399e+00 1.948396781570421865e+01 -4.041388712712275399e+00 1.023969554111566982e+00
4.856169581654415879e+01 3.689913663182742276e+00 6.266056277936254304e+01 3.689913663182742276e+00 -7.225918981639234850e+00 3.158108854107407382e+00 6.266056277936254304e+01 3.158108854107407382e+00 2.847494089489718760e+01
7.692268902433376354e+00 4.294026993039164353e+00 8.254070509114697529e+00 4.294026993039164353e+00 -4.729837363361015790e+00 -6.113585822260565017e+00 8.254070509114697529e+00 -6.113585822260565017e+00 6.227244862585296303e+00
3.813237049841663406e+01 9.313957786514540871e+00 1.041563240596494033e+01 9.313957786514540871e+00 1.358995261910515140e+01 -1.316840261844185900e+00 1.041563240596494033e+01 -1.316840261844185900e+00 2.846263598021060304e+01
4.940678782418978621e+00 1.593203062930654923e+01 4.199360025738414492e+00 1.593203062930654923e+01 -3.473112129093599521e+01 -3.287458458179236320e+00 4.199360025738414492e+00 -3.287458458179236320e+00 -4.827370805882388538e+00
-2.493878028161412885e+01 7.877133702233582113e+00 1.599949771230261852e+01 7.877133702233582113e+00 -3.419258474177254925e+01 -1.075697703554796270e-01 1.599949771230261852e+01 -1.075697703554796270e-01 -1.645194893792153223e+01
-2.329565761813306324e+01 -7.596525191581858572e+00 6.260187489100790259e+00 -7.596525191581858572e+00 -4.496567914588248982e+01 -1.616509589167698158e+00 6.260187489100790259e+00 -1.616509589167698158e+00 -1.431399573159102090e+01
1.402201443186414664e+01 9.287278259937234992e+00 5.419120757628844487e+00 9.287278259937234992e+00 -1.146809715156827991e+01 -1.980801703774268008e+00 5.419120757628844487e+00 -1.980801703774268008e+00 2.094693669154762361e+01
4.088835816561459779e+01 9.422112940783355484e+00 1.912155520781840323e+01 9.422112940783355484e+00 4.283137610145375085e+00 -9.437916048587474682e-01 1.912155520781840323e+01 -9.437916048587474682e-01 6.538183769488172814e+00
-7.461507515555584114e+00 3.246214093179327076e+00 7.998883448904362758e+00 3.246214093179327076e+00 -1.214764364914017492e+01 -3.169518382138344581e+00 7.998883448904362758e+00 -3.169518382138344581e+00 -1.296297015906806571e+01
-8.480941347788329310e+00 8.084071283397973318e+00 3.416700509323446155e+00 8.084071283397973318e+00 -2.106670515045665937e+01 -3.801020386713391375e+00 3.416700509323446155e+00 -3.801020386713391375e+00 -9.608743200871005641e+00
-1.487085592479949803e+01 5.925229910459359317e+00 1.557215365349854785e+01 5.925229910459359317e+00 -2.286409241897576194e+01 -2.707586221833741674e-02 1.557215365349854785e+01 -2.707586221833741674e-02 -5.898368595485225185e+00
8.994969805222911674e+00 9.591885469408891751e+00 3.261269575695114664e+00 9.591885469408891751e+00 -5.029615117641645927e-01 -4.528512117612816468e+00 3.261269575695114664e+00 -4.528512117612816468e+00 1.967675181694982456e+01
-1.691615139914866361e+01 4.483195833806813191e+00 1.197908537072333957e+01 4.483195833806813191e+00 -4.061396756578857747e+01 -1.447858253853546096e+01 1.197908537072333957e+01 -1.447858253853546096e+01 -2.763727619914612532e+01
2.268257070781983487e+01 4.730353971024417348e+00 -2.844679459399241939e+00 4.730353971024417348e+00 7.006450900068033505e+00 -7.481042069436847797e+00 -2.844679459399241939e+00 -7.481042069436847797e+00 2.702117014456862165e+01
-2.598784281638649674e+01 2.612084213419066714e+00 5.038898349109943275e+00 2.612084213419066714e+00 -2.340169408779692617e+01 -1.091233343526852906e+01 5.038898349109943275e+00 -1.091233343526852906e+01 -2.411291370036899906e+01
3.844643956717662547e+01 2.607999412138563677e+00 4.634696130080537380e+00 2.607999412138563677e+00 2.021656995597351525e+01 1.553782194876816292e-01 4.634696130080537380e+00 1.553782194876816292e-01 3.787683438098123645e+01
-2.421110060679995346e+00 -1.178628522374285126e+01 3.693186342007778039e-02 -1.178628522374285126e+01 -3.638536152472768492e+01 -7.292999171045446261e+00 3.693186342007778039e-02 -7.292999171045446261e+00 -6.530889880370740030e+00
3.239918691803504203e+01 1.359826673920541573e+01 3.546705773835748232e+01 1.359826673920541573e+01 8.244485577068395799e+00 -7.731931307981176893e+00 3.546705773835748232e+01 -7.731931307981176893e+00 2.233449263004235874e+01
2.088513149430096050e+01 4.952152911121114442e+00 6.659345326886297656e+00 4.952152911121114442e+00 3.940392262612577579e+00 -2.814681331841260459e+00 6.659345326886297656e+00 -2.814681331841260459e+00 1.875607436217395474e+01
2.171110407597406677e+01 8.251483054378921267e+00 1.645539867584359994e+00 8.251483054378921267e+00 8.640609310765876572e+00 -1.539566655185685207e+01 1.645539867584359994e+00 -1.539566655185685207e+01 1.846252613259154884e+01
2.381120673450786640e+01 2.675135959556797172e+00 1.465770252036450394e+01 2.675135959556797172e+00 -1.760778094430882490e+01 2.555639324172084414e+01 1.465770252036450394e+01 2.555639324172084414e+01 -1.332889410489361381e+01
1.235198544988170433e+01 5.733165673182108790e+00 3.916941839840702499e+01 5.733165673182108790e+00 -4.271276553191633951e+01 -3.804177068338598033e+00 3.916941839840702499e+01 -3.804177068338598033e+00 -2.356971718577036867e+01
1.847431687266989186e+01 1.501003882682001489e+01 1.898490854031156516e+01 1.501003882682001489e+01 -3.634874704144977375e+00 -7.020783456261905364e+00 1.898490854031156516e+01 -7.020783456261905364e+00 2.214725545396525064e+01
-8.971697486489389917e+00 1.004624421671302059e+01 3.052612731531320378e+01 1.004624421671302059e+01 -3.197718747266691253e+01 2.745837121374271050e-01 3.052612731531320378e+01 2.745837121374271050e-01 -2.978567600951918237e+01
4.379127801371138773e+00 8.382196598001849352e+00 5.291001537095045393e+00 8.382196598001849352e+00 -3.298749472828985319e+01 -5.131750826727475179e+00 5.291001537095045393e+00 -5.131750826727475179e+00 -7.322523920354331750e+00
8.367670446026135522e+00 1.157649005656575092e+01 9.357607798780026798e+00 1.157649005656575092e+01 -2.024804153334527257e+01 1.024217253460600929e+01 9.357607798780026798e+00 1.024217253460600929e+01 -4.125595750902387948e+01
-1.222578772241086575e+01 5.919705769438666110e+00 8.728942594791829990e+00 5.919705769438666110e+00 -2.008742303905428628e+01 -2.042692215320289773e+00 8.728942594791829990e+00 -2.042692215320289773e+00 -4.925104039686111768e-01
1.457645382595978312e+01 7.892343368228053713e+00 5.682212861766996248e+00 7.892343368228053713e+00 -1.526763843737228932e+01 -1.058223689702497516e+01 5.682212861766996248e+00 -1.058223689702497516e+01 2.109038865264755813e+01
9.872538265157070114e+00 -4.779510716947611648e+00 1.712026793675640590e+01 -4.779510716947611648e+00 1.259625705188015843e+01 -1.832633938065530640e-02 1.712026793675640590e+01 -1.832633938065530640e-02 1.611845852418925062e+01
2.197638621959582750e+01 1.758099509541694694e+00 1.715666702768954011e+01 1.758099509541694694e+00 -1.349429247523656983e+01 6.648789463304709990e+00 1.715666702768954011e+01 6.648789463304709990e+00 9.749223334189382584e+00
-1.013868512128201438e+01 5.167883015715671324e-02 8.256468300058141807e+00 5.167883015715671324e-02 -4.685085357276470575e+01 -6.908514607688978515e+00 8.256468300058141807e+00 -6.908514607688978515e+00 -1.029376590789361856e+01
4.038441014919028760e+01 -2.534224897198024129e-01 6.177322037558892198e+00 -2.534224897198024129e-01 3.513492375958608704e+01 -4.854987712925607823e+00 6.177322037558892198e+00 -4.854987712925607823e+00 4.706781067094578219e+01
4.556378185307166717e+01 -7.414325446319618429e+00 1.281567788001382802e+01 -7.414325446319618429e+00 2.457047307356623023e+01 -7.076109134477407636e+00 1.281567788001382802e+01 -7.076109134477407636e+00 3.740199546134884656e+01
1.244897261200632421e+01 1.321541399532078032e+01 1.083001793477935060e+01 1.321541399532078032e+01 -6.006861183253127123e+00 -9.400260338928291048e+00 1.083001793477935060e+01 -9.400260338928291048e+00 1.341899798265104593e+01
3.436481472602026344e+01 -1.872605980215195753e+00 6.936859040568490009e+00 -1.872605980215195753e+00 1.481077586949266056e+01 1.673436189284911002e+00 6.936859040568490009e+00 1.673436189284911002e+00 2.735857656941914229e+01
5.480950113857689487e+00 4.390273655649830076e+00 2.622344836356607090e+01 4.390273655649830076e+00 -1.467613940363389524e+01 -2.463408828370667880e+00 2.622344836356607090e+01 -2.463408828370667880e+00 2.167805320967684679e+01
3.452606743136907141e+01 -1.949426371250514656e+00 1.392076494282174082e+01 -1.949426371250514656e+00 1.690052888919300944e+00 2.074669962750146723e+01 1.392076494282174082e+01 2.074669962750146723e+01 4.367113402556231705e+00
5.994178543715442231e+00 -5.854299664231758626e+00 4.548090290713508210e+01 -5.854299664231758626e+00 -9.889546409225596690e+00 -4.737057323944017462e+00 4.548090290713508210e+01 -4.737057323944017462e+00 -7.297438012020283971e+00
1.798286006352225286e+01 2.455444682279933488e+01 2.519427028056094198e+00 2.455444682279933488e+01 -3.116765229469517351e+01 -8.499621219712373943e+00 2.519427028056094198e+00 -8.499621219712373943e+00 1.658703692602896185e+00
-2.206250999406495605e+00 3.990082562659608367e+00 2.922307723238937527e+01 3.990082562659608367e+00 -1.712131227952139412e+01 1.087457052930815138e+01 2.922307723238937527e+01 1.087457052930815138e+01 -1.021780319035480034e+01
-3.872511830392092236e+01 3.066658422202269474e+00 1.294036070312763975e+01 3.066658422202269474e+00 -7.724709454164828060e+01 1.400056808898769267e+00 1.294036070312763975e+01 1.400056808898769267e+00 -2.547205007633987961e+01
-1.187478372098728530e+00 2.725061531064624010e+00 5.635488060173567959e+00 2.725061531064624010e+00 -2.040274857431041156e+01 -2.752693932162987078e+00 5.635488060173567959e+00 -2.752693932162987078e+00 4.633091567255447352e+00
6.714636186577301658e+00 6.267952319078178292e+00 1.593346500925466813e+01 6.267952319078178292e+00 -3.119786468795579637e+01 7.954741064106394255e+00 1.593346500925466813e+01 7.954741064106394255e+00 2.399775750528077456e+00
7.463062546073569337e+00 1.987752299339641482e+01 -1.330638411058320481e+00 1.987752299339641482e+01 5.228703553704796114e+00 2.720445961024934522e+00 -1.330638411058320481e+00 2.720445961024934522e+00 2.697327692619906969e+01
-1.636053877164988235e-01 -3.937117456426692197e+00 4.211699726814771338e+00 -3.937117456426692197e+00 -6.544201315427740084e+00 -4.546922581831871923e+00 4.211699726814771338e+00 -4.546922581831871923e+00 -3.279701133563804216e+00
1.921448348233570513e+01 2.311430730497609609e+00 5.733254722632026734e+00 2.311430730497609609e+00 1.359259203672581151e+01 4.740228167755936028e-01 5.733254722632026734e+00 4.740228167755936028e-01 2.775440019461247942e+01
5.253886469874452558e+01 3.081427849592331736e+00 1.091051993906172868e+01 3.081427849592331736e+00 3.781085458779985231e+01 1.911334195179746898e+00 1.091051993906172868e+01 1.911334195179746898e+00 4.294676273256016685e+01
1.263963001425812394e+01 1.997791283047748667e+00 9.149813138871564888e+00 1.997791283047748667e+00 -2.013925270794683797e+01 6.444341761240016453e+00 9.149813138871564888e+00 6.444341761240016453e+00 -3.677879876785663971e+00
3.626768883309563307e+01 1.048865465120723428e+01 1.893702354073094085e+01 1.048865465120723428e+01 -6.284880994634313822e+00 -4.017022596950591051e+00 1.893702354073094085e+01 -4.017022596950591051e+00 4.374771399953312567e+01
-1.128360613539318713e+01 -5.908515200472676199e+00 4.491997861131163461e+01 -5.908515200472676199e+00 -5.248409266361922931e+01 -1.166677354737060490e+01 4.491997861131163461e+01 -1.166677354737060490e+01 -2.644963020332669856e+01
3.296247134942547774e+01 1.020070752213917231e+01 1.049162086665637084e+01 1.020070752213917231e+01 1.706206695246288163e+01 -7.064444436438403585e+00 1.049162086665637084e+01 -7.064444436438403585e+00 3.342024798484435166e+01
1.502910367728014229e+01 4.752814662795136869e+00 9.113025153244487697e+00 4.752814662795136869e+00 1.220072066676719835e+01 5.367622836831141164e+00 9.113025153244487697e+00 5.367622836831141164e+00 3.431122016417914011e+01
3.440707444537932869e+00 2.268332532392572531e+01 8.047224358661999588e+00 2.268332532392572531e+01 -3.705801757227344240e+01 1.023004397446636515e+00 8.047224358661999588e+00 1.023004397446636515e+00 -3.696353572108756591e+00
-5.838188128700320334e+00 9.127906323757207119e+00 1.753293567542421982e+01 9.127906323757207119e+00 -3.096681488691417528e+01 -9.493489863939307938e+00 1.753293567542421982e+01 -9.493489863939307938e+00 -9.310961271888702484e+00
-1.184940629142422353e+01 -1.072760532075125894e+01 1.580404466454585943e+01 -1.072760532075125894e+01 -6.319517311618038313e+00 -1.858963460144623525e+01 1.580404466454585943e+01 -1.858963460144623525e+01 -4.314626100584430191e+01
1.950364680829361674e+01 -9.277409468326290209e+00 3.472205357138105342e+01 -9.277409468326290209e+00 -9.122685604872151188e+00 1.403437997668941506e+00 3.472205357138105342e+01 1.403437997668941506e+00 -5.715906005667747980e-01
2.081908488122664025e+01 7.058661750905372401e+00 3.098981797666025884e+01 7.058661750905372401e+00 -2.170457630587728559e+01 -2.330942620776875529e+00 3.098981797666025884e+01 -2.330942620776875529e+00 2.688682426674994375e+01
5.952713163528319917e+00 7.076944213310810916e+00 9.274459350476528030e+00 7.076944213310810916e+00 -2.273852929702487913e+01 -1.963358320381398681e+00 9.274459350476528030e+00 -1.963358320381398681e+00 7.307448842136112788e+00
3.326415215318368723e+01 -3.519738540797838322e+00 1.499874611468159813e+01 -3.519738540797838322e+00 1.433950434479458380e+01 -2.595867732269270789e+01 1.499874611468159813e+01 -2.595867732269270789e+01 2.936721084685894567e+01
1.979138747489465899e+01 -2.782057580827622889e+00 9.056570685952799238e+00 -2.782057580827622889e+00 1.399659897088982419e+01 -3.123296404511900715e+00 9.056570685952799238e+00 -3.123296404511900715e+00 2.720989815790602506e+01
-4.054958225253007953e+01 -5.606161675912242348e-01 2.044417941459538213e+01 -5.606161675912242348e-01 -4.414015667391623765e+01 6.803449162017006557e+00 2.044417941459538213e+01 6.803449162017006557e+00 -4.942225892883779892e+01
6.216515889873076794e+00 7.496329576557820840e-01 1.331390365639354023e+01 7.496329576557820840e-01 -1.182368969507722234e+01 1.451404429258667639e+00 1.331390365639354023e+01 1.451404429258667639e+00 7.369551771836167831e+00
-1.273712486303083757e+01 1.244032961529694781e+01 1.253740286042316576e+01 1.244032961529694781e+01 -4.811951643007797941e+01 -5.969342815951479864e+00 1.253740286042316576e+01 -5.969342815951479864e+00 -2.206093323247256777e+01
3.398512771630554852e+01 -1.537254715717889172e-02 9.239846101321127492e+00 -1.537254715717889172e-02 1.387464147038263285e+01 2.532268359382128686e+00 9.239846101321127492e+00 2.532268359382128686e+00 3.760988187989477183e+01
2.129478190933784099e+00 1.651872114685320625e+01 1.388496232542421893e+01 1.651872114685320625e+01 -3.207127586017175958e+01 5.678822478740718438e+00 1.388496232542421893e+01 5.678822478740718438e+00 -9.928056467377537331e+00
-1.678162938149826289e+01 5.337405215770899325e+00 3.139444422446239003e+00 5.337405215770899325e+00 -3.371837514535297942e+01 -5.737345829978265144e+00 3.139444422446239003e+00 -5.737345829978265144e+00 -8.942213146584752081e+00
6.355994345939624424e+00 1.686439264101763413e+01 1.680090033615217848e+01 1.686439264101763413e+01 -1.860118299744802428e+01 -2.368872295701991426e+00 1.680090033615217848e+01 -2.368872295701991426e+00 8.647659133612718207e+00
5.406181865489769223e+01 -9.937428282665837997e+00 6.077356247788746835e+00 -9.937428282665837997e+00 3.491255454835108907e+01 3.587991836867449269e+00 6.077356247788746835e+00 3.587991836867449269e+00 4.264796167016341144e+01
5.696806315828413148e+01 -5.105071846694019477e+00 1.278965775917105674e+01 -5.105071846694019477e+00 2.799624093601484631e+01 -5.546220577074499891e-01 1.278965775917105674e+01 -5.546220577074499891e-01 2.843710033763783684e+01
1.507253246765134946e+01 -1.446037312447583822e+00 1.140469471579452332e+01 -1.446037312447583822e+00 -7.619030871600397603e+00 -2.530383250289287123e+00 1.140469471579452332e+01 -2.530383250289287123e+00 1.368635344278348676e+01
-1.178317573761269621e+01 -1.101983629398011288e+01 5.402037073567948156e+00 -1.101983629398011288e+01 -3.817555742097129468e+01 8.034159789736237262e-03 5.402037073567948156e+00 8.034159789736237262e-03 -1.278700339747848691e+00
-9.526910020660029232e+00 -5.110853471020408989e+00 1.423325062980650424e+00 -5.110853471020408989e+00 -1.367216977816884871e+01 1.317624153677857812e+01 1.423325062980650424e+00 1.317624153677857812e+01 -2.100855233742106520e+01
-9.310350019375455588e+00 2.385922064253566788e+00 1.217779814261494664e+01 2.385922064253566788e+00 -1.780267476817595451e+01 -1.012140846243112513e+01 1.217779814261494664e+01 -1.012140846243112513e+01 9.440556131211121027e+00
5.432912240157626194e+00 4.817427640401152900e+00 6.004162732058345497e+00 4.817427640401152900e+00 -1.043719024336971479e+01 -9.251693508595382198e+00 6.004162732058345497e+00 -9.251693508595382198e+00 -4.152996100309014338e+00
-3.131342107673326325e+00 7.628361337839421275e+00 -7.303642077983833580e+00 7.628361337839421275e+00 -1.245114770025586992e+01 -1.748449938695116612e-01 -7.303642077983833580e+00 -1.748449938695116612e-01 -3.010665701067937849e+00
-2.758208910439479666e+01 8.915655590130558750e+00 2.166342548692286929e+00 8.915655590130558750e+00 -3.912079032437489445e+01 -1.779181364604949422e+01 2.166342548692286929e+00 -1.779181364604949422e+01 -3.306118262473724201e+01
-1.070238419812490527e+01 6.740032121591876368e+00 6.458673228153133383e-01 6.740032121591876368e+00 -3.906561558362430731e+01 -6.661509541367893306e+00 6.458673228153133383e-01 -6.661509541367893306e+00 -2.192350868275451248e+01
1.326975027613019442e+01 7.919943320926445374e+00 6.328228117643930339e+00 7.919943320926445374e+00 -5.257523245476705576e+00 -7.067220034268852480e+00 6.328228117643930339e+00 -7.067220034268852480e+00 1.170593331702204781e-01
-2.171892824898523600e+01 1.464136851475362455e+01 2.057952216936529055e+01 1.464136851475362455e+01 -3.627502165674674472e+01 -1.387484814685102430e+00 2.057952216936529055e+01 -1.387484814685102430e+00 -3.053496598421808628e+01
6.754622295272188381e+00 4.581384791652213018e+00 1.241323482578279958e+01 4.581384791652213018e+00 -1.010482901215878115e+01 -3.427599420457493551e+00 1.241323482578279958e+01 -3.427599420457493551e+00 1.270015964048457402e+00
2.970779236158052328e+01 2.212051597894109278e+01 -4.506093077726311513e+00 2.212051597894109278e+01 4.616465979701203537e+00 -1.614468963182238426e+01 -4.506093077726311513e+00 -1.614468963182238426e+01 1.613833585868212950e+01
2.221247560253084563e-01 8.676722269373049912e+00 6.770901334946949568e+00 8.676722269373049912e+00 1.544568609433334849e+00 -8.176909276482994926e+00 6.770901334946949568e+00 -8.176909276482994926e+00 -1.140266965326030224e+01
6.130985682889985355e+00 -1.995847304301373581e-01 1.342384392274916216e+01 -1.995847304301373581e-01 5.793870488992109102e+00 -7.735937901279108520e-01 1.342384392274916216e+01 -7.735937901279108520e-01 2.375160392375062557e+01
1.550888150812548005e+01 7.545655570782388466e+00 1.022295660565072950e+01 7.545655570782388466e+00 -6.397682588380225965e+00 4.304512817811420589e-01 1.022295660565072950e+01 4.304512817811420589e-01 2.033044801375351440e+01
-1.285938582493897542e+01 1.644469787543962225e+00 5.049198638408696205e+00 1.644469787543962225e+00 -3.251881794367258038e+01 1.476237250936390133e+00 5.049198638408696205e+00 1.476237250936390133e+00 -1.870930705044397513e+01
-2.523628043419960676e+01 1.059885994705705947e+01 -1.335871575989815208e+00 1.059885994705705947e+01 -3.293294703857600325e+01 3.112570574171290350e+00 -1.335871575989815208e+00 3.112570574171290350e+00 -2.361673891381274970e+01
1.238880732055162959e+01 -2.683595908872167257e+00 8.208826409586423622e+00 -2.683595908872167257e+00 -2.714745112323111087e+01 6.610928668519102658e+00 8.208826409586423622e+00 6.610928668519102658e+00 1.025251945961066724e+01
-2.492418919371209540e+01 -2.573919868229026520e+00 4.018825356071072719e+00 -2.573919868229026520e+00 -3.034717349281223164e+01 -7.551235707606355874e+00 4.018825356071072719e+00 -7.551235707606355874e+00 -1.377619031515426862e+01
-1.231175395864375233e+01 -9.515983441432988243e+00 1.437529730444203580e+01 -9.515983441432988243e+00 -3.860942102618786009e+01 5.651868470866979521e+00 1.437529730444203580e+01 5.651868470866979521e+00 -2.010079902181989731e+00
-7.107802486936193098e+00 2.845153185455823852e+00 1.012403910853593203e+01 2.845153185455823852e+00 -3.135826156741314108e+01 -7.793178196323714557e-01 1.012403910853593203e+01 -7.793178196323714557e-01 1.797568949571578811e-01
-1.044261346002287283e+01 8.060391833362832159e-01 5.895048670770798083e+00 8.060391833362832159e-01 -2.749553671395255350e+01 -8.320659059148573178e+00 5.895048670770798083e+00 -8.320659059148573178e+00 -7.371980047715470441e+00
-4.545373672498462980e+01 4.266997141394618609e+00 2.256177543248819362e+01 4.266997141394618609e+00 -7.700406798969160604e+01 1.326381455762416017e+01 2.256177543248819362e+01 1.326381455762416017e+01 -6.778051687100904132e+01
