2.272156650205534589e+01 5.393693738191274352e-03 -1.352213214095442373e+00 5.393693738191274352e-03 2.974678872336047775e+00 -2.719322958659915912e+00 -1.352213214095442373e+00 -2.719322958659915912e+00 -4.196685480805374624e+01
1.733604587126668406e+01 6.679108867690144447e-01 -8.723568242670586059e+00 6.679108867690144447e-01 2.077207125837720048e-01 -5.100713573167556802e+00 -8.723568242670586059e+00 -5.100713573167556802e+00 -4.054389295760078937e+01
3.413006299723562620e+00 2.671715754350242111e+00 8.012010049471911088e+00 2.671715754350242111e+00 -9.776396853819143473e+00 4.386017219105855958e+00 8.012010049471911088e+00 4.386017219105855958e+00 -1.825570724959346336e+01
1.594110986438290745e+01 -7.539554222593287947e-02 -6.730312301468160952e-01 -7.539554222593287947e-02 1.615728208050436265e+01 -2.032537602075166649e+00 -6.730312301468160952e-01 -2.032537602075166649e+00 1.778583381480925496e+01
6.116758212441158093e+01 1.116734319659757269e+01 -3.765217210449423924e+00 1.116734319659757269e+01 4.767559883508233298e+01 1.270942569115346110e+01 -3.765217210449423924e+00 1.270942569115346110e+01 -1.431039690574905165e+01
6.053122281459349097e+01 1.097749113211930272e+01 5.867511456088293720e+00 1.097749113211930272e+01 6.174898958938896953e+01 -1.701541644019306077e+00 5.867511456088293720e+00 -1.701541644019306077e+00 -8.705840746766227767e+00
3.326029494818939014e+01 4.128459771906237918e+00 2.672267212173254691e+00 4.128459771906237918e+00 1.939192164890624781e+01 -3.165002650458805356e+00 2.672267212173254691e+00 -3.165002650458805356e+00 1.413599309898244094e+01
2.198004008342594418e+01 -2.710806860508459426e+00 -8.532162811887481491e-01 -2.710806860508459426e+00 1.497648357337118874e+01 6.326029009584338780e+00 -8.532162811887481491e-01 6.326029009584338780e+00 1.814340450681167383e+01
1.113314522879624491e+01 4.550376176324256505e+00 3.179619948074476454e+00 4.550376176324256505e+00 1.222786081710554207e+01 4.777861126229300814e-01 3.179619948074476454e+00 4.777861126229300814e-01 1.580648624290701143e+01
4.007315529961395506e-01 1.268080551706982639e+01 9.050579520241047504e+00 1.268080551706982639e+01 1.412169706428703764e+00 -6.275007755644631757e+00 9.050579520241047504e+00 -6.275007755644631757e+00 -7.946651706683054428e+00
1.223070696498049514e+01 -4.642913562321066223e+00 1.554870095566353427e+01 -4.642913562321066223e+00 -7.465765756095483319e+00 5.966548094421290749e+00 1.554870095566353427e+01 5.966548094421290749e+00 -3.180313686385370175e+01
-3.354919517625438719e+00 2.696862005804131490e-01 4.458130560771216722e+00 2.696862005804131490e-01 -1.867430765151768668e+01 1.899875861604175853e+01 4.458130560771216722e+00 1.899875861604175853e+01 -2.677690303511571912e+01
7.690108497611100802e+01 -1.077140684050527986e+00 -1.680035803484421919e+01 -1.077140684050527986e+00 1.344572613764972324e+01 1.146731429861801921e+01 -1.680035803484421919e+01 1.146731429861801921e+01 -4.731514824044511514e+00
1.147987906091914390e+01 -4.886888340328835234e+00 -4.967317577322774014e+00 -4.886888340328835234e+00 1.261212711040228740e+01 -1.373740085734653338e+00 -4.967317577322774014e+00 -1.373740085734653338e+00 -3.235844809407609102e+00
8.586351372303129281e+00 -2.083268924540642608e+00 -3.992287065450823014e-01 -2.083268924540642608e+00 -1.708147309879642606e+01 -9.566519230670085250e+00 -3.992287065450823014e-01 -9.566519230670085250e+00 -1.532473718197718071e+01
-1.653986850233643580e+01 -4.598516996828598380e+00 -1.244325786356036723e+01 -4.598516996828598380e+00 -6.025516894881661756e+01 4.482643424952702738e+00 -1.244325786356036723e+01 4.482643424952702738e+00 1.142927702845219384e+00
-1.056561197269209984e+01 5.443607202378804466e+00 8.293432168570749496e+00 5.443607202378804466e+00 -2.202590796093884862e+01 2.316974110568204281e+01 8.293432168570749496e+00 2.316974110568204281e+01 -3.908940283376174563e+01
-2.328011371518523376e+01 1.120088079824345328e+01 -7.598045922553035680e+00 1.120088079824345328e+01 -2.707523937481091636e+01 1.115585567024787039e+01 -7.598045922553035680e+00 1.115585567024787039e+01 -4.927325850247500938e+01
1.619044239910306615e+01 5.628631345201877245e+00 -1.186943522456510358e+01 5.628631345201877245e+00 9.170389794363750013e+00 5.355528417734401359e+00 -1.186943522456510358e+01 5.355528417734401359e+00 -3.802172895263439045e+01
4.606884458939446425e+00 9.966516299546483992e+00 -1.075920874857048659e+01 9.966516299546483992e+00 -8.307797030705737384e+00 5.619989322004411036e+00 -1.075920874857048659e+01 5.619989322004411036e+00 2.990094329921927585e+00
4.102852430396119132e+01 1.506230359409502384e+01 1.629001035053463609e+00 1.506230359409502384e+01 5.106360872595875833e+01 9.710365555123885439e-01 1.629001035053463609e+00 9.710365555123885439e-01 3.802967882834491320e+01
5.495731731780545459e+01 -5.907020882865800182e+00 -3.034767287773534772e+00 -5.907020882865800182e+00 4.552144286785923555e+01 -7.420796359964902944e-01 -3.034767287773534772e+00 -7.420796359964902944e-01 5.205994609756148606e+01
-2.385888780969663259e+01 5.755081603936776702e+00 3.901971561594020699e+00 5.755081603936776702e+00 -3.822116273958852872e+01 -1.140394159072526747e+01 3.901971561594020699e+00 -1.140394159072526747e+01 -2.584247421753386575e+01
-1.292058231525932399e+01 1.697744795766679005e+01 -3.374698765225728980e+00 1.697744795766679005e+01 -1.997049634046623279e+00 -9.323839294743066830e+00 -3.374698765225728980e+00 -9.323839294743066830e+00 -3.241198197866138031e+01
5.729591260498660432e+01 1.819031729280794707e+01 -2.779337831988326002e+01 1.819031729280794707e+01 5.115955151963779457e+01 1.747520094695690362e-01 -2.779337831988326002e+01 1.747520094695690362e-01 7.101660903722056162e+00
3.856482895572789715e+01 -2.313378060670483460e+00 -5.893011271778205717e+00 -2.313378060670483460e+00 3.768290977302065414e+01 -2.562498340225647819e+00 -5.893011271778205717e+00 -2.562498340225647819e+00 4.330510840885201418e+01
2.441349860732809418e+01 7.525512658489027729e+00 1.192061443423194783e-01 7.525512658489027729e+00 1.089849774219871037e+01 6.342747512590845460e+00 1.192061443423194783e-01 6.342747512590845460e+00 1.431926321099306065e+01
1.356356114713646832e+01 -4.089727139708757342e+00 -2.066053796469175641e+00 -4.089727139708757342e+00 1.438727926995677286e+01 2.311517307046909497e+00 -2.066053796469175641e+00 2.311517307046909497e+00 2.477642116211005430e+01
1.044551772940068446e+01 -2.790747946794219558e+00 -1.824847881220887702e+00 -2.790747946794219558e+00 1.860571742378836646e+01 -1.064623326144413085e+01 -1.824847881220887702e+00 -1.064623326144413085e+01 -6.091725083995767065e+00
1.841973490304818029e+01 1.165114336917712823e+00 4.071330896301607716e+00 1.165114336917712823e+00 1.663416533281223408e+01 -1.034369219418913133e+01 4.071330896301607716e+00 -1.034369219418913133e+01 -4.230699419696175312e+01
-5.343205542521262785e+00 7.275130783298487280e+00 -4.031098707215075905e+00 7.275130783298487280e+00 -2.799909308762645210e+01 3.688213490524898219e+00 -4.031098707215075905e+00 3.688213490524898219e+00 -7.138813346053458986e+01
5.794818727613390053e+01 6.146129752737989449e+00 5.769816322926717866e+00 6.146129752737989449e+00 5.489646591596084590e+01 9.510920316742678793e+00 5.769816322926717866e+00 9.510920316742678793e+00 5.268232079962934478e+01
-1.453035788603355272e+01 9.909493826314523801e+00 1.007200034184818094e+01 9.909493826314523801e+00 -1.334277831626560307e+01 6.948744203593323121e+00 1.007200034184818094e+01 6.948744203593323121e+00 -5.701864368633282254e+01
-7.469342532471947571e+00 -2.090887788308963380e+00 -2.155532818441058041e+01 -2.090887788308963380e+00 -5.887138209313786774e+01 3.228896084724137139e-01 -2.155532818441058041e+01 3.228896084724137139e-01 -3.353393546904512412e+00
1.951910752576336705e+01 1.026458201938421855e+00 -8.175951575226324763e+00 1.026458201938421855e+00 2.347027155704707724e+01 7.250148470356026387e+00 -8.175951575226324763e+00 7.250148470356026387e+00 -4.532408443429444844e+01
2.861315163191876110e+01 2.055426016453947291e+00 -3.632915996487049881e+00 2.055426016453947291e+00 1.730648168767190853e+01 1.009883339653510603e+01 -3.632915996487049881e+00 1.009883339653510603e+01 -1.763563338366027011e+01
5.815633207978853392e+01 1.420406969634479211e+01 -2.306399287012343891e+01 1.420406969634479211e+01 2.257735752372295224e+01 -7.918989789805546131e+00 -2.306399287012343891e+01 -7.918989789805546131e+00 -2.040025541718515711e+01
3.018395100985294377e+01 -2.058376311535832670e+00 -2.974255112799306211e+00 -2.058376311535832670e+00 2.748412989306017806e+01 5.906768754135274246e-01 -2.974255112799306211e+00 5.906768754135274246e-01 1.230727601810869132e+01
2.676762476007138503e+01 1.809330132526526569e+01 3.813820674773199304e+00 1.809330132526526569e+01 -2.011961561341210469e+01 3.277990963051223616e+00 3.813820674773199304e+00 3.277990963051223616e+00 -5.939896433252091867e+01
2.424950818260972341e+01 -6.547398458503824514e+00 2.221797902203032749e+01 -6.547398458503824514e+00 2.849452468647180581e+01 -6.304871551456423973e+00 2.221797902203032749e+01 -6.304871551456423973e+00 -2.110609075296342141e+01
6.811467953567761080e-02 1.032254732068232350e+01 7.948993629584757414e-01 1.032254732068232350e+01 -1.074250763289572497e+01 -1.784007528812106713e+01 7.948993629584757414e-01 -1.784007528812106713e+01 -4.334189396917604853e+01
-2.902855079296825735e+01 -7.467986091768696433e+00 5.903044357621030080e+00 -7.467986091768696433e+00 -1.756659789574553088e+01 -7.265154615104613134e-01 5.903044357621030080e+00 -7.265154615104613134e-01 -1.910997069843937268e+01
-2.583155614502743447e+00 -2.310206124374265535e+00 -8.417159056090989466e+00 -2.310206124374265535e+00 -2.139077738397563522e+01 -4.382001465725488210e+00 -8.417159056090989466e+00 -4.382001465725488210e+00 1.102218137642754670e+01
-2.411434630858391515e+01 -4.298535296489545132e+00 -2.799877020888551282e+00 -4.298535296489545132e+00 -3.611011789757582591e+01 -9.511753003395783779e+00 -2.799877020888551282e+00 -9.511753003395783779e+00 -9.295527775838377238e+01
5.677435413896846583e+00 5.891798652223357635e+00 1.942668110502118139e+01 5.891798652223357635e+00 -6.094331418881164808e+00 -1.907805392312569737e+01 1.942668110502118139e+01 -1.907805392312569737e+01 -4.439261425015907037e+01
1.598391647726640130e+01 1.197974334969338805e+00 -8.199805196589193823e-01 1.197974334969338805e+00 1.511948608643161229e+01 -4.627270901990656604e+00 -8.199805196589193823e-01 -4.627270901990656604e+00 2.326472675070793272e+01
1.152821959522102269e+01 -4.336768037276693910e+00 -1.163366777523098250e+00 -4.336768037276693910e+00 4.633244270574906842e+00 3.123643668568711007e+00 -1.163366777523098250e+00 3.123643668568711007e+00 -4.036211059260103262e+00
1.749311813463099341e+01 2.293027093838573727e+00 4.332115269149089620e+00 2.293027093838573727e+00 3.034089578163064616e+01 1.162467579695024789e+01 4.332115269149089620e+00 1.162467579695024789e+01 2.689070827562037991e+01
1.337379513581431212e+01 2.387007506784397215e+00 4.915906299185294759e-01 2.387007506784397215e+00 2.164778842625938182e+01 1.689707000709489870e+00 4.915906299185294759e-01 1.689707000709489870e+00 9.028824607803139557e+00
-9.529046345619656577e+00 6.201307401118747897e+00 -2.002886623956584788e+00 6.201307401118747897e+00 6.203065778271112940e-01 2.779532619021708229e+00 -2.002886623956584788e+00 2.779532619021708229e+00 -1.768418232705412318e+00
-3.343176291373032427e+01 1.298551078683714977e+01 3.908922831625469385e+00 1.298551078683714977e+01 -5.318341436081672668e+01 1.644853422362129081e+01 3.908922831625469385e+00 1.644853422362129081e+01 -5.467616956070142464e+01
3.754904367648107666e+01 -1.772162509547887055e+01 -5.237645307506577641e-01 -1.772162509547887055e+01 1.911250965261430323e+01 -5.652619196019922354e-01 -5.237645307506577641e-01 -5.652619196019922354e-01 -2.272687516353639481e+01
-2.084358224023120343e+01 -6.300678489808235749e-01 1.133665743953357730e+00 -6.300678489808235749e-01 -1.837354991282002104e+01 -1.205989391710894942e+01 1.133665743953357730e+00 -1.205989391710894942e+01 7.652738801334607821e+00
2.562283269694332688e+01 -3.580709213783194400e+00 -5.188397577819507056e+00 -3.580709213783194400e+00 2.407843293783612992e+01 -1.339140104216225424e+01 -5.188397577819507056e+00 -1.339140104216225424e+01 2.497379340064614439e+01
3.089475912962721793e+01 -1.424085877282533330e+00 4.531906643855844408e+00 -1.424085877282533330e+00 2.673826046708708404e+01 -1.643467153460336005e+00 4.531906643855844408e+00 -1.643467153460336005e+00 3.107351473454497537e+01
-1.182179601456798856e+01 8.778624229979227422e+00 -1.453520865168725962e+01 8.778624229979227422e+00 -2.230785049203484149e+01 -9.050926500663697638e+00 -1.453520865168725962e+01 -9.050926500663697638e+00 -3.169021535810038870e+01
1.239289996382262871e+01 2.475890560462666201e+00 -2.366530294544439972e+00 2.475890560462666201e+00 8.900802780536629655e+00 3.113963818273789208e+00 -2.366530294544439972e+00 3.113963818273789208e+00 -4.865123147919564239e+00
-2.470286632802633520e+01 1.434568795337415281e+01 -3.083349485807301704e+01 1.434568795337415281e+01 -5.327576223794273602e+01 -5.514979870510416049e+00 -3.083349485807301704e+01 -5.514979870510416049e+00 -2.440400369315147699e+01
-3.471169746948465473e+00 8.873207758723195226e+00 -5.494427933942072073e+00 8.873207758723195226e+00 -1.896473848949027641e+01 -1.937073062871262152e+01 -5.494427933942072073e+00 -1.937073062871262152e+01 -1.652157437371887383e+01
6.026209329627463696e+00 3.819572489490965062e+00 5.648199876285336707e+00 3.819572489490965062e+00 -2.113099906861171107e+01 -9.405338547224839640e-01 5.648199876285336707e+00 -9.405338547224839640e-01 -5.265428558619059629e+01
-8.200372829738048708e+00 5.592851807019184607e-01 -2.759564625765515089e+00 5.592851807019184607e-01 -2.803821628236438102e+01 -1.256299966087352438e+01 -2.759564625765515089e+00 -1.256299966087352438e+01 4.280961425707641155e+00
1.236492594267226686e+01 5.767146326485690366e+00 -2.442087060412011734e+00 5.767146326485690366e+00 -1.493901477467558436e+01 8.034975414036995556e-01 -2.442087060412011734e+00 8.034975414036995556e-01 -3.212522996721803281e+01
3.422371661522121400e+01 -1.107010865576225278e+01 3.247324001728550069e+00 -1.107010865576225278e+01 2.128848173429641477e+01 7.578546816610856496e+00 3.247324001728550069e+00 7.578546816610856496e+00 -6.007430534063908034e+00
-4.000671858233514122e+00 7.410826548248983237e+00 -1.156015169775612073e+01 7.410826548248983237e+00 -1.099846713500170736e+01 1.497593564551088008e+01 -1.156015169775612073e+01 1.497593564551088008e+01 -7.252460414471366335e+01
-1.375394927341041118e+01 7.189885857994158691e+00 -4.165957419921253901e+00 7.189885857994158691e+00 -2.360763284947500651e+01 1.721393720842696240e+01 -4.165957419921253901e+00 1.721393720842696240e+01 -3.178765326248598910e+01
-3.837205643843653036e+01 -4.711175340425387326e+00 -6.568871040187069354e+00 -4.711175340425387326e+00 -1.050420815556677745e+01 -1.504200755576513338e+01 -6.568871040187069354e+00 -1.504200755576513338e+01 1.535345932149841097e+01
-6.271796755714134264e+01 -1.004700768199308536e+00 -5.945401671657068121e+00 -1.004700768199308536e+00 -5.136274130240305169e+01 -1.546933750616459946e+01 -5.945401671657068121e+00 -1.546933750616459946e+01 2.333636281639241616e+01
7.288428924486163751e+00 2.642834610552523777e+00 -5.559139244148643577e+00 2.642834610552523777e+00 1.091107657746086801e+01 -1.085020102516619112e+01 -5.559139244148643577e+00 -1.085020102516619112e+01 -9.587024739097582682e+00
1.373650339448188085e+01 -1.656002632036103650e+00 9.205838241674556555e-01 -1.656002632036103650e+00 -1.876597694469283795e+01 -2.133056611309457118e+00 9.205838241674556555e-01 -2.133056611309457118e+00 1.532206551929980698e+01
-3.903356445450894086e+01 -5.732253086232730332e+00 -8.823252056212620431e-01 -5.732253086232730332e+00 -6.226165799981101401e+01 2.749348742715698890e+01 -8.823252056212620431e-01 2.749348742715698890e+01 -6.867393495706575379e+01
3.694713710221185465e+01 -5.663200250249604828e+00 2.895526730822641781e+00 -5.663200250249604828e+00 -2.756714261275115430e+00 -7.181446334727528580e+00 2.895526730822641781e+00 -7.181446334727528580e+00 -1.897775563088352868e+01
3.888880707241921186e+01 3.171293007933653652e+00 1.325941164578168419e+01 3.171293007933653652e+00 3.870167962333130873e+01 -2.224825754643091624e+00 1.325941164578168419e+01 -2.224825754643091624e+00 4.406868937226862215e+01
2.064527565638865170e+01 1.853771431784396384e+01 6.559487696736164830e-01 1.853771431784396384e+01 6.959356571136114944e+00 8.893453423976712457e+00 6.559487696736164830e-01 8.893453423976712457e+00 -2.565100185843245129e+01
4.959309461536322061e+01 5.373210607397115979e+00 5.224369997464259896e-01 5.373210607397115979e+00 4.324071748124278969e+01 1.144680374578235238e+00 5.224369997464259896e-01 1.144680374578235238e+00 3.930045980807241790e+01
2.717871250756926571e+01 3.912773029300163685e+00 -8.823823439815654979e+00 3.912773029300163685e+00 1.399154056584785799e+01 -1.352616098264671329e+01 -8.823823439815654979e+00 -1.352616098264671329e+01 -9.310287230891630017e+00
1.322540902540163188e+01 -9.990831714449109668e+00 4.467617306657349019e+00 -9.990831714449109668e+00 5.300490930482314234e+00 -2.551274159452933787e+00 4.467617306657349019e+00 -2.551274159452933787e+00 -2.363775060926117444e+00
-4.100999253571272263e+00 -3.153564450290099241e+00 -4.126491169758041977e+00 -3.153564450290099241e+00 1.081211206169983674e+00 -5.611978981045425030e+00 -4.126491169758041977e+00 -5.611978981045425030e+00 -4.826419547280296207e+00
-1.156496134199976211e+00 -6.932591478946304342e+00 -1.813100854991073874e+00 -6.932591478946304342e+00 -1.938590949263254970e+01 3.548405431343312877e+00 -1.813100854991073874e+00 3.548405431343312877e+00 -4.165177071280407972e+01
3.290482536320642026e+01 9.242848855458392521e+00 1.932568478396825995e+01 9.242848855458392521e+00 2.430853510355362701e+01 8.932277967321260448e+00 1.932568478396825995e+01 8.932277967321260448e+00 -7.726378424575356618e+00
-2.139129697606696823e+01 -6.903730373859023217e+00 2.271468042863094539e+01 -6.903730373859023217e+00 -4.869683626822099853e+01 4.394395207894232214e-01 2.271468042863094539e+01 4.394395207894232214e-01 -1.452497224148879518e+01
4.598971474926703706e+01 -1.302318164128489553e+00 -5.132748102464090856e+00 -1.302318164128489553e+00 6.212175857305225435e+01 2.064642655503817892e+01 -5.132748102464090856e+00 2.064642655503817892e+01 -1.567595974547876558e+01
1.691983110465860562e+01 1.950369615590011596e-01 -1.702479204642604937e+00 1.950369615590011596e-01 2.339874147669671700e+01 5.022028958176512958e+00 -1.702479204642604937e+00 5.022028958176512958e+00 1.302835132149392727e+01
3.597364602411264656e+01 -1.721589387093509771e+01 -1.170040101042632674e+00 -1.721589387093509771e+01 5.480315011359540911e+00 -3.312435047234142615e+00 -1.170040101042632674e+00 -3.312435047234142615e+00 -2.814274963113279426e+01
-2.199249517251956121e+01 -9.562956583795816812e+00 -1.494311656748561923e+01 -9.562956583795816812e+00 -5.033083348835867810e+01 -3.189308172977551870e+00 -1.494311656748561923e+01 -3.189308172977551870e+00 -3.059543431813175474e+01
-1.474529867782494641e+01 5.139318795714350685e+00 3.827927751686016400e+00 5.139318795714350685e+00 -9.376709545409685376e+00 4.414482462684927278e+00 3.827927751686016400e+00 4.414482462684927278e+00 -1.455770508652895501e+01
1.160694498412792974e+01 -8.069721541087490735e+00 -1.337443065778470519e+01 -8.069721541087490735e+00 -1.958223016096402702e+01 -1.151856728817883635e+01 -1.337443065778470519e+01 -1.151856728817883635e+01 -3.403320049027069416e+01
2.637842772971715100e+00 1.914869441999560706e+01 -1.409755123433235013e+01 1.914869441999560706e+01 -3.933615492664966951e+01 -1.676136571789966112e+01 -1.409755123433235013e+01 -1.676136571789966112e+01 -2.245646551626172638e+01
4.715452749591660364e+01 8.062596845743099649e+00 -4.400540526545976050e+00 8.062596845743099649e+00 2.600554549694199125e+01 -4.968641562757108332e+00 -4.400540526545976050e+00 -4.968641562757108332e+00 3.214187173459038860e+01
3.690457793484137028e+01 -7.802294562709186643e+00 -2.361246896572780862e+00 -7.802294562709186643e+00 1.032412202223389031e+01 1.195730877699587857e+01 -2.361246896572780862e+00 1.195730877699587857e+01 -1.690036615382656393e+01
9.350041745295168738e+00 7.290872142128256073e+00 -2.574004666265156671e-01 7.290872142128256073e+00 9.428199090832668716e+00 5.230767381202510613e+00 -2.574004666265156671e-01 5.230767381202510613e+00 6.656138932797157182e+00
2.942070529653653210e+01 2.980126517762026861e+00 -5.096733367215325217e+00 2.980126517762026861e+00 1.103524607080541564e+01 -6.800173426381850739e+00 -5.096733367215325217e+00 -6.800173426381850739e+00 -2.360892387091210765e+01
1.034690761657267544e+01 -2.208679029531768201e+00 -1.077107194385918199e+01 -2.208679029531768201e+00 -6.702626633616773688e+00 -1.741928311602727675e+01 -1.077107194385918199e+01 -1.741928311602727675e+01 7.083990495611775629e+00
-2.437723939240387949e+01 -6.799806604808668276e+00 5.863945846331756862e+00 -6.799806604808668276e+00 -2.961237119546652607e+01 -8.068320893067891575e+00 5.863945846331756862e+00 -8.068320893067891575e+00 -5.706179661390437730e+01
-4.004399840368082941e+00 4.340373873594768561e+00 -8.201044340433345070e+00 4.340373873594768561e+00 -6.900399815646017565e+00 5.313720833153912082e+00 -8.201044340433345070e+00 5.313720833153912082e+00 -2.800904234664377768e+01
2.473836383226256075e+01 1.519146089423926327e+01 -1.132238894914549654e+01 1.519146089423926327e+01 -1.887918801918946898e-01 -1.975638755552423831e+01 -1.132238894914549654e+01 -1.975638755552423831e+01 -1.613584075122060568e+01
5.816469853797438816e+01 -9.449329037172002899e+00 -4.546354120255279518e+00 -9.449329037172002899e+00 2.214839136034620282e+01 -3.717709309914940974e+00 -4.546354120255279518e+00 -3.717709309914940974e+00 1.138457352005859491e+01
1.345794701406281924e+01 4.646044950551311836e-02 8.732045850982681046e+00 4.646044950551311836e-02 1.522389529836216759e+01 1.859024073923307430e-01 8.732045850982681046e+00 1.859024073923307430e-01 5.886940994504691993e+00
-1.401801660944174976e+01 -2.970160116458635535e+00 2.758377439925880381e+01 -2.970160116458635535e+00 -2.316006802563672196e+01 6.230779949802139228e+00 2.758377439925880381e+01 6.230779949802139228e+00 -1.765543360999633293e+01
3.298311644389603448e+00 3.985144449518918996e+00 -7.182944151280231670e-01 3.985144449518918996e+00 6.500385240659872110e+00 -6.415654384142805977e-01 -7.182944151280231670e-01 -6.415654384142805977e-01 -2.028456417697939429e+01
-2.687793659198575469e+01 6.389990921591034656e+00 -1.466731380183644617e+01 6.389990921591034656e+00 -1.106186707058311569e+01 -3.959563012883763555e+00 -1.466731380183644617e+01 -3.959563012883763555e+00 -7.010338519464919216e+01
