5.936516718194722486e+00 4.374490811385333799e+00 -4.423873895528615208e+00 4.374490811385333799e+00 5.979633375005843909e+00 9.102894891427599333e+00 -4.423873895528615208e+00 9.102894891427599333e+00 -6.552430992116573982e+00
1.450360639367040605e+01 1.397910647456918554e+01 2.252768113152619822e+00 1.397910647456918554e+01 -1.387782006225539533e+01 -4.881892832699392115e-01 2.252768113152619822e+00 -4.881892832699392115e-01 -3.962966991998698774e+01
-5.053170336690670617e+00 -3.228502294743806011e+00 -8.109439136618558308e+00 -3.228502294743806011e+00 -7.935745487304932233e+00 -1.255805516110279285e+01 -8.109439136618558308e+00 -1.255805516110279285e+01 1.648542480142226907e+01
-2.825869468698453701e+01 -1.381219366376040014e+01 -8.726905113672351888e+00 -1.381219366376040014e+01 -1.402785846555412519e+01 -1.005601921685074923e-01 -8.726905113672351888e+00 -1.005601921685074923e-01 -3.759939368977359919e+01
3.167899865411515137e+01 -7.332536509648706069e-01 5.580322970125954463e+00 -7.332536509648706069e-01 1.786935530952947104e+01 1.228516389737842163e+00 5.580322970125954463e+00 1.228516389737842163e+00 3.371547457610886767e+01
-6.279236344603186026e+00 7.010849536327109277e+00 1.544921028011676434e+01 7.010849536327109277e+00 -1.591483449368759118e+01 9.752531618194281160e-01 1.544921028011676434e+01 9.752531618194281160e-01 -4.389389164882088323e+01
-5.897182856042679333e+00 -1.046571875712038135e+00 -5.676746975369297843e+00 -1.046571875712038135e+00 -1.970339771073189894e+01 -6.340811552823697461e+00 -5.676746975369297843e+00 -6.340811552823697461e+00 1.836514346553536825e+01
-2.876240406140740191e+01 -2.992667403792484304e+00 5.288545351052393428e+00 -2.992667403792484304e+00 -9.012978146716854155e+00 -6.233577917780156241e+00 5.288545351052393428e+00 -6.233577917780156241e+00 -6.349277362578465045e+01
2.803340855844066581e+01 -1.002279888057482360e+01 -1.261277375045854399e+01 -1.002279888057482360e+01 2.977053870895917242e+01 6.001168801981115131e+00 -1.261277375045854399e+01 6.001168801981115131e+00 1.121986117047913467e+01
2.659025705347744051e+01 -5.425352398654256447e+00 -7.972654068221336487e+00 -5.425352398654256447e+00 2.354897709698925112e+01 1.093413015656929588e+01 -7.972654068221336487e+00 1.093413015656929588e+01 -2.600885941994545369e+00
-1.814687546371079563e+01 4.606897054725491714e+00 -6.750245547382529132e+00 4.606897054725491714e+00 -1.302444076191958011e+01 -5.885991900195540083e+00 -6.750245547382529132e+00 -5.885991900195540083e+00 -3.096899811384830770e+01
1.152713618775964122e+01 8.660403412344953367e+00 5.940247199120491928e+00 8.660403412344953367e+00 3.037459983887633896e+01 -4.185076826120723403e+00 5.940247199120491928e+00 -4.185076826120723403e+00 -1.053727674910266643e+01
-4.106294771898390650e+01 1.139153272028776165e+01 9.342711801616053080e+00 1.139153272028776165e+01 -4.233016893029908090e+01 -7.670261908268400930e+00 9.342711801616053080e+00 -7.670261908268400930e+00 -1.648486914012906723e+01
2.415243295097596032e+01 2.443642820523304060e+00 1.530505970004531147e+00 2.443642820523304060e+00 3.083758996799664587e+01 9.390320999691953219e+00 1.530505970004531147e+00 9.390320999691953219e+00 1.117847063354845005e+01
-7.861229114990027078e-01 5.766749665963421201e+00 -1.489447341943872516e+00 5.766749665963421201e+00 -1.493934781678341595e-01 1.542457571886218481e+01 -1.489447341943872516e+00 1.542457571886218481e+01 1.897703477352413159e+01
-1.039179521827509589e+01 8.563853711597255725e+00 -4.690008376782106581e+00 8.563853711597255725e+00 -2.705433906565183833e+01 2.139816495948103192e+00 -4.690008376782106581e+00 2.139816495948103192e+00 3.138280107548910536e+01
2.079391753163682566e+01 1.214052410742905685e+01 -1.540017432440848921e+01 1.214052410742905685e+01 2.880733493742838291e+01 5.172709473136687386e+00 -1.540017432440848921e+01 5.172709473136687386e+00 2.778812496481654293e+01
-3.311897308415796459e+01 1.327255734340686555e+00 5.757180527930526814e+00 1.327255734340686555e+00 -3.989857318600379443e+01 7.012669596200857836e-01 5.757180527930526814e+00 7.012669596200857836e-01 -3.516837569288074405e+01
3.182320474950743261e+01 -3.942486567073756332e-01 9.148651284498502179e+00 -3.942486567073756332e-01 3.628943429491854289e+01 -2.346622403387113032e+00 9.148651284498502179e+00 -2.346622403387113032e+00 3.337962279804489185e+01
-2.003754491456317055e+01 -2.652344650097726020e-01 1.188728097022769070e+01 -2.652344650097726020e-01 2.479738441363811940e+00 1.515361945062304549e+01 1.188728097022769070e+01 1.515361945062304549e+01 -1.530299887201935505e+01
6.733997159345960881e+00 5.088887489816158016e+00 1.272655612970133632e+01 5.088887489816158016e+00 -1.568432949402049204e+01 5.366029756438432941e+00 1.272655612970133632e+01 5.366029756438432941e+00 -1.727224993880843940e+01
8.211673485847017062e+00 -4.220218315366902395e+00 -5.779940420929665201e+00 -4.220218315366902395e+00 -2.218190596601249620e+00 1.052190596682053858e+01 -5.779940420929665201e+00 1.052190596682053858e+01 -7.262674058508745922e+00
2.682258858965738924e+01 -1.820769551035009481e+00 5.115717584648065142e+00 -1.820769551035009481e+00 4.403547747438408067e+01 2.535168361431967998e+00 5.115717584648065142e+00 2.535168361431967998e+00 3.809607891128032975e+01
9.325896409191326342e+00 2.676457057912075221e+00 -2.159291152597241847e+01 2.676457057912075221e+00 -6.528496333518591044e+00 -4.820942328003705035e-01 -2.159291152597241847e+01 -4.820942328003705035e-01 5.119195408606092457e+01
-2.147216856638400984e+01 -7.464178359410857055e+00 7.403365976924616731e+00 -7.464178359410857055e+00 -1.356410607952710023e+01 -1.562724748578409084e+01 7.403365976924616731e+00 -1.562724748578409084e+01 1.376443224567154289e+01
-1.188840437517002968e+01 8.722615396272022092e-01 -1.020385591996367936e+01 8.722615396272022092e-01 -2.499111947213221185e+01 5.441747111529460668e+00 -1.020385591996367936e+01 5.441747111529460668e+00 4.026136180491801220e+00
-2.870971172941174387e+01 -4.817538549448262764e+00 1.447315955343089833e+01 -4.817538549448262764e+00 -1.610790339578874253e+01 -1.604347350858416377e+01 1.447315955343089833e+01 -1.604347350858416377e+01 -1.840827407888293266e+01
1.864324762814918657e+01 1.119932141853864316e+01 6.278952101108878914e+00 1.119932141853864316e+01 1.706398036087118442e+01 2.964606830898175893e+00 6.278952101108878914e+00 2.964606830898175893e+00 1.380041610225416626e+01
3.839677833224505177e-01 4.052130237408729130e+00 2.328776047427932205e+00 4.052130237408729130e+00 7.339970331845317553e+00 4.659854847631331509e+00 2.328776047427932205e+00 4.659854847631331509e+00 -1.653543965714384001e+01
2.634995286160490124e+01 -1.020316371962504576e+01 -1.101296281871817584e+01 -1.020316371962504576e+01 1.514088527221969649e+01 -1.568056696263857219e+01 -1.101296281871817584e+01 -1.568056696263857219e+01 -2.051756268307315878e+01
-2.588589545398239622e+01 7.035202651647606054e+00 -3.030490929013701429e+00 7.035202651647606054e+00 -9.017092078206236039e+00 -1.650008025793137101e+00 -3.030490929013701429e+00 -1.650008025793137101e+00 -1.127023558393270086e+01
-2.378635791280897394e+01 1.885191234004638838e+00 -9.372972059508549947e+00 1.885191234004638838e+00 -8.644601752786849502e+00 9.510332497948546404e+00 -9.372972059508549947e+00 9.510332497948546404e+00 1.430145098507930435e+01
1.180109989559079153e+01 8.221637316663597872e+00 -2.246201337401127152e+00 8.221637316663597872e+00 2.219563306207838949e+01 3.353196332882481645e+00 -2.246201337401127152e+00 3.353196332882481645e+00 3.724905746106859539e+01
3.660373499048127854e+01 -1.432504021822613538e+01 1.097484855652909808e+01 -1.432504021822613538e+01 3.242100061760058338e+01 1.215535528642988083e+01 1.097484855652909808e+01 1.215535528642988083e+01 1.321047870178505113e+00
-2.186178412116929337e+01 7.137592821256620867e-01 4.684306452884857919e+00 7.137592821256620867e-01 -1.531738749399235600e+00 1.687792088183104333e+00 4.684306452884857919e+00 1.687792088183104333e+00 -8.096712991336289633e+00
5.090780543532677882e+01 -5.869357966747756450e+00 -6.543022301336796964e+00 -5.869357966747756450e+00 5.105383258998791263e+01 -2.135456997394723722e+00 -6.543022301336796964e+00 -2.135456997394723722e+00 4.813126352735124236e+00
-1.745597002591867408e+01 5.993011420625452779e+00 -5.021792337749607427e+00 5.993011420625452779e+00 -2.155718169009995577e+01 -4.863974688958888626e-01 -5.021792337749607427e+00 -4.863974688958888626e-01 -7.872626441737499370e+00
-1.079462740592398218e+00 -3.297866550900580007e-01 1.172665751213088248e+00 -3.297866550900580007e-01 -1.272763461192803902e+01 1.862009718187048302e+00 1.172665751213088248e+00 1.862009718187048302e+00 -6.085251016899853482e+00
3.422557735296160786e+01 -7.077796149844754581e+00 -2.390181645767068819e+00 -7.077796149844754581e+00 2.397392592510556142e+01 -5.350709991215441441e+00 -2.390181645767068819e+00 -5.350709991215441441e+00 7.526101066365775694e+00
5.586044049874444362e+00 -2.452264866865420245e+01 -1.727966398490452304e+00 -2.452264866865420245e+01 4.159415800945144071e+01 4.301057957678877663e+00 -1.727966398490452304e+00 4.301057957678877663e+00 -1.175712720654413879e+01
-1.475698794620720555e+01 1.885837761247734434e+01 1.456058345235142326e+01 1.885837761247734434e+01 -3.789319510737211516e+01 -2.401968291601018102e+00 1.456058345235142326e+01 -2.401968291601018102e+00 -2.784414971544958206e+01
1.442375485093755039e+01 -2.734778510280261088e+00 -1.982948013847958491e+00 -2.734778510280261088e+00 2.476210613984131115e+01 -3.299015671679109030e+00 -1.982948013847958491e+00 -3.299015671679109030e+00 -9.963247490285107588e+00
1.835799286370155059e+01 -2.642390246792831743e+00 -1.280775922604071937e+01 -2.642390246792831743e+00 2.996479594312803485e+01 -5.868518124035977390e-01 -1.280775922604071937e+01 -5.868518124035977390e-01 -2.401898574365240790e+01
-4.383659483368170839e+01 -1.326673770600282465e+00 -4.999190874770219395e+00 -1.326673770600282465e+00 -2.934860699085573543e+01 1.242800211493982232e+01 -4.999190874770219395e+00 1.242800211493982232e+01 -1.998621753393911149e+01
3.276163368246414365e+01 -2.328621440729466308e+00 -2.934482071773675482e+00 -2.328621440729466308e+00 2.810942940807157697e+01 -8.899911052072337014e+00 -2.934482071773675482e+00 -8.899911052072337014e+00 1.191576897618685571e+01
2.827037478930726877e+01 -1.011271798754283502e+01 -3.739378773323803973e+00 -1.011271798754283502e+01 3.450473649834321321e+01 -9.381463594918434623e+00 -3.739378773323803973e+00 -9.381463594918434623e+00 2.721999214633352082e+01
-3.837391371491322811e+00 1.307476838485963189e+00 -1.555998104996865861e+00 1.307476838485963189e+00 -9.429869592227728248e+00 7.776372137567208576e+00 -1.555998104996865861e+00 7.776372137567208576e+00 -6.200972717936910961e+00
9.656940583524987076e+00 -3.385587099353204454e+00 -1.197685488059910419e+01 -3.385587099353204454e+00 1.850593026755796799e+01 3.159799712429317009e-01 -1.197685488059910419e+01 3.159799712429317009e-01 2.047936932089275075e+01
3.862655213035793622e+01 1.866840324990278743e+00 1.410598867305419724e+00 1.866840324990278743e+00 1.843636335419295236e+01 8.857457215665295536e+00 1.410598867305419724e+00 8.857457215665295536e+00 -2.638800619221466093e+01
-1.594003333842642078e+01 1.399209937729396991e+01 -1.216534085931195364e+01 1.399209937729396991e+01 -2.037579241420852938e+01 -4.776007960114945661e+00 -1.216534085931195364e+01 -4.776007960114945661e+00 -2.792426397177064246e+01
4.580700684944081758e+01 -7.514590829989767684e+00 5.964938636176085884e-01 -7.514590829989767684e+00 4.642425530665612143e+01 -6.808928067264453432e+00 5.964938636176085884e-01 -6.808928067264453432e+00 1.738236696229483158e+01
9.325115310794600987e+00 6.041104246232717578e+00 5.467960878952180082e+00 6.041104246232717578e+00 1.417798773204629370e+01 4.609402504071687723e+00 5.467960878952180082e+00 4.609402504071687723e+00 -2.237884163647259328e+01
2.977227629934508180e+00 4.209280820884634622e+00 -2.411438617789223748e+00 4.209280820884634622e+00 -1.029141404026087869e+01 -4.050682099642181733e+00 -2.411438617789223748e+00 -4.050682099642181733e+00 1.052896940432207629e+01
-3.319129220174458084e+01 -6.537024729743571072e+00 -2.418012116477411322e+00 -6.537024729743571072e+00 -3.202213237995965756e+01 5.263098166760170393e+00 -2.418012116477411322e+00 5.263098166760170393e+00 -5.169245102256918045e+01
-3.818282683675522815e+00 -9.066320632022833337e+00 -8.595768624270373692e+00 -9.066320632022833337e+00 2.233959473289367018e-02 1.034906991439821944e+01 -8.595768624270373692e+00 1.034906991439821944e+01 -1.035512655238812485e+01
-1.704705441430881407e+01 -6.187860336252340332e+00 -8.916433026109213955e+00 -6.187860336252340332e+00 2.656318966622721600e+00 2.160277484486978139e+01 -8.916433026109213955e+00 2.160277484486978139e+01 -1.128048660150835936e+01
3.406593787985659105e+01 6.456278444787344917e+00 5.213966061629551341e+00 6.456278444787344917e+00 3.219637311625220377e+01 -9.893312402164037067e+00 5.213966061629551341e+00 -9.893312402164037067e+00 -6.620247208959161966e+00
1.296163084040428437e+01 -1.444306387928277680e+01 2.282433509090247448e+00 -1.444306387928277680e+01 2.518010029018541829e+01 8.084369233017209666e+00 2.282433509090247448e+00 8.084369233017209666e+00 -5.005608316214433806e+00
-3.510039856068021891e+01 6.253133198658709979e+00 5.399650392548164035e+00 6.253133198658709979e+00 -3.008309872048906186e+01 1.447393424007126894e+00 5.399650392548164035e+00 1.447393424007126894e+00 -3.956989937993121043e+00
4.038896814899762688e+01 -3.084088548483045589e+00 1.808092047482709575e+00 -3.084088548483045589e+00 4.311457105862614014e+01 8.280974673462275504e-02 1.808092047482709575e+00 8.280974673462275504e-02 -8.084185961126407749e-01
3.806091990415813342e+01 1.317842523767082386e-01 3.631612346665335500e-01 1.317842523767082386e-01 4.808560410565189613e+01 9.349643961743632659e+00 3.631612346665335500e-01 9.349643961743632659e+00 2.579522017986517213e+01
2.109466147132375724e+01 -1.147892037979582502e+00 -4.774577389496704960e+00 -1.147892037979582502e+00 2.067102321662941478e+01 3.483552166037464204e+00 -4.774577389496704960e+00 3.483552166037464204e+00 -2.041315762891829522e+01
5.501511896775520327e+00 1.336988084423947321e+01 4.138833598188707441e+00 1.336988084423947321e+01 -2.265171948460421802e+00 9.383355655964086495e+00 4.138833598188707441e+00 9.383355655964086495e+00 -5.376282973551553113e+01
-4.984216200286243748e+01 7.349415786175989673e+00 7.542892079324013288e+00 7.349415786175989673e+00 -2.847307067897370203e+01 2.098970420311168184e+01 7.542892079324013288e+00 2.098970420311168184e+01 9.337202071116713853e+00
2.615611254626154647e+01 7.038231086920848867e+00 1.365994644351286924e+00 7.038231086920848867e+00 2.633347202228064887e+01 8.121321713652712049e+00 1.365994644351286924e+00 8.121321713652712049e+00 2.690657588861283855e+01
-1.830415376152337004e+01 6.781111078090805933e+00 -1.167463606417284083e+01 6.781111078090805933e+00 -1.058071076966730750e+00 -9.679778817251227352e+00 -1.167463606417284083e+01 -9.679778817251227352e+00 1.100426422039347862e+01
-2.541900249453050975e+01 2.917093035566780124e+00 -1.659229457461681267e+00 2.917093035566780124e+00 -1.120243355926247020e+01 -2.966495383510627804e+00 -1.659229457461681267e+00 -2.966495383510627804e+00 1.718166148384133152e+01
2.044108030915726459e+01 -3.808835911523264173e+00 -4.868571255452867952e+00 -3.808835911523264173e+00 2.471316779768161354e+01 -8.886111363284127762e+00 -4.868571255452867952e+00 -8.886111363284127762e+00 -1.669839035966760932e+01
3.017078038769275139e+01 6.840133110435163921e+00 1.586820528850632073e+00 6.840133110435163921e+00 2.091028906058407699e+01 2.627908099494443039e+00 1.586820528850632073e+00 2.627908099494443039e+00 -1.112702155596794995e+01
2.385113683392041750e+01 -1.188655726462495643e+01 -7.202149230004887492e+00 -1.188655726462495643e+01 2.239483940518050886e+01 -9.802558242151194534e+00 -7.202149230004887492e+00 -9.802558242151194534e+00 -3.962004889604243463e+00
-7.447540393816938220e-01 -2.120298679769354600e+00 -4.302461647562570886e-03 -2.120298679769354600e+00 -6.247706077183585727e+00 -5.070413068443722970e+00 -4.302461647562570886e-03 -5.070413068443722970e+00 4.683523009985055552e+00
-3.273935284457656536e+01 1.756112180678202961e+01 -7.537178935825362025e+00 1.756112180678202961e+01 -2.563968854786390850e+01 -3.155565124666822596e-01 -7.537178935825362025e+00 -3.155565124666822596e-01 -4.053977587008256478e+01
2.654452440557023962e+01 1.370255053628770980e+01 -2.085133869762070713e+00 1.370255053628770980e+01 1.806077492502814508e+01 -1.035701252730516586e+01 -2.085133869762070713e+00 -1.035701252730516586e+01 -3.488335024011095520e+00
4.489875594388501412e+01 3.092308950428905412e+00 2.661114676115557032e+01 3.092308950428905412e+00 4.094254585102914490e+01 -2.094144099980666418e+00 2.661114676115557032e+01 -2.094144099980666418e+00 7.034261446167409559e+00
-4.650791401939859782e+01 -1.810854931307904092e+00 -6.948451050807954443e-01 -1.810854931307904092e+00 -4.743472884204349072e+01 -1.031502431096675609e+00 -6.948451050807954443e-01 -1.031502431096675609e+00 -2.369196670527439963e+01
-9.767594889879614328e+00 1.357731929328605647e+00 -4.032097091612918405e+00 1.357731929328605647e+00 -1.305791668408571127e+01 4.608650529309671562e+00 -4.032097091612918405e+00 4.608650529309671562e+00 1.159479482246832482e+01
3.957818511177320886e+01 -2.155024613462941385e+00 4.842501584734426601e-01 -2.155024613462941385e+00 4.144359440475078316e+01 -6.774122979752725371e+00 4.842501584734426601e-01 -6.774122979752725371e+00 2.007390875149286913e+01
-2.068402660142721672e+01 6.242657535865998142e+00 -8.924423484199802914e+00 6.242657535865998142e+00 1.086349218069519118e+01 5.264062394774710718e+00 -8.924423484199802914e+00 5.264062394774710718e+00 -4.050225312707260628e+01
1.255241306245267374e+01 -8.084992653900533455e+00 8.297361977646350084e+00 -8.084992653900533455e+00 2.677712183455231987e+00 4.262701150844558917e+00 8.297361977646350084e+00 4.262701150844558917e+00 -1.256282646032981454e+01
6.813303456431419880e-01 3.565090587687104851e+00 -3.782857348001335662e+00 3.565090587687104851e+00 1.439932501782324969e+01 -4.139888838296791995e+00 -3.782857348001335662e+00 -4.139888838296791995e+00 2.451985345080331413e+01
2.629154287787923394e+01 1.242436145698951400e+01 -1.788988993032329319e-02 1.242436145698951400e+01 3.349209057717761340e+01 2.297483367319501646e+00 -1.788988993032329319e-02 2.297483367319501646e+00 1.837033202962631506e+01
5.453609168775461313e+00 6.819752869381768612e+00 1.916188324817438504e+00 6.819752869381768612e+00 -8.628238387718582203e+00 3.869446072885428300e+00 1.916188324817438504e+00 3.869446072885428300e+00 2.701366492472202907e+01
-8.349796146356696980e+00 3.085385643790102606e+00 8.207536051560110124e+00 3.085385643790102606e+00 -6.156061633843443737e+00 -7.216623375563495202e+00 8.207536051560110124e+00 -7.216623375563495202e+00 9.362737530454232626e+00
3.985971238995643517e+01 -5.593753257745480489e+00 -8.223574785990190872e-01 -5.593753257745480489e+00 2.599218241653957762e+01 -2.142503916266218056e+00 -8.223574785990190872e-01 -2.142503916266218056e+00 -2.169744552786737302e+01
4.764994513409616772e+00 4.060789107356927552e+00 2.753383451803355086e+00 4.060789107356927552e+00 -1.594853794143074133e+01 1.793962467330390664e+00 2.753383451803355086e+00 1.793962467330390664e+00 -5.208452427080111846e+01
-1.332174796229518421e+01 -1.696622491870836483e-02 7.304296376341808283e+00 -1.696622491870836483e-02 -2.417487203358617265e+01 1.465500179655123247e+00 7.304296376341808283e+00 1.465500179655123247e+00 1.277431137740282452e+01
1.892595961213109135e+01 4.936862933749774029e+00 6.793903558013814958e+00 4.936862933749774029e+00 2.364309639137808006e+01 3.052634874629827522e+00 6.793903558013814958e+00 3.052634874629827522e+00 -1.935478710458275842e+01
6.663869126723949599e+00 -6.563049391910093178e+00 -4.926007830251564634e+00 -6.563049391910093178e+00 1.921569290928722396e+01 2.985114814827242391e+00 -4.926007830251564634e+00 2.985114814827242391e+00 4.168617236625772549e+00
-8.328031218838132688e+00 2.181151481436570450e+01 9.158000795946346528e+00 2.181151481436570450e+01 9.495746887597656283e+00 8.619511515557924497e+00 9.158000795946346528e+00 8.619511515557924497e+00 -4.637911501509996270e+01
6.175833278939597903e+01 8.323732773096159221e+00 6.171964801217929564e-01 8.323732773096159221e+00 6.532047555988110332e+01 2.165861310789883198e+00 6.171964801217929564e-01 2.165861310789883198e+00 1.668145939184705639e+01
-1.912182515002789174e+01 1.345932601482461699e+01 1.489160048687159055e+01 1.345932601482461699e+01 -2.230810352906375016e+01 -5.131449187521390787e-01 1.489160048687159055e+01 -5.131449187521390787e-01 -2.713687178921545140e+01
2.461291561003868011e+01 1.831778864500596127e+00 8.873961364548987873e+00 1.831778864500596127e+00 3.268320005555285235e+01 9.955551298331505095e+00 8.873961364548987873e+00 9.955551298331505095e+00 -8.333972838501772173e+00
1.402544765482223532e+01 6.043187967901329394e+00 4.000759528885859950e+00 6.043187967901329394e+00 1.837860084620669809e+01 -8.767175417329665876e+00 4.000759528885859950e+00 -8.767175417329665876e+00 -2.603207351977786743e+01
-2.212709401751962091e+01 2.355480421182615913e+00 -2.684136044614669370e+00 2.355480421182615913e+00 -3.331459346294011681e+01 -9.675077436015742105e-01 -2.684136044614669370e+00 -9.675077436015742105e-01 1.170393915152679831e+01
-3.117999376505097331e+01 9.183219043813522831e+00 -5.308679992523505087e-01 9.183219043813522831e+00 -1.279364349173538074e+01 7.760838558955539312e+00 -5.308679992523505087e-01 7.760838558955539312e+00 1.530829864956738717e+01
3.068792055377279127e+01 -7.475723680084478850e+00 6.795742363088502991e+00 -7.475723680084478850e+00 4.534195394704294557e+01 -2.393088489280803799e+01 6.795742363088502991e+00 -2.393088489280803799e+01 2.076418516701833639e+01
1.887108175737616733e+01 3.771906464175763585e+00 1.292511182863115504e+00 3.771906464175763585e+00 1.554397561604203659e+01 -8.055222523496697207e+00 1.292511182863115504e+00 -8.055222523496697207e+00 2.675224216954071110e+01
-4.343099741076233755e+00 1.369860979274451296e+01 8.353348809475341641e-01 1.369860979274451296e+01 7.266289890951926900e-02 -6.655922947216901697e+00 8.353348809475341641e-01 -6.655922947216901697e+00 7.299026187294490597e+00
-1.390382068613537925e+01 2.392820422804829761e+00 2.191270053458568512e+00 2.392820422804829761e+00 -2.193474915028621908e+01 -8.286984802259327765e+00 2.191270053458568512e+00 -8.286984802259327765e+00 -1.180693577596591837e+01
2.815657309661668251e+01 -8.175368535827747252e+00 -7.036917173673825410e+00 -8.175368535827747252e+00 2.118307330577509617e+01 2.323345023200933390e-01 -7.036917173673825410e+00 2.323345023200933390e-01 1.525346600572431832e+01
