2.772855338743685039e+01 -1.085833212495750466e+01 1.126254161837910495e+01 -1.085833212495750466e+01 7.808029741713873761e+00 -1.354553236682357387e+01 1.126254161837910495e+01 -1.354553236682357387e+01 3.238887859648256295e+01
1.271829674521469755e+01 -3.234742103334311114e+00 -1.000672877245563308e+00 -3.234742103334311114e+00 -5.638613703436300284e+01 2.164032661777492805e+01 -1.000672877245563308e+00 2.164032661777492805e+01 4.712964949244317303e+00
-3.300292735099898778e+01 -1.090101147372310209e+01 6.355478351454721064e+00 -1.090101147372310209e+01 -6.200175470626127350e+01 -8.559104691125838826e+00 6.355478351454721064e+00 -8.559104691125838826e+00 -3.160104403639080317e+01
-3.144786934763173036e+01 7.620739164688986378e+00 -6.509509168611910646e+00 7.620739164688986378e+00 -4.425902789525520831e+01 1.200863631937296061e+00 -6.509509168611910646e+00 1.200863631937296061e+00 -1.199174476226546915e+01
-4.783922551239763976e+01 -1.280976173684193808e+00 3.519414273166658447e+00 -1.280976173684193808e+00 -1.695250769771080357e+01 1.675640780797864693e+01 3.519414273166658447e+00 1.675640780797864693e+01 -5.461584584323006908e+01
1.136372452371035102e+01 -1.617278802663809145e+01 1.194377597656586687e+01 -1.617278802663809145e+01 -2.359385083917398163e+01 -1.468039423077634575e+00 1.194377597656586687e+01 -1.468039423077634575e+00 2.911172268805675145e+01
-3.303497228095195304e+00 -9.991741474822244395e-01 -1.623382103635795826e+00 -9.991741474822244395e-01 -2.833066874698784332e+01 1.916100611115087915e+01 -1.623382103635795826e+00 1.916100611115087915e+01 -5.671753502455171514e+00
-2.147600708966777461e+01 2.528866038213089240e+01 4.169538862517995881e+00 2.528866038213089240e+01 9.160359821901076671e+00 4.793099491792441880e-01 4.169538862517995881e+00 4.793099491792441880e-01 -3.953670176126856006e+01
-1.664849385420185612e+01 -9.205010499207503472e+00 7.017457867726282217e+00 -9.205010499207503472e+00 2.869680509570245164e+01 6.750791483545379723e-01 7.017457867726282217e+00 6.750791483545379723e-01 1.401387366445508320e+00
-5.347075305332825934e+01 -4.712187855421620775e+00 -1.974220366090314371e+01 -4.712187855421620775e+00 -4.909457312582913602e+01 -7.330639219263512807e+00 -1.974220366090314371e+01 -7.330639219263512807e+00 -3.850906115484205827e+01
-1.164101936673434778e+01 1.166719163770571477e+01 -1.008572882406743432e+01 1.166719163770571477e+01 -2.530840046301220170e+01 -2.887300290356600296e+00 -1.008572882406743432e+01 -2.887300290356600296e+00 -4.215561598783512665e+00
-3.130130035379840692e+01 3.585918209287811020e+00 2.978552297844110797e+00 3.585918209287811020e+00 -4.661353241299788408e+01 -2.799949594220269233e+00 2.978552297844110797e+00 -2.799949594220269233e+00 -2.114454445959877660e+01
3.528900043282166621e+01 7.371623718207406029e+00 9.714238047827185696e+00 7.371623718207406029e+00 7.979825391044781391e+00 -4.611368918346203216e+00 9.714238047827185696e+00 -4.611368918346203216e+00 4.181400809249569051e+01
-3.784679063366918061e+00 -1.091489097381977125e+01 8.503667099753691616e+00 -1.091489097381977125e+01 -1.633862588625942891e+01 1.534273202743368358e+01 8.503667099753691616e+00 1.534273202743368358e+01 -4.940961543074547713e+00
6.227901237892185193e+00 2.861872057546530357e+01 -8.937056533896294397e+00 2.861872057546530357e+01 -1.371698832182214289e+01 1.005735635102074976e+00 -8.937056533896294397e+00 1.005735635102074976e+00 1.462715746568145470e+01
2.053387984720371051e+01 7.487364484522893271e+00 -3.701452417101676495e+00 7.487364484522893271e+00 1.764799158609434215e+01 -9.069988645526725790e+00 -3.701452417101676495e+00 -9.069988645526725790e+00 -1.162886142971994552e+00
-2.294153546997979021e+01 1.078979580791173198e+01 1.368540018863842711e+01 1.078979580791173198e+01 -1.630180921318748233e+01 2.022959398304352163e+01 1.368540018863842711e+01 2.022959398304352163e+01 -2.820630462459551779e+01
7.643999211150489081e+00 -2.389485637626568515e+00 -4.620929860533917299e+00 -2.389485637626568515e+00 -2.454833581817624477e+01 -1.157946463144439164e+01 -4.620929860533917299e+00 -1.157946463144439164e+01 1.147757243009349004e+00
1.467703780044812056e+01 3.537266423422892103e+00 1.008928736000235205e+01 3.537266423422892103e+00 -2.942352455869731642e+01 6.241723230201980499e+00 1.008928736000235205e+01 6.241723230201980499e+00 -1.010351202385749048e+01
-3.649995161335653648e+01 -1.063001149973567472e+01 -9.952960974693407792e+00 -1.063001149973567472e+01 -8.267917088251998337e+00 3.702548561092692481e+00 -9.952960974693407792e+00 3.702548561092692481e+00 -2.398737182567028370e+01
3.453736746067209396e+01 2.270506676299715920e+01 -6.550664900673101698e+00 2.270506676299715920e+01 -8.217033917381359132e+00 5.302385420424908347e+00 -6.550664900673101698e+00 5.302385420424908347e+00 3.546471601519564842e+01
-7.629307137443749554e+00 2.872267189365043993e+00 -9.931994775881226589e-01 2.872267189365043993e+00 2.746300193545975077e+01 -2.198910117969147482e+00 -9.931994775881226589e-01 -2.198910117969147482e+00 -2.405555435205083370e+01
-1.894226338851152880e+00 1.807192046711784794e+00 -1.220429093166603707e+01 1.807192046711784794e+00 -4.526461105409025976e+01 5.013521245914390967e+00 -1.220429093166603707e+01 5.013521245914390967e+00 5.482969741422142995e+00
-1.681987349062997339e+01 6.575193177512363540e+00 2.917189387989901128e+00 6.575193177512363540e+00 -2.422433953927152928e+01 -2.617124236401973669e-01 2.917189387989901128e+00 -2.617124236401973669e-01 2.147999211313044299e+01
1.824929081531070807e+01 -5.422474124383080074e+00 5.399547159116194983e+00 -5.422474124383080074e+00 -7.961719017272802290e+00 4.479462923481800196e+00 5.399547159116194983e+00 4.479462923481800196e+00 4.208274240587807746e+00
1.116178398484089129e+01 -2.566749470183395054e+00 -2.980394831362370489e+00 -2.566749470183395054e+00 1.091775010990273209e+01 -1.251357364754229984e+01 -2.980394831362370489e+00 -1.251357364754229984e+01 -6.085826431735194220e+00
-3.111637691244668957e+01 2.445255348534674411e+00 1.653715436994090071e+00 2.445255348534674411e+00 -9.889571925351662074e+00 5.122926752802698047e+00 1.653715436994090071e+00 5.122926752802698047e+00 -1.817855704424758656e+01
-1.248910669758883651e+00 7.567811525606288114e+00 2.728891682466824875e+01 7.567811525606288114e+00 -1.966779407407666014e+01 -6.217919460517328467e+00 2.728891682466824875e+01 -6.217919460517328467e+00 -2.117385428342438303e+01
3.648442387444852386e+01 -1.710155218747481665e-01 1.708227292567025302e+01 -1.710155218747481665e-01 1.194216046084056293e+00 9.142152735338280323e+00 1.708227292567025302e+01 9.142152735338280323e+00 2.162173517992978589e+01
3.995500260412837434e+01 -9.230338710224222254e+00 -6.689153279762284576e+00 -9.230338710224222254e+00 2.488187918401529686e+01 2.400669869921634447e+00 -6.689153279762284576e+00 2.400669869921634447e+00 4.356563142331384597e+01
4.117531493653731189e+01 -4.553518991519501569e+00 1.627824165742822871e+01 -4.553518991519501569e+00 -2.013255282819675429e+01 -1.524207817924269959e+00 1.627824165742822871e+01 -1.524207817924269959e+00 2.623181442418490406e+01
1.396556500072632190e+01 -2.095272796276961458e+01 -1.711696284831494097e+01 -2.095272796276961458e+01 -9.864742906748048767e+00 -1.299716348679859124e+01 -1.711696284831494097e+01 -1.299716348679859124e+01 1.235400237810350532e+01
1.775738588800466999e+01 -6.372180389029483694e-01 6.623118277705440926e-01 -6.372180389029483694e-01 -8.501318768629490208e+00 -2.701236073150595018e+01 6.623118277705440926e-01 -2.701236073150595018e+01 2.785336318099937358e+01
4.646303100338931458e+00 8.220061607316873520e+00 -1.135470061069058190e+01 8.220061607316873520e+00 9.049396288101569041e+00 3.988147819858550491e+00 -1.135470061069058190e+01 3.988147819858550491e+00 -1.691701881528164719e+01
2.653042907556487418e+00 2.285703831200586578e+01 -3.482028695826755005e+00 2.285703831200586578e+01 5.101539409157005878e+00 3.382014747341357097e+00 -3.482028695826755005e+00 3.382014747341357097e+00 9.049581281268160859e-01
5.074699445602766090e+00 3.017555605688459153e+00 -5.386375935673506365e-01 3.017555605688459153e+00 -5.197987446301217318e+01 -4.484112179200257842e+00 -5.386375935673506365e-01 -4.484112179200257842e+00 2.851780630061710564e+00
-8.783291612487206024e+00 -1.406203874591814440e+01 1.750820909635038447e+01 -1.406203874591814440e+01 -2.152388557593878105e+01 7.465327169027174969e-01 1.750820909635038447e+01 7.465327169027174969e-01 4.275346855055818018e+00
-2.887786295128949376e+01 -2.404269586975412487e+00 -5.348621216439807036e+00 -2.404269586975412487e+00 -1.851366437452383273e+00 1.741486429989682394e+00 -5.348621216439807036e+00 1.741486429989682394e+00 -6.940204227406963078e-01
4.230170412168619265e+01 4.041853829223833738e-01 4.946294913662804937e+00 4.041853829223833738e-01 3.312861666577354214e+01 -1.990578341164793486e+00 4.946294913662804937e+00 -1.990578341164793486e+00 2.690399026248180547e+01
7.258445927143999832e+00 -3.211467254093010038e+00 -5.138600632447678507e+00 -3.211467254093010038e+00 -3.732917383556751645e+01 7.418321336386057396e+00 -5.138600632447678507e+00 7.418321336386057396e+00 2.505205160158005384e+01
-2.619395696678144958e+01 1.418981301803823136e+01 -3.827717506197002795e+00 1.418981301803823136e+01 -4.870388884838573773e+01 1.200898768277811790e+01 -3.827717506197002795e+00 1.200898768277811790e+01 -3.148776654971364763e+01
2.966900001116765218e+00 3.750218367211313630e+00 -2.302307305141644278e+00 3.750218367211313630e+00 -1.500911160552996648e+01 3.834033070501456475e+00 -2.302307305141644278e+00 3.834033070501456475e+00 2.280026728750596732e+01
8.559274259760762504e+00 9.885356263890377956e-03 -1.764286901307621136e+01 9.885356263890377956e-03 -4.781861869127431675e+01 -1.351679913419464185e+01 -1.764286901307621136e+01 -1.351679913419464185e+01 5.433062145063281889e+00
1.215687257231049934e+01 -7.990719464676877770e+00 1.670406341465428657e+00 -7.990719464676877770e+00 2.520455801939951712e+01 -9.311582137020401717e+00 1.670406341465428657e+00 -9.311582137020401717e+00 1.552088879376018049e+01
-3.354696563877812565e+01 9.334150210039753759e+00 -2.088977735877320541e+01 9.334150210039753759e+00 1.070723651030571055e+01 -5.825416862573489674e+00 -2.088977735877320541e+01 -5.825416862573489674e+00 2.517248590584038048e+00
-3.251901364690465357e+01 -9.229709673848981666e+00 -1.909137363326623671e+01 -9.229709673848981666e+00 -3.102248311848351747e+01 -1.507229827995838711e+01 -1.909137363326623671e+01 -1.507229827995838711e+01 -2.095754541937174764e+01
3.383832009832031673e+01 1.867939486942285043e+01 -1.636411410198031646e+01 1.867939486942285043e+01 -7.185045331218559816e+00 -1.093904542518410850e+01 -1.636411410198031646e+01 -1.093904542518410850e+01 3.016353094260101386e+01
-3.648980655941957973e+00 -1.329422312219868907e+01 -1.573213317430839453e+01 -1.329422312219868907e+01 -1.936011302769908227e+01 -3.539802751921073298e+00 -1.573213317430839453e+01 -3.539802751921073298e+00 1.073193548861351232e+01
-5.466271098871203549e+01 -3.606597014434145126e-02 6.559510557880883219e+00 -3.606597014434145126e-02 -5.355369558602760804e+01 -1.283422873176126089e+01 6.559510557880883219e+00 -1.283422873176126089e+01 -5.033203822453934606e+01
9.761227245308138123e+00 -5.926672380075753033e+00 4.419604705228906028e+00 -5.926672380075753033e+00 -7.471657266418933574e+00 -8.727962009713156277e+00 4.419604705228906028e+00 -8.727962009713156277e+00 2.737400543087404614e+01
