1.873607040689892855e+01 -7.926347733440555210e-01 -1.907027433864397992e+01 -7.926347733440555210e-01 -1.053618144373382748e+01 -4.062957359311177852e-01 -1.907027433864397992e+01 -4.062957359311177852e-01 2.537848058758899938e+01
5.730152722419524558e+00 8.835504362831290148e-01 -3.868305896484728557e+00 8.835504362831290148e-01 3.661998445845962458e+00 5.304311790446413211e-01 -3.868305896484728557e+00 5.304311790446413211e-01 -1.394234277406236266e+01
-3.503837464188472950e+01 7.265436704387150613e+00 1.377943029951189224e+00 7.265436704387150613e+00 -1.972031382630513008e+01 -1.981100176333937535e+00 1.377943029951189224e+00 -1.981100176333937535e+00 -4.141757720312768498e+01
2.705363066503406966e+00 6.251149718679895884e+00 5.107658474978730823e+00 6.251149718679895884e+00 4.792282776093177432e+00 -6.620212463533063640e-02 5.107658474978730823e+00 -6.620212463533063640e-02 -8.905053180484556741e-01
-2.399859758299409762e+01 -2.013809503155047409e+01 2.203492462892520543e+00 -2.013809503155047409e+01 1.082882169767083802e+01 1.072462405369590321e+01 2.203492462892520543e+00 1.072462405369590321e+01 -3.510706332692900133e+01
-1.258121999028342763e+01 -5.180854320678340841e+00 1.166758578243533240e+00 -5.180854320678340841e+00 3.958476050879197405e+00 2.868074947467618152e+00 1.166758578243533240e+00 2.868074947467618152e+00 1.396472341740753009e+01
3.987382551497766059e+01 -2.457899621028061254e+00 -1.366646273248577437e+01 -2.457899621028061254e+00 2.367864996390270349e+01 1.177632531555762263e+01 -1.366646273248577437e+01 1.177632531555762263e+01 2.331864484998062892e+01
-2.804646161470885346e+01 1.042572714375098641e+01 -1.042987550017390186e+00 1.042572714375098641e+01 -1.720609328287376627e+01 1.458824991576916652e+01 -1.042987550017390186e+00 1.458824991576916652e+01 -1.972395117737538328e+01
-5.417068352516339225e+00 -1.367312329580418329e+01 1.697304175118947001e+01 -1.367312329580418329e+01 -4.363974952548382902e+01 -5.124825833286355881e+00 1.697304175118947001e+01 -5.124825833286355881e+00 -1.526818698304081146e+01
-2.137071039213341805e+01 5.010623431335892164e+00 1.914265027961210563e+00 5.010623431335892164e+00 2.937287203896542298e+00 6.608409758029877068e+00 1.914265027961210563e+00 6.608409758029877068e+00 -2.497074242066668504e+01
-3.311360950869728925e-01 -4.873589071071013912e-01 2.140629955201368284e-01 -4.873589071071013912e-01 -8.860091061032099091e+00 -6.796820436254712661e+00 2.140629955201368284e-01 -6.796820436254712661e+00 -9.927676282801817242e-01
2.620208728471367365e+01 -1.934593432535913982e+00 -2.944799238023211974e+00 -1.934593432535913982e+00 2.088704398742409651e+01 -3.616881152990763848e+00 -2.944799238023211974e+00 -3.616881152990763848e+00 2.503085704763981312e+01
6.955977580931997295e+01 -9.105179701671866965e+00 1.458463238646234750e+01 -9.105179701671866965e+00 1.827303643451826076e+01 9.465637790894355419e+00 1.458463238646234750e+01 9.465637790894355419e+00 7.523291135757143877e+01
-3.276653730968323019e-01 -2.704347649465581149e+00 9.459749295210864162e-01 -2.704347649465581149e+00 -9.352394353781856751e+01 8.500185224143240958e+00 9.459749295210864162e-01 8.500185224143240958e+00 4.908102856372252631e+00
2.937421432087212025e+01 7.349544924951732838e+00 5.639081052365335189e+00 7.349544924951732838e+00 1.314959800399662626e+01 1.597792355337168457e+00 5.639081052365335189e+00 1.597792355337168457e+00 2.467565798842897351e+01
-1.658664131358661109e+01 -8.512656919755162477e+00 9.992135672578438488e+00 -8.512656919755162477e+00 -1.012622868548283783e+01 -7.539750171664301170e+00 9.992135672578438488e+00 -7.539750171664301170e+00 -1.961447723678011457e+01
1.580822436506373307e+01 9.552504270914857543e+00 -8.869194616469957992e+00 9.552504270914857543e+00 -3.021164083372109843e+00 -3.700751037379244224e+01 -8.869194616469957992e+00 -3.700751037379244224e+01 -1.374700945225660575e+01
1.020095488241840265e+01 3.564271810425939879e+00 1.778317626270535712e+01 3.564271810425939879e+00 -1.714119113033437358e+01 3.726858636463644014e+00 1.778317626270535712e+01 3.726858636463644014e+00 6.890647935230005849e+00
-1.703508881852155454e+01 8.277101286235321709e+00 -1.810713151625785855e+01 8.277101286235321709e+00 -1.151040649098215596e+01 -1.891814333530698633e+01 -1.810713151625785855e+01 -1.891814333530698633e+01 -6.206067806781486063e+00
5.833682329215509332e-01 -6.264743548147128749e+00 4.293407956343735066e+00 -6.264743548147128749e+00 -3.766837933587336806e+01 3.070174871323767540e+00 4.293407956343735066e+00 3.070174871323767540e+00 1.091818555024732618e+01
-1.606643925216629043e+01 -3.286289491718660027e+00 8.077774021151707728e+00 -3.286289491718660027e+00 -5.014002069778635828e+00 1.862322826866419090e-01 8.077774021151707728e+00 1.862322826866419090e-01 -1.438811533412203758e+01
8.730253577957313382e+00 -1.308629572380043271e+01 -5.345571062303923426e+00 -1.308629572380043271e+01 1.324952202325396655e+01 -3.350247931427143833e+00 -5.345571062303923426e+00 -3.350247931427143833e+00 2.274696256612038070e+01
3.160838418593716881e+01 -1.031485748663455659e+01 -3.431711149127020022e+00 -1.031485748663455659e+01 4.197915361855477556e+01 -8.161446107391714833e+00 -3.431711149127020022e+00 -8.161446107391714833e+00 2.898289314129683802e+01
1.084369089431332078e+01 2.304156596126633261e+00 3.778353254269331885e+00 2.304156596126633261e+00 2.466888677479396330e-01 1.042151017619117326e+01 3.778353254269331885e+00 1.042151017619117326e+01 8.055833759934541760e+00
4.465948678440483377e+01 4.522476568368463568e+00 1.684787851300691752e+00 4.522476568368463568e+00 1.993190883520043499e+01 2.203102142101437178e+00 1.684787851300691752e+00 2.203102142101437178e+00 4.227405764234593022e+01
2.772668112979609134e+00 -5.128947979276238023e+00 -7.233826964700161843e-01 -5.128947979276238023e+00 1.069483319876888050e+00 -8.592796623281797608e+00 -7.233826964700161843e-01 -8.592796623281797608e+00 2.051890368259690334e+01
-4.015192174595828334e+01 -1.153267909971753014e+01 -2.105705259796580187e+00 -1.153267909971753014e+01 -3.481528591277444207e+01 -3.134888765524558085e+00 -2.105705259796580187e+00 -3.134888765524558085e+00 -5.508900800699311873e+01
-5.442208500542027139e+01 -4.713284976353922850e+00 -2.334634856745571341e+01 -4.713284976353922850e+00 -3.814745715541084792e+01 1.063484371831814546e+00 -2.334634856745571341e+01 1.063484371831814546e+00 -5.126436339655468544e+01
-3.797078567106450464e+01 8.728873713006917612e+00 2.061486375429435824e+01 8.728873713006917612e+00 -4.913851855513096467e+01 2.220089828942935828e+00 2.061486375429435824e+01 2.220089828942935828e+00 -2.331069123184034098e+01
-3.662621142471384417e+01 -2.442291165704054023e+00 1.169760939165082547e+01 -2.442291165704054023e+00 -4.114693997987763652e+01 4.576791433572891421e+00 1.169760939165082547e+01 4.576791433572891421e+00 -5.036817361134489346e+01
2.481172279679628545e+01 1.012135142322849513e+00 7.172132970355764137e+00 1.012135142322849513e+00 -1.038971543589714308e+01 -7.654121182141650159e+00 7.172132970355764137e+00 -7.654121182141650159e+00 2.678396018174750992e+01
-2.344039503825439041e+01 -3.516191634367095364e+00 -9.638814435096809685e-01 -3.516191634367095364e+00 -2.512806111984744817e+01 -9.157544575228451222e+00 -9.638814435096809685e-01 -9.157544575228451222e+00 -1.892155547083040190e+01
-2.582607648299538639e+01 6.781639629483726672e+00 -2.823839085201762078e+00 6.781639629483726672e+00 -3.079559069045053832e+00 -1.135779883238729404e+01 -2.823839085201762078e+00 -1.135779883238729404e+01 -3.378765035651799309e+01
-2.342781434181267031e+01 -8.192589348421970286e-01 2.281788216734315533e+00 -8.192589348421970286e-01 -4.264594868087915103e+01 6.703076760961571345e+00 2.281788216734315533e+00 6.703076760961571345e+00 -4.359367686796990604e+00
-3.043932822117878345e+01 -8.508954855950662477e+00 -1.253278798163243657e+01 -8.508954855950662477e+00 -3.596979232596829235e+01 6.147313191780212627e+00 -1.253278798163243657e+01 6.147313191780212627e+00 -1.099900708545923322e+01
3.598708606624242634e+01 -1.618411284987236076e+00 -1.108224185593859934e+00 -1.618411284987236076e+00 1.014363631462259718e+01 -8.079249201402934233e+00 -1.108224185593859934e+00 -8.079249201402934233e+00 5.772261186343328632e+01
3.327592900220675176e+01 -4.283755214904846120e+00 -1.226209629862797534e+01 -4.283755214904846120e+00 2.452443564834640100e+01 -4.720734069855304860e+00 -1.226209629862797534e+01 -4.720734069855304860e+00 4.774218137450510113e+01
3.138478505547646336e+01 8.203538561567350840e+00 7.360257688756282946e+00 8.203538561567350840e+00 2.603612853383364723e+01 6.511718168225202330e-01 7.360257688756282946e+00 6.511718168225202330e-01 4.279164434230141723e+01
-2.753132497388783051e+01 1.839004010323406035e+01 7.467808381624879921e+00 1.839004010323406035e+01 5.297399670690213114e+00 -9.875749976255535634e-01 7.467808381624879921e+00 -9.875749976255535634e-01 -2.648193307686070952e+01
5.519962727355191667e+00 -7.784021320154876911e+00 2.017560936733282961e+00 -7.784021320154876911e+00 7.442831633140961856e+00 2.886319505146138109e+00 2.017560936733282961e+00 2.886319505146138109e+00 1.102179069224369456e+01
-1.045458820373728237e+01 -8.291945539691436551e+00 -1.602122076153803309e+00 -8.291945539691436551e+00 3.807243404066899650e+00 8.189826201167115238e-01 -1.602122076153803309e+00 8.189826201167115238e-01 -4.684519534736930169e+00
1.220520534763535814e+01 2.560978350228475531e+00 -5.041665917197853952e-01 2.560978350228475531e+00 1.043165068512396232e+01 7.194840788747779214e+00 -5.041665917197853952e-01 7.194840788747779214e+00 8.499271924253972710e-01
-4.916506489352761022e+00 -8.124902545585444003e+00 -1.069257753695180746e+01 -8.124902545585444003e+00 1.307244153710343681e+01 1.071325633793379950e+01 -1.069257753695180746e+01 1.071325633793379950e+01 6.576516544116731922e+00
-2.439718325348897210e+01 1.846704725344574172e+01 2.881238791909963015e-01 1.846704725344574172e+01 -1.021995957081603734e+01 -5.260050922554034614e+00 2.881238791909963015e-01 -5.260050922554034614e+00 -3.779641615995474524e+01
-1.067558850052456343e+01 -6.330371494929208254e+00 -1.290075164087543236e+01 -6.330371494929208254e+00 -1.458972857528522837e+01 6.313371980078680501e+00 -1.290075164087543236e+01 6.313371980078680501e+00 -1.434066111283550526e+01
-2.071729722901282145e+01 4.765872880577732285e-01 1.168381781573753209e+01 4.765872880577732285e-01 -3.182018811390053870e+01 -2.891132912323141291e+00 1.168381781573753209e+01 -2.891132912323141291e+00 -2.307475564026819370e+01
-1.469408949715155188e+01 1.047807922327973040e+00 -9.189528017311097585e+00 1.047807922327973040e+00 -5.651802871857503874e+01 1.081638143270298436e+01 -9.189528017311097585e+00 1.081638143270298436e+01 -6.604943783415748726e+00
1.066247376902540456e+00 4.277971187684679322e+00 -9.737030460640484719e+00 4.277971187684679322e+00 3.808040129022661091e+01 -9.539634043045930767e+00 -9.737030460640484719e+00 -9.539634043045930767e+00 -3.133745169788766205e+01
-1.343618329948800039e+01 -2.220510585108425516e+01 3.908617345993423697e+00 -2.220510585108425516e+01 -3.113128213611522810e+00 3.705904406739481960e+00 3.908617345993423697e+00 3.705904406739481960e+00 -1.222442918372954068e+01
-7.677612258342491058e-01 2.537609455080574783e+00 -6.330865852154987650e+00 2.537609455080574783e+00 -3.111736376155139894e+01 -6.943738101248923655e+00 -6.330865852154987650e+00 -6.943738101248923655e+00 3.742564296969142834e+00
