2.782255959263962453e+01 -6.017860734628817099e-01 2.031690938774398103e-01 -6.017860734628817099e-01 -3.099957472241179346e+01 -1.240346060368402803e+01 2.031690938774398103e-01 -1.240346060368402803e+01 3.946349324256235747e+01
-4.093245326758158775e+00 6.250260846664518866e+00 7.199257038568694644e-02 6.250260846664518866e+00 -6.535993530858799083e+00 -5.181383252514872861e-01 7.199257038568694644e-02 -5.181383252514872861e-01 2.157050924927696567e+00
2.283511980846039435e+01 7.221660879521824228e+00 -2.990109819916411560e+00 7.221660879521824228e+00 8.028327040139586757e+00 -1.558205451978456280e+00 -2.990109819916411560e+00 -1.558205451978456280e+00 2.644647650273814321e+00
-1.726955322546545490e+00 8.014513583230225890e+00 -8.868221330387340728e+00 8.014513583230225890e+00 -3.499146050322416102e+01 -7.955809753950987329e+00 -8.868221330387340728e+00 -7.955809753950987329e+00 -2.648476113871057080e+00
-5.435801359525378018e+00 9.578779320781052320e+00 1.408144259172835699e+00 9.578779320781052320e+00 6.446992967475078551e+00 8.237074217297346124e+00 1.408144259172835699e+00 8.237074217297346124e+00 -3.273642472310024232e+01
2.595176656578845353e+01 -1.050149754955464337e-01 1.281363822340060210e+01 -1.050149754955464337e-01 1.732335327733792951e+01 -1.023007030978430443e+01 1.281363822340060210e+01 -1.023007030978430443e+01 3.384750884316356689e+01
-2.041517302689947044e+01 8.856868539410490015e+00 2.558180872359777425e+00 8.856868539410490015e+00 -4.233568762204085090e+01 2.161163436988917663e+00 2.558180872359777425e+00 2.161163436988917663e+00 -2.497005912954162810e+01
4.108334220660336378e+00 1.078039646501274484e+00 1.961978495165902059e+00 1.078039646501274484e+00 -1.931860825587133457e+00 8.147958433234045117e+00 1.961978495165902059e+00 8.147958433234045117e+00 6.850936086437109829e+00
-9.597657559456452603e+00 -1.380552300521912024e+01 -5.348785745171257489e+00 -1.380552300521912024e+01 2.152114305843318931e+01 -2.557083696822843866e-01 -5.348785745171257489e+00 -2.557083696822843866e-01 -2.118656853345199664e+01
3.299672574802016101e+01 2.756313646999677758e+01 4.756644089398212039e-01 2.756313646999677758e+01 -1.987457785321997905e+00 2.401343850399069613e+00 4.756644089398212039e-01 2.401343850399069613e+00 4.932896304701596080e+01
7.707859330961091437e+00 -1.227797528029695773e+00 3.214487371705092578e+00 -1.227797528029695773e+00 3.847981084867871715e+01 -1.531411863441988608e+01 3.214487371705092578e+00 -1.531411863441988608e+01 -1.168921251192472699e+00
-3.670668148467321856e+01 -8.769561258626080047e+00 -6.614342168932583199e+00 -8.769561258626080047e+00 -8.398000253993961550e+00 -8.207925869292452603e+00 -6.614342168932583199e+00 -8.207925869292452603e+00 -5.819055390928989624e+01
-4.588912290344421052e+01 2.121360094409366681e+00 -1.222530042167780806e+01 2.121360094409366681e+00 2.691152857425618450e+01 1.159021728636189330e+01 -1.222530042167780806e+01 1.159021728636189330e+01 -8.068420871898874580e+00
1.689364889809442616e+01 6.180085496811408952e+00 -2.971314200458345933e+00 6.180085496811408952e+00 4.391240663070423267e+00 1.639978719546149222e+01 -2.971314200458345933e+00 1.639978719546149222e+01 3.091904427471127548e+01
1.592839034735495574e+01 -4.980469575650273484e+00 1.736838358479387168e+00 -4.980469575650273484e+00 4.589264824671361431e+00 7.780792337265233449e+00 1.736838358479387168e+00 7.780792337265233449e+00 4.688369293686403871e+00
4.510461030637590518e+00 -1.532363670068012595e+01 9.677891550528777032e+00 -1.532363670068012595e+01 1.779730361016247286e+01 -2.188964527335476973e+00 9.677891550528777032e+00 -2.188964527335476973e+00 -1.451617174026264934e+01
-3.335597410770808580e+01 6.756043684823004547e+00 1.404505186088893964e+01 6.756043684823004547e+00 -4.182826894274023033e+01 3.878260123876919874e+00 1.404505186088893964e+01 3.878260123876919874e+00 -2.819009155753592566e+01
9.587693285482687955e+00 -6.298309422085853981e+00 1.256805391202230915e+01 -6.298309422085853981e+00 1.352141569242121122e+01 -3.978821157746688097e+00 1.256805391202230915e+01 -3.978821157746688097e+00 1.080209724703001939e+01
-5.342972214095149042e+01 3.643389100729077956e+00 -4.638740698665201556e+00 3.643389100729077956e+00 -3.081147505371055928e+01 -1.084422609440118812e+01 -4.638740698665201556e+00 -1.084422609440118812e+01 -5.058826216418010091e+01
-4.252321186717421542e-01 -1.621956998084343127e+00 7.655496927135359897e+00 -1.621956998084343127e+00 -3.362821443498935992e+01 6.279501549031721197e+00 7.655496927135359897e+00 6.279501549031721197e+00 3.012705110194723090e+01
3.126120579997969440e+00 2.710959866015324948e+01 -6.599072889175583434e+00 2.710959866015324948e+01 2.979049271342270799e+01 -4.157757734319551979e+00 -6.599072889175583434e+00 -4.157757734319551979e+00 -2.915085295765062767e+01
-4.000578523007551723e+01 1.368537038599095013e+01 1.430576206813482543e+01 1.368537038599095013e+01 -7.610898459268646832e+01 1.892575991447751349e+00 1.430576206813482543e+01 1.892575991447751349e+00 -3.506357830233275052e+01
2.739142499195223124e+01 5.874901753786622827e+00 -5.919039573039068358e+00 5.874901753786622827e+00 -1.949462486659311367e+01 1.039222671913589136e-01 -5.919039573039068358e+00 1.039222671913589136e-01 2.201061399573522692e+01
-9.453030840282373504e+00 1.489937079443887846e+01 1.003356628323303568e+01 1.489937079443887846e+01 -1.395981357701893799e+01 -1.411637968315198144e+01 1.003356628323303568e+01 -1.411637968315198144e+01 -1.169374363865750333e+01
7.632719726538248040e+00 -1.791530112450759304e+01 4.808756405609937445e+00 -1.791530112450759304e+01 -3.262289826721296038e+01 -4.839987290557485444e+00 4.808756405609937445e+00 -4.839987290557485444e+00 3.078303277188431508e+01
-5.435515766372636648e+01 -9.668006023833839446e-01 -6.204820623248080480e+00 -9.668006023833839446e-01 -8.897867542249059625e+01 3.410605825763945442e-01 -6.204820623248080480e+00 3.410605825763945442e-01 -3.691668858430470124e+01
-1.075111170228865376e+01 1.751935664053105191e+00 -1.759229919818667653e+01 1.751935664053105191e+00 -7.384906010254181297e+01 2.849576287235187078e+00 -1.759229919818667653e+01 2.849576287235187078e+00 -5.543925614397947399e+00
-2.270238952130736365e+01 -2.337182784616351316e+00 -1.219567211242530202e+00 -2.337182784616351316e+00 1.360416168355986244e+01 9.345445658619642992e-02 -1.219567211242530202e+00 9.345445658619642992e-02 -3.965719549049031567e+00
3.129077839991798626e+01 -6.676799477912969127e-01 8.270228601094062881e+00 -6.676799477912969127e-01 -8.937743133147776575e+00 -1.594620805723940116e+01 8.270228601094062881e+00 -1.594620805723940116e+01 2.878662536417765239e+01
3.486332437736987799e+01 -5.525833524024999832e+00 5.973832848251760197e+00 -5.525833524024999832e+00 2.402337029219507869e+01 -1.026943666704129576e+01 5.973832848251760197e+00 -1.026943666704129576e+01 2.892453872299183004e+01
9.218686973198542134e+00 -8.691506380532581844e+00 7.331454177180236620e+00 -8.691506380532581844e+00 9.748942942186960003e-01 -5.534851263531386678e+00 7.331454177180236620e+00 -5.534851263531386678e+00 2.221937178066815832e+01
-7.844765510259166241e+00 7.063740892669851057e+00 4.804175897727392730e+00 7.063740892669851057e+00 3.308884028098775332e+01 -1.687053681748141898e+01 4.804175897727392730e+00 -1.687053681748141898e+01 -3.622640721436179234e+01
2.499170160536294816e+01 -5.791913189670971462e+00 -1.382719819319038912e+01 -5.791913189670971462e+00 -4.309725464929591965e+01 -4.594784656101744247e+00 -1.382719819319038912e+01 -4.594784656101744247e+00 2.202740030797518145e+01
-2.151709873367891745e+01 4.540574748398562122e+00 -7.137061218534561213e+00 4.540574748398562122e+00 -3.839152406271189477e+01 -5.847995390769696655e+00 -7.137061218534561213e+00 -5.847995390769696655e+00 -2.095050630093708222e+01
3.761825610274781440e+01 8.095580260088070190e+00 -1.961999850184702465e+00 8.095580260088070190e+00 -1.639101994131740980e+01 -3.871978237907224507e+00 -1.961999850184702465e+00 -3.871978237907224507e+00 3.587553711026475867e+01
-6.244982390963869534e+00 7.877599205758495593e+00 -9.471015327907204906e+00 7.877599205758495593e+00 2.459703974639757362e+01 -3.135552101239695411e+00 -9.471015327907204906e+00 -3.135552101239695411e+00 -1.589573706493906435e+01
-2.762418957514097073e+01 2.350327147447062615e+01 -1.375312195825636907e+00 2.350327147447062615e+01 -2.034595519447264778e+01 -1.475218226767676555e+00 -1.375312195825636907e+00 -1.475218226767676555e+00 -5.634778675848578899e+01
-3.811982950498143907e+01 -8.652187876889292362e-01 4.252532620265432328e+00 -8.652187876889292362e-01 -3.045109672505435938e+01 -8.732174050953890543e+00 4.252532620265432328e+00 -8.732174050953890543e+00 -3.640184054367436062e+01
-4.735554850371276814e+01 -1.555956927728646910e+01 -3.248080796434460016e+00 -1.555956927728646910e+01 -5.813832823774650826e+00 -1.053409200690308190e+01 -3.248080796434460016e+00 -1.053409200690308190e+01 -4.639530899913366113e+01
3.963346273158944999e-02 -1.529764413470149353e+00 1.880136524550763300e+00 -1.529764413470149353e+00 1.835964021978729832e+01 2.782924158673893422e-01 1.880136524550763300e+00 2.782924158673893422e-01 -1.274013440137940378e+00
-7.097709333680742638e+00 -1.677142256791309460e+00 -7.365479835995818014e+00 -1.677142256791309460e+00 -2.779519758075555558e+01 -7.546065542162146755e+00 -7.365479835995818014e+00 -7.546065542162146755e+00 4.706763267783170335e+00
3.811681715260350245e+01 -1.959900639446852111e+00 -1.077179846138355934e+01 -1.959900639446852111e+00 -2.673901303186446654e+01 -1.540079028169515141e+01 -1.077179846138355934e+01 -1.540079028169515141e+01 2.678426006885631949e+01
-1.906850584440945440e+01 -1.972454951233998699e+01 1.616495283337254207e+01 -1.972454951233998699e+01 -6.833847927273931866e+00 -9.254907489643695584e+00 1.616495283337254207e+01 -9.254907489643695584e+00 -2.823615193572718951e+01
1.404888272449593689e+00 -9.342781777534641563e+00 8.262230829198458082e+00 -9.342781777534641563e+00 -2.124332339480177012e+01 -8.041508271736802271e+00 8.262230829198458082e+00 -8.041508271736802271e+00 -1.341392859082403355e+01
-2.989301979197478687e+01 7.134826589381931150e+00 -1.582899850507268225e+00 7.134826589381931150e+00 -4.109906975256612327e+01 6.830491090890103756e+00 -1.582899850507268225e+00 6.830491090890103756e+00 -2.348471891808656764e+01
2.630423201575139647e+00 2.431029784167670016e+01 7.153730360586177284e+00 2.431029784167670016e+01 -2.100086665557103061e+01 1.790005645191917338e+01 7.153730360586177284e+00 1.790005645191917338e+01 1.570998620773031096e+00
3.340370220231490550e-01 -7.564929565765531549e+00 -3.967423194478451265e+00 -7.564929565765531549e+00 2.949070228143656536e+01 3.159734982894927935e+00 -3.967423194478451265e+00 3.159734982894927935e+00 -2.507014206827239988e+01
6.634658376097804933e+01 4.341770262262961921e+00 -1.432371739739082805e+01 4.341770262262961921e+00 -1.803873916995571491e+01 8.171601503172830405e+00 -1.432371739739082805e+01 8.171601503172830405e+00 5.229706620501254832e+01
-1.556061901730104147e+01 8.589904770264595868e+00 1.520728556436652035e+01 8.589904770264595868e+00 2.819279709373963527e+01 -1.399398995838622994e+01 1.520728556436652035e+01 -1.399398995838622994e+01 1.478800664013652622e+01
-1.566626285468191426e+01 -5.773803436344369544e+00 1.622190949591044529e+01 -5.773803436344369544e+00 -1.011431023681259056e+01 1.173553166400174241e+01 1.622190949591044529e+01 1.173553166400174241e+01 -1.064559545062230406e+01
3.531122189604974437e+01 -9.925887328588425262e+00 6.482967246804591355e+00 -9.925887328588425262e+00 -1.217818782067754402e+00 -1.338162939305383325e+01 6.482967246804591355e+00 -1.338162939305383325e+01 4.940396328710766483e+01
5.756562688975835584e+01 1.586896587683376403e+01 1.595121021098812086e+01 1.586896587683376403e+01 6.691483964095021442e+00 9.994490111057451998e+00 1.595121021098812086e+01 9.994490111057451998e+00 2.817653481967949247e+01
-3.487157925847387219e+01 4.235740427211998949e+00 -9.890337990719046957e+00 4.235740427211998949e+00 -3.904842397245175079e+01 1.109282378486732590e+01 -9.890337990719046957e+00 1.109282378486732590e+01 -4.681395883770763433e+00
-5.644985258568681274e+01 7.428079722445176891e+00 2.837776828463588785e+01 7.428079722445176891e+00 -3.335965726168821988e+01 -6.619145362256117160e+00 2.837776828463588785e+01 -6.619145362256117160e+00 -2.477983434806732888e+01
-3.684533372367933435e+00 -7.065031435258537496e-01 1.368945944743463805e+01 -7.065031435258537496e-01 -6.668667627461647385e+01 8.589106805525585031e+00 1.368945944743463805e+01 8.589106805525585031e+00 -1.280044766798955358e+01
3.589852952760649885e+01 -8.928096212702909540e+00 -5.309520712439247170e+00 -8.928096212702909540e+00 -1.016017183969959170e+01 7.081410965177651562e+00 -5.309520712439247170e+00 7.081410965177651562e+00 4.868637190033134488e+01
-7.298971161069141900e+00 -5.708719719057232744e+00 1.110674749160430963e+01 -5.708719719057232744e+00 2.391732552830260516e+01 -1.127855973482760987e+01 1.110674749160430963e+01 -1.127855973482760987e+01 -2.226020821432091878e+01
-3.348955014676052144e+01 2.427264863742665035e+00 1.225320500365925014e+01 2.427264863742665035e+00 -5.251495742920829457e+01 -6.776672260714028617e+00 1.225320500365925014e+01 -6.776672260714028617e+00 -1.201185472554661082e+01
5.339291022199621750e+01 -3.930792432956546456e+00 2.957671410352614050e+00 -3.930792432956546456e+00 3.027219159404834414e+01 -8.423499499677870261e+00 2.957671410352614050e+00 -8.423499499677870261e+00 5.917637360276911096e+01
1.569146106717074218e+01 -1.749582834168158030e+01 3.772187193534886518e+00 -1.749582834168158030e+01 -3.237552232731911772e+01 3.342934262525723899e+00 3.772187193534886518e+00 3.342934262525723899e+00 4.774720006832016850e+01
2.122031391660141963e+01 -7.176875845633141626e-01 -7.057575258105107663e-01 -7.176875845633141626e-01 1.119787572972050071e+01 5.040936480467764769e-01 -7.057575258105107663e-01 5.040936480467764769e-01 1.745414870826231279e+01
1.272989854918467678e+01 -5.361754366128530513e+00 4.150176057435458477e-01 -5.361754366128530513e+00 -3.418779205503148688e+01 -1.377702434185122726e+00 4.150176057435458477e-01 -1.377702434185122726e+00 4.999560324816165746e+01
-2.678880249143087156e+01 1.411786265991659661e+01 9.836389479066538044e+00 1.411786265991659661e+01 -3.368857426696647650e+01 -1.496038936413631859e+01 9.836389479066538044e+00 -1.496038936413631859e+01 -3.239160724860487051e+01
3.648027564743018303e+01 -1.238202283870144527e+01 -1.733751036282036395e+01 -1.238202283870144527e+01 -5.394589410807255625e+00 -6.205001279588339358e+00 -1.733751036282036395e+01 -6.205001279588339358e+00 5.149911965171781958e+01
-5.455118684810265961e+01 3.092738433121603681e+00 -1.227677252430923360e+01 3.092738433121603681e+00 -4.915437056778205260e+01 7.080901966677047632e+00 -1.227677252430923360e+01 7.080901966677047632e+00 -4.818491244079230285e+01
2.533342975993904034e+01 8.820682506017982760e+00 3.644965146489891339e+00 8.820682506017982760e+00 -3.884933851447595998e+01 -7.472962478288826205e+00 3.644965146489891339e+00 -7.472962478288826205e+00 2.530184855786901110e+01
-1.613347952947435715e+01 1.789915421320048328e+00 1.027529172084379105e+00 1.789915421320048328e+00 -3.294273950323247391e+01 3.755192724950231931e+00 1.027529172084379105e+00 3.755192724950231931e+00 -1.176996040562663914e+01
-2.013889882606994775e+01 7.439581883149883446e+00 -2.915836399416078528e-01 7.439581883149883446e+00 -3.025061611247254945e+01 -4.207765869657840163e+00 -2.915836399416078528e-01 -4.207765869657840163e+00 -3.584933692919933890e+01
-9.284153490758214389e+00 -2.139441077837303240e+01 -4.212485327595223872e+00 -2.139441077837303240e+01 1.510218898340821880e+01 -3.664974169958977068e+00 -4.212485327595223872e+00 -3.664974169958977068e+00 -3.494686036336081258e+01
-1.274011431832958685e+01 6.950118734671882903e-01 -1.741559400348321063e+01 6.950118734671882903e-01 -1.118906875113644972e+01 -1.880800438729937962e+00 -1.741559400348321063e+01 -1.880800438729937962e+00 8.653190894970519409e+00
-1.601012316037328631e+01 -3.640006774104064674e-02 -3.299399905217875517e+00 -3.640006774104064674e-02 -1.662141006936975884e+01 -5.066796319867188814e+00 -3.299399905217875517e+00 -5.066796319867188814e+00 -9.554785007808996866e+00
2.813202868429583603e+01 5.795278895836049493e+00 -4.485249428865481391e+00 5.795278895836049493e+00 1.776516734356120564e+00 3.670345227234876884e+00 -4.485249428865481391e+00 3.670345227234876884e+00 1.436546709093988738e+01
3.288496955863377735e+01 -5.143915328244378138e+00 5.718635312426719075e+00 -5.143915328244378138e+00 2.156989699890669954e+01 -1.838900113783165091e+00 5.718635312426719075e+00 -1.838900113783165091e+00 3.233802906133336563e+01
1.313932106183655968e+01 3.671182516846990929e+00 -6.521030930210770293e+00 3.671182516846990929e+00 -1.813302125070892501e+01 -8.527167396617544526e+00 -6.521030930210770293e+00 -8.527167396617544526e+00 2.532124529479731478e+01
4.166696558039346598e+01 9.124107698113217424e+00 2.421560550437535930e+00 9.124107698113217424e+00 -3.011159377422765715e+01 1.550919405828999409e+01 2.421560550437535930e+00 1.550919405828999409e+01 3.814857056351949183e+01
3.804199738849243673e+00 3.440597329426887896e+00 3.941878526369110070e+00 3.440597329426887896e+00 2.679117673773462016e+01 3.374077875153933093e+00 3.941878526369110070e+00 3.374077875153933093e+00 -2.768971580426240919e+01
-1.661092260978443491e+01 1.395083456940141886e+01 -2.089727028569690503e+00 1.395083456940141886e+01 -1.721882604350108181e+01 -3.166471348561388788e-01 -2.089727028569690503e+00 -3.166471348561388788e-01 2.529726806383322035e+00
-7.642230788634121197e+00 5.844146745952598643e+00 -2.925977479230018830e+00 5.844146745952598643e+00 9.452041450832311398e+00 -2.432966083464974894e+00 -2.925977479230018830e+00 -2.432966083464974894e+00 -1.454919538319546746e+01
-4.881158393559886832e+01 3.426753974429036287e+00 -3.141047495339183371e+00 3.426753974429036287e+00 2.175257636578785281e+01 -2.510263337114465809e+00 -3.141047495339183371e+00 -2.510263337114465809e+00 -1.351541284404975229e+01
1.317313961778579490e+01 7.637320800421702138e+00 -1.526342622114037439e+01 7.637320800421702138e+00 -4.815849501700496660e+01 3.782530120643285088e+00 -1.526342622114037439e+01 3.782530120643285088e+00 5.669609624778245482e+00
-1.209935431059897049e+01 -1.139967519445879773e+01 -6.524392142788682847e+00 -1.139967519445879773e+01 4.855765883577672781e+01 -3.192101367813370061e+00 -6.524392142788682847e+00 -3.192101367813370061e+00 -2.141588879110684118e+01
-3.037334757271603181e+01 1.397966798497109764e+01 1.340901333018776143e+01 1.397966798497109764e+01 1.026708091240786480e+01 -1.484300649997488897e+01 1.340901333018776143e+01 -1.484300649997488897e+01 -5.948085550960325918e+01
-3.196519986396950230e+01 -9.563862098651764398e+00 -1.814660574619065869e+01 -9.563862098651764398e+00 -2.487036808760083062e+01 -2.201414980122940079e+01 -1.814660574619065869e+01 -2.201414980122940079e+01 -4.617848153925126553e+01
-3.115374356573757453e+01 -1.374869302829814011e+01 -2.279197727342693547e+00 -1.374869302829814011e+01 -4.639624857958582282e+01 -8.253470839312713636e+00 -2.279197727342693547e+00 -8.253470839312713636e+00 -3.542876108146782599e+01
-2.191580712490515026e+01 1.113803160241353396e+01 3.987726900536739727e+00 1.113803160241353396e+01 -3.806163657256621491e+01 1.001707321486398961e+01 3.987726900536739727e+00 1.001707321486398961e+01 -1.693837648904902693e+01
4.541349658929468802e+01 -1.238329592446489436e+01 1.064787711740378029e+01 -1.238329592446489436e+01 4.277487912485293720e+01 -1.365716981888054793e+00 1.064787711740378029e+01 -1.365716981888054793e+00 3.779871041509632335e+01
2.770812875635950689e+01 6.467085142893850280e-01 1.596034614224783654e+00 6.467085142893850280e-01 -2.430562387078973785e+01 -3.291333877593465296e+00 1.596034614224783654e+00 -3.291333877593465296e+00 9.078108431450157667e+00
-3.256898637096797611e+00 1.400631936539007638e+00 7.717427965989435812e+00 1.400631936539007638e+00 -4.314869451994152172e+01 -8.581697960560187965e+00 7.717427965989435812e+00 -8.581697960560187965e+00 1.672215753964781371e+01
-1.493565238405171414e+00 -1.527683833718224626e+01 4.742924074292486303e+00 -1.527683833718224626e+01 -2.753537329226363894e+01 4.272468113041978377e+00 4.742924074292486303e+00 4.272468113041978377e+00 7.694588072973079562e+00
1.323557902482146353e+01 -2.823818742247427682e+00 5.544873540006829415e+00 -2.823818742247427682e+00 2.130604247387604744e+01 -9.431841635205426400e+00 5.544873540006829415e+00 -9.431841635205426400e+00 9.019635202337436652e+00
-1.287592794899768300e+01 -6.552672216913594028e+00 4.950518108973620990e+00 -6.552672216913594028e+00 -3.805879788871682479e+01 -1.283156819233804136e+01 4.950518108973620990e+00 -1.283156819233804136e+01 -5.525833857667302063e+00
-5.391459782695653757e+01 1.211280935783854495e+01 -1.932330488886435660e+01 1.211280935783854495e+01 -2.776731098752540916e+01 1.024855280247538758e+01 -1.932330488886435660e+01 1.024855280247538758e+01 -3.861821877488988264e+01
-1.174821770941439780e+01 -1.660608762714913089e+00 -1.504046137512457859e+00 -1.660608762714913089e+00 -4.530530700230850272e+01 -1.500797596322104854e-01 -1.504046137512457859e+00 -1.500797596322104854e-01 4.505428077999751757e+00
2.527542651589449818e+01 -1.158389375210289707e+01 1.420001232990133744e+01 -1.158389375210289707e+01 -1.417790606991313851e+01 -1.085174666300889967e+01 1.420001232990133744e+01 -1.085174666300889967e+01 1.409247028597935625e+01
-5.408471545553727111e+01 1.391979182140000049e+00 8.270092832734606603e+00 1.391979182140000049e+00 -2.202245733382509485e+01 -2.314281679757287158e+00 8.270092832734606603e+00 -2.314281679757287158e+00 -3.986866750748181687e+01
1.921773980510117497e+01 1.123531695418432363e+01 7.221743975899330703e-01 1.123531695418432363e+01 -1.914605322384923980e+01 -6.606085993037458248e-02 7.221743975899330703e-01 -6.606085993037458248e-02 2.301846609912082542e+01
-3.687312134586168355e+01 -5.060530128580341902e+00 -6.345696087073691594e+00 -5.060530128580341902e+00 -9.422357365250132943e+01 -6.360208029889604653e+00 -6.345696087073691594e+00 -6.360208029889604653e+00 -3.505431067507375786e+01
-5.884471838296253310e+01 -2.830360844745008375e+00 -5.570569937691610463e+00 -2.830360844745008375e+00 2.782279663711545226e+01 -2.513375175374521930e+00 -5.570569937691610463e+00 -2.513375175374521930e+00 -2.474144840028336390e+01
-5.184272930328787510e+01 1.945408765170508403e+01 3.705441251154584670e+00 1.945408765170508403e+01 -8.034096420540191730e+01 1.189913516903103030e+01 3.705441251154584670e+00 1.189913516903103030e+01 -4.353746273627411512e+01
1.413538523423145854e+01 -1.472240328778819851e+01 -6.676010352678475535e+00 -1.472240328778819851e+01 -2.943045555091037713e+01 5.708959901575016538e+00 -6.676010352678475535e+00 5.708959901575016538e+00 7.111245639090868487e+00
