-9.404723188957282431e+00 9.264697242714071024e+00 4.893421801987290820e+00 9.264697242714071024e+00 -3.264494115898440896e+01 6.694787310254539214e+00 4.893421801987290820e+00 6.694787310254539214e+00 -1.247628551821579812e+01
4.423210656461002799e+01 -2.522790199925774690e+00 -1.018685474137936531e+01 -2.522790199925774690e+00 -4.571545679949856833e+00 5.497084541486389142e+00 -1.018685474137936531e+01 5.497084541486389142e+00 5.457589434959679409e+01
3.528469264083980761e+01 -5.112132509366685618e+00 -5.023975042367646360e+00 -5.112132509366685618e+00 3.393990437949442907e+01 1.702154191808942008e+00 -5.023975042367646360e+00 1.702154191808942008e+00 1.973737357017697036e+01
-1.859164759216766782e+01 1.000210912585142076e+01 8.995203817366350663e+00 1.000210912585142076e+01 -1.075413339988218908e+01 3.916528620541712691e-01 8.995203817366350663e+00 3.916528620541712691e-01 -2.301200487908893066e+01
-8.333509410233974180e+00 6.886488343938919066e+00 2.526714477655206625e+00 6.886488343938919066e+00 -4.020512212446617717e+00 -9.559769716216035107e+00 2.526714477655206625e+00 -9.559769716216035107e+00 -6.720380591977964002e+00
1.120817849691788481e+01 1.337733114401044610e+01 5.282494638186195246e+00 1.337733114401044610e+01 1.009961911999585915e+01 7.541489900908354693e-01 5.282494638186195246e+00 7.541489900908354693e-01 2.337079622550158930e+01
-7.944941542476539276e+00 1.375224272360231703e+00 4.905513938117223915e+00 1.375224272360231703e+00 -4.486553597678958738e+01 1.253004588298467503e+01 4.905513938117223915e+00 1.253004588298467503e+01 2.013412615140899220e+01
3.487543816639368544e+01 1.030720778495812873e+01 -2.026543712722642887e+00 1.030720778495812873e+01 2.796726330311977904e+01 4.552920046112517660e+00 -2.026543712722642887e+00 4.552920046112517660e+00 2.493808044817356517e+01
-6.274909420087351197e-01 1.155307831802041818e+01 -1.122343361911568138e+00 1.155307831802041818e+01 -2.062126676710961348e+01 6.359995214761640092e+00 -1.122343361911568138e+00 6.359995214761640092e+00 -1.733664255282294064e+01
-1.121445321541635032e+01 1.185814850346142002e+01 6.109746012649272195e+00 1.185814850346142002e+01 -5.276915188869851647e+01 -1.434692137631589937e+01 6.109746012649272195e+00 -1.434692137631589937e+01 -1.857911417430727496e+01
3.878546454719426606e+01 -1.189553982701056256e+01 4.505761704163437464e+00 -1.189553982701056256e+01 4.225392637021805342e+01 -3.189155658773570323e+00 4.505761704163437464e+00 -3.189155658773570323e+00 3.860853755755037042e+01
1.821317210848024715e+01 -4.284303401328690697e+00 1.572917924448925397e+01 -4.284303401328690697e+00 -2.432210051429100162e+01 -7.295102786989922095e+00 1.572917924448925397e+01 -7.295102786989922095e+00 3.326505443385539706e+01
1.009691520195647207e+01 1.038046930307704585e+01 7.358094599647828638e+00 1.038046930307704585e+01 8.591786086639823239e+00 6.771294572176161708e+00 7.358094599647828638e+00 6.771294572176161708e+00 1.164151660822168211e+01
-4.857939585927968373e+00 2.253398076906624681e+01 7.871830112966669901e+00 2.253398076906624681e+01 -2.882679949428184507e+00 -1.991560390743052911e-01 7.871830112966669901e+00 -1.991560390743052911e-01 -1.540038593045932025e+01
2.157229952140176366e+01 8.629422221627514489e+00 9.106627762520378866e+00 8.629422221627514489e+00 -3.239688315777545569e+01 2.144692067552167813e+01 9.106627762520378866e+00 2.144692067552167813e+01 4.362219551029016706e+00
-9.758361255154099467e+00 2.631140729934137168e-01 8.091047440410569891e+00 2.631140729934137168e-01 -5.444234339856065219e+01 5.399010884320664339e+00 8.091047440410569891e+00 5.399010884320664339e+00 -1.246074258715537297e+01
-6.551027974247908281e-01 6.930063779295195125e+00 8.984468525606418510e+00 6.930063779295195125e+00 -4.562509808069832928e+01 -5.195043989564253062e-01 8.984468525606418510e+00 -5.195043989564253062e-01 -8.549349489257508594e+00
-4.350442075614400217e+00 4.491301823493695444e+00 1.531407964786822795e+01 4.491301823493695444e+00 -4.545534075053625855e+01 1.194215670413510066e+00 1.531407964786822795e+01 1.194215670413510066e+00 -9.191087531832200952e+00
1.497419476634696212e+00 -5.572301938130764798e-01 6.759779351665200220e-02 -5.572301938130764798e-01 6.621663626877007047e+00 -2.072381018536177066e+00 6.759779351665200220e-02 -2.072381018536177066e+00 -1.557947820377304060e+00
6.478344022340746022e+00 1.099694977494204018e+01 -1.289696635742474662e+01 1.099694977494204018e+01 -5.724556037522640750e+00 8.172776912423754814e-01 -1.289696635742474662e+01 8.172776912423754814e-01 -1.914891758903084096e+01
-1.331571067457777247e+01 5.617561287829033606e-02 -9.363404313061781892e+00 5.617561287829033606e-02 -4.690951018625622915e+00 9.698511239552750851e+00 -9.363404313061781892e+00 9.698511239552750851e+00 -1.119533271379964567e+01
3.209589793956219950e+01 -1.937226860316363153e+00 -8.288589999790669793e+00 -1.937226860316363153e+00 2.681700967463815033e+01 4.101685687170268046e+00 -8.288589999790669793e+00 4.101685687170268046e+00 3.167377433544747234e+01
1.521181359655604126e+01 8.442065573817139068e+00 2.190876100974469054e+01 8.442065573817139068e+00 -7.605522937834234831e+00 1.812253875860260166e+01 2.190876100974469054e+01 1.812253875860260166e+01 -9.346086446658574687e+00
-2.112700718422513724e+00 9.638466613291749141e+00 -3.913526400146879691e+00 9.638466613291749141e+00 5.923286953409174771e+00 -4.068911124493716613e+00 -3.913526400146879691e+00 -4.068911124493716613e+00 -1.045320701446103762e+01
-5.439875814738843296e+00 -4.588797678003843750e+00 -7.907874231336669446e+00 -4.588797678003843750e+00 -6.641059495104539678e+01 1.197376370107296140e+00 -7.907874231336669446e+00 1.197376370107296140e+00 -1.867605072197977378e+01
-2.114260172697249374e+01 -1.045730978286792379e+01 5.478048385860851965e+00 -1.045730978286792379e+01 -7.447141551122172132e+01 1.858994588090040478e-01 5.478048385860851965e+00 1.858994588090040478e-01 -4.044474459655513954e+01
4.216588107467588031e+01 5.766485995710331380e+00 3.128225710478057309e+00 5.766485995710331380e+00 -8.745774332019186303e+00 -3.442643797654048932e+00 3.128225710478057309e+00 -3.442643797654048932e+00 4.025798857910530870e+01
2.890623214325346524e+01 -3.956081827278328245e+00 -1.405898261675609717e+00 -3.956081827278328245e+00 3.059671792883939645e+01 -1.262767655517068821e+00 -1.405898261675609717e+00 -1.262767655517068821e+00 2.950227358690466417e+01
-9.828815023963501929e+00 -8.283668074168215156e+00 1.263139881741598991e+01 -8.283668074168215156e+00 -1.189784668273573587e+01 2.857168112736371501e+00 1.263139881741598991e+01 2.857168112736371501e+00 -2.491737028815681398e+01
4.037540751966269426e+01 -6.549966281602850771e+00 -1.177474827170931881e+00 -6.549966281602850771e+00 5.564083232324328065e+01 -6.634531972095482288e+00 -1.177474827170931881e+00 -6.634531972095482288e+00 4.658090755490297141e+01
-1.735604565833065394e+01 9.176073326385417062e+00 7.140855285549855047e+00 9.176073326385417062e+00 -5.870088072969019777e+01 -6.483830190590809117e+00 7.140855285549855047e+00 -6.483830190590809117e+00 -3.900557142088089124e-01
4.273375950699718651e+00 -6.679217851318684396e+00 -1.050901936540942394e+01 -6.679217851318684396e+00 -1.515679466173025247e+01 -2.857553740496272088e+00 -1.050901936540942394e+01 -2.857553740496272088e+00 8.184179010704388801e+00
-2.020936923145715269e+00 -8.270392733816686714e+00 1.307263096546044956e+01 -8.270392733816686714e+00 -2.176520730446895513e+01 5.614460863241134803e+00 1.307263096546044956e+01 5.614460863241134803e+00 -7.243747345549957473e+00
3.719100596988121676e+00 1.536696827055311410e+01 2.920252375891839502e+00 1.536696827055311410e+01 2.106941569521587354e+01 4.253377790962852956e+00 2.920252375891839502e+00 4.253377790962852956e+00 -3.354992748916782119e+00
5.048880374798691406e+01 1.870729890655354444e+00 9.452150234133293694e+00 1.870729890655354444e+00 4.310562504837571396e+01 5.215224862970795350e+00 9.452150234133293694e+00 5.215224862970795350e+00 5.179380552165704188e+01
-3.615086943655292817e+00 1.382241972935898389e+01 5.554280696248622640e+00 1.382241972935898389e+01 -6.112334980178079036e+01 1.531172527081856671e+01 5.554280696248622640e+00 1.531172527081856671e+01 -7.227356215842105414e+00
-2.063303021062693077e+01 2.107421069861127449e+01 -1.602379895876420601e+00 2.107421069861127449e+01 -2.542261710651789741e+01 1.027796063929217674e+01 -1.602379895876420601e+00 1.027796063929217674e+01 -2.342124438971471889e+01
9.470146215887613295e+00 2.920686965217851139e+01 -5.328996914521948902e+00 2.920686965217851139e+01 6.473903059839646090e+00 -5.857630687508089018e+00 -5.328996914521948902e+00 -5.857630687508089018e+00 6.707144699404791410e+00
-6.658278715178106211e+00 1.277850466018217546e+01 5.869118911559991325e+00 1.277850466018217546e+01 -1.098229088846834323e+01 1.186933635781897500e+01 5.869118911559991325e+00 1.186933635781897500e+01 -2.363856904271464998e+01
-3.965587855009025731e+01 -7.758044728578039617e+00 7.800220574397136453e+00 -7.758044728578039617e+00 -7.752284786186325505e+01 1.981918494545604981e+00 7.800220574397136453e+00 1.981918494545604981e+00 -4.066584063919248848e+01
8.600045153072100490e+00 -1.510344901913703408e+00 9.586150120429330457e+00 -1.510344901913703408e+00 -3.632420749303839358e+01 -1.805196808480645743e+01 9.586150120429330457e+00 -1.805196808480645743e+01 1.199805119112727070e+01
-1.321137123431939386e+01 -5.574113198154708293e+00 4.690847807185507534e+00 -5.574113198154708293e+00 -3.466687998719935848e+01 -2.113964114636463609e+00 4.690847807185507534e+00 -2.113964114636463609e+00 -7.217024406941679793e+00
3.446579545023030988e+00 1.439070733392436274e+01 8.791538202555597703e-01 1.439070733392436274e+01 -2.516804597993562265e+00 1.024627195336204544e+01 8.791538202555597703e-01 1.024627195336204544e+01 1.306108454915281269e+00
-8.472328646857510748e+00 1.128751199875878442e+01 1.253404519612667301e+01 1.128751199875878442e+01 -4.707541263767113549e+01 2.847032207928527825e+01 1.253404519612667301e+01 2.847032207928527825e+01 -5.602493023043336962e+00
8.561902518259323358e+00 1.880584122089228316e+00 9.591607388233804876e-01 1.880584122089228316e+00 -4.995548855990413983e+00 5.366574998278797359e+00 9.591607388233804876e-01 5.366574998278797359e+00 -2.812130779447757245e+00
4.137029553787508718e+01 8.494621227048877898e+00 1.184831547464305501e+01 8.494621227048877898e+00 -2.448999243999083930e+01 -1.091911782826046462e+01 1.184831547464305501e+01 -1.091911782826046462e+01 6.041460959655074703e+01
4.148303453413658914e+00 2.687171160951392412e+00 -2.395398254244586855e+00 2.687171160951392412e+00 -5.219172547415975316e+01 -9.703378192137511959e+00 -2.395398254244586855e+00 -9.703378192137511959e+00 -2.916164096050477550e+00
1.858394214195891458e-01 -3.621153809219040731e+00 3.164234372545720042e+00 -3.621153809219040731e+00 -1.215112915962444440e+01 5.544705826525680337e+00 3.164234372545720042e+00 5.544705826525680337e+00 -1.022717315846077213e+01
3.927423842323212000e+01 2.279864621135540670e+00 -6.103447744240787287e+00 2.279864621135540670e+00 3.129582653325614316e+01 -9.800925567028381025e+00 -6.103447744240787287e+00 -9.800925567028381025e+00 5.015714034611782068e+01
-1.192297073885862035e+00 1.061951562805498384e+01 1.327423844346100168e+00 1.061951562805498384e+01 -9.070282140422859740e+00 4.397953890529162635e+00 1.327423844346100168e+00 4.397953890529162635e+00 -5.432986935276347573e+00
-2.701197336393665793e+01 -1.390063985310301620e+00 1.403248026360494727e+01 -1.390063985310301620e+00 -4.789942909557312589e+01 1.230649936451207971e+01 1.403248026360494727e+01 1.230649936451207971e+01 -2.987092271290990553e+01
3.982259705999808830e+01 -1.552800322566098679e+00 4.121696014117209650e+00 -1.552800322566098679e+00 -1.980808154930189957e+01 -5.943628159356577179e+00 4.121696014117209650e+00 -5.943628159356577179e+00 3.000139697611488288e+01
2.869421854319618248e+01 2.499396677372678344e+00 2.970471185301590378e+00 2.499396677372678344e+00 -3.274580902945689331e+01 -1.529821092793901549e+01 2.970471185301590378e+00 -1.529821092793901549e+01 2.094335720400967560e+01
2.798850452064741390e+01 7.538402923667138822e+00 1.826710256764920048e+00 7.538402923667138822e+00 -7.458102900739578267e+00 6.000618604226461095e+00 1.826710256764920048e+00 6.000618604226461095e+00 1.425283773993198366e+01
5.284280373275988296e+01 -3.941748030552902016e+00 2.200302708846312427e+01 -3.941748030552902016e+00 -3.757385859004747886e+01 6.179611776719810656e+00 2.200302708846312427e+01 6.179611776719810656e+00 3.883682566057804308e+01
-2.200568954246167941e+00 1.825378502506287859e+01 -3.768830434617332248e+00 1.825378502506287859e+01 -2.574272236268365077e+01 7.705650419310853927e+00 -3.768830434617332248e+00 7.705650419310853927e+00 -2.503739735211834372e+01
-2.229629522861300117e+01 -1.129461612626460720e+00 7.776165004982424911e+00 -1.129461612626460720e+00 -6.082729836230201670e+01 1.202327447075422207e+01 7.776165004982424911e+00 1.202327447075422207e+01 -1.313054333245826122e+01
-1.782000721914151953e+01 -1.144030343818989603e+00 1.107767328936271767e+01 -1.144030343818989603e+00 -1.415112803598107050e+01 3.117613051990119066e-01 1.107767328936271767e+01 3.117613051990119066e-01 -3.180819830572350781e+01
-1.757098458663777762e+01 -1.514338465445461956e+01 -8.261203538387102085e+00 -1.514338465445461956e+01 -6.792655621529583243e+01 -2.472887771807517898e-01 -8.261203538387102085e+00 -2.472887771807517898e-01 -2.594728279182585595e+01
-4.161264351095143588e-01 -3.383544602104007204e-01 1.889840713058972277e+00 -3.383544602104007204e-01 -5.648442677967426384e+00 3.118562100804869175e+00 1.889840713058972277e+00 3.118562100804869175e+00 2.604741772254323684e-01
5.315121531018816903e+00 1.035862252282642082e+01 8.204624459131981240e+00 1.035862252282642082e+01 7.247680738021847091e+00 1.212527437035151578e+01 8.204624459131981240e+00 1.212527437035151578e+01 1.913544577294290150e+01
-2.506301205249136466e+00 -1.323560125467945525e+01 6.262489208985086542e+00 -1.323560125467945525e+01 -5.640700454100192474e+01 2.115802241948056217e+00 6.262489208985086542e+00 2.115802241948056217e+00 -3.670838243455704752e+00
3.711406976342574637e+01 -1.351094959568727827e+00 -1.745247148362910039e+01 -1.351094959568727827e+00 1.841174986721186846e+00 9.346774659785435091e+00 -1.745247148362910039e+01 9.346774659785435091e+00 3.045703712755794967e+01
3.850654067436615691e+01 -4.895324274595558300e+00 -1.289705281729779829e+00 -4.895324274595558300e+00 3.172658457948181976e+01 3.635077939632744282e-01 -1.289705281729779829e+00 3.635077939632744282e-01 5.309364017187995444e+01
-4.169706806732942539e+01 -1.037287664051281233e+01 2.628924871225326143e+00 -1.037287664051281233e+01 -4.206122965459744023e+01 4.858416263665210622e-01 2.628924871225326143e+00 4.858416263665210622e-01 -2.865400468661361089e+01
9.590259929301037545e+00 -1.453931312690103006e+00 -3.198852033624992597e+00 -1.453931312690103006e+00 -2.664760445164144897e+00 2.870731357123630367e+00 -3.198852033624992597e+00 2.870731357123630367e+00 6.113279897740420132e+00
7.780903258234223685e+00 8.045936357596332300e+00 5.377930440816053981e+00 8.045936357596332300e+00 -6.908744925094868705e+00 -3.069056345430208665e+00 5.377930440816053981e+00 -3.069056345430208665e+00 -5.218255799290284713e+00
-2.085576245498381454e+01 5.530632998599864791e+00 5.671035908675709614e+00 5.530632998599864791e+00 -2.216243327831684340e+01 -1.378811033145070475e+00 5.671035908675709614e+00 -1.378811033145070475e+00 -3.111230266542534650e+01
-3.490524903807472867e+01 4.787574302101121226e+00 4.523177670184566956e+00 4.787574302101121226e+00 -3.579570343976907765e+01 -1.410750552872127583e+00 4.523177670184566956e+00 -1.410750552872127583e+00 -3.402212765943110639e+01
1.623315298264532203e+01 4.799114346837172640e+00 2.155999585044508837e+00 4.799114346837172640e+00 -2.673266478067808549e+01 6.522707442316762361e+00 2.155999585044508837e+00 6.522707442316762361e+00 2.154599848900637049e+00
-1.824623475317550358e+01 -1.496074353774579357e+01 -9.607257796943450501e+00 -1.496074353774579357e+01 -5.482074257491736802e+01 9.232327081130266677e+00 -9.607257796943450501e+00 9.232327081130266677e+00 -7.730229058000253062e+00
-1.630608377161327383e+01 -5.487067027257862328e+00 -1.487739048181849731e-02 -5.487067027257862328e+00 -2.443786561668102308e+01 1.980529596101054324e+01 -1.487739048181849731e-02 1.980529596101054324e+01 -3.408015569603493589e+01
9.251657040455464553e+00 -4.495044362271752192e+00 -1.005294227488303527e+01 -4.495044362271752192e+00 -3.028706676619895077e+01 1.170209477333145820e+01 -1.005294227488303527e+01 1.170209477333145820e+01 1.455110258758477748e+01
2.080588953530830310e+01 1.078160322371877378e+01 3.378276215381966985e+00 1.078160322371877378e+01 9.455673676280225592e+00 -5.894622473266770690e+00 3.378276215381966985e+00 -5.894622473266770690e+00 7.802944572003116974e+00
-3.912054004709446087e+00 8.192440478678968130e-02 -3.673619237076267918e+00 8.192440478678968130e-02 -5.746557048717444616e+01 -7.500727123640669625e+00 -3.673619237076267918e+00 -7.500727123640669625e+00 -1.375848684647430353e+01
-1.326462166628154193e+00 -2.023562326916041343e+01 -7.994703420715148390e+00 -2.023562326916041343e+01 -5.346145948661560254e+01 1.534993374365416408e+01 -7.994703420715148390e+00 1.534993374365416408e+01 -1.635433355677159994e+01
8.867755200661129322e+00 8.893251976608629761e+00 7.057663614528430607e+00 8.893251976608629761e+00 2.202494769577747036e+01 -1.965143466508811443e+00 7.057663614528430607e+00 -1.965143466508811443e+00 -3.723109231248703299e+00
-1.807106568351025544e+01 1.777079263999307202e+01 6.775147819463263943e+00 1.777079263999307202e+01 -7.742357083219638980e+01 3.280448386174298570e+00 6.775147819463263943e+00 3.280448386174298570e+00 -3.606458055717961741e+01
4.769725023889564852e+01 -3.583053945193670931e+00 -6.094155893950712333e+00 -3.583053945193670931e+00 -1.578747483693663156e+01 1.245077606561511452e+01 -6.094155893950712333e+00 1.245077606561511452e+01 2.824175836062415357e+01
5.301236279906854421e+00 -7.694220814301747646e-01 5.953508226029227579e+00 -7.694220814301747646e-01 -6.943562819952957099e+00 3.579571311995909944e-01 5.953508226029227579e+00 3.579571311995909944e-01 -2.010875456781870341e+01
-1.335282692901503365e+00 3.419858653181678143e+00 1.326153569791383013e+01 3.419858653181678143e+00 -2.727622771754953845e+01 -2.147497565348948712e+01 1.326153569791383013e+01 -2.147497565348948712e+01 -2.150841636300319326e+00
1.768891428341752459e+01 1.315376718294083958e+01 -6.174593726399095317e+00 1.315376718294083958e+01 1.539500361664330264e+01 5.776748098549282950e+00 -6.174593726399095317e+00 5.776748098549282950e+00 8.499323761401496924e+00
-5.217227793488906862e+00 1.102206308079026797e+01 4.047262043293073930e+00 1.102206308079026797e+01 7.224507619089360233e+00 6.068689813583325599e-01 4.047262043293073930e+00 6.068689813583325599e-01 -2.984599990513092749e+01
2.831428622744940782e+01 -2.676405705449995676e+00 -1.559072453319463092e+00 -2.676405705449995676e+00 -1.173264699377079623e+01 -1.757680918756721766e+01 -1.559072453319463092e+00 -1.757680918756721766e+01 9.992984701286006910e+00
3.820645539199727381e+00 4.292280588589827417e+00 4.083456620224217737e+00 4.292280588589827417e+00 -3.256590911041322034e+00 -5.672620643994431833e-02 4.083456620224217737e+00 -5.672620643994431833e-02 5.384568742816465914e+00
-2.818105616727022866e+00 -1.434480531883080801e+01 2.243387281046981485e+00 -1.434480531883080801e+01 9.907510999676409469e+00 1.267085810046757466e+01 2.243387281046981485e+00 1.267085810046757466e+01 1.786648332755951429e+01
9.827896012392516312e+00 -7.369233665400710898e+00 3.210305939639809036e+00 -7.369233665400710898e+00 -5.434139200266415770e+01 5.359990690864378848e+00 3.210305939639809036e+00 5.359990690864378848e+00 -2.969708048770536291e-01
1.562435122463374793e+00 1.759482364920154751e+01 -1.117974447079398814e+01 1.759482364920154751e+01 4.569204337867700083e+00 -4.203903903855709778e+00 -1.117974447079398814e+01 -4.203903903855709778e+00 -1.823274538637194020e+00
-8.376986295663986226e+00 2.867218835708205571e+00 7.546274683673142469e+00 2.867218835708205571e+00 -2.373608996108615443e+01 4.139343238828619320e+00 7.546274683673142469e+00 4.139343238828619320e+00 -2.079163655987629866e+01
-6.965960224568783943e+00 1.000469814196750740e+01 3.443282411289203981e+00 1.000469814196750740e+01 -2.005131930256335338e+01 5.322089307248705214e-01 3.443282411289203981e+00 5.322089307248705214e-01 -1.568813129731988631e+01
-2.293373944159862532e+01 1.246252985127942203e+01 2.689151355168812874e+00 1.246252985127942203e+01 -2.768340983147262691e+01 -1.703395642960346068e+00 2.689151355168812874e+00 -1.703395642960346068e+00 -3.496726832691808085e+01
-3.198186716384422978e-01 3.412605477660652920e+00 2.015160596268764870e+00 3.412605477660652920e+00 -1.812497152233222408e+01 1.181251314021286980e+01 2.015160596268764870e+00 1.181251314021286980e+01 -5.054918137385326915e+00
-1.101654036728786323e+01 -1.113500603210765760e+01 7.792659606448497200e+00 -1.113500603210765760e+01 -5.402389807672236799e+01 1.104513301064845976e+01 7.792659606448497200e+00 1.104513301064845976e+01 -1.109665378594564977e+01
4.499547889174732695e+00 1.046258494455485000e+01 -4.942990361577166425e+00 1.046258494455485000e+01 -3.039470491699837496e+01 3.675001884664372831e+00 -4.942990361577166425e+00 3.675001884664372831e+00 1.044706033999185379e+01
3.800775486324639463e+00 -1.156459126072581789e+01 9.837857667560072628e+00 -1.156459126072581789e+01 -1.461315746496900658e+01 2.253597863833237724e+01 9.837857667560072628e+00 2.253597863833237724e+01 -1.682621028849627365e+01
1.646965615908773373e+01 1.880602485051497652e+01 1.055136444116134875e+01 1.880602485051497652e+01 -5.546104512272291487e+01 7.691742399431945820e+00 1.055136444116134875e+01 7.691742399431945820e+00 -3.458633732966657770e-01
-1.243005976065463969e+01 2.256492827298863801e+00 9.203811364154232066e+00 2.256492827298863801e+00 -6.210304009079732879e+01 1.644662968609256382e+01 9.203811364154232066e+00 1.644662968609256382e+01 -1.286236185864792425e+01
1.267945240673334517e+01 -6.134284991746269178e+00 -5.145717832312833195e+00 -6.134284991746269178e+00 -4.249575349211583841e+01 -6.313707310988728949e+00 -5.145717832312833195e+00 -6.313707310988728949e+00 2.073429704750773084e+01
3.600406582150579027e+01 7.436366445363110422e+00 -3.734336340170971713e+00 7.436366445363110422e+00 -1.553912091580487376e+00 -1.523715078346773488e+01 -3.734336340170971713e+00 -1.523715078346773488e+01 3.302608995980872209e+01
2.520030847336333935e+01 -5.575346027553949924e+00 2.418183883761274355e+00 -5.575346027553949924e+00 2.137465475953796812e+01 -4.981578665544046380e+00 2.418183883761274355e+00 -4.981578665544046380e+00 3.018248778398556453e+01
