9.831000802060549049e+00 -1.218415944000178008e+01 -8.852794995198784989e+00 -1.218415944000178008e+01 2.988287577144845386e+00 -1.039176017398422225e+01 -8.852794995198784989e+00 -1.039176017398422225e+01 3.843771476396967302e+01
2.084293630539854547e+01 -1.018546399753478759e+01 2.099470021623572435e+00 -1.018546399753478759e+01 2.717894845240136803e+00 1.881459688914154382e+00 2.099470021623572435e+00 1.881459688914154382e+00 2.828507636845421658e+01
1.648426736163299111e+01 -1.189511379626239140e+01 7.571534698702157007e-01 -1.189511379626239140e+01 2.698809484478765341e+01 -2.239918958299178087e+00 7.571534698702157007e-01 -2.239918958299178087e+00 5.218954890693480841e+00
-5.505135073069062912e+00 7.117235895986662619e+00 -5.331153564255895760e-02 7.117235895986662619e+00 1.501844453073573948e+00 -1.813087535340790524e+01 -5.331153564255895760e-02 -1.813087535340790524e+01 1.741705375967006120e+01
4.431930097832777449e+01 -4.169323128525825872e+00 6.417061909866732528e+00 -4.169323128525825872e+00 4.409549640551593086e+01 2.982915365808194608e+00 6.417061909866732528e+00 2.982915365808194608e+00 2.809300640552537587e+01
-5.117695623612912748e+00 -5.835980172715146352e+00 3.728433836469572160e+00 -5.835980172715146352e+00 -3.167563591008268897e+00 -1.682455953391147396e+00 3.728433836469572160e+00 -1.682455953391147396e+00 -3.852457227216971258e+00
8.206178713278939885e-01 -3.797899970124382740e+00 -6.036106540132419873e+00 -3.797899970124382740e+00 4.096556207861405952e+00 2.965380193818734966e+00 -6.036106540132419873e+00 2.965380193818734966e+00 3.501307565939447031e+00
-6.114477474768418830e+01 -1.016433750832988991e+01 4.051625551789753032e+00 -1.016433750832988991e+01 -1.404026350576625859e+01 -1.507357290711335196e+01 4.051625551789753032e+00 -1.507357290711335196e+01 5.757443108129514542e+01
-2.850013133701757795e+01 2.399328791776484671e-01 6.428394710529133249e+00 2.399328791776484671e-01 1.076280150190367380e+01 -4.410046525728752442e+00 6.428394710529133249e+00 -4.410046525728752442e+00 4.882877962208445410e+01
4.644213886003031178e+01 6.559053961031205304e+00 7.316666283555230521e+00 6.559053961031205304e+00 2.356194351353665795e+01 -4.596732201671026807e+00 7.316666283555230521e+00 -4.596732201671026807e+00 -1.681424796468085736e+00
2.208039705676695874e+01 -1.490923833391394382e+01 1.028088673726128777e+00 -1.490923833391394382e+01 1.698760174261727585e+01 4.177873334480741718e+00 1.028088673726128777e+00 4.177873334480741718e+00 1.073573518844042418e+01
-7.141535624217707490e-01 9.231384562212477718e+00 -1.109084296316978779e+01 9.231384562212477718e+00 2.690411033714647182e+00 7.171764644835700864e+00 -1.109084296316978779e+01 7.171764644835700864e+00 1.714432418645426948e+00
4.110506674587276876e+01 -1.130830995024982855e+00 9.121380641214265950e+00 -1.130830995024982855e+00 5.720044584200206828e+01 -8.965665975110116648e+00 9.121380641214265950e+00 -8.965665975110116648e+00 3.532886974525032286e+01
-1.362334517210581453e+01 7.225401256462234301e+00 -1.482968574165807318e+01 7.225401256462234301e+00 -1.697346833145322265e+01 -3.633303322452484441e+00 -1.482968574165807318e+01 -3.633303322452484441e+00 -1.798905289764016402e+01
-1.132343783615509025e+00 -2.827160144918845042e+00 6.197475798956642912e+00 -2.827160144918845042e+00 -9.060511510254592338e+00 -1.053682077443977905e+00 6.197475798956642912e+00 -1.053682077443977905e+00 -1.326284039813330828e+01
-3.241370325498419191e+01 1.359763179681160672e+01 -1.431678977309201528e+01 1.359763179681160672e+01 -4.362735530199045542e+01 -1.240178667344310703e+00 -1.431678977309201528e+01 -1.240178667344310703e+00 -1.610786640041979112e+01
2.559581274077511637e+01 -1.974603728493063759e+00 -1.427498877937617117e+01 -1.974603728493063759e+00 2.525327247651959439e+01 -1.550553883108125142e+00 -1.427498877937617117e+01 -1.550553883108125142e+00 1.779199678437463206e+01
-3.639539875552467407e+01 8.217986906098481370e+00 -5.796337265283232121e+00 8.217986906098481370e+00 -6.515749698460476225e+01 -5.556162089063565901e+00 -5.796337265283232121e+00 -5.556162089063565901e+00 -5.192301402920538322e+00
4.164275426205393593e+00 -1.372108067356778038e+00 8.953288751369568033e+00 -1.372108067356778038e+00 -7.859297783996135323e+00 -2.358046667746867886e+00 8.953288751369568033e+00 -2.358046667746867886e+00 1.952369072868720679e+01
-4.786100686618415700e+00 -1.394306380583020122e+01 -1.121224331141233677e+01 -1.394306380583020122e+01 1.426088005164221251e+01 5.508828900731226774e+00 -1.121224331141233677e+01 5.508828900731226774e+00 5.943525007085106893e+00
-2.270199199091595688e+01 1.104887072681644966e+01 -5.619612048785419312e+00 1.104887072681644966e+01 -5.413433719928003285e+01 4.944708041047987668e-01 -5.619612048785419312e+00 4.944708041047987668e-01 3.315290283784175784e+01
-1.818376088389048562e+01 8.548403384523329152e+00 1.556560942368398059e+01 8.548403384523329152e+00 -3.380043375174564346e+01 3.426527412408382656e+00 1.556560942368398059e+01 3.426527412408382656e+00 1.606010094647161424e+01
1.782338024694917422e+01 -9.359810614331619760e+00 -1.439988366461054881e+00 -9.359810614331619760e+00 1.155754679135714547e+01 -2.498475828824381129e+00 -1.439988366461054881e+00 -2.498475828824381129e+00 1.873221841195957893e+01
2.912207959112476274e+01 7.660707929750907752e+00 5.775331143101563924e+00 7.660707929750907752e+00 3.781285664378012967e+01 -1.164063433715580942e+01 5.775331143101563924e+00 -1.164063433715580942e+01 8.142453450149114147e+00
2.721357098461160717e+01 9.794666609939230995e+00 1.061447573678483280e+01 9.794666609939230995e+00 2.977966639195158649e+01 9.662119939212043818e+00 1.061447573678483280e+01 9.662119939212043818e+00 9.277209018918689765e+00
-6.842180433935567407e+00 1.315866522422378182e+01 -1.170071856803022747e+01 1.315866522422378182e+01 -2.101345995713827008e+01 -4.503316517016710208e+00 -1.170071856803022747e+01 -4.503316517016710208e+00 -8.558576497617673695e+00
-2.306781502949770868e+01 8.373080062495935394e+00 1.871966053772876171e+00 8.373080062495935394e+00 -2.159188143904596302e+01 5.701605977758367194e-01 1.871966053772876171e+00 5.701605977758367194e-01 -4.328821227208212008e+01
-2.427474079861707423e+01 9.664111500082651629e-01 -4.863272019206740793e-01 9.664111500082651629e-01 -4.376389462255805540e+01 6.882709587591108402e+00 -4.863272019206740793e-01 6.882709587591108402e+00 -2.911066894660550375e+01
4.112002310733690535e+01 5.116204505626843480e-01 1.607479355095493556e+00 5.116204505626843480e-01 4.539686527261032012e+01 8.014195172729033700e+00 1.607479355095493556e+00 8.014195172729033700e+00 1.663118338563769072e+01
-1.664101016246160825e+01 -2.985495051595448146e+00 1.709360031838367533e+01 -2.985495051595448146e+00 -5.467989677524703040e+01 9.870067910174673997e+00 1.709360031838367533e+01 9.870067910174673997e+00 6.827863683857635202e+00
4.131434298256071003e+01 -5.721282902609452492e+00 6.048826316257528646e+00 -5.721282902609452492e+00 5.126221848517943158e+01 -6.395967690515660387e+00 6.048826316257528646e+00 -6.395967690515660387e+00 1.979156408326608485e+01
-2.246983553176609760e+01 3.001028087955682544e+00 4.294718278680564438e+00 3.001028087955682544e+00 -1.955748576243384207e+01 2.179194224551122883e+00 4.294718278680564438e+00 2.179194224551122883e+00 -3.520405645858905075e+01
-7.250434237168601470e+00 -2.223357936715646133e-01 -5.522066981513645167e+00 -2.223357936715646133e-01 -4.518141555564994860e+01 -4.369430273764141615e-01 -5.522066981513645167e+00 -4.369430273764141615e-01 2.633971610785735962e+01
-3.843668660308325968e+01 2.590558297851029312e+00 1.687358588643765867e+00 2.590558297851029312e+00 -3.169899732126942737e+01 -5.391458200315822902e-01 1.687358588643765867e+00 -5.391458200315822902e-01 -3.650376564701620197e+01
-2.726679408736413013e+00 2.186904134296719648e-01 -3.354114670277151600e+00 2.186904134296719648e-01 -3.297683553580854010e+01 1.119890801790074164e+00 -3.354114670277151600e+00 1.119890801790074164e+00 3.219313744339517314e+01
-1.146602252484142781e+01 3.901208209671023774e-01 -2.143230779982215672e+00 3.901208209671023774e-01 -2.730387509173436200e+01 4.717510855767773847e+00 -2.143230779982215672e+00 4.717510855767773847e+00 1.509328948499691059e+01
5.820366265137661088e+01 -2.969489390907011028e+00 -4.406340575517575076e+00 -2.969489390907011028e+00 6.357739908013432739e+01 -1.429235261437741755e+01 -4.406340575517575076e+00 -1.429235261437741755e+01 2.829540496949576323e+01
1.005125973487261293e+00 -8.656184748031499510e+00 -1.461619058580357589e+01 -8.656184748031499510e+00 -7.824907728071311297e+00 -3.032049633051799642e+00 -1.461619058580357589e+01 -3.032049633051799642e+00 2.939455921597981458e+01
-5.915537147489423830e+00 -1.233104967999046586e+01 -7.909612142748022379e+00 -1.233104967999046586e+01 1.948577157629330092e-01 -2.282749957605914926e+00 -7.909612142748022379e+00 -2.282749957605914926e+00 2.715577588205047022e+01
-2.259954767257883645e+01 6.184281975788220365e+00 5.595781524264102025e+00 6.184281975788220365e+00 -9.475572018848779976e+00 2.978853574971079166e+00 5.595781524264102025e+00 2.978853574971079166e+00 2.052067143275713690e+01
-4.627233475329719425e+01 -9.550824368627079508e+00 3.247803791905380599e+00 -9.550824368627079508e+00 -8.203062779117914260e+00 -1.093458427372556407e+01 3.247803791905380599e+00 -1.093458427372556407e+01 5.610785925305800248e+01
-7.212710741702617057e+00 9.455292017694638673e+00 -3.647090889399673408e+00 9.455292017694638673e+00 -3.521893002538410400e+01 -1.816876030730012470e+00 -3.647090889399673408e+00 -1.816876030730012470e+00 5.173660316670905246e+01
-2.927139667530923717e+01 4.758403340711390150e+00 1.455155952803219188e+00 4.758403340711390150e+00 -4.409362233489566307e+01 -1.447806333059794426e+01 1.455155952803219188e+00 -1.447806333059794426e+01 1.886990731241006003e+01
3.661412927458793654e+00 2.916205517457193697e+00 7.100862074903098176e+00 2.916205517457193697e+00 -2.631297842079777638e+01 3.071405641825649013e+00 7.100862074903098176e+00 3.071405641825649013e+00 2.522891424165539576e+01
1.118751925191486052e+01 -8.341694946953911227e+00 1.415391736399525646e+00 -8.341694946953911227e+00 -8.006129038425463307e+00 -1.674701332009500776e+00 1.415391736399525646e+00 -1.674701332009500776e+00 -1.878903578233814642e+01
2.552454098052645293e+01 2.931566452353006280e+00 1.251857672572789015e+00 2.931566452353006280e+00 2.550205420248457955e+01 -2.672158713162217314e+00 1.251857672572789015e+00 -2.672158713162217314e+00 -9.701150749417784880e+00
-3.518092279848341608e+00 -1.799856379011454521e+01 2.154944278089730714e-01 -1.799856379011454521e+01 7.079039080930814798e+00 -1.938542211349438382e+00 2.154944278089730714e-01 -1.938542211349438382e+00 2.054282233319880646e+01
3.866383595891953906e+00 9.504197504936142238e+00 -9.185689047485563918e+00 9.504197504936142238e+00 1.925051040031619642e+00 -1.124599977134325535e+01 -9.185689047485563918e+00 -1.124599977134325535e+01 2.083712012327951513e+01
6.105722575195998303e+01 -8.698627541049942735e+00 -1.244101354848806196e+01 -8.698627541049942735e+00 5.551282755805328861e+01 7.081302757343014065e+00 -1.244101354848806196e+01 7.081302757343014065e+00 6.413136323631586144e+00
4.231269578257928998e+01 5.211135238942093295e+00 9.038788192719458436e+00 5.211135238942093295e+00 4.254224020779614079e+01 -6.013786488639077277e+00 9.038788192719458436e+00 -6.013786488639077277e+00 2.223162607692121640e+01
-6.350807151547642526e+00 -4.626740814656757905e+00 1.988395510307871428e+00 -4.626740814656757905e+00 6.700299436714465706e+00 -5.565419398122481098e+00 1.988395510307871428e+00 -5.565419398122481098e+00 2.485853939296196913e+01
2.970586960147801392e+01 -6.133316503479457893e-01 -2.231458470522519555e+00 -6.133316503479457893e-01 2.575155061929483580e+01 1.688493919596454518e+01 -2.231458470522519555e+00 1.688493919596454518e+01 9.566253394342512095e+00
-2.158654610776843441e+01 4.035576474517950096e+00 -5.519572721035090446e+00 4.035576474517950096e+00 -1.357767555042351582e+01 -6.742530899043302384e+00 -5.519572721035090446e+00 -6.742530899043302384e+00 3.449489108198078213e+01
-5.045933108111107401e+00 1.030374353638159768e+00 8.532049750472687322e+00 1.030374353638159768e+00 6.942823322776514594e+00 -9.066550515587925574e+00 8.532049750472687322e+00 -9.066550515587925574e+00 1.806557324666348308e+01
-3.103590532900000554e+01 -1.470071089024742150e+01 -6.614315926992978767e+00 -1.470071089024742150e+01 -4.033181666836687640e+01 -9.742864446665656430e+00 -6.614315926992978767e+00 -9.742864446665656430e+00 -2.434778827992377970e+01
4.633609080369438971e+01 3.295986812586176207e+00 4.395131790816462214e+00 3.295986812586176207e+00 4.844243177343341245e+01 9.382910936436612559e+00 4.395131790816462214e+00 9.382910936436612559e+00 1.054660561913678229e+01
