9.649215913511566711e+00 4.464654371286730594e+00 1.789081935443544991e+00 4.464654371286730594e+00 -5.914502639931608030e+01 -1.180315138960517984e+01 1.789081935443544991e+00 -1.180315138960517984e+01 -1.646917347079610749e+01
-6.397209058234611945e+01 -1.399562928469094025e+01 9.437524034494325420e+00 -1.399562928469094025e+01 -8.298699060632328894e+01 6.934050874457056146e+00 9.437524034494325420e+00 6.934050874457056146e+00 -3.591481674392129264e+01
-1.481232753822523662e+01 -1.463559280164215792e+01 -1.685749644424156202e+01 -1.463559280164215792e+01 -3.041080339765046503e+01 1.265264010491811586e+00 -1.685749644424156202e+01 1.265264010491811586e+00 -2.414112480769313063e+00
2.874469539787466843e+01 3.247692745675565096e+00 -1.760922870651704386e+01 3.247692745675565096e+00 -2.133700992724255485e+01 1.540942524161229521e+01 -1.760922870651704386e+01 1.540942524161229521e+01 5.482131041985296349e+01
-3.068373605595242282e+01 -2.777852882229794673e+01 -7.895192352139266401e-01 -2.777852882229794673e+01 -6.204094572614825864e+01 6.952012385478139933e+00 -7.895192352139266401e-01 6.952012385478139933e+00 1.182691196985455662e+01
-3.531694178795112293e+01 8.197167612657134228e+00 -9.656853819690409679e+00 8.197167612657134228e+00 -6.630882762879713255e+01 -1.834454695508477950e+00 -9.656853819690409679e+00 -1.834454695508477950e+00 -3.016582409855295310e+01
2.677356931713667509e-01 2.121300258928581783e+01 5.029303049057482156e+00 2.121300258928581783e+01 -3.225244008104235860e+01 9.923959456535495605e+00 5.029303049057482156e+00 9.923959456535495605e+00 1.434853372937642035e+01
-2.936545154144608460e+01 8.577906836702481996e+00 1.713037509592958330e+01 8.577906836702481996e+00 -3.591374093434163939e+01 5.571858367240958287e+00 1.713037509592958330e+01 5.571858367240958287e+00 -6.424899179471138311e+00
-2.127820925654041684e+00 1.205570306652546009e+01 7.998684269780278910e+00 1.205570306652546009e+01 -3.933787843909318838e+01 -9.138556292782212154e+00 7.998684269780278910e+00 -9.138556292782212154e+00 1.638470158548959832e+00
2.345515093517601812e+01 -1.601261938915837391e+01 -1.112184965504463996e+01 -1.601261938915837391e+01 -1.920604811192735539e+01 2.558884735179429626e+01 -1.112184965504463996e+01 2.558884735179429626e+01 3.065274379081453660e+01
-1.081901426765578300e+01 -4.616967092938156214e-01 1.133582066373533337e+01 -4.616967092938156214e-01 -4.451310700696479472e+01 -1.051281154292928832e+01 1.133582066373533337e+01 -1.051281154292928832e+01 -8.374366704947385998e+00
2.795647252567384911e+01 8.427025583335671755e+00 -3.122746646295551898e+01 8.427025583335671755e+00 -4.413544554513888052e+00 2.147081863644200794e+01 -3.122746646295551898e+01 2.147081863644200794e+01 2.098062811260658123e+01
1.621694810945651710e+01 -7.314435223237772732e+00 -4.769387418679193580e+00 -7.314435223237772732e+00 -1.091404513155924860e+01 1.365866846314061966e+00 -4.769387418679193580e+00 1.365866846314061966e+00 3.278031952423172246e+00
-4.533206246080090551e+01 1.136569541009621886e+01 8.719523205013301137e+00 1.136569541009621886e+01 -3.027168307976423733e+01 5.540074024008705855e+00 8.719523205013301137e+00 5.540074024008705855e+00 -5.207736807421564151e+01
-2.739926369568321363e+00 -1.952120394068090903e+00 8.000585592556801018e+00 -1.952120394068090903e+00 -1.818223939224135677e+01 -5.278899387327171233e+00 8.000585592556801018e+00 -5.278899387327171233e+00 6.835981883053922736e+00
-2.569821609641649118e+01 -2.874026614895956122e+00 -6.134948027254713665e+00 -2.874026614895956122e+00 -9.186189647418662219e+01 1.185222095674329346e+01 -6.134948027254713665e+00 1.185222095674329346e+01 -2.227840984744590358e+01
-1.903168995703974531e+01 1.024633719112073926e+01 -1.228721369945798969e+01 1.024633719112073926e+01 -6.034337749709202114e+01 6.456329549673815116e+00 -1.228721369945798969e+01 6.456329549673815116e+00 -1.705590238804892067e+01
3.520846112107610004e+00 -1.052699602107526644e+01 3.769577826736283832e+00 -1.052699602107526644e+01 2.002995774723752564e+00 -5.632482419385461903e+00 3.769577826736283832e+00 -5.632482419385461903e+00 5.895216086432228053e+00
1.530285065221021412e+01 -2.001702040270115646e+01 -9.197053330521058001e+00 -2.001702040270115646e+01 1.061825939375057892e+01 6.525772875333072598e+00 -9.197053330521058001e+00 6.525772875333072598e+00 5.023074163237240697e+01
4.377582479183243436e+01 -7.431077830831707587e+00 9.203647587956819365e+00 -7.431077830831707587e+00 3.710028143798000855e+01 -4.149827944515111500e-01 9.203647587956819365e+00 -4.149827944515111500e-01 4.669010863440365000e+01
4.917230749014056101e+01 6.315740902361065556e-01 1.668438792067332699e+01 6.315740902361065556e-01 4.558549428291150285e+00 5.576843352742481663e+00 1.668438792067332699e+01 5.576843352742481663e+00 3.119986609860089999e+01
2.588846307164804372e+01 4.433036508005779552e+01 1.516094995148977942e+00 4.433036508005779552e+01 1.268726860107227239e+01 1.663899263051437671e+01 1.516094995148977942e+00 1.663899263051437671e+01 3.288281717812043592e+00
-2.532856677928218758e+01 -4.496400870124336535e+00 -6.717426493856756053e+00 -4.496400870124336535e+00 -7.331779920169672948e+01 5.089183230341369324e+00 -6.717426493856756053e+00 5.089183230341369324e+00 -2.666995434688087840e+01
2.064223184821851831e+01 -4.032140720651518961e+00 1.027094857079901580e+01 -4.032140720651518961e+00 -2.860921089490796376e+01 -6.169246032362534216e+00 1.027094857079901580e+01 -6.169246032362534216e+00 5.018453157539168075e+01
1.253312263225445200e+01 7.325500746589572287e+00 -1.337543457327609175e+01 7.325500746589572287e+00 3.522192426019246980e+00 -1.095478128854844968e+01 -1.337543457327609175e+01 -1.095478128854844968e+01 -4.172216829442739083e+00
-1.327349822051710859e+01 -1.506602076985325223e+00 1.364495528329423912e+01 -1.506602076985325223e+00 -5.523412417259120843e+01 -3.997820942554376700e+00 1.364495528329423912e+01 -3.997820942554376700e+00 -3.377248859339803744e+01
4.391732811016499483e+01 1.818825547440473978e+00 2.962789416109978813e+00 1.818825547440473978e+00 4.347233018503563251e+00 -7.918424180971538995e+00 2.962789416109978813e+00 -7.918424180971538995e+00 4.252651924982937715e+01
-1.916903796572163543e+01 -8.647859468425119545e+00 5.195115222634318464e+00 -8.647859468425119545e+00 -4.087281445973036398e+01 -9.333599556656101415e-01 5.195115222634318464e+00 -9.333599556656101415e-01 -1.397534308295523431e+01
3.193382531312742856e+01 -3.369136545456686171e+00 -6.316955765940533318e+00 -3.369136545456686171e+00 -5.257421866340756367e+00 2.413867788958324656e+00 -6.316955765940533318e+00 2.413867788958324656e+00 3.384916883708709889e+01
-3.200737879470325709e+01 8.011666602617340871e+00 4.736877611676484356e+00 8.011666602617340871e+00 -4.728004654761924286e+01 -8.623775211563993182e+00 4.736877611676484356e+00 -8.623775211563993182e+00 -2.457493253344990336e+01
-1.543981535337236366e+01 1.128371616665942945e+01 -1.957456980159116000e+01 1.128371616665942945e+01 -8.368648425955768744e+00 1.301073841613087012e+01 -1.957456980159116000e+01 1.301073841613087012e+01 -3.400734982694867625e+01
2.210987777567373058e+01 4.693720613972044475e+01 -8.446355551607402035e+00 4.693720613972044475e+01 -2.504578314487081414e+01 1.198096350902854468e+01 -8.446355551607402035e+00 1.198096350902854468e+01 1.994183812362033592e+01
6.185996009414916585e+01 7.420282837072939230e+00 1.496010734749468973e+01 7.420282837072939230e+00 4.668530892437250657e+01 7.459374791741131716e+00 1.496010734749468973e+01 7.459374791741131716e+00 7.612992619191946631e+01
-9.634999069950490380e+00 -1.351411874804349100e-01 -1.098466619008725553e+00 -1.351411874804349100e-01 -4.757493961894988388e+01 8.499112248514187229e+00 -1.098466619008725553e+00 8.499112248514187229e+00 7.824179303686259246e+00
-4.316572247651203398e+00 2.461998564348267138e+00 -1.991813356363749454e+00 2.461998564348267138e+00 -8.015404213994335336e+00 -1.416566936323344628e+01 -1.991813356363749454e+00 -1.416566936323344628e+01 2.394158080938209865e-01
-1.874644928930909415e+01 -2.028911432037759255e+01 -5.031006061464619705e+00 -2.028911432037759255e+01 2.028508701358251543e+01 1.274873470061053737e+01 -5.031006061464619705e+00 1.274873470061053737e+01 -3.710576818092647500e+01
-1.168769961856968465e+00 1.843882974738849967e+01 -1.318325602417827724e+01 1.843882974738849967e+01 -4.813418040413890964e+01 5.414308683664639688e+00 -1.318325602417827724e+01 5.414308683664639688e+00 -4.673442263840306587e+00
-2.114572671442539331e+01 2.411471523607718126e+01 -4.379703029992787044e+00 2.411471523607718126e+01 -2.918833153258586677e+01 -6.329384691908666483e+00 -4.379703029992787044e+00 -6.329384691908666483e+00 -1.463052078906185649e+01
-2.363261035317772318e+00 8.220726813621748619e+00 -7.532147399971621304e+00 8.220726813621748619e+00 -2.504650673936066951e+01 9.588135492794535031e-01 -7.532147399971621304e+00 9.588135492794535031e-01 2.727541117433264972e+01
-5.132728614814552337e+00 6.996438917235693111e+00 -1.054342191646339266e+01 6.996438917235693111e+00 -4.733344256641267123e+01 -9.060470344696431866e+00 -1.054342191646339266e+01 -9.060470344696431866e+00 2.112967836256491339e+01
-1.685220681190537917e+01 1.072681698508308967e+00 -2.011716383715884504e+01 1.072681698508308967e+00 -4.982071766508368427e+01 2.356744859009443616e+01 -2.011716383715884504e+01 2.356744859009443616e+01 -9.126488585064725712e+00
6.915021837566358798e+00 -8.669383286323929738e+00 2.278877518575300698e+01 -8.669383286323929738e+00 5.126954638259134889e+00 8.621659486170278441e+00 2.278877518575300698e+01 8.621659486170278441e+00 2.998675690807583294e+01
-2.489847262445050902e+01 2.929610454830335886e+00 1.102142722371830352e+01 2.929610454830335886e+00 -1.344545498154891128e+01 2.100991296357881666e+01 1.102142722371830352e+01 2.100991296357881666e+01 -2.049237138917064271e+01
-1.116520836297710773e+01 -2.395128067514722847e+00 -9.035053949817060115e+00 -2.395128067514722847e+00 -3.453401747472323535e+01 -1.575383605046486934e+01 -9.035053949817060115e+00 -1.575383605046486934e+01 6.123497412554238295e+00
-4.037916386646119804e+01 1.091114116748920004e+01 -6.184313375148770220e+00 1.091114116748920004e+01 -7.791995895286180485e+01 1.200027530732332259e+01 -6.184313375148770220e+00 1.200027530732332259e+01 -3.075916549054652904e+01
-2.633991988331735357e+01 5.700520131770103055e-02 -1.087668488096343644e+01 5.700520131770103055e-02 -2.488272868808605409e+01 3.797981959564442622e+00 -1.087668488096343644e+01 3.797981959564442622e+00 -4.652452863703638286e+01
-8.334462613593862201e+00 1.103407682513393891e-02 -1.972599186328837817e+01 1.103407682513393891e-02 -1.725275705267171844e+01 3.849512629786928652e+00 -1.972599186328837817e+01 3.849512629786928652e+00 -7.595061375855572949e-01
-9.826783035685410894e+00 2.228374978771385884e+01 -4.004667290016701298e-01 2.228374978771385884e+01 -7.755009012417055203e+00 6.806119291812064098e+00 -4.004667290016701298e-01 6.806119291812064098e+00 -1.488856090035371516e+01
-3.906644721463059255e+01 4.355011531195877694e+00 -3.628031989954365599e+00 4.355011531195877694e+00 -6.502236312345387148e+01 -1.633736501527894447e+01 -3.628031989954365599e+00 -1.633736501527894447e+01 -3.140734754339162293e+01
1.685971762191558554e+01 1.867547504325159480e+01 -1.929015469175659581e+00 1.867547504325159480e+01 -1.152604061417441805e+01 -1.001226800065421507e+01 -1.929015469175659581e+00 -1.001226800065421507e+01 -1.204354559069479969e+00
2.016848706645628297e+01 6.778807399581606719e-01 6.385019614935600885e+00 6.778807399581606719e-01 -3.662827947131300022e+01 2.548429570830426094e+00 6.385019614935600885e+00 2.548429570830426094e+00 1.074105535391613486e+01
-3.073455704211344042e+01 -4.685305005200122719e-01 -1.222965646584152033e+01 -4.685305005200122719e-01 -1.528029464467043930e+01 -5.935532640596522747e+00 -1.222965646584152033e+01 -5.935532640596522747e+00 -1.692206041801921912e-01
1.496831368977646015e+00 -3.113165397353401698e+00 2.918319491063042115e+00 -3.113165397353401698e+00 -4.670544341320231041e+01 8.353988958475241922e-02 2.918319491063042115e+00 8.353988958475241922e-02 -1.060974161960696804e+01
1.038650288627106555e+01 5.253497072485407315e+00 -6.233183804785904059e+00 5.253497072485407315e+00 -1.130533172189757352e+01 1.673460115340695609e+01 -6.233183804785904059e+00 1.673460115340695609e+01 -1.593468495952405029e+01
-1.577445777788743086e+01 4.077471101184384494e+00 4.263403610569585389e+00 4.077471101184384494e+00 -6.930413595374896829e+01 -6.951368343387622772e-01 4.263403610569585389e+00 -6.951368343387622772e-01 -1.054792838740341132e+01
-4.965132225697742818e+00 -4.002141436158254351e+00 6.386766306409609406e+00 -4.002141436158254351e+00 -1.388340419236591217e+01 6.075391314919899699e+00 6.386766306409609406e+00 6.075391314919899699e+00 6.387672932820128047e+00
-2.575024626697013019e+01 2.752831762683632633e+01 1.446064494175700332e+01 2.752831762683632633e+01 -5.696674574552714176e+01 -3.691361072624089967e+00 1.446064494175700332e+01 -3.691361072624089967e+00 5.883287325694016801e+00
2.325235648605952576e+01 1.218494907514429348e+00 -4.239243410335006068e+00 1.218494907514429348e+00 -3.134177655588846889e+01 7.498612601289519120e+00 -4.239243410335006068e+00 7.498612601289519120e+00 3.180822854076645356e+01
-1.171429327752264093e+01 1.382065206228304355e+01 -2.385422158367766343e+01 1.382065206228304355e+01 -4.039204652566455422e+01 -2.316559654277381952e+01 -2.385422158367766343e+01 -2.316559654277381952e+01 2.021152686495916484e+01
8.708750849826088825e+00 2.575699053349271850e+00 -9.994171315255086230e-02 2.575699053349271850e+00 -1.177554498795665339e+01 4.511176544094604779e+00 -9.994171315255086230e-02 4.511176544094604779e+00 1.003325982842874531e+01
-3.242401080257714341e+01 -1.178331114189488815e+01 9.728947940823596596e+00 -1.178331114189488815e+01 -5.546005391220263903e+01 -9.485012315643617242e-01 9.728947940823596596e+00 -9.485012315643617242e-01 -4.327055694861881574e-01
-1.726643323471974512e+01 -2.319487610472116046e+00 1.005615965390156852e+01 -2.319487610472116046e+00 -5.250993651326017186e+01 -6.788620894306885978e-01 1.005615965390156852e+01 -6.788620894306885978e-01 -2.654143895650771157e+01
-2.201694408142532566e+01 -3.754356640392111810e+00 1.049828931802254672e+00 -3.754356640392111810e+00 -3.357900220979100681e+01 -6.452082728771847187e+00 1.049828931802254672e+00 -6.452082728771847187e+00 3.281563701691716517e+00
-5.784178107838953586e+00 -9.432734583496701575e+00 -8.201439964986905196e+00 -9.432734583496701575e+00 -8.715936250018145870e+01 1.236814028250731745e+01 -8.201439964986905196e+00 1.236814028250731745e+01 -8.439370554952853709e+00
2.937312715616254977e+01 -1.360312213876313869e+01 -1.113874257335723073e+01 -1.360312213876313869e+01 -4.142079992722157300e+01 -1.636452315661477996e+01 -1.113874257335723073e+01 -1.636452315661477996e+01 3.146882884372019351e+00
-1.399592291466578153e+01 -1.865940138506918755e+00 -8.877329350507572769e+00 -1.865940138506918755e+00 -6.481633489287696648e+01 4.967830831479784770e+00 -8.877329350507572769e+00 4.967830831479784770e+00 7.608733441462357305e+00
-8.839401084636351769e+00 6.766120005783470504e+00 7.628580061223394715e+00 6.766120005783470504e+00 -1.395288547129302081e+01 -3.153152475047038994e+00 7.628580061223394715e+00 -3.153152475047038994e+00 -8.473247926472613045e+00
-2.014504364043621010e+01 -4.057309530151029797e+00 -7.240320608348179476e+00 -4.057309530151029797e+00 -4.725306328638610154e+01 -9.549403392617811903e+00 -7.240320608348179476e+00 -9.549403392617811903e+00 -2.169029793414043450e+00
1.435902181916096865e+01 9.181332287343629162e+00 -1.659342699534239784e+01 9.181332287343629162e+00 -3.325743676847450558e+01 6.121985433808978527e+00 -1.659342699534239784e+01 6.121985433808978527e+00 1.266419037277911741e+01
-4.157079885867294600e+00 7.690255385812564626e+00 1.303935098435433915e+01 7.690255385812564626e+00 -3.198455149107527262e+01 5.328624500986891555e+00 1.303935098435433915e+01 5.328624500986891555e+00 1.024037238486187285e+01
-3.769208435851763994e+01 -1.986267128144365290e-01 3.592459154520101450e+00 -1.986267128144365290e-01 -4.339149380247876309e+01 -1.227149423601239597e+01 3.592459154520101450e+00 -1.227149423601239597e+01 -2.610032987424099460e+01
5.935719178618846570e+00 2.777415391387513210e+01 -4.961155498831105071e+00 2.777415391387513210e+01 -4.251281122220406417e+01 -2.076215585618171211e+00 -4.961155498831105071e+00 -2.076215585618171211e+00 1.518403126654559365e+01
1.386370491063143140e+00 1.251184075517583061e+01 -2.376474357778630520e+01 1.251184075517583061e+01 -2.348412598966675802e+01 1.262516986533897878e+01 -2.376474357778630520e+01 1.262516986533897878e+01 -5.327091282605201927e-01
3.290497436904884410e+01 2.732255166010317371e+00 1.052491827534085544e+01 2.732255166010317371e+00 3.834770875949386149e+00 -1.160803989774876532e+00 1.052491827534085544e+01 -1.160803989774876532e+00 3.096871079412235517e+01
-1.797903775707212759e+01 -1.085159240461075925e+00 -7.447157363603932545e+00 -1.085159240461075925e+00 -6.157665292527373424e+01 -2.032994299838037089e-01 -7.447157363603932545e+00 -2.032994299838037089e-01 -2.316066353441075520e+01
-6.466801464167592428e+01 -5.844808471022044039e+00 3.222880729062460592e+00 -5.844808471022044039e+00 -4.146612099205898261e+01 6.235908720638842162e+00 3.222880729062460592e+00 6.235908720638842162e+00 -3.082200489222846684e+01
1.645786458772872862e+01 5.801222594312286596e+00 -1.638036298634664689e+01 5.801222594312286596e+00 -1.422724991906621561e+01 -2.065627130740581663e+01 -1.638036298634664689e+01 -2.065627130740581663e+01 4.991706999610220130e+00
-3.748242262502890298e+01 -4.573848904886341771e+00 -1.263234580214243685e+01 -4.573848904886341771e+00 -7.143699368803088134e+01 1.415035770459085107e+01 -1.263234580214243685e+01 1.415035770459085107e+01 -4.352265812885385543e+01
-1.527515674856470262e+01 -3.657482502590673867e+00 3.343039013859704589e+00 -3.657482502590673867e+00 -1.967069401878077173e+01 -1.615227838497052559e+01 3.343039013859704589e+00 -1.615227838497052559e+01 -1.117554655937963481e+01
-3.206929833582441880e+00 3.159574912333482200e+00 -6.452692388635749232e+00 3.159574912333482200e+00 -8.073902947141156972e+00 -9.532409997293205706e+00 -6.452692388635749232e+00 -9.532409997293205706e+00 3.773173296356252759e+00
1.410018327472118571e+01 1.134400465850525563e+01 3.181385561913518067e+00 1.134400465850525563e+01 -1.436751347284972447e+01 -1.867339232393101511e+01 3.181385561913518067e+00 -1.867339232393101511e+01 2.912132283973734914e+00
-1.905268758907962123e+01 -7.258450344949328503e+00 1.134733359209906922e+01 -7.258450344949328503e+00 -7.254880893568437727e+01 -1.133923270953251183e+01 1.134733359209906922e+01 -1.133923270953251183e+01 -1.125137387287314539e+01
-3.714672254522598394e+01 1.720881809874015289e+00 1.310340708813052224e+01 1.720881809874015289e+00 -4.031045216362478101e+01 3.084538516184759871e+01 1.310340708813052224e+01 3.084538516184759871e+01 -1.451892976252466738e+01
2.442555829473216988e+01 2.271579557993152321e+01 2.527216872718954477e+01 2.271579557993152321e+01 -1.199306509625057870e+01 -9.754259349225687714e+00 2.527216872718954477e+01 -9.754259349225687714e+00 1.251644489253134829e+01
-7.911742120342119655e+00 -1.360937642672928050e+01 7.675981286444589102e+00 -1.360937642672928050e+01 -1.661113173867360970e+01 -1.489086675348917765e+01 7.675981286444589102e+00 -1.489086675348917765e+01 -5.546566040812270337e+00
-1.570084304934683317e+01 1.490284458878669760e+01 -1.937559556146658579e+01 1.490284458878669760e+01 -2.325854080341858321e+01 1.736991331546689210e+01 -1.937559556146658579e+01 1.736991331546689210e+01 -1.846239200557408466e+01
-3.508655039577386248e+01 -4.109410482053275082e+00 -7.185249946524590037e+00 -4.109410482053275082e+00 -7.231228237011063698e+01 -1.765906682291312180e+01 -7.185249946524590037e+00 -1.765906682291312180e+01 -4.473377842067288945e+00
-6.101774422804533060e+01 -8.614102360602293729e+00 1.032185497826270115e+01 -8.614102360602293729e+00 -4.650458583848745064e+01 -5.537106801717934346e+00 1.032185497826270115e+01 -5.537106801717934346e+00 -5.542225585973783808e+01
-1.299308513176565150e+01 -6.146451137842442236e+00 -1.804829640320576356e+00 -6.146451137842442236e+00 2.823967161010900639e+01 -1.768223497009426604e+00 -1.804829640320576356e+00 -1.768223497009426604e+00 1.302317767447166474e+01
-3.476435281081578665e+01 -1.388480911802482609e+01 1.232656209205192432e+01 -1.388480911802482609e+01 -2.427014419409091062e+01 4.656811565201278702e-01 1.232656209205192432e+01 4.656811565201278702e-01 -2.759841864481480656e+01
-2.589722292476971433e+01 1.983330071938967620e+01 1.952518056993932660e+01 1.983330071938967620e+01 -6.171487139238511332e+01 -2.004374032030684205e+01 1.952518056993932660e+01 -2.004374032030684205e+01 1.034223094270525323e+01
-3.890949770107987860e+01 -3.675950889038201552e+00 -9.756372775351634274e+00 -3.675950889038201552e+00 -3.432709233568059659e+01 6.560538308337291902e+00 -9.756372775351634274e+00 6.560538308337291902e+00 -2.418712345543293551e+01
1.692489531788370272e+01 1.833297594422766075e+00 8.150669653271501502e+00 1.833297594422766075e+00 2.468576153236772441e+01 -7.634132629072293064e+00 8.150669653271501502e+00 -7.634132629072293064e+00 -1.998527024729922630e+01
3.653681874505559790e+01 2.005953624590263118e+01 -2.694670042740174765e+01 2.005953624590263118e+01 1.902923187836828589e+01 -7.842027475451465612e+00 -2.694670042740174765e+01 -7.842027475451465612e+00 3.798993210461647863e+01
3.558162534785015652e+01 -5.822033128060932761e+00 -8.808782856093356761e-01 -5.822033128060932761e+00 3.843166160650984153e+01 -1.191967399278361839e+01 -8.808782856093356761e-01 -1.191967399278361839e+01 3.848740526233869019e+01
1.923721473528951265e+01 1.430322465782634644e+01 3.700834144310670482e+00 1.430322465782634644e+01 -4.110101952879293208e+01 -2.548975729922950961e+00 3.700834144310670482e+00 -2.548975729922950961e+00 1.739755762885304335e+01
-4.763282079128475033e+01 -8.056386761220060144e-01 -9.738408780146025734e+00 -8.056386761220060144e-01 -8.299793154919684923e+01 1.910770233739050195e+00 -9.738408780146025734e+00 1.910770233739050195e+00 -4.429668982286830214e+01
6.005911785374297374e+00 1.040018952013185860e+01 1.329713026738552983e+01 1.040018952013185860e+01 1.306052918754685521e+01 2.378699473503278483e+01 1.329713026738552983e+01 2.378699473503278483e+01 2.632112222979180771e+01
-3.000881842760987794e+00 4.105470782235269844e+00 8.780447623852079886e+00 4.105470782235269844e+00 -2.062881553958412439e+01 -1.688433616251660041e+01 8.780447623852079886e+00 -1.688433616251660041e+01 2.866878573093729443e+01
2.899027603329162872e+01 -5.211683831386928478e-01 -1.675845481579089835e+01 -5.211683831386928478e-01 -3.067898503507882513e+00 -7.532055085559110630e+00 -1.675845481579089835e+01 -7.532055085559110630e+00 1.165019642020067714e+01
1.401972999935158448e+01 -2.443152480147975592e+00 -8.487483085630675106e+00 -2.443152480147975592e+00 -8.661119806721977454e+00 1.300859464141353961e+01 -8.487483085630675106e+00 1.300859464141353961e+01 -1.978561138883733639e+00
-6.922444105816852300e+01 -1.039973170623804677e+01 1.717956229031284199e+00 -1.039973170623804677e+01 -5.370093289421002680e+01 -1.324028349677662808e+00 1.717956229031284199e+00 -1.324028349677662808e+00 -7.562266469792101020e+01
2.049849709022099731e+01 -2.049339719896805789e+01 2.213919458359171255e+00 -2.049339719896805789e+01 -1.778424342889720933e+01 -1.785317913844014059e+00 2.213919458359171255e+00 -1.785317913844014059e+00 1.648746167899392034e+01
3.985632587107224900e+00 -2.952860204031117775e+01 4.873983279306032479e+00 -2.952860204031117775e+01 -5.892288837309171612e+01 1.332133176364760985e+01 4.873983279306032479e+00 1.332133176364760985e+01 -9.070714173753655629e+00
1.602375010314776027e+00 -1.446402894675794037e+01 -2.191847404750848494e+00 -1.446402894675794037e+01 -2.715875580633439768e+01 1.337316555602755486e+01 -2.191847404750848494e+00 1.337316555602755486e+01 2.834042223232936752e+00
3.228247268003060810e+01 9.404080365078799630e+00 -1.262893592357791661e+01 9.404080365078799630e+00 1.488037950308848245e+01 6.213041000783887657e-01 -1.262893592357791661e+01 6.213041000783887657e-01 2.619917573893642881e+01
-2.160202142317131813e+00 1.184216872499501072e+01 -2.183677301180372565e-01 1.184216872499501072e+01 -6.213113713666556492e+01 2.383297406001083196e+00 -2.183677301180372565e-01 2.383297406001083196e+00 -8.313722340676866551e+00
1.779451351890557120e+01 4.924708185480537459e+00 9.342158697451646843e-01 4.924708185480537459e+00 -1.973551631607236345e+01 -1.663550420111259243e+01 9.342158697451646843e-01 -1.663550420111259243e+01 3.145277968739289420e+01
-8.938547493675024214e+00 -5.894203238631729569e+00 -9.627142421284922591e+00 -5.894203238631729569e+00 -2.089912295021921196e+01 8.893966448107763156e+00 -9.627142421284922591e+00 8.893966448107763156e+00 3.847855938923017138e+00
1.701389482506473882e+01 -8.483166877307851905e+00 -5.877491394823927351e+00 -8.483166877307851905e+00 -2.119703947886036133e+01 -3.296610929440277005e+00 -5.877491394823927351e+00 -3.296610929440277005e+00 -4.605369696078773778e+00
7.440752495308911030e+00 6.753794758647028162e-01 1.080730166995452457e+01 6.753794758647028162e-01 -1.590022030503215689e+01 -1.275846388618504967e+01 1.080730166995452457e+01 -1.275846388618504967e+01 3.665567235455819173e+01
3.026959796920773726e+01 1.848148871330155885e+01 -9.587710775856688628e+00 1.848148871330155885e+01 -7.635714761597654388e+00 -2.925655078756353333e+01 -9.587710775856688628e+00 -2.925655078756353333e+01 3.639935395801703066e+01
-2.354665150461342904e+01 -3.591713713405900732e-01 -2.868690884604285074e+01 -3.591713713405900732e-01 -3.027733666320611050e+01 8.807509016555245651e+00 -2.868690884604285074e+01 8.807509016555245651e+00 -3.237236299674329842e+01
-3.816721966021975021e+01 -4.404939883955521829e+00 -1.246340674010853711e+01 -4.404939883955521829e+00 -3.817104293453894570e+01 -2.320139315698930726e+00 -1.246340674010853711e+01 -2.320139315698930726e+00 -4.449853930987262451e+00
-9.847334953933678747e+00 -7.930589007102856414e+00 1.339394228367895900e+00 -7.930589007102856414e+00 -4.536683981750084627e+01 -8.174647372565368997e+00 1.339394228367895900e+00 -8.174647372565368997e+00 -2.654160019893061495e+00
3.627488553645743963e+01 2.339143197520948014e+00 -1.177740520481556885e+01 2.339143197520948014e+00 -2.639424599716697628e+01 3.866159186980234530e+00 -1.177740520481556885e+01 3.866159186980234530e+00 2.236906965148098081e+01
2.061453415160926284e+01 -2.784764275020319246e+01 -2.306133349637620356e+01 -2.784764275020319246e+01 -1.276722899734606109e+01 2.263665238404649571e+01 -2.306133349637620356e+01 2.263665238404649571e+01 4.679783981797432091e+01
1.393080982988311511e+01 1.155492522149703127e+01 8.369047182079951241e+00 1.155492522149703127e+01 -2.926250030825226034e+01 -1.630571795432581794e+01 8.369047182079951241e+00 -1.630571795432581794e+01 -4.317806020530092326e+00
1.275556299133127425e+01 -1.934169234601819198e+01 -3.393959302036948067e+00 -1.934169234601819198e+01 -3.767070011105462868e+01 -9.595216517119656174e+00 -3.393959302036948067e+00 -9.595216517119656174e+00 1.795719408895942948e+01
-4.629486777030128053e+01 -6.436548512448227122e+00 7.194246310893262830e+00 -6.436548512448227122e+00 -3.265481516570698517e+01 -1.492403336633513611e+01 7.194246310893262830e+00 -1.492403336633513611e+01 -1.242015617948070272e+01
1.952669329019368405e+01 -3.994174265520610945e+00 4.233953559793083854e-01 -3.994174265520610945e+00 1.365839251946650457e+01 3.831355168873685990e+00 4.233953559793083854e-01 3.831355168873685990e+00 4.278812727696350038e+01
8.137713645159519160e+01 -4.857708651559939916e+00 2.666672354012060264e+00 -4.857708651559939916e+00 -4.780106472488037661e-01 -1.843557734075436727e+01 2.666672354012060264e+00 -1.843557734075436727e+01 7.705094267162014887e+01
1.862811662994568351e+01 -1.526172313787422041e+01 -2.098603886421624409e+01 -1.526172313787422041e+01 -4.210991934336483666e+01 1.227065777051545048e+01 -2.098603886421624409e+01 1.227065777051545048e+01 -6.850079777157178640e+00
6.659308252740289902e+01 -1.962052465850564076e+01 1.825389360779216430e+00 -1.962052465850564076e+01 5.079414041153456516e+00 4.305643074144290594e+00 1.825389360779216430e+00 4.305643074144290594e+00 6.601108995520286271e+01
-3.530645947432030596e+01 9.794034125891663223e+00 -3.118276217593152655e+00 9.794034125891663223e+00 -6.644420098531129781e+01 6.303613361659702541e+00 -3.118276217593152655e+00 6.303613361659702541e+00 -3.126695794625228331e+01
-1.457448340400202991e+00 4.292773413111873104e+00 -1.220614974943903341e+01 4.292773413111873104e+00 -5.406988177952401742e+01 -1.049598555970451663e+01 -1.220614974943903341e+01 -1.049598555970451663e+01 -1.709596416709286970e+01
3.739089806890017087e+01 -4.458733460490205580e+00 1.894636806481300084e+01 -4.458733460490205580e+00 1.673328136148571010e+00 1.533848725587459505e+01 1.894636806481300084e+01 1.533848725587459505e+01 4.040354468310189873e+01
-3.439027194341841920e+01 1.508521731366716345e+01 -1.206027314096133374e+01 1.508521731366716345e+01 -2.437885874511097128e+01 -4.736097846010532741e+00 -1.206027314096133374e+01 -4.736097846010532741e+00 -5.348231081973463574e+01
-2.381313346154316690e+01 7.224129998165562228e+00 -2.530829485334119333e+00 7.224129998165562228e+00 -4.523325667341818246e+01 6.812080490708237512e+00 -2.530829485334119333e+00 6.812080490708237512e+00 -6.637950350658011089e+00
-2.705481953625310254e+01 8.745261221160870235e+00 -3.753540666526840597e-01 8.745261221160870235e+00 -2.496562310183169231e+01 9.354339598311170789e+00 -3.753540666526840597e-01 9.354339598311170789e+00 -4.957709397436235577e+01
-1.086035586759860472e+01 -8.490921295676756131e+00 -5.891469367858529260e+00 -8.490921295676756131e+00 -3.689607927642298080e+01 2.408288855012452245e+01 -5.891469367858529260e+00 2.408288855012452245e+01 6.856840282848438051e+00
-2.602400202530468221e+01 -4.652195122659401605e+00 3.728633197405397670e+00 -4.652195122659401605e+00 -5.026844142903132706e+01 1.438626676835956175e+01 3.728633197405397670e+00 1.438626676835956175e+01 -2.436442125881637466e+01
-2.941288436788243743e+01 -1.459127397623085010e+01 -1.188031278542005609e+01 -1.459127397623085010e+01 -6.103083645791373613e+01 2.751140163062828492e+01 -1.188031278542005609e+01 2.751140163062828492e+01 -4.178126369596999012e+01
1.513231691010852309e+00 -1.472358423900327118e+01 1.651178127355661829e+01 -1.472358423900327118e+01 -4.110727778544584510e+01 -1.040946096861883241e+01 1.651178127355661829e+01 -1.040946096861883241e+01 -1.058085222406575632e+01
5.916433475341214887e+00 -1.418121663636493501e+00 -2.038359289946936670e+01 -1.418121663636493501e+00 -2.103367041496298739e+01 -8.456877110207264181e+00 -2.038359289946936670e+01 -8.456877110207264181e+00 2.899009751365803211e+01
-2.042531443637200539e+01 -1.487767747025530340e+01 -2.102740288160688564e+01 -1.487767747025530340e+01 -5.101342097884222682e+01 -4.699949288322355478e+00 -2.102740288160688564e+01 -4.699949288322355478e+00 -2.836402332843304208e+01
-8.704213374525728852e+00 2.358957537994848508e+01 8.443301049901130284e+00 2.358957537994848508e+01 -1.007113901111747190e+01 -5.956441957810713284e+00 8.443301049901130284e+00 -5.956441957810713284e+00 -1.068850881088089899e+01
-5.945515199565134523e-01 1.270310295361347375e-01 -1.058583697978518856e+01 1.270310295361347375e-01 -4.068169841097796535e+01 -1.005841549654239309e+01 -1.058583697978518856e+01 -1.005841549654239309e+01 2.231628253305328613e+01
1.193610301543460928e+01 -1.862684410647878508e+01 6.422375028533196861e+00 -1.862684410647878508e+01 -1.870378219139539766e+01 -6.818057652196204188e+00 6.422375028533196861e+00 -6.818057652196204188e+00 6.028768059483692099e+00
-1.342489309075648762e+01 3.462092005734842548e+00 -2.070428881159023859e+01 3.462092005734842548e+00 -5.946811097256508916e+00 3.088436782393037205e+00 -2.070428881159023859e+01 3.088436782393037205e+00 -1.629688153360834724e+00
1.976463412363941430e+01 -1.471260407899194256e+01 -3.865138819107881485e+00 -1.471260407899194256e+01 -3.242778102439291210e+00 4.401332674478675600e+00 -3.865138819107881485e+00 4.401332674478675600e+00 -5.551648036353515003e+00
3.249409158851081258e+01 2.460856039916642146e+01 2.369591460581213394e+00 2.460856039916642146e+01 7.554388965967604008e+00 -5.101870674210900347e+00 2.369591460581213394e+00 -5.101870674210900347e+00 4.158019842616297979e+01
2.324279036853992864e+01 2.337089358722697341e+01 2.126490624970937660e+01 2.337089358722697341e+01 9.327776056787872250e+00 4.290583625381263033e+00 2.126490624970937660e+01 4.290583625381263033e+00 3.389901276677618824e+01
1.209753564250073410e+01 6.134621262643069173e+00 5.967503653652441287e+00 6.134621262643069173e+00 -2.149159089675574918e+01 -2.903967953378189026e+00 5.967503653652441287e+00 -2.903967953378189026e+00 3.321686694391880224e+01
-4.045009465249155056e+01 -1.995005180646060916e+00 -1.396198118519585130e+01 -1.995005180646060916e+00 -5.090688660771785834e+01 8.134286876418787671e+00 -1.396198118519585130e+01 8.134286876418787671e+00 -3.158974284305282509e+01
-3.092892854765385735e+01 -1.537474224718044979e+01 -6.547109831631213517e+00 -1.537474224718044979e+01 -6.386216915143646844e+01 1.467643294903448137e+01 -6.547109831631213517e+00 1.467643294903448137e+01 -5.421138921729714610e+01
-1.652022460054787700e+01 4.002118461526100290e+00 -3.434025692293712240e+00 4.002118461526100290e+00 -3.356030940322267497e+01 1.057373260568165207e+01 -3.434025692293712240e+00 1.057373260568165207e+01 -3.106691383063970946e+01
1.618158027378866848e+01 -2.057118248795323900e+00 1.063413767831822376e+01 -2.057118248795323900e+00 -1.296817270855739856e+01 1.147042015401917414e+00 1.063413767831822376e+01 1.147042015401917414e+00 1.883896062724476650e+01
2.217665610615132721e+01 1.206192343429814517e+00 -2.154827707107000112e+00 1.206192343429814517e+00 5.782303847936508845e+01 8.994619095479333692e-01 -2.154827707107000112e+00 8.994619095479333692e-01 2.635437519480118951e+01
-2.346838816759964530e+01 -3.481324117920472805e+00 -1.423980156189579205e+01 -3.481324117920472805e+00 -6.410175027366113909e+01 1.301996065970187688e+00 -1.423980156189579205e+01 1.301996065970187688e+00 -4.168078551246154007e+01
1.714763708622625771e+01 -3.041592110821955686e+00 7.344872317381202720e+00 -3.041592110821955686e+00 -2.770612195633460395e+00 2.821272620664618103e+01 7.344872317381202720e+00 2.821272620664618103e+01 2.009190374443868876e+01
-1.016416065715223027e+01 1.766727082189142095e+01 5.956477772958824746e-01 1.766727082189142095e+01 -2.622826355019156352e+01 1.237662337907326560e+01 5.956477772958824746e-01 1.237662337907326560e+01 2.582975158232619606e+01
-2.648666265604471448e+01 -8.670220349703308571e+00 -6.783057893220830969e+00 -8.670220349703308571e+00 -4.885320129022773727e+01 -8.245847147742219052e-01 -6.783057893220830969e+00 -8.245847147742219052e-01 -3.135394045002011865e+01
2.997285213389193359e+01 1.540928572695788112e+01 2.372496911201717396e+01 1.540928572695788112e+01 -1.809608964938817621e+01 -9.460103172293008456e+00 2.372496911201717396e+01 -9.460103172293008456e+00 1.793097202417401803e+01
4.539970672206722568e+00 -1.637417232213189422e+01 2.105189983714288893e+00 -1.637417232213189422e+01 -1.799255379771801344e+01 -1.786523867139779043e+01 2.105189983714288893e+00 -1.786523867139779043e+01 3.397377003543623886e+01
1.060866220764319579e+01 -2.466164855875116757e+01 7.114752204672179836e+00 -2.466164855875116757e+01 -2.313099213442343682e+01 6.712210630293192537e+00 7.114752204672179836e+00 6.712210630293192537e+00 8.023721529898633520e+00
-2.183114116275731043e+00 1.926446457111482324e+00 -8.117530539870622397e-02 1.926446457111482324e+00 -1.190627709663651856e+01 -1.765535607233103832e+01 -8.117530539870622397e-02 -1.765535607233103832e+01 -1.143500582135789045e+01
3.702951454237690143e+01 -3.022210883973739826e+01 -1.697316079503249142e+01 -3.022210883973739826e+01 -3.267656991348442563e+00 1.381219518941182756e+01 -1.697316079503249142e+01 1.381219518941182756e+01 4.977276967502702831e+01
1.610290994459885638e+01 1.417115376859323383e+01 9.266945174982579303e+00 1.417115376859323383e+01 -2.872362290034047305e+01 3.241451916121938837e+00 9.266945174982579303e+00 3.241451916121938837e+00 3.150535613505757482e+01
2.441163562189492264e+00 1.689556041637752060e+01 -4.021515238478073684e+00 1.689556041637752060e+01 2.301157260017567552e+01 -1.803299304391592139e+00 -4.021515238478073684e+00 -1.803299304391592139e+00 -1.162743425398229391e+01
-2.100736105082380067e+00 2.406719210619488347e+00 -6.419732114658440771e-03 2.406719210619488347e+00 -1.893216636020887123e+01 -2.285759008944332038e+01 -6.419732114658440771e-03 -2.285759008944332038e+01 -5.532470130816172116e+00
-4.879130680896894745e+01 1.738902229917005116e+01 -9.763644363658025682e+00 1.738902229917005116e+01 -4.705584392896603418e+01 -1.064513924653997634e+00 -9.763644363658025682e+00 -1.064513924653997634e+00 -2.380827846137945869e+01
4.034920012490261776e+00 1.013960230311903565e+01 1.904445501298075882e+01 1.013960230311903565e+01 -2.266646552560011330e+01 1.102892555259004936e+01 1.904445501298075882e+01 1.102892555259004936e+01 3.014059243258572884e+00
8.403739676616889254e-02 1.033764697440133595e+01 5.661320271865211140e-01 1.033764697440133595e+01 -3.473021902824291374e+01 -1.826085179451832907e+00 5.661320271865211140e-01 -1.826085179451832907e+00 -9.389590023169890998e+00
2.633386045796330066e+01 -1.503326055047615739e+01 -1.804987526386870300e+01 -1.503326055047615739e+01 3.762141375674316723e+00 -4.117039339654850139e+00 -1.804987526386870300e+01 -4.117039339654850139e+00 2.040914659467073378e+01
3.675282664231090735e+01 1.008227093449138678e+01 -1.510296753666436231e+01 1.008227093449138678e+01 -7.907796198824007305e+00 -8.576340380168069544e+00 -1.510296753666436231e+01 -8.576340380168069544e+00 4.296262696681792193e+01
-2.569471175462643586e+01 1.133662288648300276e+01 2.571026823625980740e+01 1.133662288648300276e+01 -2.831716775560382970e+01 8.389169802062435011e+00 2.571026823625980740e+01 8.389169802062435011e+00 -6.473990035942922994e+00
-1.749924881364058038e+01 -6.450643935812199192e-01 1.805630379982347833e+01 -6.450643935812199192e-01 -1.437736907869465419e+01 2.570140904978545393e+01 1.805630379982347833e+01 2.570140904978545393e+01 -1.587864167493817646e+01
-2.252806729627754123e+01 -3.956213343358219170e+00 4.782934155427718714e+00 -3.956213343358219170e+00 -6.919504878776162116e+01 1.006603455182271745e+01 4.782934155427718714e+00 1.006603455182271745e+01 -4.343079261584467332e+01
-2.684922929190425833e+01 1.271735578077124984e+01 -5.395692186952977032e+00 1.271735578077124984e+01 -4.983893231725026851e+00 1.132398729601138854e+01 -5.395692186952977032e+00 1.132398729601138854e+01 -2.879822033532799352e+01
-5.144875849496809650e+00 -6.795051457828286345e+00 -2.520444642509759969e+00 -6.795051457828286345e+00 -4.292669764577969005e+01 -4.292143445456620299e+00 -2.520444642509759969e+00 -4.292143445456620299e+00 -8.805201450982705680e+00
8.201675882070658119e+00 -1.526277842081083236e+01 5.934414023332866606e+00 -1.526277842081083236e+01 2.218138346272402917e+00 1.753727196075861272e+01 5.934414023332866606e+00 1.753727196075861272e+01 3.042023389476849360e+00
5.686300311601793567e+01 -1.079512249819632252e+01 6.127993885302505994e+00 -1.079512249819632252e+01 -4.782280056466939655e+00 -7.734830483730185335e+00 6.127993885302505994e+00 -7.734830483730185335e+00 5.136437768387393987e+01
