3.242118007628880605e+01 7.091349617124295124e-01 8.647376457327876409e+00 7.091349617124295124e-01 3.082284499403189315e+01 -3.657318408670716448e+00 8.647376457327876409e+00 -3.657318408670716448e+00 2.983195968507450502e+01
-2.131384507220626112e+00 -8.597644596825646524e-01 -1.222622140719107442e+01 -8.597644596825646524e-01 -3.829234642696797142e+00 5.492119219782359840e-01 -1.222622140719107442e+01 5.492119219782359840e-01 -2.668881349318315443e+01
-2.412879966467281534e+01 1.462738155720995081e+00 -4.181445818483330079e+00 1.462738155720995081e+00 -2.726787949278359946e+01 5.784784988265517569e+00 -4.181445818483330079e+00 5.784784988265517569e+00 -2.194711535934191105e+01
3.426834994599695960e+01 -1.392137566984174013e+00 3.436367548702264241e+00 -1.392137566984174013e+00 3.756554247193228235e+01 -4.590665419869658592e+00 3.436367548702264241e+00 -4.590665419869658592e+00 3.959004486165164849e+01
1.819881638130422630e+01 1.098427287894744708e+01 1.289675648129959740e+01 1.098427287894744708e+01 -2.877256258705569447e+00 -1.351754746156312414e+00 1.289675648129959740e+01 -1.351754746156312414e+00 -3.761130014968539115e+01
9.957008203261697332e+00 1.271298153721628355e+00 2.016813584831192774e+00 1.271298153721628355e+00 9.962177671006546831e-01 -2.648358090822889310e-01 2.016813584831192774e+00 -2.648358090822889310e-01 6.981814389686545219e+00
2.645472209338627678e+01 2.219977569415201746e+00 -4.996308017420373560e+00 2.219977569415201746e+00 1.644463167085659805e+01 -2.363866555465730657e-01 -4.996308017420373560e+00 -2.363866555465730657e-01 2.655348454527846869e+01
7.918451651617138681e-03 -1.549645272325162892e+01 1.892676310763080849e+01 -1.549645272325162892e+01 -1.438533473067597512e+01 -2.389458832474008254e+00 1.892676310763080849e+01 -2.389458832474008254e+00 7.484557630007156348e+00
-2.739546930840790395e+01 -1.767645163261769792e+00 -1.847829412132186100e+00 -1.767645163261769792e+00 -3.753542981909826182e+01 -1.396714138162761643e+01 -1.847829412132186100e+00 -1.396714138162761643e+01 -2.374397243546524905e+01
2.080765894136502325e+01 -6.440380616657724211e+00 2.116732282609257254e+01 -6.440380616657724211e+00 2.026173014903213332e+00 -2.307295051381644146e+00 2.116732282609257254e+01 -2.307295051381644146e+00 -2.180228705929713584e+01
2.532612150901418246e+01 -9.575138155106989180e-01 1.147472539605182895e+01 -9.575138155106989180e-01 -1.440796579177533587e+01 4.584682641093413835e+00 1.147472539605182895e+01 4.584682641093413835e+00 -2.431798547828525514e+01
-6.296326877314564641e+00 -2.951406393533613670e+00 -1.594430941332607210e+00 -2.951406393533613670e+00 -2.959636019911889182e+00 5.609940873802535810e-01 -1.594430941332607210e+00 5.609940873802535810e-01 -3.065126711367192947e+00
6.750772122204049097e+00 -1.035173053009524047e+01 3.034868068232930316e+00 -1.035173053009524047e+01 7.902689696317739099e+00 4.215016463039477079e-01 3.034868068232930316e+00 4.215016463039477079e-01 -4.258253905028270836e+00
2.021090736963326862e+01 1.359854681826898215e+01 -5.195221911012019689e+00 1.359854681826898215e+01 1.805975008380690738e+01 -6.080630853579601647e-01 -5.195221911012019689e+00 -6.080630853579601647e-01 -6.695513978821079348e+00
3.609689693042609804e+01 7.787104526373202162e+00 2.917874006360722916e+00 7.787104526373202162e+00 2.432328749342434904e+01 -2.819307128755085046e+00 2.917874006360722916e+00 -2.819307128755085046e+00 2.233224994893746640e+01
-1.342563773250811110e+01 -5.763885850474902428e-01 -7.263263649843167968e+00 -5.763885850474902428e-01 -3.333153876060253484e+00 5.637949020144755075e+00 -7.263263649843167968e+00 5.637949020144755075e+00 -2.063270016519895833e+01
-3.085322897910279139e+01 -7.039034832575403300e+00 1.186771245543379871e+00 -7.039034832575403300e+00 -2.370592597516552757e+01 2.011469783578074200e+01 1.186771245543379871e+00 2.011469783578074200e+01 -1.231470640992493415e+01
4.309100846631352510e+01 3.989467777086816547e+00 2.419870794960226501e+00 3.989467777086816547e+00 4.178515631489729998e+01 2.302389173022201252e+00 2.419870794960226501e+00 2.302389173022201252e+00 4.030064444780473565e+01
1.778061791739540709e+01 -1.366361584437334109e+01 -8.751055139790752335e+00 -1.366361584437334109e+01 1.827931827084752658e+00 -1.516431204875124195e+01 -8.751055139790752335e+00 -1.516431204875124195e+01 -1.602647781678039962e+01
2.667162706683989981e+01 -1.902224898407981257e+00 2.514545400072061287e+00 -1.902224898407981257e+00 2.468101764160779155e+01 -1.541893060021449324e+00 2.514545400072061287e+00 -1.541893060021449324e+00 2.510063782322885473e+01
4.198551713812491926e+00 5.399856949943873552e+00 8.504090509260320285e-01 5.399856949943873552e+00 -2.177362742762016268e+01 8.279811221631179663e+00 8.504090509260320285e-01 8.279811221631179663e+00 -2.121190292819538925e+01
3.505032606353753977e+01 -9.443218477239783137e-01 2.237473376366538869e-01 -9.443218477239783137e-01 3.418121627080292768e+01 2.401696419349942935e-01 2.237473376366538869e-01 2.401696419349942935e-01 3.671778676678840014e+01
1.527736176514128985e+01 -1.927312610474125831e+00 -4.243127517736080989e+00 -1.927312610474125831e+00 1.833920541063754683e+01 7.365504491650069596e+00 -4.243127517736080989e+00 7.365504491650069596e+00 1.207718887675996022e+01
2.888489309940439043e+01 -1.059209507515229021e+01 -3.516086179583542415e-01 -1.059209507515229021e+01 3.235157120843573608e+01 -9.175039239296011173e-01 -3.516086179583542415e-01 -9.175039239296011173e-01 3.683456269398469374e+01
3.806653345380992448e+01 7.173063785293719574e-01 -4.710905528146093424e+00 7.173063785293719574e-01 3.621696069330673140e+01 3.716478227284334412e+00 -4.710905528146093424e+00 3.716478227284334412e+00 4.180633086257252984e+01
-1.040893329122848954e+01 -4.822065381220820512e+00 -1.060191361803519960e+01 -4.822065381220820512e+00 -6.012903311285802133e+00 1.635566448536043893e+01 -1.060191361803519960e+01 1.635566448536043893e+01 4.553433037077784462e+01
-2.053635447734244224e+01 -3.240763059844010918e+00 4.176971265746436401e+00 -3.240763059844010918e+00 -1.986633276175393092e+01 7.916574221907750619e-01 4.176971265746436401e+00 7.916574221907750619e-01 -3.033315550520493886e+01
1.906671708297088585e+01 4.933657772616472315e+00 4.976371186604808372e+00 4.933657772616472315e+00 1.879855438021321845e+01 1.643391801702198451e+00 4.976371186604808372e+00 1.643391801702198451e+00 1.202109863660054856e+01
3.592030059912328710e+01 1.965880919377219760e+00 2.023526476738728874e+00 1.965880919377219760e+00 3.467837696022066751e+01 1.747215356717097601e+00 2.023526476738728874e+00 1.747215356717097601e+00 3.011225693849590002e+01
1.269933522181655583e+01 -7.552101651472267640e+00 -3.343611555201970731e+00 -7.552101651472267640e+00 1.244466249203093611e+01 7.983802819419032915e+00 -3.343611555201970731e+00 7.983802819419032915e+00 -4.901828128600458356e+00
1.854441585063214504e+01 4.802692495615061286e-01 5.069157406451979542e-01 4.802692495615061286e-01 -6.359934751738880010e+00 -1.182687097708821256e+01 5.069157406451979542e-01 -1.182687097708821256e+01 -1.737327059171458998e+01
1.261756381540997651e+01 -2.110107236196403946e+00 -8.939729258388936506e-01 -2.110107236196403946e+00 6.789627283314334960e+00 4.320842021880891975e-02 -8.939729258388936506e-01 4.320842021880891975e-02 3.215647516958870522e+00
-2.295986103046624649e+01 3.918724013824077090e+00 -1.575050471138129682e+00 3.918724013824077090e+00 -3.013078689167361901e+01 -9.934593383268620209e-03 -1.575050471138129682e+00 -9.934593383268620209e-03 -4.202209862255060813e+01
3.712342558537962844e+01 4.100004641468128597e+00 -7.329124840399140695e+00 4.100004641468128597e+00 3.075734380329775419e+01 2.549851880297726137e+00 -7.329124840399140695e+00 2.549851880297726137e+00 2.235246053757909124e+01
-4.953898584423581108e-01 -1.213968619052007369e+00 3.123863990732506313e+00 -1.213968619052007369e+00 -2.505563771693633424e+00 1.495941029750319062e+00 3.123863990732506313e+00 1.495941029750319062e+00 -8.638524271248169129e+00
-4.637472990658415561e+00 -2.573345332915121020e+00 -1.168318926989637774e+01 -2.573345332915121020e+00 -5.024103398989794300e-01 4.917650759464401666e+00 -1.168318926989637774e+01 4.917650759464401666e+00 -6.805906146679784108e+00
5.012999067504851780e+01 6.550487409645151082e+00 4.262789854081682428e+00 6.550487409645151082e+00 4.327300788361596773e+01 4.045872588779642065e+00 4.262789854081682428e+00 4.045872588779642065e+00 3.560311119722049966e+01
1.183044840880788939e+01 7.727096766221884572e+00 -2.127662820956320644e+00 7.727096766221884572e+00 1.204521221294966615e+01 -1.235760507478659953e+00 -2.127662820956320644e+00 -1.235760507478659953e+00 9.386046203899455875e+00
6.632393759488155460e+00 -5.188064246740314855e-01 1.184274111779584970e+01 -5.188064246740314855e-01 5.089506711601607947e+00 -9.661197664804486163e-01 1.184274111779584970e+01 -9.661197664804486163e-01 -1.222138890339541106e+01
1.348178345741042961e+01 -4.177956181391937474e-01 8.399113776997809921e+00 -4.177956181391937474e-01 1.206983609658669998e+01 6.280440538565575714e+00 8.399113776997809921e+00 6.280440538565575714e+00 1.421546861507539283e+01
2.251793590832347203e-01 -5.643019386013439664e+00 1.335647440655107987e+00 -5.643019386013439664e+00 7.846130944006408647e-01 1.034555504780251844e+01 1.335647440655107987e+00 1.034555504780251844e+01 -1.520418165125959220e+01
-1.237241596588730275e+01 2.832322911401508048e+00 9.232932806275215398e+00 2.832322911401508048e+00 -2.615419364007271952e+01 5.018578572271212401e+00 9.232932806275215398e+00 5.018578572271212401e+00 1.300743134570778992e+01
2.204997063696687931e+01 3.934935162304959100e+00 4.188145451647576678e+00 3.934935162304959100e+00 1.330588334805859496e+01 -5.010032289481802792e+00 4.188145451647576678e+00 -5.010032289481802792e+00 5.623949076335957642e+00
2.049985423346798541e+01 -9.965583016427297380e+00 -3.127408603750104765e-01 -9.965583016427297380e+00 -1.292583302769979170e+01 -7.213978959996370399e+00 -3.127408603750104765e-01 -7.213978959996370399e+00 -4.513280548819982840e+01
-5.196279562995787416e+01 2.570048695989935084e+01 -4.543676438170852094e+00 2.570048695989935084e+01 -1.896194700263870203e+01 -6.556518043152089747e-01 -4.543676438170852094e+00 -6.556518043152089747e-01 2.872493449964267498e+01
5.450532812161144491e+00 4.915242625524463449e+00 8.431904812995753673e+00 4.915242625524463449e+00 7.424723802422738217e+00 3.089863651160052349e+00 8.431904812995753673e+00 3.089863651160052349e+00 2.297765317944977514e+00
1.779850305762570173e+01 -2.658882960028664755e+00 9.833276146334888779e+00 -2.658882960028664755e+00 1.071931129315692210e+01 -1.720760883218956927e+00 9.833276146334888779e+00 -1.720760883218956927e+00 -1.031229700391506121e+01
2.405174872692950316e+01 8.197479028185385985e+00 -5.100797756410262451e+00 8.197479028185385985e+00 4.199988024137939036e+00 -5.320147694912312986e+00 -5.100797756410262451e+00 -5.320147694912312986e+00 -1.363990243533753421e+01
1.535234336827812740e+01 3.802218196961136276e-01 -4.902890612214937605e+00 3.802218196961136276e-01 -1.241119646938967236e+01 -7.633503690953826748e+00 -4.902890612214937605e+00 -7.633503690953826748e+00 7.503735848338529912e+00
1.339190040911798718e+01 1.822216131064812839e+00 1.680420113735074050e+00 1.822216131064812839e+00 5.825103634547090792e+00 -2.336419260512335061e+00 1.680420113735074050e+00 -2.336419260512335061e+00 2.062947857982533328e+00
-7.633466644509396382e+00 -7.834147003093029582e+00 -1.493738447783811552e+01 -7.834147003093029582e+00 -1.132969537483621458e+01 1.154580348891946606e+01 -1.493738447783811552e+01 1.154580348891946606e+01 -2.244207232256693274e+01
2.291994264426026717e+01 -3.614424920286694487e+00 3.443271352467167645e+00 -3.614424920286694487e+00 1.387218137469065482e+01 -5.106522805058761882e+00 3.443271352467167645e+00 -5.106522805058761882e+00 1.122716184195789957e+01
5.010628800207775413e+01 1.106260846262589403e+01 6.661064122646571661e+00 1.106260846262589403e+01 2.182046258707337572e+01 5.212169387789642450e-01 6.661064122646571661e+00 5.212169387789642450e-01 9.475120071128770860e-01
2.897014141054109260e+01 3.860819636458328930e+00 1.085829698935436660e+01 3.860819636458328930e+00 -2.901254722297455757e+01 -2.079267432905661295e+01 1.085829698935436660e+01 -2.079267432905661295e+01 3.726725580925478010e+00
3.219537023917921914e+01 -3.495611943982595449e+00 -5.583590595365553355e+00 -3.495611943982595449e+00 2.597834366633188452e+01 2.286019092029176747e+00 -5.583590595365553355e+00 2.286019092029176747e+00 2.975702511347273926e+01
-1.221557601917783309e+01 3.154074487954635408e+00 6.408303769570389719e+00 3.154074487954635408e+00 -1.017382258777284854e+01 2.188779572414214947e+00 6.408303769570389719e+00 2.188779572414214947e+00 -1.261909981984914353e+01
-7.015720072438135446e+00 -4.667588705360437018e+00 -6.927323268770858355e+00 -4.667588705360437018e+00 -1.087724921012915047e+01 -2.731020409363546175e+00 -6.927323268770858355e+00 -2.731020409363546175e+00 -1.658989776505206848e+01
3.082746059916864567e+01 1.179000284031422652e+01 3.804506842000230815e+00 1.179000284031422652e+01 2.528334154951265944e+01 -1.274524763803820848e+00 3.804506842000230815e+00 -1.274524763803820848e+00 -7.982446583119346961e-01
2.703712548542103278e+01 3.334725257549827848e+00 1.058491419731482530e+00 3.334725257549827848e+00 2.019762910563452607e+01 -2.974179394075276317e+00 1.058491419731482530e+00 -2.974179394075276317e+00 2.526066189479044510e+01
8.033237909809196253e+01 -8.080257798603801334e+00 -8.189583174433829882e+00 -8.080257798603801334e+00 5.944257402907221177e+01 1.345647222064105542e+01 -8.189583174433829882e+00 1.345647222064105542e+01 2.302281162503941658e+01
-2.317607722947823579e+00 -1.197826692937116633e+01 1.737934518941689932e+00 -1.197826692937116633e+01 4.974622945542439112e+00 5.209346433997308345e+00 1.737934518941689932e+00 5.209346433997308345e+00 -7.726082471877219859e+00
2.124192371690946857e+01 1.654587311692607532e+00 1.527808596685783193e+01 1.654587311692607532e+00 7.277775795810195625e+00 -6.515537917044657235e+00 1.527808596685783193e+01 -6.515537917044657235e+00 -3.599733000952237916e+01
4.451693205516822793e+00 1.602616546146176935e-01 5.442905858178134437e+00 1.602616546146176935e-01 6.018273234117405224e+00 4.561752495110365402e+00 5.442905858178134437e+00 4.561752495110365402e+00 1.174918213373222775e+00
1.623625196009970750e+01 -6.334397051936960565e+00 -1.225427086631449924e+01 -6.334397051936960565e+00 1.564586711139262221e+01 6.623061438069577811e+00 -1.225427086631449924e+01 6.623061438069577811e+00 -2.437881494666159909e+01
-2.066485681366954807e+01 6.902014665926785142e+00 2.375602623210890663e+00 6.902014665926785142e+00 -9.655655318105027973e+00 3.528435641957730518e+00 2.375602623210890663e+00 3.528435641957730518e+00 -2.034387486373241671e+01
4.992966062485939993e+00 6.082184172963841506e-01 1.398758580040228239e+00 6.082184172963841506e-01 -1.118857814876118972e+01 4.960634439996391976e+00 1.398758580040228239e+00 4.960634439996391976e+00 -4.154605209398184229e+01
3.722797837315954439e+01 -2.053686344109605155e+00 -1.835500927845828301e+00 -2.053686344109605155e+00 2.940755991931267843e+01 2.750821967727629325e+00 -1.835500927845828301e+00 2.750821967727629325e+00 3.065690528014512850e+01
1.991471032572386690e+01 -6.850702118512862704e+00 3.521554793538511863e+00 -6.850702118512862704e+00 -1.808082709479716854e+01 -2.996141101266111217e+00 3.521554793538511863e+00 -2.996141101266111217e+00 -2.293368792365517095e+01
6.845979277849340683e+00 -5.904845365474852947e+00 1.219408070237797226e+01 -5.904845365474852947e+00 7.939605765918554603e+00 1.819560432308058040e+01 1.219408070237797226e+01 1.819560432308058040e+01 5.074830653358273658e+00
2.534572639684065720e+01 1.750530253476570153e-01 2.216521162483536145e+00 1.750530253476570153e-01 1.937777503264322831e+01 8.490119264902423746e-01 2.216521162483536145e+00 8.490119264902423746e-01 8.262559839058681632e+00
-9.363219991042749157e+00 2.921333688451217547e+00 2.825186241349709526e+00 2.921333688451217547e+00 -4.103224363615861137e+01 9.714102704695077861e+00 2.825186241349709526e+00 9.714102704695077861e+00 -1.854002986706245792e+01
-1.335478745587550797e+01 9.632497099165449939e+00 4.115571090642128560e+00 9.632497099165449939e+00 -6.532715532126938740e+01 3.533962764250619948e+00 4.115571090642128560e+00 3.533962764250619948e+00 2.034599208668181891e+00
1.113624052428652478e+00 -1.444727028611465958e+00 -4.324780085031409982e+00 -1.444727028611465958e+00 8.214379543890338864e-01 3.453935857970810819e+00 -4.324780085031409982e+00 3.453935857970810819e+00 3.853457984715458640e+00
5.631557767184744989e+01 -6.659633774281509488e+00 4.000307190053336903e+00 -6.659633774281509488e+00 5.338870628224486836e+01 9.971349977973664735e+00 4.000307190053336903e+00 9.971349977973664735e+00 3.063108685669829612e+01
1.129880368249663292e+01 2.211658869469586897e+00 -2.836939841192500200e+00 2.211658869469586897e+00 1.447294642034294299e+01 -3.087414864565172223e+00 -2.836939841192500200e+00 -3.087414864565172223e+00 7.077844215640993752e+00
1.186823501878081188e+01 -4.426452859798739148e+00 -3.722212501021982423e+00 -4.426452859798739148e+00 8.316239885923240038e-01 2.258764865083891848e+01 -3.722212501021982423e+00 2.258764865083891848e+01 -1.352342794769703893e+01
-9.983177583284890133e+00 4.283684205120474431e+00 -8.179925702186588765e+00 4.283684205120474431e+00 -1.637157545201963771e+01 -4.147484817883307917e-01 -8.179925702186588765e+00 -4.147484817883307917e-01 -1.566513980355172997e+01
-6.477616334083868388e+00 -1.906092155959198120e+00 -1.418065058016920954e+00 -1.906092155959198120e+00 -3.571862069812092422e+00 -4.398550292465911227e+00 -1.418065058016920954e+00 -4.398550292465911227e+00 4.348133278555306735e-01
2.304270989603385544e+01 5.431320814895087778e+00 -4.289294618112541535e+00 5.431320814895087778e+00 1.624092267520114419e+01 1.494373817215035372e+00 -4.289294618112541535e+00 1.494373817215035372e+00 1.796018592202420550e+01
-3.057950149877036505e+00 4.367943423328476626e+00 -1.255174963745414818e+00 4.367943423328476626e+00 1.018064355378231339e-01 1.380092731238468540e+00 -1.255174963745414818e+00 1.380092731238468540e+00 -2.570279275603727598e+01
4.650342084985775060e+00 6.894664663711193020e-01 7.922971898483978315e+00 6.894664663711193020e-01 -4.343979783494658875e+01 2.447625560177018489e+00 7.922971898483978315e+00 2.447625560177018489e+00 2.681220915201263466e+01
6.651767050951930571e+01 6.686349580824523464e+00 -3.973742040331552872e+00 6.686349580824523464e+00 5.386637715295858442e+01 1.400365792745829374e+01 -3.973742040331552872e+00 1.400365792745829374e+01 1.416856854152659295e+01
8.162812943377698360e+00 8.593528609406803298e+00 7.307492153851289807e+00 8.593528609406803298e+00 -1.296411816889430746e+01 1.182060439156834875e+01 7.307492153851289807e+00 1.182060439156834875e+01 -5.109229280761034175e+01
-7.685268866083389661e+00 -3.113943852596289030e+00 -7.828666543218379736e+00 -3.113943852596289030e+00 -9.277886695234490944e+00 2.225994881176286688e-01 -7.828666543218379736e+00 2.225994881176286688e-01 -1.231557972509460441e+01
1.138072459612717147e+01 -1.133555029989908114e+01 -9.800283916279346030e+00 -1.133555029989908114e+01 -4.116303383873378685e+00 2.004935653927675698e+00 -9.800283916279346030e+00 2.004935653927675698e+00 -2.980441596566553741e+01
1.504201005290951976e+01 2.729196953284017013e+00 -2.819520327133339777e+00 2.729196953284017013e+00 1.103601866028145650e+01 1.711205271641472292e+00 -2.819520327133339777e+00 1.711205271641472292e+00 1.287708458216613394e+01
5.181519212713268097e+00 2.480431281795795417e+00 -1.056097387833317747e+01 2.480431281795795417e+00 6.677304560331552841e-01 1.739892371267417026e+00 -1.056097387833317747e+01 1.739892371267417026e+00 -2.304732850704739278e+01
1.495681930856409814e+01 -9.134747803554984502e-01 -4.038461362193601190e+00 -9.134747803554984502e-01 8.078438888841631638e+00 1.748448000567174176e+01 -4.038461362193601190e+00 1.748448000567174176e+01 7.231768316829649379e+00
5.227100232674348312e+00 -4.534301495913359403e+00 6.619344992784412796e+00 -4.534301495913359403e+00 1.430493368858320125e+01 -1.182013333114111830e+00 6.619344992784412796e+00 -1.182013333114111830e+00 8.101169209082050016e-02
7.230942840148085970e+00 2.272575705749427577e+00 2.407765374383584511e+00 2.272575705749427577e+00 7.852377952238819958e+00 -9.731676570997377596e+00 2.407765374383584511e+00 -9.731676570997377596e+00 -8.098337105720604256e+01
2.477126407846071388e+01 -2.917005866915210799e+00 4.295802210425109458e+00 -2.917005866915210799e+00 2.703426024651074400e+01 -6.920686439905297860e+00 4.295802210425109458e+00 -6.920686439905297860e+00 2.114977631795537505e+01
-1.930236899616176416e+01 2.834743530801234535e+00 -2.119100781009833678e+00 2.834743530801234535e+00 -3.674613181480328894e+00 1.078379750953932081e+01 -2.119100781009833678e+00 1.078379750953932081e+01 5.049887412543215248e+01
8.014041540679967213e+00 9.088694394724411652e+00 4.403281847941022065e+00 9.088694394724411652e+00 5.624031938106346828e+00 -1.241740246112626789e+00 4.403281847941022065e+00 -1.241740246112626789e+00 -1.554142775340364757e+01
-4.403142974652352137e+01 5.419341378109190366e+00 -3.179462218775580329e+00 5.419341378109190366e+00 -2.491584228273298152e+01 -8.648709604232447390e+00 -3.179462218775580329e+00 -8.648709604232447390e+00 3.334485967799363948e+01
-1.310959484927427887e+01 -8.074464203465076650e+00 6.403350275640450562e+00 -8.074464203465076650e+00 -2.989660325968095123e+01 -2.396125445777727681e+00 6.403350275640450562e+00 -2.396125445777727681e+00 -5.501253306031144064e+01
4.423431021852871226e+01 7.347187074611715163e-01 1.164563638189780015e+01 7.347187074611715163e-01 3.831360543735384994e+01 6.252603718467094396e+00 1.164563638189780015e+01 6.252603718467094396e+00 4.244493371267733295e+01
-1.489123859107390935e+01 1.861576663224330019e+01 -1.518912582275987511e+01 1.861576663224330019e+01 -1.470984348941848374e+01 -5.354506365966859249e+00 -1.518912582275987511e+01 -5.354506365966859249e+00 -4.337088966685532654e+01
2.411135376666903696e+01 1.258893536548049141e-01 -1.395629027447045534e+00 1.258893536548049141e-01 2.708586386566141613e+01 1.276977053528444150e+00 -1.395629027447045534e+00 1.276977053528444150e+00 3.751343821151366598e+01
1.096851470619884239e+01 2.286042049672164733e+00 3.436185131750617572e+00 2.286042049672164733e+00 6.542650389367230090e+00 4.381870178299867580e-01 3.436185131750617572e+00 4.381870178299867580e-01 7.971407271156461860e+00
-1.738969894293844476e+01 -2.076628750290993253e+01 1.444085376286788147e+01 -2.076628750290993253e+01 -2.108076691417078052e+01 1.951477731920122238e+01 1.444085376286788147e+01 1.951477731920122238e+01 -5.451329829317432996e+01
