5.040901907369329749e+00 -5.883404601257142374e+00 4.797145658700190801e-02 -5.883404601257142374e+00 -6.318592978443407837e+00 6.549822913563081883e+00 4.797145658700190801e-02 6.549822913563081883e+00 1.334063735463837297e+01
3.151617213840564702e+01 2.156684264523274663e+00 -7.002170764966607841e+00 2.156684264523274663e+00 3.332054199280710094e+01 9.795189334204449594e+00 -7.002170764966607841e+00 9.795189334204449594e+00 4.057692282213653812e+01
-1.348008917175737409e+01 6.184284381518794227e-01 8.544928275367067450e-01 6.184284381518794227e-01 -3.385519775159408162e+00 6.401848896942697209e+00 8.544928275367067450e-01 6.401848896942697209e+00 -1.116402062068720014e+01
3.833693091529730257e+00 -1.046213915097423808e+01 8.111927689453079182e+00 -1.046213915097423808e+01 -1.584683460382893117e+01 5.230118376283942716e+00 8.111927689453079182e+00 5.230118376283942716e+00 2.183455432122466888e+01
2.612788245778006058e+01 9.544231208085346418e-01 2.817995427263908503e+00 9.544231208085346418e-01 2.971492768779294025e+00 4.880646046948014849e+00 2.817995427263908503e+00 4.880646046948014849e+00 2.069380302648030323e+01
-2.346097835506401719e+00 -3.100874163605285005e-01 3.443946590928195661e+00 -3.100874163605285005e-01 -1.475634721534773597e+01 -2.764908378129204092e+00 3.443946590928195661e+00 -2.764908378129204092e+00 2.739284828840829800e+00
1.895832841471732877e+01 -6.747882573021710684e+00 1.480666294401008365e+01 -6.747882573021710684e+00 -1.945002102398110999e+00 4.302748079100581768e-01 1.480666294401008365e+01 4.302748079100581768e-01 1.741908722984975455e+01
6.794364379854045843e+00 7.144736355015672835e+00 8.840006147715486762e+00 7.144736355015672835e+00 1.491082088592425237e+01 3.870875257372712763e+00 8.840006147715486762e+00 3.870875257372712763e+00 1.150733260336146024e+01
1.258378207667080950e+01 9.248789940876907423e+00 1.166841443148610757e+01 9.248789940876907423e+00 1.226779808584680787e+01 -9.299257890721287723e+00 1.166841443148610757e+01 -9.299257890721287723e+00 4.016675741254483967e+01
-3.742845914320719336e-01 2.797786422685661467e+00 5.320686294241746772e+00 2.797786422685661467e+00 -2.040936449333806024e+01 7.675543227797203549e+00 5.320686294241746772e+00 7.675543227797203549e+00 7.565994080534770738e+00
-1.375814938403042653e+01 1.175799434517815634e+01 3.298386007434886746e+00 1.175799434517815634e+01 -2.192789670662568824e+01 -5.579885122337502779e+00 3.298386007434886746e+00 -5.579885122337502779e+00 -6.340693670284872852e+00
3.468536305173837597e+00 -2.513027126241611953e+00 2.072655802260913838e+00 -2.513027126241611953e+00 6.990160390774451393e+00 -2.409105191629645759e+00 2.072655802260913838e+00 -2.409105191629645759e+00 1.537698084070891547e+01
4.119396904832100859e+01 -2.655918402068632389e+00 1.139563393654410639e+01 -2.655918402068632389e+00 3.431455294736812789e+01 -1.425873205117458475e+01 1.139563393654410639e+01 -1.425873205117458475e+01 1.989313997593572125e+01
7.000958861355091045e+00 -1.745776097417349737e+00 1.384496197858875277e+01 -1.745776097417349737e+00 -9.095850343578046449e+00 2.409485850657778983e+00 1.384496197858875277e+01 2.409485850657778983e+00 1.629543486743495961e+01
5.887801312320369362e+01 4.995722043215600650e+00 5.291892621012480369e+00 4.995722043215600650e+00 4.179672751855560620e+01 -2.084866500526596944e+00 5.291892621012480369e+00 -2.084866500526596944e+00 4.926753798508851645e+01
3.186260404703716276e+01 -1.759508857047284769e+00 9.447419223046551906e+00 -1.759508857047284769e+00 3.741324509558177880e+01 -1.755309453317791313e+00 9.447419223046551906e+00 -1.755309453317791313e+00 2.830107597551698362e+01
-1.361469885596472551e+01 4.683512686117064838e+00 4.472685121841815992e+00 4.683512686117064838e+00 -1.681247975168547271e+01 -5.913153449252510185e+00 4.472685121841815992e+00 -5.913153449252510185e+00 1.273308161072220557e+01
-9.799561835024012124e-01 4.528956975823216879e+00 4.086460405092660897e-02 4.528956975823216879e+00 -2.628696150760855499e+00 -1.040196368647935687e-01 4.086460405092660897e-02 -1.040196368647935687e-01 -5.910623138959874900e+00
3.072014130152196998e+01 -2.177400674005982140e+00 -6.588750861596796016e-01 -2.177400674005982140e+00 2.705425551349537727e+01 -6.721622728293803029e+00 -6.588750861596796016e-01 -6.721622728293803029e+00 1.891141923248301282e+01
6.855330722946953337e+00 -3.669971317252052945e+00 4.908856098708220372e+00 -3.669971317252052945e+00 -8.856849513487171421e+00 -4.928813341643929924e+00 4.908856098708220372e+00 -4.928813341643929924e+00 5.105996972281916513e+00
2.202944075606999519e+01 -5.022105060725016834e+00 -5.353535083580965193e+00 -5.022105060725016834e+00 9.870814035980233214e+00 6.460962521207489928e+00 -5.353535083580965193e+00 6.460962521207489928e+00 2.002914600716373883e+01
-1.442723880359796063e+01 -3.823543717214813675e+00 8.158072325916920775e+00 -3.823543717214813675e+00 -1.619675734649751675e+01 -1.067947441743747117e+00 8.158072325916920775e+00 -1.067947441743747117e+00 -1.916337836033884967e+00
-2.241930263546690338e-01 9.797438339392957607e-01 1.433588855156300035e+01 9.797438339392957607e-01 5.984219305591177651e+00 -4.587076438813849855e+00 1.433588855156300035e+01 -4.587076438813849855e+00 3.652054954999143455e+00
-2.514846623287181160e+01 8.122835379275985535e-01 8.661625936480113808e+00 8.122835379275985535e-01 -5.649025635430440673e+01 6.728811158392014491e+00 8.661625936480113808e+00 6.728811158392014491e+00 -2.981924806900056879e+01
-2.210364795738022892e+01 -8.948332589397342218e+00 5.748523383082835281e+00 -8.948332589397342218e+00 -2.594909828904037319e+00 -6.299533852763455677e+00 5.748523383082835281e+00 -6.299533852763455677e+00 -2.898425737821191817e+01
-6.223495673634237058e+00 -3.752793277243516190e+00 1.704886580702826837e-01 -3.752793277243516190e+00 -1.340619929402169674e+01 1.855351545906891886e+00 1.704886580702826837e-01 1.855351545906891886e+00 -6.775569384883376456e-01
9.722487488114211374e+00 1.268628351332088045e+01 -1.533977248058268517e+00 1.268628351332088045e+01 -3.946011461903665918e+00 -4.884317714209663208e+00 -1.533977248058268517e+00 -4.884317714209663208e+00 -1.775347520119426425e+00
1.902024578281001865e+01 -7.471163716078851991e+00 9.877632892121869901e+00 -7.471163716078851991e+00 1.323414519835029779e+01 8.346720560546895484e+00 9.877632892121869901e+00 8.346720560546895484e+00 3.117055114789687664e+01
2.665081041071259094e+01 2.803958739330308925e-01 6.458611932691646906e+00 2.803958739330308925e-01 2.200448882943287288e+01 1.465792067128282028e+00 6.458611932691646906e+00 1.465792067128282028e+00 2.640540051454672366e+01
-9.714604327566318531e+00 -3.349863806079564910e+00 3.622343925999476966e+00 -3.349863806079564910e+00 -3.817604540417512293e+00 2.966975769741381441e+00 3.622343925999476966e+00 2.966975769741381441e+00 -6.537342980313387564e+00
5.448350879009407777e+01 -6.591855004892660297e+00 1.375758858792319472e+01 -6.591855004892660297e+00 4.582955667316466020e+01 4.798370698806599499e+00 1.375758858792319472e+01 4.798370698806599499e+00 5.315530573526416447e+01
4.511231062594029595e+01 -7.474001703397865626e+00 1.022642466225027391e+01 -7.474001703397865626e+00 5.050277490936043279e+01 6.386463939914849064e+00 1.022642466225027391e+01 6.386463939914849064e+00 3.233854909061248861e+01
-6.416320296582930460e+00 -9.143892093825915168e+00 2.408623557036891238e+00 -9.143892093825915168e+00 1.086659068014356677e+01 -8.560372095903698852e-01 2.408623557036891238e+00 -8.560372095903698852e-01 2.522650238599570383e+00
-3.429988781869906944e+01 -1.985000695197808307e+00 3.304141388141364377e+00 -1.985000695197808307e+00 -5.384236544357300858e+01 1.209080885344690159e+01 3.304141388141364377e+00 1.209080885344690159e+01 -3.604882287925763507e+01
3.643290086320212851e+01 -9.727830186499087262e+00 2.229824040681796049e+01 -9.727830186499087262e+00 2.739866565926771003e+01 -1.034178655232899091e+00 2.229824040681796049e+01 -1.034178655232899091e+00 3.804399318842209965e+01
-8.650393450452092958e-01 -3.476620736290346070e+00 5.115459320471297033e+00 -3.476620736290346070e+00 -2.729806493128614786e+00 7.389903861616703651e+00 5.115459320471297033e+00 7.389903861616703651e+00 4.493557297717280186e+00
7.200835416498963859e+00 1.444453151149728720e+00 7.555905888281930771e+00 1.444453151149728720e+00 1.499023117065497512e+00 5.223094876903424222e+00 7.555905888281930771e+00 5.223094876903424222e+00 1.355508722253915366e+01
-1.118031858844491566e+01 3.633553607489753645e+00 3.428509085262357647e+00 3.633553607489753645e+00 -3.548784772018996136e+01 -2.408897734921464640e+00 3.428509085262357647e+00 -2.408897734921464640e+00 -6.305648931070813923e+00
-6.476974470797732808e-01 1.384151021110300528e+00 1.124190002605551575e+00 1.384151021110300528e+00 -4.529394062523257602e+00 3.170798123427012172e+00 1.124190002605551575e+00 3.170798123427012172e+00 1.796864887740280992e+01
1.339478526245280321e+01 2.758729274494118755e+00 1.821416513507631452e+00 2.758729274494118755e+00 1.064637166314978067e+01 -3.137182983658965418e-01 1.821416513507631452e+00 -3.137182983658965418e-01 7.125514146925318038e-01
1.038799803757605389e+01 -1.363389252967811238e+01 6.613359724506996606e+00 -1.363389252967811238e+01 -1.739489726646024081e+00 -3.355539366962196901e+00 6.613359724506996606e+00 -3.355539366962196901e+00 1.295153906413395006e+01
3.736605233737329712e+01 8.922779345892816849e+00 7.108879182238381667e+00 8.922779345892816849e+00 4.523968925722271450e+01 -6.091576422744157782e+00 7.108879182238381667e+00 -6.091576422744157782e+00 4.675212563731136584e+01
4.325467810411575442e+01 6.527765920248707054e+00 5.338217029924145152e+00 6.527765920248707054e+00 3.864163112600351724e+01 -6.414746041519705066e+00 5.338217029924145152e+00 -6.414746041519705066e+00 4.242373524976814991e+01
-6.058533882399459891e+00 5.934378303929348064e+00 5.467664616795202548e+00 5.934378303929348064e+00 -2.565988416700897279e+00 -2.662378796350048038e+00 5.467664616795202548e+00 -2.662378796350048038e+00 6.683981892547613768e+00
3.563873792555650954e+00 -1.435271529072317032e+00 4.786858556981265167e+00 -1.435271529072317032e+00 -1.236311392885919735e+00 6.763528781213642427e-01 4.786858556981265167e+00 6.763528781213642427e-01 1.127002671465637285e+01
-2.606772071185949713e+01 3.043709762134395813e+00 6.078456981995250530e-01 3.043709762134395813e+00 -2.104685095767536751e+01 3.063531604416264820e+00 6.078456981995250530e-01 3.063531604416264820e+00 -2.107430326809642196e+01
1.512628888659469339e+01 2.378108942619959532e+00 1.306593375818163594e+01 2.378108942619959532e+00 6.832614268310861050e+00 -3.796178447693347113e+00 1.306593375818163594e+01 -3.796178447693347113e+00 1.645418281750853140e+01
6.125292305440591889e+00 -7.744552250209186361e+00 5.712763094317299561e+00 -7.744552250209186361e+00 1.023696360212690060e+01 3.527155470782364244e+00 5.712763094317299561e+00 3.527155470782364244e+00 -1.345445560896848747e+00
-1.060315983948014562e+01 -1.020454229767491583e+01 1.096550247370840170e+00 -1.020454229767491583e+01 -3.351768799631337004e+01 -2.716459300357522810e+00 1.096550247370840170e+00 -2.716459300357522810e+00 -1.916135261031825721e+01
4.952142002194212189e+00 5.048578381025015105e-01 1.184796865625229900e+00 5.048578381025015105e-01 -3.785737532502263303e+00 -4.039682657905431240e-01 1.184796865625229900e+00 -4.039682657905431240e-01 1.477694003722455030e+01
