-3.136822804700668765e+00 2.670347196268119117e+00 9.154825596211880745e-01 2.670347196268119117e+00 -1.828251802238707979e+00 -2.029628280055477685e+00 9.154825596211880745e-01 -2.029628280055477685e+00 1.455331901383120075e+00
-4.013770301764711945e+00 4.251123276833102871e+00 -3.015879555031146353e+00 4.251123276833102871e+00 -6.221997024274389609e+00 9.633008014217286918e-01 -3.015879555031146353e+00 9.633008014217286918e-01 -7.322117411261669595e+00
-2.195888210454417511e+00 -2.024020196247020564e+00 -7.581088228830015208e-01 -2.024020196247020564e+00 -1.962152549267018875e+00 -2.104998475138733394e+00 -7.581088228830015208e-01 -2.104998475138733394e+00 -4.098551862283188463e+00
-7.103069278947617526e+00 -1.298132041719158414e+00 -5.874985047071560551e+00 -1.298132041719158414e+00 -1.097604229048983449e+01 3.377335188366802576e+00 -5.874985047071560551e+00 3.377335188366802576e+00 -1.496066673061388030e+01
-2.587210267434357780e-01 5.275143526886150624e+00 1.478492166578715683e-01 5.275143526886150624e+00 -1.331763884191596858e-01 -9.356512191964710956e-01 1.478492166578715683e-01 -9.356512191964710956e-01 -3.454746271184146345e+00
6.690414828832451366e-02 2.178358028537714208e+00 2.574438365176973331e+00 2.178358028537714208e+00 -1.616609957763639693e+00 2.473481970220501314e+00 2.574438365176973331e+00 2.473481970220501314e+00 6.542765682093718560e+00
-1.347147168151090746e+01 5.239795313834909596e-01 -8.238801186478803551e-01 5.239795313834909596e-01 -1.183162338585712092e+01 -2.117299367484098305e+00 -8.238801186478803551e-01 -2.117299367484098305e+00 -1.112156394396949111e+01
7.897567256009293060e-03 -8.705456151330652759e-01 2.099570941257436818e+00 -8.705456151330652759e-01 -2.142765798902548813e+00 -6.205768664909071530e-01 2.099570941257436818e+00 -6.205768664909071530e-01 2.125063428760677553e+00
-1.211031723092636092e+01 -2.538945857235936021e+00 -3.486442817073782230e+00 -2.538945857235936021e+00 -6.922449460807708732e+00 2.608016184867755438e+00 -3.486442817073782230e+00 2.608016184867755438e+00 -6.275368123290035349e+00
5.491300962215543979e-01 2.352375694731745348e+00 1.268372243128812471e+00 2.352375694731745348e+00 -1.151869305710933711e+00 2.578276747327188811e+00 1.268372243128812471e+00 2.578276747327188811e+00 -2.171525674069203049e+00
9.901169003788700351e+00 2.524801984295570456e+00 1.631230642541363407e+00 2.524801984295570456e+00 9.984000391201044877e+00 -1.206279437050999936e+00 1.631230642541363407e+00 -1.206279437050999936e+00 1.381062172288825707e+01
7.606960864651951759e+00 -1.988281354719167171e-01 -4.802731257189565839e-01 -1.988281354719167171e-01 1.687929827953021933e+00 1.921079046266204404e+00 -4.802731257189565839e-01 1.921079046266204404e+00 1.280012892172307293e+00
1.417991377494471017e+00 -5.356393699759029126e+00 -1.802298662082817859e+00 -5.356393699759029126e+00 1.210921206033425568e+00 -3.969510759025146385e+00 -1.802298662082817859e+00 -3.969510759025146385e+00 6.076489904443611145e+00
-1.322421875883052245e+01 2.932027103609189833e+00 -1.189815731792171372e+00 2.932027103609189833e+00 -9.281505173713672008e+00 7.775342311561885822e-01 -1.189815731792171372e+00 7.775342311561885822e-01 -5.316310135182302332e+00
8.220876683927003103e-01 -3.591945870430132803e+00 3.124899136857505422e+00 -3.591945870430132803e+00 4.275984893015646326e-01 3.715059960644944592e+00 3.124899136857505422e+00 3.715059960644944592e+00 2.807231641111178178e+00
-1.257265327147434242e+01 2.857245823132784857e+00 -4.296352224140266074e+00 2.857245823132784857e+00 -1.051345674735456548e+01 -8.552135405029293036e-01 -4.296352224140266074e+00 -8.552135405029293036e-01 -1.083639416975737468e+01
1.607909626206664444e-01 2.542107009737823553e+00 -6.294461098240112129e+00 2.542107009737823553e+00 -2.835348616227311602e+00 -7.590505672849452712e-02 -6.294461098240112129e+00 -7.590505672849452712e-02 -6.171869130896832090e+00
-1.107830670951622665e+01 -3.980861263359536828e+00 5.801816098655538934e-01 -3.980861263359536828e+00 -1.452475289411380643e+01 -6.051593449243139466e-02 5.801816098655538934e-01 -6.051593449243139466e-02 -1.293492175217834550e+01
-1.343168350427347522e-02 -2.411321461683484380e+00 1.892894944527589773e+00 -2.411321461683484380e+00 -1.816998166797811232e+00 -1.643784148756275432e+00 1.892894944527589773e+00 -1.643784148756275432e+00 -2.405392342469431455e+00
-1.183596500710342703e+01 -3.186239451582247861e-01 2.676608224853824325e+00 -3.186239451582247861e-01 -1.259668638336200885e+01 1.483943598774575490e+00 2.676608224853824325e+00 1.483943598774575490e+00 -1.639537578823586017e+01
4.782826781361321222e-01 2.262375189894374028e+00 -3.895174611213628735e-01 2.262375189894374028e+00 8.127673110763128150e+00 -1.517268097922185310e+00 -3.895174611213628735e-01 -1.517268097922185310e+00 1.075949285529211430e+01
9.305218018329476592e+00 2.781209073472413529e+00 3.910274039512183109e+00 2.781209073472413529e+00 1.180743242938576110e+01 -3.521913255992578318e+00 3.910274039512183109e+00 -3.521913255992578318e+00 1.644156918921244426e+01
-3.186320215018730639e+00 -4.536587893382342251e+00 5.296072200053649759e-01 -4.536587893382342251e+00 -2.213955565509929946e-01 9.574023950327857913e-01 5.296072200053649759e-01 9.574023950327857913e-01 1.775327745188753081e-01
1.198639033504001894e+01 3.474068746491931758e+00 3.568794264104809266e-01 3.474068746491931758e+00 1.516843453229281735e+01 3.129085300961800709e+00 3.568794264104809266e-01 3.129085300961800709e+00 1.367829370251231147e+01
-3.155230948208999742e+00 8.016537833964275661e-01 5.930521382229023697e-01 8.016537833964275661e-01 -3.909244299172447867e+00 -5.676120935334516560e-01 5.930521382229023697e-01 -5.676120935334516560e-01 -1.639891493673880207e+00
-8.065493385596314013e+00 2.374884063461197847e+00 2.672364998637089428e+00 2.374884063461197847e+00 -8.185371746652394975e+00 3.703857789096362541e-01 2.672364998637089428e+00 3.703857789096362541e-01 -1.109714231402315399e+01
-1.052031373175270801e+01 1.256506935076762664e-02 1.029525037127411967e-02 1.256506935076762664e-02 -7.239263375240327036e+00 7.781966284575417836e-01 1.029525037127411967e-02 7.781966284575417836e-01 -7.818729245546856887e+00
-5.451958187024551705e+00 -1.004212514725765004e+00 -1.648483542393729628e+00 -1.004212514725765004e+00 -6.532862722426291846e+00 6.094656356597498714e-01 -1.648483542393729628e+00 6.094656356597498714e-01 -1.258873766376250369e+00
-4.047029071100941344e+00 5.731794879620076832e-01 -6.852187218500110921e-01 5.731794879620076832e-01 -3.801673322633473351e+00 -7.723962819725005424e-01 -6.852187218500110921e-01 -7.723962819725005424e-01 -3.794201345341886800e+00
1.101957059200003997e+01 -6.441319227179890250e-01 -1.261686252364396132e+00 -6.441319227179890250e-01 8.882175398132561739e+00 -1.759219865262321436e+00 -1.261686252364396132e+00 -1.759219865262321436e+00 9.795469017451120308e+00
2.699386388666698555e-01 3.093673299231453289e+00 -7.133385755256315131e-01 3.093673299231453289e+00 -2.422907027997529106e+00 9.250885131752480950e-01 -7.133385755256315131e-01 9.250885131752480950e-01 2.001027082761298370e+00
9.969737453684230033e+00 2.402221313572934669e+00 2.115227399246848994e-01 2.402221313572934669e+00 6.358705777184115782e+00 -2.556529983269937301e-01 2.115227399246848994e-01 -2.556529983269937301e-01 8.114493091767451816e+00
7.267806494753303870e-01 -1.816617157959792006e-01 -2.073212575576537819e+00 -1.816617157959792006e-01 -2.737066842885473861e-01 -1.661799661535954931e+00 -2.073212575576537819e+00 -1.661799661535954931e+00 1.928683244962408061e+00
8.532409633166732732e+00 2.962647772681629821e+00 2.189121064043283660e+00 2.962647772681629821e+00 6.750367659240531282e+00 -3.182654595816177268e-01 2.189121064043283660e+00 -3.182654595816177268e-01 9.902307707331489794e+00
-4.643065880833040504e-01 2.254136190589253186e+00 -2.426886006753526281e+00 2.254136190589253186e+00 -1.464048494358895780e-01 -1.725153111196414124e-01 -2.426886006753526281e+00 -1.725153111196414124e-01 5.763463982643916156e-02
9.454991536435302990e+00 -1.428771603751297858e+00 1.520227505335039808e+00 -1.428771603751297858e+00 7.073125220552335612e+00 -1.122435336018132279e+00 1.520227505335039808e+00 -1.122435336018132279e+00 6.100913899269984952e+00
-5.489186289787764572e+00 -9.855752595751336997e-01 2.121558143729069368e+00 -9.855752595751336997e-01 -1.304088170302097716e+01 3.588688697227866431e+00 2.121558143729069368e+00 3.588688697227866431e+00 -8.071941757856513355e-01
-5.814424782696659300e+00 -5.628973022066333654e-01 4.859256060055943682e-01 -5.628973022066333654e-01 -1.182650769623077380e+01 6.189804423120655041e-01 4.859256060055943682e-01 6.189804423120655041e-01 -1.081601873162257199e+01
-2.481037780445416896e+00 1.023248292294110628e+00 1.483737143311208151e-01 1.023248292294110628e+00 -2.294475813887995486e+00 -2.066565003301569448e+00 1.483737143311208151e-01 -2.066565003301569448e+00 8.508286348199689542e-01
-6.478754776152520378e+00 1.915072865313018458e+00 -2.814380276117826263e+00 1.915072865313018458e+00 -2.162837454302222628e+00 5.109096666923312879e-01 -2.814380276117826263e+00 5.109096666923312879e-01 -4.553096040323615590e+00
6.577748729349554013e-01 -4.701954285274108969e+00 -2.787443580935868415e+00 -4.701954285274108969e+00 -4.747008367225556968e-01 -4.724441171096578351e+00 -2.787443580935868415e+00 -4.724441171096578351e+00 8.777280711487598808e+00
-1.628872845736124475e+01 1.534381680330453301e-01 1.810809960734023338e+00 1.534381680330453301e-01 -1.564621289646140134e+01 4.101926325195340978e-02 1.810809960734023338e+00 4.101926325195340978e-02 -1.510888152785026683e+01
-4.508096364361407815e+00 -3.869910598868912199e+00 1.949972502006596331e+00 -3.869910598868912199e+00 -3.710179423400179033e+00 1.060709588969338188e-02 1.949972502006596331e+00 1.060709588969338188e-02 -3.703750676872987202e-01
9.535416226215682745e-01 -4.041095429541844197e+00 -4.645586304890511720e+00 -4.041095429541844197e+00 2.084671056006109247e+00 3.518810697782231767e+00 -4.645586304890511720e+00 3.518810697782231767e+00 5.217178622367405261e+00
6.550010948596932003e+00 -5.787363833880454500e+00 -3.392934271142821423e+00 -5.787363833880454500e+00 4.883628544888687806e+00 2.036074315432477189e+00 -3.392934271142821423e+00 2.036074315432477189e+00 1.958608225921859569e-01
5.317681109594094124e+00 3.691710816853607025e+00 -2.664241288988157041e+00 3.691710816853607025e+00 5.959784070531935818e+00 8.498162727009109796e-01 -2.664241288988157041e+00 8.498162727009109796e-01 9.027192853818897689e+00
-1.077674594824525478e+01 3.066756359023844691e+00 -3.394125620006423372e+00 3.066756359023844691e+00 -8.988146845866193502e+00 1.091421181149393460e+00 -3.394125620006423372e+00 1.091421181149393460e+00 -4.685196851443417465e+00
8.120795836984090244e+00 -3.235104682795576725e+00 -2.208199634738099881e+00 -3.235104682795576725e+00 1.229333072705645691e+01 1.690438019546661064e+00 -2.208199634738099881e+00 1.690438019546661064e+00 1.669911990747523589e+01
-2.379814520777928655e-01 1.010314304435464328e+00 -3.392866419671639822e+00 1.010314304435464328e+00 -1.520993962017117118e+00 4.571532644050567917e+00 -3.392866419671639822e+00 4.571532644050567917e+00 -3.301910688732941246e+00
-9.633449530572202324e-01 5.897112886418118816e-01 5.736723637066311277e+00 5.897112886418118816e-01 -4.755417080076728809e+00 4.454397018670006037e-02 5.736723637066311277e+00 4.454397018670006037e-02 2.216114672063890456e+00
