-5.916553009513605410e-01 -4.683806979888961025e-02 7.174787397657694576e+00 -4.683806979888961025e-02 -2.745457273837868861e+00 1.090890327674320925e+00 7.174787397657694576e+00 1.090890327674320925e+00 -1.388549686333635513e+01
3.020892091492917331e+01 -8.898535773521661696e+00 4.658213143884687213e+00 -8.898535773521661696e+00 1.266838456828729420e+01 -1.141274519210728755e+01 4.658213143884687213e+00 -1.141274519210728755e+01 2.209486896898983943e+01
-5.439904018858822354e+01 9.682484532930907051e+00 1.054326250681320509e+01 9.682484532930907051e+00 -1.292236780528273243e+01 7.257104520927934455e-02 1.054326250681320509e+01 7.257104520927934455e-02 2.924282747354744316e+01
-3.408764869507483475e+00 7.428429084932119508e+00 -8.230508114797329355e+00 7.428429084932119508e+00 1.081079997698400597e+01 8.260573695416042028e+00 -8.230508114797329355e+00 8.260573695416042028e+00 3.636674440192963598e+00
-3.833734549633742716e+01 -1.002051828801242550e+00 -5.733643744282125310e-01 -1.002051828801242550e+00 -1.406394483131576223e+01 1.916150223562698374e+00 -5.733643744282125310e-01 1.916150223562698374e+00 1.019511480862244213e+01
-5.641010336179959950e+01 -5.904299286380336742e-01 5.814299192327535337e+00 -5.904299286380336742e-01 -3.000408020786685626e+01 -9.141667584405327673e+00 5.814299192327535337e+00 -9.141667584405327673e+00 2.463421523276215552e+01
3.459577342615135365e+01 1.292721556463731503e+01 3.195500357878450881e+00 1.292721556463731503e+01 2.922409589313756229e+01 8.085782627289388458e+00 3.195500357878450881e+00 8.085782627289388458e+00 1.232724940210246167e+01
2.777741423822089217e+01 -4.901142019512104930e+00 1.084279623868704912e+00 -4.901142019512104930e+00 2.112036157611733955e+01 4.817222442660951565e+00 1.084279623868704912e+00 4.817222442660951565e+00 1.152315330185961173e+01
-4.346579042907616497e+01 6.907864276160866623e+00 5.425637319757680821e+00 6.907864276160866623e+00 1.830459242408052564e-02 -3.727366562854576681e+00 5.425637319757680821e+00 -3.727366562854576681e+00 2.472704575686307393e+01
3.332312783728431071e+01 7.728795874228731044e+00 5.321921327648190259e-01 7.728795874228731044e+00 3.420351429939641719e+01 -4.596944280219153356e+00 5.321921327648190259e-01 -4.596944280219153356e+00 3.742972977949700919e+01
-6.627768825008272024e+00 2.288136929394941177e+00 2.186115041641710111e+00 2.288136929394941177e+00 -7.931152293497090611e+00 5.312409161725910600e+00 2.186115041641710111e+00 5.312409161725910600e+00 -5.693508736392843161e+01
1.632073970910191107e+01 -7.775544188514555088e+00 -1.788437724374290738e+01 -7.775544188514555088e+00 6.480919022428376586e+00 7.966646185090781707e+00 -1.788437724374290738e+01 7.966646185090781707e+00 -1.779051417183212891e+01
-4.630885762517957005e+01 -1.290817873203045707e+01 -8.924531879675289048e+00 -1.290817873203045707e+01 -1.635774064481795875e+01 1.280902307844685950e+01 -8.924531879675289048e+00 1.280902307844685950e+01 1.866351459669477819e+01
5.571718301765316461e+00 2.595396610634105983e+00 1.544519646635304166e+00 2.595396610634105983e+00 4.850026968489064672e+00 -6.815949567440638290e+00 1.544519646635304166e+00 -6.815949567440638290e+00 2.935355070901686236e+00
-2.218342793915497779e+01 -8.506537657854485346e+00 -1.528822532118190480e+01 -8.506537657854485346e+00 2.283829491027991931e+00 -6.210202039188221335e+00 -1.528822532118190480e+01 -6.210202039188221335e+00 3.979847346046275902e+01
-4.307082463778861836e+01 -1.687013147341809116e+01 -8.757694987765413330e+00 -1.687013147341809116e+01 -1.411009666224748393e+01 -3.563406680613792954e+00 -8.757694987765413330e+00 -3.563406680613792954e+00 1.558102105503704138e+01
-4.479001453205194849e+01 1.214235805449023609e+01 6.861057009982911126e+00 1.214235805449023609e+01 -3.053314734541328690e+01 4.882106668322764520e+00 6.861057009982911126e+00 4.882106668322764520e+00 -7.172476358536756891e+01
3.330898089849388555e+01 -2.933767181042601369e+00 -3.170168966068454552e-01 -2.933767181042601369e+00 3.416191459928106156e+01 6.236391420423592624e-01 -3.170168966068454552e-01 6.236391420423592624e-01 3.389955280515189884e+01
-6.285099348647338502e+01 -2.981615781539574961e+00 9.456696018392806158e-01 -2.981615781539574961e+00 -2.957341223878822234e+01 -1.518903807258847394e+01 9.456696018392806158e-01 -1.518903807258847394e+01 -1.479629841918709721e+00
-1.801464426868305324e+01 -1.791703537989562633e+01 -1.231244921822781713e+01 -1.791703537989562633e+01 -5.067120888834015346e+00 -4.146220427705362255e+00 -1.231244921822781713e+01 -4.146220427705362255e+00 -7.961435039419741067e+00
5.980659855032694594e+01 8.411267250131669870e-01 4.023343879462485617e+00 8.411267250131669870e-01 5.377832947884760273e+01 -3.287331276989717832e+00 4.023343879462485617e+00 -3.287331276989717832e+00 5.506786498347980796e+01
-5.247600622065673903e+00 -1.300625283692417256e+00 -6.680507751085984935e+00 -1.300625283692417256e+00 -1.077966176741772664e+01 -6.049535686334458262e+00 -6.680507751085984935e+00 -6.049535686334458262e+00 -2.929475564681036559e+01
3.841012939221131184e+00 -9.711525124646062324e+00 7.354998688628223036e+00 -9.711525124646062324e+00 1.421794891147588125e+01 -2.629039787523000271e+00 7.354998688628223036e+00 -2.629039787523000271e+00 1.693465756060701466e+01
-5.888069479024626851e+00 4.096362811377751711e+00 1.446497038482519670e+01 4.096362811377751711e+00 3.321633928337686115e+00 -7.770965594981118940e+00 1.446497038482519670e+01 -7.770965594981118940e+00 -2.242870524656214926e+01
6.952988493565297290e+01 9.188589049627908789e-01 -8.745312735892799338e+00 9.188589049627908789e-01 5.508176553716037915e+01 -1.452312466073461428e+00 -8.745312735892799338e+00 -1.452312466073461428e+00 3.535404145525954789e+01
2.476357350391743140e+01 1.019123357193688584e+01 1.172785164012872583e+00 1.019123357193688584e+01 3.394605085401794753e+01 -1.613822166701746053e-01 1.172785164012872583e+00 -1.613822166701746053e-01 4.018105575477603963e+01
-2.455623513537578262e+01 -5.382386367311032593e+00 -2.074791137904888227e+00 -5.382386367311032593e+00 -1.854995357052695937e+01 -4.809044013381709171e+00 -2.074791137904888227e+00 -4.809044013381709171e+00 8.327234363183103838e+00
-3.726938570134657880e+01 1.227705314288129657e+01 -3.528425303495350995e+00 1.227705314288129657e+01 -7.897187443913876059e+00 1.880476527010034715e+01 -3.528425303495350995e+00 1.880476527010034715e+01 3.012920740464215541e+01
-3.530017159492217615e+01 -2.689164270003215673e+00 2.897197197149535164e+00 -2.689164270003215673e+00 -4.377108290687742453e+01 -5.642145597257658629e+00 2.897197197149535164e+00 -5.642145597257658629e+00 -5.749669450824286088e+01
-2.494202869014617718e+01 -4.075152819149382211e+00 -4.476601281391329179e-01 -4.075152819149382211e+00 -9.959878387828187130e+00 1.906444933227116678e+01 -4.476601281391329179e-01 1.906444933227116678e+01 -3.430499706908125290e+01
-3.159480057672798270e-01 2.956237094698338730e+00 -1.758884604479157332e+01 2.956237094698338730e+00 1.175252954683104090e+00 -5.165119321264534769e+00 -1.758884604479157332e+01 -5.165119321264534769e+00 -2.409484979542983041e+01
5.916654818939082361e+01 3.589523712127908439e+00 1.650130132210938427e+01 3.589523712127908439e+00 2.552850967545485261e+01 2.213737291924208428e+00 1.650130132210938427e+01 2.213737291924208428e+00 2.625814005136589202e+01
1.100216534979653993e+01 -2.862928541506979840e+01 6.687685230168232131e+00 -2.862928541506979840e+01 3.088544950195321270e+00 -1.053787269136991789e+01 6.687685230168232131e+00 -1.053787269136991789e+01 -3.669988298436955176e+01
1.217989068448059164e+01 3.634585488735984971e+00 5.863822953651846165e-02 3.634585488735984971e+00 1.110300034291268467e+01 -1.643484979699981352e+01 5.863822953651846165e-02 -1.643484979699981352e+01 -1.017321919988601486e+01
1.835629053702452218e-01 3.573401714484517822e+00 -6.932093991109901765e+00 3.573401714484517822e+00 7.728180748943021428e+00 1.081590484026610177e+01 -6.932093991109901765e+00 1.081590484026610177e+01 -3.760543849080305989e+01
-5.273596920263767629e+01 9.275892175597598710e-01 3.032876692050323064e-01 9.275892175597598710e-01 -2.195719512963282227e+01 -1.220930715456490212e+01 3.032876692050323064e-01 -1.220930715456490212e+01 2.374402909670144002e+00
3.095991574520793677e+01 1.559241728513156344e+00 8.077788332420476891e-01 1.559241728513156344e+00 2.949589372100253470e+01 -2.883502055068656311e+00 8.077788332420476891e-01 -2.883502055068656311e+00 3.004096434183715303e+01
3.240977142635818598e-01 5.595167301856578401e-01 6.230603305110733459e+00 5.595167301856578401e-01 1.730260497617524607e+01 -1.842573225866184439e+00 6.230603305110733459e+00 -1.842573225866184439e+00 5.463867135705723577e+00
5.151606566242215024e+01 1.055777507980029561e+01 -3.207775682099271997e+00 1.055777507980029561e+01 4.413784011990372136e+01 4.584844024928587558e+00 -3.207775682099271997e+00 4.584844024928587558e+00 9.700408571231964316e+00
-4.961499628054517608e+00 3.687772080743131120e+00 -7.190546350374303231e+00 3.687772080743131120e+00 -5.449205344102225013e+00 1.185132776405804300e+01 -7.190546350374303231e+00 1.185132776405804300e+01 -4.374909908546872117e+00
-3.261313868413262185e+01 6.624128053730690802e+00 -7.269874134462474657e+00 6.624128053730690802e+00 -1.599964341727171124e+01 1.117445848376169337e+01 -7.269874134462474657e+00 1.117445848376169337e+01 -5.083549902520760611e-02
1.738315361248766067e+01 5.716464768226336091e+00 -1.620591645689937410e+00 5.716464768226336091e+00 2.264301737278091764e+01 -2.387819458197330658e+00 -1.620591645689937410e+00 -2.387819458197330658e+00 1.891561014411020381e+01
2.069741380877635351e+01 -7.610800950740364001e+00 -7.632224520117112831e+00 -7.610800950740364001e+00 4.256942581713145102e-01 -8.386342663595073077e+00 -7.632224520117112831e+00 -8.386342663595073077e+00 -1.452253042931802263e+01
3.030498009883373101e+01 -4.953047042914697329e+00 2.133326420388235078e+01 -4.953047042914697329e+00 3.325976016388993628e+01 5.906718535541967130e-01 2.133326420388235078e+01 5.906718535541967130e-01 -2.601423560032793070e+00
-3.612526173505955285e+01 -3.698672658230424126e+00 -7.865459088122830345e+00 -3.698672658230424126e+00 -2.118743412395092562e+01 -4.938638256465515575e+00 -7.865459088122830345e+00 -4.938638256465515575e+00 3.084156881263675842e+01
-1.997476813598978040e+01 1.586836044341975871e+01 -9.296530544006508023e+00 1.586836044341975871e+01 -9.176177469139766174e+00 -1.826348105631999985e+01 -9.296530544006508023e+00 -1.826348105631999985e+01 -4.030398588293291340e+01
2.359858589346894320e+01 9.033898812969824998e-01 -3.745397277994463092e+00 9.033898812969824998e-01 1.643806401767610836e+01 7.311200479561954069e+00 -3.745397277994463092e+00 7.311200479561954069e+00 3.064466474947113994e+01
-2.260424754481513077e+01 -3.419257224351639923e+00 4.100126406269898105e+00 -3.419257224351639923e+00 -4.789293128411258316e+00 1.753905942033568977e+00 4.100126406269898105e+00 1.753905942033568977e+00 3.298717437745185066e+01
-2.587178672809497471e+01 5.715449424146642698e+00 2.997836054144859652e+00 5.715449424146642698e+00 -1.639419222718892399e+01 1.537033655360416162e+01 2.997836054144859652e+00 1.537033655360416162e+01 -5.166741044213919309e+01
-4.745320707976328833e+01 -7.669275790706541862e+00 9.223591135328909618e-02 -7.669275790706541862e+00 -2.972235045831672906e+01 -7.170816214020299562e+00 9.223591135328909618e-02 -7.170816214020299562e+00 -1.422608920015829881e+01
1.299067250260372397e+01 -1.808267095295290261e+01 -2.820316919954044099e+00 -1.808267095295290261e+01 -5.700850097553817442e+00 -9.409146642062175658e+00 -2.820316919954044099e+00 -9.409146642062175658e+00 -2.811124747759829745e+01
-4.087511472051984640e+01 3.323034349252802944e+00 2.089307991661463859e+00 3.323034349252802944e+00 -4.811036260219252014e+00 -5.988792321527780516e+00 2.089307991661463859e+00 -5.988792321527780516e+00 4.891819320002451832e+01
-8.967824966735967740e-01 -7.182121743368181654e+00 8.426323325891932337e-01 -7.182121743368181654e+00 -1.483779239900726310e+01 -1.551450936877313502e+00 8.426323325891932337e-01 -1.551450936877313502e+00 2.386251381327745591e+01
3.611259090283312378e+00 -5.094933973477498768e+00 -9.300705691366491834e+00 -5.094933973477498768e+00 -6.087067559750490631e+00 -2.565652964809711634e+01 -9.300705691366491834e+00 -2.565652964809711634e+01 -1.003631967056830199e+01
2.041148031785828465e+01 -6.319824841665715454e+00 8.082065160660327763e+00 -6.319824841665715454e+00 -6.090005891342003430e+00 -7.232904946191266449e-01 8.082065160660327763e+00 -7.232904946191266449e-01 -3.042207030435365311e+01
2.156552884748434540e+00 -1.537972691032019279e+00 1.523477940476749115e+00 -1.537972691032019279e+00 -2.955528001469692523e+00 -1.532093711243508061e+01 1.523477940476749115e+00 -1.532093711243508061e+01 -5.958387977888022213e+00
-5.185956453953396661e+00 -9.579208679203569332e+00 6.868616023819909877e+00 -9.579208679203569332e+00 -3.941996852179666178e+01 6.591765200363070676e+00 6.868616023819909877e+00 6.591765200363070676e+00 -3.668283400075110734e+01
-8.885845649123403689e+00 2.764174340542417507e+00 -6.428470374337920568e+00 2.764174340542417507e+00 -5.612634691583162194e+00 -9.456499386271492114e+00 -6.428470374337920568e+00 -9.456499386271492114e+00 -1.484148925731116542e+01
-2.819677701789933266e+01 -1.012101083708192739e+00 -1.761408356072422521e+01 -1.012101083708192739e+00 -1.734230443518229592e+01 -2.100531528862335051e+01 -1.761408356072422521e+01 -2.100531528862335051e+01 -4.292603320375684461e+01
-1.460409215853460196e+01 2.818962786175341684e+00 1.404936379955019277e+01 2.818962786175341684e+00 3.661121075914956086e-02 -6.406890138366048149e+00 1.404936379955019277e+01 -6.406890138366048149e+00 2.989982267701713425e+01
3.336517869267404990e+01 6.043774587199698622e+00 -5.411306953947054410e+00 6.043774587199698622e+00 3.489742775941260788e+01 -1.304655083290826134e+01 -5.411306953947054410e+00 -1.304655083290826134e+01 2.141555740314302625e+01
-5.577745604844852778e+01 -9.424218283202243640e+00 1.637672538425863777e+01 -9.424218283202243640e+00 -5.559674444811969352e+01 -2.899502639698786410e+00 1.637672538425863777e+01 -2.899502639698786410e+00 -3.863759587439594156e+01
-7.585440878768472395e+00 9.343416557433156910e+00 4.509107205325191270e-01 9.343416557433156910e+00 -1.105931957606311045e+01 1.299573814826868379e+01 4.509107205325191270e-01 1.299573814826868379e+01 -2.367607374609944415e+01
2.522617364032936749e+01 -1.428447061891975878e+01 1.984523864181831954e+01 -1.428447061891975878e+01 3.844013408243613839e+01 6.062483793059787018e+00 1.984523864181831954e+01 6.062483793059787018e+00 -1.137653387881388234e+01
1.122121751529808442e+01 -5.759517415391846029e+00 -1.102950929509126610e+01 -5.759517415391846029e+00 1.105353077964769781e+01 7.723422079693630371e-01 -1.102950929509126610e+01 7.723422079693630371e-01 4.272183185829543817e+00
-3.791704531437104464e+01 -5.195655715818872977e+00 -1.213512892159902279e+01 -5.195655715818872977e+00 -2.260177611613901760e+01 7.604027348756874360e-01 -1.213512892159902279e+01 7.604027348756874360e-01 6.144606574703628254e+00
-1.638203538068155751e+01 9.004282126366987882e+00 8.443842321941056994e+00 9.004282126366987882e+00 -2.159866901056440192e+00 4.036854547134663740e+00 8.443842321941056994e+00 4.036854547134663740e+00 2.899296537185204059e+01
-2.470268581458228496e+01 -2.368158024045048382e+00 -7.059749350472150908e-01 -2.368158024045048382e+00 -1.806279552355136886e+01 -1.532694106228440711e+00 -7.059749350472150908e-01 -1.532694106228440711e+00 -1.737305189485838142e+01
-1.045740692219118806e+00 -9.481306035071314753e+00 -6.104634975356471038e-01 -9.481306035071314753e+00 1.010595462958607271e+01 4.408766498405235268e+00 -6.104634975356471038e-01 4.408766498405235268e+00 4.050452511417636003e+01
4.310886007763222239e+01 1.585763892746112624e-01 -6.205007395266184389e+00 1.585763892746112624e-01 1.332064973348336068e+01 -1.217643662754535683e+01 -6.205007395266184389e+00 -1.217643662754535683e+01 -1.519356851995332214e+01
-1.958865210913245392e+01 -1.611683978825569241e+01 9.129317176610186380e+00 -1.611683978825569241e+01 -3.248958755357277628e+00 -1.615221781944404711e+01 9.129317176610186380e+00 -1.615221781944404711e+01 3.061243482491199330e+01
-3.981655097594638448e+01 -1.006564601551412785e+01 8.104594787290331226e-01 -1.006564601551412785e+01 -2.812552916767019440e+01 -6.967395390939448596e+00 8.104594787290331226e-01 -6.967395390939448596e+00 1.326398609175249632e+01
5.327870343884238480e+01 7.559990284171227870e+00 3.351589009520611118e+00 7.559990284171227870e+00 3.564680214244725676e+01 1.267465897583709866e+00 3.351589009520611118e+00 1.267465897583709866e+00 2.299263574946103894e+00
-2.246334214513208138e+01 -2.566224472479734064e+00 3.281201240253040829e+00 -2.566224472479734064e+00 -9.880703934059560378e-01 -7.471736863965138475e+00 3.281201240253040829e+00 -7.471736863965138475e+00 2.703074611374720249e+01
-4.683105611403274082e+00 3.602658053877201727e+00 1.966189023507362066e+01 3.602658053877201727e+00 -3.148115105798963498e+01 -7.840775011227111513e+00 1.966189023507362066e+01 -7.840775011227111513e+00 -3.865193176379965934e+01
4.081600778242430039e+01 5.651207934103029018e+00 -5.167835578886871950e+00 5.651207934103029018e+00 1.645606328410438302e+00 9.602412094435816670e+00 -5.167835578886871950e+00 9.602412094435816670e+00 -2.504411422542013810e+01
-4.073372189352324568e+01 6.746211354067348509e+00 6.994407246166361780e+00 6.746211354067348509e+00 -1.468965438727838979e+01 1.518588568270040851e+00 6.994407246166361780e+00 1.518588568270040851e+00 5.320305053942914242e+01
-2.466937308301735143e+01 2.105053938494030419e+01 1.304294673128751114e+01 2.105053938494030419e+01 -1.243631192919712802e+01 -7.820784422327881735e+00 1.304294673128751114e+01 -7.820784422327881735e+00 3.608607040019425938e+01
-1.234976639947201882e+01 1.648497009766692756e+01 -1.557564339106316531e+00 1.648497009766692756e+01 -1.754380105224058894e+01 9.504308519940568800e+00 -1.557564339106316531e+00 9.504308519940568800e+00 -6.983214435395143482e+01
6.000686886730686354e+01 7.649939544723542539e+00 3.696430037288062076e-01 7.649939544723542539e+00 2.363308239727894033e+01 1.127307352396300466e+01 3.696430037288062076e-01 1.127307352396300466e+01 3.595852980199940419e+01
1.436993568705714708e+01 6.851327048153177834e+00 7.223285419921943173e+00 6.851327048153177834e+00 2.313353864021257777e+01 -5.660390075500397744e-01 7.223285419921943173e+00 -5.660390075500397744e-01 1.771909346359965909e+01
1.740117483771836149e+01 -1.127566731723798732e+01 -1.274376906216726280e+00 -1.127566731723798732e+01 -4.960793463249750346e+00 -2.624027340845531686e+00 -1.274376906216726280e+00 -2.624027340845531686e+00 -5.702038012829270031e+01
1.187976756296436953e+01 -4.841322766519511878e-01 2.255961664437579373e+01 -4.841322766519511878e-01 -1.976898743208906239e+01 1.919159731979293682e+01 2.255961664437579373e+01 1.919159731979293682e+01 -5.626119470917827670e+01
2.920256014938098943e+01 5.006420402911722078e+00 -1.171668546256228893e+01 5.006420402911722078e+00 2.912913251767001910e+01 -4.867924833135818807e-01 -1.171668546256228893e+01 -4.867924833135818807e-01 -1.353100155477466693e+01
-2.065131109473978910e+01 1.539247729093666139e+00 9.094270648041016258e+00 1.539247729093666139e+00 3.570436880406406388e+00 -3.121181204839923673e+00 9.094270648041016258e+00 -3.121181204839923673e+00 -4.547298421358167531e+01
-1.076698615364266765e+01 5.882272019612752700e+00 -1.493424857899245728e+00 5.882272019612752700e+00 6.278250648782667476e+00 -2.478524022345650835e+00 -1.493424857899245728e+00 -2.478524022345650835e+00 3.873616643354663580e+01
4.033980323808444979e+01 8.174253179166076633e-01 3.776090996963799906e+00 8.174253179166076633e-01 4.028400386766826102e+01 -6.393843002641524720e+00 3.776090996963799906e+00 -6.393843002641524720e+00 3.374434284049571886e+01
-9.512138630835899278e+00 1.449583223405501542e+01 1.061097026392986287e+01 1.449583223405501542e+01 1.080421552609550062e+01 1.159613408302251081e+01 1.061097026392986287e+01 1.159613408302251081e+01 1.876301519808814433e+01
-9.453500390552243005e+00 -1.846715575472235571e+01 2.019806003642822390e+01 -1.846715575472235571e+01 -9.625249823281128769e+00 -1.342910832653557129e+01 2.019806003642822390e+01 -1.342910832653557129e+01 -3.935187346809524200e+01
-3.552536955490733561e+01 -5.065621777879799836e+00 -2.684459759730305262e+00 -5.065621777879799836e+00 -2.814110480446117890e+01 -6.573450298588452867e+00 -2.684459759730305262e+00 -6.573450298588452867e+00 -1.061698587877087263e+01
1.730634610706358245e+01 7.304975929539168966e+00 -5.798529138656500770e-01 7.304975929539168966e+00 -9.285839194717778966e+00 -2.901442434372388135e+00 -5.798529138656500770e-01 -2.901442434372388135e+00 -6.713695070809363585e+01
-1.716592431686216003e+01 3.422777291148684675e+00 -5.962083097547623112e+00 3.422777291148684675e+00 -1.730903567045886859e+01 -1.824544945634957838e+00 -5.962083097547623112e+00 -1.824544945634957838e+00 2.044309399995279719e+00
5.121285755811840090e+01 -1.006956450932146119e+01 -5.576687833283908269e+00 -1.006956450932146119e+01 4.228242110256555719e+01 1.252608317417394090e+01 -5.576687833283908269e+00 1.252608317417394090e+01 5.708153528020138623e+01
9.748852320442681574e+00 5.915205461763225259e+00 -1.117992131659726995e+00 5.915205461763225259e+00 1.145384916005908416e+01 -2.211377082392931293e+00 -1.117992131659726995e+00 -2.211377082392931293e+00 2.583923561651780165e+00
4.791634115977328889e+01 -1.163707407387299853e+01 3.552079845644357192e+00 -1.163707407387299853e+01 3.699226186338619726e+01 -8.906622502279462950e+00 3.552079845644357192e+00 -8.906622502279462950e+00 1.066905166844751385e+01
-3.603390087670628361e+01 7.790753239071871450e-01 1.531035618059024728e+01 7.790753239071871450e-01 -1.558578978891075906e+01 8.623526299318033495e+00 1.531035618059024728e+01 8.623526299318033495e+00 -5.558573827672153023e+00
-2.003618267229189343e+01 -1.102342066193123671e+01 -1.460523656914591628e+00 -1.102342066193123671e+01 1.995458224381570389e+00 -1.069755043149461748e+01 -1.460523656914591628e+00 -1.069755043149461748e+01 2.385180878681386574e+01
-2.702114058300380606e+01 3.089984213814543246e+00 -1.314675076215127092e+01 3.089984213814543246e+00 -2.527470288531706544e+01 9.026759608895764231e+00 -1.314675076215127092e+01 9.026759608895764231e+00 1.645680128014079813e+01
-1.730533854688622597e+01 -1.272175734063405983e+01 4.863468155726425657e+00 -1.272175734063405983e+01 -2.650755012912926389e+01 -6.610427475004233777e+00 4.863468155726425657e+00 -6.610427475004233777e+00 -1.158459936770958265e+01
-2.653279098411842085e+01 -3.288200735634936756e+00 -7.885218290984839840e+00 -3.288200735634936756e+00 -2.196870861195659330e+01 -5.694035699257169902e+00 -7.885218290984839840e+00 -5.694035699257169902e+00 -4.495962881395580979e+01
