2.291517303014023810e+01 9.145665822687309543e+00 1.336106632470162126e+01 9.145665822687309543e+00 -3.316316673878107935e+01 1.068460681201521267e-01 1.336106632470162126e+01 1.068460681201521267e-01 2.276057075394740892e+01
4.498323160647267827e+01 -6.431500520213880634e+00 -8.355032412023007282e+00 -6.431500520213880634e+00 -1.178486199455116967e+01 -4.579646146358004266e+00 -8.355032412023007282e+00 -4.579646146358004266e+00 4.101976386287179821e+01
-1.983897259846661143e+01 3.009641846555735523e+00 -4.972599184762843905e+00 3.009641846555735523e+00 -3.767607738459054190e+01 4.745483746903351174e-01 -4.972599184762843905e+00 4.745483746903351174e-01 -1.529173663039926367e+01
-1.508637966692491439e+01 -3.360861600952495643e+00 -5.245137367487176405e+00 -3.360861600952495643e+00 -7.022875094553657505e+01 5.472781012705774550e+00 -5.245137367487176405e+00 5.472781012705774550e+00 -5.614062291004071170e+00
4.951944753420400502e+01 1.985018683575866971e+00 -2.467982798465942818e+00 1.985018683575866971e+00 6.061823979251034639e-02 -1.256137013379391654e+01 -2.467982798465942818e+00 -1.256137013379391654e+01 3.674503352953437485e+01
3.304608376692598171e+01 -2.600604178141864509e+01 5.292354991429017552e+00 -2.600604178141864509e+01 -4.351891703917266341e+01 -2.506009877475416481e+00 5.292354991429017552e+00 -2.506009877475416481e+00 1.235694088574031824e+01
4.370176880365529115e+01 -2.395642139075929045e+00 -2.834908800878669144e+00 -2.395642139075929045e+00 1.121329133146496382e+01 -2.365473804997030971e+00 -2.834908800878669144e+00 -2.365473804997030971e+00 4.523979830532283586e+01
2.193062585939571463e+01 -2.496816695073211356e+00 -8.428109792346774043e+00 -2.496816695073211356e+00 3.438230672470940874e+01 2.411457779799299761e+00 -8.428109792346774043e+00 2.411457779799299761e+00 2.346464312145443998e+01
5.201604688552452949e+00 1.777775052813854373e+01 5.740093200519891248e+00 1.777775052813854373e+01 -2.052965063626829334e+01 4.224708426348631640e+00 5.740093200519891248e+00 4.224708426348631640e+00 -1.091242040561519300e+00
-7.548092194309247382e+00 -4.182544741445639591e-01 8.231457473362931765e+00 -4.182544741445639591e-01 -4.900338587395190615e+01 -4.012278595324376695e+00 8.231457473362931765e+00 -4.012278595324376695e+00 -2.558824387815173651e+01
-7.993859068722231953e+00 -8.830140754273033465e+00 9.009654033304682841e+00 -8.830140754273033465e+00 -4.553027783837411135e+01 -5.253713889445318586e+00 9.009654033304682841e+00 -5.253713889445318586e+00 -1.650904625232438505e+01
5.545286100331445311e+01 -5.010627966207997552e+00 -6.622346255074776922e-01 -5.010627966207997552e+00 -6.924251276957138934e+00 -3.471440299998917123e+00 -6.622346255074776922e-01 -3.471440299998917123e+00 4.983147996150736958e+01
-5.093863532465177713e+01 3.127760766730723674e+00 1.132969779975360858e+01 3.127760766730723674e+00 -5.212594091001548691e+01 -4.552349679724704501e+00 1.132969779975360858e+01 -4.552349679724704501e+00 -5.186018941223163381e+01
-2.454246284838609427e+01 -7.837312065385093618e-01 9.487010325103303998e+00 -7.837312065385093618e-01 -6.732819301705787041e+01 1.317821018122280385e+01 9.487010325103303998e+00 1.317821018122280385e+01 -1.335405834607420461e+00
-2.027537852017667230e+00 -1.649624741273253647e+01 -6.131903429034448738e-01 -1.649624741273253647e+01 -5.737995790276693953e+01 -7.303886408868780045e+00 -6.131903429034448738e-01 -7.303886408868780045e+00 -7.085759047899650831e+00
-6.511279196414361259e+00 -1.725150060852469025e+00 8.359894445943941932e+00 -1.725150060852469025e+00 -5.829805448605056029e+01 2.828317735146658407e+00 8.359894445943941932e+00 2.828317735146658407e+00 -4.309000874452139307e+00
-3.895047483705280911e+01 4.545220097288654060e+00 -7.847679774577685841e+00 4.545220097288654060e+00 -5.516047691473288239e+01 -9.299129785064025322e-01 -7.847679774577685841e+00 -9.299129785064025322e-01 -2.111671998466126254e+01
-1.976515658232861128e+01 1.335399761104798522e+01 3.914701943986501398e+00 1.335399761104798522e+01 -2.483095911695142632e+01 -6.653617207707243963e+00 3.914701943986501398e+00 -6.653617207707243963e+00 -2.756988855993100174e+01
-2.265534322284278801e+01 2.990383752311013055e+00 4.675838476182987868e+00 2.990383752311013055e+00 -7.779025592830691060e+00 1.082844721201794869e+01 4.675838476182987868e+00 1.082844721201794869e+01 -1.616062176874714318e+00
2.398666293758985546e+01 -5.278981795654554610e+00 -2.312744177476091068e+00 -5.278981795654554610e+00 -6.146346200854370068e+01 -1.076043260883956343e+01 -2.312744177476091068e+00 -1.076043260883956343e+01 2.051707862849096742e+01
4.594602730899086396e+01 -4.055318004153408040e+00 -8.581831910722645063e+00 -4.055318004153408040e+00 4.395252573013083719e+01 6.416212493927205607e+00 -8.581831910722645063e+00 6.416212493927205607e+00 3.072877489915973825e+01
-1.116868866694582429e+01 -7.344804557064828821e+00 -9.844636509255072498e-01 -7.344804557064828821e+00 -3.316308349054171600e+01 -4.734975049088204990e+00 -9.844636509255072498e-01 -4.734975049088204990e+00 -2.095490344805198646e+01
-2.699546480937668136e+01 7.260170360871733841e+00 1.293307057611318145e+00 7.260170360871733841e+00 -3.907735726002212573e+01 1.006053781390126112e+01 1.293307057611318145e+00 1.006053781390126112e+01 -3.595758809916326726e+01
3.611350150145772631e+01 1.149410064012380950e+01 -7.823894584105869576e+00 1.149410064012380950e+01 -1.326345906609428305e+01 -1.578066408989610103e+01 -7.823894584105869576e+00 -1.578066408989610103e+01 2.778496775676127939e+01
-5.378728906083338757e+00 5.873155102463393895e+00 1.863881551124017122e+01 5.873155102463393895e+00 -3.261391032492984721e+01 1.459732306305735072e+01 1.863881551124017122e+01 1.459732306305735072e+01 -1.306664314203340460e+01
-1.819707014543588031e+01 7.355126426101297632e+00 -3.311875709123046629e-02 7.355126426101297632e+00 -5.069538827903220835e+01 1.882010203067146037e+01 -3.311875709123046629e-02 1.882010203067146037e+01 -1.361018121847322071e+01
-2.942411677386113311e+01 6.156971612135659022e+00 -1.262838546543305074e-01 6.156971612135659022e+00 -3.394734441790108548e+01 6.176281592617308469e+00 -1.262838546543305074e-01 6.176281592617308469e+00 -2.725024160762476200e+01
2.690867631825022244e+01 2.077155326460169249e+01 2.484129132504117043e-01 2.077155326460169249e+01 -3.134921081974062673e+01 2.065696311080753134e+00 2.484129132504117043e-01 2.065696311080753134e+00 9.618782862118472110e+00
2.914238504685946651e+01 -6.107959190972693797e+00 -2.255551047845937518e+01 -6.107959190972693797e+00 -3.030875023016742986e+01 9.234914649335514980e+00 -2.255551047845937518e+01 9.234914649335514980e+00 -4.265417893586470832e+00
2.680388725832120755e+01 -3.835630799661748913e+00 -4.523540451758115699e-01 -3.835630799661748913e+00 2.136175267281321766e+01 -2.888977649818820215e+00 -4.523540451758115699e-01 -2.888977649818820215e+00 2.843345882505536792e+01
5.584504771669728740e+01 -4.508867578274716514e+00 2.071787297353182211e+01 -4.508867578274716514e+00 -1.455377240395585803e+00 -3.019406671986023749e+00 2.071787297353182211e+01 -3.019406671986023749e+00 6.047533625348408748e+01
-4.406884207552399957e+00 -5.817568333837492389e+00 -5.768244703157945352e+00 -5.817568333837492389e+00 3.240090381268180941e+00 4.477518771929896779e+00 -5.768244703157945352e+00 4.477518771929896779e+00 8.694982186692331583e-01
1.233170619147602842e+01 1.126057354206250238e+01 9.502954664216652247e+00 1.126057354206250238e+01 -2.112737029764248575e+01 -1.174456807214470544e+01 9.502954664216652247e+00 -1.174456807214470544e+01 6.344499123567990395e+00
-8.371571522295196743e+00 1.974172794355319116e+00 -8.418451862008847542e+00 1.974172794355319116e+00 -5.045189294211592568e+01 1.472652521834873163e+01 -8.418451862008847542e+00 1.472652521834873163e+01 -2.120055540928543980e+00
2.523303778583620982e+01 -4.067404949436417838e-01 -3.390997003680647381e+00 -4.067404949436417838e-01 2.561809365407729544e+01 -1.164094130770910418e+01 -3.390997003680647381e+00 -1.164094130770910418e+01 4.553114517893004631e+01
6.342834107243455577e+01 -8.296630014717910895e-02 -6.442723266197201981e-02 -8.296630014717910895e-02 -1.135088437682797391e+01 4.819660038565721116e+00 -6.442723266197201981e-02 4.819660038565721116e+00 4.202790706292938694e+01
2.747192373605414772e+01 3.584779407538622564e+00 -4.880043582976372640e+00 3.584779407538622564e+00 -3.605883209871146988e+01 -3.860058709471345217e+00 -4.880043582976372640e+00 -3.860058709471345217e+00 3.598880157486545528e+01
4.845562439674621658e+01 -1.943052096095118753e+00 5.581126211247641855e+00 -1.943052096095118753e+00 -2.820713538272403298e+01 4.313203540112894530e+00 5.581126211247641855e+00 4.313203540112894530e+00 5.129767315262828475e+01
5.023028278501214317e+01 4.794575199625003670e+00 -6.130373371341192090e+00 4.794575199625003670e+00 -3.194135537472995878e+01 -8.464154661042410766e+00 -6.130373371341192090e+00 -8.464154661042410766e+00 3.023003951424692914e+01
3.859850334376764636e+01 -1.434244639132984389e+01 -7.094018569897724724e+00 -1.434244639132984389e+01 -2.044666731841656571e+01 1.992237086526914069e+01 -7.094018569897724724e+00 1.992237086526914069e+01 4.114440925479434696e+01
3.440786312595670182e+01 -9.228524952504551848e+00 1.865632849815986560e+01 -9.228524952504551848e+00 -4.410218871733640356e+00 1.184408678837103501e+01 1.865632849815986560e+01 1.184408678837103501e+01 3.278697663546724783e+01
2.155763492681651883e+01 -2.199897862685729510e+00 6.821494756748615274e+00 -2.199897862685729510e+00 1.998290253597229116e+00 -1.222280605999057101e+01 6.821494756748615274e+00 -1.222280605999057101e+01 4.979162293484508339e+00
2.626576977499923160e+01 5.215120541471084614e+00 -4.715330125338136114e+00 5.215120541471084614e+00 3.945701179044347029e+00 -2.585213131007262355e-01 -4.715330125338136114e+00 -2.585213131007262355e-01 3.606704706456704201e+01
-1.149569731168011621e+01 6.336148292331283294e+00 1.889470314789529226e+01 6.336148292331283294e+00 -4.253527576795329423e+01 -8.078428809195875360e+00 1.889470314789529226e+01 -8.078428809195875360e+00 -2.107582621909833875e+01
5.219267372141090533e+01 2.025087850137975565e+01 1.233958400302860170e+01 2.025087850137975565e+01 1.215296926125717114e+01 6.655097700966481344e-01 1.233958400302860170e+01 6.655097700966481344e-01 5.906757287871850792e+01
-9.461776505211302535e+00 -1.282732090213130149e+01 1.238277169803609912e+00 -1.282732090213130149e+01 -1.310576098744169471e+01 1.241325441160680221e+01 1.238277169803609912e+00 1.241325441160680221e+01 -6.862027217749028019e+00
-2.513365484854982412e+01 -1.934176474532637080e+00 7.078381709478914097e+00 -1.934176474532637080e+00 -2.611786416310800618e+01 -5.459912991973597585e+00 7.078381709478914097e+00 -5.459912991973597585e+00 -9.910245427112075234e+00
4.242364914633615314e+01 -2.217009878502357534e+00 1.516649169781539541e+01 -2.217009878502357534e+00 -2.608259378199797140e+01 -1.248501877941516724e+01 1.516649169781539541e+01 -1.248501877941516724e+01 2.797659531998170124e+01
1.822624111929795276e+01 2.772507416714656614e+00 -7.440064161587662817e+00 2.772507416714656614e+00 -2.400956980158683862e+01 -1.124710711774985050e+00 -7.440064161587662817e+00 -1.124710711774985050e+00 -1.152948781181859950e+01
-3.480614768635876999e+01 -2.653952132358455174e+00 -1.535907597311004835e+01 -2.653952132358455174e+00 -3.867105583653454470e+00 -1.779450555407708023e+01 -1.535907597311004835e+01 -1.779450555407708023e+01 -8.128617182103681671e+00
