-3.352520597189172236e+01 -5.780326650143012834e-01 -1.871604813849498949e+00 -5.780326650143012834e-01 -7.742216013377244188e+00 1.012241858285811702e+01 -1.871604813849498949e+00 1.012241858285811702e+01 2.136218477815210548e+01
-7.363588866150156775e+01 3.958659851926400464e+00 -3.540551981810543758e+00 3.958659851926400464e+00 -4.582605385071263271e+01 1.581536575519304755e+01 -3.540551981810543758e+00 1.581536575519304755e+01 3.661761674419630630e+00
3.217459785719595011e+00 -1.357340765841789643e-01 6.879875557465347846e+00 -1.357340765841789643e-01 -3.915581834748788737e+00 4.787310879995724910e+00 6.879875557465347846e+00 4.787310879995724910e+00 -7.798723197155520204e+00
-1.603688909902512805e+01 6.195866318169060527e+00 -1.505932798141721563e+01 6.195866318169060527e+00 2.950276868179090961e+00 -4.627701457615551739e+00 -1.505932798141721563e+01 -4.627701457615551739e+00 2.425513857556237340e+01
-2.637787865435740287e+01 3.213360271449510197e+00 1.090625784005052168e+01 3.213360271449510197e+00 -3.710306191095799022e+01 -2.563298215805248859e+00 1.090625784005052168e+01 -2.563298215805248859e+00 -3.994505310905599771e+01
-2.969855682560884347e+01 -6.500534061096000293e+00 -1.746412627486365565e+01 -6.500534061096000293e+00 -5.248266147807389359e+01 -1.429270375249192249e+01 -1.746412627486365565e+01 -1.429270375249192249e+01 2.725587409660225724e+00
2.731673059945048010e+01 -3.496620516114878452e+00 -4.636005733239670912e-01 -3.496620516114878452e+00 2.703860863128514325e+01 -1.062482796852490585e+00 -4.636005733239670912e-01 -1.062482796852490585e+00 2.558852996109444078e+01
2.129617145755609542e+01 1.874339860831790716e+01 6.630238198991650123e+00 1.874339860831790716e+01 -1.580599117496048933e+01 -9.024277656567553763e+00 6.630238198991650123e+00 -9.024277656567553763e+00 -2.297391774601799952e+01
-2.468928768276060381e+01 2.489559683307116522e+00 4.567728270512891875e+00 2.489559683307116522e+00 -2.224506151879729998e+01 5.986055284672143095e+00 4.567728270512891875e+00 5.986055284672143095e+00 1.616250266917976131e+00
-6.050070360753164067e+01 1.137439656076113792e+01 -2.810436379519299699e+00 1.137439656076113792e+01 -4.464218464599223068e+01 -3.186506333612340036e-01 -2.810436379519299699e+00 -3.186506333612340036e-01 -4.377063294148754835e+00
-3.672958689354776141e+01 -2.538979652525075625e+00 -6.023504322092555263e+00 -2.538979652525075625e+00 -1.412820086146189258e+00 -8.296619066739261417e-01 -6.023504322092555263e+00 -8.296619066739261417e-01 2.982091473010714111e+01
-6.139773656185859352e+01 4.852106568640082607e+00 8.412554124910829323e-01 4.852106568640082607e+00 -3.903825198491220760e+01 1.512058608516992564e+01 8.412554124910829323e-01 1.512058608516992564e+01 7.625959090869709023e+00
9.753304697018633007e+00 4.538450039661388047e+00 1.493988801785236120e+01 4.538450039661388047e+00 -8.403656649929708067e+00 -3.287336904563622486e-01 1.493988801785236120e+01 -3.287336904563622486e-01 -5.225707323204311194e+01
-8.600608115912617535e+00 -5.605002949343340646e+00 -1.020288667405970884e+01 -5.605002949343340646e+00 -2.326544670181005969e+01 9.743265317282617133e+00 -1.020288667405970884e+01 9.743265317282617133e+00 3.392151478250350038e+01
3.833647048494208232e+00 -1.134831067005274718e+01 8.439370448392472523e-01 -1.134831067005274718e+01 -8.836677095338506760e+00 9.457909254733134929e+00 8.439370448392472523e-01 9.457909254733134929e+00 -1.171556309844970833e+00
-2.599151479534949161e+01 -1.678712832131332044e+00 1.374221424801519298e+01 -1.678712832131332044e+00 -9.973364973467798933e+00 1.108977739849477651e+01 1.374221424801519298e+01 1.108977739849477651e+01 2.225657146446804546e+01
-3.861639498140777005e-01 -8.818648171381571643e+00 -5.423044349920204787e+00 -8.818648171381571643e+00 -1.578437528362162645e+01 7.292330009534721214e+00 -5.423044349920204787e+00 7.292330009534721214e+00 -7.088722753029135681e+00
3.474855477137544568e+01 -1.106466403185576830e+01 1.319777055555778400e+00 -1.106466403185576830e+01 3.831154285412802807e+01 1.354479333721127787e+01 1.319777055555778400e+00 1.354479333721127787e+01 3.503785775344722708e+01
-1.740326329572526864e+00 5.871248900706405038e-01 1.412080734724452213e+01 5.871248900706405038e-01 6.531409347846889091e+00 -8.657255336611482832e+00 1.412080734724452213e+01 -8.657255336611482832e+00 -3.581789571759202317e+01
-3.413864016997936179e+00 -1.225437977699733416e+01 -6.350566944459128393e+00 -1.225437977699733416e+01 1.084869186716005185e+00 7.903091061624726521e+00 -6.350566944459128393e+00 7.903091061624726521e+00 -3.627971860544921157e+00
-9.799688625333681458e+00 -7.239351354051314580e+00 7.002861693715679792e+00 -7.239351354051314580e+00 3.016029292711213561e+00 4.248922986687523107e+00 7.002861693715679792e+00 4.248922986687523107e+00 -2.175119732269207518e+01
-3.163805288819297346e+00 1.124719983360302322e+01 -4.142562786283564336e+00 1.124719983360302322e+01 -8.969857383800107442e+00 7.673658593297940200e+00 -4.142562786283564336e+00 7.673658593297940200e+00 -4.282817810939563685e+01
4.061816805699240973e+01 1.269621904640930232e+01 -8.563015443701063045e-01 1.269621904640930232e+01 5.194902049799858901e+01 7.169642314581941456e+00 -8.563015443701063045e-01 7.169642314581941456e+00 -1.532550840929578762e+01
3.060350977545411055e+01 2.048109544163973439e+01 8.167811105272615890e+00 2.048109544163973439e+01 2.034949300284976204e+01 -6.915221606422386813e+00 8.167811105272615890e+00 -6.915221606422386813e+00 2.332946774601932560e+01
-6.949315961049221002e+00 2.721959849704393086e+00 6.526662915877279314e-01 2.721959849704393086e+00 1.766401383072611253e+01 -8.951667577228716866e+00 6.526662915877279314e-01 -8.951667577228716866e+00 4.012717776261375491e+01
1.599135960289032177e+01 -2.915739953598637690e+00 -1.987802999514371560e+00 -2.915739953598637690e+00 2.214944774004751693e+01 4.383754072517142220e+00 -1.987802999514371560e+00 4.383754072517142220e+00 -5.264519729926012026e+00
1.755176308802715113e+01 -4.254831812072701891e-01 2.278576397926009189e+00 -4.254831812072701891e-01 3.012943566958698938e+01 7.249168839074446424e+00 2.278576397926009189e+00 7.249168839074446424e+00 1.880028319674077508e+01
4.718097213919725874e+01 4.100299268478387660e+00 1.955347158978936406e+00 4.100299268478387660e+00 4.275946085260468976e+01 -1.692390167645644894e+01 1.955347158978936406e+00 -1.692390167645644894e+01 -8.499342083889848354e+00
-4.584512114955352757e+01 9.699186713254732695e+00 5.512472767224221748e+00 9.699186713254732695e+00 -2.647900634454675739e+01 6.763172312241743533e+00 5.512472767224221748e+00 6.763172312241743533e+00 1.555204355564523688e-01
-9.194648381751257205e+00 -1.230527149736584747e+01 1.509059669912495405e+00 -1.230527149736584747e+01 -7.645802923698401088e+00 -1.593700115618266011e+01 1.509059669912495405e+00 -1.593700115618266011e+01 -1.199391679299209557e+01
1.957562509911178950e+01 -1.091992877647513716e+01 -1.117644471393520078e+01 -1.091992877647513716e+01 1.433866667374993042e+01 6.377767360158123289e+00 -1.117644471393520078e+01 6.377767360158123289e+00 5.529496684888014357e+01
-3.390358431246230708e+00 1.081559222128376241e-01 -4.685661229477018352e+00 1.081559222128376241e-01 -1.881859756786004478e+00 9.209514153238780310e+00 -4.685661229477018352e+00 9.209514153238780310e+00 -1.588625685606204385e+01
-4.040144507356227876e+01 -1.113882684289937641e+00 8.134248459752249971e+00 -1.113882684289937641e+00 -1.191665049618680250e+01 -1.453600949344285631e+01 8.134248459752249971e+00 -1.453600949344285631e+01 2.426760132582521834e+01
1.798437656811550100e+00 1.496938266803401196e-01 7.135812120739712050e+00 1.496938266803401196e-01 1.698489378991677867e+01 -6.981067542490168032e-01 7.135812120739712050e+00 -6.981067542490168032e-01 -3.123440647962700467e+01
-1.495611261425259286e+01 6.614798894740563817e+00 8.279998359372640948e+00 6.614798894740563817e+00 1.390990461610479012e-01 -2.899641280895370432e+00 8.279998359372640948e+00 -2.899641280895370432e+00 4.235954198519786473e+01
8.917110494212421301e-01 -1.594747969018031597e+01 4.830926983853167656e+00 -1.594747969018031597e+01 1.628272769306246914e+01 2.705213233801874395e+00 4.830926983853167656e+00 2.705213233801874395e+00 1.057967841650281926e+01
5.236787026040097714e+01 -1.102988976779408103e+00 2.937507421835567456e+01 -1.102988976779408103e+00 4.474297490259235133e+01 -3.431792938400613391e+00 2.937507421835567456e+01 -3.431792938400613391e+00 -8.823180375326090896e+00
-7.867027982224519711e+00 -1.102882563481040457e+01 -3.411207451829379345e+00 -1.102882563481040457e+01 -1.880364695958657251e+01 2.161474850491102107e+00 -3.411207451829379345e+00 2.161474850491102107e+00 1.121358429299343484e+01
-1.262064337130283143e+01 -1.479264667651269294e+00 -7.119854968577162602e+00 -1.479264667651269294e+00 -1.693701726829842613e+01 -1.072878055715741752e+01 -7.119854968577162602e+00 -1.072878055715741752e+01 2.465932612075989994e+01
-4.523282888034292881e+01 -6.767506772539191751e+00 2.736757798252797524e+00 -6.767506772539191751e+00 -6.351160095469567501e+00 -5.241560350247595146e+00 2.736757798252797524e+00 -5.241560350247595146e+00 2.626288066420280387e+01
-1.726883628304635465e+01 -2.290431599350035263e+00 5.894206215757241019e+00 -2.290431599350035263e+00 -4.712854516757152723e+00 1.857087571492037270e+01 5.894206215757241019e+00 1.857087571492037270e+01 8.900974394173903903e+00
-3.391640023766141265e+00 9.535736528494673792e+00 1.803734163223686737e+00 9.535736528494673792e+00 3.578794806649773785e-01 -2.620641735159274788e+00 1.803734163223686737e+00 -2.620641735159274788e+00 -2.663170046509854316e+01
1.799105296451087455e+01 7.186134829838166205e+00 -7.680832818931897954e+00 7.186134829838166205e+00 8.333654402975048114e+00 -3.996227100076963801e+00 -7.680832818931897954e+00 -3.996227100076963801e+00 -1.331072632367049913e+01
-6.124160215394852891e+00 1.372203656678264272e+00 -3.620801626355947267e-01 1.372203656678264272e+00 6.434317168582167845e+00 4.521716197462715137e+00 -3.620801626355947267e-01 4.521716197462715137e+00 1.930036055496065472e+01
-2.322965112825360379e+01 -5.814564041717481757e+00 4.970017543193379517e+00 -5.814564041717481757e+00 -4.262942140715743022e+01 2.670873175553797552e+00 4.970017543193379517e+00 2.670873175553797552e+00 -2.755506966618870379e+01
-3.288964404332679692e+01 9.803574084778094999e+00 -3.256594258495141503e+00 9.803574084778094999e+00 1.400295738576167182e-01 -1.002961462966963246e+01 -3.256594258495141503e+00 -1.002961462966963246e+01 2.024944209363280123e+01
-4.873765505890909822e+01 -1.513552587325235788e+00 5.936178990029686631e+00 -1.513552587325235788e+00 -2.487982420210961010e+01 -6.634236912266428199e+00 5.936178990029686631e+00 -6.634236912266428199e+00 4.973857577842562883e+00
-9.512773539637569442e+00 3.167461361819490229e+00 3.021922304111716251e+00 3.167461361819490229e+00 -1.487288657884912935e+00 -8.116714115354525916e+00 3.021922304111716251e+00 -8.116714115354525916e+00 -5.264243230909251281e+01
-8.609991045990192049e+00 -5.100641945522173870e+00 -4.162567348850991222e-01 -5.100641945522173870e+00 -1.587160914530137568e+01 7.251185415555658764e+00 -4.162567348850991222e-01 7.251185415555658764e+00 -6.648045518591288783e+01
1.654663404099576951e+01 -1.957911871936838688e+00 -8.975711405079964678e+00 -1.957911871936838688e+00 3.036789248872822355e+01 -8.977224397681521140e+00 -8.975711405079964678e+00 -8.977224397681521140e+00 -1.678256854456708069e+01
6.539610693769890304e+01 -1.153511290228452602e+01 1.854249032191832569e-01 -1.153511290228452602e+01 6.324123378651825078e+01 -3.735785073852468496e+00 1.854249032191832569e-01 -3.735785073852468496e+00 5.151040163978951369e+01
3.913480332702010855e+01 -8.960231979876777331e+00 2.814324021681548604e+00 -8.960231979876777331e+00 4.338950846286721230e+01 2.446641051329046856e+00 2.814324021681548604e+00 2.446641051329046856e+00 3.576649674864754758e+01
-3.280421667988032652e+01 8.659588568317031942e+00 -3.110603797749734056e+00 8.659588568317031942e+00 -2.559539984965347514e+01 -5.130461839681727199e+00 -3.110603797749734056e+00 -5.130461839681727199e+00 -8.039605680793030729e+00
2.072590810055650223e+01 -2.314506411119570117e+00 1.162967957977040356e+01 -2.314506411119570117e+00 2.124934619094171584e+00 -8.736910910379494410e+00 1.162967957977040356e+01 -8.736910910379494410e+00 -6.488627193896739698e+00
1.280952961644920940e+01 7.357371810471347029e-01 1.130968535198863378e+01 7.357371810471347029e-01 -6.410085065435755958e+00 -1.031247391843133343e+01 1.130968535198863378e+01 -1.031247391843133343e+01 -8.078297280176400363e+00
-3.631100560188016146e+01 -1.221467609565220869e+01 -1.486720466926769291e+00 -1.221467609565220869e+01 -6.456465590274359556e+01 -7.827056665451931572e+00 -1.486720466926769291e+00 -7.827056665451931572e+00 -2.645205388948493663e+01
-7.466340209571622211e+01 2.250472377930248680e+00 -8.194795118555335822e-01 2.250472377930248680e+00 -2.839811403608082330e+01 -5.736273814880844313e+00 -8.194795118555335822e-01 -5.736273814880844313e+00 8.688401540897039865e+00
-4.970439769934413476e+01 1.477506777977975139e+00 1.121331866699852498e+01 1.477506777977975139e+00 -1.557817686435093840e+01 3.039314721012457454e+01 1.121331866699852498e+01 3.039314721012457454e+01 3.095203747565432195e+01
-7.611410867538322123e+01 4.041897013831644792e+00 2.224937325791870979e+00 4.041897013831644792e+00 -4.952272719625464958e+01 -7.087341804205352425e+00 2.224937325791870979e+00 -7.087341804205352425e+00 9.354801575058587559e+00
-4.586916782452309604e+00 3.391712926328146249e+00 1.892416940681102222e+00 3.391712926328146249e+00 -3.315650165059774057e+00 2.357714449427750658e+00 1.892416940681102222e+00 2.357714449427750658e+00 -4.787559944933145317e+01
-4.442104088356892788e+01 -8.307594558816076002e+00 1.526390264933578322e+01 -8.307594558816076002e+00 -7.364258221627034695e-01 -9.041405363255315963e-01 1.526390264933578322e+01 -9.041405363255315963e-01 4.393300491389965856e+01
3.714465424751535494e+01 7.272762728503955110e+00 -1.827096490994883382e+01 7.272762728503955110e+00 2.027107004769197829e+01 -9.254134744196685247e+00 -1.827096490994883382e+01 -9.254134744196685247e+00 2.092306534117315664e+01
-1.320959518479244643e+01 -3.652800361514132454e+00 9.221840039790999199e+00 -3.652800361514132454e+00 1.501309970333847232e+01 -1.374911966826194654e+00 9.221840039790999199e+00 -1.374911966826194654e+00 -6.690059079800396269e+00
-4.778561576366530517e+01 -1.003920440532457370e+01 2.170560099815322386e-01 -1.003920440532457370e+01 -3.849311460394621776e+01 8.842674051709410676e+00 2.170560099815322386e-01 8.842674051709410676e+00 -1.310734424219062433e+01
-2.241701285053787984e+01 1.729871174034159464e+00 -3.342764779985679890e+00 1.729871174034159464e+00 -9.461330598604693165e+00 -9.711586956632100254e+00 -3.342764779985679890e+00 -9.711586956632100254e+00 2.428992181267160078e+01
-2.809687659069367882e+01 -1.014380437859145623e+01 -1.206481642584137148e+01 -1.014380437859145623e+01 -1.297782103731062264e+01 1.227063328427825439e+01 -1.206481642584137148e+01 1.227063328427825439e+01 2.269664920699208466e+01
1.312501437662543857e+01 4.964662435584902944e+00 1.829346577850343181e+01 4.964662435584902944e+00 -1.834502675578005171e+00 5.684707212226669526e+00 1.829346577850343181e+01 5.684707212226669526e+00 1.049925922642654053e+00
-5.430621979347149875e+01 -7.668587316803522569e+00 -1.429360320318089794e+00 -7.668587316803522569e+00 -1.903225190133592903e+01 -5.863089349951162710e+00 -1.429360320318089794e+00 -5.863089349951162710e+00 1.852245012382103084e+01
4.648376237025302338e+00 8.850707617069171196e-01 -5.695360844838908143e+00 8.850707617069171196e-01 9.201204596745341746e+00 -2.083352026173896476e+00 -5.695360844838908143e+00 -2.083352026173896476e+00 1.499230449657741993e+01
-5.772452760824248230e+01 -1.721766494936378011e+00 2.966546570369673841e+00 -1.721766494936378011e+00 -2.314654899953668732e+01 -6.359818926707757614e-01 2.966546570369673841e+00 -6.359818926707757614e-01 1.423420894223934674e+01
-1.490615568573570293e+01 7.215147580282301298e+00 -7.188154199724726690e-01 7.215147580282301298e+00 -2.524558267986961368e+01 -6.075095066714632175e+00 -7.188154199724726690e-01 -6.075095066714632175e+00 -3.039484313838490692e+01
1.716060660213522482e+01 6.357493859165327166e+00 1.059257235732076907e+01 6.357493859165327166e+00 1.995100326338913632e+01 -6.282124820411357113e+00 1.059257235732076907e+01 -6.282124820411357113e+00 -4.130110008117094367e+01
-4.154353256716477460e+01 -2.129420636564723690e+00 7.603397026225925615e+00 -2.129420636564723690e+00 -1.200413551626234465e+01 3.603552544771705612e+00 7.603397026225925615e+00 3.603552544771705612e+00 2.082865903564414367e+01
-5.241424554541627856e+01 9.317055834162641936e-01 4.986555059656200051e+00 9.317055834162641936e-01 -2.082539807982764302e+01 -7.208756311453265120e+00 4.986555059656200051e+00 -7.208756311453265120e+00 7.599951282828726562e+00
-8.891130529540694383e+00 6.251302043617423365e+00 1.234203073153023134e+00 6.251302043617423365e+00 -4.245471110157773786e+00 3.462469653563654770e+00 1.234203073153023134e+00 3.462469653563654770e+00 1.640953233963222502e+01
-1.811844239029685610e+01 -1.485638787182664622e+01 -1.149842599951791122e+01 -1.485638787182664622e+01 -3.687401374329150627e+01 9.974884234639672442e+00 -1.149842599951791122e+01 9.974884234639672442e+00 -6.783378081613919619e+01
-4.828623258376946836e+01 1.485721904836016238e-01 4.114957337609042476e+00 1.485721904836016238e-01 -3.461766421511566705e+01 2.146977520465183176e+01 4.114957337609042476e+00 2.146977520465183176e+01 1.200317572679098177e+01
-4.111603860041708458e+01 1.002167718944957642e+01 2.225174269919975689e+00 1.002167718944957642e+01 -8.004266303753077239e+00 -6.747006674033324991e+00 2.225174269919975689e+00 -6.747006674033324991e+00 1.078810954567367553e+01
4.745606453526833235e+01 1.420290850296145990e+01 -3.423502467006082739e+00 1.420290850296145990e+01 2.682279654815195258e+01 1.759820294694342380e+01 -3.423502467006082739e+00 1.759820294694342380e+01 -2.445392083816712869e+01
2.654795773947477144e+01 -7.029295488120589575e+00 1.870625306509776209e+01 -7.029295488120589575e+00 3.195616226124094794e+01 8.232786057675744118e+00 1.870625306509776209e+01 8.232786057675744118e+00 7.247586448041906770e+00
-2.422412180568640139e+01 -6.069540763276415340e+00 7.747065397692182387e+00 -6.069540763276415340e+00 -1.670731500611053377e+01 -3.409773754617629216e+00 7.747065397692182387e+00 -3.409773754617629216e+00 -1.978874911450485286e+01
2.115821647845093523e+01 5.030452318400103096e+00 -1.234036517917073805e+00 5.030452318400103096e+00 2.372964819207165377e+01 5.255324392115334753e+00 -1.234036517917073805e+00 5.255324392115334753e+00 -5.155135133541485004e+01
4.192423095405765565e+01 -5.738922970950448565e+00 -6.373334620638769488e-02 -5.738922970950448565e+00 3.346643194288203915e+01 -1.724282699492495796e+00 -6.373334620638769488e-02 -1.724282699492495796e+00 -8.519500401533289136e+00
-2.594479184487641987e+01 -4.165774564393269763e+00 -8.259561215725916838e+00 -4.165774564393269763e+00 -2.704755907854653785e+01 -5.236541337074777758e+00 -8.259561215725916838e+00 -5.236541337074777758e+00 -6.107271855703921659e+01
7.968498396770659298e+00 4.518496387854132657e+00 -2.514252766758499735e+00 4.518496387854132657e+00 -7.233430128807516013e+00 1.736592791760646071e+00 -2.514252766758499735e+00 1.736592791760646071e+00 2.932412483262024860e+00
-4.668136372209682605e+01 -4.372906332015939590e+00 1.218173810251304801e+01 -4.372906332015939590e+00 -6.789145584544428402e+00 -1.247028542161359610e+01 1.218173810251304801e+01 -1.247028542161359610e+01 1.643896437809320332e+01
4.053848027546679589e+01 -1.945595014040570225e+00 -1.654130720491238904e+01 -1.945595014040570225e+00 3.644102812882852760e+01 -1.127537387242636058e+01 -1.654130720491238904e+01 -1.127537387242636058e+01 -9.908904793156551705e+00
2.051699388386413148e+01 -6.076850766074538335e+00 -6.816039168543132076e-01 -6.076850766074538335e+00 1.474233666476322924e+01 -1.200093458635277527e-01 -6.816039168543132076e-01 -1.200093458635277527e-01 -1.403594752972785287e+01
1.954958764942744054e+01 7.311537961529774421e+00 6.355628893182363903e+00 7.311537961529774421e+00 1.256713349241536903e+01 -9.004839720015986870e+00 6.355628893182363903e+00 -9.004839720015986870e+00 -3.985470254730142159e+01
-6.488057680642350533e+01 4.391351294849032527e+00 -2.315936569634303499e+00 4.391351294849032527e+00 -4.028496839127682705e+01 -1.635412256463927250e+01 -2.315936569634303499e+00 -1.635412256463927250e+01 -4.537532402891551797e+00
8.349065543239603926e+00 7.439739327424812032e+00 1.286419068749644801e+01 7.439739327424812032e+00 -1.073475296862052453e+01 -1.307875572921719787e+01 1.286419068749644801e+01 -1.307875572921719787e+01 -6.383549194938141369e+01
-6.108936124837747883e+01 -2.091314513221785187e+00 1.219524115177776835e+01 -2.091314513221785187e+00 -4.267456750946936950e+01 6.838620252775041486e+00 1.219524115177776835e+01 6.838620252775041486e+00 -1.799366745935075684e+01
7.431903551057993162e+00 -6.437253753287835778e+00 -4.901621087647264119e+00 -6.437253753287835778e+00 4.706877431237764142e+00 8.105033395300338839e+00 -4.901621087647264119e+00 8.105033395300338839e+00 -4.730564953419513330e+00
3.104726212921466200e+01 1.504603770781856653e+01 -8.880212853794404282e+00 1.504603770781856653e+01 1.951151988233723600e+01 4.509404423428699182e+00 -8.880212853794404282e+00 4.509404423428699182e+00 5.248108217974643885e+00
-6.249443830032310387e+01 -8.872931034924165516e-02 -7.764544008564519650e+00 -8.872931034924165516e-02 -2.898997526136500369e+01 -3.814945687470903568e+00 -7.764544008564519650e+00 -3.814945687470903568e+00 6.462963588537006032e+00
8.554795872406154800e+00 1.589408102633204578e+01 -4.019445258387943198e+00 1.589408102633204578e+01 3.967780936539333503e+00 -5.647560532682610379e+00 -4.019445258387943198e+00 -5.647560532682610379e+00 -1.620214572961041766e+00
6.136925790929446833e+01 -2.064890732276711205e+01 2.550086225036818810e+00 -2.064890732276711205e+01 4.645983109938882905e+01 -3.484641212931033571e+00 2.550086225036818810e+00 -3.484641212931033571e+00 3.691197335292618398e+00
-9.009624005416768000e+00 -1.679314313064087516e-01 -3.155058023581213122e-01 -1.679314313064087516e-01 -1.172215933697052392e+01 1.613155298815808436e+01 -3.155058023581213122e-01 1.613155298815808436e+01 -3.158718572320401563e+01
4.636090072856893585e+01 -1.388184204303395841e+00 9.405191650126994318e+00 -1.388184204303395841e+00 4.233044653457398709e+01 5.190920227753746730e+00 9.405191650126994318e+00 5.190920227753746730e+00 3.292450198397329331e+01
1.811051326089012647e+01 -1.967681133192013121e+01 1.214013002587324053e+01 -1.967681133192013121e+01 -6.139572807958531442e+00 1.474372512141492564e+00 1.214013002587324053e+01 1.474372512141492564e+00 -5.652534615458144174e+00
