8.857161436733370863e+00 -1.341538707343349301e+01 1.312073627545292887e+00 -1.341538707343349301e+01 -3.528183614802719603e+01 1.198169924830691890e+01 1.312073627545292887e+00 1.198169924830691890e+01 7.408415114710246385e+00
-3.715473305809037186e+01 1.786908516971656091e+00 -6.156904831298571246e+00 1.786908516971656091e+00 -3.996880189559917085e+01 4.230063473245011529e+00 -6.156904831298571246e+00 4.230063473245011529e+00 -3.349770294276556371e+01
-1.488783663255205347e+01 -3.929606631190826427e+00 1.687119713120518227e+01 -3.929606631190826427e+00 -3.272704238720184833e+01 -8.737292324839676994e+00 1.687119713120518227e+01 -8.737292324839676994e+00 -2.478664008095691429e+01
2.691557842683562285e+01 -4.710715138394428791e+00 -4.953568069172824551e+00 -4.710715138394428791e+00 -4.404764201630956677e+01 -4.387645187464650043e+00 -4.953568069172824551e+00 -4.387645187464650043e+00 1.711624248289493622e+01
-1.215586244158652107e+01 -1.099719853470624820e+01 3.022271830281687777e+00 -1.099719853470624820e+01 -2.741821257084335883e+01 2.819508289113538790e+00 3.022271830281687777e+00 2.819508289113538790e+00 -4.375468659852165487e+00
-3.113306063750100705e+01 -1.262998448558164899e+00 3.355752967746024940e+00 -1.262998448558164899e+00 -5.747021646784968851e+01 1.390419956528359258e+01 3.355752967746024940e+00 1.390419956528359258e+01 -3.154522124155937135e+01
-8.491607907325054327e+00 -1.172288217357632867e+01 -2.865882124380300766e+00 -1.172288217357632867e+01 -3.117552313913992990e+01 1.283091286802217823e+01 -2.865882124380300766e+00 1.283091286802217823e+01 -3.895667258691509005e+01
-4.042660104714054903e+00 8.076062258493921675e+00 5.947436860833341221e+00 8.076062258493921675e+00 3.229008221603453688e+00 9.309171085984763394e+00 5.947436860833341221e+00 9.309171085984763394e+00 -2.785581796351046080e+01
-2.624105574718409528e+01 -2.803112254584877228e+00 3.034757281376381677e+00 -2.803112254584877228e+00 -1.696339945152979922e+01 -8.913025329720998258e-01 3.034757281376381677e+00 -8.913025329720998258e-01 -3.066851375008087910e+00
-1.020101291064202087e+01 9.560387962897289427e+00 -7.866476961494740294e+00 9.560387962897289427e+00 -2.373366584999559237e+01 -1.060205015984609922e+00 -7.866476961494740294e+00 -1.060205015984609922e+00 -2.702489913871868410e+01
-7.676862823072048592e+00 -2.564744427022129791e+00 7.697966081614108447e+00 -2.564744427022129791e+00 -7.437181547824023653e+01 -8.348182978605633409e+00 7.697966081614108447e+00 -8.348182978605633409e+00 -3.552543978854630069e+01
-5.109741768709200826e+00 3.411657971572309656e+00 6.127622994443248317e+00 3.411657971572309656e+00 -1.257237205111573353e+01 9.419364329057490437e+00 6.127622994443248317e+00 9.419364329057490437e+00 1.314115527469485478e+01
-2.486320001538117808e+01 2.516850968026524971e+00 -1.615225434665469972e+00 2.516850968026524971e+00 -4.659893698256793471e+01 1.061369024926511173e+01 -1.615225434665469972e+00 1.061369024926511173e+01 -2.289341113174030085e+01
-2.191344206662147087e+01 -2.954042602809136664e+00 4.429176101348638817e+00 -2.954042602809136664e+00 -2.161935709845775122e+01 1.054478942882316517e+01 4.429176101348638817e+00 1.054478942882316517e+01 -3.827463891824790920e+01
-6.781547993552204723e+00 -4.971304232976506476e+00 -2.639136735220092511e+00 -4.971304232976506476e+00 -6.476235859868162947e+01 -7.601551444919044442e+00 -2.639136735220092511e+00 -7.601551444919044442e+00 -1.976323647100874714e+00
-4.880976924185920218e+00 6.422929722474946423e+00 1.560060334422019501e+01 6.422929722474946423e+00 -6.127191998578857834e+01 -2.507428206999192888e+00 1.560060334422019501e+01 -2.507428206999192888e+00 -2.521616110702979796e+01
-5.737689929692713520e+00 5.220835848387741507e+00 4.545442577768628034e+00 5.220835848387741507e+00 -1.424221338996672870e+01 1.018731124519693587e+01 4.545442577768628034e+00 1.018731124519693587e+01 -3.775458133906941072e+01
1.438566716526094424e+01 8.539105376945045622e-02 5.852794253458205864e-02 8.539105376945045622e-02 -3.543244371879141141e+01 -2.808748005896113398e+00 5.852794253458205864e-02 -2.808748005896113398e+00 2.136034701979999184e+01
2.131107064737461698e+00 -1.302483428526099907e+01 -3.110502580238328374e+00 -1.302483428526099907e+01 -1.310495415829124077e+01 2.866494319729131046e+00 -3.110502580238328374e+00 2.866494319729131046e+00 -8.939407563809140811e+00
9.656822079206207832e+00 -5.191606353466343693e-01 -3.142326519018435071e+00 -5.191606353466343693e-01 -2.502302685003306948e+01 8.314545684902940437e+00 -3.142326519018435071e+00 8.314545684902940437e+00 -1.510577419954810541e+00
-2.915378365377802705e+00 8.480345324556408215e+00 -1.035973156606109313e+01 8.480345324556408215e+00 -5.807503590916397940e+01 2.031664215152881869e+00 -1.035973156606109313e+01 2.031664215152881869e+00 -3.401893870656122942e+01
7.329810909795631879e+00 -7.203181442657529132e+00 -2.768092490849449749e+00 -7.203181442657529132e+00 7.755448087537594404e+00 7.370583455858836786e-01 -2.768092490849449749e+00 7.370583455858836786e-01 2.474989816431331757e+00
-2.469335455532099388e+01 -7.435509989741200254e-01 1.147088936415657345e+00 -7.435509989741200254e-01 -4.662625834771579747e+01 1.291893153788415072e+00 1.147088936415657345e+00 1.291893153788415072e+00 -1.724844071729862449e+01
-9.034120885386458966e+00 4.482469758820714745e+00 7.430731537100905726e+00 4.482469758820714745e+00 -3.285072690016190933e+01 8.456853406989410793e-01 7.430731537100905726e+00 8.456853406989410793e-01 -1.215652238728352685e+01
2.905593635312206757e+01 -8.617694715139156969e-01 9.276172541469298594e-01 -8.617694715139156969e-01 2.818070957562492040e+01 1.692140793016235545e+00 9.276172541469298594e-01 1.692140793016235545e+00 2.340635051570950864e+01
1.089089373893854606e+01 1.178123910935421126e+00 6.130400559959979567e+00 1.178123910935421126e+00 -3.227321487047072424e+01 -6.904283314066639754e+00 6.130400559959979567e+00 -6.904283314066639754e+00 1.427579965043476662e+01
-1.074827629825697350e+00 1.396230244946748122e+01 1.868789354210569131e+00 1.396230244946748122e+01 -2.097046401972371399e+01 2.504468716833926578e+00 1.868789354210569131e+00 2.504468716833926578e+00 1.457452536797921461e+01
2.487486794559437797e+01 -6.045323287642482057e+00 1.150201946864291558e-01 -6.045323287642482057e+00 2.339471760715556570e-01 1.383297045204198028e+01 1.150201946864291558e-01 1.383297045204198028e+01 2.546572652091318645e+01
1.011213259687768584e+01 3.003016628258290410e+00 5.036923404696666218e+00 3.003016628258290410e+00 1.146464139280968020e+00 7.299113469621792305e+00 5.036923404696666218e+00 7.299113469621792305e+00 1.160602484737845863e+01
7.076704459107997280e+00 2.657734588000532638e-01 7.961644348158992024e+00 2.657734588000532638e-01 -2.655353233745472963e+01 2.728351589368624985e+00 7.961644348158992024e+00 2.728351589368624985e+00 -1.072358556596740975e+01
2.060447324064181629e+01 3.111675422428540894e-01 -4.917083213449480183e-01 3.111675422428540894e-01 3.214893891517444757e+01 9.591295850932773703e+00 -4.917083213449480183e-01 9.591295850932773703e+00 1.642282331466936185e+01
2.740118333636527126e+01 3.965483703446740726e+00 3.783523705003854598e+00 3.965483703446740726e+00 2.770740199559730144e+01 1.885138299393771311e+00 3.783523705003854598e+00 1.885138299393771311e+00 2.998760708108786943e+01
4.544613608699066987e+01 -1.356418336889937493e+01 1.152185402169993367e+01 -1.356418336889937493e+01 -2.132800037658869741e+01 -1.352826587852627505e+01 1.152185402169993367e+01 -1.352826587852627505e+01 3.120781116089394303e+01
1.499077495996654630e+00 -4.433858489681944542e-02 -1.085968224752704492e+00 -4.433858489681944542e-02 -2.655988863488439833e+01 -3.178618589794833249e-01 -1.085968224752704492e+00 -3.178618589794833249e-01 -7.309795716484496886e+00
-2.527142654138440747e+01 5.474485244823579233e-01 6.228277601971981881e+00 5.474485244823579233e-01 -3.493385251363312349e+00 3.096841373752048820e+00 6.228277601971981881e+00 3.096841373752048820e+00 -3.271197863868366085e+01
1.868849692414909214e+01 -6.459903847076870598e+00 -1.766844765400894746e+00 -6.459903847076870598e+00 -7.265179600000071503e+01 1.686644644441811058e+00 -1.766844765400894746e+00 1.686644644441811058e+00 -3.256082439559658148e+00
-1.957229172811194218e+01 2.023217950947906729e+01 -1.544948846283745292e+00 2.023217950947906729e+01 -4.527722003225758129e+01 1.366590801857391213e+01 -1.544948846283745292e+00 1.366590801857391213e+01 -1.193705075851421249e+01
1.102343165970654404e+01 -9.738729456891935143e+00 -1.375151201782310650e+00 -9.738729456891935143e+00 -2.878967904168493064e+01 2.616841844533086991e+00 -1.375151201782310650e+00 2.616841844533086991e+00 1.689927402066523499e+01
-1.522259542480299821e+01 1.932920457585954566e+01 6.696591636732734720e+00 1.932920457585954566e+01 5.948400938608150668e+00 -3.003923006020811748e+00 6.696591636732734720e+00 -3.003923006020811748e+00 -3.889566887319282529e+01
1.262665973131249686e+01 2.032415982357995432e+01 8.445760504089824039e+00 2.032415982357995432e+01 -1.254808384644679542e+01 7.033568808160994834e+00 8.445760504089824039e+00 7.033568808160994834e+00 -5.425696263388640750e-01
1.831911881072309400e+00 7.739788968498944932e+00 -1.558800488128680106e+00 7.739788968498944932e+00 -5.526190288906437331e+01 -3.837136178386288954e+00 -1.558800488128680106e+00 -3.837136178386288954e+00 -7.529246477657211223e+00
7.107831980744968803e+00 1.010050401005974319e+00 -6.635209918345314151e+00 1.010050401005974319e+00 -2.155847394404431938e+01 7.084412759138620785e+00 -6.635209918345314151e+00 7.084412759138620785e+00 2.349832637675326907e+01
-1.005023302729098411e+01 1.006055349650373998e+01 1.085075093169936977e+01 1.006055349650373998e+01 -6.782033958775701699e+00 9.220297097782083284e+00 1.085075093169936977e+01 9.220297097782083284e+00 -2.644426591744993260e+01
5.544598790278949707e+01 -1.027918744584871291e+01 1.410515792979742500e+01 -1.027918744584871291e+01 7.530006522186320161e+00 -5.186130095622420555e+00 1.410515792979742500e+01 -5.186130095622420555e+00 5.257910059229978827e+01
3.854630504822781578e+00 -5.453521507534608403e+00 5.082738235562005435e+00 -5.453521507534608403e+00 -1.654919454366345910e+00 2.413113535434675327e+00 5.082738235562005435e+00 2.413113535434675327e+00 4.709185958625762503e+00
-2.516829434957040945e+01 7.457085785933921684e+00 1.282182165063021628e+01 7.457085785933921684e+00 -1.175822071244357403e+01 7.147728731423635296e+00 1.282182165063021628e+01 7.147728731423635296e+00 -1.122864399271102975e+01
2.843053721740738027e+01 7.163767148097579529e+00 9.448610197536380539e+00 7.163767148097579529e+00 -1.644412672249658058e+01 -8.309201870385535260e-01 9.448610197536380539e+00 -8.309201870385535260e-01 2.165898795281682254e+01
-2.237062449947913478e+00 3.929914861196013298e+00 -8.528585378850199739e-01 3.929914861196013298e+00 -6.352383654271906011e+01 9.790423498561956706e+00 -8.528585378850199739e-01 9.790423498561956706e+00 6.170014288236699840e-03
-1.131749119289933070e+01 -3.996915305990298983e-01 -6.147783323572107328e+00 -3.996915305990298983e-01 -4.240972104895391936e+01 6.961749249907814630e+00 -6.147783323572107328e+00 6.961749249907814630e+00 -1.194295565757871813e+01
3.067284684687342988e+01 -7.081034918782292742e+00 -2.004093642972417211e+00 -7.081034918782292742e+00 1.798952069704975543e+01 -2.129004955491585971e+00 -2.004093642972417211e+00 -2.129004955491585971e+00 2.641823255608738918e+01
-2.918680998675640481e+01 6.359574058482732717e+00 3.242337944292241314e+00 6.359574058482732717e+00 -5.634038313116310803e+01 4.945919046552136322e+00 3.242337944292241314e+00 4.945919046552136322e+00 -3.156791770754692905e+01
2.300988162988868879e+01 -1.333142761617668315e+00 7.059591313187468797e-02 -1.333142761617668315e+00 -1.231104570450784230e+01 -9.272841834823099205e+00 7.059591313187468797e-02 -9.272841834823099205e+00 4.239916839699990447e+00
-1.276154181079065530e+01 -6.083868778221598106e+00 -2.414274181289397703e+01 -6.083868778221598106e+00 -2.771764299782870111e+01 1.344709937959762236e+01 -2.414274181289397703e+01 1.344709937959762236e+01 3.053550883687140782e+00
-5.554335031340837503e+00 -2.763827663898770215e-01 4.627725991242200188e+00 -2.763827663898770215e-01 -2.193620283641885749e+01 1.042217138303202617e+01 4.627725991242200188e+00 1.042217138303202617e+01 -4.087125622476832199e+00
3.230561407742372637e+01 -6.483561903706267948e+00 9.531492318018399690e-01 -6.483561903706267948e+00 2.905829128787822668e+01 3.129779608925566059e+00 9.531492318018399690e-01 3.129779608925566059e+00 2.814586251564202257e+01
-5.959155904690339511e+00 2.120167477676578471e+01 -7.069885683785095409e+00 2.120167477676578471e+01 -3.927604357075772867e+01 1.050236073817844229e+01 -7.069885683785095409e+00 1.050236073817844229e+01 -1.764196077340178448e+01
-1.511962571968439306e+01 -1.032140207612110494e+01 6.528970019416393988e+00 -1.032140207612110494e+01 -4.632029264760185505e+00 9.002678669370638431e+00 6.528970019416393988e+00 9.002678669370638431e+00 2.500022997936755331e+01
3.267684772292723139e+00 -1.048365910948666624e+01 -1.503125519281659628e+01 -1.048365910948666624e+01 -2.372548828457500036e+01 -8.491802618691437488e+00 -1.503125519281659628e+01 -8.491802618691437488e+00 1.961600266438158258e+01
4.326586641013676626e+00 -6.581592406184467947e+00 1.237391646787188293e+01 -6.581592406184467947e+00 -6.264353987934338619e+01 -3.648332513694708013e+00 1.237391646787188293e+01 -3.648332513694708013e+00 -3.343995806546129756e+01
1.807543309144105237e+01 -2.004031685465695212e+00 1.343387120398902290e+01 -2.004031685465695212e+00 -1.623007261027407466e+01 2.618088827407381913e+00 1.343387120398902290e+01 2.618088827407381913e+00 2.286836694492561506e+01
-2.212473735062796010e+01 3.095363367380159492e+00 -7.037220959253677854e+00 3.095363367380159492e+00 -3.487559211259507919e+01 1.019656940914549637e+01 -7.037220959253677854e+00 1.019656940914549637e+01 -3.030790615635454799e+01
6.917044724222463969e+00 1.334576724043539819e+01 -2.684453312475680864e+00 1.334576724043539819e+01 -2.131189285050449911e+00 1.696258484421662716e-01 -2.684453312475680864e+00 1.696258484421662716e-01 6.265953173871322335e+00
-8.566141199540121320e+00 -7.251276318431615353e-01 3.388695961271538382e-01 -7.251276318431615353e-01 3.422476746511146928e+01 -6.899441892391035225e+00 3.388695961271538382e-01 -6.899441892391035225e+00 -3.290826302055430119e+01
-2.803427359665049678e+01 5.052427223422404801e+00 -5.626490808301932489e+00 5.052427223422404801e+00 -3.714402825056689039e+01 7.251781194997808377e-01 -5.626490808301932489e+00 7.251781194997808377e-01 -5.709631804025618607e+01
5.968547826099126041e+00 7.138254703325237038e+00 6.364336979419945806e+00 7.138254703325237038e+00 -5.157100487510357567e+01 1.221263299325473284e+01 6.364336979419945806e+00 1.221263299325473284e+01 1.100395925662066965e+01
-1.459051710893023390e+01 5.578201034527828561e+00 -2.737019175400619009e+00 5.578201034527828561e+00 -2.140069748700122787e+01 1.872202767988035976e-01 -2.737019175400619009e+00 1.872202767988035976e-01 6.338355313877849007e+00
1.999135325890397397e+01 8.471315103220675269e+00 1.217644816156517606e+01 8.471315103220675269e+00 -9.308049862572834954e+00 4.916894474227254008e+00 1.217644816156517606e+01 4.916894474227254008e+00 1.358275801263294369e+01
-2.307351366536231296e+00 -4.289270495603926925e+00 2.510816659065265188e+00 -4.289270495603926925e+00 -6.628798514583805002e+01 -9.184360193279781370e+00 2.510816659065265188e+00 -9.184360193279781370e+00 -2.006210490257486967e+01
3.833971163812555982e+00 7.037702606769294711e+00 -1.714332860479633958e+00 7.037702606769294711e+00 -4.023995799018609887e+01 -7.050983144111282463e+00 -1.714332860479633958e+00 -7.050983144111282463e+00 1.621172662188960167e+00
1.673148707992406869e+01 -2.521118318833242000e+00 -1.832917326792828261e+00 -2.521118318833242000e+00 1.784841698402057375e+01 1.225772401559453773e+00 -1.832917326792828261e+00 1.225772401559453773e+00 1.680502241151249621e+01
1.946184669410298085e+01 5.722286884906438331e+00 -3.322530304830248582e+00 5.722286884906438331e+00 -1.479164589088828308e+01 -5.533229580621136456e+00 -3.322530304830248582e+00 -5.533229580621136456e+00 1.682332541505037682e+01
2.679218693428406439e+01 6.555375444264552875e+00 -4.392717242260422594e+00 6.555375444264552875e+00 -4.448884607470555608e+01 -8.065324560539083976e+00 -4.392717242260422594e+00 -8.065324560539083976e+00 2.475928204272745603e+01
-7.194573765782389607e+00 3.100306729343000889e+00 1.361571645495107119e-01 3.100306729343000889e+00 -5.020345294633752786e+01 -9.744876071143817597e-01 1.361571645495107119e-01 -9.744876071143817597e-01 -7.744859983938098269e-01
-2.302955624261748824e+00 -4.751897242129935250e+00 -6.783971189844948846e+00 -4.751897242129935250e+00 -5.267372633965724305e+01 -5.271950198419372846e+00 -6.783971189844948846e+00 -5.271950198419372846e+00 -1.325882943995102359e+01
5.012693390767994828e+01 2.277049949809740070e+00 2.468731704770586788e+00 2.277049949809740070e+00 -1.502884032248644708e+01 1.129933020054091841e+01 2.468731704770586788e+00 1.129933020054091841e+01 2.769770573678251324e+01
-2.240330169039602026e+01 -6.161328987205719088e+00 5.268323617320048946e+00 -6.161328987205719088e+00 -4.681960484226593167e+01 1.602109200670289724e+01 5.268323617320048946e+00 1.602109200670289724e+01 -1.509348506033000525e+01
-3.001598402185902614e+01 1.173949275227334388e+00 2.311360726689851930e+00 1.173949275227334388e+00 -1.599116940529543740e+01 2.250624954299054625e+00 2.311360726689851930e+00 2.250624954299054625e+00 2.863469464180765200e+00
6.799180521114685405e+00 3.141685989673509649e+00 4.786490844326132255e+00 3.141685989673509649e+00 -1.645951188658331787e+01 -2.664680192786422097e+00 4.786490844326132255e+00 -2.664680192786422097e+00 1.577820528781648024e+00
6.400544845051088672e+00 -1.243672835980234836e+01 -8.192977184858120765e+00 -1.243672835980234836e+01 -2.867894667235585970e+01 1.822443253277788600e+01 -8.192977184858120765e+00 1.822443253277788600e+01 -3.946214759250258997e+00
5.860591954817797600e-01 7.247331265562058089e-01 -2.424123949715073323e+01 7.247331265562058089e-01 -4.711727854185684095e+01 -1.920661625544823892e+01 -2.424123949715073323e+01 -1.920661625544823892e+01 1.488128429946479159e+01
1.570598164989547074e+00 6.058972959829946880e+00 9.294422746760119258e-01 6.058972959829946880e+00 -1.235849695328298381e+01 7.798761198006626927e+00 9.294422746760119258e-01 7.798761198006626927e+00 1.326305487676219697e+00
-1.513090234520038990e+01 -3.189718088383747929e+00 -2.817140967271362317e+00 -3.189718088383747929e+00 -4.130685029487150928e+01 -9.962324307015206770e+00 -2.817140967271362317e+00 -9.962324307015206770e+00 1.590080170199030363e+00
3.502943775316450115e+01 2.025117378503001664e+00 -2.905247286603462431e+00 2.025117378503001664e+00 -2.636231344647828223e+01 7.227686289992479196e+00 -2.905247286603462431e+00 7.227686289992479196e+00 7.257215266085448313e-01
-5.111284179906459002e-01 6.166313150933608878e-01 1.500082068917411071e+01 6.166313150933608878e-01 -5.346149704664431113e+01 1.315762980718280017e+00 1.500082068917411071e+01 1.315762980718280017e+00 -4.424707229160402377e+00
-1.531670296969616629e+01 5.671921140132265560e-01 2.707012075930642858e+00 5.671921140132265560e-01 -1.412990554717404734e+01 7.912463760499512055e+00 2.707012075930642858e+00 7.912463760499512055e+00 -3.491571401311988065e+00
-2.792764163829589563e+01 -8.200183572732479220e+00 2.816807735505583832e+00 -8.200183572732479220e+00 -4.234355286592955281e+01 -1.863592579587048492e+00 2.816807735505583832e+00 -1.863592579587048492e+00 -3.014276624042648578e+01
1.820059209240945108e+01 1.527139887574059163e+00 1.287905746855221301e+00 1.527139887574059163e+00 1.778734336387297432e+01 -2.120584360325059148e+00 1.287905746855221301e+00 -2.120584360325059148e+00 2.550773466787747168e+01
5.103868088626292154e-01 1.000915825806608694e+01 -1.350904976146557601e+01 1.000915825806608694e+01 -2.210205854549597060e+00 5.541396189477991285e+00 -1.350904976146557601e+01 5.541396189477991285e+00 -1.119864013582444251e+01
-3.160594428430122704e+01 -6.393305086291456441e+00 1.979172315210481869e+01 -6.393305086291456441e+00 -7.316676774210920087e+01 1.094355299959423600e-01 1.979172315210481869e+01 1.094355299959423600e-01 -1.463450557900449134e+01
7.140932282043028767e-01 -1.252024340578944717e+01 2.234901633103473229e-01 -1.252024340578944717e+01 -4.645150285888941966e+01 2.775035805171763847e+00 2.234901633103473229e-01 2.775035805171763847e+00 -2.197654470517868219e+00
-1.502360796257752362e+01 1.482392635593545949e+00 9.121446826053874801e+00 1.482392635593545949e+00 -5.021220952654828373e+00 4.554653722651964110e+00 9.121446826053874801e+00 4.554653722651964110e+00 -3.245510077807850990e+01
-2.785958320802949473e+00 1.064884671467202715e+01 2.842005399846335933e+00 1.064884671467202715e+01 -3.337327604865472352e+01 4.463375354097059322e+00 2.842005399846335933e+00 4.463375354097059322e+00 1.084273646581522499e+01
-1.044619324295226903e+01 -1.266558739102343445e+01 2.688518525561916661e+01 -1.266558739102343445e+01 -4.407382846153183920e+01 -6.985028195234425752e+00 2.688518525561916661e+01 -6.985028195234425752e+00 5.959681793924269666e-01
2.734616775802103916e+01 -6.151610271733128243e+00 1.488983257688861084e+00 -6.151610271733128243e+00 -3.299241632433948723e+01 -3.796124457972741340e+00 1.488983257688861084e+00 -3.796124457972741340e+00 1.702914830394714585e+01
-1.527923264534541481e+01 -4.935522203269872676e+00 2.094646884765572370e+00 -4.935522203269872676e+00 -4.970372025984447362e+01 1.100762294835205601e+01 2.094646884765572370e+00 1.100762294835205601e+01 -1.976391106325585412e+01
-8.001792924798648343e+00 1.122461319892914311e+01 -6.463626563742942643e+00 1.122461319892914311e+01 -4.789381224442432483e+01 -1.094803114603877781e+01 -6.463626563742942643e+00 -1.094803114603877781e+01 -2.716000569353085226e+01
-3.630248163339113177e+01 4.602775958783025700e+00 4.942852972270390666e+00 4.602775958783025700e+00 -2.351813832488560507e+01 -1.922660782966387316e+01 4.942852972270390666e+00 -1.922660782966387316e+01 -5.223260049483842948e+01
-9.824517131941536974e+00 -2.616337310727292476e+00 -4.394396042812339864e+00 -2.616337310727292476e+00 1.474311277209896964e+01 1.386625535755865535e+01 -4.394396042812339864e+00 1.386625535755865535e+01 -4.707211944784714319e+01
1.141123269871929136e+00 6.251055248402066944e+00 8.184205823549360659e+00 6.251055248402066944e+00 -2.241136406821679117e+01 7.134221723173028273e+00 8.184205823549360659e+00 7.134221723173028273e+00 3.908308048914346244e+01
4.517309158890637377e+01 -7.324234054904578350e+00 -8.143543030200517396e-01 -7.324234054904578350e+00 -4.256261398893740555e+00 1.910305971670505754e+00 -8.143543030200517396e-01 1.910305971670505754e+00 4.809933058951000362e+01
