2.020260886801814593e+01 -9.278209740921919746e+00 -6.468713553435981645e+00 -9.278209740921919746e+00 1.687517057849838764e+01 -6.105733969921304016e+00 -6.468713553435981645e+00 -6.105733969921304016e+00 1.847515447687863954e+01
1.292911377031615672e+01 -6.018131293565208928e+00 4.053745761612872478e+00 -6.018131293565208928e+00 1.180127627675589075e+01 2.654462041565273100e+00 4.053745761612872478e+00 2.654462041565273100e+00 1.146637473903978233e+01
-2.308954105963126935e+01 1.231654741001646736e+00 6.316720092169393341e-01 1.231654741001646736e+00 -1.472388953913541698e+01 2.376315922879719267e+00 6.316720092169393341e-01 2.376315922879719267e+00 -1.392156648861112345e+01
-4.406826680527824891e+00 6.021583743262608479e+00 -2.677695059972683644e+00 6.021583743262608479e+00 -7.820289791540211866e+00 3.979255633430075267e+00 -2.677695059972683644e+00 3.979255633430075267e+00 -1.684413072017111546e+01
-1.404533876621042765e+01 2.779864909578380949e+00 -4.075968406115172193e+00 2.779864909578380949e+00 -1.745171245688437978e+01 -7.587416316689951090e-01 -4.075968406115172193e+00 -7.587416316689951090e-01 -2.886648214164685200e+01
-3.242188679199647083e+01 2.387935270485323169e+00 -8.906920757470437877e+00 2.387935270485323169e+00 -2.692902691272772131e+01 1.102479826967079468e+01 -8.906920757470437877e+00 1.102479826967079468e+01 -3.705848991103383838e+01
1.348722750382668245e+01 3.609794212308151007e+00 -9.247151550634816752e-01 3.609794212308151007e+00 1.651726630193345358e+01 -3.667030701979588247e+00 -9.247151550634816752e-01 -3.667030701979588247e+00 2.690599266876656515e+01
4.404050553787248745e+00 2.106029293228218080e+00 2.308817974161000208e+00 2.106029293228218080e+00 1.835897549636784376e+01 3.485003154130236203e-01 2.308817974161000208e+00 3.485003154130236203e-01 1.498917564555541659e+01
2.132209005801566093e+01 -5.930821407227518938e-01 1.663208028536701688e+00 -5.930821407227518938e-01 1.196006709929790190e+01 3.411836097027701520e+00 1.663208028536701688e+00 3.411836097027701520e+00 1.068811372038062224e+01
-2.988244957874909957e+01 6.753917342724292894e+00 5.422819042747876850e+00 6.753917342724292894e+00 -2.058504215818821592e+01 -1.789162636063970746e+00 5.422819042747876850e+00 -1.789162636063970746e+00 -1.596568366076560253e+01
-2.709069305819315687e+01 -3.138064323632093089e+00 -3.151373777602012538e+00 -3.138064323632093089e+00 -2.807877922918185476e+01 -3.611504539203966413e+00 -3.151373777602012538e+00 -3.611504539203966413e+00 -3.026862393512524108e+01
3.098795543861141422e+00 -1.037699531922027063e+01 1.540870552562317586e-01 -1.037699531922027063e+01 -9.164379103424690198e-01 -4.633963392676004212e+00 1.540870552562317586e-01 -4.633963392676004212e+00 4.522036090771544892e+00
-2.856335610856680063e+01 5.035282785589699550e+00 1.144768647204009149e+01 5.035282785589699550e+00 -4.376775744057628970e+01 -1.132222851342397085e+01 1.144768647204009149e+01 -1.132222851342397085e+01 -3.834980956412002939e+01
-1.168622935462941470e+01 -6.975459097545892995e+00 2.309651086446754265e-01 -6.975459097545892995e+00 -1.550970045660475094e+01 -2.343398383637827820e+00 2.309651086446754265e-01 -2.343398383637827820e+00 -1.074390728388243410e+01
-1.982990060543783528e+01 4.401671097260442700e+00 -5.368984174171911761e+00 4.401671097260442700e+00 -1.140882930140610974e+01 8.397394269717695536e+00 -5.368984174171911761e+00 8.397394269717695536e+00 -1.643993353017820525e+01
-1.523273749866507742e+01 3.108371965504868939e+00 5.392729092358766074e+00 3.108371965504868939e+00 -1.742626937694628353e+01 -1.686753620491851846e+00 5.392729092358766074e+00 -1.686753620491851846e+00 -2.266629159270413041e+01
-2.151224827936288619e+01 -6.689622964463480814e-01 -5.618777162156453286e+00 -6.689622964463480814e-01 -1.323521950660793678e+01 -8.483076504417711439e-01 -5.618777162156453286e+00 -8.483076504417711439e-01 -9.371021678648961739e+00
-1.073520576518532010e+01 -3.079400621084790401e+00 -1.610090564739416363e+00 -3.079400621084790401e+00 -1.838577246822930888e+01 -1.244595467022653246e+01 -1.610090564739416363e+00 -1.244595467022653246e+01 -1.535898461775599877e+01
-7.548470544079574296e+00 -1.743902544652848885e+00 2.384439855892688698e+00 -1.743902544652848885e+00 -1.152040307550570120e+01 4.472453854303087617e+00 2.384439855892688698e+00 4.472453854303087617e+00 -1.031547371496096765e+01
8.488861285976676996e+00 -7.689850571770267429e+00 -5.680918702299242007e+00 -7.689850571770267429e+00 1.111874949975134896e+01 7.743315313420570334e+00 -5.680918702299242007e+00 7.743315313420570334e+00 4.253973533211452995e+00
2.153075770704555580e+01 6.577747407267605873e+00 6.079359864726671780e+00 6.577747407267605873e+00 2.293358146203591019e+01 -4.328086659144891879e-01 6.079359864726671780e+00 -4.328086659144891879e-01 2.671873356227451168e+01
1.510139248725498895e+01 -3.179723639572031413e+00 4.126819457653888579e-01 -3.179723639572031413e+00 1.202116594681331385e+01 -8.953954082826925287e+00 4.126819457653888579e-01 -8.953954082826925287e+00 2.281246885500371135e+00
1.157514252994310588e+01 -7.401514920531102604e-01 -3.598443356383736191e-02 -7.401514920531102604e-01 3.083452000674660187e-01 6.994110594152124882e+00 -3.598443356383736191e-02 6.994110594152124882e+00 -1.299346272460548946e+01
-3.937900794524928472e+01 -4.732051715392479707e+00 -8.322121249150479017e+00 -4.732051715392479707e+00 -3.765256235727392209e+01 -6.648396441592862693e+00 -8.322121249150479017e+00 -6.648396441592862693e+00 -3.491123479100892268e+01
7.954507712423229959e-01 -1.714285886126603264e+00 3.707547079070861451e-01 -1.714285886126603264e+00 1.175534176524431729e+01 -4.439618954820151231e+00 3.707547079070861451e-01 -4.439618954820151231e+00 1.243692685789579677e+01
3.901399372343515193e+00 -4.834747260059082841e+00 -4.146337487280135292e+00 -4.834747260059082841e+00 2.567377435769291782e+00 2.359296049503242010e+00 -4.146337487280135292e+00 2.359296049503242010e+00 -5.692841715697971594e-01
-3.283286709240444168e+01 4.230017512507113331e+00 9.675211454700885838e+00 4.230017512507113331e+00 -3.387814432768342243e+01 1.277830913243301003e+00 9.675211454700885838e+00 1.277830913243301003e+00 -2.768833348361395963e+01
-2.579702252008335606e+01 6.395875308371784307e+00 -1.810172964224786130e+00 6.395875308371784307e+00 -9.740300094226586936e+00 3.397720941214937174e+00 -1.810172964224786130e+00 3.397720941214937174e+00 -6.104254576374164465e+00
-1.513080214357498177e+00 3.807728433846043981e+00 4.187412240329645208e+00 3.807728433846043981e+00 -5.729200925867720784e+00 -2.837371100620722064e+00 4.187412240329645208e+00 -2.837371100620722064e+00 -4.207638194144861288e+00
9.336740849273024168e+00 3.340662371477612247e+00 1.243632554602088192e+01 3.340662371477612247e+00 9.880697890771305225e+00 -7.325022564795086844e+00 1.243632554602088192e+01 -7.325022564795086844e+00 1.542379550381179243e+00
-2.030965913012370283e+00 3.865878139644253420e+00 2.747685867387839931e+00 3.865878139644253420e+00 -1.467944863940399358e+00 -8.549948087778659556e+00 2.747685867387839931e+00 -8.549948087778659556e+00 -1.281512527473062946e+01
2.727874063998699583e+01 1.089667868765129910e+01 -3.602083171188362076e+00 1.089667868765129910e+01 2.363102481655984732e+01 -3.285096106259632887e+00 -3.602083171188362076e+00 -3.285096106259632887e+00 3.634133052445605472e+01
-1.397586094736516849e+01 8.997695019392982774e-01 3.277677976932132697e+00 8.997695019392982774e-01 -2.323100644045427643e+01 3.082740931642767634e+00 3.277677976932132697e+00 3.082740931642767634e+00 -2.628633543939988826e+01
-1.276142290325650919e+01 -6.505479161284929646e+00 -8.541843443739589148e+00 -6.505479161284929646e+00 -3.595437139990155373e+01 4.401153094862521264e+00 -8.541843443739589148e+00 4.401153094862521264e+00 -4.711619962746727452e+01
-6.336121388188891146e+00 4.124129620101287585e+00 -1.278579916722645704e+00 4.124129620101287585e+00 -6.645271209289327352e+00 1.675905326755338542e+00 -1.278579916722645704e+00 1.675905326755338542e+00 -9.651886695678389971e-01
1.835838603068907204e+01 -6.240842580086320979e+00 1.112179373652220882e+01 -6.240842580086320979e+00 -9.237653414796731965e+00 -1.074564875101916606e+01 1.112179373652220882e+01 -1.074564875101916606e+01 -2.505725837812927637e+01
-4.934351324207815992e+01 -4.473289231602450400e+00 5.286307130981551250e-01 -4.473289231602450400e+00 -4.583749572270799888e+01 -3.769187850622647940e+00 5.286307130981551250e-01 -3.769187850622647940e+00 -4.552390860783542337e+01
-1.694851254121401851e+01 -3.539867504550010313e+00 -9.955061740815129845e-01 -3.539867504550010313e+00 -1.942509223651171624e+01 -3.669498382844709194e+00 -9.955061740815129845e-01 -3.669498382844709194e+00 -2.342595104314123944e+01
6.739723480587905158e+00 2.626306283222201277e+00 -4.104226401297582427e+00 2.626306283222201277e+00 -5.377217354672704452e+00 2.954830562542074990e+00 -4.104226401297582427e+00 2.954830562542074990e+00 -7.988558338653811042e+00
1.509087078919483460e+01 9.414860128322516397e-01 -5.904865788022570783e+00 9.414860128322516397e-01 1.983509722101759110e+01 -8.233056936739105325e+00 -5.904865788022570783e+00 -8.233056936739105325e+00 7.910616494007455479e+00
-3.979576123078880201e+00 -7.092068391941707128e-01 -2.935005627202871836e-01 -7.092068391941707128e-01 4.582953992246886488e-01 -1.010625225314253806e+00 -2.935005627202871836e-01 -1.010625225314253806e+00 3.215691096859994436e-01
2.837114136249214713e+00 -7.530916292213738483e-01 9.546253530709394752e+00 -7.530916292213738483e-01 9.637845951497045149e+00 -3.428002862090737679e+00 9.546253530709394752e+00 -3.428002862090737679e+00 -4.475972146485131731e+01
-3.563691390403165826e+01 1.640726596008613147e-01 -3.411734229440380517e+00 1.640726596008613147e-01 -1.943272711203403347e+01 -6.013941470332321293e-01 -3.411734229440380517e+00 -6.013941470332321293e-01 -3.068974611910402928e+01
-1.286667967122567546e+01 -1.000129808530401343e+00 2.423659697435788019e+00 -1.000129808530401343e+00 -2.112348428407249656e+01 1.451625153117263034e+00 2.423659697435788019e+00 1.451625153117263034e+00 -1.658796414661881613e+01
1.708772111227039048e+01 -3.979448731842704312e+00 -2.005195327465756794e+00 -3.979448731842704312e+00 1.351848007626530546e+01 -2.917012156130206257e+00 -2.005195327465756794e+00 -2.917012156130206257e+00 5.710928090835859727e+00
-1.636015586048612969e+00 -1.927156259516376924e+00 7.728234626076382341e-01 -1.927156259516376924e+00 -1.256885457006174711e+00 -3.472350655777556305e+00 7.728234626076382341e-01 -3.472350655777556305e+00 -8.124362016894680849e+00
-3.595426039876222291e+01 9.019218653283415321e+00 -2.663266072047672850e+00 9.019218653283415321e+00 -3.826536850999413986e+01 3.594171265292338990e+00 -2.663266072047672850e+00 3.594171265292338990e+00 -2.826402207013403256e+01
-3.381132808450793004e+00 3.836081158841177174e+00 -4.621277035318983373e+00 3.836081158841177174e+00 -5.072372022181121931e-01 -1.205593080170481501e+00 -4.621277035318983373e+00 -1.205593080170481501e+00 -6.005144246129570540e+00
6.406495517067740952e-02 3.416295777126227673e+00 2.564490249009018452e+00 3.416295777126227673e+00 -4.629223664489097168e+00 1.630791167526603136e+00 2.564490249009018452e+00 1.630791167526603136e+00 -5.332371641818075325e+00
-7.928436845761759777e+00 5.696632053488454694e+00 5.082727474394009626e+00 5.696632053488454694e+00 4.775602536243929386e+00 3.716562465248440805e+00 5.082727474394009626e+00 3.716562465248440805e+00 2.494332226618557247e+00
