4.349468776968770101e+01 1.045515534514130174e+01 8.168877448016614196e+00 1.045515534514130174e+01 -1.367099195704865799e+01 -2.439737912942713027e+00 8.168877448016614196e+00 -2.439737912942713027e+00 2.248451937595491046e+01
-2.239633299687907808e+01 6.250011977260496732e-01 -1.436463116084944147e+00 6.250011977260496732e-01 -2.562132989724649335e+01 5.246775146106393173e+00 -1.436463116084944147e+00 5.246775146106393173e+00 -2.174862504628464066e+01
-3.512389597086224313e+01 -4.415227478698323438e+00 -1.544220110366777643e+00 -4.415227478698323438e+00 -6.735096609311473514e+01 -8.254603545345695181e+00 -1.544220110366777643e+00 -8.254603545345695181e+00 -2.195427874974071969e+01
1.547906488453108231e+01 3.591915650379502445e-01 1.512514392738056124e+01 3.591915650379502445e-01 -1.779288349652527401e+01 7.720606827561100616e-01 1.512514392738056124e+01 7.720606827561100616e-01 2.222415976503776136e+01
-9.166665277365659392e+00 2.178209999623439330e+01 4.555729370101305520e+00 2.178209999623439330e+01 -3.582533024864051185e+01 -7.997455786730405691e+00 4.555729370101305520e+00 -7.997455786730405691e+00 -1.700207909967361530e+01
-1.693243070607046619e+01 2.174227370683349037e+00 3.086222333072722090e+00 2.174227370683349037e+00 -2.909433085174008937e+01 1.147238807382124026e+00 3.086222333072722090e+00 1.147238807382124026e+00 -1.087830038921125286e+01
-5.151676394988000673e+00 2.136216120412456121e+01 2.328167194691340924e+01 2.136216120412456121e+01 -3.896358414164564721e+01 -2.281168414723798055e+00 2.328167194691340924e+01 -2.281168414723798055e+00 6.252878588004368687e+00
2.763481325376845987e+01 -1.098562448638470812e+01 1.819791461522933318e+01 -1.098562448638470812e+01 -3.473129589097923287e+01 3.015450042265763297e+00 1.819791461522933318e+01 3.015450042265763297e+00 8.035935249065040864e+00
4.231635181982381866e+00 -1.094283061243826083e+01 1.050590867986932864e+01 -1.094283061243826083e+01 -1.249822831274103407e+01 9.087195927900083348e+00 1.050590867986932864e+01 9.087195927900083348e+00 1.160845273602755512e+01
1.798331816270956907e+01 -4.426403515793845500e+00 9.933237013776023971e+00 -4.426403515793845500e+00 -1.299499713715559945e+00 2.124758937155033500e+00 9.933237013776023971e+00 2.124758937155033500e+00 5.141446599331823109e+01
5.507101858239398240e+00 2.029359135286349058e+01 6.338577805758333739e+00 2.029359135286349058e+01 -1.902393030120692430e+01 -3.173586826533735916e+00 6.338577805758333739e+00 -3.173586826533735916e+00 9.930873069741910086e+00
3.880251099207014676e+01 3.212405516147780915e+00 1.773879417659899005e+01 3.212405516147780915e+00 1.663879994853475708e+00 4.120982718780496157e+00 1.773879417659899005e+01 4.120982718780496157e+00 4.368073595807239684e+01
-1.093550019316261945e+00 3.499528890789474378e+00 8.338578634174860227e+00 3.499528890789474378e+00 -2.198796135013775910e+01 -7.380719494287508731e+00 8.338578634174860227e+00 -7.380719494287508731e+00 1.652438868851095144e+00
1.850668624633582837e+01 5.606644202478595851e+00 1.159716586119091453e+01 5.606644202478595851e+00 1.412084031996152511e+01 1.718517578103344379e+00 1.159716586119091453e+01 1.718517578103344379e+00 3.312043634169290129e+01
3.139803211539994265e+01 -7.342899832418057215e+00 1.997571933565124880e+01 -7.342899832418057215e+00 -9.040736387061567569e+00 -2.291877562628420684e+00 1.997571933565124880e+01 -2.291877562628420684e+00 2.239516776264506959e+01
2.183290320517351546e+01 -6.021366064328734780e+00 1.692911158033647467e+01 -6.021366064328734780e+00 -3.076703587638892845e+00 -1.565306761131617375e+00 1.692911158033647467e+01 -1.565306761131617375e+00 3.215309967854076234e+01
1.870594904489499299e+01 9.724665218252379617e-01 1.518922146220200808e+01 9.724665218252379617e-01 -2.256415782030759587e+01 5.279676101915908859e-01 1.518922146220200808e+01 5.279676101915908859e-01 4.600574539951554698e+01
3.800338997723711287e+01 6.227751861763385355e-01 1.001092262819274659e+01 6.227751861763385355e-01 1.875817758499665189e+01 -8.935089538657342345e+00 1.001092262819274659e+01 -8.935089538657342345e+00 4.877933646180786553e+01
-3.863447996606224510e+00 7.641403362089338458e+00 3.555387403972112281e+00 7.641403362089338458e+00 -7.741351029858626553e+00 6.081864733714473269e-04 3.555387403972112281e+00 6.081864733714473269e-04 7.358016753241192198e+00
-6.388912966526716808e+00 -5.798738050018914514e+00 6.341540994430071798e+00 -5.798738050018914514e+00 -3.238354799549045282e+01 4.839868973605137015e+00 6.341540994430071798e+00 4.839868973605137015e+00 -6.616047168358185182e+00
2.826927842711730676e+01 -1.882246120022213987e+01 2.034873368361957446e+01 -1.882246120022213987e+01 2.037901312185927338e+01 6.465294188536867992e+00 2.034873368361957446e+01 6.465294188536867992e+00 2.976155319761257445e+01
1.510378039847946496e+01 -6.502122111519589076e+00 -2.045618252182583419e+00 -6.502122111519589076e+00 -6.261979181413307671e+00 6.475022892423337950e+00 -2.045618252182583419e+00 6.475022892423337950e+00 1.670822985991040355e+01
-1.903351141584691675e+01 4.712335868860526134e+00 1.272829657856771712e+00 4.712335868860526134e+00 -2.879173247905776378e+01 5.278094118856494710e+00 1.272829657856771712e+00 5.278094118856494710e+00 -1.200425083412020699e+00
-9.523195504931091904e+00 -8.086847242106584011e-01 1.940775746283367553e+01 -8.086847242106584011e-01 -3.514596959163204559e+01 -4.873370381512059923e-01 1.940775746283367553e+01 -4.873370381512059923e-01 5.035818509874860460e+00
5.316607321800518804e+01 4.725245136264124013e-01 3.918244366569126669e+00 4.725245136264124013e-01 4.539917028661992759e+01 6.141298050311078782e+00 3.918244366569126669e+00 6.141298050311078782e+00 4.575811356541336039e+01
1.186765653651031371e+01 -4.861169411562461795e-02 8.316403348112491045e+00 -4.861169411562461795e-02 -9.821368415931356566e+00 3.929883249442658766e+00 8.316403348112491045e+00 3.929883249442658766e+00 3.287560070100387577e+01
3.138732307528392695e+01 -8.530599600748758338e-01 1.551836568591180487e+01 -8.530599600748758338e-01 2.825374448613357004e+01 -5.748257894118150801e+00 1.551836568591180487e+01 -5.748257894118150801e+00 3.838365882143208552e+01
-1.576288637532851133e+01 -1.292834870277916970e+01 -9.670529481025329499e-01 -1.292834870277916970e+01 -2.482943303303064297e+01 -1.011074735448394080e+01 -9.670529481025329499e-01 -1.011074735448394080e+01 -3.612142014226108699e+00
1.464803613950320216e+00 3.564741383467418867e+00 1.379207793245130453e+01 3.564741383467418867e+00 -1.083655566144019566e+01 5.139860003448154302e+00 1.379207793245130453e+01 5.139860003448154302e+00 1.826792783934048359e+01
2.592929767072307712e+01 -9.303941174371392009e+00 1.426285649799122979e+00 -9.303941174371392009e+00 8.459461620916409075e+00 6.254683305534134430e-01 1.426285649799122979e+00 6.254683305534134430e-01 2.829284774686634307e+01
4.410816226892568892e+01 -4.009923360979742668e+00 1.201931870855617568e+01 -4.009923360979742668e+00 3.071382235944995642e+01 5.884270881451954871e+00 1.201931870855617568e+01 5.884270881451954871e+00 5.594224927988737051e+01
9.558783029095220485e+00 -1.683407458197282480e+01 8.728738111313194992e+00 -1.683407458197282480e+01 -3.041223885282530404e+01 -4.313340150266983919e+00 8.728738111313194992e+00 -4.313340150266983919e+00 1.854198914777745699e+01
3.087766642973643627e+01 -3.142431458160601210e+00 3.833761794030527081e+00 -3.142431458160601210e+00 1.677610312508416968e+01 4.729385291041391604e+00 3.833761794030527081e+00 4.729385291041391604e+00 4.163723592448382504e+01
4.820694160475661683e+00 2.008486837264907621e+00 1.707188186862766743e+00 2.008486837264907621e+00 5.656414069692774355e-02 -7.906553418677794154e-01 1.707188186862766743e+00 -7.906553418677794154e-01 1.761806245916255520e+01
2.186224141069880744e+01 6.168737538636872575e-01 1.289479634303925515e+01 6.168737538636872575e-01 6.792727583461196872e+00 5.593965584988579431e-01 1.289479634303925515e+01 5.593965584988579431e-01 3.730852603590062699e+01
1.441521746158081463e+01 1.838435196315695208e+01 1.252888232065932428e+01 1.838435196315695208e+01 -1.470653248203608499e+01 -1.730083829511610771e+00 1.252888232065932428e+01 -1.730083829511610771e+00 1.663538794825068834e+01
-7.387786329783152972e+00 -5.831796849457531629e+00 5.730601955182436369e-02 -5.831796849457531629e+00 -3.192544268716462952e+01 2.111341658399687571e+00 5.730601955182436369e-02 2.111341658399687571e+00 2.014205305228033982e+00
3.762392080625166102e+01 -1.797937085036280536e+01 5.731092675409797721e+00 -1.797937085036280536e+01 3.558777099163179258e+01 -1.310578324911935333e+01 5.731092675409797721e+00 -1.310578324911935333e+01 4.348683191925316294e+01
1.663553089274064689e+01 -5.603334159586408347e+00 1.399297027331271615e+01 -5.603334159586408347e+00 -8.748898165301543628e+00 -6.304134327394403492e+00 1.399297027331271615e+01 -6.304134327394403492e+00 2.857919213767667799e+01
-2.824254548896797345e+01 -6.698885814254895266e+00 1.071925194391688585e+01 -6.698885814254895266e+00 -3.944892459212712055e+01 3.836003657003436818e+00 1.071925194391688585e+01 3.836003657003436818e+00 -2.120347420933111593e+01
2.739360622304641169e+00 -4.231987134730597511e+00 5.337491584823866653e+00 -4.231987134730597511e+00 -2.556492199817610711e+01 7.711694357139191602e+00 5.337491584823866653e+00 7.711694357139191602e+00 2.258719590812587441e+00
1.102578206169954989e+01 -7.729140071153942415e+00 -2.431623838082290323e+00 -7.729140071153942415e+00 -6.970617179652672135e+00 -1.975573628568981777e+00 -2.431623838082290323e+00 -1.975573628568981777e+00 2.776096401025430183e+01
3.569183986997418678e+00 -1.288215659935554136e+01 2.494511852940337171e+00 -1.288215659935554136e+01 1.105908492922022823e+01 6.847672552771861820e-01 2.494511852940337171e+00 6.847672552771861820e-01 2.116131479256180370e+01
4.236154438537777622e+00 8.057450110074901417e+00 7.413898262635659542e+00 8.057450110074901417e+00 -1.639018246455363936e+01 -1.315148270923273977e+01 7.413898262635659542e+00 -1.315148270923273977e+01 1.486134836209825671e+01
-3.630046308394780397e+01 -8.990018297841501749e+00 5.956507615284354351e+00 -8.990018297841501749e+00 -4.344512587690107353e+01 1.145775979647238874e+00 5.956507615284354351e+00 1.145775979647238874e+00 2.986489573405247011e+00
-7.856092380496435545e+00 1.974950088781756108e+01 1.839065620420345226e+01 1.974950088781756108e+01 -4.837424425225296432e+01 2.462105839477900737e+00 1.839065620420345226e+01 2.462105839477900737e+00 -5.698030480423786237e+00
-2.527499733094424528e+01 -7.764192007606833812e+00 2.233708443546620259e+01 -7.764192007606833812e+00 -7.608479493719851661e+00 1.143601770300294085e+00 2.233708443546620259e+01 1.143601770300294085e+00 -1.141321351847110854e+01
-3.818913930953594615e+01 -5.224352087253341992e+00 1.106224537083627624e+01 -5.224352087253341992e+00 -3.461315325546277677e+01 3.228388936924373009e+00 1.106224537083627624e+01 3.228388936924373009e+00 -1.899914336501752032e+01
-8.589691257048414741e+00 -6.357426004156619959e-01 1.023654767871544990e+01 -6.357426004156619959e-01 -3.217585287501076152e+01 1.944384278287173640e+00 1.023654767871544990e+01 1.944384278287173640e+00 2.986312913928473645e+00
2.589845587481962141e+01 -3.824189342564061622e+00 7.470576506764809999e+00 -3.824189342564061622e+00 2.335475935861174790e+01 -3.183597146655877452e+00 7.470576506764809999e+00 -3.183597146655877452e+00 3.639522503819745936e+01
2.052732213166486908e+00 -4.577580256469384601e+00 9.431738898191183162e-01 -4.577580256469384601e+00 -3.082584673988350943e+01 5.590459789767927568e-01 9.431738898191183162e-01 5.590459789767927568e-01 9.593191834333930634e-01
-2.346583928383645912e+01 1.295679140251397854e+01 1.418477031763691976e+01 1.295679140251397854e+01 -5.718942888043820005e+01 -5.930067963687088550e+00 1.418477031763691976e+01 -5.930067963687088550e+00 -2.552417180340689740e+01
-2.444180369144280363e+01 2.764113089778808874e+00 8.739147982329276587e+00 2.764113089778808874e+00 -5.273322177172939718e+01 2.508511030176677536e+00 8.739147982329276587e+00 2.508511030176677536e+00 -1.302403602353635037e+01
4.496150082702582651e+00 -1.162233223889325018e+01 5.553511099135352680e+00 -1.162233223889325018e+01 -5.461679715438232385e+00 -2.434888607033455887e+00 5.553511099135352680e+00 -2.434888607033455887e+00 1.264760271222220922e+01
1.835638539328785868e+01 9.986519682787901031e-01 7.639777646122484001e+00 9.986519682787901031e-01 -1.063913138798919711e+01 -4.150688474740639400e+00 7.639777646122484001e+00 -4.150688474740639400e+00 2.584522530176607091e+01
-2.479887433434171129e+01 -1.112526998766010600e+01 4.307471215034474277e+00 -1.112526998766010600e+01 -2.310698639485196537e+01 5.271673419686132789e+00 4.307471215034474277e+00 5.271673419686132789e+00 -1.410883280245256088e+01
3.516071231853713641e+01 -5.448493761824557691e-01 1.321767206652705795e+01 -5.448493761824557691e-01 2.118334700352109934e+01 -7.615538530806593709e-01 1.321767206652705795e+01 -7.615538530806593709e-01 5.287394782152072992e+01
-3.196517359896770660e+00 3.129576380480247444e+00 1.377237339437243868e+01 3.129576380480247444e+00 -4.831505008627085118e+01 -3.323045784410992631e+00 1.377237339437243868e+01 -3.323045784410992631e+00 1.077292777708081850e+01
3.400704936083797314e+00 1.088527196374172057e+01 8.465671740505800180e-01 1.088527196374172057e+01 -7.725407143443113966e+00 2.640571029468831821e+00 8.465671740505800180e-01 2.640571029468831821e+00 8.731934655571963688e+00
4.759404288309283260e+01 -1.446942012061778904e+01 8.170669562720100032e+00 -1.446942012061778904e+01 1.211699954429858472e+01 2.243653338328768232e+00 8.170669562720100032e+00 2.243653338328768232e+00 4.712538373577282869e+01
4.494605301542910070e+01 7.286126113959628725e+00 3.291119144042012890e-01 7.286126113959628725e+00 4.398830143743072796e+01 -3.062022421065658140e+00 3.291119144042012890e-01 -3.062022421065658140e+00 4.143882365667842294e+01
-2.105892950062660418e+01 -2.374328283285485952e+00 2.216848040870275938e+01 -2.374328283285485952e+00 -5.057769039401178901e+01 2.156652690907194803e+00 2.216848040870275938e+01 2.156652690907194803e+00 3.646195275666768154e+00
1.462730479553936114e+01 -4.019815706411647760e+00 1.025343808721497396e+01 -4.019815706411647760e+00 1.320540452681512456e+01 2.691956293930443334e+00 1.025343808721497396e+01 2.691956293930443334e+00 2.497035564920853901e+01
2.183857517961400774e+01 1.245857192019046877e+00 9.201722003658053595e+00 1.245857192019046877e+00 7.566289089829362879e+00 -2.530984444429680735e+00 9.201722003658053595e+00 -2.530984444429680735e+00 3.572999411926372915e+01
1.298523372467351322e+01 -3.083372958618147419e-01 -7.854100966205384893e+00 -3.083372958618147419e-01 2.625442878359627752e+00 -4.384157051144571327e+00 -7.854100966205384893e+00 -4.384157051144571327e+00 2.240797508308740404e+01
-4.606624679955057644e+01 7.880191329143171330e+00 -1.147953454024809306e+00 7.880191329143171330e+00 -5.475987598669770051e+01 9.652692834618827433e+00 -1.147953454024809306e+00 9.652692834618827433e+00 -4.037928839151835803e+01
-3.021287759718875776e+01 6.767270653547207360e+00 2.921138983278887480e+01 6.767270653547207360e+00 -4.703778916752128225e+01 -6.472884692583023014e-01 2.921138983278887480e+01 -6.472884692583023014e-01 -1.464911809254708430e+01
4.474056433684251033e+01 -1.200341685436048600e+01 6.365767645013263198e+00 -1.200341685436048600e+01 3.853219962547188260e+01 2.307012215598347016e+00 6.365767645013263198e+00 2.307012215598347016e+00 3.300747843771300438e+01
1.320428096671481555e+01 -8.546728097304930216e+00 1.009074335732794703e+00 -8.546728097304930216e+00 3.076556841300630296e+01 4.694102619741548743e+00 1.009074335732794703e+00 4.694102619741548743e+00 3.439209349808881200e+01
4.641446931404582443e+01 -1.121873771127501751e+00 -5.512642585168894271e-01 -1.121873771127501751e+00 3.788137190752564010e+01 -4.324753404029256787e-01 -5.512642585168894271e-01 -4.324753404029256787e-01 2.308397785506678801e+01
-1.892526418828686019e+01 1.047409562732943167e+00 1.009971121424518259e+01 1.047409562732943167e+00 -3.764205148420032998e+01 1.063340860306431779e+01 1.009971121424518259e+01 1.063340860306431779e+01 5.632173366569662498e+00
-9.397429876588260234e-01 -3.441204718405881824e+00 1.384652046651912194e+01 -3.441204718405881824e+00 -1.807527293735911300e+01 8.020351202247692157e+00 1.384652046651912194e+01 8.020351202247692157e+00 8.183310436750211636e+00
-3.301926577169764698e+01 -5.597091336647023851e+00 -2.568479024929958943e+00 -5.597091336647023851e+00 -6.001231703369826675e+01 -1.526833617293922085e+00 -2.568479024929958943e+00 -1.526833617293922085e+00 -3.059500496452655938e+01
-9.937728712968114664e-01 -9.329968319799240017e-01 2.129849574413295699e+00 -9.329968319799240017e-01 1.686623986490793703e+00 3.631343458458826223e+00 2.129849574413295699e+00 3.631343458458826223e+00 4.344121377089026126e+00
-1.615294102672370258e+01 2.696844352584112592e+00 -3.475715858825413562e+00 2.696844352584112592e+00 -9.497298150041947906e+01 -1.419576849523782380e+00 -3.475715858825413562e+00 -1.419576849523782380e+00 -2.425383595929008251e+01
7.156997259246444365e+00 -1.251477827670697707e+01 4.515513713823898101e+00 -1.251477827670697707e+01 -3.773797902434951279e+00 1.475899192450790487e+01 4.515513713823898101e+00 1.475899192450790487e+01 4.027350837607011869e+01
3.340685057549415404e+01 -4.060410633272788949e+00 1.032802749720953628e+01 -4.060410633272788949e+00 6.230137881529673294e+00 -8.599204844529038994e+00 1.032802749720953628e+01 -8.599204844529038994e+00 1.252056239411368210e+01
2.889801773206048807e+01 9.689525777813402740e+00 2.635610279090001384e+01 9.689525777813402740e+00 -4.399170383373307658e+01 1.167637176885599182e+01 2.635610279090001384e+01 1.167637176885599182e+01 3.547066588725321878e+01
2.494319983033672727e+01 -8.510238094608064685e-01 3.759429725229311181e+00 -8.510238094608064685e-01 1.493791409972299533e+01 -3.063610839659562934e+00 3.759429725229311181e+00 -3.063610839659562934e+00 3.636947686975712202e+01
1.658824564207202101e+01 1.634875678530404031e+01 3.336061701539088542e+00 1.634875678530404031e+01 -1.689517349864202700e+01 1.622604318196705719e+01 3.336061701539088542e+00 1.622604318196705719e+01 5.309976587124976000e+00
-7.484051887924707547e-01 -1.333703753432106609e+01 1.627294924899905837e+01 -1.333703753432106609e+01 -3.619623971148390496e+01 5.390644035960872493e+00 1.627294924899905837e+01 5.390644035960872493e+00 4.816245817189492406e+00
-1.232721750179356945e+01 -1.092615288092325665e+00 1.543947134365033413e+01 -1.092615288092325665e+00 -2.077125426599983271e+01 -5.023555970191623032e+00 1.543947134365033413e+01 -5.023555970191623032e+00 1.106949942864527081e+01
2.223408601036516430e+01 -6.702931411434080111e+00 1.303182550664945794e+01 -6.702931411434080111e+00 1.052655125834341954e+00 1.260634084024878199e+00 1.303182550664945794e+01 1.260634084024878199e+00 2.757902053258923303e+01
7.676494048815699855e+00 -1.331541597903915175e+01 3.369560735255681294e+01 -1.331541597903915175e+01 -3.945505008629957189e+01 6.350924318475368313e-01 3.369560735255681294e+01 6.350924318475368313e-01 -1.661180807760993972e+01
-2.782403761539917042e+01 2.265230343548300240e+01 1.046728750424430032e+01 2.265230343548300240e+01 -5.190808231440085763e+01 1.286032021092938571e+00 1.046728750424430032e+01 1.286032021092938571e+00 -3.775858366171947011e+01
-3.925282284822574130e+00 2.449021028974808889e+00 5.928439539311048945e-01 2.449021028974808889e+00 -5.076067155049560853e+01 7.762846107982682931e+00 5.928439539311048945e-01 7.762846107982682931e+00 -3.746165736260696821e+00
-7.000881471752243179e+00 -3.636826285527408054e+00 8.262862286655995092e+00 -3.636826285527408054e+00 -2.664282230611348012e+01 6.366646006968537996e+00 8.262862286655995092e+00 6.366646006968537996e+00 -2.827998539820421264e+00
7.330605936233849373e-01 4.210110897617662218e+00 2.053561210046191121e+01 4.210110897617662218e+00 -8.895874469498632919e+00 -1.119002003842733473e+01 2.053561210046191121e+01 -1.119002003842733473e+01 -3.009515369864061896e+01
-8.470043251579978616e+00 -4.985033906834817508e+00 1.449614467160881714e+00 -4.985033906834817508e+00 -2.219773683515666107e+01 -1.257765361185130493e+00 1.449614467160881714e+00 -1.257765361185130493e+00 1.607122853959114694e+00
-2.184244384622476076e+01 -1.482824227043229470e+01 1.095067226284782436e+01 -1.482824227043229470e+01 -5.288342755469339806e+01 -4.903386906849782179e+00 1.095067226284782436e+01 -4.903386906849782179e+00 -1.657926147999970468e+01
1.244942071930958605e+01 5.538120242551972439e+00 5.056908603812092728e+00 5.538120242551972439e+00 5.445354444522612525e+00 -8.455737953223630754e+00 5.056908603812092728e+00 -8.455737953223630754e+00 1.957283431315206457e+01
1.130117752746891924e+01 -1.509910971792811907e+01 3.276658049319096655e+00 -1.509910971792811907e+01 3.127253069590802959e+00 2.542097471328979452e+00 3.276658049319096655e+00 2.542097471328979452e+00 2.454278424243894463e+01
1.927602454388688358e+01 1.240310680490019557e+01 9.117465738097573436e+00 1.240310680490019557e+01 -6.477425299784081991e-01 8.090126686658061672e+00 9.117465738097573436e+00 8.090126686658061672e+00 2.408766655032356141e+01
4.953771590901639854e+01 1.110061407009923506e+01 -5.448786099494710156e-01 1.110061407009923506e+01 4.115960708147482450e+01 -2.210451222113184233e+00 -5.448786099494710156e-01 -2.210451222113184233e+00 5.587239657156558792e+01
7.414304194507930212e+00 4.045904906368827381e-01 7.798709473073609511e-01 4.045904906368827381e-01 4.621186995394967134e+00 -3.987844947938520512e+00 7.798709473073609511e-01 -3.987844947938520512e+00 1.316848636356022162e+01
3.458742278641155465e+00 -7.777770879664959836e+00 -8.429772329343150350e-01 -7.777770879664959836e+00 -3.914206566222213635e+00 7.007828875676740843e+00 -8.429772329343150350e-01 7.007828875676740843e+00 1.520256975150053869e+01
1.957668719198175822e+01 -1.062275859672521605e+01 -1.486719364541418675e-01 -1.062275859672521605e+01 3.075222659172283102e+01 4.082966657162002022e+00 -1.486719364541418675e-01 4.082966657162002022e+00 3.409908585619724875e+01
-1.408186527794378406e+01 1.312458891579988318e+01 1.203852826258853703e+01 1.312458891579988318e+01 -3.810813533916108042e+01 -2.155099053362185213e+00 1.203852826258853703e+01 -2.155099053362185213e+00 -1.019827649870011577e+01
-5.074160535686215923e+01 -2.468774440166640360e+01 8.058878565349381518e+00 -2.468774440166640360e+01 -6.882470103861251687e+01 -3.267660443675355353e+00 8.058878565349381518e+00 -3.267660443675355353e+00 -3.573562104537433015e+01
2.092548921559911435e+01 -1.038139469885979516e+01 1.536769578691729310e-01 -1.038139469885979516e+01 1.643597287511063954e+01 -1.749998819154539587e-01 1.536769578691729310e-01 -1.749998819154539587e-01 1.023564351124133509e+01
