3.853926029004939835e+01 1.389921686367375386e+01 8.320398283482058233e+00 1.389921686367375386e+01 1.668062564403701487e+01 -8.740157898194217623e+00 8.320398283482058233e+00 -8.740157898194217623e+00 5.633926341028844575e+01
2.209194315671549447e+01 -1.352010110456511649e+00 1.131182851874885209e+01 -1.352010110456511649e+00 -1.533989634016691461e+01 1.193031214108029303e+01 1.131182851874885209e+01 1.193031214108029303e+01 2.379313429753733544e+01
1.833173450785947622e+01 3.187007210841815485e+00 8.189679674373980589e+00 3.187007210841815485e+00 1.293831512385456683e+01 -1.922245603663798930e+00 8.189679674373980589e+00 -1.922245603663798930e+00 2.580012936743200669e+01
-1.390662573570966387e+01 -1.702800634453721429e+01 -1.430378643371495606e+01 -1.702800634453721429e+01 -2.872610047897640584e+01 4.399563658782549957e+00 -1.430378643371495606e+01 4.399563658782549957e+00 -1.817772052166275643e+01
1.043066727998352761e+01 -1.238804846234423218e+00 1.238518143923841563e+01 -1.238804846234423218e+00 -2.181447639149570250e+01 3.072129938806454241e+00 1.238518143923841563e+01 3.072129938806454241e+00 2.219387672664614541e+01
4.451445981321140266e+01 4.281167992945233536e+00 8.601780874822900103e+00 4.281167992945233536e+00 2.287832833312234371e+01 -1.135177063105404649e+01 8.601780874822900103e+00 -1.135177063105404649e+01 3.967604476414456371e+01
3.582330485647248253e+01 2.576792244461241665e+00 1.656543060415483026e+01 2.576792244461241665e+00 6.361216182162494626e+00 1.172109142214754485e+01 1.656543060415483026e+01 1.172109142214754485e+01 2.163781398059132144e+01
2.931881374808139640e+01 -3.421664550597584675e+00 3.891367614798500796e+00 -3.421664550597584675e+00 1.870638223210261941e+01 3.511899362131396973e+00 3.891367614798500796e+00 3.511899362131396973e+00 3.541253645494665392e+01
-1.581083913501212734e+01 -6.386207167553875408e+00 6.324208598674847082e+00 -6.386207167553875408e+00 -3.856879778485458132e+01 6.158933252541237691e-01 6.324208598674847082e+00 6.158933252541237691e-01 -1.053440117953640431e+01
3.654440790416496387e+00 2.023646106449785709e-01 4.512643837103644806e+00 2.023646106449785709e-01 -2.180509336683359578e+01 -1.771389037191026139e+00 4.512643837103644806e+00 -1.771389037191026139e+00 5.346841752588648689e+00
2.240028124811404098e+01 4.596163713157892516e+00 9.987138761775685714e-01 4.596163713157892516e+00 8.164796907459637154e+00 -1.938292872675175582e+00 9.987138761775685714e-01 -1.938292872675175582e+00 1.454380006800433911e+01
8.037614763478854840e+00 -3.992065598575508467e+00 -9.253254268094295298e-01 -3.992065598575508467e+00 -1.287247606677070522e+01 -2.153924722934752012e+01 -9.253254268094295298e-01 -2.153924722934752012e+01 1.536957533148790489e+01
5.050610280913281969e+01 7.962437401230622491e+00 1.006115923896431852e+01 7.962437401230622491e+00 4.321835579848821141e+01 2.386943263460374887e+00 1.006115923896431852e+01 2.386943263460374887e+00 3.687084542971585677e+01
-2.846407729595006231e+01 7.668046589719961226e+00 2.879212109536959385e+00 7.668046589719961226e+00 -4.867529275687348189e+01 7.786675916140421982e-01 2.879212109536959385e+00 7.786675916140421982e-01 -2.995465204902853174e+01
-2.728481414236738622e+00 -7.963440250794545427e+00 2.812924337725407398e+00 -7.963440250794545427e+00 -2.038239700436708191e+01 6.895339572972193132e+00 2.812924337725407398e+00 6.895339572972193132e+00 -3.509380037116989204e+00
1.330453009034173073e+00 -3.762353383531577666e+00 -5.840806912942343443e-01 -3.762353383531577666e+00 -1.874040794149561506e+01 2.320604618511403316e+00 -5.840806912942343443e-01 2.320604618511403316e+00 9.603244878429071818e+00
-2.904088704837189283e+00 -1.361179167299089832e+00 6.116546882989855050e-01 -1.361179167299089832e+00 -1.136764394832690783e+01 1.054898630206357657e+00 6.116546882989855050e-01 1.054898630206357657e+00 3.390881656133974964e+00
3.714107997191226218e+01 3.292120382936065237e+00 3.544185484487859306e+00 3.292120382936065237e+00 2.373124240893670844e+01 1.187568428529230680e+01 3.544185484487859306e+00 1.187568428529230680e+01 1.744377639543834135e+01
1.527166957210640241e+01 1.539612869625377467e-01 1.481837205497274157e+00 1.539612869625377467e-01 -2.557763224914324951e+01 -2.168130375062478521e+00 1.481837205497274157e+00 -2.168130375062478521e+00 1.960410147010813020e+01
2.388270197605716127e+00 -1.819032478211445314e+00 4.963967149175593008e+00 -1.819032478211445314e+00 -4.034306314435941943e+01 4.947765361095944336e-01 4.963967149175593008e+00 4.947765361095944336e-01 -8.421614952821887101e+00
-1.997844725371518493e+01 3.510446506440794145e+00 6.613869230386610454e+00 3.510446506440794145e+00 -5.881996665638342847e+01 -2.296145116261229191e+00 6.613869230386610454e+00 -2.296145116261229191e+00 8.004796001641778957e+00
2.479397105884335062e+01 3.969746796969211733e+00 8.872880914615349113e+00 3.969746796969211733e+00 2.595460520637705670e+01 3.103202614535697013e+00 8.872880914615349113e+00 3.103202614535697013e+00 1.775704408920562116e+01
9.494576474417058876e+00 7.988524262942578780e+00 6.750526604425834520e+00 7.988524262942578780e+00 -2.603933046867398104e+01 5.826753321162473576e+00 6.750526604425834520e+00 5.826753321162473576e+00 2.113588663095899278e+01
1.470302888989376733e+01 -4.474789049804789975e+00 1.993200395578660888e+01 -4.474789049804789975e+00 1.049737286389338387e+01 8.288464043539029547e+00 1.993200395578660888e+01 8.288464043539029547e+00 1.748903765697538049e+01
-1.161063887263711969e+01 -4.843128355093901938e+00 9.111135218020404380e+00 -4.843128355093901938e+00 -3.720543388717364763e+01 -7.562967739272033363e+00 9.111135218020404380e+00 -7.562967739272033363e+00 -6.727661150995124295e+00
9.371631710566289186e+00 3.293319267644147619e+00 1.299730699814088908e+01 3.293319267644147619e+00 -1.623228294010899475e+01 1.067854373461211637e+01 1.299730699814088908e+01 1.067854373461211637e+01 7.208694643068215946e+00
1.077217178944653675e+01 -7.318778295687932811e+00 1.618672821320118160e+01 -7.318778295687932811e+00 -1.260977524880257050e+01 -2.207406752555829854e+00 1.618672821320118160e+01 -2.207406752555829854e+00 5.745241910160308052e+00
-2.314653158796267007e+01 -1.620449060171222477e+00 6.268633142675038350e+00 -1.620449060171222477e+00 -3.150806238895605915e+01 -4.584738886590398188e+00 6.268633142675038350e+00 -4.584738886590398188e+00 -1.280889659442092565e+01
-1.532728279237971059e+01 -2.919333141018822797e+00 1.117656258248540802e+01 -2.919333141018822797e+00 -5.022801825657277419e+01 9.901184151315890247e+00 1.117656258248540802e+01 9.901184151315890247e+00 -4.412267753283736660e+00
-2.260400667265375141e+00 -6.448872458807016095e+00 5.547737922757691731e-01 -6.448872458807016095e+00 -3.732499012621595114e+01 4.404485994484562461e+00 5.547737922757691731e-01 4.404485994484562461e+00 -4.655368283786314620e+00
4.565929085077882199e+00 2.313897165459197769e+00 2.121855419358137596e+01 2.313897165459197769e+00 -3.326792561296667827e+01 5.242139811568825358e+00 2.121855419358137596e+01 5.242139811568825358e+00 -9.498453506393472523e+00
-8.731227520748236159e+00 -6.005706079117500984e+00 -3.140265982625126018e+00 -6.005706079117500984e+00 -2.641036280435983130e+01 2.329473085006835698e-01 -3.140265982625126018e+00 2.329473085006835698e-01 6.470236596830034159e+00
-1.139086264379487723e+01 -1.325232327485493045e+01 6.745331303251466792e+00 -1.325232327485493045e+01 -3.339175600740865946e+01 -1.289102458643393900e+00 6.745331303251466792e+00 -1.289102458643393900e+00 -2.320104366285632480e+01
-1.665397526482523816e+01 -8.140987403940551204e+00 5.624177066000591196e+00 -8.140987403940551204e+00 -5.792267271294085162e+01 -6.730003865448028755e+00 5.624177066000591196e+00 -6.730003865448028755e+00 -1.412231970096368272e+01
2.782234200153634163e+01 -1.361335236232080748e+00 9.639536705556206897e+00 -1.361335236232080748e+00 2.200530451814185895e+01 3.871161227887302214e+00 9.639536705556206897e+00 3.871161227887302214e+00 4.936986268633772568e+01
7.966836500521170983e+00 1.092320460148414796e+01 2.631685440322137026e+01 1.092320460148414796e+01 -3.134605347045957302e+01 -1.133724704621164925e+01 2.631685440322137026e+01 -1.133724704621164925e+01 6.314047414790384671e+00
4.270800016705032220e+01 1.900627675297306496e+01 -5.569734277215120100e-02 1.900627675297306496e+01 1.978716855197450997e+01 9.433874938466669136e+00 -5.569734277215120100e-02 9.433874938466669136e+00 1.373490972503906171e+01
3.702962048589332511e+01 -1.062498521861574652e+01 6.214572485272051416e+00 -1.062498521861574652e+01 1.282556302945594418e+01 4.447785597970708160e+00 6.214572485272051416e+00 4.447785597970708160e+00 4.481497791561845645e+01
-2.720780786852431188e+00 -5.685920049351525840e+00 1.083495159454493084e+01 -5.685920049351525840e+00 -3.556146116109258060e+01 5.063455333111764878e-01 1.083495159454493084e+01 5.063455333111764878e-01 1.379096400252414512e+01
-5.382305401657171418e-01 -9.638897092131220035e+00 -4.176982893986705414e-01 -9.638897092131220035e+00 -7.289835571937747893e+00 3.331479397699379064e+00 -4.176982893986705414e-01 3.331479397699379064e+00 2.300439243691194680e+00
1.200291487745547414e+01 -1.122174344597042905e+00 1.714706875145380138e+01 -1.122174344597042905e+00 1.512728226609813476e+01 -4.668939956248525647e+00 1.714706875145380138e+01 -4.668939956248525647e+00 3.898984608879715097e+01
3.746542981291290264e+00 7.895485461050146370e+00 -3.274806011238153847e+00 7.895485461050146370e+00 -7.340610630579136320e+00 1.303925216494245864e+00 -3.274806011238153847e+00 1.303925216494245864e+00 -1.329914003708572068e+01
-2.317984992841837055e+01 4.282589182462706034e+00 7.557478735118037250e+00 4.282589182462706034e+00 -4.253636566322305868e+01 -2.216647894011398279e+00 7.557478735118037250e+00 -2.216647894011398279e+00 -2.228297349850207354e+01
1.724588823860096198e+01 -1.135723340216419963e+01 1.556343519154165378e+01 -1.135723340216419963e+01 -2.384162377197813498e+01 -2.995063061265244020e-01 1.556343519154165378e+01 -2.995063061265244020e-01 1.146452239474392165e+01
3.904915479676996171e+01 1.259166081329077258e+00 -2.240667701873114481e+00 1.259166081329077258e+00 3.479042629855743485e+01 -1.515398927559010067e+00 -2.240667701873114481e+00 -1.515398927559010067e+00 2.168588525480766549e+01
-8.213754986089293553e+00 2.012374696494360737e+00 2.186107811669724654e+01 2.012374696494360737e+00 -5.299036228474015786e+01 1.072870439200822146e+00 2.186107811669724654e+01 1.072870439200822146e+00 -3.605014617289337764e+01
2.156537710273690678e+01 1.360604296256319401e+00 1.306141996440754127e+01 1.360604296256319401e+00 -3.775325452243774027e+00 3.489101529867885354e+00 1.306141996440754127e+01 3.489101529867885354e+00 2.795625955522160666e+01
7.107829363109159715e+01 -1.502057675303558160e+00 1.569754614905292200e+01 -1.502057675303558160e+00 4.519123602136674833e+01 1.845481036525194574e+00 1.569754614905292200e+01 1.845481036525194574e+00 8.650672535703797905e+01
2.724969704106016266e+01 8.241860005904984021e+00 7.542115408697343426e+00 8.241860005904984021e+00 3.628447570115731935e+00 -3.784938494167978007e+00 7.542115408697343426e+00 -3.784938494167978007e+00 3.554908470303021772e+01
-3.980088806607266605e+00 -8.752145129702805504e-02 5.940118002664997121e+00 -8.752145129702805504e-02 -2.040054078123342407e+01 -6.406698974867508056e+00 5.940118002664997121e+00 -6.406698974867508056e+00 2.001394491190620073e+01
-2.111055486037211892e+01 -3.571291842927304838e+00 1.768067822757678798e+01 -3.571291842927304838e+00 -7.494303287180468942e+01 -1.826421109966891976e+01 1.768067822757678798e+01 -1.826421109966891976e+01 -2.030464578982627089e+01
1.925580558462620218e+01 -1.343565494613135458e+00 -1.054405405435675958e+00 -1.343565494613135458e+00 2.687774064265052720e-01 7.375770127146289212e+00 -1.054405405435675958e+00 7.375770127146289212e+00 2.099381373617909929e+01
-7.566022623060955965e+00 -1.693609677238562039e+00 -5.289695373226382946e-01 -1.693609677238562039e+00 -2.532624883804356841e+01 -2.376008134586814702e+00 -5.289695373226382946e-01 -2.376008134586814702e+00 -9.791341766520139656e-02
1.081784790299724630e+00 5.483388153423095268e+00 2.198925508838092924e+01 5.483388153423095268e+00 -2.519201429556695615e+01 -2.162461717871561273e+00 2.198925508838092924e+01 -2.162461717871561273e+00 2.021955948320093555e+01
-1.213833654577863541e+01 -6.903218582719666152e+00 1.508917074085225352e+01 -6.903218582719666152e+00 -5.960867151206324621e+01 -3.665190978302097058e+00 1.508917074085225352e+01 -3.665190978302097058e+00 -2.942458645823228025e+01
7.915059168889970742e+00 1.467034317887140737e+01 1.313870125881984663e+01 1.467034317887140737e+01 -4.009070140248938685e+01 1.256250723082707188e-01 1.313870125881984663e+01 1.256250723082707188e-01 -1.409855186422073281e+01
-1.343818079359241935e+01 3.339641618101591103e+00 4.575065840936315631e+00 3.339641618101591103e+00 -4.483980511288868342e+01 -2.043527967054946437e+00 4.575065840936315631e+00 -2.043527967054946437e+00 5.118329225764181700e+00
-2.147160753826477375e+01 1.173769486771413018e+00 8.704490905116708532e+00 1.173769486771413018e+00 -5.615621592526409955e+01 7.219082485417172457e+00 8.704490905116708532e+00 7.219082485417172457e+00 -3.241922019304666946e+01
1.175330346384154545e+01 1.292044594663027679e+00 -2.180260781436280215e+00 1.292044594663027679e+00 1.152300751982836324e+01 -7.923687804444557337e+00 -2.180260781436280215e+00 -7.923687804444557337e+00 1.571888762257424510e+01
1.238516492838017591e+01 1.568336996429547980e+01 2.023375210867328988e+01 1.568336996429547980e+01 -2.936715751332943114e+01 -1.891277086825138909e+01 2.023375210867328988e+01 -1.891277086825138909e+01 1.748068638572091515e+01
-6.812762479462960430e-01 -1.130124552764408108e+01 5.665012819196596716e+00 -1.130124552764408108e+01 -2.853778539672831727e+01 -7.043343060384345655e+00 5.665012819196596716e+00 -7.043343060384345655e+00 4.928612034664794805e+00
-5.568542217908785119e+01 4.308204525722258538e+00 3.509617517253505792e+00 4.308204525722258538e+00 -7.757050492057811653e+01 -8.964852890625095938e+00 3.509617517253505792e+00 -8.964852890625095938e+00 -5.507535100203805456e+01
-9.924870186681044260e+00 -7.258023298750370778e+00 2.042164514116047513e+01 -7.258023298750370778e+00 -4.355209451266574661e+01 -1.321609277107026870e+01 2.042164514116047513e+01 -1.321609277107026870e+01 2.697656396525357714e+00
3.683835918270146692e+01 6.254524925558090587e+00 -2.116146166211517077e+00 6.254524925558090587e+00 1.500315225350629555e+00 -8.480196290425441319e+00 -2.116146166211517077e+00 -8.480196290425441319e+00 3.160309341124208515e+01
1.766366993073325986e+01 -4.410411253205658966e+00 1.139800214383611809e+01 -4.410411253205658966e+00 -1.080441489446530312e+01 2.032577119554952017e+00 1.139800214383611809e+01 2.032577119554952017e+00 5.286994416041608247e+00
-1.198691552172353170e+01 -1.671503527130822064e+01 7.676498579783562981e+00 -1.671503527130822064e+01 -3.132057357158722510e+01 -4.253269263883726059e-01 7.676498579783562981e+00 -4.253269263883726059e-01 -8.919333262842444654e+00
2.023407592223922435e+01 -2.298976026618300139e-01 9.174454192434549071e+00 -2.298976026618300139e-01 -1.112301446468576138e+01 6.407149046353091570e+00 9.174454192434549071e+00 6.407149046353091570e+00 1.144446815799764217e+01
-3.610249222416797465e+00 8.561720029699158019e-01 7.963255435923214165e+00 8.561720029699158019e-01 -2.362413172366152736e+01 4.685450255856325796e+00 7.963255435923214165e+00 4.685450255856325796e+00 -6.055916287502540740e+00
-4.445539387660034869e+00 -1.732071862788183925e+00 7.892824459770834133e-01 -1.732071862788183925e+00 -1.419132129334257186e+01 -2.712044253156733337e-02 7.892824459770834133e-01 -2.712044253156733337e-02 3.525806972633840797e+00
-1.844681669671632918e+01 -1.810702423386864490e+00 3.331538662477193657e-01 -1.810702423386864490e+00 -3.650624032090778570e+01 -4.998546430391706430e+00 3.331538662477193657e-01 -4.998546430391706430e+00 -7.793294795991874579e+00
-1.717946493235035632e+01 5.855757274526241396e+00 1.134141253397365467e+01 5.855757274526241396e+00 -4.508308061086093232e+01 -1.418948125880445943e+01 1.134141253397365467e+01 -1.418948125880445943e+01 -1.303478624017199161e-01
-1.249244350550866400e+01 -2.975072428820003001e+00 9.920400298144423923e-01 -2.975072428820003001e+00 -2.967322650375807669e+01 -2.949775790019337318e+00 9.920400298144423923e-01 -2.949775790019337318e+00 -2.542657781964212660e+00
-7.206336875753894589e+00 -7.275389728761128438e+00 1.035057390698085023e+01 -7.275389728761128438e+00 -2.027275632293314800e+01 9.326335361527160472e+00 1.035057390698085023e+01 9.326335361527160472e+00 -4.296441839120475947e+00
2.419483012811866729e+01 -2.376071092673864626e+00 4.104158752621174244e+00 -2.376071092673864626e+00 8.660561146850689340e+00 3.638793626911854151e+00 4.104158752621174244e+00 3.638793626911854151e+00 3.218305919723468378e+01
1.658944315426973759e+01 1.378215974370619534e+01 2.011272508455199670e+01 1.378215974370619534e+01 -2.229013290142465209e+01 6.523521083429918654e+00 2.011272508455199670e+01 6.523521083429918654e+00 2.065272222313641493e+00
-8.969828209591923951e+00 -2.202108312404603030e+00 7.984792066778585884e+00 -2.202108312404603030e+00 -4.447058341179718610e+01 3.971750441254994879e+00 7.984792066778585884e+00 3.971750441254994879e+00 -7.988988056495148982e+00
3.063507577898083056e+01 -4.870462593350934344e-01 2.320869721941721409e+01 -4.870462593350934344e-01 1.375414292582956444e+00 1.978149875205672314e+00 2.320869721941721409e+01 1.978149875205672314e+00 4.814912171165811827e+01
3.120320656478611809e+01 -8.012544417865257174e+00 6.831838287603105186e+00 -8.012544417865257174e+00 -1.237141234689065428e+01 9.446645672705173524e+00 6.831838287603105186e+00 9.446645672705173524e+00 2.680111784939489183e+01
4.033766665269364893e+01 -6.626301122074959693e+00 1.150830175003629385e+01 -6.626301122074959693e+00 2.189264933442230898e+01 1.141438363361219066e+00 1.150830175003629385e+01 1.141438363361219066e+00 4.610633990233050383e+01
-2.718069059989629821e+01 2.897935744345628839e-01 9.780954294344173405e+00 2.897935744345628839e-01 -4.099987960752576299e+01 3.937179452359223841e+00 9.780954294344173405e+00 3.937179452359223841e+00 -2.592156166532297590e+01
1.799207889976125330e+01 -3.397315083625748855e+00 3.784202435197164593e+00 -3.397315083625748855e+00 1.565155402276156682e+00 1.607014628013870627e+00 3.784202435197164593e+00 1.607014628013870627e+00 1.343285981541150953e+01
1.730943607553570907e+00 -6.475460726186168081e+00 -2.856592865190064945e+00 -6.475460726186168081e+00 -2.248581528581422617e+01 -8.355210039730300409e+00 -2.856592865190064945e+00 -8.355210039730300409e+00 -9.565333676316902789e-01
-4.946940023616206439e+00 -5.387114110629954489e+00 6.031385404300470654e+00 -5.387114110629954489e+00 -2.637947834608666664e+00 2.021998480257519493e+00 6.031385404300470654e+00 2.021998480257519493e+00 1.195882411800919343e+01
2.059621988376443369e+01 -8.227028677741046181e+00 1.229154377170150880e+01 -8.227028677741046181e+00 -2.409809698874448713e+01 -2.872590124821501334e+00 1.229154377170150880e+01 -2.872590124821501334e+00 2.125915336988386173e+01
3.176295359611495073e+01 -2.645910440179649825e+00 1.372329240201131917e+01 -2.645910440179649825e+00 -3.924155961061893461e+00 9.257478507465677353e+00 1.372329240201131917e+01 9.257478507465677353e+00 3.278323849095695408e+01
-5.103494315958872107e+01 1.199200732277970527e+00 3.551098580430879892e+00 1.199200732277970527e+00 -7.140511124459671066e+01 2.401657671097960467e+00 3.551098580430879892e+00 2.401657671097960467e+00 -2.609510721937175148e+01
2.392868970486052760e+01 -3.847568187796226891e+00 1.573107240922005801e+01 -3.847568187796226891e+00 1.313518311110782655e+01 -4.755893532213244512e+00 1.573107240922005801e+01 -4.755893532213244512e+00 2.114236266307985090e+01
2.411954229618143586e+01 3.843422785076459292e+00 -6.051855437545308192e+00 3.843422785076459292e+00 -9.276395174495229767e+00 -1.853666212103789235e+01 -6.051855437545308192e+00 -1.853666212103789235e+01 2.809426005894479772e+01
1.846356839799572214e+01 -9.946204204955902739e+00 6.479247232518220656e+00 -9.946204204955902739e+00 -2.062822947570760945e+01 4.411540500527046937e+00 6.479247232518220656e+00 4.411540500527046937e+00 3.125528548941085916e+01
4.968089112794667273e+01 -4.698012510959276855e-01 7.833731543492674643e-01 -4.698012510959276855e-01 3.247237539265592687e+01 -9.084810906123250707e-01 7.833731543492674643e-01 -9.084810906123250707e-01 4.375552232992432522e+01
-3.144894455620816487e+01 -1.871391265840910023e+01 -2.578037026497879691e-01 -1.871391265840910023e+01 -4.317621353761994385e+01 -1.286981001740153374e+01 -2.578037026497879691e-01 -1.286981001740153374e+01 -7.230636060023789113e+00
-1.103905831466125420e+01 -1.095104684233829673e+01 8.208324318486885929e+00 -1.095104684233829673e+01 -4.824279006826557747e+01 7.363305726067349788e+00 8.208324318486885929e+00 7.363305726067349788e+00 -2.304186631063038249e+01
1.081805007855757950e+01 -7.932185676010418796e+00 3.700885017835898960e+00 -7.932185676010418796e+00 1.099666687406976706e+01 5.135551728314296405e+00 3.700885017835898960e+00 5.135551728314296405e+00 1.721322292403334586e+01
-1.026886134851391574e+01 -2.763982335990445183e+00 -2.237577812218523310e-02 -2.763982335990445183e+00 -3.389173051482312360e+01 3.824393410716825925e-01 -2.237577812218523310e-02 3.824393410716825925e-01 -4.284961510398472284e-01
-2.185963078394165748e+01 -3.881101753129836851e+00 1.527816299999527594e+01 -3.881101753129836851e+00 -3.934344280275025341e+01 -1.556099339773895984e+01 1.527816299999527594e+01 -1.556099339773895984e+01 2.082471656914980596e+00
-1.340815774736974753e+01 -8.958793669831095485e+00 1.360564862937360076e+01 -8.958793669831095485e+00 -3.773280351156653722e+01 4.693880746930429559e+00 1.360564862937360076e+01 4.693880746930429559e+00 -6.152290031846272989e+00
1.780855786275095198e+01 2.832430355099685215e+00 4.817901566396219915e-01 2.832430355099685215e+00 -1.400986681103612463e+00 2.072020299325269654e+00 4.817901566396219915e-01 2.072020299325269654e+00 3.116501999975110593e+01
-1.052019728592984116e+01 1.928788575053639676e+01 1.611813961172209275e+01 1.928788575053639676e+01 -3.073539242444729780e+01 -5.315883468853690452e+00 1.611813961172209275e+01 -5.315883468853690452e+00 -2.621729155153226287e+01
-4.801392462677463158e+01 -4.617038867992751427e+00 7.469339674009505714e+00 -4.617038867992751427e+00 -7.415510183099053165e+01 -1.031775775242427606e+01 7.469339674009505714e+00 -1.031775775242427606e+01 -4.571912518675523529e+01
-3.024004804447073536e+00 -7.404899863490795653e+00 9.867691746465975910e+00 -7.404899863490795653e+00 -3.535330335279103764e+01 -2.973836494805702113e+00 9.867691746465975910e+00 -2.973836494805702113e+00 1.579499443151763316e+01
