-2.033936713205967806e+01 1.366973150159070904e+01 1.204948264188559470e+01 1.366973150159070904e+01 -2.757204499073762349e+01 9.757891950002159476e+00 1.204948264188559470e+01 9.757891950002159476e+00 -2.642004094963678895e+01
-9.909126027269623549e+00 6.836233485881558991e+00 6.564926361833779644e+00 6.836233485881558991e+00 -2.798367611464631466e+01 1.834492563070731386e+00 6.564926361833779644e+00 1.834492563070731386e+00 -4.357941599226184515e+00
8.611709432487922200e+00 -2.589104926634543613e+00 -5.982860246629300605e+00 -2.589104926634543613e+00 -2.848099262000491549e+01 1.325291734469323934e+01 -5.982860246629300605e+00 1.325291734469323934e+01 1.690445726963224971e+01
1.276985146993441589e+01 -9.444230597413348249e+00 -4.665017129509006821e+00 -9.444230597413348249e+00 1.656514490498946301e+01 -7.364253096524878472e+00 -4.665017129509006821e+00 -7.364253096524878472e+00 1.316667906653273157e+01
2.685851465621184708e+00 -6.383520429470578073e+00 -1.120353649090078951e+00 -6.383520429470578073e+00 -5.004125268467795040e-01 -1.250913846045173194e+01 -1.120353649090078951e+00 -1.250913846045173194e+01 1.052092277200041792e+01
-6.391667890678833786e+00 1.953124049412200192e+00 -2.206309243962487443e+01 1.953124049412200192e+00 -2.942905728236582807e-01 1.963035302449839392e+01 -2.206309243962487443e+01 1.963035302449839392e+01 -1.727564664684433993e+01
9.556256426837629547e+00 1.081281604400566820e+01 -7.880373075664529381e+00 1.081281604400566820e+01 3.839019497353370003e+00 2.841990825586780400e-01 -7.880373075664529381e+00 2.841990825586780400e-01 -9.131570054320126140e-01
5.438623117756986147e+00 2.317524110194601139e+00 -1.087800493475616292e+01 2.317524110194601139e+00 -2.871899323969730133e+01 1.541381810426400101e+00 -1.087800493475616292e+01 1.541381810426400101e+00 1.498478070779809102e+01
1.380427360457119779e+00 5.582291185608828421e+00 -4.314299373892360734e-01 5.582291185608828421e+00 -2.581057753921411901e-01 -5.288288818013229253e+00 -4.314299373892360734e-01 -5.288288818013229253e+00 -8.365497422781762893e+00
-2.813222283826236492e+01 -5.297613263421349750e+00 5.001620683922316069e+00 -5.297613263421349750e+00 -2.713883171904402403e+01 3.678044603117481604e+00 5.001620683922316069e+00 3.678044603117481604e+00 -2.668827868595316488e+01
1.101314596849990579e+01 -1.094099138105651825e+01 9.339497105134654475e+00 -1.094099138105651825e+01 -2.132885385260061284e+01 -8.561746604692229923e+00 9.339497105134654475e+00 -8.561746604692229923e+00 2.074069550838492759e+01
-9.047664182001877720e+00 7.818240770829421926e+00 8.003497706913321741e-01 7.818240770829421926e+00 -1.740815273877514002e+01 -4.214475310846510503e+00 8.003497706913321741e-01 -4.214475310846510503e+00 -1.943772124023865455e+00
1.167445494331537859e+01 1.153770403713797243e+01 1.473042581299730003e+01 1.153770403713797243e+01 1.561489266279891019e+01 -8.140439286326513368e+00 1.473042581299730003e+01 -8.140439286326513368e+00 4.441248552488906931e+00
-3.908758628608108410e+01 -1.968609766644815906e+00 1.632424133583375792e+00 -1.968609766644815906e+00 -2.377296009267569943e+01 1.386786901243322490e+01 1.632424133583375792e+00 1.386786901243322490e+01 -2.447753114633477267e+01
6.660510500766388020e+01 6.713068326150503085e-01 3.233270631242987747e+00 6.713068326150503085e-01 4.879638730718073703e+01 -2.000566083191714739e+01 3.233270631242987747e+00 -2.000566083191714739e+01 6.612837525034665020e+01
1.237697364912898301e+01 1.513022407047394546e+00 -1.623344912985173139e+00 1.513022407047394546e+00 1.974055421585041614e+01 -2.159410768064305430e-01 -1.623344912985173139e+00 -2.159410768064305430e-01 1.800036897034967254e+01
1.108112872381253311e+01 2.169454389945311945e+01 8.413196808197604071e+00 2.169454389945311945e+01 2.410062647721888140e+01 -5.094125447759910053e+00 8.413196808197604071e+00 -5.094125447759910053e+00 -1.356070873691165524e+01
-3.076551808285895362e+01 6.107047676610461995e-01 8.169383914518816070e+00 6.107047676610461995e-01 -3.126309033024624995e+01 -5.730370105438599815e+00 8.169383914518816070e+00 -5.730370105438599815e+00 -2.997461576758801982e+01
5.414538360501416348e-01 2.555249754111508054e+01 7.600312552842994229e+00 2.555249754111508054e+01 -4.693773756206898895e+01 7.254676882086439349e+00 7.600312552842994229e+00 7.254676882086439349e+00 7.699020550057229961e+00
-3.099463647389185184e+01 -5.734043863536310681e+00 -8.597165281742149556e-01 -5.734043863536310681e+00 -2.058462805915705118e+01 -5.076489508662325179e+00 -8.597165281742149556e-01 -5.076489508662325179e+00 -3.501189818566745515e+01
8.663392346707333713e-01 -4.141204373454697496e+00 8.682628099031806101e-01 -4.141204373454697496e+00 -4.418299001431644513e+01 3.401401677946980229e-01 8.682628099031806101e-01 3.401401677946980229e-01 8.872526917092201870e+00
-3.986752999258208519e+01 2.824027711281060782e+00 -5.747336531384456215e+00 2.824027711281060782e+00 -2.087582264451759428e+01 7.819221983947999277e+00 -5.747336531384456215e+00 7.819221983947999277e+00 -2.926093230552151070e+01
-3.944843937401518286e+00 4.546744162713653559e+00 -1.118473191834079339e+00 4.546744162713653559e+00 -1.820079781168429278e+01 -4.032847629999915640e+00 -1.118473191834079339e+00 -4.032847629999915640e+00 7.372102394962115390e+00
1.585281623308245358e+01 4.649811817356040433e-01 6.979523569921574300e+00 4.649811817356040433e-01 -1.626978808675636401e+01 -5.575782173276889964e+00 6.979523569921574300e+00 -5.575782173276889964e+00 2.883583506643918160e+00
1.245673900543371637e+01 -8.107666118058141080e+00 4.514072962579657400e+00 -8.107666118058141080e+00 2.309797057185520330e+01 -4.702215063314882038e+00 4.514072962579657400e+00 -4.702215063314882038e+00 2.164054308480774935e+01
-4.444244105706201964e+01 -3.742917858815058452e+00 3.321807851691409574e+00 -3.742917858815058452e+00 -3.131524181969951925e+01 -4.345037785476910663e+00 3.321807851691409574e+00 -4.345037785476910663e+00 -6.380876972843633155e+01
3.692727846715662565e+01 -3.806222000727723653e+00 -6.534840079021964065e-01 -3.806222000727723653e+00 9.558224460835822001e+00 -1.208765255437806019e+01 -6.534840079021964065e-01 -1.208765255437806019e+01 4.090232562730382426e+01
3.506221365850946126e-01 -2.595095028462848674e+00 -8.178692699318878212e+00 -2.595095028462848674e+00 8.565420027270399528e-01 3.635802402319438631e+00 -8.178692699318878212e+00 3.635802402319438631e+00 4.795612876964058913e+00
8.072254708401027656e+00 -2.813436080764183611e+00 5.193871402585601871e+00 -2.813436080764183611e+00 -3.375627869402451608e+01 -4.291073919878979126e+00 5.193871402585601871e+00 -4.291073919878979126e+00 1.993777257022021487e+01
2.168169298127272526e+01 3.720017223131891093e+00 1.671458510845591938e+00 3.720017223131891093e+00 1.496807128338831738e+01 -4.784884581538646486e+00 1.671458510845591938e+00 -4.784884581538646486e+00 1.486171380870134762e+01
-3.915340729429950706e+00 -9.498171570431020783e+00 3.354381657623266566e+00 -9.498171570431020783e+00 -1.142164332888283458e-02 1.516579205582651468e+00 3.354381657623266566e+00 1.516579205582651468e+00 -1.094153636672883323e+01
1.042370635555923997e+01 1.111606147718191018e+01 4.697332902115433306e+00 1.111606147718191018e+01 -1.830300427315122747e+01 -2.024404056097279536e+01 4.697332902115433306e+00 -2.024404056097279536e+01 2.592862596131476138e+01
3.461145115597832778e+00 -1.271164410928019128e+00 3.235534440824629598e+00 -1.271164410928019128e+00 3.300645562328635929e+00 3.679551976513769640e-01 3.235534440824629598e+00 3.679551976513769640e-01 5.028730497706890290e+00
-3.942333508292556132e+00 5.322842942845743330e+00 -2.968412760074063073e+00 5.322842942845743330e+00 -1.595035192255991419e+01 -1.447101397698932201e+00 -2.968412760074063073e+00 -1.447101397698932201e+00 -3.096381012759586326e+00
-1.896610876108183685e+00 -6.219552673497055206e-01 1.229825831780859424e+01 -6.219552673497055206e-01 -8.109788699288946745e+00 2.790790833365821566e+00 1.229825831780859424e+01 2.790790833365821566e+00 -1.096786564894163796e+01
-1.101669378350909057e+01 -4.503542258343130378e+00 2.431826884761143059e+00 -4.503542258343130378e+00 1.180058153298610524e+00 -1.983043214667506149e+01 2.431826884761143059e+00 -1.983043214667506149e+01 2.422447079354152599e+00
6.670290945587061593e+00 -7.341054718794873146e+00 -5.978259567857201695e+00 -7.341054718794873146e+00 -2.762204232480679522e+01 1.340808770374013648e+01 -5.978259567857201695e+00 1.340808770374013648e+01 -2.067413909298257413e-01
-1.747168402276181354e+01 1.683775743101089795e+00 4.376990945517207798e+00 1.683775743101089795e+00 -2.457996366610824168e+01 -1.080365086855002765e+01 4.376990945517207798e+00 -1.080365086855002765e+01 -7.674767543753922894e+00
1.356759140465429248e+01 1.648676813522147810e+01 -1.731472672477742947e+01 1.648676813522147810e+01 1.563376080612520269e+01 -2.753779101710264854e+00 -1.731472672477742947e+01 -2.753779101710264854e+00 2.011479887881614470e+00
-1.666688574279293533e+01 -3.885805238683991636e+00 1.688980731170783756e+01 -3.885805238683991636e+00 -4.198933964684176345e+00 6.334113718287486705e+00 1.688980731170783756e+01 6.334113718287486705e+00 7.349478772749508115e-01
1.244565789801358946e+01 7.760804326037239242e+00 -1.490292339494809681e+01 7.760804326037239242e+00 -2.580903144978134733e+01 4.833326077475742721e+00 -1.490292339494809681e+01 4.833326077475742721e+00 2.775359098725526863e+01
-4.105962157986528638e+00 8.987270780254632996e+00 1.797185963615739723e+01 8.987270780254632996e+00 -3.068583859284247595e+00 7.236856296841037484e+00 1.797185963615739723e+01 7.236856296841037484e+00 -1.426449403880579281e+00
-2.461411881353178188e+01 3.174159951571351890e+00 2.757751755748283351e+00 3.174159951571351890e+00 -5.095352901834763770e+01 1.349471301787135857e+01 2.757751755748283351e+00 1.349471301787135857e+01 -1.587267205755805399e+01
-5.388438089899658223e+00 1.912740281808592124e+00 1.310770910038983317e+01 1.912740281808592124e+00 -4.182170568244070097e+01 2.723907788401249253e+00 1.310770910038983317e+01 2.723907788401249253e+00 1.297791749773064396e+01
3.813162182193389782e+01 -1.171447224500248074e+00 -3.635157533691944387e+00 -1.171447224500248074e+00 3.654975562254887933e+01 3.563057531739152406e+00 -3.635157533691944387e+00 3.563057531739152406e+00 4.483679571055589008e+01
3.703193459504872553e+00 1.393712704489481036e+00 -9.792781932232141884e-01 1.393712704489481036e+00 -1.358663009454126502e+01 -7.938004089860049461e+00 -9.792781932232141884e-01 -7.938004089860049461e+00 2.417096954115687524e+01
1.317846652089072990e+01 -4.857878059854798813e+00 -2.186225488426841501e+00 -4.857878059854798813e+00 -2.253122507803703201e+01 -4.026812771835798443e+00 -2.186225488426841501e+00 -4.026812771835798443e+00 9.868041223321377231e+00
2.548981679219936680e+01 1.990681111597285335e+00 8.087064431211805626e+00 1.990681111597285335e+00 3.001834830137570798e+00 -7.883179018467534327e+00 8.087064431211805626e+00 -7.883179018467534327e+00 1.243174852735351088e+01
-3.442606590931526256e+01 -1.076830622985208152e-01 -1.550615625033624134e+01 -1.076830622985208152e-01 -4.879012220633367036e+01 -1.067878481385649003e+01 -1.550615625033624134e+01 -1.067878481385649003e+01 -1.003328597911401232e+01
7.073284025167745348e+00 -1.066046120260082830e+01 8.243331242674331705e+00 -1.066046120260082830e+01 9.106247691547290302e+00 5.499736654896485888e+00 8.243331242674331705e+00 5.499736654896485888e+00 2.114330477935803199e+00
