-3.308388236268427107e+01 1.006250630583268979e+01 5.511161462245118159e+00 1.006250630583268979e+01 -4.845804665799305866e+01 4.353201554566490827e+00 5.511161462245118159e+00 4.353201554566490827e+00 -1.698629251334694956e+01
4.225614582439413169e+01 1.550251074244729388e+01 6.002024663015713912e+00 1.550251074244729388e+01 1.921231449893999610e+01 5.816598042049273332e+00 6.002024663015713912e+00 5.816598042049273332e+00 3.396696464740394106e+01
5.601139072550307674e+01 4.064643774583365676e+00 3.244506263487045405e+00 4.064643774583365676e+00 4.003645890475698366e+01 -5.737466381077473976e+00 3.244506263487045405e+00 -5.737466381077473976e+00 1.863980737591037595e+01
2.900831166750228363e+01 2.366380736744998270e+00 1.538294598758365694e+01 2.366380736744998270e+00 6.846195049746132355e+00 -7.016351915689886809e+00 1.538294598758365694e+01 -7.016351915689886809e+00 3.973884626669055820e+01
1.039867609710843510e+01 -1.541175961128854688e+00 4.415129633704490963e+00 -1.541175961128854688e+00 -1.079006039731991606e+01 -2.457381377891082685e+00 4.415129633704490963e+00 -2.457381377891082685e+00 1.029696424293163837e+01
-1.769655127542858253e+01 -1.086210615581819816e+01 6.418027632299726726e+00 -1.086210615581819816e+01 -4.003796257135221737e+01 -4.528460091352165540e-01 6.418027632299726726e+00 -4.528460091352165540e-01 -4.614808352388657831e+00
-1.368799938894099277e+01 -2.030683001226944384e+01 1.224566020147651280e+01 -2.030683001226944384e+01 -3.859916166777511393e+01 6.547876473917463969e+00 1.224566020147651280e+01 6.547876473917463969e+00 -9.513008324271451599e+00
2.747328075933583413e+00 2.412910481467699597e+00 1.869581215935299667e+01 2.412910481467699597e+00 -1.590763329845636953e+01 3.397076765229073425e-01 1.869581215935299667e+01 3.397076765229073425e-01 -3.356473384378739766e-01
-3.288003315563565820e+01 1.755839345935827467e+01 1.204276656179145810e+01 1.755839345935827467e+01 -6.126125061580695075e+01 6.736938467703430966e+00 1.204276656179145810e+01 6.736938467703430966e+00 -2.752872435729802447e+01
-1.536711159819684624e+01 -7.735857291747987308e-01 1.669936656854170209e+01 -7.735857291747987308e-01 -3.750122274219337726e+01 3.519215609094117791e+00 1.669936656854170209e+01 3.519215609094117791e+00 -1.487677190267758798e+00
-1.768076699188896228e+01 -4.047025916712019722e+00 2.713259498571582551e+00 -4.047025916712019722e+00 -4.202901777964435581e+01 1.157608453289194150e+00 2.713259498571582551e+00 1.157608453289194150e+00 -2.286508320762728985e+01
3.709850842244400582e+01 -6.171797363630035171e+00 6.666506949588018038e-01 -6.171797363630035171e+00 2.565055440935184805e+01 -4.759218405440807764e+00 6.666506949588018038e-01 -4.759218405440807764e+00 3.526733386952743388e+01
-2.674663719461092626e+01 -6.170095231948773407e-01 7.577656509720701372e+00 -6.170095231948773407e-01 -2.904858689124535331e+01 -8.933572331784409570e+00 7.577656509720701372e+00 -8.933572331784409570e+00 -1.345102016202888073e+01
-7.043342598231996377e+00 5.896359232542448758e+00 6.365876063089194403e+00 5.896359232542448758e+00 -3.054549157272640159e+01 -1.156482487149537386e+00 6.365876063089194403e+00 -1.156482487149537386e+00 -7.565090376566980801e+00
-1.169940444109797184e+01 -1.637314706946665765e+01 1.304980786161783790e+01 -1.637314706946665765e+01 -2.820092404605631486e+01 3.083429053989751312e-01 1.304980786161783790e+01 3.083429053989751312e-01 -1.153986465621851920e+00
2.277942859506773488e+01 -1.071730873096052861e+00 1.203803697371594517e+01 -1.071730873096052861e+00 8.110666809804785160e+00 7.351619172069432384e-01 1.203803697371594517e+01 7.351619172069432384e-01 1.853941744648076906e+01
-2.648469552770674973e+00 -1.267128886061249382e+01 1.745781156575256787e+01 -1.267128886061249382e+01 -1.553603415648021269e+01 -2.871231562098909507e+00 1.745781156575256787e+01 -2.871231562098909507e+00 -1.664306817241938319e+01
2.278665095904097715e+00 -6.100701705839818523e+00 1.089854528155065339e+01 -6.100701705839818523e+00 -3.717326479909656456e+01 3.226600001398837847e+00 1.089854528155065339e+01 3.226600001398837847e+00 8.381952417398855104e+00
8.892693382240739908e+00 -1.310512710552614424e+00 2.275043071455506105e+00 -1.310512710552614424e+00 -5.782160427585854023e+00 -1.060859602063351781e-01 2.275043071455506105e+00 -1.060859602063351781e-01 1.137606163900122347e+01
3.194129722081689948e+01 -9.537765573528064422e+00 1.583789567579215962e+00 -9.537765573528064422e+00 1.080547947274231113e+01 1.657304006748639225e+01 1.583789567579215962e+00 1.657304006748639225e+01 1.773252507685755219e+01
-2.114834514874258442e+00 1.025003683970767021e+01 7.918225450403411081e-01 1.025003683970767021e+01 -3.094043099651170792e+01 7.359875182017330819e-02 7.918225450403411081e-01 7.359875182017330819e-02 -2.685709470488719663e+00
1.171627963173672526e+01 -9.513888991027739550e+00 -1.360049378764884409e+00 -9.513888991027739550e+00 -2.551301721285615898e+01 1.580531683380339558e+01 -1.360049378764884409e+00 1.580531683380339558e+01 5.761156017093838067e-02
1.988282397214673125e+01 3.985127908041604883e+00 7.860507740315431313e+00 3.985127908041604883e+00 3.068313283574386041e+00 6.852629122694578356e+00 7.860507740315431313e+00 6.852629122694578356e+00 1.474224301272655246e+01
5.565995810799258869e+00 -1.431022910389638092e+01 2.504227439616175843e+01 -1.431022910389638092e+01 -4.413897292854462506e+01 -1.206199485168228591e+01 2.504227439616175843e+01 -1.206199485168228591e+01 -1.624156007384577549e+01
3.235005411512329232e+01 3.388041415893583430e+00 5.178106919897119909e+00 3.388041415893583430e+00 3.296265968384262379e+01 -6.327880692971374899e-01 5.178106919897119909e+00 -6.327880692971374899e-01 4.066819468790829006e+01
1.710194522995107436e+00 -2.737347439021466933e-01 -6.452174326015323036e-01 -2.737347439021466933e-01 -1.270202388251533776e+01 -7.233096545182633452e-01 -6.452174326015323036e-01 -7.233096545182633452e-01 1.000358988705091079e+01
1.346217935183645231e+01 -1.605639031814885209e+00 3.561613740453261290e+00 -1.605639031814885209e+00 -6.521508024847730844e+00 -1.147333673632852769e+00 3.561613740453261290e+00 -1.147333673632852769e+00 2.239055127384016686e+01
-1.693207135156766441e+01 2.422484639173438481e+00 -1.224048739911339639e-01 2.422484639173438481e+00 -3.134060694777855716e+01 7.237523650429059652e-01 -1.224048739911339639e-01 7.237523650429059652e-01 -1.725180886857906515e+01
-2.110694402555740723e+01 -9.260777091576934128e-02 8.745396648073388235e+00 -9.260777091576934128e-02 -3.582937059486257425e+01 6.204854081267414223e+00 8.745396648073388235e+00 6.204854081267414223e+00 -2.565240443307788709e+01
-1.736682039436454517e+01 -3.557026860016424319e+00 1.245836122146546465e+01 -3.557026860016424319e+00 -5.277971864840360894e+01 3.540862085097952416e+00 1.245836122146546465e+01 3.540862085097952416e+00 -5.582450451908012035e+00
5.848617265657843234e+01 -5.719108310587437849e+00 2.295903316072844902e+01 -5.719108310587437849e+00 1.317044980565836632e+01 -4.660821864986187890e+00 2.295903316072844902e+01 -4.660821864986187890e+00 6.440606450578536624e+01
-6.271692600272499085e+00 5.188882737690360791e+00 1.102101928168259803e+00 5.188882737690360791e+00 -1.968102265179988564e+01 -9.532137047449205980e+00 1.102101928168259803e+00 -9.532137047449205980e+00 -1.992823425329284692e+00
3.938056502372550227e+00 1.357068491674647270e-01 -7.653835626405580683e-01 1.357068491674647270e-01 -6.445639729780856975e+00 -1.756487530865703972e+00 -7.653835626405580683e-01 -1.756487530865703972e+00 1.035082717043732892e+01
1.554729042182907683e+01 -5.558729078053078254e+00 2.061908097058702438e+01 -5.558729078053078254e+00 -2.583794718984405492e+01 -5.696392258057958458e-01 2.061908097058702438e+01 -5.696392258057958458e-01 3.443503113623952316e+01
5.899455112967509685e+00 3.128073387479198608e+00 2.061267451770000747e+01 3.128073387479198608e+00 -3.416378981845511476e+01 -1.496914101575757661e+00 2.061267451770000747e+01 -1.496914101575757661e+00 7.232403391548400506e+00
2.962647947078980337e+01 -2.675501327940633089e+01 2.136052215712329172e+01 -2.675501327940633089e+01 -1.079911346976945907e+01 1.968759448460171368e+00 2.136052215712329172e+01 1.968759448460171368e+00 7.904374615023125550e+00
8.747673031386035802e+00 -7.332622900902434626e-01 8.049847573332016282e+00 -7.332622900902434626e-01 3.694233713164343680e+00 -3.767208375183602076e+00 8.049847573332016282e+00 -3.767208375183602076e+00 1.231483138540072275e+01
-5.358004989029129028e+00 -3.182522644546418533e+00 5.090859239653915402e+00 -3.182522644546418533e+00 -2.336375389069883823e+01 2.478422318438173289e+00 5.090859239653915402e+00 2.478422318438173289e+00 -1.360505417935036121e+01
-2.950296925600554232e+00 -8.022823387288395836e+00 7.791709536352470211e-01 -8.022823387288395836e+00 -3.191074717515244785e+01 1.226240982204521490e+00 7.791709536352470211e-01 1.226240982204521490e+00 -1.075782959408351758e+01
6.463394056711670999e+00 1.494273797628713263e+00 4.146797231132723915e+00 1.494273797628713263e+00 -6.569344482430946819e+00 -2.890882276817348551e+00 4.146797231132723915e+00 -2.890882276817348551e+00 1.191001940117870461e+01
7.358448896988138976e+00 7.334930197403504160e+00 1.267678650990348821e+01 7.334930197403504160e+00 -2.593946617156407797e+01 -5.905267933601823671e+00 1.267678650990348821e+01 -5.905267933601823671e+00 4.042305102665605610e+00
5.947021828224394291e+00 4.182628343620704570e+00 2.881990521815287920e+00 4.182628343620704570e+00 -5.510002936651278382e+00 -7.969276617532940143e+00 2.881990521815287920e+00 -7.969276617532940143e+00 1.203829490310642569e+01
-2.540284622970553485e+01 1.116441196077986220e+01 2.043679456979382536e+01 1.116441196077986220e+01 -4.879596088840767720e+01 -5.966664934005458498e+00 2.043679456979382536e+01 -5.966664934005458498e+00 -2.357842382874149223e+01
-5.006063972264112039e+00 4.845416972978476622e+00 1.703061271515233122e+00 4.845416972978476622e+00 -1.984043356151100923e+01 6.932791116237966289e-01 1.703061271515233122e+00 6.932791116237966289e-01 1.151794507697575520e+00
-1.278056804679199487e+01 -3.919158124000055921e+00 1.332544508889527535e+01 -3.919158124000055921e+00 -3.590448588426598064e+01 9.038496086355850778e+00 1.332544508889527535e+01 9.038496086355850778e+00 -1.350612337037005162e+01
1.690849178996609936e+01 6.572798122829803802e-01 2.128859269562279444e+00 6.572798122829803802e-01 6.962926883566109559e-01 3.660460743201964018e+00 2.128859269562279444e+00 3.660460743201964018e+00 1.116422415348765540e+01
1.208358004006417019e+01 -1.666187067216166717e+00 -3.253673099241836564e+00 -1.666187067216166717e+00 -1.219011708459712828e+01 4.578865459342565281e+00 -3.253673099241836564e+00 4.578865459342565281e+00 -2.693230905980780410e+00
1.739460441666696511e+01 -2.738583521282074162e+00 3.352562763946702606e+00 -2.738583521282074162e+00 -1.742123902127982049e+01 -1.206448676813869580e+00 3.352562763946702606e+00 -1.206448676813869580e+00 6.886980530110131227e+00
2.499634829652005763e+01 -1.365726832913544797e+01 8.095119395990389322e+00 -1.365726832913544797e+01 -1.370778956559288808e+01 8.906797873522476650e+00 8.095119395990389322e+00 8.906797873522476650e+00 2.095666560435216041e+01
7.498724948374403176e+00 2.487499204305226996e+01 9.077561091431990192e+00 2.487499204305226996e+01 4.856935139059664230e+00 -1.083476448169609263e+01 9.077561091431990192e+00 -1.083476448169609263e+01 1.472200035033721655e+01
3.791788325195385312e+01 -2.173248628277002936e+00 -1.665133510290465857e+00 -2.173248628277002936e+00 1.882515070047834982e+01 -1.015103211639416747e+00 -1.665133510290465857e+00 -1.015103211639416747e+00 4.085752916989694938e+01
-1.373578856734032572e+00 6.559134068907298554e-01 2.417663288313781855e+00 6.559134068907298554e-01 -2.328200784947095769e+01 2.160177152300858605e+00 2.417663288313781855e+00 2.160177152300858605e+00 4.443622368105028642e+00
3.216227427197821953e+01 -5.687218021268417800e+00 1.457394947095463467e+00 -5.687218021268417800e+00 2.511903422307424449e+01 3.147888711022259756e+00 1.457394947095463467e+00 3.147888711022259756e+00 4.158977771825095715e+01
6.167798597990987730e+00 1.183682441607736724e+00 2.713230709915268157e+00 1.183682441607736724e+00 -1.444898545334618234e+01 3.908959000638223991e+00 2.713230709915268157e+00 3.908959000638223991e+00 1.719204565636558968e+01
-1.699923184995306968e+01 -1.513767534276179560e+01 4.774991265219490799e+00 -1.513767534276179560e+01 -2.695391808271242340e+01 -3.475108008849185914e+00 4.774991265219490799e+00 -3.475108008849185914e+00 -7.275077027042195610e+00
1.349299549994505298e+01 -1.098234021944180760e+01 7.501547031763371010e+00 -1.098234021944180760e+01 -2.915886107538166527e+01 -2.154850198292658892e+00 7.501547031763371010e+00 -2.154850198292658892e+00 1.003580028066342678e+01
-3.309493561366910797e+01 1.531146037944612992e+01 5.703170680992625918e+00 1.531146037944612992e+01 -3.622293373328723476e+01 2.852522332967912355e+00 5.703170680992625918e+00 2.852522332967912355e+00 -1.552228368555598159e+01
8.376116185744484355e+00 6.582345555577600038e+00 2.059453673627334780e+01 6.582345555577600038e+00 -1.117974933655183989e+01 1.023829035979939128e+01 2.059453673627334780e+01 1.023829035979939128e+01 1.716776926822490168e+01
1.166110259120674542e+01 4.412965594329045338e+00 -1.883997455475330485e+00 4.412965594329045338e+00 -2.025463306046734502e+01 2.344404522451200290e-01 -1.883997455475330485e+00 2.344404522451200290e-01 6.313595818709270446e+00
-1.715158351096436817e+01 2.784794588419873929e+00 3.321450936088251815e+00 2.784794588419873929e+00 -3.611075647932633359e+01 -2.022771652433154321e-01 3.321450936088251815e+00 -2.022771652433154321e-01 -1.113145548866718215e+01
-6.488847142901049025e+00 1.370473306529505830e+00 2.426909947820039992e+00 1.370473306529505830e+00 -2.393974500961344276e+01 -8.262248106619511034e+00 2.426909947820039992e+00 -8.262248106619511034e+00 -1.805717334105680649e+01
3.761185196941860198e+01 -8.323226316303438566e+00 4.402365278368871593e+00 -8.323226316303438566e+00 2.408513003537557395e+01 1.397555384155560798e+00 4.402365278368871593e+00 1.397555384155560798e+00 3.511559797649398718e+01
4.676882251994845063e+01 -6.846186409137918538e+00 -2.821290629501305158e-01 -6.846186409137918538e+00 8.266519947635204701e+00 -5.265380905882064422e-01 -2.821290629501305158e-01 -5.265380905882064422e-01 5.897107491438788429e+01
1.348635514161603233e+01 5.196915051296158161e+00 1.716872724341089951e+00 5.196915051296158161e+00 -4.982168489180105908e+00 -5.551268874239390527e+00 1.716872724341089951e+00 -5.551268874239390527e+00 2.278607471188100320e+01
3.329222207349246787e+01 1.073060059318213577e+00 8.576657403209978492e-01 1.073060059318213577e+00 3.036278958396982119e+01 5.523334543591691403e-01 8.576657403209978492e-01 5.523334543591691403e-01 4.729580697510959197e+01
1.380776215267016305e+01 -2.958574469120827555e+00 1.893587837151263997e+00 -2.958574469120827555e+00 -7.209326486374721732e+00 7.185810025589657313e-01 1.893587837151263997e+00 7.185810025589657313e-01 1.657727013700997887e+01
3.570355095009115587e+01 2.667530863516834327e-01 3.324102483770763339e+00 2.667530863516834327e-01 2.335362656372648615e+01 -5.340333774577657344e+00 3.324102483770763339e+00 -5.340333774577657344e+00 3.138173085664024597e+01
1.343695255306761815e+01 3.237824867492813397e+00 3.804071347984366191e+00 3.237824867492813397e+00 -5.047603323268352149e+00 2.333884003074175428e+00 3.804071347984366191e+00 2.333884003074175428e+00 3.351040568427641642e+00
3.089462990061013326e+00 -7.860421464124643265e+00 7.276353168333995924e+00 -7.860421464124643265e+00 -1.460587799838388534e+01 7.146187922543458804e+00 7.276353168333995924e+00 7.146187922543458804e+00 4.027898285782444354e+00
1.960844018885836704e+01 4.553288585698733293e+00 3.192200582447927371e+00 4.553288585698733293e+00 1.202912412519942187e+01 -5.025988008114283367e+00 3.192200582447927371e+00 -5.025988008114283367e+00 3.686705547310996423e+01
-2.591294366947021643e+01 -1.085909102050012542e+01 1.425579574670607741e+01 -1.085909102050012542e+01 -4.667357560964818930e+01 1.368100538685005851e+01 1.425579574670607741e+01 1.368100538685005851e+01 -1.646299970439328320e+01
-5.543760908151145195e-01 3.777570171807425048e+00 -1.123507572636444740e+00 3.777570171807425048e+00 -1.688724933561087838e+01 9.719550642481759040e-01 -1.123507572636444740e+00 9.719550642481759040e-01 -4.995502391183550550e+00
4.800342431045216784e+01 2.282982630267011426e-01 1.277825220063342426e+00 2.282982630267011426e-01 4.522016430012652677e+01 -1.861195776348590458e+00 1.277825220063342426e+00 -1.861195776348590458e+00 6.518123040071770902e+01
-9.852693074591044819e+00 -1.098944405030333371e+01 5.884192268970694251e+00 -1.098944405030333371e+01 -3.370441323963502356e+01 -5.480500197972652643e+00 5.884192268970694251e+00 -5.480500197972652643e+00 -6.356677443807128292e+00
-3.218489855831939650e+01 -2.245064684880270001e+00 -1.066906134467292100e+00 -2.245064684880270001e+00 -3.404228200621432165e+01 3.715479452507104874e+00 -1.066906134467292100e+00 3.715479452507104874e+00 -6.444578877139422346e+00
7.865092348019415702e+00 1.151012149639269033e+01 1.361136741404192740e+01 1.151012149639269033e+01 -1.388822073699070714e+01 4.471725143978546591e+00 1.361136741404192740e+01 4.471725143978546591e+00 1.993479919820157775e+01
2.120119598615610101e+01 -2.582294395150099398e+00 2.755806049833938065e+00 -2.582294395150099398e+00 2.364517875143283376e+01 2.036151830110870975e+00 2.755806049833938065e+00 2.036151830110870975e+00 3.083352568222362677e+01
-3.809511352824884067e+00 1.388270157061735688e+01 2.895775666017065930e+01 1.388270157061735688e+01 -4.238411463811554825e+01 -6.067899975461658713e+00 2.895775666017065930e+01 -6.067899975461658713e+00 2.913962147365968036e+00
1.068807226972510982e+01 2.751775593997508196e+01 7.807158908008698939e-01 2.751775593997508196e+01 -3.050467642246565703e+01 -5.580252813794458255e+00 7.807158908008698939e-01 -5.580252813794458255e+00 -9.068177842871344652e+00
1.022243997352019029e+01 -2.741730712369228939e+00 7.166084659696602799e+00 -2.741730712369228939e+00 -2.085472835425188798e+00 -4.264911264159081949e-01 7.166084659696602799e+00 -4.264911264159081949e-01 1.793744840958742515e+01
-2.717667594682058052e+01 4.660927164956720326e+00 -6.297089248472517831e+00 4.660927164956720326e+00 -3.786609035791889966e+01 -9.138320505992897358e-01 -6.297089248472517831e+00 -9.138320505992897358e-01 -2.487923267404640981e+01
-1.802584386939378547e+01 2.463724847317945166e+00 1.183293912335482867e+00 2.463724847317945166e+00 -1.845068678894145364e+01 -3.449189186444132638e+00 1.183293912335482867e+00 -3.449189186444132638e+00 -1.267409880650918907e+01
7.052292890873050446e+00 -6.213678849186776709e+00 4.487943581440742236e+00 -6.213678849186776709e+00 -1.277574761583977470e+01 5.851804391810012662e-01 4.487943581440742236e+00 5.851804391810012662e-01 -5.667737206322044585e+00
4.401918885896314859e-01 -5.814867262064508324e+00 2.248366757625170109e+01 -5.814867262064508324e+00 -4.175758549010866005e+01 6.470100822262879525e+00 2.248366757625170109e+01 6.470100822262879525e+00 -6.692554937389426861e+00
2.224527123925791727e+01 -5.206327167160218927e+00 1.150797766877483852e+01 -5.206327167160218927e+00 -1.970242762233652689e+00 3.218271215563007548e+00 1.150797766877483852e+01 3.218271215563007548e+00 2.279367331682971098e+01
1.314380668366033511e+01 1.071079495088564215e+01 1.118466906412250594e+01 1.071079495088564215e+01 1.220737338174590469e+01 -8.636894687421031724e-01 1.118466906412250594e+01 -8.636894687421031724e-01 2.627572776474810468e+01
4.172057246612070713e+01 -7.822573398114648136e+00 6.453619101021756066e+00 -7.822573398114648136e+00 2.539505904108657930e+01 -4.825509594399670199e+00 6.453619101021756066e+00 -4.825509594399670199e+00 5.470428833145056302e+01
1.513272285517425075e+01 4.763125110186892996e+00 1.483921213526170924e+01 4.763125110186892996e+00 2.825890613675334229e-01 -5.260698024872606737e+00 1.483921213526170924e+01 -5.260698024872606737e+00 -8.141947706763106307e-01
1.669448307393499320e+01 -5.318295643720885479e+00 5.091329520457255065e+00 -5.318295643720885479e+00 -1.227549839888501104e+01 4.574244102498109754e+00 5.091329520457255065e+00 4.574244102498109754e+00 2.722202217949321934e+01
-1.785305306926981572e+01 -4.081298539800789493e-01 -1.085429809102823917e+01 -4.081298539800789493e-01 -1.246077865828649500e+01 -6.124151265829179458e+00 -1.085429809102823917e+01 -6.124151265829179458e+00 -1.503803903965018618e+00
2.738417373741625482e+01 2.767323944108486256e+00 2.275998777501467618e+00 2.767323944108486256e+00 1.106874255421178965e+01 -1.409245662791878040e+01 2.275998777501467618e+00 -1.409245662791878040e+01 2.813048470028861203e+01
-3.051985938889022254e+00 2.139691512113615968e+00 -5.826898368661367345e-01 2.139691512113615968e+00 -1.081563959252230234e+01 -2.088739157951226000e-01 -5.826898368661367345e-01 -2.088739157951226000e-01 9.725403115078050220e+00
-9.823099401229871575e+00 6.059387829036269046e+00 1.563604778131278117e+01 6.059387829036269046e+00 -6.521085635805162894e+01 -8.607822874978312555e+00 1.563604778131278117e+01 -8.607822874978312555e+00 -1.419343799395847938e+01
-5.851567594950785711e+00 -3.192029482782636318e+00 -3.764210006674066022e+00 -3.192029482782636318e+00 -2.077119103026186053e+01 3.280364317797719309e-01 -3.764210006674066022e+00 3.280364317797719309e-01 -5.261888933187077733e+00
4.422071980430531113e+01 -5.968038472864252597e+00 4.000653485875948157e+00 -5.968038472864252597e+00 1.630867428505704453e+01 3.670172946193718921e+00 4.000653485875948157e+00 3.670172946193718921e+00 3.190451405769561433e+01
-2.644661206328748904e+01 5.990903654586200444e-01 4.039593382324153659e+00 5.990903654586200444e-01 -5.100255241049200805e+01 3.555914496617230469e+00 4.039593382324153659e+00 3.555914496617230469e+00 -2.772462729628810862e+01
-1.210186164912965445e+01 -5.548569538533140166e-01 1.837456843608476831e+00 -5.548569538533140166e-01 -5.354886519632321296e+01 -1.979813424880832784e+01 1.837456843608476831e+00 -1.979813424880832784e+01 -9.203113335692624020e+00
1.026115508087677952e+01 1.507590450833838025e+00 9.857923123527513320e-01 1.507590450833838025e+00 3.011028238184202191e-02 -1.582560609642501781e+00 9.857923123527513320e-01 -1.582560609642501781e+00 1.782464829874532697e+01
-1.603673071252336868e+01 1.126069182471051366e+00 4.763461898963625707e+00 1.126069182471051366e+00 -2.737279944279901045e+01 4.293252571062934342e-01 4.763461898963625707e+00 4.293252571062934342e-01 7.250014079172804882e-02
2.435877141940595436e+01 1.454413888339963989e+00 8.814476119872844961e+00 1.454413888339963989e+00 3.351922883622548710e+01 -2.460067286754123117e+00 8.814476119872844961e+00 -2.460067286754123117e+00 2.580720229091737394e+01
