-1.281033667071132420e+01 -2.376232596322855528e+01 1.178428407400036271e+01 -2.376232596322855528e+01 8.455436910505932602e+00 1.226925954633660387e+00 1.178428407400036271e+01 1.226925954633660387e+00 -1.567516529491810395e+01
-3.617194948315643899e+01 -1.541937476657445405e+00 4.990860917688486609e+00 -1.541937476657445405e+00 -5.212067835075174571e+01 6.360720199580907952e+00 4.990860917688486609e+00 6.360720199580907952e+00 -2.694060092267346818e+01
-3.000055487496124229e+01 -8.515819597393686990e+00 -1.134891450740374452e+01 -8.515819597393686990e+00 -5.387193608319925886e+01 -2.848881285435308275e+00 -1.134891450740374452e+01 -2.848881285435308275e+00 -1.328329741529493546e+01
3.294126705887405393e+01 -3.900478673674365737e+00 1.873004315525583552e+00 -3.900478673674365737e+00 3.119245265407429812e+01 -7.396813004298973260e-01 1.873004315525583552e+00 -7.396813004298973260e-01 3.306653125369761170e+01
2.352245345887982175e+00 1.690138084076181491e+00 -1.432340696953377623e+00 1.690138084076181491e+00 -4.714959107103058500e+01 9.316521359131924029e+00 -1.432340696953377623e+00 9.316521359131924029e+00 4.576782540543555911e+01
-3.073134065191518260e+01 2.640467006597148725e+01 1.923286460018295951e+00 2.640467006597148725e+01 -6.057469429694427276e+01 1.141608019569021470e+00 1.923286460018295951e+00 1.141608019569021470e+00 -2.021159153621385940e+01
-9.566178364311207716e+00 -2.301824206534994754e+00 4.467022810171821234e+00 -2.301824206534994754e+00 -1.189100688172949738e+01 -5.947000149911347400e+00 4.467022810171821234e+00 -5.947000149911347400e+00 1.304693063843942546e+01
-5.294655195603236564e+01 -1.212412880364696299e+01 1.144877785320849162e+00 -1.212412880364696299e+01 2.231747448317609894e+01 -9.314562291376317305e+00 1.144877785320849162e+00 -9.314562291376317305e+00 -1.719204263724065651e+00
2.364595531776683046e+01 5.486538242943479027e+00 -5.685290786517447792e+00 5.486538242943479027e+00 -2.906497841070357424e+01 7.901268072463347281e+00 -5.685290786517447792e+00 7.901268072463347281e+00 2.208604470225114369e+01
-2.437414640802062138e+01 9.282209845903569345e+00 3.484327752475402828e+00 9.282209845903569345e+00 2.142314835138857632e+01 3.308466913752198924e+00 3.484327752475402828e+00 3.308466913752198924e+00 4.241575860358608452e+00
2.729995509911941909e+01 8.679433343760013742e+00 -7.734265967255535279e-02 8.679433343760013742e+00 2.923700640013785446e+01 -5.339397856989147595e-01 -7.734265967255535279e-02 -5.339397856989147595e-01 2.625467317510187470e+01
-1.154023457922587070e+01 1.526291214001553520e+01 -3.033326089543477710e+00 1.526291214001553520e+01 -2.604913346630412363e+01 -1.541628928746662019e+01 -3.033326089543477710e+00 -1.541628928746662019e+01 2.710945197399294404e+00
-2.314270090555415749e+01 -1.463661153639564816e+01 5.306902284230858413e+00 -1.463661153639564816e+01 3.360349833288199761e+01 -3.582943403471832600e+00 5.306902284230858413e+00 -3.582943403471832600e+00 -4.627025526588265336e+01
1.696188018303422140e+01 5.683962801251449370e+00 6.848843788202771954e+00 5.683962801251449370e+00 -9.938273485972977994e+00 -3.507375864821902667e+00 6.848843788202771954e+00 -3.507375864821902667e+00 3.103071601125644108e+01
2.503431635720153636e+01 1.209882003747204493e+01 -1.879606854667507321e+01 1.209882003747204493e+01 -3.994744902106487139e+00 -1.277789897711936540e+01 -1.879606854667507321e+01 -1.277789897711936540e+01 3.484901604377345308e+01
-1.663263160088218839e+01 -4.689250420325147495e+00 -1.620910308413620626e+01 -4.689250420325147495e+00 2.756622145580359984e+01 -2.304049069617827072e+00 -1.620910308413620626e+01 -2.304049069617827072e+00 -4.818051604447109781e+01
-9.636076658013076113e+00 -8.354013568401972734e+00 1.063349500337524134e+01 -8.354013568401972734e+00 4.128943711046925102e+01 8.555100952423335681e-01 1.063349500337524134e+01 8.555100952423335681e-01 -3.937939648118990021e+01
-4.783397218104797233e+00 -1.672037570602199352e+01 -8.072522478952020464e+00 -1.672037570602199352e+01 3.217593428975521164e+01 -5.673025069045452007e+00 -8.072522478952020464e+00 -5.673025069045452007e+00 -2.534609553818518890e+01
2.492417228573174626e+01 -1.202269991462500354e+00 2.558901396574551068e+00 -1.202269991462500354e+00 2.724068915806012470e+01 -3.909449493928682934e-02 2.558901396574551068e+00 -3.909449493928682934e-02 2.558115607981290651e+01
-8.358890912521474093e+00 5.366382017424268902e+00 7.997538173619346047e+00 5.366382017424268902e+00 3.655954354348739344e+01 5.128080844456304632e+00 7.997538173619346047e+00 5.128080844456304632e+00 -3.110740535770296589e+01
-6.995840205820250013e+00 -7.228731017718655893e-01 3.948108067578211422e+00 -7.228731017718655893e-01 3.795319800341872707e+01 -8.514650335010852444e+00 3.948108067578211422e+00 -8.514650335010852444e+00 -3.520620948404992134e+01
-1.273728456815251242e+01 1.209067599635592494e+01 -1.783786825931993780e+00 1.209067599635592494e+01 2.436524026556888600e+01 1.375736013517506073e+00 -1.783786825931993780e+00 1.375736013517506073e+00 -2.331338934610399249e+01
-5.850331185832223113e+00 -4.456160905633318237e+00 -1.138359778154186230e+01 -4.456160905633318237e+00 1.490502380832938556e+01 -2.363474429503228169e+00 -1.138359778154186230e+01 -2.363474429503228169e+00 -1.451277455387351267e+01
4.336835038179913226e+01 3.628758026914347568e+00 -1.233813464813688476e+00 3.628758026914347568e+00 4.235738848089896891e+01 -5.975135176169830281e-02 -1.233813464813688476e+00 -5.975135176169830281e-02 4.231310934759100917e+01
2.870265485892709023e+01 -4.392413858513398495e+00 1.604496931252031544e+01 -4.392413858513398495e+00 -1.900090722924725384e+01 -2.169157141495076324e+00 1.604496931252031544e+01 -2.169157141495076324e+00 2.693995204481762329e+01
-4.500123251202511909e+01 3.843380637679751910e+00 -2.785682452796751640e+00 3.843380637679751910e+00 -4.960942608977174473e+01 -2.978492250180280188e+00 -2.785682452796751640e+00 -2.978492250180280188e+00 -8.504189132939433904e+00
4.627168219790836190e+01 2.100964042719271063e+01 2.833512070687245199e+00 2.100964042719271063e+01 -1.245101286530471896e+01 -3.015939668835395882e+00 2.833512070687245199e+00 -3.015939668835395882e+00 3.102410235821378492e+01
-8.715069927533210858e+00 1.305248427323238225e+01 9.108510021188713779e+00 1.305248427323238225e+01 2.840781438002052894e+01 4.282117948519780448e+00 9.108510021188713779e+00 4.282117948519780448e+00 -3.489304043575352665e+01
-3.939677079085537059e+01 -2.803445701986154948e+00 -4.732663999561888879e+00 -2.803445701986154948e+00 1.748122320154776688e+01 -3.792722896347883399e+00 -4.732663999561888879e+00 -3.792722896347883399e+00 -8.873142454216027986e+00
1.031907947114100388e+01 -5.972729061271829565e+00 -2.105179330926350012e-01 -5.972729061271829565e+00 -1.690414579338832768e+00 8.428874812613843304e+00 -2.105179330926350012e-01 8.428874812613843304e+00 7.720505259439931933e+00
8.386703545590798115e+00 2.649203820261933018e+00 -2.539019610113553593e+00 2.649203820261933018e+00 4.596428755520669540e+00 -3.695953816671539105e+00 -2.539019610113553593e+00 -3.695953816671539105e+00 2.758722192869609557e+01
-3.347594220892960948e+01 5.244283564711117229e+00 1.104844463052098469e+01 5.244283564711117229e+00 7.263835633036693551e+00 -3.150846524837197737e+00 1.104844463052098469e+01 -3.150846524837197737e+00 -5.069833429322044793e+01
-3.291730031710332582e+01 4.793910777142090796e-01 3.379276565945732358e+01 4.793910777142090796e-01 5.633618155078882417e+00 -5.488280551290138476e+00 3.379276565945732358e+01 -5.488280551290138476e+00 -6.421957289375407640e+01
-1.095489539240454846e+01 1.184669741716642299e+00 4.483028675451315337e+00 1.184669741716642299e+00 1.134652807348129500e+01 4.851343818038409417e+00 4.483028675451315337e+00 4.851343818038409417e+00 -2.874464777676842431e+01
5.868237379350124350e+00 1.697898660747190291e+01 -7.109335842879390910e+00 1.697898660747190291e+01 -5.865367711937540030e+00 2.529019728258804278e+00 -7.109335842879390910e+00 2.529019728258804278e+00 8.796816521171781034e+00
1.995704665547993528e+01 7.535069811684126151e+00 2.012875830935018318e+00 7.535069811684126151e+00 -2.801442231289996698e+00 1.485582108655717093e+01 2.012875830935018318e+00 1.485582108655717093e+01 2.001440651431206419e+01
-1.017152673892903536e+01 1.708841762867783132e+01 7.259538716600292041e+00 1.708841762867783132e+01 4.741344532359403274e+01 7.400917994446269965e+00 7.259538716600292041e+00 7.400917994446269965e+00 -5.280506834180123832e+01
8.890291217494578291e+00 -5.143827995067151271e+00 -9.471613728441505842e+00 -5.143827995067151271e+00 -1.419853279060321105e+00 3.686041949833909648e+00 -9.471613728441505842e+00 3.686041949833909648e+00 1.537848714774201220e+01
2.432264115429507356e+01 -9.789114132398450963e+00 1.008316559982944227e+01 -9.789114132398450963e+00 -2.079352488332479254e+01 -2.131847121737377293e+01 1.008316559982944227e+01 -2.131847121737377293e+01 1.742063429490110948e+01
2.169027701547663156e+01 -1.054567836639529510e+01 1.311022890909875294e+01 -1.054567836639529510e+01 2.496477852702333067e+01 -3.585211534363078045e-01 1.311022890909875294e+01 -3.585211534363078045e-01 2.799534216544039822e+01
-2.510055408812840838e+00 -2.164389734258647380e+01 3.577776734888613142e+00 -2.164389734258647380e+01 2.973397616496168538e+01 3.935807981994348115e+00 3.577776734888613142e+00 3.935807981994348115e+00 -5.173515505874313902e+01
5.114535510936287999e+00 -6.556635681146926409e+00 5.703255906579244972e+00 -6.556635681146926409e+00 6.089757812142520876e+00 -9.520883606160086998e+00 5.703255906579244972e+00 -9.520883606160086998e+00 2.616571578285278932e+01
-2.074829352692853845e+01 -4.106346416332112170e+00 1.419932171180265712e+01 -4.106346416332112170e+00 2.669144014897921480e+01 -3.831072100132411951e+00 1.419932171180265712e+01 -3.831072100132411951e+00 -4.509897824889419837e+01
-1.771909301591173858e+01 -8.013833749610222768e+00 -4.239182022253195292e+00 -8.013833749610222768e+00 4.362357136462885876e+01 1.836833756852423116e+00 -4.239182022253195292e+00 1.836833756852423116e+00 -4.528215571718021693e+01
-1.381193168778187896e+01 9.585149633388576618e-01 2.274357335287813342e+01 9.585149633388576618e-01 -3.765670192156193963e+01 1.014142136275496986e+00 2.274357335287813342e+01 1.014142136275496986e+00 -1.638917808919999075e+01
-7.222109810738150948e+00 5.988939083318871592e-01 -1.626480479131500623e+00 5.988939083318871592e-01 -5.873582075674218572e+01 -1.727868865786721031e+01 -1.626480479131500623e+00 -1.727868865786721031e+01 -2.418537471346377998e+01
2.825569026568334863e+01 -4.229471794835061971e+00 1.608748028944372077e+00 -4.229471794835061971e+00 2.571700582053115269e+01 -5.056889425059999610e+00 1.608748028944372077e+00 -5.056889425059999610e+00 2.802200843343340608e+01
-2.779296799913836580e+01 -3.093702155047303837e+00 -6.781269131088794033e+00 -3.093702155047303837e+00 1.280046925264868207e+01 2.281318615094475977e+00 -6.781269131088794033e+00 2.281318615094475977e+00 -5.654721338749402548e+01
-1.453360645134685392e+01 1.261292190937219537e+01 4.578025204139970050e+00 1.261292190937219537e+01 1.397060363469078403e+01 2.993075630241010199e+00 4.578025204139970050e+00 2.993075630241010199e+00 -1.441419744191892960e+01
8.378825502928478386e+00 -9.953821135880132065e-01 -5.824355825676525988e+00 -9.953821135880132065e-01 -4.199790589271447772e+01 -1.243099858879219255e+00 -5.824355825676525988e+00 -1.243099858879219255e+00 1.992104167499745948e+00
7.525722389593471284e+00 -2.851040627693092411e+00 -2.175153675213309601e+00 -2.851040627693092411e+00 1.795801736195073417e+01 -3.898078383308188344e-01 -2.175153675213309601e+00 -3.898078383308188344e-01 1.726131879205720665e+01
4.076414897269003745e+01 1.705654556332077298e+00 -3.801402653402817577e+00 1.705654556332077298e+00 5.484909724689437382e+01 -3.584606232815597870e+00 -3.801402653402817577e+00 -3.584606232815597870e+00 4.181106040903686960e+01
-2.362712297878833922e+01 -9.757439206435511991e+00 -2.074927517399452359e+00 -9.757439206435511991e+00 1.152987298593996712e+01 5.792931150026491949e+00 -2.074927517399452359e+00 5.792931150026491949e+00 -4.869312575074502547e+01
1.452099281223493854e+00 1.662515502770755660e+01 -1.264269384107037020e+01 1.662515502770755660e+01 -1.579235401298627295e+01 1.594501837067660155e+01 -1.264269384107037020e+01 1.594501837067660155e+01 1.601561997028144546e+01
-4.903022893475742450e+01 -8.238585124957293893e-01 -9.815309497816504525e-01 -8.238585124957293893e-01 -7.591880517171958331e+00 -7.476426422562548524e+00 -9.815309497816504525e-01 -7.476426422562548524e+00 -1.823592071503819767e+01
-2.945950722051499682e+01 -3.003164293263092421e+00 -7.050242714901508556e+00 -3.003164293263092421e+00 4.757776139478431787e+01 1.776963948214513644e+00 -7.050242714901508556e+00 1.776963948214513644e+00 -7.616450407760538610e+01
1.381221987370006943e+01 1.034704972404928291e+01 -2.281350699062423715e+01 1.034704972404928291e+01 3.322382963994449767e+01 -8.613615587642106775e+00 -2.281350699062423715e+01 -8.613615587642106775e+00 1.924362400253447092e+01
-1.620540370076826164e+01 2.262929971354427749e+00 8.300041474121540475e+00 2.262929971354427749e+00 2.577353738035236219e+01 1.356389369565828451e+00 8.300041474121540475e+00 1.356389369565828451e+00 -3.562049359445345686e+01
-5.713207421303263978e+00 8.266924892259106983e+00 -1.544564766226141639e-01 8.266924892259106983e+00 6.129573605266417502e+01 1.547197796417643934e-01 -1.544564766226141639e-01 1.547197796417643934e-01 -4.286669696205754576e+01
1.116458699261116472e+01 6.792248275140193137e+00 5.547258603836421997e+00 6.792248275140193137e+00 6.340111415279388041e+01 4.592966969099671060e-01 5.547258603836421997e+00 4.592966969099671060e-01 -2.244021995742186704e+01
-1.176100915413911174e+01 1.562383228877728847e+01 -5.424747364221487622e+00 1.562383228877728847e+01 1.465625893843682448e+01 -1.617973931676126753e+01 -5.424747364221487622e+00 -1.617973931676126753e+01 9.655841169223068121e+00
2.605535089651975156e+01 -4.108720838959798449e+00 1.220322063147240321e+01 -4.108720838959798449e+00 1.810034244257907599e+00 -1.225220557062248261e+01 1.220322063147240321e+01 -1.225220557062248261e+01 4.354174107658774773e+01
1.161330687007684270e+00 -2.003067759414088655e+00 8.683017701597833593e+00 -2.003067759414088655e+00 6.264468100133064610e+01 3.367622079210264019e+00 8.683017701597833593e+00 3.367622079210264019e+00 -2.764315232147515289e+01
-4.217110252467635689e+01 1.107289567422674281e+01 2.396289546852079511e+01 1.107289567422674281e+01 -7.418646992389921024e+01 -1.609412133240457621e+00 2.396289546852079511e+01 -1.609412133240457621e+00 -5.140484373889081837e+01
1.472954696515907003e+01 -6.299234923363058236e+00 3.881408035566512371e+00 -6.299234923363058236e+00 -5.729430922626150391e+00 8.213276762955038279e+00 3.881408035566512371e+00 8.213276762955038279e+00 1.044633380379133669e+01
-2.463351881809983368e+01 7.167224123002393643e-01 -4.671257340649789924e+00 7.167224123002393643e-01 -8.429949960925233654e+01 7.476031299769575256e+00 -4.671257340649789924e+00 7.476031299769575256e+00 -1.694705415441890750e+01
3.497134809530950150e+01 4.840646359397110743e+00 1.072884022025113815e+01 4.840646359397110743e+00 2.695645107190219392e+01 3.524961115184581217e+00 1.072884022025113815e+01 3.524961115184581217e+00 3.438189710933110632e+01
1.405563440526712604e+01 -1.111050595007167807e+01 -8.546003220675174816e+00 -1.111050595007167807e+01 4.161779686075708895e+01 -1.158212385745657613e+01 -8.546003220675174816e+00 -1.158212385745657613e+01 -9.007457413429182935e+00
-2.732533779262034912e+01 2.551756383873806655e+00 7.553524871680363795e-01 2.551756383873806655e+00 1.448147223724426702e+01 -6.392020335733537451e+00 7.553524871680363795e-01 -6.392020335733537451e+00 -5.229499659730963401e+01
1.882323268448571119e+00 1.468702780748184011e+01 -1.304110562162775189e+01 1.468702780748184011e+01 1.833319271219938074e+01 -8.869892152911951655e+00 -1.304110562162775189e+01 -8.869892152911951655e+00 7.188625526499478724e+00
-3.143387036079125707e+01 -8.914783732181084108e-01 9.318699361539515280e+00 -8.914783732181084108e-01 -9.350500415345894822e+00 -5.695418690522546790e-01 9.318699361539515280e+00 -5.695418690522546790e-01 -1.299620789457858372e+01
-1.763286064532408659e+01 7.922414911198105258e+00 3.580901911568393992e+00 7.922414911198105258e+00 3.029207692268395746e+01 -1.503994497053611745e+01 3.580901911568393992e+00 -1.503994497053611745e+01 -4.077636380448580411e+01
3.049401097426674667e+01 3.796869833161183649e+00 2.425025031377143758e+00 3.796869833161183649e+00 2.194551389095960303e+01 4.851727420573726413e+00 2.425025031377143758e+00 4.851727420573726413e+00 2.799899133810554375e+01
3.229706457960320165e+01 -1.823335386510804845e+00 3.503852575805368019e+00 -1.823335386510804845e+00 1.144110596021167758e+01 -7.751513669780744742e+00 3.503852575805368019e+00 -7.751513669780744742e+00 4.041713868655072162e+01
5.150041864861213403e-01 6.321785106203674509e+00 -9.742368736311107780e-01 6.321785106203674509e+00 6.279561878939294672e+01 2.591332155918667279e+00 -9.742368736311107780e-01 2.591332155918667279e+00 -4.510149931858880734e+01
3.242229147070691653e+01 6.936774252660137918e+00 -1.829051802857414444e+01 6.936774252660137918e+00 -1.813618149718049821e+01 -1.223737063610294840e+01 -1.829051802857414444e+01 -1.223737063610294840e+01 4.902930817717572864e+01
-1.012657597859447378e+01 6.213728904300050537e+00 3.407825533184243749e+00 6.213728904300050537e+00 3.212161926173476445e+01 -7.406449469421343412e-01 3.407825533184243749e+00 -7.406449469421343412e-01 -2.335466346053808095e+01
2.342303487399614426e+01 1.740351145509188679e+00 -5.474750299010900711e+00 1.740351145509188679e+00 1.415090717881979110e+01 9.258604422892855457e-01 -5.474750299010900711e+00 9.258604422892855457e-01 1.888738698353894208e+01
2.029433663763718343e+01 -1.603472458132763068e+00 8.841187482754007121e-01 -1.603472458132763068e+00 -2.122233500909986503e+01 4.464866251258384766e-01 8.841187482754007121e-01 4.464866251258384766e-01 3.697700413432986011e+01
2.011572803550409017e+00 1.091628995291964443e+01 -2.058149761267298317e+01 1.091628995291964443e+01 -2.836345985122130386e+01 1.067595775902611166e+01 -2.058149761267298317e+01 1.067595775902611166e+01 -1.639349775864541314e+01
-1.102922579236444278e+01 2.421614836842338914e+00 -2.320996638184407157e+00 2.421614836842338914e+00 -4.962970972744085607e+00 -3.357683376141824994e+00 -2.320996638184407157e+00 -3.357683376141824994e+00 -7.473354429658050968e+00
2.241784237893900311e+01 -6.142951617750161297e+00 -1.926153360943610338e+00 -6.142951617750161297e+00 -6.418207950228953074e+00 6.012772044657885395e+00 -1.926153360943610338e+00 6.012772044657885395e+00 4.692031178049260376e+01
1.732269175049201593e+01 7.386833246872821945e+00 2.676798265309664693e+00 7.386833246872821945e+00 7.019705251201568785e+01 -5.425789542205533778e+00 2.676798265309664693e+00 -5.425789542205533778e+00 -3.622464330662785059e+00
1.612016746633747033e+01 1.047642443275387247e+00 1.029167791258383602e+01 1.047642443275387247e+00 -1.602131756585238875e+01 -1.361449075469806758e+00 1.029167791258383602e+01 -1.361449075469806758e+00 3.859008821117627264e+01
-2.154607553790927099e+01 1.207103196525428412e+00 -5.312356632814857704e+00 1.207103196525428412e+00 -5.050078209910895310e+01 6.843941593718096961e+00 -5.312356632814857704e+00 6.843941593718096961e+00 -3.614289856254917055e+00
-2.602261377971149159e+01 -1.294473609119859425e+01 1.080128208374833498e+01 -1.294473609119859425e+01 4.264272987672273985e+01 -6.402566297131552453e+00 1.080128208374833498e+01 -6.402566297131552453e+00 -4.243920576863116167e+01
-1.958468955412015688e+01 8.119148593899178090e-01 -6.878924307502471081e+00 8.119148593899178090e-01 -6.110400473658302900e+01 9.377656212960923554e+00 -6.878924307502471081e+00 9.377656212960923554e+00 -1.676597000331434728e+01
-1.207135207535435306e+01 1.744117479760094014e+00 2.963999769387112071e+00 1.744117479760094014e+00 -5.387698992684599375e+01 8.124265312977588804e-01 2.963999769387112071e+00 8.124265312977588804e-01 -2.298785556478945935e+01
6.598506742742480391e+00 6.288130793395068086e-01 1.063431633797665121e+01 6.288130793395068086e-01 9.061819097014460311e+00 3.873602245041470660e+00 1.063431633797665121e+01 3.873602245041470660e+00 2.346848788483354209e+00
-1.234248407659577040e+01 -3.069245776937925996e+01 1.362832913256491585e+00 -3.069245776937925996e+01 -6.323624951888073298e+01 -1.000730708099443689e+01 1.362832913256491585e+00 -1.000730708099443689e+01 -1.307968199867244152e+01
2.185041728749437695e+01 5.679845255849810925e+00 4.549762163604469833e+00 5.679845255849810925e+00 2.381910237752508408e+01 -5.852408958750570989e+00 4.549762163604469833e+00 -5.852408958750570989e+00 2.255849814612627213e+01
-1.990951990306237462e+01 -3.762861534358681759e+00 -3.454024631741479112e+00 -3.762861534358681759e+00 3.271545506148324733e+01 2.088949693572883959e+00 -3.454024631741479112e+00 2.088949693572883959e+00 -5.177095476746450231e+01
-3.299234611555365149e+01 -3.310884991020526691e+00 -5.040449996779224229e+00 -3.310884991020526691e+00 3.437227298122889607e+01 8.035578015261709339e+00 -5.040449996779224229e+00 8.035578015261709339e+00 -6.290753062870435031e+01
3.220124960171441586e+01 -7.894949493247193750e+00 -8.465276410410148555e-01 -7.894949493247193750e+00 1.125500978944487507e+01 -7.618077006215821179e+00 -8.465276410410148555e-01 -7.618077006215821179e+00 4.659678748885419708e+01
-9.769268152493763679e+00 1.797543076181767319e+01 5.209050564976557496e+00 1.797543076181767319e+01 4.103392587761182853e+01 -3.523028105701117685e+00 5.209050564976557496e+00 -3.523028105701117685e+00 -3.162565179201115484e+01
-3.904100308891458582e+01 4.907117371056021859e+00 -7.526898231662909389e+00 4.907117371056021859e+00 -9.159236683588568440e+01 1.688028667298426200e+01 -7.526898231662909389e+00 1.688028667298426200e+01 -2.991446156698469139e+01
5.113275331850818617e+01 -5.793693900247421924e-01 -2.198790769888137930e+00 -5.793693900247421924e-01 4.262099813271351678e+01 2.179640868287747169e-01 -2.198790769888137930e+00 2.179640868287747169e-01 4.603600401227205197e+01
-1.984027640634305811e+01 -3.030422765516525008e+00 7.201780808805111178e+00 -3.030422765516525008e+00 1.819890972038160726e+01 4.633044483467658736e+00 7.201780808805111178e+00 4.633044483467658736e+00 -2.841341744753115606e+01
-9.374690168494041131e+00 -1.160186624051022619e+01 -7.254803116369569871e+00 -1.160186624051022619e+01 4.680410196029453118e+01 6.898951040450321592e+00 -7.254803116369569871e+00 6.898951040450321592e+00 -3.390057984351012976e+01
2.704727384146345059e+01 1.348775285003257274e+01 3.075629738765604859e+00 1.348775285003257274e+01 7.539647189264138127e+00 1.360726275313300526e+01 3.075629738765604859e+00 1.360726275313300526e+01 1.738074237875135353e+01
