2.185471412320126561e+01 -1.346888058065016125e+01 -5.147482440494865585e+00 -1.346888058065016125e+01 3.448659686638755062e+01 4.779804619977997410e-02 -5.147482440494865585e+00 4.779804619977997410e-02 9.238594940290509427e+00
8.400799536203019002e+00 5.860553934984300106e+00 -6.043127841613359585e+00 5.860553934984300106e+00 1.285393196678791661e+01 -6.211703885178769369e+00 -6.043127841613359585e+00 -6.211703885178769369e+00 -1.090545570890121851e+01
-7.844230026592359195e+01 -7.505797540434202553e+00 -9.301195245287638969e+00 -7.505797540434202553e+00 -1.198873274881629847e+01 8.197743748228891292e+00 -9.301195245287638969e+00 8.197743748228891292e+00 -4.361156223982470692e+01
-3.090745148875664583e+01 -3.073376634568186105e+00 1.419405237377687179e+01 -3.073376634568186105e+00 2.673653730443599219e-01 2.190019398065420120e+01 1.419405237377687179e+01 2.190019398065420120e+01 2.668676317320167524e+00
-6.358390757577731733e+01 -2.684556949695844352e+00 -1.657524747039691349e+01 -2.684556949695844352e+00 -2.632740130654055477e+01 -3.647492714808126202e+00 -1.657524747039691349e+01 -3.647492714808126202e+00 -2.481840259798736881e+01
2.803047241775511722e+01 1.246416514234223527e+01 -4.415763288787674767e+00 1.246416514234223527e+01 -3.067817563358437916e+00 1.308634021504018285e+01 -4.415763288787674767e+00 1.308634021504018285e+01 4.175738021321024718e+01
2.973556663815362455e+01 -1.352459021274643236e+00 -7.036444668527455093e+00 -1.352459021274643236e+00 -2.776135628521633869e+00 -2.937372675234834585e+00 -7.036444668527455093e+00 -2.937372675234834585e+00 4.386935109564370094e+01
-2.294599559792891341e+01 1.333062358984657525e+00 -1.362173502583846307e+01 1.333062358984657525e+00 3.664123183487228630e+01 8.010977034895478965e+00 -1.362173502583846307e+01 8.010977034895478965e+00 -4.548200529819254712e+00
-8.501460666888094408e+01 1.195222627548935357e+01 2.561143351674320279e+00 1.195222627548935357e+01 2.748793033173450251e+00 -6.381968989553193694e+00 2.561143351674320279e+00 -6.381968989553193694e+00 -2.377242738079618434e+01
-3.910717706206889943e+01 -2.247376723237908269e+00 3.665558880366464489e+00 -2.247376723237908269e+00 5.255348911902314457e-01 9.406930658643606336e+00 3.665558880366464489e+00 9.406930658643606336e+00 -2.235262492069588802e+01
-4.329173042862969646e-03 -1.728323947066611765e+01 -9.698134738384480702e-01 -1.728323947066611765e+01 2.072559751592893562e+01 7.068065513463278826e+00 -9.698134738384480702e-01 7.068065513463278826e+00 -1.650481837926974649e+01
-1.117303961377319155e+01 -5.514024512085157426e+00 1.034097418985538752e+01 -5.514024512085157426e+00 1.708796098100815541e+01 1.263631899742072306e+01 1.034097418985538752e+01 1.263631899742072306e+01 -3.101566058259070502e+01
-5.060771907129288927e+00 8.390579007491886898e+00 8.429380002971470276e+00 8.390579007491886898e+00 5.899676464367591677e+01 -6.993408866838192850e+00 8.429380002971470276e+00 -6.993408866838192850e+00 -2.596551134899123170e+01
-4.914350891652955511e+01 -6.061225431316554335e+00 -2.278348138241820031e+00 -6.061225431316554335e+00 4.279467572645448570e+01 -1.186719493275631265e+01 -2.278348138241820031e+00 -1.186719493275631265e+01 2.429894398487545626e+00
-2.887652929191896334e+01 -5.188331353974394489e+00 -1.378473856868782121e+01 -5.188331353974394489e+00 -1.086951422107185472e+01 -6.700748110130585466e-01 -1.378473856868782121e+01 -6.700748110130585466e-01 3.388942421416606954e-01
1.885065239202138088e+01 -2.335726711984929871e+00 7.500060604912935247e+00 -2.335726711984929871e+00 6.480496864664500478e+00 -4.285978633389651904e+00 7.500060604912935247e+00 -4.285978633389651904e+00 1.211749717836142182e+01
-4.282151623993517831e+01 -4.190182962780664155e+00 7.586869024589960375e+00 -4.190182962780664155e+00 3.602902717426869827e+01 -5.106432217095591142e+00 7.586869024589960375e+00 -5.106432217095591142e+00 6.098573369295159807e+00
-2.263559492832423103e+01 -5.020206654110837441e+00 -5.248366909634465394e+00 -5.020206654110837441e+00 2.395356504230806038e+00 1.064256081891896422e+01 -5.248366909634465394e+00 1.064256081891896422e+01 9.076415259999309981e+00
-1.961262909795433984e+01 -6.546159829021767074e+00 3.197941210473339346e+00 -6.546159829021767074e+00 -1.936519880885612110e+01 1.045918967535535238e+01 3.197941210473339346e+00 1.045918967535535238e+01 -1.905627407534150564e+01
7.033489388679664778e+00 1.999783628821558912e+00 -1.492248212560855158e+01 1.999783628821558912e+00 1.539205260167507028e+01 -2.795988057916489744e+00 -1.492248212560855158e+01 -2.795988057916489744e+00 5.053692165200458497e+00
-3.206552713788273223e+01 -1.295032633881272544e+00 -1.600075194850516747e+00 -1.295032633881272544e+00 4.141530491806217640e+01 8.991074204907896217e+00 -1.600075194850516747e+00 8.991074204907896217e+00 -4.286059706330921593e+00
-5.244973078789085719e+01 7.310277109515634031e+00 4.569113084643660727e+00 7.310277109515634031e+00 3.784190115912855390e+01 -1.497741430026207965e+00 4.569113084643660727e+00 -1.497741430026207965e+00 -7.630828489908075163e+00
4.956981375770358511e+01 1.111640801705743753e+00 1.502470037250458246e+00 1.111640801705743753e+00 2.977430295095959778e+01 -6.466803441003980524e+00 1.502470037250458246e+00 -6.466803441003980524e+00 6.162403814906227240e+01
4.608959290665307407e+01 1.997252661462099566e+00 -6.112130032461703388e-01 1.997252661462099566e+00 3.038977982790490273e+01 -5.647118622406144262e+00 -6.112130032461703388e-01 -5.647118622406144262e+00 3.516979783486424083e+01
3.864642187747828928e+01 8.548278427831537130e+00 3.756231973934271995e+00 8.548278427831537130e+00 3.575509944877146751e+01 2.448137065388085620e+00 3.756231973934271995e+00 2.448137065388085620e+00 4.419577943795987807e+01
2.046756940356909027e+01 4.859595832050352726e+00 5.533152653293063050e-01 4.859595832050352726e+00 5.271058864493786444e+01 8.196209711341460036e+00 5.533152653293063050e-01 8.196209711341460036e+00 -3.067018387843118887e+01
6.974196268638311835e+01 1.184061331051187693e+01 -5.006548268867061502e-01 1.184061331051187693e+01 3.248210194670223672e+01 2.078645335001898964e+00 -5.006548268867061502e-01 2.078645335001898964e+00 7.587947374075960738e+01
-2.715153593179561042e+01 -6.240095962014371445e-01 -7.279446608724561507e+00 -6.240095962014371445e-01 -1.964816072293455917e+01 -8.655555822112857456e+00 -7.279446608724561507e+00 -8.655555822112857456e+00 -1.587341133439732133e+01
1.081653168466429094e+01 -8.909310815763582525e+00 2.355728944526044533e+00 -8.909310815763582525e+00 -3.701655298542271044e+00 -8.879021781676826208e+00 2.355728944526044533e+00 -8.879021781676826208e+00 1.190601679036499050e+01
-3.533914700808651332e+01 5.633607804251607121e+00 9.780700339512822694e+00 5.633607804251607121e+00 3.163095323535300452e+01 -1.605298497153761828e+00 9.780700339512822694e+00 -1.605298497153761828e+00 1.359349307598884948e+01
-3.753569087721557729e+00 1.735030873854836031e+01 -7.947413691084678433e+00 1.735030873854836031e+01 1.583467908349057751e+01 3.215616174118376414e+00 -7.947413691084678433e+00 3.215616174118376414e+00 -1.782720342685784942e+01
1.182065656882107696e+01 -1.109459023036745151e+00 -1.366718252767019193e+00 -1.109459023036745151e+00 1.299134215819701765e+01 7.985895426921071349e-01 -1.366718252767019193e+00 7.985895426921071349e-01 1.037172651230695308e+01
-3.887104229461964877e+01 5.197430131003422105e-01 -1.093932246720323143e+01 5.197430131003422105e-01 -2.164431804752012312e+01 -3.867946310150811140e+00 -1.093932246720323143e+01 -3.867946310150811140e+00 -2.553924529402760513e+01
-4.566192524430861255e+01 -4.165676106326393402e+00 2.797776722700578755e+00 -4.165676106326393402e+00 2.670521117539209754e+01 2.237948737053387926e+00 2.797776722700578755e+00 2.237948737053387926e+00 5.729118113153822911e+00
1.094791334598074606e+01 -5.599895923492452798e-01 -5.387835413571390397e+00 -5.599895923492452798e-01 3.536662030587638128e+01 1.082155114261435402e+00 -5.387835413571390397e+00 1.082155114261435402e+00 4.284918684502252972e+01
3.143247050283628496e+01 -1.153187396136106813e+01 -2.963236248874834278e+00 -1.153187396136106813e+01 -1.809991188872511714e+01 9.683438135587815410e+00 -2.963236248874834278e+00 9.683438135587815410e+00 4.424473628978088868e+01
-7.140628128291575649e+01 8.507248997226023235e+00 -1.254354659075257139e+01 8.507248997226023235e+00 1.365197612027314022e+01 -6.586036532298365387e+00 -1.254354659075257139e+01 -6.586036532298365387e+00 -3.847655583348735320e+01
-3.003675082128788087e+00 1.635484921015762483e+00 3.718829975398032506e+00 1.635484921015762483e+00 1.067965506394156705e+01 -6.725585786917839259e-01 3.718829975398032506e+00 -6.725585786917839259e-01 7.634509179612365415e-01
1.022725627394694214e+01 3.473848860833478991e+00 -1.856317548466852685e+01 3.473848860833478991e+00 3.072045056475327129e+01 -2.128948322415896044e+00 -1.856317548466852685e+01 -2.128948322415896044e+00 -3.597233720857220618e+01
5.481839981127840211e+00 7.625110117883568073e+00 1.932330606227558867e-01 7.625110117883568073e+00 3.772757416929186292e+01 4.909444991456041407e+00 1.932330606227558867e-01 4.909444991456041407e+00 -3.380044826329228869e+01
-7.764035980821932981e+01 3.976190872645094743e+00 -1.509633916098763073e+00 3.976190872645094743e+00 -1.410916331335099727e+01 1.472317850762989977e+01 -1.509633916098763073e+00 1.472317850762989977e+01 -4.173709680070254535e+01
-2.902382417456240660e+01 -1.030615644998369440e+01 -1.025780963624312703e+00 -1.030615644998369440e+01 4.746914930595277582e+01 -2.516080203086108025e+00 -1.025780963624312703e+00 -2.516080203086108025e+00 4.526383377372158456e+00
-9.608658821224567248e+01 4.694952056184400924e+00 -2.647542052461676843e+00 4.694952056184400924e+00 -1.590603243694174829e+00 2.858720801324529326e+00 -2.647542052461676843e+00 2.858720801324529326e+00 -4.360922951670761449e+01
-1.243097463330001773e+01 1.930643103195398780e+01 -1.940153750513490749e+01 1.930643103195398780e+01 2.309678747342594818e+01 6.840586709502965768e+00 -1.940153750513490749e+01 6.840586709502965768e+00 -4.327862853055748360e+01
-5.063108847404402013e+01 9.838317357756535486e+00 6.593658853351326954e+00 9.838317357756535486e+00 -3.455947040584510432e+01 2.997460660283681189e-01 6.593658853351326954e+00 2.997460660283681189e-01 -4.928974387849969219e+01
-2.327900795137197676e+01 -1.296303225562996886e+01 -1.840766680979383096e+01 -1.296303225562996886e+01 2.955511496943775640e+01 6.471130377586982618e+00 -1.840766680979383096e+01 6.471130377586982618e+00 -6.446922540448080952e+01
5.030140664977281517e+01 1.421729377198495925e+01 9.465201138136695391e+00 1.421729377198495925e+01 7.279703099343666217e+00 -2.207414286755934985e+00 9.465201138136695391e+00 -2.207414286755934985e+00 5.574624447791863702e+01
4.180319734804850640e+01 -2.655640671400026243e+00 -1.737234247041259838e+00 -2.655640671400026243e+00 4.241227028448670211e+01 -1.624852587964926931e+00 -1.737234247041259838e+00 -1.624852587964926931e+00 3.406165932626390713e+01
-2.410519890254053976e+01 8.570107771910075556e+00 -3.021991171586106084e+00 8.570107771910075556e+00 3.713870610962371366e+00 -3.955320820638039248e+00 -3.021991171586106084e+00 -3.955320820638039248e+00 -3.940928009236031215e+01
3.595272864071712426e-01 1.212400722368274941e+01 -2.390293506856390238e+01 1.212400722368274941e+01 2.884389530293554937e+00 9.961311648724075596e+00 -2.390293506856390238e+01 9.961311648724075596e+00 -1.834667330358250581e+01
-5.318566047647511397e+01 -6.984738765723039755e+00 -6.287730749424845555e+00 -6.984738765723039755e+00 4.690648862738363079e+01 2.477757068905986237e+00 -6.287730749424845555e+00 2.477757068905986237e+00 -1.216004278943971251e+01
-6.465567690154404090e+01 5.754204364044466224e+00 -1.376926880860481361e+01 5.754204364044466224e+00 6.343720481416619705e+00 3.549653887733157820e+00 -1.376926880860481361e+01 3.549653887733157820e+00 -1.867530742769586638e+01
6.498581574115976700e+00 -8.775364731595661993e+00 -7.436019651721289314e+00 -8.775364731595661993e+00 6.284648740995741889e+00 -5.063824013123880974e+00 -7.436019651721289314e+00 -5.063824013123880974e+00 6.424317043635997315e+00
-2.814634461694564216e+00 -1.504486579351944409e+00 -1.871375170095022966e+01 -1.504486579351944409e+00 1.240092150815988958e+01 -1.462484596227396061e+01 -1.871375170095022966e+01 -1.462484596227396061e+01 2.385747497891870239e+01
-3.147044159008242659e+01 -4.904373422136505400e-01 2.567362415888311933e+00 -4.904373422136505400e-01 4.447889434383800022e+01 9.014088437726153202e+00 2.567362415888311933e+00 9.014088437726153202e+00 -7.830351100760000627e+00
-9.158516789961611337e+00 -3.130276537089219602e+00 4.797578325177517478e+00 -3.130276537089219602e+00 9.980045078954121962e+00 -4.106983761953251211e+00 4.797578325177517478e+00 -4.106983761953251211e+00 2.029024702857710238e+01
-1.136979021933953504e+01 1.029718323943803604e+01 1.691280052482341034e+00 1.029718323943803604e+01 1.367768652357226422e+01 -5.674847504079878924e+00 1.691280052482341034e+00 -5.674847504079878924e+00 -3.304598712205019240e+01
1.903122569457741387e+00 -4.163452180557373872e+00 1.448637615560187886e+00 -4.163452180557373872e+00 -1.991681210131084967e+01 5.893286304647353369e+00 1.448637615560187886e+00 5.893286304647353369e+00 -6.820027390156099933e+00
-7.346054005153471955e+00 3.158623044948917435e+00 -7.144199829343196306e+00 3.158623044948917435e+00 -2.200160585972955829e+01 -4.074574082941394337e+00 -7.144199829343196306e+00 -4.074574082941394337e+00 6.192505787181481480e+00
7.952071930706730463e+00 8.363239829042846907e+00 -1.708025318817413818e-01 8.363239829042846907e+00 -7.408535538938298970e+00 4.122751316459582149e+00 -1.708025318817413818e-01 4.122751316459582149e+00 1.046405547077173104e+01
9.848800122047154382e-01 -5.336266089604178475e+00 6.162687384635956001e+00 -5.336266089604178475e+00 -5.006902748563096139e+01 -7.789434407214649525e+00 6.162687384635956001e+00 -7.789434407214649525e+00 6.970305357731394480e+00
8.351915519593839932e+00 -1.583670693931037654e+00 8.152160477032076358e+00 -1.583670693931037654e+00 2.332877502370732437e+00 -1.846725654489383528e+00 8.152160477032076358e+00 -1.846725654489383528e+00 -2.241269239350454079e+00
-4.110585827424502270e+01 -2.319011925628762238e+00 -3.275134128571273173e-01 -2.319011925628762238e+00 2.284515320450825371e+01 -4.087376656700212330e+00 -3.275134128571273173e-01 -4.087376656700212330e+00 -4.194176944967946241e+00
2.736905596213467007e+01 -7.955541548853108047e+00 9.878312662045100723e+00 -7.955541548853108047e+00 2.658176319243635888e+01 -8.459130888082741606e+00 9.878312662045100723e+00 -8.459130888082741606e+00 2.656984846528741784e+01
-3.651307335913077434e+00 1.706509585693846986e+01 2.616084195819707858e+00 1.706509585693846986e+01 -9.111036516363627769e+00 4.923769112277843973e+00 2.616084195819707858e+00 4.923769112277843973e+00 -4.839922898546127783e+01
5.743713533591026277e+01 -8.584945021847657287e+00 6.115242705732899964e+00 -8.584945021847657287e+00 6.408545435086903552e+00 1.046905492144748528e+01 6.115242705732899964e+00 1.046905492144748528e+01 6.957654825421852252e+01
1.657973265763758519e+01 -4.322496698322386699e+00 -7.115832875586292516e+00 -4.322496698322386699e+00 4.343507444645464943e+01 2.854788315035189150e+00 -7.115832875586292516e+00 2.854788315035189150e+00 3.758363367929267440e+01
-1.696841330414722293e+01 8.011437349572182454e-01 6.422917830812585827e+00 8.011437349572182454e-01 8.871707030250261639e+00 -2.628065811546533848e+00 6.422917830812585827e+00 -2.628065811546533848e+00 -2.774463559257509715e+01
4.243058765388041564e+01 3.748357390754752938e+00 -7.533260730102190550e+00 3.748357390754752938e+00 4.034931858917049396e+01 2.143741799201144715e+00 -7.533260730102190550e+00 2.143741799201144715e+00 4.241402443156501789e+01
1.306901303912762380e+01 4.309800917210520943e+00 1.194591728406380060e+00 4.309800917210520943e+00 -1.067136168776016092e+01 -1.620289008638190698e+00 1.194591728406380060e+00 -1.620289008638190698e+00 2.590334442916773838e+01
-2.177565066669417604e+01 -7.116413377631445769e+00 -3.449985641133634484e+00 -7.116413377631445769e+00 3.048191280285279703e+01 5.237306830608177144e+00 -3.449985641133634484e+00 5.237306830608177144e+00 -4.906948349157833889e+01
4.395522794318239335e+01 2.459698417707448570e+00 4.209498665419466601e-01 2.459698417707448570e+00 2.912942428015283980e+01 -4.632727177962637555e+00 4.209498665419466601e-01 -4.632727177962637555e+00 4.775953404554791604e+01
-2.341521563777045500e+01 9.139390206118170212e+00 2.449442547296546646e+00 9.139390206118170212e+00 1.277032650408253289e+01 -1.267931233389327694e+01 2.449442547296546646e+00 -1.267931233389327694e+01 -5.369958252040374447e+01
2.609880992501220476e+01 -4.118948411039190738e+00 -1.723310240644695845e+00 -4.118948411039190738e+00 2.308358735613724377e+01 1.097648697575900556e+00 -1.723310240644695845e+00 1.097648697575900556e+00 2.366781983408537826e+01
-4.036270341540613060e+01 1.690777597353672501e+00 3.604243260022165773e-01 1.690777597353672501e+00 3.721926816548257477e+01 -1.301089504824719789e+01 3.604243260022165773e-01 -1.301089504824719789e+01 1.565764080145411186e-02
-2.898077471041526820e+01 3.803131521954808303e+00 -2.423879405366943018e+01 3.803131521954808303e+00 -6.624432554137025253e-01 1.072451296439349200e+01 -2.423879405366943018e+01 1.072451296439349200e+01 -7.687998693517064908e+01
-3.730985037823212735e+01 -5.740562492795253213e+00 3.793036466215620628e+00 -5.740562492795253213e+00 1.454178738021548334e+01 -7.322137474692785197e+00 3.793036466215620628e+00 -7.322137474692785197e+00 -7.437161041632775493e+01
-4.646605632779966299e+01 7.155903768777077900e+00 -8.726831368504618380e-01 7.155903768777077900e+00 1.270921576026910316e+01 2.212596555293049860e+01 -8.726831368504618380e-01 2.212596555293049860e+01 -1.755971955108281435e+01
1.933673193798979506e+00 4.060471276391019124e+00 -4.177306289888592872e+00 4.060471276391019124e+00 8.899943655510380580e+00 -9.897614392673290240e+00 -4.177306289888592872e+00 -9.897614392673290240e+00 2.848552508110299808e+00
1.663458820385624648e+01 -8.340173215706490950e+00 -6.383314418324563810e+00 -8.340173215706490950e+00 -1.479798019483038551e+01 -1.961026213370701266e+00 -6.383314418324563810e+00 -1.961026213370701266e+00 2.946799293603215730e+01
-2.597563942441539808e+01 -1.841136553117609864e+01 -7.655016491173062931e+00 -1.841136553117609864e+01 2.670060384953867327e+01 -1.362166714634692077e+00 -7.655016491173062931e+00 -1.362166714634692077e+00 -2.002760564719316516e+00
-5.783432970652802041e+00 4.352628509904366005e+00 -3.730015501676716472e+00 4.352628509904366005e+00 -1.124485187730758229e+00 -1.512004961253050794e+01 -3.730015501676716472e+00 -1.512004961253050794e+01 4.361743478250981632e+00
-4.767999330760231658e+01 6.208749733263709381e+00 -1.791204522320351267e-01 6.208749733263709381e+00 2.140006474134390757e+01 -1.939625267316201374e+01 -1.791204522320351267e-01 -1.939625267316201374e+01 5.638537301059153073e+00
-5.464168092924577991e+01 -3.483262213754505066e+00 1.054367388657299642e+01 -3.483262213754505066e+00 5.064879218507327607e+01 1.397424263467323291e+00 1.054367388657299642e+01 1.397424263467323291e+00 -5.603013250777753029e+00
6.126996283987572234e+00 1.524625023879633012e+01 3.609273207285141005e+00 1.524625023879633012e+01 1.407868013126879170e+01 9.629441078471735693e+00 3.609273207285141005e+00 9.629441078471735693e+00 -6.287963723133475291e+00
4.784917656095526439e+01 -1.661468029341590835e+01 5.777092269749735109e+00 -1.661468029341590835e+01 4.966324540139819277e+01 6.918750066694956402e+00 5.777092269749735109e+00 6.918750066694956402e+00 4.581851002337442935e+01
1.794066471250787131e+01 7.774696973301091774e+00 5.198387227113832942e+00 7.774696973301091774e+00 4.005686667829301228e+01 1.659188123788653615e-02 5.198387227113832942e+00 1.659188123788653615e-02 -2.021095121539582706e+01
-2.206152460303778540e+01 -8.830768167117065914e+00 -1.048300443485038702e+00 -8.830768167117065914e+00 -2.578172058531129185e+00 -4.083681546252025285e+00 -1.048300443485038702e+00 -4.083681546252025285e+00 -4.205841358790291196e+01
4.378276143492720252e+01 -2.362786329922809347e+00 -4.178733460467664584e-01 -2.362786329922809347e+00 5.067684562373742807e+01 -1.061832626109468336e+01 -4.178733460467664584e-01 -1.061832626109468336e+01 5.617901121650400853e+01
-1.634626541080139361e+01 1.657288104003595830e+00 1.360858932238483421e+00 1.657288104003595830e+00 3.256716584610692422e+01 -1.919559007151249164e-01 1.360858932238483421e+00 -1.919559007151249164e-01 -5.911081009840962963e+01
-6.517849425999061452e+01 4.645744801517709632e+00 6.855363762132726357e+00 4.645744801517709632e+00 -8.835848916473583614e+00 1.619241668541236745e+00 6.855363762132726357e+00 1.619241668541236745e+00 -2.561298489952730151e+01
6.985380481095238459e+00 1.075228737912705412e+01 9.488286490263062589e+00 1.075228737912705412e+01 -6.464897800840941677e+00 -1.786889915153278552e-01 9.488286490263062589e+00 -1.786889915153278552e-01 -2.813901316405724273e+00
1.559962423375366924e+01 -7.545728172524302835e+00 1.911678363292627836e+01 -7.545728172524302835e+00 3.674913567287500626e+01 -3.688508118297205929e+00 1.911678363292627836e+01 -3.688508118297205929e+00 9.476528487544918278e+00
5.646082970897128206e+01 -1.919335182476173074e+01 1.375961081878764247e+01 -1.919335182476173074e+01 4.055874665508825672e+01 -9.844373304898917709e+00 1.375961081878764247e+01 -9.844373304898917709e+00 3.864434062317064189e+01
5.042316774707344962e+01 3.197826682539535170e-01 5.473500103509872261e+00 3.197826682539535170e-01 3.972960118088602144e+01 3.084840283622465318e-01 5.473500103509872261e+00 3.084840283622465318e-01 5.960541929997643251e+01
-3.033707377532938310e+01 2.237284093732046486e+01 1.776638680541256932e+01 2.237284093732046486e+01 2.647230267685132432e+01 -2.763479872595764331e+00 1.776638680541256932e+01 -2.763479872595764331e+00 -5.804304923229486946e+01
2.447065997260966341e+01 -9.593721737419086404e-02 -9.979595538138056554e+00 -9.593721737419086404e-02 9.751933148837613530e+00 -1.205744239723035882e+01 -9.979595538138056554e+00 -1.205744239723035882e+01 3.442651797261061830e+01
-3.008903733214298271e+01 -1.048141340781691966e+01 -4.173023723476702251e+00 -1.048141340781691966e+01 2.183249374858377934e+01 1.258253389481133633e+00 -4.173023723476702251e+00 1.258253389481133633e+00 -6.648903052770630495e+01
5.452078792523922601e+01 -4.199922922215191257e+00 1.544688228045253275e+01 -4.199922922215191257e+00 7.711346278788237640e+00 6.471914809985690020e+00 1.544688228045253275e+01 6.471914809985690020e+00 7.044346214959197994e+01
5.822839497030730627e+01 -2.849456190470208927e+00 -2.711394939983342667e+01 -2.849456190470208927e+00 2.704379581373404307e+01 7.161027146296373935e+00 -2.711394939983342667e+01 7.161027146296373935e+00 6.462222315218194524e+01
