7.331800223565648089e+00 1.312344669611758796e+01 1.319504966918231936e+01 1.312344669611758796e+01 2.798394138321484093e+01 -1.670367896512653871e+01 1.319504966918231936e+01 -1.670367896512653871e+01 3.167156417585882622e+00
-1.308684004930308653e+01 -1.400754465809761762e-01 1.486491762441150222e+01 -1.400754465809761762e-01 -2.171839673569325768e+01 4.949722237550973070e+00 1.486491762441150222e+01 4.949722237550973070e+00 -2.472403292028911892e+01
-2.396220653518624388e+01 -5.472238246196179823e+00 -1.314913226026923176e+00 -5.472238246196179823e+00 -6.080874995300199259e+00 1.329869660877833937e+01 -1.314913226026923176e+00 1.329869660877833937e+01 8.278005556719619795e-01
-1.159495079425965258e+01 -3.032759310505968475e+00 7.603432465277133012e+00 -3.032759310505968475e+00 -2.151742976413655306e+00 -1.224046357384439432e+01 7.603432465277133012e+00 -1.224046357384439432e+01 -3.854641504627147608e+00
-3.044254533878205393e+01 4.020442559414590278e+00 -2.497152574311979567e+00 4.020442559414590278e+00 -1.659927312496343177e+01 -1.349614342383055554e+00 -2.497152574311979567e+00 -1.349614342383055554e+00 -4.459382302956849031e+01
7.621772727678331805e+00 1.868965954144450325e+00 1.017096373746072402e+01 1.868965954144450325e+00 2.056540752263095850e+00 -6.257032780020458373e-01 1.017096373746072402e+01 -6.257032780020458373e-01 -2.258527357846006822e+01
5.377741589220183727e+01 -1.284201682230873409e+01 -2.000179953496024066e-01 -1.284201682230873409e+01 6.392840979777271571e+01 9.978662852192798027e+00 -2.000179953496024066e-01 9.978662852192798027e+00 -6.601319620743899552e-01
-4.945498928468563093e+01 7.358513636989060913e+00 -9.542770238064647970e+00 7.358513636989060913e+00 -4.401791498434742067e+01 -4.053464550021513624e+00 -9.542770238064647970e+00 -4.053464550021513624e+00 -3.409759098679551670e+01
-3.195684624906451887e+01 -6.178928472784476211e-01 -2.919098341538613361e+00 -6.178928472784476211e-01 -3.468309550359843740e+01 1.134606393166139071e+01 -2.919098341538613361e+00 1.134606393166139071e+01 -4.879456386006436475e+01
8.781143510555661891e+00 7.038535853922200047e+00 2.718526547843780783e+00 7.038535853922200047e+00 1.059366997362760721e+01 7.819726139671664411e-01 2.718526547843780783e+00 7.819726139671664411e-01 -2.342697494474447950e+01
6.298285047899958577e-01 -1.342959111826602125e+01 8.425290662932278352e+00 -1.342959111826602125e+01 -1.725907000139977221e+00 -8.386632859569360221e+00 8.425290662932278352e+00 -8.386632859569360221e+00 -3.049724352301400998e+01
2.321529077465444857e+01 6.052835419241556103e+00 -2.589576624579039699e-01 6.052835419241556103e+00 1.341272575263239908e+01 -5.450533234907321001e-01 -2.589576624579039699e-01 -5.450533234907321001e-01 -4.277168001061641434e+01
-2.064652411966908119e+01 7.612855053280870088e+00 -7.061009024241052145e+00 7.612855053280870088e+00 -1.819524421809171599e+01 1.423552652838978183e+01 -7.061009024241052145e+00 1.423552652838978183e+01 -4.584687751796169408e+01
4.981900191433162917e+01 1.960403626130199806e+00 -9.027633243407571229e-01 1.960403626130199806e+00 4.645796211103850482e+01 -1.191945955940874935e+00 -9.027633243407571229e-01 -1.191945955940874935e+00 1.387047062036518064e+01
9.577487654613948465e+00 -5.532984255927487105e+00 1.042242735158686484e+00 -5.532984255927487105e+00 1.174271882315792404e+01 -8.444082409778049580e+00 1.042242735158686484e+00 -8.444082409778049580e+00 -2.464014222291466183e+01
2.787504360704248541e+01 2.307773338245864836e-01 5.467604965681736928e+00 2.307773338245864836e-01 5.734255114629452699e+00 -1.986138786380102550e+00 5.467604965681736928e+00 -1.986138786380102550e+00 7.147193603191330347e+00
-3.363961672281084958e+01 -2.517348107439767890e+00 1.574488997354126596e+01 -2.517348107439767890e+00 -3.977160323577511747e+01 -7.089909399875589102e-01 1.574488997354126596e+01 -7.089909399875589102e-01 -4.362666155945106539e+01
-3.307468668105901788e+00 -4.930498958142957022e+00 2.581196593799832684e+00 -4.930498958142957022e+00 -4.210647736314127698e+00 -7.833794419935277809e+00 2.581196593799832684e+00 -7.833794419935277809e+00 -3.522956368667842231e+00
-4.610930081944895065e+00 8.278424587935396817e-01 -1.052873261476040323e+00 8.278424587935396817e-01 1.035251760991821257e+01 1.100821129433737333e+01 -1.052873261476040323e+00 1.100821129433737333e+01 -2.543208422460611473e+01
3.249807053926013101e+00 -1.498623331408281523e+01 1.707614923148392094e+01 -1.498623331408281523e+01 -1.328918848027092103e+01 4.665855631251329960e+00 1.707614923148392094e+01 4.665855631251329960e+00 7.819498122834743548e+00
-1.229762394322995256e+01 7.437359282560884743e+00 -6.728762757807491113e+00 7.437359282560884743e+00 -1.022791286722969950e+01 2.549554438544697277e+01 -6.728762757807491113e+00 2.549554438544697277e+01 -3.578971277866518363e+01
-1.733621796968594708e+01 1.342861265284905237e+01 -4.109295390046027840e+00 1.342861265284905237e+01 -4.240718096946569204e+01 -1.459143694620495246e+01 -4.109295390046027840e+00 -1.459143694620495246e+01 -7.269101103461520097e+01
-2.301305841463305057e+01 -3.558091106653140212e+00 6.853803807083806987e+00 -3.558091106653140212e+00 -1.473576335908129664e+01 8.747977208740577382e+00 6.853803807083806987e+00 8.747977208740577382e+00 -2.157704159982517211e+01
-1.548879054213633255e+00 3.925606884447761402e+00 7.720462784201186146e+00 3.925606884447761402e+00 -4.283286677605517290e-01 -7.407512830669250592e-01 7.720462784201186146e+00 -7.407512830669250592e-01 -1.076829713267140498e+01
-1.312526577510735493e+01 -6.972835407015497644e+00 2.410564067879973393e+01 -6.972835407015497644e+00 6.216913009919181832e+00 3.243488664255448573e+00 2.410564067879973393e+01 3.243488664255448573e+00 -3.787495242458570743e+01
-2.896312518247643020e+00 -9.291625544683558280e-01 -1.050976089555006077e+01 -9.291625544683558280e-01 -6.338848317089959217e+00 2.120214253469452004e+01 -1.050976089555006077e+01 2.120214253469452004e+01 -2.744920964122698237e+01
2.543733399119414429e+00 1.128147742109425034e+00 4.208734636837264453e+00 1.128147742109425034e+00 -1.082676506101971015e+01 -7.423205556092522528e+00 4.208734636837264453e+00 -7.423205556092522528e+00 6.266327336616699384e-01
1.156445002469167171e+01 1.987319626968098518e+01 4.341942780853369932e+00 1.987319626968098518e+01 -1.517026505935053748e+01 3.675745762498862756e+00 4.341942780853369932e+00 3.675745762498862756e+00 -3.185480177778182664e+01
1.963432629968882281e+01 2.301539751097625430e+00 7.026881694734535166e+00 2.301539751097625430e+00 2.240727668508865023e+01 -7.724956552901907081e+00 7.026881694734535166e+00 -7.724956552901907081e+00 1.274202951657125560e+01
1.758264261345500756e+01 -2.682319921475265101e+00 -9.768257649291895106e+00 -2.682319921475265101e+00 2.195725768078553841e+01 2.012649476284889438e+00 -9.768257649291895106e+00 2.012649476284889438e+00 -7.505149829273297435e+00
-1.803230257843154405e+01 -1.069701426494115637e+01 6.105605674328310251e+00 -1.069701426494115637e+01 -1.652872568134331388e+01 -8.902586330342018073e+00 6.105605674328310251e+00 -8.902586330342018073e+00 -1.566015780272221747e+01
-1.517530817043331837e+01 -3.712255569140029188e+00 -1.042676146633174561e+01 -3.712255569140029188e+00 -9.862102282955561350e+00 -1.000721095289714313e+01 -1.042676146633174561e+01 -1.000721095289714313e+01 -2.128317321670081341e+01
-1.589645408675051286e+01 -2.224742628584779336e+00 9.277925227949934239e+00 -2.224742628584779336e+00 -2.113328978666149283e+01 -7.517348246409112811e+00 9.277925227949934239e+00 -7.517348246409112811e+00 -3.926107936123911912e+01
-1.997532139666466477e+01 4.079541172494828061e+00 4.061316960193230408e+00 4.079541172494828061e+00 -2.791614935388280827e+01 1.300427305273702494e+01 4.061316960193230408e+00 1.300427305273702494e+01 -5.807078735527456104e+01
2.934028280751439510e+01 1.715511366162076357e+01 -1.395778732675365674e+01 1.715511366162076357e+01 2.244007668999175564e+01 -1.786017695107151937e+01 -1.395778732675365674e+01 -1.786017695107151937e+01 2.486252470728764408e+01
-1.827846478755456516e+01 9.477724309225669330e+00 1.433294372035418718e+01 9.477724309225669330e+00 -2.574987108389607116e+01 -5.683153767736706108e+00 1.433294372035418718e+01 -5.683153767736706108e+00 -3.363425456886410814e+01
-8.306723677745251777e+00 2.492452471801581471e+00 -1.149088474205765742e+01 2.492452471801581471e+00 -2.563894942685859135e+01 1.797585142035439176e+01 -1.149088474205765742e+01 1.797585142035439176e+01 -7.960901446271362758e+00
-3.687567609125993240e+00 5.147371151648430398e+00 4.886620624916080402e+00 5.147371151648430398e+00 -2.607489677080459956e+01 1.650624405315049970e+01 4.886620624916080402e+00 1.650624405315049970e+01 -4.917928802501585039e+01
3.028888148303460071e+01 1.474851781607360124e+01 -7.134362707123228731e+00 1.474851781607360124e+01 3.436243737062642367e+01 1.004051716204925349e+01 -7.134362707123228731e+00 1.004051716204925349e+01 -6.050622920803472304e+00
-8.741051773706656647e+00 -2.423892315895555871e+00 9.100409023256503360e+00 -2.423892315895555871e+00 -7.169786939656454194e+00 -4.807065098020227190e+00 9.100409023256503360e+00 -4.807065098020227190e+00 5.248436510146157197e+00
-1.121207316288448119e+01 -3.693324196074540211e+00 2.161070534913582719e+01 -3.693324196074540211e+00 1.359687253625722647e+01 -1.440697375009176939e+00 2.161070534913582719e+01 -1.440697375009176939e+00 -3.711587804102899213e+01
2.798119351858084158e+01 -5.077412880287822006e+00 -1.159978350551508264e+01 -5.077412880287822006e+00 1.649114087967252829e+01 2.519948268646409417e+00 -1.159978350551508264e+01 2.519948268646409417e+00 2.758718318406094383e+00
-3.954673079266548097e+00 2.087118390783351707e+00 -3.768566210548164541e+00 2.087118390783351707e+00 -2.902789197241333596e+01 -7.902697637838993927e+00 -3.768566210548164541e+00 -7.902697637838993927e+00 -5.881718730920581351e+01
-2.483762055039898886e+00 7.774117185203499147e+00 -4.232304712558590865e+00 7.774117185203499147e+00 -9.242756177559202868e+00 6.305752971883934244e+00 -4.232304712558590865e+00 6.305752971883934244e+00 -9.730818701549287297e+00
2.472173459390117145e+01 1.100803701551843439e+01 -7.677805191769446758e+00 1.100803701551843439e+01 6.233287765831913241e+00 3.648359575111272818e-02 -7.677805191769446758e+00 3.648359575111272818e-02 -1.755937343938325412e+01
-2.130252230865125540e+01 1.130504581120498209e+01 -3.793299079664949947e+00 1.130504581120498209e+01 -2.500606678666660443e+01 -8.079562761920644931e+00 -3.793299079664949947e+00 -8.079562761920644931e+00 -7.749168224097678603e+01
-5.088687266246449070e+00 1.420259190738580202e+00 5.115733408022312467e+00 1.420259190738580202e+00 -1.124096494400638946e+01 1.374615370398987757e+01 5.115733408022312467e+00 1.374615370398987757e+01 -1.917231868634548775e+01
1.453201177922059273e+01 1.053718855852630831e+01 3.760596555850393985e-01 1.053718855852630831e+01 1.993694654711519831e+01 -3.815453600436114812e+00 3.760596555850393985e-01 -3.815453600436114812e+00 3.102158393906294975e+01
-2.606472627912785445e+00 1.045784807527000027e+01 -2.214878564740187183e+00 1.045784807527000027e+01 -1.734544256638233861e+01 -8.547011485613019488e+00 -2.214878564740187183e+00 -8.547011485613019488e+00 -1.854534778902362291e+01
1.360490993811809268e+01 1.331604329989389690e+01 7.338879354658435439e+00 1.331604329989389690e+01 1.187820613575012629e+01 7.471335624031314460e+00 7.338879354658435439e+00 7.471335624031314460e+00 -2.562689765343161952e+00
8.726847833155593648e+00 6.510823005042996492e+00 3.534567580576760459e+00 6.510823005042996492e+00 1.004107254602651977e+01 4.093757162332631871e+00 3.534567580576760459e+00 4.093757162332631871e+00 -3.589537951814505590e+01
3.983348415184391200e+01 1.394725891027901099e+01 1.325960167170589399e+00 1.394725891027901099e+01 1.890163290782125571e+01 5.820420051012187734e+00 1.325960167170589399e+00 5.820420051012187734e+00 -1.096568339256091207e+01
3.174487010853621616e-01 5.569880058477261642e+00 3.023900750214898459e+00 5.569880058477261642e+00 3.968565170679845822e-01 5.615001167815340644e+00 3.023900750214898459e+00 5.615001167815340644e+00 -3.258816299842010977e+01
-8.609481233924816124e+00 7.116327865524522345e+00 -7.703484852295409802e+00 7.116327865524522345e+00 -1.277808201328024573e+01 4.860714540711550541e-02 -7.703484852295409802e+00 4.860714540711550541e-02 -4.872218557888626123e+01
-1.301142954564509324e+01 9.707259916583858228e+00 -8.092088446858959117e+00 9.707259916583858228e+00 -2.437346055895645236e+01 3.021110616357472800e+00 -8.092088446858959117e+00 3.021110616357472800e+00 -2.190628401260692470e+01
4.942389535029202641e+00 4.410481703139794263e+00 -2.380020808044416292e+00 4.410481703139794263e+00 9.486254853505178275e+00 -7.457834137726642609e+00 -2.380020808044416292e+00 -7.457834137726642609e+00 -3.761316632764250301e+01
4.572915780310179201e+01 7.207366634070139000e+00 2.838750356378027195e+00 7.207366634070139000e+00 4.333215402392210081e+01 1.517781988823715267e+01 2.838750356378027195e+00 1.517781988823715267e+01 -5.043755658781327256e+00
1.159017513841432567e+01 1.111564510458778798e+01 4.618087936445288477e+00 1.111564510458778798e+01 2.293892582861291274e+01 -7.307202925577091612e+00 4.618087936445288477e+00 -7.307202925577091612e+00 2.231211761581455733e+01
3.731084640365544658e+01 5.058904846364449703e+00 -5.150052742025113872e+00 5.058904846364449703e+00 3.725589286149961055e+01 5.612943259747804614e-01 -5.150052742025113872e+00 5.612943259747804614e-01 -2.066511435245482531e+01
-2.760617457015927201e+01 4.054204650604098958e+00 4.410740485092383700e+00 4.054204650604098958e+00 -2.502701013571458333e+01 -7.074327141258172524e+00 4.410740485092383700e+00 -7.074327141258172524e+00 -5.338730756271240807e+01
-1.178809416357273143e+01 8.515115028527286967e+00 2.015215895316616823e+00 8.515115028527286967e+00 -1.224383945931399076e+01 1.337766330836885231e+00 2.015215895316616823e+00 1.337766330836885231e+00 -2.446098977879080749e+01
-4.018270166962332013e+01 -2.471388307558449515e+00 -1.015843501917390945e+01 -2.471388307558449515e+00 -5.911181990830876032e+01 4.388097727042989948e-01 -1.015843501917390945e+01 4.388097727042989948e-01 -5.221991116423615864e+01
-1.806892413068835523e+01 -1.916129858534855623e+00 6.869078715499006726e+00 -1.916129858534855623e+00 -3.773249966316153348e+01 -1.186427441939038374e+00 6.869078715499006726e+00 -1.186427441939038374e+00 -4.030759607251206234e+01
-1.646033732847757136e+01 1.419813567525947562e+01 2.800464378988331227e+00 1.419813567525947562e+01 -1.865938883617153010e+01 -7.382137779133268740e-01 2.800464378988331227e+00 -7.382137779133268740e-01 -3.752970530938186755e+01
-5.646759275649710474e+00 -3.311970245871057816e+00 2.359631234116423926e+01 -3.311970245871057816e+00 -2.166779450396450102e+01 -1.055749514920332821e+01 2.359631234116423926e+01 -1.055749514920332821e+01 -9.568172814054374697e+00
3.326700879458683602e+01 6.353955552294067388e+00 6.673038141170377635e+00 6.353955552294067388e+00 3.125069600493380761e+01 4.025113452462254493e+00 6.673038141170377635e+00 4.025113452462254493e+00 2.222113333507567123e+00
4.737642861261743121e+01 -5.285786606575534341e-01 -7.211397365228403800e+00 -5.285786606575534341e-01 4.814840723256042310e+01 -9.457718149342348113e+00 -7.211397365228403800e+00 -9.457718149342348113e+00 1.680426614360543169e+01
1.247770738055211659e+01 -1.269661740267341976e+01 -6.447831879614822626e+00 -1.269661740267341976e+01 -9.449956234266050359e+00 -1.083111944161668383e+01 -6.447831879614822626e+00 -1.083111944161668383e+01 -3.853343537833262644e+01
7.766288962856807032e+00 1.010370453053510253e+01 -9.249265767603436217e+00 1.010370453053510253e+01 6.262251636446268144e+00 1.098431605921484078e+01 -9.249265767603436217e+00 1.098431605921484078e+01 -4.118050035706793288e+00
1.317150059207402713e+01 1.385168224320834618e+01 -4.553791452713764620e+00 1.385168224320834618e+01 1.776695523505189200e+01 4.735992310218418488e+00 -4.553791452713764620e+00 4.735992310218418488e+00 -2.295861278095273406e+01
-9.063261876096060377e+00 -1.879946936127280033e+00 1.817645997871441921e+01 -1.879946936127280033e+00 -1.089651557469646148e+00 -3.173014434208898393e+00 1.817645997871441921e+01 -3.173014434208898393e+00 -4.211041524576304340e+01
4.082096108423885816e+00 5.278472728218343235e+00 -4.331804245788332786e+00 5.278472728218343235e+00 8.787431106257548308e+00 3.127849877264029521e-01 -4.331804245788332786e+00 3.127849877264029521e-01 -1.115290582569102185e+01
-7.921126106031049829e+00 1.355799853306339209e+01 7.829199843203229037e+00 1.355799853306339209e+01 -1.447000965308247178e+00 1.490587888202958666e+01 7.829199843203229037e+00 1.490587888202958666e+01 1.564182481038558781e-01
8.241054820389038582e+00 6.990211411521801921e+00 1.147895288990183005e+01 6.990211411521801921e+00 -1.246078244477322805e+01 6.914735573262533741e+00 1.147895288990183005e+01 6.914735573262533741e+00 2.242045876281824235e+01
3.290221262409287029e+00 3.288427217206225439e+00 2.114004879277235904e+00 3.288427217206225439e+00 -3.205682105840578799e+01 1.219872203573309299e+01 2.114004879277235904e+00 1.219872203573309299e+01 -3.831275755149459883e+01
-1.084096938798265164e+01 -5.818795713371325284e+00 -5.326028160076931250e+00 -5.818795713371325284e+00 -8.525331503038065861e+00 7.005518174921159691e+00 -5.326028160076931250e+00 7.005518174921159691e+00 -2.078733047891219599e+01
-3.160028975319286459e+01 1.267846366351903242e+01 -6.036473953237066148e+00 1.267846366351903242e+01 -2.839253717097886209e+01 5.404982174897901004e+00 -6.036473953237066148e+00 5.404982174897901004e+00 -4.211564677143211810e+01
1.193633399909124471e+01 1.539777130925106041e+00 9.008394082227310307e+00 1.539777130925106041e+00 5.461147075559481756e+00 -8.755538157555184942e-01 9.008394082227310307e+00 -8.755538157555184942e-01 -2.457724116905880507e+01
2.988413608150851530e+01 1.079387088810188366e+01 1.172111483238061602e+01 1.079387088810188366e+01 2.237029819561603716e+01 6.954092029057595603e+00 1.172111483238061602e+01 6.954092029057595603e+00 1.097140455172454132e+01
5.955112113799061468e+00 -1.343455991023490892e+00 1.786003057560974838e+01 -1.343455991023490892e+00 1.174280024677092271e+01 5.393668250011868892e+00 1.786003057560974838e+01 5.393668250011868892e+00 1.713610756033466576e+00
-2.641077865698470006e+01 -1.208781571056556370e+00 -7.866933454247964086e+00 -1.208781571056556370e+00 -1.703892114991598206e+01 6.455613410585399059e+00 -7.866933454247964086e+00 6.455613410585399059e+00 1.680707762079470413e+01
1.389203141515298157e+01 -8.378136415943828297e+00 -1.546130297918469454e+00 -8.378136415943828297e+00 -1.550796335709940976e+01 1.446438208285767857e+01 -1.546130297918469454e+00 1.446438208285767857e+01 1.373039188139280142e+01
-1.132808298091381971e+01 6.910186272790285855e+00 -1.780898371360694954e+00 6.910186272790285855e+00 -2.127621864717005451e+01 2.883102528718129776e+00 -1.780898371360694954e+00 2.883102528718129776e+00 -8.677424669420092940e+00
-1.922219232826157054e+01 1.360312664332544053e+01 -6.435049287634980963e+00 1.360312664332544053e+01 -2.816426448796077864e+01 -7.404512522189200752e+00 -6.435049287634980963e+00 -7.404512522189200752e+00 -2.381428276563089952e+01
3.358385310551362579e+01 7.639721311954986049e+00 2.198017029161445812e+00 7.639721311954986049e+00 3.172236176431655252e+01 -1.450727618141749353e+01 2.198017029161445812e+00 -1.450727618141749353e+01 2.531098569615217642e+01
2.104222505166069723e+01 -3.818336228580133884e+00 -1.467989019769718739e+00 -3.818336228580133884e+00 2.947942577087264482e+01 4.060159843120267453e+00 -1.467989019769718739e+00 4.060159843120267453e+00 6.144740708043769928e+00
4.244763810364580614e+00 1.293536543475468470e+01 -2.170939656356126068e+00 1.293536543475468470e+01 -3.081182808545057839e+01 2.244673146758398019e+00 -2.170939656356126068e+00 2.244673146758398019e+00 -2.401165965517460776e+01
-3.266945933980962025e+01 9.229276794415936180e+00 1.463746920238180671e+01 9.229276794415936180e+00 -3.124640001032075176e+01 -4.237520587944565875e+00 1.463746920238180671e+01 -4.237520587944565875e+00 -2.975232945333447887e+01
4.380500045673556286e+01 -4.360696579874322687e+00 -3.072643784487516960e+00 -4.360696579874322687e+00 4.059102737597704191e+01 6.762385702788810127e-01 -3.072643784487516960e+00 6.762385702788810127e-01 7.325335642509119616e+00
4.125074740314225608e+00 7.110321935860680398e+00 1.673756808799889484e+01 7.110321935860680398e+00 2.914240099331196987e+00 -2.591328352612549235e+00 1.673756808799889484e+01 -2.591328352612549235e+00 4.084758144491277498e+00
2.749042305382297258e+01 5.081062507758414171e+00 1.414386797438315035e+01 5.081062507758414171e+00 1.640026074974447923e+01 -6.223106818491867642e+00 1.414386797438315035e+01 -6.223106818491867642e+00 -1.151443479638214917e+01
1.300758437938433509e+01 6.698211455760874955e+00 -3.206260056768840627e+00 6.698211455760874955e+00 8.292885328913660814e+00 7.982803350020717392e-01 -3.206260056768840627e+00 7.982803350020717392e-01 -8.459543202623788005e+00
3.247014112471806158e+01 -3.059165181650609799e+00 -2.159280775664141672e+01 -3.059165181650609799e+00 3.072025817260666258e+01 6.113296074000922786e+00 -2.159280775664141672e+01 6.113296074000922786e+00 -1.528180330050463054e+00
4.989999020473279145e+00 2.341616558544054705e+00 -5.291935613114739034e+00 2.341616558544054705e+00 1.991352930572382363e+01 -7.564945640555333028e+00 -5.291935613114739034e+00 -7.564945640555333028e+00 -3.770991476872778492e+01
-1.190548957770102767e+01 1.005746129832772695e+01 7.646387847645760516e+00 1.005746129832772695e+01 -2.180404364013242713e+01 1.271409103362861615e+01 7.646387847645760516e+00 1.271409103362861615e+01 -3.686794747852331966e+01
-2.952222676428880277e+01 -1.074056621967840464e+00 -5.825689533153146193e+00 -1.074056621967840464e+00 -1.981747643620096966e+01 -1.139226976076117026e+01 -5.825689533153146193e+00 -1.139226976076117026e+01 -2.881125117483741960e+01
-5.068992108927401929e+00 4.017665318350536197e+00 -8.530916707490128204e+00 4.017665318350536197e+00 -4.177570606710954593e+00 -6.952477803500303644e+00 -8.530916707490128204e+00 -6.952477803500303644e+00 -1.955086254023751380e+01
-2.722819234422543389e+01 5.011905788045975640e+00 -7.385248326233538663e+00 5.011905788045975640e+00 -2.121762171460026281e+01 2.092477516617873956e+00 -7.385248326233538663e+00 2.092477516617873956e+00 -4.604242965583915037e+01
-3.982843990933120892e+01 -4.079695348817132583e+00 -1.999527762050153368e-01 -4.079695348817132583e+00 -3.683572136352454862e+01 1.872258272949479219e+00 -1.999527762050153368e-01 1.872258272949479219e+00 -3.051309702260542522e+01
9.451201486094392479e+00 1.513390617581051067e+01 -9.328647889005234006e+00 1.513390617581051067e+01 1.561179152494093714e+01 -6.182307953704313519e+00 -9.328647889005234006e+00 -6.182307953704313519e+00 -2.488649899019441847e+01
