2.342789565232113347e+01 7.184117955994624438e+00 2.458015917006978412e+01 7.184117955994624438e+00 3.564126336380665894e+00 -1.282920998815335523e+01 2.458015917006978412e+01 -1.282920998815335523e+01 1.968928067088458178e+01
4.293170438445609705e+01 5.829164579852034400e+00 2.742710154792862554e+01 5.829164579852034400e+00 1.270532705280079711e+01 4.838392940260130004e-01 2.742710154792862554e+01 4.838392940260130004e-01 6.356527185130381952e+01
1.934083243087337323e+01 -6.035731739940462859e+00 2.465014357429438974e+01 -6.035731739940462859e+00 -7.638486481610201606e-01 -7.873704348516563201e+00 2.465014357429438974e+01 -7.873704348516563201e+00 3.048653228875785359e+01
2.861207122652072954e+01 -5.788718367237985163e+00 4.103285445462307024e+01 -5.788718367237985163e+00 -4.340899395023212648e+00 -1.458322758381455131e+01 4.103285445462307024e+01 -1.458322758381455131e+01 1.513524843477009618e+01
1.242872819051537014e+01 -7.385939978969322972e+00 1.840280861299315518e+01 -7.385939978969322972e+00 -2.984759920735429972e+01 1.986962560824648838e-01 1.840280861299315518e+01 1.986962560824648838e-01 4.171579845626196104e+00
7.657129223278160701e+00 6.050323906404609708e+00 6.496299323220871003e+00 6.050323906404609708e+00 1.254649049468830491e+01 -5.669269845966581123e+00 6.496299323220871003e+00 -5.669269845966581123e+00 2.332256239730902792e+01
-1.262453687306100925e+01 -5.397026397721005786e+00 3.514828218520730019e+01 -5.397026397721005786e+00 -2.558294895425750681e+01 -2.129366409693846762e+01 3.514828218520730019e+01 -2.129366409693846762e+01 -3.284511962963103571e+01
-4.310985206707539596e+00 4.076376468520392038e+00 1.270896135502448487e+01 4.076376468520392038e+00 -2.846159037503835698e+00 2.764499802018363983e+00 1.270896135502448487e+01 2.764499802018363983e+00 1.149758280855842685e+01
-1.205830878697743813e+01 1.034470879421711409e+01 8.193379195204339993e+00 1.034470879421711409e+01 -3.137868386555800981e+01 -4.452457922553301195e+00 8.193379195204339993e+00 -4.452457922553301195e+00 -3.214799189856158534e+01
6.454654661152269490e+00 6.379158070771440592e+00 9.088078101893723115e+00 6.379158070771440592e+00 -5.236072066447449380e+00 -4.426569330140785463e-01 9.088078101893723115e+00 -4.426569330140785463e-01 2.047558890509298379e+01
-6.078900630838184327e+00 -1.179859979137211523e+00 6.175476568327013638e+00 -1.179859979137211523e+00 -4.041897735261249380e+01 1.893753278131651729e+00 6.175476568327013638e+00 1.893753278131651729e+00 -3.735283573473377317e+01
-2.129937874095755035e+01 4.797650043042545498e+00 1.294210769289424334e+01 4.797650043042545498e+00 -4.112131152189748207e+01 -1.131030656429818571e+01 1.294210769289424334e+01 -1.131030656429818571e+01 -4.244064512954949797e-01
2.810497078340750576e+01 1.557128609418316989e+00 4.872031713413615961e+00 1.557128609418316989e+00 2.519873298924331806e+01 -9.582770701994918205e-01 4.872031713413615961e+00 -9.582770701994918205e-01 3.622522615828451364e+01
-2.844870877782348373e+00 6.858097861033284559e+00 9.773142659763143669e+00 6.858097861033284559e+00 -4.710799970440397111e+00 -1.441695714467872591e+01 9.773142659763143669e+00 -1.441695714467872591e+01 2.227440986295361192e-01
1.588175449001153483e+00 1.266578878792382667e+01 -2.601509481959165093e+00 1.266578878792382667e+01 -1.774980146631516220e+01 -9.342037561124545419e+00 -2.601509481959165093e+00 -9.342037561124545419e+00 2.820111976271452381e+00
-2.909188359148124903e+00 6.488481758548226175e+00 1.278382671480772181e+01 6.488481758548226175e+00 -4.720569143052839678e+01 -5.324782020266228599e+00 1.278382671480772181e+01 -5.324782020266228599e+00 -2.919602576065694777e+01
1.164852112500194536e+01 2.878306729442399625e+00 1.511015639608440075e+01 2.878306729442399625e+00 6.377920700822726774e-01 -8.011633623720877395e+00 1.511015639608440075e+01 -8.011633623720877395e+00 2.006580871220547024e+01
-1.264404788389267154e+01 3.906716534480404457e-01 1.521307095789195785e+01 3.906716534480404457e-01 -1.994577357118035721e+01 1.654633806055691547e+00 1.521307095789195785e+01 1.654633806055691547e+00 -9.347344710854177396e-01
3.341196080297930138e+01 9.842554141946415314e+00 4.842802516917640077e+00 9.842554141946415314e+00 2.675445953902532992e+01 -1.726783781645687199e+01 4.842802516917640077e+00 -1.726783781645687199e+01 3.971082699983622888e+01
-2.055885563698054952e+01 -5.449108009807362291e-02 1.370558650954721358e+01 -5.449108009807362291e-02 -3.114813512589817890e+01 -8.915115545278355924e+00 1.370558650954721358e+01 -8.915115545278355924e+00 -1.929843734706458491e+01
1.186954171498114441e+01 -9.178846805692060684e+00 1.637259101325117072e+01 -9.178846805692060684e+00 -4.125401723239912144e+01 5.314781551902627577e+00 1.637259101325117072e+01 5.314781551902627577e+00 1.468113760489641040e+00
-8.732883229156225724e+00 2.202405252470006403e+00 1.591559837720540038e+01 2.202405252470006403e+00 -3.822256250167630753e+01 1.375980791117683921e+01 1.591559837720540038e+01 1.375980791117683921e+01 -4.466109401974373583e+01
-2.572732543731743249e+01 -1.525935096670684388e+00 9.112988534133997121e+00 -1.525935096670684388e+00 -5.609007824385457752e+01 -1.514300924487804956e+00 9.112988534133997121e+00 -1.514300924487804956e+00 -1.501859677341547261e+01
4.140532955062707288e+01 -5.599636583149385949e+00 1.225835895170468604e+01 -5.599636583149385949e+00 3.274671442178782144e+01 1.291721360247112038e+00 1.225835895170468604e+01 1.291721360247112038e+00 4.608705296354621339e+01
-8.313233055213984812e+00 7.493887183322071044e-01 1.029613724153671939e+01 7.493887183322071044e-01 -5.254079526020974100e+01 -6.500129015069989080e+00 1.029613724153671939e+01 -6.500129015069989080e+00 -1.854050098475237007e+01
-1.214454388463653700e+01 8.174436841851937530e+00 3.444738638823826360e+00 8.174436841851937530e+00 -2.752929284614975458e+01 -8.461225962105036302e+00 3.444738638823826360e+00 -8.461225962105036302e+00 -7.505987115686902023e+00
3.158780921158187738e+01 -5.623805326571683416e+00 1.876015537764066821e+01 -5.623805326571683416e+00 2.881817645861568522e+01 -3.779668476926937082e+00 1.876015537764066821e+01 -3.779668476926937082e+00 3.395445696453947448e+01
-1.057414267799315244e+00 9.627892981127810224e-01 1.650809619911172632e+01 9.627892981127810224e-01 -1.150687661394536399e+01 -5.180116715259274862e+00 1.650809619911172632e+01 -5.180116715259274862e+00 1.628407575671781682e-01
2.020196329389807310e+00 1.158922799459239705e+01 3.397907161601813186e+01 1.158922799459239705e+01 -1.079668926985876176e+01 -1.583185659288613767e+00 3.397907161601813186e+01 -1.583185659288613767e+00 2.662632568634654717e+01
-3.486183000922173392e+01 -9.386147453346548986e+00 7.506818953069607225e+00 -9.386147453346548986e+00 -4.358975222360198387e+01 5.932635448525749311e+00 7.506818953069607225e+00 5.932635448525749311e+00 -2.235550624815401477e+01
1.140142384969355227e+01 1.415465718853704935e+01 1.665985969844662051e+01 1.415465718853704935e+01 1.255742275520835527e+01 -6.406569644511442618e+00 1.665985969844662051e+01 -6.406569644511442618e+00 2.870470119482060412e+01
-1.923687185952720924e+01 1.136507394690852557e+01 2.225167598251068135e+00 1.136507394690852557e+01 -2.747923427934304996e+01 -5.455202622730218609e-01 2.225167598251068135e+00 -5.455202622730218609e-01 -2.575247792567152416e+01
-3.028737959842351390e+00 1.116835430094236870e+01 1.080248325052657110e+00 1.116835430094236870e+01 -5.941506450618246227e+00 -4.166503315523032214e+00 1.080248325052657110e+00 -4.166503315523032214e+00 1.172586438908773410e+01
-2.196487424055645121e+01 1.030190631404798474e+01 1.763063933727359611e+01 1.030190631404798474e+01 -3.963472870830382533e+01 -7.108996477007836212e+00 1.763063933727359611e+01 -7.108996477007836212e+00 -5.273253834802408591e+01
-4.929133602167193651e+00 -1.273729701855096863e+01 1.446682897535179713e+01 -1.273729701855096863e+01 -3.074301347111522276e+01 -3.047398722083071387e+00 1.446682897535179713e+01 -3.047398722083071387e+00 6.373252067799175524e-01
3.459469766288413073e+00 3.551609445911130702e+00 9.633773470245028392e+00 3.551609445911130702e+00 -1.217887792658148705e+01 -5.431243157393989662e+00 9.633773470245028392e+00 -5.431243157393989662e+00 3.524299783331005909e+00
-2.077541032626486128e+01 -7.360117923382523131e+00 1.178587378994774681e+01 -7.360117923382523131e+00 -4.538215348406276206e+01 7.641724071802866725e+00 1.178587378994774681e+01 7.641724071802866725e+00 -1.856845489008343364e+01
-1.116556488409636749e+01 2.264228045294592651e+00 8.279534611011692746e+00 2.264228045294592651e+00 -1.761898239540703415e+01 -4.397588263169729395e+00 8.279534611011692746e+00 -4.397588263169729395e+00 5.217364356838618988e+00
1.332149293284164315e+01 6.811027683634054419e+00 8.627500695725144553e+00 6.811027683634054419e+00 2.915154908309147785e+01 -8.561428358957842377e+00 8.627500695725144553e+00 -8.561428358957842377e+00 2.057026209434216213e+01
1.795720221762080726e+01 1.084018369720502051e+01 -1.487522510674338960e+01 1.084018369720502051e+01 4.636179597946848752e+00 2.093861043862330767e-02 -1.487522510674338960e+01 2.093861043862330767e-02 1.754928572857557612e+01
2.950203778769813212e+01 -5.076097718755164578e+00 9.418283211848059722e+00 -5.076097718755164578e+00 -5.804180211383629384e+00 1.396383198794092673e+00 9.418283211848059722e+00 1.396383198794092673e+00 1.367640957534970880e+01
-1.288863752752815905e+01 2.664824098439040334e+00 8.127115445156370299e+00 2.664824098439040334e+00 -5.304996493694516602e+01 -1.770011612087836639e+01 8.127115445156370299e+00 -1.770011612087836639e+01 -1.929496462683376379e+01
-1.406524328664685797e+01 -7.526475448323590722e-01 1.463039297736780497e+01 -7.526475448323590722e-01 -2.944764896497436979e+01 -3.172913190215147949e+00 1.463039297736780497e+01 -3.172913190215147949e+00 7.594651842601191305e+00
1.881654282761180497e+01 1.649804907604123727e+01 2.793808640563137757e+01 1.649804907604123727e+01 4.495461400835488064e+00 4.703635134563938891e+00 2.793808640563137757e+01 4.703635134563938891e+00 1.216871333245715192e+01
-1.351773037218229945e+00 7.135654854554084103e+00 2.016990729966090612e+01 7.135654854554084103e+00 -4.092681581509413746e+01 -9.063977513709421174e+00 2.016990729966090612e+01 -9.063977513709421174e+00 -6.605213089797828729e+00
4.843304954767887693e+01 2.349226030232839157e+00 4.484342457684467043e+00 2.349226030232839157e+00 2.653008995382116808e+01 -7.930484543919313012e+00 4.484342457684467043e+00 -7.930484543919313012e+00 5.041422395066009443e+01
1.527463229562480151e+00 -1.031739888150846518e+01 5.269405949163995295e+00 -1.031739888150846518e+01 -2.859831635176599818e+01 -6.592316287632307592e+00 5.269405949163995295e+00 -6.592316287632307592e+00 1.317720413932135015e+00
9.706274699599033440e+00 5.396428356497787071e+00 2.541352775306126688e+01 5.396428356497787071e+00 -6.976551327717171347e+00 -1.314770420755434266e+00 2.541352775306126688e+01 -1.314770420755434266e+00 1.429048028201543374e+01
2.143867947726536727e+01 3.123920797638492175e+00 2.935446245741907489e+01 3.123920797638492175e+00 1.235167289147659631e+01 -1.200821687532660853e+01 2.935446245741907489e+01 -1.200821687532660853e+01 8.124047301306559277e+00
-3.191430825225981849e+01 3.359343634667567802e+00 -4.181877237330050789e+00 3.359343634667567802e+00 -3.932724775692469876e+01 -7.455945752994398212e+00 -4.181877237330050789e+00 -7.455945752994398212e+00 -4.036210143490431079e+01
-1.145458245399098018e+01 1.383396758028876050e+01 3.331702283063388226e+00 1.383396758028876050e+01 -2.869280304224592015e+01 -9.780502414475712669e+00 3.331702283063388226e+00 -9.780502414475712669e+00 -5.138344499266410459e+00
-2.161648517709881290e+01 1.269740957562069061e+00 3.189916975013817435e+01 1.269740957562069061e+00 -2.939224356279362027e+01 2.363340861851362718e+01 3.189916975013817435e+01 2.363340861851362718e+01 -2.878796540708406226e+01
1.210272107732872016e+01 4.904780274783361094e+00 3.755885173388961107e+00 4.904780274783361094e+00 8.773442251072404829e+00 -1.545988199138690256e+01 3.755885173388961107e+00 -1.545988199138690256e+01 -3.222766575599563144e+00
3.699253029820558680e+01 -2.557291157933565984e+00 1.811387440018793171e+01 -2.557291157933565984e+00 4.047654256332372569e+01 -3.178970131047177627e+00 1.811387440018793171e+01 -3.178970131047177627e+00 5.830357044616605577e+01
-2.156217269558468530e+01 2.832517403354875452e+00 1.378911214806109342e+01 2.832517403354875452e+00 -3.505225703486148348e+01 -2.322988892015251938e+00 1.378911214806109342e+01 -2.322988892015251938e+00 -2.079411382608227044e+01
3.054758071014689769e+00 -5.417541461546421244e-01 1.525096363543210032e+01 -5.417541461546421244e-01 -1.242145063175160757e+01 -1.347451615335923947e+01 1.525096363543210032e+01 -1.347451615335923947e+01 1.359591572147998129e+01
1.173399473524153791e+01 -2.981393327330806309e-01 2.346661193377225274e+01 -2.981393327330806309e-01 -2.581027067409861075e+01 6.340996210240565034e+00 2.346661193377225274e+01 6.340996210240565034e+00 -1.522841590995978756e+01
-2.651991732860252071e+01 -5.838583006844928036e+00 1.084756682193632038e+01 -5.838583006844928036e+00 -5.085228906166478424e+01 -7.196768505434365082e+00 1.084756682193632038e+01 -7.196768505434365082e+00 -1.053733384368862147e+01
4.323667282310418614e+01 4.275334694606737485e-02 4.535904981227218968e+01 4.275334694606737485e-02 6.728389647313414379e+00 -1.975618668796511557e+01 4.535904981227218968e+01 -1.975618668796511557e+01 1.260068258239864036e+01
-9.742674272615399644e+00 3.885778805087937715e-01 8.233277003870636435e+00 3.885778805087937715e-01 -2.967342491261314663e+01 -4.379792097815748519e+00 8.233277003870636435e+00 -4.379792097815748519e+00 -4.396935772611071158e+00
3.071101205042875648e+00 4.444710454840449465e+00 1.162735755463925891e+01 4.444710454840449465e+00 -9.007278714702373179e+00 7.037448865813189514e+00 1.162735755463925891e+01 7.037448865813189514e+00 9.107604127632134450e+00
-7.130581239300290974e+00 3.378477126529336960e+00 4.560424707761242757e+00 3.378477126529336960e+00 -2.386949363764144039e+01 4.924919076578312627e+00 4.560424707761242757e+00 4.924919076578312627e+00 -1.958401838636354597e+01
5.664107143622448604e+01 2.386453499295488334e-01 4.659889993441414191e+01 2.386453499295488334e-01 2.361266485587895048e+01 -1.449295435652672914e+01 4.659889993441414191e+01 -1.449295435652672914e+01 3.882285348833275407e+01
-8.763512665643345301e+00 -3.820980408085802971e+00 9.182021792560361106e+00 -3.820980408085802971e+00 -2.998239700699544841e+01 -1.014281317783011366e-01 9.182021792560361106e+00 -1.014281317783011366e-01 -1.401094698519299087e+01
4.946858772587288655e+01 -1.005102964611042715e+01 2.863871620313401323e+01 -1.005102964611042715e+01 3.404609830807491733e+01 4.376924916730807524e+00 2.863871620313401323e+01 4.376924916730807524e+00 6.559787634916419563e+01
3.050665882172635790e+01 1.079131746946433879e+00 3.737939461627114213e+01 1.079131746946433879e+00 3.314261794956378537e+01 1.438332887978403996e+01 3.737939461627114213e+01 1.438332887978403996e+01 2.519711358151866065e+01
1.208447396547225594e+01 7.350496241362129091e+00 -1.016244385030726116e+00 7.350496241362129091e+00 -7.525607582055712896e+00 6.144444737316284488e+00 -1.016244385030726116e+00 6.144444737316284488e+00 1.322590919546112076e+01
4.424169354369331231e+00 7.603161982305805644e+00 9.623855792360654249e+00 7.603161982305805644e+00 -2.755135006786436591e+01 -4.982451353739119626e-01 9.623855792360654249e+00 -4.982451353739119626e-01 -1.916122214568439475e+01
-4.750071085587292963e+00 7.327273197457969900e+00 2.341603311307561341e+01 7.327273197457969900e+00 -4.272446555474997609e+01 -6.460516956645981246e+00 2.341603311307561341e+01 -6.460516956645981246e+00 -8.996171897215337054e+00
-1.914999994805714678e+01 1.429963388075348618e+01 4.368414697277631098e-01 1.429963388075348618e+01 -2.368576536353974049e+01 -1.153194867016087422e+00 4.368414697277631098e-01 -1.153194867016087422e+00 -2.299876700014046094e+01
9.123410519576392375e+00 6.598505394580199024e+00 1.250560177851411048e+01 6.598505394580199024e+00 -7.963158366899802054e+00 -2.729878187700550463e+00 1.250560177851411048e+01 -2.729878187700550463e+00 3.509992209304940936e+00
1.420452537172559282e+01 9.549666037895132575e-01 2.317598530972150073e+01 9.549666037895132575e-01 -2.936120338676115793e+01 8.713838532518822788e+00 2.317598530972150073e+01 8.713838532518822788e+00 -1.906475950622407467e+01
3.968983492396492352e+01 1.509856910194598179e+01 1.660787366875000615e+01 1.509856910194598179e+01 1.269233307468020833e+01 -1.897473160258136815e+01 1.660787366875000615e+01 -1.897473160258136815e+01 2.749043157248424407e+01
-6.364906369252295804e+00 2.167951735571230554e+00 1.113670816121630835e+01 2.167951735571230554e+00 -3.397044022785753725e+01 1.941460867373008981e+01 1.113670816121630835e+01 1.941460867373008981e+01 -2.597221614707281034e+01
2.117453019264366176e+01 1.109625474926630595e+01 1.283803006471508290e+01 1.109625474926630595e+01 -1.201435336728423309e+01 -1.125405316878315354e+00 1.283803006471508290e+01 -1.125405316878315354e+00 1.278925243118560928e+01
-2.001988410580459643e+01 1.333377019492879612e+01 3.529059493746052567e+01 1.333377019492879612e+01 -2.888759430190150468e+01 -9.023273836531667813e-01 3.529059493746052567e+01 -9.023273836531667813e-01 -2.603764360740375494e+01
-2.389414522983432221e+01 1.332984965041417347e+01 5.284726055101810260e+00 1.332984965041417347e+01 -3.852616757941989079e+01 4.300285583249561228e+00 5.284726055101810260e+00 4.300285583249561228e+00 -1.361967423996286009e+01
1.471573752405494240e+01 -5.093147052915180772e+00 2.995594485239314864e+01 -5.093147052915180772e+00 4.731434827619061423e+00 -1.485092014556823825e+00 2.995594485239314864e+01 -1.485092014556823825e+00 9.205929345946520570e+00
1.629251462791781435e+01 -2.797964122991940972e+00 1.502658259859119738e+01 -2.797964122991940972e+00 -9.838500201123425271e+00 -2.885323758772197600e+00 1.502658259859119738e+01 -2.885323758772197600e+00 2.021121829006073867e+01
-1.883787586796872304e+00 5.917446870787630431e-01 9.315326071758356363e+00 5.917446870787630431e-01 -1.586976539921051454e+01 3.438369644735109976e+00 9.315326071758356363e+00 3.438369644735109976e+00 6.067894641174644832e-01
1.615905729855998985e+01 1.008980588400475886e+00 2.781785234197948853e+01 1.008980588400475886e+00 -1.065954505456410217e+01 -3.422061556765837231e+00 2.781785234197948853e+01 -3.422061556765837231e+00 1.278019098626917094e+00
-1.302802155009570662e+01 6.293890507047349203e+00 1.735965822113953294e+01 6.293890507047349203e+00 -6.304942888761305042e+00 -1.092512729698653651e+01 1.735965822113953294e+01 -1.092512729698653651e+01 -3.315912149623170713e+00
1.383655734011081506e+01 -1.614195240517140473e+00 -8.989719810726535698e+00 -1.614195240517140473e+00 1.250602254013081271e+01 1.014843112908143929e+01 -8.989719810726535698e+00 1.014843112908143929e+01 9.626114552949855963e+00
-3.438353268927394346e+00 -3.619240692331545439e+00 2.092784819562670151e+00 -3.619240692331545439e+00 -5.247869905507895538e+01 -5.877341575265186080e+00 2.092784819562670151e+00 -5.877341575265186080e+00 -2.818119213380493093e+01
1.822544510327474665e+00 2.235435095755006785e+01 2.767607504382077011e+01 2.235435095755006785e+01 -4.144012438764333339e+00 -5.820168851198967985e+00 2.767607504382077011e+01 -5.820168851198967985e+00 4.925674840497706874e+00
2.059769039265885127e+01 1.104895224787367880e+01 1.979893484951494287e+01 1.104895224787367880e+01 2.415312751774246536e+01 -3.513165271267709944e+00 1.979893484951494287e+01 -3.513165271267709944e+00 4.425776463143151318e+01
6.533994072486031257e+00 -1.408659375110195100e+01 8.635513470110899092e+00 -1.408659375110195100e+01 -1.670799323608735731e+00 8.142557379139144791e-01 8.635513470110899092e+00 8.142557379139144791e-01 -2.230937669143645774e+00
-7.227894596565073826e+00 1.695673348031907057e+00 -1.546150391140962421e+00 1.695673348031907057e+00 -1.617564138795990303e+01 7.161787237166358011e+00 -1.546150391140962421e+00 7.161787237166358011e+00 -1.074342487503409993e+00
1.363451879395329414e+01 1.089655982068015305e+01 7.827100359789817219e+00 1.089655982068015305e+01 7.151510220076787716e-01 -2.973693913533103750e+00 7.827100359789817219e+00 -2.973693913533103750e+00 1.751201689584236476e+01
-2.104539563368954802e+01 -1.174972719699467660e+01 3.567738656291348232e+00 -1.174972719699467660e+01 -5.371846081322418343e+01 -1.726089188169081012e+01 3.567738656291348232e+00 -1.726089188169081012e+01 -4.068030204171652997e+01
-3.832126966549870950e+00 1.320762344875106464e+01 1.494146621866623192e+01 1.320762344875106464e+01 -7.230129717547288060e+00 -9.959683517216478821e-01 1.494146621866623192e+01 -9.959683517216478821e-01 -6.292499931914393940e+00
-1.233240523645953823e+00 7.891901970763565366e+00 1.540712176022868007e+01 7.891901970763565366e+00 -4.686300814286207483e+00 -4.075093515154787127e+00 1.540712176022868007e+01 -4.075093515154787127e+00 -1.594119342603538847e+01
4.529516608099479669e+01 -2.316457390082217405e+00 1.130928222833349395e+01 -2.316457390082217405e+00 3.685586608576369372e+01 -1.060107018795243494e+00 1.130928222833349395e+01 -1.060107018795243494e+00 5.012527435438199319e+01
8.003986622336611845e+00 -1.353186431957535074e+00 -1.488711815045768549e+00 -1.353186431957535074e+00 8.472902232751623686e+00 6.652683000114162581e+00 -1.488711815045768549e+00 6.652683000114162581e+00 9.504999460984940640e+00
2.675540822887916192e+01 9.972394356526601555e+00 2.017768692773539030e+01 9.972394356526601555e+00 1.077779515687534939e+00 5.490008073229471819e+00 2.017768692773539030e+01 5.490008073229471819e+00 3.086893302715846232e+01
-3.607001518548163532e-01 2.013351047109050640e+01 1.230202127951116786e+01 2.013351047109050640e+01 -2.022654266796316946e+01 1.481629156894610411e+01 1.230202127951116786e+01 1.481629156894610411e+01 5.228427194512182297e+00
-2.976786373000540920e+01 8.702705980295283084e+00 -3.210343070102503193e-01 8.702705980295283084e+00 -4.366255126721685542e+01 -2.725517539073091022e+00 -3.210343070102503193e-01 -2.725517539073091022e+00 -2.522476933128295684e+01
2.903762900604328578e+01 -2.670676386264609903e+00 3.024091339030815284e+00 -2.670676386264609903e+00 1.945623280312174330e+01 -6.310186048895455535e+00 3.024091339030815284e+00 -6.310186048895455535e+00 1.950538350665671672e+01
1.850963945414384426e+01 -1.158335760174779949e+01 3.222603399769543842e+01 -1.158335760174779949e+01 -4.068157763999389331e+00 5.007597219281235468e+00 3.222603399769543842e+01 5.007597219281235468e+00 2.583819882863599204e+01
-5.856115326020483458e+00 -6.970804251850649003e+00 6.317260422775844653e+00 -6.970804251850649003e+00 -4.340181427100487355e+01 -8.038321408515157751e-01 6.317260422775844653e+00 -8.038321408515157751e-01 -1.274016431332707455e+01
4.953419592550852002e+01 -5.879422711550892799e+00 8.345834747248964902e+00 -5.879422711550892799e+00 4.143979169956827491e+01 1.035138320038066384e+00 8.345834747248964902e+00 1.035138320038066384e+00 6.083472033744590135e+01
-2.915436048302995520e+00 -1.618545288980611829e+01 1.483916361978111453e+01 -1.618545288980611829e+01 -3.515383097115797995e+01 1.389541725171145048e+00 1.483916361978111453e+01 1.389541725171145048e+00 -4.505865780700515799e+00
2.994400872180887063e+01 -2.286336431766097022e+01 5.017466344073737616e+01 -2.286336431766097022e+01 1.806220056661614493e+01 -4.068156520845899848e+00 5.017466344073737616e+01 -4.068156520845899848e+00 4.991326861466705900e+00
2.690566122420550155e+00 -4.809192462636117327e+00 7.590631474810408896e+00 -4.809192462636117327e+00 -2.095467405036164266e+01 1.465817995864937373e+01 7.590631474810408896e+00 1.465817995864937373e+01 -8.790193684354424164e+00
2.428096578541348549e+01 -1.136256418726343531e+00 3.012142644529000890e+01 -1.136256418726343531e+00 -2.262073990204126517e+01 -1.886422782294813194e+00 3.012142644529000890e+01 -1.886422782294813194e+00 1.076974616455601330e+00
-2.976098797139433216e+01 -2.337554262245093550e+00 1.682534711386313830e+01 -2.337554262245093550e+00 -4.046950462375981772e+01 4.177346889179736067e+00 1.682534711386313830e+01 4.177346889179736067e+00 -3.805524568499589577e+01
-2.384160650144346860e+01 -5.916886186818568483e+00 9.969120845567879030e+00 -5.916886186818568483e+00 -4.079396430540580809e+01 1.765947505166550524e+00 9.969120845567879030e+00 1.765947505166550524e+00 -7.585982549370999806e+00
3.235864384718147591e+01 5.350105336821040503e+00 1.944704943139917985e-01 5.350105336821040503e+00 3.308369822590582032e+01 -5.486320787944653610e+00 1.944704943139917985e-01 -5.486320787944653610e+00 3.189213062936698151e+01
4.556528540307080277e+01 -2.597480370199434674e+00 2.307249839914857770e-01 -2.597480370199434674e+00 4.526789522487925410e+01 8.591818206593845986e+00 2.307249839914857770e-01 8.591818206593845986e+00 6.017406895961711655e+01
2.997568762021001731e+01 -2.554182852084506905e+00 4.134615895655175066e+00 -2.554182852084506905e+00 6.259371042766208149e+00 -8.204052783400376470e+00 4.134615895655175066e+00 -8.204052783400376470e+00 3.562707753903863761e+01
6.194340211969487342e+01 1.612076650169503300e-01 3.075509585343049412e+00 1.612076650169503300e-01 6.944593316198123922e+00 -5.954849090012317880e+00 3.075509585343049412e+00 -5.954849090012317880e+00 2.922297809108603062e+01
2.039866860601210163e+01 -6.392123204495224753e-01 5.490345579959969413e+00 -6.392123204495224753e-01 -1.658667217697070839e+01 2.579126432081242815e+00 5.490345579959969413e+00 2.579126432081242815e+00 3.251775761857039093e+00
4.918786425347073887e+00 7.325754684184759391e+00 6.867019930255413573e-01 7.325754684184759391e+00 -1.134054792865723726e+01 3.409700328978860773e-01 6.867019930255413573e-01 3.409700328978860773e-01 1.712594677074445570e+00
3.462710672537731682e+01 9.445913546727945587e+00 3.884060505460355728e+01 9.445913546727945587e+00 -1.240096497849700086e+01 -1.159598369410004715e+01 3.884060505460355728e+01 -1.159598369410004715e+01 2.655830638683680522e+00
-2.621548917817348112e+00 2.848016580786092433e+00 1.723525895147648512e+01 2.848016580786092433e+00 -2.913553114510062869e+01 -9.049730710750431006e-01 1.723525895147648512e+01 -9.049730710750431006e-01 -1.396195691183380383e+01
-2.593198085699885169e+01 6.594242186167472930e+00 1.892572932184518208e+01 6.594242186167472930e+00 -6.009843231646558337e+01 1.403257601238104257e+01 1.892572932184518208e+01 1.403257601238104257e+01 -8.510227474690049476e+00
1.351715343456145035e+01 9.100830993555776516e+00 7.699019146201041330e+00 9.100830993555776516e+00 1.217723931748371013e+00 2.147914330031075902e+00 7.699019146201041330e+00 2.147914330031075902e+00 1.122084578038159286e+01
-2.079283011326627317e+01 -1.429616306515233859e+00 3.413698112162513176e+00 -1.429616306515233859e+00 -3.511256327731732085e+01 -1.682061962962580637e+01 3.413698112162513176e+00 -1.682061962962580637e+01 -1.526362215099078945e+01
-2.132216040702743598e+01 -2.885857090027065031e+00 1.032707726065094000e+01 -2.885857090027065031e+00 -4.674001881417569848e+01 -4.929886975602403965e+00 1.032707726065094000e+01 -4.929886975602403965e+00 -8.411267877025329298e+00
1.044234853471838065e+01 -1.073271758948311394e+00 -6.597291576478402364e-01 -1.073271758948311394e+00 9.229200430069600003e+00 -9.349240020556461417e+00 -6.597291576478402364e-01 -9.349240020556461417e+00 2.542126247684026197e+01
3.807370415445021639e+00 8.754374884122137601e+00 1.543845214440594527e+00 8.754374884122137601e+00 -1.790760019871432362e+01 -6.621731434016189688e+00 1.543845214440594527e+00 -6.621731434016189688e+00 -2.519314240020582218e+01
1.102478568778460577e+01 1.149532414565424432e+01 6.315898537723249717e+00 1.149532414565424432e+01 -1.365852516651546189e+01 5.955673097504696756e+00 6.315898537723249717e+00 5.955673097504696756e+00 1.142305753975007754e+01
9.386630511244842268e+00 -1.222566573979494464e+01 7.017227985592891848e+00 -1.222566573979494464e+01 -2.886910407000885215e+01 -6.847680076878862820e+00 7.017227985592891848e+00 -6.847680076878862820e+00 -5.029938286943064440e+00
-1.891456557669992478e+01 -1.525663423457011891e+00 1.196689442894117583e+01 -1.525663423457011891e+00 -4.016446870382137035e+01 7.195817499807616535e+00 1.196689442894117583e+01 7.195817499807616535e+00 -9.628739123684507462e+00
-5.014692074372932851e+00 -1.992310002067914310e+00 2.160551450503314541e+00 -1.992310002067914310e+00 -2.201145874602913466e+01 -7.072540692493705095e+00 2.160551450503314541e+00 -7.072540692493705095e+00 -3.013084480342476468e+01
2.828409876400855438e+01 8.910202758935165335e+00 1.744687966605025409e+01 8.910202758935165335e+00 1.711422498387800673e+01 -5.402820489023323347e+00 1.744687966605025409e+01 -5.402820489023323347e+00 2.332314032939696347e+01
-4.733752908246481539e+00 1.723359709680714147e+01 2.992250134994166899e+01 1.723359709680714147e+01 -5.069225345663990190e+00 1.321834509516856038e+01 2.992250134994166899e+01 1.321834509516856038e+01 5.731702963204862833e+00
3.104698611913602591e+01 1.253067655115746692e+00 3.364256150109823373e+00 1.253067655115746692e+00 8.518407252696126974e+00 -1.113519549698555045e+00 3.364256150109823373e+00 -1.113519549698555045e+00 4.834061813916973449e+01
1.235839637663331558e+01 -1.159144914923467162e+01 3.374463024354622309e+00 -1.159144914923467162e+01 4.009726942250384063e+00 -8.478468227521501532e+00 3.374463024354622309e+00 -8.478468227521501532e+00 9.648876583881065727e+00
-2.170408530570655259e+01 8.676849710483267586e+00 8.621326996571248458e+00 8.676849710483267586e+00 -3.566062714906290410e+01 -1.031539088720856334e+01 8.621326996571248458e+00 -1.031539088720856334e+01 -2.077069639824879843e+01
-4.895811583203908413e+00 -7.213197851855209564e+00 7.411628855995698650e+00 -7.213197851855209564e+00 -1.776862467695636738e+01 3.311636653705809508e+00 7.411628855995698650e+00 3.311636653705809508e+00 -1.610064962416432977e+01
1.314071847799508497e+01 -1.278173584879900071e+00 8.661568478826165318e+00 -1.278173584879900071e+00 -2.298474069669738284e+01 -1.853083062581781348e+00 8.661568478826165318e+00 -1.853083062581781348e+00 1.897924525823329933e+00
2.699519064441680527e+01 3.249650384100234213e+00 1.320574443705640455e+01 3.249650384100234213e+00 5.132752348559095346e+00 -7.959364517576973164e+00 1.320574443705640455e+01 -7.959364517576973164e+00 9.937263546005276282e+00
2.641669213560754681e+00 -8.393211042326116811e+00 4.416757373525715735e+00 -8.393211042326116811e+00 -2.286905148935943544e+01 1.049602045282775720e+01 4.416757373525715735e+00 1.049602045282775720e+01 -6.835389312947960372e-01
2.316498411282053738e+01 4.503810489595101885e+00 1.243675451273158217e+01 4.503810489595101885e+00 4.114046475106595047e+00 -6.983965491639845258e-01 1.243675451273158217e+01 -6.983965491639845258e-01 2.438341192674540636e+01
8.626362188471297543e+00 -4.442385714091893756e-01 4.806340879549615153e+01 -4.442385714091893756e-01 -2.431579448090227658e+01 -2.328207446140019243e+01 4.806340879549615153e+01 -2.328207446140019243e+01 -3.055767412122884252e+01
3.490803155049980688e+01 -2.008501500441641241e+01 3.253118006712929855e+01 -2.008501500441641241e+01 1.051575000979414920e+00 -1.217126574711647358e+01 3.253118006712929855e+01 -1.217126574711647358e+01 -2.674850849729534463e+00
-2.452735774379581457e+01 -4.501419127063044812e+00 6.415093353861860415e+00 -4.501419127063044812e+00 -3.053961536257260079e+01 -3.397549891573938829e+00 6.415093353861860415e+00 -3.397549891573938829e+00 -7.964367749740805635e+00
-3.474264855722609013e+01 1.703543760346093805e+01 2.796735975686707931e+01 1.703543760346093805e+01 -2.830497377730106123e+01 -3.566643891496787955e-01 2.796735975686707931e+01 -3.566643891496787955e-01 6.171762747747668421e+00
5.100503410532266457e+01 2.460694334659751803e+01 2.986445113855927147e+01 2.460694334659751803e+01 3.740795792219226001e+01 -6.356686220864377290e+00 2.986445113855927147e+01 -6.356686220864377290e+00 6.196021640491641591e+01
-1.538824179730645447e+01 4.837120648019296532e+00 2.036731846713372818e+01 4.837120648019296532e+00 -3.308376353676246140e+01 1.587835028174998797e+01 2.036731846713372818e+01 1.587835028174998797e+01 -1.914665345457633450e+01
-3.004019794152691603e+01 1.118774124163300243e+01 1.575553686337540782e+01 1.118774124163300243e+01 -3.054245446931449592e+01 1.305991628952178241e+00 1.575553686337540782e+01 1.305991628952178241e+00 -1.155860960291356987e+00
1.790320920419254502e+00 -5.760879433847092557e+00 7.389128446668181915e+00 -5.760879433847092557e+00 -3.819039926400102036e+00 -2.542708501492789153e-01 7.389128446668181915e+00 -2.542708501492789153e-01 -1.483791880766932536e+01
1.477109341174937818e+01 -1.152648998189895124e+01 1.136216094858989933e+01 -1.152648998189895124e+01 8.650580583121927347e+00 4.946338594533325583e+00 1.136216094858989933e+01 4.946338594533325583e+00 5.058135187018566015e+00
2.877226040404554297e+01 6.024260522088462633e-01 2.800377964109693707e+01 6.024260522088462633e-01 2.862966272132388923e+01 -1.144395561131353434e+00 2.800377964109693707e+01 -1.144395561131353434e+00 5.194442538768543471e+01
3.473295199051229076e+01 1.122387985319756609e+01 1.519951226981829251e+01 1.122387985319756609e+01 1.787746358777123135e+01 4.597008135670173634e-01 1.519951226981829251e+01 4.597008135670173634e-01 8.856476848900811660e+00
-3.353859955568058382e+01 6.092348812621359855e+00 1.017218823738042133e+01 6.092348812621359855e+00 -5.390014939222783852e+01 1.391114574378208246e+01 1.017218823738042133e+01 1.391114574378208246e+01 -9.208960078944516070e+00
-1.148123274081417122e+01 3.178304418690724109e+00 9.438276567814353868e+00 3.178304418690724109e+00 -7.668521173395691726e+00 -1.427747110891625404e+01 9.438276567814353868e+00 -1.427747110891625404e+01 1.392112601369538627e+00
1.226474222003647796e+01 -3.148043784578062443e+00 6.151871166810964020e+00 -3.148043784578062443e+00 -2.257710184354829153e+01 1.246022391622927827e+01 6.151871166810964020e+00 1.246022391622927827e+01 9.297825274892364433e+00
2.953204608859627101e+01 -7.956641579284460697e+00 1.808048834968290208e+01 -7.956641579284460697e+00 1.894057200287807063e+01 1.065705575237271052e+00 1.808048834968290208e+01 1.065705575237271052e+00 1.256985436312917770e+01
2.227184968141758148e+01 3.179202693887324127e+00 2.245323130141952461e+01 3.179202693887324127e+00 1.132969890658366019e+01 5.459623251706531288e-01 2.245323130141952461e+01 5.459623251706531288e-01 2.729703560356978898e+01
1.489916335081068510e+01 -1.486005178343067890e+00 7.082913566485083301e+00 -1.486005178343067890e+00 -2.732167912699657464e+01 2.726685639839181263e+01 7.082913566485083301e+00 2.726685639839181263e+01 -1.821947306463867022e+01
4.390040509441133310e+01 -7.781618114326425140e-01 8.921676305908698978e+00 -7.781618114326425140e-01 2.152770350069897276e+01 -3.512500032703836261e+00 8.921676305908698978e+00 -3.512500032703836261e+00 2.802179231267859194e+01
-1.189148914904337717e+00 -8.668681103662338572e+00 1.036261683875102513e+01 -8.668681103662338572e+00 -1.526279186018309453e+01 -3.562148430072120231e+00 1.036261683875102513e+01 -3.562148430072120231e+00 -2.629708888391125043e+00
-1.583813109963847232e+01 -6.263820806190302015e+00 3.242449196582836368e+00 -6.263820806190302015e+00 -3.842485811703822662e+01 3.981626550205069837e+00 3.242449196582836368e+00 3.981626550205069837e+00 -1.469612137066762969e+01
4.271394769370790101e+01 -5.883119133123853040e+00 1.935056799683186313e+01 -5.883119133123853040e+00 1.172143202694616626e+01 -1.381196904469848619e+01 1.935056799683186313e+01 -1.381196904469848619e+01 3.142630596731573789e+01
2.804853704260471758e+01 -1.553483036053514565e+00 1.329420316125761659e+01 -1.553483036053514565e+00 3.746094784986016890e+01 -2.527768461462937655e+00 1.329420316125761659e+01 -2.527768461462937655e+00 5.331549908075525224e+01
2.986667289937157133e+00 1.471086658432535010e+01 -9.694765619751644081e+00 1.471086658432535010e+01 -3.993463452250734491e+01 2.193934249365922895e+01 -9.694765619751644081e+00 2.193934249365922895e+01 -5.612454807355686803e+00
2.644766741766310325e+00 2.359687478420233830e+01 1.592558815066075972e+01 2.359687478420233830e+01 -1.209394022902910848e+01 -6.239100988772266376e+00 1.592558815066075972e+01 -6.239100988772266376e+00 -9.715016558140041170e+00
-8.408501053456649998e+00 1.939840283321494141e+01 1.067145228549939162e+01 1.939840283321494141e+01 -2.105723217231505018e+01 -3.659744735530102933e+00 1.067145228549939162e+01 -3.659744735530102933e+00 5.458634823286919513e+00
-5.235816064240790979e+01 -9.337442857148671393e+00 2.578892847419740519e+01 -9.337442857148671393e+00 -5.931782373794156626e+01 -3.540602537932048044e+00 2.578892847419740519e+01 -3.540602537932048044e+00 -4.260148678431722402e+01
-7.806787522392056644e+00 -4.188768990192383690e+00 2.230170902194394511e+00 -4.188768990192383690e+00 -2.263885957434650464e+01 5.209583731300501341e+00 2.230170902194394511e+00 5.209583731300501341e+00 -2.289440307811258535e+01
-8.690445032639750877e+00 7.419054778191490840e+00 4.910736184505593904e+00 7.419054778191490840e+00 -3.611197455059899397e+01 -7.135018632229443991e-01 4.910736184505593904e+00 -7.135018632229443991e-01 -4.480880168708333500e+00
-3.068852742029921199e+00 1.848811693684370283e+01 2.028690684805248168e+01 1.848811693684370283e+01 -1.458721385114619551e+01 -9.046073868688471187e-01 2.028690684805248168e+01 -9.046073868688471187e-01 8.579874016395327985e+00
2.101134407349002942e+01 1.434247713133767199e-01 1.898679963819989069e+01 1.434247713133767199e-01 -5.565145276584619438e+00 -9.028125679767415868e-01 1.898679963819989069e+01 -9.028125679767415868e-01 1.930827820794780791e+01
4.933247303405638995e+00 1.174745417827081262e+01 1.870506130096149988e+01 1.174745417827081262e+01 -2.336229593564264206e+01 -6.849817825193798448e+00 1.870506130096149988e+01 -6.849817825193798448e+00 -1.297017094936069626e+01
4.279889496051622189e+01 -6.243616631015600049e+00 9.187911683605667790e+00 -6.243616631015600049e+00 3.503847550769697961e+01 -5.138898169556699314e-01 9.187911683605667790e+00 -5.138898169556699314e-01 4.179818411588783533e+01
2.685277403773988780e+01 7.329708706890690983e+00 1.650819924788228121e+01 7.329708706890690983e+00 1.224639284462809918e+01 -1.095734527876997255e+01 1.650819924788228121e+01 -1.095734527876997255e+01 8.345581283805707073e+00
-2.715935109742078080e+00 5.652244343464478682e+00 5.269141255855279482e+00 5.652244343464478682e+00 -3.981379909398959693e+00 -3.733127858560650658e+00 5.269141255855279482e+00 -3.733127858560650658e+00 1.308969878837962897e+00
5.524095471812385938e+01 1.244798373322112539e+01 1.563372073934306528e+01 1.244798373322112539e+01 4.622155522327301469e+01 3.347164962592205306e+00 1.563372073934306528e+01 3.347164962592205306e+00 7.202241603007097126e+01
2.535796736240126847e+01 4.170061266246974263e+00 3.736432723697872493e+00 4.170061266246974263e+00 1.831656324958014181e+01 -6.794141608103177354e+00 3.736432723697872493e+00 -6.794141608103177354e+00 3.628620704755187631e+01
-2.378107515677398709e+01 -5.529179767239059018e+00 1.682601653828914934e+01 -5.529179767239059018e+00 -5.477038406687768202e+01 7.251136121734418793e+00 1.682601653828914934e+01 7.251136121734418793e+00 -2.568037104567684992e+01
2.237765268917340400e+00 5.658492547237053749e+00 4.026169851005171885e-01 5.658492547237053749e+00 -1.687489137846824505e+01 -8.121109906176849691e+00 4.026169851005171885e-01 -8.121109906176849691e+00 -7.425929730968188203e+00
7.585187845231801873e+01 2.530446541501729385e+01 1.394332062016933271e+01 2.530446541501729385e+01 5.823801016764575422e+01 6.887771775964948162e+00 1.394332062016933271e+01 6.887771775964948162e+00 7.373588429271048028e+01
