-3.493156483726785666e+00 -1.687113888706172915e+01 1.013464731307785804e+01 -1.687113888706172915e+01 -5.802889377713956520e+00 -1.857894569075320801e+00 1.013464731307785804e+01 -1.857894569075320801e+00 -3.150399816508498674e+01
-3.689785131284915565e+01 6.896866374264304156e+00 1.714966292644680834e+01 6.896866374264304156e+00 -4.287262649078206778e+01 -8.063095328023093700e+00 1.714966292644680834e+01 -8.063095328023093700e+00 1.037225147442803674e+01
4.309061250068825899e+00 4.748397200047008049e+00 1.650662575939679400e+01 4.748397200047008049e+00 -7.519049076224707306e+00 -6.330160814955505977e+00 1.650662575939679400e+01 -6.330160814955505977e+00 -5.439980429922448479e+01
-2.415678510029846038e+01 -7.235263214066756987e+00 -6.546211959651523138e+00 -7.235263214066756987e+00 -1.410343381342625690e+01 -1.264053816405438679e+00 -6.546211959651523138e+00 -1.264053816405438679e+00 -4.401674494755096845e+01
4.733650695501759031e+01 1.806656525516510925e+01 2.546190907018897054e+00 1.806656525516510925e+01 3.432980449587228833e+01 -2.260650197724578447e+01 2.546190907018897054e+00 -2.260650197724578447e+01 4.251188606790281987e+00
5.167651518446231051e+00 1.507390639110927033e+01 5.272478795027520704e+00 1.507390639110927033e+01 1.440302947487040974e+01 -4.610752473979674582e-01 5.272478795027520704e+00 -4.610752473979674582e-01 -2.239870038907806205e+01
-1.656068258010853889e+00 4.261225554536043347e+00 -2.275688036821457150e+00 4.261225554536043347e+00 -5.288749665901458741e+01 1.158879765439150972e-01 -2.275688036821457150e+00 1.158879765439150972e-01 5.758911124502424883e+01
-2.841680154328004093e+01 1.066430473700427095e+00 -5.738378852963559318e+00 1.066430473700427095e+00 -3.664370101738676766e+01 1.066948117140943619e+00 -5.738378852963559318e+00 1.066948117140943619e+00 -5.687689198502596355e+01
2.546169527894973328e+01 1.283156538853540241e+01 9.905335572187151882e+00 1.283156538853540241e+01 1.454949635142089903e+01 1.037231260045051684e+01 9.905335572187151882e+00 1.037231260045051684e+01 -2.254628069096488119e+01
-4.754401171961995232e+01 8.922610812599650387e+00 -9.444981890008806502e+00 8.922610812599650387e+00 -2.046517516820737370e+01 -3.679022085148710985e-01 -9.444981890008806502e+00 -3.679022085148710985e-01 2.481453975736453899e+01
1.930419426444213116e+01 2.403132016375022939e+00 -1.308331376221093656e+01 2.403132016375022939e+00 4.923589013549859317e+01 -4.058371864951576313e+00 -1.308331376221093656e+01 -4.058371864951576313e+00 -2.788502493510684577e+00
-1.287405930177813573e+01 -2.133518861012512868e+00 5.089180901837547566e+00 -2.133518861012512868e+00 1.449477669664168111e+01 -3.988779715510692103e+00 5.089180901837547566e+00 -3.988779715510692103e+00 -3.297944134353002710e+01
3.116604463385558788e+01 -4.922514781259609506e+00 -1.985780434846260656e+00 -4.922514781259609506e+00 3.222599341139189022e+01 -1.706770942602727459e+01 -1.985780434846260656e+00 -1.706770942602727459e+01 -3.540720209159049059e+00
2.731833709830003798e+01 1.398088277039367711e+01 -3.571272484793619917e+00 1.398088277039367711e+01 1.030678661482956215e+01 4.309372707369038658e+00 -3.571272484793619917e+00 4.309372707369038658e+00 -4.371415244167232039e+00
-1.615953344318424456e+01 -2.132694545452142876e+00 4.471729114083027312e+00 -2.132694545452142876e+00 -1.840470237144460697e+01 7.572027797020861151e+00 4.471729114083027312e+00 7.572027797020861151e+00 -3.810229056337333020e+01
-2.917834539641813763e+01 -9.314300514052026969e+00 1.372303059127560942e+01 -9.314300514052026969e+00 2.365821731853231213e+01 8.913264663597312065e+00 1.372303059127560942e+01 8.913264663597312065e+00 7.122789703296494679e+01
-4.781764524356042045e+01 -5.992775032853813855e+00 8.159123334016083362e+00 -5.992775032853813855e+00 -7.398295000840495739e-01 7.922434835078231430e+00 8.159123334016083362e+00 7.922434835078231430e+00 4.627372518947523616e+01
-7.189013481772308012e+01 -6.064010109362451217e+00 4.503090527137902477e+00 -6.064010109362451217e+00 -6.033455896262005780e+01 -1.163750967109358392e+01 4.503090527137902477e+00 -1.163750967109358392e+01 -3.014825185067885371e+01
1.360956056980172058e+01 -6.700866008813035180e+00 -4.702216854852410144e+00 -6.700866008813035180e+00 3.024255507533547416e+01 1.483915602980198933e+01 -4.702216854852410144e+00 1.483915602980198933e+01 6.234118073762546786e+00
-5.073662040313053900e+00 -3.049317830100693794e+00 1.521071948554436482e+01 -3.049317830100693794e+00 1.495557153729867395e+01 7.206415340076613774e+00 1.521071948554436482e+01 7.206415340076613774e+00 -1.545455394555091821e+01
-2.978651904828793562e+01 -2.650040933198062554e+00 -2.930998492150827861e+00 -2.650040933198062554e+00 -4.615023681546664847e+01 -6.362749832990204801e+00 -2.930998492150827861e+00 -6.362749832990204801e+00 -4.263272814855428550e+01
-6.665077387678712384e+00 1.320528960784893791e+00 1.105067078758973587e+00 1.320528960784893791e+00 -6.906175945017543505e+00 -6.026577106996995337e-01 1.105067078758973587e+00 -6.026577106996995337e-01 -2.144937631253749899e+01
4.847510339682209946e+01 5.976679021948573478e+00 -1.184067846367258525e+01 5.976679021948573478e+00 5.130510292958669538e+01 -4.131131130861241951e-01 -1.184067846367258525e+01 -4.131131130861241951e-01 -6.856377390531512184e+00
-3.924393390968792517e+01 -5.656757144512974733e+00 3.048175973844019726e+00 -5.656757144512974733e+00 -1.637680758544019000e+01 -1.706258386975183328e+01 3.048175973844019726e+00 -1.706258386975183328e+01 -4.853343753454923615e+01
-4.136202889036926678e+00 -2.515034971201253633e+00 -1.233763037230859538e+01 -2.515034971201253633e+00 -1.372478043962630956e+01 8.174067263766302105e+00 -1.233763037230859538e+01 8.174067263766302105e+00 -2.477084095541381004e+01
-2.465820910114052467e+01 -1.709235052202445004e+01 5.072469484913789906e+00 -1.709235052202445004e+01 -5.449280499845454706e+00 -1.478633952582280742e+01 5.072469484913789906e+00 -1.478633952582280742e+01 -5.670633386532500708e+01
-1.410559110058124865e+01 1.089912791286926108e+01 1.354408406378204033e+00 1.089912791286926108e+01 -2.634130028234510945e+01 2.062849928442170633e+00 1.354408406378204033e+00 2.062849928442170633e+00 -4.602437978726889867e+01
8.115142438545346693e+01 -4.035582095966995020e+00 3.993107745730462455e+00 -4.035582095966995020e+00 7.405975744879499700e+01 -5.849140004014290461e+00 3.993107745730462455e+00 -5.849140004014290461e+00 5.065939964474436863e+01
-1.686799701617193392e+01 -3.662813861715909614e+00 5.685102645687515555e+00 -3.662813861715909614e+00 -2.042324818901303018e+00 2.064466151263365745e+01 5.685102645687515555e+00 2.064466151263365745e+01 -1.567427318849104267e+01
5.886083721874966201e+00 5.941790342871244412e+00 9.493444620016974200e-01 5.941790342871244412e+00 -1.116132676270183310e+01 1.688192665657004810e+01 9.493444620016974200e-01 1.688192665657004810e+01 4.633524975569404347e+00
7.620637547979255544e+01 -6.871113381087427641e+00 1.423616374725179234e+01 -6.871113381087427641e+00 5.930265299453656525e+01 3.421217706125458946e+00 1.423616374725179234e+01 3.421217706125458946e+00 2.697316650720510012e+01
4.686503672345966542e+00 -3.616745747185012849e-01 2.037501070867575148e+00 -3.616745747185012849e-01 6.789304309896170508e+00 1.233233524861358532e+01 2.037501070867575148e+00 1.233233524861358532e+01 -2.409160102435774320e+01
2.898182170132152891e+01 4.406545532589057679e+00 9.444047651203497651e+00 4.406545532589057679e+00 4.002843986937356391e+01 2.104704391483125647e+01 9.444047651203497651e+00 2.104704391483125647e+01 1.661461442979124215e+01
-9.132060039187482658e+00 3.322387353546537359e+00 -1.574474578437168582e+01 3.322387353546537359e+00 -2.620489880678036698e+01 8.544551416012969858e-01 -1.574474578437168582e+01 8.544551416012969858e-01 -5.621858842451788973e+01
2.885322088109414196e+01 -9.053481809039366723e+00 -5.029285688982533919e+00 -9.053481809039366723e+00 3.591152603475691762e+01 7.086028345696478326e+00 -5.029285688982533919e+00 7.086028345696478326e+00 -2.728747109733743770e+01
-2.624614100588107135e+01 1.142308494715351452e+00 1.027146480581789412e+01 1.142308494715351452e+00 -2.147545658852185113e+01 3.716604522895556872e+00 1.027146480581789412e+01 3.716604522895556872e+00 -5.326213212691323662e+01
2.400502073348108922e+01 2.192342050749090987e+01 1.739439037943670030e+01 2.192342050749090987e+01 2.824344079497273086e+01 3.557633526597836493e+00 1.739439037943670030e+01 3.557633526597836493e+00 -2.006853986239436338e+01
5.712664270275262623e+01 2.137605740325591697e+00 5.821217409952038402e+00 2.137605740325591697e+00 5.826011492532183667e+01 6.248406294868037669e+00 5.821217409952038402e+00 6.248406294868037669e+00 2.986292185224365880e+01
-3.733464120566464040e+00 3.708373839345245226e+00 1.405397097312246935e+01 3.708373839345245226e+00 -8.512984828469934984e-01 9.557701753732688488e+00 1.405397097312246935e+01 9.557701753732688488e+00 -1.852184238402295335e+01
5.571535978964764269e+00 -3.832885934071891487e+00 -7.420151192214417435e+00 -3.832885934071891487e+00 2.334104783606177946e+01 -6.184385781573402685e-01 -7.420151192214417435e+00 -6.184385781573402685e-01 2.208473766584321041e+01
-7.713418389435252820e+00 -3.536709572780885491e+00 -3.129928956266768481e+00 -3.536709572780885491e+00 -2.534769813679352168e+01 -1.113363653247016849e+01 -3.129928956266768481e+00 -1.113363653247016849e+01 -3.479059171773151604e+01
-6.819499177875808016e+01 -1.159891254040576314e+01 -3.461497461688324062e+00 -1.159891254040576314e+01 -4.818268226292123302e+01 -9.888461068260937736e+00 -3.461497461688324062e+00 -9.888461068260937736e+00 -6.629100286484701599e+01
-1.713946651414051559e+01 -5.576503862569393455e+00 -1.374811658425499772e+01 -5.576503862569393455e+00 -7.157363849326659988e+01 -1.471208886397484150e+00 -1.374811658425499772e+01 -1.471208886397484150e+00 -3.939778125832684452e+01
-2.774997063403543862e+01 5.863590932988198112e+00 1.324018133826171528e+01 5.863590932988198112e+00 -4.242744610401913974e+01 -1.273286075552429253e+01 1.324018133826171528e+01 -1.273286075552429253e+01 -5.006587836277423520e+01
-1.990033853014649168e+01 7.691551418106865601e-01 -6.648983698615517746e+00 7.691551418106865601e-01 -2.397660341663678807e+01 2.110886291944995463e+01 -6.648983698615517746e+00 2.110886291944995463e+01 -3.508623435762919485e+01
-1.862049148586373803e+01 -4.540933460535732102e-01 -1.124923457195605359e+01 -4.540933460535732102e-01 -3.101064608141399148e+01 2.791609514204922604e+01 -1.124923457195605359e+01 2.791609514204922604e+01 -6.009893979365946848e+01
2.148129414580395036e+01 -1.763204221724947018e+01 -3.149157730634287722e-01 -1.763204221724947018e+01 1.526932858212651034e+01 -2.035207875708458403e+01 -3.149157730634287722e-01 -2.035207875708458403e+01 3.276061662721669432e+00
-1.913694839541627335e+00 1.271060486257364630e+01 6.600020331119846873e+00 1.271060486257364630e+01 2.031277929169336716e+01 5.663011210862439748e-01 6.600020331119846873e+00 5.663011210862439748e-01 -3.574507804887229412e+01
-6.442728077534388831e+01 -1.580177546304917335e+01 -7.667447314021640814e+00 -1.580177546304917335e+01 -4.164080888688373960e+01 5.023467083263233768e+00 -7.667447314021640814e+00 5.023467083263233768e+00 -3.595155944704850270e+01
-7.970941451643294151e+00 -7.633850584015636542e+00 -1.633531609098126225e+01 -7.633850584015636542e+00 1.480536864657504381e+01 -1.095379211850110002e+00 -1.633531609098126225e+01 -1.095379211850110002e+00 1.653882631292731054e+00
-1.884808152325204134e+01 1.468015235504212335e+01 -1.016602822629103287e+01 1.468015235504212335e+01 -1.953938675229321476e+01 5.906334111397820053e+00 -1.016602822629103287e+01 5.906334111397820053e+00 -5.585045229682054924e+01
-3.098173084569305402e+01 -7.980976723948359108e+00 8.547782431796040470e+00 -7.980976723948359108e+00 -1.816369042733800754e+01 -4.551917329019359748e+00 8.547782431796040470e+00 -4.551917329019359748e+00 -6.763787874878634909e+01
1.884205370753403663e+00 1.542427050809296496e+01 -1.425371684954753349e+01 1.542427050809296496e+01 -1.684711607221385066e+01 -1.591563672242058836e+01 -1.425371684954753349e+01 -1.591563672242058836e+01 -4.086917881354458615e+01
-1.555925090709622083e+01 8.133248413535357102e+00 -6.509674603766736567e+00 8.133248413535357102e+00 -2.531404733347230618e+01 1.000491026805349115e+01 -6.509674603766736567e+00 1.000491026805349115e+01 -5.341591749165981895e+01
-2.667705117840256079e+01 -1.969262496837529497e+01 -3.888393687431782553e+01 -1.969262496837529497e+01 -1.386256367367457720e+01 6.130128582681041216e+00 -3.888393687431782553e+01 6.130128582681041216e+00 -1.208290653603627307e+00
-1.061551295219434898e+01 -9.852609379151852309e+00 2.090563539288550032e+01 -9.852609379151852309e+00 -1.291722689336094732e+01 2.748379154217846576e+01 2.090563539288550032e+01 2.748379154217846576e+01 -3.248571525992080922e+01
-1.454990212214573830e+01 -1.491778621869624288e+01 2.052180532188856787e+01 -1.491778621869624288e+01 -5.100828317301180803e+00 -4.077880267632083999e+00 2.052180532188856787e+01 -4.077880267632083999e+00 -2.282714013529622932e+01
-2.485782415359098607e+01 -5.930320360278180658e+00 1.110648187798394027e+01 -5.930320360278180658e+00 -8.478340372858255591e+00 1.884142429544084507e+01 1.110648187798394027e+01 1.884142429544084507e+01 -2.241226055403376094e+01
-7.853024002406760573e+00 -8.401982941829437834e+00 4.960408967761437693e-01 -8.401982941829437834e+00 3.466612729833157935e+00 -1.026648351968899853e+01 4.960408967761437693e-01 -1.026648351968899853e+01 -1.427629898038657785e+01
-2.366813150971921687e+01 -1.870906283770526812e+01 -1.120012824663951179e+01 -1.870906283770526812e+01 1.579467760849241031e+01 -4.917376856941445551e-01 -1.120012824663951179e+01 -4.917376856941445551e-01 -2.809939110674087814e+01
-2.316604859137929395e+01 6.641268127264257082e+00 -2.416513226197309550e+01 6.641268127264257082e+00 -2.377351248966528274e+01 2.257529713411710404e+01 -2.416513226197309550e+01 2.257529713411710404e+01 -2.140679023058601160e+01
1.149205886932629284e+01 1.845719605751594017e+01 7.608311756723833419e-01 1.845719605751594017e+01 1.901288352462592712e+01 -3.884424326470238498e+00 7.608311756723833419e-01 -3.884424326470238498e+00 -2.609800663798249687e+01
-3.518165585451876609e+01 4.692009973715070004e+00 3.581534332073433191e+00 4.692009973715070004e+00 -6.942359819634707208e+01 8.422530875469990130e-01 3.581534332073433191e+00 8.422530875469990130e-01 -7.618210562951252030e+01
-1.286534953430414685e+00 -1.835926241331141640e+01 1.057578046131901850e+01 -1.835926241331141640e+01 -1.807660780200397355e+01 3.072235444309098540e+01 1.057578046131901850e+01 3.072235444309098540e+01 -3.004439997783287097e+01
8.088635638864296595e+01 1.528504389718011947e+00 1.969062434593781497e+00 1.528504389718011947e+00 8.455326776053566107e+01 6.598789005804504448e+00 1.969062434593781497e+00 6.598789005804504448e+00 2.452184404447861965e+01
-3.866406399707651786e+01 1.361963870448070146e+01 -9.995570336846395065e+00 1.361963870448070146e+01 1.317839699288343880e+01 4.799836829367376545e+00 -9.995570336846395065e+00 4.799836829367376545e+00 -4.085407213360387857e+01
-3.218496300601675131e+01 -5.070407885269043291e+00 5.724756491879947617e+00 -5.070407885269043291e+00 -2.462480293257092256e+01 -3.857086502211112489e+00 5.724756491879947617e+00 -3.857086502211112489e+00 -4.871746701618529585e+01
9.265590681132522377e+00 1.946100864817681630e+00 2.237438742811351577e+00 1.946100864817681630e+00 -4.213157831428095967e+00 2.951823124015120481e+00 2.237438742811351577e+00 2.951823124015120481e+00 2.940142143720461831e+01
-1.915280360663131276e+01 -4.580655569190144938e+00 -6.272049022022113007e+00 -4.580655569190144938e+00 -1.799416710910782058e+01 1.029655937447733294e+01 -6.272049022022113007e+00 1.029655937447733294e+01 -2.104423957057895223e+01
-6.697913439693006232e-01 2.573949111115741317e+00 4.221399059988939939e+00 2.573949111115741317e+00 -1.316178760595975206e+01 -3.075071580614958222e+00 4.221399059988939939e+00 -3.075071580614958222e+00 -1.223770292658283410e+00
1.843419389642122752e+01 -6.548260922537058271e+00 -1.429075523820681326e+01 -6.548260922537058271e+00 2.247020250565422117e+01 -1.091393054749210911e+01 -1.429075523820681326e+01 -1.091393054749210911e+01 1.780754647558483228e+01
7.492375415946924022e+00 6.479711637471474717e+00 -1.877861856025894127e+01 6.479711637471474717e+00 6.752606502785574172e+00 8.742405158573800961e+00 -1.877861856025894127e+01 8.742405158573800961e+00 -1.813377096275072731e+01
5.225853974139679892e+00 2.618390833014320407e+00 9.646670322059017977e+00 2.618390833014320407e+00 6.390790269614000429e+00 -6.582833011953184155e+00 9.646670322059017977e+00 -6.582833011953184155e+00 -3.726646163282391200e+01
-2.621082181005712641e+01 8.887910228898066478e+00 1.064531808118051259e+01 8.887910228898066478e+00 -2.715163357460044224e+01 1.185946580858193711e+00 1.064531808118051259e+01 1.185946580858193711e+00 -5.119793670298536625e+01
1.136763447642793068e+01 1.204908435069147110e+01 1.132376003098693396e+01 1.204908435069147110e+01 1.918556877762881996e+01 6.927676714534483970e+00 1.132376003098693396e+01 6.927676714534483970e+00 -6.091370852069805331e+00
-1.140453633247759058e+01 2.033298861577697636e+01 1.519802652863335091e+01 2.033298861577697636e+01 1.795688881263334480e+00 -1.499429848190016301e+01 1.519802652863335091e+01 -1.499429848190016301e+01 -4.456920660784200550e+01
7.103378948082867517e+00 2.344701732987393594e+00 1.479190201290682793e+01 2.344701732987393594e+00 7.784764643424950670e+00 7.676805553886218547e+00 1.479190201290682793e+01 7.676805553886218547e+00 -2.357224548515798901e+01
-5.516466701810023210e+01 -6.248431069795941539e+00 -1.361312749512542553e+01 -6.248431069795941539e+00 -2.270388910179245912e+01 9.749820220427640294e+00 -1.361312749512542553e+01 9.749820220427640294e+00 -7.761902558843237898e+01
3.209790601444087788e+00 1.079710296769169453e+01 -7.072106408146718870e-01 1.079710296769169453e+01 -1.169806552355500884e+01 -1.325625906588125247e+01 -7.072106408146718870e-01 -1.325625906588125247e+01 -3.314304460317931955e+01
3.968766624767910400e+01 -1.554816781305329165e+01 8.029448884977128387e+00 -1.554816781305329165e+01 1.375561487775342506e+01 2.091093716492286259e+00 8.029448884977128387e+00 2.091093716492286259e+00 -4.185245553372973859e+01
1.397155744170546221e+01 -2.486334798451062422e+00 1.097276023338067397e+01 -2.486334798451062422e+00 -2.081035489869001864e+01 -5.418440693622067705e+00 1.097276023338067397e+01 -5.418440693622067705e+00 -2.570014999727021632e+01
-1.939788965119810271e+01 1.752262802604265035e+00 7.963875828314443961e-01 1.752262802604265035e+00 -2.255515997532461370e+01 -1.441605316256224079e+01 7.963875828314443961e-01 -1.441605316256224079e+01 -3.465861104098688372e+01
-6.002727388322080770e+01 -2.737054820019947954e+01 -3.350727066400141507e-01 -2.737054820019947954e+01 -4.384183045039206661e+01 -1.302179834424280891e+01 -3.350727066400141507e-01 -1.302179834424280891e+01 -2.283774869429323928e+01
-1.015359632706699955e+01 -5.885116603433831806e+00 5.317945245877818472e+00 -5.885116603433831806e+00 -4.353481084589254380e+01 8.795766869870890181e-01 5.317945245877818472e+00 8.795766869870890181e-01 -4.493671602018238076e+01
8.818799942592153718e-01 5.445039617597533521e+00 -1.722409532985959757e+01 5.445039617597533521e+00 8.458144114089961585e-01 -6.057518341893466385e+00 -1.722409532985959757e+01 -6.057518341893466385e+00 -3.045368878999823536e+01
-4.846766252410850484e+01 2.304300897406149673e+01 1.054753848196592259e+01 2.304300897406149673e+01 1.361318009327376721e+01 1.842468435698169316e+01 1.054753848196592259e+01 1.842468435698169316e+01 -4.184618435217554122e+01
-9.884210564197042359e+00 4.829780400906235727e+00 2.139004389355617519e+01 4.829780400906235727e+00 -2.227031600732745886e+01 1.059265424781582254e+00 2.139004389355617519e+01 1.059265424781582254e+00 1.976300098898269653e+01
4.903107755948123270e+01 5.149116715047979298e+00 1.305420994044095551e+01 5.149116715047979298e+00 3.394687988352042396e+01 -5.101102011937054925e+00 1.305420994044095551e+01 -5.101102011937054925e+00 1.800221151405635922e+01
-8.579155682886602241e-01 -9.751698426159613575e+00 -2.289886293319412403e+00 -9.751698426159613575e+00 -8.124005017783474614e+00 -2.311710951982631546e+00 -2.289886293319412403e+00 -2.311710951982631546e+00 2.327058137509243707e+01
-4.635612949509751246e+01 9.916741162264990805e+00 7.553040272743101191e-01 9.916741162264990805e+00 1.988870948360926150e+01 -2.881142326550774513e+01 7.553040272743101191e-01 -2.881142326550774513e+01 -3.947830387796643947e+01
2.287225239073178074e+01 2.957103584823025599e+00 -3.183491836347998927e+00 2.957103584823025599e+00 2.937504158034327872e+01 -1.898642128971908649e+00 -3.183491836347998927e+00 -1.898642128971908649e+00 -6.182157930388107125e+00
-9.643839545669587565e+00 -1.523000075231495565e+01 -8.490769437587093904e+00 -1.523000075231495565e+01 -5.846419205409464581e+00 4.950320286540259573e+00 -8.490769437587093904e+00 4.950320286540259573e+00 -2.373819834081722480e+00
6.001357877821081210e+00 -2.521927408540085125e+00 -9.922580742694055544e+00 -2.521927408540085125e+00 2.154355032993596097e+01 1.732145325429273441e+01 -9.922580742694055544e+00 1.732145325429273441e+01 -2.020521271234095906e+01
7.333717249221084478e-01 -7.624360873202894240e+00 -7.341087663702070110e+00 -7.624360873202894240e+00 -5.300349960055041443e+00 -2.648801543547555681e+01 -7.341087663702070110e+00 -2.648801543547555681e+01 3.190413974232540806e+00
-2.678137159522931299e+01 9.932425371430504413e+00 -1.822001826263164403e+01 9.932425371430504413e+00 -2.188203704794566207e+01 1.475850909086121376e+01 -1.822001826263164403e+01 1.475850909086121376e+01 -1.472464881573506901e+01
-7.137438724187118666e+00 3.018189632432880742e+00 -4.372055284674747355e+00 3.018189632432880742e+00 2.466890815497110268e+01 1.288287359636275609e+00 -4.372055284674747355e+00 1.288287359636275609e+00 -2.314640210367084450e+01
-2.943408636151286561e+00 -7.501262692246370101e+00 -5.076506241842531075e+00 -7.501262692246370101e+00 3.511573918464706345e+00 -3.146373772694578186e+00 -5.076506241842531075e+00 -3.146373772694578186e+00 -2.539124991283351918e+01
-1.929310704326674397e+00 5.350286889056697248e+00 -1.363827474635812464e+01 5.350286889056697248e+00 2.629434983776707924e+01 -1.269264422886127797e+01 -1.363827474635812464e+01 -1.269264422886127797e+01 -1.819332354635549720e+01
2.531428794475319322e+01 3.680787126754319072e+00 -7.705033129784137458e+00 3.680787126754319072e+00 4.051908447218496434e+01 3.063852337024568939e+01 -7.705033129784137458e+00 3.063852337024568939e+01 -7.275562215234497643e+00
-1.955937493160552165e+01 1.011912987999228086e+01 1.297567986653526617e+01 1.011912987999228086e+01 -3.602403188303108550e+01 1.332599204837571494e-01 1.297567986653526617e+01 1.332599204837571494e-01 -3.640227484516250911e+01
