-1.194042060415975826e+01 1.420434975010126166e+00 -8.330138045581426454e+00 1.420434975010126166e+00 -9.634910011370745764e+00 2.729797192512765314e+00 -8.330138045581426454e+00 2.729797192512765314e+00 4.134938412200273028e+00
3.053854224439229625e+01 -1.072039573782756072e+01 -8.781558221885084947e+00 -1.072039573782756072e+01 6.231012398676826081e+01 1.649084624239368324e+01 -8.781558221885084947e+00 1.649084624239368324e+01 1.880450649438305177e+01
-1.776358663661214621e+01 -1.975056416007874915e+01 -8.929144805153224951e+00 -1.975056416007874915e+01 5.711167046347044973e+00 7.333590211733080011e+00 -8.929144805153224951e+00 7.333590211733080011e+00 -3.375885988180329633e+01
2.933326599709972982e+01 1.799243387784958514e+00 -6.967916722010496500e+00 1.799243387784958514e+00 2.728692986263684972e+01 -9.607517550430724640e+00 -6.967916722010496500e+00 -9.607517550430724640e+00 -5.451621512040526474e-01
1.475142877271227349e+01 -6.313289207511660450e+00 2.235142447284099998e-01 -6.313289207511660450e+00 1.210193083093412802e+01 -1.300520645944174714e+00 2.235142447284099998e-01 -1.300520645944174714e+00 -2.809224521531118413e+01
-2.310825434974163528e+01 -3.193752797645290076e-01 -1.063516581432262242e+01 -3.193752797645290076e-01 -5.129535633034160158e-01 1.185514443549868702e+01 -1.063516581432262242e+01 1.185514443549868702e+01 -6.740258579240172310e+01
1.912102725486087706e+01 -1.156111643265834843e+01 8.447244022831332799e+00 -1.156111643265834843e+01 1.934989521149035241e+01 5.559386477021457829e+00 8.447244022831332799e+00 5.559386477021457829e+00 -1.480886308058735779e+01
3.087972908942727557e+01 -8.763794890070146337e+00 6.917279200779583803e+00 -8.763794890070146337e+00 3.072555502139031347e+01 -1.039781342271075815e+01 6.917279200779583803e+00 -1.039781342271075815e+01 6.712424379878921599e+00
5.435023792272248500e+01 1.407415232211975287e+01 -1.646706376903393609e+00 1.407415232211975287e+01 4.397764748652483036e+01 -5.024211616283476012e+00 -1.646706376903393609e+00 -5.024211616283476012e+00 4.306675381329679198e+00
3.799952905002920289e+01 1.017384518851362252e+01 5.115054784143953093e+00 1.017384518851362252e+01 5.072888888347650038e+01 9.340396013071924131e+00 5.115054784143953093e+00 9.340396013071924131e+00 2.117298941381038091e+01
1.067374345995557583e+01 1.800741208841297292e+00 8.381607253583367445e-01 1.800741208841297292e+00 -5.497979365498133486e-01 -3.590423342986353461e+00 8.381607253583367445e-01 -3.590423342986353461e+00 -1.302417924950840344e+01
1.980781677775033245e+01 -5.839133537976766153e-01 -1.564830520286485394e+00 -5.839133537976766153e-01 1.628264936297015808e+01 -1.039561970724149376e+01 -1.564830520286485394e+00 -1.039561970724149376e+01 -6.895638477303253744e+00
-1.866054579928087165e+01 7.320551872332172749e+00 -4.262505670177517025e+00 7.320551872332172749e+00 -3.534850815448004724e+00 3.538449018820459369e+00 -4.262505670177517025e+00 3.538449018820459369e+00 -3.884822315399268255e+00
-5.055493686246617102e+00 2.518819083320899210e+00 3.022995627039226196e+00 2.518819083320899210e+00 4.768310082750396361e+00 -1.423935400876278567e+00 3.022995627039226196e+00 -1.423935400876278567e+00 5.763591224799967883e+00
-3.204431564794885645e+01 1.562486473697925327e+01 7.757156871696142542e-01 1.562486473697925327e+01 -2.288311904579995826e+01 5.358818920122921270e+00 7.757156871696142542e-01 5.358818920122921270e+00 -4.684352579496779612e+01
-1.074649630057148286e+01 -1.063476019208439993e+01 1.240307890634278110e+01 -1.063476019208439993e+01 -1.030884617951498683e+01 -2.090840453995450332e+01 1.240307890634278110e+01 -2.090840453995450332e+01 -4.653565586109564123e+01
6.689038964388634767e+00 2.492874558376393601e+00 4.507822679845284064e+00 2.492874558376393601e+00 2.422769002694107954e+01 -9.500411857075427235e+00 4.507822679845284064e+00 -9.500411857075427235e+00 -2.243389260710534572e+01
-3.471807597644851739e+01 9.353848101643592372e+00 5.555165948066916215e+00 9.353848101643592372e+00 -3.173839914717812150e+01 -1.044743532148814147e+01 5.555165948066916215e+00 -1.044743532148814147e+01 -2.101657585406433171e+01
2.394221023999853415e+01 5.693706045243013270e-01 1.385554024006915874e+01 5.693706045243013270e-01 1.143672474361249947e+01 -8.459807465469696197e+00 1.385554024006915874e+01 -8.459807465469696197e+00 -6.800212022273820267e+00
-2.125800175103698209e+01 -8.694309965686489505e+00 -1.285651465071648225e+01 -8.694309965686489505e+00 -1.954497638710610730e+01 1.157108579019036632e-01 -1.285651465071648225e+01 1.157108579019036632e-01 -4.626148812729193338e+01
-4.103309723184293212e+00 4.268247315903811234e+00 1.156486722975903075e-01 4.268247315903811234e+00 -1.343176316938652270e+01 4.623285119847416524e+00 1.156486722975903075e-01 4.623285119847416524e+00 -1.816521726012517490e+01
2.315899702320329823e+01 8.313057445227192588e+00 -2.548900293298105524e+00 8.313057445227192588e+00 2.200434181525540822e+01 8.441228479450874289e+00 -2.548900293298105524e+00 8.441228479450874289e+00 -2.961386200468562890e+01
8.307596644393784757e+00 4.404932235355388137e+00 -8.869932016679168418e-01 4.404932235355388137e+00 1.906902933449473636e+01 -3.427429091973191788e+00 -8.869932016679168418e-01 -3.427429091973191788e+00 -1.536702688232612246e+01
-3.832362974971155722e+01 7.272286593864357940e+00 -4.586597407381573177e+00 7.272286593864357940e+00 -4.918613334075146781e+01 5.947587119848602999e-01 -4.586597407381573177e+00 5.947587119848602999e-01 -7.257810618345453690e+01
2.094057775954150813e+01 9.670910478370689844e+00 9.750765144004248652e-01 9.670910478370689844e+00 5.706149532853054041e+00 7.681404841883459511e+00 9.750765144004248652e-01 7.681404841883459511e+00 -6.016433278563131637e+01
1.023459641328809866e+01 9.094063590053281132e+00 -5.344489506286109304e+00 9.094063590053281132e+00 1.102371903886539783e+01 -4.748047465395758948e+00 -5.344489506286109304e+00 -4.748047465395758948e+00 -1.110915960377834466e+01
1.139558935320981981e+01 9.950207390491529580e+00 -9.855501273396026773e-01 9.950207390491529580e+00 2.749489726516541310e+01 -1.332538421636963655e+01 -9.855501273396026773e-01 -1.332538421636963655e+01 -1.926491826113087313e+01
-8.717553119288774965e+00 -8.467390994351038369e-01 -1.211504446994569939e+01 -8.467390994351038369e-01 -7.368645637135857740e+00 -9.628644197610349842e-01 -1.211504446994569939e+01 -9.628644197610349842e-01 -2.206783630115368311e+01
-5.158509266387462766e+00 -1.024611801725287563e+01 -6.127402914291495861e+00 -1.024611801725287563e+01 -9.661197862403994918e+00 1.984464742275872329e+00 -6.127402914291495861e+00 1.984464742275872329e+00 -4.727020563869270831e+01
1.711246408802925600e+01 9.522417381918588219e+00 -2.693816225425106972e-02 9.522417381918588219e+00 1.717327354017432839e+01 -1.546208008792420330e+01 -2.693816225425106972e-02 -1.546208008792420330e+01 -2.338255477961656581e+01
2.226294607581323604e+01 2.249756384546164156e+01 -2.456614271777347369e+00 2.249756384546164156e+01 3.004226342971568542e+01 5.004384282337545287e+00 -2.456614271777347369e+00 5.004384282337545287e+00 -5.344786286131203212e+00
-1.831949130519016089e+00 -7.819353687851708479e+00 1.497139616161520248e+00 -7.819353687851708479e+00 -2.340681140943880578e+01 7.580612469629937067e+00 1.497139616161520248e+00 7.580612469629937067e+00 -2.834139681381777365e+01
3.218871383105020101e+01 2.199873036038831664e+00 -1.458178906363565952e+00 2.199873036038831664e+00 2.627266321103421021e+01 -6.629612766580341265e+00 -1.458178906363565952e+00 -6.629612766580341265e+00 -1.415130166078916218e+01
7.810741309235592666e+01 5.159712181354341176e+00 7.710279603651284397e+00 5.159712181354341176e+00 5.570115003217025418e+01 -6.682113802439293870e+00 7.710279603651284397e+00 -6.682113802439293870e+00 4.083456870057279531e+01
-2.565635537299749913e+01 -6.208740598221188733e+00 -8.523958308100022307e+00 -6.208740598221188733e+00 -1.393169466260918021e+01 2.880528160798562443e+00 -8.523958308100022307e+00 2.880528160798562443e+00 -5.914959482475867247e+01
-3.558440956580270864e+01 1.965152775639623650e+00 -6.208460578277322561e+00 1.965152775639623650e+00 -3.842004902476606532e+01 -1.156615940770547413e+00 -6.208460578277322561e+00 -1.156615940770547413e+00 -2.803082973082139162e+01
5.221064251309875459e+01 4.014407171003976593e+00 -1.986733905396748989e+00 4.014407171003976593e+00 4.131950947199538149e+01 2.222434054053794572e+00 -1.986733905396748989e+00 2.222434054053794572e+00 6.817116585997307965e+00
-7.884593272628798388e+00 -1.955955446208943016e+00 -2.156495599687446685e+01 -1.955955446208943016e+00 -6.945419792203440856e+00 6.312068067125821358e+00 -2.156495599687446685e+01 6.312068067125821358e+00 -4.266964316458195583e+01
-2.757789661476900989e+01 4.341246935021095155e+00 3.404639567279541090e+00 4.341246935021095155e+00 -8.448287146196259201e+00 -6.885067394225154125e+00 3.404639567279541090e+00 -6.885067394225154125e+00 -3.749004530208902963e+01
-1.484161560004408020e+00 4.276726620331126938e+00 -6.630506395725561219e+00 4.276726620331126938e+00 -2.071230002287774763e+00 -1.030007006281339166e+01 -6.630506395725561219e+00 -1.030007006281339166e+01 -1.775016513018100639e+01
1.012642337327160469e+01 -4.265401650626693630e+00 -4.861126378494833866e-01 -4.265401650626693630e+00 2.533731939891539220e+00 -5.584218328154393340e+00 -4.861126378494833866e-01 -5.584218328154393340e+00 -3.574121720520961532e+01
-7.815344916211410364e+00 1.494305319227919782e+01 4.617650825024626648e+00 1.494305319227919782e+01 1.194162744549121591e+01 3.191835639305094396e+00 4.617650825024626648e+00 3.191835639305094396e+00 1.671470075353741791e+01
-8.261975757628855499e-01 7.703592875458513234e+00 -1.955412081452070128e+00 7.703592875458513234e+00 3.429767770870650323e-01 2.585302058541678161e+00 -1.955412081452070128e+00 2.585302058541678161e+00 -2.558329331865915890e+01
1.497398940325624928e+00 1.016501955905932064e+01 9.706249799580213278e+00 1.016501955905932064e+01 7.030260811358235440e-01 -7.470714602732867249e+00 9.706249799580213278e+00 -7.470714602732867249e+00 -1.039357158321328534e+01
6.493853795089055581e+00 1.200269960843164263e+01 5.248602894447480516e+00 1.200269960843164263e+01 7.135440037754228193e+00 4.966456634013558968e+00 5.248602894447480516e+00 4.966456634013558968e+00 -9.963457757552390603e+00
-4.393207433351789604e+01 8.637893697632312850e+00 -4.967037992660332080e+00 8.637893697632312850e+00 -1.205593619822790785e+01 -2.169860105404355921e-01 -4.967037992660332080e+00 -2.169860105404355921e-01 -1.782529677443952210e+01
3.070562790810858544e+01 1.911250601136560867e+00 -1.496672366066571946e+01 1.911250601136560867e+00 1.520457886237030998e+01 -4.197469042908041903e-01 -1.496672366066571946e+01 -4.197469042908041903e-01 -4.307584768653032192e+00
1.789128498968016245e+01 -7.124716404348221399e-01 -5.003487148992783240e+00 -7.124716404348221399e-01 2.244480781283714776e+01 -1.438379774192230265e+01 -5.003487148992783240e+00 -1.438379774192230265e+01 -3.187816829698535415e+01
3.245128205124510856e+01 1.319457169471296654e+00 -1.171217307789825135e+00 1.319457169471296654e+00 2.916888593508886629e+01 5.557557790537622999e+00 -1.171217307789825135e+00 5.557557790537622999e+00 -3.016746442946387496e+00
-2.762925869913432209e+01 9.040661260747940631e+00 3.213504828792676182e+00 9.040661260747940631e+00 -1.314169595186276496e+01 -1.555027999629377433e+00 3.213504828792676182e+00 -1.555027999629377433e+00 -1.947770283821606219e+00
1.686991688209031182e+01 3.833352952711471584e+00 8.865588439222857886e+00 3.833352952711471584e+00 9.964549321293729278e+00 3.974480182535138795e+00 8.865588439222857886e+00 3.974480182535138795e+00 -8.474582074059860304e+00
-1.579854757756352868e+01 -9.009149149835057102e+00 -6.111140464280289564e+00 -9.009149149835057102e+00 -1.570689983482250618e+01 3.704494451194736970e-01 -6.111140464280289564e+00 3.704494451194736970e-01 -4.159158507744719913e+01
-1.496098168910781467e+01 -3.389045404399595007e+00 -7.959401074459115044e+00 -3.389045404399595007e+00 -1.221786308995257819e+01 -6.203192551525061882e-01 -7.959401074459115044e+00 -6.203192551525061882e-01 -4.083077271117456775e+01
-4.464588943931345000e+01 -3.914174617975003656e+00 8.318747332733238409e+00 -3.914174617975003656e+00 -4.109506670099052883e+01 -1.889887815580843400e+00 8.318747332733238409e+00 -1.889887815580843400e+00 -6.173484114983457260e+01
1.749064599322059266e+01 6.437908063753734478e-01 4.511902352311997433e+00 6.437908063753734478e-01 3.856145928957955249e+01 6.384075219877180629e+00 4.511902352311997433e+00 6.384075219877180629e+00 -3.502035775048606414e-01
2.659851051805421207e+01 -2.643310330970516819e+00 5.200971639597334217e+00 -2.643310330970516819e+00 2.391947444520090116e+01 -1.391164957602308627e+00 5.200971639597334217e+00 -1.391164957602308627e+00 -2.319492234233861083e+01
-1.029226557027674360e+01 3.219406149151074814e+00 1.331244750690471790e+01 3.219406149151074814e+00 -7.626945514134360948e+00 -1.092661260051696459e+01 1.331244750690471790e+01 -1.092661260051696459e+01 -5.203577908611698888e+01
-1.316358014511063423e+01 3.212332057360794746e+00 2.351528771307416665e+00 3.212332057360794746e+00 -1.523487001839397115e+00 1.076457776700253222e+00 2.351528771307416665e+00 1.076457776700253222e+00 -4.397116984529325379e+01
2.437874886405249519e+00 -2.136542457116564098e+00 7.838758868332519114e+00 -2.136542457116564098e+00 -1.069661301724916136e+00 6.570630551649839113e+00 7.838758868332519114e+00 6.570630551649839113e+00 -3.675785465515599526e+01
-6.747474755421848158e+00 1.690275870125556024e+00 -4.347427726934987469e+00 1.690275870125556024e+00 7.568509112829383545e-01 8.419012912426426354e+00 -4.347427726934987469e+00 8.419012912426426354e+00 -4.780732704809798150e+01
-2.368806380375414378e+01 2.816028581405914721e+00 -4.625045537687577202e+00 2.816028581405914721e+00 -6.898055518550032517e+00 8.751676264431004881e+00 -4.625045537687577202e+00 8.751676264431004881e+00 -7.445892593929941938e+01
-1.318636709581862521e+00 8.404948293104513857e-02 -9.769647929723075663e-02 8.404948293104513857e-02 5.350133388762317921e+00 -2.233378930351440417e+00 -9.769647929723075663e-02 -2.233378930351440417e+00 -8.704036334861767088e+00
1.880297462723258661e+01 3.076852244216325083e+00 -2.628569585177322310e+00 3.076852244216325083e+00 1.673782214867252449e+01 -2.537775755472774453e+00 -2.628569585177322310e+00 -2.537775755472774453e+00 -3.151393435540801491e+01
-1.122322457918949823e+01 1.124224976861604475e+01 -8.085987779122397745e-01 1.124224976861604475e+01 -2.444929492524625658e+01 7.235288007100820096e+00 -8.085987779122397745e-01 7.235288007100820096e+00 -1.849258997491820722e+01
9.835061037883408019e+00 -4.238646415946023538e-01 6.070877573267059901e+00 -4.238646415946023538e-01 -1.691093921730165150e-01 -4.385417886216468553e+00 6.070877573267059901e+00 -4.385417886216468553e+00 -6.706372579110972509e+00
-1.771486559915692593e+00 1.204158757273962088e+01 3.908415005988918445e+00 1.204158757273962088e+01 -1.147804557747151932e+01 -4.565292629587963447e+00 3.908415005988918445e+00 -4.565292629587963447e+00 -3.272232696454626932e+01
2.074935364794747983e+01 1.087163164069711208e+01 2.926186134721805665e+00 1.087163164069711208e+01 3.516676055017882874e+01 -3.007906608840010598e+00 2.926186134721805665e+00 -3.007906608840010598e+00 -2.974825360506546001e+00
5.213671209460187583e+01 -1.172921440305071528e+01 1.054330348010545704e+00 -1.172921440305071528e+01 5.206409320858546153e+01 6.634164576679003389e+00 1.054330348010545704e+00 6.634164576679003389e+00 2.441381361718028842e+01
4.165129745937851879e+01 1.220996190855461627e+00 -8.682312975225420004e+00 1.220996190855461627e+00 4.532784707832852433e+01 -2.526641582590643420e+00 -8.682312975225420004e+00 -2.526641582590643420e+00 3.060588793196284296e+00
-1.246510567824549121e+01 3.766458652051129619e+00 5.997112169911480883e+00 3.766458652051129619e+00 -1.192998293399718746e+00 -4.497646983507740948e-01 5.997112169911480883e+00 -4.497646983507740948e-01 1.225509616725148554e+01
2.530599196553514929e+01 -7.602296490056573708e-01 2.143839040758058978e+00 -7.602296490056573708e-01 3.526955689831498830e+01 5.858516301527252779e+00 2.143839040758058978e+00 5.858516301527252779e+00 -1.004703661377568480e+01
2.179874141784845420e+01 8.773968476529173444e+00 -1.043414886793058294e+01 8.773968476529173444e+00 9.951154539176799929e+00 -2.130148921672608164e+00 -1.043414886793058294e+01 -2.130148921672608164e+00 -3.442329687883555778e+01
-1.103696815272623333e+01 1.829185002344967614e+01 3.304594668964793591e+00 1.829185002344967614e+01 1.179896049683226167e+01 -4.043361019354957619e+00 3.304594668964793591e+00 -4.043361019354957619e+00 1.220736150150706223e+01
4.313319527046780344e+00 1.678234880033982890e+01 -1.159900933199373796e+01 1.678234880033982890e+01 -9.129495890308065853e+00 -2.576556398827227201e-01 -1.159900933199373796e+01 -2.576556398827227201e-01 -1.672306176136266487e+01
-3.276881755196063750e+01 1.451154017256305906e+01 -6.354244356803569194e-02 1.451154017256305906e+01 -9.160601668046608026e+00 3.451447698158009558e+00 -6.354244356803569194e-02 3.451447698158009558e+00 -1.081304610137340561e+01
2.194719071805925026e+01 4.758716915155689620e+00 5.107096492075788419e+00 4.758716915155689620e+00 2.062860030583549431e+01 6.917948990076080662e+00 5.107096492075788419e+00 6.917948990076080662e+00 -2.905136556049571439e+00
1.615596122327308493e+01 5.506214050403476890e+00 -6.344973657718118609e+00 5.506214050403476890e+00 2.239630085833168138e+01 1.318643840656919686e+01 -6.344973657718118609e+00 1.318643840656919686e+01 -1.307734086987243671e+01
4.851348012145370703e+00 5.603744536193751458e+00 9.861973212646264031e+00 5.603744536193751458e+00 4.954082920640236587e+00 -1.217538546307017278e+01 9.861973212646264031e+00 -1.217538546307017278e+01 -2.829116602944948511e+01
-2.701457829333663963e+00 5.908398632065220646e+00 -2.467486827650308800e+00 5.908398632065220646e+00 -5.563056085956023189e+00 -5.897356361393044644e+00 -2.467486827650308800e+00 -5.897356361393044644e+00 -9.767596599999734508e+00
4.063366298035126789e+01 -5.301378053173031013e+00 -6.012754979986415727e+00 -5.301378053173031013e+00 4.617290765094042371e+01 5.556470643225896566e+00 -6.012754979986415727e+00 5.556470643225896566e+00 2.014933031978516098e+01
4.854224742132223724e+01 6.235575189362658755e+00 1.543427708276432497e+01 6.235575189362658755e+00 5.242474796242618851e+01 -5.307155486976614434e+00 1.543427708276432497e+01 -5.307155486976614434e+00 6.709457369913487845e+00
-4.288310719293713547e+00 -7.170735142191083690e-03 6.415799056850814530e+00 -7.170735142191083690e-03 9.101794367519787654e-01 8.744496996731106364e+00 6.415799056850814530e+00 8.744496996731106364e+00 -2.427890385421288855e+01
7.966585301730310098e-01 8.353116427262094135e+00 3.789553010676288469e+00 8.353116427262094135e+00 2.041746558512412690e+01 6.679112061976036907e-01 3.789553010676288469e+00 6.679112061976036907e-01 7.627697276081838673e+00
9.452728077289787478e+00 3.549186308470982709e+00 -1.835500701729605666e+01 3.549186308470982709e+00 1.064610356433760563e-01 6.897244462294064293e-01 -1.835500701729605666e+01 6.897244462294064293e-01 -2.331535810581112500e+01
-1.177702876262081055e+01 2.619652097258422074e+00 -6.772001037611499186e+00 2.619652097258422074e+00 -1.049851254688525337e+01 5.660519399096836102e-01 -6.772001037611499186e+00 5.660519399096836102e-01 -5.370106929932280337e+00
1.447514636213777806e+01 -1.287347771991652934e+01 -2.550442684457471909e+00 -1.287347771991652934e+01 3.472486183061980825e+01 -1.851288000562059111e-01 -2.550442684457471909e+00 -1.851288000562059111e-01 -1.888693477060825998e+01
3.709373041427267026e+01 1.399005442663264809e+01 1.294689470431501732e+00 1.399005442663264809e+01 2.472069890316944907e+01 9.936849436146744097e-01 1.294689470431501732e+00 9.936849436146744097e-01 -1.951148262902693631e+01
-1.293060083308894193e+01 1.656581967670341271e+01 4.064932696599922402e+00 1.656581967670341271e+01 -2.655221157565190282e+00 5.617420544814188510e+00 4.064932696599922402e+00 5.617420544814188510e+00 9.357839411587145051e+00
-2.599960619849451149e+01 7.730337592042239692e+00 -1.457919621436200508e+01 7.730337592042239692e+00 -1.611406651836431081e+01 2.728568666851569180e+00 -1.457919621436200508e+01 2.728568666851569180e+00 -6.466901605478605575e+01
-1.152133928346767711e+01 9.784294100181627485e+00 1.706413488842960957e+00 9.784294100181627485e+00 2.805420572139995183e+00 -1.107411790238644334e-01 1.706413488842960957e+00 -1.107411790238644334e-01 5.744216647167609935e+00
5.416590250394688155e+01 1.037830286621233533e+01 -7.401752039913295222e-01 1.037830286621233533e+01 5.158221998991472645e+01 -4.408540059540796641e+00 -7.401752039913295222e-01 -4.408540059540796641e+00 7.490591903859758816e+00
-1.297646585161199972e+01 9.663684271701573181e+00 1.665077878774745834e-01 9.663684271701573181e+00 -6.466387400959139775e+00 5.116453714894245719e-01 1.665077878774745834e-01 5.116453714894245719e-01 -2.263741899502689847e+01
1.004300378593880083e+01 1.418263922671319932e+01 1.475492221681017391e+01 1.418263922671319932e+01 1.685125835962143981e+01 5.920982695958938891e+00 1.475492221681017391e+01 5.920982695958938891e+00 9.742480121557882455e+00
-6.351675084374849511e+00 -3.318522700095879241e+00 6.834489900653530015e+00 -3.318522700095879241e+00 -8.588722661103943778e+00 9.587737687075673421e+00 6.834489900653530015e+00 9.587737687075673421e+00 -3.158632571246865695e+01
1.919756768501613564e+01 9.216188327236597644e+00 2.482570640601325263e+00 9.216188327236597644e+00 2.354797635372555575e+01 -1.217738854329909337e+01 2.482570640601325263e+00 -1.217738854329909337e+01 9.536922197065876849e-01
-1.658395388594433584e+01 5.231927930363097445e+00 1.231587223137060455e-01 5.231927930363097445e+00 -1.329560472834847040e+01 -1.934765618573523804e+00 1.231587223137060455e-01 -1.934765618573523804e+00 -2.363815467215899702e+01
1.564284589108773993e+01 3.010643080072530342e-01 -1.379753366035151885e+01 3.010643080072530342e-01 1.309699995565426178e+01 1.377489719566648452e+00 -1.379753366035151885e+01 1.377489719566648452e+00 -8.743255488912007323e+00
-8.764254350838104557e+00 -1.104029959042367226e+00 -1.106452533555437689e+01 -1.104029959042367226e+00 -6.022804819029209611e+00 1.269874886122233271e+01 -1.106452533555437689e+01 1.269874886122233271e+01 -4.608425552275681980e+01
-1.302192110169586314e+01 7.174210105884864852e+00 -1.514270775920697965e+01 7.174210105884864852e+00 -2.132438630969376092e+01 -9.179070507936903933e-01 -1.514270775920697965e+01 -9.179070507936903933e-01 -4.567547951477796886e+01
-5.907902023042206352e+00 -1.794887957918415111e+01 -1.541740757910762660e+01 -1.794887957918415111e+01 -2.503784952501301397e+00 -6.173067935152839247e+00 -1.541740757910762660e+01 -6.173067935152839247e+00 -5.823722540747809973e+01
