3.479420511961292561e+01 -2.031121011041674695e-01 7.425907230995306030e+00 -2.031121011041674695e-01 4.158003435572951645e+01 1.048976852259482367e-01 7.425907230995306030e+00 1.048976852259482367e-01 2.290453420666939977e+01
-8.111928790635465347e+00 6.032828474577461186e+00 9.269940945645823049e+00 6.032828474577461186e+00 -2.460455391197229602e+01 -8.623006261370209646e-01 9.269940945645823049e+00 -8.623006261370209646e-01 7.372353133959022919e+00
9.712631639273849871e-01 -5.459769088243311419e-01 1.543462709044855385e+00 -5.459769088243311419e-01 7.847082331488898888e+00 1.205845573783470570e+01 1.543462709044855385e+00 1.205845573783470570e+01 1.380845635704888430e+01
1.230258110984843789e+01 -7.306042123578570191e+00 -4.626305481409017872e+00 -7.306042123578570191e+00 1.534840367021594254e+01 -5.994019935319360393e+00 -4.626305481409017872e+00 -5.994019935319360393e+00 -2.008960003086263768e+00
5.019167260569292743e+00 2.762588863773916881e+00 6.000628691649342317e-01 2.762588863773916881e+00 5.593005258452264927e-01 9.107474136756390948e+00 6.000628691649342317e-01 9.107474136756390948e+00 1.497316203545421942e+01
-2.161314487193471123e+01 -8.980527921628674859e-01 -4.849639034931023218e+00 -8.980527921628674859e-01 -1.966557125144592888e+01 1.224794684364687303e+00 -4.849639034931023218e+00 1.224794684364687303e+00 1.490665908096119274e+01
3.198527165155094565e+01 -7.207229671611313115e+00 -7.083305800636273908e+00 -7.207229671611313115e+00 2.073105260641043301e+01 3.401940942557365233e+00 -7.083305800636273908e+00 3.401940942557365233e+00 4.663363679682723983e+01
7.884980300926076602e+00 4.736836412223195403e+00 1.627306548714652834e+01 4.736836412223195403e+00 -1.697066296549684772e+00 1.119509624210367260e+00 1.627306548714652834e+01 1.119509624210367260e+00 3.608473857400820606e+01
1.135150988331980848e+01 -5.712093437390726169e-01 1.492153370652656852e+00 -5.712093437390726169e-01 7.667097592676465290e+00 3.386872272697423636e+00 1.492153370652656852e+00 3.386872272697423636e+00 2.455962992463632233e+01
3.854514068036177576e+01 -1.686430305484546643e+00 1.938894617546829835e+01 -1.686430305484546643e+00 4.373022003507253430e+01 -1.158258809151858237e+01 1.938894617546829835e+01 -1.158258809151858237e+01 1.518238730017770344e+01
-3.261635279480631766e+01 1.505751383877849392e+01 -3.352072517392564510e+00 1.505751383877849392e+01 -2.721914917953877477e+01 1.451302513202207711e+00 -3.352072517392564510e+00 1.451302513202207711e+00 -1.624444362122146401e+01
-1.847153614184406578e+01 -1.081441494053221986e+00 1.153641791035769915e+00 -1.081441494053221986e+00 -2.007511966021127847e+01 3.789019816991565648e+00 1.153641791035769915e+00 3.789019816991565648e+00 1.964599147720539563e+01
1.853255272352048877e+01 -2.890385258935120216e+00 -1.257900143362745560e+01 -2.890385258935120216e+00 -9.154393272960094308e+00 -2.026237082118631072e+00 -1.257900143362745560e+01 -2.026237082118631072e+00 7.305816316437459434e+00
-4.302196414352398079e+01 -6.919558740966103016e-01 1.237485344051447944e+00 -6.919558740966103016e-01 -2.939112375035272606e+01 1.048581704857518559e+01 1.237485344051447944e+00 1.048581704857518559e+01 6.316980857918840009e+00
-1.675324021105216232e+01 -4.919208474959776284e-02 5.726777948397847595e-01 -4.919208474959776284e-02 -3.222284969102038588e+01 -4.440586956236825422e+00 5.726777948397847595e-01 -4.440586956236825422e+00 -1.628858439042366868e+01
2.895489451463986086e+01 -3.055525841243575402e-02 -1.173462414785453412e+01 -3.055525841243575402e-02 4.018756947404292390e+01 9.455773339135855604e-01 -1.173462414785453412e+01 9.455773339135855604e-01 1.398143333619002604e+01
-6.900428641772862193e+00 3.509059662236080346e+00 -1.408128865535993313e-01 3.509059662236080346e+00 -4.392937696718789420e-01 -9.784900738454513913e+00 -1.408128865535993313e-01 -9.784900738454513913e+00 1.109809577886765153e+00
-9.438929332099124103e-01 2.196644255803988255e+00 1.487633743116015372e+00 2.196644255803988255e+00 4.817975914876000409e+00 -1.136847571129819201e+01 1.487633743116015372e+00 -1.136847571129819201e+01 -4.010500419482787038e+01
-5.607492127750045796e+00 4.557841511753760955e+00 -7.428427027636619329e-01 4.557841511753760955e+00 -2.423639438451959727e+00 6.231095498454630288e+00 -7.428427027636619329e-01 6.231095498454630288e+00 2.373618371962591400e+00
-3.843281837683130675e+01 -6.478827105047000323e+00 2.841204202087011854e+00 -6.478827105047000323e+00 -2.773149561107628713e+01 4.537691019463314213e+00 2.841204202087011854e+00 4.537691019463314213e+00 1.181968390944858172e+00
-2.213307100934586913e+01 3.120525138986052216e+00 -6.515155689290752505e+00 3.120525138986052216e+00 -3.143001527058582489e+00 2.359821904372059187e+00 -6.515155689290752505e+00 2.359821904372059187e+00 -2.468316459322102574e+01
-2.365531110972058926e+00 1.279306620875303935e+01 -9.113153131489482917e+00 1.279306620875303935e+01 -4.259374724369034304e+00 -3.328055394087549690e+00 -9.113153131489482917e+00 -3.328055394087549690e+00 -2.249733829111667305e+00
1.164938799977871930e+01 3.317560108050341849e+00 -3.358373142595963756e+00 3.317560108050341849e+00 9.263978930431340686e+00 9.623870546267790260e+00 -3.358373142595963756e+00 9.623870546267790260e+00 2.132073348988722472e+01
-2.676938476408752265e+01 3.689656522685562101e-01 3.253407327112489700e+00 3.689656522685562101e-01 -5.374893042296073453e+00 -2.373898278111566995e+01 3.253407327112489700e+00 -2.373898278111566995e+01 1.728153875347254242e+01
-1.455943717639418011e+01 1.422063796055173057e+01 5.850276682098806802e+00 1.422063796055173057e+01 -1.399581866081495818e+01 6.047809037175801983e-01 5.850276682098806802e+00 6.047809037175801983e-01 -4.778020381966850039e+01
-1.186429090426225663e+01 4.750856187833943700e+00 1.322818345416577168e+00 4.750856187833943700e+00 -1.127914306915839049e+01 -8.319489922096463985e+00 1.322818345416577168e+00 -8.319489922096463985e+00 1.154070665614370661e+01
-1.299174452477610409e+01 8.828847398893412191e+00 1.374730197260549325e+01 8.828847398893412191e+00 -2.346378951832219784e+01 -4.328158082020833852e+00 1.374730197260549325e+01 -4.328158082020833852e+00 -3.573574779910706489e+00
-3.307142932201700347e+01 -3.748822986291205250e+00 8.887396073314332012e-01 -3.748822986291205250e+00 -3.281110441247756881e+01 2.474197956827205669e+00 8.887396073314332012e-01 2.474197956827205669e+00 -2.799621947683933598e+01
-2.682808022394626235e+01 -1.798595300864674895e+00 -1.193286688600816170e+01 -1.798595300864674895e+00 -1.668996448806408850e+01 -1.399916516299205682e+01 -1.193286688600816170e+01 -1.399916516299205682e+01 -2.575497457206729379e+01
-4.246325849356015425e+01 4.104740952333520987e-01 5.260976221523113061e+00 4.104740952333520987e-01 -2.752961224257647643e+01 3.278148024569255692e-01 5.260976221523113061e+00 3.278148024569255692e-01 -3.531100051300433051e+01
1.727113446268421271e+01 -2.939512593238631677e+00 -1.763442515469696303e+01 -2.939512593238631677e+00 4.180628733015796961e+00 6.926284169184905082e+00 -1.763442515469696303e+01 6.926284169184905082e+00 -2.998325929273675783e+01
-9.068119181791958638e+00 6.938692689450762785e+00 -7.223743909172172017e+00 6.938692689450762785e+00 -9.088512342233654451e+00 -1.022090425705396877e+00 -7.223743909172172017e+00 -1.022090425705396877e+00 1.180322114532389222e+01
1.647651654806934118e+01 -1.083177769535339863e+01 4.409037237916942686e+00 -1.083177769535339863e+01 1.180537794919564654e+01 4.761291631161880034e+00 4.409037237916942686e+00 4.761291631161880034e+00 1.341996819662842899e+00
-2.871625383656620301e+01 1.204255126894506756e+00 1.776191339487294796e+00 1.204255126894506756e+00 -2.964241654930675907e+01 -4.831694014288682726e-01 1.776191339487294796e+00 -4.831694014288682726e-01 -8.521851004802641683e+00
3.969356197066701952e+01 1.279053508501730363e+01 -3.332538376048328033e+00 1.279053508501730363e+01 3.868660613099569900e+01 1.375943549561030643e+01 -3.332538376048328033e+00 1.375943549561030643e+01 2.800910651334451273e+01
-1.745232081658961221e+01 -2.694747508770971578e+00 -6.896399832068126123e+00 -2.694747508770971578e+00 -3.753816989560669981e+01 3.327184956103959479e+00 -6.896399832068126123e+00 3.327184956103959479e+00 -2.644887173291645155e+01
-2.249708330364416042e+01 -3.705153424677211316e+00 3.869568083767063627e+00 -3.705153424677211316e+00 -1.993969916446597423e+01 -2.036337191488657439e+00 3.869568083767063627e+00 -2.036337191488657439e+00 -5.294743243430884760e+00
-2.491528428298181197e+01 1.104684342729625435e+01 8.910389313419983637e+00 1.104684342729625435e+01 -3.234766116033286920e+01 2.438732728438524511e+00 8.910389313419983637e+00 2.438732728438524511e+00 -2.053785329551582439e+00
6.465236490163987071e+01 -2.456277749228918950e+00 1.399009521216489027e+00 -2.456277749228918950e+00 6.282764833295347273e+01 4.445404247499054051e+00 1.399009521216489027e+00 4.445404247499054051e+00 4.670704499121772102e+01
2.203497564706600187e+01 -7.699294810874408590e-01 1.366530682120044382e+01 -7.699294810874408590e-01 2.100321013904442324e+01 1.318717328356779817e+01 1.366530682120044382e+01 1.318717328356779817e+01 1.238390086564626102e+01
-4.562458890673898537e+01 4.351610508541888578e+00 1.777701754099269849e+01 4.351610508541888578e+00 -5.564555564427497814e+01 9.371326243134896927e+00 1.777701754099269849e+01 9.371326243134896927e+00 -2.914497421933386434e+01
4.070022403801532818e+01 7.133634812718137042e+00 -1.948657653946644075e+01 7.133634812718137042e+00 4.154208037350802840e+01 -6.347135156304882564e+00 -1.948657653946644075e+01 -6.347135156304882564e+00 3.614287279833219202e+01
-9.184620562755192452e+00 -4.207837486074887501e+00 -1.398157333959028037e+01 -4.207837486074887501e+00 -8.759069375080262176e+00 3.639179852331885900e+00 -1.398157333959028037e+01 3.639179852331885900e+00 3.776755513921427609e-01
-7.494632002402651594e+00 8.189757021847717811e-01 3.879838826712855404e+00 8.189757021847717811e-01 -1.207423174534357102e+00 4.633308816411707554e+00 3.879838826712855404e+00 4.633308816411707554e+00 1.614468237654703842e+01
3.247924612531549116e+01 -2.938410921248270302e+00 -7.040789198485920553e-01 -2.938410921248270302e+00 3.519797164187473015e+01 7.926310851643179056e+00 -7.040789198485920553e-01 7.926310851643179056e+00 7.854249942207653490e+00
-2.320768115862787440e+01 -9.997671379077219811e+00 8.589640711566371323e+00 -9.997671379077219811e+00 -3.417368123241673317e+01 -4.455748161885225045e+00 8.589640711566371323e+00 -4.455748161885225045e+00 4.019339173742991100e+00
4.109293826257144389e+01 8.207669574841267135e+00 -5.629836222222022180e+00 8.207669574841267135e+00 4.866686950442594650e+01 2.512529650724773411e+00 -5.629836222222022180e+00 2.512529650724773411e+00 3.640264156945008267e+01
3.769848863772442371e+01 -1.140832833604398111e+01 1.309629763887608078e+01 -1.140832833604398111e+01 2.624210465293390371e+01 -5.465281088285150801e+00 1.309629763887608078e+01 -5.465281088285150801e+00 2.338648298619265020e+01
7.141471912973539560e+00 5.345210830273196656e+00 1.334392039725045498e+00 5.345210830273196656e+00 -1.103012108157378002e+01 2.228096760280113386e+00 1.334392039725045498e+00 2.228096760280113386e+00 -3.043282046729076096e-01
1.949086398648678653e+01 3.059079956544251022e+00 -5.236229817355221527e+00 3.059079956544251022e+00 1.978756091457741562e+01 -4.687455312371510807e+00 -5.236229817355221527e+00 -4.687455312371510807e+00 9.235549629412290074e+00
