-1.139437998528722495e+01 5.591160917681872178e+00 -3.016180213142045208e+00 5.591160917681872178e+00 -1.983708567074056717e+01 -3.504187006354432476e+00 -3.016180213142045208e+00 -3.504187006354432476e+00 -8.713766338162589165e+00
-5.773999926423644347e+00 -5.586836437811666833e+00 -1.822914673956581799e+00 -5.586836437811666833e+00 -1.033858028688904795e+01 -5.970330406227460252e+00 -1.822914673956581799e+00 -5.970330406227460252e+00 1.442242934303439750e+00
5.213010760003982114e+00 1.484030922015524334e+00 -9.004682968269639431e+00 1.484030922015524334e+00 5.585523272302109099e+00 -7.886286537657078988e+00 -9.004682968269639431e+00 -7.886286537657078988e+00 -1.794428240615067338e+00
-3.490418352922226575e+01 5.275918763456755478e+00 -3.865700270950153339e+00 5.275918763456755478e+00 -2.682375228400205103e+01 2.011864730378662003e+01 -3.865700270950153339e+00 2.011864730378662003e+01 -3.105516675963407280e+01
-1.500139848305616574e+01 1.339997317939477384e+01 -6.052973857053587370e-01 1.339997317939477384e+01 -1.543577756679566804e+01 -5.448992618204914207e-01 -6.052973857053587370e-01 -5.448992618204914207e-01 6.027518709056133517e+00
3.380570423902160115e+01 1.872732095261684160e+00 5.167862162170109741e+00 1.872732095261684160e+00 1.580480909741590390e+00 1.151307870984866533e+00 5.167862162170109741e+00 1.151307870984866533e+00 3.020975469456460161e+01
-1.199997728938248009e+01 8.433067900745239154e-01 -5.671165151368128043e+00 8.433067900745239154e-01 -3.328681029415823556e+00 -7.470050045592769195e+00 -5.671165151368128043e+00 -7.470050045592769195e+00 -1.301826389648937798e+01
2.067578559781875924e+01 -3.575882681599048762e+00 4.831757985887061402e+00 -3.575882681599048762e+00 6.263465868404118453e+00 1.458666090170864571e+01 4.831757985887061402e+00 1.458666090170864571e+01 3.430766793363842737e+01
3.790970757308404160e+00 1.007245074803870377e+00 -5.896498799560766502e-01 1.007245074803870377e+00 5.100369837299893128e+00 -7.927477663368205363e+00 -5.896498799560766502e-01 -7.927477663368205363e+00 1.304737821438545708e+01
-2.333361001169134419e-01 -5.985029880343164521e+00 1.573309011472962538e-01 -5.985029880343164521e+00 -1.853345758858544912e+01 2.212256877100814423e-01 1.573309011472962538e-01 2.212256877100814423e-01 5.426056699062672628e+00
-5.722678164815763857e+00 6.935459709058140909e+00 2.320738187671537833e+00 6.935459709058140909e+00 -2.954744792802097564e+01 4.476109502854243694e+00 2.320738187671537833e+00 4.476109502854243694e+00 6.169777295305898690e+00
-2.434817011307465862e+01 -5.258928989084441952e+00 -4.595372909504831682e+00 -5.258928989084441952e+00 -1.522275711976755375e+01 -2.024947638947160655e+01 -4.595372909504831682e+00 -2.024947638947160655e+01 -1.310246688498627421e+01
1.399792693073797167e+01 2.448631635000713569e+00 -3.269945499519947063e+00 2.448631635000713569e+00 -2.195502508194747548e+01 1.596344274647945261e+00 -3.269945499519947063e+00 1.596344274647945261e+00 -3.688328126801969198e+00
4.625595159957747171e+01 -4.428549669189406068e-01 -5.768103825140531882e+00 -4.428549669189406068e-01 4.234038516982278111e+01 -3.361022975505544963e+00 -5.768103825140531882e+00 -3.361022975505544963e+00 3.820103450868420936e+01
1.440019828212244590e+01 6.587988392257717152e+00 -6.174313446821686036e+00 6.587988392257717152e+00 4.870054629577914795e+00 -6.695659868168544193e+00 -6.174313446821686036e+00 -6.695659868168544193e+00 1.115945848933166573e+01
-1.901346478517757177e+01 -9.512224964818592809e+00 1.580978886284080565e+00 -9.512224964818592809e+00 -2.274970502632596947e+01 1.276808914249754423e+01 1.580978886284080565e+00 1.276808914249754423e+01 -8.487318747596271251e+00
-7.283642168357937763e+00 5.130384062573932979e+00 1.835523360600144116e+01 5.130384062573932979e+00 -6.437214854758207538e-01 6.991865482052643799e+00 1.835523360600144116e+01 6.991865482052643799e+00 -2.773663373605351268e+01
2.094168985826481588e+01 -7.084858658924852115e+00 5.406689965890363325e+00 -7.084858658924852115e+00 -1.977150057758817780e+01 -1.349770338718357277e+00 5.406689965890363325e+00 -1.349770338718357277e+00 2.561133936939661382e+01
1.800715098674364611e+01 -1.859457142628646764e+01 -1.185815215132147138e+01 -1.859457142628646764e+01 -4.048232958669007786e+00 -7.607202663599657022e+00 -1.185815215132147138e+01 -7.607202663599657022e+00 2.696664157001946904e+01
3.367190367206951152e+01 2.056993574314537998e+00 1.367408590315903893e+00 2.056993574314537998e+00 3.629306311500568683e+01 -1.467757225076586236e+00 1.367408590315903893e+00 -1.467757225076586236e+00 4.639337135287437519e+01
-1.054787163588855314e+01 2.495520847695149591e+00 -2.188130750063093988e+00 2.495520847695149591e+00 -3.767138129171682692e+01 6.149685444461379547e+00 -2.188130750063093988e+00 6.149685444461379547e+00 -1.279470102054479241e+01
1.790416032400111268e+00 8.666541824814951056e+00 1.182773865329497465e+00 8.666541824814951056e+00 -1.936010364949316331e+00 2.746874587062907436e-01 1.182773865329497465e+00 2.746874587062907436e-01 5.437794061138570001e+00
4.706886494464195181e+01 2.082819606359891296e+01 -3.812535574183320564e-01 2.082819606359891296e+01 2.126112770836084565e+01 -1.025090353423750855e+01 -3.812535574183320564e-01 -1.025090353423750855e+01 5.546077354559895412e+01
-1.572512228481891583e+01 8.037481975310333482e+00 3.001468326616433480e+00 8.037481975310333482e+00 -1.234666279542663503e+01 -9.667956973122239006e+00 3.001468326616433480e+00 -9.667956973122239006e+00 -2.615059242480917234e+01
1.630316317747646693e+01 3.429108960096361347e+00 4.374091041437340621e+00 3.429108960096361347e+00 -1.182055480760992694e+01 -1.789331167094211139e+01 4.374091041437340621e+00 -1.789331167094211139e+01 1.131931729492894512e+01
-5.341054709836486225e+00 1.531189175741362973e+01 1.191074131118512547e+01 1.531189175741362973e+01 -2.006939311208041943e+01 3.784670456433142594e+00 1.191074131118512547e+01 3.784670456433142594e+00 -9.845879369031001360e+00
8.643359658479145224e+00 -3.146032065328173921e+00 1.061389875037545316e+01 -3.146032065328173921e+00 -2.630270891118846777e+01 5.561291240852349382e+00 1.061389875037545316e+01 5.561291240852349382e+00 -5.244041117119524920e+00
2.669814972694632615e+01 2.963943302483322828e+00 4.525425441690349437e+00 2.963943302483322828e+00 3.456711865428263053e+01 -2.326476142803027558e-01 4.525425441690349437e+00 -2.326476142803027558e-01 2.134478879440143473e+01
5.401339171144726947e+00 1.330099968849745373e+01 -5.681653822470416060e+00 1.330099968849745373e+01 2.049098257761784225e+01 5.366803237651014413e+00 -5.681653822470416060e+00 5.366803237651014413e+00 -5.266797213851215353e+00
-7.016697919988719612e+00 -2.974948763135533136e-01 -6.871790825516963519e-01 -2.974948763135533136e-01 6.871664336612425039e+00 1.045238954506766582e+01 -6.871790825516963519e-01 1.045238954506766582e+01 -2.812710580593572374e+01
5.530551297895876850e+00 3.377134322383108511e+00 -2.705637853112776625e+01 3.377134322383108511e+00 3.956398875128630976e+00 -5.228120834523894978e-01 -2.705637853112776625e+01 -5.228120834523894978e-01 7.307571662622237341e+00
1.555685448783450830e+01 -3.917837002857671003e+00 -3.363405559251489763e+00 -3.917837002857671003e+00 4.864784866333591751e+00 -1.397445156407841438e+01 -3.363405559251489763e+00 -1.397445156407841438e+01 2.986777951328967617e+01
-3.015447514628972314e+01 7.783629847277972580e+00 9.048330299202435034e-01 7.783629847277972580e+00 -4.405924922187258375e+01 6.006951161517275928e+00 9.048330299202435034e-01 6.006951161517275928e+00 -2.144261606270115550e+01
-1.318430052599000746e+01 -9.569307571911062738e+00 8.702516810967983574e+00 -9.569307571911062738e+00 -8.037979864743826752e+00 -9.439285721248259264e+00 8.702516810967983574e+00 -9.439285721248259264e+00 -1.254728839570160304e+01
3.274192194583603310e+01 -4.076169030278611771e+00 -3.085263975375438950e+00 -4.076169030278611771e+00 2.423229406311774525e+01 -4.214911235447517335e+00 -3.085263975375438950e+00 -4.214911235447517335e+00 3.077446356444636422e+01
2.629247597177991835e+01 -4.624616413765702205e+00 -8.723216629953970624e+00 -4.624616413765702205e+00 -2.477550331033692999e+01 -3.642139822003594318e+00 -8.723216629953970624e+00 -3.642139822003594318e+00 2.395335190704863138e+01
2.587547425474439677e+01 -5.985837972651290029e-01 2.343113925242905626e+00 -5.985837972651290029e-01 2.442210076635194582e+01 -1.751168446253775990e+00 2.343113925242905626e+00 -1.751168446253775990e+00 2.327829861244245180e+01
-2.389659879445159874e+01 -1.046849571786973243e+00 5.539559616228039829e+00 -1.046849571786973243e+00 -4.117353871073693483e+01 1.919497058985309579e+01 5.539559616228039829e+00 1.919497058985309579e+01 -3.661743781971654954e+01
1.358803943602355702e+01 -6.585445913441146715e+00 -5.088690216028516344e-01 -6.585445913441146715e+00 1.177485643863448317e+01 1.012673971951037477e-01 -5.088690216028516344e-01 1.012673971951037477e-01 7.935273404977406742e+00
-5.087954292438795711e+00 -3.518467045528201886e+00 -2.439761739083647463e+00 -3.518467045528201886e+00 5.980436333640643198e+00 -8.945692851867379503e+00 -2.439761739083647463e+00 -8.945692851867379503e+00 -1.820018736991196917e+01
-7.652660341801017729e+00 9.073883652442958692e+00 6.487196497644046822e+00 9.073883652442958692e+00 -1.393685606577445490e+01 -4.220147173345152325e+00 6.487196497644046822e+00 -4.220147173345152325e+00 -1.979667677810921234e+01
-5.189310862759542786e+00 1.138541200444014717e-01 -8.359623990513241898e-01 1.138541200444014717e-01 -3.443717484439864052e+01 1.368355242424974882e+01 -8.359623990513241898e-01 1.368355242424974882e+01 -8.518812842524587481e+00
1.716461552592064876e+01 -3.063685809952753747e+00 -1.185371635949126912e+01 -3.063685809952753747e+00 -5.789237904124637346e+00 1.429622476293543798e+01 -1.185371635949126912e+01 1.429622476293543798e+01 1.483017746074332521e+01
-1.120057706913005191e+01 1.427055197704762968e+01 -1.327995342374745480e+00 1.427055197704762968e+01 -1.867979089624057210e+01 3.184369184822315013e+00 -1.327995342374745480e+00 3.184369184822315013e+00 -1.842953048302934960e+01
3.059819741588903241e+01 1.219080160418202396e+01 6.949678484621997221e+00 1.219080160418202396e+01 -5.024224518772665293e-01 7.757066449838385225e+00 6.949678484621997221e+00 7.757066449838385225e+00 3.262900583126908316e+01
-4.412305819192145151e+00 -2.426703076854491670e+01 -9.332366431194355494e-01 -2.426703076854491670e+01 1.610509130376419851e+00 -1.175470201854014896e+01 -9.332366431194355494e-01 -1.175470201854014896e+01 9.812818287345113077e+00
-5.346536303359162190e+00 2.054739543413026581e+01 2.438825182934703850e+00 2.054739543413026581e+01 -8.451677591030950509e+00 7.933219917276254307e+00 2.438825182934703850e+00 7.933219917276254307e+00 -3.173315098207895701e+01
5.054137009546384718e+01 -1.045861897973199106e+01 -5.328657939594814152e+00 -1.045861897973199106e+01 2.342406420481064799e+01 -8.149309148125523095e-01 -5.328657939594814152e+00 -8.149309148125523095e-01 5.587601234704824549e+01
2.103743099597359034e+01 -4.058364779344474371e+00 4.190073294921779379e+00 -4.058364779344474371e+00 1.589781635258289150e+01 -2.489624800341315947e+00 4.190073294921779379e+00 -2.489624800341315947e+00 1.832055577068300423e+01
-1.105973032278512669e+01 2.915501387489801477e+00 7.372252890022027216e+00 2.915501387489801477e+00 -1.278007184262731855e+01 2.745849442332515711e+00 7.372252890022027216e+00 2.745849442332515711e+00 -2.135673555002054158e+01
