1.096707733722369488e-01 -4.731430669470018495e-03 -2.009849505971670345e-04 -4.731430669470018495e-03 1.096174591831472200e-01 -1.340394285292425156e-05 -2.009849505971670074e-04 -1.340394285292425156e-05 1.072214488880521982e-01
1.386613365848026781e-02 3.291045291352786006e-01 -8.112867445146150491e-02 3.291045291352785451e-01 4.717172069824376174e-02 -1.870279060620385070e-01 -8.112867445146149104e-02 -1.870279060620385070e-01 -1.389592021839578806e-01
-8.814518392587691875e-02 6.643541165305200114e-01 -1.601534988005456073e-01 6.643541165305201224e-01 -1.992402092250439988e-02 -3.729897087941803635e-01 -1.601534988005456073e-01 -3.729897087941804190e-01 -3.926727979859921946e-01
-8.675906367528157803e-02 1.005380643955352760e+00 -2.406063708162870796e-01 1.005380643955352760e+00 1.627841604172836076e-02 -5.579268505772855269e-01 -2.406063708162870796e-01 -5.579268505772855269e-01 -5.451965160537540767e-01
-5.457802941422836007e-02 1.346138770532533169e+00 -3.184131103872418489e-01 1.346138770532533391e+00 8.472300041962924078e-02 -7.398742003631384456e-01 -3.184131103872418489e-01 -7.398742003631385566e-01 -6.689163950016999705e-01
-5.225212552801598159e-02 1.685348088140870892e+00 -3.935061715252947678e-01 1.685348088140870892e+00 1.257363211081193866e-01 -9.203329362831700333e-01 -3.935061715252947123e-01 -9.203329362831700333e-01 -8.250529194198851224e-01
-1.540404443971156445e-02 2.022673724929661354e+00 -4.661134069110662304e-01 2.022673724929661798e+00 2.030585908357535052e-01 -1.099068470455749624e+00 -4.661134069110662304e-01 -1.099068470455749846e+00 -9.465281871646691325e-01
4.010312061274538820e-02 2.358189612799466595e+00 -5.358935528881845212e-01 2.358189612799467039e+00 3.003510543061818638e-01 -1.274619720982123283e+00 -5.358935528881845212e-01 -1.274619720982123061e+00 -1.050217328298032493e+00
1.288604083633652919e-01 2.690005975557518081e+00 -6.023306534771225573e-01 2.690005975557518081e+00 4.319274103550247434e-01 -1.446577638152368950e+00 -6.023306534771226683e-01 -1.446577638152369172e+00 -1.121322912230890090e+00
2.260989087991054358e-01 3.017016967963215279e+00 -6.647144613331729124e-01 3.017016967963215279e+00 5.732853105611607214e-01 -1.614399101197286246e+00 -6.647144613331728014e-01 -1.614399101197286024e+00 -1.184132183474955857e+00
3.440238324471936449e-01 3.337306000897500180e+00 -7.228841552103673074e-01 3.337306000897500624e+00 7.363257926636360695e-01 -1.777849426271274735e+00 -7.228841552103670853e-01 -1.777849426271274513e+00 -1.226280419721478943e+00
4.910860259624902358e-01 3.651000486854131921e+00 -7.765718785654071032e-01 3.651000486854131477e+00 9.293457583022741719e-01 -1.936251625391517184e+00 -7.765718785654071032e-01 -1.936251625391517406e+00 -1.238646580874920300e+00
6.335246260690652331e-01 3.954387641903219563e+00 -8.243636592657201945e-01 3.954387641903218675e+00 1.118780319263922962e+00 -2.088981847701196326e+00 -8.243636592657200834e-01 -2.088981847701196326e+00 -1.254719470822914129e+00
7.885095095654901520e-01 4.247501034527254582e+00 -8.663670176728340833e-01 4.247501034527254582e+00 1.321685521586067669e+00 -2.235195710838556948e+00 -8.663670176728341943e-01 -2.235195710838557392e+00 -1.257510172795795134e+00
9.582930897789240232e-01 4.529409251766798761e+00 -9.027359944550151782e-01 4.529409251766799649e+00 1.539897005724539802e+00 -2.375074164101510732e+00 -9.027359944550151782e-01 -2.375074164101510288e+00 -1.244337964339736091e+00
1.132274194605888518e+00 4.798711552551815807e+00 -9.324053968301714290e-01 4.798711552551816695e+00 1.763227222168751940e+00 -2.507323366865982894e+00 -9.324053968301714290e-01 -2.507323366865982894e+00 -1.225382950563782103e+00
1.305676256778411481e+00 5.052814417869967656e+00 -9.548659114594374442e-01 5.052814417869967656e+00 1.986782145414482503e+00 -2.631661593285523626e+00 -9.548659114594374442e-01 -2.631661593285523626e+00 -1.205349811000671512e+00
1.478747063908710579e+00 5.291985935915454853e+00 -9.700439522880462961e-01 5.291985935915455741e+00 2.210796540945318078e+00 -2.747693413816446384e+00 -9.700439522880461851e-01 -2.747693413816446828e+00 -1.183702431431360003e+00
1.649638543322299755e+00 5.513860436207570714e+00 -9.777719244175444580e-01 5.513860436207570714e+00 2.433291790599193316e+00 -2.855351675914546750e+00 -9.777719244175444580e-01 -2.855351675914546750e+00 -1.162042545526052129e+00
1.817077320605513080e+00 5.718531857215578107e+00 -9.776414062833597152e-01 5.718531857215578107e+00 2.652786932355011729e+00 -2.953517048044336235e+00 -9.776414062833599372e-01 -2.953517048044336235e+00 -1.141777608971833002e+00
1.974222785419906590e+00 5.903239169050844559e+00 -9.694043584787861434e-01 5.903239169050844559e+00 2.862182934244619226e+00 -3.042162547395854233e+00 -9.694043584787861434e-01 -3.042162547395855121e+00 -1.129549080277226780e+00
2.120679009249088143e+00 6.068779909218140922e+00 -9.527862787046295079e-01 6.068779909218140922e+00 3.061084973712817625e+00 -3.120564315850575365e+00 -9.527862787046296189e-01 -3.120564315850575365e+00 -1.125826138996902426e+00
2.257526897778538100e+00 6.212312535824118243e+00 -9.278405815179283644e-01 6.212312535824118243e+00 3.250529880016476802e+00 -3.189037259208575836e+00 -9.278405815179284755e-01 -3.189037259208575836e+00 -1.129080763367440454e+00
2.381059249278858037e+00 6.335526023186331734e+00 -8.942994845374446777e-01 6.335526023186331734e+00 3.426504482720693190e+00 -3.246897755578542100e+00 -8.942994845374447888e-01 -3.246897755578541656e+00 -1.143327360621240629e+00
2.489891237669652480e+00 6.434814878525194182e+00 -8.522566342415180962e-01 6.434814878525194182e+00 3.587438114911846831e+00 -3.294360180890503642e+00 -8.522566342415180962e-01 -3.294360180890504086e+00 -1.169812440438036338e+00
2.581326931848830331e+00 6.512879945023893669e+00 -8.016051569213177297e-01 6.512879945023893669e+00 3.730611738100195751e+00 -3.330620370123034579e+00 -8.016051569213177297e-01 -3.330620370123034579e+00 -1.211437915711040203e+00
2.653318713547011320e+00 6.565096985824518505e+00 -7.425859144982961402e-01 6.565096985824517617e+00 3.853958033198043864e+00 -3.356455668678042681e+00 -7.425859144982960292e-01 -3.356455668678042237e+00 -1.269979694936802073e+00
2.710863172050630876e+00 6.595808885900823704e+00 -6.748441750636382519e-01 6.595808885900822816e+00 3.962157824654211957e+00 -3.370907734015794244e+00 -6.748441750636381409e-01 -3.370907734015794688e+00 -1.340940972305157963e+00
2.748166424726947721e+00 6.600337783114923695e+00 -5.989289934027612894e-01 6.600337783114923695e+00 4.049384056477602911e+00 -3.375001976684905980e+00 -5.989289934027612894e-01 -3.375001976684905980e+00 -1.429756784957327609e+00
2.768911411870470740e+00 6.583153922876761932e+00 -5.148005964413475688e-01 6.583153922876761932e+00 4.118890159536446660e+00 -3.367873990259675931e+00 -5.148005964413475688e-01 -3.367873990259676376e+00 -1.533397988943027146e+00
2.768336791976997002e+00 6.538862208409829790e+00 -4.232825946023734409e-01 6.538862208409828902e+00 4.166242525570514665e+00 -3.351118914320755149e+00 -4.232825946023734964e-01 -3.351118914320755149e+00 -1.656153572902264726e+00
2.752101682957875717e+00 6.473192856236974713e+00 -3.241142090351246119e-01 6.473192856236974713e+00 4.196598757591552875e+00 -3.323537216744526290e+00 -3.241142090351246119e-01 -3.323537216744526290e+00 -1.793131335481788602e+00
2.716710860446678755e+00 6.381541655836526772e+00 -2.177572157441708678e-01 6.381541655836526772e+00 4.206598070311800441e+00 -3.286623409404433982e+00 -2.177572157441708400e-01 -3.286623409404433538e+00 -1.947501097968288963e+00
2.667039511598163770e+00 6.269350607973670719e+00 -1.043058969154716381e-01 6.269350607973671607e+00 4.200674062262377717e+00 -3.239519855543022242e+00 -1.043058969154716381e-01 -3.239519855543022242e+00 -2.114866549607741231e+00
2.599271178415277106e+00 6.131305062091290559e+00 1.524193156651242054e-02 6.131305062091290559e+00 4.175237593353598342e+00 -3.183962495268081394e+00 1.524193156651242054e-02 -3.183962495268081838e+00 -2.298752660672074732e+00
2.520109335398427852e+00 5.974763774106737202e+00 1.408991277105686168e-01 5.974763774106738090e+00 4.136412407959972448e+00 -3.119026699870846020e+00 1.408991277105686168e-01 -3.119026699870845576e+00 -2.493328953953726668e+00
2.425839046898650153e+00 5.792971191556445021e+00 2.720097922433109550e-01 5.792971191556445021e+00 4.080789324216545388e+00 -3.046676105448249849e+00 2.720097922433108995e-01 -3.046676105448249849e+00 -2.701698195639160360e+00
2.323082355441293601e+00 5.594773785084035111e+00 4.085398709996679312e-01 5.594773785084033335e+00 4.014620420931276357e+00 -2.966113482103753363e+00 4.085398709996678757e-01 -2.966113482103753363e+00 -2.918150530324353564e+00
2.208480051503717068e+00 5.372591774898802797e+00 5.493844544181474276e-01 5.372591774898803685e+00 3.934556276506415262e+00 -2.879248969691100335e+00 5.493844544181474276e-01 -2.879248969691100335e+00 -3.145346385482059581e+00
2.089618065602324215e+00 5.136993975516058519e+00 6.945428930674270029e-01 5.136993975516057631e+00 3.847855410523915776e+00 -2.785111128215860710e+00 6.945428930674271140e-01 -2.785111128215860710e+00 -3.376490232528764679e+00
1.963526481339600505e+00 4.879522642442457148e+00 8.428433657658297440e-01 4.879522642442457148e+00 3.751630212688762622e+00 -2.685878176983130583e+00 8.428433657658297440e-01 -2.685878176983130583e+00 -3.614188865947284501e+00
1.834051092624981116e+00 4.611651325916570343e+00 9.952970653402866130e-01 4.611651325916570343e+00 3.649514181246514610e+00 -2.580276778723587405e+00 9.952970653402865020e-01 -2.580276778723587405e+00 -3.855232272845362296e+00
1.703323931973769412e+00 4.322020394956297196e+00 1.149754002548129872e+00 4.322020394956297196e+00 3.543664131600620326e+00 -2.471055035485632434e+00 1.149754002548130094e+00 -2.471055035485631990e+00 -4.096637893006153774e+00
1.575577379832340474e+00 4.025146004699087676e+00 1.306287109993751860e+00 4.025146004699087676e+00 3.437983679841431162e+00 -2.357194692829128968e+00 1.306287109993751638e+00 -2.357194692829128968e+00 -4.335322978985756137e+00
1.444815267041602125e+00 3.708328284062118119e+00 1.464904000487503799e+00 3.708328284062118563e+00 3.326452655875753006e+00 -2.240230054683904459e+00 1.464904000487504021e+00 -2.240230054683904015e+00 -4.576112711020128287e+00
1.325019308159071763e+00 3.388562865536105750e+00 1.624900205843242240e+00 3.388562865536106194e+00 3.223156316532699961e+00 -2.119337556980387838e+00 1.624900205843242240e+00 -2.119337556980387394e+00 -4.805925262382956475e+00
1.208256783746755270e+00 3.052653917023607555e+00 1.784916628053929699e+00 3.052653917023606667e+00 3.120003237485914571e+00 -1.997378912539508278e+00 1.784916628053929699e+00 -1.997378912539508500e+00 -5.032072012930293603e+00
1.098310618332847932e+00 2.715881598772353467e+00 1.946419796618901410e+00 2.715881598772353467e+00 3.020642947629379016e+00 -1.872236308841862762e+00 1.946419796618901410e+00 -1.872236308841862540e+00 -5.251041444208348175e+00
9.979652943688158695e-01 2.363367785299638868e+00 2.107172825631854263e+00 2.363367785299638868e+00 2.928054173609237587e+00 -1.747026376221766375e+00 2.107172825631854263e+00 -1.747026376221766375e+00 -5.459120478583184166e+00
9.092322695028781654e-01 2.013549086778009034e+00 2.267529825760786100e+00 2.013549086778009034e+00 2.844213114991655189e+00 -1.620141116172555629e+00 2.267529825760786100e+00 -1.620141116172555407e+00 -5.654942068107579267e+00
8.309890081101392045e-01 1.651507355615490669e+00 2.426654314325452422e+00 1.651507355615490447e+00 2.767816090491066028e+00 -1.493932678703904671e+00 2.426654314325452422e+00 -1.493932678703904671e+00 -5.838928243297460519e+00
7.665349695591348045e-01 1.293809308311622219e+00 2.584846989669398187e+00 1.293809308311621997e+00 2.702392818678251984e+00 -1.367181722377205588e+00 2.584846989669398187e+00 -1.367181722377205810e+00 -6.007815333564766824e+00
7.139694427571671165e-01 9.267028967892840807e-01 2.741599467475580365e+00 9.267028967892840807e-01 2.645970273756638402e+00 -1.241509837998118648e+00 2.741599467475580365e+00 -1.241509837998118648e+00 -6.163064201905878114e+00
6.762227329844838764e-01 5.674919464102483602e-01 2.896200574148420692e+00 5.674919464102484712e-01 2.601850797804987181e+00 -1.115986211233474190e+00 2.896200574148420692e+00 -1.115986211233474190e+00 -6.301196647395494566e+00
6.527208204235290800e-01 2.027594919835211118e-01 3.047619448231153605e+00 2.027594919835211118e-01 2.569287966004950796e+00 -9.930837587365080044e-01 3.047619448231153605e+00 -9.930837587365080044e-01 -6.423009981131213131e+00
6.437422903225378246e-01 -1.532196655321232670e-01 3.197309236082968908e+00 -1.532196655321232392e-01 2.548713786368016709e+00 -8.706042117460082164e-01 3.197309236082968464e+00 -8.706042117460082164e-01 -6.527820830573488387e+00
6.498522049873051154e-01 -5.135876983863331136e-01 3.343702897616846581e+00 -5.135876983863332246e-01 2.540427502931356329e+00 -7.508732156705362204e-01 3.343702897616847025e+00 -7.508732156705362204e-01 -6.614596904367251895e+00
6.706783834366953911e-01 -8.631987401794706249e-01 3.486411150837265716e+00 -8.631987401794705139e-01 2.544392492813533302e+00 -6.334356239162673985e-01 3.486411150837265716e+00 -6.334356239162675095e-01 -6.683679995618764025e+00
7.062023660512479761e-01 -1.214357187796050397e+00 3.625595351081651430e+00 -1.214357187796050175e+00 2.560459653338722052e+00 -5.187802542632514724e-01 3.625595351081650985e+00 -5.187802542632515834e-01 -6.735056682481694423e+00
7.561862154790673918e-01 -1.552238974511467307e+00 3.760698621610689685e+00 -1.552238974511467307e+00 2.589074684932288761e+00 -4.061906206222946625e-01 3.760698621610689685e+00 -4.061906206222946625e-01 -6.767929464231969838e+00
8.191495477546345549e-01 -1.887821525235033882e+00 3.891152192287353540e+00 -1.887821525235034104e+00 2.628393770522464479e+00 -2.973755492407901824e-01 3.891152192287352651e+00 -2.973755492407901824e-01 -6.784087581682491042e+00
8.967992319294614267e-01 -2.208116880688140604e+00 4.017310490771605735e+00 -2.208116880688139716e+00 2.680409500778095033e+00 -1.911155655681691101e-01 4.017310490771605735e+00 -1.911155655681691379e-01 -6.781353052217289346e+00
9.854449608945607952e-01 -2.526562154012744532e+00 4.138437240056172861e+00 -2.526562154012744532e+00 2.741487030963235316e+00 -8.896533394227071345e-02 4.138437240056172861e+00 -8.896533394227071345e-02 -6.763023011452183653e+00
1.085379059360814580e+00 -2.829546193987749980e+00 4.253995712989437017e+00 -2.829546193987749980e+00 2.812292392654823114e+00 9.704539974677768924e-03 4.253995712989436129e+00 9.704539974677768924e-03 -6.728447393598917969e+00
1.196883474754002252e+00 -3.127644352619002532e+00 4.364140444981948086e+00 -3.127644352619002088e+00 2.893019455139955287e+00 1.045928289543588546e-01 4.364140444981948974e+00 1.045928289543588546e-01 -6.677518962367791744e+00
1.318153195107460540e+00 -3.407707998832594676e+00 4.468341378452731938e+00 -3.407707998832594232e+00 2.982544577604393510e+00 1.965166014934503769e-01 4.468341378452732826e+00 1.965166014934503769e-01 -6.611041944546129479e+00
1.447868228523222944e+00 -3.680017482599795553e+00 4.566418333655126283e+00 -3.680017482599795997e+00 3.078964111952490423e+00 2.839882905766425436e-01 4.566418333655125394e+00 2.839882905766425436e-01 -6.531241229923026026e+00
1.586328909530306586e+00 -3.932885197398308108e+00 4.657915071542270802e+00 -3.932885197398307664e+00 3.183371699609940375e+00 3.676507815776361432e-01 4.657915071542269914e+00 3.676507815776361432e-01 -6.436850196269015001e+00
1.729342361894499858e+00 -4.179795072816892443e+00 4.742637999948193794e+00 -4.179795072816891555e+00 3.291428803957019422e+00 4.463852042422696842e-01 4.742637999948193794e+00 4.463852042422696287e-01 -6.332064070407112943e+00
1.877970645231635816e+00 -4.405708518487492675e+00 4.820050066178978909e+00 -4.405708518487492675e+00 3.404747419037952305e+00 5.216586254696438107e-01 4.820050066178978021e+00 5.216586254696438107e-01 -6.215515745531236647e+00
2.031318315033990185e+00 -4.624310438714930527e+00 4.890487030843479133e+00 -4.624310438714930527e+00 3.522118605761060284e+00 5.925735062742948367e-01 4.890487030843480021e+00 5.925735062742949477e-01 -6.088692980678556133e+00
2.188603900433600202e+00 -4.819764992401838199e+00 4.953298191009997353e+00 -4.819764992401839088e+00 3.643995447861327008e+00 6.597725391045293764e-01 4.953298191009996465e+00 6.597725391045293764e-01 -5.951274090474738543e+00
2.347136285009907120e+00 -5.006373547319888928e+00 5.008497680073821456e+00 -5.006373547319889816e+00 3.767044123042106563e+00 7.222173581871843551e-01 5.008497680073821456e+00 7.222173581871843551e-01 -5.806817651072531561e+00
2.507649044435380059e+00 -5.168970188570318314e+00 5.055347572118055410e+00 -5.168970188570319202e+00 3.892514787986186775e+00 7.808656363537944678e-01 5.055347572118055410e+00 7.808656363537944678e-01 -5.653916304950136862e+00
2.667392145601679143e+00 -5.323880302537690845e+00 5.094344521242904378e+00 -5.323880302537691733e+00 4.017326925852979791e+00 8.348601662783855515e-01 5.094344521242905266e+00 8.348601662783855515e-01 -5.496242595924772267e+00
2.827795081777725539e+00 -5.454363176076584274e+00 5.124784071397781027e+00 -5.454363176076585162e+00 4.143770533509298915e+00 8.851652868114524564e-01 5.124784071397781027e+00 8.851652868114523454e-01 -5.331424115519033613e+00
2.986322777177607968e+00 -5.577488085768719905e+00 5.147109365242744872e+00 -5.577488085768721682e+00 4.268938821393877703e+00 9.306691235153864428e-01 5.147109365242745760e+00 9.306691235153864428e-01 -5.163079776080974348e+00
3.142572736730225635e+00 -5.672975892281595378e+00 5.160434871259397482e+00 -5.672975892281594490e+00 4.393589488315241098e+00 9.724564883920606695e-01 5.160434871259397482e+00 9.724564883920604474e-01 -4.990231131376604345e+00
3.295250620321412693e+00 -5.759215941283438056e+00 5.165478566159459994e+00 -5.759215941283438056e+00 4.515545335375596991e+00 1.009301708704832601e+00 5.165478566159459994e+00 1.009301708704832601e+00 -4.815739804318513784e+00
3.446181415340982213e+00 -5.819608173112322369e+00 5.161448713715551584e+00 -5.819608173112321481e+00 4.637277237618063097e+00 1.042631520634554221e+00 5.161448713715551584e+00 1.042631520634554221e+00 -4.636998845929807267e+00
3.592375448869323140e+00 -5.872836968508152289e+00 5.149277685274658012e+00 -5.872836968508153177e+00 4.755414896056919360e+00 1.071448185341255854e+00 5.149277685274658012e+00 1.071448185341256076e+00 -4.458310782317808751e+00
3.734937631142372094e+00 -5.897932844036476219e+00 5.127684643113511243e+00 -5.897932844036476219e+00 4.871976388675452796e+00 1.096494579561290594e+00 5.127684643113512131e+00 1.096494579561290816e+00 -4.277149019159527832e+00
3.872503638749135835e+00 -5.918720350505834560e+00 5.098312572491224159e+00 -5.918720350505833672e+00 4.985015391550443375e+00 1.116485167428969527e+00 5.098312572491223271e+00 1.116485167428969749e+00 -4.096710316770202809e+00
4.005664656390840683e+00 -5.907776196621171927e+00 5.059558531094257461e+00 -5.907776196621171927e+00 5.096031658964148114e+00 1.132872921023894586e+00 5.059558531094256573e+00 1.132872921023894586e+00 -3.914903716735524064e+00
4.133981808896067811e+00 -5.889816252403096364e+00 5.013092225766922816e+00 -5.889816252403097252e+00 5.203989720266969599e+00 1.144694022306846692e+00 5.013092225766922816e+00 1.144694022306846914e+00 -3.734054770389201305e+00
4.257757522012573403e+00 -5.846410865770564236e+00 4.957726653121484972e+00 -5.846410865770564236e+00 5.309726432168400123e+00 1.152859002026175972e+00 4.957726653121484084e+00 1.152859002026175972e+00 -3.552615354969710815e+00
4.376326590054333110e+00 -5.794656112812357485e+00 4.894977202028939267e+00 -5.794656112812358373e+00 5.412278501490381366e+00 1.156336760362614458e+00 4.894977202028938379e+00 1.156336760362614458e+00 -3.372636237111988677e+00
4.490602301483610503e+00 -5.717583286528513220e+00 4.823878112392566919e+00 -5.717583286528513220e+00 5.512984417750795174e+00 1.155877095393078369e+00 4.823878112392566919e+00 1.155877095393078369e+00 -3.192321332571390169e+00
4.600256082364309052e+00 -5.634553591945494766e+00 4.746098901341271770e+00 -5.634553591945493878e+00 5.611053610565289951e+00 1.150663481861986526e+00 4.746098901341272658e+00 1.150663481861986748e+00 -3.013500270833609385e+00
4.706285144412780674e+00 -5.523893775333484690e+00 4.660472537773213908e+00 -5.523893775333485578e+00 5.708176263725532884e+00 1.141706879093497440e+00 4.660472537773213908e+00 1.141706879093497662e+00 -2.834196023386043262e+00
4.819539872608269881e+00 -5.405588484513790704e+00 4.568722200015673529e+00 -5.405588484513790704e+00 5.815276060057412266e+00 1.128217627875006901e+00 4.568722200015672641e+00 1.128217627875006679e+00 -2.643705935614387936e+00
4.907538370145773321e+00 -5.271983667663486806e+00 4.471061888508497617e+00 -5.271983667663487694e+00 5.898031802903672904e+00 1.110631156918553630e+00 4.471061888508497617e+00 1.110631156918553630e+00 -2.477757119647581607e+00
5.001956628283411810e+00 -5.118415739739187842e+00 4.366419381110566711e+00 -5.118415739739188730e+00 5.990491574729901458e+00 1.088732562766565382e+00 4.366419381110567599e+00 1.088732562766565160e+00 -2.300548707415685623e+00
5.095761857048371368e+00 -4.950721483912205123e+00 4.256563979564560007e+00 -4.950721483912205123e+00 6.084455178276638954e+00 1.062683415451075808e+00 4.256563979564559119e+00 1.062683415451075808e+00 -2.121644218692599448e+00
5.184968654636942453e+00 -4.772030500267986142e+00 4.141911314292986646e+00 -4.772030500267986142e+00 6.175604555228316528e+00 1.032396835385201994e+00 4.141911314292987534e+00 1.032396835385201772e+00 -1.944897183550712727e+00
5.275177821383758570e+00 -4.579528090710674348e+00 4.023117980846445896e+00 -4.579528090710675237e+00 6.269738648959850558e+00 9.981343188720893655e-01 4.023117980846445008e+00 9.981343188720893655e-01 -1.765019966660297257e+00
5.362529935289493288e+00 -4.374380332496750512e+00 3.900197508026452375e+00 -4.374380332496750512e+00 6.362889211911595844e+00 9.596077261059715591e-01 3.900197508026452375e+00 9.596077261059715591e-01 -1.586053713032080870e+00
5.450858684747299066e+00 -4.156888677689778433e+00 3.774516907965631329e+00 -4.156888677689779321e+00 6.458661608188689840e+00 9.172129183336126257e-01 3.774516907965631329e+00 9.172129183336127367e-01 -1.404902310566063628e+00
5.539314370246549935e+00 -3.929144041449088576e+00 3.646196936584923165e+00 -3.929144041449088576e+00 6.556102762445993548e+00 8.707958716110252295e-01 3.646196936584923609e+00 8.707958716110253405e-01 -1.221954459485130373e+00
5.627574309579482126e+00 -3.689645169016595894e+00 3.515579250269234457e+00 -3.689645169016595894e+00 6.654757984491848077e+00 8.205711007542897395e-01 3.515579250269234457e+00 8.205711007542897395e-01 -1.038175244638941841e+00
