1.294985378429076839e+01 -1.824731418145772111e+00 7.957746836209784291e+00 -1.824731418145772111e+00 2.233288427199633475e+01 -7.507322858995806314e-01 7.957746836209784291e+00 -7.507322858995806314e-01 -2.871153714999695516e+00
-1.297901673521217880e+01 1.319874175276564976e-01 1.676193592694823309e+01 1.319874175276564976e-01 -1.022182621729167273e+01 -5.519426743170267713e+00 1.676193592694823309e+01 -5.519426743170267713e+00 -4.523577238885393115e+01
4.402712159533874825e+01 2.112248248574416287e+00 7.148793165499795599e+00 2.112248248574416287e+00 2.293124501256384207e+01 5.795741264443371454e-01 7.148793165499795599e+00 5.795741264443371454e-01 -1.306106655822683216e+01
4.454680050062500563e+00 1.506071089271489960e+01 6.561517171181153074e+00 1.506071089271489960e+01 2.234155721448579612e+01 -3.564284600280419824e+00 6.561517171181153074e+00 -3.564284600280419824e+00 -3.181008557012054982e+00
2.182248167751271950e+01 -1.098905965132848372e+01 5.688493423724215958e+00 -1.098905965132848372e+01 5.434521084397097468e+00 7.122937519652355221e+00 5.688493423724215958e+00 7.122937519652355221e+00 -2.541203832869715740e+01
7.566636154469372322e+00 1.572813471007108177e+01 3.297618101689227199e+00 1.572813471007108177e+01 3.370089491854394659e+00 -8.390664843421291152e+00 3.297618101689227199e+00 -8.390664843421291152e+00 -2.631126328637884626e+01
-3.297359950283089258e+00 1.840781320171975466e+01 -1.104894656106806927e+01 1.840781320171975466e+01 -1.419082416758683074e+01 1.279131367087007121e+01 -1.104894656106806927e+01 1.279131367087007121e+01 -3.100421785965588839e+01
-1.130811854086522850e+01 -1.130522814569170542e+01 5.156727108737173104e+00 -1.130522814569170542e+01 -1.473920180368764932e+01 -7.927262978484685974e-01 5.156727108737173104e+00 -7.927262978484685974e-01 -3.528145283098042650e+00
4.722052762013339233e+00 5.547456544854386884e+00 3.356330970509911804e+00 5.547456544854386884e+00 1.546377962454464949e+01 -8.069896457144212221e+00 3.356330970509911804e+00 -8.069896457144212221e+00 -1.894023262871705526e+01
-4.691202872041109195e+00 2.254442381949957941e+00 5.568635739732932244e+00 2.254442381949957941e+00 -3.523253564948507499e+00 -2.193600150737777255e-01 5.568635739732932244e+00 -2.193600150737777255e-01 -2.555951996215933519e+01
-1.782856549213406794e+01 1.451646116542672438e+01 -1.109705533664806865e+01 1.451646116542672438e+01 -7.990665090075986576e+00 1.105861982883112216e+00 -1.109705533664806865e+01 1.105861982883112216e+00 -4.052615137919484134e+00
-2.868097344782100322e+01 1.136641438000859594e+01 -5.289202195253441374e+00 1.136641438000859594e+01 -2.605200965655897605e+01 -1.777096261127445231e+01 -5.289202195253441374e+00 -1.777096261127445231e+01 -3.517015791071526110e+01
4.747202229905350457e+00 4.594157372780339976e+00 -1.344467753282923184e+01 4.594157372780339976e+00 2.725430984594359884e+01 -1.389060234042384545e+00 -1.344467753282923184e+01 -1.389060234042384545e+00 -2.454898330205543999e+01
-4.181056478278134136e+01 -1.583762937378175195e+01 -3.655686258830196933e-01 -1.583762937378175195e+01 -3.570773174910618764e+01 9.416082024198184186e+00 -3.655686258830196933e-01 9.416082024198184186e+00 -6.209082724376576579e+01
-1.711664702844845465e+01 -1.224647711938360040e+01 -1.329388332797001659e+01 -1.224647711938360040e+01 -3.031945413285100699e+01 -1.450832682781131311e+00 -1.329388332797001659e+01 -1.450832682781131311e+00 -5.523181690033904090e+01
-1.557237716189411003e+01 -2.147606459852449845e+01 7.332416524970651217e+00 -2.147606459852449845e+01 -2.340103327412941070e+01 1.129754835908519972e+01 7.332416524970651217e+00 1.129754835908519972e+01 -5.966354994252529309e+01
-2.137529012791736349e+01 4.876819150640594458e+00 -1.306473811372094751e+01 4.876819150640594458e+00 -4.542907933216882554e+01 -7.513102728166251687e+00 -1.306473811372094751e+01 -7.513102728166251687e+00 -3.089921814369284903e+01
3.562742317464851993e+01 -1.920544731325120935e+01 4.005371194859884021e+00 -1.920544731325120935e+01 2.143095808857367146e+01 1.490909769200399815e+01 4.005371194859884021e+00 1.490909769200399815e+01 4.616409600070978669e+00
1.405911763627159061e+01 1.476329693935350562e+01 -5.135528507676920817e+00 1.476329693935350562e+01 4.944520787506390819e-02 1.693353338418734921e+01 -5.135528507676920817e+00 1.693353338418734921e+01 -3.698810301259987199e+01
-3.965590116799444331e+01 7.864198437376869855e+00 6.297873518252552927e+00 7.864198437376869855e+00 -2.021683750220518760e+01 -1.058336590595704330e+01 6.297873518252552927e+00 -1.058336590595704330e+01 -5.395655134364991312e+01
-2.903554493771774503e+01 1.851546173759198410e+01 -5.698484989620499208e-01 1.851546173759198410e+01 -4.704988108279073344e+01 -1.042838977351001795e+01 -5.698484989620499208e-01 -1.042838977351001795e+01 -5.086654167422993567e+01
5.263919812407245757e+01 -6.071771210081953196e-01 -5.415654977547619708e+00 -6.071771210081953196e-01 5.552766499224284757e+01 -1.711590923543930387e+01 -5.415654977547619708e+00 -1.711590923543930387e+01 1.960616577678312922e+01
1.119095519198708821e+01 1.457118667766317799e+01 -1.406010930706815820e+01 1.457118667766317799e+01 6.739160774427856104e+00 -8.724684049227180438e+00 -1.406010930706815820e+01 -8.724684049227180438e+00 -1.514025063435414786e+01
-2.815236230811929730e+01 -1.614175713182803662e+01 -1.652249131631511148e+01 -1.614175713182803662e+01 -3.653737007174213147e+01 7.958612067034478876e+00 -1.652249131631511148e+01 7.958612067034478876e+00 -8.225896190355453541e+01
-4.919194866465639393e+01 5.116222194509037813e+00 4.449619629483019811e-01 5.116222194509037813e+00 -4.330493200193453873e+01 -1.006060572991105850e+01 4.449619629483019811e-01 -1.006060572991105850e+01 -7.128301700070706204e+01
-4.255499989225472035e+01 -3.640459960678363860e+00 -4.884506531100580418e+00 -3.640459960678363860e+00 -4.922853406766267881e+01 6.012473753013257038e+00 -4.884506531100580418e+00 6.012473753013257038e+00 -5.663779232290054466e+01
-3.101685768685775813e+01 -8.320692525384496108e+00 4.155895740937460836e+00 -8.320692525384496108e+00 -1.820048240033671405e+01 1.785211854682210664e+00 4.155895740937460836e+00 1.785211854682210664e+00 -5.174316591971965806e+01
1.439515796948525050e+01 2.008495962211377162e+01 6.250754378118662302e+00 2.008495962211377162e+01 6.541023025929701973e+00 -4.531035508814360568e+00 6.250754378118662302e+00 -4.531035508814360568e+00 -6.686045650766029524e+00
4.205187843605679099e+00 7.912174044888135249e+00 8.843329622282306346e+00 7.912174044888135249e+00 -5.677685017446286508e+00 -4.167550885679533579e+00 8.843329622282306346e+00 -4.167550885679533579e+00 -3.535482046576798609e+01
1.661087093314617746e+01 -6.976960801055369643e+00 -9.118202157398568986e+00 -6.976960801055369643e+00 1.305537695852715352e+01 8.457912748774987222e+00 -9.118202157398568986e+00 8.457912748774987222e+00 -3.888125184854626326e+01
-1.591620688163442043e+00 2.856396223810231838e+00 -3.857541812450552943e+00 2.856396223810231838e+00 -5.179050453764953765e+00 -1.481331442353334893e+01 -3.857541812450552943e+00 -1.481331442353334893e+01 -5.786854857935389873e+01
-5.979689191338530918e+01 1.321521563750969852e+00 9.924457164778280216e+00 1.321521563750969852e+00 -3.510223851044276699e+01 3.969579042502633826e+00 9.924457164778280216e+00 3.969579042502633826e+00 -5.020362563299050507e+00
-1.090018638374064608e+01 1.608700531085007768e+00 1.827252579956835632e+01 1.608700531085007768e+00 -3.175786049169095193e+01 3.968914047096742254e-02 1.827252579956835632e+01 3.968914047096742254e-02 1.522092627003098286e+01
-2.103522851574832231e+01 1.086035808887370102e+01 -8.523148892297749413e+00 1.086035808887370102e+01 -2.066221306975880267e+01 -7.844267996177302749e+00 -8.523148892297749413e+00 -7.844267996177302749e+00 -3.412632840794333333e+01
-1.287355324273041646e+01 -3.172930356430417209e+00 1.168898909129250718e+01 -3.172930356430417209e+00 1.318179026394465225e+01 5.856634091966275157e+00 1.168898909129250718e+01 5.856634091966275157e+00 -3.119893898321270242e+01
-4.142512440294348863e+01 -1.019089805529333326e+01 1.347107872812744489e+01 -1.019089805529333326e+01 -1.148330645419688878e+01 -3.296896622055334625e+00 1.347107872812744489e+01 -3.296896622055334625e+00 -5.131180123436865870e+01
-1.148245649750577257e+01 -1.134659717406612955e+01 -1.577335474284672356e+00 -1.134659717406612955e+01 -3.989661132749584027e+01 -1.098866532982244060e+01 -1.577335474284672356e+00 -1.098866532982244060e+01 -6.422410802566636789e+01
-6.521571911633424534e+00 -9.112844052776571502e+00 -1.206457561483921381e+01 -9.112844052776571502e+00 1.606183353556414284e+00 5.773344854192718145e+00 -1.206457561483921381e+01 5.773344854192718145e+00 -5.288164879214333070e+01
1.308837028497431021e+01 2.498747201605811874e+00 -6.867713720757387286e+00 2.498747201605811874e+00 1.567539767336278267e+01 1.147123090646229393e+01 -6.867713720757387286e+00 1.147123090646229393e+01 -3.418310541818164694e+01
-6.785423619873022894e+00 -7.902342197009257774e+00 -1.609155416593105414e+01 -7.902342197009257774e+00 2.647912775726355861e+01 -6.647089433848847762e+00 -1.609155416593105414e+01 -6.647089433848847762e+00 -2.555215473106039781e+01
-2.438084397653124924e+01 5.030726288266127888e+00 -8.318469146636294553e+00 5.030726288266127888e+00 -3.400573161770562081e+01 8.493315449153458374e+00 -8.318469146636294553e+00 8.493315449153458374e+00 -4.644529277628940633e+00
-2.786779943102251522e+01 -8.376936345541917461e+00 -1.089886086995869441e+01 -8.376936345541917461e+00 -1.847243359874133617e+01 4.505794054700323237e+00 -1.089886086995869441e+01 4.505794054700323237e+00 2.374219794522308646e+01
-2.264368135877292243e+00 8.766891078565917539e+00 1.423044491088242935e+01 8.766891078565917539e+00 8.916219552255030933e+00 1.174210194640776983e+01 1.423044491088242935e+01 1.174210194640776983e+01 -2.648075863983008915e+01
-2.239463695759597428e+01 -1.427759863068972201e+01 -1.098863651301957844e+01 -1.427759863068972201e+01 -3.511506996202152209e+01 -3.506666231805134704e+00 -1.098863651301957844e+01 -3.506666231805134704e+00 -4.468186221714808681e+01
2.919835088274528090e+01 -5.226038065258217458e+00 1.608116009384956868e+01 -5.226038065258217458e+00 1.659373555347758611e+01 2.544308352976165644e+00 1.608116009384956868e+01 2.544308352976165644e+00 1.115092720916193336e+01
3.263124046858673921e+01 -1.136676436857401384e+01 1.638578285715085769e+01 -1.136676436857401384e+01 7.386780498560288777e+01 -4.968368010039327487e+00 1.638578285715085769e+01 -4.968368010039327487e+00 -9.557727822293376363e+00
-1.958901535610885247e+01 -1.943059713640482045e+01 3.616046968392680583e+00 -1.943059713640482045e+01 -3.315498154839391987e+01 1.068821357387926163e+01 3.616046968392680583e+00 1.068821357387926163e+01 -3.868536737292330940e+01
-1.166968441930001354e+01 1.245338426565784928e+01 -2.198619777023614219e+01 1.245338426565784928e+01 -2.559081592801581095e+01 3.846695983306770206e+00 -2.198619777023614219e+01 3.846695983306770206e+00 -4.632366593354073103e+01
-1.692473005960766841e+01 4.131561651138671465e+00 -9.429915738695028304e-01 4.131561651138671465e+00 -2.926660521317634078e+01 1.133023158717086609e+01 -9.429915738695028304e-01 1.133023158717086609e+01 -4.508416029542703996e+01
-1.621628680585009619e+01 1.420777900865455301e+01 -3.145071745807016761e+00 1.420777900865455301e+01 -1.329029912881028430e+01 -1.319958281653409671e+01 -3.145071745807016761e+00 -1.319958281653409671e+01 -2.735319340534930532e+01
