3.458354054570449865e+00 5.455721173061398588e-01 7.238631039163280212e-01 5.455721173061398588e-01 -3.513173084308071625e-01 -1.789040653163282002e+01 7.238631039163280212e-01 -1.789040653163282002e+01 -5.143635523940172760e+01
4.813141664802184039e+01 -1.755121726201115351e+01 -6.372895836917609635e+00 -1.755121726201115351e+01 3.947857138494911311e+01 -4.821316744946091859e+00 -6.372895836917609635e+00 -4.821316744946091859e+00 9.564656419997680459e+00
2.593239436096133943e+01 4.036366818124960121e-01 2.520961837639958070e+00 4.036366818124960121e-01 5.666512529393576081e+00 2.999701920556794299e+00 2.520961837639958070e+00 2.999701920556794299e+00 5.221426130401637167e+00
-1.505683510155976812e+01 -5.842225281225242206e+00 9.808887747746771524e+00 -5.842225281225242206e+00 -1.645439615524449195e+01 8.348784812728546001e+00 9.808887747746771524e+00 8.348784812728546001e+00 -5.120110765731478608e+01
-6.077820248731072184e+00 1.020536536402841676e+01 1.733458590243531550e+00 1.020536536402841676e+01 8.074669517349514436e+00 -2.276517778742990217e+00 1.733458590243531550e+00 -2.276517778742990217e+00 -2.135746224802599258e+01
2.753862842319237458e+01 -5.780644156247545240e+00 4.692354201941091318e+00 -5.780644156247545240e+00 3.077661829553789730e+01 4.254011420572685331e+00 4.692354201941091318e+00 4.254011420572685331e+00 4.951336359164747236e+00
3.010984358262409089e+01 6.818988312577315414e-01 -3.726379679844963988e+00 6.818988312577315414e-01 2.727207310501574966e+01 -1.896241686570428087e+01 -3.726379679844963988e+00 -1.896241686570428087e+01 -1.351657352061076445e+01
-3.550258229265364207e+01 4.580779488753269568e+00 -1.130195001292146983e+01 4.580779488753269568e+00 -3.440184401640066625e+01 -1.475646479685390489e+01 -1.130195001292146983e+01 -1.475646479685390489e+01 -4.932504280349099446e+01
-5.530151230836900567e+01 -2.318010129394288743e+00 -7.438802892530516075e+00 -2.318010129394288743e+00 -4.505639406391382806e+01 3.290745980319149222e+00 -7.438802892530516075e+00 3.290745980319149222e+00 -6.256135453528161605e+01
-1.627609556931783530e+01 1.402656418026245966e+01 3.401799156645036071e+00 1.402656418026245966e+01 -2.357723801463429680e+01 -6.419708121373602694e+00 3.401799156645036071e+00 -6.419708121373602694e+00 -2.059241764431055444e+01
-1.991923327663264942e+01 -5.434029340007688447e+00 5.390593256625074048e+00 -5.434029340007688447e+00 -9.518955861217778036e+00 1.764640651382997305e+01 5.390593256625074048e+00 1.764640651382997305e+01 -1.394284307749807361e+01
-4.692402280297204697e+01 1.873188395401520712e+00 -3.083724934153893482e+00 1.873188395401520712e+00 -6.110221988178583530e+01 1.343689738657235733e+00 -3.083724934153893482e+00 1.343689738657235733e+00 -5.211327006460809486e+01
-8.777542576037131283e+00 -1.039159674912408127e+00 6.692897222763141585e+00 -1.039159674912408127e+00 -8.341841793436920227e+00 6.815781823401805273e-01 6.692897222763141585e+00 6.815781823401805273e-01 -2.764107173684879371e+01
-5.501705174443872748e-01 -3.831292111307565307e+00 1.076993375028807209e+00 -3.831292111307565307e+00 5.903267693290024098e+00 1.159092850673543751e+01 1.076993375028807209e+00 1.159092850673543751e+01 -4.395896967665994737e+01
-1.900055178567545866e+01 3.942590967701236959e+00 -1.957236658132712748e+01 3.942590967701236959e+00 1.383846348078490074e+01 6.269650335077622261e-01 -1.957236658132712748e+01 6.269650335077622261e-01 -5.306796192245249699e+01
-5.043485467193617922e+01 2.480124896930307354e+00 4.803519450349734154e-01 2.480124896930307354e+00 -6.792720977395843818e+01 -2.203547467793641079e+00 4.803519450349734154e-01 -2.203547467793641079e+00 -9.650799773728431319e+01
3.316738106404434205e+01 8.239445685837740285e+00 -6.032423326950495657e+00 8.239445685837740285e+00 2.806055422134931732e+01 -5.703107088684778780e+00 -6.032423326950495657e+00 -5.703107088684778780e+00 -1.031765581624113182e+01
1.614167861422426853e+00 -1.110828200366465879e+01 -1.039909281302601185e+00 -1.110828200366465879e+01 -6.142522383282161158e+00 4.163201304101858291e+00 -1.039909281302601185e+00 4.163201304101858291e+00 -1.687129831006922132e+01
4.365431027219938187e+01 2.009438462424023442e+01 2.601811246598662919e+00 2.009438462424023442e+01 4.423192733374385455e+01 9.689472425559221280e-01 2.601811246598662919e+00 9.689472425559221280e-01 6.286304901572725257e+00
1.985974377846058658e+01 -4.176963687476897835e-01 7.913901778716073032e+00 -4.176963687476897835e-01 1.178749501634068331e+01 1.015103952922517472e+01 7.913901778716073032e+00 1.015103952922517472e+01 9.542694872850042032e+00
1.383200625998327027e+01 -3.776432021135954109e+00 5.506199440068853868e+00 -3.776432021135954109e+00 1.787921600246970399e+01 9.415009216515043633e+00 5.506199440068853868e+00 9.415009216515043633e+00 -5.962910318940727095e+00
2.566982153041502457e+01 1.190735422328360649e+01 6.322025710780283525e+00 1.190735422328360649e+01 1.863027606338308217e+01 -1.954868539985525544e+01 6.322025710780283525e+00 -1.954868539985525544e+01 -1.286220995718820426e+01
-3.700522829971765049e+01 -1.247649156178855279e+01 -1.776101457413617135e+00 -1.247649156178855279e+01 -3.639838890090385348e+01 -5.267165949402069280e+00 -1.776101457413617135e+00 -5.267165949402069280e+00 -9.598351905712932819e+01
-1.775978977149506122e+01 -8.146080954559925758e+00 -2.493211032473040323e+00 -8.146080954559925758e+00 -2.318268646241500619e+01 1.161848144032426866e+01 -2.493211032473040323e+00 1.161848144032426866e+01 -1.233509514778094562e+01
-4.211516534470776563e+00 -6.726179581369724936e+00 4.676157132368209624e+00 -6.726179581369724936e+00 -7.323584234675766247e+00 1.496916777822929312e+01 4.676157132368209624e+00 1.496916777822929312e+01 -4.403775430882092934e+01
2.292117679106000239e+01 8.945620166999702860e+00 -4.094539284142605595e+00 8.945620166999702860e+00 3.450703103385031767e+01 1.459609509036735631e+01 -4.094539284142605595e+00 1.459609509036735631e+01 -1.803267347552177569e+01
2.039981198098085002e+01 3.874880222540129981e+00 1.496644238073264965e+00 3.874880222540129981e+00 1.671014831802494882e+01 4.112966371107907193e+00 1.496644238073264965e+00 4.112966371107907193e+00 6.932978551575129877e+00
2.073525082064670855e+01 -8.713958669435973192e+00 -1.095311583941660238e+01 -8.713958669435973192e+00 1.088995012048391509e+01 9.016308676790135479e+00 -1.095311583941660238e+01 9.016308676790135479e+00 -2.245832708877816941e+01
-1.276610591983129517e+01 6.670648807426446503e+00 -4.692838171546539705e+00 6.670648807426446503e+00 4.542620681119728054e+00 -1.048786769678238695e+00 -4.692838171546539705e+00 -1.048786769678238695e+00 -3.281466586834942234e+01
4.789790307835276195e+01 8.953067102039169001e+00 1.222768640130119877e+00 8.953067102039169001e+00 1.751186704653797932e+01 1.439743433010918849e+01 1.222768640130119877e+00 1.439743433010918849e+01 -2.059267011795570568e+01
-3.035675804757829965e+01 9.627342267772419859e+00 -1.158438965019819911e+00 9.627342267772419859e+00 -4.049720243261278796e+01 -6.901777136601887186e+00 -1.158438965019819911e+00 -6.901777136601887186e+00 -3.771280960039442220e+01
-1.038581091148988023e+01 1.674800191190831011e+00 1.627687501352468402e+01 1.674800191190831011e+00 -3.167654288901961124e+01 -1.417937743044977950e+01 1.627687501352468402e+01 -1.417937743044977950e+01 -4.343625268651970117e+01
1.459771218549245475e+01 -9.955801405145257021e+00 3.205643474119165059e+00 -9.955801405145257021e+00 1.576245640799646885e+01 8.103602739165081559e+00 3.205643474119165059e+00 8.103602739165081559e+00 1.087404620681189549e+01
-5.617670425893981800e+00 1.200714623462090103e+01 -2.536111523650257027e+01 1.200714623462090103e+01 -1.545634956599488596e+01 -7.364481130088502248e+00 -2.536111523650257027e+01 -7.364481130088502248e+00 -7.496691731535106484e+00
2.951846921566834681e+01 -1.142224886156415709e+00 4.865356183578668947e+00 -1.142224886156415709e+00 4.339395768887614935e+01 2.833018485873242120e+00 4.865356183578668947e+00 2.833018485873242120e+00 -5.944615537552485618e-01
2.834902177208365970e+01 1.079832774078079538e+00 2.557328261302805572e+01 1.079832774078079538e+00 1.567230504722320994e+01 -2.456720523018514513e+00 2.557328261302805572e+01 -2.456720523018514513e+00 6.328786457189234049e+00
5.421047319292638633e+01 1.274681266464520135e+01 -5.919814805063878360e+00 1.274681266464520135e+01 6.025263651012055988e+01 2.207437171171061419e+00 -5.919814805063878360e+00 2.207437171171061419e+00 2.343393827367407312e+01
4.217372720164245692e+01 1.830158385474096150e+01 -2.592390011817540252e+00 1.830158385474096150e+01 2.860667361090816385e+01 4.026722805581270492e+00 -2.592390011817540252e+00 4.026722805581270492e+00 8.661762234583360254e+00
2.956651778674314102e+01 -7.444158499627316239e+00 -5.721362034913965999e+00 -7.444158499627316239e+00 2.393433056351831922e+01 8.924776136515905733e+00 -5.721362034913965999e+00 8.924776136515905733e+00 -2.886692686958940435e-01
1.162915689827400811e+01 1.455847232312661177e+01 1.381092380931533903e+01 1.455847232312661177e+01 -7.080941419670297776e+00 3.128076357881532132e+01 1.381092380931533903e+01 3.128076357881532132e+01 -4.733089543538116573e+01
1.210945987145811920e+00 9.739698990800956580e+00 -1.586221130150070380e+01 9.739698990800956580e+00 -9.725683809995818718e-01 1.247179263747580036e+00 -1.586221130150070380e+01 1.247179263747580036e+00 -1.986087835337842478e+01
4.078453617880512638e+01 -2.347575650148781001e-01 -9.260264340941978034e+00 -2.347575650148781001e-01 2.742240112009370634e+01 6.026394175812720633e+00 -9.260264340941978034e+00 6.026394175812720633e+00 -5.581004165489363844e-01
2.907750058000636528e+01 -1.656625012454836110e+01 2.084494433060995888e+01 -1.656625012454836110e+01 4.974911140325383485e+01 -1.768644846706249751e+01 2.084494433060995888e+01 -1.768644846706249751e+01 3.218571289245215894e+01
-2.946375625232277429e+01 6.808715626070142690e+00 -3.371738742295871116e+00 6.808715626070142690e+00 -1.536115844186361734e+01 -3.084721354112162750e+00 -3.371738742295871116e+00 -3.084721354112162750e+00 -4.952356085789274687e+01
-1.215466081347415894e+01 -3.581560534806069285e+00 2.883367223426932924e+01 -3.581560534806069285e+00 -8.273331663766779087e+00 -3.383064107837671752e+00 2.883367223426932924e+01 -3.383064107837671752e+00 -5.179437303544901994e+01
1.003447517556792690e+01 1.844525770834072631e+01 -5.344547597698928731e-01 1.844525770834072631e+01 1.259350611668630826e+01 1.508970457776976470e+00 -5.344547597698928731e-01 1.508970457776976470e+00 -2.025104916986499148e+01
2.734750979790607772e+01 8.547937230783420048e-01 -1.018751006955924909e+00 8.547937230783420048e-01 -4.328329607256246270e+00 9.806591436396281392e-01 -1.018751006955924909e+00 9.806591436396281392e-01 -2.271785858366010302e+01
-2.516532292104686874e+01 3.703597079321801822e+00 -6.415885056581238644e+00 3.703597079321801822e+00 -2.306978708285162227e+01 7.310092592207295681e+00 -6.415885056581238644e+00 7.310092592207295681e+00 -4.514777337241908839e+01
4.677902773751563359e+01 2.147311560736009928e-01 2.006628945062180236e+01 2.147311560736009928e-01 4.249759548298715828e+01 -1.502240558600272058e+00 2.006628945062180236e+01 -1.502240558600272058e+00 2.163470024514109724e+01
2.633655409264139990e+01 -7.194947851739613043e+00 2.273412669493586336e+01 -7.194947851739613043e+00 2.779650429848067006e+01 1.543023070783848816e+01 2.273412669493586336e+01 1.543023070783848816e+01 -5.515512592343709386e+00
2.444852291004765732e+01 -6.158387439341246328e+00 1.533843539291747149e+01 -6.158387439341246328e+00 1.026281855544784738e-01 1.399872785027937283e+01 1.533843539291747149e+01 1.399872785027937283e+01 -2.546906573764720605e+01
9.944886691769330156e+00 -1.904966641669530447e-01 5.251100248622567968e+00 -1.904966641669530447e-01 1.332908420953716266e+01 3.733195907806153713e+01 5.251100248622567968e+00 3.733195907806153713e+01 1.080659371036818861e+00
1.090369460955083269e+01 -8.503765915726854141e-01 -9.387740445481220775e-01 -8.503765915726854141e-01 3.379296506230663244e+00 7.901806885168187300e+00 -9.387740445481220775e-01 7.901806885168187300e+00 -3.266631189993064233e+00
2.086764163257941718e+01 -4.090780211755379314e-01 -1.062691864004665554e+01 -4.090780211755379314e-01 1.995432647769060353e+01 1.355332317084501303e+00 -1.062691864004665554e+01 1.355332317084501303e+00 -5.970456024112277049e+00
6.447865738814272163e+00 1.009162735246288989e+01 2.550013019169325101e+00 1.009162735246288989e+01 7.540388126318154249e+00 2.539789956442892183e-01 2.550013019169325101e+00 2.539789956442892183e-01 1.695264776612390634e+01
-2.888023881925173342e+01 -1.587761826506118787e-02 -4.321811104756683619e+00 -1.587761826506118787e-02 -2.580985208825726929e+01 -2.813657202611251407e+00 -4.321811104756683619e+00 -2.813657202611251407e+00 -3.031689734518084123e+01
1.992120622432782184e+01 1.348930747591451862e+01 -1.831718331507071973e+00 1.348930747591451862e+01 2.686095406242300854e+01 -4.316402877916448055e+00 -1.831718331507071973e+00 -4.316402877916448055e+00 1.067369449453664032e+01
1.329704494606702170e+01 6.109539364890619773e+00 -3.785658293668999197e-01 6.109539364890619773e+00 1.719014011363679728e+01 1.389129464216449605e+01 -3.785658293668999197e-01 1.389129464216449605e+01 4.986069180286454738e+00
-1.764238535164751553e+01 1.019813816309692034e-01 2.890839966579406450e+00 1.019813816309692034e-01 -1.513477326695482361e+01 4.691406002031354383e+00 2.890839966579406450e+00 4.691406002031354383e+00 -2.314462828759726420e+01
-6.023397136844256927e+00 -9.097076904374979733e+00 -5.770909687324993875e+00 -9.097076904374979733e+00 -3.307407349313347678e-01 1.106928542077306066e+00 -5.770909687324993875e+00 1.106928542077306066e+00 -1.025882610176778797e+01
-3.413076963964727639e+01 1.990254064741839812e+01 1.681659926585726827e+00 1.990254064741839812e+01 -7.289257704087417267e+01 1.686246940204405576e-01 1.681659926585726827e+00 1.686246940204405576e-01 -8.095950376829286199e+01
-3.162859910659182106e+01 -4.890958536601098250e-01 3.665906521637227300e+00 -4.890958536601098250e-01 3.622732368997853669e+00 -9.169860824972158042e+00 3.665906521637227300e+00 -9.169860824972158042e+00 -4.211931370155792820e+01
-4.386674303770931971e+01 6.105644767630041159e+00 -9.579665186926163756e+00 6.105644767630041159e+00 -2.409993185783934067e+01 -3.066337237081691036e+00 -9.579665186926163756e+00 -3.066337237081691036e+00 -4.876077480023589317e+01
-6.476808865498754564e+00 6.933793326972274684e+00 -5.101874375188463873e+00 6.933793326972274684e+00 -4.389801280309759690e+00 -8.193217628146278741e+00 -5.101874375188463873e+00 -8.193217628146278741e+00 -1.250407241629603661e+01
4.165104653154086378e+01 -4.918778300967974193e-01 -4.906362122208789422e+00 -4.918778300967974193e-01 2.957953451628856811e+01 5.191905240841652613e+00 -4.906362122208789422e+00 5.191905240841652613e+00 -4.606960431604203987e-02
-3.368073767725705103e+00 1.057171018322713207e+00 -1.259423480993807054e+01 1.057171018322713207e+00 -1.585604030994934455e+01 -1.693364585781616249e-01 -1.259423480993807054e+01 -1.693364585781616249e-01 -4.456557398484158483e+01
9.109529035390687923e+00 -4.085110822967993549e+00 4.709039083208693022e+00 -4.085110822967993549e+00 -3.586851772563136365e+00 8.100660423227138196e+00 4.709039083208693022e+00 8.100660423227138196e+00 -8.468439629351414144e-01
-1.496618268117675221e+01 9.296241348312701547e+00 2.380854696673212700e+00 9.296241348312701547e+00 -1.242742586987666975e+01 -9.260135564378547457e+00 2.380854696673212700e+00 -9.260135564378547457e+00 -2.624515176820355933e+01
6.514753606635107275e+00 1.021624742441359857e+01 1.669395623273074136e+01 1.021624742441359857e+01 2.636243831104145285e-01 -4.096551883624970358e+00 1.669395623273074136e+01 -4.096551883624970358e+00 -1.797545391531945569e+01
-1.054547840115290214e+01 1.523170936960634947e+01 -1.320132985064639497e+00 1.523170936960634947e+01 -1.514983112055131897e+01 2.520868684823996286e+00 -1.320132985064639497e+00 2.520868684823996286e+00 -1.620541166563666025e+01
3.336604397818138779e+01 -1.267585583120532711e+00 1.008643224925697623e+01 -1.267585583120532711e+00 4.094739623455190980e+01 -4.365604335481180875e+00 1.008643224925697623e+01 -4.365604335481180875e+00 9.658349647190549447e+00
-9.091668051048564791e+00 1.962599727597762467e+00 3.764809277876914706e+01 1.962599727597762467e+00 8.293194150183603952e+00 -5.760110388443451690e+00 3.764809277876914706e+01 -5.760110388443451690e+00 -3.893559623283435744e-01
-3.232157140755257529e+01 1.242387981999953794e+01 3.529378739143653743e+00 1.242387981999953794e+01 -2.961452858295698931e+01 -3.288455993111528475e+00 3.529378739143653743e+00 -3.288455993111528475e+00 -3.530907910081067058e+01
-2.599346016369755485e+00 3.708116935144272763e-01 2.180094990763006724e+00 3.708116935144272763e-01 -6.107795684808023040e+00 1.800495957684172410e+01 2.180094990763006724e+00 1.800495957684172410e+01 -4.097076571806175593e+01
2.633604810375588912e+01 2.329772643734844451e+01 9.477337507790997151e+00 2.329772643734844451e+01 2.497920464798722406e+01 7.074016634248928348e+00 9.477337507790997151e+00 7.074016634248928348e+00 3.942598024023258763e+00
3.560147974619080458e+01 -1.955274646379218551e+00 9.131692577760155416e+00 -1.955274646379218551e+00 4.879030737394610640e+01 -1.848403245633971181e+00 9.131692577760155416e+00 -1.848403245633971181e+00 1.047052489343063542e+01
4.381699770145845996e+00 -7.545605458817779443e+00 3.711020896092566357e+00 -7.545605458817779443e+00 1.445626025933044012e+01 -1.239030129388482449e+00 3.711020896092566357e+00 -1.239030129388482449e+00 -1.044451970635034144e+01
1.075672038134893604e+01 -6.053049809284318350e+00 6.795946217120023114e+00 -6.053049809284318350e+00 8.601750531291854074e+00 7.399979009071048885e+00 6.795946217120023114e+00 7.399979009071048885e+00 -2.070897660385265837e+01
1.704129633777739627e+01 -1.806787283592350590e+01 2.201075730246160234e+01 -1.806787283592350590e+01 1.000950985429647666e+01 -2.003553167009600511e+00 2.201075730246160234e+01 -2.003553167009600511e+00 -8.928487934034233575e+00
3.721262836401011853e+00 -1.075705631714054533e+00 -8.711080587781751206e+00 -1.075705631714054533e+00 1.996892578445528532e-01 4.076737441187197497e+00 -8.711080587781751206e+00 4.076737441187197497e+00 -1.243307527331465856e+01
3.870994934459187675e+01 2.753566900665028516e+00 7.701168392796343021e+00 2.753566900665028516e+00 4.415380852737619932e+01 -6.702811868068698331e+00 7.701168392796343021e+00 -6.702811868068698331e+00 3.367900178778376841e+01
-1.779404878896017905e+01 -6.819314102409303580e+00 8.834025358471690390e-03 -6.819314102409303580e+00 -1.347487168267320534e+01 2.451869721686088521e+00 8.834025358471690390e-03 2.451869721686088521e+00 -7.357916506099819287e+00
1.870020906692942830e+01 1.319620670662813033e+01 -2.152240430454297471e+00 1.319620670662813033e+01 1.602437252880388385e+01 1.315719428588175433e+01 -2.152240430454297471e+00 1.315719428588175433e+01 -8.718275187379886049e+00
2.574910851652151500e+00 9.693902384628552582e+00 3.269589467784723702e+00 9.693902384628552582e+00 -8.362871500055494067e+00 7.965141426310812456e+00 3.269589467784723702e+00 7.965141426310812456e+00 -4.915658275479376726e+01
9.310092776036889006e+00 1.145937450985237760e+01 3.833995025799925127e+00 1.145937450985237760e+01 -1.095775531909074552e+01 6.603976086677951329e+00 3.833995025799925127e+00 6.603976086677951329e+00 -1.524765547146959443e+00
-2.812649482073729601e+01 -4.505260381005093406e-01 -8.977562726739284571e+00 -4.505260381005093406e-01 -2.698470124630238232e+01 -2.586018562692339984e+00 -8.977562726739284571e+00 -2.586018562692339984e+00 -3.828269931041668173e+01
-2.046729592322184388e+01 1.014268654829084504e+01 -1.671051745781313969e+01 1.014268654829084504e+01 -1.787981025813868641e+01 -9.193933952464794154e-03 -1.671051745781313969e+01 -9.193933952464794154e-03 -1.801267259715827507e+01
-3.995041653554319794e+01 2.537276446442398026e-01 1.635442954641290569e+01 2.537276446442398026e-01 -8.624703061701222140e+00 -2.148768298152981160e+01 1.635442954641290569e+01 -2.148768298152981160e+01 -3.150643748638628594e+01
3.650374641019917021e+01 5.376594072873396080e+00 -5.908023849974337161e+00 5.376594072873396080e+00 3.042658919581291599e+01 -2.732379247728468030e+01 -5.908023849974337161e+00 -2.732379247728468030e+01 -2.706084372258696291e+01
2.474078390365451341e+01 -4.883130833977697094e+00 -1.308943594935891186e+00 -4.883130833977697094e+00 3.419474068456124627e+01 1.983138922865280307e+01 -1.308943594935891186e+00 1.983138922865280307e+01 3.074747968905969575e+00
-3.296490757098130331e+00 7.966697214416295303e+00 -9.846660509158148500e+00 7.966697214416295303e+00 -8.371886360659742010e+00 1.161773593817376948e+01 -9.846660509158148500e+00 1.161773593817376948e+01 -2.891865119927432204e+01
1.729515426936884026e+01 7.722182136365718819e+00 -1.840334619036594788e+01 7.722182136365718819e+00 5.050335774503381003e+01 -1.922568205239473249e+00 -1.840334619036594788e+01 -1.922568205239473249e+00 -2.671911685783510126e+00
5.123018352721702229e+01 -5.205374330710353270e+00 1.344936905131858573e+01 -5.205374330710353270e+00 6.129881680988928139e+01 2.834344032500024646e-01 1.344936905131858573e+01 2.834344032500024646e-01 4.330032837145682123e+01
-2.703734235794860652e+01 1.646507670065058804e+01 1.025694078969950951e+01 1.646507670065058804e+01 -1.426792648720848256e+01 2.498577195618334468e+00 1.025694078969950951e+01 2.498577195618334468e+00 -3.384165235130679861e+01
1.135236805574000751e+00 -1.086648290294919939e+01 6.110084226682965358e+00 -1.086648290294919939e+01 -3.784438370427834997e+01 3.741156606506798710e+00 6.110084226682965358e+00 3.741156606506798710e+00 -7.303097311891161780e+01
7.594377888307122682e+00 2.887192394851752830e+00 -9.060230039605081664e-01 2.887192394851752830e+00 -2.467903070445562064e-01 3.723229067968580885e+00 -9.060230039605081664e-01 3.723229067968580885e+00 -5.586340087644607877e+00
4.241337279900783130e+01 5.226271413885084982e+00 -2.221886495245918081e+00 5.226271413885084982e+00 3.998383816986709860e+01 -1.794018656441575654e+00 -2.221886495245918081e+00 -1.794018656441575654e+00 2.654842445168549858e+01
2.612616188209591783e+01 9.058567091162812446e+00 -9.558945385964175756e+00 9.058567091162812446e+00 2.550357405519772414e+01 -7.872918770595648930e+00 -9.558945385964175756e+00 -7.872918770595648930e+00 -6.610301414443269685e+00
2.731316791637027919e+01 8.157761760886881319e+00 -4.852560379732802964e+00 8.157761760886881319e+00 3.657992978861937416e+01 7.759126640010836518e+00 -4.852560379732802964e+00 7.759126640010836518e+00 -2.858035744625235797e+00
3.227013182006269432e+01 1.720252133517932336e+01 6.446626643402149526e+00 1.720252133517932336e+01 3.592260405624460873e+01 -3.662740659820650224e-01 6.446626643402149526e+00 -3.662740659820650224e-01 2.261864072218465971e+00
