2.394798524353158342e+01 7.863122401233668679e-01 1.981210005686970632e+01 7.863122401233668679e-01 6.873996512642906787e+00 6.646719752160666905e-01 1.981210005686970632e+01 6.646719752160666905e-01 2.550126578480308481e+01
6.082377289382814745e+00 -3.936612977609831976e+00 5.580293925603736938e+00 -3.936612977609831976e+00 1.384779220190230475e+01 3.481414717151608773e+00 5.580293925603736938e+00 3.481414717151608773e+00 1.389974329531862551e+01
-1.903051151088058646e+01 1.001263499431111192e+01 1.672556852700919805e+01 1.001263499431111192e+01 -3.152186021075164035e+01 1.650365882395870898e+01 1.672556852700919805e+01 1.650365882395870898e+01 3.552262304884514332e+00
-1.852791115041986103e+01 -4.260807281895992560e+00 1.583889567653830355e+01 -4.260807281895992560e+00 -4.503885732440177492e+01 -3.888409252898425539e+00 1.583889567653830355e+01 -3.888409252898425539e+00 -2.879989997656089784e+01
3.303296898618094701e+01 -4.035736420497041621e+00 7.404535707193392824e+00 -4.035736420497041621e+00 6.700840708442368232e+00 -6.018469372066840961e+00 7.404535707193392824e+00 -6.018469372066840961e+00 2.225339102349891363e+01
-3.419168029016617538e+00 4.895348304139348627e+00 6.814443364064227460e+00 4.895348304139348627e+00 7.690899374557488066e+00 3.885862573340651549e-01 6.814443364064227460e+00 3.885862573340651549e-01 1.565637768208052982e+01
-3.623706181527809633e+01 2.118821072317564891e+00 3.572517369802299392e+00 2.118821072317564891e+00 -3.023982900089845316e+01 2.181251635966759750e+00 3.572517369802299392e+00 2.181251635966759750e+00 -5.309491891820810849e+01
-4.028792561114612880e+01 6.724552901171362507e+00 1.789076636269739495e+01 6.724552901171362507e+00 -5.089698889440600027e+01 1.632212289887874235e+01 1.789076636269739495e+01 1.632212289887874235e+01 -2.763471644364105018e+01
3.104105444379063172e+01 3.635601386706440064e+00 8.191743512911086711e+00 3.635601386706440064e+00 2.621526484077532970e+01 -4.378316918820390313e+00 8.191743512911086711e+00 -4.378316918820390313e+00 3.471650544991128129e+01
5.053384836943763503e+01 -7.512226021220325123e+00 2.011841252005250880e+01 -7.512226021220325123e+00 -3.031298331755325481e-01 7.743795719619749107e+00 2.011841252005250880e+01 7.743795719619749107e+00 1.087363064555198733e+01
2.754722755239695786e+00 -3.978113624960839978e+00 1.202912368806901711e+01 -3.978113624960839978e+00 -2.154078922579406452e+01 3.273100866695420219e+00 1.202912368806901711e+01 3.273100866695420219e+00 -1.564542416916034906e+00
-2.505901084852773764e+01 1.418859883528256738e+01 2.152823029693452739e+01 1.418859883528256738e+01 -5.571979741055268676e+01 5.286599443323422243e+00 2.152823029693452739e+01 5.286599443323422243e+00 -2.982631417739095170e+01
-2.742554175045677667e+01 7.957952437277004520e+00 1.390156023837388410e+01 7.957952437277004520e+00 -1.661853020857301644e+01 3.192193184281020280e+00 1.390156023837388410e+01 3.192193184281020280e+00 -1.277332576512514528e+01
-1.077299508729822719e+01 -3.346392427112021561e+00 1.229495621493074253e+01 -3.346392427112021561e+00 -2.224774963040711384e+01 -4.345730080796219141e+00 1.229495621493074253e+01 -4.345730080796219141e+00 -7.078092934464759178e-01
-3.100079312714916568e+01 -8.657625780563069640e+00 8.474056718799111820e+00 -8.657625780563069640e+00 -6.174665937572620322e+01 1.369192793449960455e+01 8.474056718799111820e+00 1.369192793449960455e+01 -3.534939706851877617e+01
-1.171206437226740782e+01 -2.839364323696523584e+00 -2.963647309881799252e+00 -2.839364323696523584e+00 -3.620782595768683620e+01 3.059006632238467915e+00 -2.963647309881799252e+00 3.059006632238467915e+00 -1.892648422447345880e+01
-8.009287494374314420e+00 -8.245599744763218553e+00 5.792404364802087535e+00 -8.245599744763218553e+00 -2.234070375025270749e+01 5.322884118428088840e+00 5.792404364802087535e+00 5.322884118428088840e+00 2.231810421249745269e-01
1.408169151758341675e+00 3.444617286430922132e+00 2.212300540042118957e+00 3.444617286430922132e+00 8.406396361228736680e+00 2.465840554087360026e+00 2.212300540042118957e+00 2.465840554087360026e+00 -3.361772883283962732e-01
-1.025811302137465653e+01 -6.911671232889768035e+00 7.940709572132447214e+00 -6.911671232889768035e+00 -8.337853528611484322e+00 -1.617591860795834835e+00 7.940709572132447214e+00 -1.617591860795834835e+00 -9.771708299017900501e+00
3.097342972322166599e+00 1.303352499785332874e+01 6.790501287881770764e+00 1.303352499785332874e+01 -1.716988319399568752e+00 2.557910961210761336e+00 6.790501287881770764e+00 2.557910961210761336e+00 -7.308449847736631089e-01
-4.268972132307482781e+01 -1.124561662299922560e+01 2.822672096903094641e+01 -1.124561662299922560e+01 -6.978389849286463686e+01 -1.585149220380514912e+01 2.822672096903094641e+01 -1.585149220380514912e+01 -1.304970683744617155e+01
-3.264962688089142517e+01 1.065058047917011308e-02 2.425660374610601799e+00 1.065058047917011308e-02 -6.032302192994118428e+01 -1.417755714974804881e+01 2.425660374610601799e+00 -1.417755714974804881e+01 -3.799095643193389549e+01
3.090969474137342132e+01 -6.297680127149744678e+00 9.576690461090935358e+00 -6.297680127149744678e+00 2.572268537165307123e+01 -3.285929166790008793e+00 9.576690461090935358e+00 -3.285929166790008793e+00 3.992600218853736038e+01
-1.473353096032860066e+01 9.154998562840447107e+00 8.537074557458213420e+00 9.154998562840447107e+00 -4.232749328208983286e+01 -1.661606218744306140e+00 8.537074557458213420e+00 -1.661606218744306140e+00 -2.289922427403587690e+01
-1.105813142727678766e+01 -1.062393325828351776e+00 7.686964648785357568e+00 -1.062393325828351776e+00 -1.593833928407299005e+01 -2.235613204681214938e+00 7.686964648785357568e+00 -2.235613204681214938e+00 -4.791501868047552293e+00
-3.662390026292547418e+01 -1.059197602302138819e+01 2.047645172929490442e+01 -1.059197602302138819e+01 -7.187675183832701009e+01 5.784396851270426354e-02 2.047645172929490442e+01 5.784396851270426354e-02 -4.426080099303344895e+01
2.414842053232590047e+01 -4.398864992836182708e+00 2.238455605381238112e+00 -4.398864992836182708e+00 -8.409422971902856148e+00 -4.311782744565611836e+00 2.238455605381238112e+00 -4.311782744565611836e+00 8.595694893960503791e+00
2.506633533340516351e+01 5.270004006317471124e+00 1.487660949237566221e+01 5.270004006317471124e+00 -4.932189648493835676e+00 -3.612031312027921715e+00 1.487660949237566221e+01 -3.612031312027921715e+00 3.642399947936113591e+01
3.014400152024914736e-01 1.078496550551675925e+00 -7.631296950583482674e-01 1.078496550551675925e+00 -3.251640563931672290e+01 -5.837624754631450807e-01 -7.631296950583482674e-01 -5.837624754631450807e-01 -1.611754755680467355e+01
1.030303853827340355e+01 1.475831271439332326e+01 2.558704670569111883e+01 1.475831271439332326e+01 -4.130298935861285159e+00 -7.261288404735744884e+00 2.558704670569111883e+01 -7.261288404735744884e+00 6.149498844304831735e+00
-3.423523876124362175e+01 1.386590006156657395e+01 2.003487009248434703e+00 1.386590006156657395e+01 -2.195980330774145983e+01 6.747374333173303818e+00 2.003487009248434703e+00 6.747374333173303818e+00 -2.069221581420923783e+01
-2.162336997184933907e+01 1.363317227144636412e+01 3.740455665820268671e-01 1.363317227144636412e+01 -2.050122595981333617e+01 -6.867490642042670679e+00 3.740455665820268671e-01 -6.867490642042670679e+00 -1.820630764029405668e+01
-4.899017081291471953e+01 1.645015653625265584e+00 -6.581113661163382034e+00 1.645015653625265584e+00 -4.964718008153085549e+01 -2.513540555557109091e+00 -6.581113661163382034e+00 -2.513540555557109091e+00 -2.842794435985886636e+01
-8.101440172686899643e+00 -1.692559068033507419e+00 8.617261275623359751e+00 -1.692559068033507419e+00 -1.358212723678895806e+01 3.345025139584731910e+00 8.617261275623359751e+00 3.345025139584731910e+00 -3.040778356788933490e+00
-2.203896074431153096e+01 9.141658291243246026e+00 2.616729810365590048e+00 9.141658291243246026e+00 -2.028863350757631423e+01 -6.634310965110244318e+00 2.616729810365590048e+00 -6.634310965110244318e+00 -1.871950141822403424e+01
-8.337709889891069537e+00 -4.617330884253886047e+00 -5.149520770041452478e-01 -4.617330884253886047e+00 -3.509817047743381124e+01 4.307562920296243547e+00 -5.149520770041452478e-01 4.307562920296243547e+00 -1.554334829011272134e+01
-3.036158024265913369e+01 -4.519324126594514546e+00 1.211716197429787423e+00 -4.519324126594514546e+00 -2.726806488061872713e+01 4.202403580647732895e+00 1.211716197429787423e+00 4.202403580647732895e+00 -1.929078997751588886e+01
-2.277761110500422959e+01 7.792500221814067984e+00 6.641033208395132448e+00 7.792500221814067984e+00 -2.892928103843417276e+01 -1.074318315290353354e+01 6.641033208395132448e+00 -1.074318315290353354e+01 -2.812017756297225901e+01
-3.905052123394259223e-01 -1.083118468481887042e+01 4.909745454785232055e-01 -1.083118468481887042e+01 -4.556525528299649075e+00 -8.005749367557234208e+00 4.909745454785232055e-01 -8.005749367557234208e+00 2.980979130007519906e+00
6.240212078669715723e+00 1.372043596577921187e+00 1.030929211388178501e-01 1.372043596577921187e+00 -8.722881493845299872e+00 -1.552474851052071259e+01 1.030929211388178501e-01 -1.552474851052071259e+01 2.917366905027136781e+01
7.765266445324606970e+00 1.578278365447694398e+01 1.377129022582187723e+01 1.578278365447694398e+01 -1.084343041485865555e+01 -4.529559631361578909e+00 1.377129022582187723e+01 -4.529559631361578909e+00 2.625932586752227849e+01
-1.020535054658487795e+01 1.719805592688481610e+01 1.041851422309479497e-01 1.719805592688481610e+01 -2.379371231381287899e+01 -2.094223501138358756e+00 1.041851422309479497e-01 -2.094223501138358756e+00 -6.450001472397343782e+00
-1.643499406071806135e+01 -3.645872701004302385e+00 6.399796289529230409e-01 -3.645872701004302385e+00 -8.636491336348182557e+00 -3.063360543641457490e+00 6.399796289529230409e-01 -3.063360543641457490e+00 -8.480615700313181904e+00
-1.686126615006584473e+01 -8.918300997981097211e+00 3.167561104321173460e+01 -8.918300997981097211e+00 -4.395535192947492220e+01 6.620625270533193607e+00 3.167561104321173460e+01 6.620625270533193607e+00 -1.153314880775507945e+01
1.027687709632052382e+01 9.294430223759455600e+00 1.778059841759722559e+01 9.294430223759455600e+00 -1.714438192992679078e+01 -3.317131926246523754e+00 1.778059841759722559e+01 -3.317131926246523754e+00 1.355744058014643194e+01
6.998944592927840880e+00 -3.740048558706039472e+00 9.331308045651377725e+00 -3.740048558706039472e+00 -8.743287414101517108e-01 1.570312904866827530e+01 9.331308045651377725e+00 1.570312904866827530e+01 1.534689489344405899e+01
8.792333568581280900e+00 3.820627389093536497e+00 1.733209797033800115e+01 3.820627389093536497e+00 -5.790372937164259826e-01 1.157813055576515460e+01 1.733209797033800115e+01 1.157813055576515460e+01 1.524087339665600460e+01
1.750931540795839325e+01 -3.245292046745161585e+00 3.593620573671530849e+01 -3.245292046745161585e+00 -2.755279520663330217e+01 7.998487799900939166e+00 3.593620573671530849e+01 7.998487799900939166e+00 -2.854547842059846019e+01
1.171091191833997236e+01 -1.350798169668258719e+00 2.485949240006198480e+01 -1.350798169668258719e+00 -7.592003835658960753e+00 -6.499792490202033868e+00 2.485949240006198480e+01 -6.499792490202033868e+00 3.097447304111193134e+01
-3.428204521600864307e+00 7.330372076818375326e+00 8.904861830712457405e+00 7.330372076818375326e+00 -2.535692348757321923e+01 -2.440512549624474836e+00 8.904861830712457405e+00 -2.440512549624474836e+00 -7.486120040563701394e+00
