-4.927698427180887109e+01 -1.473901965076287901e+01 -7.755906286509756775e+00 -1.473901965076287901e+01 -3.597333200093759586e+01 -1.783009582985473074e+01 -7.755906286509756775e+00 -1.783009582985473074e+01 -1.364631987575188354e+01
4.000814031458271813e+01 -4.624149165644520387e+00 1.412990393170641745e+01 -4.624149165644520387e+00 2.437887944381224514e+01 5.447029376454125327e+00 1.412990393170641745e+01 5.447029376454125327e+00 4.912821482712961263e+00
2.749519480667748539e+00 1.311118653475384699e+00 5.136185564237296219e+00 1.311118653475384699e+00 1.316682438513881337e+00 -3.808206100264538208e+00 5.136185564237296219e+00 -3.808206100264538208e+00 -3.983726572690919454e+01
-3.703882258812225103e+01 3.150769282798850046e+00 -1.185119180033258557e+00 3.150769282798850046e+00 -2.993859835946300052e+01 -1.786933277266692599e+01 -1.185119180033258557e+00 -1.786933277266692599e+01 -1.861214434840701770e+01
-3.173046710377601087e+01 7.719581174221102238e+00 5.338600647635035612e-01 7.719581174221102238e+00 -2.289624110924461320e+01 -5.842696254845725967e+00 5.338600647635035612e-01 -5.842696254845725967e+00 -2.493340069948485116e+00
1.384268565227560011e+01 -1.110340813242130853e+00 -2.087809761218537119e+01 -1.110340813242130853e+00 7.375668720518952171e+00 2.072695185579526722e+01 -2.087809761218537119e+01 2.072695185579526722e+01 -4.106392006215036616e+01
5.736712466870644178e+00 -1.319765094608078293e+01 -5.487598963443262257e+00 -1.319765094608078293e+01 2.159893633378959787e+00 -9.538689617201702831e+00 -5.487598963443262257e+00 -9.538689617201702831e+00 -2.971937234016589358e+01
4.488895263997355300e+01 -2.190533089055385130e+00 -2.347829143469792879e+00 -2.190533089055385130e+00 3.850820039603699030e+01 8.066308734865762275e+00 -2.347829143469792879e+00 8.066308734865762275e+00 -2.016809486206281932e+01
4.572143757651955021e+00 -1.710513692114132400e+00 -1.617918900544698246e+01 -1.710513692114132400e+00 -3.223176757411782223e+00 7.178349194907306163e+00 -1.617918900544698246e+01 7.178349194907306163e+00 -4.734236100207758824e+01
6.029621606872142792e+01 1.205701829729044405e+01 4.287789623995593047e+00 1.205701829729044405e+01 4.965394578716081497e+01 1.646170856860666554e+00 4.287789623995593047e+00 1.646170856860666554e+00 -3.665464863977003063e+01
3.984902567427525355e+01 -7.432794405789355352e+00 -3.906783298025950479e+00 -7.432794405789355352e+00 4.101473834345500080e+01 9.864741673371216990e+00 -3.906783298025950479e+00 9.864741673371216990e+00 1.465361161740124807e+01
-1.264985694114745662e+01 8.849768311189513126e-01 -6.569072310710176721e-01 8.849768311189513126e-01 2.023875906491340526e+00 -1.186895263222136165e+01 -6.569072310710176721e-01 -1.186895263222136165e+01 -3.499844919642978880e+01
2.662398403118002221e+01 -1.181355918557701301e+01 9.953546810821114477e+00 -1.181355918557701301e+01 2.437790626582025766e+01 1.063237729577454260e+01 9.953546810821114477e+00 1.063237729577454260e+01 1.252560131817867450e+01
-3.188025673302925256e+01 -1.151498453076663608e+01 1.280255514452809784e+01 -1.151498453076663608e+01 -1.445614123295669806e+01 9.270451851362988549e+00 1.280255514452809784e+01 9.270451851362988549e+00 -1.427753610168851850e+01
-3.615741996435062333e-01 -7.529819374012391542e+00 1.326053174705066162e+01 -7.529819374012391542e+00 9.284581555464502145e+00 -2.196750908714573569e+01 1.326053174705066162e+01 -2.196750908714573569e+01 -3.100410331125925723e+01
4.213871800322224459e+01 3.353904463553158077e+00 8.140378884020641692e+00 3.353904463553158077e+00 4.940867173635781029e+01 7.094465630823808544e-01 8.140378884020641692e+00 7.094465630823808544e-01 -6.573510914763824431e+00
-2.024012422976327841e+01 6.242894980855181464e-01 -2.716690800308113829e+00 6.242894980855181464e-01 -2.255547815322451655e+01 -2.174369720781345094e+01 -2.716690800308113829e+00 -2.174369720781345094e+01 -6.179578947733369887e+01
-2.263214438120098748e+01 -9.519856329739329937e+00 4.105874540081696722e+00 -9.519856329739329937e+00 -3.213740745670151711e+01 1.476518169225411015e+01 4.105874540081696722e+00 1.476518169225411015e+01 -4.097385035376817797e+01
-1.179717073322989052e+01 5.748997108223337982e+00 7.454989227942903085e+00 5.748997108223337982e+00 -7.113091809457178227e-01 5.910752668663838971e-01 7.454989227942903085e+00 5.910752668663838971e-01 1.398675057679307621e+01
-6.464439459875441329e+00 -1.701860028852940410e+00 -1.184278596604243283e+00 -1.701860028852940410e+00 -1.003415170926113120e+01 -6.488026897505445589e+00 -1.184278596604243283e+00 -6.488026897505445589e+00 -3.820453459042710165e+01
-7.030703593902204318e+01 -2.104898922931332805e+01 -7.116703390006660079e-01 -2.104898922931332805e+01 -3.388300083485344771e+01 7.198317584896940957e+00 -7.116703390006660079e-01 7.198317584896940957e+00 -7.751769274994025238e+00
2.984116335719706825e+01 2.008881769154171160e+00 7.963085002656725031e+00 2.008881769154171160e+00 2.005341382403674544e+01 6.679631815454667887e+00 7.963085002656725031e+00 6.679631815454667887e+00 1.547995461348224921e+01
-5.145950095160982585e+01 -1.249981120356815545e+01 -2.802038464694875053e+00 -1.249981120356815545e+01 -2.245827299430059298e+01 1.729104895023789012e+01 -2.802038464694875053e+00 1.729104895023789012e+01 -2.389423819925302339e-01
-9.125867624667336031e+00 6.894940465788775841e-01 4.114072575230973250e+00 6.894940465788775841e-01 -2.982538844333647532e+01 5.989397753550326442e+00 4.114072575230973250e+00 5.989397753550326442e+00 -2.805787604290011839e+00
2.652588154275336407e+01 -2.299464788977180518e+01 4.057134458796395116e+00 -2.299464788977180518e+01 4.509627420274310339e+01 -6.436643786969885817e+00 4.057134458796395116e+00 -6.436643786969885817e+00 -1.705890827502411611e+00
3.938508231482607158e+01 -1.532772186400924164e-01 3.331999187580533928e+00 -1.532772186400924164e-01 3.277139048665590337e+01 -7.982549960219896157e+00 3.331999187580533928e+00 -7.982549960219896157e+00 -1.390764189010950957e+01
-1.507035095642216582e+01 1.489336931753322268e+01 -1.977353728925136389e+00 1.489336931753322268e+01 -1.972929565183790857e+01 -4.522703991389117384e+00 -1.977353728925136389e+00 -4.522703991389117384e+00 -6.024967116420146596e+01
-3.825742189300197538e+01 7.212757603562780950e+00 -8.587785755010898470e+00 7.212757603562780950e+00 -1.764820050224447812e+01 -9.898219379731886036e+00 -8.587785755010898470e+00 -9.898219379731886036e+00 1.478207151749315607e+01
-6.609488162190020333e+00 3.346727443497127474e+00 -4.337268785901894352e-01 3.346727443497127474e+00 -2.860642801382314460e+01 1.076243639749074710e+01 -4.337268785901894352e-01 1.076243639749074710e+01 -2.157649903022183935e+01
-1.087465572676450343e+01 2.655643402242219508e+00 -5.473576283589933311e+00 2.655643402242219508e+00 -2.802957356552453305e+01 3.912236093225501143e+00 -5.473576283589933311e+00 3.912236093225501143e+00 -4.654227279929354211e+01
-4.424494023846970236e+01 -9.932380933796704170e+00 7.004494742658088670e-03 -9.932380933796704170e+00 -3.948913952426103435e+01 4.198160179168700878e+00 7.004494742658088670e-03 4.198160179168700878e+00 1.141137852096745142e+01
4.023888054558540261e+01 8.991833584808560653e-01 -7.707561008143306580e+00 8.991833584808560653e-01 4.550629576143072086e+01 -8.211605556142322015e+00 -7.707561008143306580e+00 -8.211605556142322015e+00 1.738916268282697786e+01
3.008150174461703585e+01 -2.184058736620462682e+01 -1.684132616010823202e+00 -2.184058736620462682e+01 6.637875387380495207e-01 -6.779073699108481010e-01 -1.684132616010823202e+00 -6.779073699108481010e-01 -7.970270146968631231e+00
-6.015178897203344377e+01 1.198884660100849509e+01 2.302928284842045059e+01 1.198884660100849509e+01 -2.118257400777796207e+01 3.960645222783600872e+00 2.302928284842045059e+01 3.960645222783600872e+00 -3.618472788110972971e+01
-4.731814514469454735e+01 -1.240910316645123501e+01 -1.348535834575261028e+01 -1.240910316645123501e+01 -2.088096366193143893e+01 1.146080575966314719e+01 -1.348535834575261028e+01 1.146080575966314719e+01 6.557444611403691503e+00
6.033543684688981301e+01 -3.562045097093376356e+00 9.557842883438626203e+00 -3.562045097093376356e+00 4.554767827120699053e+01 -1.552652740935202891e+00 9.557842883438626203e+00 -1.552652740935202891e+00 1.072874280786015788e+01
2.633517248304787728e+01 -3.968476501283574542e+00 7.988917398757655164e+00 -3.968476501283574542e+00 2.202914675514827181e+01 -1.300464913187294336e+01 7.988917398757655164e+00 -1.300464913187294336e+01 -2.924691930717033728e+01
-4.468461849393385421e+01 -9.343599534929631911e-01 5.945712475581652612e+00 -9.343599534929631911e-01 -2.144251688430151148e+01 -1.555903475753377840e+00 5.945712475581652612e+00 -1.555903475753377840e+00 1.419522170484638357e+00
1.887819099699170877e+01 1.042894891766707133e+01 1.117453740215420765e+01 1.042894891766707133e+01 8.345524758063127990e+00 1.768731074779659806e+01 1.117453740215420765e+01 1.768731074779659806e+01 -1.251927098501835900e+01
5.364303895948530965e+00 6.278327620229617878e+00 -6.021113725845936848e+00 6.278327620229617878e+00 6.759287702220321492e+00 -4.196862946284396934e+00 -6.021113725845936848e+00 -4.196862946284396934e+00 2.665300578640677998e+01
1.600267165010227188e+01 -6.508185828756410274e+00 -5.753859397907858053e+00 -6.508185828756410274e+00 1.240854364591506176e+01 4.025162718627167457e+00 -5.753859397907858053e+00 4.025162718627167457e+00 4.648071962290894477e-01
2.231033077477530213e+01 -2.906805355500742749e+01 1.130403736058315012e+00 -2.906805355500742749e+01 1.968356929594717286e+01 3.786893694002515520e+00 1.130403736058315012e+00 3.786893694002515520e+00 -5.138675844660164360e-01
-1.191399889044794591e+01 4.783719400277903766e-01 2.017638023111137713e+00 4.783719400277903766e-01 -1.009269274432902996e+01 -6.814361820868596986e+00 2.017638023111137713e+00 -6.814361820868596986e+00 -9.151557018328003723e-01
3.471615300081901268e+01 -2.939779804112669037e+00 -1.094558765980715720e-01 -2.939779804112669037e+00 1.952195448857487747e+01 3.299842489583447946e+00 -1.094558765980715720e-01 3.299842489583447946e+00 2.149244123972562193e+01
4.954516798963874535e+00 -2.046748338875094930e+01 -5.749325541220718705e+00 -2.046748338875094930e+01 1.119665242770585856e+01 6.880070414383538946e+00 -5.749325541220718705e+00 6.880070414383538946e+00 -5.322600146258475462e+01
-2.213286624095428934e+01 -9.340339800452314378e+00 3.324894294244294723e+00 -9.340339800452314378e+00 -2.666245344479622403e+01 7.736784525087256448e+00 3.324894294244294723e+00 7.736784525087256448e+00 -3.839682068325257713e+00
-8.901243133350138947e+00 6.603690473963515828e+00 1.204618155265821855e+01 6.603690473963515828e+00 5.671690806137558383e+00 6.044287996493880044e+00 1.204618155265821855e+01 6.044287996493880044e+00 -2.935800047231482068e+01
-1.123919903769351336e+01 -1.204121799089317513e+01 -1.859588454060122231e+01 -1.204121799089317513e+01 -6.015879654150378286e+00 1.462623083386256073e-01 -1.859588454060122231e+01 1.462623083386256073e-01 -1.374733949889741780e+01
1.137457867349148088e+01 -6.295798984945608190e+00 -2.198787813803249946e+00 -6.295798984945608190e+00 4.122817246022034965e+01 9.013633738565880904e+00 -2.198787813803249946e+00 9.013633738565880904e+00 -4.623121570009141834e+01
-1.679376985874493400e+01 -1.063049481700367060e+01 -6.774319415111373033e+00 -1.063049481700367060e+01 -2.280922525598244377e+01 -7.417026567302669626e+00 -6.774319415111373033e+00 -7.417026567302669626e+00 -4.361077829268105432e+01
4.150660316420560747e+01 -2.254393976324045035e+00 7.380283745067310441e+00 -2.254393976324045035e+00 2.644288731356835598e+01 -4.877149796209494070e+00 7.380283745067310441e+00 -4.877149796209494070e+00 -1.390817637400162177e+01
-1.705086456083398927e+00 -6.726279500395762057e+00 1.148752153602011994e+01 -6.726279500395762057e+00 -9.813579381484119679e+00 1.112571812800743309e+01 1.148752153602011994e+01 1.112571812800743309e+01 -1.487040759897925568e+01
-8.659315533920418417e+00 3.517093018930834258e+00 8.309172351474861884e+00 3.517093018930834258e+00 7.302518847502735611e+00 1.218126692617206075e+00 8.309172351474861884e+00 1.218126692617206075e+00 -1.173594017342047380e+01
-5.807260563466900116e+00 8.203466983075941243e+00 -4.728037100479287602e+00 8.203466983075941243e+00 -6.316187604236216835e+00 9.068467275270753802e+00 -4.728037100479287602e+00 9.068467275270753802e+00 -5.302723980421799155e+01
6.792840053527505972e+01 1.477235563040620292e+01 -2.010286300809020599e+00 1.477235563040620292e+01 4.967084372587612506e+01 1.641599320199368250e+01 -2.010286300809020599e+00 1.641599320199368250e+01 8.658804938728268397e+00
4.671697703378956845e+00 2.658106927591731949e+00 -4.886442647609755552e-01 2.658106927591731949e+00 1.242519704910173317e+01 7.762227271176054266e+00 -4.886442647609755552e-01 7.762227271176054266e+00 -3.224758872248062147e+01
-2.343381195848000420e+00 1.386190527431194752e+01 -5.460793377876786536e+00 1.386190527431194752e+01 -2.411622268283903736e+01 -8.104518610073544238e+00 -5.460793377876786536e+00 -8.104518610073544238e+00 -5.183891893098131476e+01
-5.920650944728961917e+01 2.104209717708269700e+00 -1.139379002894490434e+01 2.104209717708269700e+00 -2.625756931147991580e+01 1.339872196118368386e+01 -1.139379002894490434e+01 1.339872196118368386e+01 -2.357508565175550075e+01
1.753513817008259257e-01 6.739614563002575665e+00 -6.562567843596053052e+00 6.739614563002575665e+00 1.098177861302910063e+00 -1.137779121112947500e+01 -6.562567843596053052e+00 -1.137779121112947500e+01 1.545180027145902280e+01
-1.204013906974151205e+01 -6.312442482471491978e+00 3.781816035524691699e+00 -6.312442482471491978e+00 -1.326916219762793148e+01 9.809080833831744783e+00 3.781816035524691699e+00 9.809080833831744783e+00 -2.906745047649364011e+01
-1.289401828124281302e+01 7.106455261440781435e+00 3.034019348404234595e+00 7.106455261440781435e+00 -8.047310368621692689e+00 -1.114581815030325274e+01 3.034019348404234595e+00 -1.114581815030325274e+01 2.155938123955644414e+01
-5.695988897519786320e+00 -8.697060334238942758e+00 1.533547458778207861e+01 -8.697060334238942758e+00 8.795221132417887944e+00 6.804463867600640370e+00 1.533547458778207861e+01 6.804463867600640370e+00 -3.760894410352180728e+01
-3.453746167752473895e+01 5.116901392750237143e+00 -7.216521128937650964e+00 5.116901392750237143e+00 -1.577887163343040555e+01 5.256082951528777691e+00 -7.216521128937650964e+00 5.256082951528777691e+00 6.199505834223602463e+00
-9.224887302639915632e+00 1.425083860678840075e+01 -5.730536996156757823e+00 1.425083860678840075e+01 6.657676314945540241e+00 -3.804712499005671322e+00 -5.730536996156757823e+00 -3.804712499005671322e+00 1.592891161248221721e+00
-1.662563652447014206e+01 6.805254591777358364e+00 2.440505042604042174e+01 6.805254591777358364e+00 -1.670986326223076190e+01 -9.545722262325337937e+00 2.440505042604042174e+01 -9.545722262325337937e+00 -4.865484720254949025e+01
-1.398204899707658910e+01 -7.675424695895760152e+00 1.925343783645370621e+01 -7.675424695895760152e+00 -7.193688736006381035e+00 7.338578328657357375e+00 1.925343783645370621e+01 7.338578328657357375e+00 -1.951177232063777112e+01
-4.480479782848516379e+01 4.067266785086302683e+00 1.176416363488628569e+01 4.067266785086302683e+00 -2.477183293874212211e+01 -5.332770743014708437e+00 1.176416363488628569e+01 -5.332770743014708437e+00 -1.404169840179369366e+01
9.997729648135480929e+00 -6.158014279895811960e+00 5.148291515835355270e+00 -6.158014279895811960e+00 -1.727826989941853242e+01 -7.335292180819031671e+00 5.148291515835355270e+00 -7.335292180819031671e+00 -1.592419293602098662e+01
3.765182977425988753e+01 3.900438890701533712e+00 1.330961498088516137e+01 3.900438890701533712e+00 3.697514775009515375e+01 4.923458588194691288e+00 1.330961498088516137e+01 4.923458588194691288e+00 2.099039235938126069e+01
-5.646239679431572966e+01 -9.663799914040026806e+00 -2.006264820828297601e+00 -9.663799914040026806e+00 -4.089510642914065386e+01 -9.990737033377735443e+00 -2.006264820828297601e+00 -9.990737033377735443e+00 -5.089170563129114200e+00
-2.347785627631548522e+01 2.782103808330154582e+00 -3.557699758090485442e+00 2.782103808330154582e+00 -4.023026966144096406e+01 3.016778326379564446e-01 -3.557699758090485442e+00 3.016778326379564446e-01 -6.881362595985902431e+01
2.604006507307396134e+01 3.977679950505223161e+00 -7.555280053647426719e+00 3.977679950505223161e+00 2.075980407882795831e+01 1.499818512508904522e+00 -7.555280053647426719e+00 1.499818512508904522e+00 4.926099889611907479e+00
1.383796929905653528e+01 -1.529258494268529134e+01 2.327087645055225451e+01 -1.529258494268529134e+01 -1.044289650231623678e+00 -1.029355450004018735e+01 2.327087645055225451e+01 -1.029355450004018735e+01 -5.564905262279488340e+01
-4.947710981004504305e+01 1.320980155421202973e+01 -6.215567784605248391e+00 1.320980155421202973e+01 -1.059466499888070778e+01 5.972240620646833698e+00 -6.215567784605248391e+00 5.972240620646833698e+00 2.781049437191616747e+01
-6.571905108735921885e+01 4.802640401258166492e+00 -3.018758275614353170e+00 4.802640401258166492e+00 -2.907853288890883547e+01 9.232300538112082622e-01 -3.018758275614353170e+00 9.232300538112082622e-01 4.285392639719239227e+00
3.191772602941930614e+01 -1.237040419525169688e-01 -2.549432580979758445e+00 -1.237040419525169688e-01 4.358847463618485740e+00 -4.011630529113051402e+00 -2.549432580979758445e+00 -4.011630529113051402e+00 1.339776722303838241e+01
2.739431437463339236e+01 5.125228773998592224e+00 1.806920156283631940e+01 5.125228773998592224e+00 7.248720614638569870e+00 5.066147519336918315e+00 1.806920156283631940e+01 5.066147519336918315e+00 -2.522689696645617818e+00
1.057204906980810932e+01 1.188226250239631243e+00 -3.002268998978936398e+00 1.188226250239631243e+00 1.356512784751558343e+01 -1.347978594998529900e+00 -3.002268998978936398e+00 -1.347978594998529900e+00 -1.354734708136065535e+01
-5.162451584484614386e+01 -7.889167643527537077e-01 1.008533088253851950e+01 -7.889167643527537077e-01 -2.878206327087671568e+01 1.493298442133557202e+01 1.008533088253851950e+01 1.493298442133557202e+01 1.437747606355399022e+01
5.920783363230520990e+01 -1.785548939004747737e+01 4.058811486914490452e+00 -1.785548939004747737e+01 7.300800066744800176e+01 2.842034850694344250e+00 4.058811486914490452e+00 2.842034850694344250e+00 1.515162416694150416e+01
3.418148906058365100e+01 4.878431243271808881e+00 -4.479462311426842369e+00 4.878431243271808881e+00 3.332283162803027921e+01 2.649800008743897539e+00 -4.479462311426842369e+00 2.649800008743897539e+00 -4.118194288358861144e+01
2.159330812373500219e+00 -1.279223847270047720e+01 2.062423998013525406e+01 -1.279223847270047720e+01 -1.852375463964940039e+01 5.281455959858609717e+00 2.062423998013525406e+01 5.281455959858609717e+00 1.927135734361771435e+00
-1.591706245023634914e+01 4.004620870169181224e+00 3.748317989356835245e+00 4.004620870169181224e+00 3.056290287383614857e+00 -1.524043078391566475e+01 3.748317989356835245e+00 -1.524043078391566475e+01 -2.853922441413158495e+01
3.346540002630325716e+01 -1.175589780191009837e+01 -5.625827436656162917e+00 -1.175589780191009837e+01 5.427661129979987065e-01 -7.463758972037560113e+00 -5.625827436656162917e+00 -7.463758972037560113e+00 -2.072434555661011046e+01
-2.161126102095470358e+01 -7.144540356633475753e+00 -1.591245223151432953e+01 -7.144540356633475753e+00 -2.467513415802021726e+01 1.421565342670704801e+01 -1.591245223151432953e+01 1.421565342670704801e+01 -3.143872774942651915e+01
-5.818271711468952390e+00 3.492423886848178505e+00 8.224277490499719789e+00 3.492423886848178505e+00 3.627724571411028442e+00 -1.739448001563818025e+01 8.224277490499719789e+00 -1.739448001563818025e+01 2.474685131847137498e+01
1.970646826642828842e+01 -1.785097704439836619e+00 -3.555119289292126172e+00 -1.785097704439836619e+00 2.010977304868915994e+01 -1.320359931067180970e-01 -3.555119289292126172e+00 -1.320359931067180970e-01 1.924504845572595357e+01
-2.219450894915632233e+01 7.443990664528746137e+00 4.383137855337789768e-01 7.443990664528746137e+00 -1.474403148413856357e+01 4.830494075388693354e+00 4.383137855337789768e-01 4.830494075388693354e+00 -5.376422603218138363e+01
3.715575086346863998e+01 -5.897651320188134427e+00 6.333694066357418606e+00 -5.897651320188134427e+00 4.547257723329046541e+01 9.127977078216026996e+00 6.333694066357418606e+00 9.127977078216026996e+00 -1.783177138960570929e+01
-2.549175031128261537e+01 -3.759971828463833377e-01 7.270953764027584532e-01 -3.759971828463833377e-01 1.483325249142531499e+00 -2.430420825768085269e+00 7.270953764027584532e-01 -2.430420825768085269e+00 -2.600746130521631172e-01
3.528408534117846074e+01 3.626548408733189177e+00 5.984787873780105905e+00 3.626548408733189177e+00 2.570863815968888844e+01 -2.485519479704981993e+00 5.984787873780105905e+00 -2.485519479704981993e+00 2.011134316721019744e+01
-1.302792126296302033e+00 -7.169407779686696180e+00 -6.153895658929707801e-01 -7.169407779686696180e+00 2.841573413566273487e+01 8.510522320744559721e+00 -6.153895658929707801e-01 8.510522320744559721e+00 3.532260752377738555e+01
2.332692892739682122e+01 2.106249830744554430e+01 -1.006224566685809130e+01 2.106249830744554430e+01 8.195352078748351587e+00 -1.013388942280170291e+01 -1.006224566685809130e+01 -1.013388942280170291e+01 -3.023801951881108252e+01
-6.881711576070941305e+00 -1.449135682391416546e+00 -3.141112538649334152e+00 -1.449135682391416546e+00 3.694524392792879475e-01 1.278867419329220212e+01 -3.141112538649334152e+00 1.278867419329220212e+01 -5.645138601290251046e+01
1.799743686771330786e+01 2.048352798521330786e+00 -1.712577143627048670e+01 2.048352798521330786e+00 1.969668454299861793e+01 -6.420001759859304435e+00 -1.712577143627048670e+01 -6.420001759859304435e+00 -5.988575272656695603e+01
-1.051680462440205410e+01 -1.112048130629290554e+01 1.095905751467078737e+01 -1.112048130629290554e+01 7.747747328248860699e-01 -1.212289846775422397e+01 1.095905751467078737e+01 -1.212289846775422397e+01 2.768462626540316052e+00
3.058587195252010815e+01 1.333910495028545196e+00 4.283954255602238526e+00 1.333910495028545196e+00 -1.319012490042166696e+00 -1.652021611699804104e+00 4.283954255602238526e+00 -1.652021611699804104e+00 -6.485012573260459590e+01
4.340669046636642214e+00 2.214836724733025175e+00 -2.786623459810241954e+00 2.214836724733025175e+00 -1.725994272652461703e+01 -2.346831906233135978e+00 -2.786623459810241954e+00 -2.346831906233135978e+00 1.097436479270559850e+01
-5.277721002016014040e+01 1.147345902458166478e+00 6.248219094097178683e+00 1.147345902458166478e+00 -2.848111860167236742e+01 5.942216313334924394e+00 6.248219094097178683e+00 5.942216313334924394e+00 6.179501715920190374e-01
-9.621617796858997096e+00 6.385910545221158863e+00 -1.211291850704811957e+01 6.385910545221158863e+00 -7.476715141366019779e+00 -1.958427518825527613e+01 -1.211291850704811957e+01 -1.958427518825527613e+01 1.852520916382060534e+01
