4.099840929846768489e+01 -3.669039365900834238e+00 -1.964583447421663820e+01 -3.669039365900834238e+00 1.861481513318068082e+01 -8.478266211098345551e+00 -1.964583447421663820e+01 -8.478266211098345551e+00 3.808496989827997226e+01
-2.026027160880050193e+00 -2.469649445860268600e+01 -8.356982915426707237e+00 -2.469649445860268600e+01 -2.121415644675274237e+01 -4.030034411783012804e-01 -8.356982915426707237e+00 -4.030034411783012804e-01 8.100822305870760687e-01
5.734337573915384212e+01 -1.368324508651186378e+01 1.269762717799773100e+01 -1.368324508651186378e+01 -6.199345014639014995e-01 3.215105732505853631e+00 1.269762717799773100e+01 3.215105732505853631e+00 6.088624588511309810e+01
-8.048344334253885179e+00 6.480020158126318819e+00 -1.260142320860964915e+01 6.480020158126318819e+00 -4.733651299096348630e+00 -2.437538690415674481e+01 -1.260142320860964915e+01 -2.437538690415674481e+01 -5.885334877170766532e+00
3.023771886663737973e+01 -9.931502097558777109e+00 3.853969206806026726e+00 -9.931502097558777109e+00 -2.685256821760058799e+01 -7.886134003857569574e+00 3.853969206806026726e+00 -7.886134003857569574e+00 2.199491796904512242e+01
2.157966505668354174e+01 -8.472563396063620189e+00 1.152445072490067624e+01 -8.472563396063620189e+00 -4.318700466194137277e+01 -2.081485898927911915e+00 1.152445072490067624e+01 -2.081485898927911915e+00 3.818214691309830044e+01
2.177211961261472339e+01 -1.064548297178375691e+01 2.691218338638448504e+00 -1.064548297178375691e+01 -1.711817279991425877e+01 -1.075928875835053056e+01 2.691218338638448504e+00 -1.075928875835053056e+01 2.314538038871021541e+01
-6.737827019515617799e+00 -1.598872099778526179e+00 -8.124418547136078583e-01 -1.598872099778526179e+00 -3.885145256515534129e+01 -1.225982176135897994e+01 -8.124418547136078583e-01 -1.225982176135897994e+01 1.775125431340585092e+00
4.040921514319339991e+00 -8.557719340461716229e+00 -1.078848894800916547e+01 -8.557719340461716229e+00 3.621403122782123063e+00 4.850291605414969176e+00 -1.078848894800916547e+01 4.850291605414969176e+00 -1.187278895088662445e+01
-2.704761091591024069e+01 9.414459882072688801e-01 -9.131332184727872558e+00 9.414459882072688801e-01 -1.209608605417290939e+01 -6.134861323564944069e-01 -9.131332184727872558e+00 -6.134861323564944069e-01 -1.662453749402048686e+01
1.741636506610120705e+01 2.497740278195799579e+00 1.344197049257762400e+00 2.497740278195799579e+00 -2.001217941760073060e+01 -8.818603132453251447e+00 1.344197049257762400e+00 -8.818603132453251447e+00 5.744206432143894148e+01
2.384778380190296865e+00 -1.815815415863058835e+00 -1.228342386371929162e+00 -1.815815415863058835e+00 -2.114561912627513607e+01 5.483757451637223390e+00 -1.228342386371929162e+00 5.483757451637223390e+00 1.039233465547392932e+01
1.636891471349129290e+01 -2.049886720470936563e+00 5.501373730216582381e+00 -2.049886720470936563e+00 -3.916492747475027869e+01 1.460538241695684114e+01 5.501373730216582381e+00 1.460538241695684114e+01 -1.787220685040720625e+00
-4.443045403969383500e+01 3.321378572322007727e+00 5.501411471277384280e+00 3.321378572322007727e+00 -4.435145061987827830e+01 6.950212182931646332e+00 5.501411471277384280e+00 6.950212182931646332e+00 -7.321151977487976126e+01
1.503994308759399523e+01 -1.108281962422086320e+00 -1.221828072272546351e+01 -1.108281962422086320e+00 3.650768343187463927e+01 3.663750280996060926e+00 -1.221828072272546351e+01 3.663750280996060926e+00 3.240829375040192417e+01
9.802767257243056420e+00 -4.125051265425232039e+00 5.468512847858897352e+00 -4.125051265425232039e+00 1.429192539181979527e+01 -9.956276341766841398e+00 5.468512847858897352e+00 -9.956276341766841398e+00 5.639729642692526745e+00
3.771677142221150802e+01 -2.196599540349620483e+01 -1.894348810923595394e+01 -2.196599540349620483e+01 1.269650285019893232e+01 -4.631490061248165091e+00 -1.894348810923595394e+01 -4.631490061248165091e+00 3.450656961578440018e+01
3.542192480100965923e+01 -1.055158435236169545e+01 1.253530873089178499e+01 -1.055158435236169545e+01 1.689128665818830655e+01 -3.396571682889375943e+00 1.253530873089178499e+01 -3.396571682889375943e+00 4.150541322711941916e+01
-5.472939761267327619e+00 3.881229762575171716e+00 -1.603687839580639318e+00 3.881229762575171716e+00 -1.103646732997363422e+01 -4.551321023072059546e+00 -1.603687839580639318e+00 -4.551321023072059546e+00 -1.349259254137085762e+01
-1.851680639888644109e+01 8.424301260046329176e+00 7.677768503943929623e+00 8.424301260046329176e+00 -4.509441080519943412e+00 -7.047773487774572132e+00 7.677768503943929623e+00 -7.047773487774572132e+00 -1.560192650346549748e+01
-6.985973907408811634e+00 -3.993681097755073850e+00 -9.909333605591372773e-01 -3.993681097755073850e+00 -3.517088236878102947e+01 -8.794734214131979755e+00 -9.909333605591372773e-01 -8.794734214131979755e+00 7.947646485282417572e+00
1.431372424165641632e+01 2.077994675781610900e-01 -1.228803263906167054e+01 2.077994675781610900e-01 -3.760172109421353781e+01 -1.169657978321089864e+01 -1.228803263906167054e+01 -1.169657978321089864e+01 3.634303657797659071e+01
-3.109020485371453546e+01 4.750681834217449051e+00 -9.501508587219536395e+00 4.750681834217449051e+00 -3.421213684006690414e+01 -1.222852925812546943e+01 -9.501508587219536395e+00 -1.222852925812546943e+01 -3.702697066715977314e+01
-9.315919795172689533e+00 -4.964949263960225068e+00 7.578336461870977203e+00 -4.964949263960225068e+00 -2.438450698817721474e+01 9.946114690799864988e+00 7.578336461870977203e+00 9.946114690799864988e+00 7.116878495927076109e+00
-2.768366379159698809e+01 -7.342156219784834903e+00 3.178737268335273924e+00 -7.342156219784834903e+00 -2.397631902985573493e+00 -4.163821507625481422e-01 3.178737268335273924e+00 -4.163821507625481422e-01 -4.692381426210670270e+01
5.571427602292958525e+00 1.165368692136186546e+01 2.131029881329710385e+00 1.165368692136186546e+01 -3.219616528315207660e+01 4.609141142341425024e+00 2.131029881329710385e+00 4.609141142341425024e+00 1.485968683447936378e+01
-1.358306481021240231e+01 5.579498019112451246e+00 -6.985240860986120737e+00 5.579498019112451246e+00 -2.092890558061859707e+01 1.716616142860476202e-01 -6.985240860986120737e+00 1.716616142860476202e-01 5.381718170428489323e+00
-5.070604961363545016e+01 1.128107195472358804e+01 -4.117570053028297927e+00 1.128107195472358804e+01 -5.145476716777374548e+01 -1.472536505156359787e+01 -4.117570053028297927e+00 -1.472536505156359787e+01 -3.699013776519775831e+01
-1.442300383202365488e+01 6.966502417083254350e+00 -1.762455868172603601e+01 6.966502417083254350e+00 -1.258566623778407489e+01 2.830333762158372846e+00 -1.762455868172603601e+01 2.830333762158372846e+00 -1.804445362062840630e+01
2.629141732171315482e+01 -1.449171757515459236e+00 -3.819177658132802300e+00 -1.449171757515459236e+00 1.792277784550091724e+01 -1.230410390522668346e-01 -3.819177658132802300e+00 -1.230410390522668346e-01 3.532248114269523853e+01
-1.855956738344653445e+01 2.466957669574967582e+01 9.460109946714860385e+00 2.466957669574967582e+01 -5.825212778429331451e+01 1.554819107203691253e+01 9.460109946714860385e+00 1.554819107203691253e+01 -2.699714944846026654e+01
4.621815428914771218e+01 8.745493922134292220e+00 -4.432952013222349663e+00 8.745493922134292220e+00 -1.324369824269368223e+01 -5.539554009675893731e+00 -4.432952013222349663e+00 -5.539554009675893731e+00 6.302843797180304364e+01
-2.009680002362126316e+01 -2.821236366315584387e+00 -1.348114914121004126e+01 -2.821236366315584387e+00 -1.052944254386422429e+01 -1.150232741973355921e+01 -1.348114914121004126e+01 -1.150232741973355921e+01 -3.027863966480814284e+01
1.752031086867671661e+01 -1.789109355038166704e+00 -1.153037445891447987e+01 -1.789109355038166704e+00 -3.060336716959531245e+01 -8.549689510574388862e+00 -1.153037445891447987e+01 -8.549689510574388862e+00 2.913588000946330325e+01
2.658461871158356260e+01 -2.599522577091133613e+01 2.627434281404604999e+00 -2.599522577091133613e+01 -1.226239151958831819e+00 -2.008323464180875462e+01 2.627434281404604999e+00 -2.008323464180875462e+01 1.179707667176038477e+01
-6.691005615864740719e+01 -4.369048697449285257e+00 4.251347889475142416e+00 -4.369048697449285257e+00 1.871594329773021093e+00 -6.121596520893842097e+00 4.251347889475142416e+00 -6.121596520893842097e+00 -3.218597202608381735e+01
7.100458508103275612e+00 4.156258493535950116e+00 -1.254823261425966763e+01 4.156258493535950116e+00 -5.415558899186450503e+01 -2.401802421534467324e+00 -1.254823261425966763e+01 -2.401802421534467324e+00 8.368880298966370646e+00
-3.652403033157109746e+01 -1.761749822500157592e+01 5.771775039628928461e+00 -1.761749822500157592e+01 -4.256669735835070867e+01 -8.457511987243545803e+00 5.771775039628928461e+00 -8.457511987243545803e+00 -6.747349875950067855e+00
-3.616614188189540613e+01 1.051551722878250050e+00 -2.029811793704021028e+01 1.051551722878250050e+00 -2.901784281195364912e+01 1.785906588079167190e-01 -2.029811793704021028e+01 1.785906588079167190e-01 -6.182977251940780405e+01
2.239659526932868161e+01 -4.761196505734677231e+00 1.128241438754710124e+01 -4.761196505734677231e+00 -9.378019162037157130e+00 8.204956448663736523e+00 1.128241438754710124e+01 8.204956448663736523e+00 1.862967385997000846e+01
-5.279464944461606635e+00 3.471482396811726545e+00 -1.402731836165094315e+01 3.471482396811726545e+00 4.384510062702681843e+00 1.012728836062539983e+01 -1.402731836165094315e+01 1.012728836062539983e+01 3.129216155961024537e+00
-4.272983485756753907e+00 -2.146827986714027858e+00 -1.182661993374798293e+01 -2.146827986714027858e+00 -4.352329035398705770e+01 1.548876828485546930e+01 -1.182661993374798293e+01 1.548876828485546930e+01 -1.625472374998918212e+01
7.258652772081265248e+00 7.699731874452242053e+00 9.700808976503612513e+00 7.699731874452242053e+00 -9.289262122366704233e+00 4.440273709311925998e+00 9.700808976503612513e+00 4.440273709311925998e+00 8.199309043212535286e+00
5.507173822151263209e+01 1.211737525095136547e+01 -1.083054907360246411e+01 1.211737525095136547e+01 4.318818359453663547e+00 -8.742849053153639360e+00 -1.083054907360246411e+01 -8.742849053153639360e+00 5.507919186172433257e+01
2.584232672384272789e+01 2.194267889154140505e+00 -1.748974237332377513e+01 2.194267889154140505e+00 2.219769263512401736e+01 -6.377610012106583071e+00 -1.748974237332377513e+01 -6.377610012106583071e+00 2.942721654078246374e+01
-1.581833820246928113e+01 2.795702994562216048e+00 -1.546656629884516931e+01 2.795702994562216048e+00 -1.250907737668397779e+01 -9.206367791451265603e+00 -1.546656629884516931e+01 -9.206367791451265603e+00 4.415713001791688797e+00
-6.785943690525957361e-01 -1.287448913019055219e+01 -1.089809599154570741e+01 -1.287448913019055219e+01 -2.688936713943106582e+01 -9.498467987926872524e+00 -1.089809599154570741e+01 -9.498467987926872524e+00 5.802802916566665914e+00
-4.207196201385774259e+01 -8.351273915298060402e+00 -7.047415094571793048e+00 -8.351273915298060402e+00 -7.337490480445562469e+01 2.773524200490726788e+00 -7.047415094571793048e+00 2.773524200490726788e+00 -5.872980166445674399e+01
3.816262433851638036e+01 -1.865069637578955764e+01 -1.396005287092239655e+01 -1.865069637578955764e+01 -1.441163629468953600e+00 6.712076785166549264e+00 -1.396005287092239655e+01 6.712076785166549264e+00 5.395566041064211760e+01
1.063927698083735152e+01 -6.309960953898858804e+00 -1.430706472600867363e+00 -6.309960953898858804e+00 -3.019667543441506652e+01 4.938120641310194792e+00 -1.430706472600867363e+00 4.938120641310194792e+00 1.712055169035581770e+01
