-5.102698413408971589e+01 8.177514652413504503e-01 8.854961043963255563e+00 8.177514652413504503e-01 -8.149384525497188392e+00 -1.397168849426951576e-01 8.854961043963255563e+00 -1.397168849426951576e-01 4.334488616015900675e+01
-2.524613476623816766e+01 1.093252227627785977e+01 -7.969048590122867815e+00 1.093252227627785977e+01 -1.908555566677806681e+01 2.175201982822365565e+01 -7.969048590122867815e+00 2.175201982822365565e+01 -7.887352125983591122e+01
-3.696779548680820682e+01 1.235162075028050133e+01 6.783042733838494875e+00 1.235162075028050133e+01 -4.731411138436058650e+01 4.931515696410316174e+00 6.783042733838494875e+00 4.931515696410316174e+00 -7.243066791930056070e+01
1.489685944245024807e+01 1.156212701201558524e+01 -2.278250559873134762e+01 1.156212701201558524e+01 1.500792034578699585e+01 1.208152279075192759e+01 -2.278250559873134762e+01 1.208152279075192759e+01 -1.526055527693394609e+01
5.393289413308183455e+00 -2.802050908468777912e+00 3.832624280731465882e-01 -2.802050908468777912e+00 1.162828180414332913e+01 -5.476793356245335254e+00 3.832624280731465882e-01 -5.476793356245335254e+00 -1.117237802844500472e+01
-4.009891632702290565e+01 -9.159684864255741132e+00 1.146396067305919253e+00 -9.159684864255741132e+00 7.884557322253016309e+00 3.375929059848828295e+00 1.146396067305919253e+00 3.375929059848828295e+00 4.845604846117524289e+01
6.703528254611794068e+01 -5.903782349671940821e+00 2.423815448642255177e+00 -5.903782349671940821e+00 6.471046242502688983e+01 2.136880638597555393e+00 2.423815448642255177e+00 2.136880638597555393e+00 4.545597857196722913e+01
5.858998740136693328e+01 5.476896348128075243e-01 3.661508002549255014e+00 5.476896348128075243e-01 2.500573835650871501e+01 -6.526535493576063551e+00 3.661508002549255014e+00 -6.526535493576063551e+00 -1.230834697126646304e+01
-1.848421781941630471e+01 -6.951315876027343021e-01 2.647357035937439651e+00 -6.951315876027343021e-01 5.096586659282849929e+00 1.347911468387213851e+01 2.647357035937439651e+00 1.347911468387213851e+01 1.989276240693335751e+01
-3.154899635872070007e+01 3.060166255832686422e-01 -1.291091221476264295e+01 3.060166255832686422e-01 -4.644365532487756099e+01 6.534765165180431268e+00 -1.291091221476264295e+01 6.534765165180431268e+00 -5.530791934275404742e+01
4.198187094340489978e+01 -8.692332279316239863e+00 8.467407065400644584e+00 -8.692332279316239863e+00 2.687344021106621028e+01 -5.767143852291897188e-01 8.467407065400644584e+00 -5.767143852291897188e-01 6.601280875804278025e+01
1.360781409109771012e+01 4.385205401473881714e+00 7.893914201864621560e+00 4.385205401473881714e+00 8.336709406640556708e+00 -3.815204624681577172e+00 7.893914201864621560e+00 -3.815204624681577172e+00 -3.664442784503794570e+01
-1.233047298383124790e+01 -1.181731069089212838e+01 6.072786031957782882e+00 -1.181731069089212838e+01 -1.275192887780543849e+01 -4.889369364979421206e+00 6.072786031957782882e+00 -4.889369364979421206e+00 -2.819530621109024437e+01
-1.120346916715895347e+01 4.305958543040302011e+00 -1.058659414329866211e+00 4.305958543040302011e+00 -3.727622490116554665e+00 -3.865655897837774635e+00 -1.058659414329866211e+00 -3.865655897837774635e+00 1.460682054167751787e+01
-2.243068985161762452e+00 8.346251332915841203e+00 5.004075635924160714e+00 8.346251332915841203e+00 6.137267310408646814e+00 2.295737559846855902e+00 5.004075635924160714e+00 2.295737559846855902e+00 -4.299602973218477331e+01
-1.157271696961695007e+01 -8.123778609822498442e-01 3.282035257900000502e+00 -8.123778609822498442e-01 1.192402849456865477e+00 -2.788110744422205300e+00 3.282035257900000502e+00 -2.788110744422205300e+00 2.902550823711987960e+01
1.212725118003257840e+01 -9.301364351852031476e+00 2.146380525487683855e+01 -9.301364351852031476e+00 -6.046634752440680632e-02 3.856927235827005251e+00 2.146380525487683855e+01 3.856927235827005251e+00 -1.359595310814920843e+01
1.389520098261839109e+01 8.178376954217705830e+00 2.186629596612607429e+01 8.178376954217705830e+00 7.443636397325936294e+00 -1.335438965508963527e+01 2.186629596612607429e+01 -1.335438965508963527e+01 -1.808304575901903632e+01
1.496756284208049692e+01 -6.971985895190815796e+00 1.024810799392744265e+01 -6.971985895190815796e+00 1.844890660643692115e+01 -1.697040269743007035e-01 1.024810799392744265e+01 -1.697040269743007035e-01 1.035908028556638705e+01
1.595168309047689270e+01 5.634394833588349805e-01 -1.181936718225606198e+00 5.634394833588349805e-01 3.901634730613510271e+01 -2.978981080782453272e+00 -1.181936718225606198e+00 -2.978981080782453272e+00 -2.125750792997335381e+01
-1.112772484653192340e+00 -1.169479341965899977e+01 1.138142129516242912e-01 -1.169479341965899977e+01 2.150309007047491860e+01 4.895643080704574324e+00 1.138142129516242912e-01 4.895643080704574324e+00 -3.863085707429885929e+01
-3.638359650939517564e+01 -1.081948351219106152e+00 -4.736495850284990206e-01 -1.081948351219106152e+00 -6.739324815105258715e+00 1.753362414630109711e+01 -4.736495850284990206e-01 1.753362414630109711e+01 1.277238235482938400e+01
-2.607760781015344520e+01 -4.356801607281302502e+00 1.050463913187671849e+01 -4.356801607281302502e+00 -8.119742109949338982e+00 -2.974662736276596497e+00 1.050463913187671849e+01 -2.974662736276596497e+00 -2.262727471855955486e+01
4.995097114074421585e-01 1.115579094474895960e+01 4.410596647299811934e+00 1.115579094474895960e+01 -3.224373959374396303e+00 1.454510817377302256e+00 4.410596647299811934e+00 1.454510817377302256e+00 -1.907847880118877626e+01
-9.711364931157622227e-01 6.575847494160321993e+00 -1.367660597557404323e+01 6.575847494160321993e+00 -1.837161018172575666e+01 8.619638173374909229e+00 -1.367660597557404323e+01 8.619638173374909229e+00 -6.110086691702299078e+01
-1.980416924398932821e+01 8.107922686110590860e+00 8.674233078416264675e+00 8.107922686110590860e+00 1.157159344685836722e+01 7.720007639700313895e+00 8.674233078416264675e+00 7.720007639700313895e+00 -3.078586487836313612e+00
2.428724567735493611e+00 -3.653395824306781225e+00 1.009273007274973288e+01 -3.653395824306781225e+00 2.947915808220131950e+01 -1.236188967168259367e+01 1.009273007274973288e+01 -1.236188967168259367e+01 -7.676324221344417609e+00
9.490369812274221939e-01 -1.179124873494713199e+01 -7.922357474969381030e+00 -1.179124873494713199e+01 -1.315148413813124151e+01 -7.834879443656559417e+00 -7.922357474969381030e+00 -7.834879443656559417e+00 -1.468748763629917065e+01
3.630872263285071000e+01 1.173461749985948899e+01 1.108965069264758618e+01 1.173461749985948899e+01 3.632623330432960529e+01 -2.966051635169187239e+00 1.108965069264758618e+01 -2.966051635169187239e+00 1.684056095893202709e+01
2.830878366130980339e+01 -2.047472204388333328e+00 -6.279274263039945403e+00 -2.047472204388333328e+00 2.198052600535745427e+01 -3.996762459112032317e+00 -6.279274263039945403e+00 -3.996762459112032317e+00 4.239983663661332258e+01
-4.553173905165849966e+00 1.947985467668754467e+01 -1.896730964241197581e+00 1.947985467668754467e+01 -1.980705732360956972e+01 2.859668283214288412e-02 -1.896730964241197581e+00 2.859668283214288412e-02 -5.022868403784195124e+01
-6.728954588599514786e+00 -9.983147313033434500e+00 -6.074155230390082316e+00 -9.983147313033434500e+00 -3.725896118684755565e-01 1.495822357104655964e+01 -6.074155230390082316e+00 1.495822357104655964e+01 -3.933698644149600909e+00
2.348986115884145676e+01 4.787727182239767565e+00 -1.878375915159969267e+01 4.787727182239767565e+00 3.027674680481146652e+01 -6.400829290003090755e+00 -1.878375915159969267e+01 -6.400829290003090755e+00 2.830617839981569350e+00
-2.371799507880537305e+01 -1.423690888472245009e+00 5.162054403696002547e-01 -1.423690888472245009e+00 -1.752358808561899295e+01 -1.207030331639073495e+01 5.162054403696002547e-01 -1.207030331639073495e+01 -6.295126984748647914e+01
-5.508395892916224312e+01 -3.646373571548188419e+00 -1.780341698865606226e+00 -3.646373571548188419e+00 -1.390950865147340920e+01 1.887640158619754160e+01 -1.780341698865606226e+00 1.887640158619754160e+01 2.477570715982826144e+01
-5.208514061769762549e+01 -1.430577549708222485e+01 -5.135721766912656250e+00 -1.430577549708222485e+01 -4.066316165274099603e+01 7.912992989491270279e+00 -5.135721766912656250e+00 7.912992989491270279e+00 -4.895314721010171155e+01
9.931310172181028406e+00 2.304660560873533992e+00 -2.009762736407116890e+00 2.304660560873533992e+00 -3.384175085774660197e+00 -1.134580691843338318e+00 -2.009762736407116890e+00 -1.134580691843338318e+00 -2.534110903736657150e+01
-3.977646943710441718e+01 -6.705964797598363170e+00 -4.031452424625372899e+00 -6.705964797598363170e+00 -4.341370507470008988e+01 5.385089961122146107e+00 -4.031452424625372899e+00 5.385089961122146107e+00 -1.825134636231831564e+01
-4.773839513140051061e+00 -3.852836468288680094e-01 -9.041614793801397099e+00 -3.852836468288680094e-01 1.147557126225511404e+01 -2.338328775429240558e+00 -9.041614793801397099e+00 -2.338328775429240558e+00 -2.380100673843480763e+01
4.770242730683328602e+00 -1.901104649496726084e+00 -5.861394234992658880e+00 -1.901104649496726084e+00 -2.112544517897447349e+00 2.783759864287768782e+00 -5.861394234992658880e+00 2.783759864287768782e+00 -3.664325715244612525e+01
-5.864090820401539617e+00 -2.943668009422681919e+00 9.116323410936947980e+00 -2.943668009422681919e+00 -1.284886534276886216e+01 1.297411970606499310e+01 9.116323410936947980e+00 1.297411970606499310e+01 -3.639017912016284839e+01
6.788242473063788474e+00 -2.592761603677142368e+00 -7.672072361739306068e+00 -2.592761603677142368e+00 4.184443957826989191e+00 -7.669391561515514155e+00 -7.672072361739306068e+00 -7.669391561515514155e+00 -5.619655988276433867e+00
-2.533318511390158534e+01 3.568736869960301927e+00 -1.153646050428285008e+01 3.568736869960301927e+00 -2.608177144934359148e+01 6.461821180206394066e-01 -1.153646050428285008e+01 6.461821180206394066e-01 -3.345941815413920040e+01
-1.779807231249075627e+01 -4.320120589187157023e+00 6.157575617675290935e+00 -4.320120589187157023e+00 -1.156458065181232975e+01 8.897233391511875311e+00 6.157575617675290935e+00 8.897233391511875311e+00 -4.279915143964283963e+00
3.027050515287094612e+01 1.549218047127279618e+00 -2.248269689702950558e+01 1.549218047127279618e+00 4.609510338838875754e+01 -7.364475827574409550e+00 -2.248269689702950558e+01 -7.364475827574409550e+00 1.979083688096807458e+00
5.773738293807457467e+01 4.521549973276076884e+00 -7.239087203321740382e+00 4.521549973276076884e+00 4.630421923934601125e+01 -4.255712539285373630e+00 -7.239087203321740382e+00 -4.255712539285373630e+00 4.132394578515350503e+01
-3.449167534927868761e+00 -7.250533441307806193e+00 -1.088797903754232443e+01 -7.250533441307806193e+00 -6.196187723496835886e+00 1.066409624234828435e+01 -1.088797903754232443e+01 1.066409624234828435e+01 1.664672697193490691e+01
1.257267512921231933e+01 4.235860157836838447e+00 1.480261412337817006e+01 4.235860157836838447e+00 2.255208199903418276e+01 -5.496930348490586482e+00 1.480261412337817006e+01 -5.496930348490586482e+00 6.249041671778689633e+00
8.252270875886375734e+01 1.030099092990327136e+01 6.671970200839886900e+00 1.030099092990327136e+01 8.937377775178916295e+01 4.190031010747278906e+00 6.671970200839886900e+00 4.190031010747278906e+00 3.107931590016695722e+01
1.416097278328413900e+01 -9.563997982569093281e+00 -1.053544995799389916e+01 -9.563997982569093281e+00 1.772486969927240708e+01 8.630912250588174572e+00 -1.053544995799389916e+01 8.630912250588174572e+00 3.579846700051494679e+01
1.768995360906101055e+01 8.530106704335011614e+00 -4.816672908418169641e+00 8.530106704335011614e+00 2.282357209414695731e+01 -2.714539625905108267e+01 -4.816672908418169641e+00 -2.714539625905108267e+01 -7.821295204496466980e+00
-6.306326177631515151e+00 -1.083652729896808831e+00 -5.866690322148985004e+00 -1.083652729896808831e+00 -2.511411512262282653e+00 -3.049712050701531840e+00 -5.866690322148985004e+00 -3.049712050701531840e+00 -3.366519802465011679e+01
2.460717509867330577e+01 -1.154574975978080076e+01 -1.189139076810439022e+01 -1.154574975978080076e+01 1.882307494874504528e+01 -3.058715794842007618e+00 -1.189139076810439022e+01 -3.058715794842007618e+00 3.591690226113179119e+00
-1.146873439472302003e+01 -1.457775769990031201e+01 3.641411708613381482e+00 -1.457775769990031201e+01 -3.649763791788813272e+00 7.574739414322819719e-01 3.641411708613381482e+00 7.574739414322819719e-01 7.833785032877086385e-01
-3.258425394779043671e+01 -5.160653397191603098e+00 -5.680829948080865499e+00 -5.160653397191603098e+00 -1.629104711264502825e+01 -1.172990313486637071e+01 -5.680829948080865499e+00 -1.172990313486637071e+01 1.124407813110853915e+01
5.412719913513847764e-02 -3.053490366875454942e+00 -5.586869882372007545e+00 -3.053490366875454942e+00 6.455214885539855452e+00 8.264254792893726886e+00 -5.586869882372007545e+00 8.264254792893726886e+00 -3.369419242594492658e+01
-1.366099703897671525e+01 -4.256665428281853458e+00 1.012179246565637492e+01 -4.256665428281853458e+00 -7.724462012794855781e+00 1.336323296555841367e+01 1.012179246565637492e+01 1.336323296555841367e+01 1.865550050103221835e+01
-2.821379723447370313e+00 -3.288262742850547315e+00 -2.606004488068750291e+00 -3.288262742850547315e+00 -1.485293031833855082e+00 5.041917764607719121e+00 -2.606004488068750291e+00 5.041917764607719121e+00 -5.311466720946459219e+01
2.203339945500284713e+01 2.539276253913842485e+00 -3.982480266998897900e+00 2.539276253913842485e+00 9.403043403282209667e+00 -4.833468239787328535e+00 -3.982480266998897900e+00 -4.833468239787328535e+00 4.102014734496369641e+01
7.090167148470648550e-01 3.951933224204590367e+00 -2.000424421198211888e+01 3.951933224204590367e+00 -1.536472920674486531e+01 1.478272595640391485e+00 -2.000424421198211888e+01 1.478272595640391485e+00 -3.447866700548971153e+01
-4.078958349756387491e+00 5.432881858770805650e+00 -5.800211415475856391e+00 5.432881858770805650e+00 1.803660523443922159e+01 -2.933371650444107637e+00 -5.800211415475856391e+00 -2.933371650444107637e+00 -1.131865889563470340e+01
-1.828052332882270647e+01 1.053949238709190217e+00 -6.368446407114584318e+00 1.053949238709190217e+00 -2.082635324983143121e+01 -3.225479290648499919e+00 -6.368446407114584318e+00 -3.225479290648499919e+00 -2.760782303168226903e+01
-1.128040397829066599e+01 -1.040284486508561868e+00 -6.400252191022318904e+00 -1.040284486508561868e+00 -2.888554159217033401e+01 1.595618959187288244e+00 -6.400252191022318904e+00 1.595618959187288244e+00 -4.237894510573027240e+00
-2.122212176796976379e+00 -1.639216900475946703e+00 3.471673761738792940e+00 -1.639216900475946703e+00 -2.209104858316716502e+01 -2.288126805016011289e+00 3.471673761738792940e+00 -2.288126805016011289e+00 -4.565173393319264505e+01
1.823629464104965336e+01 -8.333873755223023538e-01 2.892246426345804977e+00 -8.333873755223023538e-01 4.136327512262093720e+00 -3.196389748596484282e+00 2.892246426345804977e+00 -3.196389748596484282e+00 1.165253166563006992e+01
2.414433088767367153e+01 -3.996426892337306302e+00 2.660707385833758210e+00 -3.996426892337306302e+00 5.036496486229115277e+00 1.110145971204935078e+00 2.660707385833758210e+00 1.110145971204935078e+00 3.327925537712676629e+01
4.508272707496961118e+01 -1.639704054004064915e+01 2.061945417773280553e+01 -1.639704054004064915e+01 5.248984287257471237e+01 -9.006151511540325671e+00 2.061945417773280553e+01 -9.006151511540325671e+00 1.866864431177329919e+01
8.775176712542949176e+00 -3.311794274348256462e+00 1.181405948956879826e+01 -3.311794274348256462e+00 -1.458417408332497089e+01 -9.576271915524099398e+00 1.181405948956879826e+01 -9.576271915524099398e+00 -1.510820026116064518e+01
-1.488003438708893711e+01 5.521092616317788693e-01 -1.330831413484564507e+01 5.521092616317788693e-01 7.404895254486642209e+00 4.940507661183184962e-01 -1.330831413484564507e+01 4.940507661183184962e-01 -1.817378284405142708e+01
2.379038046436981446e+01 1.525352007789769004e+01 -1.792211528267926823e+01 1.525352007789769004e+01 -8.178799764871222067e+00 -1.674122789774074027e+00 -1.792211528267926823e+01 -1.674122789774074027e+00 -1.278125585115562401e+01
-3.648378245529806385e+00 1.068572622335469546e+01 -5.432468885473713094e+00 1.068572622335469546e+01 2.705052534957606003e+00 1.297041097768131301e+01 -5.432468885473713094e+00 1.297041097768131301e+01 -5.333957232402080706e+01
-2.506927038621042936e+00 2.935466145428441642e+00 -2.602902968810176354e+00 2.935466145428441642e+00 3.018221727195510518e+00 -2.496408453793482529e+00 -2.602902968810176354e+00 -2.496408453793482529e+00 -2.456498339695921018e+01
3.207554402565205720e+01 4.058705264370716215e+00 -1.127357869345181740e+01 4.058705264370716215e+00 3.061337300803030104e+01 6.264531906206977752e+00 -1.127357869345181740e+01 6.264531906206977752e+00 3.665852228457399775e+00
-2.591862352058461028e+01 5.106851492180885188e+00 5.332186792046242019e+00 5.106851492180885188e+00 -1.637101294148126129e+01 -1.216244133882203471e+01 5.332186792046242019e+00 -1.216244133882203471e+01 2.597364126838058507e+00
1.154524853602309520e+01 3.860220201573489440e+00 5.905950960585125031e+00 3.860220201573489440e+00 -4.350185095531371005e+00 1.431065468255873496e-01 5.905950960585125031e+00 1.431065468255873496e-01 -3.186058137253590772e+01
4.029694412876342113e+01 4.758295609153859185e-01 -1.484464041155479386e+01 4.758295609153859185e-01 3.003788371868030538e+01 -1.210736057443157421e+01 -1.484464041155479386e+01 -1.210736057443157421e+01 3.371348047623285549e+00
4.269851051157004918e+01 -8.729574957873627028e+00 -1.494310554630385468e+01 -8.729574957873627028e+00 3.143924165439586815e+01 -1.270736376811155921e+00 -1.494310554630385468e+01 -1.270736376811155921e+00 -1.278845719692940897e+01
4.310434994794586316e+01 -1.507798373972484507e+00 6.898829980713769849e-01 -1.507798373972484507e+00 4.338926952280505134e+01 -5.933819798754679908e+00 6.898829980713769849e-01 -5.933819798754679908e+00 6.991056752580238509e+00
-8.648756285371021590e+00 5.215753728809425782e-01 -6.632346408804143945e-01 5.215753728809425782e-01 8.100246891189321730e+00 -5.576600458325816412e+00 -6.632346408804143945e-01 -5.576600458325816412e+00 -5.321770480284511962e+01
-5.795656325633840034e+00 4.971699031054352069e+00 -4.203078131695190400e+00 4.971699031054352069e+00 -6.798515966231136076e+00 -1.912943813404296645e+00 -4.203078131695190400e+00 -1.912943813404296645e+00 -5.642497772038244541e+00
-2.384893822989391055e+01 8.030803598662320297e+00 -1.557127397180501083e+00 8.030803598662320297e+00 -1.451235301262622812e+01 -1.355610471442241449e+00 -1.557127397180501083e+00 -1.355610471442241449e+00 -4.076752408330222011e+01
-6.397260019193818259e+00 -7.086553220724563396e+00 1.253611614633966731e+01 -7.086553220724563396e+00 -1.976040116413838632e+01 -1.387294404718392993e-01 1.253611614633966731e+01 -1.387294404718392993e-01 5.079809203542230733e+01
-2.354686771535352108e+01 -1.065605743566018759e+01 -3.332054342376272071e+00 -1.065605743566018759e+01 -1.879121368935093983e+01 3.970139745327063707e+00 -3.332054342376272071e+00 3.970139745327063707e+00 -1.232494637392207082e+01
3.096219220444834974e+01 -6.930762375799076835e+00 -6.396661603522797002e+00 -6.930762375799076835e+00 1.571294837189427085e+01 3.359291801840145641e+00 -6.396661603522797002e+00 3.359291801840145641e+00 5.293972505320290622e+01
-8.518214211636490063e+00 7.589050462966111077e+00 1.531404118516284463e+01 7.589050462966111077e+00 1.662982256012259441e+01 -1.129266682122924159e+01 1.531404118516284463e+01 -1.129266682122924159e+01 -4.200734077917209675e+01
-2.878129902969609333e+01 9.495225254728349995e+00 1.567002041946807722e+01 9.495225254728349995e+00 -2.987032977988131321e+01 -1.347953621717841877e+01 1.567002041946807722e+01 -1.347953621717841877e+01 -2.965855262921607505e+01
1.223124562318758102e+01 5.416868654571469044e+00 1.112563283932305147e+01 5.416868654571469044e+00 2.294075415325088230e+01 -2.239938923399457327e+00 1.112563283932305147e+01 -2.239938923399457327e+00 -1.780482778229033514e+01
3.086810309543507103e+01 1.102220123819743236e+01 2.667696886457394445e+00 1.102220123819743236e+01 2.637241606165492769e+01 7.224377572584964824e+00 2.667696886457394445e+00 7.224377572584964824e+00 -1.216424738758223079e+01
3.856628094269270335e+00 3.334418670119492223e+00 1.364449164640391787e+00 3.334418670119492223e+00 1.507420585421717529e+00 4.161826795930922529e+00 1.364449164640391787e+00 4.161826795930922529e+00 -2.734580069959186233e+01
-3.053605013908487820e+00 -1.434955246819665353e+00 1.995060215057796293e+00 -1.434955246819665353e+00 -1.956024245742035816e+01 -2.578687301259728670e+00 1.995060215057796293e+00 -2.578687301259728670e+00 -2.161954131504475995e+01
7.493581902469473199e+00 -7.201604461901772503e+00 -5.725757588506410478e-01 -7.201604461901772503e+00 -1.016296504400488665e+01 6.539346769768106249e+00 -5.725757588506410478e-01 6.539346769768106249e+00 1.802655265413758201e+01
6.031287427779463250e+00 -1.284407181427986977e+01 1.373144399192196996e+00 -1.284407181427986977e+01 1.852131514953537916e+01 -2.402027165492337701e+01 1.373144399192196996e+00 -2.402027165492337701e+01 -3.475914231912842922e+01
-1.361087726395684605e+01 1.254377877422152032e+01 3.823587942620088498e+00 1.254377877422152032e+01 -7.216397012718745785e+00 -1.018381502391860316e+01 3.823587942620088498e+00 -1.018381502391860316e+01 -2.272484195784899441e+01
-1.041606541875152203e+01 2.252552422032085389e+01 -1.083001892318161730e+01 2.252552422032085389e+01 -7.955556670399707819e+00 1.679751906397037864e+00 -1.083001892318161730e+01 1.679751906397037864e+00 -3.123750801435680557e+01
-7.083182613231819857e+00 -2.005652900331838850e+01 -1.379898878515373406e+00 -2.005652900331838850e+01 -1.345663091685650414e+01 -5.775037061088102774e+00 -1.379898878515373406e+00 -5.775037061088102774e+00 -7.654980109155269474e+01
2.789507727897388634e+01 -2.133561793946258689e+01 1.276318356401912624e+01 -2.133561793946258689e+01 3.824544125078495682e+01 2.945220410221975449e+00 1.276318356401912624e+01 2.945220410221975449e+00 1.408468474208395804e+01
3.381322396014321185e+01 1.267770552564630471e+01 -3.337387854899988682e+00 1.267770552564630471e+01 4.137109695459959369e+01 2.494166670977503131e+01 -3.337387854899988682e+00 2.494166670977503131e+01 8.951908785203150032e+00
-2.854608927249028838e+01 1.590731326609152596e+01 -1.093100191128609033e+01 1.590731326609152596e+01 -2.092924844360429759e+01 9.188081688499691424e+00 -1.093100191128609033e+01 9.188081688499691424e+00 -4.359105967544956428e+01
2.457044518507913011e+01 -8.697486616727420738e+00 -3.944254814233951301e+00 -8.697486616727420738e+00 1.332741601652654317e+01 4.156932082308442133e+00 -3.944254814233951301e+00 4.156932082308442133e+00 2.992251756623348413e+01
-2.288719704086492612e+01 -1.973653133338049370e+00 3.827328039566481266e+00 -1.973653133338049370e+00 -2.205260455721181856e+01 -8.126099593251440156e-01 3.827328039566481266e+00 -8.126099593251440156e-01 -1.916262418298797598e+01
