8.726137082196347095e+00 6.772950447060758217e-01 -2.645269657009496900e+00 6.772950447060758217e-01 5.739997082792951399e-01 -8.173803645419321029e+00 -2.645269657009496900e+00 -8.173803645419321029e+00 -3.580945303265139046e+01
-1.258724813798520525e+00 -6.461176617559621249e+00 1.528273816456300782e+00 -6.461176617559621249e+00 -1.720358937371820218e+00 5.637620272637520635e+00 1.528273816456300782e+00 5.637620272637520635e+00 -4.661236546069789455e+01
3.265778659219071756e+01 -3.842602914081316268e+00 5.754256782352271671e+00 -3.842602914081316268e+00 3.317590061769074339e+01 -8.212889062163302611e+00 5.754256782352271671e+00 -8.212889062163302611e+00 9.905541643010662867e+00
4.485723318829933248e+00 -3.743345688434003726e+00 -2.624354250754894924e+00 -3.743345688434003726e+00 5.746209609118226425e+00 3.133238063944244978e+00 -2.624354250754894924e+00 3.133238063944244978e+00 8.486285785509409152e+00
-1.556801671907654772e+01 -3.712511974092765232e+00 -1.256405791104579528e+01 -3.712511974092765232e+00 6.366391238757184823e+00 -2.801507902401446426e+00 -1.256405791104579528e+01 -2.801507902401446426e+00 -1.206359218558402979e+01
-2.390349638462964066e+01 -4.624357435319874365e-02 -7.706375121793718641e+00 -4.624357435319874365e-02 -4.070054673154489677e+01 -1.528721347126893670e+00 -7.706375121793718641e+00 -1.528721347126893670e+00 -1.041760250557026879e+01
-1.602576949269716522e+01 7.969050541150112466e+00 2.046976657458829507e+00 7.969050541150112466e+00 -1.026659421615190748e+00 6.572394083170588708e+00 2.046976657458829507e+00 6.572394083170588708e+00 9.979002155189174772e+00
-3.767621478348108344e+00 -1.824875506547633464e+01 -1.400745720121340376e+01 -1.824875506547633464e+01 -5.691544906763250644e-01 -1.908875864038459103e+00 -1.400745720121340376e+01 -1.908875864038459103e+00 -2.343619595379814413e+01
1.636834936367308302e+01 1.213388008105175997e+00 -4.166886400180799477e+00 1.213388008105175997e+00 2.570959744450606621e+01 -8.023050748558934187e-01 -4.166886400180799477e+00 -8.023050748558934187e-01 2.579652603574773906e+01
5.312054520799541990e+01 8.867636807303973967e+00 1.811537361816248293e+01 8.867636807303973967e+00 3.194353814783144330e+01 -1.454360289096578107e+01 1.811537361816248293e+01 -1.454360289096578107e+01 -1.121247318712396357e+01
4.250627302712189248e+01 4.636585917145197300e+00 -2.368980360476649061e+00 4.636585917145197300e+00 3.622077291960457046e+01 -3.375150135037686461e+00 -2.368980360476649061e+00 -3.375150135037686461e+00 1.360697920648341785e+01
7.756867172611611183e-01 -4.829343142731595262e-01 4.840898605746049577e-01 -4.829343142731595262e-01 -2.642762404649282360e+00 2.693319306165247617e+00 4.840898605746049577e-01 2.693319306165247617e+00 -1.073083015718789568e+01
-2.877836360523097525e+01 -6.226975806925947321e-01 -9.369079906006428260e+00 -6.226975806925947321e-01 -5.032106093554735793e+01 6.774893261717901183e+00 -9.369079906006428260e+00 6.774893261717901183e+00 -4.316856562497817862e+01
3.522280239248338063e+01 -4.772155962861964612e-02 -2.927463217403267204e-01 -4.772155962861964612e-02 4.900218313695057049e+01 -7.651314260275829504e+00 -2.927463217403267204e-01 -7.651314260275829504e+00 5.567184272115082422e+01
-1.892576233577505462e+01 5.052213077244721795e+00 -6.636449876307554341e+00 5.052213077244721795e+00 -3.100969064187066948e+01 7.363388126567475211e+00 -6.636449876307554341e+00 7.363388126567475211e+00 -4.039250614301477071e+01
9.339429731583299699e+00 8.668293102107661241e+00 -7.846677628031782703e+00 8.668293102107661241e+00 2.197003062231824089e+01 -1.001912163887096519e+01 -7.846677628031782703e+00 -1.001912163887096519e+01 -1.813846628763703706e+01
-2.841590843656749144e+01 -1.892125329480867757e+00 -1.698340284385797982e+00 -1.892125329480867757e+00 -1.198061580792933789e+01 -2.476308455609435910e+00 -1.698340284385797982e+00 -2.476308455609435910e+00 -4.511290775435972478e+01
5.274288023937291570e+00 -7.129675149367113995e+00 8.217336904551563848e+00 -7.129675149367113995e+00 2.818327336373080527e+00 -1.463809846876264764e+01 8.217336904551563848e+00 -1.463809846876264764e+01 -1.848200084125218634e+00
-5.799883283892724783e+00 6.829575954140169713e+00 -1.999106345875048193e-02 6.829575954140169713e+00 2.177063080463562450e+00 1.427593773241783603e+00 -1.999106345875048193e-02 1.427593773241783603e+00 -1.771304230754326170e+01
2.047337474994927931e+01 3.048877630006659456e-01 -7.273195744322320522e+00 3.048877630006659456e-01 1.105294378376837550e+01 1.444239040099568605e+00 -7.273195744322320522e+00 1.444239040099568605e+00 -1.659710761599497175e+01
4.975968014913487991e+01 -1.140657756717960147e+01 4.835451709603938442e-01 -1.140657756717960147e+01 2.226728151519234800e+01 -7.587679200173399252e+00 4.835451709603938442e-01 -7.587679200173399252e+00 -1.107203370346617000e+01
3.440602879281786652e+00 -1.284942318724831445e+01 -8.159349792628669107e+00 -1.284942318724831445e+01 -1.029346770929092436e+01 -2.772669819275640268e+00 -8.159349792628669107e+00 -2.772669819275640268e+00 -3.655028009517049270e+01
3.948054812927654922e+01 -1.132342049402812378e+01 -4.961170001575842647e+00 -1.132342049402812378e+01 2.823851314401901647e+01 7.608311956280759958e+00 -4.961170001575842647e+00 7.608311956280759958e+00 -7.812752520575009463e+00
-2.451997079727331652e+01 8.655945046619214267e+00 -7.281376367774261560e+00 8.655945046619214267e+00 -3.245632984404700494e+01 3.977050427144816158e+00 -7.281376367774261560e+00 3.977050427144816158e+00 -5.391143196267940141e+01
-3.746368836812165704e+00 1.151252179003313181e+01 4.308196740759612453e+00 1.151252179003313181e+01 -1.357363732113744703e+01 1.506967831639920874e+00 4.308196740759612453e+00 1.506967831639920874e+00 -4.352204312447497614e+00
1.762193358095121809e+01 4.585188209367514922e+00 -2.578116867991709693e+00 4.585188209367514922e+00 7.741245572459386715e+00 -9.699109115960922622e+00 -2.578116867991709693e+00 -9.699109115960922622e+00 -1.481123282066001856e+01
-1.264840160704516947e+01 5.095164073104736957e+00 7.436007911956006744e+00 5.095164073104736957e+00 -5.852638979689157139e+00 -5.597219047832690642e+00 7.436007911956006744e+00 -5.597219047832690642e+00 -4.899417001980611985e+01
1.995379112401781896e+01 -9.928391947321017597e+00 1.010990981046002712e+00 -9.928391947321017597e+00 -9.853775936895065257e+00 -3.798216553646718285e+00 1.010990981046002712e+00 -3.798216553646718285e+00 -5.739355593579985282e+01
3.236353359242053784e+01 -8.475382833451923226e-01 -2.431863581826692489e+00 -8.475382833451923226e-01 1.995381541254247892e+01 -1.834725569226096864e+00 -2.431863581826692489e+00 -1.834725569226096864e+00 1.080658831204456227e+01
4.127634640447261205e+01 -2.983076129076865257e+00 3.428770963373373171e+00 -2.983076129076865257e+00 2.913771000327319172e+01 -1.450085149442107202e+00 3.428770963373373171e+00 -1.450085149442107202e+00 -1.359218977787125482e+01
-4.135844706765888112e+00 8.816232280972703395e-01 1.981947932624595010e+00 8.816232280972703395e-01 -2.755110667207702946e+01 1.471262461240642416e+00 1.981947932624595010e+00 1.471262461240642416e+00 -6.636227084582627356e+01
5.754067234567020961e+00 -6.964016761205951589e+00 1.013395141907987451e+01 -6.964016761205951589e+00 8.213107749650410128e+00 -2.686221609723431047e+00 1.013395141907987451e+01 -2.686221609723431047e+00 1.564073958807441755e+01
-1.871865698071044548e+01 5.405764440618019862e+00 3.130339437792246660e+00 5.405764440618019862e+00 -5.999039026529640495e+00 -6.446215294447320332e+00 3.130339437792246660e+00 -6.446215294447320332e+00 1.132739810107755751e+01
-8.918068799324371909e+00 -6.090587134327619445e+00 -2.856955700635136708e+00 -6.090587134327619445e+00 -9.428415713263765596e+00 -6.931908144782464198e+00 -2.856955700635136708e+00 -6.931908144782464198e+00 -3.264973906247644919e+01
6.511772644219222173e+01 -7.486627167136108874e+00 -1.935067137563567519e-01 -7.486627167136108874e+00 4.501496811114900964e+01 1.298130906810839313e+01 -1.935067137563567519e-01 1.298130906810839313e+01 -3.869876813571200280e+00
1.674839777524344697e+01 -5.669904724039850130e+00 4.463070313842060877e+00 -5.669904724039850130e+00 5.396845035680345459e-01 8.582726795563457856e+00 4.463070313842060877e+00 8.582726795563457856e+00 -1.246887623374174048e+01
-3.841325712391043812e+00 5.449092491951791573e+00 -1.096456334166571622e+00 5.449092491951791573e+00 3.176277224783552455e+00 7.928161628142497364e+00 -1.096456334166571622e+00 7.928161628142497364e+00 -4.496025471321063094e+01
-1.552767762277429497e+01 1.311269431551561659e+01 1.703509841846715744e+01 1.311269431551561659e+01 -2.421964388158538384e+01 -4.515817974023581094e+00 1.703509841846715744e+01 -4.515817974023581094e+00 -3.933527497134768680e+01
1.629099121456071941e+00 -1.209485004935662467e+01 -1.348982679151155395e+01 -1.209485004935662467e+01 -1.004149540970664001e+00 -8.075286646953996339e+00 -1.348982679151155395e+01 -8.075286646953996339e+00 -3.514538730837944058e+01
4.718459468630406661e+00 1.691565668396233590e+01 9.907064173933328721e-01 1.691565668396233590e+01 1.426936444692711525e+01 7.990083186272670446e+00 9.907064173933328721e-01 7.990083186272670446e+00 -3.470904505436189424e+01
3.276761378514270628e+00 -4.975722738204956919e+00 -7.444648490643173133e-01 -4.975722738204956919e+00 7.950165391651296432e+00 6.958504801433909037e+00 -7.444648490643173133e-01 6.958504801433909037e+00 -3.798182937246387780e+01
-1.246840650767252967e+01 2.890414527603761385e+00 6.298067798533234729e+00 2.890414527603761385e+00 -1.031165626677281111e+01 7.581272728140730166e+00 6.298067798533234729e+00 7.581272728140730166e+00 -4.020615609906653276e+01
2.751717331984360193e+00 -4.100312506343549046e+00 -7.970462398961132067e+00 -4.100312506343549046e+00 -2.898095292370270570e+01 -1.078629356349314250e+01 -7.970462398961132067e+00 -1.078629356349314250e+01 -4.064931485207520012e+01
1.058810636088732693e+01 2.966145485003538473e-01 -9.394216814295049289e+00 2.966145485003538473e-01 5.902614221447312737e+00 3.571706873394506765e+00 -9.394216814295049289e+00 3.571706873394506765e+00 -2.974156608226839538e+01
2.395842959751444212e+01 -2.776882233244856724e-01 -7.920841127916116164e-01 -2.776882233244856724e-01 3.277580049429733577e+01 1.456009093286379574e+01 -7.920841127916116164e-01 1.456009093286379574e+01 1.284801432171114932e+01
4.280940019722440582e+01 1.509779846094063949e+01 -1.594652227354116381e+00 1.509779846094063949e+01 3.860391212392941185e+01 -6.740248551515765740e+00 -1.594652227354116381e+00 -6.740248551515765740e+00 -6.155234710329865244e+00
-1.920800375016781558e+01 4.980866609369565268e+00 7.984013979111604264e+00 4.980866609369565268e+00 -2.576892330392088226e+01 -9.393642639317910437e+00 7.984013979111604264e+00 -9.393642639317910437e+00 -5.145641629411003493e+01
-9.683490516977862228e+00 -5.031685981279296449e+00 -7.639414424012142213e+00 -5.031685981279296449e+00 -2.913424510201348383e+01 -8.040344137046032458e+00 -7.639414424012142213e+00 -8.040344137046032458e+00 -6.703954194345116946e+01
-1.039776314434961080e+01 6.933083962424432256e-01 -7.679110286778767502e+00 6.933083962424432256e-01 -1.596852461677790913e+01 -8.172164218221061871e-01 -7.679110286778767502e+00 -8.172164218221061871e-01 -4.174630237805470045e+01
1.711056128863003778e+01 6.587537024664784191e+00 3.423449337377546531e+00 6.587537024664784191e+00 1.485124235479258026e+01 1.935997311212285155e+01 3.423449337377546531e+00 1.935997311212285155e+01 2.928052338873718519e+00
