4.948231559877670094e+01 6.673973755911870143e+00 3.084572140752131819e+00 6.673973755911870143e+00 4.323042515619429338e+01 -7.277044302044968216e-01 3.084572140752131819e+00 -7.277044302044968216e-01 4.486180696279259195e+01
9.842579737498283521e+00 3.997116870241051334e+00 -4.200615323770047205e+00 3.997116870241051334e+00 -3.596965233496980829e+00 3.413807218501214713e-01 -4.200615323770047205e+00 3.413807218501214713e-01 1.476768660422902713e+01
2.766008872856171408e+01 2.589243366859956819e-01 3.013298041573105834e+01 2.589243366859956819e-01 2.300523664810647162e+01 1.477131493593355671e+01 3.013298041573105834e+01 1.477131493593355671e+01 2.513125432583937879e+01
5.673593242184700181e+00 -5.576027302247108075e+00 5.506967095408193735e+00 -5.576027302247108075e+00 -1.593933671323416057e+01 6.403696421359782676e+00 5.506967095408193735e+00 6.403696421359782676e+00 1.633656276922351225e+01
2.303522407750993750e+01 -6.474892951801097807e-01 7.696907255879529508e+00 -6.474892951801097807e-01 1.850016753522450585e+01 3.246211101072647764e+00 7.696907255879529508e+00 3.246211101072647764e+00 3.183666206764713280e+01
4.993615969862447201e+01 -8.467815371785192724e+00 6.090645355879269474e+00 -8.467815371785192724e+00 5.961827400185400450e+01 2.026296741499364451e+00 6.090645355879269474e+00 2.026296741499364451e+00 3.803961879444349847e+01
1.527060581726281718e+01 1.178609935810890263e+01 8.665546726787114906e+00 1.178609935810890263e+01 -5.053386196749569237e+00 -4.930321090409870877e+00 8.665546726787114906e+00 -4.930321090409870877e+00 -1.293839757557569747e+00
-3.589351533357817914e+01 6.359443347112327949e+00 7.178521140717199600e+00 6.359443347112327949e+00 -3.953699425290623992e+01 -8.221712691508631821e+00 7.178521140717199600e+00 -8.221712691508631821e+00 -3.761753559061440200e+01
3.221478479468725453e+01 -5.393518906448742989e+00 1.424072177738444545e+01 -5.393518906448742989e+00 2.137163688992301402e+01 1.837446759153564591e+00 1.424072177738444545e+01 1.837446759153564591e+00 4.232773392526758727e+01
-4.128410863563178879e+00 -4.944547249679540180e+00 3.150215956264455830e+00 -4.944547249679540180e+00 -2.658416463467114355e+00 -2.160617167207330436e+00 3.150215956264455830e+00 -2.160617167207330436e+00 -1.547488315502815182e+00
-3.622760772596080869e+01 -1.710314704260739171e+00 1.704970863464251707e+01 -1.710314704260739171e+00 -3.839439014694126939e+01 -6.548834414905114087e+00 1.704970863464251707e+01 -6.548834414905114087e+00 -8.488291196082132117e+00
-1.490930731416500876e+01 1.983005637413069877e+01 1.587604038334031920e+01 1.983005637413069877e+01 -2.101714527730912607e+01 -4.803594205784497695e-01 1.587604038334031920e+01 -4.803594205784497695e-01 -1.471874859067996866e+01
2.479868607323898466e-01 -8.908791252560014362e-01 5.421342977581641520e+00 -8.908791252560014362e-01 -2.394633203184195125e+01 3.813589091877877202e+00 5.421342977581641520e+00 3.813589091877877202e+00 1.448557488012296623e+01
2.456965381941199311e+01 -9.092361773582140927e+00 5.164145863788349722e+00 -9.092361773582140927e+00 1.893649527046372683e+01 1.000337266574680228e+01 5.164145863788349722e+00 1.000337266574680228e+01 2.472679061217924001e+01
-2.495329327845592715e+01 6.597501425484401771e+00 2.555562763345168964e+00 6.597501425484401771e+00 -3.188154610477022644e+01 -6.994794826511742392e-02 2.555562763345168964e+00 -6.994794826511742392e-02 -2.539522404115667342e+01
2.624175803241941196e+01 6.047460515719858876e+00 2.975682677702991441e+00 6.047460515719858876e+00 2.407868341334944873e+01 -1.733342267182960938e+01 2.975682677702991441e+00 -1.733342267182960938e+01 3.870687315142096452e+01
2.621060300159915002e+01 1.330486341346855461e+01 -1.062961516548222241e+00 1.330486341346855461e+01 1.591056890322531814e+01 6.343394966746178198e+00 -1.062961516548222241e+00 6.343394966746178198e+00 7.236152146905633131e+00
1.416099324596578946e+00 -4.120594231708856192e+00 4.272180344222854309e+00 -4.120594231708856192e+00 -1.459211393899230558e+01 -1.757787090368278626e+00 4.272180344222854309e+00 -1.757787090368278626e+00 -1.993767655362173485e+00
7.938588429300638794e+00 1.464840605368652904e+00 5.184246176497315339e+00 1.464840605368652904e+00 -1.825665551765638384e+01 3.319570769437939273e+00 5.184246176497315339e+00 3.319570769437939273e+00 -3.232600340159381691e+00
-2.251796566837598768e+00 4.141107626501133510e+00 2.827674823831779261e+00 4.141107626501133510e+00 -1.186512997061438490e+01 4.828413552177260648e+00 2.827674823831779261e+00 4.828413552177260648e+00 -1.826792427804254881e+00
-5.569272559971549796e+00 -4.292241137645091520e+00 8.024358895427015526e+00 -4.292241137645091520e+00 -1.271229228231234032e+01 -8.261819852981729939e-01 8.024358895427015526e+00 -8.261819852981729939e-01 1.597242414066554428e+00
-3.559885102892975522e-02 1.143227051683154016e+01 7.994494073788604105e+00 1.143227051683154016e+01 -1.131946414155973812e+01 7.451014926648435122e+00 7.994494073788604105e+00 7.451014926648435122e+00 -1.209982805023166996e+01
-5.627128113126854458e+00 -1.138532418659248968e+01 1.185558906803276891e+01 -1.138532418659248968e+01 -5.893704445615594700e+00 -5.317338992524437202e+00 1.185558906803276891e+01 -5.317338992524437202e+00 8.655575610533261965e+00
4.858265040928873191e+01 -1.080404694048477943e+01 1.866636088782239611e+01 -1.080404694048477943e+01 5.227854781315620158e+01 -5.780018806946300991e-01 1.866636088782239611e+01 -5.780018806946300991e-01 4.159313954800807522e+01
-6.074287646244401095e+00 -3.111179546231189197e-01 2.632317734068338133e+00 -3.111179546231189197e-01 -1.942381370892629988e+01 -9.543500735835873883e+00 2.632317734068338133e+00 -9.543500735835873883e+00 -6.641400271963601831e+00
-1.053980817946775872e+01 1.846608803703248203e+00 2.439390705015840322e+00 1.846608803703248203e+00 -1.199590012495642632e+01 8.045597841983103127e-01 2.439390705015840322e+00 8.045597841983103127e-01 1.021761933046375148e+01
4.403083366707484458e+01 8.267758000883299374e+00 1.056565367713783132e+01 8.267758000883299374e+00 1.423711493558791297e+01 -2.791619516325618555e+00 1.056565367713783132e+01 -2.791619516325618555e+00 2.906367596674250819e+01
-9.655559388095694473e+00 -9.666929340437009799e+00 4.539296856397350588e+00 -9.666929340437009799e+00 -1.920802592776161077e+01 8.910773504266071399e+00 4.539296856397350588e+00 8.910773504266071399e+00 -1.220095976367289126e+01
-1.357166610829292708e+01 -6.014037142163647154e+00 2.870580311455090960e+00 -6.014037142163647154e+00 -3.124296718430549546e+01 2.969133009355645836e+00 2.870580311455090960e+00 2.969133009355645836e+00 -1.207145319789788473e+01
-2.959277031816470327e+01 3.103119036474887515e+00 -2.521010793998045951e+00 3.103119036474887515e+00 -4.469134071396469210e+01 -1.026488166697048676e+00 -2.521010793998045951e+00 -1.026488166697048676e+00 -2.854493591092061777e+01
-2.477319142689355402e+01 -3.211958642761870930e+00 2.661014266520878468e+00 -3.211958642761870930e+00 -3.558801182137166563e+01 5.557317073893209169e+00 2.661014266520878468e+00 5.557317073893209169e+00 -1.960404513188268538e+01
5.557953351233904726e+01 -2.026159773270946207e+00 -5.784164460003983876e+00 -2.026159773270946207e+00 4.911631537531768288e+01 -1.585922177053915583e+00 -5.784164460003983876e+00 -1.585922177053915583e+00 5.061452575877548554e+01
-5.521359557938009921e+00 1.102093722807538256e+01 -3.580879030799967833e+00 1.102093722807538256e+01 1.545225254160762951e+01 -3.077326687055980781e+00 -3.580879030799967833e+00 -3.077326687055980781e+00 4.874264069877165539e+00
-7.090391543365631932e+00 1.335780812527136696e+01 1.287818418094744111e+01 1.335780812527136696e+01 -4.010475728100293225e+01 1.695355071584214945e+00 1.287818418094744111e+01 1.695355071584214945e+00 -3.207012883161325600e+00
2.707262321285217155e+01 1.414731276461839160e+00 6.982864401333388926e+00 1.414731276461839160e+00 2.359481190163437603e+01 4.445291999569598751e+00 6.982864401333388926e+00 4.445291999569598751e+00 1.429929064581702214e+01
3.872832682882435051e+01 -1.072977635329347024e+01 6.857367751324525251e+00 -1.072977635329347024e+01 3.034942961658431315e+01 4.271821340442992998e+00 6.857367751324525251e+00 4.271821340442992998e+00 2.897622537630292427e+01
-1.222666510974675802e+01 -2.140803513857362717e+01 5.671949204062497252e+00 -2.140803513857362717e+01 -2.860021109376599924e+01 5.652365778271266628e+00 5.671949204062497252e+00 5.652365778271266628e+00 -1.171612100188713512e+01
4.321168987914393966e+01 -6.450282104256841897e+00 1.385686171635681241e+01 -6.450282104256841897e+00 4.244902294318222147e+01 2.469728169228607162e-01 1.385686171635681241e+01 2.469728169228607162e-01 3.280178188549739815e+01
-1.005728200085427293e+00 1.051041661251688097e+01 4.954227400753706156e+00 1.051041661251688097e+01 -2.371380144855484673e+01 -1.898383783708804451e+00 4.954227400753706156e+00 -1.898383783708804451e+00 -4.959807347662500199e+00
1.403732010275364317e+01 1.750900843488597403e+01 1.152872271190752862e+01 1.750900843488597403e+01 1.005304991402737658e+00 -2.042281220135205189e+00 1.152872271190752862e+01 -2.042281220135205189e+00 1.484677701034442876e+01
-2.217999426201473057e+01 3.131740822180169470e+00 8.689823328257386237e+00 3.131740822180169470e+00 -3.901368966973024044e+01 -3.037315496087403144e+00 8.689823328257386237e+00 -3.037315496087403144e+00 -1.095984369345883813e+01
5.259256311709299325e+01 3.486071786625025481e+00 8.786107331967766498e+00 3.486071786625025481e+00 6.730860329830935029e+01 1.352301902032394088e+00 8.786107331967766498e+00 1.352301902032394088e+00 4.646361512091043267e+01
-3.629593889563451370e+01 9.218896302831354195e-01 1.185225120283550027e+01 9.218896302831354195e-01 -3.007112482834409306e+01 3.099551605544678790e+00 1.185225120283550027e+01 3.099551605544678790e+00 -8.947948497596671658e+00
-2.443972358531122779e+01 1.315400876477900827e+00 6.387616197976607957e+00 1.315400876477900827e+00 -2.612214069857380849e+01 1.050576632247907405e+01 6.387616197976607957e+00 1.050576632247907405e+01 -3.565665505489846510e+01
3.669125074324126246e+01 -1.022784483239498776e+01 1.691940495901091168e+01 -1.022784483239498776e+01 3.541029719592913949e+01 4.270760934788780716e+00 1.691940495901091168e+01 4.270760934788780716e+00 6.057092967487560031e+01
2.205218890103559204e+01 2.225040022079523894e+01 5.456332421603518945e+00 2.225040022079523894e+01 -3.199465630586251663e+00 -4.027923595051693617e+00 5.456332421603518945e+00 -4.027923595051693617e+00 1.492084899644510720e+01
-2.444635443922703288e+01 4.513079834303214355e+00 1.155001353924954977e+01 4.513079834303214355e+00 -5.781154604661561081e+01 -8.379776998472648231e+00 1.155001353924954977e+01 -8.379776998472648231e+00 -2.528805803288126341e+01
-1.298507014933853343e+00 -1.325152126056173163e+00 7.985596340863779119e+00 -1.325152126056173163e+00 -3.432965974820980648e+01 -1.571525174763367616e+00 7.985596340863779119e+00 -1.571525174763367616e+00 -1.316359819257649200e+01
-3.118091589613961823e+00 -1.104504390415379333e+01 1.094177849749623910e+01 -1.104504390415379333e+01 -2.082133855408617151e+01 4.140826826389985449e+00 1.094177849749623910e+01 4.140826826389985449e+00 2.945323220630835959e+00
3.997256804444268141e+01 7.375032322715330269e-01 7.024446599104808842e-01 7.375032322715330269e-01 3.016821112304979025e+01 -9.103609878401661692e-01 7.024446599104808842e-01 -9.103609878401661692e-01 3.620255048378805895e+01
