-4.397216917564702499e+01 7.728573120789453910e+00 -5.389028138871410079e-01 7.728573120789453910e+00 -4.729722738853993746e+01 -1.273211158724770975e+01 -5.389028138871410079e-01 -1.273211158724770975e+01 -3.763180883534121079e+01
-6.147242450117975210e+00 7.392537300489744334e-01 -3.710996814076870098e-01 7.392537300489744334e-01 5.178358056983515922e+00 -1.015298128068712735e+01 -3.710996814076870098e-01 -1.015298128068712735e+01 2.089018449310622305e+00
3.266965780573424638e+01 -1.009133452102960504e+01 3.583115244804734978e+00 -1.009133452102960504e+01 5.815318109571609995e+01 -1.282382198551995367e-01 3.583115244804734978e+00 -1.282382198551995367e-01 4.021928320216100161e+01
-3.047787143555868106e+00 -9.702921984093793029e+00 1.410041679858532682e+01 -9.702921984093793029e+00 -3.346699902090583212e+00 -9.040599637375315023e-01 1.410041679858532682e+01 -9.040599637375315023e-01 -1.538241498925122386e+01
3.636946021038659183e+01 2.999744784035454637e-02 4.521795125682653627e+00 2.999744784035454637e-02 3.496761762520772976e+01 -1.139905742497309404e+01 4.521795125682653627e+00 -1.139905742497309404e+01 2.049748633495844885e+01
2.410607273290915131e+01 1.257216937451069150e+01 -5.644335932445372350e+00 1.257216937451069150e+01 3.676887289350101895e+01 -7.188317023301215691e+00 -5.644335932445372350e+00 -7.188317023301215691e+00 2.705273435077367949e+01
1.128589072736764720e+01 1.880971589241494435e+00 -3.150683504571627047e+00 1.880971589241494435e+00 1.753982040132876818e+01 -8.642209465478646990e+00 -3.150683504571627047e+00 -8.642209465478646990e+00 1.609849914960804540e+01
2.337488756492590980e+01 6.279911531018931292e+00 -2.309658646659466796e-01 6.279911531018931292e+00 2.069961368685768477e+01 1.760162154077531182e+00 -2.309658646659466796e-01 1.760162154077531182e+00 9.096750813834015403e+00
-3.467422499421089555e+01 -1.677589799039728380e+00 -7.205061159318400854e+00 -1.677589799039728380e+00 -3.208554839036072792e+01 -8.931266008670345258e+00 -7.205061159318400854e+00 -8.931266008670345258e+00 -2.066716149200020425e+01
-7.320824162135915358e+00 -8.364287877949722727e+00 9.498102166230731669e+00 -8.364287877949722727e+00 -2.085644371631165583e+01 7.436236043994700395e+00 9.498102166230731669e+00 7.436236043994700395e+00 -3.208944343175600267e+01
-1.850910428606641034e+01 -3.209716867145372632e+00 -8.017981333223710649e+00 -3.209716867145372632e+00 -2.291086690439715312e+01 1.146156611533520042e+01 -8.017981333223710649e+00 1.146156611533520042e+01 -3.635149080754101192e+01
3.065442773867465220e+01 -4.657032802212772715e+00 -2.336450775574578920e+00 -4.657032802212772715e+00 2.678994895479858229e+01 7.013169528898298699e-01 -2.336450775574578920e+00 7.013169528898298699e-01 3.291265553704515412e+01
4.966100503288346069e+00 1.370916295929542628e+01 -5.967991340014222601e+00 1.370916295929542628e+01 -5.841471095440936567e-01 2.368090285956185870e+00 -5.967991340014222601e+00 2.368090285956185870e+00 1.030410406543482082e+01
4.491805534943933509e+01 -8.107435665200208419e+00 6.133185519214864101e+00 -8.107435665200208419e+00 3.421564951893834206e+01 1.586254919785497819e+00 6.133185519214864101e+00 1.586254919785497819e+00 1.028046417846663196e+01
-1.497853877464744166e+01 -1.915805640103796748e+01 2.268401942834608054e+00 -1.915805640103796748e+01 -1.667177156713694330e+01 -2.127801662397336457e+01 2.268401942834608054e+00 -2.127801662397336457e+01 -2.965517199895143818e+01
3.287488490416953235e-01 -1.166311656958292531e+00 -9.832454619611993962e+00 -1.166311656958292531e+00 -1.421931018575533612e+00 7.758339299636671349e+00 -9.832454619611993962e+00 7.758339299636671349e+00 1.654401963106645113e+01
-1.258033588805815484e+01 6.284835387577880184e+00 1.223279883548779168e+01 6.284835387577880184e+00 -1.565487235119859433e+00 -8.120112858253399679e+00 1.223279883548779168e+01 -8.120112858253399679e+00 2.028877110510129356e+01
2.121246104833764079e+01 -8.152315666296928720e-01 -1.421463015230540083e+00 -8.152315666296928720e-01 2.527568167082117156e+01 2.931204284038533281e+00 -1.421463015230540083e+00 2.931204284038533281e+00 -9.735185125362152192e+00
4.008900522826116486e+01 -6.647222671194826793e-01 5.851904422497829827e+00 -6.647222671194826793e-01 4.409429777861659261e+01 -6.924332949809464566e+00 5.851904422497829827e+00 -6.924332949809464566e+00 4.078428851266117761e+01
4.882706551190645428e+01 -5.749541056000856187e+00 -4.967542145449130864e+00 -5.749541056000856187e+00 4.383920177690200859e+01 -4.151231270486501757e+00 -4.967542145449130864e+00 -4.151231270486501757e+00 2.043339183185495678e+00
-1.597223865125568487e+01 5.207445358045543315e+00 -1.140852793353733574e+00 5.207445358045543315e+00 -7.657975507385758718e+00 8.951400843375449057e+00 -1.140852793353733574e+00 8.951400843375449057e+00 -1.216080210389881566e+00
-5.468096633257437666e+00 3.195469913753852698e+00 4.274324792624190295e+00 3.195469913753852698e+00 2.060687224320608912e+00 -1.171623796163029851e+01 4.274324792624190295e+00 -1.171623796163029851e+01 6.401901623466097035e+00
-2.773626803337051783e+01 -5.223185074579096643e+00 -1.221249251863008389e+01 -5.223185074579096643e+00 -2.082110697814708544e+01 1.376081801847792718e+01 -1.221249251863008389e+01 1.376081801847792718e+01 1.325266394814337723e+01
4.380973075215584345e+01 1.316861961878642795e+01 -6.593105525998386618e+00 1.316861961878642795e+01 4.294940705706505213e+01 2.814864044940994070e+00 -6.593105525998386618e+00 2.814864044940994070e+00 4.158528295680417131e+01
-9.235121356547328020e+00 -8.565940081379181947e+00 1.544811573428461760e-01 -8.565940081379181947e+00 -6.373855596419278902e-01 -9.244534561801800443e-01 1.544811573428461760e-01 -9.244534561801800443e-01 8.755473225991831754e+00
-2.670655574789279285e+01 8.936081537391565632e+00 -5.758530558348094353e+00 8.936081537391565632e+00 -2.353411409285935463e+01 -5.456442652339518418e+00 -5.758530558348094353e+00 -5.456442652339518418e+00 -1.785792144736423026e+01
4.047840963909768419e+01 -3.848592320301643888e+00 -7.367765439968795071e+00 -3.848592320301643888e+00 2.934768415768929373e+01 4.286821808293355573e+00 -7.367765439968795071e+00 4.286821808293355573e+00 3.516052411745158679e+01
-4.196181030986007698e+01 -1.621365844142770296e+00 3.691464660103419337e+00 -1.621365844142770296e+00 -1.749841046559981450e+01 2.315701798697880065e+01 3.691464660103419337e+00 2.315701798697880065e+01 -1.751699322435309014e+01
3.279551380743772171e+01 -9.276257148364172034e-01 2.458504053739015038e+00 -9.276257148364172034e-01 3.000781219864763827e+01 5.918356199301179288e+00 2.458504053739015038e+00 5.918356199301179288e+00 2.759254715440188832e+01
-1.831091041150586562e+01 1.797379610552076512e+00 9.849009023316478206e+00 1.797379610552076512e+00 -2.600175035866527651e+01 5.580677248882190078e+00 9.849009023316478206e+00 5.580677248882190078e+00 -2.937712214431586943e+01
4.426439864771631427e+00 -3.544668473487762927e+00 -1.317502397871120612e-01 -3.544668473487762927e+00 1.726355382958961737e+00 -6.988702411064314814e-03 -1.317502397871120612e-01 -6.988702411064314814e-03 -2.883339930024861886e+00
4.913298550199306902e+01 2.238705527854135957e-01 -9.105412777218479192e+00 2.238705527854135957e-01 4.318241297383097077e+01 3.042506531955110116e+00 -9.105412777218479192e+00 3.042506531955110116e+00 3.784320786889017540e+01
1.740431379291686298e+01 -7.937614724028208890e+00 1.353606239001347689e+01 -7.937614724028208890e+00 -4.445035016319095256e+00 -1.296812480619077945e+01 1.353606239001347689e+01 -1.296812480619077945e+01 4.915357120288164516e+00
-2.626178457307690906e+01 -3.199609990277462845e+00 6.882465176449582778e+00 -3.199609990277462845e+00 -1.494266492007411884e+01 2.864190061719998681e+00 6.882465176449582778e+00 2.864190061719998681e+00 8.963278251278138598e+00
4.687034146883745223e+01 -1.467646194578419916e+01 2.798979120574558443e+00 -1.467646194578419916e+01 3.776678570780603650e+01 -1.846458677422426575e+01 2.798979120574558443e+00 -1.846458677422426575e+01 1.647088189278424375e+00
2.320920899445811969e+01 -2.527113825808473102e+00 -3.321717752744816288e+00 -2.527113825808473102e+00 2.083049427016761257e+01 -8.632442880524568096e+00 -3.321717752744816288e+00 -8.632442880524568096e+00 1.596662468932911594e+01
1.430944807140209818e+01 2.791114541809444738e+00 1.532131934871852508e+01 2.791114541809444738e+00 2.109446182759062083e+01 -1.184523636238834943e+00 1.532131934871852508e+01 -1.184523636238834943e+00 1.155284850801812091e+01
-3.716286372590109721e+01 -4.581984044677906570e-02 -3.183217266418502334e+00 -4.581984044677906570e-02 -2.681040530661327281e+01 5.510308491171117318e+00 -3.183217266418502334e+00 5.510308491171117318e+00 -2.261321936056089754e+01
-1.042315560948556552e+01 -2.526873462031775652e+00 -2.920030646158564114e+00 -2.526873462031775652e+00 -8.010655532784230815e+00 -5.084116177658011715e+00 -2.920030646158564114e+00 -5.084116177658011715e+00 2.408002764193758249e+00
6.006817919976861475e+01 1.420972001106939153e+01 8.912630733597323385e+00 1.420972001106939153e+01 4.397568425333970765e+01 -1.055932978051384907e+01 8.912630733597323385e+00 -1.055932978051384907e+01 3.956209693246188408e+01
1.825396434822694047e+01 -2.884711828603103267e+00 1.114165735689061343e+01 -2.884711828603103267e+00 2.015690009001660954e+01 9.962855104803457706e+00 1.114165735689061343e+01 9.962855104803457706e+00 2.103897948044616051e+00
-4.426477030232598509e+01 -5.651897692770746495e+00 -2.993936115100683359e+00 -5.651897692770746495e+00 -3.951883532806288457e+01 1.008199317405701123e+01 -2.993936115100683359e+00 1.008199317405701123e+01 -1.695541451615058648e+01
-9.175840013744261725e+00 -5.267475265296249098e+00 -8.558091632490267386e+00 -5.267475265296249098e+00 -9.754159010622242221e+00 1.163198878137056447e+01 -8.558091632490267386e+00 1.163198878137056447e+01 -2.186410626121382705e+01
3.107063032206990272e+01 7.812433330834503975e-01 -4.954588149670953179e+00 7.812433330834503975e-01 3.315264652197706141e+01 2.923803660484276534e+00 -4.954588149670953179e+00 2.923803660484276534e+00 4.828302922037720180e+01
-2.754485243554443485e+01 9.540965554276011673e+00 1.270727566176397794e+01 9.540965554276011673e+00 -2.602122041678758890e+01 -3.146034289790361704e+00 1.270727566176397794e+01 -3.146034289790361704e+00 -2.246807866964148914e+01
-5.119166886934840477e+01 1.426058585013477709e+00 7.969461929658113952e+00 1.426058585013477709e+00 -3.127307186859403032e+01 8.635208402344103362e+00 7.969461929658113952e+00 8.635208402344103362e+00 -2.176578401687368469e+01
-1.134819572662820342e+01 -1.225507605472001771e+01 -5.448360517457217611e+00 -1.225507605472001771e+01 1.023402215898472889e+01 1.090654127529856865e+01 -5.448360517457217611e+00 1.090654127529856865e+01 4.767772994794412966e+00
-2.513065387490016889e+01 -4.409345209952717504e+00 6.636163080117448487e+00 -4.409345209952717504e+00 -1.339927429222255206e+01 -2.833538415636064567e+00 6.636163080117448487e+00 -2.833538415636064567e+00 -2.044331579695719370e+01
-4.263905984367283253e+01 7.941304404864217847e-01 -7.334478872847083331e+00 7.941304404864217847e-01 -3.682893645848446340e+01 -3.569973802594161860e+00 -7.334478872847083331e+00 -3.569973802594161860e+00 -2.861631709188299055e+01
-2.001665919574225327e+01 -2.999995211166773590e+00 1.103664886431728054e-01 -2.999995211166773590e+00 -1.883172815667722944e+01 -6.656563289230675196e+00 1.103664886431728054e-01 -6.656563289230675196e+00 -1.552932502515638724e+01
