-4.561301198635048593e+01 1.811336494963946109e+00 3.312789150240601277e+00 1.811336494963946109e+00 -6.293532620476073447e+01 -9.472805538499917688e+00 3.312789150240601277e+00 -9.472805538499917688e+00 -4.228244584191952526e+01
4.673150250323510591e+01 -3.865009643104718950e+00 -7.346239175748107364e+00 -3.865009643104718950e+00 5.193046554039510454e+01 2.027118888779087413e+00 -7.346239175748107364e+00 2.027118888779087413e+00 4.034376007977983392e+01
-3.297985771475651262e+01 -9.361020307322633016e+00 6.931545239691896398e+00 -9.361020307322633016e+00 -3.620966199589125267e+01 1.767096741104410640e+01 6.931545239691896398e+00 1.767096741104410640e+01 -2.670313512794863176e+00
-1.723497723773520462e+01 -3.244506559935512069e+00 -2.787038035355700494e+00 -3.244506559935512069e+00 -2.843983365439905242e+01 1.931786729234129973e+00 -2.787038035355700494e+00 1.931786729234129973e+00 -2.179762383814964721e+01
-1.591396738847671521e+00 -8.357919283564561042e+00 -2.374066007749053853e+00 -8.357919283564561042e+00 7.725673324073189185e+00 -1.037746922738627653e+01 -2.374066007749053853e+00 -1.037746922738627653e+01 -8.938678646429442765e+00
-2.164224815955828518e+01 7.374686917791127838e-01 7.211858797801123266e+00 7.374686917791127838e-01 -2.762512063732640399e+01 -7.862850862097351623e+00 7.211858797801123266e+00 -7.862850862097351623e+00 -1.183468070834994990e+01
2.030138772091082089e+01 2.327813606849467032e+00 -9.400142767298270030e+00 2.327813606849467032e+00 1.032635151314421940e+01 -5.124029154401887887e+00 -9.400142767298270030e+00 -5.124029154401887887e+00 2.964958662426448655e+01
1.953571249120174969e+01 3.572804544717274600e-01 6.938631516584158332e-01 3.572804544717274600e-01 1.794108321376655013e+01 -3.829274985413738452e+00 6.938631516584158332e-01 -3.829274985413738452e+00 4.054243059747009426e+01
-3.357379825871054635e+01 2.014934190301140404e+00 -4.413960915341429425e-01 2.014934190301140404e+00 -9.228657052725598220e+00 1.770305816463993409e+01 -4.413960915341429425e-01 1.770305816463993409e+01 2.593063880077938865e+00
-1.477180748663143461e+01 -1.430371928588322561e+01 4.487587926894113899e+00 -1.430371928588322561e+01 -1.155153166050482660e+01 1.200858058202313394e+01 4.487587926894113899e+00 1.200858058202313394e+01 -1.231157749995822215e+01
3.560400090248762695e+01 6.149423311693921868e+00 -3.091363749659330473e-01 6.149423311693921868e+00 3.062959581686743959e+01 -1.793828140322132825e+01 -3.091363749659330473e-01 -1.793828140322132825e+01 1.436895627717757407e+01
-1.301238777746710040e+00 -4.244254847604472580e+00 -4.463542948068549343e+00 -4.244254847604472580e+00 -6.629930640581189749e+00 -1.164616579486805392e+01 -4.463542948068549343e+00 -1.164616579486805392e+01 1.025272531823956434e+01
-1.221151314072445260e+01 3.007558739100272938e+00 9.098911761895581707e-01 3.007558739100272938e+00 -1.083639612875991176e+01 -1.039183579598251805e+00 9.098911761895581707e-01 -1.039183579598251805e+00 -1.031617429313768852e+01
-1.219402524091190720e+01 -6.684778335571595065e+00 3.699369922466401450e-02 -6.684778335571595065e+00 -9.263009807781203975e+00 -7.716253852599189500e+00 3.699369922466401450e-02 -7.716253852599189500e+00 -4.570719992431590661e+00
-6.540212293969767998e+00 -3.094440779215594350e+00 5.707700081887793431e+00 -3.094440779215594350e+00 7.630947305652604484e+00 -2.243154206123748828e+00 5.707700081887793431e+00 -2.243154206123748828e+00 1.840139666013389430e+01
-6.577710313890636762e+00 7.522456260389026816e+00 -6.903839727789496727e+00 7.522456260389026816e+00 -1.259848861032021539e+01 -6.870574025448004107e+00 -6.903839727789496727e+00 -6.870574025448004107e+00 -9.595188473935641227e+00
5.702345621300112555e+01 -2.901334131650887826e+00 -7.666492364883116473e+00 -2.901334131650887826e+00 4.848887824226025600e+01 1.066063485783040043e+01 -7.666492364883116473e+00 1.066063485783040043e+01 1.724353401958053666e+01
7.802549807591657505e+00 6.076109278655624779e-01 -8.546921750667108242e+00 6.076109278655624779e-01 2.094673354252003517e+00 -6.093569007801706405e+00 -8.546921750667108242e+00 -6.093569007801706405e+00 1.638077416228206573e+01
-3.510894513044804910e+01 -2.266459210369937693e+00 5.161683983566698330e+00 -2.266459210369937693e+00 -2.019765141879257087e+01 1.733986884607788159e+00 5.161683983566698330e+00 1.733986884607788159e+00 3.621700807975556380e+00
-4.825713358527702468e+01 -6.789806694252064290e+00 -1.875248523094628972e+00 -6.789806694252064290e+00 -5.035994141985882067e+01 7.419647089387861882e+00 -1.875248523094628972e+00 7.419647089387861882e+00 -3.464309367461144973e+01
-1.412443557504698610e+01 7.276746380153008786e+00 -3.611997328150238218e+00 7.276746380153008786e+00 -1.488615445657094760e+01 -2.092211175379642629e+00 -3.611997328150238218e+00 -2.092211175379642629e+00 -1.001872649274656801e+01
-1.406084400337875451e+01 1.109867129848504064e+01 1.404354744190084103e+00 1.109867129848504064e+01 -2.714995037655284094e+01 2.075993531424730421e+00 1.404354744190084103e+00 2.075993531424730421e+00 5.434467573856712974e+00
2.204060004284595919e+01 1.387980516420864774e+01 -3.179533915258829779e+00 1.387980516420864774e+01 1.942377103644075831e+01 -7.554012766828676284e+00 -3.179533915258829779e+00 -7.554012766828676284e+00 3.382853949463470400e+01
-7.967818974281827060e+00 1.233066655749418983e+00 5.934160306028915421e+00 1.233066655749418983e+00 -1.093776646040877587e+01 -1.532041246484037877e+01 5.934160306028915421e+00 -1.532041246484037877e+01 1.499253699936427431e+01
-2.706274555226253753e+01 -4.858588814245269560e+00 7.834835431353842417e+00 -4.858588814245269560e+00 -2.736343204010493579e+01 -1.565637627606591309e+00 7.834835431353842417e+00 -1.565637627606591309e+00 -1.690184881079794366e+01
3.212670303606071087e+01 4.450408033168501198e+00 -1.292662068687328691e+01 4.450408033168501198e+00 3.556505431339708423e+01 8.755706713638600647e+00 -1.292662068687328691e+01 8.755706713638600647e+00 2.703005345401036763e+01
-1.617015152753795348e+01 -8.628369349106209674e-01 -4.338138247782950430e+00 -8.628369349106209674e-01 -1.824757511329702808e+01 8.770947116553886147e+00 -4.338138247782950430e+00 8.770947116553886147e+00 -1.177399663819801212e+01
-1.445264805855659063e+01 -1.036704237596771527e+01 -5.434990589677356709e+00 -1.036704237596771527e+01 -1.423362407272296437e+01 2.028438041255917312e+00 -5.434990589677356709e+00 2.028438041255917312e+00 -1.227006989167500839e+00
-1.413957718465120017e+01 2.030827194031939698e+01 1.268485739306512272e+01 2.030827194031939698e+01 -2.842758961353538538e+01 5.677050428545266314e+00 1.268485739306512272e+01 5.677050428545266314e+00 -4.358240002254585299e+00
1.536521478183691869e+01 3.970113900176174826e-01 2.640394367474586002e+00 3.970113900176174826e-01 2.793220034087910530e+00 -4.698297636455342485e-02 2.640394367474586002e+00 -4.698297636455342485e-02 -1.570954934779673273e+01
2.955812908425456698e+01 -1.612903087062234064e+01 -3.777206273272610826e+00 -1.612903087062234064e+01 3.423627394342507557e+01 -8.404717942335356184e+00 -3.777206273272610826e+00 -8.404717942335356184e+00 3.164835683836023961e+01
-1.971586105635176622e+01 4.246972155864017218e+00 4.928196228895609821e+00 4.246972155864017218e+00 -2.237816917241227443e+01 9.062557644348485653e+00 4.928196228895609821e+00 9.062557644348485653e+00 -3.350114848123715738e+00
-3.351094760236832570e+01 -4.291315236655955268e+00 2.345443998639963823e+01 -4.291315236655955268e+00 -4.589392600627907370e+01 4.672853622094122805e+00 2.345443998639963823e+01 4.672853622094122805e+00 -2.091913288047668118e+01
1.857717807807043542e+01 -1.046444701772423791e+01 8.250270357012253086e+00 -1.046444701772423791e+01 2.932382555331284735e+01 8.316727445997509349e+00 8.250270357012253086e+00 8.316727445997509349e+00 7.044697013960703025e+00
2.509194531749332668e+01 -5.662649921401583519e+00 -6.105183488500428801e+00 -5.662649921401583519e+00 3.013830813302402944e+01 -1.359597672298997084e+00 -6.105183488500428801e+00 -1.359597672298997084e+00 2.295129460634390028e+01
-2.645497942184129059e+01 -2.436673754980112072e+00 -4.178641524691346087e-01 -2.436673754980112072e+00 -1.919643967917607341e+01 -2.391374558074028656e+00 -4.178641524691346087e-01 -2.391374558074028656e+00 -9.532698547416295298e+00
-2.182390496837284388e+01 5.346681688715100300e+00 6.669613536263830689e+00 5.346681688715100300e+00 -1.836481089240139042e+01 5.536315070820559292e+00 6.669613536263830689e+00 5.536315070820559292e+00 -6.056724902324691406e+00
-1.478720030988513656e+01 -4.879145307874416915e+00 1.674702778356460309e+00 -4.879145307874416915e+00 -1.675256131468864851e+01 5.269723899771332043e+00 1.674702778356460309e+00 5.269723899771332043e+00 3.932742522880054992e+00
-1.111440298764647316e+01 6.898536967908682760e-01 1.067637450748911832e+01 6.898536967908682760e-01 -1.105964147837545930e+01 6.280565701287368796e+00 1.067637450748911832e+01 6.280565701287368796e+00 -6.626651373878989837e+00
-4.200293093121335630e+01 1.280546650868662262e+01 1.253833618626031265e+00 1.280546650868662262e+01 -4.244596302014533507e+01 -7.581868712870010185e+00 1.253833618626031265e+00 -7.581868712870010185e+00 -1.328708044677721389e+01
-2.032746658353167035e+01 1.339537879216614513e+01 -9.627024649556022995e-01 1.339537879216614513e+01 -3.882959231812846213e+01 3.404757503425739795e+00 -9.627024649556022995e-01 3.404757503425739795e+00 -6.209109090936222763e+00
-1.428239827542558515e+01 9.272653778626711585e+00 2.312744149224145840e+00 9.272653778626711585e+00 -1.208793552755095924e+01 -7.581263521949425765e+00 2.312744149224145840e+00 -7.581263521949425765e+00 -4.199475373083150664e+00
-1.279108160886918810e+01 -1.455771152268665380e+00 3.801610460860310736e-01 -1.455771152268665380e+00 -1.776920872841306576e+01 -1.428955837205510804e+01 3.801610460860310736e-01 -1.428955837205510804e+01 -1.221967982950135045e+01
-1.665898939137548496e+01 -5.644140173039685848e+00 1.160435202611222572e+00 -5.644140173039685848e+00 -3.586153862401731729e+00 -9.610955689988051276e+00 1.160435202611222572e+00 -9.610955689988051276e+00 1.099617983859508463e+01
3.498501800821630070e+01 -5.411815222223898658e+00 -5.963200245566867785e+00 -5.411815222223898658e+00 3.797857837817675630e+01 3.245688347015307063e+00 -5.963200245566867785e+00 3.245688347015307063e+00 2.606940633833373155e+01
-7.571924319163791939e-01 1.760118754801307617e+01 -9.963132916398781402e-01 1.760118754801307617e+01 -2.749864373035561371e+01 -9.551581395232700444e+00 -9.963132916398781402e-01 -9.551581395232700444e+00 2.718315160849872925e+01
-2.104874682549893450e+01 -5.160433359734638792e+00 4.863668327215900256e+00 -5.160433359734638792e+00 -1.088982433257046800e+01 1.286473914328228041e+01 4.863668327215900256e+00 1.286473914328228041e+01 5.668442553909261328e+00
-1.669520433516337476e+01 6.541062445679989068e+00 9.254889974504419692e-02 6.541062445679989068e+00 -1.044886573180665756e+01 -6.743998389319790121e+00 9.254889974504419692e-02 -6.743998389319790121e+00 1.082646189156910299e-01
6.434770162900358415e+00 -5.776502861806011246e+00 -9.664848112259887714e+00 -5.776502861806011246e+00 -7.051732333943242281e+00 -2.604879921309090296e+00 -9.664848112259887714e+00 -2.604879921309090296e+00 -1.411964274353629634e+01
-5.918913820459621178e+01 6.390964071810843805e+00 1.043744357029603442e+01 6.390964071810843805e+00 -5.411401679298147371e+01 2.146437450865863017e+00 1.043744357029603442e+01 2.146437450865863017e+00 -4.395876695810741097e+01
