4.522840036486456938e+01 9.299882141849472816e+00 -1.159569871292177723e+01 9.299882141849472816e+00 2.852153430859225836e+01 4.488172970709958243e+00 -1.159569871292177723e+01 4.488172970709958243e+00 1.665140581084083848e+01
-3.085087565869460846e+01 -3.208483543212131139e-01 -1.398191748394011391e+00 -3.208483543212131139e-01 -5.487622859712375600e+01 4.143629017610155785e+00 -1.398191748394011391e+00 4.143629017610155785e+00 -1.252975434054676462e+01
-1.892153413496820846e+01 -9.844275865446732610e+00 -2.192698237967019015e+00 -9.844275865446732610e+00 -8.182502561431560295e+00 -1.209628809504897795e+01 -2.192698237967019015e+00 -1.209628809504897795e+01 -1.370479659117990678e+01
-2.913735029637609841e+01 1.274689261418027364e+01 6.422130030132318979e+00 1.274689261418027364e+01 -5.814677859906005608e+01 5.427740621757974004e+00 6.422130030132318979e+00 5.427740621757974004e+00 1.439277431508498495e+01
2.134785206881158004e+01 -4.589854370819742790e+00 -1.827925910430384659e+00 -4.589854370819742790e+00 2.236860391638977319e+01 -4.248547517998151335e+00 -1.827925910430384659e+00 -4.248547517998151335e+00 -6.881759606689356268e+00
1.658086780251423065e+01 -9.974862117855936461e+00 -6.473877287053052543e-01 -9.974862117855936461e+00 1.619126418517731381e+01 -3.094062221016464331e+00 -6.473877287053052543e-01 -3.094062221016464331e+00 -6.787009163509361009e+00
-8.121702342241755801e+00 7.989814097793455083e+00 1.465308813570666047e+01 7.989814097793455083e+00 -1.847935038624830995e+01 9.442024134804055890e+00 1.465308813570666047e+01 9.442024134804055890e+00 3.204829035093604972e+01
1.896877862757672517e+01 -8.388076725276761181e+00 -1.996047793744242238e+00 -8.388076725276761181e+00 3.975748597599963574e+01 7.045284880766174318e+00 -1.996047793744242238e+00 7.045284880766174318e+00 3.323055963672025825e+01
3.009451207732822908e+01 -1.076762361442209581e+01 5.982946174504308878e+00 -1.076762361442209581e+01 2.568791948898112310e+01 -2.440198820363134047e+01 5.982946174504308878e+00 -2.440198820363134047e+01 7.917184080748488562e+00
8.844766564263165876e+00 -1.002217791864453034e+01 2.172918697145227451e+00 -1.002217791864453034e+01 7.099867219963443610e+00 -2.076697205144468938e+01 2.172918697145227451e+00 -2.076697205144468938e+01 -2.999562321280073274e+00
-6.176076218577110311e+00 3.241815883443008861e+00 -5.696024338803409748e+00 3.241815883443008861e+00 -2.351316309629692469e+01 -1.061151677089971201e+01 -5.696024338803409748e+00 -1.061151677089971201e+01 6.664645992745048986e+00
2.678598528328091533e+01 8.044110093415863361e+00 -3.091885329197093579e+00 8.044110093415863361e+00 1.178005863316302992e+01 -1.510914367636032374e+01 -3.091885329197093579e+00 -1.510914367636032374e+01 2.184998498515781096e-01
1.631153239507037611e+01 9.414432235709535579e-01 5.321786998197222118e+00 9.414432235709535579e-01 2.383482437247272401e+01 -4.523597269303513690e-01 5.321786998197222118e+00 -4.523597269303513690e-01 3.594295783519736887e+01
6.966749098643799876e+00 9.797690991867041177e+00 -2.979738552817263297e+00 9.797690991867041177e+00 1.904309726643818834e+01 1.324727182198064490e+01 -2.979738552817263297e+00 1.324727182198064490e+01 -9.603737382489523355e+00
-3.401638408997919694e+00 -1.756421757433923814e+00 9.276264176506863635e+00 -1.756421757433923814e+00 3.369715784031282357e+00 1.068705595850907031e+01 9.276264176506863635e+00 1.068705595850907031e+01 2.248629132221048010e+01
1.738987462780298188e+01 1.653184236905077498e+01 -1.028315846269049372e+00 1.653184236905077498e+01 2.551193935300407745e+01 -2.990135567292458330e+00 -1.028315846269049372e+00 -2.990135567292458330e+00 3.803278901108705412e+01
1.196893427758298323e+01 4.152405424451152349e+00 -5.355672721247131118e-01 4.152405424451152349e+00 2.702741934662803303e+01 -2.265968967569008452e+00 -5.355672721247131118e-01 -2.265968967569008452e+00 4.061497319237513892e+01
-2.712876951175417872e+01 1.111886324610028431e+01 3.135715208614746174e+00 1.111886324610028431e+01 -5.053791143809179687e+01 4.543374847827312824e-01 3.135715208614746174e+00 4.543374847827312824e-01 -8.563878887920814975e+00
2.683633171244948379e+00 -1.498895169640459102e+00 -7.500650332055029068e+00 -1.498895169640459102e+00 4.034034143193855115e+00 1.081460133817401825e+01 -7.500650332055029068e+00 1.081460133817401825e+01 -3.492191100616087596e+01
-7.658399833540595836e+00 2.014596544712284665e+00 2.904298282790363506e-01 2.014596544712284665e+00 -4.725117053903211684e+01 6.952755643449015643e+00 2.904298282790363506e-01 6.952755643449015643e+00 2.418323826649904262e+01
6.158005403679730705e+01 3.708278138023430426e+00 2.805051691886874643e+00 3.708278138023430426e+00 7.919804195910568012e+01 3.546304720096197460e+00 2.805051691886874643e+00 3.546304720096197460e+00 8.739823676878486935e+00
4.055757208537470859e+01 1.595657859875386819e+01 5.000976629172608767e+00 1.595657859875386819e+01 2.685813326206006835e+01 2.965269372979004281e+00 5.000976629172608767e+00 2.965269372979004281e+00 4.147816023300826060e+01
-1.416091629232498406e+01 2.340010003846109043e+01 -3.072652653571909198e+00 2.340010003846109043e+01 1.666535296531095867e+01 2.676813776879011186e+01 -3.072652653571909198e+00 2.676813776879011186e+01 4.096114847160013284e+01
4.528643865009186698e+01 1.252132384840257551e+01 2.990058181407637683e+00 1.252132384840257551e+01 5.457733806417265043e+01 9.031568152686000772e+00 2.990058181407637683e+00 9.031568152686000772e+00 3.498724076183045639e+01
8.873769902810108690e+00 2.980033220342474642e+00 -1.507927105438221815e+01 2.980033220342474642e+00 -4.437590883087874083e+00 5.481347389845474538e+00 -1.507927105438221815e+01 5.481347389845474538e+00 8.007129221024946730e+00
-2.628952257897432787e+01 1.557465474662431459e+00 9.380819462042818913e+00 1.557465474662431459e+00 -3.010547109222212470e+01 -4.377468769956154304e+00 9.380819462042818913e+00 -4.377468769956154304e+00 -1.581791941121035272e+01
-2.045748824859876080e+00 1.925136418293644880e+01 5.387691822089609950e+00 1.925136418293644880e+01 1.638951178363025507e+00 3.722393323674734411e+00 5.387691822089609950e+00 3.722393323674734411e+00 -8.969351899633732472e+00
4.303831163965942608e+01 1.107233240255080797e-01 -1.568343364530418782e+00 1.107233240255080797e-01 4.797981325791091223e+01 5.683243048972274281e+00 -1.568343364530418782e+00 5.683243048972274281e+00 2.066634382349067423e+01
-2.701532694738664730e+01 8.200917841477304293e+00 -6.890254122613547194e-01 8.200917841477304293e+00 -5.059113873841361020e+00 1.335229998693223585e+01 -6.890254122613547194e-01 1.335229998693223585e+01 -4.914694707884437719e+01
3.159125407897482773e+01 -1.485107982552301475e+00 5.631000876940394306e+00 -1.485107982552301475e+00 1.985982650484180212e+01 1.086389174798781454e+01 5.631000876940394306e+00 1.086389174798781454e+01 2.933073591504918909e+01
1.403089398862779369e+01 -1.959026576332774283e+01 -1.078702675140051426e+01 -1.959026576332774283e+01 2.850371279298551741e+01 1.310063526808092327e+01 -1.078702675140051426e+01 1.310063526808092327e+01 -1.041359025925071435e+01
-1.404173506687683393e+01 5.573997417027703349e+00 3.809098036793843178e+00 5.573997417027703349e+00 -1.555844255724138137e+01 -5.968736950613174663e+00 3.809098036793843178e+00 -5.968736950613174663e+00 -2.004339447977098487e+01
2.439304808927712998e+01 3.391655107103846767e+00 -5.146759548551004038e+00 3.391655107103846767e+00 3.243011321382421386e+01 4.779895068105243006e+00 -5.146759548551004038e+00 4.779895068105243006e+00 2.427478434092928694e+01
1.205340295663732242e+01 3.863434119138722700e+00 -6.699711942433896006e+00 3.863434119138722700e+00 3.081372125456464772e+01 -4.955461322218133624e+00 -6.699711942433896006e+00 -4.955461322218133624e+00 3.672971415279584306e+01
5.868991241757544941e+00 -3.764834445301396659e+00 -2.236719317741960822e+01 -3.764834445301396659e+00 -2.056661343257002272e+01 -5.694353863647942937e+00 -2.236719317741960822e+01 -5.694353863647942937e+00 -4.028720578896464133e+01
1.723282447112045312e-01 -3.743780155526275966e+00 -2.188624434777230121e+00 -3.743780155526275966e+00 -6.572135253143849276e+00 1.565523865503604739e+01 -2.188624434777230121e+00 1.565523865503604739e+01 -2.835931762380575805e+01
-3.435470196526535069e+00 -1.384643353256101772e+00 -1.591033641339617866e+01 -1.384643353256101772e+00 -1.484960102411731486e-01 -7.799665440268488403e+00 -1.591033641339617866e+01 -7.799665440268488403e+00 -2.514688685885887054e+01
3.345243563168953216e+01 2.524818372012676004e+00 4.178900722511590615e+00 2.524818372012676004e+00 3.098574203009500749e+01 -6.164360005880000770e-01 4.178900722511590615e+00 -6.164360005880000770e-01 4.596615484133361207e+01
-2.934109309758807882e+01 3.931302181033839438e-01 -8.424641241385609547e+00 3.931302181033839438e-01 -2.940352729034523449e+01 -1.345727339904655473e+01 -8.424641241385609547e+00 -1.345727339904655473e+01 -8.442054225276855561e+00
1.050866132654819207e+00 3.284244460435534751e+00 5.604112305211353728e+00 3.284244460435534751e+00 -1.260498714051025182e+01 4.028888914672180022e+00 5.604112305211353728e+00 4.028888914672180022e+00 2.455297052733586227e+01
3.963544170619092366e+00 2.546147770771246766e+00 1.603731420039231992e+01 2.546147770771246766e+00 1.897165513747614440e+00 1.146086031415728179e+01 1.603731420039231992e+01 1.146086031415728179e+01 -5.171688919196721912e+01
2.276538369740412548e+01 -7.610723012646208652e+00 5.030601158608245527e+00 -7.610723012646208652e+00 3.076106360697935216e+01 -7.842639049990481226e+00 5.030601158608245527e+00 -7.842639049990481226e+00 9.114479981426503841e+00
4.724209310917756532e+00 -6.424954566433444647e+00 7.799151259969792527e+00 -6.424954566433444647e+00 1.665706575772927778e+01 -1.723215260882012601e+00 7.799151259969792527e+00 -1.723215260882012601e+00 6.432917101291755202e+00
1.133453767742811991e+01 3.410664202919880150e+00 3.803614604004981636e+00 3.410664202919880150e+00 -2.599514277039711718e+00 1.174886776528395593e+01 3.803614604004981636e+00 1.174886776528395593e+01 1.652393454641873305e+01
-3.606178820740705504e+01 -1.771845859300537063e-01 5.891621373660358429e+00 -1.771845859300537063e-01 -1.543525704688250855e+01 8.079373436117982532e-01 5.891621373660358429e+00 8.079373436117982532e-01 -1.366135149201469545e+01
-1.619369086445256567e+00 2.239153872104722254e+01 -1.629793871150912921e+01 2.239153872104722254e+01 -9.286659984484652020e-01 -9.848747683317739643e+00 -1.629793871150912921e+01 -9.848747683317739643e+00 -4.008255668261323734e+01
3.301686567699960051e+01 -8.453940840266477963e+00 1.102250394456424409e+01 -8.453940840266477963e+00 3.138771146733656892e+01 -1.125728156890267684e+01 1.102250394456424409e+01 -1.125728156890267684e+01 3.878547513150844228e+00
1.582443652184364602e+01 5.066899812217015686e+00 7.688586352388485645e-01 5.066899812217015686e+00 2.253928472773158020e+01 -6.911587997164154729e+00 7.688586352388485645e-01 -6.911587997164154729e+00 7.453783023078461412e+00
-8.643119785544932654e+00 -4.357814247682546771e+00 -1.121781941932578519e+01 -4.357814247682546771e+00 -2.358238272505633404e+01 -6.151755435941085537e+00 -1.121781941932578519e+01 -6.151755435941085537e+00 -3.076357149881916797e+01
1.353968457236063294e+01 3.448135458982335866e+00 1.500461915189585582e+01 3.448135458982335866e+00 -1.431832396004669583e+01 5.698373226098236266e+00 1.500461915189585582e+01 5.698373226098236266e+00 4.503474936887068125e+00
1.798376942685523261e+01 4.538795326595445601e-01 3.574451149366648650e+00 4.538795326595445601e-01 2.408955417704951074e+01 1.099951815410125988e+00 3.574451149366648650e+00 1.099951815410125988e+00 3.369275405611215746e+01
1.019623741233965575e+01 5.258377629703320011e+00 1.820511999389810232e+00 5.258377629703320011e+00 9.604043279856430360e+00 7.615312700885390917e+00 1.820511999389810232e+00 7.615312700885390917e+00 -8.702210328634794934e+00
1.022268802343818805e+01 3.049106927953310286e+00 1.337028398819730901e+00 3.049106927953310286e+00 1.897052493931894901e+01 8.805975611041972906e-01 1.337028398819730901e+00 8.805975611041972906e-01 2.848622353769599869e+01
1.269990345519227048e+01 9.250524072195675629e+00 -8.254846255790200260e+00 9.250524072195675629e+00 -1.109654869967536150e+00 -1.011214544415045324e+00 -8.254846255790200260e+00 -1.011214544415045324e+00 2.185995054459333176e+01
3.365085869218193437e+01 -1.598791814010974033e+00 1.405074694550728331e+01 -1.598791814010974033e+00 3.793255197305913384e+01 -1.532699491735746022e+01 1.405074694550728331e+01 -1.532699491735746022e+01 4.436065334633664747e+01
9.753431420675568120e+00 9.220079284082434157e+00 -4.408430143619621155e+00 9.220079284082434157e+00 2.807686725394699323e+00 -7.760584802255930947e-01 -4.408430143619621155e+00 -7.760584802255930947e-01 2.570965599339590568e+01
8.264968027924522787e+00 -1.818323816636806978e+00 -7.478259120701879148e+00 -1.818323816636806978e+00 -2.335736350010327556e+01 7.075965843250663134e+00 -7.478259120701879148e+00 7.075965843250663134e+00 4.063829581826711745e+01
1.414585171351636639e+01 4.219959649052401618e-02 1.116273274937106486e+00 4.219959649052401618e-02 3.073341581081917440e+01 -3.677322720768610775e+00 1.116273274937106486e+00 -3.677322720768610775e+00 2.743402387655736518e+01
-2.047148502145548221e+01 -1.178620705481581687e+01 -1.175476402754328831e+01 -1.178620705481581687e+01 1.574576110269988005e+00 -6.673010052937523362e+00 -1.175476402754328831e+01 -6.673010052937523362e+00 -2.937395305250149136e+01
-1.833175721788184731e+01 8.625700227317922852e+00 -3.629673511161420341e-01 8.625700227317922852e+00 -2.964654419328437385e+01 1.133907247887881109e+00 -3.629673511161420341e-01 1.133907247887881109e+00 -2.116321623554954101e+01
3.278055635089102804e+00 5.912803970122622488e+00 -7.795354208848482180e+00 5.912803970122622488e+00 7.078982609581714769e+00 1.116502764228889255e+01 -7.795354208848482180e+00 1.116502764228889255e+01 1.415821994252824645e+01
2.227453455514898195e+01 7.459036860859785456e+00 -2.454197598793438129e+00 7.459036860859785456e+00 1.722930012591281468e+01 5.063458071938569560e+00 -2.454197598793438129e+00 5.063458071938569560e+00 1.718889117905096953e+01
2.557211899406055622e+01 -9.472174691490339304e-01 -2.217065236446737142e+00 -9.472174691490339304e-01 7.855894518332453558e+00 6.792809382076284486e+00 -2.217065236446737142e+00 6.792809382076284486e+00 -4.363093064692168355e+01
4.890094961622774683e+00 -1.108446540370586142e+01 1.495964485579252745e+01 -1.108446540370586142e+01 1.217165558441843265e+00 1.194142613629746918e+01 1.495964485579252745e+01 1.194142613629746918e+01 -4.187273501392672870e+01
5.654478580173751112e+01 -5.483597087299107997e+00 8.936888989203207956e+00 -5.483597087299107997e+00 4.207623919743868157e+01 -1.072077863433657186e+01 8.936888989203207956e+00 -1.072077863433657186e+01 7.637969993343857844e+00
4.698251373251491891e+00 6.047811280328885708e+00 -4.187542089890292640e-01 6.047811280328885708e+00 -2.265573379426706069e+01 5.707373378029183542e+00 -4.187542089890292640e-01 5.707373378029183542e+00 2.668385399947912973e+01
5.631175367397890597e+01 8.925994942637561991e+00 1.009699147670723818e+01 8.925994942637561991e+00 6.416197074851966420e+01 -3.102563366821549540e+00 1.009699147670723818e+01 -3.102563366821549540e+00 -2.800490595283724460e+00
2.218928766789634466e+01 4.923144251818860617e+00 2.117507020733816248e+00 4.923144251818860617e+00 2.963104837000380520e+00 -6.367312620491171415e+00 2.117507020733816248e+00 -6.367312620491171415e+00 2.551407151304965737e+01
1.551199106898708280e+01 5.417518870908223150e+00 -2.669638727367178443e+00 5.417518870908223150e+00 1.827543269862927033e+01 6.233170823898774415e+00 -2.669638727367178443e+00 6.233170823898774415e+00 -5.886981145274221561e-01
-9.189643628864807567e+00 -4.047063613320123210e+00 1.455734680077022780e+01 -4.047063613320123210e+00 -1.278533366670685467e+01 9.654068564700263977e+00 1.455734680077022780e+01 9.654068564700263977e+00 -5.533315638582759100e+00
2.171063269302013410e+01 -3.517807525318666251e+00 -4.800699973102728890e+00 -3.517807525318666251e+00 1.632316436547869998e+01 7.461569734544878152e+00 -4.800699973102728890e+00 7.461569734544878152e+00 6.785104566152211802e+00
4.172291748756069119e+00 2.133667188520510294e+00 5.883750607216383877e+00 2.133667188520510294e+00 -3.065477522202052718e+00 -5.273908877305969689e+00 5.883750607216383877e+00 -5.273908877305969689e+00 2.166728834828953065e+00
1.571096734615568735e+01 6.939094114015586179e+00 6.696012919163981003e+00 6.939094114015586179e+00 1.461950251507663801e+01 5.438484700944822059e+00 6.696012919163981003e+00 5.438484700944822059e+00 4.567583874001281075e+00
3.741743731347964541e+01 9.181066699465350922e+00 4.612817916945142649e+00 9.181066699465350922e+00 2.799216244828274469e+01 3.782985324235645930e+00 4.612817916945142649e+00 3.782985324235645930e+00 3.894494983287121670e+01
2.440880551366618789e+01 -4.461684953500392403e+00 -1.264523374803691347e+01 -4.461684953500392403e+00 1.499211484516423276e+01 -2.971480762597397351e+00 -1.264523374803691347e+01 -2.971480762597397351e+00 3.622897334584207485e+00
1.642617853214416712e+01 1.677453767794129291e+01 4.841497834938883749e+00 1.677453767794129291e+01 1.950520018416347412e+01 1.738162494086557208e+00 4.841497834938883749e+00 1.738162494086557208e+00 3.792946243063292400e+01
2.884384245108165601e+01 -2.338728898521813981e+00 2.083240311047251936e+00 -2.338728898521813981e+00 4.187267231781150656e+01 4.081969726229847772e+00 2.083240311047251936e+00 4.081969726229847772e+00 4.507166339248483666e+01
5.912770701124925665e+01 9.032307787892779771e+00 -1.557532919303908159e+01 9.032307787892779771e+00 5.269335443081141079e+01 3.443417107415823963e+00 -1.557532919303908159e+01 3.443417107415823963e+00 4.329326376613330041e+01
-2.084832383501355135e+00 -2.160947313492734523e+01 -1.183193604213903738e+00 -2.160947313492734523e+01 -1.297062029331731914e+01 1.206718831048470442e+01 -1.183193604213903738e+00 1.206718831048470442e+01 -3.083533042810183744e+01
2.043589870002440279e+01 1.540396745493554498e+01 -3.355536022236678684e-01 1.540396745493554498e+01 1.147808964636100626e+01 -6.313501525100090994e+00 -3.355536022236678684e-01 -6.313501525100090994e+00 -4.449517200128997096e+00
2.611224663866047280e+01 1.014642296066680993e+00 2.230617579819143437e+00 1.014642296066680993e+00 2.889379877868363877e+01 6.358287561644474728e+00 2.230617579819143437e+00 6.358287561644474728e+00 -1.032659416943122643e+01
8.529947161988343396e+01 5.298659200196273567e+00 1.597291742991949537e+00 5.298659200196273567e+00 4.700478134759298854e+01 -1.557471994380267333e+01 1.597291742991949537e+00 -1.557471994380267333e+01 2.400807741982791299e+01
8.788827444629971453e+00 5.788573585101794094e+00 -4.211037222704930194e+00 5.788573585101794094e+00 -1.146948862362667576e+01 5.685892513525068637e+00 -4.211037222704930194e+00 5.685892513525068637e+00 -1.180340321635205036e+01
-1.579480327470721335e+01 2.661590493660556778e+00 -4.278747038820672088e+00 2.661590493660556778e+00 -1.105350426004350872e+01 3.353601231646423209e+00 -4.278747038820672088e+00 3.353601231646423209e+00 -4.327152910906195693e+00
7.719128487880866807e+00 2.635168616385326956e+00 -8.977545805139279800e-01 2.635168616385326956e+00 2.983449293647952061e+01 -2.517383965727943984e+00 -8.977545805139279800e-01 -2.517383965727943984e+00 3.613711730319952409e+01
-3.938292237991783296e+00 1.066765456325633110e+01 -9.719868732543574197e+00 1.066765456325633110e+01 -4.662394555364910076e+01 -1.299514715823989697e+01 -9.719868732543574197e+00 -1.299514715823989697e+01 2.778962715493812397e+01
-7.433587163192538760e+00 -9.625327776334973606e+00 6.927784147643866852e+00 -9.625327776334973606e+00 -1.581955626567473239e+01 -1.960343522359194735e+00 6.927784147643866852e+00 -1.960343522359194735e+00 -4.231922181750480405e+01
-1.261512035184536096e+01 -1.493705618548298730e+01 1.027427057746745298e+01 -1.493705618548298730e+01 -1.921754816078854677e+00 1.285116492604311844e+01 1.027427057746745298e+01 1.285116492604311844e+01 5.863525534424455010e+00
-8.146299183752191198e+00 5.926316315171485272e+00 2.862735242174596628e+00 5.926316315171485272e+00 -1.536263459866426118e+01 -3.329320721765708591e+00 2.862735242174596628e+00 -3.329320721765708591e+00 -3.792529722793987901e+01
4.588612033178889327e+00 1.559106632230595579e+01 6.752905762939436229e+00 1.559106632230595579e+01 3.906586429145360917e+00 -9.450168055221116248e+00 6.752905762939436229e+00 -9.450168055221116248e+00 -1.191648157227289140e+01
-2.191024533799335927e+01 3.534628881824782631e+00 1.189514087306520906e+01 3.534628881824782631e+00 -2.119566410507003695e+01 4.141369423717188525e+00 1.189514087306520906e+01 4.141369423717188525e+00 -2.811734160102997748e+01
5.785960350401727226e+01 1.349847678307317000e+00 -6.817454060087311696e+00 1.349847678307317000e+00 6.384507087934314029e+01 -2.216620909817083707e+00 -6.817454060087311696e+00 -2.216620909817083707e+00 2.804086737641915406e+01
-2.986018006412486514e+01 -1.679341966095713445e+01 -1.111508312314779978e+01 -1.679341966095713445e+01 -1.633597321336112884e+01 3.766986179196142093e+00 -1.111508312314779978e+01 3.766986179196142093e+00 3.851049777965974030e+00
-2.769654507058314863e+01 -5.989064047384592193e+00 3.199854942623062470e+00 -5.989064047384592193e+00 -2.855001962624710998e+01 5.425892204656805440e+00 3.199854942623062470e+00 5.425892204656805440e+00 -4.180692460356544160e+01
2.712493312675666957e+01 -1.381510671500274956e+00 1.145712295936791847e+01 -1.381510671500274956e+00 2.193000417611583330e+01 1.310601734522695239e+01 1.145712295936791847e+01 1.310601734522695239e+01 3.886186289870485666e+01
4.290109575781627171e+01 -1.981646138294392046e+01 6.429689311930247619e+00 -1.981646138294392046e+01 5.410210673885791266e+01 -1.499477367778548320e+01 6.429689311930247619e+00 -1.499477367778548320e+01 1.657299272357244835e+00
5.331601231525662143e+01 1.191668837376962209e+01 1.921420888552262340e+00 1.191668837376962209e+01 5.496007017480774692e+01 1.081166134410582069e+00 1.921420888552262340e+00 1.081166134410582069e+00 5.813754490699543531e+00
-3.798449153533557165e+01 9.882077555494952037e+00 8.979160767690718359e+00 9.882077555494952037e+00 -4.687467555517874018e+01 2.014081255134883897e+00 8.979160767690718359e+00 2.014081255134883897e+00 1.354389162505303013e+01
-1.438588085116545834e+01 9.326912900437724474e+00 1.243011272204796391e+01 9.326912900437724474e+00 -7.837292399059601067e+00 1.745160683610363961e+01 1.243011272204796391e+01 1.745160683610363961e+01 -4.512736156059327897e+01
-1.588954713256661222e+01 2.146511126740296316e+00 -8.673635443755318697e-01 2.146511126740296316e+00 -4.360350276630041577e+01 4.134053414232045753e+00 -8.673635443755318697e-01 4.134053414232045753e+00 -5.425581176500686098e+01
