-9.009059994129938076e+00 -9.408673000196454694e+00 2.185183780472100423e+01 -9.408673000196454694e+00 -2.576291553892322028e+01 7.319054504773849779e+00 2.185183780472100423e+01 7.319054504773849779e+00 -2.528775857562596929e+00
2.321918587338377904e+01 -1.013155383972657253e+00 1.035682867841945942e+01 -1.013155383972657253e+00 1.518641585174241371e+01 2.714344477075903761e+00 1.035682867841945942e+01 2.714344477075903761e+00 2.779031052055125883e+01
-1.733521949869280121e+01 -4.868958166078100724e+00 5.798985426311116242e+00 -4.868958166078100724e+00 -3.623497955150409666e+01 -7.171933064253986245e+00 5.798985426311116242e+00 -7.171933064253986245e+00 -1.165785719196106385e+01
-1.080366580959286082e+01 -1.175505528133464317e+00 1.081217432523669419e+00 -1.175505528133464317e+00 -5.230900187983644400e+01 3.938631364025528825e+00 1.081217432523669419e+00 3.938631364025528825e+00 -2.179459206056348108e+01
1.620133530070129169e+01 -1.218719007106248364e+00 4.700732141507754314e+00 -1.218719007106248364e+00 -3.266972778037084080e+00 -3.737127532071941038e-01 4.700732141507754314e+00 -3.737127532071941038e-01 5.040345758708024704e+00
1.034743944227641599e+01 6.528305654950909975e+00 2.641406325075617900e+00 6.528305654950909975e+00 -9.386533288061018609e+00 -8.101660223348563505e+00 2.641406325075617900e+00 -8.101660223348563505e+00 8.899715864508292995e+00
2.769680054626527266e+01 -4.100625983488759840e-01 1.001961242921377782e+01 -4.100625983488759840e-01 1.844432049604710855e+01 8.915003329329987736e+00 1.001961242921377782e+01 8.915003329329987736e+00 1.189053356316123455e+01
1.883694554260894094e+01 1.044868909614835495e+01 -6.841916862012348943e+00 1.044868909614835495e+01 6.933975796780175171e-01 -9.968148775211909118e-01 -6.841916862012348943e+00 -9.968148775211909118e-01 1.387028790042038118e+01
-1.939101778288514311e+01 -6.824383980943727224e+00 4.617246970464510269e+00 -6.824383980943727224e+00 -3.974897240383798191e+01 -2.961564817419315876e+00 4.617246970464510269e+00 -2.961564817419315876e+00 -2.256215073297778773e+01
3.243100355091772258e+01 -4.842876564449277721e-01 4.298841306733831580e+00 -4.842876564449277721e-01 2.136691846907543635e+01 -2.241644327023500249e+00 4.298841306733831580e+00 -2.241644327023500249e+00 2.980064400904257127e+01
-2.229252295753073909e+01 1.062724522830686524e+01 6.627415569727103772e+00 1.062724522830686524e+01 -1.545378031005740382e+01 -8.163320094512013014e+00 6.627415569727103772e+00 -8.163320094512013014e+00 -2.508677173744640143e+01
4.793137164773754932e+01 -5.752494549796032253e+00 4.207618152284687163e+00 -5.752494549796032253e+00 3.820787915961760461e+01 -3.807386580182031466e+00 4.207618152284687163e+00 -3.807386580182031466e+00 4.764606521416452978e+01
2.871894554036531844e+01 9.311366181120742658e-01 -1.024963802605898922e+00 9.311366181120742658e-01 7.824289867368251772e-02 -1.751736622404781230e+00 -1.024963802605898922e+00 -1.751736622404781230e+00 2.181547032242916373e+01
-3.051808001007779048e+00 7.117210862739104194e+00 1.441528797413639218e+01 7.117210862739104194e+00 -4.936571750538535142e+00 2.481282316051227177e+00 1.441528797413639218e+01 2.481282316051227177e+00 -8.110926730366887494e-01
4.417941322298722184e+01 2.716920586669298476e+00 8.290807794683852094e+00 2.716920586669298476e+00 3.797084096263547792e+01 8.699410672771076491e+00 8.290807794683852094e+00 8.699410672771076491e+00 4.367471785450593558e+01
3.198643825298765364e+01 5.607342759198206572e+00 -9.328475109838390011e-01 5.607342759198206572e+00 2.264749766403447140e+01 -4.732716834871506961e+00 -9.328475109838390011e-01 -4.732716834871506961e+00 2.430431252773352924e+01
-3.724775711800222666e+01 7.010794700033069482e-01 1.522838430584866032e+01 7.010794700033069482e-01 -5.946567257495328818e+01 8.902753426194211173e+00 1.522838430584866032e+01 8.902753426194211173e+00 -4.777975936614090813e+01
3.566198009901017940e+01 1.264736117014689398e+01 6.061307170098089170e-01 1.264736117014689398e+01 2.942968877547665230e+01 -1.566934001000503951e+00 6.061307170098089170e-01 -1.566934001000503951e+00 3.339991030613109757e+01
-1.073258542004193750e+01 -4.888167247269438853e+00 2.200809674737470445e+01 -4.888167247269438853e+00 -2.393181442280402749e+01 3.302222502248681302e+00 2.200809674737470445e+01 3.302222502248681302e+00 -3.090251723077399504e+01
1.830440794614996847e+01 1.924662164843423229e+00 1.177303921534470810e+01 1.924662164843423229e+00 1.794280862079568450e+01 -2.097550888108115963e+00 1.177303921534470810e+01 -2.097550888108115963e+00 3.179942967070705606e+01
1.063782431944279061e+01 9.457006696656959921e-01 3.132290460860664538e+00 9.457006696656959921e-01 -1.121639538683757387e+01 7.896778565577596609e+00 3.132290460860664538e+00 7.896778565577596609e+00 4.551713608223400875e+00
-9.144963431519094188e-01 7.086954022948680709e+00 8.010279380971118135e-01 7.086954022948680709e+00 -6.307581224690258503e-01 -3.044531553322353812e+00 8.010279380971118135e-01 -3.044531553322353812e+00 1.065823394182780781e+01
-2.447190229722810884e+01 2.232912027449996728e+00 9.536053526018751114e+00 2.232912027449996728e+00 -2.396277042675787072e+01 -6.612240178937658364e+00 9.536053526018751114e+00 -6.612240178937658364e+00 -1.821891592471372689e+01
-8.204187982809383328e+00 1.176162382353715863e+01 8.117433267644127426e+00 1.176162382353715863e+01 -2.122225620551831327e+01 -2.275230558963326377e+00 8.117433267644127426e+00 -2.275230558963326377e+00 -9.272468728330398591e+00
3.390424929313833502e+01 -7.001068316836760452e+00 1.729151917611225286e+01 -7.001068316836760452e+00 2.486873438247620882e+01 -1.614619718527122272e+00 1.729151917611225286e+01 -1.614619718527122272e+00 2.879990133616833603e+01
-1.685243784730600991e+00 -2.408566937142500475e+00 1.739966483193867575e+01 -2.408566937142500475e+00 -2.436445707590639742e+01 -1.384058515612690554e+00 1.739966483193867575e+01 -1.384058515612690554e+00 -2.246922531307303927e+01
1.148844177137352851e+01 1.126940365224356633e+01 2.096508726071310846e+01 1.126940365224356633e+01 -1.902344679989367293e+01 1.640811163324953625e+01 2.096508726071310846e+01 1.640811163324953625e+01 3.960054680644069958e+00
3.238720113805699441e+01 6.230801175674224979e+00 5.281454614323493502e+00 6.230801175674224979e+00 2.387379116813879065e+01 3.331792897125866570e+00 5.281454614323493502e+00 3.331792897125866570e+00 3.499531090858270943e+01
3.488393263865884109e+01 -3.280887539838841072e+00 5.007823717205286407e+00 -3.280887539838841072e+00 2.751112208787533930e+01 -2.617793928090265343e+00 5.007823717205286407e+00 -2.617793928090265343e+00 3.419189745531314628e+01
2.915267329925856288e+01 1.967723041761550817e+01 2.849428254324519116e+01 1.967723041761550817e+01 1.414782576993644447e+01 5.493969718397925028e+00 2.849428254324519116e+01 5.493969718397925028e+00 8.533587722103527895e+00
-1.170902353995615641e+01 -8.059174623796993009e-01 7.816347488539219235e+00 -8.059174623796993009e-01 -3.369563782408395269e+01 -1.533332746673690217e+01 7.816347488539219235e+00 -1.533332746673690217e+01 -2.372923626030909716e+01
6.048124828565506483e+00 -1.824076664388068814e+00 8.337999831053872768e+00 -1.824076664388068814e+00 -7.488792590176227115e+00 1.315630763966165517e+00 8.337999831053872768e+00 1.315630763966165517e+00 1.538460192081007882e+01
3.666505480782244319e+01 -1.304955539940262366e-01 1.980614071907873708e+01 -1.304955539940262366e-01 8.046876174256706094e+00 -1.129712897231989643e+01 1.980614071907873708e+01 -1.129712897231989643e+01 3.962531362656805811e+01
5.553772609790098569e-01 1.629985291965856931e+01 5.825299906591335564e+00 1.629985291965856931e+01 -1.535117183389698603e+01 4.647838678568333215e+00 5.825299906591335564e+00 4.647838678568333215e+00 1.933656534502861746e+01
-1.575386856514569833e-01 1.317507232825713359e+01 8.336714278029413450e+00 1.317507232825713359e+01 -2.085085107406892035e+01 -9.509425156263560552e+00 8.336714278029413450e+00 -9.509425156263560552e+00 2.634521486477959584e+01
1.822171314866000458e+01 1.242898753669062550e+01 1.286380684562005250e+01 1.242898753669062550e+01 -4.405154496512544426e+00 -2.624083886817703881e+00 1.286380684562005250e+01 -2.624083886817703881e+00 1.340757306246147351e+01
5.071318673157188783e+01 3.845651875462169578e+00 9.995533753830358137e+00 3.845651875462169578e+00 4.568428124642016286e+01 -7.335235251102321108e+00 9.995533753830358137e+00 -7.335235251102321108e+00 6.431291986568760422e+01
-2.512347672186309167e-01 1.737770410710647795e+01 8.332235889281259134e+00 1.737770410710647795e+01 -1.071062012192405177e+01 -2.825203915416572453e+00 8.332235889281259134e+00 -2.825203915416572453e+00 2.684536616634595863e+00
5.530220761829343701e+01 -3.215117794390883743e-01 -6.546722381229933552e-01 -3.215117794390883743e-01 2.844660295394673710e+01 6.104943819787971293e+00 -6.546722381229933552e-01 6.104943819787971293e+00 5.344905916380400868e+01
-1.175886306364382605e+01 6.038287068271442903e-01 7.894469666244920525e+00 6.038287068271442903e-01 -3.418379291265624431e+01 9.809010575750727601e-02 7.894469666244920525e+00 9.809010575750727601e-02 -7.301401355185215714e+00
-7.726033120344625971e+00 -4.848261232191642733e+00 7.821659617465736680e+00 -4.848261232191642733e+00 -7.579389897868645809e-01 1.299858670951060979e+01 7.821659617465736680e+00 1.299858670951060979e+01 -6.940779513733024153e+00
-6.419245498353472357e+00 2.734189454040403700e+00 1.150534424750121154e+01 2.734189454040403700e+00 -2.370969434476052129e+01 4.958035183204241747e+00 1.150534424750121154e+01 4.958035183204241747e+00 -6.342055417411535112e-01
2.328779636024848720e+00 -1.543927415387348034e+01 1.115263597235317539e+00 -1.543927415387348034e+01 -2.412363747029608163e+01 9.371309294441648063e+00 1.115263597235317539e+00 9.371309294441648063e+00 -1.628647029311741079e+01
-2.339879060188073900e+00 -1.045371621066415102e+01 8.208711414750929691e+00 -1.045371621066415102e+01 -4.538987573109003648e+01 -1.382443137800289046e+00 8.208711414750929691e+00 -1.382443137800289046e+00 -1.063818015948351103e+01
-2.711577721093372162e+01 5.578919387073773883e+00 4.669752382129401269e+01 5.578919387073773883e+00 -5.089546457756446785e+01 -1.595259398722099853e+01 4.669752382129401269e+01 -1.595259398722099853e+01 -1.827638930260049221e+01
1.903296268845977224e+01 6.885255737177733426e-01 1.580543293306574881e+01 6.885255737177733426e-01 -1.498043924870856181e+01 3.712027763553903181e+00 1.580543293306574881e+01 3.712027763553903181e+00 1.327047635379684820e+01
-1.766862754694644622e+01 7.430386794256845562e+00 8.715227774986457732e+00 7.430386794256845562e+00 -1.935195052573658003e+01 -3.296060048233892537e-02 8.715227774986457732e+00 -3.296060048233892537e-02 -1.087180402069774487e+01
-4.993132279175819832e+01 -3.370653135223691255e+00 8.453991188472736340e+00 -3.370653135223691255e+00 -6.647484274089254086e+01 -9.650564925972528130e+00 8.453991188472736340e+00 -9.650564925972528130e+00 -3.300906487229450903e+01
6.330594992443955071e+00 -2.431529158557233394e+00 7.593890564185700853e+00 -2.431529158557233394e+00 -9.414766830387886642e+00 -5.587428231491395003e+00 7.593890564185700853e+00 -5.587428231491395003e+00 4.369334431503575367e+00
3.003820469009944816e+00 9.795876965819703130e+00 -2.232519757793705040e+00 9.795876965819703130e+00 -1.428836976018858529e+01 -8.793916675374193304e+00 -2.232519757793705040e+00 -8.793916675374193304e+00 4.096325948387378624e+00
7.796332813741043921e+00 6.154915327797225721e+00 1.496821010046648759e+01 6.154915327797225721e+00 -2.483607499045064060e+01 4.484354113280999421e+00 1.496821010046648759e+01 4.484354113280999421e+00 5.435935393232308677e+00
4.620525553139690800e+01 -7.384302698052853664e+00 1.370768385829065394e+01 -7.384302698052853664e+00 3.621531636433831380e+01 -2.709573684041105324e+00 1.370768385829065394e+01 -2.709573684041105324e+00 6.329685458340729554e+01
1.603490720262535874e+01 1.247542826140415073e+01 1.009628420975888652e+01 1.247542826140415073e+01 1.616222252928293557e+01 -6.221429530959802889e+00 1.009628420975888652e+01 -6.221429530959802889e+00 1.656259388953450085e+01
1.350293244576829288e+01 5.497054659830745926e+00 7.429953796140984501e+00 5.497054659830745926e+00 -7.282866404990486764e+00 8.207961668735325178e-01 7.429953796140984501e+00 8.207961668735325178e-01 1.738676603351267858e+01
-2.972957947189599537e+01 7.666958920819694434e+00 -4.461790960378857918e+00 7.666958920819694434e+00 -5.139998281664107083e+01 3.794076718810843296e+00 -4.461790960378857918e+00 3.794076718810843296e+00 -4.214738762001267958e+01
-3.347717730347697085e+01 1.198130799519160572e+00 3.721371911557920242e+01 1.198130799519160572e+00 -6.483171694817762898e+01 5.206701099483918682e+00 3.721371911557920242e+01 5.206701099483918682e+00 -3.492607930719783838e+01
1.232154156090585850e+01 2.646299261772408151e+00 6.076286808039919940e+00 2.646299261772408151e+00 -4.146196686808389487e+00 -4.652518260245985360e+00 6.076286808039919940e+00 -4.652518260245985360e+00 1.458804527485231617e+01
-1.841879916146366369e+01 -7.697648639626167189e+00 6.127923540566684757e+00 -7.697648639626167189e+00 -2.384465838220558354e+00 -2.965593162188939313e+00 6.127923540566684757e+00 -2.965593162188939313e+00 -1.799978853866937101e+01
1.228198740831392577e+00 1.429666080853186649e+01 2.888893765515802414e+01 1.429666080853186649e+01 -1.558763882806175438e+01 6.393960572241958573e+00 2.888893765515802414e+01 6.393960572241958573e+00 -3.461292806982811499e+00
8.327424344271323164e+00 -4.170558423583460517e+00 4.158011619909738954e+01 -4.170558423583460517e+00 -1.429205362254816158e+01 -1.138324978104446039e+01 4.158011619909738954e+01 -1.138324978104446039e+01 -1.396351444324277047e+01
-1.305483762804977843e+01 1.064960613424751479e+01 1.056528165547922171e+01 1.064960613424751479e+01 -3.092760129434999072e+01 -8.334905005534478661e+00 1.056528165547922171e+01 -8.334905005534478661e+00 -2.725720467834513627e+01
-8.562474360931471296e+00 7.607023019070124903e+00 5.160935593383900510e+00 7.607023019070124903e+00 -2.049339072460583822e+01 1.480127825594207414e+00 5.160935593383900510e+00 1.480127825594207414e+00 -8.873218568609791745e+00
-7.519917795498398672e-01 2.185893576219352319e+00 7.320636391867296311e+00 2.185893576219352319e+00 -4.755761883877352325e+00 3.423000333649452109e+00 7.320636391867296311e+00 3.423000333649452109e+00 -3.668714943476770074e+00
3.763508629378677028e+01 1.269157540234786019e+01 1.964355241500018323e+01 1.269157540234786019e+01 -9.971341800848270154e+00 -1.667040310569177919e+01 1.964355241500018323e+01 -1.667040310569177919e+01 2.477702077959984450e+01
-4.341954590328385599e+00 -2.192514571146039426e+00 3.740607437971703142e+00 -2.192514571146039426e+00 -2.434683280000852434e+01 6.390196387230835384e-01 3.740607437971703142e+00 6.390196387230835384e-01 6.170642528021034856e+00
8.843984245794613841e+00 -6.747103193225077788e+00 1.664193493120467338e+01 -6.747103193225077788e+00 -2.918675337462697073e+01 -5.491041170372571223e+00 1.664193493120467338e+01 -5.491041170372571223e+00 9.831696554695582790e+00
1.270530436708129329e+01 5.013963205441863025e+00 7.741031137139620100e+00 5.013963205441863025e+00 -5.514092421033958580e+00 -5.496358592683883160e+00 7.741031137139620100e+00 -5.496358592683883160e+00 1.504637419478707905e+01
-5.025352980303773087e+00 -5.421197691249506789e+00 1.836338109599399582e+00 -5.421197691249506789e+00 -2.723571097491559456e+01 -2.718665302443739051e+00 1.836338109599399582e+00 -2.718665302443739051e+00 1.070329507615826597e-01
-9.729564274998731221e+00 4.192023098740677689e+00 1.311183812237511503e+01 4.192023098740677689e+00 -3.836541495475468366e+01 1.289033348525139999e+01 1.311183812237511503e+01 1.289033348525139999e+01 -2.388103596655217942e+01
-8.517012245014472072e+00 1.668035795756447781e+00 1.946385292392706035e+01 1.668035795756447781e+00 -4.069944223350226054e+01 7.902570944083961102e+00 1.946385292392706035e+01 7.902570944083961102e+00 -5.105198698894151121e+00
3.224976778885910988e+01 1.084174472944138401e+01 6.591616797940376138e+00 1.084174472944138401e+01 1.519333636278854760e+00 -8.772149498434298476e-01 6.591616797940376138e+00 -8.772149498434298476e-01 3.098983360146354116e+01
2.237023865223506291e+01 3.000163544965715356e+00 1.067106917340956684e+01 3.000163544965715356e+00 6.043207266900748387e+00 -7.354591184591723341e+00 1.067106917340956684e+01 -7.354591184591723341e+00 4.716256646888292892e+01
1.783135992009292181e+01 3.592751650242800299e+00 5.465402263762127788e+00 3.592751650242800299e+00 -6.017223918992516296e+00 -5.909877346121215957e+00 5.465402263762127788e+00 -5.909877346121215957e+00 1.491559718376692878e+01
5.772168594579510703e+00 -4.281275212264724628e-01 5.426277137344598600e+00 -4.281275212264724628e-01 -2.753926579949683884e+01 3.224330746681153048e+00 5.426277137344598600e+00 3.224330746681153048e+00 3.549918139546119900e+00
2.501721915671869922e+01 5.121645797527730970e+00 1.765142782373021291e+01 5.121645797527730970e+00 1.051788840986528939e+01 -2.130800508369130153e+00 1.765142782373021291e+01 -2.130800508369130153e+00 3.193192843960499161e+01
-2.528990934413944736e+00 6.746306621088893785e+00 1.741538636098969306e+01 6.746306621088893785e+00 -1.112222995538012427e+01 -3.389069144889970353e+00 1.741538636098969306e+01 -3.389069144889970353e+00 1.701776947327002176e+01
-2.937205529854749919e+00 -3.901838914505009637e+00 1.327641837780454637e+01 -3.901838914505009637e+00 -1.318998996442146243e+01 -5.066967423320230424e+00 1.327641837780454637e+01 -5.066967423320230424e+00 -5.797821908252451806e+00
3.205876630184429388e+01 9.814672304401250713e+00 2.797880170048933834e+01 9.814672304401250713e+00 6.516921112461010246e+00 4.293296176579010748e+00 2.797880170048933834e+01 4.293296176579010748e+00 5.536446353043059787e+01
1.975538292007866303e+01 -9.814331268108158923e+00 3.975323676176226684e+01 -9.814331268108158923e+00 8.233839162382180277e+00 -2.692895974388700875e+00 3.975323676176226684e+01 -2.692895974388700875e+00 -8.337002551808577522e+00
1.464352614730384872e+01 -5.339732425364535295e+00 5.731981786145309066e+00 -5.339732425364535295e+00 -4.952179819674491057e+00 -9.725798573055360663e+00 5.731981786145309066e+00 -9.725798573055360663e+00 2.506122424350025923e+01
-2.938060286197983473e+01 -5.907332951772613860e+00 1.178075134132439850e+01 -5.907332951772613860e+00 -3.659715062684640685e+01 -5.057431421487031287e+00 1.178075134132439850e+01 -5.057431421487031287e+00 -2.786461326060340937e+01
2.939603661024882686e-01 9.989060101436519901e+00 1.749701647807514027e+00 9.989060101436519901e+00 -1.054134773751389531e+01 9.363738744042112927e+00 1.749701647807514027e+00 9.363738744042112927e+00 7.609755909039758848e+00
2.658500442761534899e+01 -1.614046805433342557e+00 4.670154035346627985e+00 -1.614046805433342557e+00 4.034708560639821684e+01 3.736998286786842594e-02 4.670154035346627985e+00 3.736998286786842594e-02 3.360178985288547437e+01
2.885342159479582946e+01 1.291583221722358132e+01 1.655232859875502527e+01 1.291583221722358132e+01 4.994358823072456488e+00 -1.057741037534837325e+01 1.655232859875502527e+01 -1.057741037534837325e+01 3.010076148905364590e+01
5.169757399140784138e+00 -5.982865895396402678e+00 1.118325492006017896e+01 -5.982865895396402678e+00 -1.467515059608951944e+01 -2.938099859785705537e+00 1.118325492006017896e+01 -2.938099859785705537e+00 -1.870800764922664072e+01
-2.787326060857240861e+01 -1.108571083204591545e+01 2.404829475326821786e+00 -1.108571083204591545e+01 -6.156527181985821073e+01 4.516082821131403691e+00 2.404829475326821786e+00 4.516082821131403691e+00 -2.621907203261055130e+01
-2.769243293426668018e+01 3.022794982144914933e+00 7.612654919808970355e+00 3.022794982144914933e+00 -4.099290819429966604e+01 5.387942241087931627e+00 7.612654919808970355e+00 5.387942241087931627e+00 -3.251857090209652767e+01
-1.711801867948139488e+01 -1.056376496549867028e+01 5.822125764053691199e+00 -1.056376496549867028e+01 -2.476468362976617499e+01 -6.416934756523543726e+00 5.822125764053691199e+00 -6.416934756523543726e+00 -4.930446534922985791e+00
2.822472996542813206e+01 8.350477240333489704e+00 5.102137188083861297e+00 8.350477240333489704e+00 1.517563655109507792e+01 -4.183005228016105193e+00 5.102137188083861297e+00 -4.183005228016105193e+00 3.486669051653523610e+01
-1.547977474201685055e+01 1.369425590586860864e+01 -5.042164280213397909e+00 1.369425590586860864e+01 -4.047438356417908523e+01 -1.009922946107118946e+01 -5.042164280213397909e+00 -1.009922946107118946e+01 -2.672996931580852120e+01
-4.770117461728329289e+00 5.060092214416828105e-01 5.685377888490480203e+00 5.060092214416828105e-01 -2.112784466925369387e+01 -5.085154664166299021e+00 5.685377888490480203e+00 -5.085154664166299021e+00 -7.703300591179291883e-03
-1.055488361187691559e+01 1.920490539891243031e+01 3.185727807172148829e+01 1.920490539891243031e+01 -4.807866920235446173e+01 9.223765576902842156e+00 3.185727807172148829e+01 9.223765576902842156e+00 -2.965821099927420157e+00
-5.271345959636160039e+00 -1.228676249954598276e+01 5.013617251771731453e+00 -1.228676249954598276e+01 -2.240985138473000404e+00 -3.886848038673461403e+00 5.013617251771731453e+00 -3.886848038673461403e+00 1.258982764348029271e+01
4.235810223390303442e+00 1.055435618884413884e+01 6.134126583448026082e+00 1.055435618884413884e+01 -1.127128662502420609e+00 -9.849054334558396961e-01 6.134126583448026082e+00 -9.849054334558396961e-01 5.990676680823567857e+00
-1.730676269881838536e+00 4.834868324022649766e+00 1.112272544518904027e+01 4.834868324022649766e+00 1.553418686083702926e+00 -9.582036908857984869e+00 1.112272544518904027e+01 -9.582036908857984869e+00 5.235290042788215636e+00
5.936663247941678989e+00 2.443733219223409137e+00 2.233312212404170438e+01 2.443733219223409137e+00 -3.541520779068859781e+01 2.969070751296082999e+00 2.233312212404170438e+01 2.969070751296082999e+00 1.279946417703664530e+01
1.621655556305442758e+01 9.373781679758920404e+00 6.370876987144789894e+00 9.373781679758920404e+00 -3.719888774517078889e-01 -4.146395792057180785e+00 6.370876987144789894e+00 -4.146395792057180785e+00 1.967414824877318225e+01
3.287391266913562049e+01 4.953569947807232587e+00 1.300648912423129211e+01 4.953569947807232587e+00 2.164385173439557164e+01 -3.198930008039459150e+00 1.300648912423129211e+01 -3.198930008039459150e+00 4.824487836902019211e+01
3.064381584665365210e+01 -1.129741243576357057e+01 3.540136159950328931e+01 -1.129741243576357057e+01 2.858970030388654493e+00 1.119943353684816678e+01 3.540136159950328931e+01 1.119943353684816678e+01 3.232706741379784177e+01
1.658446984882250064e+01 1.021715361591797233e+01 8.660023538466077753e+00 1.021715361591797233e+01 -2.032866662810723213e+01 -2.357746906134476017e+00 8.660023538466077753e+00 -2.357746906134476017e+00 -1.310217192749659887e+01
