-1.061776766399845684e+01 -1.166649759302377520e-01 1.520768196842060149e+01 -1.166649759302377520e-01 -9.321204001476159462e+00 -9.285484426580627115e+00 1.520768196842060149e+01 -9.285484426580627115e+00 -3.503839326382274777e+01
3.562856882767120936e+01 -1.962173184665500258e+01 -2.304392782148628083e+00 -1.962173184665500258e+01 4.393071285442143648e+01 1.769195823248647992e+00 -2.304392782148628083e+00 1.769195823248647992e+00 -1.425591492561392748e+01
1.899497141037873860e+01 -6.376443368996701722e+00 1.944784477937649214e+01 -6.376443368996701722e+00 -8.747124130736246173e+00 -1.078775199974573695e+01 1.944784477937649214e+01 -1.078775199974573695e+01 -9.736499832838928725e+00
-1.993877039215378488e+01 4.401031779603889582e+00 1.610491311701001349e+00 4.401031779603889582e+00 -1.075421585428794735e+01 -1.014202075863958719e+00 1.610491311701001349e+00 -1.014202075863958719e+00 -3.127637807392264335e+01
6.172347490342815490e+01 2.083500203005293372e+00 1.700632132865000479e+00 2.083500203005293372e+00 7.424527683433072411e+01 2.974273346129703199e+01 1.700632132865000479e+00 2.974273346129703199e+01 3.211225207299253270e+01
2.557765899080409611e+01 -1.085877755553749680e+01 1.004681401514003447e+01 -1.085877755553749680e+01 4.697639346442107922e+01 -1.267649702450749238e+01 1.004681401514003447e+01 -1.267649702450749238e+01 -1.880115444572498973e+01
-6.682824083249188085e-01 -1.677635252088460760e+00 1.517712167604987350e+01 -1.677635252088460760e+00 -3.544646705682340837e+01 1.147820946339350723e+00 1.517712167604987350e+01 1.147820946339350723e+00 -5.300556636143010536e+01
-1.844874227103325737e+01 4.678159659998957776e-01 8.330597323111703645e+00 4.678159659998957776e-01 -3.023363193232410495e+01 4.780883175594376588e+00 8.330597323111703645e+00 4.780883175594376588e+00 -3.669661981333622691e+01
4.087692514540640865e+00 7.546104501427034705e+00 6.943477036377692535e+00 7.546104501427034705e+00 1.340514923937514480e+00 5.547592524319019169e+00 6.943477036377692535e+00 5.547592524319019169e+00 -2.118536736451396507e+01
-2.015908024538748933e+01 -2.253951733877098462e+00 6.305410617032310983e-01 -2.253951733877098462e+00 -2.558100135417419096e+01 -8.281268285264596685e+00 6.305410617032310983e-01 -8.281268285264596685e+00 -3.428385780783288794e+01
-2.787833065543460442e+00 4.130873680401778714e-01 -1.503755935297430568e+01 4.130873680401778714e-01 -4.411461861431024367e+00 2.527231017097679100e+01 -1.503755935297430568e+01 2.527231017097679100e+01 -2.164603602574853269e+01
-2.653893493594660669e+01 5.241630955991393392e+00 4.870171031691810093e+00 5.241630955991393392e+00 -2.837142714341849015e+01 -7.104506757279239082e+00 4.870171031691810093e+00 -7.104506757279239082e+00 -2.911141254569776393e+01
-2.109932700800194016e+00 -1.764232107679160277e+00 -9.542398400518050661e-01 -1.764232107679160277e+00 4.844314307254443897e+00 1.270354707029381025e+01 -9.542398400518050661e-01 1.270354707029381025e+01 -1.157876539396683002e+00
2.913943880704723810e+01 1.374368143633009787e+01 -2.705194201012398825e+00 1.374368143633009787e+01 2.282070861417825114e+01 1.052918513391976241e+01 -2.705194201012398825e+00 1.052918513391976241e+01 -9.591148068587436626e+00
-1.253501900892483789e+01 2.571786423559296875e+00 5.300324239748741562e+00 2.571786423559296875e+00 -6.419837782658116332e+00 7.214477935272574527e+00 5.300324239748741562e+00 7.214477935272574527e+00 -5.272949671812231287e+01
2.465501457123304974e+01 1.006482953216771037e+01 -4.995345526176993900e+00 1.006482953216771037e+01 1.878094197520641728e+01 -3.272653472021989973e+00 -4.995345526176993900e+00 -3.272653472021989973e+00 -1.462644443539718608e+01
-5.528388514275405896e+00 3.311510893820151846e+00 -3.282547262888235284e+00 3.311510893820151846e+00 6.050032015380367056e+00 -7.611224806845138247e+00 -3.282547262888235284e+00 -7.611224806845138247e+00 -3.502790842884280664e+01
-1.052308392112991342e+01 1.462488932026815469e+01 7.798185331323280067e+00 1.462488932026815469e+01 -2.550143649267990398e+01 -3.488184654728416767e+00 7.798185331323280067e+00 -3.488184654728416767e+00 -3.415909808027525685e+01
-1.004942401157742804e+00 -2.107675610531765664e-01 -5.523584434971586354e+00 -2.107675610531765664e-01 -2.425090875452625028e+01 -1.582274576802136679e+01 -5.523584434971586354e+00 -1.582274576802136679e+01 -2.438165444113089109e+01
3.093018671561950939e+01 -2.567511266855261098e+00 -9.738821088266641723e+00 -2.567511266855261098e+00 2.832978358347487458e+01 3.298915400357339545e-01 -9.738821088266641723e+00 3.298915400357339545e-01 8.268885215463464888e+00
7.067796376425013349e+00 8.739632205829547473e+00 3.834851818647053712e+00 8.739632205829547473e+00 -1.256070907679414184e+01 -1.089611735418054472e+01 3.834851818647053712e+00 -1.089611735418054472e+01 -2.980592568535446674e+01
9.462766801089765423e+00 -7.773670160456100042e+00 6.882008457802249346e+00 -7.773670160456100042e+00 7.983175597052616368e-01 -3.506338923031130594e+00 6.882008457802249346e+00 -3.506338923031130594e+00 -4.169380912346686507e+00
4.661007550120117315e+01 -1.212242197878587335e+00 -7.599978375063425329e-01 -1.212242197878587335e+00 4.069257580487698078e+01 5.373297888514608545e+00 -7.599978375063425329e-01 5.373297888514608545e+00 -1.804901689375300267e+00
5.033598948689245134e+01 3.387207609527073338e+00 -1.533862895557279282e+00 3.387207609527073338e+00 4.321876974751112499e+01 -8.183406931306990373e+00 -1.533862895557279282e+00 -8.183406931306990373e+00 3.366422966350184254e+01
-1.577794837313418519e+00 9.106855671359436188e-01 9.957402691382807092e+00 9.106855671359436188e-01 6.077453148951544648e+00 3.662753145908694830e-01 9.957402691382807092e+00 3.662753145908694830e-01 -7.161613393258049243e+00
5.060452972637789593e+00 -8.692023968220098595e+00 1.468668523803311921e+01 -8.692023968220098595e+00 6.993953637711111782e+00 1.400080538641289785e+01 1.468668523803311921e+01 1.400080538641289785e+01 -4.047176794170685099e+00
5.436379479096087408e+01 2.437290140335965027e+00 9.217390571475480243e+00 2.437290140335965027e+00 4.807845767408628745e+01 -8.304466439032045955e+00 9.217390571475480243e+00 -8.304466439032045955e+00 1.788696123885622313e+01
-9.508788362082661649e+00 5.048923692768995330e+00 -4.834937195618196348e+00 5.048923692768995330e+00 1.578822817098627240e+01 -8.143502006050749031e+00 -4.834937195618196348e+00 -8.143502006050749031e+00 -5.557133309156252210e+01
-2.945730477960584892e+01 -3.084888802398142005e+00 1.341892981089096359e+01 -3.084888802398142005e+00 -3.664225964734833241e+01 -5.758629186369028652e+00 1.341892981089096359e+01 -5.758629186369028652e+00 -3.922188189686369952e+01
-7.737611742517545466e+00 2.090985969283887691e+00 -9.630778255475789251e+00 2.090985969283887691e+00 9.679530530640236829e-01 -2.541838756433840985e+01 -9.630778255475789251e+00 -2.541838756433840985e+01 -4.628482726210894782e+01
4.168884320438755964e+01 -5.092416443197935294e+00 5.090663467393428121e+00 -5.092416443197935294e+00 3.049962761902587616e+01 -2.999884154766724365e+01 5.090663467393428121e+00 -2.999884154766724365e+01 1.762772186647588768e+01
-1.505187235300303072e+01 1.008817458078142870e+01 -9.312960630264338846e+00 1.008817458078142870e+01 -1.862356081481291170e+01 -9.047385067055975227e+00 -9.312960630264338846e+00 -9.047385067055975227e+00 -5.837122242916346693e+01
1.557708016721191768e+01 2.677725219226224951e+01 1.166105027535975047e+01 2.677725219226224951e+01 3.675641012880707592e+01 -4.500957683230487838e+00 1.166105027535975047e+01 -4.500957683230487838e+00 -1.122881845692223202e+01
-3.952205363899544910e+00 1.122806573739102909e+01 -1.155837754907320436e+00 1.122806573739102909e+01 -5.605957405294923923e+00 -1.137542419337579602e+01 -1.155837754907320436e+00 -1.137542419337579602e+01 -4.039176783219498645e+01
3.245457655379092032e-01 -2.027018806833508879e+00 -5.367090316877729528e+00 -2.027018806833508879e+00 2.305313072565576160e+00 5.342948763007110635e+00 -5.367090316877729528e+00 5.342948763007110635e+00 -2.023173880751518894e+01
4.099347905328047936e+00 1.158359172834933304e+01 -8.461793952611103009e+00 1.158359172834933304e+01 5.424882947843120640e+00 1.090779163009198172e+01 -8.461793952611103009e+00 1.090779163009198172e+01 -3.583094994980854864e+01
6.931466867931885822e-01 -6.078914859801971105e+00 -1.983635903368584508e+01 -6.078914859801971105e+00 -1.883540817580388449e+01 4.240703593639955749e+00 -1.983635903368584508e+01 4.240703593639955749e+00 -3.427191931755458398e+01
-8.072223732449620215e+00 -1.421996283443177056e+01 4.307617169772337107e+00 -1.421996283443177056e+01 -3.726048511491359072e+00 6.791527267246236121e+00 4.307617169772337107e+00 6.791527267246236121e+00 -3.103414098448183722e+01
-2.283093940456893023e+01 -1.597806113095869840e+00 -2.378101630392516874e+00 -1.597806113095869840e+00 1.435152900846323076e+00 1.167099877411777786e+00 -2.378101630392516874e+00 1.167099877411777786e+00 -6.339716988820089938e+01
1.080636179618091219e+01 1.509180059241225536e+01 -1.009153922877924181e+01 1.509180059241225536e+01 2.144006373261675336e+01 7.156628700458068870e+00 -1.009153922877924181e+01 7.156628700458068870e+00 -3.821829729360090511e+01
1.493325309268962009e+01 -9.408809723922086921e-01 1.756113582710659315e+01 -9.408809723922086921e-01 1.623314815716791770e+01 1.013076617000994517e+01 1.756113582710659315e+01 1.013076617000994517e+01 3.403603807498671863e+00
6.557127727036195175e+00 -3.304383373389824019e+00 -5.995119358448537383e+00 -3.304383373389824019e+00 8.164819300966712490e+00 7.863179647715424991e+00 -5.995119358448537383e+00 7.863179647715424991e+00 1.806175410226838096e+01
5.168870433443763091e+01 -2.403379478637141187e+00 -1.238777051959385567e+01 -2.403379478637141187e+00 5.132030741316588518e+01 7.010979845852273407e+00 -1.238777051959385567e+01 7.010979845852273407e+00 6.326232781510901404e+00
-1.293239347873240241e+01 -6.982602934780138604e+00 -7.521901026844762583e+00 -6.982602934780138604e+00 -5.282402208981810787e+01 -3.129960932411321561e+00 -7.521901026844762583e+00 -3.129960932411321561e+00 -7.355382284312925378e+01
-1.798806654636973690e+01 5.973555477693786919e+00 2.496241549521188041e+00 5.973555477693786919e+00 -3.039231113547068119e+01 6.090068351686124259e+00 2.496241549521188041e+00 6.090068351686124259e+00 -5.300641836533696249e+01
1.377031766088496667e+01 1.184185589242316983e+00 5.649362194904941070e+00 1.184185589242316983e+00 5.177777643644644989e+00 1.380878391798203531e+01 5.649362194904941070e+00 1.380878391798203531e+01 -7.829733485981537733e+00
-1.293249606703850496e+01 5.858817886270673903e+00 -1.159848045942603356e+01 5.858817886270673903e+00 -1.937053332468952860e+01 1.757999809867833552e+00 -1.159848045942603356e+01 1.757999809867833552e+00 -2.034435758700307773e+01
-2.384752976955288517e+01 -2.798925716737447278e+00 3.889867759718772522e-01 -2.798925716737447278e+00 -3.073073278749606896e+00 -1.639427727230587717e+00 3.889867759718772522e-01 -1.639427727230587717e+00 -3.387425999261164833e+01
2.888852779626044764e+01 -9.199839001292975382e+00 -5.517716772460495633e+00 -9.199839001292975382e+00 1.506302398239951401e+01 6.196400151808754586e+00 -5.517716772460495633e+00 6.196400151808754586e+00 -2.986344724975154463e+01
2.923973680176584722e+01 1.412045252648841842e+00 1.577585989154655266e+01 1.412045252648841842e+00 4.005862244423642693e+01 4.290428410485728428e+00 1.577585989154655266e+01 4.290428410485728428e+00 1.120061498660473553e+01
-2.514055151340635419e+01 1.317677209926457316e+01 1.844051210264623109e+01 1.317677209926457316e+01 -2.514121874241611110e+01 1.224732208866753957e+01 1.844051210264623109e+01 1.224732208866753957e+01 -4.596483563094729163e+01
2.387010645994478608e+01 7.656837852976469350e+00 -7.475982151572027945e+00 7.656837852976469350e+00 2.800891600567554818e+00 -1.348452230321696277e+01 -7.475982151572027945e+00 -1.348452230321696277e+01 -2.389328101824752082e+01
-1.704859292624756151e+01 -1.251978985076273787e+01 -2.859602002238191165e+00 -1.251978985076273787e+01 -5.420357661525571302e+00 9.383833895522183610e+00 -2.859602002238191165e+00 9.383833895522183610e+00 -5.766767627907510274e+01
1.546198647708430407e+01 -5.975362417130300585e+00 -1.580463496784065569e+01 -5.975362417130300585e+00 1.713910227914877638e+01 -1.319326830696682329e+01 -1.580463496784065569e+01 -1.319326830696682329e+01 -7.709114568461791883e+00
1.193963228036515334e+00 9.905032900690713404e+00 -2.370172356027878457e+00 9.905032900690713404e+00 7.680840218034093780e+00 -5.841160371355377023e+00 -2.370172356027878457e+00 -5.841160371355377023e+00 3.726817768478130954e+00
-9.496791975168936695e-01 -6.372066320480275436e+00 6.590620865003662843e+00 -6.372066320480275436e+00 -8.178060543625239376e+00 -3.119231062330028337e+00 6.590620865003662843e+00 -3.119231062330028337e+00 -3.487148527681966925e+01
1.655422460676546237e+01 9.030584200406366335e+00 -3.722467491606704648e+00 9.030584200406366335e+00 3.288100251557303011e+01 -4.952958399318688087e+00 -3.722467491606704648e+00 -4.952958399318688087e+00 -1.438071821847501219e+01
-1.005071262650494823e+01 -5.175592924970917608e+00 -8.905721110614447156e+00 -5.175592924970917608e+00 -1.716354399153420474e+01 -2.831580485263328617e-01 -8.905721110614447156e+00 -2.831580485263328617e-01 -2.364217013389869493e+01
2.153528985020417608e+01 2.799763076641441639e+00 3.369354527736056593e+00 2.799763076641441639e+00 1.573738702680296697e+01 -1.545741002778637707e+01 3.369354527736056593e+00 -1.545741002778637707e+01 -3.240257594621587600e+01
1.493924745666542364e+01 2.051139382392145194e+01 -3.862959987581016996e+00 2.051139382392145194e+01 1.237258874508833983e+01 3.668258443823642634e-01 -3.862959987581016996e+00 3.668258443823642634e-01 -1.642493385819301110e+01
-6.521803135942940699e-01 9.114080465075009130e+00 -5.273328123965550063e+00 9.114080465075009130e+00 -1.534423425454422762e+01 2.082752952755416942e+00 -5.273328123965550063e+00 2.082752952755416942e+00 -1.833849436405267852e+01
3.510449833145245435e+01 4.830014075272844210e+00 3.945788547027511584e+00 4.830014075272844210e+00 4.432940287257834200e+01 4.774936194785699861e+00 3.945788547027511584e+00 4.774936194785699861e+00 1.211265062387628255e+01
6.167772477311999069e+00 9.723858523996705472e+00 6.489941285795062242e+00 9.723858523996705472e+00 1.089212205494934338e+01 6.444490396603382187e+00 6.489941285795062242e+00 6.444490396603382187e+00 8.434096406114768740e+00
-3.171949001555725189e+01 -6.991984087167748108e+00 -3.264572996312411046e+00 -6.991984087167748108e+00 -1.488054223642920348e+01 1.835452865335945916e+01 -3.264572996312411046e+00 1.835452865335945916e+01 -3.993184361021668849e+01
-2.203602671608883767e+01 1.005687167550114047e+01 -4.544996904488173839e-01 1.005687167550114047e+01 -2.884454092849964013e+01 9.014761685936889535e-01 -4.544996904488173839e-01 9.014761685936889535e-01 -2.739180367846979181e+01
-6.450631227110783961e+00 4.070014912426630715e+00 9.114792667932910319e+00 4.070014912426630715e+00 1.520592216333961311e+01 1.168300541018822258e+01 9.114792667932910319e+00 1.168300541018822258e+01 -5.932179749760997822e+01
2.055349151747719372e+00 3.419388371006326643e+00 8.733181745737508272e-01 3.419388371006326643e+00 1.587727654863897087e+01 -1.355233064478950311e+01 8.733181745737508272e-01 -1.355233064478950311e+01 -1.574714942066025181e+01
1.393505982749504157e-01 1.254539004720637330e+01 -4.184687733532030940e+00 1.254539004720637330e+01 -3.406903123447646564e+00 2.214518575573115378e+00 -4.184687733532030940e+00 2.214518575573115378e+00 -2.583966627953222428e+01
3.919578293654515733e+01 -1.494427450909867616e+00 1.508280209526769777e+00 -1.494427450909867616e+00 2.939401232614189396e+01 3.285779275977903868e+00 1.508280209526769777e+00 3.285779275977903868e+00 3.050058290748234757e+00
-8.119139607111749868e+00 -4.022062738399865722e+00 -1.524288876181752528e+01 -4.022062738399865722e+00 6.773248580980447464e+00 -5.593039861505472388e+00 -1.524288876181752528e+01 -5.593039861505472388e+00 -1.976582998287273440e+01
2.285363658260886766e+01 9.371532149668412970e+00 2.391083861906422747e+00 9.371532149668412970e+00 2.700768052726929724e+01 -4.990373030721526604e+00 2.391083861906422747e+00 -4.990373030721526604e+00 1.775810921940768594e+01
2.762659603698343957e+01 -2.258198308767221107e-01 1.053491650203179475e+01 -2.258198308767221107e-01 2.499772670561575794e+01 6.650209333177210524e+00 1.053491650203179475e+01 6.650209333177210524e+00 -1.304559368481872461e+01
-1.064587153325924440e+01 -5.496774911591551849e+00 9.762742122526216093e+00 -5.496774911591551849e+00 7.660079596692622950e+00 -8.070967453134908709e+00 9.762742122526216093e+00 -8.070967453134908709e+00 -2.359739948051089087e+01
-2.169868286100537702e+01 -1.060341279615008325e+01 5.030199975861796347e+00 -1.060341279615008325e+01 -1.054959546689533667e+01 -3.735226634631806153e+00 5.030199975861796347e+00 -3.735226634631806153e+00 -2.119613320736744200e+01
-4.764632134614706693e+00 6.602455991499414090e+00 1.241865331071881151e+01 6.602455991499414090e+00 -8.714162914014270456e+00 -6.958396944791222616e+00 1.241865331071881151e+01 -6.958396944791222616e+00 -4.663899606619474270e+01
-3.005156400001525796e+01 1.541172938601267006e+01 8.386201234747305833e+00 1.541172938601267006e+01 -3.797673298252521334e+01 3.469064698791737733e+00 8.386201234747305833e+00 3.469064698791737733e+00 -4.488584936126384406e+01
-5.707444737064221840e+00 -5.791982770025953187e+00 -8.987497213157096709e+00 -5.791982770025953187e+00 -2.715369739718643416e+01 -1.105549225809094338e+01 -8.987497213157096709e+00 -1.105549225809094338e+01 -8.586059383420986180e+00
5.478220794521936909e+01 -8.309602632559181856e+00 8.952539710563508280e+00 -8.309602632559181856e+00 4.961663910255548160e+01 2.734098705266320817e+00 8.952539710563508280e+00 2.734098705266320817e+00 2.749117380840135638e+01
1.142680571776430831e+01 -1.355715750583828161e+01 1.604460843698332528e+00 -1.355715750583828161e+01 7.788801100565065916e+00 -2.981309917659646036e+00 1.604460843698332528e+00 -2.981309917659646036e+00 -3.138832627299022349e+01
6.986338791822155336e+00 5.898511153496386328e+00 1.070066978553474435e+01 5.898511153496386328e+00 4.297774579180539511e+00 -2.293770159981467494e+00 1.070066978553474435e+01 -2.293770159981467494e+00 -1.054968155149616926e+01
4.630592308787660372e+00 3.361569751478594714e+00 2.108183197131188624e+00 3.361569751478594714e+00 -1.006208119550493052e+00 -2.108632483008638658e+01 2.108183197131188624e+00 -2.108632483008638658e+01 -4.201091386451061993e+01
-3.850803299195661822e+01 -1.177853776034649469e+00 -1.608971687689641161e+00 -1.177853776034649469e+00 -3.835507262686073915e+01 -3.957049337194592287e+00 -1.608971687689641161e+00 -3.957049337194592287e+00 -2.752724630112440352e+01
-1.047971235127787715e+01 6.148465814984533040e+00 4.015334847018174891e+00 6.148465814984533040e+00 -1.371632796441113022e+01 -7.172560653515976270e+00 4.015334847018174891e+00 -7.172560653515976270e+00 -4.478382359012417169e+01
-8.432229088542932516e+00 -1.252882614756249602e+01 -1.730577380773613072e+01 -1.252882614756249602e+01 -1.841690518287487066e+01 2.913176738514661412e+00 -1.730577380773613072e+01 2.913176738514661412e+00 -5.099737950840906109e+01
-3.890399621571279720e+00 1.953122955075448175e+01 2.052016993752995955e+00 1.953122955075448175e+01 -2.595848069476910602e+00 1.114796037240760285e+01 2.052016993752995955e+00 1.114796037240760285e+01 -4.274123908703680286e+01
-9.078389352736953910e+00 9.763259150707703782e+00 -9.437634341056718057e+00 9.763259150707703782e+00 -2.538798259511199973e+01 1.762906761610379736e+00 -9.437634341056718057e+00 1.762906761610379736e+00 -9.333416703441089979e+00
-6.602037659531220903e+00 -1.496189392484622971e+01 1.278172852238308543e+01 -1.496189392484622971e+01 -3.144708000850981477e+01 3.632506510296741320e-01 1.278172852238308543e+01 3.632506510296741320e-01 -2.617259850028942836e+01
4.441784470177478994e+01 8.352355301978787949e+00 -1.054608136540639407e+01 8.352355301978787949e+00 3.227171373181359826e+01 1.913264023449490736e+01 -1.054608136540639407e+01 1.913264023449490736e+01 3.088247024990155687e+00
1.395294856347465462e+01 2.697243759612484126e+01 6.149032811111044161e+00 2.697243759612484126e+01 5.896669676990247133e+00 7.302066839305846990e+00 6.149032811111044161e+00 7.302066839305846990e+00 -3.408173631849748375e+01
-1.340361324510368313e+01 1.169054784695032012e+01 -5.252367551959274961e-01 1.169054784695032012e+01 -3.836039813246744590e+00 6.432476773250149771e-01 -5.252367551959274961e-01 6.432476773250149771e-01 -2.049921573327335622e+01
2.360812318845931301e+01 1.230430610319856122e+01 1.029365229032170781e+01 1.230430610319856122e+01 3.456117797191409124e+01 -3.289176111995082863e+00 1.029365229032170781e+01 -3.289176111995082863e+00 5.566136027566759986e-02
-3.039818412466253861e+01 -7.673225687272250184e+00 4.798908074097202103e+00 -7.673225687272250184e+00 -2.448887229309470825e+01 -1.245024919716908940e+01 4.798908074097202103e+00 -1.245024919716908940e+01 -3.935641058553867566e+01
-2.914522909760233560e+01 -9.857372765382738322e+00 4.321333179668417901e-01 -9.857372765382738322e+00 -2.422548527934968732e+01 1.187559149202519571e+01 4.321333179668417901e-01 1.187559149202519571e+01 -3.934539147593063291e+01
2.118087576636731839e+01 -4.097974097348337175e+00 -1.541457791307353098e+01 -4.097974097348337175e+00 1.161217129626684752e+01 -6.949692916353708227e+00 -1.541457791307353098e+01 -6.949692916353708227e+00 -1.049763485587742906e+01
-1.331731266328858254e+01 -5.313312942734134126e+00 -5.586572721416196430e+00 -5.313312942734134126e+00 2.996651472072710654e+00 -6.701498696400171262e+00 -5.586572721416196430e+00 -6.701498696400171262e+00 7.350739629327807556e+00
3.428741360121956916e+01 1.312565671189597083e+01 2.359070554826590183e+01 1.312565671189597083e+01 3.906584993740958112e+01 1.247282230768649214e+01 2.359070554826590183e+01 1.247282230768649214e+01 1.377390201495752997e+01
-5.729975497489947500e-01 2.186030601855133426e+00 -2.665798383528419802e+00 2.186030601855133426e+00 -1.017001144808738466e+01 -4.871608204269127995e+00 -2.665798383528419802e+00 -4.871608204269127995e+00 -2.625967566931375430e+01
1.365377218164174522e+01 1.017999963072926173e+00 -4.134665035213710205e+00 1.017999963072926173e+00 2.051466313860161250e+01 -1.042938915246816300e+01 -4.134665035213710205e+00 -1.042938915246816300e+01 1.846911546891316647e+01
-1.422806189349490680e+01 -1.043856959618971203e+01 7.450215611573188568e+00 -1.043856959618971203e+01 -1.793809992880560245e+01 9.591873332435334021e+00 7.450215611573188568e+00 9.591873332435334021e+00 -2.609921310757841084e+01
-6.416203051033027904e+00 1.276015761192402209e+01 4.673719351299066460e+00 1.276015761192402209e+01 -1.406598032760787298e+01 9.488124507352127424e+00 4.673719351299066460e+00 9.488124507352127424e+00 -4.187571499637178363e+01
