4.567956698224256940e+01 2.984029443542082660e+00 -8.058667040632186973e-01 2.984029443542082660e+00 4.573050158208810245e+01 6.639399354626781546e-01 -8.058667040632186973e-01 6.639399354626781546e-01 1.221485385316514360e+01
-1.256370835877414116e+01 -2.514653487121988462e+01 -2.370197467710895367e+01 -2.514653487121988462e+01 -1.538314120253422956e+00 4.969722811699005760e+00 -2.370197467710895367e+01 4.969722811699005760e+00 -4.374173581540753730e+01
2.444230206529687255e+00 8.556453703252696386e+00 6.849696560349566532e+00 8.556453703252696386e+00 2.592927220989172454e+01 -6.695432381816837086e+00 6.849696560349566532e+00 -6.695432381816837086e+00 -1.817522713644691024e+01
5.653504267859410959e+01 6.635209723558489481e-01 4.204608026524351949e+00 6.635209723558489481e-01 5.544491223869516716e+01 4.052290155745149614e-01 4.204608026524351949e+00 4.052290155745149614e-01 2.108700623892120163e+01
-7.563419750346872306e+00 1.076248675775683772e+01 2.228793578390002583e+00 1.076248675775683772e+01 -9.429032427284088413e+00 1.669452814399275198e+01 2.228793578390002583e+00 1.669452814399275198e+01 -3.182271813542148564e+01
-2.208600882961273371e+01 1.126885725514959091e+01 -4.588933679713284697e+00 1.126885725514959091e+01 -2.012965565828173453e+01 5.156364091719542131e+00 -4.588933679713284697e+00 5.156364091719542131e+00 -3.929635330635377244e+01
-5.837236366244948016e+01 -9.237841032494877425e+00 8.023667598922119559e-01 -9.237841032494877425e+00 -1.547408563887866961e+01 5.314690578213148164e-01 8.023667598922119559e-01 5.314690578213148164e-01 3.086479586760255600e+01
4.348709213188942613e+01 5.533911234705223281e-01 -4.911524725535829083e-02 5.533911234705223281e-01 3.669011444915695108e+01 3.777226304267580215e-01 -4.911524725535829083e-02 3.777226304267580215e-01 2.246562746958000290e+01
4.574901094358311582e+01 2.326316381335808536e+00 -1.161642928223276305e+00 2.326316381335808536e+00 4.549065222129351582e+01 8.372925838259783760e-01 -1.161642928223276305e+00 8.372925838259783760e-01 7.464357640211499501e+00
4.727142205596448576e+01 3.335657329384218717e-02 3.842550244842119600e+00 3.335657329384218717e-02 4.539928761960801751e+01 1.680139754291623544e-01 3.842550244842119600e+00 1.680139754291623544e-01 1.142579914641332373e+01
-1.512132641244225795e+01 4.621839699504925569e+00 4.386494137708254470e+00 4.621839699504925569e+00 -3.591259695835059063e+01 2.529987407319237214e+00 4.386494137708254470e+00 2.529987407319237214e+00 -5.056592552964369602e+00
5.239733484670722419e+01 4.511156107902350776e+00 -3.309547850581620598e-01 4.511156107902350776e+00 5.097623045435111067e+01 -5.143146995593739668e+00 -3.309547850581620598e-01 -5.143146995593739668e+00 3.021045892651713416e+01
1.697042477371415725e-01 -4.900857975436791136e+00 -4.170789469013934436e+00 -4.900857975436791136e+00 2.892581697743493052e+01 6.244329598786195312e+00 -4.170789469013934436e+00 6.244329598786195312e+00 -2.033371575067201231e+00
-2.451805966802497849e+01 -2.282234143042637609e+00 7.691068991543684730e-01 -2.282234143042637609e+00 -4.701528314862565949e+00 4.181440320905494445e+00 7.691068991543684730e-01 4.181440320905494445e+00 -5.765385075881674481e+01
3.811777228947436669e+01 -1.592031622897136955e+00 -3.140148235528966492e+00 -1.592031622897136955e+00 4.134717996720623745e+01 1.352696140489799914e+00 -3.140148235528966492e+00 1.352696140489799914e+00 1.876932568185839401e+01
-8.334133232195879870e+00 2.029187855976733790e+00 -1.186998756342587225e+00 2.029187855976733790e+00 -2.307903799102724562e+01 4.952802400729299226e-01 -1.186998756342587225e+00 4.952802400729299226e-01 1.071698480839870271e+01
-1.857707500712770710e+01 -1.720542161234813605e+01 3.211459656272335206e+00 -1.720542161234813605e+01 -1.012388207234446114e+01 -6.519010092362392150e+00 3.211459656272335206e+00 -6.519010092362392150e+00 -3.821789503165719282e+01
3.162452458695092616e+00 1.167130937837610238e+00 -3.749701017226628519e+00 1.167130937837610238e+00 -1.056859989985976256e+01 -4.920154630502376669e+00 -3.749701017226628519e+00 -4.920154630502376669e+00 1.087616705890829749e+01
-8.393018941967642643e-01 1.100895829961576755e+00 -1.443805313885724750e+00 1.100895829961576755e+00 -8.488736538145789101e-01 -2.516211323999844485e+00 -1.443805313885724750e+00 -2.516211323999844485e+00 -3.528721757941618620e+01
1.873187462066160336e+01 -8.563043288523600083e+00 -7.464887032914481857e+00 -8.563043288523600083e+00 1.023256120042396056e+01 -1.911318679359182759e+00 -7.464887032914481857e+00 -1.911318679359182759e+00 -1.949000425677482440e+01
-3.154308488595916415e+01 -9.227687643572737741e+00 6.002979514751892509e+00 -9.227687643572737741e+00 -1.420483591995076367e+01 -7.664576246887970790e+00 6.002979514751892509e+00 -7.664576246887970790e+00 2.495670414930126668e+01
1.247442880452168001e+00 -2.608253958429433794e+01 5.566715408028622747e+00 -2.608253958429433794e+01 2.431002387063019299e+01 -2.337891908970797417e+01 5.566715408028622747e+00 -2.337891908970797417e+01 -3.600655507885070250e+01
2.521716957860576258e+01 1.814185345005162320e-01 2.466772176039174980e+00 1.814185345005162320e-01 2.260517659780146715e+01 3.591628886029509804e-01 2.466772176039174980e+00 3.591628886029509804e-01 3.632126145696918940e+01
2.077847972324913073e+01 -8.787167817149672544e-01 -6.847650204475462132e+00 -8.787167817149672544e-01 -4.310376857119133653e+00 -2.565457436445055528e+00 -6.847650204475462132e+00 -2.565457436445055528e+00 -3.588354448727103829e+01
1.962649272856941352e+01 -2.374806175063532621e+01 5.091337727846855232e-01 -2.374806175063532621e+01 2.129162187341646728e+01 -7.835961428963006625e+00 5.091337727846855232e-01 -7.835961428963006625e+00 -6.509921855325498719e+00
4.378369426489091154e+01 -5.933682658705245139e+00 -6.622084865112973340e+00 -5.933682658705245139e+00 3.547389073971343265e+01 1.121729846237279205e+01 -6.622084865112973340e+00 1.121729846237279205e+01 5.026188372515592562e+01
-8.448865458477035073e-01 -8.983681168298884856e+00 1.866929041198718719e+00 -8.983681168298884856e+00 -3.438376801495697244e+00 2.323586909022972158e+00 1.866929041198718719e+00 2.323586909022972158e+00 -4.311586664822733006e+00
1.777373638929567079e+01 -4.962449144813341206e+00 3.653607557910000025e+00 -4.962449144813341206e+00 2.431730407388401005e+01 8.635285542238731793e+00 3.653607557910000025e+00 8.635285542238731793e+00 1.032367440056814445e+01
1.264723474425768046e+01 1.918917245559262952e+01 3.179786186268585890e+00 1.918917245559262952e+01 1.744310246904411388e+00 -6.770556046938353667e+00 3.179786186268585890e+00 -6.770556046938353667e+00 -1.887032874895672663e+01
-5.078934533430832232e+00 2.352882210923230577e+00 1.274654078540371671e+01 2.352882210923230577e+00 6.766820980839214350e+00 -5.863381404941343078e+00 1.274654078540371671e+01 -5.863381404941343078e+00 -3.418235116798065576e+01
-1.957331941910385731e-01 7.343476320355335485e-01 1.250091156640288403e+01 7.343476320355335485e-01 1.033115738840433373e+01 3.609561984006722124e+00 1.250091156640288403e+01 3.609561984006722124e+00 -3.300490758297461635e+00
4.464261461067235359e+01 -5.708994643797060675e+00 4.339921468463626475e+00 -5.708994643797060675e+00 3.968043436844626370e+01 4.043817516363160114e-01 4.339921468463626475e+00 4.043817516363160114e-01 1.420264184068458313e+01
4.410210816217548313e+01 1.819777243057813187e+00 -2.003719277427575829e+00 1.819777243057813187e+00 4.450701241860731727e+01 1.335931547568196098e+00 -2.003719277427575829e+00 1.335931547568196098e+00 4.324201357064685336e-01
3.583359882862914247e+01 4.254797593958097757e+00 1.338912917583307838e+01 4.254797593958097757e+00 4.105517355035886773e+00 -1.656933695831296660e+01 1.338912917583307838e+01 -1.656933695831296660e+01 -6.246660974251379450e+00
9.357229067567532255e+00 -6.559993306126286505e+00 -2.044076888631273015e+00 -6.559993306126286505e+00 7.996270514004202745e+00 -2.506517377328015828e-01 -2.044076888631273015e+00 -2.506517377328015828e-01 9.776946557637632651e+00
-1.007017999593720248e+01 5.305069517051890227e-01 5.764197393703679673e+00 5.305069517051890227e-01 -1.895743205915636054e+01 7.833984192818622461e+00 5.764197393703679673e+00 7.833984192818622461e+00 3.534695098683302561e-01
1.306589327562533320e+01 8.368710561720900387e-02 1.083967026065888639e+01 8.368710561720900387e-02 1.671713726847685777e+01 -7.591763184713651746e+00 1.083967026065888639e+01 -7.591763184713651746e+00 4.609538448556426360e+00
-2.930114856785024458e+01 -7.910836371504608167e-01 5.345169499339111341e-02 -7.910836371504608167e-01 -1.269868556871585241e+01 1.567142270132973181e+01 5.345169499339111341e-02 1.567142270132973181e+01 3.763714286512353624e+01
3.271985427793576662e+01 -2.945582245217877038e+00 3.628545353962855380e+00 -2.945582245217877038e+00 3.296949351219824109e+01 1.904966054913489026e+00 3.628545353962855380e+00 1.904966054913489026e+00 3.328777706063072106e+00
4.121790069338508999e+01 1.395226200927030868e+00 -8.404372084655492570e-01 1.395226200927030868e+00 4.110774715345866781e+01 -3.457012546381724727e-01 -8.404372084655492570e-01 -3.457012546381724727e-01 5.539821353218933098e+00
1.156133974843755396e+01 -7.564108333247108185e+00 2.696934106842222567e-01 -7.564108333247108185e+00 -2.024832419298212471e+01 1.836122514608584444e+00 2.696934106842222567e-01 1.836122514608584444e+00 -5.033585928853029401e+01
3.847422828920768723e+01 -1.979227586325286126e+01 4.664914837754615462e+00 -1.979227586325286126e+01 4.895908609498242470e+01 -5.436700115814184109e+00 4.664914837754615462e+00 -5.436700115814184109e+00 2.383183403745796625e+00
-1.083783732803050626e+01 -4.764708434509349111e+00 4.110196789083772617e-01 -4.764708434509349111e+00 -8.863443976277155301e+00 -2.234273413458705559e-01 4.110196789083772617e-01 -2.234273413458705559e-01 -3.760441942500270329e+01
4.926362674073504166e+01 1.300595938335609603e+00 1.349022725934541089e-01 1.300595938335609603e+00 4.944463379193227581e+01 4.616605384114978450e-01 1.349022725934541089e-01 4.616605384114978450e-01 -2.861592285427754234e+00
4.126521889574130597e+01 -1.336568835383145171e+01 8.483625420985793752e+00 -1.336568835383145171e+01 -5.439995583896574338e+00 1.350419023538548036e+00 8.483625420985793752e+00 1.350419023538548036e+00 -1.281927429341724611e+01
4.798986814809872214e+01 -1.295009779275406503e+00 -8.957009444461700554e+00 -1.295009779275406503e+00 4.899664232253375218e+01 9.744268905327755803e+00 -8.957009444461700554e+00 9.744268905327755803e+00 4.011036278876881056e+01
4.444386686296341793e+01 3.936644966332863982e-02 -1.746396470670582013e-01 3.936644966332863982e-02 4.445750491905668866e+01 6.835670878618163027e-01 -1.746396470670582013e-01 6.835670878618163027e-01 3.804389496440750307e+00
-1.014594320250502157e+01 2.104917988737119217e+00 -1.611860425152954912e+00 2.104917988737119217e+00 -1.616892089903823759e+01 3.066411483452702313e+00 -1.611860425152954912e+00 3.066411483452702313e+00 -3.188010293329881506e+01
5.067608317299925780e+00 -1.323993158639001599e+01 7.403956957247596726e+00 -1.323993158639001599e+01 2.000797126309786833e+01 -6.881916440497241716e+00 7.403956957247596726e+00 -6.881916440497241716e+00 -2.246456734521331811e+01
4.254236051258046558e+01 -1.946745365268788275e+00 -2.389872287538945983e+00 -1.946745365268788275e+00 4.462923332152364253e+01 3.142499994914030648e+00 -2.389872287538945983e+00 3.142499994914030648e+00 2.273377791732805164e+01
1.789975250249063166e+01 2.735942066687107044e+00 -6.426849305261065126e+00 2.735942066687107044e+00 4.295231221457067150e+00 4.712863321688524287e+00 -6.426849305261065126e+00 4.712863321688524287e+00 2.513402071420147621e+01
4.622568880566712579e+01 2.216715099333489203e+00 -4.761345206968144339e+00 2.216715099333489203e+00 4.592564790878750358e+01 2.311700792719035558e-01 -4.761345206968144339e+00 2.311700792719035558e-01 1.602044681106550073e+01
2.262199365968571030e+01 -8.124281264108139666e+00 7.638592832789514731e+00 -8.124281264108139666e+00 2.150520674013932876e+01 2.235942848213518630e+00 7.638592832789514731e+00 2.235942848213518630e+00 1.273674202222124308e+01
6.275149085492417100e+01 1.412813498137886203e-01 -1.123186071996624014e+00 1.412813498137886203e-01 6.250849589595720346e+01 3.967081185712634461e+00 -1.123186071996624014e+00 3.967081185712634461e+00 -3.504335008836303000e+00
4.878137674113760625e+01 1.437303705259786568e+00 4.326279955193477189e-01 1.437303705259786568e+00 4.849737743735575179e+01 5.239556930449420502e-01 4.326279955193477189e-01 5.239556930449420502e-01 7.376245327713474964e+00
4.789100593207464840e+01 -9.451121008163841930e-01 1.481252786393644494e-01 -9.451121008163841930e-01 4.860296791465611221e+01 -1.127137564172245421e+00 1.481252786393644494e-01 -1.127137564172245421e+00 -6.072981481453858521e-01
2.842617725164748066e+01 -2.033240305011548088e+01 -1.096474815247003853e+01 -2.033240305011548088e+01 3.134994175243182823e+01 4.938618891670348843e-01 -1.096474815247003853e+01 4.938618891670348843e-01 -2.273176797378638625e+01
3.532183906235854920e+01 2.439923334841786140e+00 -3.032669730919100637e+00 2.439923334841786140e+00 3.489596932597092405e+01 2.882752731753963626e+00 -3.032669730919100637e+00 2.882752731753963626e+00 4.270256089031135360e+01
-2.380338300868265478e+01 -5.402846819258201982e+00 2.045713809537897110e-01 -5.402846819258201982e+00 -3.675778352672627136e+01 8.508873972256871809e-01 2.045713809537897110e-01 8.508873972256871809e-01 -4.052098705204041806e+00
7.582195463458894835e+01 8.268790083989049577e+00 9.056472739460760812e-02 8.268790083989049577e+00 5.920331327377114405e+01 1.464443998648312473e+01 9.056472739460760812e-02 1.464443998648312473e+01 3.417628608289819425e+01
1.786473410083943003e+00 1.048181625828259200e+01 -2.801452708974154771e+00 1.048181625828259200e+01 -8.452301989830241169e+00 -4.429766730526261576e+00 -2.801452708974154771e+00 -4.429766730526261576e+00 -2.965960908036288757e+01
-1.576665278545509175e+01 -1.324013694058657897e+01 -2.453185169425111667e+00 -1.324013694058657897e+01 -3.627127676014929136e+00 -1.100235293660186020e+00 -2.453185169425111667e+00 -1.100235293660186020e+00 -3.281412679474544092e+01
1.368163179544922770e+01 -6.540927298671901369e+00 1.198900661277844781e+00 -6.540927298671901369e+00 1.679002190195880218e+01 8.408858884506518194e-01 1.198900661277844781e+00 8.408858884506518194e-01 2.058887559765670972e+01
4.852604752583450676e+01 -1.982004906630819629e+00 3.034798151933849608e-01 -1.982004906630819629e+00 5.060136674763804621e+01 -8.421916362479947571e-01 3.034798151933849608e-01 -8.421916362479947571e-01 1.183968333748170210e+01
-1.352458390800535959e+01 -1.365118433901274742e+01 -6.550449272399222700e+00 -1.365118433901274742e+01 -2.414717790562317035e+01 9.047311833956573901e-01 -6.550449272399222700e+00 9.047311833956573901e-01 -4.546896341496294269e+01
5.895310460381053552e+00 1.012421540591769586e+00 1.496721222238478965e+01 1.012421540591769586e+00 5.492178633613262306e+00 -1.668072732593545715e-01 1.496721222238478965e+01 -1.668072732593545715e-01 4.185201040950408569e+00
-2.388053218097741848e+00 -1.252054548411183887e+01 -2.022773413246693186e-01 -1.252054548411183887e+01 1.231458146136606091e+00 5.267010443228256733e+00 -2.022773413246693186e-01 5.267010443228256733e+00 -5.543532860108673077e+00
-1.145700386078096544e+00 -7.944477525618657054e+00 1.351056898053011324e+01 -7.944477525618657054e+00 -2.934397635470360299e+01 3.032555994703116653e+00 1.351056898053011324e+01 3.032555994703116653e+00 -4.936042666480955177e+01
-2.207615233857262993e+01 4.941561245323973672e+00 -1.285209997816409633e+01 4.941561245323973672e+00 -4.370793392674894307e+01 -1.422191537464241762e+00 -1.285209997816409633e+01 -1.422191537464241762e+00 2.419864785747793690e+01
-4.787082981872749343e+01 1.078925882998696828e+01 2.913230972770584515e+00 1.078925882998696828e+01 -6.306261180565308599e+00 4.751703727671522159e+00 2.913230972770584515e+00 4.751703727671522159e+00 2.198053027112689506e+01
-4.771996050708023773e+01 -1.228274918733219145e+01 -1.552215390653672067e+01 -1.228274918733219145e+01 -4.387855614319806818e+01 -9.389079779923113378e+00 -1.552215390653672067e+01 -9.389079779923113378e+00 -3.883497945584566224e+01
6.041674154468434921e+01 4.628250906799062037e+00 -5.002876924637127409e+00 4.628250906799062037e+00 6.119812099593758603e+01 -3.347072744726022897e+00 -5.002876924637127409e+00 -3.347072744726022897e+00 4.202255384909896030e+00
-3.307860732110010105e+01 1.322572003600299517e+01 -4.002570738022283692e+00 1.322572003600299517e+01 -4.736131379637870964e+01 2.689918414646198297e+00 -4.002570738022283692e+00 2.689918414646198297e+00 1.456981213841138967e+01
4.553248839796273018e+01 2.026131369207092803e+00 -4.400299898827521594e-01 2.026131369207092803e+00 4.629674998805987229e+01 -8.421760019168979261e-02 -4.400299898827521594e-01 -8.421760019168979261e-02 1.276247792750129406e+01
5.902592356470084667e+01 -1.951355747632068871e+00 1.030360090563537723e+00 -1.951355747632068871e+00 5.891395661733253064e+01 5.567189130711278189e+00 1.030360090563537723e+00 5.567189130711278189e+00 3.466419661343433489e+01
3.139769567568111697e+01 -5.430709079716768528e+00 1.386200185038683230e+01 -5.430709079716768528e+00 2.262477125871326322e+01 -1.187891820443201496e+01 1.386200185038683230e+01 -1.187891820443201496e+01 2.725568347936759839e+00
4.597425130204835853e+01 3.385597106611146767e-01 1.540548460160646949e+00 3.385597106611146767e-01 4.572329730367373912e+01 -1.072674057425317962e-01 1.540548460160646949e+00 -1.072674057425317962e-01 1.009450660149330403e+01
-5.933669078091506677e+00 8.199255941476788934e+00 -2.138330497124133345e+01 8.199255941476788934e+00 1.438353160569314504e+01 -1.413065655687963051e+01 -2.138330497124133345e+01 -1.413065655687963051e+01 -3.245643970487965646e+01
2.753706689536800667e+01 2.769947546415971296e+00 -1.029931401785315259e+01 2.769947546415971296e+00 3.521024418508867626e+01 -1.331386794747432267e+00 -1.029931401785315259e+01 -1.331386794747432267e+00 6.473473882792243117e+00
1.691533834652747359e+01 -4.743534182930069232e-01 -2.321243499188260229e-01 -4.743534182930069232e-01 1.729860390708983786e+01 1.451365362233033363e+00 -2.321243499188260229e-01 1.451365362233033363e+00 -1.007785404690425146e+01
5.450173934850290891e+01 6.330376392839003330e-01 1.418743183651097084e+00 6.330376392839003330e-01 5.392771473068222576e+01 1.433423905804678933e+00 1.418743183651097084e+00 1.433423905804678933e+00 1.552490558549105337e+01
3.998715904851336234e+01 -5.402102152973728977e+00 -3.735758178903556548e+00 -5.402102152973728977e+00 4.605401744471709691e+01 9.540849346239371087e+00 -3.735758178903556548e+00 9.540849346239371087e+00 3.815925534849997192e+00
-6.888783619107944389e+01 4.084802213045380270e+00 1.502811616277575056e-02 4.084802213045380270e+00 -3.978495700446396910e+01 -2.121120879925411096e+00 1.502811616277575056e-02 -2.121120879925411096e+00 -1.534595295737532261e+01
-1.499116446924446322e+01 2.802625727603558659e+00 6.329324604958956879e-01 2.802625727603558659e+00 1.485409255219656943e+00 2.801585534954441847e+00 6.329324604958956879e-01 2.801585534954441847e+00 8.342507797147135307e+00
4.560054010801296442e+01 -7.610071411511316608e-01 -3.171094862576682605e+00 -7.610071411511316608e-01 4.563885080706560160e+01 7.003684777004337558e-01 -3.171094862576682605e+00 7.003684777004337558e-01 2.653360337003598524e+00
1.711393971906961520e+00 3.294006072275071251e+00 7.631480915615989069e+00 3.294006072275071251e+00 4.141163849632324201e+00 6.444113222319032275e+00 7.631480915615989069e+00 6.444113222319032275e+00 -1.677953399510641930e+01
1.851430391955387833e+01 1.901521995151707944e+00 -1.069386698154979110e+00 1.901521995151707944e+00 1.802401246101215548e+01 1.433480883180199728e+00 -1.069386698154979110e+00 1.433480883180199728e+00 -1.634680531264809389e+01
-3.029407322500532018e+01 2.197533049873404032e+00 -4.608725565260621160e+00 2.197533049873404032e+00 -2.004863718652297067e+01 -8.431573802073705437e+00 -4.608725565260621160e+00 -8.431573802073705437e+00 -6.093202194988228371e+01
3.264317750092793347e+01 -1.211585043774223358e+01 4.708311575727841536e+00 -1.211585043774223358e+01 3.563490518629193815e+01 4.673264176164391159e+00 4.708311575727841536e+00 4.673264176164391159e+00 -3.033074081055164406e+00
2.354487462403545450e+00 -7.657608277499842409e+00 -6.657472452541003172e+00 -7.657608277499842409e+00 -4.245556551245260657e+00 2.860513111364259675e+00 -6.657472452541003172e+00 2.860513111364259675e+00 -3.107653156899723967e+01
-1.283397957622611152e+01 -2.465508925226862491e+00 1.971598221382620153e+01 -2.465508925226862491e+00 -1.419672085205587031e+01 -7.921869153060850266e+00 1.971598221382620153e+01 -7.921869153060850266e+00 2.428451907206314786e+01
-7.416616479035202936e+00 -5.186547575579040448e+00 -5.913338384757101274e+00 -5.186547575579040448e+00 -4.801961921937934363e+01 -9.264692269867834895e+00 -5.913338384757101274e+00 -9.264692269867834895e+00 2.030244664374829000e+01
-1.244779560432731458e+01 -7.319363952679722729e+00 -1.182058676369999262e+01 -7.319363952679722729e+00 -4.008766551637520337e+01 5.866546888994060183e+00 -1.182058676369999262e+01 5.866546888994060183e+00 2.511079238649627499e+01
4.898369893184746360e+01 1.011157183986926889e+00 -1.906650853142288216e-01 1.011157183986926889e+00 4.763965036085788540e+01 -5.350051692074855314e-01 -1.906650853142288216e-01 -5.350051692074855314e-01 8.817707477779613612e+00
-8.494855739709310072e+00 -1.477569633656244719e+01 -9.240213179746602279e+00 -1.477569633656244719e+01 -2.035412864707236480e+00 -2.306666419822033376e+01 -9.240213179746602279e+00 -2.306666419822033376e+01 -3.216249637987387899e+01
5.493717626189460468e+00 1.486939221935788202e+00 -3.460575949309976362e+00 1.486939221935788202e+00 5.297603879114030079e+00 -1.398465568150450075e-02 -3.460575949309976362e+00 -1.398465568150450075e-02 2.005689174867406521e+01
-2.726936034081377613e+01 2.251578619127788450e+00 -1.156078649617106002e+01 2.251578619127788450e+00 -4.768221639669145162e+01 5.380721271944126194e+00 -1.156078649617106002e+01 5.380721271944126194e+00 -7.566984101161007281e+00
1.008393857744086475e+01 -1.072178158909990797e+00 -9.332789541009340439e+00 -1.072178158909990797e+00 2.225940808595378240e+00 -1.020258805066321628e+01 -9.332789541009340439e+00 -1.020258805066321628e+01 1.074414516674437259e+01
3.271258977050797512e+01 4.455660058539302248e+00 7.457832444521785398e+00 4.455660058539302248e+00 3.197156264434950756e+01 3.088469525219787126e+00 7.457832444521785398e+00 3.088469525219787126e+00 3.539920599513365573e+01
-2.232830589225962115e+01 -7.919089492290735777e+00 1.080805218003759194e+01 -7.919089492290735777e+00 -7.521396514328375815e+01 2.278791596310004441e-01 1.080805218003759194e+01 2.278791596310004441e-01 4.528392577804884667e+01
