-6.196034692787839686e-03 -1.986796798116396978e+00 -1.349933978119940647e+00 -1.986796798116396978e+00 -2.214935084364271489e+01 -4.819735070538097688e+00 -1.349933978119940647e+00 -4.819735070538097688e+00 -4.118356941988695752e+01
-3.144943207958158382e+01 1.567773641706386734e+01 -1.040707085491225214e+01 1.567773641706386734e+01 -1.958649838574356394e+01 -9.089935024020558529e+00 -1.040707085491225214e+01 -9.089935024020558529e+00 -2.785901306835295799e+01
-1.706637323091896974e+01 -3.924542250113737474e+00 -2.571290303962243229e+00 -3.924542250113737474e+00 -2.018632293630846775e+01 -2.031217933634488659e+01 -2.571290303962243229e+00 -2.031217933634488659e+01 -5.545280436749019515e+01
6.144108893631590185e+00 -8.234605761100228349e+00 5.531087874106033198e-01 -8.234605761100228349e+00 2.088516372029072699e+01 1.092702264993822148e+01 5.531087874106033198e-01 1.092702264993822148e+01 -3.952007843660982900e+01
2.664251493377846813e+01 -1.419032647818136894e+01 -3.910897673855021628e-01 -1.419032647818136894e+01 1.648971483449354025e+01 -3.028797280134599923e+00 -3.910897673855021628e-01 -3.028797280134599923e+00 -3.817062822699139701e+01
-1.211375778515985857e+01 -3.551985425571795751e+00 4.808074872546471923e+00 -3.551985425571795751e+00 -2.611085323974202055e+01 -5.595047129177794787e+00 4.808074872546471923e+00 -5.595047129177794787e+00 -5.763207497768349441e+01
6.377759062703828086e+00 6.936087402554758974e+00 -3.864122004370362795e+00 6.936087402554758974e+00 8.868131599971762924e+00 -8.747755684559589406e-01 -3.864122004370362795e+00 -8.747755684559589406e-01 1.811837001877337272e+01
-1.727364239254839617e+00 -1.278934275760277961e+00 7.798800944192531226e+00 -1.278934275760277961e+00 2.675512714351311772e+00 -1.032143324977819532e+01 7.798800944192531226e+00 -1.032143324977819532e+01 -3.217712471926055429e+01
1.434184006769984876e+01 1.033916355494905659e+01 -1.217588074379520879e+00 1.033916355494905659e+01 9.610380293849807742e+00 -6.100860923951989534e+00 -1.217588074379520879e+00 -6.100860923951989534e+00 -3.393425412737563818e+00
3.491632735454540182e+01 6.973820509523261713e+00 -9.462993315076554168e+00 6.973820509523261713e+00 2.715440463890328360e+01 -8.100422255048091102e+00 -9.462993315076554168e+00 -8.100422255048091102e+00 -1.605598426093379061e+01
-1.131503967752095008e+01 3.811878104114334143e+00 1.083594257647220616e+01 3.811878104114334143e+00 -2.075489755815331350e+01 -3.334667296196733854e+00 1.083594257647220616e+01 -3.334667296196733854e+00 -1.924359950148064868e+01
3.928415922424572670e+01 1.320714194824257781e+01 -4.542517580003295197e-01 1.320714194824257781e+01 3.837846828394427234e+01 -5.465167104816201160e+00 -4.542517580003295197e-01 -5.465167104816201160e+00 2.030767634409186684e+01
-8.114023216632503477e+00 3.293188698934990555e+00 2.986816210798933824e+01 3.293188698934990555e+00 -1.484506425585990819e+01 8.563428546655803331e+00 2.986816210798933824e+01 8.563428546655803331e+00 8.197161876266012115e+00
5.631412667582996789e+01 5.781709876722769259e+00 -1.931522846413815664e+00 5.781709876722769259e+00 5.496517321889700725e+01 -7.807886226306097299e+00 -1.931522846413815664e+00 -7.807886226306097299e+00 1.387873768734951696e+01
2.105422084603162602e+01 1.231846575649244357e+01 3.998951692057485019e+00 1.231846575649244357e+01 2.563548816214033721e+01 -1.295442033945951366e+01 3.998951692057485019e+00 -1.295442033945951366e+01 -8.888330381497533850e+00
3.187410654980262237e+01 1.719289912807786314e+00 6.918409162589619577e+00 1.719289912807786314e+00 2.660377476593113499e+01 1.122477758024939654e+01 6.918409162589619577e+00 1.122477758024939654e+01 -2.034135021342298444e+01
1.498585809353832943e+01 1.695655587768890626e+01 -1.359878346253171610e+00 1.695655587768890626e+01 2.168828203424667223e+01 2.607751878084368258e+00 -1.359878346253171610e+00 2.607751878084368258e+00 -2.256122721406180176e+01
-9.865293543646938446e+00 7.021099325311602080e+00 1.162490342935028176e+00 7.021099325311602080e+00 1.403780786707191863e+00 -9.296741114168447950e+00 1.162490342935028176e+00 -9.296741114168447950e+00 1.397286480082260240e+01
-7.581075503720654751e+00 -1.787176351999089918e-01 8.624120716771940920e+00 -1.787176351999089918e-01 -2.133946609928555116e+00 3.511551515812103563e-01 8.624120716771940920e+00 3.511551515812103563e-01 -3.794112803909406040e+01
3.149837242448865382e+01 1.882911064808856239e+01 -8.076039741529060789e-01 1.882911064808856239e+01 3.496378704109805113e+01 4.801509191221898787e-01 -8.076039741529060789e-01 4.801509191221898787e-01 -2.301678368048518664e+01
-2.462491482312963953e+01 1.562973887409519236e+01 7.824790407402961279e+00 1.562973887409519236e+01 -1.770804456340058408e+01 1.182618194399752687e+00 7.824790407402961279e+00 1.182618194399752687e+00 -3.443156697917120823e+01
-2.715706516266447679e+01 1.061453431282429349e+01 -5.146409032373462367e+00 1.061453431282429349e+01 -1.499602686643233618e+01 -1.610533391603530973e+01 -5.146409032373462367e+00 -1.610533391603530973e+01 -5.682150732353413503e+01
3.738996610428755307e+00 -1.446044763089935081e+01 1.333580784985207046e+01 -1.446044763089935081e+01 -2.527940970682443123e+01 -1.530120798351059852e+00 1.333580784985207046e+01 -1.530120798351059852e+00 -3.426670320082379817e+01
-1.045074034462325940e+01 9.868861542022244748e+00 -1.195709795314871121e-01 9.868861542022244748e+00 1.039048275611708982e+00 2.780483688826039135e+00 -1.195709795314871121e-01 2.780483688826039135e+00 5.908904149345526768e+00
7.195716985871719595e-02 5.968443268495800424e+00 6.876941282011157952e+00 5.968443268495800424e+00 -7.392660736017244716e+00 4.843722466026211926e+00 6.876941282011157952e+00 4.843722466026211926e+00 -2.792755776051129502e+01
3.907364119858028317e+01 -2.949351118736336930e-01 7.297204202649825611e+00 -2.949351118736336930e-01 4.564512926214582933e+01 1.021880349563873480e+01 7.297204202649825611e+00 1.021880349563873480e+01 2.046757840818690255e+01
-1.389344281026545502e+01 9.587818014439818626e+00 2.112353208213267053e-01 9.587818014439818626e+00 -1.007214774777187051e-02 5.792795153049835832e+00 2.112353208213267053e-01 5.792795153049835832e+00 7.312618103074228770e+00
4.275693448422451581e+01 3.253808617108529422e+00 -8.511799628714801502e-02 3.253808617108529422e+00 4.530063190873528356e+01 -1.211395813138224975e+00 -8.511799628714801502e-02 -1.211395813138224975e+00 1.112853298279861924e+01
4.537539990650340194e+00 1.163691073862686842e+01 1.079267351379555429e+01 1.163691073862686842e+01 -1.745870244433013951e+01 -9.705352116664551332e+00 1.079267351379555429e+01 -9.705352116664551332e+00 -3.751478240065399206e+01
4.504724058647092910e+00 7.053074805711079698e+00 -3.736569552705555797e+00 7.053074805711079698e+00 2.048973750017457363e+01 -1.723725448880295774e+00 -3.736569552705555797e+00 -1.723725448880295774e+00 -2.765467912594490230e+01
2.079279005194561325e+00 -1.340593722522262832e+00 3.452193587708312972e+00 -1.340593722522262832e+00 -8.804577273988858366e-01 4.733592849310317874e+00 3.452193587708312972e+00 4.733592849310317874e+00 -3.254248679049027260e+01
5.317893141135200175e+00 -9.398213659655170471e-02 -5.770376863093335196e+00 -9.398213659655170471e-02 -3.866294756249267550e+00 1.422729059254448991e+01 -5.770376863093335196e+00 1.422729059254448991e+01 -1.054573023615180105e+01
6.092590573165464463e+01 1.085258568120442924e+01 -1.628776533180306885e+01 1.085258568120442924e+01 6.899424385580006458e+01 6.144706554784935548e+00 -1.628776533180306885e+01 6.144706554784935548e+00 5.779808145223955584e+00
6.813090105245679240e+01 4.317825215558852570e+00 1.126395440037649243e+00 4.317825215558852570e+00 3.962330176588127983e+01 1.393585180387787403e+01 1.126395440037649243e+00 1.393585180387787403e+01 2.093836822264983510e+01
1.250717828055615399e+01 6.144288929471853899e-01 5.552880084091268209e+00 6.144288929471853899e-01 -9.301809792042034175e+00 4.972448006277792487e+00 5.552880084091268209e+00 4.972448006277792487e+00 3.194420115109172897e+01
-1.582676428228816334e+01 9.159186684571402282e+00 -4.427887643388458194e+00 9.159186684571402282e+00 -2.013225616619385150e+00 9.761998503707909336e+00 -4.427887643388458194e+00 9.761998503707909336e+00 7.362547021087124222e+00
-2.538542377421395102e+01 1.383407823839340445e+01 4.098369390104173782e+00 1.383407823839340445e+01 -1.317080779289359072e+01 1.087895707555541769e+00 4.098369390104173782e+00 1.087895707555541769e+00 1.434352846036736517e+00
-1.371899302793541864e+01 6.321926963757211304e+00 4.589061992100287313e+00 6.321926963757211304e+00 -2.990397766971287563e+00 8.553551143083900854e+00 4.589061992100287313e+00 8.553551143083900854e+00 -1.976157154707198060e+01
-2.111558740548444035e+01 1.075861349475836448e+01 -4.785506779052346005e+00 1.075861349475836448e+01 -1.866094657412270053e+01 -7.724289771573856100e+00 -4.785506779052346005e+00 -7.724289771573856100e+00 -2.705391637043801012e+01
-4.963295954609985294e+00 6.328703868589610204e-01 -2.575351110842363678e+00 6.328703868589610204e-01 -6.824772093237988280e+00 -4.617980983599053957e+00 -2.575351110842363678e+00 -4.617980983599053957e+00 2.129109667472560474e+01
1.645917201843517219e+01 -1.409070811448133842e+00 6.657715483819973912e+00 -1.409070811448133842e+00 -4.598987601084151500e+00 -1.233961574837849184e+01 6.657715483819973912e+00 -1.233961574837849184e+01 -2.998667615269787490e+01
3.377473919242700617e+01 3.088454864531532174e+00 -2.273881921494568914e+00 3.088454864531532174e+00 3.468083146293055563e+01 -6.665447134907142690e+00 -2.273881921494568914e+00 -6.665447134907142690e+00 -8.272925223280662266e+00
-1.484171383953094292e+01 1.341954226079883661e+01 -1.514466430473763836e+01 1.341954226079883661e+01 2.393976470687206870e+00 -1.093919003532858447e+01 -1.514466430473763836e+01 -1.093919003532858447e+01 -5.864131595990529178e+01
-8.318721970165755542e-01 1.709357199076058542e+00 8.551076926432202185e+00 1.709357199076058542e+00 4.202700081910879959e+00 1.099921599442130926e+01 8.551076926432202185e+00 1.099921599442130926e+01 -3.490986432014783958e+01
-2.489113649482032642e+01 -1.315956405402480822e+00 9.259759942603778882e+00 -1.315956405402480822e+00 -4.854418391171882341e+00 4.168417096308858483e+00 9.259759942603778882e+00 4.168417096308858483e+00 -3.098222208850858195e+01
2.803045448019287278e+01 -1.236800959256931787e+00 3.475065512112887056e+00 -1.236800959256931787e+00 1.958772905707395395e+01 -8.028450520560696191e+00 3.475065512112887056e+00 -8.028450520560696191e+00 1.321562432157441513e+01
2.690530389078414686e+00 4.681231362344270508e+00 -8.781299613621152744e+00 4.681231362344270508e+00 2.413854401579284570e+01 -4.499981676417797338e+00 -8.781299613621152744e+00 -4.499981676417797338e+00 -1.380637535258540893e+01
3.663300553217520417e+01 5.782226540143820870e+00 -4.874071827131330359e+00 5.782226540143820870e+00 3.154609863742691545e+01 -1.632823165443415192e+01 -4.874071827131330359e+00 -1.632823165443415192e+01 -2.295730113622070689e+00
-1.118777501731092983e+01 1.492596333825970056e+01 -1.147884510499173505e+00 1.492596333825970056e+01 -1.665428729830212973e+01 -9.095762788261048115e+00 -1.147884510499173505e+00 -9.095762788261048115e+00 -3.941692815141539796e+01
-1.647551319057732044e+01 5.348035260968420523e+00 2.051829132321249460e+01 5.348035260968420523e+00 -2.393526174120744798e+01 -1.016722322946044699e+01 2.051829132321249460e+01 -1.016722322946044699e+01 -3.609262542261988216e+01
-5.426469081227563329e+00 -2.245822251996195895e+00 1.685388937082516359e+00 -2.245822251996195895e+00 2.621704292775518752e+00 -7.487583882298581628e+00 1.685388937082516359e+00 -7.487583882298581628e+00 -3.456871039999237638e+01
2.173267664427223167e+01 1.973577035748102659e+01 -1.321519272497553210e+01 1.973577035748102659e+01 2.184702946851201233e+01 1.131601015565147961e+01 -1.321519272497553210e+01 1.131601015565147961e+01 -4.741637362736530470e+00
2.718973039721279861e+01 2.642635451023934579e+01 -8.981399796877660435e+00 2.642635451023934579e+01 2.698834890393474240e+01 -8.089168935035118579e+00 -8.981399796877660435e+00 -8.089168935035118579e+00 -8.195624921821491327e-02
-1.810520614196668276e+01 1.008040978465207438e+01 1.282936856559163896e+00 1.008040978465207438e+01 -5.623844860330980966e-01 -4.659858789822655112e+00 1.282936856559163896e+00 -4.659858789822655112e+00 7.387592574740614815e+00
-1.836287307400854374e+01 8.330974695706071520e-01 6.065410950312035254e+00 8.330974695706071520e-01 -1.738679623493249338e+01 1.842041869815631117e+01 6.065410950312035254e+00 1.842041869815631117e+01 -3.865446847399786634e+01
1.995356234719592337e+01 2.247051236959448417e+01 5.715162399086466394e+00 2.247051236959448417e+01 2.458989980378311202e+01 5.786314833298065174e+00 5.715162399086466394e+00 5.786314833298065174e+00 -2.079607880116003216e+01
-1.078999274123479424e+01 1.133614484473762118e+00 3.614940003213765962e+00 1.133614484473762118e+00 -1.311289721081370097e+01 3.352569463010221518e-01 3.614940003213765962e+00 3.352569463010221518e-01 1.381065714334875905e+00
-1.134319093476920282e+00 1.979985247475946064e+00 7.255115639396137794e+00 1.979985247475946064e+00 -1.493994281437787919e+01 -5.253037627603920789e+00 7.255115639396137794e+00 -5.253037627603920789e+00 1.712850425044422664e+01
1.214747987431165477e+01 -4.917282206651462650e-01 -7.911284278292158856e-01 -4.917282206651462650e-01 1.572442595182781488e+01 -7.484542470318496399e+00 -7.911284278292158856e-01 -7.484542470318496399e+00 -1.221164446095528433e+00
-1.640642409816225111e+01 -6.444574058693919305e+00 1.871317682493690882e+01 -6.444574058693919305e+00 -9.688312056386942928e+00 -2.538410109482734356e+01 1.871317682493690882e+01 -2.538410109482734356e+01 -4.842129336636224224e+01
-1.417275711195304377e-01 7.095401917156364036e+00 8.945045866692677095e+00 7.095401917156364036e+00 -1.179083849018558539e+01 1.716711737361605206e+00 8.945045866692677095e+00 1.716711737361605206e+00 -3.543739247015761862e+01
1.726310058555730720e+01 5.468236600028763661e+00 -5.988732713211158298e+00 5.468236600028763661e+00 1.916642674976570149e+01 5.225654139422237776e+00 -5.988732713211158298e+00 5.225654139422237776e+00 6.501834561459157058e+00
1.171850755327833404e+01 1.320609417538625863e+01 5.407214113462410765e+00 1.320609417538625863e+01 -6.639788123241864071e+00 -5.373822231691779194e+00 5.407214113462410765e+00 -5.373822231691779194e+00 -3.406898741501105832e+01
2.739144597778045309e+00 -1.102831709606364008e+01 -2.013936036681941655e+00 -1.102831709606364008e+01 -1.941030154388018403e+00 1.878192600059852069e+01 -2.013936036681941655e+00 1.878192600059852069e+01 -2.705290049605069314e+01
3.171446182996103857e+01 4.863690067835401365e+00 2.746612799943012551e+00 4.863690067835401365e+00 3.160815683727746261e+01 1.836324584058034004e+00 2.746612799943012551e+00 1.836324584058034004e+00 -3.760750117591486141e+00
-1.219064329853534412e+00 4.365076757170275989e+00 9.918638685991137294e+00 4.365076757170275989e+00 1.491881627176676606e+00 6.207782474168909159e-01 9.918638685991137294e+00 6.207782474168909159e-01 -4.254306974171011291e+01
3.786626849315253907e+01 1.623028723163712428e+01 -9.014908228324605588e+00 1.623028723163712428e+01 3.060847823033208570e+01 -6.821566837658174620e+00 -9.014908228324605588e+00 -6.821566837658174620e+00 6.657853770945263427e+00
1.795838473167032845e+01 1.637960256064588904e+01 -7.138311329784881032e+00 1.637960256064588904e+01 6.107333135086920883e+00 -6.844152304682721066e+00 -7.138311329784881032e+00 -6.844152304682721066e+00 -1.717374036730318210e+01
-4.155901083685252217e+01 -3.997839599625034879e+00 6.192605892216345165e-01 -3.997839599625034879e+00 -4.481547543891870333e+01 1.190029588338360078e+01 6.192605892216345165e-01 1.190029588338360078e+01 -6.384118661068281142e+01
-1.208671977062512859e+01 1.748015086277173724e+00 -3.211192906802450703e-02 1.748015086277173724e+00 -2.333148915359133824e+01 -9.752510438595383135e+00 -3.211192906802450703e-02 -9.752510438595383135e+00 -4.166674336837303372e+01
-1.868765520682251235e+01 2.513738080226099569e+01 5.061597579387359325e+00 2.513738080226099569e+01 -4.737529015074365191e+01 1.674211502947458285e+01 5.061597579387359325e+00 1.674211502947458285e+01 -6.862175164508141734e+01
4.411827444930764131e+01 7.357748283206009710e+00 1.131856161969155217e+01 7.357748283206009710e+00 4.428547228413584946e+01 -2.697355578234766682e+00 1.131856161969155217e+01 -2.697355578234766682e+00 2.054523056441572848e+01
-1.436570218123826947e+01 1.222766965660269989e+01 -7.935785464787200816e+00 1.222766965660269989e+01 -8.011560442584152453e-01 2.456985394405670320e+00 -7.935785464787200816e+00 2.456985394405670320e+00 1.639861417035991087e+00
-2.844348610117734921e+01 3.670827231290817227e+00 6.456419233527039836e+00 3.670827231290817227e+00 -2.286480745438625561e+01 4.542176553605020928e+00 6.456419233527039836e+00 4.542176553605020928e+00 -4.476354163493088123e+01
-6.053875166033942712e+00 9.596910871724768199e+00 3.889407525992014225e+00 9.596910871724768199e+00 -7.746233082495253441e+00 1.446479138723375524e+00 3.889407525992014225e+00 1.446479138723375524e+00 4.486124785954324068e+00
4.568402607797688830e+01 8.391782046378049031e+00 -5.578488505156422583e+00 8.391782046378049031e+00 3.836154678355219261e+01 -3.613663594781255206e+00 -5.578488505156422583e+00 -3.613663594781255206e+00 9.908905031299564570e+00
-1.075671228733905238e+01 -1.699212665718469628e+00 2.969271456625208194e-01 -1.699212665718469628e+00 -6.670478246923640775e+00 2.391566994814573910e+00 2.969271456625208194e-01 2.391566994814573910e+00 -1.928765785545584066e+01
-6.086743622039096024e+00 -7.280787713814375062e-01 1.164844683046120011e+01 -7.280787713814375062e-01 -3.001261618834327649e+01 1.726984764536278760e+01 1.164844683046120011e+01 1.726984764536278760e+01 -6.401666004403709564e+01
2.001369469499831766e+01 -6.691174698418548950e+00 -1.057589710417494544e+01 -6.691174698418548950e+00 1.554986571909866910e+01 6.433803216442823825e-01 -1.057589710417494544e+01 6.433803216442823825e-01 -6.507193763107831153e+00
-1.063804892646453482e+01 -1.343533155936787438e+01 1.835344161588434275e+00 -1.343533155936787438e+01 -2.458734897254468521e+01 -1.744134055048898801e+01 1.835344161588434275e+00 -1.744134055048898801e+01 -5.987744277164822648e+01
1.130948574233386417e+01 1.580631564478463780e+01 1.794515259831585752e+01 1.580631564478463780e+01 4.709394633045524969e+00 9.468423055945960343e+00 1.794515259831585752e+01 9.468423055945960343e+00 -3.392892701477305906e+01
-2.275038212742214583e+01 1.025832328021161111e+01 -1.255441111385227071e+00 1.025832328021161111e+01 -2.334550815034593185e+01 -1.035260386169964519e+01 -1.255441111385227071e+00 -1.035260386169964519e+01 -3.198272264330750758e+01
1.112138199289573359e+00 -1.320219466719282808e+00 -1.891181255316387144e+00 -1.320219466719282808e+00 -2.854346619934893781e+01 -4.720203484049450893e+00 -1.891181255316387144e+00 -4.720203484049450893e+00 -8.566142593073031719e+00
6.347303013166322394e+00 -3.539566568378228695e+00 -6.007150039233850158e+00 -3.539566568378228695e+00 6.601661367879486875e+00 -1.533442008648153498e+00 -6.007150039233850158e+00 -1.533442008648153498e+00 -3.848552679256691533e+01
4.375324105081440251e+01 -1.856964544207357903e+00 1.147286113796631035e+01 -1.856964544207357903e+00 4.704728361312862006e+01 3.321455769923972401e+00 1.147286113796631035e+01 3.321455769923972401e+00 2.089222745487160537e+01
-1.412145517606452039e+01 -1.807622650901021899e+01 1.713551898462202416e+01 -1.807622650901021899e+01 -2.078328137328750813e+01 -6.124653709849794403e+00 1.713551898462202416e+01 -6.124653709849794403e+00 -4.635959513165178514e+00
1.465534867504591610e+01 4.451702363648912808e+00 4.466629061303331483e+00 4.451702363648912808e+00 2.415532055074073536e+00 4.865787889342389150e+00 4.466629061303331483e+00 4.865787889342389150e+00 4.414436381260403408e+01
-1.057881585538942915e+01 1.489032533049985041e+01 6.425362894909422140e-01 1.489032533049985041e+01 7.287082565123830236e+00 1.378720474263013251e+00 6.425362894909422140e-01 1.378720474263013251e+00 1.431977197382843947e+01
4.924536475735611596e+00 6.669041207497394375e+00 -2.698123245967678496e+00 6.669041207497394375e+00 1.630540392677326622e+01 9.748821472212227945e-01 -2.698123245967678496e+00 9.748821472212227945e-01 2.187087265832633776e+01
-3.555029603422992679e+00 1.031585391758484960e+00 1.002948843553703817e+01 1.031585391758484960e+00 -3.379625765186711206e+00 1.669373683493890370e+00 1.002948843553703817e+01 1.669373683493890370e+00 -2.396498191457373039e+01
-5.464418210893889905e-02 3.093054175050942600e+00 1.322957083406684164e+00 3.093054175050942600e+00 -2.778387336519775275e+01 -2.052344174399255206e+00 1.322957083406684164e+00 -2.052344174399255206e+00 3.261480321529025872e+01
4.943133563013880405e+01 1.412225451554145472e+00 -1.107623520429539532e+01 1.412225451554145472e+00 3.926668482855582454e+01 2.382197910811444608e+00 -1.107623520429539532e+01 2.382197910811444608e+00 -1.898690520517215541e-01
5.182464713380094956e+00 -9.355148101860383258e-01 2.880081119649581911e+00 -9.355148101860383258e-01 3.251954304790494632e+00 -5.274625471129535725e+00 2.880081119649581911e+00 -5.274625471129535725e+00 -1.579514966597748860e+01
1.342862225040578927e+01 -8.227494972129635320e-01 4.182167476108845428e+00 -8.227494972129635320e-01 -1.472044959159741850e+01 1.655541226315197889e+01 4.182167476108845428e+00 1.655541226315197889e+01 -2.600337574121926920e+01
5.476415550576919422e+00 -1.967135250608790020e+00 -1.290387082100933291e+01 -1.967135250608790020e+00 2.261074020967539955e+00 9.855635847667411298e+00 -1.290387082100933291e+01 9.855635847667411298e+00 -2.549845316205802703e+01
-1.268774041977910194e+01 4.075784239175171741e+00 1.013696775609625966e+01 4.075784239175171741e+00 -9.159898162249749731e+00 1.459573604334277741e+00 1.013696775609625966e+01 1.459573604334277741e+00 -3.605375363004759492e+01
3.673529139623138917e+01 -1.909554266779708576e-01 -2.003841782574032337e-01 -1.909554266779708576e-01 3.586492214442112214e+01 -1.826936654487353762e+00 -2.003841782574032337e-01 -1.826936654487353762e+00 1.789254801304572817e+00
3.433977517960960402e+00 1.421236523398039608e+01 -7.156366555378572691e+00 1.421236523398039608e+01 1.700165032014606936e+01 -1.597215312683832433e+00 -7.156366555378572691e+00 -1.597215312683832433e+00 2.230313835199003947e+01
-2.860181275692257685e+01 1.456092060960044421e+01 2.862932152882664005e-01 1.456092060960044421e+01 -8.778733398722851078e+00 -4.660497112553720456e+00 2.862932152882664005e-01 -4.660497112553720456e+00 5.866032628539229243e+00
3.703365268917681696e+00 -6.150289528666498917e+00 6.235054575531816745e+00 -6.150289528666498917e+00 2.030057443664246364e+01 2.455429998562204119e+00 6.235054575531816745e+00 2.455429998562204119e+00 -3.034751553627977572e+01
