-1.567123727989003257e+01 5.365720972651164544e+00 2.823971750917018042e+01 5.365720972651164544e+00 -6.080902930397511597e+01 -8.068826616920219408e-01 2.823971750917018042e+01 -8.068826616920219408e-01 -2.188164734480731255e+01
3.607019437756482816e+00 -7.006097879442471310e+00 1.018871891808655050e+01 -7.006097879442471310e+00 2.012503416241341725e+01 2.820146244979138572e+00 1.018871891808655050e+01 2.820146244979138572e+00 -2.365020741252538983e+01
-5.229634729319929676e-01 1.931113678193665706e+01 1.337629015835287305e+01 1.931113678193665706e+01 -9.187446955067392063e-01 -1.332334736158036748e+01 1.337629015835287305e+01 -1.332334736158036748e+01 -1.362654160459439900e+01
1.356753476112871226e+01 1.187496867323524441e+01 2.814192338236034630e+01 1.187496867323524441e+01 -8.411480892602081205e-01 1.162693954751981629e+01 2.814192338236034630e+01 1.162693954751981629e+01 -1.699986973751261621e+00
-1.747474283173789900e+01 -2.642985505930259649e+01 9.667559633811261932e+00 -2.642985505930259649e+01 -5.796271441130772928e+01 -2.528997628284246790e+00 9.667559633811261932e+00 -2.528997628284246790e+00 -3.202862077687915843e+01
-2.197813800245408444e+01 -2.041907406336003916e+01 1.468085009544741659e+01 -2.041907406336003916e+01 -1.928077215860724181e+01 1.582322340631572466e+01 1.468085009544741659e+01 1.582322340631572466e+01 -8.001617448060912352e+00
9.655117937710702591e+00 -1.287985669088521945e+01 1.187474666000608581e+00 -1.287985669088521945e+01 -1.425722651470112368e+01 2.073900223245179475e-01 1.187474666000608581e+00 2.073900223245179475e-01 1.512038762446003126e+01
-3.004218796532770686e+00 -4.680520087730090317e+00 1.334918049705457221e+01 -4.680520087730090317e+00 -7.351169925631876545e+00 2.885676245200670120e+00 1.334918049705457221e+01 2.885676245200670120e+00 -1.167429925930210999e+01
5.092180109135735222e+01 5.287043636634509713e-01 6.014559270817159131e+00 5.287043636634509713e-01 1.787452871716441649e+01 -5.516648000810794317e-01 6.014559270817159131e+00 -5.516648000810794317e-01 5.306450755284861742e+01
2.472167428788292654e+01 1.640757799771195069e+00 2.084723353863636319e+01 1.640757799771195069e+00 -1.001997595764560378e+00 -4.617380061717361706e+00 2.084723353863636319e+01 -4.617380061717361706e+00 1.958679119967500171e+01
-3.319546450280753191e+01 -6.113031442520586722e+00 -4.157095772280379187e+00 -6.113031442520586722e+00 -3.416451855128260462e+01 1.221843009508456390e+01 -4.157095772280379187e+00 1.221843009508456390e+01 -8.197643008486934946e+00
-2.178510200898534421e+01 2.551943962650033626e+01 -3.724180604817524998e+00 2.551943962650033626e+01 2.233697679904800637e+01 2.393752793705974824e+00 -3.724180604817524998e+00 2.393752793705974824e+00 -6.196630684115482346e+00
-2.146990483185346132e+00 -1.386458319479290680e+01 1.394464481002771450e+01 -1.386458319479290680e+01 -2.529424900450982960e+01 1.875594016445092649e+01 1.394464481002771450e+01 1.875594016445092649e+01 -3.405052888014975565e+01
-3.238073316975131632e+01 -5.249542184064193151e-01 1.695481325401093642e+00 -5.249542184064193151e-01 -5.058081720234870460e+01 1.965609104541551355e+00 1.695481325401093642e+00 1.965609104541551355e+00 -2.057412790633511435e+01
-3.611541441975739275e+01 -1.492526457384350458e+01 9.360479798352379532e+00 -1.492526457384350458e+01 -8.084887471365997058e+00 -1.684173770633191936e+01 9.360479798352379532e+00 -1.684173770633191936e+01 -3.180432599552469242e+01
-6.858202138862901087e-01 -2.201710804773592489e+00 -1.777986016135938874e+00 -2.201710804773592489e+00 -1.046192145827031972e+01 1.464684268725370275e+00 -1.777986016135938874e+00 1.464684268725370275e+00 7.768754598036653469e+00
-2.217808394769131652e+01 -8.378453299117852637e+00 6.956873681362791828e+00 -8.378453299117852637e+00 -7.160599234300447335e+01 -1.625197680011284396e+00 6.956873681362791828e+00 -1.625197680011284396e+00 -3.906886251174525171e+01
2.286343513277077122e+01 2.045185260425988005e+01 1.832552824686620241e+01 2.045185260425988005e+01 -3.863437998631562120e+00 1.122367066360391696e+01 1.832552824686620241e+01 1.122367066360391696e+01 -1.962963787574555496e+01
3.901083671021508881e+00 -5.598905227060972045e+00 7.273113602265709465e-01 -5.598905227060972045e+00 -1.815900155471603838e+01 1.113839664427973331e+00 7.273113602265709465e-01 1.113839664427973331e+00 5.773683672182039039e+00
-4.380535697939336615e+00 -8.174441864725400464e+00 1.839695127085020587e+01 -8.174441864725400464e+00 1.215321484169787603e+01 1.805665244671438074e+01 1.839695127085020587e+01 1.805665244671438074e+01 2.789380207366465569e+01
-4.672917126297411627e+00 -1.641561210087995448e+01 3.495341749193477288e+00 -1.641561210087995448e+01 -3.050950964410010968e+01 9.265273848495930054e+00 3.495341749193477288e+00 9.265273848495930054e+00 6.942434348256374399e+00
-1.084766903543443206e+01 -7.551577413075086120e+00 9.961455518382674512e+00 -7.551577413075086120e+00 -2.892119759391140121e+01 -2.550120648410054702e+00 9.961455518382674512e+00 -2.550120648410054702e+00 -1.157847612712773255e+01
8.590001349733926261e+00 1.072176905642875688e+01 2.245223802528553492e+01 1.072176905642875688e+01 2.821039590920170070e+01 2.498400392219852151e+01 2.245223802528553492e+01 2.498400392219852151e+01 1.602175635199660775e+01
4.731752724170274860e+01 4.091267446145617548e+00 1.157995974867989730e+01 4.091267446145617548e+00 2.624317668033042494e+01 -6.356511801450628774e+00 1.157995974867989730e+01 -6.356511801450628774e+00 5.394588923239953004e+01
3.241513344025255350e+01 -6.126275226116391970e+00 7.989167455645342031e+00 -6.126275226116391970e+00 3.494707610196464476e+00 -3.316120708632697589e+00 7.989167455645342031e+00 -3.316120708632697589e+00 2.661854380375369900e+01
-2.596396488918193057e+01 -8.434719391160578894e+00 1.401853324840948600e+00 -8.434719391160578894e+00 -1.829010970989850549e+01 -5.963147301710846726e+00 1.401853324840948600e+00 -5.963147301710846726e+00 -1.768019287305808618e+01
-2.393562363863168230e+01 1.921360444163439540e+00 1.906572536486835645e+01 1.921360444163439540e+00 -4.421490603078228077e+01 9.803804022923655603e-01 1.906572536486835645e+01 9.803804022923655603e-01 -2.443754930613907206e+01
4.628659306067048895e+00 -5.244358061146315642e+00 4.823419719554206786e+00 -5.244358061146315642e+00 -1.838478990432430393e+01 -8.601072948054828624e-03 4.823419719554206786e+00 -8.601072948054828624e-03 1.143597532087643920e+01
1.113874570632588101e+00 -1.548350969077099393e+01 -2.085549459828733188e+00 -1.548350969077099393e+01 3.103590380241200819e+01 2.996816317139260111e+00 -2.085549459828733188e+00 2.996816317139260111e+00 -2.177576073870792683e+01
-1.157271096448832992e+01 6.694927241397484741e-01 1.445646839641336179e+01 6.694927241397484741e-01 -1.919893933786167040e+01 -7.155276403389095208e+00 1.445646839641336179e+01 -7.155276403389095208e+00 -2.030771052397772536e+01
1.258663461473180156e+01 7.145129211940697278e-01 4.777790809478280387e+00 7.145129211940697278e-01 -1.256348837098252069e+01 -3.946319760771186846e+00 4.777790809478280387e+00 -3.946319760771186846e+00 3.574178959610642359e+00
-1.620786868425495797e+01 -2.281354938288412182e+00 1.448228270488214520e+01 -2.281354938288412182e+00 -4.825253370427509481e+01 -7.345715341408587840e+00 1.448228270488214520e+01 -7.345715341408587840e+00 -6.694979083950696186e+00
-8.529875381827112690e+00 7.533403094837996861e+00 2.228417214157505821e+00 7.533403094837996861e+00 -2.009711091767486124e+01 -6.334871898928398082e+00 2.228417214157505821e+00 -6.334871898928398082e+00 -2.272526577679217752e+01
-1.656273460967008759e+01 -3.206825091800104666e+00 2.059583392689870962e+01 -3.206825091800104666e+00 -2.658901407504672676e+01 -7.391487856216240715e+00 2.059583392689870962e+01 -7.391487856216240715e+00 -4.265639358121503477e+01
-3.993160126628226436e+01 -9.700626475155569750e+00 2.442811791057031556e-01 -9.700626475155569750e+00 -3.677056251792852493e+01 1.022190639507676524e+00 2.442811791057031556e-01 1.022190639507676524e+00 -2.630012949503160868e+01
-2.566618605850857193e+01 3.334525029165794052e+01 -1.521575391753541240e+01 3.334525029165794052e+01 -2.351967534848705021e+00 -1.535576709767602566e+01 -1.521575391753541240e+01 -1.535576709767602566e+01 -3.320845958072801807e+01
3.966757360773587493e+01 1.375219786121742338e+00 3.917147523093188966e+01 1.375219786121742338e+00 1.393656994880197075e+01 -2.597896655891789308e+00 3.917147523093188966e+01 -2.597896655891789308e+00 5.163011216282321847e+00
-3.184095649779378867e+00 4.133352120981543720e+01 1.488816654508230464e+01 4.133352120981543720e+01 1.700062863923783851e+01 -1.443764425754999969e+01 1.488816654508230464e+01 -1.443764425754999969e+01 -1.995222079090787659e+01
8.162974916092320399e+00 -3.436574666693080538e+00 2.788605820339285835e+00 -3.436574666693080538e+00 -1.588951252337165876e+01 1.026777689438997943e+00 2.788605820339285835e+00 1.026777689438997943e+00 9.218566838395206631e+00
4.013656045729141653e+01 -8.366705424080263853e+00 4.397514834585705756e+01 -8.366705424080263853e+00 8.506635078583588694e+00 -1.335573106222258843e+01 4.397514834585705756e+01 -1.335573106222258843e+01 2.733549956496427180e-01
-1.190502732262354968e+01 -1.146031829510250510e+01 1.213439916502781557e+01 -1.146031829510250510e+01 -6.065438673024895877e+01 3.006519343937540459e-02 1.213439916502781557e+01 3.006519343937540459e-02 -5.760938321293488684e+01
-4.416661920977616340e+00 5.964901665633703942e+00 -8.279294794074255393e+00 5.964901665633703942e+00 -3.797406695531718057e+00 1.470338804241862896e+01 -8.279294794074255393e+00 1.470338804241862896e+01 -2.818457880970895602e+01
1.265444450115321295e+01 -1.671967052696884437e+01 -4.757354686278333133e+00 -1.671967052696884437e+01 -2.218925958728767966e+01 1.110611243932553904e+01 -4.757354686278333133e+00 1.110611243932553904e+01 4.759394075086666120e+00
3.135571832388187730e+01 -1.076623154686033068e+01 6.291433155501358954e+00 -1.076623154686033068e+01 -6.016219698887745437e+00 -7.761608099124591043e+00 6.291433155501358954e+00 -7.761608099124591043e+00 3.133622469699367130e+01
-3.423616151587749012e+00 -7.560893077564901255e+00 -4.406060744681932206e+00 -7.560893077564901255e+00 -7.913363178154691369e+00 9.202674028047333366e+00 -4.406060744681932206e+00 9.202674028047333366e+00 4.371568713459019762e-01
-1.285604320830010927e+01 4.370245510447578141e+00 3.969164034398202290e+01 4.370245510447578141e+00 -3.455927029755660129e+01 -1.840632252435465688e+01 3.969164034398202290e+01 -1.840632252435465688e+01 -2.584879702026260162e+01
7.179342102112373425e+01 -1.914484621565981115e+01 4.541444746338780902e+01 -1.914484621565981115e+01 -1.177009108729452436e+01 -1.663788016286940774e+01 4.541444746338780902e+01 -1.663788016286940774e+01 2.866780698585024112e+01
3.170042412608548688e+00 1.879728103714795751e+01 1.388491984324325834e+01 1.879728103714795751e+01 -3.939622018608404663e-01 8.910662390628885987e+00 1.388491984324325834e+01 8.910662390628885987e+00 -1.927308353781645422e+01
-8.169065089136523738e+01 -5.097029624571203232e-01 2.130705053461352705e+01 -5.097029624571203232e-01 -8.739455650468555348e+01 1.120722156188823071e+01 2.130705053461352705e+01 1.120722156188823071e+01 -1.681170426872120416e+01
-2.535729737306752796e+01 3.730894889159673156e+00 1.630240912854297264e+01 3.730894889159673156e+00 -2.266023502564882364e+01 8.131657968148829241e+00 1.630240912854297264e+01 8.131657968148829241e+00 -3.860378367920140441e+00
1.884539193180193584e+00 -1.129110008590782144e+01 2.629287722638808233e+01 -1.129110008590782144e+01 1.974942700799109385e+00 -1.364405986087164457e+01 2.629287722638808233e+01 -1.364405986087164457e+01 4.170969197379462479e+00
-2.332215830129733192e+01 7.825260370079285543e+00 -1.699613110493767465e+01 7.825260370079285543e+00 -3.463071312438029992e+01 -2.630659001490987592e+01 -1.699613110493767465e+01 -2.630659001490987592e+01 -4.482895524041366286e+01
-3.794329847737759565e+01 -1.757293270710129107e+01 4.380559141824367941e+01 -1.757293270710129107e+01 -3.135651102097360976e+01 -1.495580188989969272e+01 4.380559141824367941e+01 -1.495580188989969272e+01 -7.345358733089701886e+00
-3.354527651337809857e+01 -2.039754710325197617e+00 8.062405510788606122e+00 -2.039754710325197617e+00 -1.538828400229808580e+01 8.311101320191900399e+00 8.062405510788606122e+00 8.311101320191900399e+00 -6.304698511071127776e+00
-2.635583237050552796e+01 -1.837994825967652091e+01 2.619586290703153608e+01 -1.837994825967652091e+01 -2.833765384478809679e+01 1.490390271855573623e+01 2.619586290703153608e+01 1.490390271855573623e+01 -2.534927988169387092e+01
-2.347299200332113500e+01 -4.360685890903846840e+00 2.615223382204577263e+01 -4.360685890903846840e+00 -6.971190026043947796e+01 -4.037458411611432041e+00 2.615223382204577263e+01 -4.037458411611432041e+00 6.300065931333994840e+00
2.069894632134583290e+01 9.566352426046977442e+00 5.372634885903465829e+00 9.566352426046977442e+00 -1.892380177905886995e+01 2.817883124493194114e+00 5.372634885903465829e+00 2.817883124493194114e+00 9.679811669666600338e+00
-3.301324558884779492e+01 -2.250563119864442996e+01 1.384002543335731694e+01 -2.250563119864442996e+01 -5.874299137500688772e+01 1.154860226182257321e+01 1.384002543335731694e+01 1.154860226182257321e+01 -5.009839413708676403e+01
-8.498290250428736314e+00 7.681682840858939265e+00 1.212313549736535734e+01 7.681682840858939265e+00 -2.023324909324641752e+01 2.632908702547095192e+00 1.212313549736535734e+01 2.632908702547095192e+00 2.392692228922654252e+01
1.202849051499540955e+01 2.027856400484972355e+01 1.153682471560946077e+01 2.027856400484972355e+01 2.077062998546691830e+01 -5.558415295035352699e+00 1.153682471560946077e+01 -5.558415295035352699e+00 1.924644952931978281e+01
-2.032020461434765579e+01 2.469482230107846377e+01 1.396469351436695661e+01 2.469482230107846377e+01 -2.685622874441782670e+01 -3.085806674800449123e+00 1.396469351436695661e+01 -3.085806674800449123e+00 -3.531774673701948331e+01
-5.309529748082437095e+01 1.220233022469974493e+01 -1.888434547738480873e+01 1.220233022469974493e+01 -5.235962506504538538e+00 -7.010605121195765399e+00 -1.888434547738480873e+01 -7.010605121195765399e+00 -4.605193094893485295e+01
2.766795663018823248e+01 -5.595962962848049393e+00 -7.197485776497976051e-01 -5.595962962848049393e+00 3.567118267600937287e+01 1.317132295207786896e+01 -7.197485776497976051e-01 1.317132295207786896e+01 2.489692422990525955e+01
1.334977069918973847e+01 -3.969901446937584844e+00 1.204607917730196598e-01 -3.969901446937584844e+00 -8.373202169512550697e+00 -1.515017811559282812e+01 1.204607917730196598e-01 -1.515017811559282812e+01 -1.140856662069113270e+01
3.338181923389271333e+01 -2.826775258992470174e+00 9.275723196901695944e-02 -2.826775258992470174e+00 1.845510132983318030e+01 -2.966153528027157815e+00 9.275723196901695944e-02 -2.966153528027157815e+00 3.383551375044487486e+01
-1.578571039011537458e+01 -1.679004654919672390e+01 3.063799977570866861e+00 -1.679004654919672390e+01 -4.988206189448679595e+01 -1.025195419550929365e+01 3.063799977570866861e+00 -1.025195419550929365e+01 -2.136094995284710407e+01
1.466396408738623869e+01 1.036451364297886180e+01 3.008365386955726706e+01 1.036451364297886180e+01 -2.932500459767750201e+01 -4.268179560051230226e+00 3.008365386955726706e+01 -4.268179560051230226e+00 3.460452161509542712e+00
3.623268845216378153e+00 -5.650662351041026099e+00 3.755204622053064867e+01 -5.650662351041026099e+00 2.418718633296775877e+01 -3.645049067094807249e+00 3.755204622053064867e+01 -3.645049067094807249e+00 -3.544979064059927132e-01
-1.565746827261739860e+01 9.557879735230686791e+00 7.466618744965317411e+00 9.557879735230686791e+00 -4.047833927930994236e+01 1.449784259937769981e+01 7.466618744965317411e+00 1.449784259937769981e+01 -1.735054110431676477e+01
-2.897629041979037723e+01 2.485639633404650439e+01 -1.221868272556446833e+01 2.485639633404650439e+01 -2.459267303841292218e+01 -6.667513430584802947e+00 -1.221868272556446833e+01 -6.667513430584802947e+00 -1.980898881840461101e+01
-1.112627307338331306e+01 -8.902732355831377120e+00 2.358158851303142356e+01 -8.902732355831377120e+00 -8.520943042270944545e+01 1.298968899321547799e+00 2.358158851303142356e+01 1.298968899321547799e+00 2.321520286899072971e+00
1.111298497583505407e+00 -2.068707005392901310e-01 3.441576057023783619e+01 -2.068707005392901310e-01 -4.288070786489042518e+01 -1.733772741934780592e+00 3.441576057023783619e+01 -1.733772741934780592e+00 -8.003568039596656192e+00
9.977551321261310946e+00 -2.618546272187616708e+01 4.138761751306672920e+01 -2.618546272187616708e+01 -5.112153443766454863e+00 -6.564281267286514066e+00 4.138761751306672920e+01 -6.564281267286514066e+00 1.145949144322132263e+01
-1.086842825633359233e+01 1.556099165536406481e+01 5.621556809392095344e-01 1.556099165536406481e+01 4.435254910854522947e+00 -1.051393428547282305e+01 5.621556809392095344e-01 -1.051393428547282305e+01 -2.364824511742796886e+01
2.613826443992694593e+01 1.551540646612293983e+01 2.104920447673147521e+01 1.551540646612293983e+01 -2.110438158846129397e+01 -1.671016922467951105e+01 2.104920447673147521e+01 -1.671016922467951105e+01 6.273295851047175908e+00
3.276894595130367094e+01 -4.117195183828950000e+00 -1.750733431344930580e+01 -4.117195183828950000e+00 1.956657781004591357e+01 5.845842496966069390e+00 -1.750733431344930580e+01 5.845842496966069390e+00 3.149713287873201750e+01
5.444286060375551273e+01 1.410016046227950071e+01 2.508857675607611171e+01 1.410016046227950071e+01 2.524065916175797142e+01 4.447768857126014552e+00 2.508857675607611171e+01 4.447768857126014552e+00 4.975193743144352254e+00
-2.307878360312530219e+01 -6.966797140945770295e+00 9.977774838673962421e+00 -6.966797140945770295e+00 -3.232429340830756814e+01 2.043175892039814645e+00 9.977774838673962421e+00 2.043175892039814645e+00 -2.540481919433734248e+01
-7.020278372388693455e+00 6.881703515780195346e-01 1.035160575588207266e+01 6.881703515780195346e-01 -2.921181223933628957e+01 2.496402171105121681e+01 1.035160575588207266e+01 2.496402171105121681e+01 2.535473665521319031e+00
-4.436521952397426105e+01 2.803458105430069125e+01 1.738396436408009338e+00 2.803458105430069125e+01 -1.282451655479065700e+01 -8.678161692129306104e+00 1.738396436408009338e+00 -8.678161692129306104e+00 -4.698788616292034703e+01
-9.728671790423527810e+00 -4.073098631544908699e+00 3.827519020381371373e+00 -4.073098631544908699e+00 -1.915031713292591675e+01 -5.158174697239832796e+00 3.827519020381371373e+00 -5.158174697239832796e+00 -7.438398184845265604e+00
3.364415131281577942e+01 -1.116594243511236861e+01 -1.638613049197664706e+00 -1.116594243511236861e+01 1.629321075576658373e+01 2.100204090389263101e+01 -1.638613049197664706e+00 2.100204090389263101e+01 3.874011623017275241e+01
2.254740332647964962e+01 -6.574576661218126894e+00 -1.027709602876460737e+00 -6.574576661218126894e+00 -2.628335014421069360e+01 5.967862960458453436e+00 -1.027709602876460737e+00 5.967862960458453436e+00 1.359130167663704292e+01
-1.856950639960550831e+01 -1.183947226594431967e+01 5.377061525539797771e+00 -1.183947226594431967e+01 -2.179936160462526828e+01 -3.958301832038749080e+00 5.377061525539797771e+00 -3.958301832038749080e+00 -7.123532700164631137e+00
-2.081751313567139050e+01 -2.230044253262837728e+01 6.952161023779648730e+00 -2.230044253262837728e+01 -4.787951292833675865e+01 9.952898744120115992e+00 6.952161023779648730e+00 9.952898744120115992e+00 -4.137061187792735240e+01
1.577867676156361476e+01 -2.512037456025447923e+00 4.486023503455818684e+00 -2.512037456025447923e+00 -1.116820221083836984e+01 2.672730709187657316e-01 4.486023503455818684e+00 2.672730709187657316e-01 2.183597480187500750e+01
3.366038512072442046e+01 5.460166237575768022e+00 7.362442037612916046e+00 5.460166237575768022e+00 2.971318365610297008e+01 -3.022927201214973270e+00 7.362442037612916046e+00 -3.022927201214973270e+00 2.791501013419656729e+01
3.919578125817452730e+01 2.214239670170380236e+01 3.715181184077009391e+01 2.214239670170380236e+01 -2.983239166347306792e+01 8.074948885671869192e+00 3.715181184077009391e+01 8.074948885671869192e+00 -1.001927443189980504e+00
-2.277272083109378897e+01 -4.329659832088503357e+00 -8.527768265573380191e+00 -4.329659832088503357e+00 -1.624967384074301435e+01 3.561844749466432258e+00 -8.527768265573380191e+00 3.561844749466432258e+00 -1.149224403648573123e+01
5.072896594346807575e+01 1.100170500838327925e+01 2.080807356367537864e+01 1.100170500838327925e+01 4.947272814674563790e+01 -6.212080162464187261e+00 2.080807356367537864e+01 -6.212080162464187261e+00 2.294451502374386109e+00
-7.642332816377289006e+00 -3.798906701678347542e+00 8.476818616158698916e+00 -3.798906701678347542e+00 -2.409756944281850366e+01 -3.400856647099789853e+00 8.476818616158698916e+00 -3.400856647099789853e+00 3.393928393686107370e+01
-1.450545174725041697e+01 1.495754667178412545e+00 9.326865619963237819e+00 1.495754667178412545e+00 -5.035030625296080586e+01 -2.995729211591747099e+00 9.326865619963237819e+00 -2.995729211591747099e+00 6.711404891018476704e+00
3.756837131675565189e+01 -7.188816372586809500e+00 4.710538545922214837e+01 -7.188816372586809500e+00 -1.916621179998187818e+00 6.270982594454547865e+00 4.710538545922214837e+01 6.270982594454547865e+00 4.798173665558241652e+00
-2.347036977308743388e+01 1.826015210412098000e+01 -2.631089855658753418e+00 1.826015210412098000e+01 -5.226473744232504259e+01 9.530660185716165245e+00 -2.631089855658753418e+00 9.530660185716165245e+00 -5.885717659701538906e+01
-7.280175957469488424e+01 -6.318759919325804830e+00 1.594053629865749322e+01 -6.318759919325804830e+00 -1.086185951481928491e+01 -1.131845340234144714e+01 1.594053629865749322e+01 -1.131845340234144714e+01 -2.501934605461604022e+01
2.609525403047335601e+01 5.644178567064487062e+00 9.175620993868225383e+00 5.644178567064487062e+00 -2.358999521400409449e+01 -7.491687563388410354e+00 9.175620993868225383e+00 -7.491687563388410354e+00 -1.289527067934587201e+01
7.773928653722364857e+01 -1.150732640961448539e+01 3.783314915687250135e+01 -1.150732640961448539e+01 5.596025769917350345e+01 -1.802479960743749743e+01 3.783314915687250135e+01 -1.802479960743749743e+01 3.247746985803164677e+01
-3.305798623466548491e+01 9.436841280234148144e+00 1.213191161397635653e+01 9.436841280234148144e+00 -7.004946221425166186e+01 -1.462592705429528045e-02 1.213191161397635653e+01 -1.462592705429528045e-02 -9.103548544320970493e+00
-4.157585406627356406e+01 4.539560398017592924e+00 -1.165353245750869515e+00 4.539560398017592924e+00 -4.612147239880609817e+01 2.569359484426299911e+00 -1.165353245750869515e+00 2.569359484426299911e+00 -5.820175008884422141e+01
-3.490307277782805073e+01 -2.167071544978469877e+00 -5.980363781485849906e+00 -2.167071544978469877e+00 -5.355295168223273805e+01 3.227695977776444014e+00 -5.980363781485849906e+00 3.227695977776444014e+00 -6.073480370090599934e+01
