2.327582979283851117e+01 1.005962345104398992e+01 -8.077179140304398430e+00 1.005962345104398992e+01 1.383188295182430139e+01 1.107646690426719260e+01 -8.077179140304398430e+00 1.107646690426719260e+01 -3.220408663320237963e+01
-1.237146157710962058e+01 -1.866392596702326045e+01 -5.015474050789707761e+00 -1.866392596702326045e+01 -2.973465723031202756e+01 2.937732516470844146e+01 -5.015474050789707761e+00 2.937732516470844146e+01 -4.910750875581396713e+01
4.800057874814865500e+01 -1.246640229187602644e+00 -4.652288984627706014e+00 -1.246640229187602644e+00 4.522902541667353660e+01 -6.615395740946892644e+00 -4.652288984627706014e+00 -6.615395740946892644e+00 4.168171762236372757e+01
2.941809234834904085e+00 1.422128217981601672e+01 -3.127148740973101582e+00 1.422128217981601672e+01 -2.105219968673252851e+01 -1.167035357835168163e+01 -3.127148740973101582e+00 -1.167035357835168163e+01 -4.193799518445948848e+01
7.670766324851658879e+00 -4.300515912661191820e+00 5.698058771922334564e+00 -4.300515912661191820e+00 -2.095376843782783283e+01 1.142550834144783067e+01 5.698058771922334564e+00 1.142550834144783067e+01 -3.734299839698952894e+01
-1.637012706357543124e+01 9.627013440191078075e+00 -7.963357660225407919e+00 9.627013440191078075e+00 2.698745116563330981e+01 1.760695868312474488e+01 -7.963357660225407919e+00 1.760695868312474488e+01 -3.842348594370351123e+01
2.374131252616528798e+01 7.465876509034708342e+00 -1.047891435802546489e+01 7.465876509034708342e+00 4.219276636185968954e+01 2.030321956427593388e+00 -1.047891435802546489e+01 2.030321956427593388e+00 -2.228073351454335604e+00
5.328467849369567944e+01 -1.375648252023460927e+01 -2.121439457134253637e+00 -1.375648252023460927e+01 4.460077698704451166e+01 6.535927181841119982e+00 -2.121439457134253637e+00 6.535927181841119982e+00 1.046292331738506043e+01
2.696864584376599794e+01 1.813145873474226732e+01 2.298531770248797734e+00 1.813145873474226732e+01 5.861956139712589220e+01 -1.202783838812482520e+00 2.298531770248797734e+00 -1.202783838812482520e+00 -2.532306359499269188e+00
-6.901463720776462196e+01 -1.184148733757112026e+01 -9.558154944462092573e+00 -1.184148733757112026e+01 -3.555053194816741780e+01 1.090883971291644805e+01 -9.558154944462092573e+00 1.090883971291644805e+01 -6.947503603476148726e+01
3.056726128800178799e+01 6.914203826289833543e+00 7.470895803020074943e+00 6.914203826289833543e+00 2.890819022124398430e+01 2.266752742808052901e+01 7.470895803020074943e+00 2.266752742808052901e+01 -1.540647963273775467e+01
-3.445240009113263824e+01 -8.338237351649581797e+00 1.458984250042957953e+01 -8.338237351649581797e+00 -7.337101913114710605e+00 -4.469477974837023027e+00 1.458984250042957953e+01 -4.469477974837023027e+00 -7.294634238143794391e+01
-4.752729347264275361e+01 -7.638592493760164359e+00 -4.379751475557343454e+00 -7.638592493760164359e+00 -2.635584576212858110e+01 9.464666736432667093e+00 -4.379751475557343454e+00 9.464666736432667093e+00 -6.442571294353678013e+01
-6.251007289063929662e+00 -1.600319208431723084e+01 2.119606483112022044e+00 -1.600319208431723084e+01 -2.027174727975661561e+00 5.033536229326005085e+00 2.119606483112022044e+00 5.033536229326005085e+00 -4.833150455811886737e+00
-4.344245276863720306e+01 -2.464072506384715200e-01 -1.003754405045668108e+01 -2.464072506384715200e-01 -3.449003083494395838e+01 -9.074940903182724838e+00 -1.003754405045668108e+01 -9.074940903182724838e+00 -5.950697236479340546e+01
3.625222261910567312e+01 -3.993181473635580403e+01 5.494559053796475467e+00 -3.993181473635580403e+01 8.390069450580009303e+00 -8.330762658692163924e+00 5.494559053796475467e+00 -8.330762658692163924e+00 -4.613051555940033666e+01
-6.510999237210410406e+00 -1.060836054266109940e+01 1.115610934725761361e+01 -1.060836054266109940e+01 -1.608294904838363593e+01 -8.330262513501958566e+00 1.115610934725761361e+01 -8.330262513501958566e+00 -1.604771924575769759e+01
4.599417017250898709e+01 -2.364434501947237877e+01 -2.479918895332228956e+01 -2.364434501947237877e+01 1.642959822495742372e+01 9.155763826923173809e+00 -2.479918895332228956e+01 9.155763826923173809e+00 2.168657575619971567e+01
-3.078538475009228392e+01 -3.841008031767797259e+00 -6.957320691324550666e+00 -3.841008031767797259e+00 -4.256148956821610341e+01 -1.491163325104099613e+01 -6.957320691324550666e+00 -1.491163325104099613e+01 -3.641157303780315146e+01
5.592422695720141945e+00 -1.390164798834340765e+01 -1.922364686253282384e+00 -1.390164798834340765e+01 -1.968430986653081050e+01 -3.382850691290995027e+00 -1.922364686253282384e+00 -3.382850691290995027e+00 4.501359543979375211e+00
2.031294879281676913e+01 -5.847553312512573598e+00 9.473223835450564678e+00 -5.847553312512573598e+00 1.242634694756751301e+01 -5.490222134890395900e+00 9.473223835450564678e+00 -5.490222134890395900e+00 -3.052770510550721017e+00
-5.726939569659561613e+01 -3.433511735749891436e+00 8.517329474494883534e-01 -3.433511735749891436e+00 -7.631570050308135933e+01 2.669226964034825844e+00 8.517329474494883534e-01 2.669226964034825844e+00 -2.585714340089820240e+01
8.004123517075636407e-01 -1.541478161324193685e+01 -1.599487661264766380e+00 -1.541478161324193685e+01 7.343488724409188428e+00 -1.461878829914997269e+01 -1.599487661264766380e+00 -1.461878829914997269e+01 -1.012986190402989983e+01
-1.439489545710790175e+01 -1.316555913614007345e+01 -8.254135669923124752e+00 -1.316555913614007345e+01 -3.077142324145724572e+01 3.167669578439912037e+00 -8.254135669923124752e+00 3.167669578439912037e+00 -4.299097013094456798e+01
-1.115287284663770073e+01 -4.901823699230974718e+00 -1.006404431376894770e+01 -4.901823699230974718e+00 -1.607735106264009062e+01 -1.819355338642403908e+01 -1.006404431376894770e+01 -1.819355338642403908e+01 -1.627737060724045337e+00
-2.448673948999675787e+01 1.631845914247140783e+01 6.863565691491226417e+00 1.631845914247140783e+01 -3.355303786098092900e+01 -1.380885235056439342e+01 6.863565691491226417e+00 -1.380885235056439342e+01 -2.919353536091929868e+01
6.695862819216560347e+00 -1.121869741924870212e+01 1.533601846088280851e+01 -1.121869741924870212e+01 3.587878951903051394e+00 -3.745802403481716780e+00 1.533601846088280851e+01 -3.745802403481716780e+00 -1.909529069365638065e+01
2.414608993394676517e+01 -9.168774598616669991e+00 -2.130394684561296881e+00 -9.168774598616669991e+00 4.020607918526629021e+01 6.440555985968948960e+00 -2.130394684561296881e+00 6.440555985968948960e+00 7.394516212128016797e+00
-2.109011330123240313e+01 -4.675542059552185492e+00 2.480035816583147223e+01 -4.675542059552185492e+00 2.714995836858976119e+01 -5.566585059822659609e+00 2.480035816583147223e+01 -5.566585059822659609e+00 5.122821246413954555e+01
-1.139285423211914683e+01 -2.830056914603175322e+00 -1.483925189649695753e+01 -2.830056914603175322e+00 -3.839592053975720631e+01 3.721414735846335198e+00 -1.483925189649695753e+01 3.721414735846335198e+00 -2.651297333728218675e+01
4.872690017886251468e+01 1.216813216093406069e+01 -1.026266122388369162e+01 1.216813216093406069e+01 4.331501945396905739e+01 -1.139345757010306670e+01 -1.026266122388369162e+01 -1.139345757010306670e+01 -1.532625089586978717e+01
-3.520269032960092659e+01 -1.204621030639675006e+01 8.800290009392046642e+00 -1.204621030639675006e+01 -5.701115396751554698e+01 8.688469939283749000e+00 8.800290009392046642e+00 8.688469939283749000e+00 -8.854411078684059078e+01
2.575871135762787922e+00 -7.931010857369424905e-01 1.401427358111317645e+01 -7.931010857369424905e-01 -4.670750445689050956e+00 9.797743616594425831e+00 1.401427358111317645e+01 9.797743616594425831e+00 -8.706688979279235241e+00
-1.195964897157501916e+01 8.403347954359066563e+00 8.757940486603200014e+00 8.403347954359066563e+00 1.036429890863418102e+01 5.356357527748999203e+00 8.757940486603200014e+00 5.356357527748999203e+00 -5.236915249960158292e+01
-1.484168566607249318e+01 -6.766364901598509896e+00 -6.029213275328466626e-01 -6.766364901598509896e+00 2.264375347616370959e+01 1.570939763517301202e+01 -6.029213275328466626e-01 1.570939763517301202e+01 -6.337070147960890409e+01
2.083841260533665007e+01 -1.891410836794614170e+01 1.376634236979526626e+01 -1.891410836794614170e+01 -3.166493588988551711e+00 2.701874396343012297e+00 1.376634236979526626e+01 2.701874396343012297e+00 -3.477213029586722826e+01
2.180969789884187549e+00 -6.408515503568649407e+00 -4.870819992329215253e+00 -6.408515503568649407e+00 6.044085275396966495e+00 -7.698556904238986753e+00 -4.870819992329215253e+00 -7.698556904238986753e+00 -2.086456518630486912e+01
-2.593311077620388971e+01 -1.647217814296115890e+01 -5.538509294558521256e-01 -1.647217814296115890e+01 -3.584017731241732463e+01 6.728595371104213463e+00 -5.538509294558521256e-01 6.728595371104213463e+00 -5.668562315704219401e+01
-1.953471349457943518e+01 3.321692542581372365e+00 -8.292787679759054953e+00 3.321692542581372365e+00 -3.813168421705876199e+01 -3.081778331909634350e+00 -8.292787679759054953e+00 -3.081778331909634350e+00 -7.728142984869118948e+01
-8.455711199127440736e+00 -1.424105926351998797e+01 1.009916752357651326e+00 -1.424105926351998797e+01 -1.003906792810700388e+01 1.427273514834400636e+01 1.009916752357651326e+00 1.427273514834400636e+01 -2.030268171193932858e+01
-4.113959558173095132e+01 4.333143073378755261e+00 -3.638697698667499925e+00 4.333143073378755261e+00 -4.293168699864224180e+01 -2.821645474060292980e+00 -3.638697698667499925e+00 -2.821645474060292980e+00 -3.398744580141122640e+01
-1.592278014760579552e+01 1.965716886024291910e+01 1.537034570910099696e+01 1.965716886024291910e+01 -2.395941670404722146e+01 1.727410216221951700e+01 1.537034570910099696e+01 1.727410216221951700e+01 -7.044050521709766599e+01
-2.009260433899481058e+01 1.882091134335465910e+01 8.327577542629923002e+00 1.882091134335465910e+01 -1.787060010710472113e+01 1.466815019432709200e+01 8.327577542629923002e+00 1.466815019432709200e+01 -7.813476592768333262e+01
2.785422536139482830e+01 -1.119777985869709092e+01 1.011256251614916302e+01 -1.119777985869709092e+01 2.466453356485611792e+01 1.869657137972013938e-01 1.011256251614916302e+01 1.869657137972013938e-01 1.957067586430268591e+01
4.041300934661556710e+01 -1.694592395143097718e+01 1.201202232004235171e+01 -1.694592395143097718e+01 5.889375475233681101e+01 -4.792719267030667751e+00 1.201202232004235171e+01 -4.792719267030667751e+00 -1.607115455277237359e+01
3.352658388087124131e+00 -4.324796801080089459e+00 -4.124147961853699584e+00 -4.324796801080089459e+00 -2.742313452768949222e+00 -2.717894765866500695e+00 -4.124147961853699584e+00 -2.717894765866500695e+00 -2.125758865504674944e+01
-9.416414699635936358e+00 -2.493210405122887607e+00 -2.498469104388750850e+01 -2.493210405122887607e+00 -1.688499240182675720e+01 9.464849884905813582e+00 -2.498469104388750850e+01 9.464849884905813582e+00 -5.891481698967854896e+01
6.493446882209788384e+01 1.301572140238117736e+00 1.952506473205367854e+01 1.301572140238117736e+00 5.867526107867728058e+01 1.625017732246640989e+01 1.952506473205367854e+01 1.625017732246640989e+01 7.581571815781862789e+00
-2.323275894784481377e+00 -2.866563996475924636e+00 9.912084135908726168e+00 -2.866563996475924636e+00 1.615766309156996527e+01 -6.387285836067789768e-01 9.912084135908726168e+00 -6.387285836067789768e-01 2.660464010159424930e+01
2.578479401538799820e+01 1.000895962053863997e+01 -2.624670312097262315e+00 1.000895962053863997e+01 3.191874092950979502e+01 1.650095684390182171e+01 -2.624670312097262315e+00 1.650095684390182171e+01 -2.015537286351480262e+01
-2.717348764239723380e+01 8.468996847678619488e+00 -1.262096648576273417e+01 8.468996847678619488e+00 -1.671313110638060451e+01 -6.400725356135081867e+00 -1.262096648576273417e+01 -6.400725356135081867e+00 -3.548422381111365809e+01
-1.618664679112753646e+01 8.276951005054637989e+00 4.728925107551710028e+00 8.276951005054637989e+00 -7.006905783462998194e+00 7.251888977088825072e+00 4.728925107551710028e+00 7.251888977088825072e+00 -2.944761370343037399e+01
5.870656506003910202e+00 -2.781851741315794491e-01 -7.099418651056813800e+00 -2.781851741315794491e-01 1.849356698752618300e+01 1.039098745097389909e+01 -7.099418651056813800e+00 1.039098745097389909e+01 -1.767012418948163344e+01
-3.991014112615575016e+01 -5.978867831482009620e+00 8.297121126119913370e+00 -5.978867831482009620e+00 -2.302350816357024499e+01 6.149878051343335983e-01 8.297121126119913370e+00 6.149878051343335983e-01 -8.146313497292909744e+01
-2.990187676433062691e+01 -1.860117337661166559e+01 -1.602417679303706066e+01 -1.860117337661166559e+01 -1.121789998508794461e+01 6.840224925010915946e+00 -1.602417679303706066e+01 6.840224925010915946e+00 -5.514995491614037348e+01
-2.239236027134963170e+00 -4.438373480484535172e+00 -1.134093350551203372e+01 -4.438373480484535172e+00 -8.205048409086403538e+00 1.123637359141492453e+01 -1.134093350551203372e+01 1.123637359141492453e+01 -6.691155731308191967e+00
2.327398322845714773e+01 -1.621341850704151000e+01 -2.047507698871486426e+01 -1.621341850704151000e+01 2.244515307656743008e+00 -9.630128002370934581e+00 -2.047507698871486426e+01 -9.630128002370934581e+00 -3.340665709844151365e+01
-3.479292860496475015e+01 -1.047858727139086632e+01 2.814476167538296214e-01 -1.047858727139086632e+01 -2.184090795806798369e+01 2.174199114933868060e+01 2.814476167538296214e-01 2.174199114933868060e+01 -1.550677030256364120e+01
-6.502823608326646365e+01 1.324835153997795700e+01 -1.228436633700850100e+00 1.324835153997795700e+01 -7.779538166234706864e+01 1.675744616098691608e+01 -1.228436633700850100e+00 1.675744616098691608e+01 -9.178648547574493932e+01
6.124566148339668814e+01 4.075106724534941272e+00 9.331466374890355908e+00 4.075106724534941272e+00 3.845064319213700088e+01 2.982061519453771847e+00 9.331466374890355908e+00 2.982061519453771847e+00 3.642978866533261595e+01
-4.337517063029173414e+01 5.216002060204159463e+00 -2.894668656389266914e+01 5.216002060204159463e+00 -3.044154568824352936e+01 -1.614518632678630539e+01 -2.894668656389266914e+01 -1.614518632678630539e+01 -4.584336917198858430e+01
2.922874268821805899e+01 -7.555049425236725291e+00 2.451993064265183619e+01 -7.555049425236725291e+00 -6.669718103025057410e+00 -6.028612272507764658e+00 2.451993064265183619e+01 -6.028612272507764658e+00 -3.749990438733271247e+01
-1.813598756875239815e+01 3.495292863913906256e+00 3.387478823785831761e+00 3.495292863913906256e+00 -9.646763524494835096e+00 -1.122317279664282630e+00 3.387478823785831761e+00 -1.122317279664282630e+00 -1.097614720186913218e+01
2.056270362152004694e+01 2.569593879251978574e+00 -1.656050347307191117e+01 2.569593879251978574e+00 6.171603667300946228e+00 8.317999676006825993e+00 -1.656050347307191117e+01 8.317999676006825993e+00 -4.393186781509366767e+01
-4.181503572676492553e+01 -1.376272099386909709e+01 -1.988269324928055193e+00 -1.376272099386909709e+01 -1.109415254544541796e+01 2.937444533100830313e-01 -1.988269324928055193e+00 2.937444533100830313e-01 -4.699862934601716091e+01
-8.804401506863230864e+00 1.952545447570305370e+01 2.051450335908319644e+01 1.952545447570305370e+01 -1.761350515010832751e+01 -3.644330130038694104e+00 2.051450335908319644e+01 -3.644330130038694104e+00 -4.678509663366541815e+01
7.245627037594511322e+00 -1.845035167280492061e+01 1.204103829367713807e+01 -1.845035167280492061e+01 2.466419436241394081e+01 -1.710701194970751260e+01 1.204103829367713807e+01 -1.710701194970751260e+01 -1.145875254455212648e-02
1.057704958060702438e+01 1.168100248657392903e+01 -1.702467934812612427e+01 1.168100248657392903e+01 9.297121073693023874e+00 2.127997319215387151e+01 -1.702467934812612427e+01 2.127997319215387151e+01 -6.478836784805164228e+00
-7.264638541738081656e+00 7.250117115324860251e+00 4.844210580399250787e+00 7.250117115324860251e+00 -4.462316345373591275e+01 8.642315493497839896e+00 4.844210580399250787e+00 8.642315493497839896e+00 -4.335993045735173013e+01
8.123181950341003699e+01 -4.648385778611222818e+00 -3.597853252704591664e+00 -4.648385778611222818e+00 6.958717029628796524e+01 -6.647256800768597707e+00 -3.597853252704591664e+00 -6.647256800768597707e+00 2.871468075364687778e+01
-4.419380513722247628e+01 9.813822931154490448e+00 -1.204271980082418203e+01 9.813822931154490448e+00 -8.593925076660036666e+01 2.364554325167832260e+01 -1.204271980082418203e+01 2.364554325167832260e+01 -4.569925215981119493e+01
2.612612499088640572e+00 1.105126862478993743e+01 2.434209198893370285e+01 1.105126862478993743e+01 -7.939197124742397804e+00 -1.503512897527241599e+01 2.434209198893370285e+01 -1.503512897527241599e+01 -5.006867679427908513e+01
-1.701665721827963651e+01 -1.915238032640210308e+00 -8.761073753354571281e+00 -1.915238032640210308e+00 -1.886911606156974841e+01 -9.802776061172147948e+00 -8.761073753354571281e+00 -9.802776061172147948e+00 -4.613448719738286030e+01
4.741747850758871152e+01 2.103963962564549206e+01 1.496593812587699723e+01 2.103963962564549206e+01 3.005655632074520156e+01 1.671341833005980160e+00 1.496593812587699723e+01 1.671341833005980160e+00 1.041071603698254933e+01
-4.132849489316806846e+00 1.708895573111265942e-01 -1.476055312003550490e+01 1.708895573111265942e-01 -1.547394863719301306e+01 9.172932490705779429e+00 -1.476055312003550490e+01 9.172932490705779429e+00 -9.580440019304775845e+00
-2.506331209729628284e+01 2.017610439348641904e+01 -6.341167001876520715e+00 2.017610439348641904e+01 2.149996726482150233e+00 -1.014877621020833232e+01 -6.341167001876520715e+00 -1.014877621020833232e+01 -4.805017666537181498e+01
6.119255697904602442e+00 2.180940890956290179e+00 9.683353342506404005e+00 2.180940890956290179e+00 6.134457135124638860e+00 5.528351846822308069e+00 9.683353342506404005e+00 5.528351846822308069e+00 -2.937662987768325706e+01
7.682360853052210281e-01 2.205545703053523043e-01 7.241251712441505894e+00 2.205545703053523043e-01 3.168097470106073232e-01 -6.011685359090286340e+00 7.241251712441505894e+00 -6.011685359090286340e+00 -2.616818348998856791e+01
1.175803149868008468e+01 2.089262906637262418e+01 -1.059202948649456033e+01 2.089262906637262418e+01 -8.030438028087006685e+00 -2.706565149201999532e+00 -1.059202948649456033e+01 -2.706565149201999532e+00 -5.333083359770778742e+01
-1.880558037188085763e+01 -1.247472381358286064e+01 -2.458868026234665294e+01 -1.247472381358286064e+01 7.102757749484906569e+00 -1.540442633483157486e+01 -2.458868026234665294e+01 -1.540442633483157486e+01 -4.703845685177238778e+01
-9.077876306047151900e+00 -1.375867818693671474e+01 -1.971111193490836655e+01 -1.375867818693671474e+01 5.202302994179453854e+00 8.961428855620090062e+00 -1.971111193490836655e+01 8.961428855620090062e+00 -6.411020080013811651e+01
-1.313707716773422440e+01 1.283061237161637536e+01 1.106944178962679537e+01 1.283061237161637536e+01 -2.521561691371189085e+01 -3.540653498967910817e+00 1.106944178962679537e+01 -3.540653498967910817e+00 -5.042770956672783456e+01
2.858719758583529469e+01 6.433332699423180756e+00 -1.989733231354870924e+01 6.433332699423180756e+00 3.644315455736117570e+01 -9.117583090349288710e+00 -1.989733231354870924e+01 -9.117583090349288710e+00 1.348065131869625510e+01
5.051436608705757170e-01 7.947337407175506740e+00 7.637410923727717460e+00 7.947337407175506740e+00 -1.006017138127919175e+01 -6.172029321406429681e+00 7.637410923727717460e+00 -6.172029321406429681e+00 -6.186151055335430726e+01
-5.891180385485960613e+01 -8.843181065412515807e+00 -1.187768930973549786e+01 -8.843181065412515807e+00 -3.918019920660979949e+01 5.273368473151305302e+00 -1.187768930973549786e+01 5.273368473151305302e+00 -3.065368533652298311e+01
-4.886346822507304921e+01 6.799960856391006558e+00 -2.005979539901435071e+00 6.799960856391006558e+00 -1.345916119941891687e+01 -1.088917627227207596e+01 -2.005979539901435071e+00 -1.088917627227207596e+01 -1.009110808042191678e+02
-2.745078413990685107e+01 1.064852834315544605e+01 -1.711634626017920768e-01 1.064852834315544605e+01 -2.397344474182557528e-01 7.778119830100150622e+00 -1.711634626017920768e-01 7.778119830100150622e+00 -3.274656698066358285e+00
-2.172706855576288376e+01 1.271874479563802751e+01 -1.610248865532316387e+00 1.271874479563802751e+01 -2.735462194708187056e+01 5.982811583956697099e+00 -1.610248865532316387e+00 5.982811583956697099e+00 -3.442233608759295294e+01
5.706463387413570842e+01 -1.777876616336668292e+01 6.545372427146539662e-01 -1.777876616336668292e+01 4.638481971016717154e+01 -3.365578126811074267e+00 6.545372427146539662e-01 -3.365578126811074267e+00 5.755575428236952895e+00
2.117879871576457518e+01 -5.627783941897377851e+00 1.235545762615898191e+01 -5.627783941897377851e+00 3.427143646168907765e+01 1.211987172185871486e+01 1.235545762615898191e+01 1.211987172185871486e+01 -4.599515091707197634e+00
-5.474515096087543276e-01 1.201733892494990563e+01 6.370905012926302291e+00 1.201733892494990563e+01 1.690860926569639133e+01 1.228069846986268487e+01 6.370905012926302291e+00 1.228069846986268487e+01 2.686794999291553410e+01
-3.976703556875837364e+01 -7.083561323282387967e+00 8.156828411780281840e+00 -7.083561323282387967e+00 -5.240535410013828965e+01 5.571622186846568958e+00 8.156828411780281840e+00 5.571622186846568958e+00 -2.881106622976659182e+01
2.353112241436985030e+01 9.788341567183767467e+00 6.720756686540974023e+00 9.788341567183767467e+00 2.705866790935846211e+01 -8.050674594100581061e+00 6.720756686540974023e+00 -8.050674594100581061e+00 -7.164496660893257207e+00
3.599297513911348290e+01 2.289198556055297473e+01 4.981396228622859468e+00 2.289198556055297473e+01 5.106019530107304405e+01 2.918236176884653688e+01 4.981396228622859468e+00 2.918236176884653688e+01 -9.842665413560593990e+00
4.567665832296893491e+00 -4.666005817612695061e+00 -1.249562454045119075e+01 -4.666005817612695061e+00 2.313334193880676892e+01 -4.325150340368744573e+00 -1.249562454045119075e+01 -4.325150340368744573e+00 1.336128058463411072e+01
-3.988957933333412598e+01 -6.084470820803466573e+00 -2.134984726432200386e+00 -6.084470820803466573e+00 -3.269820005540211838e+01 -1.111486790821298598e+01 -2.134984726432200386e+00 -1.111486790821298598e+01 2.076684091979656532e+00
1.338507630334469178e+00 1.520579946612143729e+01 6.137207090927266684e+00 1.520579946612143729e+01 -1.946349066659870530e+01 7.592126654521036855e+00 6.137207090927266684e+00 7.592126654521036855e+00 -6.408289964175864384e+01
-2.260802410056104961e+01 1.187229830967109478e+01 -1.626532212970867164e+01 1.187229830967109478e+01 -1.254974853629012976e+01 -2.753668683660386662e+01 -1.626532212970867164e+01 -2.753668683660386662e+01 -4.320148876376369884e+01
-1.385234277991516905e+01 1.077420071555619785e+01 1.173221454246600537e+01 1.077420071555619785e+01 -1.785515838744671768e+01 -9.388943601753902968e+00 1.173221454246600537e+01 -9.388943601753902968e+00 -3.521788093142241394e+01
1.308197018893941355e+01 4.417755994027718902e-01 -1.094130780750357523e+00 4.417755994027718902e-01 6.015085333122920375e+00 -5.825338973605164838e+00 -1.094130780750357523e+00 -5.825338973605164838e+00 -3.760658960249806171e+01
