-1.785230082035226573e+01 3.234025979727752631e-01 7.339499343571066703e+00 3.234025979727752631e-01 -6.595810743270043908e+00 2.011109325606912801e+00 7.339499343571066703e+00 2.011109325606912801e+00 -9.881665195873905461e+00
-1.862845468032409357e+01 -1.063846432311294521e+01 6.430377709726053936e+00 -1.063846432311294521e+01 -2.241428503885274992e+01 3.724193568556063205e+00 6.430377709726053936e+00 3.724193568556063205e+00 -2.250121669362006216e+01
3.570770196907975702e+00 2.718008282268479903e+00 -9.192625698334646600e+00 2.718008282268479903e+00 7.025773324046470591e+00 3.468051132654045299e-01 -9.192625698334646600e+00 3.468051132654045299e-01 8.032712374691849178e+00
-2.100961373103757523e+00 5.477181650833694349e+00 -1.116605021263546327e+01 5.477181650833694349e+00 2.604457523550070430e+00 -1.447169687574764385e+00 -1.116605021263546327e+01 -1.447169687574764385e+00 -2.059115339087691066e+00
-9.782822273040091332e+00 -7.175129118499782299e-01 6.233627351495204749e+00 -7.175129118499782299e-01 -1.040622758770523237e+00 1.306106038663558344e+00 6.233627351495204749e+00 1.306106038663558344e+00 -7.128504548895473469e+00
-3.800031356574351094e+00 -1.173565400132001280e+00 -1.458344161760739333e+01 -1.173565400132001280e+00 6.069726303906261000e-01 -5.750532140678347837e+00 -1.458344161760739333e+01 -5.750532140678347837e+00 7.837030540994790684e+00
3.477979007209430318e+00 -6.557108669021872949e+00 2.125350077973984675e+00 -6.557108669021872949e+00 9.889172297865759020e+00 2.149096666156122382e+00 2.125350077973984675e+00 2.149096666156122382e+00 5.920894894045817480e+00
-4.217819432360179199e+00 -4.760183721595720563e+00 -1.788494720514980596e+00 -4.760183721595720563e+00 2.376137441802348427e+00 -3.387505191395609572e+00 -1.788494720514980596e+00 -3.387505191395609572e+00 1.080758770027703797e+01
5.312972774832292799e+00 -6.236346028624748072e+00 -2.404173471778246363e+00 -6.236346028624748072e+00 -5.081574770441567246e+00 4.605581881442651238e+00 -2.404173471778246363e+00 4.605581881442651238e+00 -7.665869663032206738e+00
3.191699723273055511e+01 -4.714944010220918913e-01 -1.799613015046605868e+00 -4.714944010220918913e-01 1.648776351076697466e+01 6.610415521503057334e+00 -1.799613015046605868e+00 6.610415521503057334e+00 6.923503331836534436e+00
5.059985858283324589e+00 5.588424018169678043e+00 -5.933529854947130922e+00 5.588424018169678043e+00 1.016094582093320264e+00 1.765823134609904477e+00 -5.933529854947130922e+00 1.765823134609904477e+00 -1.017228171499839462e+00
-9.963232904188702221e+00 -4.961518419378512235e+00 3.437889630197407120e-01 -4.961518419378512235e+00 -1.671376286256864319e+01 3.585980397577278378e+00 3.437889630197407120e-01 3.585980397577278378e+00 -1.618156422646947945e+01
-1.751095785058567245e+01 2.256475365203679750e+00 7.279232491720174281e+00 2.256475365203679750e+00 -2.448814619677128235e+01 -2.286529682701110122e+00 7.279232491720174281e+00 -2.286529682701110122e+00 -2.682247655587306667e+01
-1.459571587792002667e+01 3.020049243253201343e+00 -5.308499804399777755e-01 3.020049243253201343e+00 -1.064991963831702293e+01 -1.719377034097056889e+00 -5.308499804399777755e-01 -1.719377034097056889e+00 -1.023390411290542445e+01
4.026623344014245021e+01 -4.706129456453266080e+00 5.220088548081188051e+00 -4.706129456453266080e+00 3.381036291000905436e+01 -4.927852159848848390e-01 5.220088548081188051e+00 -4.927852159848848390e-01 4.152706425547171420e+01
6.588299430425353265e+00 -6.594054290682122677e+00 -8.036700345853992067e-01 -6.594054290682122677e+00 -7.346462544829078567e+00 2.144193227433675464e+00 -8.036700345853992067e-01 2.144193227433675464e+00 -1.000905607128694008e+01
7.078671198418137855e+00 9.168134709341112520e-01 -5.774288494935925442e+00 9.168134709341112520e-01 7.306157926988375628e+00 -3.596362419665010357e+00 -5.774288494935925442e+00 -3.596362419665010357e+00 4.335468325192269212e+00
4.927022220347951276e+01 -4.010722607656687977e+00 4.696468770413638749e-01 -4.010722607656687977e+00 4.276075881060995698e+01 4.586756127142234796e+00 4.696468770413638749e-01 4.586756127142234796e+00 5.370597270631999720e+01
-1.495313071975048036e+00 1.178415859010201183e+00 -4.768404900137984126e-01 1.178415859010201183e+00 -3.552588460888420396e+00 -5.285993761931560009e-01 -4.768404900137984126e-01 -5.285993761931560009e-01 1.310738165046935633e+00
-2.248535424390091109e+01 -8.128787459929275983e+00 -5.027254216967326217e-01 -8.128787459929275983e+00 -1.211860345819901141e+01 2.965719006259811774e+00 -5.027254216967326217e-01 2.965719006259811774e+00 -2.039791893570406600e+01
5.435077622881800075e+00 -2.137978292658247792e+00 -1.489552729872950509e+00 -2.137978292658247792e+00 1.868124276949920004e+00 1.993145714125107659e+00 -1.489552729872950509e+00 1.993145714125107659e+00 4.160915196795314408e+00
9.236570064233140087e+00 -6.421339062852308821e+00 4.455879156492101423e+00 -6.421339062852308821e+00 2.110710941635597848e+01 8.235952266279189526e-01 4.455879156492101423e+00 8.235952266279189526e-01 2.558837001932322863e+01
2.980987278024963771e+01 3.913960514850819639e+00 -1.820362346613572324e+00 3.913960514850819639e+00 3.099810067872390462e+01 2.608854423768881325e+00 -1.820362346613572324e+00 2.608854423768881325e+00 4.113257253108558587e+01
2.829486159017860203e+01 1.784342140932992926e+00 -3.312605783461601394e+00 1.784342140932992926e+00 2.290457526055199367e+01 -3.350644827096896261e+00 -3.312605783461601394e+00 -3.350644827096896261e+00 3.242119653499590726e+01
6.719646384312534693e+00 2.370893179440886733e+00 -1.693895642111862943e+00 2.370893179440886733e+00 2.144658468102591087e+01 2.842705388898308261e+00 -1.693895642111862943e+00 2.842705388898308261e+00 1.134433332859147825e+01
-4.650783293510920124e+00 -6.738103142726676431e+00 2.331566262565074599e+00 -6.738103142726676431e+00 -2.656133767615413088e+00 -2.304395228406716178e+00 2.331566262565074599e+00 -2.304395228406716178e+00 -9.398466845717456053e+00
-1.980307121106244495e+01 4.169748607335419521e+00 1.011484551557713774e+00 4.169748607335419521e+00 -2.184564065169464797e+01 -9.123194802403602921e+00 1.011484551557713774e+00 -9.123194802403602921e+00 -8.408915649015465732e+00
-3.749594109213418847e+00 2.316504167603446795e+00 -7.047621099330258154e+00 2.316504167603446795e+00 9.049089710321742142e-02 -3.332757146597278286e+00 -7.047621099330258154e+00 -3.332757146597278286e+00 3.260136444003845835e+00
1.919536368297828943e+01 1.563212838983837782e+00 -4.517632043540388054e+00 1.563212838983837782e+00 1.432894185162701994e+01 -2.358794700694951452e+00 -4.517632043540388054e+00 -2.358794700694951452e+00 1.359348922956943895e+01
-1.960736005337602705e+01 -6.663834690416640782e+00 2.507171821111168430e+00 -6.663834690416640782e+00 -2.188884589282687898e+01 -2.113642217135236825e-02 2.507171821111168430e+00 -2.113642217135236825e-02 -1.867761799812277346e+01
3.062681298437688682e+01 -1.064535484241282137e-01 -2.885465453800344804e+00 -1.064535484241282137e-01 3.154261162665856943e+01 2.887554996477420310e+00 -2.885465453800344804e+00 2.887554996477420310e+00 2.857662557925117852e+01
-5.187139479690336508e+00 1.894370463819161632e+00 -1.074546955116628943e+01 1.894370463819161632e+00 -1.140748450222395149e+01 -6.385728533843169075e+00 -1.074546955116628943e+01 -6.385728533843169075e+00 -7.637450810962313597e+00
-2.726180737096283124e+01 -3.077422776432412910e+00 -2.199237313213545875e+00 -3.077422776432412910e+00 -3.095184812240533745e+01 5.157608257397008344e-01 -2.199237313213545875e+00 5.157608257397008344e-01 -3.505984913652556401e+01
7.361781104349270244e+00 2.974289441238267440e+00 -2.170891730139774989e+00 2.974289441238267440e+00 2.094510388556871661e+00 2.555022877124953684e+00 -2.170891730139774989e+00 2.555022877124953684e+00 5.737484974765046708e+00
2.655120007899494183e+01 4.180156758226439173e+00 4.394944161970340879e+00 4.180156758226439173e+00 3.104072855121171415e+01 2.714871877720002491e+00 4.394944161970340879e+00 2.714871877720002491e+00 3.241816535059850679e+01
5.402043760288607999e+00 -1.332614681831075565e+00 -2.912000083387250804e+00 -1.332614681831075565e+00 5.280127193178824285e+00 6.017867272879232843e+00 -2.912000083387250804e+00 6.017867272879232843e+00 1.160389593918483797e+01
-3.776373035553814361e+01 5.604243466454299494e+00 1.715007015621836217e+00 5.604243466454299494e+00 -3.367483319336427883e+01 -4.693411509550784011e+00 1.715007015621836217e+00 -4.693411509550784011e+00 -2.833239215553419754e+01
-1.084432960335221985e+01 1.550413075187178080e+00 -7.384139955014322965e+00 1.550413075187178080e+00 -9.017847050300689560e+00 9.034692955724835661e-01 -7.384139955014322965e+00 9.034692955724835661e-01 -2.345004267332214010e+00
2.006460233121687864e+00 1.063856982356946590e+00 -3.047482212042301963e+00 1.063856982356946590e+00 -4.918271640785829568e-01 -2.651962460721080550e+00 -3.047482212042301963e+00 -2.651962460721080550e+00 2.438343804995919406e+00
-1.862689209667545853e+01 -1.727543174469450937e+00 7.743228029258243161e+00 -1.727543174469450937e+00 -1.069146012479644625e+01 2.087785729164029491e-01 7.743228029258243161e+00 2.087785729164029491e-01 -1.957861903569224182e+01
-2.241208929679146422e+01 1.328972149721176388e+00 5.561613818284444122e+00 1.328972149721176388e+00 -2.059172212511616085e+00 3.523977977298038855e+00 5.561613818284444122e+00 3.523977977298038855e+00 -2.305066453289681050e+01
-8.511932711432162790e+00 -1.243513240371383999e+00 -2.442516966235009690e+00 -1.243513240371383999e+00 -6.960667579397351368e+00 2.602769025008210280e-01 -2.442516966235009690e+00 2.602769025008210280e-01 -8.114791962505270462e+00
-1.649251875759926378e+01 6.317791322153852862e-01 1.977122169605541213e+00 6.317791322153852862e-01 -5.908022970530700135e+00 5.912684812441330706e+00 1.977122169605541213e+00 5.912684812441330706e+00 -3.805724509740176842e+00
-4.831773986190472492e+00 4.805715216066132278e+00 1.369225970852585350e+00 4.805715216066132278e+00 -8.455447864463360830e+00 1.438666090457502156e+00 1.369225970852585350e+00 1.438666090457502156e+00 -5.990078487648872851e+00
-1.515363860695525489e+01 3.142531040382849028e+00 4.547084056656138351e+00 3.142531040382849028e+00 -1.865634297185989254e+01 -4.709780214759390349e-01 4.547084056656138351e+00 -4.709780214759390349e-01 -3.982254689097716405e+00
-2.728062136759383449e+01 -7.291349988268274629e+00 2.229345282656154670e-01 -7.291349988268274629e+00 -1.751078192306776060e+01 -1.642609783096675713e+00 2.229345282656154670e-01 -1.642609783096675713e+00 -2.491068699265372999e+01
6.607421617906507727e+00 -8.295926452114620320e-01 -3.153331570042944065e+00 -8.295926452114620320e-01 2.011550794348840210e+00 -2.335828896914716957e+00 -3.153331570042944065e+00 -2.335828896914716957e+00 9.248079827836537259e-01
-1.035669092336367214e+01 -1.220681470152296555e+00 -2.523776015968504094e+00 -1.220681470152296555e+00 -7.984416295718937739e+00 3.975612261943808345e+00 -2.523776015968504094e+00 3.975612261943808345e+00 -9.574923439521064950e+00
-4.448155790613824045e+00 3.998203596993119557e+00 -1.102626810828470028e+00 3.998203596993119557e+00 -6.443413123318865843e+00 -2.768246718276733187e+00 -1.102626810828470028e+00 -2.768246718276733187e+00 1.142861016536867863e-01
-2.873452436403976051e+01 1.583374852921992093e-01 -2.315745305744658644e+00 1.583374852921992093e-01 -2.942388265067892661e+01 3.791330380406594980e+00 -2.315745305744658644e+00 3.791330380406594980e+00 -3.578316412677740743e+01
