-2.118988405195324276e+00 -1.119362634536392953e+01 -8.945250833612133690e+00 -1.119362634536392953e+01 -9.021301774027252307e+00 -3.959599843864784585e+00 -8.945250833612133690e+00 -3.959599843864784585e+00 -4.776803865378199987e+01
4.928370671203460773e+01 -5.778376941085345386e+00 -1.452884233851777296e+01 -5.778376941085345386e+00 5.396624501299278620e+01 -1.187416194057204244e+01 -1.452884233851777296e+01 -1.187416194057204244e+01 3.402329123478136097e+01
2.391177485690671034e+01 -2.230123027299558558e+01 -1.005678782909965108e+01 -2.230123027299558558e+01 3.133165426730790060e+01 4.373630467515793541e+00 -1.005678782909965108e+01 4.373630467515793541e+00 -3.118442825585430733e-01
-2.537744222248348791e+01 4.337878731078708583e+00 -6.996988679424074320e+00 4.337878731078708583e+00 -9.129940064061273119e+00 -4.253197366993217265e+00 -6.996988679424074320e+00 -4.253197366993217265e+00 -1.919344295860200234e+01
9.157534048546480676e+00 3.863840767826530964e+00 1.043848807119419142e+01 3.863840767826530964e+00 1.442030214611076744e+01 -3.869961680609461219e+00 1.043848807119419142e+01 -3.869961680609461219e+00 -2.466722750760204264e+01
6.974098985461274935e+01 1.041096532691573762e+00 -6.088014915786171821e-01 1.041096532691573762e+00 4.151218211578120076e+01 8.327054094536913809e+00 -6.088014915786171821e-01 8.327054094536913809e+00 1.988437480763344212e+01
-5.276594446995549959e+01 1.647434171074367981e+01 1.323044340867801871e+01 1.647434171074367981e+01 -4.878833741081890452e+01 3.522347782024555229e+00 1.323044340867801871e+01 3.522347782024555229e+00 -8.394516948160382697e+01
5.269104978542419104e+01 2.266177067008511070e+00 -1.161725312792072362e+00 2.266177067008511070e+00 4.739275524962471309e+01 2.932212795366083924e+00 -1.161725312792072362e+00 2.932212795366083924e+00 -6.361390816634163947e+00
-7.120534484958366939e+00 1.189405936307810130e+01 5.432283961627907942e+00 1.189405936307810130e+01 -3.443155264177472930e+01 -2.518450705061129113e+01 5.432283961627907942e+00 -2.518450705061129113e+01 -5.076702092282597079e+01
-1.485053929467821021e+01 1.313142939895120698e+01 -4.488162298695678842e+00 1.313142939895120698e+01 -1.899414969387304419e-01 -3.902862021757509403e-01 -4.488162298695678842e+00 -3.902862021757509403e-01 -2.170574483088241635e+01
1.695422462556478038e+01 9.933453769444293258e+00 6.621961650393865639e+00 9.933453769444293258e+00 -1.508074095191134667e+00 4.019137525780618780e+00 6.621961650393865639e+00 4.019137525780618780e+00 -2.670430414188341928e+01
8.594921857505612550e+00 -4.016611808976517928e+00 7.974612933884733579e+00 -4.016611808976517928e+00 -1.006320060507572300e+01 1.006869817308417936e+01 7.974612933884733579e+00 1.006869817308417936e+01 -2.525790028436210477e+01
-5.156459688272010311e+01 -1.342559177036488638e+00 1.016051192794499336e+01 -1.342559177036488638e+00 -3.065624897107268509e+01 1.391695677496073458e+01 1.016051192794499336e+01 1.391695677496073458e+01 -6.276366074649058646e+01
-9.371536798719919403e+00 8.830941698794226857e-01 -5.611866609359345226e+00 8.830941698794226857e-01 -2.917776664370276762e+01 9.931166114705497705e+00 -5.611866609359345226e+00 9.931166114705497705e+00 -9.216628798988639915e+01
7.378454878634957970e-01 2.089478910849897630e+01 1.804203938348149450e+01 2.089478910849897630e+01 7.397197344466122093e-01 -1.103606172813806197e+01 1.804203938348149450e+01 -1.103606172813806197e+01 -2.847437407358461314e+01
2.081141789984247126e+01 1.197272848251876987e+01 1.554421573120721378e+00 1.197272848251876987e+01 2.193401763266587068e+01 5.904147497991883320e+00 1.554421573120721378e+00 5.904147497991883320e+00 -3.643538343922353562e+01
1.094145819399685671e+01 3.806358107315035877e+00 -9.011494799794888877e+00 3.806358107315035877e+00 -8.477790926100006175e-01 -2.039032284091093494e+00 -9.011494799794888877e+00 -2.039032284091093494e+00 6.969510142548086762e+00
3.507683639316427104e+01 -6.384134553142709834e+00 -2.229779966781054057e+00 -6.384134553142709834e+00 3.269538523177276801e+01 1.506711754502437550e+01 -2.229779966781054057e+00 1.506711754502437550e+01 -1.850708335691806994e+01
-1.856353370615855169e+01 -1.547796252519890814e+01 -6.562412289323634518e+00 -1.547796252519890814e+01 -9.338426100224060278e+00 -2.045345301575818842e-01 -6.562412289323634518e+00 -2.045345301575818842e-01 -1.170670162710171880e+01
1.821563880744979969e+01 9.108165276045233627e-01 -7.507337110136983682e+00 9.108165276045233627e-01 1.622769577757942017e+01 -3.408808366367295672e+00 -7.507337110136983682e+00 -3.408808366367295672e+00 -1.607293429765595505e+01
3.045701390836058309e+01 8.246161060877849280e+00 1.161408204466973793e+01 8.246161060877849280e+00 4.698699198037357405e+01 3.836066067150039061e+00 1.161408204466973793e+01 3.836066067150039061e+00 -8.805739769803080819e+00
1.809898368169444183e+01 -1.857412784250755422e+01 -9.964086682069818457e-02 -1.857412784250755422e+01 3.535270706307677813e+01 -2.518544872065022755e+00 -9.964086682069818457e-02 -2.518544872065022755e+00 -2.294968647687481678e+01
-3.018341038272034993e+01 -9.521705045501052567e+00 7.529802742241979985e+00 -9.521705045501052567e+00 -4.443677109134771541e+00 -7.832775069681464863e+00 7.529802742241979985e+00 -7.832775069681464863e+00 8.357161796723499236e+00
7.432787412613286904e+00 7.935160000838317629e+00 4.519982305567570080e+00 7.935160000838317629e+00 -3.014843006003816939e+01 -1.403295308365416894e+01 4.519982305567570080e+00 -1.403295308365416894e+01 -4.888681246809944980e+01
1.311810209675154759e+01 2.470123916390864593e+01 1.210373346120050009e+01 2.470123916390864593e+01 7.023098420741226144e-01 -2.192418429301083194e+01 1.210373346120050009e+01 -2.192418429301083194e+01 -4.835831006238676899e+00
-1.405066518724127533e+01 8.017095101416350289e+00 -1.113240530413512275e+01 8.017095101416350289e+00 -2.334180199182814519e+01 -1.003143639000453469e+01 -1.113240530413512275e+01 -1.003143639000453469e+01 -4.488135519840724896e+01
6.394360702039018918e+01 -1.016998335213701310e+01 -2.145942549905352337e+01 -1.016998335213701310e+01 5.259360041632984917e+01 2.950841416519456750e+00 -2.145942549905352337e+01 2.950841416519456750e+00 4.158280431971343916e+01
6.551350668323849824e+00 4.482344944544212062e+00 -7.420606900674166617e+00 4.482344944544212062e+00 4.968390288638739882e+00 -8.244430585551384638e+00 -7.420606900674166617e+00 -8.244430585551384638e+00 -5.083328751821738489e-01
-3.973959631267946691e+01 -1.205299393733971591e+01 4.074522043674885907e+00 -1.205299393733971591e+01 -2.607307153660889654e+01 -6.928073806549840619e+00 4.074522043674885907e+00 -6.928073806549840619e+00 -4.117820553055643273e+01
-2.851052507646027223e+01 1.132234541696189645e+01 1.798978442275739553e+01 1.132234541696189645e+01 -1.028866840502116453e+01 5.074257700043946606e+00 1.798978442275739553e+01 5.074257700043946606e+00 -2.316963554614651954e+01
-6.639746666062035452e+00 6.442131244970349391e-01 -2.040329547456479986e+00 6.442131244970349391e-01 -1.033306387590768338e+01 1.619786085193230463e+01 -2.040329547456479986e+00 1.619786085193230463e+01 -2.660671190013471232e+01
1.699149930787475560e+00 3.037685947547104082e+00 -6.852515398345556008e+00 3.037685947547104082e+00 1.089757780403512832e+01 -7.563372177654782647e+00 -6.852515398345556008e+00 -7.563372177654782647e+00 -4.482555504920968303e+01
-5.182268838606979955e+01 -1.773235866152118811e+00 3.840182160732092953e-01 -1.773235866152118811e+00 -6.410213605147525584e+01 1.732747783050615809e+01 3.840182160732092953e-01 1.732747783050615809e+01 -5.436194197501590253e+01
-4.188898860374937527e+01 3.534853841812914510e+00 -8.856553965668416240e+00 3.534853841812914510e+00 -2.721598906429278131e+01 1.533650087478221913e+01 -8.856553965668416240e+00 1.533650087478221913e+01 -4.438731942777872064e+01
-3.267651226572322543e+01 1.516605875358946243e+01 1.871492781965893570e+01 1.516605875358946243e+01 -4.282446568986281932e+01 -9.334543129839845577e+00 1.871492781965893570e+01 -9.334543129839845577e+00 -7.442462066345929372e+01
-4.787931223806853431e+00 7.480661761684460842e+00 -9.463790444851632344e+00 7.480661761684460842e+00 -2.651000743523055192e+01 1.689110702779326800e+01 -9.463790444851632344e+00 1.689110702779326800e+01 -3.211155525098307351e+01
1.487563439867651205e+01 -4.755980674810419195e+00 3.963793772124318160e+00 -4.755980674810419195e+00 2.271698256685172979e+01 -2.266462023896501365e-01 3.963793772124318160e+00 -2.266462023896501365e-01 -6.837355649187356832e+00
-1.251372252733882418e+00 -8.244562219759893340e-01 -6.894393291826983017e+00 -8.244562219759893340e-01 -6.455916630844761528e+00 -1.739914786780762057e+01 -6.894393291826983017e+00 -1.739914786780762057e+01 -2.563821147812707313e+00
7.249924349134770907e+00 4.208043928872219119e+00 2.691668269989393902e+00 4.208043928872219119e+00 1.152430740682237875e+01 -1.771388317992674644e+01 2.691668269989393902e+00 -1.771388317992674644e+01 -1.187329447139263650e+01
1.280943273490529855e+01 -6.305076781319421286e+00 -1.277834361100508254e+01 -6.305076781319421286e+00 1.474017729532346976e+01 -3.076395890088452045e+00 -1.277834361100508254e+01 -3.076395890088452045e+00 -1.497500250032755709e+01
1.310292700032320035e+01 1.071878099499753922e+01 -4.621680838694406823e+00 1.071878099499753922e+01 2.191036449970975042e+01 -7.897155878033373710e+00 -4.621680838694406823e+00 -7.897155878033373710e+00 -2.845205832249646516e+00
3.536871467072629827e+01 -1.448031498862596411e+00 1.765329341176994760e+01 -1.448031498862596411e+00 2.298177855246339263e+01 4.396239220629561295e+00 1.765329341176994760e+01 4.396239220629561295e+00 1.697500857164777344e+01
-1.147487335739626468e+00 -6.407361275401391332e+00 6.595204817386873586e+00 -6.407361275401391332e+00 -1.609966543322135735e+01 1.133235534038067316e+00 6.595204817386873586e+00 1.133235534038067316e+00 -3.941694678180014932e+01
-1.607891617092580105e+01 -4.682833593755359125e+00 -3.679877360863053948e+00 -4.682833593755359125e+00 -2.122170485487654901e+01 9.244629771037766730e+00 -3.679877360863053948e+00 9.244629771037766730e+00 -3.860698469565105206e+00
-4.341159888949627899e+00 -7.770476118629781048e+00 -1.724264036328624883e+01 -7.770476118629781048e+00 -2.446275386316185063e+01 1.095467235659173966e+01 -1.724264036328624883e+01 1.095467235659173966e+01 -3.669018635241067017e+01
4.595554777372521471e+01 -3.841895605066799835e+00 2.114804491023805610e+01 -3.841895605066799835e+00 5.130752463768697424e+01 -1.095172164377546231e+01 2.114804491023805610e+01 -1.095172164377546231e+01 2.455102516306618199e+01
-2.523732327870526504e+01 -2.272881510004094707e+01 1.307995677975032045e+01 -2.272881510004094707e+01 -9.055523035804238674e+00 1.492462062452250215e+01 1.307995677975032045e+01 1.492462062452250215e+01 -2.468049251769610564e+01
1.305035523089206961e+01 -8.865412371017717952e-01 -4.985839066394214814e-01 -8.865412371017717952e-01 8.243351643596392719e+00 2.153920168871799046e+00 -4.985839066394214814e-01 2.153920168871799046e+00 -4.246847395100498090e+01
8.654364553707347341e+01 1.832031212442139534e+01 1.205703824058897666e+01 1.832031212442139534e+01 6.848595478691069616e+01 1.604998241225443323e+01 1.205703824058897666e+01 1.604998241225443323e+01 3.229322836020961773e+01
3.054944527748665450e+01 -7.013554588238807952e+00 -4.992634322814098802e+00 -7.013554588238807952e+00 2.063117079422923084e+01 -2.485396919915067837e+00 -4.992634322814098802e+00 -2.485396919915067837e+00 1.355485430742537645e+01
5.616995258709455641e+01 2.293423391045380733e+00 -1.046609968876346208e+01 2.293423391045380733e+00 6.306930723368441960e+01 5.887821730585377722e+00 -1.046609968876346208e+01 5.887821730585377722e+00 -3.061449590371761786e+00
1.962672616720033858e+01 1.917435687631856345e+00 1.491373214419756010e+01 1.917435687631856345e+00 2.175208251283043381e+01 -3.709708276575513608e+00 1.491373214419756010e+01 -3.709708276575513608e+00 5.447573484571631042e+00
-2.424881046560278008e+01 8.373740155603906388e+00 1.759290871289000302e+00 8.373740155603906388e+00 -2.932426168489140395e+00 -1.879713150519705334e+00 1.759290871289000302e+00 -1.879713150519705334e+00 -4.390076270143121207e+01
-2.586341043024162545e+01 -3.167260462020888845e+00 -5.252554328353392421e+00 -3.167260462020888845e+00 -1.313057625473030576e+01 2.975824062038268547e+00 -5.252554328353392421e+00 2.975824062038268547e+00 -5.096437294286479869e+01
-6.149083373561274435e+00 -2.537630255648740984e+01 -1.211369214500915348e+01 -2.537630255648740984e+01 2.340544961931507739e+00 5.200959251204943179e+00 -1.211369214500915348e+01 5.200959251204943179e+00 -2.445140095481524511e+01
-3.423750097666977155e+01 -1.507382879333912129e+01 -1.094014618453103660e+00 -1.507382879333912129e+01 -1.831554748027321722e+01 -4.244785648742479545e+00 -1.094014618453103660e+00 -4.244785648742479545e+00 -5.273832100308804627e+01
-2.446027117151664854e+01 3.255018537652944577e+00 1.255380096479841834e+00 3.255018537652944577e+00 -3.312546981846704597e+01 -5.176071354418781745e+00 1.255380096479841834e+00 -5.176071354418781745e+00 -5.831731565894871494e+01
-1.447057489331210434e+01 3.535551151759220190e+00 -4.735334250507408527e+00 3.535551151759220190e+00 -3.140923502019468572e+01 1.342889110958257426e+01 -4.735334250507408527e+00 1.342889110958257426e+01 -5.280122028883927499e+01
-3.436013163002849069e+01 -1.442580335460700525e+01 2.205744254623140321e+01 -1.442580335460700525e+01 -1.780101566641927135e+01 -5.244860758155539315e+00 2.205744254623140321e+01 -5.244860758155539315e+00 -4.315966419290657541e+01
-7.476833100187814551e+00 1.423925305403220598e+00 -1.672165386305528045e+01 1.423925305403220598e+00 2.378954452430817312e+01 9.647818217227580817e+00 -1.672165386305528045e+01 9.647818217227580817e+00 -1.842547919221414077e+01
-9.009285608492074715e+00 3.171714058159974670e+01 -1.525010277335492681e+01 3.171714058159974670e+01 -1.652520360098560559e+01 2.696302903323854583e+00 -1.525010277335492681e+01 2.696302903323854583e+00 -5.316881568705909444e+01
-1.307547750305305101e+01 3.512769192054956857e+00 8.337070485102971773e+00 3.512769192054956857e+00 9.414489576545724603e+00 -1.285394938254995090e+01 8.337070485102971773e+00 -1.285394938254995090e+01 1.484071003902572627e+01
-1.103732796026307561e+01 1.866164576266750252e+00 1.835289671123220501e+01 1.866164576266750252e+00 -1.864607925007937439e+01 -2.418630129998325984e+01 1.835289671123220501e+01 -2.418630129998325984e+01 -5.264265057709936713e+01
5.124299316746967037e+00 -8.412603097664630436e-01 -1.927071639873560827e+01 -8.412603097664630436e-01 -5.199481285878638781e-01 1.269604208753509589e+01 -1.927071639873560827e+01 1.269604208753509589e+01 -4.756745409943529523e+01
-1.369063631247933444e+01 -7.731163275219065767e+00 -2.789078475812080793e+00 -7.731163275219065767e+00 1.876774704246155068e+01 4.015864069493940036e+00 -2.789078475812080793e+00 4.015864069493940036e+00 -4.821409481887121729e+01
2.711495795326678149e+01 1.095288886485143820e+01 8.287479287370535630e+00 1.095288886485143820e+01 2.027176392683704975e+01 2.289953981344274681e+01 8.287479287370535630e+00 2.289953981344274681e+01 6.271346672336390426e+00
-1.990706034931837110e+01 1.225539348423954245e+01 -4.254433210607752258e+00 1.225539348423954245e+01 -5.379536668061133753e+01 -1.634879008181417603e+01 -4.254433210607752258e+00 -1.634879008181417603e+01 -8.448301321582384560e+01
-9.757968538013196635e+00 -2.424435588273109232e+01 1.056021318252557784e+01 -2.424435588273109232e+01 1.512924461785157382e+00 -1.010074912298047423e+01 1.056021318252557784e+01 -1.010074912298047423e+01 -2.443649047344640124e+01
1.460237958536174396e+01 2.846195915704021306e+00 1.142870025023034763e+01 2.846195915704021306e+00 8.574792944491859359e+00 -1.899950854801686795e+00 1.142870025023034763e+01 -1.899950854801686795e+00 -3.047469093416242458e+01
-2.836944141796480778e+01 2.832183636409895566e+00 -2.340160300332986054e+00 2.832183636409895566e+00 -4.271597529350783873e+01 -2.069637363766673843e+01 -2.340160300332986054e+00 -2.069637363766673843e+01 -7.622790397597432843e+01
7.043383446643685097e+00 1.396549573300699443e+01 -1.548035836977333979e+01 1.396549573300699443e+01 2.418508248960973361e+01 -1.349297849954660578e+01 -1.548035836977333979e+01 -1.349297849954660578e+01 1.194210706915490761e+01
-3.029181639164320927e+01 -7.683452323081255919e+00 7.290897185336159048e+00 -7.683452323081255919e+00 -5.400719292634861723e+00 -3.651624601491404665e+00 7.290897185336159048e+00 -3.651624601491404665e+00 -5.274804428131807299e+01
1.917665929497994526e+01 1.776797164269177642e+01 6.772731605128180732e+00 1.776797164269177642e+01 3.412204233059937053e+01 -1.396264589408474777e+01 6.772731605128180732e+00 -1.396264589408474777e+01 -1.437989522524618025e+01
5.019558588166773205e+01 1.442734600859013483e+01 2.892345140212296162e+00 1.442734600859013483e+01 4.334120339351268569e+01 2.203692827784461183e+00 2.892345140212296162e+00 2.203692827784461183e+00 2.119542983707613715e+01
-2.837668920192217215e+01 3.764373499857545546e+00 -5.287690317386595673e+00 3.764373499857545546e+00 -1.308794766161435419e+01 2.390426335813979453e+00 -5.287690317386595673e+00 2.390426335813979453e+00 -1.904516179944732457e+01
-7.617009454345771147e+00 -4.485771300403383899e-01 -6.579720564537047345e+00 -4.485771300403383899e-01 -3.097939318874702863e+01 -1.348682836208005753e+01 -6.579720564537047345e+00 -1.348682836208005753e+01 -5.156433127123179361e+01
-1.354255236327464296e+01 6.780428342443928003e+00 -1.345221376071824082e+01 6.780428342443928003e+00 -1.873378846187460667e+01 2.526333359950475810e+00 -1.345221376071824082e+01 2.526333359950475810e+00 -2.648079683328985467e+01
-3.209623436347293790e+01 3.877695098650430494e-01 -1.365051656822838844e+01 3.877695098650430494e-01 -3.145634581788598538e+01 -1.726985832246938912e+01 -1.365051656822838844e+01 -1.726985832246938912e+01 -2.580232179313892260e+01
2.728179072176441977e+01 -2.790955100239191111e+01 -2.014933445111662991e+01 -2.790955100239191111e+01 4.977172811149029030e+01 1.190632859675208799e+01 -2.014933445111662991e+01 1.190632859675208799e+01 2.292455369930472386e+01
-1.914872062996729740e+00 4.014693529184560461e+00 -2.121292768831322206e+01 4.014693529184560461e+00 7.190765027472949988e+00 -3.884863542121289370e+00 -2.121292768831322206e+01 -3.884863542121289370e+00 -5.853060302043978425e+00
5.713408234115495077e+01 6.222596346366832343e+00 2.361110687591535395e+01 6.222596346366832343e+00 6.567054199189821873e+01 1.584084234839581917e+01 2.361110687591535395e+01 1.584084234839581917e+01 2.512303018906827745e+01
-2.112052196081712196e+01 -7.895208916233374730e+00 7.506678573286352574e+00 -7.895208916233374730e+00 -2.630811687514771080e+01 2.478344384549611235e+01 7.506678573286352574e+00 2.478344384549611235e+01 -2.233288837602740173e+01
9.698181077951472773e+00 -1.507205088692827877e+00 2.052638849604841909e+01 -1.507205088692827877e+00 4.386329911331417719e+01 -1.372743648723954379e+01 2.052638849604841909e+01 -1.372743648723954379e+01 1.307011945494555860e+01
-1.153340399231923818e+01 1.347533969985197722e+01 -6.951646574764032138e-01 1.347533969985197722e+01 -1.356268609624740273e+00 -1.027746669145189196e-01 -6.951646574764032138e-01 -1.027746669145189196e-01 -1.163909020578027143e+00
-4.402841911974316069e+00 -1.727232705435983062e+00 7.221020484462052025e+00 -1.727232705435983062e+00 -9.878143438396895348e+00 3.530745765543685355e+00 7.221020484462052025e+00 3.530745765543685355e+00 -4.935892174443628733e+01
3.515064757827904174e+01 2.173000251925429893e+01 7.592649198529838550e+00 2.173000251925429893e+01 4.835101341920366025e+01 3.901807178724311154e+00 7.592649198529838550e+00 3.901807178724311154e+00 3.643881976920465604e+01
-4.410370095128977397e+01 -4.503550552473307711e+00 -5.424878986420893945e+00 -4.503550552473307711e+00 -3.467396310079213606e+01 -4.665099638088487488e+00 -5.424878986420893945e+00 -4.665099638088487488e+00 -7.391056706052906122e+01
3.300030893508713348e+01 1.496012850381992365e+01 1.150266059512538064e+01 1.496012850381992365e+01 1.136281905494682398e+01 1.336042951321227790e+01 1.150266059512538064e+01 1.336042951321227790e+01 -5.823886095879542424e+00
1.410645865449638059e+01 7.665822351974142634e+00 -6.993993719380469543e+00 7.665822351974142634e+00 6.159122928526798546e+00 -4.937069917636752514e+00 -6.993993719380469543e+00 -4.937069917636752514e+00 -2.530103913587062436e+01
7.200095727100411125e+00 3.486830576789173630e+00 7.807804507126533622e+00 3.486830576789173630e+00 3.836027490594275946e+00 2.379916905387093706e+01 7.807804507126533622e+00 2.379916905387093706e+01 6.950924779775927043e+00
1.916860486692145926e+01 3.555277444430882561e+00 -3.774672567115392230e+00 3.555277444430882561e+00 1.775997915880735789e+01 5.486300969966878327e+00 -3.774672567115392230e+00 5.486300969966878327e+00 2.310533025909206728e+00
-3.222034432798781545e+00 7.152051223704977367e+00 6.133706270153353124e+00 7.152051223704977367e+00 -5.364367916803740144e+00 -6.816187952336465017e+00 6.133706270153353124e+00 -6.816187952336465017e+00 -1.062110433993611736e+01
-1.144629443910800504e+01 -1.216163165805951252e+01 2.807959275790993026e+00 -1.216163165805951252e+01 -1.020632385535353670e+01 5.632732248353963911e+00 2.807959275790993026e+00 5.632732248353963911e+00 -4.121893584921900100e+01
3.020219813163124556e+01 5.696280937120905108e+00 -7.955433612577676783e+00 5.696280937120905108e+00 3.341733281741834105e+01 1.020353486575852786e+00 -7.955433612577676783e+00 1.020353486575852786e+00 2.610413908498728830e+01
-1.529341491111627205e+00 8.249693567312444742e+00 1.495526242793110505e+01 8.249693567312444742e+00 -2.048332412337614983e+01 -1.546624512770453208e+01 1.495526242793110505e+01 -1.546624512770453208e+01 -3.456971197503460047e+01
-7.505812673968897286e+00 2.041920528173842442e+01 2.717581856424382103e+00 2.041920528173842442e+01 -5.927641264242796026e+00 5.089072885331666463e+00 2.717581856424382103e+00 5.089072885331666463e+00 -1.800440011940793994e+01
4.056932318647430868e+00 1.070560211775344550e+00 7.497747489927349740e+00 1.070560211775344550e+00 -3.174904762481337528e+01 -3.285017258329578027e+00 7.497747489927349740e+00 -3.285017258329578027e+00 -1.503612284817480571e+01
-2.776571099207467253e+00 -2.833475407026438297e+00 4.515999712147033662e+00 -2.833475407026438297e+00 -1.607602583401523333e+01 1.343932496094599305e+00 4.515999712147033662e+00 1.343932496094599305e+00 -4.772276782551662677e+01
-7.628111850018715057e-01 -1.641529987511100686e+01 1.321454031558606879e+01 -1.641529987511100686e+01 1.320361248943743782e+01 9.585789819106302900e+00 1.321454031558606879e+01 9.585789819106302900e+00 -4.345096478368548532e+01
3.012807134254395169e+00 -6.519351916312990269e+00 -5.006555530259775288e+00 -6.519351916312990269e+00 8.112191945012504846e+00 -7.996736994859483971e+00 -5.006555530259775288e+00 -7.996736994859483971e+00 2.429683861333266304e+00
-3.137324479613256045e+01 4.065819283756820113e+00 1.300757735101140433e+01 4.065819283756820113e+00 -2.313528579476995617e+01 -3.150467138522230925e+00 1.300757735101140433e+01 -3.150467138522230925e+00 -4.040441906619444268e+01
2.556788666259138409e+01 4.015060687368995573e+00 -8.837029284156626474e+00 4.015060687368995573e+00 8.663804731773424805e+00 -1.282462279692020646e+00 -8.837029284156626474e+00 -1.282462279692020646e+00 -2.812513127954365544e+01
-4.452731034394211207e+01 -1.223094103354138262e+01 1.518247633009122133e+00 -1.223094103354138262e+01 -4.300415651158815677e+01 -1.042128797898140569e+01 1.518247633009122133e+00 -1.042128797898140569e+01 -1.698043437458504101e+01
1.242037210823268190e+01 -7.448602696165097292e+00 -8.878632659091085344e+00 -7.448602696165097292e+00 6.164357083974582707e+00 -4.315943809463560932e+00 -8.878632659091085344e+00 -4.315943809463560932e+00 -1.115386509758328692e+01
-6.341591764725205138e+00 2.234700810060503073e+01 4.399132761520299084e+00 2.234700810060503073e+01 -1.546304146603605822e+01 1.194481541016230386e+00 4.399132761520299084e+00 1.194481541016230386e+00 -2.366756019862917526e+01
-6.525163189933030594e+01 -5.668517378480089519e+00 4.457273244242692556e+00 -5.668517378480089519e+00 -6.239924024116255197e+01 -9.945885719177639528e-01 4.457273244242692556e+00 -9.945885719177639528e-01 -4.202760243716651445e+01
-2.705616450279297425e+01 -1.299404349212771059e+01 -1.314280807585845423e+01 -1.299404349212771059e+01 -1.509865770355121839e+01 9.607330833416298788e-01 -1.314280807585845423e+01 9.607330833416298788e-01 -2.426127920548297467e+01
4.185008366439883076e+01 -2.184483264947136572e-01 -1.021256011396028257e-01 -2.184483264947136572e-01 4.470337380158991181e+01 2.584696422827932327e+00 -1.021256011396028257e-01 2.584696422827932327e+00 6.490971387288973915e+01
-6.802216753757572398e+00 -1.322613533098017324e+00 -2.319088453144485484e+01 -1.322613533098017324e+00 -1.474096559533320772e+01 1.894875663633078844e+01 -2.319088453144485484e+01 1.894875663633078844e+01 -4.748654289504457182e+01
-6.585788992142099119e+01 1.507266188761626680e+01 -1.016156452031836643e+01 1.507266188761626680e+01 -3.798209867052118227e+01 -1.545188338690825702e+01 -1.016156452031836643e+01 -1.545188338690825702e+01 -7.841876568187410612e+01
-2.936281276133878748e+01 -2.289425426620632820e+01 -5.354155404232465720e-01 -2.289425426620632820e+01 -2.410024159428398249e+01 -1.646714287450178915e+01 -5.354155404232465720e-01 -1.646714287450178915e+01 -3.836366589424259388e+01
1.337765177938201333e+01 6.980793218955476220e+00 1.533519683928370014e+00 6.980793218955476220e+00 2.091910938638557482e+01 -3.879239728478813265e-01 1.533519683928370014e+00 -3.879239728478813265e-01 -1.164575894576437420e+01
2.810563412826458674e+01 -3.120700875022108800e+00 -5.064412502733588894e+00 -3.120700875022108800e+00 2.631197830230119550e+01 8.728642349924145449e+00 -5.064412502733588894e+00 8.728642349924145449e+00 2.123122460598229466e+01
-2.949276108362087001e+01 2.820848507471699129e+00 8.358499372032531127e+00 2.820848507471699129e+00 -1.915384596610192247e+01 -2.436584819503691435e+00 8.358499372032531127e+00 -2.436584819503691435e+00 1.802832348976663823e+01
-5.128333462134209242e+01 -1.586237218975889718e+01 1.160323682343768681e+01 -1.586237218975889718e+01 -6.080713206187710540e+01 -1.481610840535982554e+01 1.160323682343768681e+01 -1.481610840535982554e+01 -4.530792374239307918e+01
4.462021674339438704e+01 -7.149315699397248203e+00 1.917367347028831404e+01 -7.149315699397248203e+00 3.429928645916655228e+01 -1.141085807670976138e+01 1.917367347028831404e+01 -1.141085807670976138e+01 2.030308429250487023e+01
6.815058195600740554e+00 3.520595429106752494e+00 -8.835192762415202239e+00 3.520595429106752494e+00 -5.124252711687036665e+00 -9.341960505368245293e+00 -8.835192762415202239e+00 -9.341960505368245293e+00 -4.084373536008234851e+01
-2.549718062841946775e+01 5.590473904071869171e+00 -1.358763897895023831e+00 5.590473904071869171e+00 -2.050376120966746996e+01 5.266569776520438673e+00 -1.358763897895023831e+00 5.266569776520438673e+00 -7.394367920268575922e+00
-3.485095428948676499e+01 8.764812301151588159e+00 9.786396646128030952e+00 8.764812301151588159e+00 -3.938492638661526968e+01 -1.436568920116663817e+00 9.786396646128030952e+00 -1.436568920116663817e+00 -5.583752187945429313e+01
-2.555396379723481104e+01 4.886405892129270789e+00 -6.404363118928195320e+00 4.886405892129270789e+00 -2.560200184721330885e+01 -1.138905335152603193e+01 -6.404363118928195320e+00 -1.138905335152603193e+01 -2.293878618436507821e+01
3.443555244101006996e-01 -3.107591311758848729e+00 7.811555985756532650e+00 -3.107591311758848729e+00 2.138701171077510635e-02 -9.998443372204000923e+00 7.811555985756532650e+00 -9.998443372204000923e+00 -3.839810070903421746e+01
-6.400975353324867001e+01 -2.323604870083142426e+00 1.644320051376256586e+01 -2.323604870083142426e+00 -3.803861048818870216e+01 -1.800748044757883193e+01 1.644320051376256586e+01 -1.800748044757883193e+01 -6.028560732899340024e+01
-3.732636952921671192e+00 1.273476448574994535e+01 2.453167869838170478e+00 1.273476448574994535e+01 -2.175971367107775389e+00 -4.464304631250042288e-01 2.453167869838170478e+00 -4.464304631250042288e-01 -1.449434287569921054e+01
1.532205462761075054e+01 -7.846354918804114398e+00 -1.896102580216595612e+00 -7.846354918804114398e+00 -1.710184083224687868e+01 -4.394599650852247241e-01 -1.896102580216595612e+00 -4.394599650852247241e-01 -6.394404902093720722e+01
-1.738309822070149835e+01 1.276702378131491455e+00 1.382637741243301077e+00 1.276702378131491455e+00 -1.724023585033297579e+01 6.437872974816936100e+00 1.382637741243301077e+00 6.437872974816936100e+00 -2.737570668081613334e+01
1.906418689176025438e+01 -2.497564958091938081e+01 -1.539279046450596233e+01 -2.497564958091938081e+01 2.205530183084575313e+01 3.005477475246017960e+01 -1.539279046450596233e+01 3.005477475246017960e+01 -1.783683143329758636e+01
-7.298404906436789474e+01 -5.885175023961322971e+00 9.914885773672635239e+00 -5.885175023961322971e+00 -9.178300115454133845e+01 3.606060022059306203e+00 9.914885773672635239e+00 3.606060022059306203e+00 -7.303965802088082171e+01
-4.283015813294519347e+01 1.138200225768031437e+01 1.189933471834295275e+01 1.138200225768031437e+01 -7.200068703395761816e+01 1.493189323014992409e+00 1.189933471834295275e+01 1.493189323014992409e+00 -4.905900308415097300e+01
4.089538802542166707e+01 -5.680835364070509819e+00 -1.696836617823988647e+01 -5.680835364070509819e+00 6.091052833394797261e+01 -2.242195537066458755e+01 -1.696836617823988647e+01 -2.242195537066458755e+01 2.623982429495874058e+01
-4.719202631105506640e+01 -5.263601145325235819e+00 1.066322230947589134e+01 -5.263601145325235819e+00 -1.591048210154305309e+01 3.322273232035038326e+00 1.066322230947589134e+01 3.322273232035038326e+00 -6.989422802442830118e+01
1.977606680252085747e+00 -5.838403766055050959e+00 -1.168693014904298089e+01 -5.838403766055050959e+00 -6.912242253017754301e+00 -3.970714539932727494e+00 -1.168693014904298089e+01 -3.970714539932727494e+00 -2.468971934135277380e+01
4.334792970691008662e+01 -8.452434058731691735e+00 -1.049773980660940076e+01 -8.452434058731691735e+00 5.674752244667612899e+01 8.723044344153594309e+00 -1.049773980660940076e+01 8.723044344153594309e+00 9.833177335272294428e+00
-1.054556401525450049e+00 5.624998527180896879e+00 8.223798365570118563e+00 5.624998527180896879e+00 1.325504791726032972e+00 1.305401544475982334e+01 8.223798365570118563e+00 1.305401544475982334e+01 -2.863616991443103998e+01
-1.460313809950810437e+01 8.432767402566646808e+00 -1.191720259769197598e+00 8.432767402566646808e+00 -2.337453798135168270e+01 -3.020932848258820158e+01 -1.191720259769197598e+00 -3.020932848258820158e+01 -4.704069609381311778e+01
2.178538446624886404e+01 -7.038817598776798690e-01 -5.483676365656097396e+00 -7.038817598776798690e-01 1.670136455459314107e+01 -2.523275402419644209e+01 -5.483676365656097396e+00 -2.523275402419644209e+01 -8.501196072385431179e+00
-4.097334811654680919e+01 -3.609954235607029993e+00 6.852036494003080236e+00 -3.609954235607029993e+00 -4.629559143643618313e+01 -5.259245261703409113e+00 6.852036494003080236e+00 -5.259245261703409113e+00 -1.046340931433896593e+01
-3.409534131728668171e+01 9.204981716196924957e-01 1.520649455152148777e+00 9.204981716196924957e-01 -4.175679384333292177e+01 1.907284083661772556e+01 1.520649455152148777e+00 1.907284083661772556e+01 -6.655639945711986627e+01
-1.677194664989028539e+01 1.614951459331316741e+01 2.719267182994381304e+00 1.614951459331316741e+01 -2.247026009391359658e+00 1.531606500947962424e+01 2.719267182994381304e+00 1.531606500947962424e+01 -4.124845417061202824e+01
-4.022717203474412528e+00 1.154380888847120978e+00 -6.816563175020109000e+00 1.154380888847120978e+00 -3.453371535336727050e+01 -5.117259441527719055e+00 -6.816563175020109000e+00 -5.117259441527719055e+00 -5.396379184129109774e+01
2.724843025783174610e+00 9.894264214936436375e+00 -8.010459384126463078e+00 9.894264214936436375e+00 -4.703579730999326441e-02 4.288451720172855808e+00 -8.010459384126463078e+00 4.288451720172855808e+00 -2.666494549284769366e+00
1.864037668592457919e+01 -1.166508502705494443e+01 -1.677033452108535982e+01 -1.166508502705494443e+01 9.659300733694337282e+00 -5.926451997650733716e+00 -1.677033452108535982e+01 -5.926451997650733716e+00 1.451035515258010555e+00
2.956616159029340452e+01 1.324037947449577146e+01 5.758741974530320995e+00 1.324037947449577146e+01 5.395672064237029275e+01 -2.177581753697274358e+00 5.758741974530320995e+00 -2.177581753697274358e+00 3.462413015664721261e+00
-2.605515501049067595e+01 -5.725097863218972627e+00 -7.920157436862468536e+00 -5.725097863218972627e+00 -3.717066026877227358e+01 8.418208214046599691e-01 -7.920157436862468536e+00 8.418208214046599691e-01 -8.886051385785451728e+00
1.120519541120658502e+01 -1.321216316431627469e+01 -3.526558312308090581e+00 -1.321216316431627469e+01 2.522410751632639148e+01 -1.047787143811886423e+01 -3.526558312308090581e+00 -1.047787143811886423e+01 -3.995774300506852228e+01
-5.860809636922140520e+00 1.148496950348509138e+01 -3.840575964398361020e+00 1.148496950348509138e+01 3.801307607875849648e+00 -1.212197383231594472e+01 -3.840575964398361020e+00 -1.212197383231594472e+01 -3.579813432983149113e+01
-4.311779795092993339e+01 1.421080499967607835e+01 -7.915309131748247573e+00 1.421080499967607835e+01 -3.514781320307265844e+01 5.079758135174700762e+00 -7.915309131748247573e+00 5.079758135174700762e+00 -3.164488141243807817e+01
-5.943339526614127521e+01 -4.040226921036611074e+00 -4.811477502188235000e+00 -4.040226921036611074e+00 -6.176467278353704415e+01 -1.725902637892265545e+01 -4.811477502188235000e+00 -1.725902637892265545e+01 -7.220019134150206241e+01
5.598186935162634370e+01 -9.544392251772146452e+00 -1.105469916161167454e+01 -9.544392251772146452e+00 5.095145606633811042e+01 5.278150823875406239e+00 -1.105469916161167454e+01 5.278150823875406239e+00 2.065061418141061012e+01
3.078573194558953219e+01 5.622160049237911572e+00 -4.069737580199547899e+00 5.622160049237911572e+00 3.014463203941648572e+01 -3.801984293987097363e+00 -4.069737580199547899e+00 -3.801984293987097363e+00 1.057478081318122598e+01
3.255963642635746425e+01 5.094343956093909220e+00 1.521468785228553067e+01 5.094343956093909220e+00 2.682489160351140711e+01 1.442380539876723056e+01 1.521468785228553067e+01 1.442380539876723056e+01 -6.065648374263440168e+00
1.483276029820098962e+01 -9.041070570977788989e+00 3.983766866424949260e+00 -9.041070570977788989e+00 -6.467890276416394357e+00 6.057817085181502748e+00 3.983766866424949260e+00 6.057817085181502748e+00 -1.913138512831296723e+01
1.206781081728459881e+01 9.411330210657999018e+00 -8.861178214947791787e+00 9.411330210657999018e+00 -9.784394716897976352e+00 -3.840543776223692696e+00 -8.861178214947791787e+00 -3.840543776223692696e+00 -5.635232497538173391e+01
1.568554541632889432e+01 -7.441686466072165551e+00 1.814360843472808904e+00 -7.441686466072165551e+00 -5.112731449924442728e+00 1.879927090390219657e+00 1.814360843472808904e+00 1.879927090390219657e+00 -4.362771465160182771e+01
-1.352246115759818856e+01 1.306375743597935823e+01 4.572945773573353634e+00 1.306375743597935823e+01 -6.751279035567453235e+00 -7.936122543993444356e-02 4.572945773573353634e+00 -7.936122543993444356e-02 -3.648366331334718637e+01
8.480632010124399267e-01 -5.158947743712235523e-01 -8.024094978865948136e+00 -5.158947743712235523e-01 -7.620645868504026588e+00 -1.340892518174338477e+01 -8.024094978865948136e+00 -1.340892518174338477e+01 -6.546648816341006594e+00
2.052976879554547196e+01 -1.394219964805328793e+01 -9.279186866796219624e-01 -1.394219964805328793e+01 -7.710143630959989558e+00 2.364973540921116424e+01 -9.279186866796219624e-01 2.364973540921116424e+01 -7.746102830343295054e+00
5.625014735014821632e+00 -4.434026958167620158e+00 -1.819962026813381328e+01 -4.434026958167620158e+00 1.862563009929345537e+00 4.057386711053985628e+00 -1.819962026813381328e+01 4.057386711053985628e+00 -1.739158213880982728e+01
6.302559009419877789e+00 7.954221905562935291e+00 5.566990020259987126e+00 7.954221905562935291e+00 1.162541858236511771e+01 1.172080809618143427e+01 5.566990020259987126e+00 1.172080809618143427e+01 -2.090278123741689953e+01
-1.805062284607253176e+01 6.833235472360157381e+00 -2.626024033536265012e+00 6.833235472360157381e+00 -1.711065570269870406e+01 4.668969952873567308e+00 -2.626024033536265012e+00 4.668969952873567308e+00 -1.191420670014928440e+01
3.857147691483859120e+01 -1.407331597918760835e+01 -3.918957482487043897e+00 -1.407331597918760835e+01 4.107961106758804704e+01 1.133935134313964355e+01 -3.918957482487043897e+00 1.133935134313964355e+01 3.610916492242262166e+01
2.945244120205746441e+00 1.358253876851621245e+00 1.246823918627455008e+01 1.358253876851621245e+00 8.328302382391608916e+00 1.132142621497054513e+01 1.246823918627455008e+01 1.132142621497054513e+01 -1.019445368235953442e+00
2.760038668848991250e+01 1.086688368253433978e+01 1.026711219517859064e+01 1.086688368253433978e+01 2.203779747070387174e+01 5.119225159927710322e+00 1.026711219517859064e+01 5.119225159927710322e+00 -8.780447248957834461e+00
8.942951426706938989e+00 1.032365553773727918e+01 -8.558272902734541887e+00 1.032365553773727918e+01 2.178788321675297013e+01 -8.520388912798669168e+00 -8.558272902734541887e+00 -8.520388912798669168e+00 -1.034481437445696095e+00
3.478937400929878265e+01 9.916166514724876535e+00 -1.520545382884314289e+00 9.916166514724876535e+00 1.827699087672701239e+01 -7.531336124078743532e-01 -1.520545382884314289e+00 -7.531336124078743532e-01 -1.702175392548638300e+01
-7.219579139691577829e+00 1.511646174541527010e+01 -3.745183391137470785e+00 1.511646174541527010e+01 -1.748984776118820506e+01 2.039811460196736537e-01 -3.745183391137470785e+00 2.039811460196736537e-01 -4.835560489474799084e+01
-1.423709782626152665e+00 -1.954821054673660186e+00 -2.942361817899575627e+00 -1.954821054673660186e+00 -1.456666439823458958e+01 -2.029793987073021810e+01 -2.942361817899575627e+00 -2.029793987073021810e+01 3.579234589993160576e+00
3.627648624206452865e+01 -9.303613790134606987e+00 1.119618212895036358e+01 -9.303613790134606987e+00 1.706232788602828521e+01 8.069116635290086492e+00 1.119618212895036358e+01 8.069116635290086492e+00 2.209245537138776783e+01
7.836303077673701267e+00 1.379578256798698099e+01 -1.642598949897724125e+01 1.379578256798698099e+01 -2.762099887485279168e-02 5.849883952365223294e+00 -1.642598949897724125e+01 5.849883952365223294e+00 -3.165158686630796225e+01
3.379072444515131224e+01 -6.223171090759149315e+00 2.718238135726993132e+00 -6.223171090759149315e+00 4.862521469372824612e+01 6.655097309922023641e+00 2.718238135726993132e+00 6.655097309922023641e+00 7.803268582664914632e+00
-2.996022420076246107e+01 -1.542884214870342596e+01 -8.784374988724168887e+00 -1.542884214870342596e+01 -4.381560315153752327e+01 -1.688849842783836408e+01 -8.784374988724168887e+00 -1.688849842783836408e+01 -6.482659590794537507e+01
2.413525614603432956e+00 2.102367301901585250e+01 -1.829253490474570309e+00 2.102367301901585250e+01 -3.667151329798567616e+01 9.015724125504528397e-01 -1.829253490474570309e+00 9.015724125504528397e-01 -4.062964941088227278e+01
-7.063824544016750195e+00 1.056229751363737357e+01 -5.508054960220446716e+00 1.056229751363737357e+01 -1.429593103403013821e+01 -1.290402953813464926e+01 -5.508054960220446716e+00 -1.290402953813464926e+01 -4.366034087602956504e+01
2.967309985393479366e+01 5.062140505910650568e+00 -2.193728864694739489e+00 5.062140505910650568e+00 1.983525947570655035e+01 -9.492675702348297051e+00 -2.193728864694739489e+00 -9.492675702348297051e+00 1.829735166927612156e+01
-3.037159927704180085e+00 1.379845788235275528e+01 -5.189143304997795525e+00 1.379845788235275528e+01 5.646849869115116327e+00 9.347730595265671738e+00 -5.189143304997795525e+00 9.347730595265671738e+00 -3.834715782780276783e+01
