7.317184819796830197e+01 8.019896409401437998e-01 8.889017718359893294e+00 8.019896409401437998e-01 5.395485158039665663e+01 9.649217060987641759e+00 8.889017718359893294e+00 9.649217060987641759e+00 -4.672184575310454946e+00
4.088619010612194238e+00 -1.466947058153471417e+01 8.260573750697105311e+00 -1.466947058153471417e+01 5.210981657943960954e+00 3.525928279327719572e+00 8.260573750697105311e+00 3.525928279327719572e+00 5.710989189394227061e+00
-3.829659106040869432e+01 9.703886770693673114e+00 -2.705566311721844031e+01 9.703886770693673114e+00 -3.008950539386740886e+01 -1.273070892567502277e+01 -2.705566311721844031e+01 -1.273070892567502277e+01 -2.500899309051511565e+01
-3.470613690079859026e+01 1.357512222458026940e+01 -8.514918168404113086e-01 1.357512222458026940e+01 -2.307972820004718528e+01 -6.463667644329646578e+00 -8.514918168404113086e-01 -6.463667644329646578e+00 -7.306486050007158894e+01
-1.189722727221193210e+01 -2.380547091411379934e-01 6.827314675918477072e+00 -2.380547091411379934e-01 -1.958851491372254827e+01 5.545884118432185872e+00 6.827314675918477072e+00 5.545884118432185872e+00 -5.182952959965081163e+01
-6.141284231832510265e+00 1.206044464337817423e+00 -1.588125465863357633e+01 1.206044464337817423e+00 -1.773946587158643950e+01 -3.499950187130955293e+00 -1.588125465863357633e+01 -3.499950187130955293e+00 -3.705380629586898777e+01
-5.951206286652239186e+01 -1.635677346782328512e-01 -5.118938155414941349e+00 -1.635677346782328512e-01 -3.565229746814583223e+01 2.511274809859314061e-01 -5.118938155414941349e+00 2.511274809859314061e-01 -4.678554499972977965e+01
3.147758155409557279e+00 -4.222498067350744400e+00 1.091635628442410466e+00 -4.222498067350744400e+00 -3.992908669433441560e+01 8.434447852678184532e+00 1.091635628442410466e+00 8.434447852678184532e+00 -5.497789980284250788e+01
-2.833692528194124094e+01 -9.934727573406457068e+00 1.532527428716966256e+01 -9.934727573406457068e+00 -1.343152366628334171e+01 -6.857242368607803229e-01 1.532527428716966256e+01 -6.857242368607803229e-01 -1.867716581010895638e+01
6.673291677051270021e+00 -7.703707915286396535e+00 -9.106922315174690752e+00 -7.703707915286396535e+00 1.495012028465452003e+00 -2.451417624516798810e+01 -9.106922315174690752e+00 -2.451417624516798810e+01 -4.005876602128175534e+00
9.377399814602748407e+00 2.211706815926646641e+01 1.256304803048930552e+01 2.211706815926646641e+01 1.799603062684510135e+01 -4.624673570103889020e+00 1.256304803048930552e+01 -4.624673570103889020e+00 -5.309580422642269326e+01
-2.013374736421286837e+00 -2.234276057913911728e+01 -9.327997437981659701e+00 -2.234276057913911728e+01 -1.794678493955375487e+01 6.909557493233330128e+00 -9.327997437981659701e+00 6.909557493233330128e+00 -4.021040065865144442e+01
2.752177022619178359e+01 1.308363050043235631e+01 -4.060717163619875336e+00 1.308363050043235631e+01 1.255892504978956836e+01 3.750341959226480615e+00 -4.060717163619875336e+00 3.750341959226480615e+00 -3.094628633271191376e+01
-2.129839147374959651e+01 -1.109645994479027031e+01 3.999881972414057185e-01 -1.109645994479027031e+01 -4.499416935207993795e+00 -1.766489669211098734e+00 3.999881972414057185e-01 -1.766489669211098734e+00 -2.305498246808288698e+01
5.901681194797282615e+01 2.681375659711544568e+00 -2.724316505693869850e+00 2.681375659711544568e+00 2.932740363068210598e+01 -1.760341503126681806e+00 -2.724316505693869850e+00 -1.760341503126681806e+00 1.883807917780157881e+00
-9.414661082356781563e+00 -5.446859045087457663e-01 4.785077784156019476e+00 -5.446859045087457663e-01 -3.525744499473302085e+01 1.844099486159259449e+00 4.785077784156019476e+00 1.844099486159259449e+00 -4.825566992890990292e+01
-1.712878144837397087e+01 4.504132522932512650e+00 2.774107154910487427e+00 4.504132522932512650e+00 -2.646891967003620039e+01 -1.272015244697609937e+01 2.774107154910487427e+00 -1.272015244697609937e+01 -6.526293107039290931e+01
4.181290019060411822e+01 1.290086120427264937e+01 4.467356656042647423e+00 1.290086120427264937e+01 3.519138850789989448e+01 -2.110830906407370477e+00 4.467356656042647423e+00 -2.110830906407370477e+00 4.933811036462198274e+01
-1.883614838910249389e+01 -1.454633643417958666e+01 -7.400399857627792066e+00 -1.454633643417958666e+01 -1.925221608959167341e+01 9.712800608231042077e+00 -7.400399857627792066e+00 9.712800608231042077e+00 -2.364852139462788472e+01
1.451867253638828181e+00 -3.720961062264668051e+00 1.027429868596271767e+01 -3.720961062264668051e+00 3.443480381259686474e-01 -2.463023955813720967e-01 1.027429868596271767e+01 -2.463023955813720967e-01 1.582638313973768618e+01
9.386887551494288218e+00 -1.380511922345318787e+01 -7.404445218483679092e+00 -1.380511922345318787e+01 8.672510069903603680e-02 6.640452667606305148e+00 -7.404445218483679092e+00 6.640452667606305148e+00 -2.503741129638729035e+01
1.467570074099924149e+01 1.178034088982649052e+01 -4.658018178409508714e+00 1.178034088982649052e+01 1.328625164571216644e+01 6.596732410044658046e+00 -4.658018178409508714e+00 6.596732410044658046e+00 -2.429304027528968390e+01
6.231226398041416559e+01 -5.975280667644418564e+00 3.903760314755157168e+00 -5.975280667644418564e+00 3.231432570821289829e+01 2.169475545278505724e+00 3.903760314755157168e+00 2.169475545278505724e+00 -2.170071830619745867e+01
-1.517743926734239679e+01 6.759854401834344273e+00 -1.466998922095657498e+01 6.759854401834344273e+00 -2.728985357405631262e+01 1.046134629076954647e+00 -1.466998922095657498e+01 1.046134629076954647e+00 -4.399735577965365962e+01
3.180837846329552931e+01 3.866175087806694499e+00 8.875035768094814870e+00 3.866175087806694499e+00 -1.799108881908166646e+00 2.449977374166316224e+00 8.875035768094814870e+00 2.449977374166316224e+00 -2.803055075656578854e+00
4.054954372162832499e+00 -3.726322881158130151e+00 3.175378816368803481e+00 -3.726322881158130151e+00 -6.512929934921463548e+00 2.826214308149376908e+00 3.175378816368803481e+00 2.826214308149376908e+00 -1.028331210201320012e+01
1.877231217005040520e+01 1.004997942782601328e+01 1.007970575293554916e+01 1.004997942782601328e+01 4.163041792890913584e+00 -8.333237577284748454e+00 1.007970575293554916e+01 -8.333237577284748454e+00 -3.149865198364086183e+00
-9.948289881691302128e+00 -1.746128708408914321e+01 2.470946215237120924e+01 -1.746128708408914321e+01 -7.036231904145890326e+01 4.566445236354908843e+00 2.470946215237120924e+01 4.566445236354908843e+00 -5.569724259936140953e+00
5.574019076568061948e+00 5.109593559217053382e+00 1.819079507167287346e+01 5.109593559217053382e+00 -9.860355029272460214e+00 5.628364673856848910e+00 1.819079507167287346e+01 5.628364673856848910e+00 -3.115942944030210526e+01
1.120843408107019812e+01 1.313449574529937047e+00 9.764550863530102376e+00 1.313449574529937047e+00 5.534515592692908115e+01 2.553105250445755647e+00 9.764550863530102376e+00 2.553105250445755647e+00 1.341725714920328549e+01
-1.385815159057299262e+01 7.381147447466991807e+00 2.073798516180222151e+01 7.381147447466991807e+00 -8.959950184569265730e+00 -2.905791045052342092e+00 2.073798516180222151e+01 -2.905791045052342092e+00 -4.189068282525808939e+01
5.395643194258125419e+01 7.338372549258722621e+00 7.779699968516514907e+00 7.338372549258722621e+00 3.678787830643814516e+01 -2.105023532751248705e-01 7.779699968516514907e+00 -2.105023532751248705e-01 -3.048312516969115649e+00
-3.276609952123194613e+00 -8.963517623799809542e+00 1.743995879094790524e+01 -8.963517623799809542e+00 -2.364024347250246194e+01 -6.538689211856207883e+00 1.743995879094790524e+01 -6.538689211856207883e+00 -2.799322593502759560e+01
-1.156773015735732280e+01 -9.009774423995690285e+00 -1.148942508366182480e+01 -9.009774423995690285e+00 -3.243178042102094594e+01 3.398461213836097450e+00 -1.148942508366182480e+01 3.398461213836097450e+00 -5.196733891297459706e+01
1.831834460331133396e+00 -2.225941882351496659e+01 4.351910888432463098e-01 -2.225941882351496659e+01 -8.308126725796365353e-01 2.228450057071786006e+01 4.351910888432463098e-01 2.228450057071786006e+01 -2.268124620463645513e+01
2.008153379229215929e+01 -1.242967866162205759e+01 1.500759717281552064e+01 -1.242967866162205759e+01 7.686641559935054602e-01 -1.982401628664062443e+00 1.500759717281552064e+01 -1.982401628664062443e+00 -5.978022306809440778e+01
1.205355187061372924e+01 1.061138711871327089e+01 -1.140932819642995355e+01 1.061138711871327089e+01 -5.873091301129018227e+00 4.681866988176111022e-01 -1.140932819642995355e+01 4.681866988176111022e-01 -5.667394418396822786e+00
3.653374441219200008e+01 9.402993172122220855e+00 -1.522656295113477043e+01 9.402993172122220855e+00 2.964253224063594061e+01 -3.831433731111478380e+01 -1.522656295113477043e+01 -3.831433731111478380e+01 -7.004433113989574800e+00
4.053770466976607700e+00 1.488523541317444554e+01 1.420773234424165921e+01 1.488523541317444554e+01 -1.577858049980411792e+01 3.163254250177346627e+00 1.420773234424165921e+01 3.163254250177346627e+00 -3.902996207195891287e+01
-3.367944703775109616e+01 -8.355805054925596886e-01 -3.112968806890227036e+00 -8.355805054925596886e-01 -4.576437529437281171e+01 -1.120891240600296079e+01 -3.112968806890227036e+00 -1.120891240600296079e+01 -3.316330575875545605e+01
-2.569496468036678749e+01 1.539820613122240278e+00 7.538943338745148992e+00 1.539820613122240278e+00 -2.900897523089879115e+01 1.605810316347629652e+01 7.538943338745148992e+00 1.605810316347629652e+01 -3.629894015819869679e+01
-1.534953838561136763e+01 2.363883027748631793e+00 -1.031623542162489038e+01 2.363883027748631793e+00 -1.306876157459663368e+01 -3.921142104175350251e+00 -1.031623542162489038e+01 -3.921142104175350251e+00 -4.650391940006613822e+01
3.428821517593450352e+01 -9.720731479540432929e+00 8.987219455202897223e+00 -9.720731479540432929e+00 -4.270357774191447575e+00 -1.304358753841485985e+01 8.987219455202897223e+00 -1.304358753841485985e+01 -5.462594715243329802e+01
4.894056924318369539e+01 1.158881074411833545e+01 9.872554666848274429e-01 1.158881074411833545e+01 1.362380675773454364e+01 -9.267983788214417373e+00 9.872554666848274429e-01 -9.267983788214417373e+00 -4.217559976009572864e+01
5.229659469069956401e+01 1.404569393658395171e+01 -2.794115694334096744e+01 1.404569393658395171e+01 3.353617290656714989e+00 -2.630706861177980826e+01 -2.794115694334096744e+01 -2.630706861177980826e+01 -7.732082425984786234e+00
2.278506830970051666e+01 -1.616589199705546065e+01 -2.257313175782979187e+00 -1.616589199705546065e+01 1.882475863901307989e+01 -1.261516582477712234e+01 -2.257313175782979187e+00 -1.261516582477712234e+01 -1.296958359435779151e+01
-4.639405599660452140e+01 5.490271463965921583e+00 5.947943336774502932e+00 5.490271463965921583e+00 -3.012926895557071560e+01 -6.413919677808338271e+00 5.947943336774502932e+00 -6.413919677808338271e+00 -6.416619204023129441e+01
4.892910011714509011e+00 -7.415424657528260965e+00 1.214875668504362771e+01 -7.415424657528260965e+00 -2.461571215037379190e+01 -6.870504828496274641e+00 1.214875668504362771e+01 -6.870504828496274641e+00 -1.322582156330851433e+01
3.656943335178171139e+01 1.126195623152929670e+01 1.073015857239178494e+01 1.126195623152929670e+01 1.250451949554287268e+01 3.203227769015462023e+00 1.073015857239178494e+01 3.203227769015462023e+00 -2.047723402874053278e+01
4.878121029444912438e+01 4.920470079753617831e+00 1.940642391602901862e+00 4.920470079753617831e+00 6.515848338275090157e+01 1.240780603457229248e+01 1.940642391602901862e+00 1.240780603457229248e+01 2.907426235036646744e+01
-1.333492526812906309e+00 2.367473365234619109e+01 5.835212198987098364e-02 2.367473365234619109e+01 -3.010669437924618208e+01 -2.436636834407944718e+01 5.835212198987098364e-02 -2.436636834407944718e+01 -4.587397117513638989e+01
-2.001578734835070605e+01 -1.837312235845725894e+01 -3.490356206307198561e-01 -1.837312235845725894e+01 -1.999199101034263748e+01 -9.816979053813481571e+00 -3.490356206307198561e-01 -9.816979053813481571e+00 -7.263896389303425849e+01
-6.532123016339875221e+01 -2.918412133500046579e+00 -1.369244756953404263e+01 -2.918412133500046579e+00 -6.838237626845193518e+01 5.280777170934853437e+00 -1.369244756953404263e+01 5.280777170934853437e+00 -9.332244060893592064e+01
-2.867401882444763928e+01 -7.422471952590592892e+00 -1.343274995785579407e+01 -7.422471952590592892e+00 -2.151149152156338218e+01 1.738401844161746368e+01 -1.343274995785579407e+01 1.738401844161746368e+01 -5.532225639723731803e+01
2.251876710575101725e+01 -1.237771439599530066e+00 4.716589455652586693e+00 -1.237771439599530066e+00 2.093855208164847070e+01 -1.630981022466089314e+01 4.716589455652586693e+00 -1.630981022466089314e+01 1.788579696177142253e+01
3.229876351728891848e+01 -1.062351339102028369e+01 -1.416474438293199078e+01 -1.062351339102028369e+01 1.361914446908510179e+01 -2.155520133609301325e+01 -1.416474438293199078e+01 -2.155520133609301325e+01 3.071105505339666308e+01
-3.139190214856414940e+01 -1.831844506307419707e+01 4.235784634556193140e+00 -1.831844506307419707e+01 -2.790882504951337850e+01 -2.323561892362460313e+01 4.235784634556193140e+00 -2.323561892362460313e+01 -6.081178103872454699e+01
-3.824760703077372881e+01 -7.747034458923653055e+00 2.131427297064247384e+00 -7.747034458923653055e+00 -1.645857293433316926e+01 -1.505317258263962454e+00 2.131427297064247384e+00 -1.505317258263962454e+00 -3.604467200842962882e+01
2.409543087129835826e+01 -1.033018002987029504e+01 -2.496094982945531005e+00 -1.033018002987029504e+01 8.743032577365003277e+00 7.894178156277235736e+00 -2.496094982945531005e+00 7.894178156277235736e+00 -1.054502987435432182e+01
-1.465241946519649474e+01 -8.657410178753826457e+00 -2.017806222974110053e-01 -8.657410178753826457e+00 -1.331664962910380545e+01 -2.621483255754928621e+01 -2.017806222974110053e-01 -2.621483255754928621e+01 -2.958351109446792293e+01
1.315170190223881619e+01 2.078262909537217595e+01 5.284726653674278296e+00 2.078262909537217595e+01 -8.957360597551463854e+00 2.708334635123384349e+00 5.284726653674278296e+00 2.708334635123384349e+00 -4.049341620815184228e+01
-6.628358614794327863e+00 -2.870211324084763316e+00 -1.776482188033284970e+01 -2.870211324084763316e+00 -1.275385965965108248e+01 2.998387713212068206e+00 -1.776482188033284970e+01 2.998387713212068206e+00 -7.619660299497422784e+01
-1.798325130359347312e+01 -1.053128514868454779e+01 -1.031990576802709825e+01 -1.053128514868454779e+01 -1.814078193514541359e+00 9.186426902890531210e+00 -1.031990576802709825e+01 9.186426902890531210e+00 -2.063537899843426260e+01
-2.530317372489170769e+00 -1.537178207295557764e+00 -5.004938227867735456e+00 -1.537178207295557764e+00 -3.946139483054191999e+01 7.995506811375770795e+00 -5.004938227867735456e+00 7.995506811375770795e+00 -2.947359959119068051e+01
4.060185795660341768e+01 -4.403372969247996593e+00 6.200379700461762233e+00 -4.403372969247996593e+00 2.919955329427919466e+01 -5.598821854371324847e+00 6.200379700461762233e+00 -5.598821854371324847e+00 -1.352172347840830680e-01
1.751111243064601908e+01 -2.113212355157678601e+01 -7.946747194158071181e+00 -2.113212355157678601e+01 4.474938315386861376e+00 1.104166789475459076e+01 -7.946747194158071181e+00 1.104166789475459076e+01 -2.727791421560994678e+01
-1.274136379258670893e+01 -5.376988326699581933e+00 1.398983701826919024e+01 -5.376988326699581933e+00 -1.959892295603788881e+01 6.125607203604679363e+00 1.398983701826919024e+01 6.125607203604679363e+00 -6.063924294189825481e+00
6.628695066857841312e+01 -6.738833348832565129e+00 -1.243561922431867117e+01 -6.738833348832565129e+00 7.375091242309440531e+01 3.039406675205292174e+00 -1.243561922431867117e+01 3.039406675205292174e+00 5.687136141000187450e+01
-3.056805350762818563e+01 1.900773444995879746e+00 -2.134792120683822958e+00 1.900773444995879746e+00 -5.383629083118680114e+01 2.592422132088081810e+00 -2.134792120683822958e+00 2.592422132088081810e+00 -5.384921906017377324e+01
-1.150783236306375201e+01 -2.407217232946328611e+00 1.928629134163606906e+01 -2.407217232946328611e+00 -4.196922491792201271e+01 9.449675977920961145e+00 1.928629134163606906e+01 9.449675977920961145e+00 -1.499756616493559491e+01
-1.768047699912277793e+01 -1.261316217422808528e+01 9.222940114411875001e+00 -1.261316217422808528e+01 -4.377900292490242151e+01 3.277749202190904931e+00 9.222940114411875001e+00 3.277749202190904931e+00 -7.496640379923945829e+01
1.300915336407405043e+01 7.669827528652362503e+00 7.041987247961243312e+00 7.669827528652362503e+00 -9.979288949455192181e+00 -3.471188655529649836e+00 7.041987247961243312e+00 -3.471188655529649836e+00 -4.919494540614036993e+01
5.399522265680152344e+01 4.048960632307800012e+00 4.637014926365240264e+00 4.048960632307800012e+00 3.069319158048375584e+01 1.099349006819264929e+01 4.637014926365240264e+00 1.099349006819264929e+01 3.132674644395699559e+01
-7.388660735915083322e+00 -9.676279473275185339e+00 1.100951625244251275e+01 -9.676279473275185339e+00 -5.558144829872294856e+00 1.089082698133630567e+00 1.100951625244251275e+01 1.089082698133630567e+00 -3.678746628668593388e+01
3.639621936872658114e+00 -1.942246631051061323e+00 2.270179106248679801e+01 -1.942246631051061323e+00 -1.264478553925372140e+01 1.774422958698189845e+01 2.270179106248679801e+01 1.774422958698189845e+01 -7.083586045840404744e+00
2.476877627967042272e+01 -8.038210240181333788e+00 -6.615395718717693718e-01 -8.038210240181333788e+00 2.354602242581524862e+01 -2.299953583739623220e+00 -6.615395718717693718e-01 -2.299953583739623220e+00 3.207788189407214219e+01
2.024814441471813709e+01 -9.168055967248498916e+00 -7.260312624214276589e+00 -9.168055967248498916e+00 3.334267119598421925e+00 2.854344386371970188e+01 -7.260312624214276589e+00 2.854344386371970188e+01 -5.727187569128915356e-01
4.554024724802845725e+01 1.508227286363429265e+01 -2.175046687552377378e+01 1.508227286363429265e+01 1.803878952613414199e+01 -3.754705859868697981e+00 -2.175046687552377378e+01 -3.754705859868697981e+00 -8.371142936967814308e+00
2.363589970590835421e+01 1.932252902376335291e+00 -1.731136140808226642e+01 1.932252902376335291e+00 1.719436881080593116e+00 -2.660910343287156810e+00 -1.731136140808226642e+01 -2.660910343287156810e+00 -3.236483299812209680e+01
-4.543368753386906889e+01 -6.407058993948655079e+00 -6.655603206491172763e+00 -6.407058993948655079e+00 -3.217671484359002676e+01 2.543393320495949439e+01 -6.655603206491172763e+00 2.543393320495949439e+01 -6.956527808856112927e+01
4.280764408326143666e+01 -4.741584498737090314e+00 1.568038311978248700e+01 -4.741584498737090314e+00 4.760871401046777862e+01 -1.006932017859912243e+01 1.568038311978248700e+01 -1.006932017859912243e+01 2.483740615521314421e+00
-1.127079701639086906e+01 -1.666577963985401212e+01 7.615877154365617407e+00 -1.666577963985401212e+01 -2.956767062892105358e+01 -5.295141160788248591e+00 7.615877154365617407e+00 -5.295141160788248591e+00 -6.101066676067595296e+01
2.927913998784959304e+01 1.307544848387382963e+01 5.218086677511656113e+00 1.307544848387382963e+01 2.013759607333610901e+01 1.354935741376922032e+01 5.218086677511656113e+00 1.354935741376922032e+01 2.071351594466683821e+01
2.065038788819013860e+01 1.056673619043273504e+01 1.040779952554975019e+01 1.056673619043273504e+01 7.539464978543121809e+00 -1.549543958109211061e+01 1.040779952554975019e+01 -1.549543958109211061e+01 -3.445519471889329566e+01
-4.403333366436481100e+01 1.429385288457528524e+01 7.419348331595492674e+00 1.429385288457528524e+01 -4.709883672309266700e+01 1.184423279950452113e+01 7.419348331595492674e+00 1.184423279950452113e+01 -2.439777105835394622e+01
-2.462646294396608226e+01 2.419824410591284281e+00 -9.599961797282793308e-01 2.419824410591284281e+00 -7.172761424895083948e+00 1.007695787069578763e+01 -9.599961797282793308e-01 1.007695787069578763e+01 8.051799047945804588e+00
-4.416746232586551635e+00 9.608657953337239377e+00 1.270323712898583324e+01 9.608657953337239377e+00 -1.039605624980851672e+01 5.994584214033079839e+00 1.270323712898583324e+01 5.994584214033079839e+00 -3.701164310113919242e+01
-4.524741136862017399e+00 9.288649198670830387e+00 2.460463499836910428e-01 9.288649198670830387e+00 -6.710462756981187660e+00 7.010666761644643863e+00 2.460463499836910428e-01 7.010666761644643863e+00 -4.604668502557850474e+01
4.300977982825028079e+01 -1.255350827561978377e+01 3.478931896773054255e+00 -1.255350827561978377e+01 2.160895932220742210e+01 1.754360153115990073e+01 3.478931896773054255e+00 1.754360153115990073e+01 -1.043251832095861031e+00
-9.637614113153416540e+00 -1.714367996619022705e+01 -7.761410223267142250e+00 -1.714367996619022705e+01 -1.045276054902798180e+01 1.138652015729330280e+01 -7.761410223267142250e+00 1.138652015729330280e+01 1.112735752550144497e+01
-7.100522304200356238e+00 1.978320391479202911e+01 9.459289617750220813e+00 1.978320391479202911e+01 -3.346350287361605780e+01 6.835986114849518236e-01 9.459289617750220813e+00 6.835986114849518236e-01 -5.041928484003332755e+01
9.632888426843416951e+00 1.227400457763172881e+01 -1.168580028477242960e+00 1.227400457763172881e+01 -2.369544164147996401e+00 5.800643641612181156e+00 -1.168580028477242960e+00 5.800643641612181156e+00 1.517455513102451370e+01
3.350748146725351972e+01 -6.172130209579325566e+00 -2.268817852297246418e+01 -6.172130209579325566e+00 3.120089120318953135e+01 -6.584157394067756464e+00 -2.268817852297246418e+01 -6.584157394067756464e+00 -2.481068891549507782e+01
3.931977893704269889e+01 5.456814062347145722e+00 1.956945211045972144e+01 5.456814062347145722e+00 2.291861479393172374e+01 -9.969690867379972232e+00 1.956945211045972144e+01 -9.969690867379972232e+00 -1.187610240852336396e+01
-8.207016122574392725e+00 -1.734312021720950225e+00 1.350027664973553954e+01 -1.734312021720950225e+00 1.648099138216600679e+01 -1.711478237295355420e+00 1.350027664973553954e+01 -1.711478237295355420e+00 -4.480478869180375057e+01
1.433484450984799707e+01 -1.802720579329356099e+01 7.269876751251450386e+00 -1.802720579329356099e+01 1.057181416233599514e+00 1.427404423289009117e+01 7.269876751251450386e+00 1.427404423289009117e+01 -4.808785952220875259e+01
1.705036625423294794e+01 -2.941279958270652362e+00 -1.413518357323031260e+01 -2.941279958270652362e+00 -1.272297769782493049e+01 3.645231702559396325e+00 -1.413518357323031260e+01 3.645231702559396325e+00 -4.748693075386491103e+01
3.799492409451728747e+01 2.375179194101313840e+00 -1.285602823843622788e+00 2.375179194101313840e+00 2.411677506634346457e+01 -1.201243103603908580e+01 -1.285602823843622788e+00 -1.201243103603908580e+01 -6.574426760336520736e+00
4.202440594896484782e+01 5.514904384923978498e+00 -7.489060010896231745e+00 5.514904384923978498e+00 3.624164482726127545e+01 -1.778810020978291107e+01 -7.489060010896231745e+00 -1.778810020978291107e+01 2.587971228304576599e+00
-3.522954198205112419e+01 1.969464506985182339e+01 -4.036563181026946445e+00 1.969464506985182339e+01 -4.753703944917289093e+00 -8.307541622114577251e+00 -4.036563181026946445e+00 -8.307541622114577251e+00 -7.234774554189776552e+01
6.257352939005395598e+01 -4.673265649178820702e+00 1.064442532638409045e+00 -4.673265649178820702e+00 1.481965207105808879e+01 2.282113903936509658e+01 1.064442532638409045e+00 2.282113903936509658e+01 -1.187112604123449700e+01
9.710481107220518382e+00 -2.047256555582732229e+00 -1.582791088812906466e+01 -2.047256555582732229e+00 -2.381083833685672779e+00 -4.048901845841623270e+00 -1.582791088812906466e+01 -4.048901845841623270e+00 -4.308171358340404566e+01
2.027818413539399955e+01 9.517147282765328953e+00 -8.020655702390207864e+00 9.517147282765328953e+00 7.111980304914045092e+00 -6.209581096414281909e+00 -8.020655702390207864e+00 -6.209581096414281909e+00 -4.299089467683934629e+01
-1.184445429779001202e+01 -1.344133285046676107e+01 -1.709688342978552544e+00 -1.344133285046676107e+01 -1.802249298120626619e+01 2.393217998846190742e-01 -1.709688342978552544e+00 2.393217998846190742e-01 -3.114272465648747712e+01
6.415870995046816461e+01 8.629208098694537421e-01 7.782958452557304341e+00 8.629208098694537421e-01 4.861013218063979480e+01 -9.226416855657786797e+00 7.782958452557304341e+00 -9.226416855657786797e+00 -7.548901220031722481e+00
-3.920328592100580067e+01 8.269151846949824858e+00 -2.597103387412450726e+00 8.269151846949824858e+00 -2.112415356335132799e+01 7.435152188804592832e+00 -2.597103387412450726e+00 7.435152188804592832e+00 -6.720647630539237127e+01
-1.877866396566065532e+01 1.057001048993453729e+01 -1.955307710918595676e+00 1.057001048993453729e+01 -3.901202774295796161e+01 1.487757035866881772e+01 -1.955307710918595676e+00 1.487757035866881772e+01 -4.123306686626458628e+01
9.098456185101795768e+01 9.295515233431045132e+00 -6.414406746992308506e+00 9.295515233431045132e+00 6.838639471183954299e+01 7.472249835109151306e+00 -6.414406746992308506e+00 7.472249835109151306e+00 6.638656146478909115e+00
1.653416922350892904e+01 -2.245783934506166091e+01 -2.694226708644062995e+00 -2.245783934506166091e+01 6.603388014262839611e+00 7.982834022018968412e+00 -2.694226708644062995e+00 7.982834022018968412e+00 -4.134781138522397725e+01
4.285077536674253196e+01 9.559541182970054507e+00 5.030042083529247421e+00 9.559541182970054507e+00 2.012101478690636114e+01 -9.018202068289527418e+00 5.030042083529247421e+00 -9.018202068289527418e+00 -2.720086890608869368e+01
5.005049307106300915e+01 1.899938179513783254e+01 7.786843167033478785e+00 1.899938179513783254e+01 4.190855070393315884e+01 7.983768971586836294e+00 7.786843167033478785e+00 7.983768971586836294e+00 7.078387021497160703e+00
1.662949902963858761e+01 4.434616376411851135e+00 1.223038351804714097e+01 4.434616376411851135e+00 -4.623009441232102112e+00 -1.531778063137713697e-01 1.223038351804714097e+01 -1.531778063137713697e-01 2.106982039217101743e+01
5.129154556342680138e+00 -8.917844259853982436e+00 -1.055540251754313807e+01 -8.917844259853982436e+00 -1.145056591254371314e+00 1.837459268713958593e+00 -1.055540251754313807e+01 1.837459268713958593e+00 -4.088778274667610901e+01
7.619958136230764012e+00 -1.371953386162092947e+01 -2.334733692282175976e+00 -1.371953386162092947e+01 -1.839411672830847877e+01 -3.301559813566552481e+00 -2.334733692282175976e+00 -3.301559813566552481e+00 -6.659593676575690679e+00
-1.460844113194453087e+01 4.338973018283269312e+00 9.069060873139404677e+00 4.338973018283269312e+00 -8.259970541571965086e+00 -2.625643206422132536e+01 9.069060873139404677e+00 -2.625643206422132536e+01 -5.553914501952230154e+01
1.362727053159811241e+01 -1.223809051454842844e+01 1.285061967756488421e+01 -1.223809051454842844e+01 1.891646536466296880e+01 -1.157911851508624146e+01 1.285061967756488421e+01 -1.157911851508624146e+01 -2.416158425213455274e+01
1.555827744457352946e+00 7.423042511116818787e+00 2.657716839090923933e-01 7.423042511116818787e+00 -7.220869873539987438e+00 -8.189021972985502273e+00 2.657716839090923933e-01 -8.189021972985502273e+00 -4.013565218080456987e+01
4.730458638977785313e+01 6.157746353536593276e+00 5.351860865520655430e+00 6.157746353536593276e+00 1.609943451867481556e+01 -1.434568230288335933e+01 5.351860865520655430e+00 -1.434568230288335933e+01 -1.068455906155599822e+00
9.359094742357708441e+00 -1.709018613762017580e+00 -1.104286029744175224e+01 -1.709018613762017580e+00 -1.188837618012376574e+01 2.103969899984442726e+00 -1.104286029744175224e+01 2.103969899984442726e+00 -3.475457411977337330e+01
1.276878918279159336e+01 1.865727078748443679e+00 1.837983845232382007e+00 1.865727078748443679e+00 2.564291091608319917e+01 2.192372656374763906e+01 1.837983845232382007e+00 2.192372656374763906e+01 -1.956171023382722041e+01
3.236581940213893915e+01 5.017658816755045770e+00 1.709865821804344543e+00 5.017658816755045770e+00 2.870848746485478387e+01 1.813579040327344316e+01 1.709865821804344543e+00 1.813579040327344316e+01 -2.723129895124328570e+01
1.526550725229706362e+00 5.403592403613125761e+00 4.591878188563550012e+00 5.403592403613125761e+00 -2.570897907961204965e+01 -2.044135563963096924e+00 4.591878188563550012e+00 -2.044135563963096924e+00 -6.270655857803561162e+01
1.117032022058076706e+02 -7.824411709040723473e+00 -1.098684588503720327e+01 -7.824411709040723473e+00 8.019636974741565894e+01 1.794753278984151157e+00 -1.098684588503720327e+01 1.794753278984151157e+00 4.081663718973611310e+01
4.948754002212510272e+01 9.021224049123819810e+00 2.019753800984852177e+01 9.021224049123819810e+00 1.540224196700501480e+01 -5.642905810864776717e-01 2.019753800984852177e+01 -5.642905810864776717e-01 3.378084873313734526e+00
7.504101783572805218e+00 1.170713826643329014e+01 1.466419093058380696e+01 1.170713826643329014e+01 -2.128063242144019984e+00 -1.744244432392368438e+01 1.466419093058380696e+01 -1.744244432392368438e+01 -5.137762609986135232e+01
3.594922952263725335e+01 5.900774558678816284e+00 -6.333991511214883907e+00 5.900774558678816284e+00 1.636691969028820992e+01 6.145042225866461649e+00 -6.333991511214883907e+00 6.145042225866461649e+00 -8.029318168905879460e+00
-1.059662348912590257e+00 -1.227101082138941912e+01 1.752423734092965146e+00 -1.227101082138941912e+01 -2.453608449380465828e+01 -7.380417939756207524e+00 1.752423734092965146e+00 -7.380417939756207524e+00 -5.799013781864650241e+01
-3.695903395025733063e-01 -1.125815056089890831e+01 1.361585179553466318e+01 -1.125815056089890831e+01 -1.543282071201477557e+01 4.649507931350398415e+00 1.361585179553466318e+01 4.649507931350398415e+00 -1.961158822366576970e+01
-9.713069137373926409e+00 -2.375251640167000033e+01 2.532685426020018671e+00 -2.375251640167000033e+01 -3.006014562664895706e+01 -1.281875268974632753e+01 2.532685426020018671e+00 -1.281875268974632753e+01 -5.345457958137632914e+01
-9.854940430730392720e+00 -1.105814347287180865e+01 3.280480702903241763e+01 -1.105814347287180865e+01 -1.136971996474603053e+01 -2.899602872163623246e+01 3.280480702903241763e+01 -2.899602872163623246e+01 -2.131609130481854564e+01
-6.958084995503524439e+00 -1.040931959264353246e+01 -1.190709436840893964e+01 -1.040931959264353246e+01 -2.695158551495337917e+01 2.822031498489715240e+00 -1.190709436840893964e+01 2.822031498489715240e+00 -4.314637996800307462e+01
1.171366933039098335e+01 2.989250879540132289e+01 -5.099546420086626952e+00 2.989250879540132289e+01 -2.443731077474680546e+01 -2.953123675899263390e+00 -5.099546420086626952e+00 -2.953123675899263390e+00 -4.659607740140015864e+01
-1.519550342195043768e+01 -1.061433438777298691e-02 2.037372876544011646e+01 -1.061433438777298691e-02 -4.317680136080250719e+01 1.487390183995213100e+01 2.037372876544011646e+01 1.487390183995213100e+01 -8.270890963556323072e+01
-8.377001375133643180e+00 1.010443430623469574e+01 1.558315689632656031e+01 1.010443430623469574e+01 -1.120313684105392227e+01 3.515655551489575981e+00 1.558315689632656031e+01 3.515655551489575981e+00 -9.452764097136227406e+01
-1.344422431038229426e+01 -2.249007285630529651e+00 5.138629796728561239e+00 -2.249007285630529651e+00 -2.283850986827522078e+01 7.667511718498557505e-01 5.138629796728561239e+00 7.667511718498557505e-01 -6.301499385260763830e+01
-4.471225248177297118e+01 6.033113863894581819e+00 5.569024056342292361e+00 6.033113863894581819e+00 -3.610396503575379512e+01 -2.138503919764433547e+01 5.569024056342292361e+00 -2.138503919764433547e+01 -7.326736810650945131e+01
1.228064235198926291e+01 -7.400700677835461150e+00 -5.015389597605833139e+00 -7.400700677835461150e+00 -8.675119694413437443e+00 -4.295109132246395234e+00 -5.015389597605833139e+00 -4.295109132246395234e+00 -2.501138313617085629e+01
-1.579258451423751319e+00 -6.849606404329633413e+00 2.500605355192762502e+00 -6.849606404329633413e+00 6.697009156627190762e+00 -3.023791035319530085e+00 2.500605355192762502e+00 -3.023791035319530085e+00 1.379630896062477419e+01
3.399519017976336244e+01 -1.247297580217848001e+01 -1.719856803376390175e+01 -1.247297580217848001e+01 9.702874424585290924e+00 5.959717072277520344e+00 -1.719856803376390175e+01 5.959717072277520344e+00 -1.174675912547942502e+01
3.502962145374100800e+01 3.797994126782429536e+00 -2.660012918549690131e+00 3.797994126782429536e+00 2.454108569111998150e+01 3.823472322622201158e+00 -2.660012918549690131e+00 3.823472322622201158e+00 -4.220713246618232262e+01
-2.551951776206510303e+01 1.976333716470602653e+01 3.669217664216135599e-01 1.976333716470602653e+01 1.337030733579984698e+01 6.915111360989623535e+00 3.669217664216135599e-01 6.915111360989623535e+00 -3.634559908222913549e+01
-4.358496632170554719e+00 6.713620559288540068e-01 -1.289064904469737449e+01 6.713620559288540068e-01 -7.295016423974207243e+00 -1.018735252079262299e+00 -1.289064904469737449e+01 -1.018735252079262299e+00 -9.190201085895022715e+00
2.102086856326089048e+01 1.359842548564788522e+01 1.038215301425338843e+01 1.359842548564788522e+01 -4.248803400278501563e+00 -9.220206888754807650e+00 1.038215301425338843e+01 -9.220206888754807650e+00 -3.267184421523752036e+01
5.541071192344516838e+00 -7.841094015395968952e+00 -2.581751271972261730e+00 -7.841094015395968952e+00 -1.070952119733458829e+01 3.695795990359118210e+00 -2.581751271972261730e+00 3.695795990359118210e+00 -3.329565332673693945e+01
-3.144170037670383167e+01 -1.622003631611334740e+01 6.558533197666624126e+00 -1.622003631611334740e+01 -3.550494645080321021e+01 -2.519929971872620911e-01 6.558533197666624126e+00 -2.519929971872620911e-01 -1.776261048312231239e+01
1.566415910813105272e+00 2.148469733955328920e+01 8.645537738443715980e+00 2.148469733955328920e+01 3.410204590492433141e+01 -7.601147773983628619e-01 8.645537738443715980e+00 -7.601147773983628619e-01 -9.859970602176069576e+00
3.307881671895819409e+01 -1.539228933807765820e+01 -1.078989232792337027e+01 -1.539228933807765820e+01 2.258995168282354626e+01 -1.649551172148661138e+01 -1.078989232792337027e+01 -1.649551172148661138e+01 -3.051259081039303211e+00
3.929216738239202300e+01 -4.606030401564866317e+00 1.196663769157152579e+01 -4.606030401564866317e+00 3.858088520059724402e+01 -1.892117760344441679e+00 1.196663769157152579e+01 -1.892117760344441679e+00 9.462124812492653803e+00
3.360494672290121887e+00 -9.197729972310028757e+00 -3.669851602960148451e+00 -9.197729972310028757e+00 -2.279178003928253204e+00 -1.043860638178526123e+01 -3.669851602960148451e+00 -1.043860638178526123e+01 -3.564906792034425820e+01
6.849605505313245146e+01 1.212548042250829461e+01 9.498934580364661429e+00 1.212548042250829461e+01 6.047625924249228291e+01 -5.370679858914525262e+00 9.498934580364661429e+00 -5.370679858914525262e+00 -5.011766203010401988e+00
5.986065007708818086e+01 1.375843748186278692e-01 6.216576586316971742e+00 1.375843748186278692e-01 2.841834412275981592e+01 4.778121359943942714e+00 6.216576586316971742e+00 4.778121359943942714e+00 2.241148539420156638e+01
2.721674598078201868e+01 -1.031190380518210770e+00 -1.013270228238564741e+01 -1.031190380518210770e+00 1.114186142115292455e+01 -2.824495562101702273e+00 -1.013270228238564741e+01 -2.824495562101702273e+00 1.537267607917005385e+01
8.611442462459218916e+01 6.509139761951417746e+00 4.785534584136208913e+00 6.509139761951417746e+00 4.903384941230888927e+01 3.766149605403346978e+00 4.785534584136208913e+00 3.766149605403346978e+00 1.264499624573758929e+01
1.884004885889465086e+01 -7.991594173908888044e-01 -2.442236751685902263e+00 -7.991594173908888044e-01 -8.120725601099124447e+00 -8.587355994387140257e+00 -2.442236751685902263e+00 -8.587355994387140257e+00 -3.826003553317136863e+01
3.420799225535508015e+01 -2.012415762728998025e+00 -2.876588040675738700e+00 -2.012415762728998025e+00 2.987192074222684113e+01 1.606016204794947555e+01 -2.876588040675738700e+00 1.606016204794947555e+01 -1.974592572396581858e+01
1.451072325024007448e+01 -6.518360516117245318e+00 -3.507759826866460262e+00 -6.518360516117245318e+00 -1.669014258863811762e+01 3.658085620459457399e+00 -3.507759826866460262e+00 3.658085620459457399e+00 -4.666414894568200822e+01
3.261690853137639579e+01 -2.245444623768808512e+01 4.549134773383521235e+00 -2.245444623768808512e+01 5.137782441880109729e+01 5.963613849003885470e+00 4.549134773383521235e+00 5.963613849003885470e+00 2.435927329576472644e+01
7.660083296522297580e+00 2.322001023258239538e+00 1.314853736122874928e+01 2.322001023258239538e+00 -4.604221101660570525e+01 -9.285407464803229871e+00 1.314853736122874928e+01 -9.285407464803229871e+00 -5.734734496178567298e+01
-2.526361175359548028e+01 -5.055166060593157873e+00 -9.047415121302799790e+00 -5.055166060593157873e+00 -1.735352690603777859e+01 3.896645054667748909e+00 -9.047415121302799790e+00 3.896645054667748909e+00 -7.058238262134715058e+01
3.537142909740320196e+00 -3.789532554840498335e+00 5.103789827685401903e+00 -3.789532554840498335e+00 -4.431014481268049110e+01 -7.992952150949679258e+00 5.103789827685401903e+00 -7.992952150949679258e+00 -6.484759235910307495e+01
-2.833414272425270397e+01 -5.201423951182018612e+00 -1.293117192828281681e+01 -5.201423951182018612e+00 -2.960641717984777799e+01 -1.484053121893486349e+01 -1.293117192828281681e+01 -1.484053121893486349e+01 -7.300394831973271437e+01
2.004439989152444035e+00 9.325637723944307567e+00 -3.802136334882994184e+00 9.325637723944307567e+00 -2.839257960503475786e+01 1.130856151010887523e+01 -3.802136334882994184e+00 1.130856151010887523e+01 -4.432885278236851434e+01
-3.366027182763214887e-01 -2.055697391636352833e+01 -2.116913957871043195e+00 -2.055697391636352833e+01 -3.491112195666838858e+01 -1.086598703087566165e+01 -2.116913957871043195e+00 -1.086598703087566165e+01 -2.754818368502820647e+01
-1.895117911890037643e+00 5.975508816478016350e+00 8.974357366951110748e+00 5.975508816478016350e+00 -2.240898291222902827e+01 -6.134141591327429310e+00 8.974357366951110748e+00 -6.134141591327429310e+00 -7.343824556884111132e+01
-3.628942595151208650e+01 1.207390495848607692e+01 -1.118876329710047202e+01 1.207390495848607692e+01 -1.208760642317680656e+01 2.300641180467672342e+01 -1.118876329710047202e+01 2.300641180467672342e+01 -7.971870468395958653e+01
3.020905505775746125e+00 1.038889629767217038e+01 -1.155854171726353918e+01 1.038889629767217038e+01 -1.657997368309932540e+01 -1.446457866989611851e+01 -1.155854171726353918e+01 -1.446457866989611851e+01 -5.754995931852952396e+01
8.222837263536074914e+00 8.219769697871219805e+00 -7.047350503967481750e+00 8.219769697871219805e+00 8.327787638112889468e+00 4.971951526172436076e+00 -7.047350503967481750e+00 4.971951526172436076e+00 -2.065058052487990636e+01
2.111201713696033622e+01 5.022732946188688707e+00 1.494368353587596054e+01 5.022732946188688707e+00 -1.639546158131402009e+01 -1.957169698552234216e+00 1.494368353587596054e+01 -1.957169698552234216e+00 -2.946866301033703195e+01
-1.165199227432351137e+01 8.057390022786545813e+00 -2.708825556766495168e+00 8.057390022786545813e+00 -3.669353257418536884e+01 -6.640546523126533707e+00 -2.708825556766495168e+00 -6.640546523126533707e+00 -2.172840402932206771e+01
1.633507584903713905e+01 -1.103182957656671448e+01 -5.672282334717384522e+00 -1.103182957656671448e+01 4.114568408291291668e+00 2.770042157437446306e+01 -5.672282334717384522e+00 2.770042157437446306e+01 -4.390097051741714829e+00
1.604020610730956520e+01 1.068658490060692401e+01 -1.290539328209664482e+01 1.068658490060692401e+01 -7.442345897286411827e+00 1.689889207678593408e+01 -1.290539328209664482e+01 1.689889207678593408e+01 8.841385786698904292e-01
5.260251489800259606e+01 6.570673063194271357e+00 -3.513394671717239959e+00 6.570673063194271357e+00 2.784905795474395518e+01 1.095385128299079369e+01 -3.513394671717239959e+00 1.095385128299079369e+01 1.262219884539327452e+01
-4.743838534840092436e+00 2.804237080059352127e+00 -2.042438479675707352e+00 2.804237080059352127e+00 2.400336104675890425e+00 -8.824304400517585023e+00 -2.042438479675707352e+00 -8.824304400517585023e+00 8.849178067623311605e+00
2.361673921792801778e+01 6.561803676617306458e+00 -1.800799996888813581e+01 6.561803676617306458e+00 1.831211777750256076e+01 -4.069679337369024985e+00 -1.800799996888813581e+01 -4.069679337369024985e+00 7.443745321599140041e+00
