2.757655093647810318e+01 2.092593609039368197e+00 -4.904482261707604707e+00 2.092593609039368197e+00 2.819728442519247125e+01 -9.332040635791720717e+00 -4.904482261707604707e+00 -9.332040635791720717e+00 4.660306391686956573e+01
6.602683463494408933e+00 -4.425802986136603501e+00 1.167182208816104280e-02 -4.425802986136603501e+00 -4.574680912856020853e+01 2.647000913169147207e+00 1.167182208816104280e-02 2.647000913169147207e+00 -2.669675680751010916e+01
-4.589590817076594220e+00 -2.499479791349174818e+01 -3.538870588654527971e-01 -2.499479791349174818e+01 -1.425823212877668489e+01 -8.745313216993846339e+00 -3.538870588654527971e-01 -8.745313216993846339e+00 -1.224549407587261562e+01
5.155077740282172982e+01 6.738823435830694208e+00 -1.971415682937778246e+00 6.738823435830694208e+00 6.393872928096571151e-01 1.509439974656643280e+01 -1.971415682937778246e+00 1.509439974656643280e+01 5.400745251754904075e+01
-5.528118918520367409e+00 -6.590560136860545093e+00 -9.902758010699550084e+00 -6.590560136860545093e+00 -8.781934030838165484e+01 -1.555313029358575427e+01 -9.902758010699550084e+00 -1.555313029358575427e+01 -5.845289406702242729e+01
-4.089244931517892923e+01 1.424894248202620339e+01 5.674061261806507162e+00 1.424894248202620339e+01 -4.898595940949559946e+01 1.530797751253476235e+01 5.674061261806507162e+00 1.530797751253476235e+01 -1.921016197085915067e+01
-1.237381905235081403e+00 -1.067040990682717805e+01 1.333881896058431771e+00 -1.067040990682717805e+01 -4.914221425696578649e+01 -2.332657913600176602e+00 1.333881896058431771e+00 -2.332657913600176602e+00 -4.117941119434240349e+00
-1.465556060420740181e+01 -3.087726338134193327e+01 5.607783796062537185e+00 -3.087726338134193327e+01 -1.965943170180665334e+01 1.381444061900799802e+01 5.607783796062537185e+00 1.381444061900799802e+01 -8.247817164575700133e+00
8.291323272884259410e+00 1.062610131330641750e+00 -1.716055340795501705e+00 1.062610131330641750e+00 1.912097685592700458e+01 -9.701874569920443392e+00 -1.716055340795501705e+00 -9.701874569920443392e+00 1.007461463321665462e+01
-2.292452631971445953e+01 1.585541836672351046e+00 2.039576646901441581e+00 1.585541836672351046e+00 -4.271800434259235857e+01 -8.371265392964282626e+00 2.039576646901441581e+00 -8.371265392964282626e+00 -2.557087682965113373e+01
-7.268555038343169628e+00 1.366099149405423496e+01 -2.818410293269119293e+01 1.366099149405423496e+01 -2.599355384676183434e+01 8.290574500347727138e+00 -2.818410293269119293e+01 8.290574500347727138e+00 6.113518793769580739e+00
6.564462036731527617e-01 -6.124597240890528482e+00 2.143682856584681051e+00 -6.124597240890528482e+00 -3.233083936744803566e+01 -2.371710195267612420e+01 2.143682856584681051e+00 -2.371710195267612420e+01 1.065607891020734677e+01
5.389836624660184583e+01 5.776919011140079441e+00 -7.946803928318034060e+00 5.776919011140079441e+00 -6.258159775965464355e+00 9.519018753510897213e+00 -7.946803928318034060e+00 9.519018753510897213e+00 6.228193170810933310e+01
9.319928584069055333e+00 -3.900115205137093977e+00 -7.329160969331510955e+00 -3.900115205137093977e+00 4.975094289247294022e+00 1.160645470399032497e+01 -7.329160969331510955e+00 1.160645470399032497e+01 3.304654890314370874e+01
-2.752460153928098663e+01 -1.506616702311910672e+01 -1.016327431084772215e+01 -1.506616702311910672e+01 -3.173266046930436346e+01 -7.271253715072345081e+00 -1.016327431084772215e+01 -7.271253715072345081e+00 -4.192622344625265640e+01
-2.286471593275089376e+01 2.080066287170208028e+01 8.478985347224259783e+00 2.080066287170208028e+01 -4.773337117927251683e+01 2.899914072532175879e+01 8.478985347224259783e+00 2.899914072532175879e+01 -1.689865006607126929e+01
1.443728860683108906e+01 -2.079239043523269359e+01 -1.880546220124865897e+01 -2.079239043523269359e+01 -4.891209171799868471e+00 1.641676778542653992e+01 -1.880546220124865897e+01 1.641676778542653992e+01 1.652771426162053103e+01
5.005487564935400968e+01 -6.489760405025720047e+00 1.882195852246221213e+00 -6.489760405025720047e+00 1.233807576571956055e+01 -1.469329092202630704e+01 1.882195852246221213e+00 -1.469329092202630704e+01 6.044134399404450164e+01
1.000768447103431935e+00 1.014899038573589962e+01 -9.868122982543420463e+00 1.014899038573589962e+01 -4.358204224216726885e+01 -1.386552738577243593e+00 -9.868122982543420463e+00 -1.386552738577243593e+00 6.605609862018827494e-01
-5.902316546962516952e+00 -1.191951684068556361e+01 6.725832351124396702e-01 -1.191951684068556361e+01 -6.954491547520070149e+00 -7.202917806461300643e+00 6.725832351124396702e-01 -7.202917806461300643e+00 1.115932709266833989e+01
-4.580898098156190201e+00 1.231403966714486042e+00 1.685106587737398298e+00 1.231403966714486042e+00 9.389691571691693994e+00 -7.660684878057826275e-01 1.685106587737398298e+00 -7.660684878057826275e-01 -1.696519345461857498e+01
5.499821021704120128e+00 8.729884529834809115e+00 2.633037273872696105e+01 8.729884529834809115e+00 -3.645695807290809398e+01 2.834889534165967007e+00 2.633037273872696105e+01 2.834889534165967007e+00 -1.482380937988777880e+01
4.667414425850103576e+00 -1.313722546688022774e+01 -1.769231589437022301e+00 -1.313722546688022774e+01 -7.101777063790854072e+01 9.112671144754451724e-01 -1.769231589437022301e+00 9.112671144754451724e-01 1.114002797967617298e+01
-5.462141673784432783e+01 -5.312548520515575134e+00 -5.472637563041491404e+00 -5.312548520515575134e+00 -8.496303838347441229e+01 -8.446659785099317475e+00 -5.472637563041491404e+00 -8.446659785099317475e+00 -2.226048230680992646e+01
9.845254313107353994e+00 1.522496909751668426e+01 6.537641895399468162e+00 1.522496909751668426e+01 -3.450013237987737824e+01 -2.022450208422636564e+00 6.537641895399468162e+00 -2.022450208422636564e+00 1.887135958385274259e-01
2.182706934234076357e+01 -7.796983073206012804e+00 -3.241832628759963342e+01 -7.796983073206012804e+00 -2.390070610405336993e+01 -1.584437936729195506e+01 -3.241832628759963342e+01 -1.584437936729195506e+01 -4.435039749064756620e+00
-4.860987033782411970e+01 5.807328567464623781e+00 1.200985739616051795e+01 5.807328567464623781e+00 -8.959266624566566861e+01 -1.354842445029782638e+01 1.200985739616051795e+01 -1.354842445029782638e+01 -3.513399560999816629e+01
-4.781351599959588583e+01 -7.778274837921081541e+00 1.249994741959272559e+01 -7.778274837921081541e+00 -8.699074022482457735e+01 -5.264073162733221345e+00 1.249994741959272559e+01 -5.264073162733221345e+00 -3.324218245118385795e+01
-1.806795236187402409e+01 -1.536844889705856509e+01 1.320649384523408365e+01 -1.536844889705856509e+01 -3.997929047538612934e+01 9.735457532239509604e+00 1.320649384523408365e+01 9.735457532239509604e+00 6.709009625312378766e+00
3.636369387610880466e+01 -2.395565737230959158e+01 1.818915388044875403e+00 -2.395565737230959158e+01 8.907340996821794477e+00 -1.347346712086283738e+01 1.818915388044875403e+00 -1.347346712086283738e+01 2.637675035834048742e+01
-2.604547271273766285e+01 1.378622267019337855e+01 5.931652559954113890e+00 1.378622267019337855e+01 -5.617782072093237389e+01 1.841558554299929895e+01 5.931652559954113890e+00 1.841558554299929895e+01 -7.428975753134658078e+00
7.441878575335269375e+01 4.256447126865730901e+00 -3.261165082168750118e+00 4.256447126865730901e+00 2.233443503867584568e+01 4.000939837781513297e+00 -3.261165082168750118e+00 4.000939837781513297e+00 7.043271837980182681e+01
-1.970914219892909713e+01 -7.150910113445710259e+00 8.815389809191902515e-01 -7.150910113445710259e+00 -6.109301788930795141e+01 8.438931363387386142e+00 8.815389809191902515e-01 8.438931363387386142e+00 -3.052232287425358592e+01
3.675840613987103467e+01 7.857359478436500844e+00 -1.767222789629510871e+01 7.857359478436500844e+00 7.406473342009231686e+00 1.120451527007447901e+01 -1.767222789629510871e+01 1.120451527007447901e+01 5.048322889771252164e+01
-4.681223714933998359e+00 2.363670218538583612e+00 1.415683488741999874e+01 2.363670218538583612e+00 -2.190116453109565242e+01 -1.336251217658939261e+01 1.415683488741999874e+01 -1.336251217658939261e+01 -1.962614247425881686e+01
-2.869775256177807776e+01 1.992324595442586954e+01 -4.539983166556457839e+00 1.992324595442586954e+01 3.881229664980331062e+00 7.740760045374870391e-01 -4.539983166556457839e+00 7.740760045374870391e-01 -4.652292043451784309e+01
-1.016074285891481388e+01 1.554956229247227384e+01 -3.246319875468127947e+00 1.554956229247227384e+01 -2.000424797593298010e+01 1.821384241796943471e+01 -3.246319875468127947e+00 1.821384241796943471e+01 -5.573710500922088862e+00
5.379366134477363559e+00 2.962849766636332038e+00 1.362693803581879592e+01 2.962849766636332038e+00 -3.613387405325332224e+01 -9.630151420426130926e+00 1.362693803581879592e+01 -9.630151420426130926e+00 1.575100823339248279e+01
-2.152561559045063966e+00 -9.094301730689272389e+00 -2.232950131616680878e+01 -9.094301730689272389e+00 -3.405053580905835986e+01 -1.156607329932370654e+01 -2.232950131616680878e+01 -1.156607329932370654e+01 -7.970201079344786166e+00
-4.916663842112232885e+01 1.981673941994540300e+01 -1.364106903923243186e+00 1.981673941994540300e+01 -3.735298725974578105e+01 1.269567494299179877e+01 -1.364106903923243186e+00 1.269567494299179877e+01 -8.530662731901148987e+00
-5.600746569888254811e+01 1.070072080402017711e+01 -2.741678874770342667e+00 1.070072080402017711e+01 -1.914016183354534206e+01 6.725281207866801836e+00 -2.741678874770342667e+00 6.725281207866801836e+00 -6.471780802746854988e+01
-2.324144977964158798e+01 1.407034783976997261e+01 -4.802826329428999230e+00 1.407034783976997261e+01 -2.620282611469272993e+01 -1.133901594246336852e+00 -4.802826329428999230e+00 -1.133901594246336852e+00 2.937424075730685757e+00
-2.189557333507697123e+01 2.257149440784269245e+01 -7.566500398820213968e-01 2.257149440784269245e+01 -2.929946231188476702e+01 1.236023624829030254e+01 -7.566500398820213968e-01 1.236023624829030254e+01 1.267589728571929264e+01
-2.049121254163874539e+01 -1.119049781147522005e+01 4.856217804092364254e+00 -1.119049781147522005e+01 -9.380157887462329924e+00 7.542581360840561189e+00 4.856217804092364254e+00 7.542581360840561189e+00 -2.189064110567609234e+01
-1.898402211717762711e+01 -1.097242597051997492e+01 -6.257794185129811559e+00 -1.097242597051997492e+01 -3.249709812706667833e+01 -1.428947262461598866e+00 -6.257794185129811559e+00 -1.428947262461598866e+00 -2.101735813697825606e+01
-6.498161080492025121e+01 3.957854855142089345e+00 1.274871346486331802e+01 3.957854855142089345e+00 -7.403445321077101937e+01 -6.327492016165597866e-01 1.274871346486331802e+01 -6.327492016165597866e-01 -6.595589645517254951e+01
3.307247664114831842e+00 -4.339270208471469603e-01 2.547174284189543059e+01 -4.339270208471469603e-01 1.853720666040859300e+01 1.503436042404927342e+01 2.547174284189543059e+01 1.503436042404927342e+01 -3.002824371277176496e+00
-5.854607563271917670e+00 4.454603783777237425e+00 7.787596266735357098e+00 4.454603783777237425e+00 -6.070663093293331514e+01 -1.894804467026149197e+01 7.787596266735357098e+00 -1.894804467026149197e+01 -5.216305176407848521e+00
-1.764177323909318318e+01 5.501613078327757478e+00 3.307369559835841244e+00 5.501613078327757478e+00 -1.605285208991754686e+01 -5.242048748875405284e-01 3.307369559835841244e+00 -5.242048748875405284e-01 -6.623442244635082687e+00
1.495404376363923049e+01 5.631942546640202885e+00 -3.659001800678506111e+00 5.631942546640202885e+00 -3.828028174854151189e+01 -1.267738408548059503e+01 -3.659001800678506111e+00 -1.267738408548059503e+01 3.863043681092729287e+01
2.201004185808076130e+01 -9.750937158157208628e+00 -2.646046185786792293e+00 -9.750937158157208628e+00 4.552436783016591271e+00 -1.433937144253936324e+01 -2.646046185786792293e+00 -1.433937144253936324e+01 8.757972796645772107e+00
-5.228324006816454528e+01 1.502758045355536254e+01 2.044208149558800258e+00 1.502758045355536254e+01 -1.044815494924661294e+02 6.751539266250911275e+00 2.044208149558800258e+00 6.751539266250911275e+00 -5.141858934685026838e+01
-1.028533602634752242e+00 4.886818683707347510e+00 -2.480083305790242942e+00 4.886818683707347510e+00 -1.253449434407977314e+01 -2.861281735228482059e+00 -2.480083305790242942e+00 -2.861281735228482059e+00 -2.650556745724094654e+01
3.523977658480954034e+01 -1.127323830742218469e+01 -1.838262275550139435e+01 -1.127323830742218469e+01 -1.617160259047781423e+01 2.800984114642696809e+01 -1.838262275550139435e+01 2.800984114642696809e+01 3.275774936677468929e+01
-1.915040136116539315e+01 1.380336035967690123e+01 -2.041185527507992603e+01 1.380336035967690123e+01 -5.924524923005244403e+01 -1.963506620104224965e+01 -2.041185527507992603e+01 -1.963506620104224965e+01 -2.047949308226040266e+00
-3.306864266199867952e+00 -1.884687582501056946e+00 1.383062742832052106e+00 -1.884687582501056946e+00 -2.948274985579616114e+01 1.470332490986563023e+01 1.383062742832052106e+00 1.470332490986563023e+01 1.573677817633308962e+01
-6.393603958504717077e+00 -6.484082984480541434e+00 1.818213108552198642e+00 -6.484082984480541434e+00 -4.290578450439195279e+01 8.736788241870412364e-01 1.818213108552198642e+00 8.736788241870412364e-01 1.066381350362894587e+01
5.793574202775783277e+00 1.363463167765014195e+00 7.748374300533872550e+00 1.363463167765014195e+00 -9.831483857724048647e+00 -1.546910357864736962e+00 7.748374300533872550e+00 -1.546910357864736962e+00 -8.229108293719479050e+00
-1.059159112617891552e+01 1.554371640085792805e+01 5.142441817965131001e+00 1.554371640085792805e+01 -3.942021118343237163e+01 5.525317792775339854e+00 5.142441817965131001e+00 5.525317792775339854e+00 -3.783453405695036409e-01
-2.034140744589171135e+01 5.686384754063878333e+00 -3.312031625007053615e-01 5.686384754063878333e+00 -9.828680555506448258e+00 7.304440442645220521e+00 -3.312031625007053615e-01 7.304440442645220521e+00 -4.165272272955971999e+01
1.282126330257882785e+01 7.993469455715962013e+00 1.366179381606057319e+01 7.993469455715962013e+00 -1.620177982080822332e+01 4.341693076988746292e+00 1.366179381606057319e+01 4.341693076988746292e+00 3.108204605500608864e+01
-2.749140397983025252e+01 -1.207439623477383606e+01 -3.724928915649118011e+01 -1.207439623477383606e+01 -6.331863324522861269e+00 4.136077959862106468e+00 -3.724928915649118011e+01 4.136077959862106468e+00 -4.354855533592109396e+01
-2.990001757028856133e+01 6.529209537144848419e+00 2.919592129205462960e+00 6.529209537144848419e+00 -2.120365263585846805e+01 6.885022739087103716e+00 2.919592129205462960e+00 6.885022739087103716e+00 -3.317305312659918570e+01
3.721768237170306293e+01 -9.287744314087346353e+00 -3.380000816638881300e+00 -9.287744314087346353e+00 3.104523392362898448e+01 -4.267211448336162838e-01 -3.380000816638881300e+00 -4.267211448336162838e-01 4.340048883958422721e+01
3.185043470814000965e+00 6.479323584636122568e+00 -1.366853155628660055e+01 6.479323584636122568e+00 -3.250805160245197101e+01 7.403279861686035801e+00 -1.366853155628660055e+01 7.403279861686035801e+00 4.124759821325530318e+00
3.535932483191574960e+01 1.112671213887282740e+01 1.251368337481097903e+01 1.112671213887282740e+01 2.714103603605032333e+01 1.635296572535839843e+01 1.251368337481097903e+01 1.635296572535839843e+01 3.951278895616268017e+01
-1.619723563823073675e+01 3.711418330486795814e+00 -1.584373735817805517e+01 3.711418330486795814e+00 -5.958167887490216685e+01 1.388263654336759956e+01 -1.584373735817805517e+01 1.388263654336759956e+01 6.252145217017277545e+00
2.350779655918317346e+01 1.357244738073034362e+01 -3.452035801482542077e+00 1.357244738073034362e+01 -1.478329310691763432e+01 -1.376645757057546682e+01 -3.452035801482542077e+00 -1.376645757057546682e+01 3.499032529237034783e+00
-1.025656965733252157e+01 1.390684153877223217e+01 1.422860677407566676e+01 1.390684153877223217e+01 -1.109783672953317435e+01 1.498290041842580500e+01 1.422860677407566676e+01 1.498290041842580500e+01 -4.528654905738610736e+00
2.546367842934665404e+01 -1.590626474804350821e+00 1.961927798563187508e+01 -1.590626474804350821e+00 -1.726533169274521740e+01 -1.292643526008676780e+01 1.961927798563187508e+01 -1.292643526008676780e+01 2.140623305448653824e+01
-1.071771097006740092e+01 5.915988964307246967e+00 2.298806679971892031e+00 5.915988964307246967e+00 -4.177843972095494252e+01 9.620068772549431602e-01 2.298806679971892031e+00 9.620068772549431602e-01 -7.923090098105983081e+00
4.581913256963574099e+01 3.060506448412408709e+00 -2.635819602265355854e+01 3.060506448412408709e+00 1.814364154911334381e+01 4.584845064116604085e+00 -2.635819602265355854e+01 4.584845064116604085e+00 3.307645150598057882e+01
-1.795863499145333719e+01 -1.129303780620904618e+01 -6.799253334357681311e+00 -1.129303780620904618e+01 -4.032847224765425409e+01 4.681577343937657787e+00 -6.799253334357681311e+00 4.681577343937657787e+00 6.420627385002852794e-01
-4.905757305537088442e+00 -1.193396799545531239e+00 -1.279343957997551762e+01 -1.193396799545531239e+00 -4.848330831567430721e+01 -1.711423642715696758e+01 -1.279343957997551762e+01 -1.711423642715696758e+01 -2.612484350273355460e+01
-2.528083326926161334e+01 2.665593997259266157e+00 -1.550546348563783816e+01 2.665593997259266157e+00 -3.174653618904845587e+01 1.901440722702948394e+00 -1.550546348563783816e+01 1.901440722702948394e+00 -8.874960656731355257e+00
1.998615083239682733e+01 -1.440438662585783014e+01 3.859795568227020190e+00 -1.440438662585783014e+01 -4.582386422352877275e+01 6.781120718654403134e+00 3.859795568227020190e+00 6.781120718654403134e+00 4.823278286082858024e+00
-2.289958785744489589e+01 8.571016811972246074e+00 -9.691462916930328575e+00 8.571016811972246074e+00 -4.484548186891226607e+01 3.917804138081329768e+00 -9.691462916930328575e+00 3.917804138081329768e+00 -1.775174304605918252e+01
-9.187676664164376561e+00 -7.995136769198600390e+00 -6.936584158742269857e+00 -7.995136769198600390e+00 -1.537014348884724768e+01 1.916669460227709720e+01 -6.936584158742269857e+00 1.916669460227709720e+01 5.554566341283805997e+00
5.199101661810853159e+01 2.199337415915710373e-02 -6.534467731028664517e+00 2.199337415915710373e-02 -3.614441863256245568e+01 1.256639123786027490e+01 -6.534467731028664517e+00 1.256639123786027490e+01 2.563984788426066785e+01
-1.293968012589574990e+01 2.695829534529782734e+01 1.665222261119004443e+01 2.695829534529782734e+01 -2.514220928298526658e+01 6.874212968566971504e+00 1.665222261119004443e+01 6.874212968566971504e+00 2.048029702514127948e+01
-5.424708889725570060e+01 -5.953647643937348022e+00 -3.473483412334168907e+00 -5.953647643937348022e+00 -7.008107957798299026e+01 1.241159170644285759e+01 -3.473483412334168907e+00 1.241159170644285759e+01 -5.830899564376711197e+01
1.049591078628852792e+01 2.809106471598506349e+00 -6.267346175325745783e+00 2.809106471598506349e+00 -4.038631343788731698e+01 -2.915739526119806690e+00 -6.267346175325745783e+00 -2.915739526119806690e+00 3.027026771240229408e+01
-2.149664963533026096e+01 -2.377271268743167687e-01 -1.416661669027909731e+01 -2.377271268743167687e-01 -5.190316332537152277e+01 -9.269068514755529620e+00 -1.416661669027909731e+01 -9.269068514755529620e+00 -2.391762618658793116e+01
3.130722255917120123e+01 4.359961738432879486e+00 9.760567250379288851e+00 4.359961738432879486e+00 8.310066585014592278e+00 5.245767259157011253e+00 9.760567250379288851e+00 5.245767259157011253e+00 1.848857594974071317e+00
-5.906900606488044048e+01 8.835812104733227201e+00 1.445572121327094983e+01 8.835812104733227201e+00 -5.363121309588904495e+01 -7.377740292762863916e+00 1.445572121327094983e+01 -7.377740292762863916e+00 -2.688459582310558815e+01
-7.573132890443244669e+00 -1.315113857196305958e+01 -5.649732156621795731e+00 -1.315113857196305958e+01 -1.050563533627433621e+01 5.260056350228667021e+00 -5.649732156621795731e+00 5.260056350228667021e+00 -3.444902086037255895e+00
-4.020444958456801743e+01 7.201809305361977387e+00 -6.615526577285552712e+00 7.201809305361977387e+00 -8.521528976147907031e+01 -6.514088194964474887e+00 -6.615526577285552712e+00 -6.514088194964474887e+00 -5.341841659606591008e+01
-6.656319497842662081e-01 -9.243943278060120505e+00 -1.003010108377438314e+01 -9.243943278060120505e+00 -3.400282986537905572e+01 -1.926575293685060686e+01 -1.003010108377438314e+01 -1.926575293685060686e+01 -1.751919580332693016e+01
-2.450534193211286293e+01 1.761198700404468553e+01 -1.375866101566298738e+01 1.761198700404468553e+01 -5.139113622845208340e+01 1.062133742752778964e+01 -1.375866101566298738e+01 1.062133742752778964e+01 -1.294365612743881933e+01
5.356659348641821694e+00 -1.455886289335129202e+00 -1.312689231565279790e+01 -1.455886289335129202e+00 -1.833795427235226327e+01 2.446175662522362160e+01 -1.312689231565279790e+01 2.446175662522362160e+01 -1.766820480891594869e+01
-3.071563054403069160e+01 6.603568114436778047e-02 7.856883305152303265e+00 6.603568114436778047e-02 -5.665804468414987127e+01 1.189505336249346890e+01 7.856883305152303265e+00 1.189505336249346890e+01 -3.708583716896230698e+01
3.972121055027935199e+01 1.232131363077170416e+00 -1.821586743677438847e+01 1.232131363077170416e+00 1.190210408619763705e+01 -8.838320907956479289e+00 -1.821586743677438847e+01 -8.838320907956479289e+00 3.786809705283434369e+01
-6.883382701063363029e+00 -3.599707505680639574e+00 -2.756643618085831360e+00 -3.599707505680639574e+00 -3.162628058569869083e+01 8.123299500001929019e+00 -2.756643618085831360e+00 8.123299500001929019e+00 -7.937259219576928260e+00
-1.766703856809159490e+01 -1.411850605781226120e+00 5.370797725273004808e+00 -1.411850605781226120e+00 -7.335107189161340102e+01 -6.047591535511815941e+00 5.370797725273004808e+00 -6.047591535511815941e+00 -1.899170660334974059e+01
-1.989573597237641778e+01 -1.340191623434572543e+00 2.046300012073928976e+00 -1.340191623434572543e+00 -1.874283656807176257e+01 1.603582349759317793e+01 2.046300012073928976e+00 1.603582349759317793e+01 -4.583074678186702045e+01
-3.295419849843052873e+01 2.657603193697284993e+01 -5.898458957443196482e+00 2.657603193697284993e+01 -2.224779828780187785e+01 -1.474965526326781795e+00 -5.898458957443196482e+00 -1.474965526326781795e+00 -2.227412751264127966e+00
3.079844691639233645e+01 1.239193171005415728e+01 4.807628872858608737e+00 1.239193171005415728e+01 -1.279118492309492616e+01 -9.686573519377144059e-01 4.807628872858608737e+00 -9.686573519377144059e-01 9.113978094327453761e+00
1.545423463896877969e+01 7.967045609316024013e+00 5.119996209079515914e+00 7.967045609316024013e+00 -2.731429350742051909e+01 6.382247046861706075e+00 5.119996209079515914e+00 6.382247046861706075e+00 1.804631919361453996e+01
-1.325534976358273553e+00 9.227542644124344662e+00 -1.614704575902845463e+01 9.227542644124344662e+00 -5.385777728499255090e+01 -1.958051792110528488e+00 -1.614704575902845463e+01 -1.958051792110528488e+00 -2.374403812866292895e+01
-1.347728958131019716e+01 5.027474471643376575e+00 4.091814726986438444e+00 5.027474471643376575e+00 1.521664854872551054e+01 3.952743035246264025e+00 4.091814726986438444e+00 3.952743035246264025e+00 -3.155702059950135308e+01
