-6.918669749604984709e+00 -9.021779191416002819e-01 6.351756764109919295e+00 -9.021779191416002819e-01 -9.214529180282028165e+00 -2.238947217270203183e+00 6.351756764109919295e+00 -2.238947217270203183e+00 -8.221832996606808663e+00
-3.481594778442752158e+01 -5.327901855341879767e+00 9.638038371937032167e+00 -5.327901855341879767e+00 -3.346599539872843110e+01 6.946906005736701584e-01 9.638038371937032167e+00 6.946906005736701584e-01 -1.173369582339173611e+01
-2.531087303266468069e+01 1.479558663772033533e+01 -1.100619575404288319e+01 1.479558663772033533e+01 -6.079940371672908128e+01 1.242782775338024059e+01 -1.100619575404288319e+01 1.242782775338024059e+01 -5.892923545887523318e+01
-1.748064030622808218e+01 1.120521534816673359e+01 1.171562669268756807e+01 1.120521534816673359e+01 -4.826721069164931066e+01 1.468081741335805468e+01 1.171562669268756807e+01 1.468081741335805468e+01 -4.593628877242689867e+00
-7.028144900526449579e-01 1.395401425889029667e+01 -3.347829133155730830e-01 1.395401425889029667e+01 -3.404528273525403392e+01 1.295983475496045578e+01 -3.347829133155730830e-01 1.295983475496045578e+01 2.244555231600788403e+01
-1.193143032164103090e+01 1.036488212884467508e+01 1.032253137754925554e+01 1.036488212884467508e+01 -3.089443653576016047e+01 -2.615893378689436499e+00 1.032253137754925554e+01 -2.615893378689436499e+00 -1.829697274467097401e+01
-3.527136432110976472e+01 1.218666400704820596e+01 1.423361800623087170e+01 1.218666400704820596e+01 -5.619372737670046547e+01 -7.403764037784870133e+00 1.423361800623087170e+01 -7.403764037784870133e+00 -4.089486859974336852e+01
-1.522156205635699777e+01 -8.990938698151735409e+00 -1.687277326110318043e+01 -8.990938698151735409e+00 -3.223647418247755070e+01 -1.183057705240252844e+01 -1.687277326110318043e+01 -1.183057705240252844e+01 -1.662577882494255421e+00
-5.796704662779734285e+00 -1.024636075491919662e+01 -5.464328759170116179e+00 -1.024636075491919662e+01 3.046881905053794082e+00 -3.161154508679256292e+00 -5.464328759170116179e+00 -3.161154508679256292e+00 -5.145563488250379791e+00
-1.688276170486427930e+01 7.334567421903287254e+00 8.731100992606446454e-01 7.334567421903287254e+00 -5.143824187106675083e+01 4.172191312566963184e+00 8.731100992606446454e-01 4.172191312566963184e+00 -1.045143118706149643e+01
5.368315465433897593e+00 -1.022457947222644847e+01 1.663952648681763957e+00 -1.022457947222644847e+01 4.456201378116223744e+00 -5.867294407515905030e-01 1.663952648681763957e+00 -5.867294407515905030e-01 2.299692769250740909e+01
1.096524757601761202e+01 6.132915204539319376e+00 -8.476478570642353105e+00 6.132915204539319376e+00 -4.367778672839695986e+01 -2.861820294303325074e+00 -8.476478570642353105e+00 -2.861820294303325074e+00 1.430890981370178494e+01
-2.134144904695739342e+01 6.680649234199819153e-01 1.038497640940452094e+01 6.680649234199819153e-01 -2.567025620791939744e+01 1.270765524550046344e+01 1.038497640940452094e+01 1.270765524550046344e+01 -1.029379404482135740e+01
-2.178540406585749087e-02 -1.163906347311933231e+01 3.394397174996287792e+00 -1.163906347311933231e+01 -6.606646694983035673e+01 -2.539354387358085496e+00 3.394397174996287792e+00 -2.539354387358085496e+00 -2.552557859613323288e+01
-3.165006966587158033e+01 -2.718489986859521323e+01 2.157538438440476014e+01 -2.718489986859521323e+01 -5.610827006096734237e+01 1.088248148841006113e+01 2.157538438440476014e+01 1.088248148841006113e+01 -1.373885852824761322e+01
1.232310652988035571e+01 6.902622900663645034e+00 -6.814802376826270880e+00 6.902622900663645034e+00 -9.400688621083595820e+00 9.721091953756449966e-02 -6.814802376826270880e+00 9.721091953756449966e-02 1.408726081056546597e+01
-2.228463532567988281e+01 -1.318254759761023021e+00 -4.807693471724904022e+00 -1.318254759761023021e+00 -4.410538545156684620e+01 -5.535976587935910409e+00 -4.807693471724904022e+00 -5.535976587935910409e+00 -1.769529867572674675e+01
1.463768120853399779e+01 -7.352313725847801074e+00 9.307360070006879482e+00 -7.352313725847801074e+00 2.307884905250336871e+01 3.395846817006240137e+00 9.307360070006879482e+00 3.395846817006240137e+00 2.025807538677317776e+00
3.838485113848675923e+01 -5.543504788643719650e+00 1.633087472451284938e+01 -5.543504788643719650e+00 2.159755585771572228e+01 5.482659918554715794e+00 1.633087472451284938e+01 5.482659918554715794e+00 3.671566748550925041e+01
-1.764731376478120239e+01 1.137061188978244530e+01 -5.281328089169511131e+00 1.137061188978244530e+01 -1.822206396337601575e+01 3.585360506220840904e+00 -5.281328089169511131e+00 3.585360506220840904e+00 -2.510746858667716097e+01
2.068759188269559957e+01 8.517615325789400060e+00 -7.291193952910601794e+00 8.517615325789400060e+00 -3.174467865324774252e+01 -1.062751631527511798e+01 -7.291193952910601794e+00 -1.062751631527511798e+01 1.818768309569930253e+01
-8.343307620426873683e+00 8.730783071840079401e+00 -1.547578887532680580e+00 8.730783071840079401e+00 -2.251218322233332625e+00 1.061674546644156969e+01 -1.547578887532680580e+00 1.061674546644156969e+01 -1.755905809931188344e+01
3.399310209459771670e+01 -6.848013400553334407e-01 -1.215920709095263597e+01 -6.848013400553334407e-01 -5.299874153092293261e-01 -2.622711578929354026e+00 -1.215920709095263597e+01 -2.622711578929354026e+00 2.307375575043197102e+01
2.127408872737104328e+00 5.394203239465392485e+00 1.335989318350465282e+01 5.394203239465392485e+00 -1.732472353187350578e+01 -1.429807738932379335e+00 1.335989318350465282e+01 -1.429807738932379335e+00 -8.428550396914289422e+00
1.021305165690298189e+01 4.011012908832108259e+00 1.456460248273543279e+01 4.011012908832108259e+00 -2.243429235643464992e+01 -2.498748513763523249e+00 1.456460248273543279e+01 -2.498748513763523249e+00 3.131188497471477206e+01
2.262027570648787567e+00 -1.323353937710525230e+01 9.036187075758815856e-01 -1.323353937710525230e+01 2.638647508694265120e+00 1.888287331096530242e+00 9.036187075758815856e-01 1.888287331096530242e+00 -1.401932054343314915e+00
-2.887498381467157316e+00 -4.575533461048572725e+00 -5.945535176403173416e+00 -4.575533461048572725e+00 -3.001434803090176828e+01 -9.994902576632696878e+00 -5.945535176403173416e+00 -9.994902576632696878e+00 1.721977666428199827e+00
-2.001605089516499447e+01 3.591578900331607205e+00 1.978500533313158671e+00 3.591578900331607205e+00 -4.849062470352182430e+01 5.797305580686203941e-01 1.978500533313158671e+00 5.797305580686203941e-01 -1.215128726582978658e+01
2.947953429400063552e+00 -5.012166338767229945e+00 8.998399712929051830e+00 -5.012166338767229945e+00 -2.860950542035189770e+01 -1.859751250251755295e+01 8.998399712929051830e+00 -1.859751250251755295e+01 9.248371907673393011e+00
7.455291042911500909e+00 1.422824184087696686e+01 8.567756012856870385e+00 1.422824184087696686e+01 -3.579335615822430583e+01 4.049138573865993962e+00 8.567756012856870385e+00 4.049138573865993962e+00 1.948560593850694689e+00
2.660927618310476195e+00 4.401972317488963782e+00 6.459303938643528031e-01 4.401972317488963782e+00 -3.318536466439226396e-01 -3.990559201168835557e+00 6.459303938643528031e-01 -3.990559201168835557e+00 -8.684786200929744737e+00
2.230715657610207359e+01 3.344674308640851024e+00 -1.126199909554718026e+01 3.344674308640851024e+00 2.241173394194748703e+00 2.063123725165637357e+00 -1.126199909554718026e+01 2.063123725165637357e+00 2.420008252913508073e+01
1.238067866629044822e+01 -5.934693659409075117e+00 -6.700777572607570676e+00 -5.934693659409075117e+00 -7.605437377453469594e+01 2.730448292983671976e+00 -6.700777572607570676e+00 2.730448292983671976e+00 -1.566985960778093379e+00
5.930621347255137721e+01 -2.530111098434059613e+01 1.608958625102905415e+01 -2.530111098434059613e+01 1.015762969325511689e+00 -5.875636723371140846e+00 1.608958625102905415e+01 -5.875636723371140846e+00 5.954350065019599469e+01
-6.254490531059566649e+01 -6.294502461537246241e+00 7.829847797842166557e+00 -6.294502461537246241e+00 -5.696756248848853943e+01 5.704017170247411173e+00 7.829847797842166557e+00 5.704017170247411173e+00 -4.490340353026842024e+01
-1.801637807902957178e+01 1.279780552258443560e+00 2.672945925822068691e+00 1.279780552258443560e+00 -5.954562976687845577e+01 -5.372762897305493474e-02 2.672945925822068691e+00 -5.372762897305493474e-02 -2.317034731956013616e+00
-1.275354735562275899e+01 5.396671208358481131e+00 -8.101219182349774783e-01 5.396671208358481131e+00 -2.708404699854845532e+01 3.048272616743504138e+00 -8.101219182349774783e-01 3.048272616743504138e+00 2.519231537760597384e+00
-2.745474112875798056e+01 6.805085146113693639e+00 2.843780262829451289e+00 6.805085146113693639e+00 -4.961838256767246236e+01 1.169400869627407413e+00 2.843780262829451289e+00 1.169400869627407413e+00 -2.317250220015563045e+01
1.392656257490613747e+01 1.296926980434651888e+01 -1.088432005809790049e+00 1.296926980434651888e+01 -4.910882390340968584e+01 7.942003044571651849e+00 -1.088432005809790049e+00 7.942003044571651849e+00 1.267974739239919657e+01
-2.431708868013529212e+01 3.832406529351793267e+00 8.311613101084004640e+00 3.832406529351793267e+00 -7.619684646709767151e+01 -3.343378673290090308e+00 8.311613101084004640e+00 -3.343378673290090308e+00 -2.913093489329476782e+01
-1.479150846333997826e+01 4.137534445943863659e+00 2.573924806271344679e+00 4.137534445943863659e+00 -4.566190834639757412e+01 6.483395057587600263e+00 2.573924806271344679e+00 6.483395057587600263e+00 -1.133812271746238487e+01
-1.434646011229951945e+01 1.960006866659629310e+00 -3.098542219701650335e+00 1.960006866659629310e+00 -4.807062965428278289e+01 -7.565945457484112069e+00 -3.098542219701650335e+00 -7.565945457484112069e+00 -9.694095591863810313e+00
9.508850090602555483e+00 -1.145725607921537836e+01 1.270560762450189607e+01 -1.145725607921537836e+01 -1.288225582186728957e+01 -9.615953419689937220e+00 1.270560762450189607e+01 -9.615953419689937220e+00 2.089816238522137226e+01
1.009439281847193559e+00 6.778748752854192539e+00 2.758320419016417890e+00 6.778748752854192539e+00 -2.274271805349074072e+01 -6.438292663507818148e+00 2.758320419016417890e+00 -6.438292663507818148e+00 -5.722821717717027745e+00
-2.652996280881159308e+01 -9.767790005453427682e+00 4.676257093020524280e+00 -9.767790005453427682e+00 -2.646942191721977267e+01 6.283810980394761714e+00 4.676257093020524280e+00 6.283810980394761714e+00 -2.444025592968728944e+01
-1.768745351539381971e+01 -6.885703941211390955e+00 -1.607243521509834849e+00 -6.885703941211390955e+00 -5.942517221557463358e+01 1.108945295923588148e+01 -1.607243521509834849e+00 1.108945295923588148e+01 -1.511653238030170421e+01
2.857227187298871840e+01 1.203333704112359959e+00 -2.002800057017794444e+01 1.203333704112359959e+00 2.866685656983423058e+01 -8.230437862198257681e-01 -2.002800057017794444e+01 -8.230437862198257681e-01 7.041463367678947982e+00
-1.155638520342571951e+01 -1.182836282604521472e+01 1.075177872079629182e+01 -1.182836282604521472e+01 -2.859958471016208037e+01 1.251596608892156581e+01 1.075177872079629182e+01 1.251596608892156581e+01 -7.614456638620499263e+00
-2.132050547649761540e+01 4.382141712042899151e+00 -2.569677110498497452e+00 4.382141712042899151e+00 -5.476177401630776265e-01 1.931460714285369251e+00 -2.569677110498497452e+00 1.931460714285369251e+00 -3.876604825111142105e+01
5.419763478087848085e+00 -3.354059949766907689e+00 5.703576799822491772e+00 -3.354059949766907689e+00 -5.611081369443903100e+01 1.064259036815489523e+01 5.703576799822491772e+00 1.064259036815489523e+01 -8.527366960514687122e+00
-2.230685353370240165e+01 -2.418278317468992356e+01 1.664721555453967383e+01 -2.418278317468992356e+01 -3.517004283752766725e+01 -1.006153447510329713e+01 1.664721555453967383e+01 -1.006153447510329713e+01 -2.225993975831500293e+01
2.941845453885235173e+01 1.989502585880878360e+00 1.739178454559057840e+01 1.989502585880878360e+00 -2.935090712441753524e+01 -1.034029694014692780e+01 1.739178454559057840e+01 -1.034029694014692780e+01 2.590104905803690016e+01
-1.036717903672982111e+01 7.492413660940447251e+00 -5.484775140127974069e+00 7.492413660940447251e+00 -6.466034284777708585e+00 5.215460841801980330e+00 -5.484775140127974069e+00 5.215460841801980330e+00 -4.125909552003810177e+01
1.263851657303260900e+01 1.694667971375672266e+01 7.667175475653425387e+00 1.694667971375672266e+01 1.960606239309580090e+01 2.599707319554372287e+00 7.667175475653425387e+00 2.599707319554372287e+00 -2.322876877617855129e+01
1.319417587974080774e+01 -6.222444893352003348e+00 1.113048558651371422e+01 -6.222444893352003348e+00 -4.067901854812776108e+00 -1.453098106956674762e+01 1.113048558651371422e+01 -1.453098106956674762e+01 1.544965316127661303e+01
3.712368218399124231e+01 -2.488599638560800464e+00 -4.059254846613881140e-01 -2.488599638560800464e+00 -7.457912019438285967e+00 3.844810616559207195e-01 -4.059254846613881140e-01 3.844810616559207195e-01 4.641811237446617611e+01
-2.151759066639999318e+01 -6.118687817939890694e-01 -7.339697509092517613e+00 -6.118687817939890694e-01 -4.048836268716429743e+01 -8.718441177910799311e+00 -7.339697509092517613e+00 -8.718441177910799311e+00 -8.894367966356837130e+00
1.586842711987638666e+01 6.258229450407025496e+00 -6.697835312655108453e+00 6.258229450407025496e+00 -5.844857015380512166e+00 3.690446514354805974e+00 -6.697835312655108453e+00 3.690446514354805974e+00 2.363412180392517215e+01
5.634945424344757647e+00 -1.926717709955660851e+01 1.966042129243576575e+00 -1.926717709955660851e+01 -2.676564919049689095e+01 -1.515935511370398103e+01 1.966042129243576575e+00 -1.515935511370398103e+01 4.009647925359424647e+01
-7.982275560376445256e+00 -7.332068916939053160e+00 3.830578361299282752e-01 -7.332068916939053160e+00 -1.911221523716663029e+01 -3.769279155194645625e+00 3.830578361299282752e-01 -3.769279155194645625e+00 -2.076958283647701009e+01
-6.315383378671103110e+00 -7.008286478611482906e-01 5.451164873271331146e+00 -7.008286478611482906e-01 -4.422778159031758349e+01 -1.298680566366816258e+01 5.451164873271331146e+00 -1.298680566366816258e+01 -5.526351052336893943e+00
-8.581942702586341509e-01 7.612964370454305296e+00 5.850144482768015131e+00 7.612964370454305296e+00 7.943079924107222745e+00 7.308478071084773653e+00 5.850144482768015131e+00 7.308478071084773653e+00 1.001636697829076006e+01
-1.147728873799925431e+01 1.401825098657302071e+01 5.937091453040364897e+00 1.401825098657302071e+01 -2.477680692073345270e+01 6.354661349853424568e+00 5.937091453040364897e+00 6.354661349853424568e+00 -1.071255047777905745e+01
3.618896260304503620e+00 -5.412143802759663558e+00 1.246304868148330236e+01 -5.412143802759663558e+00 1.163061786806208175e+01 -1.011737036418160152e+01 1.246304868148330236e+01 -1.011737036418160152e+01 -6.108163244454249075e+00
-1.835520815732670030e+01 1.360431093208642306e+00 1.498513805893941253e+01 1.360431093208642306e+00 -5.614867099801901418e+01 2.144676098956218580e-01 1.498513805893941253e+01 2.144676098956218580e-01 -4.786756090383352813e+00
-2.024124639389310332e+01 -1.738207630314470231e+00 3.267004222178283790e+00 -1.738207630314470231e+00 -6.201235848777246673e+01 5.175123182756792950e+00 3.267004222178283790e+00 5.175123182756792950e+00 -6.414655887138740908e+00
2.089061111991490449e+01 -3.538274667441179577e+00 3.603376015902039153e+00 -3.538274667441179577e+00 -3.625630251744856025e+01 1.260365524343484900e+01 3.603376015902039153e+00 1.260365524343484900e+01 8.859665442069221797e+00
-2.537628334749472803e+00 1.440380320327832209e+01 -1.496271352906470398e+00 1.440380320327832209e+01 -5.810995407067159135e+01 1.021060302739360814e+01 -1.496271352906470398e+00 1.021060302739360814e+01 -9.606396058416748929e+00
-1.644179989794359997e+01 -2.053930215503091361e+01 4.242691309134654531e+00 -2.053930215503091361e+01 -4.182520282117088328e+01 5.120450802781997268e+00 4.242691309134654531e+00 5.120450802781997268e+00 -1.464882625853401876e+01
-8.974907703622816868e+00 4.809901977584671862e+00 -5.381219077356580449e+00 4.809901977584671862e+00 -7.767803947268879128e+00 7.913521630371331383e+00 -5.381219077356580449e+00 7.913521630371331383e+00 -4.425851918089639980e+01
3.361160367233157586e+01 -6.678848548120720707e+00 5.023073612724910042e+00 -6.678848548120720707e+00 3.687436749616164633e+01 -2.255900724079749509e+00 5.023073612724910042e+00 -2.255900724079749509e+00 3.216878370383140151e+01
-1.000807058682297068e+01 1.662835286750324215e+01 -3.157177224501131807e+00 1.662835286750324215e+01 -4.884151843828046680e+01 5.353236658341732346e-01 -3.157177224501131807e+00 5.353236658341732346e-01 -1.108846849243301413e+01
2.302393559406431223e+01 -1.213471961276243327e+01 8.152438245607896761e+00 -1.213471961276243327e+01 -3.147802602242138370e+00 1.530108187724963642e+01 8.152438245607896761e+00 1.530108187724963642e+01 1.294445216134807985e+01
1.580523199890463459e+01 -1.048405737919505754e+01 -1.916534675514362362e+01 -1.048405737919505754e+01 4.570649224895367624e+00 1.752098721217480204e+01 -1.916534675514362362e+01 1.752098721217480204e+01 -3.350888777000293306e+00
-3.189230797565508269e+01 1.855814210864520641e-01 -3.298475819967025213e+00 1.855814210864520641e-01 -2.234985647998009384e+01 1.375095873920852307e+00 -3.298475819967025213e+00 1.375095873920852307e+00 -2.369597493277119682e+01
1.477763225955076898e+01 4.617676123359124141e+00 -3.953829325967441299e+00 4.617676123359124141e+00 -1.933520678968940487e+01 -8.693919418072686423e-01 -3.953829325967441299e+00 -8.693919418072686423e-01 -5.185904785742218026e-01
1.596072348656846529e+01 -6.082013764115481447e-01 1.217506426765778826e+01 -6.082013764115481447e-01 -3.890726386456159958e+01 2.088895521510451658e+00 1.217506426765778826e+01 2.088895521510451658e+00 5.278988378813286308e-01
3.250155201027054375e+01 1.837044031152266044e+01 -4.974653538853647916e+00 1.837044031152266044e+01 -4.672381506646661364e+01 4.540925579287686809e+00 -4.974653538853647916e+00 4.540925579287686809e+00 1.967149827123097339e+01
3.391474064549778689e+01 -4.816463423866669480e+00 -1.991664442241117783e+01 -4.816463423866669480e+00 -2.233603778073002033e+01 1.570768129418337189e+01 -1.991664442241117783e+01 1.570768129418337189e+01 2.331780824448150824e+01
2.205698745100028901e+01 -1.496808961732873300e+01 8.732144562348810979e+00 -1.496808961732873300e+01 3.451264783116579338e+01 1.367790657667755649e+00 8.732144562348810979e+00 1.367790657667755649e+00 3.840038571240150844e+01
-3.004955863802269977e+00 3.765846911128753138e+00 4.908249471272963405e+00 3.765846911128753138e+00 -3.634176231045315575e+01 7.275788862488051123e+00 4.908249471272963405e+00 7.275788862488051123e+00 -1.901931093164079201e+01
-9.251661073674721791e+00 -3.913556957917725398e+00 -4.678093313845367085e+00 -3.913556957917725398e+00 -2.172008291911105715e+01 -1.884897791309500859e+00 -4.678093313845367085e+00 -1.884897791309500859e+00 1.321794567092094141e-01
-1.630307774810022181e+01 1.776517763512826065e+01 -5.038596781886362841e+00 1.776517763512826065e+01 -2.894115529264049869e+01 -6.256701596864298942e+00 -5.038596781886362841e+00 -6.256701596864298942e+00 -1.169449854054425231e+01
-3.193234580843508397e+01 5.755758462521280983e+00 5.034220517035258524e+00 5.755758462521280983e+00 -1.667929178732333995e+01 -1.364888673281352771e+00 5.034220517035258524e+00 -1.364888673281352771e+00 -9.092458726223972221e+00
2.222891723237753414e+00 -3.426675297970764422e+00 -1.047702961419501477e+01 -3.426675297970764422e+00 -4.877833598013249627e+01 7.378537345430288497e+00 -1.047702961419501477e+01 7.378537345430288497e+00 -4.683698891574821666e+00
6.903353235226313167e+00 -3.535306606208769686e+00 2.007302620028243112e+00 -3.535306606208769686e+00 -4.470312045428226355e+01 -9.206907124832421019e+00 2.007302620028243112e+00 -9.206907124832421019e+00 8.804401911820827209e+00
-1.522817888960212329e+01 1.835588890350153335e+01 1.515713227224854798e+01 1.835588890350153335e+01 -8.211704477903066390e+01 6.584425345644630667e+00 1.515713227224854798e+01 6.584425345644630667e+00 -2.681344770500883712e+01
-1.479803554007093958e+00 -2.706243903815786833e+00 5.699235440319400325e+00 -2.706243903815786833e+00 -2.679003661046859008e+01 4.495596640944686584e+00 5.699235440319400325e+00 4.495596640944686584e+00 -7.164018135151021482e+00
-1.358784970886533117e+01 -1.028924433135531658e+01 1.820620931723869518e+00 -1.028924433135531658e+01 -1.016395428874206175e+01 3.111507775598000514e+00 1.820620931723869518e+00 3.111507775598000514e+00 -2.234420930725193344e+01
-1.033811624342944846e+01 -2.207271500713987589e+00 2.318677184270914182e+00 -2.207271500713987589e+00 -4.416862049774185550e+01 -2.301381751683344135e+01 2.318677184270914182e+00 -2.301381751683344135e+01 -3.675859365388359778e-01
-1.137309035579391292e+01 -1.320063575505540931e-01 8.531359257651709438e-01 -1.320063575505540931e-01 -3.781536264006044945e+01 9.269020234279429005e+00 8.531359257651709438e-01 9.269020234279429005e+00 -1.144885390859958285e+01
6.764323502532053567e+01 -1.852066408687563115e+00 2.029854998525403786e+01 -1.852066408687563115e+00 7.810575704300632971e+00 1.490493248301915408e+01 2.029854998525403786e+01 1.490493248301915408e+01 6.300302372616392432e+01
5.709648387247503365e+01 -1.062878086367286734e+01 3.038566338620422691e+00 -1.062878086367286734e+01 1.404521845206024722e+01 -6.832435366739393778e+00 3.038566338620422691e+00 -6.832435366739393778e+00 5.403646157043715448e+01
3.459994669099438203e-01 -6.123799691522800792e+00 8.093728469984723617e+00 -6.123799691522800792e+00 5.972984440225657998e+00 -5.206089237624114574e+00 8.093728469984723617e+00 -5.206089237624114574e+00 -1.625777901650321766e+01
-1.455303899928789768e+01 -3.530406591257172710e+00 -3.427375329971529272e+00 -3.530406591257172710e+00 -4.216665148662875140e+01 -1.715039865554614806e+01 -3.427375329971529272e+00 -1.715039865554614806e+01 -1.099183505892699131e+01
3.487408233441796312e+01 -2.452856672795112214e+00 -5.446347622098197228e+00 -2.452856672795112214e+00 -3.168048336405805543e+01 -8.944431493208327311e+00 -5.446347622098197228e+00 -8.944431493208327311e+00 2.430474049496236688e+01
-3.048051858867559716e+01 5.194523777887706473e+00 3.696946500001080160e+00 5.194523777887706473e+00 -2.732599735818438091e+01 3.924514732148684626e+00 3.696946500001080160e+00 3.924514732148684626e+00 -1.772276440001158448e+01
-2.333012917654519214e+01 6.215075633224800278e+00 1.448027490079895729e+00 6.215075633224800278e+00 -6.964642164941085412e+01 2.761129017491236848e+00 1.448027490079895729e+00 2.761129017491236848e+00 -1.178867121011984764e+01
7.284757868137979209e+00 7.488894699169112990e+00 3.594287131246159284e+00 7.488894699169112990e+00 2.296763581238991492e+01 6.701350347248093975e+00 3.594287131246159284e+00 6.701350347248093975e+00 6.713968968062797416e+00
4.670778979964021005e+01 -8.775547792085250265e+00 -2.985358838831257966e+00 -8.775547792085250265e+00 4.773684975543417863e+00 1.229092254171764154e+00 -2.985358838831257966e+00 1.229092254171764154e+00 4.791069600747888302e+01
