3.785763775436545586e+01 -5.808277240787166562e+00 -7.608815236757691558e+00 -5.808277240787166562e+00 2.948621246565977927e+01 -1.629193190700402694e+00 -7.608815236757691558e+00 -1.629193190700402694e+00 3.766185629116399269e+01
-5.361872563918323209e+01 6.271503050751730868e+00 -1.233936564408758052e+01 6.271503050751730868e+00 -3.189328270857503966e+01 -7.822604722661860244e+00 -1.233936564408758052e+01 -7.822604722661860244e+00 2.299585565402529497e+01
2.893052449101640633e+01 8.104405131178713972e+00 -2.062584557109599537e+00 8.104405131178713972e+00 2.400387247688600922e+01 5.537159954057651490e+00 -2.062584557109599537e+00 5.537159954057651490e+00 -4.015406275355675803e+01
-4.283039554107345737e+01 4.763525638066740342e+00 7.175315867864704877e+00 4.763525638066740342e+00 -1.888533359239751164e+01 5.068638632257508547e+00 7.175315867864704877e+00 5.068638632257508547e+00 -4.833821063900016313e+00
3.637966017447494238e+01 -1.840216170999035450e+00 2.800270304872965355e+00 -1.840216170999035450e+00 3.880632421256500209e+01 -4.566200842052918318e+00 2.800270304872965355e+00 -4.566200842052918318e+00 3.615927090634944818e+01
-8.036532465189797847e+01 -9.852453251122566869e+00 -6.699185982212905621e+00 -9.852453251122566869e+00 -5.869343011215615036e+01 -3.308250000111028211e+00 -6.699185982212905621e+00 -3.308250000111028211e+00 -1.672240849382660244e+01
1.478473317951613630e+01 3.436646092231824046e+00 -1.376441376115505477e+01 3.436646092231824046e+00 1.651629506170001704e+01 7.826898252443010406e+00 -1.376441376115505477e+01 7.826898252443010406e+00 -2.731988890519201796e+00
1.382613505338388649e+01 3.163330945045932374e+00 -7.535990068999031344e+00 3.163330945045932374e+00 1.660432479930286309e+00 2.751989806513392534e+00 -7.535990068999031344e+00 2.751989806513392534e+00 5.402816220299350825e+00
4.597740180573221203e+00 -4.186130502811280074e+00 -1.971124904803898570e+00 -4.186130502811280074e+00 -1.699905761945129212e+00 -6.512895847988801279e+00 -1.971124904803898570e+00 -6.512895847988801279e+00 -6.241223011975079338e+00
-1.956197768005541704e+01 -4.656740176718009994e-01 -6.822345530749564624e+00 -4.656740176718009994e-01 -2.244529680783672276e+01 -1.279897130122254145e+00 -6.822345530749564624e+00 -1.279897130122254145e+00 -3.663837572354871952e+01
7.333627723260467235e+01 3.110527367781465102e+00 -6.236181558562283594e-02 3.110527367781465102e+00 5.644401697591702316e+01 1.922338256733912773e-02 -6.236181558562283594e-02 1.922338256733912773e-02 1.363812494851022272e+01
3.535445638318055472e+01 -9.407632497054654763e+00 -6.074484751797565529e+00 -9.407632497054654763e+00 4.030839493167035670e+01 5.599740928279887342e+00 -6.074484751797565529e+00 5.599740928279887342e+00 -1.632664004406836256e+01
-1.309630166297985454e+01 -6.077133965419248440e+00 -4.533154971902145114e+00 -6.077133965419248440e+00 -9.900739486356528118e+00 7.504804773652339556e+00 -4.533154971902145114e+00 7.504804773652339556e+00 -7.476996480697405190e+00
-1.275649712783521394e+01 -4.896287786032990086e-01 -3.630714676261103779e+00 -4.896287786032990086e-01 -1.536066429475883410e+01 4.322505773766676995e+00 -3.630714676261103779e+00 4.322505773766676995e+00 -1.732683157149713793e+01
-6.621141532259612994e+00 -5.565258044483097910e-01 -1.793106206458535112e+01 -5.565258044483097910e-01 -2.533718696802511872e+01 -8.805358021951887437e+00 -1.793106206458535112e+01 -8.805358021951887437e+00 -5.306205824598524856e+01
1.209924681420783443e+01 -1.960976086506945437e+00 -3.281838439153575426e-01 -1.960976086506945437e+00 4.719917593355003937e+00 -1.105705584115698886e-01 -3.281838439153575426e-01 -1.105705584115698886e-01 4.189221219660667295e+00
2.307400711795891013e+01 6.887946990577462070e-02 -8.576974142746319529e+00 6.887946990577462070e-02 2.674538883235193865e+01 -8.879483203231750110e+00 -8.576974142746319529e+00 -8.879483203231750110e+00 2.977972261768392315e+01
5.042899023568724992e+00 -1.582072847838204677e+00 5.485396822718726639e+00 -1.582072847838204677e+00 9.124718800837559485e+00 -3.287171377239893610e-01 5.485396822718726639e+00 -3.287171377239893610e-01 9.380820880096255365e+00
-3.304839693926417965e+01 1.368649703113185012e+00 -3.821669436168124268e+00 1.368649703113185012e+00 -1.507031068156229558e+01 8.812226478041907285e+00 -3.821669436168124268e+00 8.812226478041907285e+00 -1.216498853159684224e+01
-3.240367436316645211e+01 -8.439226120598097847e-01 3.842702245626581803e+00 -8.439226120598097847e-01 3.664448252394925110e+00 -3.989185393791546019e+00 3.842702245626581803e+00 -3.989185393791546019e+00 2.891048775603837839e+01
1.949457944026726608e+01 -5.101496833603447634e+00 -5.311963038931841297e+00 -5.101496833603447634e+00 5.812708626395275857e+00 -1.078428297064085051e+01 -5.311963038931841297e+00 -1.078428297064085051e+01 -2.571241813501725915e+01
-6.220435841804561505e+01 2.431156853945875440e+00 -1.410712255940052895e+00 2.431156853945875440e+00 -3.571163180906150103e+01 -6.770784760014338932e-01 -1.410712255940052895e+00 -6.770784760014338932e-01 3.015912252093421486e+01
4.041744019994621517e+00 9.975373098245173153e+00 1.611925508915332816e+00 9.975373098245173153e+00 6.473774583785988135e+00 2.121918308122435093e+00 1.611925508915332816e+00 2.121918308122435093e+00 1.911914925801255105e+00
1.046793001463253248e+01 -7.661223688588747471e+00 -2.976493697860755905e+00 -7.661223688588747471e+00 -7.871422132506955549e+00 -2.955315742551272162e+00 -2.976493697860755905e+00 -2.955315742551272162e+00 -5.134150995374811544e+01
-6.219249592976306218e+01 -1.380662947492335668e+01 -4.378914145757244469e+00 -1.380662947492335668e+01 -2.738374779080649901e+01 -3.857695066318486132e-01 -4.378914145757244469e+00 -3.857695066318486132e-01 2.640244744140325395e+01
-1.620700164775298546e+01 -6.855572251754901814e+00 5.359131614498917173e+00 -6.855572251754901814e+00 -1.724266779808355565e+01 1.514460610364203541e+00 5.359131614498917173e+00 1.514460610364203541e+00 -1.849597859646322462e+01
1.357252393795586443e+01 -1.502386275323644993e+00 -1.133144772622600804e+01 -1.502386275323644993e+00 3.021383466705524157e+01 3.016912950791776460e+00 -1.133144772622600804e+01 3.016912950791776460e+00 2.316940611481662771e+01
9.527870308142487588e+00 3.958460121683118782e+00 1.622133170246831124e+00 3.958460121683118782e+00 1.631655753996023961e+01 3.002128385316679360e+00 1.622133170246831124e+00 3.002128385316679360e+00 1.109180388646453785e+01
-2.087087930064327423e+01 -7.213879488437219045e+00 -6.805563182707295766e+00 -7.213879488437219045e+00 1.069872245511518161e+00 -7.119249699080183902e+00 -6.805563182707295766e+00 -7.119249699080183902e+00 7.333763155763310237e+01
4.650997833962211558e+00 6.110253726351971615e+00 -8.756049784599571950e+00 6.110253726351971615e+00 1.578868373777650902e+01 -3.103706678746091518e-01 -8.756049784599571950e+00 -3.103706678746091518e-01 9.897739754279688995e+00
-3.834554632169530919e+01 1.015052859802054819e+01 -4.543134177459414502e+00 1.015052859802054819e+01 -3.465489685147216647e+01 -1.634975468197034232e+01 -4.543134177459414502e+00 -1.634975468197034232e+01 1.083323796606660672e+01
2.171607473309198255e+01 1.227214954050814910e+01 7.013387068012774783e+00 1.227214954050814910e+01 1.806586012076691006e+01 -2.859173787700588942e+00 7.013387068012774783e+00 -2.859173787700588942e+00 -3.949017122915209121e+00
-5.225735708826164228e+01 -9.129696551277459715e-01 3.200799593848298485e+00 -9.129696551277459715e-01 -6.451680879560232995e+01 -6.965679809766532671e+00 3.200799593848298485e+00 -6.965679809766532671e+00 -5.915957716834157765e+01
-5.022174495298646235e+01 1.615505030784179041e+01 1.680587636682317765e+01 1.615505030784179041e+01 -1.876209721719878232e+01 5.775818646224516684e+00 1.680587636682317765e+01 5.775818646224516684e+00 -3.124020809032957047e+01
-8.596140635611280167e-01 -3.389850440778928053e+00 -5.776591655354442523e+00 -3.389850440778928053e+00 3.736274874640025612e+00 4.693012804635785962e+00 -5.776591655354442523e+00 4.693012804635785962e+00 5.417151664776450382e+00
-3.208664983421623429e+00 -2.038391190904513373e+00 -2.013503269709039856e+01 -2.038391190904513373e+00 -4.254993078065166578e+00 -4.565722563222893271e+00 -2.013503269709039856e+01 -4.565722563222893271e+00 2.293967364126551800e+01
-1.077546758225565782e+01 3.026625504322320914e+00 -4.336996781251541755e+00 3.026625504322320914e+00 -2.011962595910014784e+01 -9.033594194588715709e+00 -4.336996781251541755e+00 -9.033594194588715709e+00 -2.431179415597047822e+01
2.239818121092592929e+00 -7.429270353011043326e+00 3.808203850340289964e+00 -7.429270353011043326e+00 2.195714514473905510e+01 2.283031187429913089e+01 3.808203850340289964e+00 2.283031187429913089e+01 -2.478017241179907870e+01
2.525337679344853470e+01 -3.756830605411317414e+00 -2.907744149494432051e+00 -3.756830605411317414e+00 2.015108792201709065e+01 -4.948003820960072296e+00 -2.907744149494432051e+00 -4.948003820960072296e+00 2.940636386407269498e+01
-2.341185621968210384e+01 6.748649841881059430e+00 9.094186772508299210e-01 6.748649841881059430e+00 -1.553527648101097114e+01 -9.421967408920631226e-02 9.094186772508299210e-01 -9.421967408920631226e-02 -1.410526787092068135e+00
7.728164388238305094e+00 -1.642775512211199551e+00 1.809913410730099592e+00 -1.642775512211199551e+00 1.131283732306166634e+00 6.189526806510692314e-01 1.809913410730099592e+00 6.189526806510692314e-01 -7.461057624595894389e+00
2.761401521078855481e+01 -9.385496946882123659e-01 5.363673447670898042e-01 -9.385496946882123659e-01 2.819302364621293222e+01 1.886619838507069824e+00 5.363673447670898042e-01 1.886619838507069824e+00 -1.475649156878856161e+01
2.455950097195577797e+01 -6.610707118778250013e+00 -5.857353165588841115e+00 -6.610707118778250013e+00 2.315827868537204459e+00 -2.553839346559914514e+00 -5.857353165588841115e+00 -2.553839346559914514e+00 -1.994931963113257822e+01
-8.299985843576227040e+00 -4.466028358045880609e+00 -5.292487786104857150e+00 -4.466028358045880609e+00 -4.054037796192537790e+00 -1.655066719889937810e+00 -5.292487786104857150e+00 -1.655066719889937810e+00 -1.783452523188867289e+01
4.834388425572408465e+01 -8.559952108895592104e+00 2.213926810159430048e+00 -8.559952108895592104e+00 1.520405045736901783e+01 -8.587220908512105400e-01 2.213926810159430048e+00 -8.587220908512105400e-01 -1.417964274789256152e+01
-2.763588806390643526e+01 1.222235332464173707e+00 -4.946140362455627049e+00 1.222235332464173707e+00 -3.016333770777688272e+01 -6.067435805204103971e+00 -4.946140362455627049e+00 -6.067435805204103971e+00 -3.848487138866715185e+01
-6.571221222814691565e+00 2.926710567689293274e+00 5.006542206525286254e-01 2.926710567689293274e+00 2.798449952913643290e+00 -1.231857434671288765e+01 5.006542206525286254e-01 -1.231857434671288765e+01 1.914376163518072005e+01
-2.857745635823468078e+01 -6.414236527451815384e+00 7.196519576119962958e-01 -6.414236527451815384e+00 -2.346273471134413668e+01 -1.027114871275557206e+01 7.196519576119962958e-01 -1.027114871275557206e+01 -2.688080607620715767e+00
-2.816123597109853804e+01 6.506727134648818023e+00 -5.897857895413706197e-01 6.506727134648818023e+00 3.099642259999646043e+00 -4.776003360398966890e+00 -5.897857895413706197e-01 -4.776003360398966890e+00 4.672383218326712750e+01
-3.100901290549870026e+01 1.323083409858050352e+01 3.730407457756059753e-01 1.323083409858050352e+01 -1.527492269260913638e+01 9.573911556034101267e+00 3.730407457756059753e-01 9.573911556034101267e+00 3.083419592921430308e+01
-3.944229227228684920e+01 -2.343426546668032628e+01 9.153110632450445205e-01 -2.343426546668032628e+01 -1.729970692346958572e+01 4.182371782549664907e+00 9.153110632450445205e-01 4.182371782549664907e+00 9.599999989987587412e+00
-6.677529030747280103e-01 4.734202986556928394e+00 2.220803708950858990e+00 4.734202986556928394e+00 4.373072010624555084e+00 6.675339117773362752e+00 2.220803708950858990e+00 6.675339117773362752e+00 -1.211088731732267298e+01
3.550967695909599087e+01 -9.645892601382360709e+00 -2.631709968715512105e+00 -9.645892601382360709e+00 -7.391041600045639370e+00 5.833040224115283223e+00 -2.631709968715512105e+00 5.833040224115283223e+00 -2.598257895788684735e+01
3.710669559460249900e+01 -6.487229552060966853e-01 6.543501212715155724e+00 -6.487229552060966853e-01 3.642357009993072126e+01 4.540362879911568506e+00 6.543501212715155724e+00 4.540362879911568506e+00 2.643560777699845943e+01
-2.385626808151096867e+01 -2.944201738421305947e+00 -8.475812920712840759e-01 -2.944201738421305947e+00 -2.738493423664035120e+01 1.045065676062323234e+01 -8.475812920712840759e-01 1.045065676062323234e+01 -7.378830894586025479e+00
2.051638448417981930e+00 8.240777881010652450e+00 -9.590121563701934804e+00 8.240777881010652450e+00 -7.486003682343958410e+00 -1.572786114026080462e+01 -9.590121563701934804e+00 -1.572786114026080462e+01 -6.523905735316892773e+00
-2.419724742270394202e+01 8.117402001848077475e+00 -4.318715828250173416e+00 8.117402001848077475e+00 -1.892878360643194924e+01 -5.036555721022233811e+00 -4.318715828250173416e+00 -5.036555721022233811e+00 -3.936160626860414169e+01
-2.482671860937355746e+01 1.012276379082869582e+01 -2.503111924881453731e+00 1.012276379082869582e+01 -2.792228542088027865e+01 2.035196206215518000e+00 -2.503111924881453731e+00 2.035196206215518000e+00 -4.628095130684995695e+01
1.279351862653957728e+00 -3.436559974388054606e+00 -6.850358788261832199e-01 -3.436559974388054606e+00 -1.781537105928300946e+01 1.498621076688772202e+00 -6.850358788261832199e-01 1.498621076688772202e+00 -1.606071940151448629e+01
-6.241151905509369868e+01 1.285777117512463263e+01 4.555579018934358793e+00 1.285777117512463263e+01 -2.978838592403276664e+01 4.204481070674031429e+00 4.555579018934358793e+00 4.204481070674031429e+00 3.854304003282968694e+01
-1.189274692458079263e+00 3.392725824875711726e+00 -5.183836762398168041e+00 3.392725824875711726e+00 -8.173970829148515804e+00 1.078521657593771543e+01 -5.183836762398168041e+00 1.078521657593771543e+01 4.894912192130330020e+00
1.212437061269939775e+01 4.013652846038223032e+00 -5.484494212286989523e+00 4.013652846038223032e+00 8.339722484500654787e+00 7.927595122674902406e+00 -5.484494212286989523e+00 7.927595122674902406e+00 -4.681509386560202302e+01
1.330478665766140622e+01 6.705805382984911134e+00 -2.081625622222000427e+00 6.705805382984911134e+00 1.432233432539830709e+01 9.019898470908316312e+00 -2.081625622222000427e+00 9.019898470908316312e+00 8.862115215639910559e+00
-1.601291416617148045e+01 -1.544220397066600858e+00 -3.852939045725013223e+00 -1.544220397066600858e+00 -1.704442933050192721e+01 8.395165351923767894e-01 -3.852939045725013223e+00 8.395165351923767894e-01 -2.630284865432800956e+01
6.462148895989560771e+00 6.087797919764001975e+00 6.171919325792490696e+00 6.087797919764001975e+00 1.126262094891368370e+01 -6.048298783424233882e+00 6.171919325792490696e+00 -6.048298783424233882e+00 -3.677385117878895926e+01
-1.672942240767582467e+00 -1.549542520308456339e+01 -4.793081973185261968e-01 -1.549542520308456339e+01 -3.449081088847118171e+00 -5.976060864475972068e+00 -4.793081973185261968e-01 -5.976060864475972068e+00 -1.026514858377767681e+01
-3.715636632152330776e+01 5.572382203094933928e+00 -2.585252691057447816e+00 5.572382203094933928e+00 -2.514545020292721134e+01 1.689440373495159520e+01 -2.585252691057447816e+00 1.689440373495159520e+01 6.288253120242526251e+00
3.986682280417213065e+01 8.199461857448762103e+00 -5.318565159883743121e+00 8.199461857448762103e+00 4.585372361640742156e+01 4.379395267760552102e+00 -5.318565159883743121e+00 4.379395267760552102e+00 2.890872305168326051e+01
-2.103831629782870394e+01 2.163375251693200330e+00 -2.926506259862440729e+00 2.163375251693200330e+00 -7.886078093949854484e+00 4.861658446569586900e+00 -2.926506259862440729e+00 4.861658446569586900e+00 -2.499953038798347293e+01
2.018894609940080542e+01 2.411144556440261710e-01 -5.754597002069220757e+00 2.411144556440261710e-01 1.969384650034549722e+01 3.382439513360990802e+00 -5.754597002069220757e+00 3.382439513360990802e+00 2.412641225907474052e+01
3.174561809150505898e+00 -2.361168331582168989e+00 4.564742882808872082e+00 -2.361168331582168989e+00 -1.490016688987151738e+01 2.209993774244572862e+01 4.564742882808872082e+00 2.209993774244572862e+01 2.182555862956747106e+01
3.205260994174970790e+01 -3.160703900671780531e+00 4.690576354441377549e-01 -3.160703900671780531e+00 1.095491347529455339e+01 1.708372757255246954e+00 4.690576354441377549e-01 1.708372757255246954e+00 7.915411439430084961e+00
-2.892940373390202424e+01 3.264790529161158528e+00 7.172939380515906960e-01 3.264790529161158528e+00 -2.053962069865097817e+01 9.753180878215177430e+00 7.172939380515906960e-01 9.753180878215177430e+00 -2.507113529143621022e+01
-2.026956723375328551e+01 -9.287489762138070759e+00 9.646235840248653659e+00 -9.287489762138070759e+00 -1.186261490695176235e+01 -2.208204296719852522e+00 9.646235840248653659e+00 -2.208204296719852522e+00 3.611051453915404608e+01
6.489042378258980648e+01 2.496602100478798292e+01 1.282092887776527856e+00 2.496602100478798292e+01 3.019319869263229350e+01 -4.378791006736180158e+00 1.282092887776527856e+00 -4.378791006736180158e+00 -2.135211716725631703e+00
-4.665313012975484952e+01 8.060557523231429045e+00 -5.996625965931142943e+00 8.060557523231429045e+00 -2.438030720522667849e+01 -2.984954405512834530e+00 -5.996625965931142943e+00 -2.984954405512834530e+00 2.910414059528837782e+01
1.793356785138842469e+01 -5.493813891410234795e+00 -1.055180022843984711e+00 -5.493813891410234795e+00 -1.134920715681617587e+01 -1.891428646377904599e+01 -1.055180022843984711e+00 -1.891428646377904599e+01 -2.052632783950990358e+01
1.003408779586837518e+01 2.930003318209697394e+00 -2.561673114796277240e+00 2.930003318209697394e+00 -4.760911553128670448e+01 4.978737177973554751e+00 -2.561673114796277240e+00 4.978737177973554751e+00 1.933721183890043704e+01
1.374861705408091517e+01 3.843417484649563232e+00 1.862465567916608222e+01 3.843417484649563232e+00 -1.740569147596985289e+01 4.772223801648882713e+00 1.862465567916608222e+01 4.772223801648882713e+00 -1.250620633664590464e+01
-1.923837235633389753e+01 4.784890927186869369e+00 1.190979536929661720e+01 4.784890927186869369e+00 -3.189672391841099852e+01 1.157107891083004603e+00 1.190979536929661720e+01 1.157107891083004603e+00 -7.072798203694943275e+00
-8.230609097325297441e+00 -1.013547157568292256e+01 9.164428149783173438e+00 -1.013547157568292256e+01 -1.284641750924155446e+01 1.284088040106067030e+00 9.164428149783173438e+00 1.284088040106067030e+00 -1.947721224114051353e+01
-2.466303944941398374e+00 -1.311907558471082957e+01 -8.268499613777237300e+00 -1.311907558471082957e+01 8.462134492970546873e+00 8.524299361725681479e+00 -8.268499613777237300e+00 8.524299361725681479e+00 -9.444321056581973295e+00
4.141196012810857141e+00 2.477379641125672194e+01 1.318898976584534921e+00 2.477379641125672194e+01 -1.220855888647289866e+01 9.658724798493571129e+00 1.318898976584534921e+00 9.658724798493571129e+00 -5.916210635456123157e+01
-2.872984812511111485e+01 -1.828035118260530556e+00 -3.079222574701012682e+00 -1.828035118260530556e+00 -4.596322407331063431e+01 3.107270803281827032e+00 -3.079222574701012682e+00 3.107270803281827032e+00 -1.884103318988275433e+01
1.379053454945175261e+01 -3.350162860534150244e+00 9.802936270703499488e+00 -3.350162860534150244e+00 1.998761387363202147e+01 1.653306280109917648e+00 9.802936270703499488e+00 1.653306280109917648e+00 1.583211880504277502e+01
1.252704140173383252e+01 -9.999498073626792660e+00 1.703026885370336529e+01 -9.999498073626792660e+00 -2.365796100641373467e+00 -5.789555309036387598e+00 1.703026885370336529e+01 -5.789555309036387598e+00 -1.650409734276719931e+01
-3.236485824166219771e+01 1.065218760552486543e+01 -2.947351268499944332e+00 1.065218760552486543e+01 -2.649742503835794594e+01 6.529365131716634352e+00 -2.947351268499944332e+00 6.529365131716634352e+00 1.265384811260926412e+01
2.146990704790012572e+01 -1.578207558707478952e+01 3.762352963216408330e+00 -1.578207558707478952e+01 4.889820834896803525e+00 6.094157809564370254e+00 3.762352963216408330e+00 6.094157809564370254e+00 -3.716573976995942274e+01
1.604487712196578286e+01 -1.523521644432773936e+00 8.710157267458741970e+00 -1.523521644432773936e+00 -1.536213034482290674e+01 -5.878405724405637300e-02 8.710157267458741970e+00 -5.878405724405637300e-02 -4.607959606438032552e+01
2.103309436624765993e+01 -6.402283109878114331e+00 1.355020920465780421e+01 -6.402283109878114331e+00 8.084666941483110492e+00 -9.246145668503681136e+00 1.355020920465780421e+01 -9.246145668503681136e+00 2.198548561891598041e+01
-4.339194592088335867e+01 3.143487815201720270e+00 -2.778850141200861046e+00 3.143487815201720270e+00 -2.889611412952956471e+01 1.962415184072045238e-01 -2.778850141200861046e+00 1.962415184072045238e-01 -3.419542254544249005e+01
4.025999914233595689e+01 -5.914964591469072275e+00 -6.720949098216200568e+00 -5.914964591469072275e+00 3.105556264613013084e+01 -5.030422323455082667e-01 -6.720949098216200568e+00 -5.030422323455082667e-01 -2.750370233945832155e+01
3.383000188694396826e+01 5.293682211195712917e+00 5.520189009249851786e+00 5.293682211195712917e+00 4.112684984673703781e+01 -2.041705074996856606e+00 5.520189009249851786e+00 -2.041705074996856606e+00 3.567079091605171470e+01
-2.584164381158452883e+01 1.071891881132251090e+00 5.571308386462765050e+00 1.071891881132251090e+00 -1.935221472617238803e+01 1.433199473372965160e+00 5.571308386462765050e+00 1.433199473372965160e+00 -2.765099913441357771e+01
5.219957735282739719e+01 -4.042389697186242081e+00 2.793810020317350151e+00 -4.042389697186242081e+00 4.049270886905829059e+01 3.000377019130705314e+00 2.793810020317350151e+00 3.000377019130705314e+00 2.778272920058662265e+01
-5.173847874248112078e+01 -7.483765500902499923e+00 1.124516618851113536e+00 -7.483765500902499923e+00 -2.188050906621012359e+01 -3.267764937316362417e+00 1.124516618851113536e+00 -3.267764937316362417e+00 2.747159486214479784e+01
3.785924743189339381e+01 1.646119983058100589e+00 -8.867648576229861135e+00 1.646119983058100589e+00 4.005921949730983300e+01 -3.460948228328019294e+00 -8.867648576229861135e+00 -3.460948228328019294e+00 4.146594022147697700e+01
-8.846467397856605075e+00 8.505163442836526144e+00 -6.492234714001630991e+00 8.505163442836526144e+00 -2.015740412391720326e+01 -1.797598238887482713e+00 -6.492234714001630991e+00 -1.797598238887482713e+00 6.442585546704870936e+00
-2.197338188826682526e+01 -2.002862415646981253e-01 6.599663670999388110e+00 -2.002862415646981253e-01 -2.502783071261717751e+01 -9.547743612973254024e-01 6.599663670999388110e+00 -9.547743612973254024e-01 -3.761498968123157738e+01
-1.274085008028037969e+01 8.547039277391613510e+00 1.514885059672563594e+00 8.547039277391613510e+00 -7.778615621985652595e+00 3.980787310126363693e-02 1.514885059672563594e+00 3.980787310126363693e-02 -1.112047725987628333e+01
