3.394870891318281281e+01 1.267922874206134765e+01 5.069655811133189971e+00 1.267922874206134765e+01 2.660341280496674443e+01 3.021725141581613538e+00 5.069655811133189971e+00 3.021725141581613538e+00 2.863507275005714448e+01
-1.491953082492235083e+01 1.140179255175185169e+01 1.381417871100137251e+00 1.140179255175185169e+01 -8.852396699056955143e+00 1.206456679865301473e-01 1.381417871100137251e+00 1.206456679865301473e-01 -7.357436492768023584e+00
1.063567449033264545e+01 4.536975666969748744e+00 -3.901044820685063641e+00 4.536975666969748744e+00 1.780120655792874018e+01 -1.405048096311289907e+00 -3.901044820685063641e+00 -1.405048096311289907e+00 2.026438864843085241e+01
4.954565005230698205e+01 -3.126384763064102845e+00 5.498797646903780922e+00 -3.126384763064102845e+00 4.852734391158951865e+01 -2.773936878177718501e+00 5.498797646903780922e+00 -2.773936878177718501e+00 4.104812764857094720e+01
1.859308200734139760e+01 2.451806372645909171e+00 -2.671095375514432657e+00 2.451806372645909171e+00 1.935091089380339113e+01 -2.201493114471377854e+00 -2.671095375514432657e+00 -2.201493114471377854e+00 3.412774376612635763e+01
-2.864823609648569303e+01 -2.887811175237624539e+00 -1.386156371663623377e+00 -2.887811175237624539e+00 -3.068969645805752222e+01 -1.501087192059333830e-01 -1.386156371663623377e+00 -1.501087192059333830e-01 -2.657223552311394954e+01
-4.221793549808567469e+00 -9.063644166635620891e+00 7.512540691940437831e+00 -9.063644166635620891e+00 -8.046173676201778591e+00 2.647651515245310172e+00 7.512540691940437831e+00 2.647651515245310172e+00 9.581293759768975127e-01
-1.976876818410773140e+01 -1.384564668928779163e+00 -2.621501415208483454e+00 -1.384564668928779163e+00 -1.637779764581771502e+01 5.967976978033028068e+00 -2.621501415208483454e+00 5.967976978033028068e+00 -1.331262211875376877e+01
8.602160143508600143e+00 -4.035472972702660144e+00 -2.926429601267695357e+00 -4.035472972702660144e+00 1.290805356876341747e+01 -2.023896616848420482e+00 -2.926429601267695357e+00 -2.023896616848420482e+00 1.665877940504729082e+01
-5.887399408384958122e+00 -7.472891960941626444e+00 3.902758809206293922e+00 -7.472891960941626444e+00 -1.866946086702542473e+00 9.434346048720848588e-02 3.902758809206293922e+00 9.434346048720848588e-02 1.427074244186788299e+00
-1.241160714714519919e+01 -6.473296390117622146e+00 -6.473026380674601343e-01 -6.473296390117622146e+00 -7.523127721176014582e+00 7.246264192294375128e+00 -6.473026380674601343e-01 7.246264192294375128e+00 -5.937092252874458964e+00
-6.590342924147996939e+00 -4.555889823400140592e+00 4.239158904938978623e+00 -4.555889823400140592e+00 2.563498752821832483e+00 4.433316086816271984e+00 4.239158904938978623e+00 4.433316086816271984e+00 -2.805848020013748556e+00
-1.047142193180667213e+01 8.325951031702507166e+00 -8.622359316638993576e+00 8.325951031702507166e+00 -5.520801247862393346e+00 6.720007625549249575e+00 -8.622359316638993576e+00 6.720007625549249575e+00 4.511090377987372335e+00
-7.707525500910716865e+00 7.563265647922666091e+00 1.594976250853174404e+00 7.563265647922666091e+00 -3.777450684552730920e+00 2.079912769381234927e+00 1.594976250853174404e+00 2.079912769381234927e+00 -1.437102199364780564e+00
-2.500886622900603484e+01 -2.986260078917660543e+00 -9.226966160937962735e-01 -2.986260078917660543e+00 -6.931265245236130745e+00 3.589576116115362314e+00 -9.226966160937962735e-01 3.589576116115362314e+00 3.136175393316220639e-01
-1.524343246254574957e+01 -8.110177223238354216e+00 1.352624130847053463e+00 -8.110177223238354216e+00 -1.597944737276155891e+01 -4.503843177585790336e+00 1.352624130847053463e+00 -4.503843177585790336e+00 -9.665957983377994722e+00
-1.083460947813118302e+01 -1.499411017354311815e+00 3.989414073977525899e+00 -1.499411017354311815e+00 -2.863985419167536239e+00 1.275145695291454473e+01 3.989414073977525899e+00 1.275145695291454473e+01 -5.509976473706317268e-01
-1.105025624704519771e+01 1.219264854210823534e+00 -2.640052084255203546e+00 1.219264854210823534e+00 -8.105382777045726073e+00 -1.809646384316050960e-01 -2.640052084255203546e+00 -1.809646384316050960e-01 -3.212510246528270219e+00
3.214806037113097403e+01 1.005465024933084733e-01 8.306533627853694313e+00 1.005465024933084733e-01 2.426750334124816533e+01 -3.599849714492015629e+00 8.306533627853694313e+00 -3.599849714492015629e+00 3.211233770301304702e+01
-1.224457354417921984e+01 3.026531431726708909e+00 -5.550107147020205467e+00 3.026531431726708909e+00 -7.906785917502054062e+00 1.706699067746212162e+00 -5.550107147020205467e+00 1.706699067746212162e+00 -4.949706263636973524e+00
-9.913293708799969295e+00 -3.605917644238304520e-01 2.803542817313000146e+00 -3.605917644238304520e-01 -6.811907241647979561e+00 -5.246431934138200859e+00 2.803542817313000146e+00 -5.246431934138200859e+00 -3.460016922883488721e+00
1.572442400536744955e+01 6.682707025656624999e+00 -3.803849876286080178e+00 6.682707025656624999e+00 1.182123893699999861e+01 -5.071921362503926112e+00 -3.803849876286080178e+00 -5.071921362503926112e+00 3.933317125885235743e+00
-5.126957680583038801e+00 -3.323108736319162038e+00 -8.622188372692248137e+00 -3.323108736319162038e+00 -5.088121938528038513e+00 1.580075799219659016e+00 -8.622188372692248137e+00 1.580075799219659016e+00 4.890730674478747986e+00
4.219553610198276061e+01 3.445144797802117131e-01 -7.358904912903283524e+00 3.445144797802117131e-01 4.173667311924103274e+01 2.423087894770628914e+00 -7.358904912903283524e+00 2.423087894770628914e+00 1.061675592150829495e+01
2.090889658411769858e+01 -1.396029066972092995e-02 4.987957674041922473e+00 -1.396029066972092995e-02 2.331816716004809464e+01 -5.226867947908599099e+00 4.987957674041922473e+00 -5.226867947908599099e+00 2.112430781575977790e+01
-2.776684388863107245e+01 2.374480228877877686e+00 5.062580849430914576e+00 2.374480228877877686e+00 -2.941197304631374010e+01 -3.132719166713704873e+00 5.062580849430914576e+00 -3.132719166713704873e+00 -3.796162235916818162e+01
2.827715752029852680e+01 -1.344254739311342428e+00 -6.265846817053833284e+00 -1.344254739311342428e+00 2.723592079996577908e+01 -1.422476335643580825e+01 -6.265846817053833284e+00 -1.422476335643580825e+01 2.346359528612755341e+01
-5.600452012762126230e+00 -1.015317926897590617e+01 5.423438803838360300e+00 -1.015317926897590617e+01 -5.931854570981382579e+00 -9.866368463694552560e+00 5.423438803838360300e+00 -9.866368463694552560e+00 -1.459961206810828571e+01
1.149546383252459281e+00 1.627439161689497205e+00 -3.093149952648638124e+00 1.627439161689497205e+00 -7.154421027689050749e-01 3.048319692730293351e+00 -3.093149952648638124e+00 3.048319692730293351e+00 6.935243969002391040e+00
-9.706533565370301986e+00 6.134934599113722520e+00 6.497767927426939316e+00 6.134934599113722520e+00 -1.092494480297225046e+01 -2.378950836733447538e+00 6.497767927426939316e+00 -2.378950836733447538e+00 -1.291348226271699140e+01
1.115641897201944310e+01 4.210252314809572738e+00 -2.023680953583762987e-01 4.210252314809572738e+00 7.148453341285793128e-01 -2.255078955410291019e+00 -2.023680953583762987e-01 -2.255078955410291019e+00 9.516409039817633086e+00
-6.679800376644362991e+00 6.007378316300425070e+00 -2.106791814735924806e+00 6.007378316300425070e+00 2.229281463727839974e+00 1.632263474937072134e+00 -2.106791814735924806e+00 1.632263474937072134e+00 -1.243348390391001423e+00
-1.170208073777478397e+01 -5.864052102547995249e-01 -1.269288004815982696e+00 -5.864052102547995249e-01 -4.918414438099993014e+00 -2.306467288259845747e-02 -1.269288004815982696e+00 -2.306467288259845747e-02 -5.507938565786546725e+00
2.707222357962925230e+01 -4.635569721833018519e+00 2.768399868427266597e+00 -4.635569721833018519e+00 2.291179023517094038e+01 2.109119856097272372e+00 2.768399868427266597e+00 2.109119856097272372e+00 2.307693593630585482e+01
2.659092014152811245e+01 3.253193284444854338e+00 -6.405249641522624549e-01 3.253193284444854338e+00 2.698183013503739858e+01 -2.731552319480960445e-01 -6.405249641522624549e-01 -2.731552319480960445e-01 2.334958051122895029e+01
3.107372997272272741e+01 -2.749855633022530110e+00 1.439988714348186205e+00 -2.749855633022530110e+00 2.756261875716691634e+01 -4.517242620004674691e+00 1.439988714348186205e+00 -4.517242620004674691e+00 3.366401726707875497e+01
3.283741653409729366e+01 3.721964630249376071e+00 -1.366752861153288201e+00 3.721964630249376071e+00 2.806398537369949509e+01 3.181864795439928173e+00 -1.366752861153288201e+00 3.181864795439928173e+00 1.911529294497610820e+01
1.694713218001877664e+01 -2.327055172778508041e+00 1.249215010515748903e+00 -2.327055172778508041e+00 2.417815963092830245e+01 1.455564579752545917e+01 1.249215010515748903e+00 1.455564579752545917e+01 1.870955225528077648e+01
-2.038318503162088291e+01 1.275840586542082544e+00 2.440162168151395417e+00 1.275840586542082544e+00 -2.304022891893378144e+01 6.141036240240734578e+00 2.440162168151395417e+00 6.141036240240734578e+00 -1.572267032118219454e+01
-5.683882086780598364e+00 -1.760795437868975855e+00 1.817238219235376873e+00 -1.760795437868975855e+00 8.504740532013885357e+00 2.833623805151296970e+00 1.817238219235376873e+00 2.833623805151296970e+00 1.075358279061162392e+01
1.650461760515677057e+01 -1.006670258809558183e+00 -4.234308618185343320e+00 -1.006670258809558183e+00 2.184499616549707568e+01 -4.317073145588167016e+00 -4.234308618185343320e+00 -4.317073145588167016e+00 2.670948726102760062e+01
-2.991330377678744412e+01 -3.145317073541520347e+00 -3.142045988148255198e+00 -3.145317073541520347e+00 -2.277693260712470646e+01 -1.845790657360109055e+00 -3.142045988148255198e+00 -1.845790657360109055e+00 -5.976188779536478535e+00
-7.214674329952178722e-01 1.135097290991504915e+00 -7.676382128873882493e+00 1.135097290991504915e+00 4.062301564391370690e+00 -3.118607204452005011e+00 -7.676382128873882493e+00 -3.118607204452005011e+00 4.106223850682686027e+00
-1.449733128958066075e+01 3.952227789202097608e+00 3.723547680526984927e+00 3.952227789202097608e+00 -1.654494704433675167e+01 -1.617373512968037996e+00 3.723547680526984927e+00 -1.617373512968037996e+00 -1.479461679872592761e+01
-4.556227271875864737e+00 1.305035686651248028e+00 6.675442490320813604e+00 1.305035686651248028e+00 -4.377427790602156144e+00 -1.015633011398133867e+01 6.675442490320813604e+00 -1.015633011398133867e+01 -2.482182231091113689e+00
-1.600304167506566344e+00 -2.349911560335941729e+00 1.225552325983052970e+00 -2.349911560335941729e+00 -8.455997845740373720e+00 -9.873212763488920629e+00 1.225552325983052970e+00 -9.873212763488920629e+00 2.156886913428937458e+00
2.607983569246984246e+01 1.633818560477807713e+00 -2.587308142076961470e+00 1.633818560477807713e+00 2.334862803573055245e+01 -2.918468783787205645e+00 -2.587308142076961470e+00 -2.918468783787205645e+00 2.503818470119791684e+01
-1.628330039279149322e+00 5.757957704360986639e+00 1.987481116560693817e+00 5.757957704360986639e+00 5.152403331982870149e+00 2.370285384159231068e+00 1.987481116560693817e+00 2.370285384159231068e+00 5.792735796690550387e+00
2.600917165653123320e+01 5.638596560361309740e-01 -4.462170294816613092e-01 5.638596560361309740e-01 2.320133698706611369e+01 2.634621654284344250e-01 -4.462170294816613092e-01 2.634621654284344250e-01 3.376734430516194152e+01
-1.468547653305505030e+01 3.447632034617595487e+00 5.599793423722301711e+00 3.447632034617595487e+00 -9.371638759229515614e+00 -4.001790188562056372e+00 5.599793423722301711e+00 -4.001790188562056372e+00 -6.863699099726705555e+00
