-4.905758285693156751e+00 6.731236136577510187e+00 5.609684055278059134e+00 6.731236136577510187e+00 9.392542985057495741e+00 -1.440315814099689185e+01 5.609684055278059134e+00 -1.440315814099689185e+01 -2.131107457364754865e+01
-1.259666332122369248e+01 2.151702614173537143e+00 7.624939102595257090e+00 2.151702614173537143e+00 -3.745938898258246219e+00 8.212610657006580439e+00 7.624939102595257090e+00 8.212610657006580439e+00 -2.655542027553910600e+01
2.294539349179240162e+01 -4.136315197992056270e+00 -1.312197414272032248e+01 -4.136315197992056270e+00 1.974493514123140869e+01 -7.271206282120497910e+00 -1.312197414272032248e+01 -7.271206282120497910e+00 2.645653642682547435e+00
-1.032470837697447585e+01 -2.517870033252606721e+00 2.548985739525443961e+01 -2.517870033252606721e+00 -1.172117246104881971e+01 -1.821364461676979474e+01 2.548985739525443961e+01 -1.821364461676979474e+01 -6.738719814790029261e+01
-1.070259249426199410e+01 3.458447404600924813e+00 1.098924094750411484e+01 3.458447404600924813e+00 1.331150755591320411e+01 -9.819668481634376889e+00 1.098924094750411484e+01 -9.819668481634376889e+00 -4.519693212252145997e+01
-2.195072707304671411e+01 -8.376756153829878926e+00 -5.726000376422863525e+00 -8.376756153829878926e+00 7.011063601561971836e+00 1.348835779918229782e+01 -5.726000376422863525e+00 1.348835779918229782e+01 -1.553234234431962690e+01
-1.984411756152946538e+01 5.433181229369885124e+00 2.188347950012737897e+01 5.433181229369885124e+00 -4.522003994556909845e+01 1.809402482309555182e+01 2.188347950012737897e+01 1.809402482309555182e+01 -4.282553378865602411e+01
5.906242436398702012e+01 4.302606191435624616e+00 5.641865961560228016e+00 4.302606191435624616e+00 7.652970976507297962e+01 -3.394023756036480766e+00 5.641865961560228016e+00 -3.394023756036480766e+00 7.462620997371774756e+00
-4.859637389615485858e+01 1.608806132379807963e+01 3.193051752816540301e+00 1.608806132379807963e+01 -5.875599108191691045e+01 -9.117932638682512803e+00 3.193051752816540301e+00 -9.117932638682512803e+00 -3.635081703722541135e+01
1.268191466165698955e+01 1.364361992728494144e+01 -8.211808314431321421e+00 1.364361992728494144e+01 1.024357401084455255e+01 8.894573474578562511e+00 -8.211808314431321421e+00 8.894573474578562511e+00 2.077878932151523728e+01
3.651713128741140224e+01 -7.175372414520420072e+00 4.141644159508908629e+00 -7.175372414520420072e+00 4.601918504298082979e+01 -6.859800708467886921e+00 4.141644159508908629e+00 -6.859800708467886921e+00 1.727250817611206912e+01
8.247976181214141889e+00 1.101473084088973131e+01 7.471928630293684925e+00 1.101473084088973131e+01 -2.431169668560983510e+01 1.197983675982304774e+01 7.471928630293684925e+00 1.197983675982304774e+01 -3.768527851720331512e+01
4.078435748595793164e+00 -9.918105739794308207e+00 1.248718702711409634e+01 -9.918105739794308207e+00 -9.870290944162258384e+00 -4.462617301832811023e+00 1.248718702711409634e+01 -4.462617301832811023e+00 -4.548694375510648058e+01
-8.248590092848218092e+00 8.126986269438399191e+00 -4.981307459330504450e+00 8.126986269438399191e+00 -1.440026617144896193e+01 5.003405911412411200e+00 -4.981307459330504450e+00 5.003405911412411200e+00 -5.955666860536582163e+01
1.900132120479656450e+01 -6.079253945085906219e-01 -1.528933160007239422e+01 -6.079253945085906219e-01 -9.144545573224037938e+00 2.328431353093123324e+00 -1.528933160007239422e+01 2.328431353093123324e+00 -8.804237827512139347e+00
2.648471849449811799e+01 8.349542266260758794e+00 -1.043958418740762006e+01 8.349542266260758794e+00 6.005700422360695789e+00 -2.185493595781569098e+00 -1.043958418740762006e+01 -2.185493595781569098e+00 -2.727427562132343652e+01
6.802340078785685584e+00 7.769822544255897689e+00 -6.574119789322653062e+00 7.769822544255897689e+00 6.982527082982622701e+00 3.096758673853774013e+00 -6.574119789322653062e+00 3.096758673853774013e+00 2.302813173982146822e+01
2.582702796229604658e+01 -1.283252819253777943e+01 -7.214664739203773713e+00 -1.283252819253777943e+01 2.445458932376197581e+01 -5.402111662721861274e-01 -7.214664739203773713e+00 -5.402111662721861274e-01 1.170193919513519987e+01
-4.025782468951206994e+01 -1.259572973484035252e+01 -6.045200352538216748e+00 -1.259572973484035252e+01 -4.870552715355275097e+01 -2.667294241878684691e+00 -6.045200352538216748e+00 -2.667294241878684691e+00 -4.582830212984290341e+01
1.006352903615401928e+01 2.463034594180892256e+01 2.718469529132250706e+00 2.463034594180892256e+01 2.402441656511166457e+01 -7.088434716534813163e+00 2.718469529132250706e+00 -7.088434716534813163e+00 -3.009875520743722177e+01
2.313199153920446349e+01 1.793378922459261560e+01 1.488041773821811198e+01 1.793378922459261560e+01 8.338824250220536527e+00 -1.492186370929186712e+00 1.488041773821811198e+01 -1.492186370929186712e+00 -6.060223027763631976e+00
-1.426445583267256190e+01 -5.230150906498929331e+00 1.851048786904090804e+00 -5.230150906498929331e+00 1.071152783124946328e+00 5.724765418531497119e+00 1.851048786904090804e+00 5.724765418531497119e+00 -2.613417769168256299e+01
-2.878783291953499912e+01 5.842277852833476004e+00 -8.673218033350563516e+00 5.842277852833476004e+00 -3.954688866758043986e+01 -9.206553372502661148e+00 -8.673218033350563516e+00 -9.206553372502661148e+00 -1.940631651310501971e+00
-6.216825939475779883e+00 -3.645105415887402445e-01 1.252574417319499389e+01 -3.645105415887402445e-01 -1.140209120822046618e+00 -9.473090953732649311e+00 1.252574417319499389e+01 -9.473090953732649311e+00 1.744635784461061689e+01
-3.398528499852780982e+01 4.005127732925405581e+00 -8.918833620179544397e+00 4.005127732925405581e+00 -2.261268177000571811e+01 1.998129002545134725e+01 -8.918833620179544397e+00 1.998129002545134725e+01 -2.683761460234497775e+01
8.054382890041759779e+00 7.179830718582607574e+00 -6.167118898268227234e+00 7.179830718582607574e+00 1.795689927233862804e+01 3.190874844063388505e+00 -6.167118898268227234e+00 3.190874844063388505e+00 -2.605320976797549548e+01
-2.506045087800364279e-01 -2.009451254564049272e+00 3.618870918811128767e+00 -2.009451254564049272e+00 -9.175147267811041729e+00 -1.631705410368012199e+00 3.618870918811128767e+00 -1.631705410368012199e+00 2.369579681509669555e+01
1.159440950160835548e+01 -1.475329618829780109e+01 -6.543212560239930475e+00 -1.475329618829780109e+01 2.836243169536703590e+01 4.214532883450536005e+00 -6.543212560239930475e+00 4.214532883450536005e+00 -8.290179251011378980e+00
-3.607483390476294716e+01 8.066094891616932827e+00 -4.041860654033111899e+00 8.066094891616932827e+00 -2.412973161336617167e+01 -1.348245275347388628e+01 -4.041860654033111899e+00 -1.348245275347388628e+01 -4.680332748123632314e+01
-1.315368569482046190e+01 9.868368764523276937e+00 -7.947480463767780279e+00 9.868368764523276937e+00 -1.929725154375785579e+01 5.946524936433037922e+00 -7.947480463767780279e+00 5.946524936433037922e+00 -6.054650438469949592e+01
-8.987001334160179766e+00 2.678762027173674554e+01 2.254034861021604108e+00 2.678762027173674554e+01 -1.826345977146190691e+01 -1.147360791904012878e+01 2.254034861021604108e+00 -1.147360791904012878e+01 -2.008010618101583944e+01
-5.658540272867403909e-01 5.440074119169063138e+00 -5.466506425737909236e-01 5.440074119169063138e+00 8.345237230861858535e+00 3.226396988635724217e+00 -5.466506425737909236e-01 3.226396988635724217e+00 -2.885129078900845911e+01
5.406912313778423140e+01 -6.244055883403143881e+00 1.276514268297882282e+01 -6.244055883403143881e+00 4.032711349204954132e+01 -1.309081841125236778e+01 1.276514268297882282e+01 -1.309081841125236778e+01 2.834119340566163547e+00
-2.673689802054308373e+01 2.291287312457073710e+01 5.493787739089899702e+00 2.291287312457073710e+01 -1.336141958045638134e+01 8.294229656561920905e+00 5.493787739089899702e+00 8.294229656561920905e+00 -6.112194383044384693e+01
-2.644234266983215065e+01 1.307032769685548246e+01 3.257338408873109881e+00 1.307032769685548246e+01 -2.228148236764761947e+01 3.743810523139198487e+00 3.257338408873109881e+00 3.743810523139198487e+00 -7.000736317835661637e+00
-1.655509657653206190e+01 6.533204292172146710e-01 2.709132307056141276e-01 6.533204292172146710e-01 -1.003461461023105272e+01 -8.500461049752146891e+00 2.709132307056141276e-01 -8.500461049752146891e+00 -4.615240282832319707e+01
1.871732676908920467e+01 4.287278101056895885e+00 3.306431322169021580e+00 4.287278101056895885e+00 2.409218968001876959e+01 2.845514114719620569e+00 3.306431322169021580e+00 2.845514114719620569e+00 4.842851980285011138e+01
1.366418639059316043e+01 1.588499920756257744e+01 1.250219456009375119e+00 1.588499920756257744e+01 6.319102346362872602e+00 7.958568783376789746e+00 1.250219456009375119e+00 7.958568783376789746e+00 -1.080098668129294204e+01
4.850999382825854411e+01 -1.324652646238138054e+01 7.022302250663789103e+00 -1.324652646238138054e+01 4.680965720443051481e+01 3.554505009418879258e+00 7.022302250663789103e+00 3.554505009418879258e+00 -2.044676577637305925e+01
-1.808524992003558651e+01 2.143253124566895451e+01 6.381378470449396545e+00 2.143253124566895451e+01 -3.525886253627018574e-01 8.518325681617652023e+00 6.381378470449396545e+00 8.518325681617652023e+00 -3.431807766565160733e+01
4.831284322206558102e+01 -1.510941445331750721e+01 5.566129451010905171e+00 -1.510941445331750721e+01 4.326459564519309708e+01 1.116884511758129328e+01 5.566129451010905171e+00 1.116884511758129328e+01 2.267314279339362315e+01
1.517217364220905296e+01 -1.718963653732855690e+01 1.062903107924971202e+01 -1.718963653732855690e+01 1.632238461078765468e+01 -4.991381753761285012e+00 1.062903107924971202e+01 -4.991381753761285012e+00 -1.469590339629403886e+01
-3.043370261197502558e+01 1.738085613936335605e+01 6.301154350461946052e+00 1.738085613936335605e+01 -7.956352846339362905e+00 -1.289551136173059831e+01 6.301154350461946052e+00 -1.289551136173059831e+01 -3.646619076985282959e+01
1.241044389087894118e+01 8.849363427022046702e-01 -3.346150270231941448e+00 8.849363427022046702e-01 3.402887178762502884e+01 -4.377988166547505777e+00 -3.346150270231941448e+00 -4.377988166547505777e+00 -1.360978896468933108e+00
4.418989673059509471e+01 1.115499345543669030e+00 -7.593910212726830977e+00 1.115499345543669030e+00 4.749539799092441683e+01 -2.480483595546532172e+01 -7.593910212726830977e+00 -2.480483595546532172e+01 2.898195344448435407e+01
2.152366582364206948e+01 1.572436071124773527e+01 -9.060319386624710702e+00 1.572436071124773527e+01 1.892882849572438886e+01 3.535023632160140483e+00 -9.060319386624710702e+00 3.535023632160140483e+00 -8.961736314974483975e+00
1.976193409431685533e+00 1.416110335422112954e+01 5.917248876391712820e+00 1.416110335422112954e+01 -2.983619652873195527e+00 7.966335012246401615e-01 5.917248876391712820e+00 7.966335012246401615e-01 -4.234375403461996967e+01
-2.382119157547658261e+01 -1.875455511728336688e+00 -7.775996168135232089e+00 -1.875455511728336688e+00 -3.736440356639020521e+00 -1.092793723356346725e+01 -7.775996168135232089e+00 -1.092793723356346725e+01 -7.102005647395179722e+01
1.308595480057004146e+01 2.083802610984248904e+00 1.805059350455404754e+01 2.083802610984248904e+00 -1.124942809989340553e+01 7.110647821488771392e+00 1.805059350455404754e+01 7.110647821488771392e+00 -8.572363737745442691e+00
-5.354472758937721721e+01 -2.250185803965877795e+01 -2.704616845183677842e+00 -2.250185803965877795e+01 -4.377598839764934979e+01 -1.113601575347532169e+01 -2.704616845183677842e+00 -1.113601575347532169e+01 -7.359239304884633270e+01
-1.039844170876242835e+01 8.519707139470523716e-01 -2.410311803815949450e+00 8.519707139470523716e-01 -3.008142988272939533e+01 -1.794939934415307192e+01 -2.410311803815949450e+00 -1.794939934415307192e+01 -4.081769892519989185e+01
-5.231160893840635850e+01 9.554967575103221478e+00 5.671378944197044802e+00 9.554967575103221478e+00 -1.644877268438738582e+01 -7.657113438219493418e+00 5.671378944197044802e+00 -7.657113438219493418e+00 -3.378297527116995269e+01
-3.265489040828201794e+00 7.916409323684971078e+00 -3.868645878165858143e+00 7.916409323684971078e+00 1.697818294234064274e+00 -8.940877316149480336e+00 -3.868645878165858143e+00 -8.940877316149480336e+00 2.165049135926433976e+01
-2.868056072348340813e+00 8.796959936079457032e-01 1.912648256128360913e+01 8.796959936079457032e-01 4.599643744931251277e+00 1.590981780857643457e+01 1.912648256128360913e+01 1.590981780857643457e+01 -1.269398073962940643e+01
-2.311174645363595914e+01 -1.902857559662952891e+00 7.299986981258129504e+00 -1.902857559662952891e+00 -2.115595677136730401e+01 -2.974678539106554997e-01 7.299986981258129504e+00 -2.974678539106554997e-01 -5.964317300338566952e+01
4.648943651590375925e-01 -1.195828219820931260e+01 -1.563170663274557803e+01 -1.195828219820931260e+01 7.316705877815400605e+00 7.454922171059588543e+00 -1.563170663274557803e+01 7.454922171059588543e+00 -1.186917905738669532e+01
-6.622965575709218733e+00 2.662804374837192678e-01 6.898589317049623304e+00 2.662804374837192678e-01 1.008768599167710001e+01 -4.826735882636429942e+00 6.898589317049623304e+00 -4.826735882636429942e+00 -1.873330934292701855e+01
5.455314337291238047e+01 -1.230799741030973848e+01 -4.049881170201419245e+00 -1.230799741030973848e+01 5.710569227515418333e+01 -1.501380906690418238e+00 -4.049881170201419245e+00 -1.501380906690418238e+00 -2.515082927955170522e+00
-2.333633410191966107e+01 1.956879808968075452e+01 -7.729693442989178820e+00 1.956879808968075452e+01 -2.105396616324009074e+01 -4.889284827642166320e+00 -7.729693442989178820e+00 -4.889284827642166320e+00 -1.211747341965825164e+01
-4.105655540482824506e+01 -1.745095416965191504e+01 2.351436526551779949e+01 -1.745095416965191504e+01 -4.148389372488649229e+01 1.962833643134001882e+00 2.351436526551779949e+01 1.962833643134001882e+00 -5.868384886104713871e+01
-1.715389178609113685e+01 9.304027634273411840e-01 -1.479754663622937372e+01 9.304027634273411840e-01 -3.356574667711714000e+01 1.092094853642716146e+01 -1.479754663622937372e+01 1.092094853642716146e+01 -5.471994691689140922e+01
-3.834740193296661914e+01 2.907391295220776328e+00 -7.706808340019483339e+00 2.907391295220776328e+00 -3.035709306915063976e+01 3.926893626374945434e+00 -7.706808340019483339e+00 3.926893626374945434e+00 -4.606539035873603893e+01
-1.058201327404785808e+01 8.919704005799792057e+00 -9.104654254351677523e+00 8.919704005799792057e+00 1.306085054436828097e+00 1.645318051965779560e+01 -9.104654254351677523e+00 1.645318051965779560e+01 -7.442279444809876132e+00
4.157998061340954621e+01 8.396505001294951587e-01 -1.708190468920086857e+01 8.396505001294951587e-01 5.475727319184473174e+01 -1.362963154555176892e+01 -1.708190468920086857e+01 -1.362963154555176892e+01 1.368037243543393799e+01
5.294105881375505618e+01 -4.406497512827078467e+00 6.258230525370335862e+00 -4.406497512827078467e+00 3.812233682986767747e+01 1.256293362131922642e+01 6.258230525370335862e+00 1.256293362131922642e+01 -1.465874514166076281e+01
7.479954207025572899e+00 2.511592821179331469e+00 -5.515207017739053086e+00 2.511592821179331469e+00 2.171140850534143851e+01 -3.159834314391470667e+00 -5.515207017739053086e+00 -3.159834314391470667e+00 -7.992965399677803839e-01
-1.696561575373206665e+01 5.540549642529005503e+00 -4.201983041904759020e+00 5.540549642529005503e+00 -3.133707034454287221e+00 1.673371257793658984e+01 -4.201983041904759020e+00 1.673371257793658984e+01 -3.246526244338716793e+01
2.585020940734219952e+00 5.199046007552298398e+00 5.384621466212309748e+00 5.199046007552298398e+00 -2.997074590241463099e+01 1.044007339509247601e+01 5.384621466212309748e+00 1.044007339509247601e+01 -5.759834416849121652e+01
-3.830291459297631462e+01 6.952816387972822199e+00 -9.835389225247316958e+00 6.952816387972822199e+00 -1.266973007346171265e+01 6.914646113217191470e+00 -9.835389225247316958e+00 6.914646113217191470e+00 -6.118358158906578836e+01
1.645146706225789401e+01 1.021795944253575250e+01 5.914534594695417091e+00 1.021795944253575250e+01 2.746357248050736111e+00 9.723216199538656568e+00 5.914534594695417091e+00 9.723216199538656568e+00 -1.669668552523430449e+01
2.197410824662860662e+01 9.233377062299894078e+00 1.703752471263983548e+00 9.233377062299894078e+00 -1.966021073254474416e+01 2.007818737260367925e+01 1.703752471263983548e+00 2.007818737260367925e+01 -2.009714416934593473e+01
-1.999686593062182993e+01 -9.999571069554182401e+00 -5.415976030237308336e+00 -9.999571069554182401e+00 -4.262297728903117644e+00 1.556396487814719087e+01 -5.415976030237308336e+00 1.556396487814719087e+01 -5.547474241760682645e+01
2.147036174414197873e+01 2.743613501583287828e+01 1.457571278445639162e+00 2.743613501583287828e+01 -4.508314214248496654e+00 1.522063192725996572e+01 1.457571278445639162e+00 1.522063192725996572e+01 -2.294328485583046628e+01
1.417077243119651442e+01 1.315067263868435177e+01 -5.666190797392106626e-01 1.315067263868435177e+01 1.463155519761922640e+01 1.420519639840253667e+01 -5.666190797392106626e-01 1.420519639840253667e+01 -6.019014728951315618e+00
2.513721772004635824e+01 7.506734705993370227e+00 2.335623998177141303e+01 7.506734705993370227e+00 5.932491465192446611e+01 1.173474173421816147e+01 2.335623998177141303e+01 1.173474173421816147e+01 -3.643335474996993728e-01
-4.707859024551193983e+00 1.021541927777243863e+01 -8.561105375836664422e+00 1.021541927777243863e+01 -9.346035464336960530e+00 -5.413246292678469906e+00 -8.561105375836664422e+00 -5.413246292678469906e+00 -3.075017841467808211e+01
-1.159132402442282128e+01 6.509780238667827845e+00 4.589692205890036902e+00 6.509780238667827845e+00 -3.063724676983949280e+01 -7.242756044526540649e+00 4.589692205890036902e+00 -7.242756044526540649e+00 -3.517823324772783877e+01
9.639165765176942458e+00 1.847889413639934730e+01 -6.773218998782212452e+00 1.847889413639934730e+01 1.481233337034290720e+01 -6.503460079055282783e+00 -6.773218998782212452e+00 -6.503460079055282783e+00 -1.616934950135644300e+01
1.101295816133310801e+01 4.308150853171651029e+00 -3.009011831024257067e+00 4.308150853171651029e+00 1.329505756339420053e+01 -1.067610132416303514e+01 -3.009011831024257067e+00 -1.067610132416303514e+01 -2.657522947277269765e+01
-1.477708562443362794e+01 -1.247000740164074273e+01 1.823948973643022953e+01 -1.247000740164074273e+01 -2.601962308228853615e+01 2.321024371652277818e+00 1.823948973643022953e+01 2.321024371652277818e+00 -4.594653495095435858e+01
-2.989022322134977117e+01 9.829122242926308317e+00 6.572166323311255276e+00 9.829122242926308317e+00 -1.328455517415778608e+01 3.757784516166262634e+00 6.572166323311255276e+00 3.757784516166262634e+00 -5.014333589679484504e+01
-4.205549145438968850e+01 1.506124948934721153e-01 9.907928504145145254e+00 1.506124948934721153e-01 -3.476597892132481604e+01 -7.505621040003251920e+00 9.907928504145145254e+00 -7.505621040003251920e+00 -5.490693918190437017e+01
-2.493914676447142753e+01 3.612262381929508770e+00 1.147445928127966752e+01 3.612262381929508770e+00 -1.392389051978988590e+01 -1.965084931491708486e+00 1.147445928127966752e+01 -1.965084931491708486e+00 -7.065438690329851568e+01
3.376957704824164352e+01 -5.247724259559165105e+00 1.534863372472492138e+01 -5.247724259559165105e+00 3.389830269521617367e+01 2.201992467182395163e+00 1.534863372472492138e+01 2.201992467182395163e+00 -9.700715558784446912e+00
9.399499369362240841e-01 3.744788126476927381e+00 -6.939603781364213297e+00 3.744788126476927381e+00 9.127369693804100237e+00 -3.244354695896308982e+00 -6.939603781364213297e+00 -3.244354695896308982e+00 2.054704780563859856e+01
4.105671577832355013e+01 9.436204538419085353e+00 -5.396916385557755547e+00 9.436204538419085353e+00 1.787681597745445927e+01 5.659962703031344411e+00 -5.396916385557755547e+00 5.659962703031344411e+00 -3.942444845040318668e+00
-2.176549531772670854e+00 -4.782708875527347026e+00 -7.107043244817098149e+00 -4.782708875527347026e+00 1.283590184678925361e+01 -7.122355837668751910e+00 -7.107043244817098149e+00 -7.122355837668751910e+00 -4.423931161713387183e+01
-2.130223519417404532e+01 1.690375616644760370e+01 -3.051506325680242604e+00 1.690375616644760370e+01 -5.152438780263613793e+00 -8.469887056177819673e+00 -3.051506325680242604e+00 -8.469887056177819673e+00 -3.548083985302194066e+01
3.684382655223080150e+01 -2.062584691740136034e+00 3.104962532609421011e+00 -2.062584691740136034e+00 1.985625473699067456e+01 -5.469166548837552710e+00 3.104962532609421011e+00 -5.469166548837552710e+00 -1.583113923428909775e+00
-1.821844231100250955e+00 1.398136336691116632e+01 1.144926465626801226e+00 1.398136336691116632e+01 7.334198237098143558e+00 -2.929934498387122233e+01 1.144926465626801226e+00 -2.929934498387122233e+01 1.003765962081283547e+01
2.050658252264059556e+01 -1.706729601565804799e+01 -1.100155685311304232e+01 -1.706729601565804799e+01 -3.438725692017945423e+00 -3.290216210251773354e+00 -1.100155685311304232e+01 -3.290216210251773354e+00 -1.572564204831024881e+01
-4.443679862778230927e+01 7.657774230005609084e+00 -6.188157554934504034e+00 7.657774230005609084e+00 -3.562172261558164621e+01 5.616761586091882030e+00 -6.188157554934504034e+00 5.616761586091882030e+00 -8.661408296706623844e+01
4.344383993765504215e+01 2.171180980828150098e+01 5.136857212989864863e+00 2.171180980828150098e+01 1.994903058984727195e+01 -5.345530640049917181e+00 5.136857212989864863e+00 -5.345530640049917181e+00 -6.172414231355217495e+00
4.684621425949882223e+01 1.276392733538459190e+01 8.892693326650045194e-01 1.276392733538459190e+01 2.978744962936796625e+01 -6.230579444517091225e+00 8.892693326650045194e-01 -6.230579444517091225e+00 -1.150948371512638291e+00
1.440186969962750574e+01 -3.641162457195049829e+00 -2.684567791544775206e-01 -3.641162457195049829e+00 1.795765720938826959e+01 6.159996491355187231e+00 -2.684567791544775206e-01 6.159996491355187231e+00 6.552103215421644755e+00
2.519454569940851041e+00 2.159087278486099493e+01 8.641540117179623337e+00 2.159087278486099493e+01 1.660623061124788080e+01 8.682204413010389032e+00 8.641540117179623337e+00 8.682204413010389032e+00 3.890773334342954026e+00
1.205291606119867254e+01 8.558343014571392349e-01 1.248378615662912061e+01 8.558343014571392349e-01 3.231532035942948511e+01 -9.565974825364611078e+00 1.248378615662912061e+01 -9.565974825364611078e+00 -3.031540081435577960e+00
2.177526212655343230e+01 1.674747260361487378e+01 -1.312149776710453075e+01 1.674747260361487378e+01 3.993205411898195933e+01 -1.515668809513980086e+01 -1.312149776710453075e+01 -1.515668809513980086e+01 8.047327767442396862e+00
2.058002927839827834e+01 1.209508289035021278e+01 -5.093134351735018939e+00 1.209508289035021278e+01 2.033141340483787474e+01 9.386101528610222289e+00 -5.093134351735018939e+00 9.386101528610222289e+00 -5.041768494488292340e+00
-1.249180321779429192e+01 -5.056035817572406721e+00 -9.168478376233347049e+00 -5.056035817572406721e+00 -7.633858708964806894e+00 2.910358527451230692e+00 -9.168478376233347049e+00 2.910358527451230692e+00 -1.728663228960177278e+01
-2.748660761903461314e+00 -5.895299053331440220e+00 -2.442180595618359540e+00 -5.895299053331440220e+00 1.672550689004447122e+01 3.414964847157596850e+00 -2.442180595618359540e+00 3.414964847157596850e+00 -1.119749051392000894e+01
-4.595929279217153152e+01 1.061860459608309704e+01 1.332045339849238452e+01 1.061860459608309704e+01 -3.601913249467061462e+01 1.121534923695588404e+01 1.332045339849238452e+01 1.121534923695588404e+01 -5.424668292310935414e+01
1.130899418992900918e+00 1.099749255300198136e+01 -1.822515540164119585e+01 1.099749255300198136e+01 -1.798828217806750951e+00 -9.730294295473076005e+00 -1.822515540164119585e+01 -9.730294295473076005e+00 -5.306585610951885457e+01
3.151881985056603952e+01 -4.263562076280986268e+00 5.786696033978354414e+00 -4.263562076280986268e+00 2.875463417697419999e+01 9.051883175470278431e+00 5.786696033978354414e+00 9.051883175470278431e+00 2.554584283108567888e+01
-1.837069235242071841e+01 1.488828080680951160e+01 -3.362673388552997267e+01 1.488828080680951160e+01 -3.459691032739733885e+01 -1.155647514235974604e+01 -3.362673388552997267e+01 -1.155647514235974604e+01 -4.727622158033880595e+01
-1.721993388768193967e+01 -6.630407274814571483e-01 -3.124789109588434588e+00 -6.630407274814571483e-01 -6.222759902185688308e-01 -8.496317423269411861e+00 -3.124789109588434588e+00 -8.496317423269411861e+00 -3.297832919509743022e+01
9.390735262942574479e+01 1.319693093612502999e+01 5.013141825547540620e+00 1.319693093612502999e+01 5.351928232464550916e+01 1.320630058380305982e+01 5.013141825547540620e+00 1.320630058380305982e+01 4.185436139000401568e+01
2.478376811699825311e+01 1.195622753454919618e+01 -2.226449974106950691e+01 1.195622753454919618e+01 8.781678236098244383e+00 -6.635524907801207739e+00 -2.226449974106950691e+01 -6.635524907801207739e+00 -1.782078595386887088e+01
-3.447002251953583141e+01 5.062391287719420596e+00 -2.841987536336478826e+00 5.062391287719420596e+00 -1.576215011123277598e+01 1.239418572410370539e-01 -2.841987536336478826e+00 1.239418572410370539e-01 -6.236755006168484528e+01
9.771603809354804326e+00 1.111600368542862816e+00 8.922145363045588695e+00 1.111600368542862816e+00 2.704132427307636366e+00 -4.718383659086545556e+00 8.922145363045588695e+00 -4.718383659086545556e+00 -1.343238962908534617e+01
3.574054469052604333e+01 -5.327009087217210670e+00 3.104959788652627006e-01 -5.327009087217210670e+00 2.751733277108029441e+01 2.772517290161925274e+00 3.104959788652627006e-01 2.772517290161925274e+00 1.035612138878754918e+00
4.080843036072562313e+01 6.267059299649091919e+00 -1.992991501686306677e+00 6.267059299649091919e+00 3.173535840564462873e+01 1.590422748222131144e+00 -1.992991501686306677e+00 1.590422748222131144e+00 -1.390719988854176359e+00
-1.156322224328881454e+01 8.321645502169976893e+00 8.586504454027547695e+00 8.321645502169976893e+00 -8.883877401594689971e+00 4.539462815237127025e+00 8.586504454027547695e+00 4.539462815237127025e+00 -2.332514589307539765e+01
2.412647074959117077e+01 -3.597412170068976067e+00 1.577133720720976662e+01 -3.597412170068976067e+00 2.024405042521790676e+01 3.389835178430161466e+00 1.577133720720976662e+01 3.389835178430161466e+00 -6.420235033410028791e+01
4.944326834727355191e+01 -1.531699483286204533e+01 1.204152437819567822e+01 -1.531699483286204533e+01 6.316168309490477384e+01 8.409878738732341930e+00 1.204152437819567822e+01 8.409878738732341930e+00 7.102959221741617313e+00
4.778322233423367749e+01 7.796218940493844229e+00 -1.166495825263931785e+01 7.796218940493844229e+00 2.039057920401832646e+01 1.698195650161128256e+01 -1.166495825263931785e+01 1.698195650161128256e+01 -2.515095418735835864e+01
1.602050605830341112e+01 -5.757911188154681170e+00 -1.499297989845031509e+01 -5.757911188154681170e+00 1.023579071754479308e+01 1.465872822246083285e+00 -1.499297989845031509e+01 1.465872822246083285e+00 -8.279339902724034417e+00
1.485851907927034254e+01 -1.392624643809593010e+01 1.717589510594521940e+01 -1.392624643809593010e+01 1.423735541088279888e+01 -1.953975653167354665e+01 1.717589510594521940e+01 -1.953975653167354665e+01 -1.450573251048477452e+00
-2.460920085452199757e+01 8.028061028074787941e+00 -9.847334551770028366e-01 8.028061028074787941e+00 -1.197135818976659749e+01 5.429116977408779299e+00 -9.847334551770028366e-01 5.429116977408779299e+00 1.828828465057981489e+01
5.684068076320524909e+00 4.314407710389615680e+00 2.379355043504315859e+01 4.314407710389615680e+00 6.696309592148498524e+00 2.670251318174085142e+01 2.379355043504315859e+01 2.670251318174085142e+01 -3.740351236544191948e+01
6.318013191824609187e+00 -5.248819722584439518e+00 8.897401997746223756e+00 -5.248819722584439518e+00 -3.265680572607537524e+00 -8.942386539689925584e+00 8.897401997746223756e+00 -8.942386539689925584e+00 -1.981126529886043741e+01
2.415596579743385064e+01 1.609040145348181294e+00 2.598064593135458367e+01 1.609040145348181294e+00 1.010474839095881272e+01 7.186734931279447736e+00 2.598064593135458367e+01 7.186734931279447736e+00 5.623909479307253712e+00
-1.498190067780868695e+01 6.912063421185188350e-01 -2.172489245494439558e+00 6.912063421185188350e-01 -1.513390382409924584e+01 -1.399277730642496920e+01 -2.172489245494439558e+00 -1.399277730642496920e+01 -4.292193929663483232e+01
-2.720253468679345943e+01 1.368918040179114781e+00 4.122436878151026995e+00 1.368918040179114781e+00 -3.383150190646052380e+01 1.005727030987685744e+01 4.122436878151026995e+00 1.005727030987685744e+01 -4.552837465292866170e+01
3.059951983135980047e+00 -3.148161069772345000e-01 -7.323713332985214208e+00 -3.148161069772345000e-01 -1.819893255506931240e+01 7.035981700111923587e+00 -7.323713332985214208e+00 7.035981700111923587e+00 -4.067451042027389008e+01
2.825669387850979675e+01 -3.714190732043623822e+00 -2.856158655197894802e+00 -3.714190732043623822e+00 5.140082280153556127e+01 -2.950787458438155397e+01 -2.856158655197894802e+00 -2.950787458438155397e+01 2.152790055937150271e+01
-2.697085995010105108e+01 -6.099024344866523784e+00 -1.866584523108636162e+01 -6.099024344866523784e+00 -1.575144155830636450e+01 9.223702463230196713e+00 -1.866584523108636162e+01 9.223702463230196713e+00 3.385249107295384974e+00
-2.425804565374073363e+01 -7.018640366284405907e+00 -1.331912100315503800e+01 -7.018640366284405907e+00 -6.106102492875371546e+00 8.062392640514444153e+00 -1.331912100315503800e+01 8.062392640514444153e+00 -4.567757859532463982e+01
-8.960004129163248621e+00 -2.461415315257329084e+01 1.531441683750668403e+01 -2.461415315257329084e+01 -2.287180320536766587e+01 1.989147518153492911e+01 1.531441683750668403e+01 1.989147518153492911e+01 -4.316232404757297303e+01
2.874495677267175608e+01 -1.583047530242371437e+00 -7.482029065491315301e+00 -1.583047530242371437e+00 3.015561873175884955e+01 -1.367207596982945361e+01 -7.482029065491315301e+00 -1.367207596982945361e+01 3.381430032197909696e+01
-1.803995588904632541e+01 2.607753613800177561e+01 -1.633633604948697737e+01 2.607753613800177561e+01 -2.243345669422413025e+01 -5.799445237964115485e+00 -1.633633604948697737e+01 -5.799445237964115485e+00 -4.320434536674407155e+01
-7.588936649246792676e+00 1.274005845284220761e+01 -1.536395547528878192e-01 1.274005845284220761e+01 -1.985176506845352407e+01 4.486210156768250634e+00 -1.536395547528878192e-01 4.486210156768250634e+00 -5.712294149839630819e+01
6.767357092983186817e+01 -1.397883380683114041e+01 9.793759160481320336e+00 -1.397883380683114041e+01 4.439694254913141691e+01 1.797800509945994207e+01 9.793759160481320336e+00 1.797800509945994207e+01 3.436282315326288028e+01
1.359674259724461365e+01 -2.085152796181577628e+01 1.005044755032613146e+01 -2.085152796181577628e+01 -5.749146925395771213e+00 -3.053594658759346103e+00 1.005044755032613146e+01 -3.053594658759346103e+00 1.438485795357445340e+01
5.837022621925041399e+00 -2.468569626460252575e+00 -2.040567489373290664e-03 -2.468569626460252575e+00 5.558009486798671794e+00 1.665344354646605352e+00 -2.040567489373290664e-03 1.665344354646605352e+00 5.672853452357691673e+00
2.068397151796549094e-01 5.476097568393448967e+00 -1.881099541417719223e+01 5.476097568393448967e+00 1.570741066806594510e+01 -1.494024706460130680e+01 -1.881099541417719223e+01 -1.494024706460130680e+01 -1.948040353825513904e+01
-8.626337295519029169e+00 1.051513917665483522e+00 5.042680020324377566e+00 1.051513917665483522e+00 -3.329814290232335328e+00 5.540454596924877961e+00 5.042680020324377566e+00 5.540454596924877961e+00 -1.324130751321673349e+00
6.569625909051216794e+00 -4.424326567346857919e-01 7.885681967023226768e+00 -4.424326567346857919e-01 1.163591653647123536e+01 7.809782938167852073e+00 7.885681967023226768e+00 7.809782938167852073e+00 3.088577459171034789e+01
-1.069205975511177265e+01 -1.818982468806148001e+00 9.539840156011577532e-01 -1.818982468806148001e+00 -2.126895548914246348e+01 6.137283506659811927e+00 9.539840156011577532e-01 6.137283506659811927e+00 1.363986018869573336e+01
-4.511419105119558282e+01 -1.481233566343981600e+01 6.819876782869499721e+00 -1.481233566343981600e+01 -4.845719038895128961e+01 7.701216469843679135e+00 6.819876782869499721e+00 7.701216469843679135e+00 -7.933893527164970294e+01
-6.221578692524873588e+01 5.930552788793296060e+00 -7.535593719173534488e+00 5.930552788793296060e+00 -3.356589803282444961e+01 1.516163062463886568e+01 -7.535593719173534488e+00 1.516163062463886568e+01 -7.055773155388908435e+01
-1.685797121518924868e+01 1.053047013682929034e+01 -1.366565680125980897e+01 1.053047013682929034e+01 -8.439203239987747907e+00 -7.751547101607329182e+00 -1.366565680125980897e+01 -7.751547101607329182e+00 -4.088311678568462071e+01
-1.438518162741050155e+01 5.098008826659445880e+00 -7.679942401314089617e-02 5.098008826659445880e+00 -1.448375739691520891e+01 -7.511591591463486317e+00 -7.679942401314089617e-02 -7.511591591463486317e+00 -4.547216241974948048e+01
2.235700120765738674e+01 3.051894652243858808e+00 -1.085566747686287847e+01 3.051894652243858808e+00 1.362519171178015398e+01 2.358593003652989850e+01 -1.085566747686287847e+01 2.358593003652989850e+01 -2.516016068839196862e+01
-3.019563159030647626e+01 7.633246085427392025e-02 4.180146497006981612e-03 7.633246085427392025e-02 -1.876537182796473857e+01 1.324220397784794123e+01 4.180146497006981612e-03 1.324220397784794123e+01 -9.095603156479439733e+00
-1.496215736592305134e+01 1.934970797343674720e+00 2.489549411350810704e-01 1.934970797343674720e+00 -2.490690397170520853e+01 -6.020461150403454198e+00 2.489549411350810704e-01 -6.020461150403454198e+00 5.874042709342880642e+00
-7.046574462561317809e+00 -1.637842335829902396e+01 -7.988778202228603575e+00 -1.637842335829902396e+01 1.248638862632233559e+00 9.795812320886787106e+00 -7.988778202228603575e+00 9.795812320886787106e+00 8.385848865905170868e+00
2.343026317004468062e+00 -1.670733092984037160e+00 6.118538864980131997e+00 -1.670733092984037160e+00 -4.676494374393807441e+00 -1.857937400430939467e+00 6.118538864980131997e+00 -1.857937400430939467e+00 -1.266213063860271149e+01
7.863980749795113745e+00 1.203513232208773509e+01 -7.737160128646314305e+00 1.203513232208773509e+01 -8.125808044144278597e+00 -9.766648119046513088e+00 -7.737160128646314305e+00 -9.766648119046513088e+00 4.562537532644882710e+00
2.700280999714237495e+01 7.686808429313829905e+00 -1.282668390572339057e+00 7.686808429313829905e+00 3.711505270428794034e+01 3.559194345431270001e+00 -1.282668390572339057e+00 3.559194345431270001e+00 3.829761124147993634e+00
2.278352918535240690e+01 -6.288068882342443544e+00 -2.298055783038574518e+01 -6.288068882342443544e+00 4.348925826006695416e+01 4.907960113449433948e+00 -2.298055783038574518e+01 4.907960113449433948e+00 2.042641680805914906e+00
-4.467764824057107376e+01 -3.789143065150671230e+00 2.181522388337692675e+01 -3.789143065150671230e+00 -5.153145479325622347e+01 -1.252499538302398463e-01 2.181522388337692675e+01 -1.252499538302398463e-01 -4.525766268098156075e+01
-1.860569727378444327e+01 1.262511047364785988e+01 -1.264224394396282491e+01 1.262511047364785988e+01 1.758415507759676921e-01 2.655516564116273681e+00 -1.264224394396282491e+01 2.655516564116273681e+00 -2.218800049391171569e+01
-1.580840369855253158e+01 1.185835728011489465e+01 2.931952513430358120e+00 1.185835728011489465e+01 -5.764003228150615499e+00 -4.952844390875870140e+00 2.931952513430358120e+00 -4.952844390875870140e+00 -2.874743889191995194e+01
-6.319709015062683122e+00 -1.461918095817295704e+00 -6.068383327245028269e+00 -1.461918095817295704e+00 -2.733070738960759360e+00 4.935616445974418731e+00 -6.068383327245028269e+00 4.935616445974418731e+00 -2.176300327891783581e+01
2.476045424949184337e+01 4.953068515353594575e-02 -8.804808534269335851e+00 4.953068515353594575e-02 3.815667509794303669e+01 5.910402311745296622e+00 -8.804808534269335851e+00 5.910402311745296622e+00 -8.315030148105790886e+00
-1.766248796551954925e+01 3.036471899559078480e+00 -4.800531208898697777e+00 3.036471899559078480e+00 -4.686980830978217383e-01 -5.119082572000874798e+00 -4.800531208898697777e+00 -5.119082572000874798e+00 -3.485199693210164895e+01
1.510942042238899319e+01 1.040752770426115070e+01 1.143726635266105518e+01 1.040752770426115070e+01 5.280419379726406071e+00 6.073457968560668441e+00 1.143726635266105518e+01 6.073457968560668441e+00 -4.704388428786899112e+01
-3.800612932941178457e+01 -6.874828311554205484e+00 -8.293453657352646502e+00 -6.874828311554205484e+00 -5.593848199981954394e+01 1.851585067517950434e-01 -8.293453657352646502e+00 1.851585067517950434e-01 -6.169385940904433596e+01
1.251441439438691816e+01 -4.141958971680830714e+00 -1.227135531883024600e+00 -4.141958971680830714e+00 7.337074039951526849e+00 1.561982891753524560e+00 -1.227135531883024600e+00 1.561982891753524560e+00 -2.917075164039945179e+01
-2.327633842304313205e+01 4.745235236002931956e+00 -9.533076970680157913e+00 4.745235236002931956e+00 -7.805007936996133822e+00 -9.016293407660048942e+00 -9.533076970680157913e+00 -9.016293407660048942e+00 -5.173920093879826254e+01
-3.704984802773962471e+00 -4.004700028994574029e-03 7.642843274322569158e+00 -4.004700028994574029e-03 3.031623097898731856e-01 -1.541168614322827857e+01 7.642843274322569158e+00 -1.541168614322827857e+01 -4.012668875128219526e+01
-2.720558985700430554e+01 1.388955229488036203e+01 4.431621326334154176e+00 1.388955229488036203e+01 -2.808042665784570602e+01 -2.114205587083601401e+00 4.431621326334154176e+00 -2.114205587083601401e+00 -3.239163016839180642e+01
-1.645814648183236528e+01 1.368091036057031396e+01 -1.167549834729532998e+00 1.368091036057031396e+01 -8.213293742247550711e+00 4.015695748087859229e+00 -1.167549834729532998e+00 4.015695748087859229e+00 -7.849014645365292608e+01
4.235281552215200662e+01 1.557729770166897687e+01 -8.797089728277700971e+00 1.557729770166897687e+01 3.348468299466983922e+01 1.659930021329559935e+01 -8.797089728277700971e+00 1.659930021329559935e+01 5.016824457471678045e-01
-7.329651195880931169e+00 8.361980831796366198e-01 3.114862027010937062e+00 8.361980831796366198e-01 -1.800243653931373089e+01 -5.447949724844655783e+00 3.114862027010937062e+00 -5.447949724844655783e+00 -7.979398705255318802e+00
-1.642454496629833338e+00 3.076962094385740087e+00 1.344633658679089550e+01 3.076962094385740087e+00 -6.596682220381257622e+00 -1.937131039741871064e+01 1.344633658679089550e+01 -1.937131039741871064e+01 -2.715352070859341893e+01
-2.408122895021366006e+01 -1.514831399735856898e+00 9.942148140666060563e-01 -1.514831399735856898e+00 -1.869746280299080254e+01 5.698036694447194961e+00 9.942148140666060563e-01 5.698036694447194961e+00 -1.419973487238088161e+01
-1.000157558795152113e+01 -7.409038782605265716e+00 -5.433892441594656120e+00 -7.409038782605265716e+00 1.192557847901570334e+01 -5.857161255886999207e+00 -5.433892441594656120e+00 -5.857161255886999207e+00 -1.538395695226398630e+01
1.586361724275719354e+01 -6.897872516108927599e+00 -4.412441461457862424e+00 -6.897872516108927599e+00 1.612372366361974585e+01 1.007308566313780851e+01 -4.412441461457862424e+00 1.007308566313780851e+01 -2.170862295336167591e+01
-2.256880738622663785e+01 -1.417324856966239777e+00 -4.932618159506395317e-02 -1.417324856966239777e+00 -1.757716948108534738e-01 -2.626770863114878285e+00 -4.932618159506395317e-02 -2.626770863114878285e+00 -3.968854423997269976e+01
-7.373299897781274481e+00 -9.753972715597173604e+00 -4.693845260230816052e+00 -9.753972715597173604e+00 -1.577357982072008191e+01 -3.453638175674332567e-02 -4.693845260230816052e+00 -3.453638175674332567e-02 1.836010912865757660e+01
3.304663953968730539e+01 -5.684383141639655967e+00 1.544009933449765981e+01 -5.684383141639655967e+00 2.195115292613309421e+01 7.221266339730249229e+00 1.544009933449765981e+01 7.221266339730249229e+00 -6.198599648904290049e+00
-1.270297187188799803e+00 5.731192567922300807e-01 -3.578278943597033024e+00 5.731192567922300807e-01 5.225420242122515546e+00 6.354424332211126014e+00 -3.578278943597033024e+00 6.354424332211126014e+00 1.401723385807124700e+01
