-1.457103575635953163e+01 -6.694041138650960399e+00 -9.062769777621700884e-01 -6.694041138650960399e+00 -9.050123956085830201e+00 3.725536292989576559e+00 -9.062769777621700884e-01 3.725536292989576559e+00 -3.584341866610351701e+00
-1.532357620147503141e+01 -7.810971197914719610e+00 -3.656596621338509934e+00 -7.810971197914719610e+00 -1.644840882225090395e+00 -6.730181719022700904e-01 -3.656596621338509934e+00 -6.730181719022700904e-01 1.129689194715039946e+01
3.957846442221925543e+01 6.203251309605296804e+00 -3.881987312624055164e+00 6.203251309605296804e+00 3.647625795739504184e+01 -1.839652321515260036e+00 -3.881987312624055164e+00 -1.839652321515260036e+00 1.887981056091067700e+01
2.879300091579622745e+01 -2.164321224655136877e+00 2.465426097862554844e+00 -2.164321224655136877e+00 3.117649407983462595e+01 4.878021013690654328e+00 2.465426097862554844e+00 4.878021013690654328e+00 1.397669477732167387e+01
-3.173686843250207090e+01 3.937887354529427064e+00 -7.984031122205962339e-01 3.937887354529427064e+00 -2.246062031502483691e+01 -1.311638617729262934e+00 -7.984031122205962339e-01 -1.311638617729262934e+00 -1.402403850125243601e+00
-8.655026327619340654e-01 -1.280655716111433584e+00 1.438667399844534955e+00 -1.280655716111433584e+00 6.756225058727715727e+00 2.511611151172088885e+00 1.438667399844534955e+00 2.511611151172088885e+00 1.740179504051892678e+01
-1.620968858819758296e+01 4.582123366336707804e+00 3.466118110689443199e+00 4.582123366336707804e+00 -3.903860696609633862e+00 -2.744092808636165781e+00 3.466118110689443199e+00 -2.744092808636165781e+00 1.074068630952112535e+01
1.480838000554590828e+01 2.155784005450547713e+00 6.438755062270077545e+00 2.155784005450547713e+00 1.214043878627257556e+01 -3.364585903711865278e+00 6.438755062270077545e+00 -3.364585903711865278e+00 -4.231164190970883254e+00
-2.165283681537874472e+01 -3.165932497033260073e+00 -2.302679631053901943e+00 -3.165932497033260073e+00 -2.086560579546168270e+01 2.990302698627417266e-01 -2.302679631053901943e+00 2.990302698627417266e-01 -1.098792612816573211e+01
-2.838884736713075796e+01 5.856937355957798630e+00 -1.224417069665091784e+00 5.856937355957798630e+00 -2.779323193773015888e+01 -4.513359544279225588e+00 -1.224417069665091784e+00 -4.513359544279225588e+00 -1.488165509076169180e+01
-8.356582332510633648e+00 -4.271531279377676071e+00 -4.477466864099335919e-01 -4.271531279377676071e+00 -2.673929156350092207e+00 -1.423611334568308795e+00 -4.477466864099335919e-01 -1.423611334568308795e+00 1.193945818054307395e+01
-3.210604651232732465e+01 -2.788652482987052483e+00 1.125138442951945761e+00 -2.788652482987052483e+00 -2.007821762413447075e+01 -5.167348601370032324e-02 1.125138442951945761e+00 -5.167348601370032324e-02 -1.000952575862037897e+01
-6.450199212015204964e+00 -5.565740487892643085e-01 1.019618584405396433e+00 -5.565740487892643085e-01 3.017293097727803630e+00 -1.052509943203127518e+00 1.019618584405396433e+00 -1.052509943203127518e+00 9.234017138659957880e+00
4.169536699283822756e+00 -1.733210133592129054e+00 2.281834278567795860e+00 -1.733210133592129054e+00 1.155205175912625570e+01 4.212100137288939727e+00 2.281834278567795860e+00 4.212100137288939727e+00 1.295676765885756687e+01
-1.731766267271001070e+01 -5.722128208257222681e+00 -5.780611203604354209e+00 -5.722128208257222681e+00 -1.468183816213475801e+01 -3.913106437875773835e+00 -5.780611203604354209e+00 -3.913106437875773835e+00 5.743658157711791112e+00
8.127304067752763928e+00 2.413719458858577305e+00 7.340370061980640015e-01 2.413719458858577305e+00 4.795576703365962423e+00 -1.267824492431879113e+00 7.340370061980640015e-01 -1.267824492431879113e+00 1.649332943952170893e+01
-1.246258758435553204e+01 -5.305123540154633943e+00 1.180363624834605663e+00 -5.305123540154633943e+00 -7.128699588460356118e+00 3.169208532707226134e+00 1.180363624834605663e+00 3.169208532707226134e+00 9.780476811090723643e+00
-1.141722619854443760e-01 3.283066488054545484e+00 2.814946084516487979e+00 3.283066488054545484e+00 5.576954025518244151e+00 2.252051063598091929e+00 2.814946084516487979e+00 2.252051063598091929e+00 2.670610922508605878e+00
3.835983078405526214e+01 3.128759967189230107e+00 8.197694006057627547e+00 3.128759967189230107e+00 3.636812976807685516e+01 -6.937742128430332000e-01 8.197694006057627547e+00 -6.937742128430332000e-01 2.160936923492323913e+01
1.017920945705901126e+01 2.482108434719688894e+00 -4.332215499366573574e+00 2.482108434719688894e+00 1.173604780011313586e+01 -1.857605431867948298e-01 -4.332215499366573574e+00 -1.857605431867948298e-01 1.221344610234731753e+01
6.021332344795506053e+00 4.628010457213469486e+00 -3.522960657017517594e+00 4.628010457213469486e+00 -4.348352131789514630e-01 -5.056203487727070289e+00 -3.522960657017517594e+00 -5.056203487727070289e+00 5.740599848582272458e+00
3.625021086479749499e+01 -9.767628262934482386e-01 -2.971604573002850191e+00 -9.767628262934482386e-01 3.510466500187303751e+01 -9.229955788660211269e-01 -2.971604573002850191e+00 -9.229955788660211269e-01 2.791885858724629799e+01
4.926897154593811479e+01 1.456964358246963798e-01 6.665827814625611580e+00 1.456964358246963798e-01 5.614622665967716131e+01 -8.772761033804247432e+00 6.665827814625611580e+00 -8.772761033804247432e+00 2.772935753072156473e+01
-1.664303937406494427e+01 7.325596618388876546e-01 -5.517630383499547708e-01 7.325596618388876546e-01 -3.781045481217478965e+00 -3.560364932108768699e+00 -5.517630383499547708e-01 -3.560364932108768699e+00 1.253954458455123167e+01
-3.931610406516042877e-01 -5.765893913313316688e+00 -9.094407173365389951e+00 -5.765893913313316688e+00 -3.649259631293717110e+00 -1.053653644518620069e+01 -9.094407173365389951e+00 -1.053653644518620069e+01 -5.777078360031037141e-01
7.528384539931340491e+00 3.890419458392954333e+00 -2.031133704468101708e+00 3.890419458392954333e+00 1.651948944016092158e+00 -6.130889153580979523e-01 -2.031133704468101708e+00 -6.130889153580979523e-01 9.785221678018920954e+00
-1.572524602539352934e+01 3.882105590371223602e+00 -6.208154123751746134e+00 3.882105590371223602e+00 -1.212646626247257409e+01 -6.353617557203844690e+00 -6.208154123751746134e+00 -6.353617557203844690e+00 -1.291867721824171866e+00
-7.457665667180263469e+00 -4.845039482198060021e+00 1.536190499340695181e+00 -4.845039482198060021e+00 -1.051341166263094173e+01 -8.706387041068230914e-01 1.536190499340695181e+00 -8.706387041068230914e-01 -8.803301618530866790e+00
3.776482882133058894e+01 4.405540386502904582e+00 5.483270503339611857e+00 4.405540386502904582e+00 3.719436440497371166e+01 -1.762140933744928750e+00 5.483270503339611857e+00 -1.762140933744928750e+00 2.701698915498805675e+01
-2.942837429835533758e+00 9.432142153752581137e+00 3.513793858229569800e+00 9.432142153752581137e+00 -9.258644902716413938e+00 6.253410907213717562e-02 3.513793858229569800e+00 6.253410907213717562e-02 1.189942326088512736e+01
4.338302537012237536e+01 7.635881810691232952e-01 2.379795397280785707e+00 7.635881810691232952e-01 4.070028462557512228e+01 4.094370686920300706e+00 2.379795397280785707e+00 4.094370686920300706e+00 4.004015390359055715e+01
-6.757946509630286869e+00 1.630977813161756496e+00 -1.418529865047934768e+00 1.630977813161756496e+00 -1.418454360946960691e+01 3.860668827002913250e+00 -1.418529865047934768e+00 3.860668827002913250e+00 -5.616427463038282220e+00
-6.370650034165293185e+00 9.533154847153101130e+00 -5.567271767703666718e+00 9.533154847153101130e+00 -4.026336542365132942e+00 3.551028311851378128e+00 -5.567271767703666718e+00 3.551028311851378128e+00 2.533320656712588104e+00
-4.047149564698069746e+00 2.128948903574167328e+00 -5.403454294468819974e+00 2.128948903574167328e+00 1.009764744708971707e+00 -3.335692987490559869e+00 -5.403454294468819974e+00 -3.335692987490559869e+00 6.363394853378268046e+00
2.270866153665961207e+01 -5.427216564622463935e+00 -2.057734745273416266e+00 -5.427216564622463935e+00 2.299674199447823142e+01 -2.925926821840318937e-02 -2.057734745273416266e+00 -2.925926821840318937e-02 9.967416721103196764e+00
9.105081162296563946e+00 1.416228216038113885e+00 1.722553806405198618e+00 1.416228216038113885e+00 5.160513302654642587e+00 5.711500967918443195e+00 1.722553806405198618e+00 5.711500967918443195e+00 1.767786816984276088e+00
-6.745491197384615667e+00 4.725579928850678790e+00 -2.552160494844916805e+00 4.725579928850678790e+00 -8.828122259299792107e-01 4.799090592203795858e+00 -2.552160494844916805e+00 4.799090592203795858e+00 -7.773874106752574065e-01
-8.206622841778628441e+00 -3.742317148177884967e+00 4.329559340716913063e+00 -3.742317148177884967e+00 -9.852138510533251292e+00 -8.836628558728975236e+00 4.329559340716913063e+00 -8.836628558728975236e+00 3.411174840578021783e+00
-1.498377721202012403e+00 -4.710445554492456388e+00 -2.016804058128723653e+00 -4.710445554492456388e+00 -3.056391511990852017e+00 6.382165726145774265e+00 -2.016804058128723653e+00 6.382165726145774265e+00 9.288103109818482750e+00
5.245250791721760564e+00 -3.043379543189755232e+00 6.937927995657374503e+00 -3.043379543189755232e+00 1.155835011323893902e+01 4.701526347299276765e+00 6.937927995657374503e+00 4.701526347299276765e+00 3.175680264763186544e-01
4.562526406965554671e+00 -6.602780498422424316e+00 -8.817828545268228124e-01 -6.602780498422424316e+00 4.815268652799951532e+00 2.542589020709331127e+00 -8.817828545268228124e-01 2.542589020709331127e+00 6.187923651476009645e+00
3.050574632070731429e+00 -9.415941555256777562e+00 4.248439911798751467e+00 -9.415941555256777562e+00 -6.114440304398335080e+00 -6.531792670567442727e+00 4.248439911798751467e+00 -6.531792670567442727e+00 1.154198046537687361e+01
-1.408683834783394317e+01 -1.541859276011948721e+00 -9.938435441399897652e-01 -1.541859276011948721e+00 -4.528211498806868462e+00 1.148473030968093722e+00 -9.938435441399897652e-01 1.148473030968093722e+00 1.058958038650235522e+01
2.947433017343438166e+01 -5.012585394032269548e+00 -3.751442003116032264e+00 -5.012585394032269548e+00 2.493163125208662834e+01 -1.161636456417898255e+00 -3.751442003116032264e+00 -1.161636456417898255e+00 1.797363610671793310e+01
-1.789458359106275864e+01 -5.961209798182258712e-01 -5.230114489592503801e+00 -5.961209798182258712e-01 -1.246345681514899439e+01 -5.302046583338657193e+00 -5.230114489592503801e+00 -5.302046583338657193e+00 -1.238606847504176933e+01
-1.548726084406501968e+01 5.068709537886074479e+00 -1.751959814410466998e-01 5.068709537886074479e+00 -9.635636189705047983e+00 -3.317341280193195185e+00 -1.751959814410466998e-01 -3.317341280193195185e+00 4.769531427841594784e+00
4.516441484683619478e+01 -1.498697824304165760e+00 2.897170860231589096e+00 -1.498697824304165760e+00 4.307676655744791816e+01 -2.177249749809041290e+00 2.897170860231589096e+00 -2.177249749809041290e+00 3.236200961309798174e+01
-3.961966090261828999e+00 -1.285614164028843875e+00 -4.160954438505082287e+00 -1.285614164028843875e+00 3.745163195468645956e+00 -4.389515207460153445e-01 -4.160954438505082287e+00 -4.389515207460153445e-01 1.438941628281207130e+01
-8.984022113432470036e+00 2.444272976243215378e+00 -4.402909161876769950e+00 2.444272976243215378e+00 -5.735883032832657769e+00 -4.042501436371508383e+00 -4.402909161876769950e+00 -4.042501436371508383e+00 7.252217344453412373e+00
-9.085683282223399715e+00 -2.064542632167162495e+00 -1.225826624865107739e+00 -2.064542632167162495e+00 -1.211871576141849483e+00 -5.126080191506278361e+00 -1.225826624865107739e+00 -5.126080191506278361e+00 1.634646673603310418e+01
