1.566516232155724175e+01 5.507288966172156464e+00 1.482586173533798624e+00 5.507288966172156464e+00 1.378546088865422448e+01 -5.575179320985037990e+00 1.482586173533798624e+00 -5.575179320985037990e+00 8.256901160833049147e+00
-1.636281219104886375e+01 -5.451707609203837457e+00 3.618436425583742011e+00 -5.451707609203837457e+00 -2.801741401766698303e+01 8.509163388188746069e+00 3.618436425583742011e+00 8.509163388188746069e+00 3.249551252105318699e+00
5.364936416429684130e+01 -1.248057761056327264e+00 1.017260328154840821e+01 -1.248057761056327264e+00 4.985642100943451993e+01 7.966093668470878297e-01 1.017260328154840821e+01 7.966093668470878297e-01 4.840553124490018178e+01
4.052535402972142542e+00 -1.806545280355192062e+01 2.616366899318585126e+00 -1.806545280355192062e+01 -2.724067641879916124e+01 1.065085448698685866e+01 2.616366899318585126e+00 1.065085448698685866e+01 -4.415904412500091247e+00
1.861057092670802326e+00 6.744939656201898615e+00 6.190773062079266698e-01 6.744939656201898615e+00 -2.384653071679703729e+01 -4.306317922028881640e+00 6.190773062079266698e-01 -4.306317922028881640e+00 3.461716561278505910e+00
-1.743906579794598244e+01 3.352491037314315747e+00 7.852476946171933925e+00 3.352491037314315747e+00 -4.013011093623372716e+01 -9.627013694109869846e+00 7.852476946171933925e+00 -9.627013694109869846e+00 -1.169035066802753597e+01
-1.487009011716006412e+01 6.083464860027616439e+00 9.108514814297691942e+00 6.083464860027616439e+00 -2.462091496468222829e+01 -1.484099354062740517e+01 9.108514814297691942e+00 -1.484099354062740517e+01 -1.232611671751348581e+01
3.347396307152583717e+01 -7.588947492195670996e+00 1.867268324761512943e+01 -7.588947492195670996e+00 3.558494607873066684e+01 -3.269801592311049609e-01 1.867268324761512943e+01 -3.269801592311049609e-01 2.807564119381430956e+01
-7.945658360838497636e+00 7.724650666323028325e+00 6.077556503525312515e+00 7.724650666323028325e+00 5.763859320259989705e-01 -5.933627740233455405e+00 6.077556503525312515e+00 -5.933627740233455405e+00 -1.627468431371701385e+01
-3.241621939415658460e+01 2.819804961536115151e+00 -2.047231310764805745e-01 2.819804961536115151e+00 -1.673838144332912137e+01 -9.947550403551516096e-01 -2.047231310764805745e-01 -9.947550403551516096e-01 -2.326046354768444147e+01
-1.437881848430244425e+01 4.912369240377271851e+00 6.230670491719841664e+00 4.912369240377271851e+00 -4.566608194533534260e+01 4.716512121414355718e+00 6.230670491719841664e+00 4.716512121414355718e+00 -6.058554291036802320e-02
-1.690733173284393942e+01 -5.130863699449278670e+00 2.213338617348318849e+01 -5.130863699449278670e+00 -7.705201988051459949e+00 1.776758339600140291e+00 2.213338617348318849e+01 1.776758339600140291e+00 -9.941857764003145803e+00
-5.264336996320614581e+00 -1.306719676875621960e+00 1.303533903962546425e+00 -1.306719676875621960e+00 -1.528497476423008905e+01 2.219254506664175786e+00 1.303533903962546425e+00 2.219254506664175786e+00 -2.084934174380269312e+01
2.621610236725939558e+01 1.968330237948163086e+00 2.312669081397501714e+00 1.968330237948163086e+00 -8.380421169668076375e-01 1.280801784634699381e+01 2.312669081397501714e+00 1.280801784634699381e+01 2.692389082403350287e+01
-6.717469694720616502e+00 -1.621337370208544471e+01 1.342765540569924276e+01 -1.621337370208544471e+01 -1.446036652981534409e+01 7.844931587108027848e+00 1.342765540569924276e+01 7.844931587108027848e+00 1.471932394776817032e+00
-2.288937384598371239e+01 -4.732925271881039397e-01 1.580429057126795600e+00 -4.732925271881039397e-01 -6.765316875181926548e+01 -8.817085847026133294e+00 1.580429057126795600e+00 -8.817085847026133294e+00 -3.646096212155048022e+01
-5.131836773167207433e+00 7.843099096817510052e+00 1.912462790353783859e+01 7.843099096817510052e+00 -2.354363816182646119e+01 -6.331935191526558704e-01 1.912462790353783859e+01 -6.331935191526558704e-01 1.147991086072636158e+01
-1.032228660977810186e+01 -3.671648586467461062e+00 1.186605026208852998e+00 -3.671648586467461062e+00 -2.066702431279046337e+01 1.940208054000140958e+00 1.186605026208852998e+00 1.940208054000140958e+00 -6.247333161180257832e+00
-1.626407352239197479e+01 2.555166860154223940e+01 2.221094671783296093e+01 2.555166860154223940e+01 -4.277773185323142968e+01 1.821302254278671029e+01 2.221094671783296093e+01 1.821302254278671029e+01 -2.301738261527881590e+01
-2.194200140213274963e+01 -4.140439399995470837e-01 -1.772273272921791598e+00 -4.140439399995470837e-01 -4.240553832669832701e+01 8.603798789956327298e+00 -1.772273272921791598e+00 8.603798789956327298e+00 -2.953001899313126799e+01
-2.611422012882806509e+00 6.440721437770820401e+00 4.337504907097210705e+00 6.440721437770820401e+00 -1.077885046195648222e+01 -6.940051394408219387e+00 4.337504907097210705e+00 -6.940051394408219387e+00 -1.499732317737043452e+01
1.720982961475173667e+01 2.007993708598418525e+00 2.181771380739324329e+01 2.007993708598418525e+00 3.043202002561631758e+01 -3.795266183205989297e+00 2.181771380739324329e+01 -3.795266183205989297e+00 2.427187231910635745e+01
-2.721008896441869496e+00 -5.696600882375622454e+00 3.063283012322251864e+00 -5.696600882375622454e+00 3.104311889457401108e+00 1.123231463855005607e+01 3.063283012322251864e+00 1.123231463855005607e+01 4.652091663543178157e+00
-1.669172025498953005e+01 -2.025412315615861303e+01 1.956852827115307392e+00 -2.025412315615861303e+01 -3.116501038503302112e+01 2.524569307529609397e+00 1.956852827115307392e+00 2.524569307529609397e+00 -4.883415052992893024e+00
-2.249124915532751601e+01 6.001128651248810897e+00 2.563600334477556419e+00 6.001128651248810897e+00 -1.873314974900925023e+01 -4.433677832622249682e+00 2.563600334477556419e+00 -4.433677832622249682e+00 -2.265023251989655861e+01
-2.279482591992091045e+01 3.197897137401502832e+00 4.171774324863494421e+00 3.197897137401502832e+00 -6.219317280826202676e+01 -3.258100234396509087e+00 4.171774324863494421e+00 -3.258100234396509087e+00 -2.789059940465686793e+01
2.741766738125221181e+01 1.178865125541949510e+01 8.870556800575092993e+00 1.178865125541949510e+01 -2.810232457552854868e+01 -1.227673121358950503e+01 8.870556800575092993e+00 -1.227673121358950503e+01 2.488833944944825660e+01
-1.168100955182575085e+01 2.378467326316548025e+01 3.144466442644401116e+00 2.378467326316548025e+01 -2.851129855283169334e+01 -2.761648464389457214e+00 3.144466442644401116e+00 -2.761648464389457214e+00 -1.536509138042867839e+01
2.970112420920120044e+01 -1.094506797466010006e+01 1.463603034198280284e+01 -1.094506797466010006e+01 -2.328795988731879874e+01 5.044094607276628395e+00 1.463603034198280284e+01 5.044094607276628395e+00 2.038183831407640412e+01
5.413123567030787342e+00 1.475089733018390081e+00 9.340471183269002609e+00 1.475089733018390081e+00 -4.690377560198493967e+01 -3.889221615202939741e+00 9.340471183269002609e+00 -3.889221615202939741e+00 -5.899043477880057118e+00
-1.842847076887568036e+01 1.133561710257167476e+01 3.317835016161003736e+00 1.133561710257167476e+01 -3.497791335982356031e+01 -4.351743979875829282e+00 3.317835016161003736e+00 -4.351743979875829282e+00 -1.714268345333100285e+01
4.656907850466703280e+01 6.804299211392605962e-01 8.392864351670361600e+00 6.804299211392605962e-01 2.604620481028528900e+01 3.089308181184003299e+00 8.392864351670361600e+00 3.089308181184003299e+00 4.894738344832308030e+01
-1.428477133079906558e+01 8.994131018199773564e+00 2.113207512159194934e+01 8.994131018199773564e+00 -3.792523618589937229e+01 -1.270490410713587970e+01 2.113207512159194934e+01 -1.270490410713587970e+01 2.534751663030470326e+01
4.483999198433161837e+01 2.337892085104730100e+01 2.436959122695304814e+01 2.337892085104730100e+01 -6.875543295356059126e+00 -5.206754403037927581e+00 2.436959122695304814e+01 -5.206754403037927581e+00 2.172455388447187374e+01
6.733658602560058881e+00 1.804863457078619282e+00 4.482246721303963177e+00 1.804863457078619282e+00 9.709973951270402637e+00 6.014743277213279171e+00 4.482246721303963177e+00 6.014743277213279171e+00 -2.804235433268732702e+00
-4.880260815815557862e+01 -1.802063741122696960e+00 1.613208836753428743e+00 -1.802063741122696960e+00 -5.680767975888016075e+00 8.425016004427439142e+00 1.613208836753428743e+00 8.425016004427439142e+00 -3.548991990030204846e+01
7.112617542228006684e+00 -1.878837027397633008e+01 2.427376695363171066e+01 -1.878837027397633008e+01 -3.279885947243614908e+01 -1.717796672522819890e+01 2.427376695363171066e+01 -1.717796672522819890e+01 3.471396285023725170e+01
1.667333273172652497e+01 -2.753057934893931247e+00 5.380406518555357565e+00 -2.753057934893931247e+00 -1.234603674013706076e+01 4.765297109912681961e+00 5.380406518555357565e+00 4.765297109912681961e+00 2.595335441144415611e+01
6.852508019620758262e+01 -9.156290852114972623e+00 9.270766272111282902e+00 -9.156290852114972623e+00 7.246362675832200750e+01 1.106000812795113752e+00 9.270766272111282902e+00 1.106000812795113752e+00 4.946931813022121105e+01
-1.414077015416665972e+01 -1.377174834077531074e+01 2.069630176712230263e+00 -1.377174834077531074e+01 -9.361249890822481490e+00 -5.452748996970870898e+00 2.069630176712230263e+00 -5.452748996970870898e+00 -1.726695670036247421e+01
-1.911114713317277491e+01 2.402957199327946380e+00 -3.905422426474026709e-01 2.402957199327946380e+00 -3.362653500320800504e+01 9.900607106513737321e+00 -3.905422426474026709e-01 9.900607106513737321e+00 -2.226664563113276074e+01
-2.392817227134624147e+01 1.777731626832894207e+01 9.652316880869474147e+00 1.777731626832894207e+01 -2.324868289541253574e+01 -6.470161439803338688e+00 9.652316880869474147e+00 -6.470161439803338688e+00 -1.266956583910723388e+01
-4.479301604593218578e+00 -5.581402799034324680e+00 1.683941517042975633e+01 -5.581402799034324680e+00 -1.219069105454559931e+01 -1.073307844394243915e+01 1.683941517042975633e+01 -1.073307844394243915e+01 3.408096455630404620e+01
1.047778763857313322e+01 -2.518057803167434994e+00 7.327436181765668799e+00 -2.518057803167434994e+00 5.383630274041502517e+00 7.152839371473637131e-01 7.327436181765668799e+00 7.152839371473637131e-01 2.193898441657899046e+00
-2.426286166232899433e+01 -5.185484488611251663e+00 8.184780609087441761e+00 -5.185484488611251663e+00 -6.256848167595855870e+01 1.525954086404520016e+00 8.184780609087441761e+00 1.525954086404520016e+00 -2.983061695860176599e+01
-9.379000791469817244e+00 -8.593680058813722766e+00 1.523218994437168305e+01 -8.593680058813722766e+00 -1.846076524781274841e+01 2.835090307818003641e+00 1.523218994437168305e+01 2.835090307818003641e+00 -3.793056613002961797e+01
2.625101312386477659e+01 -7.970013412882358539e-01 4.114885593289784538e+00 -7.970013412882358539e-01 2.453786582050862464e+01 -1.754414752148492740e+00 4.114885593289784538e+00 -1.754414752148492740e+00 2.178498518065818601e+01
1.266310499442882431e+01 4.316599103329368248e+00 1.221865495208561470e+00 4.316599103329368248e+00 2.041225153094207201e+01 -2.224056625479419458e-01 1.221865495208561470e+00 -2.224056625479419458e-01 1.070453338692654732e+01
-6.845446343717943805e+00 -1.697722562101666444e-01 1.427383673655811336e+01 -1.697722562101666444e-01 -3.261847824519870898e+01 -4.164545379021346028e-01 1.427383673655811336e+01 -4.164545379021346028e-01 2.522346614835741629e+00
1.415206170374539951e+01 -5.057558431277823452e+00 1.384606959881643284e+01 -5.057558431277823452e+00 -1.023672297930797548e+01 -4.060074267503971157e+00 1.384606959881643284e+01 -4.060074267503971157e+00 2.257963678203132218e+01
