1.518921592960661648e+01 -1.923784739169394298e+00 -1.091971693509143471e+01 -1.923784739169394298e+00 8.002081630319620942e+00 -1.109790687659199415e+00 -1.091971693509143471e+01 -1.109790687659199415e+00 1.647748987554250988e+01
1.976492879973578098e+01 1.572552980904972086e+00 -9.052078936403757936e-01 1.572552980904972086e+00 1.858381922996156277e+01 1.898813538885883334e+00 -9.052078936403757936e-01 1.898813538885883334e+00 2.384346547206892097e+01
5.187192055092967102e+00 5.406603995423455267e+00 -2.556425956863582538e+00 5.406603995423455267e+00 5.590629947827312485e+00 -7.814080881192905226e-01 -2.556425956863582538e+00 -7.814080881192905226e-01 -2.243374870737880333e-01
4.860240453299818242e+00 3.874415769817294297e+00 3.969712861538732707e+00 3.874415769817294297e+00 -1.190394180304686955e+01 -3.648748432445265255e+00 3.969712861538732707e+00 -3.648748432445265255e+00 -1.236506227015472525e+00
-1.456893336149588691e+01 2.069027040246043114e+00 -2.841872052738617871e+00 2.069027040246043114e+00 -2.440075951087909090e+00 8.939480050831203783e+00 -2.841872052738617871e+00 8.939480050831203783e+00 -1.842323744450733258e+01
1.781463054095375398e+01 7.246729983707832723e+00 1.275046536533859687e+01 7.246729983707832723e+00 -4.278530639667737034e+01 -6.865276925893001092e+00 1.275046536533859687e+01 -6.865276925893001092e+00 1.683405733515111180e+01
2.448220633397520385e-01 -1.432889961285258096e+01 -4.785318230131795580e+00 -1.432889961285258096e+01 -5.916562132051304823e-02 -3.917375231732072471e+00 -4.785318230131795580e+00 -3.917375231732072471e+00 -4.498274690544541876e+00
-3.308666081018001393e+01 -4.124745365489405735e+00 -4.985818199824769148e-01 -4.124745365489405735e+00 -3.301974346914547453e+01 4.754726686555008186e+00 -4.985818199824769148e-01 4.754726686555008186e+00 -9.590430303189915406e+00
3.731457458646459457e+01 3.124328114565128711e+00 2.474285015195965887e+00 3.124328114565128711e+00 4.296304053519919108e+01 -4.263651325142962634e+00 2.474285015195965887e+00 -4.263651325142962634e+00 3.363042054868233777e+01
1.407717743746987216e+00 4.445638974259631837e+00 -9.111732610242179176e-02 4.445638974259631837e+00 8.687483642830436281e+00 7.039961070961796352e+00 -9.111732610242179176e-02 7.039961070961796352e+00 -2.778251603907181178e+00
2.605899569798580373e+01 -3.772963338438501957e+00 2.169148434860488805e+00 -3.772963338438501957e+00 2.983457366565414759e+01 -2.547936174560951450e+00 2.169148434860488805e+00 -2.547936174560951450e+00 3.485640931974743495e+01
-1.206666987700229576e+01 -4.940560360302967968e-01 -9.005991544652689029e+00 -4.940560360302967968e-01 1.315763912156043780e+01 4.997430171694373868e+00 -9.005991544652689029e+00 4.997430171694373868e+00 -2.957504055340435656e+01
-1.864392589700959846e+01 -3.561871611547508643e+00 5.422929062145819934e+00 -3.561871611547508643e+00 -1.311709853133517711e+01 -4.356517444229059066e+00 5.422929062145819934e+00 -4.356517444229059066e+00 -2.897526851696185801e+01
-2.617928088229857053e+01 5.342847485039668776e+00 -1.375429000023849646e+01 5.342847485039668776e+00 -4.332252271627093165e+01 3.080892537382295959e+00 -1.375429000023849646e+01 3.080892537382295959e+00 -2.025089380698697816e+00
6.005285513156744770e+01 1.886672629334103490e+01 1.098983423360413170e+01 1.886672629334103490e+01 3.876180821220216188e+01 2.658738800100831057e+01 1.098983423360413170e+01 2.658738800100831057e+01 5.596302527377022784e+01
8.086407482635974020e+01 1.112602023850962674e+01 -9.303620707237106657e+00 1.112602023850962674e+01 2.489225861582371024e+01 9.356538263364667429e+00 -9.303620707237106657e+00 9.356538263364667429e+00 6.290788316706925798e+01
2.272935086882436284e+00 -1.430421385271558377e+00 1.233182125819757147e+01 -1.430421385271558377e+00 2.952639309085987929e+00 -6.512934887460911093e-02 1.233182125819757147e+01 -6.512934887460911093e-02 -9.897090864789177544e+00
-1.365626828874265897e+01 4.265207677580851731e-01 -1.215149885517136319e+00 4.265207677580851731e-01 -1.537040719336878425e+01 3.418064163088703644e+00 -1.215149885517136319e+00 3.418064163088703644e+00 -1.933582962812236516e+01
-1.036738720838897621e+01 3.079670441494327893e+00 1.858758543963044829e+01 3.079670441494327893e+00 -1.801232831950707691e+01 -6.624354922975158599e-01 1.858758543963044829e+01 -6.624354922975158599e-01 -1.675683962397343763e+01
7.074983747800420275e+00 -1.104806397152433739e+01 -6.848333998611941809e-01 -1.104806397152433739e+01 -1.545576407550119491e+01 9.471479119192069973e+00 -6.848333998611941809e-01 9.471479119192069973e+00 1.253119499398064463e+01
-6.278510425509312043e+00 5.581371960046966230e+00 -9.513097704717528913e+00 5.581371960046966230e+00 -6.874716270625309278e+01 2.137737268156226556e+00 -9.513097704717528913e+00 2.137737268156226556e+00 -5.871183153465000082e+00
3.990977093422189625e+01 -4.681834414197728833e+00 6.936174016986628388e+00 -4.681834414197728833e+00 3.411781622354083510e+01 2.814600958428251865e+00 6.936174016986628388e+00 2.814600958428251865e+00 3.256437571280736165e+01
-8.014683261152033111e+00 1.662198949930053260e+01 -6.896364643363477320e-01 1.662198949930053260e+01 2.496149539217435986e+00 5.836342318421918307e+00 -6.896364643363477320e-01 5.836342318421918307e+00 -2.048355889760082249e+01
1.052275904018215513e+01 2.501638341961055900e+01 -8.726616401815492807e+00 2.501638341961055900e+01 2.329026827782168851e+00 -2.148584206878628056e+00 -8.726616401815492807e+00 -2.148584206878628056e+00 1.814202910719653872e+01
3.670248582793198011e+01 -6.130461021655798426e+00 -8.152041012582488477e+00 -6.130461021655798426e+00 3.702702925169185022e+01 -4.326458782284495541e+00 -8.152041012582488477e+00 -4.326458782284495541e+00 3.837679334368165485e+01
-5.099352524763733641e+01 -2.110211709613729880e+01 -3.064149596528204178e+00 -2.110211709613729880e+01 -6.659415718862450717e+01 7.347620261410376941e+00 -3.064149596528204178e+00 7.347620261410376941e+00 -4.156509352339678287e+01
-1.225275336756314104e+01 1.032644954153955519e+00 -8.720849647486657474e+00 1.032644954153955519e+00 -4.334310579369587302e+00 3.426243128813927896e+00 -8.720849647486657474e+00 3.426243128813927896e+00 -1.338400420569445792e+01
2.247633129554153086e+01 2.558689250273502580e-01 5.249059792598051999e-01 2.558689250273502580e-01 -1.617461881091841081e+00 1.090097198004897727e+01 5.249059792598051999e-01 1.090097198004897727e+01 8.418527737186751736e+00
2.557362975682450745e+00 9.120333989876012737e+00 -4.815485524459063527e+00 9.120333989876012737e+00 -1.833409201558276802e+00 -7.372570988153256621e+00 -4.815485524459063527e+00 -7.372570988153256621e+00 3.153079210065158833e+01
-2.622162427640164140e+01 1.305825033830969062e+01 2.534287966293879979e+00 1.305825033830969062e+01 -6.346997885901849656e+01 -1.363288660346744452e+00 2.534287966293879979e+00 -1.363288660346744452e+00 -2.919035907461113410e+01
4.576229626071910417e-01 -1.104722693249404664e+01 -1.148239616744068714e+00 -1.104722693249404664e+01 -5.624086290292813572e+01 -3.360862350775051688e+00 -1.148239616744068714e+00 -3.360862350775051688e+00 6.834828366598516780e+00
3.258583389795043672e+01 -1.185613782211448530e+01 -5.071036358993383786e-01 -1.185613782211448530e+01 2.626347620086539791e+01 -4.273354184352832874e+00 -5.071036358993383786e-01 -4.273354184352832874e+00 4.004542464214513586e+01
-1.578599672213863414e+01 -1.079193297340479241e+01 -9.256720467990918522e+00 -1.079193297340479241e+01 -1.877684245267268892e+01 -4.930310741819380560e+00 -9.256720467990918522e+00 -4.930310741819380560e+00 -1.441467786180027133e+01
1.847795445672180747e+01 3.761982914479736539e+00 5.984730985382418211e-01 3.761982914479736539e+00 -3.956664370472476833e+01 -1.973558077238748709e-01 5.984730985382418211e-01 -1.973558077238748709e-01 -1.382756892220990252e+01
1.533322720582796528e+01 -3.395502503397496152e+00 3.538645392679456991e-01 -3.395502503397496152e+00 1.534459484731262791e+01 6.270781972396123116e+00 3.538645392679456991e-01 6.270781972396123116e+00 2.165743175628112738e+01
8.778705184976554055e-01 1.050978803589080712e+01 -1.015685598320390781e+01 1.050978803589080712e+01 -6.877315062533635626e+01 -1.318242844668705560e+00 -1.015685598320390781e+01 -1.318242844668705560e+00 -1.074616925542475343e+01
-2.899734901898424155e+01 3.171800065448988626e+00 7.365652702587587308e-01 3.171800065448988626e+00 -1.286200724309264309e+01 -5.896869612892757573e+00 7.365652702587587308e-01 -5.896869612892757573e+00 -3.458707158355969824e+01
-1.400673784335253025e+01 8.182488606752301052e+00 1.370775649121143758e+01 8.182488606752301052e+00 -4.174480898503204251e+00 1.112353618279164991e+01 1.370775649121143758e+01 1.112353618279164991e+01 -2.174450592044592057e+01
-7.730348491751377615e-01 5.606997336846207602e+00 4.147504587049765767e+00 5.606997336846207602e+00 -4.363773662491387739e+01 -1.443919552495868253e+01 4.147504587049765767e+00 -1.443919552495868253e+01 9.022014063998426536e+00
3.505591766135448495e+01 8.215510287611587970e+00 -8.482289892228704886e+00 8.215510287611587970e+00 2.654266384124562705e+01 1.165896497280173527e+01 -8.482289892228704886e+00 1.165896497280173527e+01 1.591883872184743964e+01
-1.294251696163524201e+01 1.925112278270277866e+00 1.879078835890626964e+00 1.925112278270277866e+00 -1.126990108133941249e+01 8.477719774131665886e+00 1.879078835890626964e+00 8.477719774131665886e+00 -2.059135557085658874e+01
2.185984998840141103e+01 8.913066329368412255e+00 -9.218293754512760785e-01 8.913066329368412255e+00 2.261473743336879139e+01 6.019306867910328984e-01 -9.218293754512760785e-01 6.019306867910328984e-01 2.475166898987628628e+01
2.442229248515824835e+01 -4.717970142537422085e+00 7.946684099776167187e+00 -4.717970142537422085e+00 -1.708590245592306900e+01 1.618694017035383581e+01 7.946684099776167187e+00 1.618694017035383581e+01 2.325928392799451672e+01
-6.683310177428526400e-01 -4.263740516368780042e+00 -4.221942145026956084e+00 -4.263740516368780042e+00 9.776621339903346364e-01 -4.741805129708896449e-01 -4.221942145026956084e+00 -4.741805129708896449e-01 6.120204208635857235e+00
3.598052344081065712e+01 2.964071357484112212e+00 -5.565423606057778194e+00 2.964071357484112212e+00 -1.137446756303785556e+01 -1.825662879388274984e+00 -5.565423606057778194e+00 -1.825662879388274984e+00 4.415333296286012654e+01
-5.805481914415818956e+00 1.275605716829824843e+01 -5.270327067204738647e-01 1.275605716829824843e+01 1.169004407192120532e+01 1.058005151183315995e+01 -5.270327067204738647e-01 1.058005151183315995e+01 -2.679953070200615883e+01
3.067068183183474872e+01 -2.036334031670951061e-01 5.610550985736907137e+00 -2.036334031670951061e-01 2.766982879200243772e+01 3.651593120011420890e+00 5.610550985736907137e+00 3.651593120011420890e+00 2.199817313830412147e+01
-1.531098510716437744e+01 -1.865543073389495377e-01 2.864886934837826082e+00 -1.865543073389495377e-01 -8.121064629792579481e+00 -4.349581061624498979e+00 2.864886934837826082e+00 -4.349581061624498979e+00 -1.950838522592571422e+01
1.055906783500632251e+01 1.233775043817856698e+01 -8.073892932757964047e+00 1.233775043817856698e+01 5.752405186995204645e+00 -1.662070994185904205e+00 -8.073892932757964047e+00 -1.662070994185904205e+00 -4.719524302834510188e+00
-9.736876527316233876e+00 1.141632250521742620e+01 -2.665682654313081201e+01 1.141632250521742620e+01 -2.704174745318540829e+01 2.052077023308995773e+00 -2.665682654313081201e+01 2.052077023308995773e+00 -1.156366873189672795e+01
1.221445769813104931e+00 3.270093350593939352e+00 -1.438016483292483327e+00 3.270093350593939352e+00 -1.866323772892628963e+00 -6.534339502695043933e+00 -1.438016483292483327e+00 -6.534339502695043933e+00 -2.283854539689119889e+00
2.667896812872739609e+00 1.413039377499377469e+00 -1.701822331870835869e+00 1.413039377499377469e+00 4.428352444346548289e+00 -3.007880101538784157e+00 -1.701822331870835869e+00 -3.007880101538784157e+00 5.578665086522549998e+00
-1.042943762863531099e+01 4.427494994994366273e+00 -1.275843731659717095e+00 4.427494994994366273e+00 -1.688113256501759807e+01 -9.643762769208791275e-01 -1.275843731659717095e+00 -9.643762769208791275e-01 -9.284178396882019513e+00
-1.457553066747897752e+01 -7.983205919758014524e+00 -8.794829681336066685e+00 -7.983205919758014524e+00 -1.993326217436585779e+01 8.920745044778241706e+00 -8.794829681336066685e+00 8.920745044778241706e+00 -3.501782169900039321e+01
8.083195961832991827e+00 9.985766823268260595e+00 2.239091722817319763e+01 9.985766823268260595e+00 -4.021100484881959147e+00 2.334537389034699650e+00 2.239091722817319763e+01 2.334537389034699650e+00 2.709414749912255171e+00
2.483348974040739066e+01 7.665781791855711402e-01 8.631840067924750670e+00 7.665781791855711402e-01 2.855155914899122038e+01 8.751898582429017415e-01 8.631840067924750670e+00 8.751898582429017415e-01 2.655314689679667595e+01
-1.615351986090729852e+01 2.395861568075751791e+00 3.759017889676791402e+00 2.395861568075751791e+00 -1.461089590552196782e+01 4.075416303960991193e+00 3.759017889676791402e+00 4.075416303960991193e+00 -1.461330001269544887e+01
2.413791293641824609e+01 -2.375218322767422396e+00 6.393905414963547251e+00 -2.375218322767422396e+00 1.018857162169133623e+01 1.129972199698704216e+01 6.393905414963547251e+00 1.129972199698704216e+01 2.166208362884336580e+01
-1.045095014777008657e+01 3.315261744320373016e-01 -1.715401838524514666e+00 3.315261744320373016e-01 -1.035215784359491842e+01 -4.552765343988265934e-01 -1.715401838524514666e+00 -4.552765343988265934e-01 -1.629341609199711272e+01
2.416188526336040088e+00 -1.924944875968483959e-01 1.870666361172096170e+00 -1.924944875968483959e-01 -1.794308335414365407e+00 -1.156821034006942917e+00 1.870666361172096170e+00 -1.156821034006942917e+00 5.580730529697148778e-01
-3.276101826477689105e+00 -3.934648397485619142e+01 1.283770433598094129e+01 -3.934648397485619142e+01 -2.485440465179328839e+01 1.917194055255988161e+01 1.283770433598094129e+01 1.917194055255988161e+01 -1.749016153575941246e+01
-1.962541855038761329e-01 -4.690025534371779159e+00 -5.627844875374616862e+00 -4.690025534371779159e+00 5.335806009841765452e+00 7.399719080607681798e-01 -5.627844875374616862e+00 7.399719080607681798e-01 -3.739656827377034976e+00
-3.304993422430211325e+00 -5.709364909300909119e+00 1.826655029973243138e+00 -5.709364909300909119e+00 -1.945763837435894539e+00 1.853862660392436301e-01 1.826655029973243138e+00 1.853862660392436301e-01 -3.446181002561663487e+00
2.051565270217740178e+01 -2.803517173168201815e+00 -5.951741036164066578e-01 -2.803517173168201815e+00 2.065505336243446166e+01 -4.923043303930948689e+00 -5.951741036164066578e-01 -4.923043303930948689e+00 9.580236772833785608e+00
-2.224017774342714659e+01 1.180893703532058581e+01 5.773728653298316971e+00 1.180893703532058581e+01 -2.225230589578610818e+01 -1.286905817108064021e+01 5.773728653298316971e+00 -1.286905817108064021e+01 -1.659314378542019952e+01
1.268103489246003690e+01 -2.041321712385841813e+00 2.706533043216935663e+00 -2.041321712385841813e+00 6.202331803817340727e+00 4.118856855865229427e+00 2.706533043216935663e+00 4.118856855865229427e+00 1.024669723103645325e+01
2.803891853191167982e+01 3.676017061422829357e+00 4.139052655439571460e+00 3.676017061422829357e+00 1.331079569869418400e+01 -1.021735004492677312e+01 4.139052655439571460e+00 -1.021735004492677312e+01 1.599928301390587393e+01
1.702294985675790429e+01 1.589205954786101216e-01 -3.591718434543232363e-01 1.589205954786101216e-01 1.163039584912661617e+01 -8.482534729384276773e-01 -3.591718434543232363e-01 -8.482534729384276773e-01 1.116631704521755530e+01
3.035684005914496808e+01 -4.136718849294711009e-01 4.519310503304352800e+00 -4.136718849294711009e-01 2.901129282017393152e+01 7.005062827754240384e-01 4.519310503304352800e+00 7.005062827754240384e-01 1.984667542387616024e+01
4.541859366729974568e+01 8.315479098101379307e+00 4.898849880738374019e+00 8.315479098101379307e+00 -2.753465334351133009e+01 -9.813345330236225905e+00 4.898849880738374019e+00 -9.813345330236225905e+00 2.854509398093489025e+01
4.878908557974261484e+00 1.348707383138172844e+00 5.911040164939772579e-01 1.348707383138172844e+00 1.263271802041954928e+01 2.999473970875849105e+00 5.911040164939772579e-01 2.999473970875849105e+00 -1.723585213587247589e+00
-2.278045089739344675e+01 1.058922069872779703e+00 1.043387483792067805e+00 1.058922069872779703e+00 -7.804692166918574259e+00 -9.289441739744908944e+00 1.043387483792067805e+00 -9.289441739744908944e+00 -2.074285698492171903e+01
6.047653078958220574e-01 7.885799792114799978e+00 1.021751110559822351e+01 7.885799792114799978e+00 -1.449529799173755329e+01 1.057687376600376972e+01 1.021751110559822351e+01 1.057687376600376972e+01 -1.003277807006043965e+01
4.924346681389417668e+00 8.148899345418453066e+00 5.382367484744021269e+00 8.148899345418453066e+00 -7.708120224589775304e+00 8.406520690554389219e+00 5.382367484744021269e+00 8.406520690554389219e+00 1.998027387501396523e-01
3.584865493696653260e+01 5.168761947451931960e+00 5.426013710577032967e+00 5.168761947451931960e+00 2.528333492815270489e+01 -2.683036130979925105e+00 5.426013710577032967e+00 -2.683036130979925105e+00 2.916311314658152654e+01
2.560901177026156361e+01 -1.353344535420619721e+00 5.759293777333382991e-01 -1.353344535420619721e+00 -2.467231079240922043e+01 5.968926376511766385e+00 5.759293777333382991e-01 5.968926376511766385e+00 3.060645814394467834e+01
1.029317344686297808e+01 -8.642519520817456780e+00 2.084241452101966152e-01 -8.642519520817456780e+00 1.283691403016420551e+01 5.436227661859258653e+00 2.084241452101966152e-01 5.436227661859258653e+00 1.114797189699000590e+01
8.071549240639816603e+00 1.384449295693963577e+01 2.726987913623368343e+00 1.384449295693963577e+01 -3.537074294166548949e+00 5.821731477813290923e+00 2.726987913623368343e+00 5.821731477813290923e+00 -7.228809633886831953e+00
2.279983575816535435e+01 2.180335728421505337e+01 -1.713875615441953215e+01 2.180335728421505337e+01 1.995634189389832969e+01 2.595991360002066539e+00 -1.713875615441953215e+01 2.595991360002066539e+00 1.920761286424274061e+01
2.111399259137989404e+01 -7.063718620985477870e+00 5.082710567550999592e+00 -7.063718620985477870e+00 1.477769674929643529e+01 -3.643592129279043856e+00 5.082710567550999592e+00 -3.643592129279043856e+00 2.798288231712372820e+01
-5.206639574732515285e+01 4.017548476060745166e+00 -5.175327373281501941e+00 4.017548476060745166e+00 -1.349790125154476605e+01 6.361642074396527846e+00 -5.175327373281501941e+00 6.361642074396527846e+00 -2.262022034157712369e+01
5.109500122269855282e+00 -2.090793313046622970e+00 -6.611558280517064290e+00 -2.090793313046622970e+00 1.894739472036079508e+00 2.084314648375178880e+00 -6.611558280517064290e+00 2.084314648375178880e+00 1.093564853494594757e+00
1.638700094369274396e+01 -5.797670912740247040e+00 2.549301199278758645e+00 -5.797670912740247040e+00 1.747173279914124322e+01 8.980244350424618105e+00 2.549301199278758645e+00 8.980244350424618105e+00 2.551992865106004515e+01
-1.966105368458626490e+00 3.606769541522689138e-01 3.737286357404046022e+00 3.606769541522689138e-01 -4.370429319627345599e+00 4.028214336430148812e+00 3.737286357404046022e+00 4.028214336430148812e+00 -1.044391130890028663e+00
2.356374731403231593e+01 -5.097921144667197701e+00 4.580946774407053113e+00 -5.097921144667197701e+00 2.785895702695309240e+01 4.450586221108522089e+00 4.580946774407053113e+00 4.450586221108522089e+00 3.275620196599245304e+01
-9.722932158593561303e-01 2.710058931976813579e+00 6.667728187338479273e+00 2.710058931976813579e+00 -3.742216903648521509e+01 -1.622261718650752194e+00 6.667728187338479273e+00 -1.622261718650752194e+00 1.412526489009912467e+01
7.086804611278666677e+00 2.353746099252924662e+00 -3.048869928768560555e+00 2.353746099252924662e+00 -1.604764389731643703e+01 -1.065893403234969838e+00 -3.048869928768560555e+00 -1.065893403234969838e+00 1.958980372790620539e+00
-2.424052742160746021e+01 4.996366857232147574e+00 9.255103031090327059e-01 4.996366857232147574e+00 -5.226547209253691051e+01 7.184821457752107454e-01 9.255103031090327059e-01 7.184821457752107454e-01 -9.977303613000934490e+00
-2.051377087164099056e+00 8.726479281144476019e+00 -3.208934725350289785e+00 8.726479281144476019e+00 -8.141551854929099941e-01 -2.193330309185864913e+00 -3.208934725350289785e+00 -2.193330309185864913e+00 -5.033135876372526241e+00
-3.717425000381662237e+00 -6.111028793059671838e-01 7.574410372673381353e+00 -6.111028793059671838e-01 -6.069161366042361117e+00 2.746505950558385756e+00 7.574410372673381353e+00 2.746505950558385756e+00 -1.112439304721406863e+01
-4.226932190414431290e+01 6.893084894503202165e+00 -9.598968226111553870e-01 6.893084894503202165e+00 -6.103028741320824935e+01 2.126550914811609960e+00 -9.598968226111553870e-01 2.126550914811609960e+00 -3.613577982744629224e+01
2.541910199311722351e+01 -1.296188482478007842e+01 -1.072595152859734036e+01 -1.296188482478007842e+01 -5.831795894743694220e+01 1.186440763820492350e+00 -1.072595152859734036e+01 1.186440763820492350e+00 1.468643516304455865e+01
5.599620022753343918e+00 2.232522168385961336e+01 -1.191028627278393159e+01 2.232522168385961336e+01 6.484788605025502584e+00 1.001921115354810254e+01 -1.191028627278393159e+01 1.001921115354810254e+01 4.451713813046292323e+00
1.011490471876620223e+00 -1.535905166592192783e+00 9.658495306994051788e+00 -1.535905166592192783e+00 -1.119620035176015271e+00 6.582024452758598265e+00 9.658495306994051788e+00 6.582024452758598265e+00 -9.566838392989698292e+00
-1.076383524337435382e+01 -6.491397664592221117e-01 -6.617197718703609510e+00 -6.491397664592221117e-01 -2.685367247328634122e+01 1.152077838095220841e+01 -6.617197718703609510e+00 1.152077838095220841e+01 -1.154144069374994608e+01
1.003550659877127993e+00 1.377048974657242120e+01 -9.118421252633581275e+00 1.377048974657242120e+01 -4.660448290677811656e+01 9.042737045606068946e+00 -9.118421252633581275e+00 9.042737045606068946e+00 1.496192074213450951e+01
2.391489255216994536e+01 -3.471411399115546637e+00 5.926871652167061022e+00 -3.471411399115546637e+00 1.838595393093499553e+01 -3.935966581539188436e+00 5.926871652167061022e+00 -3.935966581539188436e+00 2.810026223094274656e+01
4.417848783931836465e+01 7.945820566425592091e+00 -1.857111823142268414e-01 7.945820566425592091e+00 3.759486031728194888e+01 2.156961725482632541e+00 -1.857111823142268414e-01 2.156961725482632541e+00 4.401888422646567989e+01
1.035085555975058469e+01 2.111219206240853463e+00 1.241796728748847389e+00 2.111219206240853463e+00 8.745662028098150742e+00 -1.033470428937486396e+01 1.241796728748847389e+00 -1.033470428937486396e+01 5.083330957928096971e+00
-1.596369385506997496e+01 2.972208936087594733e+00 -5.900010976077461500e+00 2.972208936087594733e+00 -1.716864249868370251e+01 -4.479072447204671903e+00 -5.900010976077461500e+00 -4.479072447204671903e+00 -1.664235882795864896e+01
