4.618922151377237384e+00 1.398143710484916591e+00 4.172911603496775257e+00 1.398143710484916591e+00 3.581551746273411219e+00 -3.815663222357629447e+00 4.172911603496775257e+00 -3.815663222357629447e+00 4.271279861492853769e+00
-3.860053049598516584e+00 -3.845880273099973046e+00 3.120424799722479658e+00 -3.845880273099973046e+00 -5.736282527726777047e+00 4.933492109304511986e-01 3.120424799722479658e+00 4.933492109304511986e-01 -5.672464462558241216e+00
-1.067017736409121298e+01 -3.641660820034083201e+00 1.426916721322518011e+00 -3.641660820034083201e+00 -2.293880779776299406e+01 -1.218683474484710677e-01 1.426916721322518011e+00 -1.218683474484710677e-01 1.081184335074745650e+00
3.741700806399605117e+00 4.978471390722041257e+00 -2.434904330763933533e+00 4.978471390722041257e+00 8.270714995618544396e-01 2.616821694017337663e+00 -2.434904330763933533e+00 2.616821694017337663e+00 1.498946521704781532e+01
6.252284295901950451e+00 -2.233804148197065853e+00 3.327104010809318169e+00 -2.233804148197065853e+00 -2.301051692194065357e+00 -6.045316256642188080e-01 3.327104010809318169e+00 -6.045316256642188080e-01 2.012017043200448896e+01
-8.989860249977569273e-01 2.244021344245767935e+00 -6.058445733751482987e-01 2.244021344245767935e+00 -8.782980564288639158e+00 1.797080734684105119e+00 -6.058445733751482987e-01 1.797080734684105119e+00 1.026974852282807404e+01
1.262811276045500364e+00 9.476963201429733363e-02 2.233459669383498714e+00 9.476963201429733363e-02 -8.047646052790504712e+00 2.915468970407090410e+00 2.233459669383498714e+00 2.915468970407090410e+00 1.365081838033099615e+01
-8.190118272261543098e+00 3.637009243500016753e-01 -5.969529146176973944e-01 3.637009243500016753e-01 -1.448322005462284423e+01 -1.529846358163078790e+00 -5.969529146176973944e-01 -1.529846358163078790e+00 3.014424612167464268e+00
-1.544797749049657387e+00 -2.872500930925134810e+00 1.068764975390646299e+00 -2.872500930925134810e+00 -1.469733448341272064e+00 3.625753700435051519e-01 1.068764975390646299e+00 3.625753700435051519e-01 7.426388388183545464e-02
-1.587585856249482497e+01 7.410565027057235410e-01 -5.563972307067206746e-02 7.410565027057235410e-01 -2.825501542044901981e+01 7.332734841184247454e-01 -5.563972307067206746e-02 7.332734841184247454e-01 -3.432863232467752379e+00
-1.497134870916474192e+01 2.689155363314216896e+00 1.643426206303441495e+00 2.689155363314216896e+00 -2.690339300397657496e+01 4.803042935231406574e+00 1.643426206303441495e+00 4.803042935231406574e+00 7.790053381175574110e+00
1.173603105776164918e-01 -2.535671078325792749e+00 -1.780806051354076658e+00 -2.535671078325792749e+00 -1.371044450358672506e+01 8.805060219126868704e-02 -1.780806051354076658e+00 8.805060219126868704e-02 1.195209820574629234e+01
5.915962262833960317e+00 -2.445561011753171421e+00 5.681012577564732019e-02 -2.445561011753171421e+00 -7.672840787967718512e-01 -1.512489433970717334e+00 5.681012577564732019e-02 -1.512489433970717334e+00 1.600370102430106201e+01
3.829785712678958731e+00 3.256180154499625612e+00 -7.109762481396520784e+00 3.256180154499625612e+00 4.329743748860668262e+00 1.013192574773312538e-01 -7.109762481396520784e+00 1.013192574773312538e-01 5.047766652289551459e+00
1.804019178155237713e+00 3.645754396284674570e+00 1.451212369536605706e+00 3.645754396284674570e+00 -2.699868821408705433e+00 -3.492818750181526877e+00 1.451212369536605706e+00 -3.492818750181526877e+00 1.843949119012475180e+01
-3.484464420345790181e+00 5.294680080056925198e-02 -3.563830690504320442e-01 5.294680080056925198e-02 -1.461645850417242620e+01 -1.977927718574970406e+00 -3.563830690504320442e-01 -1.977927718574970406e+00 1.565641753466641894e+01
-2.364933156775489653e+00 1.769947520554395304e+00 1.777475824882268407e+00 1.769947520554395304e+00 -4.552620618017943599e+00 -1.701045996894093859e+00 1.777475824882268407e+00 -1.701045996894093859e+00 1.001074918840452455e+01
2.581949933679021925e-01 3.912789534673707936e-01 3.286729752709321994e-01 3.912789534673707936e-01 -1.049093860127482714e+01 8.095649350358168350e-01 3.286729752709321994e-01 8.095649350358168350e-01 9.086768258059509051e+00
5.401433161768968816e+00 6.160804523348022421e+00 1.896677111182913711e+00 6.160804523348022421e+00 -2.618013639551376448e-01 -2.063049923831195454e+00 1.896677111182913711e+00 -2.063049923831195454e+00 2.154191526825960068e+01
8.151365204211813875e+00 -7.407085617615750683e-01 9.237521661779736215e-01 -7.407085617615750683e-01 -2.791519206304756695e-01 2.226026239717876276e+00 9.237521661779736215e-01 2.226026239717876276e+00 2.632125739431570111e+01
-1.687352748550716086e+01 -8.256590696860092171e-01 -6.835764815881023582e-01 -8.256590696860092171e-01 -2.379359163774429931e+01 -3.033808169484525585e+00 -6.835764815881023582e-01 -3.033808169484525585e+00 4.360137268713389247e+00
-1.801130131572245663e+00 -3.400532605306881839e-01 1.065210035380967035e+00 -3.400532605306881839e-01 -3.098509746847726731e+00 -2.341990413649741587e+00 1.065210035380967035e+00 -2.341990413649741587e+00 1.760477946887272793e+01
-1.136527304959128593e+01 2.334862135566583508e+00 -3.866711604572918848e+00 2.334862135566583508e+00 -1.640074480583236038e+01 -2.513799876487211371e+00 -3.866711604572918848e+00 -2.513799876487211371e+00 8.522106369759757882e+00
-1.279157479509592577e+01 5.346233479819625600e+00 -2.210045644189679415e+00 5.346233479819625600e+00 -1.001718530873864133e+01 -1.529994755474543888e+00 -2.210045644189679415e+00 -1.529994755474543888e+00 -4.347533185387637111e+00
-1.852053111010198805e+01 -1.799568573269360927e+00 3.119655364818435306e+00 -1.799568573269360927e+00 -2.895473277407762325e+01 1.271685729945504661e+00 3.119655364818435306e+00 1.271685729945504661e+00 -1.091426494254910828e+01
1.000998797867478451e+01 2.695284826764026587e+00 -1.507702511361459052e+00 2.695284826764026587e+00 4.868726109375999478e+00 2.194103299162942999e+00 -1.507702511361459052e+00 2.194103299162942999e+00 2.887589358439707254e+01
-2.160449586184197912e+01 2.302464513512512967e-01 -8.836087978672788612e-01 2.302464513512512967e-01 -2.318474672151077698e+01 -5.599286783292340530e+00 -8.836087978672788612e-01 -5.599286783292340530e+00 4.578662998777203619e+00
7.238879791119021689e+00 1.397486626341591043e+00 2.013199941908253021e-01 1.397486626341591043e+00 -2.036899941224378896e+00 -3.909759887182202576e+00 2.013199941908253021e-01 -3.909759887182202576e+00 2.445902596089099035e+01
-1.313207806589088023e+01 -1.020222867097088093e+00 -1.159653868503117247e+00 -1.020222867097088093e+00 -2.756298990916428338e+01 1.208854431152475151e+00 -1.159653868503117247e+00 1.208854431152475151e+00 4.595373269157060570e+00
-1.542352144895270705e+01 -1.001633764213024635e+00 -1.395484146044888796e+00 -1.001633764213024635e+00 -2.196015446153774775e+01 -3.901058738737765097e+00 -1.395484146044888796e+00 -3.901058738737765097e+00 4.931019572966270914e+00
-1.542097367229532168e+01 2.359766340486927128e+00 -2.416450641284972445e+00 2.359766340486927128e+00 -3.901880233751677451e+01 -1.584557571798407727e+00 -2.416450641284972445e+00 -1.584557571798407727e+00 1.713194164181609480e+01
-7.617194233528257641e+00 5.361363710721048781e-01 -8.099433946957637076e+00 5.361363710721048781e-01 -6.564944341800224237e+00 3.073357503900379761e+00 -8.099433946957637076e+00 3.073357503900379761e+00 2.768179529352194024e+00
5.267033987723174882e+00 4.579773609786313315e+00 -3.383341694585439985e-01 4.579773609786313315e+00 -5.001730569352250910e+00 -6.055624872282538540e+00 -3.383341694585439985e-01 -6.055624872282538540e+00 1.821454558220520425e+01
-1.741637563243534004e+01 1.126777018163210853e+00 -3.939714010850825954e+00 1.126777018163210853e+00 -2.605603842131148440e+01 -1.398518909630770857e+00 -3.939714010850825954e+00 -1.398518909630770857e+00 -4.253794457864858991e+00
1.025248792676373633e+01 3.123262676271836361e-02 -2.830535450899525962e+00 3.123262676271836361e-02 4.744099454552683781e+00 -1.016184904999692051e+00 -2.830535450899525962e+00 -1.016184904999692051e+00 2.025054306829865070e+01
-9.478035760318169523e+00 -8.248775158418039766e+00 5.516039421713088586e+00 -8.248775158418039766e+00 -2.232527731855497777e+01 -3.195886066648168655e-01 5.516039421713088586e+00 -3.195886066648168655e-01 1.145258291700854159e+01
2.585069925927339085e+00 6.992692406815391726e-01 -3.369241015641589732e-01 6.992692406815391726e-01 -3.386203987528248582e+00 7.311810406529295481e-02 -3.369241015641589732e-01 7.311810406529295481e-02 1.724587544698362507e+01
1.517441061882940545e+01 -1.838900587141081955e+00 -4.604246502771832894e+00 -1.838900587141081955e+00 1.413680149462636848e+01 -1.715883070214831330e+00 -4.604246502771832894e+00 -1.715883070214831330e+00 2.706290274727106038e+01
-2.269063949843587480e+01 -2.005991199756334831e-01 -5.262237011103784168e-01 -2.005991199756334831e-01 -3.058491421907461572e+01 -2.814239030386878948e+00 -5.262237011103784168e-01 -2.814239030386878948e+00 -1.198779188539541174e+01
5.260755196424829805e+00 1.038231425223916915e+01 -1.373614849685049988e+00 1.038231425223916915e+01 5.300129053798447565e+00 -3.409117004055304267e+00 -1.373614849685049988e+00 -3.409117004055304267e+00 1.486715934246774751e+01
-5.774076244255041068e+00 1.367749318663662672e+00 -1.566973688116789498e+00 1.367749318663662672e+00 -1.453460995829958868e+01 -2.375536116783025786e+00 -1.566973688116789498e+00 -2.375536116783025786e+00 1.426394114797377100e+01
-9.798986056138595302e+00 5.284673020391015275e-01 -8.309145184571842258e-01 5.284673020391015275e-01 -2.092213046360289752e+01 -1.907084730242206927e+00 -8.309145184571842258e-01 -1.907084730242206927e+00 6.250474102020376677e+00
9.712593024080398152e+00 1.341461269881889073e+00 7.637958772081000269e+00 1.341461269881889073e+00 -1.435073858879053477e+00 4.687834597259447733e+00 7.637958772081000269e+00 4.687834597259447733e+00 2.832340047973353947e+01
4.568195664427773472e+00 -1.063929029207637961e-01 5.480667152355239713e-01 -1.063929029207637961e-01 -5.468513152129053090e+00 -2.291651203688157779e+00 5.480667152355239713e-01 -2.291651203688157779e+00 1.864605911070095701e+01
1.764034970573398642e+00 8.625681926968300495e-01 -2.265840898706187989e+00 8.625681926968300495e-01 -1.412441995833014552e+01 -4.440218469024120873e-01 -2.265840898706187989e+00 -4.440218469024120873e-01 1.835058479996872904e+01
-4.519894688017179973e+00 -1.830328017135684826e+00 -3.525236081376639796e-01 -1.830328017135684826e+00 -9.986781675049952511e+00 -1.664551582695594778e+00 -3.525236081376639796e-01 -1.664551582695594778e+00 7.741471216815462242e+00
-3.589896564177544214e+00 2.462454264338573395e+00 -3.114935232962222633e-01 2.462454264338573395e+00 -2.261252682636622158e+00 3.712734782101483333e+00 -3.114935232962222633e-01 3.712734782101483333e+00 5.537316012526735109e-01
-5.457427266583551706e+00 6.175432557672662082e-01 -1.005486055421298763e+00 6.175432557672662082e-01 -1.545852636133960267e+01 -2.829987264428796223e+00 -1.005486055421298763e+00 -2.829987264428796223e+00 1.080163015365162060e+01
1.412971041652091531e+00 3.279601086233235208e+00 2.687482007834655628e-01 3.279601086233235208e+00 -5.015915765666589365e+00 4.965024946072658985e+00 2.687482007834655628e-01 4.965024946072658985e+00 1.480719232425308363e+01
-3.176473191691073783e-01 -1.449004838415586027e+00 -2.570892938287339557e+00 -1.449004838415586027e+00 -1.219174139008204172e+01 4.902655826387665172e+00 -2.570892938287339557e+00 4.902655826387665172e+00 1.316992152710102104e+01
