-3.459423505744085503e+01 8.672816816695316788e+00 -3.085173771508312068e+00 8.672816816695316788e+00 -2.086776353758384417e+01 -4.577140311033566000e+00 -3.085173771508312068e+00 -4.577140311033566000e+00 -3.326345786689243766e+01
-3.470995692914934949e+01 -1.417501351112329333e+00 -1.149440040654266859e+01 -1.417501351112329333e+00 -2.074081523482349709e+01 7.649046671597622193e+00 -1.149440040654266859e+01 7.649046671597622193e+00 9.805515437174873172e-01
-1.618053265587507994e+01 -9.114387705349094038e-01 -1.319430930990821205e+00 -9.114387705349094038e-01 -1.156202267502615122e+01 2.133033837220754680e+00 -1.319430930990821205e+00 2.133033837220754680e+00 1.500347781690423865e+01
1.063886834782267243e+01 -7.654458543691221806e+00 -4.570679768120632147e+00 -7.654458543691221806e+00 2.094658583223482040e+01 -5.861123394270539855e+00 -4.570679768120632147e+00 -5.861123394270539855e+00 2.290375285336218525e+01
5.344755293859722656e+01 -2.701463407214777490e+01 -1.521016253075234381e+01 -2.701463407214777490e+01 5.115321390985758399e+01 -7.513991642458318410e+00 -1.521016253075234381e+01 -7.513991642458318410e+00 6.150919906358461731e+01
-1.318604539143104581e+01 4.124986000726879043e-01 -1.204681425318482368e+01 4.124986000726879043e-01 -4.190356236617117247e+01 -3.595612674897843863e+00 -1.204681425318482368e+01 -3.595612674897843863e+00 -6.541444764398013589e+00
-1.012842709836525934e+01 -6.015371216814705546e-01 -1.315999179574315336e+00 -6.015371216814705546e-01 -1.559116999975998930e+01 -4.564414699486297522e+00 -1.315999179574315336e+00 -4.564414699486297522e+00 1.151759771594508308e+01
-5.925047187065989540e+00 -1.347396751671202786e+01 1.181716745745209352e+01 -1.347396751671202786e+01 7.713123154249784896e+00 2.540935902603516983e+00 1.181716745745209352e+01 2.540935902603516983e+00 -9.270965513143970327e+00
-3.612453031891325850e+01 -3.725321297038845625e+00 1.059625745765799154e+00 -3.725321297038845625e+00 -2.010847141666404880e+01 -1.146665996506206264e+00 1.059625745765799154e+00 -1.146665996506206264e+00 -1.971176183804632487e+01
-3.600733547614327534e+01 1.220171799443388494e+01 1.117761455729023723e+01 1.220171799443388494e+01 -2.138841063787888075e+01 -2.104206618117158811e+00 1.117761455729023723e+01 -2.104206618117158811e+00 1.017345339791234693e+01
1.787389426935078163e+01 8.022599449664145510e+00 -7.359507923309176469e+00 8.022599449664145510e+00 1.655713925379544804e+01 3.147169575430960986e+00 -7.359507923309176469e+00 3.147169575430960986e+00 1.323612520041526608e+01
-2.325044099982897805e+01 -1.003314263928361427e+01 3.372106211124624053e+00 -1.003314263928361427e+01 -2.113460125722174965e+01 -1.557703634712559237e+00 3.372106211124624053e+00 -1.557703634712559237e+00 -3.034551669370903326e+01
-3.656653395307966736e+00 -1.251255594895948953e+01 4.705479696951455182e+00 -1.251255594895948953e+01 -5.500257762135556838e+00 -1.057546906883551685e+01 4.705479696951455182e+00 -1.057546906883551685e+01 -2.545273113687490252e+01
1.119923265069193796e+01 4.720887981742976969e+00 2.228072908658820239e+00 4.720887981742976969e+00 4.125829937346881415e+00 -6.855942428266932620e-02 2.228072908658820239e+00 -6.855942428266932620e-02 4.200004172205683339e+00
6.102280554551609448e+00 -1.494203999524058268e+01 -7.791079276832027389e+00 -1.494203999524058268e+01 2.964921118954734425e+00 1.694489079202077875e+01 -7.791079276832027389e+00 1.694489079202077875e+01 -9.577548839447060924e-01
-2.131508127575306588e+01 -1.808131766895247905e+00 1.658790103185905451e+01 -1.808131766895247905e+00 -2.235257284893219420e+01 -6.810731814520044836e+00 1.658790103185905451e+01 -6.810731814520044836e+00 -3.776675803094513384e+01
-2.130256655962618240e+01 -7.183889839107134634e+00 -1.901150993415401391e+00 -7.183889839107134634e+00 -1.162293465880980747e+01 1.215147131326635765e+01 -1.901150993415401391e+00 1.215147131326635765e+01 -3.801331982287876610e-01
-2.876086983141984632e+01 7.971741373163892419e+00 1.238200779152355269e+00 7.971741373163892419e+00 -2.554372213938079383e+01 8.405857358606610319e+00 1.238200779152355269e+00 8.405857358606610319e+00 -4.015475410146875390e+01
-2.495341177433967772e+01 -1.423941527102150317e+01 -8.873473418491620635e+00 -1.423941527102150317e+01 -1.253047318286945533e+01 -6.151098167607669254e+00 -8.873473418491620635e+00 -6.151098167607669254e+00 -1.987740440578507517e+01
-4.444389093244331690e+01 -1.199584347540669071e+01 -5.660217435919518536e+00 -1.199584347540669071e+01 -3.027945180645459544e+01 2.032162761708595777e-01 -5.660217435919518536e+00 2.032162761708595777e-01 -5.145325854984630354e+00
1.588040665542411745e+01 -7.972743467492905189e+00 -7.388947113224344498e+00 -7.972743467492905189e+00 1.903325833425082081e+01 4.027766573315886056e+00 -7.388947113224344498e+00 4.027766573315886056e+00 -8.610811017597171713e+00
1.433981387296203813e+01 -1.283087442985708426e+00 -7.327645709642504279e+00 -1.283087442985708426e+00 7.239237325811879842e+00 -2.848194143015771118e+00 -7.327645709642504279e+00 -2.848194143015771118e+00 1.454064566452406559e+00
-1.689168968610944788e+01 1.545057731694034819e+00 -8.624293970248499974e+00 1.545057731694034819e+00 -1.007750149364228953e+01 2.766520977622674682e+00 -8.624293970248499974e+00 2.766520977622674682e+00 -1.179495025179168977e+01
1.912001008735361651e+01 1.589072790504196853e+01 -1.462223948921310912e+00 1.589072790504196853e+01 2.948083306952441518e+01 -2.699061974291041111e+00 -1.462223948921310912e+00 -2.699061974291041111e+00 -1.250692068007906776e+01
-1.109031156400209106e+01 -8.686188843322049991e+00 -6.476485838412067153e+00 -8.686188843322049991e+00 -1.011813472780133694e+01 1.638993490892343141e+00 -6.476485838412067153e+00 1.638993490892343141e+00 2.055367415477865478e+01
2.595550544398004078e+01 1.271340352741954405e+01 -7.976115995201010556e+00 1.271340352741954405e+01 3.036729646178222453e+01 1.751344015667964049e+00 -7.976115995201010556e+00 1.751344015667964049e+00 -6.942605981649565550e+00
1.400828980596324769e+01 6.635282513362164458e+00 7.374193195084198571e+00 6.635282513362164458e+00 -1.897005548430396038e+00 -1.514435563563676723e+01 7.374193195084198571e+00 -1.514435563563676723e+01 -4.305393809443514463e+00
3.597884665408658833e+01 -2.188362317099727949e+00 4.898928367545759777e+00 -2.188362317099727949e+00 2.345608680512798827e+01 -5.778410601261549040e+00 4.898928367545759777e+00 -5.778410601261549040e+00 2.144053930619820036e+01
-1.758552968762621305e+01 -4.980682886280043853e+00 5.044751672908499351e+00 -4.980682886280043853e+00 -1.893037401390164076e+00 -1.973911589838543978e+00 5.044751672908499351e+00 -1.973911589838543978e+00 -1.184969563669346648e+01
-7.650417793541409495e+00 5.186784245106641933e+00 -9.017029935305626021e-01 5.186784245106641933e+00 2.745438773432621105e+00 7.266437616141311118e+00 -9.017029935305626021e-01 7.266437616141311118e+00 -9.768968962663301392e-01
-1.244338560142765893e+01 7.087878690564195949e+00 -8.945474455947979853e-02 7.087878690564195949e+00 -1.857412243230584181e+01 9.873112141119644747e+00 -8.945474455947979853e-02 9.873112141119644747e+00 -1.767667800866053796e+01
1.415698296197167672e+01 -1.293708814435801457e+01 1.738493403980835517e+00 -1.293708814435801457e+01 1.910767085220243544e+01 -2.782473032330191387e+00 1.738493403980835517e+00 -2.782473032330191387e+00 2.792663308916288756e+01
-2.904299422682656129e+01 6.648868810250388783e+00 -8.549343964212416935e+00 6.648868810250388783e+00 -2.263181289477297042e+01 2.505184015925335128e+00 -8.549343964212416935e+00 2.505184015925335128e+00 -3.060846716811496560e+00
-2.489912194375437338e+01 3.978045881337412215e+00 3.556633832895897296e+00 3.978045881337412215e+00 -1.767587231687299365e+01 -1.155202589291417681e+01 3.556633832895897296e+00 -1.155202589291417681e+01 6.319192019577759112e+00
-3.484398253977469295e+01 -7.004805849684699659e+00 -3.587853513971579922e+00 -7.004805849684699659e+00 -2.461454283448172831e+01 -6.304972374755004161e+00 -3.587853513971579922e+00 -6.304972374755004161e+00 -1.790250326641623424e+00
9.552693107096519309e-01 -1.066906168593404924e+00 -1.374094885388286835e+00 -1.066906168593404924e+00 1.123574423394535948e+01 -2.078905950972419703e+00 -1.374094885388286835e+00 -2.078905950972419703e+00 3.107621567619613856e+01
-2.396780085936087801e+01 -4.205355839999491252e+00 -6.859243899099937813e+00 -4.205355839999491252e+00 -1.655454258395986855e+01 1.221017048894990298e+00 -6.859243899099937813e+00 1.221017048894990298e+00 -3.527887638236342838e+01
2.983746344420104890e+01 -3.966083331314643523e+00 1.991375582945329237e+00 -3.966083331314643523e+00 1.813557556259578973e+01 1.457736151606518815e+00 1.991375582945329237e+00 1.457736151606518815e+00 1.594834775559563411e+01
-1.274077568886681533e+01 -3.217745063366721947e+00 1.917862851320887785e+01 -3.217745063366721947e+00 -2.047479588142429563e+01 2.433863199236134187e-03 1.917862851320887785e+01 2.433863199236134187e-03 8.599963099233074004e+00
1.143502380928438633e+01 1.326839335818556265e+01 8.779134149373074791e+00 1.326839335818556265e+01 5.007959034557599942e+00 2.069024755061243948e+00 8.779134149373074791e+00 2.069024755061243948e+00 -1.847296939597754672e+01
1.758439411311479361e+01 -1.274647428937628035e+01 -4.983105687269991257e+00 -1.274647428937628035e+01 1.265171423607348089e+01 2.177106428157862261e+00 -4.983105687269991257e+00 2.177106428157862261e+00 -6.473305362910509508e+00
3.618185177699099597e+01 1.305521594376233097e+01 2.815857108655696717e+00 1.305521594376233097e+01 2.680794192989252878e+01 1.471482657435384667e+01 2.815857108655696717e+00 1.471482657435384667e+01 3.526421872496679555e+01
-1.622516729019315207e+01 1.079043271365398660e+01 -3.677238173733401894e+00 1.079043271365398660e+01 -1.922969251594639672e+01 2.960257168931274663e+00 -3.677238173733401894e+00 2.960257168931274663e+00 -1.503728297139139336e+01
1.373350549633367734e+01 1.171189625886373875e+00 5.723750917260361781e+00 1.171189625886373875e+00 2.212478516851953358e+01 6.891786760295680381e+00 5.723750917260361781e+00 6.891786760295680381e+00 2.207472403025060714e+01
-1.195321509675285299e+01 -3.065246089553921305e+00 4.807286857804983882e+00 -3.065246089553921305e+00 -5.626019841667550203e+00 5.042239714070622547e+00 4.807286857804983882e+00 5.042239714070622547e+00 1.424594404101413225e+01
-2.426472703581145396e+01 5.169903987963649250e+00 9.816234036461889190e+00 5.169903987963649250e+00 3.503218085451996533e+00 6.381939079299795425e-01 9.816234036461889190e+00 6.381939079299795425e-01 2.835740484982303045e+01
1.742619245050983068e+01 -4.764748644941581568e-01 1.881262879961177026e+00 -4.764748644941581568e-01 1.580056421711741521e+01 -8.324041587450285107e+00 1.881262879961177026e+00 -8.324041587450285107e+00 4.138107807511538994e+01
-4.713511875989284050e+01 -2.040295837476764618e+01 3.281376272351981704e+00 -2.040295837476764618e+01 -3.563508433402498099e+01 -2.264371575179824791e+00 3.281376272351981704e+00 -2.264371575179824791e+00 -2.066010126922553880e+01
-9.668152430507714001e+00 -7.355503812533706665e+00 9.345659471191007484e+00 -7.355503812533706665e+00 -5.533510997253715535e-01 7.954728324658192351e-01 9.345659471191007484e+00 7.954728324658192351e-01 1.473941511896571965e+00
-1.261308517605640223e+00 5.473228902126128226e+00 4.072624076724792985e+00 5.473228902126128226e+00 -1.003225412070493050e+01 -9.675335374271623934e+00 4.072624076724792985e+00 -9.675335374271623934e+00 -3.829209850230843415e+01
