6.815371342348070982e+01 -2.128634208748203527e-01 1.468444937040083076e+01 -2.128634208748203527e-01 6.035646709243956565e+01 1.519575782862033542e+01 1.468444937040083076e+01 1.519575782862033542e+01 7.066881889625115098e-01
-2.744666831656603190e+00 7.514775681092903170e+00 -9.659240947617650619e+00 7.514775681092903170e+00 5.001923542270441558e+00 -1.261846895425166082e+01 -9.659240947617650619e+00 -1.261846895425166082e+01 -4.332468058602441374e+01
-8.535381324979240958e+00 3.136441140491727619e+00 -2.978351614002855641e+00 3.136441140491727619e+00 -2.986110779785315916e+00 7.653603583468218119e+00 -2.978351614002855641e+00 7.653603583468218119e+00 -3.166853454977065851e+01
1.723938637068040336e+01 6.311146501090542316e+00 -6.402267817208834089e+00 6.311146501090542316e+00 1.381628014537133708e+01 1.120690534478118838e+00 -6.402267817208834089e+00 1.120690534478118838e+00 -1.966611615950044012e+01
2.339690735777429609e+01 -7.239449701835936501e+00 9.468903932034343995e+00 -7.239449701835936501e+00 -1.115931359688058144e+01 -1.604371201542562408e+00 9.468903932034343995e+00 -1.604371201542562408e+00 -3.339254890161396361e+01
-6.584418469152684139e+00 -1.347850802559029937e+01 -9.376252836266770530e+00 -1.347850802559029937e+01 -2.829605716062314968e+01 -2.862154896509768065e+00 -9.376252836266770530e+00 -2.862154896509768065e+00 -7.705915955210569379e+00
3.119915509648124896e+01 3.262744335752237324e-01 -1.412602189264723229e+01 3.262744335752237324e-01 3.515390846586763729e+01 2.179494445444293049e+00 -1.412602189264723229e+01 2.179494445444293049e+00 5.685707594338389015e+00
-1.287473856049297005e+01 1.192128242212719158e+01 -4.661648623702318694e+00 1.192128242212719158e+01 -1.714159242764504043e+01 -6.882565769247769971e+00 -4.661648623702318694e+00 -6.882565769247769971e+00 -5.132255364061408187e+01
2.839513882878484807e+01 -4.992711391969400836e+00 4.983585699164676086e+00 -4.992711391969400836e+00 3.839217795682944256e+01 1.748015409501307404e+00 4.983585699164676086e+00 1.748015409501307404e+00 3.199614524388817927e+01
3.018658122384979947e+01 1.173613754678781618e+01 1.126900472486244631e+01 1.173613754678781618e+01 1.394860512789631635e+01 5.243545625199842242e+00 1.126900472486244631e+01 5.243545625199842242e+00 -1.854964629236285845e+01
-6.215129647082975328e-01 2.609251094411544347e+00 1.791031254853532539e+00 2.609251094411544347e+00 7.952404304817336289e+00 -4.296071124124997698e-01 1.791031254853532539e+00 -4.296071124124997698e-01 9.948940932956242378e+00
-1.469822937118202111e+00 9.756006430055979450e+00 -9.842482547653673697e-01 9.756006430055979450e+00 -1.517779673259025053e+01 -4.328150198567888296e+00 -9.842482547653673697e-01 -4.328150198567888296e+00 -6.775060224325420677e+01
-1.619582847276115700e+01 2.740073965165923831e+00 8.722743818397862725e+00 2.740073965165923831e+00 -8.033059464880893952e-01 3.692523412913669478e+00 8.722743818397862725e+00 3.692523412913669478e+00 -5.268464752820474217e+00
-1.312925184758426012e+00 3.415149444385948474e+00 -4.182041385671110056e+00 3.415149444385948474e+00 7.432851517289457810e+00 -4.511187673703981105e+00 -4.182041385671110056e+00 -4.511187673703981105e+00 1.180156479442117323e+00
-3.044212831102937056e+00 4.277701616983757837e+00 1.903127374394930182e+00 4.277701616983757837e+00 -7.608868760722634406e+00 -2.635557965644212519e+00 1.903127374394930182e+00 -2.635557965644212519e+00 -1.258902556883232382e+00
1.477642548362766917e+01 -6.091409392618513108e-01 -6.058399339844081410e+00 -6.091409392618513108e-01 2.317962681395449209e+01 -6.886377985502488031e+00 -6.058399339844081410e+00 -6.886377985502488031e+00 1.576957530910246774e+01
-2.578099069728220005e+00 2.757143593816575144e+00 4.401659214197166103e-01 2.757143593816575144e+00 1.080798594779379407e+01 -1.241706424973358036e+00 4.401659214197166103e-01 -1.241706424973358036e+00 1.654952825966086749e+01
-9.485613111984065426e+00 -3.305941547044562778e+00 1.837597414930534612e+01 -3.305941547044562778e+00 -1.885965246079589974e+01 -2.466854430785226526e+01 1.837597414930534612e+01 -2.466854430785226526e+01 -4.162981555733792760e+01
-2.929773556141267221e+01 -9.100568695271622488e+00 1.025401413723640021e+00 -9.100568695271622488e+00 -3.265632222988943312e+01 1.281758234750543757e+01 1.025401413723640021e+00 1.281758234750543757e+01 8.804122839788213195e-01
4.962267114237036481e+01 -2.427348832765099829e+00 -8.029245787744706320e+00 -2.427348832765099829e+00 1.761846688640921643e+00 -8.614821400973630361e+00 -8.029245787744706320e+00 -8.614821400973630361e+00 -5.316593372009915441e+00
1.266624241236571002e+01 2.556785973283997038e+00 8.388496702822406448e+00 2.556785973283997038e+00 -2.431788044917662983e+00 1.705856547933913392e+00 8.388496702822406448e+00 1.705856547933913392e+00 9.013507311597610538e+00
5.899221810744870176e+00 -1.022438237348224810e+01 -6.069029450927256875e+00 -1.022438237348224810e+01 -3.457582779589582156e+00 1.294258660878907108e+01 -6.069029450927256875e+00 1.294258660878907108e+01 -3.629969901160559687e+01
7.772616450132343857e+01 7.593788307425914041e+00 -3.102733496860782036e+00 7.593788307425914041e+00 5.214171364624991156e+01 9.611731957787570835e+00 -3.102733496860782036e+00 9.611731957787570835e+00 5.794879046988437921e+00
-1.850615353484617032e+01 1.141788365208306466e+01 1.240332788190176672e+01 1.141788365208306466e+01 -1.879536148474020862e+01 7.882788489836881851e+00 1.240332788190176672e+01 7.882788489836881851e+00 -4.947049456970158587e+01
-2.408666859954452377e+01 -9.653823549352798850e+00 -1.484981722638584412e+00 -9.653823549352798850e+00 -9.402129606160995579e+00 1.433335758767877888e+00 -1.484981722638584412e+00 1.433335758767877888e+00 -1.860742342800148563e+01
4.654643605203495405e+00 -5.868642578142694077e+00 -9.044555269490674121e+00 -5.868642578142694077e+00 7.732081029184576515e+00 -2.674454258987179145e+00 -9.044555269490674121e+00 -2.674454258987179145e+00 1.444561618876946119e+00
1.141336382970906449e+01 -1.886435642860378570e+00 -5.459742796237283535e+00 -1.886435642860378570e+00 3.339261704198054570e+00 8.502333635562330016e+00 -5.459742796237283535e+00 8.502333635562330016e+00 -6.154281333249291386e+00
-1.540342998217408699e+01 6.696126065665973792e-01 -1.640320657217706701e+00 6.696126065665973792e-01 -9.923035873225761749e-01 1.644129212302760434e+00 -1.640320657217706701e+00 1.644129212302760434e+00 -5.808334719686403247e+00
-2.961649857994204549e+00 -6.165829292054667121e+00 1.019099670556541781e+01 -6.165829292054667121e+00 -2.664494349115077299e+01 1.190748830071937725e+01 1.019099670556541781e+01 1.190748830071937725e+01 -5.233945886182811336e+01
3.649126079079750440e+01 -2.629664219939788605e+00 4.529240751668622167e+00 -2.629664219939788605e+00 4.576175289109244915e+01 -7.540950317089580857e+00 4.529240751668622167e+00 -7.540950317089580857e+00 4.705097914147446403e+01
-2.578663625338279530e+01 -1.103877365709534075e+01 9.358969340601227316e+00 -1.103877365709534075e+01 -1.749589166818040553e+01 -5.458926867271534533e+00 9.358969340601227316e+00 -5.458926867271534533e+00 -6.482086325219623291e+01
1.213803367733771132e+01 1.867182038394793864e+01 -4.003162836050490725e+00 1.867182038394793864e+01 2.177944456868840817e+01 4.699276535924009068e-01 -4.003162836050490725e+00 4.699276535924009068e-01 -3.267248989519297453e+01
1.275692634793799662e+01 -3.231216441356704827e+00 9.759551230588202841e+00 -3.231216441356704827e+00 1.797408555483433146e+00 4.878192225306711372e+00 9.759551230588202841e+00 4.878192225306711372e+00 -5.571282411742239304e+01
-1.431621726036732589e+01 1.323320191317032934e+00 -4.079072787312078674e+00 1.323320191317032934e+00 -2.547569766130000968e+00 -1.155119283081033466e+01 -4.079072787312078674e+00 -1.155119283081033466e+01 -1.343463024349211743e+01
7.552819211671502053e-01 -2.343641159614476166e+00 7.002142873888730357e-01 -2.343641159614476166e+00 6.105757977123256630e+00 1.109127339469327822e+01 7.002142873888730357e-01 1.109127339469327822e+01 -9.040509020445487209e+00
-2.518992684909401980e+00 -1.503410310448093146e+00 1.497282635309186105e+01 -1.503410310448093146e+00 -3.365552377556019081e+01 4.762884082466976921e+00 1.497282635309186105e+01 4.762884082466976921e+00 -4.436829844231849052e+01
2.919305226226845917e+01 9.163254686606524757e+00 -7.055345525847110721e+00 9.163254686606524757e+00 3.395962818694945184e+01 1.255779359936591177e+01 -7.055345525847110721e+00 1.255779359936591177e+01 3.535251573393124147e+01
5.545300093047786483e+00 -1.112180950805776725e+00 4.971164736188090849e+00 -1.112180950805776725e+00 -1.319970859754668702e+01 5.194588347929256500e-01 4.971164736188090849e+00 5.194588347929256500e-01 1.096002536969722607e+00
-1.019948681874187280e+01 5.011601163041807361e+00 6.422833130996694173e+00 5.011601163041807361e+00 -4.160423286927876774e+00 2.371724667174507584e+00 6.422833130996694173e+00 2.371724667174507584e+00 -4.252229164103844994e+00
-7.723289012718512758e+00 -1.328315808445970170e+01 -1.062972385274116505e+01 -1.328315808445970170e+01 -2.091442157704768334e+01 1.227067963192058464e+00 -1.062972385274116505e+01 1.227067963192058464e+00 -4.611531659748884948e+01
-9.244400282983319173e+00 4.117907889085171469e+00 -5.299800304812657181e+00 4.117907889085171469e+00 -2.043959024924844936e+00 2.530516082959385571e+00 -5.299800304812657181e+00 2.530516082959385571e+00 -1.396335084567257745e+00
-6.536150406002342983e+00 -6.412144259863667983e-01 6.117829184435340295e+00 -6.412144259863667983e-01 6.719338801868317557e-01 -9.748971871784267718e-01 6.117829184435340295e+00 -9.748971871784267718e-01 -1.685768749570752689e+01
2.363655461193316043e+01 1.688478268533941895e+00 5.081636822360678707e+00 1.688478268533941895e+00 3.047690067625468657e+01 -3.435094362539337087e+00 5.081636822360678707e+00 -3.435094362539337087e+00 1.250761008527298124e+01
-5.392915189812601540e+00 3.395514512113607886e+00 -3.523112149657727787e+00 3.395514512113607886e+00 2.870749791054130751e-01 7.452742476052303111e+00 -3.523112149657727787e+00 7.452742476052303111e+00 -4.409939735311426467e+00
-2.351296041965619477e+00 -5.462472936844386950e+00 1.485361878560935045e+00 -5.462472936844386950e+00 9.103230905719676969e+00 -9.399574435966012942e+00 1.485361878560935045e+00 -9.399574435966012942e+00 -4.211069753353494605e+01
4.274956375413474063e+01 1.174774645531033990e+01 1.551928592410436014e+00 1.174774645531033990e+01 5.148812162815092108e+01 2.488345849883797367e+00 1.551928592410436014e+00 2.488345849883797367e+00 3.516581992716486837e+01
5.338735525563540918e+00 -2.283520601799924066e+01 1.506630054103479388e+01 -2.283520601799924066e+01 -4.360087251572545064e+00 -2.879407412945667133e+01 1.506630054103479388e+01 -2.879407412945667133e+01 -1.915874984903856060e+01
-4.994760027085325760e+01 8.040578088119717748e+00 -4.061684305390668825e+00 8.040578088119717748e+00 -2.983323623918762024e+01 -7.233676209957954351e-01 -4.061684305390668825e+00 -7.233676209957954351e-01 -1.124620252512870699e+01
-3.897085285112037223e+00 3.677471329496503571e+00 2.273909217216941059e+00 3.677471329496503571e+00 3.790369627341180880e+00 -1.770483293866801089e-01 2.273909217216941059e+00 -1.770483293866801089e-01 6.215849487520864969e+00
3.379590856102804253e+01 -5.472985886100472097e-01 -1.754894878904998123e-01 -5.472985886100472097e-01 2.413363140681341079e+01 -1.825390712827043238e+00 -1.754894878904998123e-01 -1.825390712827043238e+00 1.504602805957931366e+01
-2.122767151060563862e+01 -6.833095534326492526e+00 4.297069269531714752e+00 -6.833095534326492526e+00 -2.403260703095767070e+01 -3.317084485206189370e+00 4.297069269531714752e+00 -3.317084485206189370e+00 -3.455432481267486367e+01
-3.058094071760879018e+01 -4.628361679655895067e+00 -1.205811879266404318e+00 -4.628361679655895067e+00 -3.082159027400999207e+01 -2.190006304332137166e+00 -1.205811879266404318e+00 -2.190006304332137166e+00 -5.242671712710126286e+01
-9.269415246739011849e+00 7.191584464670806476e+00 2.001823033945137276e+00 7.191584464670806476e+00 5.880938823501162815e+00 -5.706709340197313907e+00 2.001823033945137276e+00 -5.706709340197313907e+00 -4.139868276338489750e+00
-8.501037518886581879e+00 -1.329632758852409680e+01 -1.034608176853200412e+01 -1.329632758852409680e+01 -1.837984198525623825e+01 1.079155042402526909e+01 -1.034608176853200412e+01 1.079155042402526909e+01 -1.501481193398446656e+01
-1.550615633025268281e+01 -9.762109483665845078e-01 -6.013257711829130159e+00 -9.762109483665845078e-01 7.356754077003896386e-01 -2.963746673876159754e-01 -6.013257711829130159e+00 -2.963746673876159754e-01 -3.088949419607033775e+01
5.857604405665252756e+00 -1.896511657402272233e-02 -9.214223276718159994e+00 -1.896511657402272233e-02 3.002192213153943023e-01 5.932060312575973882e+00 -9.214223276718159994e+00 5.932060312575973882e+00 -6.560768186490973264e+00
-4.023102744146971332e+01 -3.546252193773567818e+00 -5.401574360754884729e+00 -3.546252193773567818e+00 -3.218991515967592676e+01 -6.678116456691340908e+00 -5.401574360754884729e+00 -6.678116456691340908e+00 -4.611363735537130992e+01
6.394734955385295017e+00 -3.762856491669642089e+00 -2.956676124387974669e-01 -3.762856491669642089e+00 1.219700045459082816e+01 5.668045864514252408e+00 -2.956676124387974669e-01 5.668045864514252408e+00 2.835578255419978877e+00
4.213522888912684294e+01 7.801504689699545469e-02 2.122913722112813595e+00 7.801504689699545469e-02 3.780041410249909717e+01 -4.631955527736757006e+00 2.122913722112813595e+00 -4.631955527736757006e+00 4.066837217598003207e+01
-3.455771429428348807e+00 -2.551329392546009434e+00 -9.376527773160436396e+00 -2.551329392546009434e+00 -8.460724802134922395e-01 -1.816101851706368508e+00 -9.376527773160436396e+00 -1.816101851706368508e+00 -1.807585976738489819e+01
-9.872988974285046737e+00 -2.673455303793123505e+01 2.798943091820302875e+00 -2.673455303793123505e+01 1.112760512024655668e+01 -1.233644684349793863e+01 2.798943091820302875e+00 -1.233644684349793863e+01 -3.740105500742780009e+01
7.131590568427306209e+01 -7.487594365027110399e+00 1.505779989707115618e+01 -7.487594365027110399e+00 5.315951745340073131e+01 -6.341988640640401798e+00 1.505779989707115618e+01 -6.341988640640401798e+00 5.271137347670757922e-01
3.237276061709794261e-02 3.473529410304225351e+00 7.651426038580735778e+00 3.473529410304225351e+00 2.774564144298550517e+01 -6.974865637047603428e+00 7.651426038580735778e+00 -6.974865637047603428e+00 6.362033698092914413e+00
3.574848243448919760e+01 -2.149175931588577004e+00 1.579520353137688993e+01 -2.149175931588577004e+00 1.951797052509180119e+01 -9.071662983567122751e+00 1.579520353137688993e+01 -9.071662983567122751e+00 -2.383451099195501044e+01
-1.831849079352372955e+00 -8.379160928630145833e+00 7.143054069677896578e-01 -8.379160928630145833e+00 -2.980305998065103434e+00 1.070313945883684426e+01 7.143054069677896578e-01 1.070313945883684426e+01 -1.639109357124728206e+01
4.761091927549175651e+00 -2.665377298105488180e+00 -1.184488710622019630e-01 -2.665377298105488180e+00 7.393030177368177469e+00 -8.363175739909545214e+00 -1.184488710622019630e-01 -8.363175739909545214e+00 -1.290216926106572792e+01
1.000750769751772218e+01 -4.672610088201158973e+00 1.286029594869282988e+01 -4.672610088201158973e+00 1.283105842013635201e+00 2.000320886979714441e+00 1.286029594869282988e+01 2.000320886979714441e+00 8.864665326826870029e+00
-1.625334172209078076e+01 2.029397789295827259e+00 -6.564327691363964767e-01 2.029397789295827259e+00 -1.168500646183471225e+01 -5.180572596550767628e+00 -6.564327691363964767e-01 -5.180572596550767628e+00 -2.531826578686827744e+01
3.065239432627343330e+00 -9.435036382734081073e+00 1.534499721522934346e+00 -9.435036382734081073e+00 3.468827733241243383e+00 -7.773000985541892227e+00 1.534499721522934346e+00 -7.773000985541892227e+00 -1.232249587524130163e+01
-1.782235343239216618e+01 1.711819677992951316e+00 7.608193755399219604e-01 1.711819677992951316e+00 -6.838224429762762568e+00 2.145625713824391156e-01 7.608193755399219604e-01 2.145625713824391156e-01 -9.782970841226459768e+00
3.567027079402116385e+01 3.805144483979208125e+00 3.551738774514302310e+00 3.805144483979208125e+00 3.311764383398693923e+01 -8.176086237865247242e+00 3.551738774514302310e+00 -8.176086237865247242e+00 2.863312745698627992e+01
-2.949837203732485946e+01 -1.647712659710859029e+01 8.136443596875130524e+00 -1.647712659710859029e+01 -2.139345721062906591e+01 2.097975717052960221e+01 8.136443596875130524e+00 2.097975717052960221e+01 1.332411293532628527e+01
-2.618585388310603168e+00 -3.214054069047468154e+00 4.147223347721691766e+00 -3.214054069047468154e+00 1.552258711162439964e+00 -1.357802266224967092e+01 4.147223347721691766e+00 -1.357802266224967092e+01 4.042283024598386731e+00
1.269768992010628672e+01 -2.004642634952763203e+01 8.423138455253150747e-01 -2.004642634952763203e+01 3.934954170466155698e+00 5.360596662417504987e-01 8.423138455253150747e-01 5.360596662417504987e-01 -4.694336618122518701e+01
-4.141532513703691798e+00 4.836575894643214468e+00 -1.134132143158209161e+01 4.836575894643214468e+00 -3.864251306126759822e+00 -5.341880742099506918e+00 -1.134132143158209161e+01 -5.341880742099506918e+00 -3.854969328856831368e+01
3.836599569225279538e+01 2.692492498387919930e+00 3.353569390264302896e+00 2.692492498387919930e+00 2.808420012802953281e+01 -8.210237159659707018e+00 3.353569390264302896e+00 -8.210237159659707018e+00 -1.151550624667190625e+01
5.928460875250560491e+01 3.796689085064035574e+00 1.626148003180328772e+01 3.796689085064035574e+00 6.329608943845300928e+01 -1.952462916241076929e+00 1.626148003180328772e+01 -1.952462916241076929e+00 6.190792484856915934e+01
-5.508372930706285864e+00 7.785296554246184941e-01 -1.170779160992671919e+01 7.785296554246184941e-01 -7.885276122035967283e+00 1.311730215711304659e+01 -1.170779160992671919e+01 1.311730215711304659e+01 -4.992706995803213488e+01
1.700120238325172650e+01 -2.971867190762949029e+00 1.692625587829516576e+01 -2.971867190762949029e+00 8.475751592379866750e+00 1.349716032255465947e+01 1.692625587829516576e+01 1.349716032255465947e+01 -4.117600610996880306e+01
-9.009920314860011104e+00 -7.177781338942278211e+00 -1.019157677593471156e+01 -7.177781338942278211e+00 1.491792472760475263e+01 1.353345652570436464e+01 -1.019157677593471156e+01 1.353345652570436464e+01 -1.374794688238970686e+01
5.834144195677094302e+01 7.277242463972958930e+00 -3.940712338644295709e+00 7.277242463972958930e+00 4.886865265625073818e+01 -2.185659495091276661e+00 -3.940712338644295709e+00 -2.185659495091276661e+00 -4.260243893343163890e+00
3.940404635375831521e-01 3.460448475404105384e+00 -1.436209650131901050e+01 3.460448475404105384e+00 -2.401684162979634962e+01 -5.654074472359554626e+00 -1.436209650131901050e+01 -5.654074472359554626e+00 -1.193062870655930219e+01
1.369590716669362784e+01 2.160930145218958209e+00 -4.432591193826007192e+00 2.160930145218958209e+00 2.087840899072117651e+01 -3.976401120569654779e+00 -4.432591193826007192e+00 -3.976401120569654779e+00 3.081614061030049534e+00
-8.203031391174515630e-01 -3.896087352950913907e+00 -1.561723628658098439e+00 -3.896087352950913907e+00 -4.320066832151439051e+00 5.054741830477724740e-01 -1.561723628658098439e+00 5.054741830477724740e-01 -3.121136700799310759e+01
-2.196721268456452769e+00 9.305349610596114207e-02 5.816041278563440109e+00 9.305349610596114207e-02 -5.361129856028270524e+00 -6.787446710167157171e+00 5.816041278563440109e+00 -6.787446710167157171e+00 -9.549623128544569184e+00
-1.813749160526015558e+01 3.754141396453397839e+00 -3.721491831921128757e+00 3.754141396453397839e+00 -1.498489516344892003e+01 -3.231010559627700118e+00 -3.721491831921128757e+00 -3.231010559627700118e+00 -1.465112490554300706e+01
3.401368989713117230e+01 1.836762077236457102e+01 6.830239652159360908e+00 1.836762077236457102e+01 3.683633382344144991e+01 6.790442671110638706e+00 6.830239652159360908e+00 6.790442671110638706e+00 -2.983270648348652898e+01
-1.565153711019228489e+01 9.635773196974417587e+00 -5.113141924527385918e+00 9.635773196974417587e+00 -1.037184071352545800e+01 -1.261029429933032020e+00 -5.113141924527385918e+00 -1.261029429933032020e+00 -3.397594658719287963e+01
-1.425770174940209911e-01 3.297878996434143062e+00 9.655170317799539603e+00 3.297878996434143062e+00 2.609002505889459655e+01 3.371650189565377875e+00 9.655170317799539603e+00 3.371650189565377875e+00 -2.701043103473493900e+01
-2.530114812866951723e+01 1.421044740290903441e+01 -3.203793520710027209e+00 1.421044740290903441e+01 -1.885314644648652305e+01 -1.275891460569133784e+01 -3.203793520710027209e+00 -1.275891460569133784e+01 -7.304998225938513201e+01
4.597835339670900368e+01 9.070493186382924122e+00 1.530333198283430063e+00 9.070493186382924122e+00 4.966840182420291683e+01 4.277602369138175042e+00 1.530333198283430063e+00 4.277602369138175042e+00 3.823993680175380661e+01
3.198396675411604662e+01 -3.533183673511736345e+00 -1.206057204343895606e+01 -3.533183673511736345e+00 1.409264784816689975e+01 -1.041410067608724077e+01 -1.206057204343895606e+01 -1.041410067608724077e+01 1.798131787201902654e+01
3.495157373067559092e+01 -4.786544533661164280e+00 2.949723530324949827e+00 -4.786544533661164280e+00 3.278490832718920700e+01 -1.980637728051524604e+00 2.949723530324949827e+00 -1.980637728051524604e+00 2.000785633959719689e+01
-1.674687729248912049e+01 -2.074862508409993467e+01 1.003034925239770558e+01 -2.074862508409993467e+01 -6.100777711955735150e+00 -1.269540446921186216e+01 1.003034925239770558e+01 -1.269540446921186216e+01 -1.437899843813424994e+01
6.076335761514669365e+00 -1.748331343772845514e+01 1.206596590781090406e+01 -1.748331343772845514e+01 -1.355547240052233704e+01 -3.235473912309745792e+00 1.206596590781090406e+01 -3.235473912309745792e+00 2.460676822436143851e+01
7.732200627329612885e+00 2.585968317243756420e+00 -3.608362540421220732e+00 2.585968317243756420e+00 1.381623619794372182e+01 -1.276868383354312630e+00 -3.608362540421220732e+00 -1.276868383354312630e+00 6.060745241001485262e+00
-4.825428459251983604e+00 -2.486561140039902806e+00 1.604120987095777107e+00 -2.486561140039902806e+00 -1.371675397498012750e+01 5.318545409557341230e+00 1.604120987095777107e+00 5.318545409557341230e+00 -1.369235549987681821e+01
3.133166052950674541e+01 2.805034207225291620e+00 8.274862291741403197e+00 2.805034207225291620e+00 3.418070351657781458e+01 -3.911158136564762966e+00 8.274862291741403197e+00 -3.911158136564762966e+00 3.312711029844153643e+01
-2.685815445609281937e+01 -1.741064369962858738e+00 -1.709305837100096426e+00 -1.741064369962858738e+00 -1.495269338310722418e+01 5.342401211778851078e-01 -1.709305837100096426e+00 5.342401211778851078e-01 -4.865431758538811380e+00
-3.884939897128718567e-01 -9.550503252664938714e+00 -5.493113855553832359e+00 -9.550503252664938714e+00 -3.011465254027112515e+00 -6.970241579605491289e+00 -5.493113855553832359e+00 -6.970241579605491289e+00 -2.862307540310335696e+01
