7.928470794296345936e+00 6.999383354780689404e-01 5.146707086832169153e+00 6.999383354780689404e-01 -3.527127826091933649e+00 5.903395641221638179e+00 5.146707086832169153e+00 5.903395641221638179e+00 7.392096576848955714e+00
4.632316411319858496e+00 3.330087135912946361e-01 -4.746965643727233619e+00 3.330087135912946361e-01 5.009158094530465455e+00 -2.438314858331228407e+00 -4.746965643727233619e+00 -2.438314858331228407e+00 6.666063955073990854e+00
-1.286761864441542969e+01 3.271114135489354258e+00 5.939596518397338265e+00 3.271114135489354258e+00 -4.848578883481389212e+00 5.139755138066162132e+00 5.939596518397338265e+00 5.139755138066162132e+00 -9.531711406371270456e+00
1.342495669677632719e+01 -1.767626545366301016e+01 3.948305546430035395e+00 -1.767626545366301016e+01 9.168852889435056497e+00 -3.470339740540103080e+00 3.948305546430035395e+00 -3.470339740540103080e+00 1.784835527478548300e+01
-3.242772111139515356e+00 3.973866604172991313e+00 9.686439933363962140e+00 3.973866604172991313e+00 -2.525160975774620731e+00 -5.160914994646412790e-01 9.686439933363962140e+00 -5.160914994646412790e-01 3.775192596128795763e+00
-1.098649014292373494e+01 3.398816072492426343e+00 6.725231446818181524e+00 3.398816072492426343e+00 -9.266160987466056653e+00 4.711687270173250397e+00 6.725231446818181524e+00 4.711687270173250397e+00 2.965951870897039822e+00
1.510504880273063932e+01 -2.578875354091488603e+00 1.084988888495285586e+01 -2.578875354091488603e+00 2.193671821189070226e+00 -3.803634311383422340e+00 1.084988888495285586e+01 -3.803634311383422340e+00 5.002028774652391707e-01
3.285173602077185251e+01 -4.811883727206554440e+00 5.335076424218094360e+00 -4.811883727206554440e+00 3.098877051551561124e+01 4.109965969983710110e+00 5.335076424218094360e+00 4.109965969983710110e+00 3.815834013112284140e+01
-1.524298355126524918e+01 2.948440564098842476e+00 -5.051435824478723191e+00 2.948440564098842476e+00 -1.045285763800169221e+01 -1.208252357944608724e+00 -5.051435824478723191e+00 -1.208252357944608724e+00 -1.363353899098687094e+01
1.920763267469949298e+01 -3.712310183348731307e+00 1.909858975351383847e+01 -3.712310183348731307e+00 2.587642138221696442e+01 -3.923529219603524298e-01 1.909858975351383847e+01 -3.923529219603524298e-01 8.472595777232220016e+00
1.835703900311159487e+01 -2.896938211280902120e+00 9.025798885907178715e+00 -2.896938211280902120e+00 1.282293114182679084e+01 8.904700503624811692e-01 9.025798885907178715e+00 8.904700503624811692e-01 1.246352839297651016e+01
-1.593458559167812982e+00 2.723323027747088343e+00 3.869093118192396652e+00 2.723323027747088343e+00 -3.181270936637679014e+00 -4.403184219078786765e-01 3.869093118192396652e+00 -4.403184219078786765e-01 2.940927847475504286e+00
-2.798363296709132975e+00 4.358658428916408312e+00 -4.744427976288195792e-01 4.358658428916408312e+00 -4.125584331338964184e+00 1.453988798459741938e+00 -4.744427976288195792e-01 1.453988798459741938e+00 5.940233166280019933e-02
9.651405363969706386e+00 -9.009475362056631464e-01 -1.381393708648194218e+00 -9.009475362056631464e-01 -1.037641726574539192e+01 1.350459034248542300e+00 -1.381393708648194218e+00 1.350459034248542300e+00 4.561500962129422021e+00
-2.203471438283301165e+00 -8.574570593328552093e+00 9.924932475360209949e+00 -8.574570593328552093e+00 4.631252436587761423e+00 9.191860612452378732e+00 9.924932475360209949e+00 9.191860612452378732e+00 1.621211537138896119e+01
-1.477973145654139131e+01 4.116057982336316812e+00 8.899575177025003114e-01 4.116057982336316812e+00 -1.155241706617473696e+01 -2.678320048060137459e+00 8.899575177025003114e-01 -2.678320048060137459e+00 4.877767816734206452e-01
3.468273794274354316e+01 -1.282560191073610412e+00 5.979417881487014697e+00 -1.282560191073610412e+00 4.720072619128230684e+01 -1.763949928847144411e-01 5.979417881487014697e+00 -1.763949928847144411e-01 2.237098943225124970e+01
-2.414928570475391556e+00 -3.048047494870013807e+00 6.400053513690110663e+00 -3.048047494870013807e+00 8.516300025327973311e-02 -1.838549423888126588e+00 6.400053513690110663e+00 -1.838549423888126588e+00 1.263615260738693280e+01
-3.245997107641952706e+00 3.261249608384896970e+00 -1.783232160804305799e+00 3.261249608384896970e+00 -1.334635347638750424e+01 -5.319542360052100793e-01 -1.783232160804305799e+00 -5.319542360052100793e-01 -3.597592312561464833e+00
1.610585471760095899e+01 -8.464432881906409634e+00 5.191224359217637030e+00 -8.464432881906409634e+00 2.875087906544430694e-01 2.909141879389430585e+00 5.191224359217637030e+00 2.909141879389430585e+00 2.601438800232318727e+01
-8.013079126498841021e+00 7.858887782249556864e+00 -2.775486922578885851e-01 7.858887782249556864e+00 -1.801064279626606179e+01 7.453993973416138674e-01 -2.775486922578885851e-01 7.453993973416138674e-01 3.085607138810183003e-01
-5.965340406132602524e+00 -1.865584646324404794e+00 -1.696878190678183351e+00 -1.865584646324404794e+00 -5.831713077133923839e+00 2.777656141236094722e+00 -1.696878190678183351e+00 2.777656141236094722e+00 -6.098349944844168036e+00
-5.435904191177714395e+00 -6.039745593694968662e+00 1.992368302547464776e-02 -6.039745593694968662e+00 -1.387253009074793830e+01 -3.959087889491727630e+00 1.992368302547464776e-02 -3.959087889491727630e+00 -1.504173982237764440e+00
1.269090843758205267e+01 -1.110963817251676256e+00 7.891086377318869083e+00 -1.110963817251676256e+00 4.024848595868016354e-01 6.634003163545824089e-01 7.891086377318869083e+00 6.634003163545824089e-01 7.534635095992235243e+00
1.265112246665896478e+01 -2.144629746254207436e+00 3.563218107587753369e+00 -2.144629746254207436e+00 2.652229732452330069e+01 -3.712023776501955918e+00 3.563218107587753369e+00 -3.712023776501955918e+00 9.863556972653642063e+00
-1.759806432694015754e+01 3.139851105510663487e+00 4.199191578404841252e+00 3.139851105510663487e+00 -1.936926971225224747e+01 -6.591235964633659905e-02 4.199191578404841252e+00 -6.591235964633659905e-02 -6.180112264061110139e+00
1.541751820469819956e+00 7.334935729468591958e+00 7.552900954961238256e+00 7.334935729468591958e+00 -7.167056401074453298e+00 -1.320170340879167270e+01 7.552900954961238256e+00 -1.320170340879167270e+01 1.737801018731433444e+01
-1.652692030532031353e+01 5.862588185648736072e+00 1.937059289436363629e+00 5.862588185648736072e+00 -4.316284272975829595e+01 1.917851994786700764e+00 1.937059289436363629e+00 1.917851994786700764e+00 -1.485202246776255919e+01
1.525202215054788368e+01 4.336087293187666086e-02 7.134651495577131186e-01 4.336087293187666086e-02 1.981206540152861351e+01 2.255501381653868265e+00 7.134651495577131186e-01 2.255501381653868265e+00 1.063409959824447526e+01
7.320155616366975870e+00 -1.239366898235092940e+00 9.254223864183463988e-01 -1.239366898235092940e+00 8.218244734116524342e+00 -5.330721591799516546e-01 9.254223864183463988e-01 -5.330721591799516546e-01 6.759771165700627193e+00
3.290192229749204955e+01 -7.273742376257811282e-01 6.292452352451938680e+00 -7.273742376257811282e-01 2.417071395724411431e+01 1.024624634300975862e-01 6.292452352451938680e+00 1.024624634300975862e-01 3.343603675711757717e+01
-2.585499231145747601e+01 6.840318240248897119e+00 5.892340667121498399e+00 6.840318240248897119e+00 -3.395422840470423154e+01 3.007114686127813741e+00 5.892340667121498399e+00 3.007114686127813741e+00 -3.572536593872946042e+01
2.885021552041535031e+01 -2.316190500385660656e+00 9.577205286122962846e+00 -2.316190500385660656e+00 3.884443428930145359e+01 1.325893940300151508e+00 9.577205286122962846e+00 1.325893940300151508e+00 4.423492011302059979e+01
-5.432069893370044866e+00 -4.331413751636175591e-01 3.069490217360040796e-01 -4.331413751636175591e-01 -3.471636855338271044e+00 -9.333354763121401998e-01 3.069490217360040796e-01 -9.333354763121401998e-01 -2.383122617265663046e-01
-1.108578412091886456e+01 7.483779473794596626e+00 2.386739829371374189e+00 7.483779473794596626e+00 -2.300659430001201322e+00 -2.663333951260115295e+00 2.386739829371374189e+00 -2.663333951260115295e+00 -1.336487904311251418e+00
-1.040202615060658253e+01 9.316298848068725880e-01 1.012936789421302386e+00 9.316298848068725880e-01 -3.232984094415472853e+00 -4.273433755212970198e+00 1.012936789421302386e+00 -4.273433755212970198e+00 -1.284663873422159597e+01
1.245651428924614912e+01 -6.616570231955793968e-01 1.040943671493176659e+01 -6.616570231955793968e-01 4.861381151030772507e+00 -9.930930289192373139e-02 1.040943671493176659e+01 -9.930930289192373139e-02 7.852348282666299362e+00
1.901836815646084133e+01 6.355818228479925835e-01 1.264051478531089123e-01 6.355818228479925835e-01 1.243626005129036116e+01 3.963740708255200307e+00 1.264051478531089123e-01 3.963740708255200307e+00 1.608322986423755196e+01
-3.993875418712002912e+00 8.887033388196620143e-01 -9.377781447686405203e-01 8.887033388196620143e-01 8.282213825909787719e-01 2.100161097153802281e+00 -9.377781447686405203e-01 2.100161097153802281e+00 -5.695267451001085668e+00
-1.275348897600654219e+01 -6.746660190896612841e-01 7.844272710361574474e-02 -6.746660190896612841e-01 -1.433760638868073656e+01 2.185583075751384108e+00 7.844272710361574474e-02 2.185583075751384108e+00 -1.289266892894000094e+01
2.125114468840630622e+01 -1.154342769354250509e+00 1.203037977775093381e+01 -1.154342769354250509e+00 1.196759055677837935e+01 -5.460431738923011480e+00 1.203037977775093381e+01 -5.460431738923011480e+00 3.736979497116730897e+01
-5.079639692320589539e+00 -6.676092338610491339e+00 8.157448244509570401e+00 -6.676092338610491339e+00 -2.890178376257898307e+01 -1.681810613444093772e+00 8.157448244509570401e+00 -1.681810613444093772e+00 -1.375174330966581238e+01
4.309545222763683014e+00 -1.086745988351721426e+00 3.697598480723129022e+00 -1.086745988351721426e+00 -8.275799091050556333e-01 4.927998107333013245e+00 3.697598480723129022e+00 4.927998107333013245e+00 7.964590974349376573e+00
2.727258346426752667e+01 -5.982611468552172518e+00 8.988984406077792144e+00 -5.982611468552172518e+00 3.073463059260127395e+01 -8.100122945298446897e-01 8.988984406077792144e+00 -8.100122945298446897e-01 1.720401979613183485e+01
2.447375251983473632e+01 7.778701425653683721e+00 1.055098672703299556e+01 7.778701425653683721e+00 4.932702656961255983e+00 -4.565639248605244838e+00 1.055098672703299556e+01 -4.565639248605244838e+00 1.396530947359489971e+01
-1.983500637367172814e+01 -3.934875225127816734e+00 4.383982385651080449e+00 -3.934875225127816734e+00 -2.433221639514284007e+01 2.392657237316689223e+00 4.383982385651080449e+00 2.392657237316689223e+00 -9.127502626035353117e+00
3.535088957556428113e+01 -1.199206799221910646e+00 3.474270896108716755e+00 -1.199206799221910646e+00 2.853426417821182426e+01 1.610603466051614863e+00 3.474270896108716755e+00 1.610603466051614863e+00 2.918062767699887416e+01
-6.174861766585958200e+00 4.982203688019258614e+00 6.319864991532938570e-01 4.982203688019258614e+00 -1.564801377457719944e+01 2.379535015219255811e+00 6.319864991532938570e-01 2.379535015219255811e+00 -1.080161732841110123e+01
-2.167985377764266364e+00 6.766737076693726261e-01 3.541785351400452253e+00 6.766737076693726261e-01 -1.054000336124400583e+01 -3.570785247493838965e-01 3.541785351400452253e+00 -3.570785247493838965e-01 -3.674347177533083819e+00
2.254985666690576451e+01 1.068289886814207890e+00 8.562573740197260364e+00 1.068289886814207890e+00 2.331181757923339859e+01 2.564079743210894602e+00 8.562573740197260364e+00 2.564079743210894602e+00 2.158800264612436948e+01
