-1.843559744394266531e+01 -1.075107012732232192e+01 -1.515453700814548554e+01 -1.075107012732232192e+01 -3.256232245513197654e+01 -7.083144824417130003e+00 -1.515453700814548554e+01 -7.083144824417130003e+00 -8.194429005725622162e+00
-2.601852481717066112e+01 -4.107136515125492382e-01 1.258473496458947771e+01 -4.107136515125492382e-01 -3.253873508095482237e+01 1.208648257008562688e+01 1.258473496458947771e+01 1.208648257008562688e+01 -4.859897244108858416e+01
4.390844721768168313e+01 4.290897654639186598e+00 -8.659110614017206942e+00 4.290897654639186598e+00 6.617711470432777787e+01 -1.247557567706484849e-01 -8.659110614017206942e+00 -1.247557567706484849e-01 -1.805904318629395888e+01
1.718031527507281808e+01 1.222551705670295696e+01 2.051053314931104765e+01 1.222551705670295696e+01 3.973331089220908385e+00 6.049745407883765580e+00 2.051053314931104765e+01 6.049745407883765580e+00 -1.558765767284829451e+01
-3.851438425782627917e+01 4.190155338969662857e+00 3.138622695578304800e+01 4.190155338969662857e+00 -2.242469987873906945e+01 -2.987109605458654471e+01 3.138622695578304800e+01 -2.987109605458654471e+01 -5.599643805755756176e+01
-4.072728496432090139e+01 1.057022336838806531e+01 1.092254831657088943e+01 1.057022336838806531e+01 -3.210285088493746741e+01 2.647634878702664452e+00 1.092254831657088943e+01 2.647634878702664452e+00 -5.546825865486214724e+01
1.047291432816970413e+01 3.320028770719166133e-01 -1.647756325409847067e+00 3.320028770719166133e-01 7.751760053036472975e+00 -1.075388196543865149e+01 -1.647756325409847067e+00 -1.075388196543865149e+01 -5.240211101171050956e+01
-2.033755010412687270e+01 -1.489758483714770954e+01 2.313505438885765930e-01 -1.489758483714770954e+01 -1.747324963159282873e+01 -1.164759071850792616e+01 2.313505438885765930e-01 -1.164759071850792616e+01 -3.079926414840938165e+01
-3.220625579668143246e+01 -2.238348653859594251e+01 -1.689024363183150967e+01 -2.238348653859594251e+01 -3.393130151085218671e+01 7.783958243382745223e+00 -1.689024363183150967e+01 7.783958243382745223e+00 -2.697911555084122881e+01
-4.637294778754166202e+01 2.206890324085562849e+00 -1.563405086991493675e+01 2.206890324085562849e+00 -3.036777908829972716e+01 -8.664543914627151011e+00 -1.563405086991493675e+01 -8.664543914627151011e+00 -3.765870496820854640e+01
-1.254016679020640446e+01 -5.160534824171048029e+00 9.996404257709826879e+00 -5.160534824171048029e+00 -1.526926932674507853e+01 4.318318063754750802e-01 9.996404257709826879e+00 4.318318063754750802e-01 -4.560249111900971286e+01
-3.362252754260240550e+01 2.367204673470216236e-01 -3.433544996159468621e+00 2.367204673470216236e-01 2.519037403964097699e+00 3.315378111011953344e+00 -3.433544996159468621e+00 3.315378111011953344e+00 -2.027697809521583139e+01
-3.618206227582296464e+01 4.076349578211640790e+00 -8.524705681087059617e+00 4.076349578211640790e+00 -1.851617068982164582e+01 1.643342834234497118e+01 -8.524705681087059617e+00 1.643342834234497118e+01 -5.090817495619013044e+01
3.874745230300106158e+01 -1.536138700491750941e-01 -8.873742893813778565e+00 -1.536138700491750941e-01 3.070054209336274198e+01 -1.010871069412144685e+01 -8.873742893813778565e+00 -1.010871069412144685e+01 9.840947602451684872e+00
-1.656822548247084692e-02 2.428281018176904116e+00 -1.278292467192362114e+00 2.428281018176904116e+00 9.694250309709168789e+00 4.882985304551636929e+00 -1.278292467192362114e+00 4.882985304551636929e+00 -3.163449122095414268e+01
4.795606255561150277e+01 9.194153149458580643e+00 3.238485408430954227e+00 9.194153149458580643e+00 3.393513088008504752e+01 -4.771963485375505520e+00 3.238485408430954227e+00 -4.771963485375505520e+00 -7.809052157399476002e+00
1.860070837604197891e+01 2.153878829494038083e+00 5.507499694789014022e+00 2.153878829494038083e+00 1.446367209286314548e+01 -1.406171821817442336e+01 5.507499694789014022e+00 -1.406171821817442336e+01 -4.946162621371391843e+00
8.956744807209016557e+00 -1.671273213679841518e+01 5.092797423968183246e+00 -1.671273213679841518e+01 1.382003382516638901e+01 7.081541969879482146e+00 5.092797423968183246e+00 7.081541969879482146e+00 3.011821225314609496e+00
1.571106372033626819e+01 -8.309935689881807974e+00 2.340272186180413883e+01 -8.309935689881807974e+00 -4.038188693184902256e+00 -8.539556150792835254e+00 2.340272186180413883e+01 -8.539556150792835254e+00 -2.870809089915378465e+01
-2.934883902642392073e+00 -2.164584488240047477e+01 9.724439887723939080e+00 -2.164584488240047477e+01 -6.317216153484119801e+00 2.458579982643225748e+00 9.724439887723939080e+00 2.458579982643225748e+00 -4.760401211351485529e+01
-2.586208151428440516e+01 2.184952420790051253e+00 -8.846322505439980333e+00 2.184952420790051253e+00 2.802234503859363901e+00 5.210252223185759535e-01 -8.846322505439980333e+00 5.210252223185759535e-01 -5.109053107810192529e+01
1.895153537400272725e+01 -3.377331186685383901e+00 6.629775464061031798e+00 -3.377331186685383901e+00 1.987831536240116748e+01 -1.892527154049093951e+01 6.629775464061031798e+00 -1.892527154049093951e+01 -2.976260104555341623e+00
2.594579212590506945e+00 -1.999345291817744652e+01 2.104284203228910854e+00 -1.999345291817744652e+01 1.241361915690745832e+01 2.275912683084180266e+00 2.104284203228910854e+00 2.275912683084180266e+00 -5.656603272666854565e+01
-2.796638739841600696e+01 -1.102708398576348969e+01 4.088702715651450603e+00 -1.102708398576348969e+01 -5.344533201356057361e+00 -2.189969314303359393e+00 4.088702715651450603e+00 -2.189969314303359393e+00 -2.088610554169950007e+01
4.938258131186835698e+01 4.630597271358633193e+00 -1.013112265624102903e+01 4.630597271358633193e+00 3.020208038938140760e+01 -1.705851184452596314e+01 -1.013112265624102903e+01 -1.705851184452596314e+01 1.487504900730799839e+01
-4.835293203218500224e+01 -1.111000898070300913e+01 -1.650401692019045186e+01 -1.111000898070300913e+01 4.773435810791484712e+00 2.037357792442072579e+01 -1.650401692019045186e+01 2.037357792442072579e+01 -1.781785921035605114e+01
-8.525218192836776510e+00 1.049328135341339241e+01 5.718313049520747704e+00 1.049328135341339241e+01 8.300707129471728507e+00 -2.129253104780315553e+01 5.718313049520747704e+00 -2.129253104780315553e+01 -1.117199065679148084e+01
-1.083740239881673517e+01 6.463652661234354113e+00 1.102731593593476056e+01 6.463652661234354113e+00 -7.222512725254778054e+00 1.533368835692846410e+01 1.102731593593476056e+01 1.533368835692846410e+01 -2.600544174257989027e+01
-3.286598173673875323e+01 7.433498518408719669e+00 5.488406840355233296e-01 7.433498518408719669e+00 -7.313637266432441386e+00 1.105282791344016857e+01 5.488406840355233296e-01 1.105282791344016857e+01 -7.356239908888873913e+01
7.235271533388589660e+01 9.178063337785337339e+00 -6.982655930655491616e+00 9.178063337785337339e+00 7.515862450580716825e+01 -8.020464611772490926e+00 -6.982655930655491616e+00 -8.020464611772490926e+00 2.161987285581836460e+01
-7.078226180331275152e+00 -4.628446122549656039e+00 1.107047049204199674e+01 -4.628446122549656039e+00 8.756096449057899633e-01 -3.825616683917152372e+00 1.107047049204199674e+01 -3.825616683917152372e+00 6.969652775353343266e+00
-1.999019346997023661e+01 1.681046346155362770e+01 1.302652982393520986e+01 1.681046346155362770e+01 -1.733057916940606091e+01 -1.476983455362036146e+01 1.302652982393520986e+01 -1.476983455362036146e+01 -5.949923006674202952e+01
-2.085580125463259549e+00 1.210216808866997340e+01 9.700720146751731221e+00 1.210216808866997340e+01 -2.936603951147830216e+01 -4.228815602081946956e+00 9.700720146751731221e+00 -4.228815602081946956e+00 -4.346814123248712747e+01
-4.330549031928617865e+01 1.202436334034704579e+01 8.823267134257415378e+00 1.202436334034704579e+01 -4.790953189099565179e+01 1.511821912941535828e+01 8.823267134257415378e+00 1.511821912941535828e+01 -4.939366361929800320e+01
1.343924077484255797e+01 -1.750443748245180942e+01 1.109612044468837055e+01 -1.750443748245180942e+01 1.456979643973294003e+01 -1.364559372221993527e+01 1.109612044468837055e+01 -1.364559372221993527e+01 -9.132817936349491461e+00
-3.923624798002594360e+01 6.892948894757349176e-01 -1.249549784902684380e+01 6.892948894757349176e-01 -2.489762674695239397e+01 1.830585202376881071e+01 -1.249549784902684380e+01 1.830585202376881071e+01 -4.262003151905550880e+01
-2.865290751827122762e+01 2.068327636986647278e+01 -1.788945211522486867e+00 2.068327636986647278e+01 -5.222207520405188319e+01 1.055096388526754936e+01 -1.788945211522486867e+00 1.055096388526754936e+01 -6.775517970374960441e+01
1.009010577432639977e+01 -2.039888402321950522e+01 -2.609088709459584265e+00 -2.039888402321950522e+01 1.835514790492509718e+01 8.082336120585848604e+00 -2.609088709459584265e+00 8.082336120585848604e+00 -6.266574148725521987e+00
-1.924566161962688682e+01 -4.510194622689928323e+00 -9.156747675450574775e+00 -4.510194622689928323e+00 -1.837159400230996198e+01 2.021168052739699572e+00 -9.156747675450574775e+00 2.021168052739699572e+00 -5.011112122629453580e+01
4.208713926992136578e+01 -5.553324584743942083e+00 -9.758992771459894300e+00 -5.553324584743942083e+00 8.031586549030105715e+00 1.610499563773414167e+01 -9.758992771459894300e+00 1.610499563773414167e+01 -1.279705685081782562e-01
-2.896815882705339362e+01 -5.306460222516629521e+00 3.379716954845433108e+00 -5.306460222516629521e+00 -1.813078525973015687e+01 7.359767785959101527e-01 3.379716954845433108e+00 7.359767785959101527e-01 -5.585835241897351722e+01
9.433317770108210487e-01 9.598068777998586043e+00 -7.653061709420963865e+00 9.598068777998586043e+00 3.381786664041266377e-01 -3.760789987541509394e+00 -7.653061709420963865e+00 -3.760789987541509394e+00 -5.117496062950417723e+01
4.908835157001320226e+00 -2.159507122265201673e+01 1.155615659930908024e+01 -2.159507122265201673e+01 -4.203636630268675844e+01 -1.377796219118282828e+01 1.155615659930908024e+01 -1.377796219118282828e+01 -9.472628888172906159e+01
5.525995977292280870e+00 -3.711530003507871101e+00 -2.438990514464570936e+01 -3.711530003507871101e+00 -1.698561040414438494e+01 -1.096179073031639284e+01 -2.438990514464570936e+01 -1.096179073031639284e+01 -1.298912335783351857e+01
-2.051729293397150400e+01 5.643811850722912915e+00 -1.752274040432165947e+00 5.643811850722912915e+00 -2.196293149806697187e+01 4.846932949133817559e+00 -1.752274040432165947e+00 4.846932949133817559e+00 -4.685664437624905787e+01
2.872732933649432496e+00 6.264829448609846585e-01 -1.762735935393459030e+01 6.264829448609846585e-01 -1.860818106954918960e+01 -6.988197604879548663e+00 -1.762735935393459030e+01 -6.988197604879548663e+00 -5.572960055786860067e+01
3.152448919506765179e+01 -1.740350895942773946e+01 -2.429857348159499608e+00 -1.740350895942773946e+01 2.424472025393772512e+01 -6.489739537767321487e+00 -2.429857348159499608e+00 -6.489739537767321487e+00 1.479225873223085763e+01
-1.950973567573686651e+01 6.264488953712928243e+00 4.324200042391044718e+00 6.264488953712928243e+00 5.045493557641369087e+00 -7.072303891005119247e+00 4.324200042391044718e+00 -7.072303891005119247e+00 -3.546902239735857165e+01
-3.207351226280194112e+01 4.620415076033834167e-01 3.510930985484832956e+00 4.620415076033834167e-01 -3.118824966285593803e+01 -3.248564600370824618e+00 3.510930985484832956e+00 -3.248564600370824618e+00 -1.082635077792707357e+01
-3.030583264120619180e+00 3.623935355783720169e+00 2.099896291099960344e+00 3.623935355783720169e+00 -1.430037972203767493e+00 -5.982389811987087747e+00 2.099896291099960344e+00 -5.982389811987087747e+00 -3.714239608146039728e+01
7.126404784430077655e+01 -1.335577552471789353e+01 -2.018860275871932686e+01 -1.335577552471789353e+01 6.415623163794921879e+01 6.238796715748955890e+00 -2.018860275871932686e+01 6.238796715748955890e+00 2.120118817263226418e+01
-2.111414947197062730e+01 -5.518792279833253822e+00 1.286862174485195132e+00 -5.518792279833253822e+00 -3.217586279392378401e+01 1.342450982191662945e+01 1.286862174485195132e+00 1.342450982191662945e+01 -3.395590142714016935e+01
-6.821828841687088918e+00 -1.459205440974831847e+00 4.322122060740735350e+00 -1.459205440974831847e+00 -9.364304858301267132e+00 -1.260922234425163424e+01 4.322122060740735350e+00 -1.260922234425163424e+01 -2.702505549965461285e+01
-2.387383661575614102e+00 5.173985505560397158e+00 -1.699858781230874172e+01 5.173985505560397158e+00 -1.114383859883808725e+01 -1.855893857574999473e+01 -1.699858781230874172e+01 -1.855893857574999473e+01 -3.995304399314802168e+01
4.810796429609914604e+00 7.133907473904339547e+00 1.413434544075791344e+01 7.133907473904339547e+00 3.026016127577914006e+01 1.273402357255230655e+01 1.413434544075791344e+01 1.273402357255230655e+01 -4.626378114755605964e+01
7.540489328488783061e-01 1.148313487527142840e+01 7.170820516987082005e-01 1.148313487527142840e+01 9.592216519201237190e+00 7.374414019020181676e+00 7.170820516987082005e-01 7.374414019020181676e+00 -2.253324365097883586e+01
6.097985442890828267e+01 -1.506027088040245099e+00 1.426426770406258271e+01 -1.506027088040245099e+00 3.880441212153463226e+01 2.119044036740543202e+00 1.426426770406258271e+01 2.119044036740543202e+00 7.499344182366942668e+00
-2.434787780156474923e+01 -4.227494437318739529e+00 6.985065200264506835e+00 -4.227494437318739529e+00 -6.302937590141490354e+00 1.959390556676023110e+01 6.985065200264506835e+00 1.959390556676023110e+01 -8.169426466662118003e+01
-1.479757146888992203e+01 2.107326966345090113e+01 -1.034724550016541400e+01 2.107326966345090113e+01 -1.904467923347555214e+01 -3.102524313528530442e+01 -1.034724550016541400e+01 -3.102524313528530442e+01 -7.107651738909642347e+01
9.090044361885343704e+00 -6.956407549463412998e+00 -1.702335883723783638e+01 -6.956407549463412998e+00 -1.049282203286686227e-01 1.074447191721442962e+01 -1.702335883723783638e+01 1.074447191721442962e+01 -2.961970269047749582e+01
-5.901944491719242336e+01 -1.785135207973615579e+01 2.271822898521073242e+01 -1.785135207973615579e+01 -6.388905453675103985e+01 1.645150744316237379e+01 2.271822898521073242e+01 1.645150744316237379e+01 -8.010213662509005417e+01
-2.379922085422283118e+01 -7.600789362739421295e-02 -1.802696713458605515e+01 -7.600789362739421295e-02 -3.423611972428723504e+01 8.964289248602197446e+00 -1.802696713458605515e+01 8.964289248602197446e+00 -1.476877123924512070e+01
3.783853897387662357e+01 -4.147588824237073091e+00 -1.364457451301463919e+01 -4.147588824237073091e+00 1.642805623243541291e+01 -8.211629157353428354e+00 -1.364457451301463919e+01 -8.211629157353428354e+00 1.543944598797346934e+01
6.514973848140505197e+01 -1.183920386063002361e+01 9.862915311059317958e+00 -1.183920386063002361e+01 3.355543508537390096e+01 -3.132396311801831867e+00 9.862915311059317958e+00 -3.132396311801831867e+00 -8.310009821765298454e+00
1.242125579659787604e+01 -1.162663894408704479e+01 -2.503989867603953456e+01 -1.162663894408704479e+01 1.672974743399021946e+01 9.345694724764566530e+00 -2.503989867603953456e+01 9.345694724764566530e+00 -3.039789599939111753e+01
-6.548711962450337154e+00 -2.388445323830484579e+00 2.805785010816081115e+00 -2.388445323830484579e+00 7.037058653972692035e+00 -5.044873040991917357e-01 2.805785010816081115e+00 -5.044873040991917357e-01 -4.514234875682902981e+01
-2.171271239132153852e+01 8.338977859558481143e+00 2.211402462454587159e+00 8.338977859558481143e+00 -2.159482256324968219e+01 1.079054860411397065e+01 2.211402462454587159e+00 1.079054860411397065e+01 -3.153285151143151310e+01
-6.109965355441859813e+00 6.617198739633047389e+00 1.675413992196919821e+01 6.617198739633047389e+00 -1.136597887455160460e+01 -1.241873130646562196e+01 1.675413992196919821e+01 -1.241873130646562196e+01 -5.940164600257085681e+01
-1.257509520275690562e+01 1.229956394233991723e+01 -1.338474389101272366e-01 1.229956394233991723e+01 -3.435071805057769723e+01 1.361162307128576821e+01 -1.338474389101272366e-01 1.361162307128576821e+01 -2.449173908073654715e+01
-4.204681204461024180e+01 -1.877306997883308570e+00 -1.023689519502434919e+01 -1.877306997883308570e+00 -4.405157284955709684e+01 -1.595331254274011235e+00 -1.023689519502434919e+01 -1.595331254274011235e+00 -9.314188070056214031e+01
2.763722624771466485e+01 -1.812575696349230547e+00 -1.061608300750972678e+00 -1.812575696349230547e+00 2.341943279612139506e+01 1.048958196530118236e+01 -1.061608300750972678e+00 1.048958196530118236e+01 -3.313743238116811796e+01
-1.995669046794755275e+01 -1.131942862608981315e+01 -3.004195354095467785e+00 -1.131942862608981315e+01 -3.686812732787765157e+01 -6.096151656926280360e+00 -3.004195354095467785e+00 -6.096151656926280360e+00 -5.568319463934038538e+01
2.627860429456615066e+01 -5.193891827956954366e+00 3.848494861224394548e+00 -5.193891827956954366e+00 4.183263218551686258e+00 8.317447488843312087e+00 3.848494861224394548e+00 8.317447488843312087e+00 -9.816218851384640232e+00
5.912256816370813794e+00 -1.884993125011256820e+00 -1.998004866779682942e+01 -1.884993125011256820e+00 -1.062536709841502081e+01 -6.873002283968666859e+00 -1.998004866779682942e+01 -6.873002283968666859e+00 -1.166922239739072431e+01
-1.308695220926086478e+01 -1.668614953161601022e+00 1.582015958759999208e+01 -1.668614953161601022e+00 -9.518251981417714447e+00 1.470263050833226970e+01 1.582015958759999208e+01 1.470263050833226970e+01 -4.208057372243606409e+01
3.880248514437089824e+01 2.135181944067581128e+01 1.530637982505050454e+00 2.135181944067581128e+01 2.088111072851310368e+01 -2.778655553816491430e-01 1.530637982505050454e+00 -2.778655553816491430e-01 -6.821691840149163077e+00
1.440971426899311503e+01 5.785302515924324318e+00 -3.421684165108159981e+00 5.785302515924324318e+00 -1.161710369878855964e+01 -9.269230616295738301e+00 -3.421684165108159981e+00 -9.269230616295738301e+00 -2.997837169170001559e+01
-7.086064871120726139e+00 -1.837747608502163388e+01 1.697808132177243579e+01 -1.837747608502163388e+01 1.429073104170781150e+01 2.601024912669882116e+00 1.697808132177243579e+01 2.601024912669882116e+00 -3.097634630017474677e+01
-1.839022228313538321e+01 -1.601356748302061428e+00 -6.645707703781556397e+00 -1.601356748302061428e+00 -2.473895423886999012e+01 -9.626646136401275200e+00 -6.645707703781556397e+00 -9.626646136401275200e+00 -1.372142107059081262e+01
-1.133525144200927137e+01 -1.452219236894650578e+01 -8.606342674330010212e+00 -1.452219236894650578e+01 -1.526730025484316755e+01 1.491465538301761651e+00 -8.606342674330010212e+00 1.491465538301761651e+00 -3.221127853810478170e-01
-2.994623539533546719e+01 -5.186457072317559813e+00 -1.468473663085341308e+01 -5.186457072317559813e+00 -1.589862973528027013e+01 -6.609032297176635318e+00 -1.468473663085341308e+01 -6.609032297176635318e+00 2.711582415389186451e+01
-4.085613658964513562e+00 -5.595752240298896396e+00 3.424719162781156623e+00 -5.595752240298896396e+00 -1.104541703838822819e+01 1.676593241016021452e+01 3.424719162781156623e+00 1.676593241016021452e+01 -3.118449318173740892e+01
3.006238745938935253e+01 -1.822677349972300576e+01 -1.348381316765940197e+00 -1.822677349972300576e+01 2.156593231791612908e+01 1.572113133407729624e+00 -1.348381316765940197e+00 1.572113133407729624e+00 -7.278540437263107954e+00
-1.432751247354059920e+01 -2.128028921129179807e+01 -2.635170312953064808e+00 -2.128028921129179807e+01 -5.834520407688267518e+00 -7.986401433097070957e+00 -2.635170312953064808e+00 -7.986401433097070957e+00 9.494289286270650052e+00
-2.386568293396660678e+01 -1.449248979780005797e+01 -2.682036953361644493e-01 -1.449248979780005797e+01 -2.352414755699917848e+01 -1.022879253871518657e+01 -2.682036953361644493e-01 -1.022879253871518657e+01 -4.592748375482914014e+01
1.344598570038578744e+00 -9.677243339116389009e+00 -1.255123900889517508e+01 -9.677243339116389009e+00 -6.705289044459616932e+00 4.953977477554695419e+00 -1.255123900889517508e+01 4.953977477554695419e+00 -1.189618359568702033e+01
-9.016761345665543104e+00 -2.709807261124625199e+01 2.017610730888459614e+01 -2.709807261124625199e+01 1.105068731856201580e+01 1.657712608594994563e+01 2.017610730888459614e+01 1.657712608594994563e+01 4.229845719070508103e+00
1.121149545205633125e+01 5.792616745794997080e+00 -9.732785986444660864e+00 5.792616745794997080e+00 3.356602436514162235e+01 9.477387563864100861e-02 -9.732785986444660864e+00 9.477387563864100861e-02 -2.205759063815457921e+01
-2.301711871100071605e+01 -5.330868029748889292e+00 -1.104525400454996920e+01 -5.330868029748889292e+00 -2.671465553918257996e+01 6.564955614791943006e+00 -1.104525400454996920e+01 6.564955614791943006e+00 -2.221106401265108943e+01
3.020240215371542902e+01 -6.716164596737424830e+00 1.005085958953505276e+01 -6.716164596737424830e+00 6.108503100076331016e+00 3.374088361701238714e+00 1.005085958953505276e+01 3.374088361701238714e+00 -4.969438842031836145e+01
1.877832497328273931e+01 -1.877636585473369735e+01 -2.397537323063744896e+00 -1.877636585473369735e+01 2.311384737508211273e+01 5.911459593780619137e+00 -2.397537323063744896e+00 5.911459593780619137e+00 -5.002623109434606974e+00
-1.007450428304080781e+01 -5.394091851401851656e+00 -6.844818897187879614e+00 -5.394091851401851656e+00 -1.740316069079893424e+01 5.562731315627215345e+00 -6.844818897187879614e+00 5.562731315627215345e+00 -1.922681172537848937e+01
-2.362560818908287175e+01 1.353360428685223127e+01 -1.796516541823601187e+01 1.353360428685223127e+01 -3.981971011271182448e+01 -4.744376495292518037e+00 -1.796516541823601187e+01 -4.744376495292518037e+00 -4.076847891366482202e+01
8.570444512323279085e+00 -1.270796035516032774e+01 -2.651157427691723356e+01 -1.270796035516032774e+01 5.756228155091116960e+00 1.223310554678775297e+01 -2.651157427691723356e+01 1.223310554678775297e+01 -8.204301145186638777e+00
9.362150141195332509e+00 -7.246044862366998629e+00 1.066451902948207220e+01 -7.246044862366998629e+00 1.855101214362355977e+00 1.053220823971698472e+01 1.066451902948207220e+01 1.053220823971698472e+01 -1.096395478420119396e+01
-6.421418424507903921e+01 8.369222187077800967e+00 -1.188256803265244699e+01 8.369222187077800967e+00 -6.594561565696365335e+01 -4.720366892866871389e+00 -1.188256803265244699e+01 -4.720366892866871389e+00 -6.567975859190568144e+01
-3.152549754643855096e+01 5.244401569240335348e-02 -1.139136208441616738e+01 5.244401569240335348e-02 -6.181108703708360075e+00 -1.758774244929466235e+01 -1.139136208441616738e+01 -1.758774244929466235e+01 -3.761742729047439582e+01
-9.189484427678202394e+00 1.484277546909596168e+01 8.947169311988543150e-01 1.484277546909596168e+01 -8.599668648905204549e+00 5.891640279600223629e+00 8.947169311988543150e-01 5.891640279600223629e+00 9.663032650400619872e+00
5.958018381934545005e+01 -6.355432868992354933e+00 -2.256023832960818154e-01 -6.355432868992354933e+00 3.227921494303483740e+01 5.820850243706714444e+00 -2.256023832960818154e-01 5.820850243706714444e+00 2.070121801573410636e+01
-3.611824020445058903e+00 1.514838008967677396e+01 8.457332071921236150e+00 1.514838008967677396e+01 -2.947169974560553740e+00 6.620611372801009864e+00 8.457332071921236150e+00 6.620611372801009864e+00 -3.713089915453025469e+01
-1.544159100881954672e+01 -1.364371002028058122e+01 1.929285777491515752e+00 -1.364371002028058122e+01 -2.813121566958223951e+01 -6.370908263124048787e+00 1.929285777491515752e+00 -6.370908263124048787e+00 -2.399715662041836950e+01
3.476885356226238066e+00 -8.458753861838584243e+00 -8.271605889888638430e+00 -8.458753861838584243e+00 6.584033036344334455e+00 5.508696225472234920e-01 -8.271605889888638430e+00 5.508696225472234920e-01 -1.373255870011351121e+01
-1.517466606330643586e+01 8.482824946617832040e+00 -1.929300970142826444e+01 8.482824946617832040e+00 -3.011570330157170794e+00 -3.974119584955717155e+00 -1.929300970142826444e+01 -3.974119584955717155e+00 -2.146607369223292139e+01
-1.710052684116371680e+01 -1.949773951939758732e+01 1.265054920168285335e+01 -1.949773951939758732e+01 -1.490392257313773605e+01 -1.460793043168491856e+01 1.265054920168285335e+01 -1.460793043168491856e+01 -1.640259780994988814e+00
-2.534440534702687842e+01 3.867117401015850220e+00 -2.490382231464287166e+00 3.867117401015850220e+00 -3.276330723160327096e+01 1.159831853912229072e+01 -2.490382231464287166e+00 1.159831853912229072e+01 -4.647380148612932516e+01
4.305651225840153984e+01 4.710161667050118517e+00 8.584344671138662619e+00 4.710161667050118517e+00 4.919758659803881073e+01 -2.465462862180626047e+01 8.584344671138662619e+00 -2.465462862180626047e+01 -1.426999147987586980e+01
3.276399703657864393e+01 1.175084049616893367e+01 1.252729046408663294e+01 1.175084049616893367e+01 1.967033124959019830e+01 6.597568864062324678e+00 1.252729046408663294e+01 6.597568864062324678e+00 4.169954814793074860e+01
2.124917102611320630e+01 -5.779076774677409212e+00 5.814946079796731837e+00 -5.779076774677409212e+00 1.553087158556568426e+01 1.664761424057470762e+01 5.814946079796731837e+00 1.664761424057470762e+01 -1.285243401044350975e+01
-3.027089474851351980e+01 4.034283776674690181e+00 2.960788341745206331e+00 4.034283776674690181e+00 -1.339423215953773649e+01 -7.750392200857014302e+00 2.960788341745206331e+00 -7.750392200857014302e+00 -4.746699856800035633e+01
-2.550219267065113371e+01 5.347911846733853558e+00 -1.551505893330691777e+00 5.347911846733853558e+00 -3.292509870977508513e+01 1.475177212974714180e+01 -1.551505893330691777e+00 1.475177212974714180e+01 -6.659734365161672542e+01
1.053631053160748365e+01 -6.017164806970956015e+00 1.099741944810812200e+01 -6.017164806970956015e+00 1.012258009550689453e+00 -6.687775676577497386e+00 1.099741944810812200e+01 -6.687775676577497386e+00 -3.608619799262711325e+01
-2.586519724731246228e+01 6.276676593076215838e+00 3.158017682314973928e+00 6.276676593076215838e+00 -3.650964617622339148e+01 -2.149420960142101222e+01 3.158017682314973928e+00 -2.149420960142101222e+01 -6.497635155782037941e+01
-2.645436806671793661e+01 5.037188154063842127e+00 -1.516896219403422208e+01 5.037188154063842127e+00 -1.640291164625632447e+01 1.818265600240020774e+01 -1.516896219403422208e+01 1.818265600240020774e+01 -7.251436280637268794e+01
1.871062640812344924e+01 -1.688940026579944131e+00 -3.005401278631301576e+00 -1.688940026579944131e+00 1.374601217531925634e+01 -1.126127209599883194e+01 -3.005401278631301576e+00 -1.126127209599883194e+01 -4.821434721800002166e+01
2.670325061902177666e+01 -5.441005185996405480e+00 4.960187435406815837e+00 -5.441005185996405480e+00 2.495696756633009716e+00 -1.149914363907769754e+01 4.960187435406815837e+00 -1.149914363907769754e+01 -4.776802568725715048e+01
-1.452935426147196729e+01 2.469374570729205853e+00 -1.812597093560727401e+01 2.469374570729205853e+00 -1.274081768029901696e+01 1.716825794764047330e+01 -1.812597093560727401e+01 1.716825794764047330e+01 -5.063239178467570412e+01
1.724478927056317090e+01 6.641373013278265347e+00 8.125843247747587261e-01 6.641373013278265347e+00 7.127075487504130891e+00 -2.382362486827966563e+01 8.125843247747587261e-01 -2.382362486827966563e+01 -2.349071903476219347e+01
5.511945240815807168e+00 1.095711566329932474e+01 -9.820671023902233898e+00 1.095711566329932474e+01 -2.216831406613983813e+00 -7.912476096216358279e+00 -9.820671023902233898e+00 -7.912476096216358279e+00 -5.800424894032475720e+01
1.124831022031482775e+01 -1.473700862488234797e+01 1.595215894901880738e+01 -1.473700862488234797e+01 -4.531370763021976278e-01 -1.833008036086299697e+01 1.595215894901880738e+01 -1.833008036086299697e+01 -1.468260921257582119e+00
-1.260512776777015098e+01 7.098240321540694175e+00 2.523274367313619848e+01 7.098240321540694175e+00 -4.188772746547851966e+01 9.917237926778964763e+00 2.523274367313619848e+01 9.917237926778964763e+00 -5.471146299543723046e+01
1.277740962527172286e+01 -5.746795787710968995e+00 3.767866254501985868e+00 -5.746795787710968995e+00 -1.966605168388349645e+00 -1.963518668597108663e+00 3.767866254501985868e+00 -1.963518668597108663e+00 -2.309114338680306133e+01
-3.783738432817843034e+01 2.637537013746488412e+00 4.091560705898001693e+00 2.637537013746488412e+00 -3.966679329427021372e+01 8.035807864113475585e-01 4.091560705898001693e+00 8.035807864113475585e-01 -3.421613297467578008e+01
-2.122033936497226136e+01 8.954812096096899765e+00 5.469360660655119277e-01 8.954812096096899765e+00 -1.633213039653762522e+01 -1.443978028226782051e+01 5.469360660655119277e-01 -1.443978028226782051e+01 -6.216230262296577536e+01
2.288386648870687434e+00 -3.400735806843173226e+00 1.282701531301442799e+01 -3.400735806843173226e+00 1.341335270452909612e+01 1.277012010135399933e+01 1.282701531301442799e+01 1.277012010135399933e+01 -1.691004228959900146e+01
2.222449963653258820e+01 5.861835333739485954e+00 -4.187725583428902887e+00 5.861835333739485954e+00 1.447066460735338289e+01 1.962127372542975223e+01 -4.187725583428902887e+00 1.962127372542975223e+01 -2.203326205543564242e+01
-7.924834956406379582e+00 7.198392258897865936e+00 -6.371924375932755957e+00 7.198392258897865936e+00 -1.541592841354581722e+01 1.054879122947680159e+01 -6.371924375932755957e+00 1.054879122947680159e+01 -2.609721481153653144e+01
3.992186841079918835e+00 3.358566924727347747e+00 2.537294421707335346e+01 3.358566924727347747e+00 1.356997838935155443e+01 4.633347444048148134e+00 2.537294421707335346e+01 4.633347444048148134e+00 7.044120845410160037e+00
-1.763993409101755283e+00 -1.045487434106390801e+01 6.343297910287978958e+00 -1.045487434106390801e+01 -6.179327521954141034e+00 1.610016507684419285e+00 6.343297910287978958e+00 1.610016507684419285e+00 -1.563102161987490568e+01
-2.640487140688396650e+01 -1.616575649520909153e+01 1.285133990486813715e+01 -1.616575649520909153e+01 -8.008452893667257655e+00 1.142051434917387276e+01 1.285133990486813715e+01 1.142051434917387276e+01 -3.788973033446183081e+01
3.606149302489153996e+01 9.611988290098453902e+00 2.869407487316222749e+00 9.611988290098453902e+00 6.873797370174399290e+00 -3.162666124412155000e+00 2.869407487316222749e+00 -3.162666124412155000e+00 -2.294489783749903111e+01
2.729997918419849157e+01 7.022571015004522188e+00 -1.293568787321791902e+01 7.022571015004522188e+00 9.036145756613585434e+00 2.612882971558622813e+00 -1.293568787321791902e+01 2.612882971558622813e+00 -2.051278239971593109e+01
4.252464612990663539e+01 -2.497418528869541188e+00 -3.866543797814628647e+00 -2.497418528869541188e+00 3.816706981144690047e+01 6.890443235560006485e-01 -3.866543797814628647e+00 6.890443235560006485e-01 -1.341485654236038627e+01
1.215241685173785413e+01 2.349015057982380839e+01 1.057916364404291265e+01 2.349015057982380839e+01 -9.546159845968055890e+00 -2.836434833993073390e+00 1.057916364404291265e+01 -2.836434833993073390e+00 -3.280367557689933022e+01
-1.857586079007884194e+01 -2.014274146718811220e+00 5.130732151004790964e+00 -2.014274146718811220e+00 -2.103674534619495518e+01 -2.624863446579820181e+00 5.130732151004790964e+00 -2.624863446579820181e+00 -7.823479315459314876e+01
3.439763977861904465e+01 -6.881770690606395569e+00 8.640731072877349206e+00 -6.881770690606395569e+00 1.407478394562586210e+01 -8.483415119618053168e+00 8.640731072877349206e+00 -8.483415119618053168e+00 -2.917734622223596475e+01
-1.412035570487625868e+01 1.173881852119464320e+01 -1.886480988142047011e+01 1.173881852119464320e+01 -1.275613855776337680e+01 -4.766997907571520976e+00 -1.886480988142047011e+01 -4.766997907571520976e+00 -5.608796784294872140e+01
4.003499349940437924e+01 1.339676059179793377e+01 2.195563748579229882e-02 1.339676059179793377e+01 5.928274565414795916e+01 -1.766520719537161810e+01 2.195563748579229882e-02 -1.766520719537161810e+01 -1.394417893747930748e+01
-1.720404882918145617e+01 4.784296688328839586e+00 2.186620000433197575e+01 4.784296688328839586e+00 -7.121763478660559699e+00 -1.001790327008453119e+01 2.186620000433197575e+01 -1.001790327008453119e+01 -3.764184155268742416e+01
8.417318037973956280e+00 2.080477534984918719e+01 -9.551993631680646857e+00 2.080477534984918719e+01 -1.551496891594791627e+01 4.495464549095338214e+00 -9.551993631680646857e+00 4.495464549095338214e+00 -2.338371758710772497e+01
1.419842166535367545e+00 -1.296743624851432131e+01 -3.509583971684206460e+01 -1.296743624851432131e+01 2.480786665708356864e+01 7.199151039538733698e-01 -3.509583971684206460e+01 7.199151039538733698e-01 -2.569212147871870466e-01
-2.626087775576997174e+01 1.321704943302044732e+01 5.376466590187485295e-01 1.321704943302044732e+01 -5.991367433005512311e+01 -1.996764689000707360e+00 5.376466590187485295e-01 -1.996764689000707360e+00 -2.760559483595686370e+00
2.399383143117838202e+01 1.156735768198920233e+01 -1.977147330270261349e+01 1.156735768198920233e+01 1.265099735118005242e+01 6.967891853292477400e+00 -1.977147330270261349e+01 6.967891853292477400e+00 -3.897636626445679298e+01
-1.265182514385617196e+01 -5.569405736585189004e-01 -1.971801833499285728e+00 -5.569405736585189004e-01 -1.563074197840227342e+01 7.406214875420928045e+00 -1.971801833499285728e+00 7.406214875420928045e+00 -1.024081851184340408e+01
1.099671106947349664e+01 -8.234643668382247483e+00 1.912285401754414638e+00 -8.234643668382247483e+00 5.511549369475036819e+00 -1.636650984020800559e+00 1.912285401754414638e+00 -1.636650984020800559e+00 -5.292616606126077095e+00
1.333979864322297759e+00 5.442235634958798585e+00 1.544408095030287065e+01 5.442235634958798585e+00 -2.403410943738574446e+01 -4.914494559953990205e+00 1.544408095030287065e+01 -4.914494559953990205e+00 7.797469481376962719e+00
2.533789746829437561e+01 -5.562066717417929240e+00 4.582599423629553748e+00 -5.562066717417929240e+00 1.353516455808994046e+01 -4.651404116802084765e+00 4.582599423629553748e+00 -4.651404116802084765e+00 -4.616009127850638549e+00
3.848126088945529233e+01 1.854746557517010119e+00 -1.980200570784145908e+00 1.854746557517010119e+00 4.944026146201705529e+01 1.658084978724738701e+00 -1.980200570784145908e+00 1.658084978724738701e+00 3.700412760174008753e+01
-7.179048566225521455e+00 -2.462165869978228727e+01 -7.496642485010868384e+00 -2.462165869978228727e+01 2.390024906114518899e+00 2.430508335362314298e+01 -7.496642485010868384e+00 2.430508335362314298e+01 -2.560029138330120446e+01
3.854789578950646955e+01 -2.061679239491078341e+00 -3.891549373456740568e+00 -2.061679239491078341e+00 2.767871112997091743e+01 1.241575423663418931e+01 -3.891549373456740568e+00 1.241575423663418931e+01 -2.039605799379546625e+01
-6.533847064670712523e-01 2.245544853275920349e+00 3.318313423326785028e+00 2.245544853275920349e+00 8.042264262774256878e+00 3.882962516045886492e+00 3.318313423326785028e+00 3.882962516045886492e+00 -3.216592468687291095e+00
-2.416513890543543752e+01 -7.805635760294133085e+00 -2.408022172851658027e+01 -7.805635760294133085e+00 -3.457069843020182276e+01 1.205248845508676503e+01 -2.408022172851658027e+01 1.205248845508676503e+01 -6.303860351152449937e+01
-4.596088692383116125e+00 -7.471341360270675747e-01 9.634122233183502360e+00 -7.471341360270675747e-01 -2.133262647085787833e+01 -1.535135688646674801e+01 9.634122233183502360e+00 -1.535135688646674801e+01 -2.246558000902873431e+01
9.298170679425028951e+00 -3.409589963969432258e+00 -5.954928399801941552e+00 -3.409589963969432258e+00 -1.517966480155314102e+01 1.041460015903078906e+00 -5.954928399801941552e+00 1.041460015903078906e+00 -2.224586416487337814e+01
-2.078169966400303892e+01 6.711366652490939444e+00 -3.263734031803929625e+00 6.711366652490939444e+00 -2.694252967005974853e+01 -2.775608054201321284e+00 -3.263734031803929625e+00 -2.775608054201321284e+00 -3.348874820773392003e+01
-1.971843192165997749e+01 1.479176569930819163e+01 1.360643988374495095e+01 1.479176569930819163e+01 -1.596778699741715890e+01 8.896209769765581754e+00 1.360643988374495095e+01 8.896209769765581754e+00 -1.011518793371759557e+02
-3.064023358025274746e+01 4.394081559637666778e+00 1.983276353628606437e+00 4.394081559637666778e+00 -2.148625839199827681e+01 1.892836126571684119e+01 1.983276353628606437e+00 1.892836126571684119e+01 -4.158814234460754022e+01
9.053428471794096044e-01 3.090200893811716032e+00 -1.593941157712260193e+00 3.090200893811716032e+00 1.129546215706668555e+01 1.026192382307223028e+01 -1.593941157712260193e+00 1.026192382307223028e+01 -4.263476896468240085e+01
-1.221844834420358517e+01 1.768023111510983369e+01 -8.297794662741420524e+00 1.768023111510983369e+01 -3.473388838562971159e+01 -2.342491138410648688e+01 -8.297794662741420524e+00 -2.342491138410648688e+01 -5.172598408438634010e+01
-1.214749439419089683e+01 -1.883004864150083435e+01 -2.111881069046612325e+00 -1.883004864150083435e+01 -2.106683692085224280e+01 -1.913463342744161189e+00 -2.111881069046612325e+00 -1.913463342744161189e+00 -5.558602428526199901e+01
4.374768163178841007e+01 3.800117417466156944e+00 -3.240857845059482489e+00 3.800117417466156944e+00 5.769763704694788942e+01 -2.359387820771849942e+00 -3.240857845059482489e+00 -2.359387820771849942e+00 -1.983319231246535708e+01
3.393907861924735414e+01 8.413074349593111734e+00 6.691015694199043295e+00 8.413074349593111734e+00 2.063325709925462093e+01 -1.294506064657925393e+01 6.691015694199043295e+00 -1.294506064657925393e+01 -2.560463922715744189e+01
2.438027112795822759e+01 -1.262806084643051463e+01 1.946543142892091538e+01 -1.262806084643051463e+01 3.151417915635110134e+01 1.121044393613751922e+01 1.946543142892091538e+01 1.121044393613751922e+01 1.782880453185358149e+01
4.978179416904887233e+01 -1.135275545963925836e+01 -7.939292280974126648e+00 -1.135275545963925836e+01 4.712301651530633251e+01 5.243872083650680693e+00 -7.939292280974126648e+00 5.243872083650680693e+00 2.605359586540125605e+01
1.553023492823310114e+01 -1.339099957323720602e+01 1.852325836380604551e+00 -1.339099957323720602e+01 2.754867843873178401e+01 -8.720594127062692991e+00 1.852325836380604551e+00 -8.720594127062692991e+00 1.615498047353196753e+01
-3.009426626155174844e+01 1.447453710176868746e+00 2.408951045953474868e+00 1.447453710176868746e+00 -2.816337305005786007e+01 -1.087468314106829226e+01 2.408951045953474868e+00 -1.087468314106829226e+01 -2.200126826493041321e+01
-8.717858369073686831e+00 -5.845891974699603644e+00 2.333897297300034523e+01 -5.845891974699603644e+00 7.581762950122978850e+00 9.640010745794830527e+00 2.333897297300034523e+01 9.640010745794830527e+00 -2.357384896567028321e+01
-2.040526867950710965e+01 -1.846827442732910773e+00 1.819287738398816145e+01 -1.846827442732910773e+00 2.456735388360682748e+01 1.585131158218439396e+01 1.819287738398816145e+01 1.585131158218439396e+01 -4.247543903196552861e+01
2.152188881667633069e+01 1.531148097264417807e+00 4.342432433294333372e+00 1.531148097264417807e+00 1.134672321609578560e+01 5.132172607653327390e+00 4.342432433294333372e+00 5.132172607653327390e+00 -4.523831159046173411e+01
3.190227063023388254e+01 -2.695587977901085175e+00 4.023992797877290251e+00 -2.695587977901085175e+00 1.632126747032162939e+01 -2.308098547084511054e+01 4.023992797877290251e+00 -2.308098547084511054e+01 -3.060062157607582378e+01
5.962666201052304871e+01 -6.581820147193534254e+00 -7.719886087698450083e+00 -6.581820147193534254e+00 4.345169818394023054e+01 -1.297072821486972138e+01 -7.719886087698450083e+00 -1.297072821486972138e+01 1.895946011405269083e+00
1.539813568215403627e+01 -1.239637488224368145e+00 -8.659782712702529750e+00 -1.239637488224368145e+00 2.923446470868359270e+01 1.189225966120768518e+01 -8.659782712702529750e+00 1.189225966120768518e+01 7.931853046041610789e+00
5.529305193617344294e+00 1.346611215601835276e+01 -1.018052333368085627e+01 1.346611215601835276e+01 -2.039038740950838147e+01 4.882196414061811041e+00 -1.018052333368085627e+01 4.882196414061811041e+00 -4.435357158857065940e+01
4.310134756820340129e+01 2.579363514449458439e+00 4.646007456329029894e-01 2.579363514449458439e+00 2.008554019243423738e+01 -3.776852658056619738e+00 4.646007456329029894e-01 -3.776852658056619738e+00 -2.322997296121704736e+01
3.989100235622075274e+01 1.505808858313844034e+00 -4.448125683755622894e+00 1.505808858313844034e+00 1.581271402574024521e+01 3.563241478691759223e+00 -4.448125683755622894e+00 3.563241478691759223e+00 1.017058037630845568e+01
