4.988206867886929352e+00 1.834288317124531220e+00 -1.445587253115468940e+01 1.834288317124531220e+00 -1.109404337592096290e+01 1.183439224236835230e+01 -1.445587253115468940e+01 1.183439224236835230e+01 -2.861228301501189364e+01
4.600236737382218166e+01 4.532163763721206884e+00 -5.179003469086463696e+00 4.532163763721206884e+00 3.884493331661095539e+01 -1.519269715202527626e+00 -5.179003469086463696e+00 -1.519269715202527626e+00 3.455576754739966816e+01
3.545171154872029717e+01 4.846712810354846468e+00 2.982126995125641944e+00 4.846712810354846468e+00 3.551074759516460944e+01 -1.286226691535056510e+01 2.982126995125641944e+00 -1.286226691535056510e+01 2.130821046745414904e+01
4.697959256526321958e+00 5.404390063290841262e+00 1.868441081953556626e+00 5.404390063290841262e+00 1.060404536197353487e+01 -6.274375146510204004e+00 1.868441081953556626e+00 -6.274375146510204004e+00 3.699449518150749583e+01
8.497584028022400204e+00 -9.109296208227915415e+00 -2.379342402852235416e+00 -9.109296208227915415e+00 1.633711351045153748e+01 1.219061980301434289e+01 -2.379342402852235416e+00 1.219061980301434289e+01 -1.854905996489407016e+01
-1.265652595487234633e+00 1.371049051392378715e+01 7.412463773837639103e+00 1.371049051392378715e+01 -3.495221037699710376e+00 -7.118213896943353269e+00 7.412463773837639103e+00 -7.118213896943353269e+00 -3.042124352262374654e+00
6.905779857102137598e+00 -7.159347402428941187e+00 -2.199791177264021069e+00 -7.159347402428941187e+00 1.005036615224392271e+01 2.186306354728393853e+00 -2.199791177264021069e+00 2.186306354728393853e+00 2.444390279410002087e+00
8.894647647798260337e+00 9.467652873244373879e+00 -9.268349744298133075e+00 9.467652873244373879e+00 1.229933843219442480e+01 2.480631862729548942e+00 -9.268349744298133075e+00 2.480631862729548942e+00 -3.421493760366613124e+00
-2.803829834479142580e+00 -8.424582875047139652e+00 1.756275450282353878e+00 -8.424582875047139652e+00 -7.901179577719927849e+00 -1.014931007218368109e+01 1.756275450282353878e+00 -1.014931007218368109e+01 -1.093437621777371582e+00
-1.441492012543498369e+01 8.357385338774006911e+00 2.015720607473963089e+00 8.357385338774006911e+00 -2.331552569800835073e+01 1.187264404638183102e+01 2.015720607473963089e+00 1.187264404638183102e+01 -3.524793473985240411e+01
-2.410533383335998092e+00 1.456286702395136601e+01 7.036785352022913997e+00 1.456286702395136601e+01 -5.583789917773032130e+00 3.942619051474380409e+00 7.036785352022913997e+00 3.942619051474380409e+00 7.099145492623048170e+00
-9.571415367832811327e+00 -2.656281720374538580e+00 -3.682107974145007123e+00 -2.656281720374538580e+00 -2.430682389153919232e+01 -3.215601812672831628e+00 -3.682107974145007123e+00 -3.215601812672831628e+00 -2.502721553457899617e+01
-4.532274191927429996e+01 -1.308112499955566932e+01 -8.750491613829181059e-01 -1.308112499955566932e+01 -4.086147045018713442e+01 2.664983147739247382e+00 -8.750491613829181059e-01 2.664983147739247382e+00 -3.734944564298519509e+01
-2.032574232995212782e+01 8.473113307788153747e-01 1.605656410909399057e+01 8.473113307788153747e-01 -2.140711182421614467e+01 1.527534532253007338e-01 1.605656410909399057e+01 1.527534532253007338e-01 -2.696412239838284819e+01
1.753633007617440143e+01 -2.667807516795546618e+00 4.624437471959844004e+00 -2.667807516795546618e+00 1.095704253433500597e+01 -8.145861478174003523e+00 4.624437471959844004e+00 -8.145861478174003523e+00 -1.142262341524715197e+01
-1.300122421577214249e+00 -1.039400748003408381e+01 -7.898222857963180132e+00 -1.039400748003408381e+01 -7.447649528787300355e+00 -4.296993576617847310e+00 -7.898222857963180132e+00 -4.296993576617847310e+00 1.123628578515478438e+01
-5.100815353757083059e+00 -2.062453161085407327e+00 8.431070584106503674e+00 -2.062453161085407327e+00 -1.307944567994019991e+01 1.165578654993678853e+01 8.431070584106503674e+00 1.165578654993678853e+01 -1.480726770344649346e+01
-3.473911728944577781e+00 2.035108738311296239e+00 -8.607949831032978949e+00 2.035108738311296239e+00 8.219454333687111758e-01 -5.919104533285492131e+00 -8.607949831032978949e+00 -5.919104533285492131e+00 -3.966203033320420124e-01
-1.216892992545625951e+01 4.553186590512713572e+00 -8.667332786751664742e+00 4.553186590512713572e+00 -2.176683533565422124e+01 -3.594960958392852124e-01 -8.667332786751664742e+00 -3.594960958392852124e-01 1.209280733769098504e+01
3.071570343771451306e+01 3.348523954704352157e+00 9.257915524348664604e+00 3.348523954704352157e+00 2.146081140204951510e+01 -6.408287677541558480e+00 9.257915524348664604e+00 -6.408287677541558480e+00 1.684193079798224701e+01
2.094060111692182247e+01 -6.067291910792897980e+00 2.097006766335855232e+01 -6.067291910792897980e+00 1.284777069657409321e+01 8.452551533252320448e-01 2.097006766335855232e+01 8.452551533252320448e-01 -1.038947373771432581e+01
4.990218099354414960e+01 4.571032667584828957e+00 6.160616869554980807e-02 4.571032667584828957e+00 4.042383340629092459e+01 -2.069059709966555527e+00 6.160616869554980807e-02 -2.069059709966555527e+00 2.607675543034083177e+01
-4.243488939656111292e+00 -2.303080256664623793e+00 1.780930211698527277e+00 -2.303080256664623793e+00 -5.239044184015957839e+00 -1.014734832028219635e+01 1.780930211698527277e+00 -1.014734832028219635e+01 7.623944669168856159e+00
1.273005777111622372e+01 3.456303738875297515e+00 7.090029245291171733e+00 3.456303738875297515e+00 1.828578321712611654e+01 6.768494412530396964e+00 7.090029245291171733e+00 6.768494412530396964e+00 1.203204542494317764e+01
-8.348272116073450988e+00 3.274464428863842258e+00 -1.299027995894576115e+01 3.274464428863842258e+00 -2.182188630133017782e+01 1.043594276202230908e+01 -1.299027995894576115e+01 1.043594276202230908e+01 -2.026626968811999063e+01
3.604675460854232938e+01 2.796213177827109764e+00 -1.126654782698342139e+01 2.796213177827109764e+00 3.188707927517818064e+01 -4.310183954932223394e+00 -1.126654782698342139e+01 -4.310183954932223394e+00 4.559647978047272066e-01
8.578888333443391190e+00 7.997394084684426474e+00 -4.665578868521745193e+00 7.997394084684426474e+00 6.704088676099582145e+00 -6.626919712734044232e+00 -4.665578868521745193e+00 -6.626919712734044232e+00 7.403790349767969126e+00
2.526108414392279045e+01 3.135266171691190262e+00 5.462722040080960628e-01 3.135266171691190262e+00 3.506887848408290154e+01 -4.676885508933267488e+00 5.462722040080960628e-01 -4.676885508933267488e+00 4.819633105270224860e+01
2.532918600667718323e+01 1.030400969017146551e+01 -1.994731260102975856e+00 1.030400969017146551e+01 1.959680473866664840e+01 -1.901624226404683649e+00 -1.994731260102975856e+00 -1.901624226404683649e+00 -4.668009965691363838e+00
3.112995547650635686e+01 -1.304628377115025550e+01 -4.430712979267399376e+00 -1.304628377115025550e+01 3.444584021288968501e+01 3.648342638901770130e+00 -4.430712979267399376e+00 3.648342638901770130e+00 3.240698867078593537e+01
-2.810211335234098051e+00 2.894815650529659834e+00 -4.433394845658847672e+00 2.894815650529659834e+00 3.699985342684989575e+00 -7.613751828500195939e-01 -4.433394845658847672e+00 -7.613751828500195939e-01 -1.751927485551153651e+01
-1.167193621003167037e+00 -3.810657724861490347e+00 2.052681351848183677e+00 -3.810657724861490347e+00 -7.294441795262406103e+00 4.745650967074163340e+00 2.052681351848183677e+00 4.745650967074163340e+00 -2.064072006743626631e+01
-2.128400006108377340e+01 -7.782464639132137485e+00 2.488892404015314863e+00 -7.782464639132137485e+00 -1.184325503344489050e+01 -9.498501568971855491e+00 2.488892404015314863e+00 -9.498501568971855491e+00 6.146993924957060429e+00
2.110937614929401107e+01 -4.698769495035083565e+00 -1.053773830905249342e+00 -4.698769495035083565e+00 7.168264395712891535e+00 -1.532949903677566361e+01 -1.053773830905249342e+00 -1.532949903677566361e+01 -2.993714658501970760e+01
1.127962546661578536e+01 -2.948159282245755186e+00 9.720689971035600507e+00 -2.948159282245755186e+00 4.534748357551189990e+00 -7.305097639394518616e+00 9.720689971035600507e+00 -7.305097639394518616e+00 -3.562760631046042903e+01
2.949878618121717366e+01 2.474912265838913328e+00 2.695266616969917095e+00 2.474912265838913328e+00 2.430269758285153614e+01 -5.796713688629536954e+00 2.695266616969917095e+00 -5.796713688629536954e+00 2.041042916691247200e+01
-2.345342349648369051e+01 -5.830539658006911097e+00 -5.438332460289490022e+00 -5.830539658006911097e+00 -1.420832492791618762e+01 -5.677738653450347783e+00 -5.438332460289490022e+00 -5.677738653450347783e+00 -2.320188506513524374e+01
-3.679450523465045109e+01 -9.305147170772668508e-01 1.577369325365088137e+01 -9.305147170772668508e-01 -3.307940776982576381e+01 1.352461184223915147e+01 1.577369325365088137e+01 1.352461184223915147e+01 -1.083553841141739937e+01
3.022403669062911913e+00 3.730280830614262744e+00 1.496902328567583540e+00 3.730280830614262744e+00 -1.207120366185156080e+01 -1.649088656416093923e-01 1.496902328567583540e+00 -1.649088656416093923e-01 -5.373909546216966504e+01
5.334863710416312443e+01 -8.211546890694196854e-01 2.586792980527464092e+00 -8.211546890694196854e-01 4.597391528775298042e+01 3.584595648379993005e+00 2.586792980527464092e+00 3.584595648379993005e+00 3.058255569332245827e+01
4.807584294645108969e+01 1.055504407810914813e+00 1.525857650435862078e+00 1.055504407810914813e+00 4.861296040073894886e+01 -7.024824359429767462e+00 1.525857650435862078e+00 -7.024824359429767462e+00 -1.585119075851057602e+00
1.933259126735188360e+01 6.705112718035972641e+00 7.155450610076873552e+00 6.705112718035972641e+00 2.330540170324364979e+01 2.518788981310343456e+00 7.155450610076873552e+00 2.518788981310343456e+00 1.889042720073475579e+01
-4.394607406711628528e+00 8.448507550432186264e+00 1.098046182087382583e+00 8.448507550432186264e+00 -1.867307991789642685e+01 2.791456943888325437e+00 1.098046182087382583e+00 2.791456943888325437e+00 -1.458237024795060677e+01
-1.740280693069489359e+01 5.758848588090694776e+00 5.050067978601520124e+00 5.758848588090694776e+00 -1.686160549887891591e+01 -5.561746527293921716e+00 5.050067978601520124e+00 -5.561746527293921716e+00 -2.854371918758177973e+00
-1.203556138242733020e+01 1.042514456866010697e+01 -8.908945073698035344e+00 1.042514456866010697e+01 -1.973586799462802688e+01 6.025747519327477875e+00 -8.908945073698035344e+00 6.025747519327477875e+00 -1.224912298122588439e+01
-9.736415427395000322e+00 4.826009914988039995e+00 -3.616420619775949419e+00 4.826009914988039995e+00 -9.942319832571822502e+00 -2.636344787539542378e-01 -3.616420619775949419e+00 -2.636344787539542378e-01 -2.588992415956755977e+01
4.014962829883088347e+01 1.039820740206025107e+00 6.357308880723244293e+00 1.039820740206025107e+00 3.618330752057914879e+01 3.437861787272733505e-01 6.357308880723244293e+00 3.437861787272733505e-01 6.695843573842410024e+00
2.720574094114297292e+00 4.130860197262921751e+00 -9.846526839351142257e+00 4.130860197262921751e+00 -5.175975012489337779e-01 -1.639932676850519577e+00 -9.846526839351142257e+00 -1.639932676850519577e+00 -3.208324158838863838e+01
-1.972903467705621594e+01 -4.235772952191991791e+00 -1.295682011953787960e+00 -4.235772952191991791e+00 -2.470201968603323195e+01 -6.014493317099659508e-01 -1.295682011953787960e+00 -6.014493317099659508e-01 -2.838397388555812384e+01
-1.933185719688316695e+01 8.876995763635385117e+00 9.045968855292287059e-02 8.876995763635385117e+00 -2.760951888890700801e+01 -1.239404832846035909e+01 9.045968855292287059e-02 -1.239404832846035909e+01 -3.612113945281873839e+01
