8.643713908917014521e+00 7.895405292013559784e-01 1.852973943305103077e+01 7.895405292013559784e-01 1.221683713899183132e+01 -7.687482061473824402e+00 1.852973943305103077e+01 -7.687482061473824402e+00 9.541660358863429892e+00
3.463890387733781040e+01 -6.505433391729911641e+00 8.306032757013575463e+00 -6.505433391729911641e+00 4.064478608266477977e+01 -1.205933874986246268e+00 8.306032757013575463e+00 -1.205933874986246268e+00 1.547778876874760101e+01
3.099037298950937824e+01 -2.619343853771071373e+00 1.797711176825989243e+00 -2.619343853771071373e+00 2.951536762778848200e+01 -6.856978407820643717e+00 1.797711176825989243e+00 -6.856978407820643717e+00 -6.742269639593351016e+00
-1.613447117319156021e+01 -1.582239147237497079e+01 -1.421717061743976274e+01 -1.582239147237497079e+01 -1.993741717990701878e-01 1.574343880675228036e+01 -1.421717061743976274e+01 1.574343880675228036e+01 -4.970012594440088805e+01
1.160843248242939829e+01 7.466763135907047655e+00 -1.410974680868732989e+01 7.466763135907047655e+00 -4.347493198072999832e+00 -2.736117526901154395e+00 -1.410974680868732989e+01 -2.736117526901154395e+00 -7.254326212554138564e+00
-6.102751638242945198e+00 1.011700243200936811e+01 -5.215648703816204268e+00 1.011700243200936811e+01 -1.282697013018187171e+01 -6.914093335936135176e+00 -5.215648703816204268e+00 -6.914093335936135176e+00 -4.633127692074116766e+01
-2.345371887412795431e+01 1.169535619527441206e+01 4.897091615673294929e-02 1.169535619527441206e+01 -3.435830477232013891e+01 -2.765185351773049582e-01 4.897091615673294929e-02 -2.765185351773049582e-01 -2.900016083808138490e+01
5.776838375181521101e-01 -8.787433229338601492e+00 -3.742972867048080410e+00 -8.787433229338601492e+00 -2.199268732905375057e+00 1.986670264914584294e+01 -3.742972867048080410e+00 1.986670264914584294e+01 -1.617689789977880821e+01
7.051586641041065207e+01 4.451312617039537400e+00 -9.740692349425906782e-01 4.451312617039537400e+00 7.220381594740084097e+01 5.107692602425266681e-01 -9.740692349425906782e-01 5.107692602425266681e-01 2.742386813214466645e+00
5.719696115543487736e+01 2.017177233257800406e+00 6.095029213486757413e+00 2.017177233257800406e+00 5.947914978611916581e+01 5.213439228160177130e+00 6.095029213486757413e+00 5.213439228160177130e+00 3.664030637019706660e+01
8.344349595455611279e+01 8.465038598697192995e+00 -1.139160889663019427e+00 8.465038598697192995e+00 8.115265102850155188e+01 -2.422752058730343883e-01 -1.139160889663019427e+00 -2.422752058730343883e-01 6.045963175228836306e+00
-9.997998254051564615e+00 -6.194189147901069781e+00 -1.984474158597147264e+00 -6.194189147901069781e+00 6.507526060686944724e+00 -2.880683522801702257e+00 -1.984474158597147264e+00 -2.880683522801702257e+00 -3.374840228629562944e+01
-2.320289974195507199e+01 6.487899562638865802e+00 7.184537118749084739e-01 6.487899562638865802e+00 -2.943968618650326263e+01 5.757675374398688817e+00 7.184537118749084739e-01 5.757675374398688817e+00 -1.686871639426422931e+01
-1.902766494488585636e+01 8.838604887876151395e+00 2.379002154225474008e+00 8.838604887876151395e+00 -4.110110417164257512e+01 1.021488070708852192e+01 2.379002154225474008e+00 1.021488070708852192e+01 -6.949589867867679516e+01
-1.402997810988722094e+01 -2.048151326728473887e+00 7.448397798568772821e+00 -2.048151326728473887e+00 -8.030946577405257969e+00 2.400392743098602288e+00 7.448397798568772821e+00 2.400392743098602288e+00 -2.044226033100378714e+01
-3.005019121471013932e+01 6.215763223810625071e+00 6.243649938706245794e-02 6.215763223810625071e+00 -3.979067494114840287e+01 -3.476332035129497733e+00 6.243649938706245794e-02 -3.476332035129497733e+00 -3.527890333461367334e+01
8.055304689684435004e+01 4.009145049324737364e+00 -5.588377770366081965e-01 4.009145049324737364e+00 7.753199965409113759e+01 1.158390662604168009e+00 -5.588377770366081965e-01 1.158390662604168009e+00 1.026622108306726400e+00
-7.960625446526678139e+00 5.712037005652762289e+00 5.549664094772133183e+00 5.712037005652762289e+00 -3.243913269103310171e+01 1.334548799116707229e+01 5.549664094772133183e+00 1.334548799116707229e+01 -5.720602102833607461e+01
3.718443056323354057e+01 4.039763263037884577e+00 1.685826685866668173e+00 4.039763263037884577e+00 3.876125903125974048e+01 7.746537349973292130e+00 1.685826685866668173e+00 7.746537349973292130e+00 -2.104380946083643789e+00
-2.382291734695933982e+01 6.435166954869520062e-01 -1.336279695556884661e+01 6.435166954869520062e-01 -1.265110901208384142e+01 -3.932184243348604280e+00 -1.336279695556884661e+01 -3.932184243348604280e+00 -1.078066389612578568e+01
-1.585032977811785670e+01 2.752907207710193482e+00 -6.257197378553853717e+00 2.752907207710193482e+00 -2.202718194173856503e+01 -1.924991591457535378e+01 -6.257197378553853717e+00 -1.924991591457535378e+01 -2.913835922689855451e+01
2.017512018291203191e+01 7.201804226109631557e+00 5.778545082588773418e+00 7.201804226109631557e+00 4.394478049239113204e+01 -1.616452532191507530e+01 5.778545082588773418e+00 -1.616452532191507530e+01 3.765560695775673139e+01
-1.758632589016671233e+01 8.259858019893856707e+00 1.821760662418639853e+01 8.259858019893856707e+00 -1.893372694505270104e+01 -1.632340051809628889e+01 1.821760662418639853e+01 -1.632340051809628889e+01 -3.416834087299545075e+01
-3.008126796869019159e+01 5.702741411044793374e+00 9.282798260646757171e+00 5.702741411044793374e+00 -2.674005352033904614e+01 -5.975127182638597212e+00 9.282798260646757171e+00 -5.975127182638597212e+00 -4.348401262335881867e+00
6.683059061433020531e+01 -8.381491851230816081e+00 1.850354324728845157e+01 -8.381491851230816081e+00 4.959104542665161830e+01 2.140170416241335971e+00 1.850354324728845157e+01 2.140170416241335971e+00 2.912561191548478945e+01
4.738533710984770408e+01 7.658022696578237642e+00 7.416087183547042549e+00 7.658022696578237642e+00 5.027563274108509717e+01 -3.097635254878730482e+00 7.416087183547042549e+00 -3.097635254878730482e+00 2.258166032507073595e+01
-3.365197923041667849e+01 -1.364084614525013883e+01 1.163337647392572505e+00 -1.364084614525013883e+01 -2.476643198680589109e+01 -1.044877582452026665e+01 1.163337647392572505e+00 -1.044877582452026665e+01 -3.892705605472939112e+01
-1.210709354219541289e+01 9.198577265758757449e+00 -2.371097004690688514e+00 9.198577265758757449e+00 -1.523062588435728593e+01 -1.061080969358867243e+01 -2.371097004690688514e+00 -1.061080969358867243e+01 -2.226566832087209491e+01
3.372510811129236341e+00 -7.189011289443167918e+00 -7.380068772347848416e+00 -7.189011289443167918e+00 7.588315617239226318e-01 -7.370420323949613994e+00 -7.380068772347848416e+00 -7.370420323949613994e+00 -9.348352245587885356e-01
2.239954362296061774e+01 -5.864053904000839701e+00 -1.820681081851970751e+00 -5.864053904000839701e+00 2.773866417316644828e+01 -2.396892795979689517e+00 -1.820681081851970751e+00 -2.396892795979689517e+00 -8.795136667181902013e+00
8.656096732540423488e+01 2.899781774605764806e+00 2.300157353109344091e-02 2.899781774605764806e+00 8.589244458515126723e+01 -1.583459616538338111e+00 2.300157353109344091e-02 -1.583459616538338111e+00 1.025562865946529101e+01
-1.230308755816426469e+01 -1.189090414706993393e+01 2.909721829409464000e+00 -1.189090414706993393e+01 -9.724164034482685182e+00 -2.679322353566677606e+01 2.909721829409464000e+00 -2.679322353566677606e+01 -7.980962048658947872e+00
7.969407189921379597e+01 6.147526473266847091e+00 1.425839666599006961e+00 6.147526473266847091e+00 7.858941411116160225e+01 -5.816961386613666019e-01 1.425839666599006961e+00 -5.816961386613666019e-01 4.030254206112264370e+00
-3.211828375521459833e+01 -8.114382166965508958e+00 3.833994460021932643e-02 -8.114382166965508958e+00 -3.718057374845246699e+01 3.386699951843335832e+00 3.833994460021932643e-02 3.386699951843335832e+00 -3.213359066011091869e+01
-1.816064760105139442e+01 7.086645759491166707e+00 -1.469070903465779487e+01 7.086645759491166707e+00 -1.047069293324867445e+01 1.195251609726951658e+00 -1.469070903465779487e+01 1.195251609726951658e+00 1.576232125665151251e+00
-3.500562370035694038e+00 5.142397972200005718e-01 -3.403053335123090162e-01 5.142397972200005718e-01 -1.418282411668988807e+01 1.252699621825567711e+01 -3.403053335123090162e-01 1.252699621825567711e+01 -1.270571696365971981e+01
2.191331874381155398e+00 4.201295948345986631e+00 1.338273685081015518e+00 4.201295948345986631e+00 3.553299690157890378e+00 1.459287462264783786e+00 1.338273685081015518e+00 1.459287462264783786e+00 5.173568272645087340e+00
1.875098848617491853e+01 -8.334830466206199162e+00 -3.738121635753536065e+00 -8.334830466206199162e+00 1.165332817674856969e+01 -2.190966978325110670e+00 -3.738121635753536065e+00 -2.190966978325110670e+00 1.433806746391563181e+01
6.426942305417936430e-01 4.344784641798718816e+00 3.818924909415919444e-01 4.344784641798718816e+00 4.855611650175608585e-01 1.293357615978286024e+00 3.818924909415919444e-01 1.293357615978286024e+00 4.803735516870694333e+00
4.539301937582241320e-01 -3.474050183554316273e+00 2.579639473230868951e+00 -3.474050183554316273e+00 1.604913950956517610e+01 -1.540877985221816404e+00 2.579639473230868951e+00 -1.540877985221816404e+00 -2.733900237185468640e+01
3.401120286466661469e+01 1.275857627846355946e+01 -6.417744604525059682e-01 1.275857627846355946e+01 3.671675497105637476e+01 9.484446809429915248e+00 -6.417744604525059682e-01 9.484446809429915248e+00 -1.003312626531283236e+01
2.458718833744613974e+01 -2.976662670111425602e+00 1.295071798292508269e+01 -2.976662670111425602e+00 2.081028288550140459e+01 4.522507465261991766e-01 1.295071798292508269e+01 4.522507465261991766e-01 -2.021882410066060132e+01
-5.219739346805766900e+00 -7.252959041911208882e-01 6.258902051250207599e+00 -7.252959041911208882e-01 3.285969342496086742e+00 -7.069698010670275146e+00 6.258902051250207599e+00 -7.069698010670275146e+00 -2.545931242060220612e+01
4.779672740016150279e+00 7.543873283680577302e+00 2.397471000800503127e+00 7.543873283680577302e+00 -3.148801663537616896e-02 5.579125138250080163e+00 2.397471000800503127e+00 5.579125138250080163e+00 1.522262387247989501e+01
-1.413825643030872570e+01 -3.707379270293769125e-01 5.175202853905211065e+00 -3.707379270293769125e-01 -2.604503680719139780e+01 6.348713083447191430e+00 5.175202853905211065e+00 6.348713083447191430e+00 -7.326052077564106924e+00
-3.736505039242562987e+01 1.524971736270183875e+01 9.424417270479720443e+00 1.524971736270183875e+01 -2.279555738895468409e+01 7.087133183101755662e+00 9.424417270479720443e+00 7.087133183101755662e+00 -5.170915478390950426e+01
-3.597130029671036056e+01 -5.921758820053613093e+00 -3.849667652751028069e+00 -5.921758820053613093e+00 -3.810802245834204172e+01 5.650690040028641725e+00 -3.849667652751028069e+00 5.650690040028641725e+00 -2.734594081395539078e+01
-2.245080946479086137e+01 4.944268737520117085e+00 -6.810041984227218848e+00 4.944268737520117085e+00 -7.260345278964874360e+00 9.825142623995617441e+00 -6.810041984227218848e+00 9.825142623995617441e+00 -2.220804892123402752e+01
9.766916130476359115e+01 5.729721153467859374e+00 -2.346251986688228097e+00 5.729721153467859374e+00 9.465308591513434067e+01 1.048026906206149578e+00 -2.346251986688228097e+00 1.048026906206149578e+00 1.922503877452594878e+01
-7.402271643943616475e+00 3.496830886793210080e+00 -8.948278538304160756e-01 3.496830886793210080e+00 -6.706694032468253575e+00 2.555031546253006880e+00 -8.948278538304160756e-01 2.555031546253006880e+00 3.235452089927390862e+00
