2.357446264120932966e+01 2.777175838156533239e+00 6.465689511443507342e+00 2.777175838156533239e+00 2.358874365961693087e+01 5.211846692687515770e+00 6.465689511443507342e+00 5.211846692687515770e+00 3.552261316899882360e+01
-2.104600014063471036e+01 -2.206571617528089835e+00 2.503166303165913043e+00 -2.206571617528089835e+00 -3.756609833274018939e+01 -9.578018238957174191e+00 2.503166303165913043e+00 -9.578018238957174191e+00 -3.383075557821126012e+01
-3.974714763517222416e+00 5.970188728613892160e+00 4.122240507450015912e+00 5.970188728613892160e+00 -4.923956632898902619e+00 1.304798796676424510e+00 4.122240507450015912e+00 1.304798796676424510e+00 -1.394185831754775329e+01
-6.073985395820695743e+00 8.244881241476441858e+00 9.678822988475092259e+00 8.244881241476441858e+00 -6.977444583836797110e-01 5.409733221846735773e+00 9.678822988475092259e+00 5.409733221846735773e+00 -1.867867728770252000e+01
3.380537736289597461e+01 7.539724980807102628e-02 -5.351385727829551797e+00 7.539724980807102628e-02 3.748843126931933512e+01 3.532730516933595410e+00 -5.351385727829551797e+00 3.532730516933595410e+00 4.772125074433407121e+01
1.043148719957717852e+01 -1.682629847021724911e-01 -7.282737052024806701e+00 -1.682629847021724911e-01 1.777306266661118528e+01 6.439196498596768237e+00 -7.282737052024806701e+00 6.439196498596768237e+00 2.121046092553033802e+01
4.370151482776628171e+01 -7.674027735308301068e+00 -6.339521976927882996e+00 -7.674027735308301068e+00 5.432095304976466110e+01 -3.754229367501756176e+00 -6.339521976927882996e+00 -3.754229367501756176e+00 4.170037912831719495e+01
1.303563735486397590e+00 2.969257505920206874e+00 1.138983342088408435e+01 2.969257505920206874e+00 -3.168970114988831632e+00 -4.565712653932727072e+00 1.138983342088408435e+01 -4.565712653932727072e+00 -2.353360856053492256e+01
-3.646646267109441730e+00 2.386971609042245035e+00 8.103047121507199080e+00 2.386971609042245035e+00 -6.692905315549985801e+00 -3.179422648193267253e+00 8.103047121507199080e+00 -3.179422648193267253e+00 -1.033341744702554621e+01
-1.038037548639625385e+01 4.430506823058313337e+00 4.254971654949729398e+00 4.430506823058313337e+00 -6.271138747759658294e+00 5.305292155344072391e+00 4.254971654949729398e+00 5.305292155344072391e+00 -5.591295305687292938e+00
-1.493866001296203194e+01 2.909544275237629041e+00 -2.206410017698166914e+00 2.909544275237629041e+00 -1.337928046737918741e+01 5.563760938154472591e+00 -2.206410017698166914e+00 5.563760938154472591e+00 -1.869127549316231907e+01
-1.366752978470606195e+01 -6.537557142579208502e+00 1.657070364125256035e+01 -6.537557142579208502e+00 -2.257727625961256379e+01 -7.871389150364082710e+00 1.657070364125256035e+01 -7.871389150364082710e+00 -1.476351312019983553e+01
-4.401754517845754222e+00 2.573555574966844173e+00 -3.869518763175016751e+00 2.573555574966844173e+00 -2.368671837643811173e+01 -6.882218311733136140e+00 -3.869518763175016751e+00 -6.882218311733136140e+00 -6.462508086610899483e+00
-4.413336919441371187e+00 -6.514205534492074179e+00 -4.523098126800677576e+00 -6.514205534492074179e+00 -9.038063789122166014e-01 3.719242577964219088e+00 -4.523098126800677576e+00 3.719242577964219088e+00 4.504438112629626012e+00
-1.269645778781399592e+01 -4.728592883190841256e+00 -1.751841169426193057e+00 -4.728592883190841256e+00 -8.131681670491717639e+00 3.891946291744413866e+00 -1.751841169426193057e+00 3.891946291744413866e+00 -1.227341629084965824e+01
-2.217809060444738023e+01 1.690510693247790908e+00 4.158923169264125086e+00 1.690510693247790908e+00 -6.940310120866861610e+01 4.838457189621677701e-01 4.158923169264125086e+00 4.838457189621677701e-01 -9.157584171248080551e+00
-6.651460483066719220e+00 1.317718749579198434e+00 7.280254073198028308e+00 1.317718749579198434e+00 1.519181247851655980e+00 -1.427447993050996233e+00 7.280254073198028308e+00 -1.427447993050996233e+00 -1.004907649384371382e+01
1.548053489717907460e+01 -4.227542211645853421e+00 -5.600993892642204486e+00 -4.227542211645853421e+00 1.607655814595827337e+01 9.618733634783874109e+00 -5.600993892642204486e+00 9.618733634783874109e+00 1.866969163261101983e+01
6.235050336008788996e+00 -1.027939865891289450e+01 -3.456648008253767612e-01 -1.027939865891289450e+01 2.269430302847557090e+00 -1.961702743467616805e-01 -3.456648008253767612e-01 -1.961702743467616805e-01 8.745351472557937100e+00
2.735875031579679728e+01 2.673571531503311061e+00 -2.839187471306970245e+00 2.673571531503311061e+00 2.621283652459031188e+01 2.573236224795325100e+00 -2.839187471306970245e+00 2.573236224795325100e+00 2.910678616041249001e+01
3.498944692786656674e+01 -1.085383568395645204e+00 4.077466575930867698e+00 -1.085383568395645204e+00 4.518497198006104298e+01 -3.438327612977152725e+00 4.077466575930867698e+00 -3.438327612977152725e+00 4.010249283990806646e+01
3.501619988183036991e+00 1.960791077371373703e+00 4.247991762337551158e+00 1.960791077371373703e+00 -5.697601545986861193e-01 -2.505126547954728888e+00 4.247991762337551158e+00 -2.505126547954728888e+00 5.295015112671170865e-01
-2.054994929887636346e+01 1.584530114598453610e+00 9.122502752108738733e+00 1.584530114598453610e+00 -3.253066746084062544e+01 -2.060652669926514025e-01 9.122502752108738733e+00 -2.060652669926514025e-01 -1.624189797791365919e+01
2.448947937798055463e+01 2.890814559892557201e-01 4.669142159959525529e+00 2.890814559892557201e-01 1.935742640807236725e+01 6.639591439267256145e-01 4.669142159959525529e+00 6.639591439267256145e-01 1.909309011287324154e+01
2.003378578468536286e+00 -4.558058001593676689e-01 5.116735232887812401e+00 -4.558058001593676689e-01 6.604130419744745240e+00 -9.207830220673166366e+00 5.116735232887812401e+00 -9.207830220673166366e+00 -1.425159068901200365e+00
4.975494280052819818e+01 -3.269872360945707879e+00 -2.513311892722370100e+00 -3.269872360945707879e+00 5.236257736162196608e+01 -2.880508385908572055e+00 -2.513311892722370100e+00 -2.880508385908572055e+00 4.793082844297543232e+01
-1.808619935558617442e+01 3.846545767593451792e+00 -1.176939464641590272e+00 3.846545767593451792e+00 -1.489939345055978315e+01 -3.101037911530611701e+00 -1.176939464641590272e+00 -3.101037911530611701e+00 -1.540325864116888077e+01
1.239678118638966708e+01 1.657060428882166425e+00 6.172157962083768545e-01 1.657060428882166425e+00 1.005999636846737566e+01 1.363083572543882305e+01 6.172157962083768545e-01 1.363083572543882305e+01 9.460337548157452536e-01
1.125160103726086902e+01 3.574340346590240358e+00 1.923629609851792432e+00 3.574340346590240358e+00 1.062717757683044262e+01 1.161265361041814437e+00 1.923629609851792432e+00 1.161265361041814437e+00 2.076020985263529894e+01
4.490513565076698654e+01 -5.251992213837972656e+00 1.566854891193877819e+01 -5.251992213837972656e+00 3.216197246421836553e+01 -2.887265384397004753e-01 1.566854891193877819e+01 -2.887265384397004753e-01 4.915763593218541416e+01
3.201349743026550243e+01 1.064522318167455772e+01 -1.532191810984964153e+00 1.064522318167455772e+01 4.697483772515236211e+01 -6.801084188903803174e+00 -1.532191810984964153e+00 -6.801084188903803174e+00 3.685450012578132117e+01
-1.202082558344728769e+00 6.341828237401739843e-01 4.298890461753297920e+00 6.341828237401739843e-01 -1.696952446158997674e+01 -3.051088066653101283e+00 4.298890461753297920e+00 -3.051088066653101283e+00 -6.066159452144717967e+00
-1.685063657545504467e+00 3.277847334726388784e+00 -1.154403920969939268e+00 3.277847334726388784e+00 8.824842953480194652e+00 1.826134245217132079e+00 -1.154403920969939268e+00 1.826134245217132079e+00 -3.954706998467807821e+00
2.335938311401259959e+00 3.117083506531824533e+00 -6.537282752963728960e+00 3.117083506531824533e+00 1.116319605173776708e+01 -5.948964451400247988e+00 -6.537282752963728960e+00 -5.948964451400247988e+00 1.434360499048645154e+00
2.860438606892783042e+01 -3.208093713400935520e+00 6.455892571858619533e+00 -3.208093713400935520e+00 -4.731055966642141009e+00 -9.056750421376184690e+00 6.455892571858619533e+00 -9.056750421376184690e+00 2.604978027134556129e+01
2.026804506159770725e+01 -3.699327964656806245e+00 -6.598195512391797024e+00 -3.699327964656806245e+00 1.989800773675689172e+01 1.385527050833324658e+01 -6.598195512391797024e+00 1.385527050833324658e+01 2.074757585939128735e+00
-1.402173831831524886e+00 -1.393876616851659200e+00 -7.198971740231264071e+00 -1.393876616851659200e+00 -1.927133628628699924e+01 -8.054653253648133671e+00 -7.198971740231264071e+00 -8.054653253648133671e+00 -1.196620736911434513e+01
-2.222339792524590862e+01 -4.612570307727087204e+00 3.723511896109837238e+00 -4.612570307727087204e+00 -1.715501801022223205e+01 7.427339129519185512e+00 3.723511896109837238e+00 7.427339129519185512e+00 -3.072802056977979390e+01
3.343829085448668792e+01 2.170016206919621826e+00 -6.752634373351731334e+00 2.170016206919621826e+00 1.054105337896311312e+01 2.074062039711126737e-01 -6.752634373351731334e+00 2.074062039711126737e-01 3.467457922056809849e+01
-1.548060267402337820e+00 -2.077710683556424698e+01 2.870297634893757444e+00 -2.077710683556424698e+01 -1.040466778283929905e+01 -5.281810632972607777e+00 2.870297634893757444e+00 -5.281810632972607777e+00 -6.169064107565826127e+00
2.569643896006526873e+01 -2.590178786213025219e+00 1.893141028145282734e+00 -2.590178786213025219e+00 3.721810082789051677e+01 3.929739822081251832e-01 1.893141028145282734e+00 3.929739822081251832e-01 1.721155120320560883e+01
-3.103723070987985366e+01 7.651468382153524317e+00 -1.435611611968599988e+00 7.651468382153524317e+00 -7.539700949187017720e+00 7.277255452329291607e+00 -1.435611611968599988e+00 7.277255452329291607e+00 -3.195601592713772021e+01
2.095188183862434528e+01 -2.682403605785063316e+00 -1.057129131691656987e+01 -2.682403605785063316e+00 2.655002219328525825e+01 1.144170290220833497e+00 -1.057129131691656987e+01 1.144170290220833497e+00 2.744286024174626348e+01
-4.016715698629865550e+00 5.105381041837752321e+00 -4.092803546704233852e+00 5.105381041837752321e+00 -2.786851131467635412e+01 -8.096352709525300728e-01 -4.092803546704233852e+00 -8.096352709525300728e-01 9.879788547881724892e-01
3.012739816328532783e+01 -6.333259035337573728e+00 6.882221118787244407e+00 -6.333259035337573728e+00 2.934952496434000935e+01 -1.012676224407505643e+01 6.882221118787244407e+00 -1.012676224407505643e+01 1.301646527506140671e+01
2.004934280447120898e+01 1.309820218878284948e+01 -8.727697559350749756e+00 1.309820218878284948e+01 1.369671853443650633e+01 3.193884129869648536e+00 -8.727697559350749756e+00 3.193884129869648536e+00 2.102597070197012741e+01
-2.517440366592451895e+01 -8.371702862020070413e+00 -4.556163240126360314e+00 -8.371702862020070413e+00 -2.407298456173786860e+01 -2.467105047071872725e+00 -4.556163240126360314e+00 -2.467105047071872725e+00 -2.429725234656186927e+01
-3.145521713367780858e+00 1.008034154384151826e+01 1.248875882080303867e+00 1.008034154384151826e+01 -1.909546108094724559e+01 1.117377851178697057e+01 1.248875882080303867e+00 1.117377851178697057e+01 2.531148491234089803e+00
9.200557257809224510e+00 5.386985442503232635e-01 3.859908446629836565e+00 5.386985442503232635e-01 1.120136092804919059e+01 -9.365565287763760738e-01 3.859908446629836565e+00 -9.365565287763760738e-01 7.771303529338469573e+00
5.442271714398833282e+00 -1.267322962241240192e-01 -2.263737342216057158e+00 -1.267322962241240192e-01 7.676340592363350090e+00 2.055353492082230726e+00 -2.263737342216057158e+00 2.055353492082230726e+00 -1.942425890545588230e+00
