-1.093218321110296287e+01 -4.321014760107175334e+00 1.320298089715239875e+01 -4.321014760107175334e+00 -4.311386906656040452e+01 -7.523640159400392768e+00 1.320298089715239875e+01 -7.523640159400392768e+00 7.831120700310433058e+00
-2.222320511578397273e+00 -5.022547620828880177e+00 1.999073867066070154e+00 -5.022547620828880177e+00 -1.756097895124594288e+01 -2.415504863316834339e+00 1.999073867066070154e+00 -2.415504863316834339e+00 -3.951620865925996817e+00
3.788069715097022083e+01 -2.243851774925967035e+01 1.092760809491221785e+01 -2.243851774925967035e+01 2.282780911027969140e+01 9.265747863259591099e+00 1.092760809491221785e+01 9.265747863259591099e+00 5.643278391743245948e+01
3.669154132445935801e+01 -5.406504102967147674e+00 1.063471347099981124e+01 -5.406504102967147674e+00 2.497439350529051794e+01 -6.244230265141945679e+00 1.063471347099981124e+01 -6.244230265141945679e+00 3.389679036382997168e+01
-2.629798207352946804e+01 1.535884703787016115e+01 5.808161174516865977e+00 1.535884703787016115e+01 -4.166331088737378963e+01 6.216829612738638211e+00 5.808161174516865977e+00 6.216829612738638211e+00 -9.348311250932267669e+00
1.078336236622869571e+01 1.568598198625610063e-01 1.179527556765259000e+01 1.568598198625610063e-01 -1.203609838619894212e+01 -1.371802751611782156e+01 1.179527556765259000e+01 -1.371802751611782156e+01 6.955186343070763222e+00
1.395343631199774137e+01 3.587187442988058361e+00 5.717151153806473429e-01 3.587187442988058361e+00 1.364610930152425006e+01 7.685951635662609860e+00 5.717151153806473429e-01 7.685951635662609860e+00 1.788525960663561065e+01
-3.222785528782286946e+01 1.690862136212515665e+01 1.347589523896992425e+01 1.690862136212515665e+01 -5.167242695461969504e+01 -4.966724420137901497e+00 1.347589523896992425e+01 -4.966724420137901497e+00 -1.859070207052711510e+01
7.983710314598675417e+00 -3.918674513464796227e+00 1.817507667020312567e+01 -3.918674513464796227e+00 -3.583675876278928740e+01 -8.460295785552332859e+00 1.817507667020312567e+01 -8.460295785552332859e+00 -2.834888697679532754e+01
5.338677571979120984e+01 6.994054472690596214e+00 2.867759794804076279e+01 6.994054472690596214e+00 4.044086381028098032e+00 1.345653825874277665e+01 2.867759794804076279e+01 1.345653825874277665e+01 4.995893073538826457e+01
2.281559107007646148e+01 2.982818695890986915e-01 6.697377080002584471e+00 2.982818695890986915e-01 -9.790758126859755439e-02 7.270761712394627097e+00 6.697377080002584471e+00 7.270761712394627097e+00 3.308676175027056843e+01
-7.761565589396056453e+00 1.602763247375780020e+00 9.421236363802586666e+00 1.602763247375780020e+00 -1.601461968649298484e+01 1.274583058255808865e+00 9.421236363802586666e+00 1.274583058255808865e+00 -8.078649603328974749e+00
-5.442216189348774158e+00 9.718049460952123297e+00 3.089989193757648245e+00 9.718049460952123297e+00 -2.457069426425851333e+01 -1.469479154677553012e+01 3.089989193757648245e+00 -1.469479154677553012e+01 -4.056847700737967521e+00
1.399047965531438287e+00 4.247465655314957012e+00 8.099027542752256892e+00 4.247465655314957012e+00 -2.282497056125588841e+01 1.609980433640034647e+01 8.099027542752256892e+00 1.609980433640034647e+01 6.177104477829454154e+00
-8.692391000529879008e+00 -7.526469089805503110e+00 2.828338702454146869e+01 -7.526469089805503110e+00 -5.272498294841716415e+01 8.374470229659692677e+00 2.828338702454146869e+01 8.374470229659692677e+00 6.351162875896304350e+00
3.644963180257763469e+01 -6.313719770385551655e+00 7.526530713028651398e+00 -6.313719770385551655e+00 2.430898624308681377e+01 -6.811696151571839053e+00 7.526530713028651398e+00 -6.811696151571839053e+00 4.015337520448508002e+01
1.127617347442798490e+01 1.086920932705423226e+01 1.482703728918349562e+01 1.086920932705423226e+01 -9.636454149841924277e+00 -8.778807336258848792e+00 1.482703728918349562e+01 -8.778807336258848792e+00 2.370944825636257747e+01
-3.039286374862711071e+01 -6.368468225631526813e+00 -6.291259920550991147e+00 -6.368468225631526813e+00 -5.083591470583701266e+01 4.209009474425904784e+00 -6.291259920550991147e+00 4.209009474425904784e+00 -2.904101979399751343e+01
-1.087123052579462801e+01 -5.287642460150027368e+00 1.306506019910693084e+01 -5.287642460150027368e+00 -2.835632821837399931e+01 -2.595254009803269479e+00 1.306506019910693084e+01 -2.595254009803269479e+00 8.141059185774389917e+00
3.330922374175141698e+01 1.482580456971494542e-01 2.079666318351593901e+01 1.482580456971494542e-01 4.887298319034018235e+00 4.190322598760580775e+00 2.079666318351593901e+01 4.190322598760580775e+00 3.170211888474234740e+01
1.589308707065314019e+00 5.611839292865125062e-01 2.482922642437477290e+00 5.611839292865125062e-01 7.393459526421971573e-01 -8.026383537659930179e-01 2.482922642437477290e+00 -8.026383537659930179e-01 2.905625464228541510e+00
1.629987156979934326e+01 1.607171801069175388e+01 1.550494353642239886e+01 1.607171801069175388e+01 -4.832177815582012315e+00 -8.977476493966001669e+00 1.550494353642239886e+01 -8.977476493966001669e+00 1.230615406534881018e+01
-3.473387500461729616e+01 -7.924303782622931891e+00 2.179809821957580596e+01 -7.924303782622931891e+00 -2.547561714136857347e+01 -1.679014874882483577e+00 2.179809821957580596e+01 -1.679014874882483577e+00 -1.701220557999387850e+01
8.840957888869194647e+00 -1.349148559571067274e+01 9.346938108577912629e+00 -1.349148559571067274e+01 2.766214722725582575e+01 5.834065575250388491e+00 9.346938108577912629e+00 5.834065575250388491e+00 3.342616787162387482e+01
1.028708708594380283e+01 7.987199791329556042e+00 8.495444701872127524e+00 7.987199791329556042e+00 -1.400130034268782353e+01 -1.331215335797699595e+01 8.495444701872127524e+00 -1.331215335797699595e+01 1.602855204360576735e+01
2.459102053469165161e-01 -6.627776638244590401e+00 5.766675259673174736e+00 -6.627776638244590401e+00 -3.601681724291583464e+01 9.279657358119990818e+00 5.766675259673174736e+00 9.279657358119990818e+00 2.249991600813746118e+01
-6.868789934242839346e-01 -9.329959471908971125e+00 1.665743671681574867e+01 -9.329959471908971125e+00 -2.264282619259524409e+01 -3.909000444229532523e+00 1.665743671681574867e+01 -3.909000444229532523e+00 2.059906073537756299e+01
2.600461888893003604e+01 4.199666368842990494e+00 4.916886824307018067e+00 4.199666368842990494e+00 1.369212093256497553e+01 -5.298092482658401936e-01 4.916886824307018067e+00 -5.298092482658401936e-01 5.148118966451311707e+01
1.676383767488556442e+00 7.489392212335648225e+00 1.243828781481022183e+01 7.489392212335648225e+00 -6.480236715674658399e+01 3.751523796972453528e+00 1.243828781481022183e+01 3.751523796972453528e+00 -3.774243057618641473e+01
1.529729412407283284e+01 6.942391632756764963e+00 7.660397082263706858e-01 6.942391632756764963e+00 -1.928523045235082023e+01 4.826991923746974500e+00 7.660397082263706858e-01 4.826991923746974500e+00 8.976824754195357414e+00
2.830180621853996570e+01 -2.695689503508244211e+00 2.275977964761696004e+00 -2.695689503508244211e+00 1.890034671798110821e+01 3.499009256416055536e+00 2.275977964761696004e+00 3.499009256416055536e+00 3.061225274491647141e+01
-5.608534974627772840e+00 -1.095134553803049826e+01 5.460015215411039513e+00 -1.095134553803049826e+01 -2.287594368777651610e+01 -4.717271139312490646e+00 5.460015215411039513e+00 -4.717271139312490646e+00 -1.197186500258878716e+01
-9.522576622064956808e+00 6.566060521242750525e+00 1.007873197382563468e+01 6.566060521242750525e+00 -3.294045755594621738e+01 5.918044270283962405e+00 1.007873197382563468e+01 5.918044270283962405e+00 -1.027555148688726661e+01
5.809011641119644409e+00 1.014998432449947785e+01 -5.358444813217433378e-01 1.014998432449947785e+01 -3.481572789981514404e+01 -1.933194871056094755e+01 -5.358444813217433378e-01 -1.933194871056094755e+01 3.206886499031979199e+00
-3.311104673092386008e+01 -9.766399945724224096e+00 1.016136739668424127e+01 -9.766399945724224096e+00 -5.795027021705592318e+01 3.117108152350724914e+00 1.016136739668424127e+01 3.117108152350724914e+00 -2.096372378381272128e+01
-3.230629772380471110e+01 9.925877221667901651e+00 1.666234122376972593e+01 9.925877221667901651e+00 -6.077262120436515147e+01 2.791828862277477619e+00 1.666234122376972593e+01 2.791828862277477619e+00 -1.807440278737540140e+01
2.698666508403832509e+01 9.180125434967061793e+00 1.138453893088510860e+01 9.180125434967061793e+00 5.455552629270767007e+00 2.777018908975385170e+00 1.138453893088510860e+01 2.777018908975385170e+00 1.738854855627055329e+01
6.562495371585922221e+00 1.028083406055499616e+01 -5.322806019821920920e+00 1.028083406055499616e+01 -1.064886501344412650e+01 4.838762059606951382e-01 -5.322806019821920920e+00 4.838762059606951382e-01 5.208477848702059099e+00
4.125213772532055856e+01 4.614153039355551655e+00 7.977232036583205677e+00 4.614153039355551655e+00 2.746012065248584832e+01 -1.178764500597470066e+00 7.977232036583205677e+00 -1.178764500597470066e+00 3.935706835233555978e+01
2.319831524165432413e+01 8.608213575659672046e+00 2.090347629683972741e+01 8.608213575659672046e+00 -6.775284595198637128e+00 5.862335093266679564e+00 2.090347629683972741e+01 5.862335093266679564e+00 3.206223336730492690e+01
1.174294985216217135e+01 3.435980326586047795e+00 6.122706904765975899e+00 3.435980326586047795e+00 1.898118549495594554e+00 4.365752001382745995e+00 6.122706904765975899e+00 4.365752001382745995e+00 9.609463258794161078e+00
1.580037682003048616e+00 2.192195432509159492e+00 1.120693513770455496e+01 2.192195432509159492e+00 -3.478148504661719898e+01 -5.312432006267425066e+00 1.120693513770455496e+01 -5.312432006267425066e+00 -1.743260802881026095e+01
5.803070109867464765e+01 3.798789070423323477e-01 1.337771788003674622e+01 3.798789070423323477e-01 3.212838262057667293e+01 -2.874550244373778263e+00 1.337771788003674622e+01 -2.874550244373778263e+00 5.817520494761993177e+01
1.432817326306311934e+01 -4.108824380448366398e+00 3.434128564029827402e+01 -4.108824380448366398e+00 1.877329646063769886e+01 -8.774775466263520229e+00 3.434128564029827402e+01 -8.774775466263520229e+00 3.341439818023614805e+01
2.981812223165809783e+01 1.316237582555255248e+00 6.785185433300839897e+00 1.316237582555255248e+00 1.575841888675543778e+01 -4.370551570799327656e+00 6.785185433300839897e+00 -4.370551570799327656e+00 3.819327647236757173e+01
-3.994832473010862195e+00 -1.416092417100976997e+00 1.188426058654962603e+01 -1.416092417100976997e+00 -3.378031063672482759e+01 2.573057302193602514e+00 1.188426058654962603e+01 2.573057302193602514e+00 -2.098110406140060391e+01
3.454017777355988983e+01 -9.432982535823423831e+00 5.340575365284943921e+00 -9.432982535823423831e+00 6.850132223415971389e+00 2.199396773325560162e+00 5.340575365284943921e+00 2.199396773325560162e+00 3.903360167283132398e+01
2.154027576399257526e+01 1.542690284479737883e+01 1.449954880630238030e+01 1.542690284479737883e+01 -4.469021576998274625e+00 -1.036613326546517477e+01 1.449954880630238030e+01 -1.036613326546517477e+01 1.492581859515926190e+01
1.171134624235379640e+01 5.075746590767999500e+00 8.482576932376181489e+00 5.075746590767999500e+00 -8.212822247394569786e+00 -1.006906136855158351e+01 8.482576932376181489e+00 -1.006906136855158351e+01 1.561190006040998668e+01
-8.145425332030811205e+00 6.433976585274566062e+00 2.899660505929876209e+01 6.433976585274566062e+00 -2.904474199844639770e+01 2.759123725523097548e+01 2.899660505929876209e+01 2.759123725523097548e+01 1.347295966559026148e+01
1.093808842732640763e+01 6.661775333635890917e+00 8.859726633060626355e+00 6.661775333635890917e+00 -4.007919263117067032e+00 1.022684370981296276e+01 8.859726633060626355e+00 1.022684370981296276e+01 1.519872406210637017e+01
2.356931412199256215e+01 9.232131199193180038e+00 5.262035059652468760e+00 9.232131199193180038e+00 7.095232021469875860e+00 1.155770783992271955e+00 5.262035059652468760e+00 1.155770783992271955e+00 3.256787657326528773e+01
-5.150915286625322054e+00 -1.473566872578199183e+00 -3.461595252813207679e+00 -1.473566872578199183e+00 -1.702377001406519241e+01 7.078953763492852325e-01 -3.461595252813207679e+00 7.078953763492852325e-01 -3.544231072515415665e-02
1.004301480571678162e+01 5.498117365850983873e+00 7.516491472247946781e+00 5.498117365850983873e+00 -2.079796594910639485e+01 6.109376427891941574e-01 7.516491472247946781e+00 6.109376427891941574e-01 1.021555119906675024e+01
6.925558483650577912e+00 -1.752675932312725848e+01 1.270723319176934396e+01 -1.752675932312725848e+01 -2.315563988370521287e+01 2.672290541152626098e+00 1.270723319176934396e+01 2.672290541152626098e+00 -6.226434884975438955e+00
-2.043201906753542474e+01 5.736731911381728111e+00 6.292418956611190772e+00 5.736731911381728111e+00 -3.813017143069325243e+01 -3.062086393465257572e+00 6.292418956611190772e+00 -3.062086393465257572e+00 -1.793417473863248546e+01
1.709801877913982082e+01 1.299325420855412716e+01 1.863996623701113009e+01 1.299325420855412716e+01 -5.780041691369072865e+00 1.631128745428244997e+01 1.863996623701113009e+01 1.631128745428244997e+01 4.205406316996329963e+01
1.299521765326898226e+01 5.058305333137949944e+00 2.666350206719752336e+01 5.058305333137949944e+00 -9.772970768894237992e+00 -1.652002869507910532e+00 2.666350206719752336e+01 -1.652002869507910532e+00 2.171443221766367415e+01
-2.252998678339230842e+00 9.100636847708150512e+00 1.073231201614733976e+01 9.100636847708150512e+00 -1.219628325005072256e+01 5.806614645613602299e+00 1.073231201614733976e+01 5.806614645613602299e+00 4.180931809741973204e+00
4.728348654088367908e+00 8.593829437634076029e+00 1.272153242447388699e+01 8.593829437634076029e+00 -5.159658763237966639e+01 -7.759367427711231890e+00 1.272153242447388699e+01 -7.759367427711231890e+00 1.265499256720366894e+01
3.630597756499031448e+01 9.350931056778962969e+00 4.347421007766160805e+00 9.350931056778962969e+00 2.518156733785541590e+01 -2.709248187682761877e+00 4.347421007766160805e+00 -2.709248187682761877e+00 4.335219458947663895e+01
1.689892182438471124e+01 -1.693288670438003507e+01 1.623884291565989457e+01 -1.693288670438003507e+01 -1.139849174909271623e+00 3.287245677084643436e+00 1.623884291565989457e+01 3.287245677084643436e+00 2.903709721590654169e+01
9.450420980313737118e+00 5.592568107527308818e+00 6.195809286277726535e+00 5.592568107527308818e+00 -8.073069413672060435e-01 -2.489855148876419122e+00 6.195809286277726535e+00 -2.489855148876419122e+00 -7.855949465071361715e+00
6.462170410332685577e+00 -8.383230079908228660e+00 1.240048137800851791e+01 -8.383230079908228660e+00 -1.236204898444253075e+01 -1.052737425030243479e+01 1.240048137800851791e+01 -1.052737425030243479e+01 3.250958335259869436e+00
2.664721065737740346e+01 6.365305017773615903e-01 2.096059595383653118e+01 6.365305017773615903e-01 2.993132892179831028e+00 -1.068682832255205106e+01 2.096059595383653118e+01 -1.068682832255205106e+01 4.000727467445720720e+01
-4.296423678680154068e-01 -1.134986677269685273e+01 1.530701142083077215e+01 -1.134986677269685273e+01 -5.647931969447670042e+01 6.269377711745379500e+00 1.530701142083077215e+01 6.269377711745379500e+00 -1.110355850441868419e+01
-1.929116996366430214e+01 -3.766135823511598257e+00 -3.354200356199307453e+00 -3.766135823511598257e+00 -3.326749088981282654e+01 4.553002189381694542e+00 -3.354200356199307453e+00 4.553002189381694542e+00 -7.196306638974707681e+00
1.142052390059796174e+01 9.037462265386956517e+00 1.667302973534147625e+01 9.037462265386956517e+00 -7.584760215071992384e+00 -5.005138959892104999e+00 1.667302973534147625e+01 -5.005138959892104999e+00 1.090757922546985625e+01
-1.805317255135291532e+01 1.149543919785760648e+00 1.576398679579929407e+01 1.149543919785760648e+00 -3.689660561839753683e+01 -2.396529875759436656e+00 1.576398679579929407e+01 -2.396529875759436656e+00 1.944839146822352205e-01
-6.695276176415403846e+00 2.413874585627185265e+00 2.706652608242801250e+01 2.413874585627185265e+00 -2.434121917476840125e+01 8.728875892935489489e+00 2.706652608242801250e+01 8.728875892935489489e+00 -4.516824559327558219e+00
1.592693592139873893e+01 -1.781892540356364352e+00 -5.313638713082415421e+00 -1.781892540356364352e+00 -1.746036153226550525e+01 -3.127068665539669112e+00 -5.313638713082415421e+00 -3.127068665539669112e+00 1.914186258626198267e+01
2.134733678088387521e+01 1.474030466401719508e+01 1.219746097027636900e+01 1.474030466401719508e+01 -6.786636995590430210e+00 -1.327720893852564110e+01 1.219746097027636900e+01 -1.327720893852564110e+01 2.529382407961858981e+00
-1.978587319544521250e+01 -2.013728115568986610e+01 1.189699296921650884e+01 -2.013728115568986610e+01 -7.107185020382641483e+01 1.444160202186740571e+00 1.189699296921650884e+01 1.444160202186740571e+00 -4.317860071608140515e+01
-5.535041814322007703e+00 -2.779183706530222508e+00 4.937646510904520447e+00 -2.779183706530222508e+00 -1.250187820606622680e+01 -3.132021300573970102e+00 4.937646510904520447e+00 -3.132021300573970102e+00 -1.122360650900947654e+01
-5.085472639256778393e+00 7.692456592387726388e+00 3.482277020535331058e+00 7.692456592387726388e+00 -4.049251120991790032e+01 2.889594778782498707e+00 3.482277020535331058e+00 2.889594778782498707e+00 -1.662829630684575122e+01
-1.931566970073332001e+01 2.609179425630418603e+00 -1.011503722005170802e+00 2.609179425630418603e+00 -6.219472536750505043e+01 -5.591136512729238284e+00 -1.011503722005170802e+00 -5.591136512729238284e+00 -2.238008883294646623e+01
-1.350961773959203960e+01 3.981180860568607649e+00 -1.352090194086260588e+01 3.981180860568607649e+00 -3.549903364614994672e+01 -9.199611029966529685e+00 -1.352090194086260588e+01 -9.199611029966529685e+00 -2.451812545639004526e+01
-8.058983383581612703e-01 -1.224312295809498963e+00 1.432079868117821242e+01 -1.224312295809498963e+00 -4.484352214493634392e+01 -9.853958508869441246e+00 1.432079868117821242e+01 -9.853958508869441246e+00 9.046544231237389155e+00
2.204221018470199311e+01 1.259402812877054778e+01 1.456297396978289349e+01 1.259402812877054778e+01 8.925913494770733037e-01 1.002578145019139910e+01 1.456297396978289349e+01 1.002578145019139910e+01 2.264295207800448750e+01
-8.662585724262724440e+00 1.576288225206352855e+01 2.739876763638444501e+01 1.576288225206352855e+01 -5.202170051512720050e+01 5.568504219603258143e+00 2.739876763638444501e+01 5.568504219603258143e+00 -5.050931257739684987e+00
-1.632783069856547797e+01 7.743200387900472492e+00 -8.925203623765939343e-01 7.743200387900472492e+00 -2.055075170896402881e+01 -1.185394456349862402e+00 -8.925203623765939343e-01 -1.185394456349862402e+00 7.956425226959688679e+00
-3.753942022563921288e+00 2.123708063858649187e+00 1.184038592261355660e+00 2.123708063858649187e+00 -3.859121054693986963e+01 -1.301206914007927651e+01 1.184038592261355660e+00 -1.301206914007927651e+01 -8.974759756241200037e+00
-1.111439420542362555e+01 6.112934670156707107e+00 8.229441303623122650e+00 6.112934670156707107e+00 -5.972815380414672859e+00 8.260728560067750692e+00 8.229441303623122650e+00 8.260728560067750692e+00 6.907125030595056003e+00
9.169007711745653211e+00 2.066667979802303545e-01 3.596467093886878352e+00 2.066667979802303545e-01 2.065145080648366882e+00 4.634687352637391733e+00 3.596467093886878352e+00 4.634687352637391733e+00 9.512381774534977907e+00
-1.640425029013672287e+01 1.130523387622033482e+01 8.558454241589833700e+00 1.130523387622033482e+01 -2.441520466003266421e+01 1.758699744846610846e+00 8.558454241589833700e+00 1.758699744846610846e+00 -2.624805191747187294e+01
4.993841628091157503e+01 -5.370234050859830077e+00 1.192751377616173158e+01 -5.370234050859830077e+00 3.288905052868553014e+01 -1.451894913327903147e+01 1.192751377616173158e+01 -1.451894913327903147e+01 5.363499854860053517e+01
-2.521826129846041198e+01 -1.438255963707611329e+01 5.512229629755107219e+00 -1.438255963707611329e+01 -7.031025502470289723e+01 -7.494372898406313155e+00 5.512229629755107219e+00 -7.494372898406313155e+00 -3.996346478729365970e+01
1.792557660967330690e+01 -7.189846050277171052e-01 3.402941708218550687e+00 -7.189846050277171052e-01 9.760454006619342371e-01 -7.785004208639605405e-01 3.402941708218550687e+00 -7.785004208639605405e-01 2.568633415182601354e+01
1.883382608562507343e+01 8.935463344439302347e+00 2.206506282569147004e+01 8.935463344439302347e+00 -7.628777426050031174e+00 -1.019558060024908741e+01 2.206506282569147004e+01 -1.019558060024908741e+01 2.959658759095179903e+01
-1.404415244573015720e+01 2.763644048735807157e+00 9.400904543615153486e+00 2.763644048735807157e+00 -1.366658212727244681e+01 -4.880227205847684324e+00 9.400904543615153486e+00 -4.880227205847684324e+00 8.399097805445890685e+00
5.028406284503263635e+01 -1.157450563530817433e+01 1.044317475999622147e+01 -1.157450563530817433e+01 3.497660431941356052e+01 6.579108205601388981e+00 1.044317475999622147e+01 6.579108205601388981e+00 6.979701137878289785e+01
-2.899696555762997452e+00 2.000871267733914660e+00 5.298292250612562704e+00 2.000871267733914660e+00 -9.916888881956419155e+00 2.057953500269389835e+00 5.298292250612562704e+00 2.057953500269389835e+00 1.666164972806937072e+01
1.825173411099764920e+01 7.475543830397385570e+00 -7.005349427467576717e+00 7.475543830397385570e+00 2.195763247967125853e+00 -1.477631859064205022e+00 -7.005349427467576717e+00 -1.477631859064205022e+00 1.697978784394161877e+01
-1.322363452480031754e+01 2.310332712077624251e+00 1.160578941572292599e+01 2.310332712077624251e+00 -5.120885944011268975e+01 7.161408469722808867e+00 1.160578941572292599e+01 7.161408469722808867e+00 -3.061046985499750406e+01
-2.365915684751018233e+01 4.144541316598925107e+00 9.707258753512611804e+00 4.144541316598925107e+00 -6.734212319314012518e+01 -2.826863310310917310e+00 9.707258753512611804e+00 -2.826863310310917310e+00 -3.281515177807396100e+01
-9.406088832418697976e+00 9.986677718327428011e+00 7.804434301063929880e+00 9.986677718327428011e+00 -2.667868565120509317e+01 4.548066770954262594e+00 7.804434301063929880e+00 4.548066770954262594e+00 -2.020851835473698088e+01
2.299173338525706001e+01 8.395980995176822503e+00 1.097170200519098238e+01 8.395980995176822503e+00 1.891584139816794163e+01 -1.864238394655579834e+00 1.097170200519098238e+01 -1.864238394655579834e+00 1.478019189332347061e+01
-4.848316901425518211e+01 -1.146112991280272375e+01 5.556513988235782797e+00 -1.146112991280272375e+01 -3.668469579470529141e+01 -6.098413507574402814e+00 5.556513988235782797e+00 -6.098413507574402814e+00 -3.440081916754633085e+01
2.215806602994391028e+01 -4.279977577627314567e+00 2.475950427935289966e+00 -4.279977577627314567e+00 1.772672417177367521e+01 -4.941503875983761063e+00 2.475950427935289966e+00 -4.941503875983761063e+00 2.973868754153906124e+01
4.319390659781420005e+00 1.021063143983976040e+01 3.194275975265881584e+00 1.021063143983976040e+01 -3.316000072898167161e+01 4.212731443632120154e+00 3.194275975265881584e+00 4.212731443632120154e+00 -3.406588393379452739e+00
