-3.028421733252643833e+01 -2.325283415836464584e+00 9.970018690866352173e+00 -2.325283415836464584e+00 -4.794662798645835977e+01 -3.820977499547109080e+00 9.970018690866352173e+00 -3.820977499547109080e+00 -1.811330898152499103e+01
3.852632988371003364e+01 5.376385944365559943e+00 2.029972097379879514e+01 5.376385944365559943e+00 1.473814157776693534e+01 8.331155044703316692e-01 2.029972097379879514e+01 8.331155044703316692e-01 2.816543909154576042e+01
2.458391185762585085e+00 3.588035107253328970e+00 6.241817763820325382e+00 3.588035107253328970e+00 -1.153524121223522592e+01 -5.272769269693144967e-01 6.241817763820325382e+00 -5.272769269693144967e-01 2.552805038318078257e+00
1.575722058429703587e+01 5.594420182418744503e+00 5.419364221770331724e+00 5.594420182418744503e+00 1.190811117237355710e+01 -3.369815108448947161e+00 5.419364221770331724e+00 -3.369815108448947161e+00 2.493324675400204526e+01
5.146374600838250046e+01 1.767745363956345850e+00 1.498306322661217393e+01 1.767745363956345850e+00 4.253122950684169723e+01 -2.731036892652168313e-01 1.498306322661217393e+01 -2.731036892652168313e-01 3.367947539754313624e+01
-1.267134181123773473e+01 4.973565574914779575e+00 6.823184779837109915e+00 4.973565574914779575e+00 -2.944226644570410301e+01 -4.224880672661033287e+00 6.823184779837109915e+00 -4.224880672661033287e+00 -9.205046661066544900e+00
-1.665105242826090759e+01 -1.065911302702331831e+01 2.059082112986757362e+00 -1.065911302702331831e+01 -7.079775954025024909e+00 2.664598716439744219e+00 2.059082112986757362e+00 2.664598716439744219e+00 -1.970586157900268987e+01
1.183957255622661897e+01 1.240022663597713581e+01 1.530889776266602631e+01 1.240022663597713581e+01 -4.141436949809365053e+00 -7.335623699903026207e+00 1.530889776266602631e+01 -7.335623699903026207e+00 3.579966906093004297e+01
-2.472382176737862380e+01 9.821888698692821107e-01 1.493037953407444363e+01 9.821888698692821107e-01 -1.944815258367327360e+01 -2.686962251942508040e+00 1.493037953407444363e+01 -2.686962251942508040e+00 -1.872801123851174765e+01
-5.634895193034975769e+00 2.001620888432718015e+00 1.303759160511933857e+01 2.001620888432718015e+00 -1.195716660585956959e+01 -2.093222832057813676e+00 1.303759160511933857e+01 -2.093222832057813676e+00 -6.340871188186770979e+00
-6.459526420673460834e+00 2.811007663959907532e+01 6.071432964976641422e+00 2.811007663959907532e+01 -2.621586005693560040e+01 -7.606628796503236423e+00 6.071432964976641422e+00 -7.606628796503236423e+00 -1.088842495687392820e+01
2.750313264859949669e+01 -4.485907537842582116e+00 2.438081299397098223e-01 -4.485907537842582116e+00 1.777387617903176320e+01 3.399668680149620759e+00 2.438081299397098223e-01 3.399668680149620759e+00 3.369342290618565983e+01
3.608851275327850772e+01 -1.046908666206137717e+01 2.291454286075169477e+01 -1.046908666206137717e+01 6.903851909145572563e+00 3.678296311802095708e+00 2.291454286075169477e+01 3.678296311802095708e+00 2.043742636810917546e+01
-7.479176172584010018e+00 7.114804027885832660e+00 1.196131872914306271e+01 7.114804027885832660e+00 -4.280014892504521384e+01 2.816418113265084955e+00 1.196131872914306271e+01 2.816418113265084955e+00 -1.198048277284990348e+01
-2.784986684052452688e+01 5.112339337798001537e+00 1.935369685291994557e+01 5.112339337798001537e+00 -3.266549585369447328e+01 -3.443178619268390861e+00 1.935369685291994557e+01 -3.443178619268390861e+00 -2.445254432550513712e+01
9.515471857618110763e-01 8.624925144257295173e+00 1.613660957901004522e+01 8.624925144257295173e+00 -1.812218426980548358e+01 -3.906559381744159065e+00 1.613660957901004522e+01 -3.906559381744159065e+00 8.577157919745028281e+00
-3.082982584463597320e+01 1.075090551390192495e+01 1.845903901990795859e+01 1.075090551390192495e+01 -4.554846437442094498e+01 -2.636390556826107900e+00 1.845903901990795859e+01 -2.636390556826107900e+00 -3.451701208161820489e+01
6.645915287985417308e+00 1.790037511706882256e+01 9.381893446598333242e+00 1.790037511706882256e+01 -4.911778018740896812e+01 -1.954418852757274117e+00 9.381893446598333242e+00 -1.954418852757274117e+00 -7.999859409530348131e+00
5.434261137399217567e+00 1.034940998424023562e+01 2.734802944154978022e+01 1.034940998424023562e+01 -2.519747985364609200e+00 -1.553841811703557774e+01 2.734802944154978022e+01 -1.553841811703557774e+01 -4.625235479302107322e+00
3.914122250204102471e+01 -2.567561226552057096e+00 1.519718197942888338e+01 -2.567561226552057096e+00 2.216848447091679120e+01 2.389687840012817865e+00 1.519718197942888338e+01 2.389687840012817865e+00 4.243074371633059627e+01
1.124649679595140661e+01 -7.163243965907692079e+00 9.705402056570333613e+00 -7.163243965907692079e+00 -1.145424019982810648e+01 -3.522280816645015356e-02 9.705402056570333613e+00 -3.522280816645015356e-02 6.216011831747881189e+00
7.573815147938189440e+00 7.377560567773427280e+00 -2.441343976525895076e+00 7.377560567773427280e+00 -2.322415459105781466e+01 -1.086910463231127721e+01 -2.441343976525895076e+00 -1.086910463231127721e+01 -4.236490994622013062e+00
2.416956075300281981e+01 6.142612462979779586e+00 2.631463141661717486e+01 6.142612462979779586e+00 -1.241288486321455409e+01 -1.067021603187703072e+01 2.631463141661717486e+01 -1.067021603187703072e+01 -4.388269757611195310e+00
9.489201461410312177e+00 5.229589973206666187e+00 1.107995317129601354e+01 5.229589973206666187e+00 -1.828964758698080928e+01 1.161060662962603018e+00 1.107995317129601354e+01 1.161060662962603018e+00 3.446123327237957668e+00
-1.558539520847568483e+01 4.032365016639472444e+00 1.433094313173830159e+01 4.032365016639472444e+00 -2.911891865127530821e+01 -1.201501636304341369e+00 1.433094313173830159e+01 -1.201501636304341369e+00 -1.279786092035353917e+01
-4.088748637114988327e+01 1.145871205622276889e+01 1.187176018570330882e+01 1.145871205622276889e+01 -8.253773283444796505e+01 4.299718500938930710e+00 1.187176018570330882e+01 4.299718500938930710e+00 -5.770563913400997791e+01
9.708261359200676566e+00 -1.564590541296601689e+00 1.527592748926549859e+01 -1.564590541296601689e+00 -2.552796516653676306e+01 -7.349062370466462824e+00 1.527592748926549859e+01 -7.349062370466462824e+00 4.487758605421212188e+00
-4.435136134980560030e+00 -8.905518678075290850e+00 2.122697616028668577e+01 -8.905518678075290850e+00 -3.577135613698565031e+00 4.855801337595773148e+00 2.122697616028668577e+01 4.855801337595773148e+00 4.353370465113919785e+00
-1.136163650645621281e+01 9.730733981936859678e+00 -5.465567395966232311e+00 9.730733981936859678e+00 -1.652197332421431142e+01 -1.486822866762281770e+01 -5.465567395966232311e+00 -1.486822866762281770e+01 -1.258782843275209196e+01
-2.387024666091874803e+00 -4.359605956498810997e+00 3.389509359989179238e+00 -4.359605956498810997e+00 -1.207554236092561162e+01 9.765156109711826460e+00 3.389509359989179238e+00 9.765156109711826460e+00 2.595263115657436170e+00
-3.991879502324658269e+00 4.078567658198368306e+00 5.969095669688242012e+00 4.078567658198368306e+00 -2.045739695061018892e+01 -5.775269587660917914e+00 5.969095669688242012e+00 -5.775269587660917914e+00 -4.086551717409362183e+00
-1.983388298449832021e+01 1.455305559991578157e+01 1.313359169032051987e+01 1.455305559991578157e+01 -3.061971209245563941e+01 5.703149741868720035e+00 1.313359169032051987e+01 5.703149741868720035e+00 -4.255513609243040563e+00
4.174303141146861407e+01 2.507537646525154873e+00 1.807363246194244866e+01 2.507537646525154873e+00 4.322758441662404039e+01 4.968315772302738687e+00 1.807363246194244866e+01 4.968315772302738687e+00 3.578575726678406710e+01
8.966431831947899056e+00 5.781785742249413218e+00 1.510944590043520330e+00 5.781785742249413218e+00 5.446434352280614455e+00 3.477018412591866614e+00 1.510944590043520330e+00 3.477018412591866614e+00 1.443132473914621094e+01
-3.944299665750307327e+00 -8.226718363500360454e+00 4.660339865195388676e+00 -8.226718363500360454e+00 -6.501143375170239658e+00 -1.959145533209831536e+00 4.660339865195388676e+00 -1.959145533209831536e+00 1.308492487510680391e+01
3.091144272814088723e+01 -1.869880235708959892e+00 5.939946523905851095e+00 -1.869880235708959892e+00 3.351721210665987627e+01 -3.078037202236847847e+00 5.939946523905851095e+00 -3.078037202236847847e+00 3.866113886635003638e+01
1.391430631757958736e+01 7.261877303043702270e+00 1.470478101486129674e+01 7.261877303043702270e+00 1.367833066878334591e+01 1.313334935338397536e+01 1.470478101486129674e+01 1.313334935338397536e+01 1.544051781535151324e+00
2.151176202749092781e+01 2.309108445516187214e+00 1.184010417498200951e+01 2.309108445516187214e+00 9.519491790427290212e-01 -3.176380390758926531e+00 1.184010417498200951e+01 -3.176380390758926531e+00 1.790388799741521098e+01
2.533617577887362415e+01 1.094414631906754209e+01 -4.277184780950033627e+00 1.094414631906754209e+01 2.208688075073077428e+01 -1.267787724995141252e+00 -4.277184780950033627e+00 -1.267787724995141252e+00 2.272504495442534278e+01
4.926663803725772084e+01 -3.667406055598792403e+00 4.284235320921920831e+00 -3.667406055598792403e+00 3.985131764279559263e+01 3.795523600621329763e+00 4.284235320921920831e+00 3.795523600621329763e+00 4.672581887358303021e+01
3.159403333041680639e+01 5.287013588691688248e+00 5.046638307998438044e+00 5.287013588691688248e+00 3.183957118068455117e+01 -7.638028550582620646e+00 5.046638307998438044e+00 -7.638028550582620646e+00 3.257221669263930153e+01
-9.028625878504549007e+00 8.766181921774949259e+00 6.115366690202161060e+00 8.766181921774949259e+00 -2.635666260839542474e+01 -7.502510002099013420e+00 6.115366690202161060e+00 -7.502510002099013420e+00 -1.801975054057204773e+01
-1.389000987374890883e+01 1.457554081379453770e+01 3.873961663508906472e+00 1.457554081379453770e+01 -2.833528603114926980e+01 2.134308141502440748e+00 3.873961663508906472e+00 2.134308141502440748e+00 -1.016601797027866283e+01
5.916705561157828441e+01 5.686729638205672899e+00 1.823578581869002235e+01 5.686729638205672899e+00 4.425187937635637780e+01 -1.393393391307965690e+00 1.823578581869002235e+01 -1.393393391307965690e+00 4.367638434802791636e+01
-7.198423995513208773e+00 6.659462720134576408e+00 5.897153659701051431e+00 6.659462720134576408e+00 -4.225507585396415777e+01 -4.552642359838354302e+00 5.897153659701051431e+00 -4.552642359838354302e+00 -8.343843225818348586e+00
3.969468944285436862e+01 1.102957853401400179e+01 1.424932317675653870e+01 1.102957853401400179e+01 3.254787924779616048e+01 -6.127326002236156199e+00 1.424932317675653870e+01 -6.127326002236156199e+00 2.437510200446545738e+01
-1.074568389258355872e+01 1.176266936508693917e+01 1.640155501864591692e+00 1.176266936508693917e+01 -1.072752575380655671e+01 -4.151872842582780443e+00 1.640155501864591692e+00 -4.151872842582780443e+00 -1.438721215698381961e+01
-7.529415507643173910e+00 5.394489928366762221e+00 -6.829036784902974278e-01 5.394489928366762221e+00 -1.781671596903575860e+01 5.589743269317401619e+00 -6.829036784902974278e-01 5.589743269317401619e+00 -5.040714001602963457e+00
-1.947294413465901641e+01 8.377649123898056160e+00 9.657337797858444262e+00 8.377649123898056160e+00 -4.212881760462202152e+01 -9.015663682172389670e+00 9.657337797858444262e+00 -9.015663682172389670e+00 -1.576263598075185435e+01
-1.826000917824042347e+01 5.739645212785032591e+00 -8.540051885555227651e-01 5.739645212785032591e+00 -3.428435623809824762e+01 -3.953039222157160193e+00 -8.540051885555227651e-01 -3.953039222157160193e+00 -2.429705875375183410e+01
1.226135062041703527e+00 -7.911396586094759265e+00 1.744087405514115829e+01 -7.911396586094759265e+00 -2.497243906935109337e+01 -2.142777460581678284e+00 1.744087405514115829e+01 -2.142777460581678284e+00 -1.782745206110776692e+00
2.294683181020228169e+00 2.771123877594300122e+00 1.818471034279614651e+00 2.771123877594300122e+00 -3.192366932515151845e+01 -1.112794854746355755e+00 1.818471034279614651e+00 -1.112794854746355755e+00 6.185715526927288543e+00
3.097250177138659133e+00 -1.645466608542902609e-01 3.996095278198465550e+00 -1.645466608542902609e-01 -1.347160870867399218e+01 -3.196924998378031901e+00 3.996095278198465550e+00 -3.196924998378031901e+00 1.497726086589292516e+00
5.413168803722322764e+01 -1.475585722516317366e+00 1.342684192886730443e+01 -1.475585722516317366e+00 4.272152744054164231e+01 -1.405273170628891677e+01 1.342684192886730443e+01 -1.405273170628891677e+01 6.859473333511537874e+01
2.557414835557763766e+01 1.488115726050656562e+01 5.442973004676785820e+01 1.488115726050656562e+01 -1.249365425967269072e+00 -3.332671546208447300e+00 5.442973004676785820e+01 -3.332671546208447300e+00 5.680412001794786114e+00
4.910232594450918953e+01 -3.240798559535332135e+00 1.317334516948132617e+01 -3.240798559535332135e+00 2.675981016150052838e+01 -4.237154114888590506e+00 1.317334516948132617e+01 -4.237154114888590506e+00 4.447708516051244487e+01
1.437899137855341014e-01 1.492664137612861097e+01 1.558613201006679283e+01 1.492664137612861097e+01 -2.300900202098500325e-01 3.702032602687945761e+00 1.558613201006679283e+01 3.702032602687945761e+00 6.151627372258635873e+00
1.939815526741599783e+01 1.641084345080155060e+01 8.481557953427493857e+00 1.641084345080155060e+01 -2.888067969149292313e+00 -2.687476513616857243e+00 8.481557953427493857e+00 -2.687476513616857243e+00 8.859493603878993540e+00
2.367390421396095235e+01 -4.217922958351707052e+00 7.709784273161374379e+00 -4.217922958351707052e+00 2.084521980657271811e+01 5.671367671432849811e+00 7.709784273161374379e+00 5.671367671432849811e+00 3.322050503517406383e+01
2.864210958609155000e+01 1.402236822126917737e+01 2.662859217289975877e+00 1.402236822126917737e+01 2.891699881610706768e+01 -7.990854611427700149e+00 2.662859217289975877e+00 -7.990854611427700149e+00 3.262187500888978775e+01
-1.067839350166389778e+01 5.274842586986144610e+00 2.851401681899201623e+00 5.274842586986144610e+00 -1.828296279715023687e+01 8.996757524478598000e+00 2.851401681899201623e+00 8.996757524478598000e+00 -1.349865804877902598e+01
2.022708472078279485e+01 -3.232356203343776713e+00 9.928599158495488908e+00 -3.232356203343776713e+00 2.516260157369550399e+01 -5.146303538611094019e+00 9.928599158495488908e+00 -5.146303538611094019e+00 3.577095519405579438e+01
8.964150951265647649e+00 1.881650751211520201e-01 2.941659037524726372e+01 1.881650751211520201e-01 7.825013221217429482e+00 -1.556730857127012868e+01 2.941659037524726372e+01 -1.556730857127012868e+01 -7.584765462607307995e+00
3.288979775827674246e+01 2.464975388637634435e+00 3.050662432280090819e+00 2.464975388637634435e+00 1.410421566297953966e+01 -7.504009532074555011e+00 3.050662432280090819e+00 -7.504009532074555011e+00 1.595928127057340085e+01
-1.239133463625410947e+01 1.617857030113570715e+01 2.530195046394386083e+00 1.617857030113570715e+01 -1.522452189885698104e+01 3.598902407540945703e+00 2.530195046394386083e+00 3.598902407540945703e+00 -2.348443786196601213e+00
1.347775982684308360e+01 -3.747144313020318585e+00 4.808843823580290611e+00 -3.747144313020318585e+00 1.208703574204005626e+01 2.614069692975334647e+00 4.808843823580290611e+00 2.614069692975334647e+00 1.362728404004337079e+01
-1.784913038248414097e+01 1.515439325653371805e+00 1.822332677134447909e+00 1.515439325653371805e+00 -4.012310210794753829e+01 9.607790663718913660e-01 1.822332677134447909e+00 9.607790663718913660e-01 -1.460538920723011813e+01
1.074962459521867508e+01 -1.993247984291412200e-01 1.539020799051691846e+01 -1.993247984291412200e-01 3.116264532446439084e+00 9.252784809501248375e+00 1.539020799051691846e+01 9.252784809501248375e+00 2.728970527728456119e+01
2.938111947993571249e+01 4.906958498575129113e+00 7.116800725869955713e+00 4.906958498575129113e+00 1.646732271798346758e+01 -6.411740681120622121e+00 7.116800725869955713e+00 -6.411740681120622121e+00 3.568937969654545128e+01
7.227581745474130059e+01 -1.530194911055047058e+01 4.471911933080513535e+01 -1.530194911055047058e+01 3.456080181492913539e+01 1.682654575008149322e+01 4.471911933080513535e+01 1.682654575008149322e+01 5.183354945949893988e+01
1.142934611758141195e+01 -3.649547765087380657e+00 1.744880658086104219e+01 -3.649547765087380657e+00 -3.569539800553765474e+01 -3.636418014615234284e+00 1.744880658086104219e+01 -3.636418014615234284e+00 -7.928539253583908319e+00
-8.455800600164964820e+00 -4.355511166728345707e+00 9.693737332517304850e+00 -4.355511166728345707e+00 -2.388735980800232639e+01 -1.016119901575392559e+00 9.693737332517304850e+00 -1.016119901575392559e+00 -1.129956330529731190e+01
-3.763083384881058091e+00 5.031347977532660387e+00 3.120446410103101087e+00 5.031347977532660387e+00 -1.892595653560887214e+01 4.927764811546800350e-01 3.120446410103101087e+00 4.927764811546800350e-01 -3.645778206529749266e+00
1.042456076399599674e+01 -3.047361441163073947e-01 1.317269824909053000e+01 -3.047361441163073947e-01 -2.143948536999732468e+01 1.401259133383916478e+01 1.317269824909053000e+01 1.401259133383916478e+01 1.578419298522718961e+01
8.456527981145802286e+00 4.070695205037851316e+00 2.160520709303477815e+01 4.070695205037851316e+00 -2.181377062880670792e+01 7.266028514349383016e+00 2.160520709303477815e+01 7.266028514349383016e+00 5.435683962289626692e+00
1.224466050133459127e+01 6.042796874353592251e+00 1.606560598744917456e+01 6.042796874353592251e+00 -2.053788178623955218e+01 -2.944345780540174928e+00 1.606560598744917456e+01 -2.944345780540174928e+00 1.036327267512619876e+01
2.659101399746012362e+01 2.278908654618164054e+00 1.367410297202041036e+01 2.278908654618164054e+00 1.804347379203992929e+01 -1.457270174304287735e+00 1.367410297202041036e+01 -1.457270174304287735e+00 4.530880522178520664e+01
-2.009359305613143931e+01 -2.555906253022385499e+00 1.455920090895149244e+01 -2.555906253022385499e+00 -2.434687716570816107e+01 8.776006191782711463e-01 1.455920090895149244e+01 8.776006191782711463e-01 -1.932569340657644119e+01
3.523685872160179144e+00 -3.835366591767579436e+00 -7.902241633755281436e-01 -3.835366591767579436e+00 -1.333514915312964710e+01 1.532182715915354043e+00 -7.902241633755281436e-01 1.532182715915354043e+00 5.984237366621415255e+00
-1.416940446242956497e+01 1.586953650639147817e+01 1.226514682903418807e+00 1.586953650639147817e+01 -3.117153270055942116e+01 -1.415816078045606607e+00 1.226514682903418807e+00 -1.415816078045606607e+00 -2.307028881824730959e+01
1.283083836810156519e+01 1.317075058540187360e+00 2.743758223950805153e+00 1.317075058540187360e+00 -3.845579581733005625e+00 -7.132466251869805873e+00 2.743758223950805153e+00 -7.132466251869805873e+00 6.793210883568460368e+00
-1.147255635199141466e+01 1.544620623498935919e+00 4.321512941645073269e+00 1.544620623498935919e+00 -1.198648916834936351e+01 3.600450912594772568e+00 4.321512941645073269e+00 3.600450912594772568e+00 -1.122936130623260098e+01
-4.732075230255987641e+00 1.167162128306843509e-02 6.827607569067731141e+00 1.167162128306843509e-02 -1.823010526307461276e+01 6.464369261847004111e+00 6.827607569067731141e+00 6.464369261847004111e+00 -9.890342802279445067e+00
3.716072760642185813e+01 6.892784031531796751e-01 1.622582294936244907e+01 6.892784031531796751e-01 3.250615798350029007e+00 -5.916210449102574209e+00 1.622582294936244907e+01 -5.916210449102574209e+00 1.895994831815666748e+00
2.180765894366967217e+00 -6.802104737893974296e+00 4.855121359060983188e+00 -6.802104737893974296e+00 -1.538521129847157098e+01 -3.560094754957043861e+00 4.855121359060983188e+00 -3.560094754957043861e+00 2.143090053641151016e+00
3.363155236727040531e+00 -7.248768923491393679e+00 8.454635413579675074e+00 -7.248768923491393679e+00 -9.362082179607142507e+00 5.364628981499820704e+00 8.454635413579675074e+00 5.364628981499820704e+00 6.170724055656289231e+00
1.952036036738591207e+01 5.992373083581407300e+00 1.047245250088556823e+01 5.992373083581407300e+00 1.035944448110664595e+01 1.554708005115275626e-01 1.047245250088556823e+01 1.554708005115275626e-01 2.622445560664294462e+01
2.639583755987291980e+01 1.111136238988764369e+01 4.537655374955985366e+00 1.111136238988764369e+01 -4.800335086794309092e+00 -7.259798634414332597e+00 4.537655374955985366e+00 -7.259798634414332597e+00 2.844717251131466185e+01
-3.488555965075145870e+00 6.497140214017510296e+00 7.522669039336943086e+00 6.497140214017510296e+00 -8.383155438288634187e+00 -1.103779579207835404e+01 7.522669039336943086e+00 -1.103779579207835404e+01 -4.871646743532100921e+00
-1.791589743459438333e+00 -4.508394341842168807e+00 1.085892205396901389e+01 -4.508394341842168807e+00 -5.932633653342231916e+00 1.228149768069446246e+01 1.085892205396901389e+01 1.228149768069446246e+01 8.628428710367661125e+00
2.249854588070237682e+01 -8.060753327889416675e-02 2.740226795119554737e+01 -8.060753327889416675e-02 -4.960332504316012248e+00 4.704781468547049705e+00 2.740226795119554737e+01 4.704781468547049705e+00 -3.053527997839539765e+01
1.062531824180051654e+00 1.316965849415423939e+01 5.891817427546806485e+00 1.316965849415423939e+01 -1.924806947941154789e+01 -7.735115717117889700e-01 5.891817427546806485e+00 -7.735115717117889700e-01 -4.104394800228986284e+00
-1.081518990032337690e+01 -5.388432826576266876e+00 1.539538509938554789e+01 -5.388432826576266876e+00 -3.175670864584004605e+01 5.071480747837423309e+00 1.539538509938554789e+01 5.071480747837423309e+00 -4.169532511001876607e+00
4.227581683439019855e+01 9.674412823972560194e-01 1.083132950550192142e+01 9.674412823972560194e-01 3.676700727726507978e+01 1.702560693265426695e+00 1.083132950550192142e+01 1.702560693265426695e+00 3.895075993361673738e+01
-9.131957724982853186e-01 -1.886073169095229929e+01 2.201284214317441013e+01 -1.886073169095229929e+01 -1.178644309869483031e+01 1.135042772323283700e+01 2.201284214317441013e+01 1.135042772323283700e+01 -3.673342629228072198e+00
-2.715339953668133433e+01 -1.989830756964639180e+00 1.084030811964822538e+00 -1.989830756964639180e+00 -3.631459758046973008e+01 -6.312842348832036876e+00 1.084030811964822538e+00 -6.312842348832036876e+00 -3.861745725435725518e+01
1.364318583329411183e+01 -5.124051291365578464e+00 7.556947208055777132e+00 -5.124051291365578464e+00 1.697643260839648338e+00 7.199063875017173153e+00 7.556947208055777132e+00 7.199063875017173153e+00 1.021355350230209069e+01
2.536241833101319187e+01 7.656873438130781473e+00 2.387143386541493495e+00 7.656873438130781473e+00 8.565396002797504238e+00 -9.710149740983368361e+00 2.387143386541493495e+00 -9.710149740983368361e+00 3.576773603070903818e+01
2.517871963355977627e+01 4.656586687885405418e+00 2.749515969041399721e+00 4.656586687885405418e+00 1.189136276369815270e+01 -3.802591723156698578e+00 2.749515969041399721e+00 -3.802591723156698578e+00 1.981684666188087718e+01
2.295425989838052061e+01 5.732020444873703546e+00 7.970006189260901763e+00 5.732020444873703546e+00 1.432345789839476780e+01 -7.574900202572077745e+00 7.970006189260901763e+00 -7.574900202572077745e+00 1.927118496159425831e+01
