2.409529618556012664e+00 1.992434122724534262e+01 2.209884911945658814e+01 1.992434122724534262e+01 -6.574327477931537489e-01 1.094843576104618244e+01 2.209884911945658814e+01 1.094843576104618244e+01 -2.790442102555752424e+00
-2.705662585759291971e+01 3.941707491130801877e+00 -1.639746972507443701e+01 3.941707491130801877e+00 -1.694228027753722898e+01 1.849991543353220180e+01 -1.639746972507443701e+01 1.849991543353220180e+01 -3.966578135388044757e+01
1.697125128817654627e+01 1.829587737246009738e+01 -2.089416975331749082e+00 1.829587737246009738e+01 2.237832339872579723e+01 1.239234323156695794e+01 -2.089416975331749082e+00 1.239234323156695794e+01 1.395877836149867335e+01
-8.517465275447143602e-01 -1.072342104325749057e+00 -4.452105558670165775e-01 -1.072342104325749057e+00 -1.988195478912204806e+01 -3.174564359018274828e+00 -4.452105558670165775e-01 -3.174564359018274828e+00 -4.921342709320948217e+01
2.909645240005908207e+01 2.403145143319657961e+01 4.280820501014148682e+00 2.403145143319657961e+01 1.034153239633236332e+01 1.313111835416078854e+01 4.280820501014148682e+00 1.313111835416078854e+01 -2.178131740367829394e+01
1.731130833778864186e+01 -3.065620684435047760e+00 1.607258769968383660e+01 -3.065620684435047760e+00 2.676070374358032300e+00 1.251894645713769183e-01 1.607258769968383660e+01 1.251894645713769183e-01 -5.153438865995217277e+00
-2.115527098935419659e+01 1.845609679938118575e+01 1.278760111708944258e+01 1.845609679938118575e+01 -5.567963340751328616e+01 -7.182800688149600710e+00 1.278760111708944258e+01 -7.182800688149600710e+00 -3.952904511057229797e+01
7.353291408810801499e+01 1.584088180540622481e+01 5.242678454001974409e+00 1.584088180540622481e+01 7.344075900467763063e+01 -7.987684408189513197e-02 5.242678454001974409e+00 -7.987684408189513197e-02 1.696347344417024416e+01
-4.655200169638185059e+01 -8.471133576524209730e+00 -5.448002645274551803e+00 -8.471133576524209730e+00 -4.837440885902204712e+01 -1.246153791807322442e+01 -5.448002645274551803e+00 -1.246153791807322442e+01 -5.932173164059292247e+01
3.700683708871988387e+01 4.282067095611882479e+00 -9.561870743409272677e+00 4.282067095611882479e+00 3.439559545886447722e+01 -3.931490494317090523e+00 -9.561870743409272677e+00 -3.931490494317090523e+00 -5.673122246396831159e+00
-4.239780659245273142e+01 -1.905466593599882685e+01 -6.157469233389314400e-01 -1.905466593599882685e+01 -4.527806412667087699e+01 1.309666692528496412e+01 -6.157469233389314400e-01 1.309666692528496412e+01 -7.668641688744993701e+01
7.261141819183256629e+00 -3.568334396051845658e+00 -1.047806178982976810e+01 -3.568334396051845658e+00 -4.545356899286273067e-01 8.255225643438793171e+00 -1.047806178982976810e+01 8.255225643438793171e+00 -1.052482616763279033e+01
4.121944049920264774e+01 9.050990798951113803e+00 -2.426032936957949104e+01 9.050990798951113803e+00 3.833416048482975924e+01 8.265693835117346566e+00 -2.426032936957949104e+01 8.265693835117346566e+00 1.037304708899971573e+01
1.938004561648529744e+01 -6.245499879623894302e+00 -4.322759561120498084e+00 -6.245499879623894302e+00 1.936240501865903951e+01 -4.295284064866855545e+00 -4.322759561120498084e+00 -4.295284064866855545e+00 4.777936477697175555e+00
-6.230393933251849603e+01 -1.279712742464028352e+01 6.744109587763301716e-01 -1.279712742464028352e+01 -4.056124710618791340e+01 -5.698832428946462691e+00 6.744109587763301716e-01 -5.698832428946462691e+00 -7.177692102452365930e+01
2.857853272859343718e+01 -8.842144314079339651e+00 -8.860445292401079698e+00 -8.842144314079339651e+00 -1.635191693103392296e+01 -7.471313204604177471e+00 -8.860445292401079698e+00 -7.471313204604177471e+00 -2.779183544174325249e+01
6.907697072300260643e+00 3.715654365983750429e-01 1.077815166096351440e+01 3.715654365983750429e-01 -2.129450123394070360e+01 1.006508278895137032e+01 1.077815166096351440e+01 1.006508278895137032e+01 -4.755232342920872668e+01
-2.139866069980067209e+01 6.663966629639437755e+00 -1.817735987714362622e+00 6.663966629639437755e+00 -2.306167653163249653e+01 1.371730333510299005e+01 -1.817735987714362622e+00 1.371730333510299005e+01 -5.262908472262741810e+01
2.617240175868806773e+01 2.280244114629828900e+00 -1.480098792935467422e+01 2.280244114629828900e+00 6.662717103197166146e+00 -4.846692216613077697e+00 -1.480098792935467422e+01 -4.846692216613077697e+00 -8.291621092140013971e+00
-3.576512487596294676e+01 -9.538627659536896175e+00 -6.200588615637713019e+00 -9.538627659536896175e+00 -3.701231571429851641e+01 4.174634149011374085e+00 -6.200588615637713019e+00 4.174634149011374085e+00 -6.065217997065197864e+01
-3.730187960317934426e+01 2.337814870189526051e+00 1.772875320263638699e+00 2.337814870189526051e+00 -3.668779210259292967e+01 6.913389795791412551e-01 1.772875320263638699e+00 6.913389795791412551e-01 -5.622134685906979001e+01
3.217194248720745553e-01 -2.116966855050528729e+00 2.469320684471259142e+01 -2.116966855050528729e+00 -3.503214838183175317e+01 1.861554225995304845e+00 2.469320684471259142e+01 1.861554225995304845e+00 -7.050845256344580037e+01
-4.097425283794303152e-01 -1.035025076914058317e+01 1.587795128242416887e+01 -1.035025076914058317e+01 -8.928923277318700613e+00 -1.412174945189595654e+01 1.587795128242416887e+01 -1.412174945189595654e+01 -2.607186194589830919e+01
-1.429765199568089429e+01 1.409035853934237581e+00 -8.458866463097477251e+00 1.409035853934237581e+00 -1.628476376383035173e+01 5.482701307501596233e+00 -8.458866463097477251e+00 5.482701307501596233e+00 -5.176586608636451814e+01
4.184352195420574461e+00 -6.668831276877881464e+00 -8.060943379844729861e+00 -6.668831276877881464e+00 -3.470069845523588015e+01 1.454808370526729711e+01 -8.060943379844729861e+00 1.454808370526729711e+01 -2.166134722975783689e+01
2.668180441818910609e+01 -1.208589931590175404e+01 -6.465966313045185210e+00 -1.208589931590175404e+01 4.189396571825395910e+01 1.332070975862257711e+01 -6.465966313045185210e+00 1.332070975862257711e+01 1.782882269890581384e+01
-4.283605879075052059e+01 -9.390174742180354528e+00 -4.341572053833734124e+00 -9.390174742180354528e+00 -2.880817300217175259e+01 4.708872882123982251e+00 -4.341572053833734124e+00 4.708872882123982251e+00 -4.144479463100324779e+01
-2.230903544007374961e+01 4.063709386367612808e+00 -5.595075596134722495e+00 4.063709386367612808e+00 -3.454484383450855489e+01 -8.318786605886641095e-01 -5.595075596134722495e+00 -8.318786605886641095e-01 -5.258901594664282442e+01
-1.311902201201647600e+01 1.723715889825756520e+00 -2.533743129949113637e+01 1.723715889825756520e+00 -2.989052854402024550e+01 -1.137103872349974054e+01 -2.533743129949113637e+01 -1.137103872349974054e+01 -4.423126570403988467e+01
-3.964867273656575719e+01 1.438802043959375787e+01 -1.388407991687742538e+01 1.438802043959375787e+01 -9.706282397114735616e+00 -3.167490975681000354e+00 -1.388407991687742538e+01 -3.167490975681000354e+00 2.108224652522611464e+01
-5.930789255635673385e+00 1.851094201814729390e+00 7.340945869862379070e+00 1.851094201814729390e+00 1.533383400551426856e-01 1.230504574064798184e+00 7.340945869862379070e+00 1.230504574064798184e+00 -9.667165123759513534e-01
3.237285564282565531e+01 3.274390785343684218e+00 6.481941597616985185e+00 3.274390785343684218e+00 2.693500645608121502e+01 7.878094054820337533e+00 6.481941597616985185e+00 7.878094054820337533e+00 3.644634058180361080e+01
-7.291941157609218749e+01 -3.760271042716095691e-01 -3.551522821498427618e+01 -3.760271042716095691e-01 -4.998707605021646572e+01 -2.923563095079374285e+00 -3.551522821498427618e+01 -2.923563095079374285e+00 -9.530082594278798069e+01
2.862141842509519307e+01 2.231628123997376534e+00 -1.517003816887092071e+00 2.231628123997376534e+00 1.183265385341458753e+01 -5.404715073480334198e+00 -1.517003816887092071e+00 -5.404715073480334198e+00 -4.409207893175186399e+01
2.297194837974368298e+01 9.153592316875133861e+00 1.619498054739819537e+01 9.153592316875133861e+00 -5.329887314935304765e+00 2.175267316046402755e+01 1.619498054739819537e+01 2.175267316046402755e+01 -2.197561420725774539e+01
2.845972885570256850e+00 -7.566721126772744555e+00 -2.301740614090476811e+01 -7.566721126772744555e+00 1.425557661168720713e+01 1.026729894457063885e+01 -2.301740614090476811e+01 1.026729894457063885e+01 -3.134580171403105453e+01
6.818497043934205237e+01 1.497222520765926568e+01 2.576764136442251107e+00 1.497222520765926568e+01 5.670063335769477675e+01 7.588884749015142539e+00 2.576764136442251107e+00 7.588884749015142539e+00 1.746816602389281314e+01
-9.153596227816999331e+00 -1.929881396421422579e+01 1.811962802359792590e+01 -1.929881396421422579e+01 -1.267125053551518121e+01 5.765135181519656093e+00 1.811962802359792590e+01 5.765135181519656093e+00 -7.827019527147780487e+00
-7.702791586178980410e+00 -5.063979418017585665e+00 1.873119312800116987e+01 -5.063979418017585665e+00 -1.528280166809829366e+00 -1.954216766410923967e+01 1.873119312800116987e+01 -1.954216766410923967e+01 -1.868389734449938544e+01
3.868297821838304884e+01 -5.896397541502579109e+00 7.649861512424099175e+00 -5.896397541502579109e+00 1.783897086043305436e+01 -1.009810127924310663e+01 7.649861512424099175e+00 -1.009810127924310663e+01 -7.065439347337153286e+00
8.791587286658518963e+00 6.547176676688917674e+00 1.112014252369908363e+01 6.547176676688917674e+00 -2.988303282066843281e+01 -1.095202163201236978e+01 1.112014252369908363e+01 -1.095202163201236978e+01 -7.131548850517944516e+01
3.991412802506922652e+00 -9.440796572226177741e-01 6.025524178550733190e+00 -9.440796572226177741e-01 9.580952070252473973e+00 5.992184800930104416e+00 6.025524178550733190e+00 5.992184800930104416e+00 -2.093482660158705855e+01
-1.775952536466924769e+01 5.616243810474379927e+00 -6.358282807788873114e+00 5.616243810474379927e+00 -3.978479965539332142e+01 8.161867314200597079e+00 -6.358282807788873114e+00 8.161867314200597079e+00 -6.011209599626555189e+01
3.498498552629212810e+01 -3.810464802043204458e+01 9.002896839240721150e+00 -3.810464802043204458e+01 -2.022457275787684239e+01 -2.704678111229748794e+01 9.002896839240721150e+00 -2.704678111229748794e+01 2.981012729885740953e+01
-3.277978458084167102e+01 1.494898773598231534e+00 -2.133199285297439296e+00 1.494898773598231534e+00 -4.344188525528008427e+01 -1.575632018183693583e-01 -2.133199285297439296e+00 -1.575632018183693583e-01 -6.864070966117260753e+01
-3.959894948590703123e+00 6.797002405435049965e+00 -1.779143323096793949e+01 6.797002405435049965e+00 -2.091177855251297046e+01 6.574696296423505615e+00 -1.779143323096793949e+01 6.574696296423505615e+00 -4.602564741784092917e+01
-2.070106796018136919e+01 2.587400819462546409e+01 -3.310519082728936802e+00 2.587400819462546409e+01 -2.531629702472746146e+01 4.820723633935896757e+00 -3.310519082728936802e+00 4.820723633935896757e+00 -7.329182962156261283e+01
4.590466094184444046e+01 2.895212609855915886e+01 1.597084269907223408e+01 2.895212609855915886e+01 8.769793111405896013e+00 -9.050415260111075000e+00 1.597084269907223408e+01 -9.050415260111075000e+00 -1.646964520809853738e+01
6.079294633347514321e+01 -1.796184890226925512e+00 -2.222713305662930683e+00 -1.796184890226925512e+00 2.848720446139550688e+01 -1.161038923003268586e+01 -2.222713305662930683e+00 -1.161038923003268586e+01 7.014243524633823057e+00
-1.490035572765402883e+01 3.337885100702780994e-01 5.869563706764744815e+00 3.337885100702780994e-01 -2.140361382944609048e+01 -3.832904223583817771e+00 5.869563706764744815e+00 -3.832904223583817771e+00 -5.106184880798827663e+01
1.919179540093872660e+01 3.367053521501143898e+00 -1.446026852862956957e+01 3.367053521501143898e+00 9.834910075579715638e+00 6.552697526615742341e+00 -1.446026852862956957e+01 6.552697526615742341e+00 -2.369676954109068845e+01
4.686368618071256975e+01 -5.563923052875456854e+00 -7.220507953887706165e+00 -5.563923052875456854e+00 1.189500489399894967e+01 -1.885943527505318329e+01 -7.220507953887706165e+00 -1.885943527505318329e+01 5.515267437359339553e+00
1.261149689517083061e+00 4.086109024874528539e-01 2.428391841655244221e+01 4.086109024874528539e-01 8.316923783422307537e+00 -1.374235006140290949e+01 2.428391841655244221e+01 -1.374235006140290949e+01 -2.516464720830777324e+01
3.901055823902777941e+00 -7.069016466289795630e+00 -3.039903360718310132e+00 -7.069016466289795630e+00 -1.621150517228618426e+01 -7.121328234827517534e+00 -3.039903360718310132e+00 -7.121328234827517534e+00 -3.055801710641109992e+01
-5.843438138499917223e+00 -5.843475340600717161e+00 9.117714076609003016e+00 -5.843475340600717161e+00 -2.398066762644688765e+01 4.378687264131283285e+00 9.117714076609003016e+00 4.378687264131283285e+00 -1.373770160694766318e+01
1.279116201595830127e+01 4.320387659086142307e+00 -4.898238460276709283e+00 4.320387659086142307e+00 -2.404659023573400489e+01 -4.204535434472777666e+00 -4.898238460276709283e+00 -4.204535434472777666e+00 2.228026500110269925e+00
-5.945169081140398326e+00 3.624832771348121874e+00 2.387324858372222192e+00 3.624832771348121874e+00 -1.568399901700351684e+01 5.490383451555911343e+00 2.387324858372222192e+00 5.490383451555911343e+00 2.238143255774356533e+01
-2.498332539578519196e+00 1.692999161163360355e+01 -1.386209001906658411e+00 1.692999161163360355e+01 1.633452827163065502e+00 -3.576682227869167896e+00 -1.386209001906658411e+00 -3.576682227869167896e+00 -5.061351925361682191e+01
-4.086540078319104197e+01 2.452588305259176954e-02 4.758912481693873708e+00 2.452588305259176954e-02 -2.108849254914481364e+01 5.357973088994340216e+00 4.758912481693873708e+00 5.357973088994340216e+00 1.329550741367738276e+01
4.058178790234025257e+01 1.182871594766133150e+01 -1.090244103784359453e+01 1.182871594766133150e+01 1.794509739195492770e+01 -7.188070306942881960e-01 -1.090244103784359453e+01 -7.188070306942881960e-01 -1.597879896766000485e+01
1.580710371978119255e+01 -2.454599300367943826e+00 1.488258563691446668e+01 -2.454599300367943826e+00 -1.980304803377730494e+01 3.636482609406401778e+00 1.488258563691446668e+01 3.636482609406401778e+00 -2.946411682191782333e+01
-1.575894868770810930e+01 -1.031491345235975388e+01 -1.734176670232836415e+01 -1.031491345235975388e+01 2.231152598226912076e+01 -3.691007891050221534e+00 -1.734176670232836415e+01 -3.691007891050221534e+00 -3.339479826558798692e+01
6.508961799113815516e+01 6.960024342653872154e+00 1.859889971966770306e+00 6.960024342653872154e+00 1.262001806486510702e+01 -9.786000740143377286e+00 1.859889971966770306e+00 -9.786000740143377286e+00 -1.547510276137862029e+01
-2.013079606946024569e+01 1.289252020468166116e+01 2.119139076965208446e+01 1.289252020468166116e+01 -1.804543510086518765e+01 -1.202152819266402339e+01 2.119139076965208446e+01 -1.202152819266402339e+01 -3.066829450136016177e+01
2.760802598735389068e+01 -1.018524705022008270e+01 -2.673683491018541414e-01 -1.018524705022008270e+01 1.646538571106604820e+01 -1.639504989039493710e+00 -2.673683491018541414e-01 -1.639504989039493710e+00 1.551078613504015280e+01
-1.336400810485379287e+00 2.249745637366388351e+01 8.624582178421412948e+00 2.249745637366388351e+01 -2.771619192711555257e+01 1.630635634598907657e+01 8.624582178421412948e+00 1.630635634598907657e+01 -1.644261364647264756e+01
-2.194616034115216152e+01 2.215756214499137844e+00 -2.702625171917889091e+00 2.215756214499137844e+00 -2.923078149297768036e+01 -7.906307427620443029e+00 -2.702625171917889091e+00 -7.906307427620443029e+00 -2.970267673305380640e+01
-4.469566737477904184e+01 -3.206530941708130467e+00 1.857716972384272580e+00 -3.206530941708130467e+00 -4.639709676102211944e+01 3.778236065956298351e+00 1.857716972384272580e+00 3.778236065956298351e+00 -6.527686957042340055e+01
-2.053636029810843766e+01 -5.561478400808597122e+00 1.114456078603057287e+00 -5.561478400808597122e+00 -3.300885843564763888e+01 -2.205327418714230348e+01 1.114456078603057287e+00 -2.205327418714230348e+01 -7.712022065671118298e+01
-1.926612140026756137e+01 2.869056647972238139e+00 -3.962664060759618412e+00 2.869056647972238139e+00 -1.530529165074686837e+01 4.957695885829159543e+00 -3.962664060759618412e+00 4.957695885829159543e+00 -5.180036031981149591e+01
1.087037508426745980e+01 5.954356084074346356e+00 2.155138234262636843e+01 5.954356084074346356e+00 -3.863267960685755043e+01 9.627766368071645431e+00 2.155138234262636843e+01 9.627766368071645431e+00 -3.645056795153936235e+01
5.635237185816205141e+01 6.450131357624049322e-01 -7.017147254730018879e+00 6.450131357624049322e-01 3.191498521869493032e+01 -1.085522720216334669e+01 -7.017147254730018879e+00 -1.085522720216334669e+01 -1.161343776923538229e+01
5.547402738526402999e+01 3.338480149125134577e+00 2.303424198281910762e+01 3.338480149125134577e+00 4.104891974212485906e+01 -1.108331018382100197e+01 2.303424198281910762e+01 -1.108331018382100197e+01 -8.562147363960725954e+00
-2.027413149088972411e+00 -3.199517515208885055e+00 -1.898987245128061474e+01 -3.199517515208885055e+00 -1.879543978549714467e+01 -6.019546775573871855e+00 -1.898987245128061474e+01 -6.019546775573871855e+00 -2.081192686452848761e+01
-5.795176442864231614e-01 -3.122583522372747833e+00 -1.074037063773051948e+01 -3.122583522372747833e+00 1.095604371750170358e+01 6.307267610746971620e+00 -1.074037063773051948e+01 6.307267610746971620e+00 -1.770407736317096692e+01
-1.822905935487409979e-01 3.525500700113418873e+00 -3.448534767883221885e+00 3.525500700113418873e+00 2.400021594454481288e+01 9.358768649634718884e-01 -3.448534767883221885e+00 9.358768649634718884e-01 -3.385934464427663926e+01
6.466113266490258127e+01 -1.764045728362328758e+00 6.421865137616880936e+00 -1.764045728362328758e+00 7.193337221219226763e+01 -4.797225741109555130e+00 6.421865137616880936e+00 -4.797225741109555130e+00 4.237523999717138423e+01
-1.544767445956177276e+01 5.336286183950909923e+00 -8.380488430257679866e+00 5.336286183950909923e+00 -3.658479244439083544e+01 2.164848264118117527e+01 -8.380488430257679866e+00 2.164848264118117527e+01 -3.629640270910169875e+01
-9.966663721681204180e+00 4.332287456869929443e+00 3.683682787580121243e+00 4.332287456869929443e+00 -1.180077986249730415e+01 5.742564217373089530e-01 3.683682787580121243e+00 5.742564217373089530e-01 -1.769253609231537183e+01
-2.808617463829165661e+00 8.306170563779739169e+00 -7.281933634814844680e+00 8.306170563779739169e+00 -8.843495439967750116e+00 -2.489418630264832899e+01 -7.281933634814844680e+00 -2.489418630264832899e+01 -6.164089345424117994e+01
2.230682763097560084e+01 1.890016726813763537e-01 -4.312055841391114974e+00 1.890016726813763537e-01 3.258631328709729758e+01 -2.242863946814934284e+00 -4.312055841391114974e+00 -2.242863946814934284e+00 1.624579029853332202e+01
-1.851481797237417837e+01 -2.928587997966536793e+00 1.599980882481012445e+00 -2.928587997966536793e+00 -2.755449666944357645e+01 1.666609212235340465e+01 1.599980882481012445e+00 1.666609212235340465e+01 -5.748087103423189603e+01
-5.207708250595654675e+00 2.741351007513909810e+00 9.077640625203250435e-01 2.741351007513909810e+00 -3.428361018770691260e+01 -1.256106365017019222e+01 9.077640625203250435e-01 -1.256106365017019222e+01 -5.161330923837364537e+01
-2.868906911747131971e+00 -9.132613595938190443e+00 -7.341648614296275355e+00 -9.132613595938190443e+00 -3.305239143056503792e+01 -1.389410903803356057e+01 -7.341648614296275355e+00 -1.389410903803356057e+01 -2.108366747717647272e+01
-6.924408781682879521e+01 -1.146730020753051349e+01 1.584043182912863612e+00 -1.146730020753051349e+01 -5.462587579718942976e+01 -1.250780190077502851e+00 1.584043182912863612e+00 -1.250780190077502851e+00 -7.425464210085354466e+01
5.127307707703340434e+00 -9.348432381726943241e-01 3.138810087594371190e+00 -9.348432381726943241e-01 -1.179908119194751315e+01 -3.297670739392515760e+00 3.138810087594371190e+00 -3.297670739392515760e+00 -3.673399117686981441e+01
-1.832252455254905499e+01 8.426825558010424544e+00 3.574487552800270862e+00 8.426825558010424544e+00 -6.806037980383415231e+01 2.794994563776352692e+00 3.574487552800270862e+00 2.794994563776352692e+00 -5.083781340419810135e+01
-2.139342286577915697e+00 -5.528655184955174606e-01 -1.269204065152917416e+01 -5.528655184955174606e-01 -1.244652230492026668e+01 7.333431724102930538e+00 -1.269204065152917416e+01 7.333431724102930538e+00 -1.390117962489869363e+01
1.050958984301671606e+01 4.808310072789381828e-01 4.638598747401299072e+00 4.808310072789381828e-01 -6.282407189148762061e-01 -9.923305366072108225e-01 4.638598747401299072e+00 -9.923305366072108225e-01 1.045822463235224120e+01
-4.876237018296655457e+00 1.245398646284277788e+01 1.341026191197023643e+01 1.245398646284277788e+01 -3.400941327915972323e+01 -1.605593072164598922e+01 1.341026191197023643e+01 -1.605593072164598922e+01 -6.576055346999993390e+01
1.865189663394339092e+01 -9.113660380002720274e+00 1.073265360513247657e+01 -9.113660380002720274e+00 5.627843945374066958e-01 -9.638725639755530983e-01 1.073265360513247657e+01 -9.638725639755530983e-01 -2.117046528858438847e+01
2.593529282007691705e+01 9.438875841283911328e+00 -2.731577774960566085e+00 9.438875841283911328e+00 4.097090234317086299e+01 -5.852400901693975754e+00 -2.731577774960566085e+00 -5.852400901693975754e+00 -1.471860261460118302e+01
-1.110995534798465023e+01 -4.653360779451901408e+00 -2.060821983146608471e-01 -4.653360779451901408e+00 -5.752815856683021423e+01 7.166704923064452615e+00 -2.060821983146608471e-01 7.166704923064452615e+00 -1.102318542804453649e+01
6.829293364959538337e+01 -8.318086823417655040e+00 1.809511729591158868e+01 -8.318086823417655040e+00 6.990972960462845265e+01 2.796582385040754293e+00 1.809511729591158868e+01 2.796582385040754293e+00 1.992312447326598246e+01
4.079320534263423070e+01 -1.144240599464809272e+01 1.202928413986763978e+00 -1.144240599464809272e+01 2.680878750925552367e+01 -1.138510558420102114e+01 1.202928413986763978e+00 -1.138510558420102114e+01 2.300367111068922554e+01
-8.162944260262809948e+00 1.258060680085684524e+01 -1.485581834148698910e+01 1.258060680085684524e+01 -6.640997253765839936e+00 -1.761083763141674474e+00 -1.485581834148698910e+01 -1.761083763141674474e+00 -2.849631770194498515e+01
9.110752097185381260e+00 1.376869492260478367e+01 -1.794136613044821615e+01 1.376869492260478367e+01 -5.291970459593092535e+00 2.101295248528718407e+00 -1.794136613044821615e+01 2.101295248528718407e+00 -5.430027809008387862e+01
1.716997193362870888e+01 6.412562298417752160e+00 -2.704475671759151378e+00 6.412562298417752160e+00 -2.911828343450383016e+01 3.647892379732067702e+00 -2.704475671759151378e+00 3.647892379732067702e+00 -4.389522404272000244e+01
2.259758218508618555e+01 -1.769046989253540536e+00 -7.186967470647575240e+00 -1.769046989253540536e+00 -7.594995958199639574e+00 1.057288994739849386e+01 -7.186967470647575240e+00 1.057288994739849386e+01 -3.191301732890716991e+01
-2.734478791584341550e+01 -9.548374419571125316e+00 -1.143066086638754797e+01 -9.548374419571125316e+00 -4.674133711546119940e+01 2.082069778342920952e+00 -1.143066086638754797e+01 2.082069778342920952e+00 -5.947490896835390117e+01
