-4.423165263418400883e+00 -2.857729145552261873e-01 -7.833637889617230066e+00 -2.857729145552261873e-01 1.696219586734586615e+00 3.447037890004400751e+00 -7.833637889617230066e+00 3.447037890004400751e+00 -3.009458615714006768e+01
-1.654786393603916395e+01 1.186789861340912111e+01 5.570110953164456369e+00 1.186789861340912111e+01 -2.864090530531735723e+01 -7.059827434259438039e-01 5.570110953164456369e+00 -7.059827434259438039e-01 -3.588170155496146663e+01
-4.602989826047259037e+00 -2.652187181433061980e+00 1.231756069979297230e+01 -2.652187181433061980e+00 -7.243286400884577425e+00 6.631382885281206008e+00 1.231756069979297230e+01 6.631382885281206008e+00 -1.496587782530572142e+01
1.293480368407303460e-01 5.736285732437465867e+00 2.651725983409955578e+00 5.736285732437465867e+00 9.762583795350737503e+00 5.720898580256998045e+00 2.651725983409955578e+00 5.720898580256998045e+00 -1.379660584374590382e+00
-2.512851157416534775e+01 1.346906878003635022e+01 4.941107258531356017e+00 1.346906878003635022e+01 -2.150833909031254265e+00 5.696171640786363843e-01 4.941107258531356017e+00 5.696171640786363843e-01 -5.441035908125318343e+01
-1.886201769781742144e+01 -1.221203938141680290e+01 6.727829342058385897e+00 -1.221203938141680290e+01 -3.586545160101162200e-01 3.636147240302295192e+00 6.727829342058385897e+00 3.636147240302295192e+00 -4.087738905531277567e+01
-5.394636371037399414e+01 1.141497140501380514e+00 -1.811991388102441203e+00 1.141497140501380514e+00 -7.464136270431518838e+00 -1.830030953135058525e+01 -1.811991388102441203e+00 -1.830030953135058525e+01 -2.926158903392978416e+01
2.759727300920344017e+00 1.402951432214831762e+01 1.295729257603648854e+01 1.402951432214831762e+01 2.044933841493584481e+01 7.781493395903148702e+00 1.295729257603648854e+01 7.781493395903148702e+00 -1.201689481966559825e+01
-2.233281043493791529e+01 9.792316724809538186e+00 1.869961694334692481e+01 9.792316724809538186e+00 -4.302320886435640546e+01 7.954249732635249259e+00 1.869961694334692481e+01 7.954249732635249259e+00 -5.065883897663703550e+01
5.338660035534842763e+01 1.495437824110648073e+01 1.223647142381355835e+01 1.495437824110648073e+01 1.772114597210105202e+01 4.753105761939789176e+00 1.223647142381355835e+01 4.753105761939789176e+00 5.299486574665369432e+01
4.277660965013092920e+01 -1.929392513005826970e+01 7.185315511626546581e+00 -1.929392513005826970e+01 1.904081536025888965e+01 -1.676189101887897337e+01 7.185315511626546581e+00 -1.676189101887897337e+01 3.264294972473985723e+01
-7.586584027376692241e+00 7.467158163002680205e+00 4.324293051963275403e+00 7.467158163002680205e+00 -1.346345570839205763e+01 4.161832049453894733e+00 4.324293051963275403e+00 4.161832049453894733e+00 -2.077835525592647770e+01
3.736871631202588162e+01 -2.397701480403878538e+00 1.897422685742695903e+00 -2.397701480403878538e+00 3.916167371541055786e+01 5.147702482204580265e-01 1.897422685742695903e+00 5.147702482204580265e-01 4.261617468443361645e+01
-1.582004641811408652e+00 9.172103724368904309e+00 -8.950724984041930066e-01 9.172103724368904309e+00 -1.259398352287267464e+01 6.649265828483108542e+00 -8.950724984041930066e-01 6.649265828483108542e+00 -3.365618420338967742e-01
2.135145293619465257e+00 1.181235645861193362e+01 -4.021025532630029709e+00 1.181235645861193362e+01 1.129967930610263949e+01 -1.603426722113010738e+00 -4.021025532630029709e+00 -1.603426722113010738e+00 -7.700955547553333780e+00
-1.240170770837397107e+01 9.526582720755358280e-02 1.601167725937347441e+01 9.526582720755358280e-02 -5.525410720242343032e+00 8.029139782989330953e+00 1.601167725937347441e+01 8.029139782989330953e+00 -4.546530032068918104e+01
-1.147238331618846585e+00 -2.454733911903712951e+01 -3.848483767642989939e+00 -2.454733911903712951e+01 -2.687061733821331089e+01 -4.511331005027368946e+00 -3.848483767642989939e+00 -4.511331005027368946e+00 -7.226530298325159585e+00
-1.052132308823068385e+01 3.014001385436299724e-02 1.052515486377094511e+01 3.014001385436299724e-02 -4.117637265491688936e+01 -1.517323946820733305e+01 1.052515486377094511e+01 -1.517323946820733305e+01 -7.941199845678480251e+00
1.715975024764376755e+01 -1.938364224219770948e+00 -1.190962687838040246e+01 -1.938364224219770948e+00 -2.143181801648697871e+01 6.091491087084889955e+00 -1.190962687838040246e+01 6.091491087084889955e+00 2.324751590249689315e+01
-1.247874391977140185e+01 1.274176384704511023e+01 9.155816072773109715e-01 1.274176384704511023e+01 2.638675569957541711e+00 -3.199172492504712029e+00 9.155816072773109715e-01 -3.199172492504712029e+00 -1.879016794371778687e+01
-1.767309497147689967e+01 2.213178338629090192e+00 7.432804123229957760e+00 2.213178338629090192e+00 -7.291657654036164116e-02 -1.690311747770238737e+00 7.432804123229957760e+00 -1.690311747770238737e+00 -3.366162842306903968e+01
7.133129074608288711e+00 1.956527455747983524e+01 -2.212873413435413550e+00 1.956527455747983524e+01 -2.938044728107376269e+00 -3.169768921417115859e+00 -2.212873413435413550e+00 -3.169768921417115859e+00 -9.036844506028645085e+00
-2.903124817197844365e+01 9.759836470657830887e+00 -4.989448232171659114e+00 9.759836470657830887e+00 -8.987870123719009285e+00 4.729950734614976504e+00 -4.989448232171659114e+00 4.729950734614976504e+00 -3.863312586923925807e+01
6.585401828395655244e+00 -5.740186428285510623e+00 2.514878150764930709e+00 -5.740186428285510623e+00 -1.863218305535728092e+01 1.093332881492364805e+01 2.514878150764930709e+00 1.093332881492364805e+01 6.306131570804767605e+00
1.540898459928158992e+01 1.127957961821580035e+01 1.251233427135569620e+01 1.127957961821580035e+01 8.139891184060418894e+00 4.052532159831364389e+00 1.251233427135569620e+01 4.052532159831364389e+00 -1.123554315433761808e+01
-3.555851855818954022e+01 5.711988409813672618e+00 -3.608672022866245221e+00 5.711988409813672618e+00 -4.735280452145371299e+01 -9.705937539597573327e-01 -3.608672022866245221e+00 -9.705937539597573327e-01 -2.328816620253381586e+01
2.749236515268746572e+00 3.849678944185705110e+00 -4.335700275945255200e+00 3.849678944185705110e+00 -1.703578456583684897e+01 1.122797392467298927e+01 -4.335700275945255200e+00 1.122797392467298927e+01 -9.876848591147124878e+00
7.079773047949156961e+00 2.600707253754015458e+00 1.213771700629861883e+01 2.600707253754015458e+00 -1.695517958099857125e+01 -3.046190301854264870e+00 1.213771700629861883e+01 -3.046190301854264870e+00 -4.904154440065226161e+00
-1.545736443753468947e+01 -1.354512752121284258e+01 5.847468535481825214e+00 -1.354512752121284258e+01 -1.111032227698466990e+01 4.953324771888558686e+00 5.847468535481825214e+00 4.953324771888558686e+00 -3.313295642580900591e+00
1.400450764841687246e+01 -3.772481951555014756e+00 4.926845137635832428e-01 -3.772481951555014756e+00 -1.664623950488517679e+01 -6.740665483076935076e-03 4.926845137635832428e-01 -6.740665483076935076e-03 1.560603163414661232e+01
-4.799338945493037301e+00 -5.580664766593094406e+00 -2.616786778094894572e+00 -5.580664766593094406e+00 -2.614402952555883175e+01 -5.297662250500377645e+00 -2.616786778094894572e+00 -5.297662250500377645e+00 2.356083654592457111e-01
4.585128231708196012e+01 1.187161022462624116e+00 -9.113266577572870730e+00 1.187161022462624116e+00 3.473231011453167838e+01 -2.451573526969714756e+00 -9.113266577572870730e+00 -2.451573526969714756e+00 4.797139895269633314e+01
-2.740918844625328177e+01 1.135175457481318873e+01 -1.056890730182987959e+01 1.135175457481318873e+01 -2.560419393688381007e+01 3.134153271020103215e+00 -1.056890730182987959e+01 3.134153271020103215e+00 -2.620900065139726109e+01
3.475242187791597104e+01 -2.719018982887750457e+00 6.315611266896667075e+00 -2.719018982887750457e+00 1.493581566927754345e+01 -1.009714179880574214e+01 6.315611266896667075e+00 -1.009714179880574214e+01 3.350641945925737275e+01
9.520197781617270039e-01 -1.220251619575149216e-01 -9.526176805007976256e+00 -1.220251619575149216e-01 -4.333890913848954973e+00 1.248243367517034841e+01 -9.526176805007976256e+00 1.248243367517034841e+01 5.697394625386707823e+00
1.172582129084847224e+01 9.198691611782081168e+00 -5.381518296757394459e+00 9.198691611782081168e+00 -3.127006240442701035e+00 -1.554893960321261703e+00 -5.381518296757394459e+00 -1.554893960321261703e+00 5.285850956121159072e+00
3.183288113358914373e+01 -3.966626113495429262e+00 8.409635763892273630e+00 -3.966626113495429262e+00 2.199839077575405710e+01 1.102788857869133388e+00 8.409635763892273630e+00 1.102788857869133388e+00 2.700356877724740912e+01
-3.297201849518497596e+01 1.752426813630757252e+00 -2.234646578201616496e+00 1.752426813630757252e+00 -3.317250361043708295e+01 1.433328898291718545e+01 -2.234646578201616496e+00 1.433328898291718545e+01 -1.931679773281393508e+01
-9.037523518589155813e+00 8.134726185927448228e+00 9.754559006069433380e+00 8.134726185927448228e+00 -1.481537551326689872e+01 4.844005926782351423e+00 9.754559006069433380e+00 4.844005926782351423e+00 -2.362507389669980640e+01
5.073092077254630539e+01 -1.021627945043714547e+01 -1.376220731849902634e+01 -1.021627945043714547e+01 -6.103141283745691092e-01 4.738428704424840099e+00 -1.376220731849902634e+01 4.738428704424840099e+00 4.221725616877134257e+01
-1.561548616056246841e+00 1.453864837380807273e+01 3.581605359775996145e-01 1.453864837380807273e+01 -1.679870079417464357e+00 7.105139097719432861e+00 3.581605359775996145e-01 7.105139097719432861e+00 -6.800195458630803103e+00
8.155726657525693923e+00 1.944960116434538477e+01 -7.891063840127412909e+00 1.944960116434538477e+01 -1.130232897441065365e+00 8.378145271636688207e+00 -7.891063840127412909e+00 8.378145271636688207e+00 -1.333510090502104184e+01
-1.588294379357776265e+01 -1.068767258754971827e+01 5.131774952251643818e+00 -1.068767258754971827e+01 -5.223593553829136482e+01 -6.959807177335338713e-01 5.131774952251643818e+00 -6.959807177335338713e-01 -1.226245690163467295e+01
-2.849797915680368732e+01 8.338481257009618952e-01 -3.820386462586145004e+00 8.338481257009618952e-01 -4.381437292959638796e+01 1.227536635046567071e+01 -3.820386462586145004e+00 1.227536635046567071e+01 -3.677560453434669796e+01
-1.656589764874386006e+01 2.144640104234427369e+01 3.336060806593234229e+00 2.144640104234427369e+01 -1.744576006073608454e+01 3.482462319736453260e+00 3.336060806593234229e+00 3.482462319736453260e+00 -2.638725409428857915e+01
6.758899750848457622e+00 -1.185024338429601620e+01 8.778162977975952685e+00 -1.185024338429601620e+01 -1.491703942268130589e+01 4.805711818863587226e+00 8.778162977975952685e+00 4.805711818863587226e+00 1.393244991826015022e+00
-1.653362963769089333e+01 -1.859819971421937945e-01 1.014982122364834360e+01 -1.859819971421937945e-01 -3.172620687001085127e+00 3.416670072723892559e+00 1.014982122364834360e+01 3.416670072723892559e+00 -3.102663275477146243e+01
2.681742340233263988e+01 3.842705757254119003e+00 9.256637895816115513e-01 3.842705757254119003e+00 4.846725472281022462e+00 7.135416137342312837e+00 9.256637895816115513e-01 7.135416137342312837e+00 -2.395502310010305891e+00
-1.498952686500694575e+01 -1.420378710175788228e+01 -6.914785798776596160e+00 -1.420378710175788228e+01 -2.024274754573238511e+01 1.547391563234790013e+01 -6.914785798776596160e+00 1.547391563234790013e+01 -3.351227112364021821e+01
-2.556146534095185441e+00 9.413831235890662841e-01 7.570475506649444242e+00 9.413831235890662841e-01 -4.441727313148231104e+00 2.638715564676811010e+00 7.570475506649444242e+00 2.638715564676811010e+00 -3.490146815278700387e+01
-2.474204969646014884e+00 7.177398712857728569e+00 -9.724523807873778125e+00 7.177398712857728569e+00 3.606340077541328348e+00 6.616410451845218532e-02 -9.724523807873778125e+00 6.616410451845218532e-02 -1.576942961733938020e+01
-4.200104937091969504e+01 9.856081956054621784e+00 1.482742625278794790e+01 9.856081956054621784e+00 9.100007462145034864e+00 -1.570982022664146438e+00 1.482742625278794790e+01 -1.570982022664146438e+00 -4.164227013253516851e+00
1.353111441703777018e+01 1.381676414020969723e+01 1.950786499295960752e+01 1.381676414020969723e+01 -1.058342092392992262e+00 1.533058529516471502e+01 1.950786499295960752e+01 1.533058529516471502e+01 8.660079604197678194e+00
-1.117086075558117209e+01 3.176678067681241391e+00 7.165492492249925682e+00 3.176678067681241391e+00 -1.393336967730278353e+01 -1.057964094280443135e+01 7.165492492249925682e+00 -1.057964094280443135e+01 -2.663014964477021351e+01
-1.931871554067889463e+00 1.936895457484291150e+00 -1.210447526553119957e+01 1.936895457484291150e+00 -3.072212598785753368e+00 1.639514387555443875e+00 -1.210447526553119957e+01 1.639514387555443875e+00 1.483625286327659865e+01
1.671430217274324725e+00 1.957133686689744412e+00 -6.146430193921087692e+00 1.957133686689744412e+00 -8.434834137324482839e+00 1.626767305164941613e+00 -6.146430193921087692e+00 1.626767305164941613e+00 -2.523557834201730898e+01
-1.144385966967563784e+00 -7.702006355380935254e+00 -4.985589290264634266e-01 -7.702006355380935254e+00 1.449701331570564911e+01 -9.974921099180211748e-01 -4.985589290264634266e-01 -9.974921099180211748e-01 6.502134084118083024e+00
3.972791781415858026e+01 1.189598515221930874e+01 3.900499031151838825e+00 1.189598515221930874e+01 -1.581955972718543491e+00 -2.044571817759238019e+00 3.900499031151838825e+00 -2.044571817759238019e+00 4.692212533522817353e+01
1.287533008903972842e+01 3.183367738375192157e+00 1.356326508806785514e+00 3.183367738375192157e+00 -2.968236183576746612e+01 -1.347837240391440616e+01 1.356326508806785514e+00 -1.347837240391440616e+01 2.183979701819111696e+01
5.884029077241386574e+01 -4.264269276492224314e+00 -5.379238153741969342e+00 -4.264269276492224314e+00 7.610818199476836909e+00 1.276504242602972639e+01 -5.379238153741969342e+00 1.276504242602972639e+01 5.473651207030601995e+01
-3.179752923134271825e+01 2.589021189817105384e+00 5.913344278445178404e+00 2.589021189817105384e+00 -4.293925217842352315e-02 -1.134112228157738933e+01 5.913344278445178404e+00 -1.134112228157738933e+01 -5.657691025488780667e+00
-4.986928743242322604e+00 1.188846357710113466e+01 -5.106163450636066692e+00 1.188846357710113466e+01 -5.661232353705312192e+00 -3.711469861999487030e+00 -5.106163450636066692e+00 -3.711469861999487030e+00 -2.353658159429904018e+01
3.418495441363953091e+01 1.197369230705806586e+00 -2.976364276336186609e+00 1.197369230705806586e+00 -2.431964372538627472e+01 5.947131133781826229e+00 -2.976364276336186609e+00 5.947131133781826229e+00 4.056107063767993992e+01
-1.169796274789599266e+01 1.476159611611644351e+01 -1.140889212406182462e+00 1.476159611611644351e+01 1.101569800390038045e+00 1.389665445138917432e+00 -1.140889212406182462e+00 1.389665445138917432e+00 -3.636791547600330432e+01
2.555154759829659028e+01 9.599174645777575066e+00 1.223339739472761600e+01 9.599174645777575066e+00 -1.945537076516770725e+01 2.305561564518723738e+00 1.223339739472761600e+01 2.305561564518723738e+00 2.660311670488888325e+01
-1.840491707623182194e+01 1.831533283279104918e+00 1.379628647278446474e+00 1.831533283279104918e+00 -3.799842230219653061e+01 3.301130289382300909e+00 1.379628647278446474e+00 3.301130289382300909e+00 -8.743682504690781343e+00
2.389507382244459777e+01 -1.536370634614928221e+01 7.991892003319256865e+00 -1.536370634614928221e+01 -7.603633988500449803e+00 2.263311804873508848e+01 7.991892003319256865e+00 2.263311804873508848e+01 1.545203492204610640e+01
3.467154309943968116e+01 7.764223333698778262e+00 -1.312455834193639959e+01 7.764223333698778262e+00 2.358673277613407748e+01 8.621013295829547118e+00 -1.312455834193639959e+01 8.621013295829547118e+00 2.468619938814336123e+01
1.912410234275421317e+01 6.386798145071485244e+00 1.212634172366458785e+01 6.386798145071485244e+00 3.386048720058273176e+01 -5.579171101224826401e+00 1.212634172366458785e+01 -5.579171101224826401e+00 -1.770198530363192413e+00
3.794252666196303636e+01 8.128800836271754093e+00 1.078497074463091110e+01 8.128800836271754093e+00 8.839958537325118826e+00 1.514034509936831085e+00 1.078497074463091110e+01 1.514034509936831085e+00 2.288199250282178809e+01
4.853854032605866564e+01 -8.997211370821849741e+00 -8.828271635987576360e+00 -8.997211370821849741e+00 -1.203440383309511574e+01 5.136583593363352129e+00 -8.828271635987576360e+00 5.136583593363352129e+00 4.904446070087562504e+01
3.405081987380842445e+00 -5.974086489252831811e+00 -2.101703937776701281e+00 -5.974086489252831811e+00 -2.414882360275986173e+01 -4.113602526977936158e+00 -2.101703937776701281e+00 -4.113602526977936158e+00 3.879156527611070437e+00
-9.769079866162106995e+00 4.147687088734865135e+00 6.156176217668462236e+00 4.147687088734865135e+00 -2.515647096560525853e+01 -6.839130572272448028e+00 6.156176217668462236e+00 -6.839130572272448028e+00 -2.983439764360652191e+01
3.711662573377149776e+00 -6.384503124283229525e+00 -1.156433973538928406e+01 -6.384503124283229525e+00 -6.729361109824251841e+00 1.286420540422024583e+00 -1.156433973538928406e+01 1.286420540422024583e+00 2.914895342925387656e+00
4.327698172252987696e+00 9.974204855056491681e+00 1.476123865392908918e+01 9.974204855056491681e+00 -3.732435538201071878e+00 -4.284482865848679989e-01 1.476123865392908918e+01 -4.284482865848679989e-01 -8.213001912891634504e+00
-9.095014669465737001e+00 -1.972072152332669637e+00 2.017131198072687326e+01 -1.972072152332669637e+00 -2.750041607425508872e+01 7.012720524615215112e+00 2.017131198072687326e+01 7.012720524615215112e+00 -1.944854540972970725e+01
-1.715287030751237296e+01 1.418745969333163437e+01 2.806984480512242808e+00 1.418745969333163437e+01 -1.332370146647379627e+01 3.141722429160314523e+00 2.806984480512242808e+00 3.141722429160314523e+00 -3.075273941841989611e+01
-1.792523889460175113e+01 -4.493912792808292256e-01 3.484435246599302261e+00 -4.493912792808292256e-01 -9.719842212872096709e+00 1.917894164456533046e+00 3.484435246599302261e+00 1.917894164456533046e+00 -3.264251498554529718e+01
-6.002771789780856793e+00 1.143584780456528271e+01 1.174710322226168913e+01 1.143584780456528271e+01 -1.720943650071893316e+01 3.566382298081533175e+00 1.174710322226168913e+01 3.566382298081533175e+00 -1.443370289760350111e+01
1.001586398130756095e+01 -9.245396805114442174e+00 -7.157725883607300332e+00 -9.245396805114442174e+00 -1.664456783134004425e+01 -1.020403295479237826e+01 -7.157725883607300332e+00 -1.020403295479237826e+01 6.958184443426885579e+00
-1.119191233515187811e+01 -1.126383936122704554e+01 -4.192799215146318481e+00 -1.126383936122704554e+01 -3.540738171259999234e+01 5.661846186605356657e+00 -4.192799215146318481e+00 5.661846186605356657e+00 -2.981463969229377842e+00
1.210555929247570894e+01 1.594524686252554524e+01 -8.040427950759883036e-01 1.594524686252554524e+01 1.426547310085733855e+01 1.819091636924288435e+00 -8.040427950759883036e-01 1.819091636924288435e+00 4.926486283093400864e+00
-6.723142319049055793e+00 -7.253992419730460384e+00 1.292327989412163758e+00 -7.253992419730460384e+00 4.271043600146369190e-01 1.227866141327053073e+00 1.292327989412163758e+00 1.227866141327053073e+00 -3.473160829169803065e+01
2.210275732487870570e+01 -1.238593763278369231e+00 2.217506516627838486e+00 -1.238593763278369231e+00 -1.091114599771217897e+01 1.545266329551837714e+01 2.217506516627838486e+00 1.545266329551837714e+01 4.628112479955273528e+01
2.013068365978655549e+01 -8.421458875433178726e-01 -6.887142893079404082e+00 -8.421458875433178726e-01 -2.192187277620810448e+01 -3.364876897474911921e+00 -6.887142893079404082e+00 -3.364876897474911921e+00 1.923094101386796950e+01
-9.788537871139535440e+00 1.007529946233402462e+01 1.967334520435350287e+00 1.007529946233402462e+01 -3.261932376160362246e+00 5.729687252424747079e+00 1.967334520435350287e+00 5.729687252424747079e+00 -2.294452320600361617e+01
2.907728691429343115e+01 4.536283614069636982e+00 -4.317568116624599384e+00 4.536283614069636982e+00 2.722928921412962566e+01 1.155179508487285345e+00 -4.317568116624599384e+00 1.155179508487285345e+00 -1.166298501994690762e+00
-3.190662015660011619e+01 -7.954943785687763835e+00 7.439350480529920873e+00 -7.954943785687763835e+00 -4.995070290668582658e+01 1.754331664241429323e+01 7.439350480529920873e+00 1.754331664241429323e+01 -1.309831289105949104e+01
4.700608025630731213e+00 -1.403371129461690892e+01 2.286828696567334784e+00 -1.403371129461690892e+01 1.814559300808782183e+01 4.260324102587025763e+00 2.286828696567334784e+00 4.260324102587025763e+00 -5.051821442976300602e+01
3.641062307641114604e+00 9.495818594195048590e+00 -3.302432141721747261e-01 9.495818594195048590e+00 -1.347518956793855338e+01 8.997298182341904038e+00 -3.302432141721747261e-01 8.997298182341904038e+00 7.272647359807900891e+00
-1.426108538632787059e+01 3.029295224827678545e+00 8.293013734611303533e+00 3.029295224827678545e+00 -5.633750669788166476e+01 3.923153372586366316e+00 8.293013734611303533e+00 3.923153372586366316e+00 -1.785552558537282408e+01
-1.677873421226474449e+01 1.146442112997355522e+01 8.529306619734855488e+00 1.146442112997355522e+01 -4.552637642773884608e+01 4.577867303017164602e+00 8.529306619734855488e+00 4.577867303017164602e+00 -1.709495030176272223e+01
3.923297260516326901e+01 -1.127221898275071910e+00 3.071573123589769749e-01 -1.127221898275071910e+00 2.673697751762954544e-01 -7.054905020808106109e+00 3.071573123589769749e-01 -7.054905020808106109e+00 2.319174847454504373e+01
-2.802040635873156305e+01 2.811532007735514149e+00 1.757039150272954942e+01 2.811532007735514149e+00 -2.828334983929861934e+01 8.980959807134196282e+00 1.757039150272954942e+01 8.980959807134196282e+00 -1.213487410814939338e+01
2.609432534763513090e+01 -7.083110478733035009e+00 -4.388125004847385213e-01 -7.083110478733035009e+00 -7.431716383740867293e+00 1.448450883308334447e+01 -4.388125004847385213e-01 1.448450883308334447e+01 2.530082413461724045e+01
2.445561300533084292e+01 3.617532826830246684e+00 -2.125784492331737052e+00 3.617532826830246684e+00 1.612152215185694004e+01 -9.101105173337309395e+00 -2.125784492331737052e+00 -9.101105173337309395e+00 3.998912497853233816e+01
5.694310507568268953e+00 2.214792067501029393e+01 -2.079958367479039616e+00 2.214792067501029393e+01 8.990213868895392535e-01 1.729388761151609666e+00 -2.079958367479039616e+00 1.729388761151609666e+00 -1.098640838215815130e+01
-1.022673455841923928e+00 -1.698040617182845935e+01 -2.909577407040143449e+00 -1.698040617182845935e+01 -1.934144389829479138e+01 -4.559913603189030162e+00 -2.909577407040143449e+00 -4.559913603189030162e+00 3.624335268363010343e-01
-2.303489881407615769e+01 -4.978705912091231589e+00 3.631607726435857941e+00 -4.978705912091231589e+00 -4.853058138553418388e+01 -1.412494053919357739e+01 3.631607726435857941e+00 -1.412494053919357739e+01 -3.225427719286354744e+01
2.545972078506027358e+01 5.817232632143272575e+00 -6.188719204895597237e+00 5.817232632143272575e+00 2.265507310721740808e+01 -1.366066196096763186e+01 -6.188719204895597237e+00 -1.366066196096763186e+01 1.928808952853164271e+01
