4.934645404129797797e+00 -1.787334434145676099e+01 -1.132696190317756724e+01 -1.787334434145676099e+01 -1.716501443613952560e+01 -5.813308414291693538e+00 -1.132696190317756724e+01 -5.813308414291693538e+00 -2.067551026604775899e+01
1.178037972579085135e+01 2.997876212045994318e-02 8.579186364765742923e+00 2.997876212045994318e-02 4.248170988327592212e+00 -5.990430057734818625e+00 8.579186364765742923e+00 -5.990430057734818625e+00 5.458950809209714983e+00
2.367286866993637551e-01 1.606069849096317004e+00 -2.892326167942330883e+00 1.606069849096317004e+00 -1.686804353330822792e+01 5.657615449686361764e+00 -2.892326167942330883e+00 5.657615449686361764e+00 -3.100844505973920562e+01
1.017490279695373268e+01 -6.633837709326298793e+00 4.700999258420486271e+00 -6.633837709326298793e+00 -8.022834245665286801e+00 -6.682473807302896418e+00 4.700999258420486271e+00 -6.682473807302896418e+00 -5.080044285326420805e+01
-1.808216109724177301e+01 7.538579592142400365e+00 -4.320353311787294537e+00 7.538579592142400365e+00 -2.709513457133860381e+00 3.729667738797497911e+00 -4.320353311787294537e+00 3.729667738797497911e+00 -5.089458941463857400e+01
3.424530044978663312e+01 1.123984017428599547e+00 -1.029578566369857562e+00 1.123984017428599547e+00 3.611898300738719314e+01 8.873223596708443850e+00 -1.029578566369857562e+00 8.873223596708443850e+00 2.403182190631484971e+01
-2.055765852340866839e+00 -6.671469887789639230e+00 1.015620980777961702e+00 -6.671469887789639230e+00 1.612227387694138159e+01 -6.283612285988435353e+00 1.015620980777961702e+00 -6.283612285988435353e+00 -3.465116552204570155e+00
-2.053090958838031455e+01 3.830309032212420028e+00 3.880800601082492474e+00 3.830309032212420028e+00 -2.386320881032686003e+01 -2.034600234803062957e+00 3.880800601082492474e+00 -2.034600234803062957e+00 -1.896738840279937932e+01
1.096857166702963049e+01 -7.240732713022469014e+00 8.175814331521440437e+00 -7.240732713022469014e+00 1.925969062102898377e+01 6.163998351369164297e+00 8.175814331521440437e+00 6.163998351369164297e+00 1.441498372772423942e+01
1.903119137252843274e+01 -6.373081399566769001e+00 -5.365049081575488543e+00 -6.373081399566769001e+00 1.438304588636984072e+00 4.602337085263840666e-01 -5.365049081575488543e+00 4.602337085263840666e-01 5.715478398454190589e+00
-1.813953624341871418e+01 1.696850886070029762e+00 1.001859123350370279e-01 1.696850886070029762e+00 -2.564872771082163716e+00 -1.468146769647688643e+00 1.001859123350370279e-01 -1.468146769647688643e+00 3.178499819585469677e-01
1.295324845958884552e+01 1.518748147835320195e+00 -2.774188611743281796e-01 1.518748147835320195e+00 4.094786231976434010e+01 -5.887134962928085358e+00 -2.774188611743281796e-01 -5.887134962928085358e+00 -1.016830781913348192e+00
-3.450782536599051209e+00 4.463290448787636810e-01 1.557395266323609251e+00 4.463290448787636810e-01 -1.196294009009259085e+01 6.104013752505071722e+00 1.557395266323609251e+00 6.104013752505071722e+00 -1.052597691822426107e+01
3.074649168449333558e+01 5.536799031781629132e+00 -6.291098132080930050e-01 5.536799031781629132e+00 2.478298351777985786e+01 -4.138440383503009912e+00 -6.291098132080930050e-01 -4.138440383503009912e+00 1.712885112231825602e+01
2.238155206161745525e+01 1.434546812675715710e+00 5.939368630350784883e+00 1.434546812675715710e+00 1.821418111435527365e+01 2.478185517581484643e+00 5.939368630350784883e+00 2.478185517581484643e+00 3.070349480006398224e+01
-1.405745438535770475e+01 -7.732876708648082076e-01 -6.479873257885787829e+00 -7.732876708648082076e-01 -5.249503611058717212e+00 -1.376117009193183094e+01 -6.479873257885787829e+00 -1.376117009193183094e+01 -7.224849349720787295e+00
-1.306005235645482898e+01 1.115867198996407161e+01 2.295003301790733641e+00 1.115867198996407161e+01 -1.678017374517508387e+01 -7.844751098274686640e+00 2.295003301790733641e+00 -7.844751098274686640e+00 -2.626968455671661928e+01
3.323740208309762068e+01 -1.432956688491333352e+01 4.015759450157210253e+00 -1.432956688491333352e+01 3.940968022211336574e+01 -1.202174380185721958e+01 4.015759450157210253e+00 -1.202174380185721958e+01 1.781002821908127487e+01
1.254421683147498712e+01 -9.084614229788897433e+00 2.511417534500980597e+00 -9.084614229788897433e+00 -4.755683521891498899e-01 -3.642639584072381975e+00 2.511417534500980597e+00 -3.642639584072381975e+00 -3.081280761618119257e+01
2.930541518034746673e+01 -1.958795982410910907e+00 5.448150320013880332e+00 -1.958795982410910907e+00 4.401955892432952311e+01 -3.447188843400056157e+00 5.448150320013880332e+00 -3.447188843400056157e+00 4.246744378801570718e+01
-1.856585383220627605e+01 1.491065554607109156e-01 1.354668493345282343e+01 1.491065554607109156e-01 -4.304826377893502531e+00 -1.145842945964830051e+01 1.354668493345282343e+01 -1.145842945964830051e+01 -3.772893327040224065e+00
1.308672279032302477e+01 -1.168175280230324731e+01 4.806265395724794054e+00 -1.168175280230324731e+01 2.041704147282148440e+00 8.052865405295166923e+00 4.806265395724794054e+00 8.052865405295166923e+00 -6.509057531908946093e-01
-6.432676892807180025e+00 8.625403675135673964e+00 2.771388272750534565e+00 8.625403675135673964e+00 -9.530129216971685580e+00 -7.979966343621788027e+00 2.771388272750534565e+00 -7.979966343621788027e+00 -1.382349444781653425e+01
-2.524341968950341908e+01 -4.940080905794707711e+00 -1.789187989969933001e+00 -4.940080905794707711e+00 -1.225552317494808285e+01 6.744692251793760640e+00 -1.789187989969933001e+00 6.744692251793760640e+00 -4.411411755552762770e+01
-2.730136012802010903e+00 1.685841716775359656e+00 9.520605961399301265e+00 1.685841716775359656e+00 -5.951275927426866730e+00 -3.075261843770960457e+00 9.520605961399301265e+00 -3.075261843770960457e+00 -3.670071965195140340e+00
1.154113428071522840e+01 -1.049686135742532400e+01 1.154453198750897158e+01 -1.049686135742532400e+01 5.069910960420832780e+00 -1.179547890515565456e+01 1.154453198750897158e+01 -1.179547890515565456e+01 1.707098965729349382e+00
-3.404386340216202456e+01 -2.823217951388383273e+00 -1.286752737133692648e+01 -2.823217951388383273e+00 -4.779458767279022169e+01 -1.440953319280943390e+01 -1.286752737133692648e+01 -1.440953319280943390e+01 -3.601845260993093234e+01
3.658089899445878146e+00 -1.158124431156827328e+01 -8.170976496121592492e-01 -1.158124431156827328e+01 8.804757896235322789e+00 5.734201812410741894e+00 -8.170976496121592492e-01 5.734201812410741894e+00 -2.241051657694857369e+01
2.176871335745896019e+01 -2.958228209914201212e+00 -1.116482957905279605e+01 -2.958228209914201212e+00 2.974433704397835498e+01 -9.685613295694158964e+00 -1.116482957905279605e+01 -9.685613295694158964e+00 4.036014163589707238e+01
-3.584063767906059184e+01 -4.492377452536684856e+00 6.008109747570556713e+00 -4.492377452536684856e+00 -3.522239312413242374e+01 -2.049617819640798255e-01 6.008109747570556713e+00 -2.049617819640798255e-01 -4.118999938743369427e+01
5.134676557422213250e+01 9.317012451663144734e-01 2.525632385589823947e+00 9.317012451663144734e-01 3.746826087001294070e+01 -4.430708949103594918e+00 2.525632385589823947e+00 -4.430708949103594918e+00 2.149003535372041895e+01
5.782235726377724205e+01 5.626293769489159047e+00 -3.285398994121889460e-02 5.626293769489159047e+00 4.167758985909648572e+01 -1.279961830155684099e+00 -3.285398994121889460e-02 -1.279961830155684099e+00 8.063350911908919727e+00
1.007447581632286138e+01 -1.040827599060479614e+01 -5.707364012079942484e+00 -1.040827599060479614e+01 1.571751210649155439e+01 -1.171734794179676520e+01 -5.707364012079942484e+00 -1.171734794179676520e+01 1.227285252768108181e+00
2.447942585560502238e+01 -1.839739861981140479e+01 -5.593114792058486717e-01 -1.839739861981140479e+01 1.490846571043094038e+01 -7.781288865788175357e+00 -5.593114792058486717e-01 -7.781288865788175357e+00 -1.322244568889024086e+00
2.583985595210750219e+01 -1.793513167678137066e+00 5.360071794894124331e+00 -1.793513167678137066e+00 2.398656408128948314e+01 -7.431402476204902463e+00 5.360071794894124331e+00 -7.431402476204902463e+00 5.461325083931245494e+00
2.134837268758333906e+01 -1.348067202237328566e+00 1.821041671350409530e+01 -1.348067202237328566e+00 1.543467946132879121e+01 7.984419037714280520e+00 1.821041671350409530e+01 7.984419037714280520e+00 -3.855383256669485093e+01
8.533178234413810515e+00 -6.005921093217351014e+00 -5.163564277004127234e+00 -6.005921093217351014e+00 -5.452011457719667220e+00 -1.119480375311468379e+00 -5.163564277004127234e+00 -1.119480375311468379e+00 -5.755371783480840264e+01
-1.205722652906498205e+01 8.663906290464513660e+00 2.498487000969016325e+00 8.663906290464513660e+00 -1.188643958442951920e+01 -4.615751000535782467e+00 2.498487000969016325e+00 -4.615751000535782467e+00 -2.228498217779165813e+01
-6.124457248115584562e+00 8.013066577583559891e+00 9.064450375907263435e+00 8.013066577583559891e+00 -6.260388209998998255e-01 -9.236281727807477138e-01 9.064450375907263435e+00 -9.236281727807477138e-01 1.038301127482530362e+01
4.136549348662341252e+00 -2.386172621327400656e-01 -8.316244933325972255e+00 -2.386172621327400656e-01 -1.254153808594888098e+01 -4.791844156690994616e+00 -8.316244933325972255e+00 -4.791844156690994616e+00 -8.448861293867974354e+00
-3.053222529031006971e+01 -4.730632359480318461e-01 1.164211607867318499e+01 -4.730632359480318461e-01 -3.860372920630514670e+01 -1.163082740146300198e+00 1.164211607867318499e+01 -1.163082740146300198e+00 -4.755378421919930076e+01
1.362412605881657690e+01 -4.071297334733115392e+00 -1.403588190322345497e+01 -4.071297334733115392e+00 -4.073695183699581612e+00 -4.980304502203402706e+00 -1.403588190322345497e+01 -4.980304502203402706e+00 -7.119227482012641772e+00
7.939164621532218469e+00 -1.226675128370930068e+01 -8.860101434689335420e+00 -1.226675128370930068e+01 -1.174001968891398917e+01 -3.107815724833528304e+00 -8.860101434689335420e+00 -3.107815724833528304e+00 -1.064204764082306243e+00
1.916669479046284508e+01 -2.257270997223973197e+01 -1.173105964936733514e+01 -2.257270997223973197e+01 1.617672090905931626e+01 -2.796936037861777358e+00 -1.173105964936733514e+01 -2.796936037861777358e+00 1.040491155312546745e+01
2.728658180552831158e+00 -5.034260998582480440e+00 -2.926333909865470062e+01 -5.034260998582480440e+00 -4.935217507300662554e+00 -4.782339823093172626e+00 -2.926333909865470062e+01 -4.782339823093172626e+00 -2.317440628622588483e-01
1.642061886346085942e+01 -8.522859195633909479e+00 -1.149776534857265631e+01 -8.522859195633909479e+00 5.591975129043985859e+00 7.898168519869900983e+00 -1.149776534857265631e+01 7.898168519869900983e+00 1.872923012067871262e+00
-3.590804497960797259e-01 1.020004407564780280e+01 1.188669451955097212e-01 1.020004407564780280e+01 -6.422341290793203150e-01 1.617776173861686040e+00 1.188669451955097212e-01 1.617776173861686040e+00 -1.076103396124932665e+00
3.387899645560422357e+01 4.573078256065067349e-01 -2.693187666675066261e+00 4.573078256065067349e-01 2.866229655064433857e+01 -2.005415949771158779e+00 -2.693187666675066261e+00 -2.005415949771158779e+00 2.474524835159507674e+01
-2.261222355508683890e+01 3.966096395166655242e+00 1.876166203809689348e-01 3.966096395166655242e+00 -1.853723920667668779e+01 -2.642470678917861360e+00 1.876166203809689348e-01 -2.642470678917861360e+00 -4.993266463631714558e+00
-6.218404419719700371e+01 2.051492253302546587e+00 1.010322312609191187e+01 2.051492253302546587e+00 -5.453952831268903623e+01 -5.351606154962869510e+00 1.010322312609191187e+01 -5.351606154962869510e+00 -7.526788741803416372e+01
