-4.117530517554175873e+01 5.852463394867813973e-01 -5.523091475557667662e-01 5.852463394867813973e-01 2.229990873442756083e+01 5.218811384648407881e+00 -5.523091475557667662e-01 5.218811384648407881e+00 -2.590333087594919981e+00
2.667195054753657146e+01 -4.162238475084489409e+00 -9.881092538066768682e+00 -4.162238475084489409e+00 1.556753091879506812e+01 -2.392625693764091732e+00 -9.881092538066768682e+00 -2.392625693764091732e+00 7.577865586877391202e+00
-1.635850210303233609e+01 -3.791079444910324447e+00 8.008894065981069232e+00 -3.791079444910324447e+00 7.434637615224958473e+00 4.357468189981595685e+00 8.008894065981069232e+00 4.357468189981595685e+00 -3.891630444847324100e+01
2.211991896106004774e+01 -6.132890140365138798e+00 -1.301567673909056211e+01 -6.132890140365138798e+00 2.301945637559716218e+01 1.246490107688325466e+00 -1.301567673909056211e+01 1.246490107688325466e+00 3.421386623904870028e+00
-2.687482607903224263e+01 9.204454262981426993e+00 -3.013826053789552706e+00 9.204454262981426993e+00 -1.006850485431691666e+01 6.324378778210936192e-01 -3.013826053789552706e+00 6.324378778210936192e-01 -5.426929889512320671e+01
5.147355065474391012e+01 1.281399365112084787e+01 4.065877280754634171e+00 1.281399365112084787e+01 2.020578092575685858e+01 1.666845960548359651e+00 4.065877280754634171e+00 1.666845960548359651e+00 3.614968505403879107e+01
-2.912802608650697067e+01 5.703765508403454199e+00 -1.553199558339199093e+01 5.703765508403454199e+00 -8.504294905552100658e+00 -1.285844489841958627e+01 -1.553199558339199093e+01 -1.285844489841958627e+01 -1.048019252058085904e+01
-1.454196348459456445e+01 4.843438470213707880e+00 1.341021005349560902e+01 4.843438470213707880e+00 2.419487417428306131e+01 -4.477611586181006409e+00 1.341021005349560902e+01 -4.477611586181006409e+00 -4.451106379303368499e+01
-4.287026167086166462e-01 3.712187426076807739e+00 6.500474263667013197e+00 3.712187426076807739e+00 2.803102741380307350e+01 1.450830814718930828e+00 6.500474263667013197e+00 1.450830814718930828e+00 -7.601672304073784581e+00
-4.999885934877794114e+01 5.871680489683194892e+00 2.719203992682645565e-01 5.871680489683194892e+00 -2.979610638781210952e+01 -2.267857615672526972e+00 2.719203992682645565e-01 -2.267857615672526972e+00 -2.752753800186516742e+01
-1.956050681198868801e+01 2.404776076479630209e+00 -6.916226478727459437e+00 2.404776076479630209e+00 3.305624825218713880e+01 -4.276035378882434124e+00 -6.916226478727459437e+00 -4.276035378882434124e+00 -7.442718067622676870e+01
3.481102680651173387e+01 2.176998591164290531e+01 1.176732463184047894e+01 2.176998591164290531e+01 8.201752952161776022e+00 -2.626252840140334222e+00 1.176732463184047894e+01 -2.626252840140334222e+00 4.220555773397512667e+01
-1.268702980767525013e+01 -5.457961840970074086e+00 1.047936694665010471e+01 -5.457961840970074086e+00 -5.797775586448216956e+01 1.587749154279441299e+01 1.047936694665010471e+01 1.587749154279441299e+01 -1.955839121865445662e+01
2.629957217901907640e+01 -2.013845638820201955e+01 6.618222022588723163e+00 -2.013845638820201955e+01 1.256573464331031964e+01 7.252561844685325276e+00 6.618222022588723163e+00 7.252561844685325276e+00 3.695921115035447713e+01
-1.818340571771638281e+01 5.668835278661455312e+00 -5.820266232962902464e+00 5.668835278661455312e+00 -2.930209855741919966e+01 -6.058750896841601508e-01 -5.820266232962902464e+00 -6.058750896841601508e-01 -1.759551044260440511e+00
-4.940755824739215285e+01 -1.280455266090996247e+00 2.044504213287041683e+00 -1.280455266090996247e+00 -2.993880615861883143e+01 1.740657634309047097e+01 2.044504213287041683e+00 1.740657634309047097e+01 -3.625898806252205731e+01
3.433776787130790353e+01 8.907496093984903496e+00 -1.093630715011608245e+01 8.907496093984903496e+00 -1.831501319211762180e+01 1.438119849014612939e+01 -1.093630715011608245e+01 1.438119849014612939e+01 3.622812262943580208e+01
-1.410270032672859841e+01 -8.076172484515812044e+00 -9.317028325150175760e+00 -8.076172484515812044e+00 6.649707758167039628e+00 -8.665784756799473243e+00 -9.317028325150175760e+00 -8.665784756799473243e+00 -7.049141863752954862e+01
-8.733436822423344736e+00 -8.003490392852009805e+00 3.306833356510129107e+01 -8.003490392852009805e+00 -3.641167939901739459e+01 -4.204328193903027477e-01 3.306833356510129107e+01 -4.204328193903027477e-01 1.802946906330951293e+01
3.595025364703383275e+01 -1.295238568361394726e+01 -7.031586193437935339e-01 -1.295238568361394726e+01 -1.779200808961650182e+01 -1.223282305595911335e-01 -7.031586193437935339e-01 -1.223282305595911335e-01 3.528039886576383566e+01
1.814226292830053922e+01 1.751713651996467291e+01 8.636788734461834594e+00 1.751713651996467291e+01 -1.736703798429786261e+01 -4.565975241221752690e+00 8.636788734461834594e+00 -4.565975241221752690e+00 1.445953943221415194e+01
5.657794904806818437e+01 -5.105552682082175053e+00 -1.594756409530060282e+01 -5.105552682082175053e+00 5.068062601835877423e+00 8.214261718162638726e-01 -1.594756409530060282e+01 8.214261718162638726e-01 6.039745176425770268e+01
-1.422697715054993317e+01 -3.419328916567683674e+00 -1.035209819671253051e+01 -3.419328916567683674e+00 -2.861776763305821092e+01 5.657135517997550878e+00 -1.035209819671253051e+01 5.657135517997550878e+00 -1.692582155050415338e+01
4.753232198999202573e+00 -3.257525819127506050e+00 -1.257153965927557593e+01 -3.257525819127506050e+00 2.228319052248832222e+01 -1.585250806220847508e+01 -1.257153965927557593e+01 -1.585250806220847508e+01 -2.284512429815521273e+01
-2.264108269798416284e+00 -1.273567003998150149e+01 1.139701785613414842e+01 -1.273567003998150149e+01 -3.395937259492719562e+01 -1.474599813221149347e+01 1.139701785613414842e+01 -1.474599813221149347e+01 3.233274585012558155e+00
2.577002818877087620e+01 -1.222789376224760194e-01 -7.394801105892093496e+00 -1.222789376224760194e-01 1.734774057244480616e+01 8.234776503443292484e+00 -7.394801105892093496e+00 8.234776503443292484e+00 1.521812826000078722e+01
1.146916716914179446e+01 -3.576462033421849540e+00 1.624571190834179646e+01 -3.576462033421849540e+00 -1.641773777678092472e+01 9.022205529626939891e-01 1.624571190834179646e+01 9.022205529626939891e-01 8.231917829429738376e+00
-2.944444375229626232e+01 -1.902596825788689383e+00 -1.145749456702491642e+01 -1.902596825788689383e+00 -2.163143028418699032e+01 1.585556842919213727e+00 -1.145749456702491642e+01 1.585556842919213727e+00 -4.922959179822245801e+01
-8.647796214216102451e-01 1.053178891215962448e-01 6.912213227783326808e+00 1.053178891215962448e-01 3.973022635970534111e+01 -4.314193588624037012e+00 6.912213227783326808e+00 -4.314193588624037012e+00 -3.203750806967529741e+01
5.521019416923792988e+01 -1.296907255778694479e+00 1.273377631932122966e+01 -1.296907255778694479e+00 -9.827719423321934045e+00 -2.125781815684804066e+00 1.273377631932122966e+01 -2.125781815684804066e+00 2.519371424218848077e+01
4.117029697352987938e+01 -4.609720082574519928e+00 -6.928107794632002658e+00 -4.609720082574519928e+00 -3.900158440233097323e+00 -9.601588293911918370e+00 -6.928107794632002658e+00 -9.601588293911918370e+00 3.804912804903874957e+01
-6.246625312433152288e+01 -1.784838793358898945e+00 1.063546301536829386e+00 -1.784838793358898945e+00 1.861872937425928498e+01 1.954578908527079717e+00 1.063546301536829386e+00 1.954578908527079717e+00 -1.470396554265249911e+01
4.817913301806149917e+01 8.034238470200692817e+00 3.830189426555704379e+00 8.034238470200692817e+00 1.345407677140931568e+01 -3.261685370570825415e-01 3.830189426555704379e+00 -3.261685370570825415e-01 4.267811393180467405e+01
9.067890657969549295e+00 3.149085965474656579e+00 -4.618661333114903123e+00 3.149085965474656579e+00 -3.658790329122460605e+01 -7.017977592314651680e+00 -4.618661333114903123e+00 -7.017977592314651680e+00 1.068748754412536917e+00
-3.850036091536740424e-01 -4.083223468914353838e+00 -5.580129504175955546e+00 -4.083223468914353838e+00 1.629545668780456324e+01 5.090021797734911591e-01 -5.580129504175955546e+00 5.090021797734911591e-01 2.702125049077918284e+00
-3.302400695001449549e+01 3.903511623141813658e+00 -1.410186357225298792e+01 3.903511623141813658e+00 -1.146551197671357158e+01 -2.117244819827967106e+01 -1.410186357225298792e+01 -2.117244819827967106e+01 6.721176515824925701e+00
2.753405324484377914e+01 5.930336086983987620e+00 6.636722504293840252e+00 5.930336086983987620e+00 5.074280640963549871e+01 -3.565453882309337796e+00 6.636722504293840252e+00 -3.565453882309337796e+00 -1.108450281030332225e-03
6.109071671749757115e+01 9.784026847819779604e+00 -1.316571035454177796e+01 9.784026847819779604e+00 -7.208816372144692952e-01 9.561796916410660430e+00 -1.316571035454177796e+01 9.561796916410660430e+00 6.071112983130171870e+01
-4.155350749613791805e+01 -1.252207509119663875e+01 -1.093799397378058424e+00 -1.252207509119663875e+01 -4.747579753646869349e+00 -7.348092549991346978e+00 -1.093799397378058424e+00 -7.348092549991346978e+00 -2.123543067508972726e+01
1.713881694199336891e+01 1.743772890838628520e+00 -1.180883320386348423e+01 1.743772890838628520e+00 -1.117808534551260280e+01 -1.438550742514812519e+00 -1.180883320386348423e+01 -1.438550742514812519e+00 1.523627930464759084e+00
4.126842106769701424e+00 4.381689890425692901e+00 -1.534556235452943618e+01 4.381689890425692901e+00 -2.001071349644605846e+01 7.880773077718890463e+00 -1.534556235452943618e+01 7.880773077718890463e+00 -2.832201466814130986e-01
-2.708745890599756478e+01 8.532311587080387838e+00 5.299170418132715277e+00 8.532311587080387838e+00 2.228359209364912275e+01 -4.299022006706763932e+00 5.299170418132715277e+00 -4.299022006706763932e+00 -5.819241450956562289e+01
-1.666607980472648620e+01 -3.518430327057928131e-01 5.378978710111458561e+00 -3.518430327057928131e-01 -7.085585657584127262e+01 -1.045760414014856998e+01 5.378978710111458561e+00 -1.045760414014856998e+01 -3.872995507673138160e+00
-2.636275997541290650e+01 -3.925258284824753030e+00 -8.576401062004409326e+00 -3.925258284824753030e+00 -7.030142655108880945e+01 9.158320039934730872e+00 -8.576401062004409326e+00 9.158320039934730872e+00 -2.923027173526862299e+01
2.980097883082290622e+00 1.343978253251222021e+01 1.123323337735763161e+01 1.343978253251222021e+01 -5.347858214149759704e+00 1.327712236604911844e+01 1.123323337735763161e+01 1.327712236604911844e+01 -2.650533032382724752e+00
3.883243034775077263e+01 -2.901706899747246382e+00 6.804719465438294534e+00 -2.901706899747246382e+00 5.302812119314238792e+00 -3.150964222887761235e+00 6.804719465438294534e+00 -3.150964222887761235e+00 4.976037173673699954e+01
3.349507513516555690e+01 8.209341062283378676e+00 5.920556804073256352e+00 8.209341062283378676e+00 1.604307130805309001e+01 1.519360817584978030e+01 5.920556804073256352e+00 1.519360817584978030e+01 3.189275437494447374e+01
-1.592178859654563006e+01 9.869482060075261742e+00 2.619236502656648646e+00 9.869482060075261742e+00 -4.862702999523381919e+01 -2.215488069723338782e+00 2.619236502656648646e+00 -2.215488069723338782e+00 -1.770849085322662120e+01
-2.721615727666690798e+00 -1.698107051487485641e+00 6.084084576443697934e+00 -1.698107051487485641e+00 3.342620417504540598e+01 -5.233807867389382196e+00 6.084084576443697934e+00 -5.233807867389382196e+00 -4.424944128808265731e+01
8.374745090213306931e-01 -5.122844974122159556e+00 2.353440063363909651e+00 -5.122844974122159556e+00 -1.353333484271760767e+01 7.316078452999373205e+00 2.353440063363909651e+00 7.316078452999373205e+00 -7.555283814594838887e+00
-3.085316393865377194e+01 9.484982076233690051e+00 -2.672267376878266987e+00 9.484982076233690051e+00 -1.855813220250855622e+01 3.664195389631306643e+00 -2.672267376878266987e+00 3.664195389631306643e+00 -3.850391937200721770e+01
-2.342294847888287990e+01 3.985229070524418216e+00 -7.096431608660115131e+00 3.985229070524418216e+00 -3.518322716135204331e+01 -1.459650501491693397e+00 -7.096431608660115131e+00 -1.459650501491693397e+00 -2.407812538242704647e+01
-2.715664278050174740e+00 1.049573718662831467e+01 1.904312144218547687e+01 1.049573718662831467e+01 2.089647740695189171e+01 5.618584444212451956e+00 1.904312144218547687e+01 5.618584444212451956e+00 -9.946115019140004065e+00
5.472089719951886089e+00 2.104656987132829116e+00 1.002255925076063647e+01 2.104656987132829116e+00 5.437573305631782539e+00 1.101695834598714541e+01 1.002255925076063647e+01 1.101695834598714541e+01 -5.108216474065943480e+00
-1.891643833771595595e+01 -6.917898892595367721e-01 1.512773979091453747e+01 -6.917898892595367721e-01 4.542048129557617386e+01 3.351125028943254147e+00 1.512773979091453747e+01 3.351125028943254147e+00 -6.077836520234924933e+01
8.388133934839412387e-01 -1.286058383474558120e+01 -1.176590862763876366e+01 -1.286058383474558120e+01 -1.432804393361523410e+01 8.980949034651644070e+00 -1.176590862763876366e+01 8.980949034651644070e+00 -7.460703308370740139e+00
-1.479333706906518131e+01 -2.225717830063982938e-01 1.870455812825389330e+01 -2.225717830063982938e-01 -4.892357507049202781e+01 -5.075769862387000231e+00 1.870455812825389330e+01 -5.075769862387000231e+00 -3.406537125464287641e+01
-3.440235478032590777e+01 3.106563544111431874e+00 -1.406162348737430534e+01 3.106563544111431874e+00 -3.478598666871739908e+01 3.599373208428179982e+00 -1.406162348737430534e+01 3.599373208428179982e+00 -3.754985452058085826e+01
3.768277254841358115e+01 -4.687248332282186958e+00 1.755929946014596865e+01 -4.687248332282186958e+00 1.907781502289992304e+01 1.573713844034516862e+00 1.755929946014596865e+01 1.573713844034516862e+00 3.208291995362662874e+01
-1.955480353970304463e+01 4.808087712128622293e+00 7.378724835978998087e+00 4.808087712128622293e+00 -4.634810995381073440e+01 -1.617630378134566893e+00 7.378724835978998087e+00 -1.617630378134566893e+00 -1.931075683749587668e+01
-3.356577067070821840e+01 5.401232180194353916e+00 -1.165694553570145287e+00 5.401232180194353916e+00 2.453988904410333305e+01 -4.153365360877970258e-01 -1.165694553570145287e+00 -4.153365360877970258e-01 -6.656964922307867027e+01
-1.297906609537426981e+01 -7.825584011007853391e+00 -1.084829559601145910e+01 -7.825584011007853391e+00 5.828946634571034124e+00 -8.797605538042041928e+00 -1.084829559601145910e+01 -8.797605538042041928e+00 -2.438769489201014551e+01
-3.537166767837182313e+00 1.666023798152927560e+00 4.660862502218293457e+00 1.666023798152927560e+00 4.486282045982856737e+00 -4.284675752957818773e+00 4.660862502218293457e+00 -4.284675752957818773e+00 -8.333858285268402000e+00
-2.459613986047325174e+00 7.856330404328359052e+00 8.324707157498389520e+00 7.856330404328359052e+00 -3.100656964555953010e+01 9.930944988124709383e+00 8.324707157498389520e+00 9.930944988124709383e+00 -5.705177599194643179e+00
1.186190592660821075e+01 -3.439018485455947793e+00 3.879511073666471077e+00 -3.439018485455947793e+00 1.632135095838600591e+01 2.685980418500849787e+00 3.879511073666471077e+00 2.685980418500849787e+00 1.296884694207703959e+01
-1.849531909550170639e+01 7.506945305482305208e+00 6.184005811019292587e+00 7.506945305482305208e+00 -7.403993632424546334e+00 -1.542653695686046156e+00 6.184005811019292587e+00 -1.542653695686046156e+00 -7.450435166161351042e+00
1.537323581173828391e+00 -1.603007369624325307e+01 -1.794516749308542103e+01 -1.603007369624325307e+01 -3.310270893211678356e+01 4.522587158172234112e+00 -1.794516749308542103e+01 4.522587158172234112e+00 2.092938513831962410e+01
-5.139935357413624217e+01 -9.341207539750667976e+00 -4.783419268107301114e+00 -9.341207539750667976e+00 -4.203283008908157115e+01 7.802082351410853711e+00 -4.783419268107301114e+00 7.802082351410853711e+00 -3.691210820965714134e+01
1.604981984423707209e+00 2.285432039238509905e+00 -9.254526282794570236e+00 2.285432039238509905e+00 2.167887837138258789e+01 -3.369656824639434500e+00 -9.254526282794570236e+00 -3.369656824639434500e+00 -2.959950215225682868e+01
-2.381927151179388247e+00 -5.887730851800634824e+00 7.932051277478674223e+00 -5.887730851800634824e+00 -4.491316254562424604e+01 -6.724521121111322941e+00 7.932051277478674223e+00 -6.724521121111322941e+00 -5.110169195485032567e+00
-1.495519267666181662e+01 -1.648243781819765630e+01 -1.420978399535597125e+00 -1.648243781819765630e+01 -4.634545747072134958e+01 1.133541170967379408e+01 -1.420978399535597125e+00 1.133541170967379408e+01 -2.297178959605927062e+01
1.185058566900338839e+01 6.338999905103383625e+00 3.004518819632398863e+00 6.338999905103383625e+00 -3.804370080124416376e+01 1.110510545824025641e+00 3.004518819632398863e+00 1.110510545824025641e+00 1.451422637358555967e+01
6.313544908591252280e+00 1.471187914840338173e+01 -1.057672866347851759e+01 1.471187914840338173e+01 -7.587398628144866564e+01 1.765810147755441761e+01 -1.057672866347851759e+01 1.765810147755441761e+01 4.454103648390017600e-01
2.594942436886896076e+01 4.081996972301925375e+00 -1.715552446290742239e+01 4.081996972301925375e+00 8.542167414105090728e+00 2.974306722469170605e+00 -1.715552446290742239e+01 2.974306722469170605e+00 1.611312233429202578e+01
1.729127081579861525e+01 5.503067934739446443e+00 -2.364517953456214183e+00 5.503067934739446443e+00 -1.509419339103416391e+01 -1.047157479991929430e+00 -2.364517953456214183e+00 -1.047157479991929430e+00 2.478784666214145815e+01
-6.902168559370770140e+01 -3.566646552806233661e+00 1.473005147210704191e+00 -3.566646552806233661e+00 1.311326819420412804e+01 -4.021103158883065021e+00 1.473005147210704191e+00 -4.021103158883065021e+00 -1.756741738957681775e+01
-1.471132340543327643e+01 1.635962944142046993e+01 -1.196884970620972410e+01 1.635962944142046993e+01 -4.109605363882429252e+00 1.091367586509438503e+01 -1.196884970620972410e+01 1.091367586509438503e+01 -3.269046099227990965e+01
-1.051735088704172227e+01 -3.153475018261364671e+00 3.697070580977972032e+00 -3.153475018261364671e+00 1.118584871651335888e+01 -1.200584154249778379e+00 3.697070580977972032e+00 -1.200584154249778379e+00 8.301924404478931763e+00
-3.014827869781592895e+01 2.065323508570644950e+00 -1.615323860494880748e+01 2.065323508570644950e+00 -7.889052686129670633e+01 8.780500515386375326e+00 -1.615323860494880748e+01 8.780500515386375326e+00 -2.087374222816396951e+01
-4.031285096416441505e+00 3.584891372089912487e+00 -1.003652194556696298e+00 3.584891372089912487e+00 -3.999089607181380757e+01 -8.968611309217459748e+00 -1.003652194556696298e+00 -8.968611309217459748e+00 3.736026877639314403e+00
2.493811156453961342e+00 1.703302069315346445e+00 -3.727901657194125473e+00 1.703302069315346445e+00 4.405744732991116308e+01 2.093665110959098907e+00 -3.727901657194125473e+00 2.093665110959098907e+00 -2.791584897945385180e+01
3.607115227240155519e+01 1.612367379013267765e+01 -7.654609562841502068e+00 1.612367379013267765e+01 -7.337023596632165079e-01 -1.121837236196183696e+01 -7.654609562841502068e+00 -1.121837236196183696e+01 3.584860692844981145e+01
-3.131892482661909938e+01 -6.610770712836394836e+00 -1.563860100643998940e+01 -6.610770712836394836e+00 -3.000461976106191386e+01 -4.712863600334127767e+00 -1.563860100643998940e+01 -4.712863600334127767e+00 -1.736767864036463394e+01
-4.882956856969894233e+00 7.998737656014974995e+00 -3.048043181803562263e+00 7.998737656014974995e+00 -3.070270722773035033e+01 -3.416422128108186129e+00 -3.048043181803562263e+00 -3.416422128108186129e+00 5.711073982003422422e+00
-1.549350463309263404e+01 -5.340250566491148376e+00 1.422599726543970000e+01 -5.340250566491148376e+00 -2.963939640097396477e+01 -3.343996930638928333e+00 1.422599726543970000e+01 -3.343996930638928333e+00 -1.199944122986809703e+01
3.173559725956955901e+00 8.710469896563182601e+00 -7.756426680910936788e+00 8.710469896563182601e+00 -3.942764901970245006e+01 1.585142454655374600e+01 -7.756426680910936788e+00 1.585142454655374600e+01 -5.791023628806689416e+00
-2.450358564748353984e+01 2.108772127168685628e+01 -2.560425703137720332e-01 2.108772127168685628e+01 -3.243207350446525083e+01 -4.693128420432428616e-01 -2.560425703137720332e-01 -4.693128420432428616e-01 -2.096117074048299500e+01
-9.393116835606855730e+00 -1.186451299578514629e+01 -6.024105844954414923e-01 -1.186451299578514629e+01 -1.031855596162922950e+01 3.151611976508786661e+00 -6.024105844954414923e-01 3.151611976508786661e+00 -2.062929111527361314e+01
-1.283798841338853869e+01 6.505462046158199563e+00 -5.516188972533852208e+00 6.505462046158199563e+00 -2.040028523286679984e+01 2.838668845558320886e+00 -5.516188972533852208e+00 2.838668845558320886e+00 -2.832759456604950898e+01
-1.213467061947797099e+01 2.015978325577349128e+00 -3.194593120066587799e-01 2.015978325577349128e+00 1.790498475121257727e+01 -1.151230021213366372e+00 -3.194593120066587799e-01 -1.151230021213366372e+00 -5.525781549950263383e+01
-3.109149233979992744e+01 -9.098351566575017202e+00 -1.009768051960586455e+01 -9.098351566575017202e+00 -3.419488980092822317e+01 7.273389390834977597e+00 -1.009768051960586455e+01 7.273389390834977597e+00 -3.049650853484008906e+01
1.675073259620727484e+01 6.264470047745314574e+00 -2.135865713808204802e+01 6.264470047745314574e+00 -2.842916036357154752e+01 -1.477531533441688028e-01 -2.135865713808204802e+01 -1.477531533441688028e-01 1.257125300721272332e+01
-3.973453890264393884e+00 1.359230757048449156e+01 -6.853107085703906698e+00 1.359230757048449156e+01 3.188990100008185991e+01 -1.518200549313003744e+00 -6.853107085703906698e+00 -1.518200549313003744e+00 -3.374096015973089635e+01
-6.187581959100596052e+00 -4.665668006402286849e+00 -7.947139112150987117e+00 -4.665668006402286849e+00 5.634881381181615190e+00 7.572192176236909766e+00 -7.947139112150987117e+00 7.572192176236909766e+00 -6.531475049945765221e+00
-3.489624055275032077e+01 6.608825765596838764e+00 -9.651161202112447768e+00 6.608825765596838764e+00 -3.467117017257588429e+01 -1.287633576907158073e+01 -9.651161202112447768e+00 -1.287633576907158073e+01 -3.873268838162324101e+01
-3.552918951984239015e+00 2.330284233492453438e+01 2.845478410012668657e+00 2.330284233492453438e+01 2.032002392127013835e+01 2.536727266969475814e+00 2.845478410012668657e+00 2.536727266969475814e+00 -2.680854749788971247e+01
-2.017880051211660586e+01 1.499833329416129324e+01 -3.357400345216869364e-01 1.499833329416129324e+01 -5.283334352299762315e+01 -4.978050894910174939e+00 -3.357400345216869364e-01 -4.978050894910174939e+00 -1.468654017167715864e+01
2.408233750363642045e+01 -3.165042254324778259e+00 -5.073637152167472131e+00 -3.165042254324778259e+00 5.696512744128168215e+00 -1.005976386715375037e+00 -5.073637152167472131e+00 -1.005976386715375037e+00 2.351064201147279320e+01
4.587426411673668269e+00 1.619182587245302729e+00 3.241318821802157135e-01 1.619182587245302729e+00 7.790691265787464737e+00 1.457205942469265159e+00 3.241318821802157135e-01 1.457205942469265159e+00 -9.929770731443722909e+00
-2.928953907322219408e+01 -3.498487105435467814e+00 7.898081761516145605e+00 -3.498487105435467814e+00 -2.807242364452680050e+01 -3.238994453210837676e+00 7.898081761516145605e+00 -3.238994453210837676e+00 -2.266006439059806610e+01
