-4.126699246607054228e+00 1.837191139299635978e+01 -5.846217327573513423e+00 1.837191139299635978e+01 -1.293850599698839332e+01 -2.061133887426483291e+00 -5.846217327573513423e+00 -2.061133887426483291e+00 -4.462502760404106539e+01
7.565261833865945640e+00 -4.651666641565527782e-01 4.514142553072459485e+00 -4.651666641565527782e-01 -1.541660038753623896e+00 -1.195182580721272103e+01 4.514142553072459485e+00 -1.195182580721272103e+01 7.627207134380813436e+00
-1.259457363280242248e+01 9.663461912645644247e+00 -6.080183913736570744e+00 9.663461912645644247e+00 -1.088697294922625503e+01 -1.718287390233439993e+01 -6.080183913736570744e+00 -1.718287390233439993e+01 -2.550361158765976555e+01
-1.596841991447987885e+00 -4.978901871198899265e+00 -1.279728838984192940e+01 -4.978901871198899265e+00 5.236567567260019374e+00 -1.547077312037216501e+01 -1.279728838984192940e+01 -1.547077312037216501e+01 -4.686147873763261629e+01
-1.967709155914793939e+01 7.386676360369970773e+00 3.290930569837714703e+00 7.386676360369970773e+00 -1.769312311860806375e+01 6.778118868457556623e+00 3.290930569837714703e+00 6.778118868457556623e+00 -1.879238590658649954e+01
3.224905827126929836e+01 -2.681889818958364202e+00 -4.853305286313243094e+00 -2.681889818958364202e+00 1.215310295890499148e+01 -6.917360804084281334e+00 -4.853305286313243094e+00 -6.917360804084281334e+00 -2.997032618831628170e+01
-1.838414110032924853e+01 1.762538794284012411e+01 3.751857677391104762e+00 1.762538794284012411e+01 -1.892700795422152282e+01 -1.289351070915334496e+01 3.751857677391104762e+00 -1.289351070915334496e+01 -4.014279989405041249e+01
-2.922750745292078456e+00 6.589039931795676708e+00 -7.283414707363096596e+00 6.589039931795676708e+00 -1.242661979910245940e+01 1.913679637709272896e+01 -7.283414707363096596e+00 1.913679637709272896e+01 1.279382278013949303e+01
3.877705728506457916e+01 -7.009409047462810349e+00 -5.104012883406102929e+00 -7.009409047462810349e+00 3.616393030982651169e+01 3.572526635363123315e+00 -5.104012883406102929e+00 3.572526635363123315e+00 3.295190374274292111e+01
-4.088935411078684723e+01 -3.254423222697941487e+00 2.637638867327671832e+00 -3.254423222697941487e+00 -1.980160586275120949e+01 7.588563637500630676e+00 2.637638867327671832e+00 7.588563637500630676e+00 -1.014885662782514153e+01
-1.794636949995821906e+00 -7.681218296751434416e+00 -5.984377190344855713e+00 -7.681218296751434416e+00 -5.044518951011340846e+00 1.505584526586515715e+01 -5.984377190344855713e+00 1.505584526586515715e+01 6.269665556682310736e+00
5.026268861975490410e+01 5.956490006635458911e+00 1.052166784068643324e+01 5.956490006635458911e+00 3.851709940387115694e+01 2.190787914746889697e+01 1.052166784068643324e+01 2.190787914746889697e+01 -9.123378692864219985e+00
5.915432483643671802e+00 7.860555486154931160e+00 -1.605247527985789091e+01 7.860555486154931160e+00 3.081109560546973114e+01 -1.573092285161444615e+01 -1.605247527985789091e+01 -1.573092285161444615e+01 -7.857528028971731970e-01
-1.493379536506415839e+01 1.134727225454494892e+00 4.521715840208130999e+00 1.134727225454494892e+00 -3.959509403924062365e+00 1.555799922463276808e+01 4.521715840208130999e+00 1.555799922463276808e+01 -1.654905270865873845e+01
-1.075788875308002934e+00 -4.616341350009570021e+00 -1.443131120925642641e+01 -4.616341350009570021e+00 -1.514418922734669692e+01 6.267723357753255620e+00 -1.443131120925642641e+01 6.267723357753255620e+00 -6.368754426357717335e+01
-4.091567780437530644e+01 6.423727480915726318e+00 7.896161520012293877e+00 6.423727480915726318e+00 -3.142736190243983785e+01 8.788534540349724367e+00 7.896161520012293877e+00 8.788534540349724367e+00 -4.412131059456640259e+01
6.042433740150875821e+01 5.151815621229447473e+00 8.598891749480125357e-01 5.151815621229447473e+00 6.091910898917381445e+01 -7.080341471032132183e+00 8.598891749480125357e-01 -7.080341471032132183e+00 3.175885389048037410e+01
-1.680261808630098486e+01 3.979022279490819214e-01 5.754249988122408510e+00 3.979022279490819214e-01 -2.130614214522449146e+01 5.472452700358710231e+00 5.754249988122408510e+00 5.472452700358710231e+00 -4.484786528244845982e+01
-2.799915402017963828e+01 -5.997755561571754157e+00 7.074995087269872585e+00 -5.997755561571754157e+00 -4.213102659975182007e+01 6.515688595084904833e+00 7.074995087269872585e+00 6.515688595084904833e+00 -4.179099498338118224e+01
5.587484063554906122e-01 6.127334852966169976e+00 -1.745222599133719354e+00 6.127334852966169976e+00 4.632590138974522098e+00 5.826288411261669964e+00 -1.745222599133719354e+00 5.826288411261669964e+00 -1.437599010413635447e+01
-3.625067028348386344e+01 1.712881115119783360e+01 1.518907397364811196e+01 1.712881115119783360e+01 -3.229325074195912748e+01 1.587572799997986550e+01 1.518907397364811196e+01 1.587572799997986550e+01 -2.334417178143978688e+01
1.521031699146307403e+01 -1.561905436367683997e+01 8.461919668576870279e+00 -1.561905436367683997e+01 -1.768139192467793208e+01 -1.279008163846172774e+00 8.461919668576870279e+00 -1.279008163846172774e+00 -2.590310171713644039e+01
2.343930673075897175e+01 3.654107226930169094e+00 1.487074930465738554e+01 3.654107226930169094e+00 2.403719185877011100e+01 -4.788966576387614360e+00 1.487074930465738554e+01 -4.788966576387614360e+00 -1.336061760030044887e+01
3.648785297724804533e+00 2.022026596420392508e+00 -2.147382091086203815e+00 2.022026596420392508e+00 4.151642283212917839e+00 -7.413543913514248018e+00 -2.147382091086203815e+00 -7.413543913514248018e+00 -5.327030878417727422e+01
-2.253177225306691867e+01 -6.596651696687576560e+00 -9.533742857974592866e+00 -6.596651696687576560e+00 -9.127368611694862466e+00 1.340899604792104682e+01 -9.533742857974592866e+00 1.340899604792104682e+01 -1.376615058594560281e+01
1.397233552579115745e+00 -7.469954837525354385e+00 -8.378511845841083883e+00 -7.469954837525354385e+00 4.806407118834826520e+00 -3.835704878389646577e+00 -8.378511845841083883e+00 -3.835704878389646577e+00 -6.922646316816934586e+01
-1.131648957783317089e+00 3.922509867855375809e+00 1.153030244063871379e+01 3.922509867855375809e+00 -1.957201570677191782e+01 -5.621614781376259806e+00 1.153030244063871379e+01 -5.621614781376259806e+00 -4.468046671429856076e+01
1.307959963080091370e+01 -7.274426370373467954e+00 5.552756572984762329e+00 -7.274426370373467954e+00 -2.062815866272577736e+00 1.046925311119639268e+01 5.552756572984762329e+00 1.046925311119639268e+01 -2.557983291820006855e+01
1.115944113859142028e+01 1.826493454966238517e+01 -1.300370251847497372e+01 1.826493454966238517e+01 -2.811584167953705027e+00 -1.348799886345067911e+01 -1.300370251847497372e+01 -1.348799886345067911e+01 -3.829663079305021256e+01
-3.190124992092866307e+01 1.198348817498169350e+00 7.280370681699587010e+00 1.198348817498169350e+00 -1.879714301813555011e+01 -2.654193459324824644e+00 7.280370681699587010e+00 -2.654193459324824644e+00 -5.187691432475098452e+01
1.402021746502044408e+01 9.122546581926846088e+00 -8.102314517893168144e+00 9.122546581926846088e+00 1.061000826252575457e+01 -4.190075454194192695e+00 -8.102314517893168144e+00 -4.190075454194192695e+00 -2.205218695024062114e+01
2.491018878039953677e+01 7.459638485982051037e+00 6.541354280852827330e+00 7.459638485982051037e+00 2.763073314904823974e+01 -2.276861108577035608e+00 6.541354280852827330e+00 -2.276861108577035608e+00 8.520834869003556244e-01
3.570393474811478995e+01 7.431484180882414137e+00 8.249861033647093222e+00 7.431484180882414137e+00 5.099047608966545653e+01 1.767694835858858227e+00 8.249861033647093222e+00 1.767694835858858227e+00 2.712709266333335734e+01
2.746065769106838061e+01 2.220452721027460186e+01 5.257401181408368984e+00 2.220452721027460186e+01 2.623246238358512006e+00 1.019665162531318003e+01 5.257401181408368984e+00 1.019665162531318003e+01 -2.635768212660545373e+01
2.496867181097452004e+01 1.701191777484309142e+01 -9.367042803264155282e+00 1.701191777484309142e+01 1.729643707153864085e+01 -1.167254902554268003e+00 -9.367042803264155282e+00 -1.167254902554268003e+00 4.881364285086355892e+00
9.399646787325448116e+00 5.775804712540724140e-01 -5.371174934117910915e+00 5.775804712540724140e-01 1.245404536994686850e+01 -1.211884099333861720e+01 -5.371174934117910915e+00 -1.211884099333861720e+01 -5.758087564663050273e+00
3.977651133775773218e+01 2.418322180457871617e+00 1.314633595193972582e+01 2.418322180457871617e+00 6.040037923565511058e+00 6.054943888800944585e+00 1.314633595193972582e+01 6.054943888800944585e+00 -1.480485926799468643e+01
-1.439603326984045850e+01 -1.415976414040432552e+01 6.840278729207073027e+00 -1.415976414040432552e+01 -2.971399759313368349e+01 1.304079124393853650e+00 6.840278729207073027e+00 1.304079124393853650e+00 -8.334142037832611649e+00
-1.343095924167587363e+01 -9.826934783590989042e+00 4.635051551766809080e-02 -9.826934783590989042e+00 -8.729719068455219499e+00 4.092435640922033602e-01 4.635051551766809080e-02 4.092435640922033602e-01 -2.564901483836387719e+00
-3.214048286259261289e+01 -1.423938789268597738e+01 1.155906269848265566e+01 -1.423938789268597738e+01 -5.812240838433837808e+01 -2.634675925601602131e+01 1.155906269848265566e+01 -2.634675925601602131e+01 -7.132442302260213296e+01
5.804422024566430593e+01 4.153735164506400679e+00 4.268812394159508194e+00 4.153735164506400679e+00 5.871383747760139471e+01 3.326095067759537116e+00 4.268812394159508194e+00 3.326095067759537116e+00 3.871429433657522168e+01
-2.673312037539663422e+01 1.401892442474262346e+01 1.214516715907716460e+01 1.401892442474262346e+01 -3.220342121966220361e+01 7.335463622580801868e+00 1.214516715907716460e+01 7.335463622580801868e+00 -3.340098966434192818e+01
2.428429539207327181e+01 -5.883183937620616311e-01 -4.145355705484733200e+00 -5.883183937620616311e-01 3.716525163209879423e+01 1.807855127228708625e+01 -4.145355705484733200e+00 1.807855127228708625e+01 -8.489353685314672049e+00
8.166344925134657373e+00 -7.938924140044815836e+00 8.170432980754249286e+00 -7.938924140044815836e+00 1.213750974656522530e+01 -7.286193085316805984e+00 8.170432980754249286e+00 -7.286193085316805984e+00 -2.004428129285595972e+01
1.815357907380629143e+01 -4.460223152286957315e+00 -1.627661506914535039e+00 -4.460223152286957315e+00 -3.605228159138960109e+00 1.997873712321436290e+00 -1.627661506914535039e+00 1.997873712321436290e+00 -5.401503113382139176e+00
7.831835151635196723e+00 2.826697528091687950e+00 1.013076101785182814e+01 2.826697528091687950e+00 -1.600237678736539948e+01 1.371524984837956218e+01 1.013076101785182814e+01 1.371524984837956218e+01 3.174669290685935064e+00
-1.972312834357840217e+01 2.641503989160959964e+00 1.387382426539902269e+01 2.641503989160959964e+00 -2.327226469910683804e+01 -5.506033774288031646e-01 1.387382426539902269e+01 -5.506033774288031646e-01 -4.178397459881804821e+01
1.526606805626007812e+01 9.695354298073505461e+00 -2.140304910328481469e+00 9.695354298073505461e+00 1.857969209277553446e+01 -7.124194905166297831e-02 -2.140304910328481469e+00 -7.124194905166297831e-02 -2.740496670629536524e+01
-3.657029362081179347e+00 -1.078605622302039535e+01 2.020102997476092455e+01 -1.078605622302039535e+01 -5.178449313428949985e+00 -1.240092998850845163e+01 2.020102997476092455e+01 -1.240092998850845163e+01 -5.035819192033066827e+01
-2.502232652503471400e+01 -4.467339324482731300e+00 9.353840456878115717e+00 -4.467339324482731300e+00 -3.956369451729815978e+01 -8.243123458439258755e+00 9.353840456878115717e+00 -8.243123458439258755e+00 -4.898063035839103918e+01
