-2.356376390478873972e+01 4.843288850154923164e-01 -2.750982956903018195e+00 4.843288850154923164e-01 -9.809300001301110683e+00 -2.001776497621400353e+01 -2.750982956903018195e+00 -2.001776497621400353e+01 -2.315797849475706371e+01
-5.218850144147248926e+01 6.417982133519533505e+00 -4.195203142240712779e+00 6.417982133519533505e+00 -4.916356891269786900e+01 -7.690938311576754671e+00 -4.195203142240712779e+00 -7.690938311576754671e+00 -7.026555692795501784e+01
-1.262992463980373259e+01 -3.266290866211441823e+00 -3.413467196171264817e+01 -3.266290866211441823e+00 -2.198322919226863092e+01 1.799012139487022655e+00 -3.413467196171264817e+01 1.799012139487022655e+00 -4.273022338192006941e+01
5.915364198086388114e+01 1.696736550589525550e+01 -8.230142119772322573e+00 1.696736550589525550e+01 6.616628647276415620e+01 8.627020497138856214e+00 -8.230142119772322573e+00 8.627020497138856214e+00 4.226459098187444141e+01
-4.265091755380056071e+01 -1.968801903381762752e+00 2.826153913645898630e+00 -1.968801903381762752e+00 -5.731165482405947387e+01 1.427961654247768841e+01 2.826153913645898630e+00 1.427961654247768841e+01 -2.110520059712876062e+01
2.457397136380091496e+01 6.499820347758664241e+00 -1.749548544739283562e+00 6.499820347758664241e+00 3.450359040277810863e+01 5.262778950190728500e-01 -1.749548544739283562e+00 5.262778950190728500e-01 2.334712291918534532e+01
-1.857101199135491498e+01 -4.333536939421188450e+00 -5.987849455059770065e+00 -4.333536939421188450e+00 -2.176477968398720719e+01 -1.172863274091698926e+01 -5.987849455059770065e+00 -1.172863274091698926e+01 1.552484570011881537e+01
-1.543362348846784116e+01 8.264782163898733103e+00 -1.982999213209339917e+00 8.264782163898733103e+00 -3.228132568396816726e+00 -1.552032168413480129e+00 -1.982999213209339917e+00 -1.552032168413480129e+00 -9.618667572770139174e+00
5.364345489831067937e+01 2.809902850841489386e+00 -2.494393326972762726e+00 2.809902850841489386e+00 2.491375861865510188e+01 -1.000158656921023592e+01 -2.494393326972762726e+00 -1.000158656921023592e+01 2.594094027391963309e+01
-4.074078664551290530e+01 2.115315063258344175e+00 9.239910701957031236e+00 2.115315063258344175e+00 -3.859664201176165221e+01 1.839443724527755819e+01 9.239910701957031236e+00 1.839443724527755819e+01 -7.320022912846890506e+01
-2.309465378097160482e+01 -1.076772853962671528e+00 1.460234006218093405e+01 -1.076772853962671528e+00 -9.702289490128551463e+00 -1.195355470727836433e+00 1.460234006218093405e+01 -1.195355470727836433e+00 -6.114923069072520434e+01
1.162738393955370242e+01 3.999544965387262341e+00 4.473714244755635505e+00 3.999544965387262341e+00 1.111486726338171138e+00 2.165420489828144834e+00 4.473714244755635505e+00 2.165420489828144834e+00 -3.270802792150671046e+00
-3.477672720242046012e+01 -8.654268924871489688e+00 7.614731296730086640e+00 -8.654268924871489688e+00 -3.192018033600357185e+01 -1.559423855302608430e+01 7.614731296730086640e+00 -1.559423855302608430e+01 -1.178874393907102558e+01
6.039793538274970786e+00 -7.605751030025688308e+00 -1.979875019205465936e+00 -7.605751030025688308e+00 1.252577948845940270e+01 1.731024757865634456e+01 -1.979875019205465936e+00 1.731024757865634456e+01 1.118480230666411401e+01
-1.370987852402433482e+01 -7.451824082938379945e+00 -8.055465645637392313e+00 -7.451824082938379945e+00 -7.440720037298671485e+00 3.198134615403508185e+00 -8.055465645637392313e+00 3.198134615403508185e+00 -4.872573856521120206e+01
-2.143164642308638079e+01 1.521277195956859529e+01 -1.546651348665531600e+01 1.521277195956859529e+01 -7.543924929794708589e+01 2.453139801254421215e+00 -1.546651348665531600e+01 2.453139801254421215e+00 -7.085962845976088431e+01
-4.270011266497009217e+01 -4.196066958135415526e+00 -4.931103925479914274e+00 -4.196066958135415526e+00 -3.890044221379008604e+01 -1.798465226113914905e+00 -4.931103925479914274e+00 -1.798465226113914905e+00 -1.422445357369526064e+01
7.319697346679205907e+00 -8.091368953172619172e+00 -7.697054034484466456e+00 -8.091368953172619172e+00 4.452053294249812865e+01 1.951207412064070112e+01 -7.697054034484466456e+00 1.951207412064070112e+01 -1.098974835705081965e+01
-2.438287453109099090e+01 1.779850363677157077e+01 3.693475220682628013e+00 1.779850363677157077e+01 -2.083935720845884987e+01 -4.701750245102174652e+00 3.693475220682628013e+00 -4.701750245102174652e+00 -9.973885543458667513e+00
-3.161800806653413431e+01 1.182297805334553420e+00 -4.292092751383961513e+00 1.182297805334553420e+00 -3.155738250286621494e+01 3.033205606970814205e+00 -4.292092751383961513e+00 3.033205606970814205e+00 -4.045854826134621618e+01
8.828022642075045168e-02 9.055332753995811723e-01 -9.156664557493204626e+00 9.055332753995811723e-01 -1.771641611137570038e+01 1.897132670394411136e+00 -9.156664557493204626e+00 1.897132670394411136e+00 -2.896917705722074743e+01
-1.571314886213181694e+01 -2.020870446816860166e+01 1.508419677265832703e+00 -2.020870446816860166e+01 -1.321540874496944973e+01 2.039967390305446049e-01 1.508419677265832703e+00 2.039967390305446049e-01 -2.721022102109234808e+01
-2.361037657544291513e+00 2.181821316416372625e+01 -1.679327045167445931e+01 2.181821316416372625e+01 -9.284874104596509525e+00 -2.661728541370476986e+00 -1.679327045167445931e+01 -2.661728541370476986e+00 -1.276527424847557057e+01
3.873014162155974383e+00 -8.816255047728461802e-01 -8.624821094594050663e+00 -8.816255047728461802e-01 -1.587880904723893760e+00 -1.859634800593268267e+01 -8.624821094594050663e+00 -1.859634800593268267e+01 4.161258920027283814e+00
8.051679910527921535e+00 2.238699931246823649e+00 1.478781471123238411e+01 2.238699931246823649e+00 3.096043054079821033e+01 6.084812169315886976e+00 1.478781471123238411e+01 6.084812169315886976e+00 -2.828519514474999852e+01
8.246055517573873672e+00 2.471937074691576441e+01 -4.939523335217728572e+00 2.471937074691576441e+01 7.693264014307152010e+00 -1.867673203110916447e+01 -4.939523335217728572e+00 -1.867673203110916447e+01 -1.859912447362441057e+01
-1.015067397990802256e+01 -8.238293311593055890e+00 8.075080105002845343e+00 -8.238293311593055890e+00 -1.443408850315280212e+01 -6.182159172385071066e-01 8.075080105002845343e+00 -6.182159172385071066e-01 -3.822843771433492854e-01
2.564288659268619597e+01 -9.038213642252216573e+00 7.447025814354407025e+00 -9.038213642252216573e+00 5.743332439343797446e+00 7.766580048770704181e+00 7.447025814354407025e+00 7.766580048770704181e+00 -1.393241672863108427e+01
1.549808890074191403e+01 1.693839687931359705e+01 4.542491044740537554e+00 1.693839687931359705e+01 2.444116845972352436e+01 3.293733893356707298e+00 4.542491044740537554e+00 3.293733893356707298e+00 2.764987313369389454e+01
-3.534448445557625718e+01 1.749502698629200825e+00 -7.880539234133427939e-01 1.749502698629200825e+00 -3.142304048106915815e+01 -5.593522073521255855e+00 -7.880539234133427939e-01 -5.593522073521255855e+00 -2.699928710138919996e+01
1.597374917213241652e+01 6.101719184398598728e+00 7.047425808129892388e+00 6.101719184398598728e+00 -5.373489755839430337e+00 2.484691495447088450e+00 7.047425808129892388e+00 2.484691495447088450e+00 -2.827650885250292490e+01
1.811854617576500104e+01 -1.340974303227794451e+01 1.358521504591315576e+01 -1.340974303227794451e+01 -2.436812016704707151e+00 -1.983743914683418197e+01 1.358521504591315576e+01 -1.983743914683418197e+01 -3.919499122691556181e+01
-2.659354980277238667e+01 -3.945809026849126600e+00 -1.008599096132430617e+01 -3.945809026849126600e+00 -1.091907072859793182e+01 -6.357941518917387569e+00 -1.008599096132430617e+01 -6.357941518917387569e+00 -4.963576360226018380e+01
-5.883505637623817286e+00 -9.768047550548059732e+00 9.999197065368731430e+00 -9.768047550548059732e+00 -8.964640076292671012e+00 -3.778888206910231862e+00 9.999197065368731430e+00 -3.778888206910231862e+00 -5.091703963049843651e+01
2.324653262058983927e+01 9.034250905364160644e+00 -7.521486013580016561e+00 9.034250905364160644e+00 3.388459554756739323e+01 1.995886332344197100e+01 -7.521486013580016561e+00 1.995886332344197100e+01 -1.855805051659453042e+01
3.407638088830818646e+01 1.462055736591045552e+01 7.748665010602625358e+00 1.462055736591045552e+01 2.810175863962047060e+01 1.016534488322142415e+01 7.748665010602625358e+00 1.016534488322142415e+01 -2.763554929890128520e+01
-5.067541753686150940e+01 4.167720183605163053e-01 -3.359196258598517115e+00 4.167720183605163053e-01 -3.984047407119172846e+01 8.607312447256419974e-01 -3.359196258598517115e+00 8.607312447256419974e-01 -3.324768978897028404e+01
-4.845591465602701220e+01 -2.683501255406067987e+00 -4.454010945350720618e+00 -2.683501255406067987e+00 -5.012560476795410835e+01 7.207738251651779393e+00 -4.454010945350720618e+00 7.207738251651779393e+00 -1.168008641905227591e+02
3.130165089144615820e+01 -1.427180873153461071e+01 6.671493522673208609e+00 -1.427180873153461071e+01 3.533785714650450416e+01 -3.514094870265186188e+00 6.671493522673208609e+00 -3.514094870265186188e+00 2.120370033938443921e+00
1.159367254338993458e+00 -1.028814539858295518e+01 3.651379609702399165e+00 -1.028814539858295518e+01 -6.670910074143316493e+00 3.449636711034866771e-02 3.651379609702399165e+00 3.449636711034866771e-02 -1.358893568157367682e+01
-5.277039978172201273e+01 7.377949436633034708e+00 1.420209554743816582e+01 7.377949436633034708e+00 -4.811270521747084672e+01 -7.185207646913465140e+00 1.420209554743816582e+01 -7.185207646913465140e+00 -6.481227840169741228e+01
-8.914896279310026372e+00 -1.456473132072121146e+01 7.224713673474531639e+00 -1.456473132072121146e+01 -4.390628822987209467e+00 7.905266698125170244e+00 7.224713673474531639e+00 7.905266698125170244e+00 -5.077214830817232638e+01
-2.341977768286035655e+01 2.113434922117933112e+01 2.253723366993308996e+00 2.113434922117933112e+01 -3.932425275118122698e+01 8.490270937952107744e+00 2.253723366993308996e+00 8.490270937952107744e+00 -1.780832054372913831e+01
-2.169449126576916687e-02 -7.331705650266484575e+00 4.820815778820294106e+00 -7.331705650266484575e+00 -1.324312217302773220e+01 1.279748705762354666e-01 4.820815778820294106e+00 1.279748705762354666e-01 1.759008868385243929e+01
1.239976503064215230e+01 1.500074059959776207e+01 -5.459085662491127700e+00 1.500074059959776207e+01 1.577612731218675179e+01 7.308841244477636501e+00 -5.459085662491127700e+00 7.308841244477636501e+00 -1.316648048520533898e+01
-9.549264177840072421e+00 2.659292024404811627e+01 8.964114514710196602e+00 2.659292024404811627e+01 3.496766101332429155e+00 8.071572558529652497e+00 8.964114514710196602e+00 8.071572558529652497e+00 -1.268486018436144924e+01
4.577237103641691363e+01 1.164311885932442259e+01 -1.776957716407121524e+00 1.164311885932442259e+01 3.992966263075639688e+01 -4.202502234507722534e+00 -1.776957716407121524e+00 -4.202502234507722534e+00 3.006102341221373209e+01
2.395818950717787743e+01 1.235676588137134546e+00 -6.456333269234931116e+00 1.235676588137134546e+00 2.228749831932806913e+01 -6.366502965043751239e+00 -6.456333269234931116e+00 -6.366502965043751239e+00 3.834087517452569926e+01
-1.827209384136254755e+01 7.762101726628494180e-01 -3.583159320575299400e+00 7.762101726628494180e-01 -8.744070615728768203e+00 8.516216565268491578e+00 -3.583159320575299400e+00 8.516216565268491578e+00 -3.831657451592229080e+01
3.193891992675104774e+01 7.722233039517821140e+00 1.356758454497146893e+01 7.722233039517821140e+00 1.490510553526746129e+01 -5.254225265903534892e-01 1.356758454497146893e+01 -5.254225265903534892e-01 -3.270454642646807741e+00
4.136897375342991068e-01 -1.495403495301196095e+01 -1.647546272231863895e+01 -1.495403495301196095e+01 -4.716932738827588167e+01 -4.434725721991528147e+00 -1.647546272231863895e+01 -4.434725721991528147e+00 -6.723688411836172918e+01
-2.335625656038965714e-01 6.495559344673352165e+00 8.893221735322928367e+00 6.495559344673352165e+00 -3.270237338772708391e+00 -7.550998800437814573e+00 8.893221735322928367e+00 -7.550998800437814573e+00 2.809780766768545934e+00
-1.504118029581367644e+01 1.042295063941524269e+01 -2.186607773983477543e+01 1.042295063941524269e+01 -2.837126411319576036e+01 2.867773245198509624e+00 -2.186607773983477543e+01 2.867773245198509624e+00 -6.089915513833082628e+01
2.509165133430415295e+01 2.195401169700840782e+01 -1.504010458084929525e+01 2.195401169700840782e+01 1.940427256401777356e+01 1.628676645663129108e+01 -1.504010458084929525e+01 1.628676645663129108e+01 3.106815446266925207e+01
4.447158746264568308e+00 -7.234095297825874127e+00 -3.883857710795891371e+00 -7.234095297825874127e+00 -9.412479587879857279e-01 -8.476000037857234659e+00 -3.883857710795891371e+00 -8.476000037857234659e+00 -5.316939710823677245e+01
-5.075530668141743718e+01 1.030299835432071553e+01 1.063284596414717065e+00 1.030299835432071553e+01 -4.499023329871223353e+01 -4.594577255644757052e+00 1.063284596414717065e+00 -4.594577255644757052e+00 -4.932829291669707317e+01
1.328035815305331013e+01 1.470881841460421846e+01 -1.166440501916589545e+00 1.470881841460421846e+01 2.129181058033074692e+01 2.200058626578918108e+01 -1.166440501916589545e+00 2.200058626578918108e+01 -4.098374389871518808e+00
-3.025905831163369797e+01 8.219399658432459788e+00 1.509911802705560113e+01 8.219399658432459788e+00 -1.132881912780940858e+01 7.528827181469408991e+00 1.509911802705560113e+01 7.528827181469408991e+00 -3.995871299990647429e+01
-4.102441586000728790e+01 1.960082049090643608e+01 1.176312842573257278e+01 1.960082049090643608e+01 -3.525553035773742749e+01 -4.904100064367824530e+00 1.176312842573257278e+01 -4.904100064367824530e+00 -1.456072987598937729e+01
-2.753166909006208485e+01 -1.386500990176998904e+01 -4.810088015334231137e+00 -1.386500990176998904e+01 -3.238627632541223278e+01 -5.730202328084650354e+00 -4.810088015334231137e+00 -5.730202328084650354e+00 -7.357982361021501561e+01
-9.236746233619200552e+00 -8.340004945390351310e+00 2.917562428569423272e+00 -8.340004945390351310e+00 -6.280727332738109681e+00 -3.136465707291931970e+00 2.917562428569423272e+00 -3.136465707291931970e+00 -3.392619379655461387e+01
-3.447190592313403101e+01 -1.960088099493109137e-01 3.004251126561807261e+00 -1.960088099493109137e-01 -2.420221021605890854e+01 1.770602299182185391e+01 3.004251126561807261e+00 1.770602299182185391e+01 -4.897036522247900336e+01
1.079341431522839345e+00 1.120828335682916688e+01 1.026543104962824415e+01 1.120828335682916688e+01 -1.593253499546125518e+01 4.191799312931968835e+00 1.026543104962824415e+01 4.191799312931968835e+00 -3.026751903124686294e+01
3.238872160720501370e+01 2.646932420830226729e+00 2.035480372682674854e+01 2.646932420830226729e+00 1.644791229858553905e+01 1.213621481870924557e+00 2.035480372682674854e+01 1.213621481870924557e+00 1.381703696011971871e+01
-1.171764347474487344e+01 1.736757924908119577e+01 -8.935845553166501531e+00 1.736757924908119577e+01 -1.490242354255372881e+01 4.139346790874426141e+00 -8.935845553166501531e+00 4.139346790874426141e+00 -5.393312479842408891e+01
2.237263845546154073e+01 1.983967492774670882e+00 1.254893722264617040e+01 1.983967492774670882e+00 2.218039471215993075e+01 3.061583563869144431e+00 1.254893722264617040e+01 3.061583563869144431e+00 -1.983675996808953457e+01
2.936648256408729551e+01 1.517577765935900658e+01 -7.105307355018040116e-01 1.517577765935900658e+01 1.092921888724727530e+01 1.051653714409740914e+01 -7.105307355018040116e-01 1.051653714409740914e+01 -4.175451315624031601e+00
-1.247856916698736818e+01 -1.197380893947866198e+01 1.897176558956754633e+01 -1.197380893947866198e+01 -1.565054540758240298e-01 -1.082128490553541988e+00 1.897176558956754633e+01 -1.082128490553541988e+00 -2.854945971710708719e+01
4.115919672599408585e+01 9.218365930034382316e+00 -1.865235113485713470e+01 9.218365930034382316e+00 4.119991561292294335e+01 -2.934552091303729515e+00 -1.865235113485713470e+01 -2.934552091303729515e+00 1.159060590792746481e+01
-5.033490314800052090e+01 1.692830338806438917e+01 2.703161841936884713e+01 1.692830338806438917e+01 -3.315656592044023654e+01 -3.152951738675370930e+00 2.703161841936884713e+01 -3.152951738675370930e+00 -6.488980602907420803e+01
-2.323646195061401087e+01 -6.140785585802571944e+00 -1.043173198451164296e+00 -6.140785585802571944e+00 -2.772531744402253651e+01 -7.111565682708911318e+00 -1.043173198451164296e+00 -7.111565682708911318e+00 -4.348530574699785944e+01
2.580860966195929862e+01 1.027832315173097921e+00 -1.469638103781268468e+00 1.027832315173097921e+00 4.146626896076436708e+01 -2.331604397964977426e+00 -1.469638103781268468e+00 -2.331604397964977426e+00 -7.270466553534452814e+00
-2.439196378522902720e+01 1.427251542646429527e+01 4.303947066687225487e+00 1.427251542646429527e+01 -6.602155618044194263e+00 -6.310243872999970804e+00 4.303947066687225487e+00 -6.310243872999970804e+00 -5.029702267896001899e+01
1.276341104298203710e+01 4.432900004177901643e+00 -5.645765383323212205e+00 4.432900004177901643e+00 2.476957489151687852e+01 4.783153080969757553e+00 -5.645765383323212205e+00 4.783153080969757553e+00 -2.582936319468779374e+01
3.085488989665441295e+01 -4.394603094137807808e+00 4.122710081630343915e+00 -4.394603094137807808e+00 4.027208175923194489e+01 4.955758504616813553e+00 4.122710081630343915e+00 4.955758504616813553e+00 1.374208780400918783e+01
3.627113856360266730e+00 8.607050302098457450e+00 1.601154263785884879e+01 8.607050302098457450e+00 -6.138756345472675235e+00 -9.950318281060541281e+00 1.601154263785884879e+01 -9.950318281060541281e+00 -5.328539346640183538e+01
-2.539476888866321946e+00 -2.822266827920576038e+00 2.869805362321370623e+00 -2.822266827920576038e+00 -1.210811986099418114e+01 1.955491913835123885e+00 2.869805362321370623e+00 1.955491913835123885e+00 -2.072639657192626927e+01
1.214626128222305290e+01 -5.291679589540224660e-01 9.658066598556120042e+00 -5.291679589540224660e-01 1.139609457872156995e+01 -8.346224217276709822e+00 9.658066598556120042e+00 -8.346224217276709822e+00 1.227146938957482059e+00
2.390422776989743880e+01 1.025053859118238542e+01 -1.122225142838502698e+01 1.025053859118238542e+01 3.144857571383104400e+01 4.605705581975988450e-01 -1.122225142838502698e+01 4.605705581975988450e-01 8.690539684893897387e+00
-1.087715514711560516e+01 2.834889763244553862e+01 -8.034221610463212926e+00 2.834889763244553862e+01 1.195848321854054497e+01 -1.431511940630507240e+01 -8.034221610463212926e+00 -1.431511940630507240e+01 -4.527167974767923653e+01
2.148992139169881810e+01 1.129277821817370331e+01 3.693496373216051065e+00 1.129277821817370331e+01 1.913929115613471410e+01 2.479641869400027687e+01 3.693496373216051065e+00 2.479641869400027687e+01 -1.193978557162281007e+01
-2.143869150952720304e+01 -1.911095212537748367e+01 1.217256904683611030e+00 -1.911095212537748367e+01 -2.884619908612758010e+01 3.182541373660998207e+00 1.217256904683611030e+00 3.182541373660998207e+00 -3.504378123246487320e+01
1.729549178038375601e+01 4.518510116904522533e+00 6.879938545054128163e+00 4.518510116904522533e+00 1.602062537728388492e+01 1.105691108599421213e+00 6.879938545054128163e+00 1.105691108599421213e+00 -4.859689604446091771e+00
-1.319569840931175619e+01 1.075479112981426316e-01 -1.300748055476257115e+01 1.075479112981426316e-01 -1.083026423344021616e+01 3.935470784048380327e-02 -1.300748055476257115e+01 3.935470784048380327e-02 -9.761582096556514543e+00
7.147398518840997195e-01 6.000055852736229767e+00 7.586426995870477086e+00 6.000055852736229767e+00 2.169797933545403179e+00 -3.645127190370347048e+00 7.586426995870477086e+00 -3.645127190370347048e+00 -4.066999367006193467e+01
1.829579147050329624e+01 -7.011556387846949789e+00 -4.121393512721335028e+00 -7.011556387846949789e+00 7.382186288976400057e+00 1.018151877835390096e+01 -4.121393512721335028e+00 1.018151877835390096e+01 -5.351828254935370666e+01
-2.355747619574328766e+00 7.781087866736478453e+00 3.605468826346294620e+00 7.781087866736478453e+00 -2.432778544688723699e+01 2.092116500232616083e+00 3.605468826346294620e+00 2.092116500232616083e+00 -5.306036521320618249e+01
-1.564525514713426269e+01 -7.818867482254757917e+00 3.241870565145033023e+00 -7.818867482254757917e+00 -2.745236941136437636e+01 7.461280889772254454e+00 3.241870565145033023e+00 7.461280889772254454e+00 -5.309998660922759228e+01
-1.387346074258194728e-01 9.649501097419598494e+00 4.611716012018137079e+00 9.649501097419598494e+00 1.494914143508786530e+01 1.090418626570148497e+01 4.611716012018137079e+00 1.090418626570148497e+01 -6.884991967980273131e+00
1.168982552365474525e+01 -5.512428571698010593e+00 -1.672209510908801711e-01 -5.512428571698010593e+00 1.393762302168126688e+01 1.282372271067199954e+01 -1.672209510908801711e-01 1.282372271067199954e+01 -5.054633607121488126e+00
-1.835080475561086999e+01 -7.797200200872390852e+00 1.670175574270216856e+01 -7.797200200872390852e+00 -2.462646766406581023e+01 -6.489278740862570061e+00 1.670175574270216856e+01 -6.489278740862570061e+00 -1.818438385733314533e+01
-2.213455608882302528e+01 5.329555774373026189e+00 2.891878293361981545e+00 5.329555774373026189e+00 -1.389503578786264448e+01 1.024286144781681429e+01 2.891878293361981545e+00 1.024286144781681429e+01 -5.384461310657331268e+01
2.471638768683965637e+01 -1.450098121950399666e+00 -1.242999000236919471e+01 -1.450098121950399666e+00 4.984348451244064648e+01 2.318723475708958404e+01 -1.242999000236919471e+01 2.318723475708958404e+01 -1.737552999466226922e+01
2.993690702876232024e+01 -5.523546397874240510e-01 3.801316631391420398e+00 -5.523546397874240510e-01 1.104451080810930641e+01 -7.685286208005075892e+00 3.801316631391420398e+00 -7.685286208005075892e+00 -2.351142540329436414e+01
-2.279921609822503825e+01 -5.434604280587806535e+00 9.284951418601741224e+00 -5.434604280587806535e+00 -2.205637465978525569e+01 -2.312428004777938639e+01 9.284951418601741224e+00 -2.312428004777938639e+01 -7.344716308130475113e+01
1.797816915237148905e+01 7.771780104055229899e+00 -8.071583755362365054e+00 7.771780104055229899e+00 1.740166232265029223e+01 -8.244643482057902872e+00 -8.071583755362365054e+00 -8.244643482057902872e+00 9.246678538054945662e+00
1.276466533166817818e+01 3.064490864197738640e-01 9.985622047203633611e-02 3.064490864197738640e-01 2.835418821230174302e+01 -9.058054301107473449e+00 9.985622047203633611e-02 -9.058054301107473449e+00 1.257681892211785879e+01
9.440645013356581572e+00 7.096699123845187529e+00 4.902633405739416084e+00 7.096699123845187529e+00 1.009475766855217671e+01 1.009407499366037975e+01 4.902633405739416084e+00 1.009407499366037975e+01 -4.034400137761023331e+01
1.519650383114320924e+01 8.378414879650131653e+00 -8.674116105675791388e+00 8.378414879650131653e+00 -4.252292995435747458e-01 5.633735762893079091e+00 -8.674116105675791388e+00 5.633735762893079091e+00 -4.015289346002111159e+01
-3.209696877540166327e+01 -1.388363067574918341e+00 -2.165970643036530063e+01 -1.388363067574918341e+00 -3.000083060628088560e+01 5.469339420070220115e+00 -2.165970643036530063e+01 5.469339420070220115e+00 -4.657497020403690868e+01
-1.751305354186555974e+01 -3.213074303366689755e+00 -5.152708286174853214e+00 -3.213074303366689755e+00 -3.838401567368615019e+01 7.148807448393124986e+00 -5.152708286174853214e+00 7.148807448393124986e+00 -4.953245223475548897e+01
5.001704845273411415e+00 -1.091618757568475573e+01 -7.159956245582919543e+00 -1.091618757568475573e+01 6.763149296084066009e+00 1.359325670823944954e+01 -7.159956245582919543e+00 1.359325670823944954e+01 -2.793313327304042204e+01
6.277351405492642300e+01 -2.137997834931752550e+00 9.732025883220526197e+00 -2.137997834931752550e+00 5.691356417221179242e+01 -3.345678182135027878e+00 9.732025883220526197e+00 -3.345678182135027878e+00 2.803559422968787729e+01
-3.158955404834305369e+01 1.329000660950972579e+00 1.727679288052025530e+00 1.329000660950972579e+00 -3.189150748531744028e+01 3.637333086342363075e-01 1.727679288052025530e+00 3.637333086342363075e-01 -3.195858667790528074e+01
-3.562642139508732431e+00 7.746761538947575243e-01 2.944717804068396561e+00 7.746761538947575243e-01 6.876776544119718615e+00 -5.198256827518161316e+00 2.944717804068396561e+00 -5.198256827518161316e+00 -2.943686945279063494e+01
-2.717191359201975942e+01 7.093075118668304313e+00 -5.008059172928599478e-01 7.093075118668304313e+00 -2.794978676530498163e+01 1.017646856224277307e+00 -5.008059172928599478e-01 1.017646856224277307e+00 -6.474683598096565618e+01
-9.577216181723700927e+00 -7.229609314609400705e+00 -1.976016945377875444e+01 -7.229609314609400705e+00 -6.303961101013811685e+00 3.110875571453404476e+01 -1.976016945377875444e+01 3.110875571453404476e+01 -2.937283008333494294e+01
2.818315154846428428e+01 5.718469957094284517e+00 1.514057215562889747e+00 5.718469957094284517e+00 2.045937424006075034e+01 -4.267815846743343577e+00 1.514057215562889747e+00 -4.267815846743343577e+00 4.238542617008497615e+01
4.612379158177114391e+01 1.369731514836038677e+01 -7.228760982969296478e+00 1.369731514836038677e+01 2.287929657423396534e+01 -7.134760223733577433e+00 -7.228760982969296478e+00 -7.134760223733577433e+00 9.275189705994925760e+00
-4.826153362700668303e+00 -2.641020674067948271e+00 5.007031135070195482e+00 -2.641020674067948271e+00 -1.181087014125238177e+01 4.584985532843433020e+00 5.007031135070195482e+00 4.584985532843433020e+00 -4.743367582262800397e+01
-1.806826877050447067e+01 7.954767653791796178e+00 -1.217881583739021245e+01 7.954767653791796178e+00 -2.243485006090809719e+01 -2.922315332994954495e+00 -1.217881583739021245e+01 -2.922315332994954495e+00 -1.633540360027235039e+01
-2.794006983471568262e+01 -9.807265443399066029e+00 -6.785579727960464602e+00 -9.807265443399066029e+00 -3.732621974947446120e+01 1.683519141465939128e+01 -6.785579727960464602e+00 1.683519141465939128e+01 -5.362805234677797905e+00
-9.823262166404892470e-01 -6.662356946348728215e+00 2.571690324028028662e+00 -6.662356946348728215e+00 2.791671215014889018e+00 5.744335284517958051e+00 2.571690324028028662e+00 5.744335284517958051e+00 4.986140459826064131e+01
1.388011263710018817e+01 -7.931084126675004953e+00 -1.843951674346081759e+01 -7.931084126675004953e+00 3.123712926678370394e+01 2.193371772502395345e+01 -1.843951674346081759e+01 2.193371772502395345e+01 1.241396306624030998e+01
-1.379242100527114268e+01 -2.404239864797670378e+00 -2.505431313404182347e+01 -2.404239864797670378e+00 -1.356063018245928564e+00 1.275894373140253357e+01 -2.505431313404182347e+01 1.275894373140253357e+01 -3.470049613394751020e+01
-4.278084065309779760e+01 -4.266190373130478442e+00 7.744915737663379041e+00 -4.266190373130478442e+00 -4.216947498998899846e+01 8.724083558416467099e+00 7.744915737663379041e+00 8.724083558416467099e+00 -1.825079018927342389e+01
-1.938877303829283250e+01 2.044170798632487873e+01 -1.369075712995461602e+00 2.044170798632487873e+01 -1.162697704652234210e+00 6.842189942808230896e+00 -1.369075712995461602e+00 6.842189942808230896e+00 -3.292941280268745174e+01
-7.439177222863830430e+00 -1.419458451554348954e+01 3.577793037373621643e-01 -1.419458451554348954e+01 -8.585384227204809093e+00 -1.225252370739873697e+01 3.577793037373621643e-01 -1.225252370739873697e+01 -5.472878459239792193e+01
4.875558557832856366e+01 -1.238045643256714179e+01 7.306869539586005935e+00 -1.238045643256714179e+01 2.833144768440551431e+01 8.936024710237631119e-01 7.306869539586005935e+00 8.936024710237631119e-01 6.471956560220655241e+00
-1.231454787639207638e+01 -7.274303434273482694e+00 5.514394117255476679e+00 -7.274303434273482694e+00 -2.149456311972334888e+01 -2.416748565700439499e+00 5.514394117255476679e+00 -2.416748565700439499e+00 -3.185497221536359191e+01
3.668115038060099664e+01 4.626989092429441008e+00 5.594480096638244859e+00 4.626989092429441008e+00 1.174885718522149375e-01 -6.809262351416427883e+00 5.594480096638244859e+00 -6.809262351416427883e+00 -2.175314764870190132e+01
-1.632794459190323977e+01 -1.370174106026165184e+00 1.496108735123651634e+01 -1.370174106026165184e+00 -2.434304204256035220e+01 1.613366387005940439e+01 1.496108735123651634e+01 1.613366387005940439e+01 -1.245099564526213598e+01
-4.184333948452322005e+01 3.406698581555974492e+00 -1.356524727167445654e+01 3.406698581555974492e+00 -4.858488220783335265e+01 -4.943836640499521096e+00 -1.356524727167445654e+01 -4.943836640499521096e+00 -5.720953293992396027e+01
-1.274953111298258435e+01 1.105567122760623811e+01 -1.417554460117621318e+01 1.105567122760623811e+01 -2.914298752957580874e+01 -3.087226455445009776e+01 -1.417554460117621318e+01 -3.087226455445009776e+01 -4.087877435325531650e+01
-1.821838652488422694e+00 1.368776432038881774e-01 -1.863718990908555284e+01 1.368776432038881774e-01 -1.931107969172599681e+01 1.255809383884161301e+00 -1.863718990908555284e+01 1.255809383884161301e+00 -5.193474363830801366e+01
-2.169938689111441832e+01 -3.807208902868664424e+00 5.732784889618215196e+00 -3.807208902868664424e+00 -1.381078598878191066e+01 -9.969404834618524447e+00 5.732784889618215196e+00 -9.969404834618524447e+00 -3.746426355738141467e+01
-4.540142217638687860e+00 -1.418427492975539117e+01 -1.798638797447743576e+00 -1.418427492975539117e+01 1.133201533749853063e+01 -9.338003002697520927e+00 -1.798638797447743576e+00 -9.338003002697520927e+00 -1.309876668743605777e+01
-1.390299987772544554e+01 8.413428579233669380e-01 -6.974608884675875586e+00 8.413428579233669380e-01 -4.409955343458671351e+00 -4.493224541887705925e-01 -6.974608884675875586e+00 -4.493224541887705925e-01 -2.717470388637703849e+01
3.239692627514949574e+00 1.607861013111187276e+01 2.352939981487887522e+01 1.607861013111187276e+01 -1.018183643569789432e+01 1.156343192939550946e+01 2.352939981487887522e+01 1.156343192939550946e+01 -2.939405816203180422e+01
-2.196719894194494316e+01 1.338038254189140019e+01 2.606217893165036159e+00 1.338038254189140019e+01 -1.231948692987491256e+01 -2.158185817488844915e-01 2.606217893165036159e+00 -2.158185817488844915e-01 -5.442341624725364824e+01
-2.403433088448532207e+00 2.944123278249583531e-01 9.783539853644279916e+00 2.944123278249583531e-01 -3.150784646940952527e+01 1.299487213910877959e+00 9.783539853644279916e+00 1.299487213910877959e+00 -5.659867690982436361e-01
-2.780182248333848349e+01 -1.434430681556617415e+01 -4.243669380624591980e+00 -1.434430681556617415e+01 -1.178357474049638398e+01 -1.001212491975995178e+01 -4.243669380624591980e+00 -1.001212491975995178e+01 -3.878003255499803714e+01
1.420242441092202057e+01 2.447284879660951873e+00 8.275756378592848961e+00 2.447284879660951873e+00 1.148994616182485728e+01 -1.234328766443890935e+01 8.275756378592848961e+00 -1.234328766443890935e+01 -2.030795736754711456e+01
2.464425043254511394e+01 2.212881309145320330e+00 7.836370949747056613e+00 2.212881309145320330e+00 3.888129382010181700e+01 8.594551773385891380e+00 7.836370949747056613e+00 8.594551773385891380e+00 2.108480600844135822e+01
4.527224043465685099e+01 1.113080732929622618e+00 -1.862657754821757550e+00 1.113080732929622618e+00 3.367158596722003949e+01 -9.221911854495068450e-01 -1.862657754821757550e+00 -9.221911854495068450e-01 5.455109558922157476e+01
-3.696341400994339921e+01 -3.345952541087115151e+00 4.042376429724542142e+00 -3.345952541087115151e+00 -4.126530328513786827e+01 -2.000526426740039199e+01 4.042376429724542142e+00 -2.000526426740039199e+01 -3.236527360222758176e+01
3.736395623565438484e+01 8.746788654456455703e+00 6.649187984287252107e+00 8.746788654456455703e+00 3.385641820342582520e+01 -2.659194389980763162e+01 6.649187984287252107e+00 -2.659194389980763162e+01 4.046756214706076804e+01
-2.711480061627804261e+01 6.066591783063838506e+00 -2.662743574699442117e+00 6.066591783063838506e+00 -2.952586382025093314e+01 1.417688838560904685e+01 -2.662743574699442117e+00 1.417688838560904685e+01 -4.074333612560522511e+01
2.423918332997985914e+01 1.248566621692634104e+00 4.909755008054040637e+00 1.248566621692634104e+00 1.427049633375467153e+01 -1.041007315698915692e+00 4.909755008054040637e+00 -1.041007315698915692e+00 2.217810108400063029e+01
3.834894204054061362e+01 4.285258848576748214e+00 -7.863517786118926267e+00 4.285258848576748214e+00 5.855973289726892972e+01 -2.672562418644628401e+00 -7.863517786118926267e+00 -2.672562418644628401e+00 3.905436281730874537e+00
-4.293810398299260811e+00 4.532682245133861088e+00 1.287123898922013332e+01 4.532682245133861088e+00 -1.916632937258488312e+01 9.482415654578288056e+00 1.287123898922013332e+01 9.482415654578288056e+00 -1.278568258119863899e+01
3.171962786618787433e+01 1.348488136292961137e+01 8.679229564372584749e-01 1.348488136292961137e+01 2.188223433493671521e+01 -1.985346191780372749e+00 8.679229564372584749e-01 -1.985346191780372749e+00 -1.671279480193254230e+01
1.420826422597687255e+01 2.463596272962452982e+00 -6.271730337740931693e-01 2.463596272962452982e+00 1.568338676930625297e+01 1.552597693947829427e+00 -6.271730337740931693e-01 1.552597693947829427e+00 4.248768071592559892e+01
-9.221074399702080981e+00 4.687708456472726049e+00 6.537445717339059881e-01 4.687708456472726049e+00 -2.498699587587749704e+01 -2.166463361950215827e+00 6.537445717339059881e-01 -2.166463361950215827e+00 -4.266240850028172815e+01
2.091358994427908158e+01 -6.954578743779492589e-01 -5.717118066954219868e-01 -6.954578743779492589e-01 2.015579361157332272e+01 3.016526235926163313e+00 -5.717118066954219868e-01 3.016526235926163313e+00 -1.938867457770193070e+01
-2.508464254807089233e+01 -1.719609963042044853e+01 -2.355853420021051914e+00 -1.719609963042044853e+01 -1.778683119387572376e+01 1.465254183210492833e+00 -2.355853420021051914e+00 1.465254183210492833e+00 -4.280362719972398367e+01
9.030630016090212209e+00 6.867398063537169861e+00 8.627674523038062482e-01 6.867398063537169861e+00 1.684670192221275542e+01 -7.814369736160307944e+00 8.627674523038062482e-01 -7.814369736160307944e+00 3.105215469294658703e+01
-3.864415686162619323e+01 4.492835788965827248e+00 -1.231826643925076503e+01 4.492835788965827248e+00 -1.259632738946193697e+01 6.011888545238847747e+00 -1.231826643925076503e+01 6.011888545238847747e+00 -6.335308657178310199e+01
-2.646225415152436256e+01 -2.085393629377770619e+00 2.584470723620223964e+01 -2.085393629377770619e+00 -2.353365503605375775e+00 -1.162803156265669635e+01 2.584470723620223964e+01 -1.162803156265669635e+01 -7.402948669251151159e+01
2.918074503397060937e+01 -2.848484557964631403e+00 6.592632163906562148e+00 -2.848484557964631403e+00 2.766682059370323188e+01 5.790713362031004507e+00 6.592632163906562148e+00 5.790713362031004507e+00 -1.201445989181562801e+01
2.740320558569825948e+01 -1.449495304132271123e+01 2.153084002528037288e+01 -1.449495304132271123e+01 2.557726402378469288e+01 8.128778362419703640e+00 2.153084002528037288e+01 8.128778362419703640e+00 2.453221378540935760e+01
2.836763597520316793e+01 3.028724228725092171e+00 -7.137575585279837265e-01 3.028724228725092171e+00 1.297658339576499742e+01 -2.588698538809696359e+00 -7.137575585279837265e-01 -2.588698538809696359e+00 3.704664326485305281e+01
-5.937781081352716761e+00 3.336204899191847595e+00 2.018501742151983080e+00 3.336204899191847595e+00 -3.293978000369547576e+00 -1.006640507750921998e+01 2.018501742151983080e+00 -1.006640507750921998e+01 -2.788624476754003467e+01
2.489613210096840135e+01 1.545279965847942449e+01 1.265571173732140053e+01 1.545279965847942449e+01 1.363865271739834206e+01 2.920533241718935802e+00 1.265571173732140053e+01 2.920533241718935802e+00 1.114568605764374354e+01
1.284071312501584572e+01 -8.955833992562439505e+00 1.599208316198001434e+01 -8.955833992562439505e+00 -1.632558441453343789e+01 -2.428099296786984329e+00 1.599208316198001434e+01 -2.428099296786984329e+00 1.546648814981660536e+01
-3.265810431778005096e+01 -1.039904907555251334e+00 3.252548560179873594e+00 -1.039904907555251334e+00 -5.939386832958073015e+00 -2.851435917308315471e+00 3.252548560179873594e+00 -2.851435917308315471e+00 8.057428937036451799e+00
4.264221136978182614e+00 -2.338705453825195235e+00 4.642271167657870734e+00 -2.338705453825195235e+00 2.414914071240432492e+01 1.197474138123709952e+00 4.642271167657870734e+00 1.197474138123709952e+00 1.247041223881110383e+01
-1.737334728558832531e+00 1.877257189194990961e+00 -4.770416074659385330e+00 1.877257189194990961e+00 4.384876996767107293e+00 2.450001668349354134e+01 -4.770416074659385330e+00 2.450001668349354134e+01 -8.359570240272976349e+00
9.612834073647281485e+00 2.059939340054355306e+00 3.338778795902161534e+00 2.059939340054355306e+00 -6.787396653898867704e+00 -2.478582110981985664e+01 3.338778795902161534e+00 -2.478582110981985664e+01 -3.726126572648480106e+01
-3.003110762640006115e+01 -3.845397682226072256e+00 -9.187082176563320601e+00 -3.845397682226072256e+00 -4.964984719640428779e+01 -1.203724801236229069e+01 -9.187082176563320601e+00 -1.203724801236229069e+01 -5.612323614496276747e+01
1.863787910516680313e+01 -1.207524582495940191e+00 -1.543897221448990109e+00 -1.207524582495940191e+00 2.588377805682414490e+00 3.043082770336630993e+00 -1.543897221448990109e+00 3.043082770336630993e+00 -3.161041577863657892e+01
-9.956153856886601261e+00 4.897215575831535439e+00 1.348228550853229812e+01 4.897215575831535439e+00 -7.117107033304832520e+00 -1.848459663385513352e+01 1.348228550853229812e+01 -1.848459663385513352e+01 -4.600537264010331029e+00
1.247519478258212189e+01 8.913989653421866777e+00 -1.138691429485880668e+01 8.913989653421866777e+00 4.206274120169888775e+00 -1.578301120065778917e+01 -1.138691429485880668e+01 -1.578301120065778917e+01 -2.876173446439235803e+01
-1.798486457346768042e+00 -1.207357568388653846e+01 -2.161257740447203979e+00 -1.207357568388653846e+01 -1.569857397594448045e+01 -5.889363767321603049e+00 -2.161257740447203979e+00 -5.889363767321603049e+00 -3.185370506408326108e+01
3.610739913092872122e+00 1.680043052389999403e+01 2.240966920175837984e+01 1.680043052389999403e+01 -5.453841001165948832e+00 1.132449315129796474e+01 2.240966920175837984e+01 1.132449315129796474e+01 1.583552019292448243e+01
2.219612351598983224e+01 5.188875351465945585e+00 -1.951494740590314692e+01 5.188875351465945585e+00 3.343788066041479112e+01 1.648069201276614715e+00 -1.951494740590314692e+01 1.648069201276614715e+00 -2.403791575357131727e+00
-2.545518427040292408e+01 1.824092394952736740e+01 -4.104779666545510963e+00 1.824092394952736740e+01 -2.835225487791040777e+01 5.586874541308249675e+00 -4.104779666545510963e+00 5.586874541308249675e+00 -5.418555591235201518e+01
4.163906330092266472e+01 -1.539884328442451000e+01 -3.335742115333283575e+00 -1.539884328442451000e+01 2.710870494473594050e+01 4.684157745685374685e+00 -3.335742115333283575e+00 4.684157745685374685e+00 -1.492282618031027752e+01
-3.070016639893475840e+01 1.151304293202916362e+01 2.527186348190484466e+01 1.151304293202916362e+01 -5.962884441213844866e+01 1.299544449871943108e+01 2.527186348190484466e+01 1.299544449871943108e+01 -6.175895154181581859e+01
2.925693014825888483e+01 -3.471162434285861020e-01 -4.544332452079271611e-01 -3.471162434285861020e-01 1.852809707994283173e+01 6.890034595942815976e+00 -4.544332452079271611e-01 6.890034595942815976e+00 -2.435436868104157782e+01
2.147287534741762016e+01 2.636353905076066706e+00 -1.822674096129484056e+00 2.636353905076066706e+00 5.477419515130140582e+00 2.269400983268040850e+00 -1.822674096129484056e+00 2.269400983268040850e+00 -4.282954417909962785e+00
8.839416759509832744e+00 2.177422619328927667e+01 2.083361594950484985e+01 2.177422619328927667e+01 -5.150757126335011371e+00 1.555136082292571942e+01 2.083361594950484985e+01 1.555136082292571942e+01 -3.347772176491022122e+01
-6.166060283531627384e+00 1.057041597295469870e+01 1.977881382796265575e+00 1.057041597295469870e+01 -1.667471456534977969e+00 1.689352182381134782e+01 1.977881382796265575e+00 1.689352182381134782e+01 -3.587202065793356098e+01
1.551053526737400112e+01 1.111840727564125331e+01 -1.949465537071582766e+00 1.111840727564125331e+01 4.302367735648195968e+00 -1.564482430315603700e+01 -1.949465537071582766e+00 -1.564482430315603700e+01 -3.534199685980832584e+01
