3.519875609001584849e+01 1.079343826634129755e+00 1.350381126365327589e+01 1.079343826634129755e+00 1.590714242539883294e+01 -7.313434487244865778e+00 1.350381126365327589e+01 -7.313434487244865778e+00 7.327494442879083181e+01
-4.575502519517358735e+01 -6.277415657387250825e+00 1.967457870684135024e+00 -6.277415657387250825e+00 -5.146231344793956453e+01 8.528465352074382722e+00 1.967457870684135024e+00 8.528465352074382722e+00 -3.493192764540916784e+01
1.953387434012022084e+01 4.524903796037040848e+00 1.873472624276782383e+01 4.524903796037040848e+00 -3.895896858293777143e+01 3.337873492700809575e+00 1.873472624276782383e+01 3.337873492700809575e+00 -6.353651478823899801e+00
-1.794902831285912725e+01 -2.379659915106066559e-02 -1.575209578818957734e+00 -2.379659915106066559e-02 -4.955728944385102608e+01 6.014079106666712526e+00 -1.575209578818957734e+00 6.014079106666712526e+00 -3.017826892111222037e+01
-1.130676266567610000e+01 4.140706881376122084e+00 1.451248272117677551e+01 4.140706881376122084e+00 -1.604768406692597438e+01 3.110249108961518516e+00 1.451248272117677551e+01 3.110249108961518516e+00 7.191082365290517586e+00
6.199691980248069889e+00 1.062630214779563786e+01 6.203226420585767009e+00 1.062630214779563786e+01 -2.865015883234620730e+01 1.185928365983899724e+00 6.203226420585767009e+00 1.185928365983899724e+00 -4.564853328821794953e+00
-1.118634260840247485e+01 -4.074993249220343339e-01 6.647322377149720296e+00 -4.074993249220343339e-01 -4.025136043041455736e+01 -1.611200394199949537e+00 6.647322377149720296e+00 -1.611200394199949537e+00 5.933630975596284607e+00
-1.347702859461461067e+00 7.946672649676806088e+00 -2.187899370011507028e+00 7.946672649676806088e+00 -1.994224640262124737e+01 -2.218662473499761756e+00 -2.187899370011507028e+00 -2.218662473499761756e+00 1.879984243144240352e+01
-5.844923655203410107e+01 -1.381262658814748745e+00 1.269738454242885339e+01 -1.381262658814748745e+00 -7.834239831928512388e+01 1.686338726450605208e+01 1.269738454242885339e+01 1.686338726450605208e+01 -4.963067022700767694e+01
-1.104194275110552859e+01 2.634211201047229611e+00 -1.294477254069321503e+01 2.634211201047229611e+00 -1.925331948772921464e+01 -7.808431095399705590e+00 -1.294477254069321503e+01 -7.808431095399705590e+00 -2.037110858538562397e+01
-8.705898192990751738e+00 4.658400578865227737e-01 5.333885165159266251e+00 4.658400578865227737e-01 -3.611905662021553098e+01 2.981545699022649654e+00 5.333885165159266251e+00 2.981545699022649654e+00 -5.271534949482435728e+00
3.230170495974295619e+01 1.699086443203405405e+00 1.050486329663073626e+01 1.699086443203405405e+00 -1.943302031919619210e+01 7.654463071615314362e+00 1.050486329663073626e+01 7.654463071615314362e+00 1.343815119554329662e+01
3.133287509394271453e+01 7.026440379637374001e+00 7.537586015683418239e+00 7.026440379637374001e+00 9.695013965056562100e+00 -3.444166394107685547e-01 7.537586015683418239e+00 -3.444166394107685547e-01 2.255040836427209427e+01
1.158605464738277036e+01 7.167581805153385055e+00 8.434307784030101729e+00 7.167581805153385055e+00 -1.677768201962198802e+01 -2.846033782883926680e-02 8.434307784030101729e+00 -2.846033782883926680e-02 7.320161437880449817e+00
5.005967194347310745e+00 -4.173488078188104744e+00 1.015077731149717088e+01 -4.173488078188104744e+00 -1.771042045001088638e+01 -4.781452118419590391e+00 1.015077731149717088e+01 -4.781452118419590391e+00 1.170265796644055989e+01
1.426653682361391340e+01 1.183158464137686039e+01 1.855168948543939678e+01 1.183158464137686039e+01 -2.270599823797282468e+01 -5.799873572152119294e+00 1.855168948543939678e+01 -5.799873572152119294e+00 2.049677447965592236e+01
1.123292064669827184e+01 5.277663161385224733e+00 -4.164607534371770114e+00 5.277663161385224733e+00 8.152846397889430108e+00 1.564876888007513900e+00 -4.164607534371770114e+00 1.564876888007513900e+00 2.354364435047968129e+01
-2.261161579272467748e+01 -5.002620136041449506e+00 1.358679052795076814e+01 -5.002620136041449506e+00 -1.701116205959861105e+01 -4.122041054329693921e+00 1.358679052795076814e+01 -4.122041054329693921e+00 2.179989821296931041e+01
3.122458483664976825e+01 1.337704180828231504e+00 2.052050194989223542e+01 1.337704180828231504e+00 -2.156918695084596749e+01 5.875114956799460941e-01 2.052050194989223542e+01 5.875114956799460941e-01 2.085429719048707042e+01
-1.070116867842176767e+01 -1.348879081547061531e+01 8.051689470046339281e+00 -1.348879081547061531e+01 -3.316624417550787030e+01 5.022472674137457460e+00 8.051689470046339281e+00 5.022472674137457460e+00 -1.949917791173154313e+01
-4.366135024491423877e+01 6.989954735588690404e+00 3.039018641393860243e+00 6.989954735588690404e+00 -6.357310568635029568e+01 -4.180586630450822128e+00 3.039018641393860243e+00 -4.180586630450822128e+00 -5.889388996575515733e+01
4.907517103614991782e+01 1.103686711731095782e+00 1.663603675195184373e+00 1.103686711731095782e+00 1.757548548728436444e+01 2.026894352708409563e+00 1.663603675195184373e+00 2.026894352708409563e+00 3.512608577619253936e+01
-3.602104538195215611e+01 5.578723586629059206e+00 1.059842646336442940e+01 5.578723586629059206e+00 -5.408124921417826414e+01 6.544731478934245672e+00 1.059842646336442940e+01 6.544731478934245672e+00 -2.651295456708527709e+01
6.961918006070918707e+00 2.619419536319356645e+00 6.118349129074025505e-01 2.619419536319356645e+00 -4.317473643076402467e+00 -1.248778840300478699e+00 6.118349129074025505e-01 -1.248778840300478699e+00 1.271377654902672560e+01
-1.756034337328335937e+01 -6.865345784870190426e-01 1.188613910460884782e+01 -6.865345784870190426e-01 -3.214318766926657389e+01 2.803331244636991793e-02 1.188613910460884782e+01 2.803331244636991793e-02 -1.028339864297700679e+01
4.257281742416196835e+01 1.118178875149878770e+01 2.444616756295457094e+01 1.118178875149878770e+01 2.368325895551526372e+01 -2.850867871848475232e+00 2.444616756295457094e+01 -2.850867871848475232e+00 5.317056323460980849e+01
7.561445443996213100e+00 7.876377443104021658e+00 8.897467760620108024e+00 7.876377443104021658e+00 -4.714415845266292315e+00 1.462777187751646890e+00 8.897467760620108024e+00 1.462777187751646890e+00 1.001907685081301480e+01
-6.859637093220471549e+00 -8.251872083080622033e+00 -1.042398077685038782e+00 -8.251872083080622033e+00 -3.126577420990696510e+01 2.385087745804537196e+00 -1.042398077685038782e+00 2.385087745804537196e+00 -4.645424893800505828e+00
-1.378754964644003245e+01 -9.138190594833899283e+00 4.879198109344460299e+00 -9.138190594833899283e+00 -3.502205005230246115e+01 5.843920969049467118e+00 4.879198109344460299e+00 5.843920969049467118e+00 7.786260669837724357e+00
4.496611208414322647e+01 6.416816686205535802e+00 1.347576672081915383e+01 6.416816686205535802e+00 3.042995225709488949e+01 -1.688451001069208246e+01 1.347576672081915383e+01 -1.688451001069208246e+01 5.031925849215960511e+01
-1.260171827165149772e+01 -5.737191106614973002e+00 1.615137078979056895e+01 -5.737191106614973002e+00 -3.032380374186325156e+01 1.507902708971236461e+00 1.615137078979056895e+01 1.507902708971236461e+00 -2.166835197166913929e+01
8.904768414027599555e-01 -1.251302874612145732e+00 1.729735267374046970e+01 -1.251302874612145732e+00 -3.553594029971442581e+01 -3.801324395527984623e-01 1.729735267374046970e+01 -3.801324395527984623e-01 1.394120439653955934e+01
-3.486680431231192046e+01 4.743075622827768179e+00 9.257318649817355416e-01 4.743075622827768179e+00 -4.620982685502510634e+01 7.040817817651755517e-01 9.257318649817355416e-01 7.040817817651755517e-01 -1.141070362238018099e+01
-2.604257079278526277e+01 -4.326706438007823508e+00 -2.699080122778943824e+00 -4.326706438007823508e+00 -3.803751074389353448e+01 -8.183377375690896738e-01 -2.699080122778943824e+00 -8.183377375690896738e-01 -1.229016969734179376e+01
8.388572245383398851e+00 6.700141147526027297e+00 2.042154545697647094e+01 6.700141147526027297e+00 -1.558185779924334113e+01 -1.836481847556213864e+01 2.042154545697647094e+01 -1.836481847556213864e+01 2.150325628594812954e+01
1.591194068720571941e+01 -1.937612669949598798e+00 9.783787757474346591e+00 -1.937612669949598798e+00 -8.136937087682412084e+00 2.268902977253766107e+00 9.783787757474346591e+00 2.268902977253766107e+00 2.046039926882399840e+01
-8.884765317429584641e+00 -5.941636529302253278e-01 1.107237215562632393e+01 -5.941636529302253278e-01 -2.535401791812406103e+01 -5.978141252883270695e+00 1.107237215562632393e+01 -5.978141252883270695e+00 -2.181727824833411589e+01
2.798819505528683749e+01 8.253989043707623097e+00 1.954607744777635858e+01 8.253989043707623097e+00 -1.895875066648693519e+01 1.027531197761645920e+00 1.954607744777635858e+01 1.027531197761645920e+00 2.556698356384116622e+01
2.538739342616240435e+01 -5.647509277962826424e+00 1.099689532177070816e+01 -5.647509277962826424e+00 -8.089288642492558523e+00 -7.990503463579713639e+00 1.099689532177070816e+01 -7.990503463579713639e+00 8.800250864022189035e+00
1.963949845409587525e+01 1.079732651686753364e+01 9.620229058028586522e+00 1.079732651686753364e+01 -7.944419251525333792e+00 1.053709938591542894e+01 9.620229058028586522e+00 1.053709938591542894e+01 2.545750960241048233e+01
-2.354983138350151162e+00 -8.270133984682512818e+00 2.230139941480738841e+01 -8.270133984682512818e+00 -3.874978571848003384e+01 7.384662183204767416e+00 2.230139941480738841e+01 7.384662183204767416e+00 2.224537454011174376e+01
-2.128237129851920173e+01 -7.590119640958335800e+00 7.128118376853604055e+00 -7.590119640958335800e+00 -1.903797597556414445e+01 3.516229647387001389e+00 7.128118376853604055e+00 3.516229647387001389e+00 -3.279541158122004862e+00
-4.216404876467856155e+01 1.011546278549255717e+01 1.839237230188328454e+01 1.011546278549255717e+01 -5.365870797534495296e+01 7.204798598519078112e+00 1.839237230188328454e+01 7.204798598519078112e+00 -3.826652753277652863e+01
-6.693366276444053575e+00 -2.388871591412539824e-02 7.559724026706759581e+00 -2.388871591412539824e-02 -3.485405394875404994e+01 -1.249126454948050524e+00 7.559724026706759581e+00 -1.249126454948050524e+00 -2.193318064952788760e+01
-4.143722914874684449e+01 4.214776069527340852e+00 7.396107162333327878e+00 4.214776069527340852e+00 -5.402538523902346412e+01 1.689406028180649955e+01 7.396107162333327878e+00 1.689406028180649955e+01 -1.526730056006013392e+01
-2.834650340041213745e+00 -1.027562456513898326e+01 -7.724888798301476456e+00 -1.027562456513898326e+01 -1.876427686722233545e+01 -1.445531057559388488e+00 -7.724888798301476456e+00 -1.445531057559388488e+00 1.461520267810239559e+01
-4.343021043042458729e-01 -3.907778630742437809e+00 -2.840295746035060298e-01 -3.907778630742437809e+00 -1.771004359182425958e+01 3.153998047392459814e+00 -2.840295746035060298e-01 3.153998047392459814e+00 -1.558443848245766983e+00
4.714364832479654766e+00 1.285560131615028245e+00 1.305769830095034578e+01 1.285560131615028245e+00 -2.394070825552712667e-01 -2.851755787473619019e+00 1.305769830095034578e+01 -2.851755787473619019e+00 -5.829853910374354520e+00
2.172353753267685761e+01 6.382874504086641920e+00 1.239010572780063413e+01 6.382874504086641920e+00 8.952536568758080904e+00 2.101253261620235957e+00 1.239010572780063413e+01 2.101253261620235957e+00 4.231513588601112730e+01
1.213666548816498114e+01 -1.098730292247649309e+01 6.248575955197607890e+00 -1.098730292247649309e+01 -7.424776897915075224e+00 5.419139932115911940e+00 6.248575955197607890e+00 5.419139932115911940e+00 6.244599635886926015e-01
-2.090330175550601766e+01 -8.122942642133679669e+00 1.343207782527674965e+01 -8.122942642133679669e+00 -5.764186802845215141e+01 -2.102430176806133311e+00 1.343207782527674965e+01 -2.102430176806133311e+00 -3.520399926745508168e+01
7.087250713944679426e+00 2.448612057708251744e+00 8.463867769970970789e-01 2.448612057708251744e+00 -2.536714682042533653e+01 -1.414537623503034025e+00 8.463867769970970789e-01 -1.414537623503034025e+00 -1.077181887765066293e+01
-3.658487290053756613e+00 1.096600750442703331e+00 -1.149452204793109500e+00 1.096600750442703331e+00 -4.606544596751017018e+00 4.800943827802084396e-01 -1.149452204793109500e+00 4.800943827802084396e-01 7.896135498621580595e+00
5.814002627180643401e+01 1.011189296864804987e+01 1.746026311855657553e+01 1.011189296864804987e+01 1.182958598980462739e+01 -5.566657051103552689e+00 1.746026311855657553e+01 -5.566657051103552689e+00 4.000759798130078337e+01
-3.535532351069432622e+01 3.187341122820438244e+00 8.078361492421988643e+00 3.187341122820438244e+00 -4.513513489459569428e+01 -7.402903868477009652e+00 8.078361492421988643e+00 -7.402903868477009652e+00 -2.403279085149775440e+01
-6.883683210006791064e+00 2.187099073824151585e+00 5.246139193364721898e+00 2.187099073824151585e+00 -1.421690191843962658e+01 -1.996119801612992628e+00 5.246139193364721898e+00 -1.996119801612992628e+00 2.111347716788947615e+00
2.811471672827351043e+01 -1.374647296097544391e+01 8.416260081872492194e+00 -1.374647296097544391e+01 -7.917970294455332514e+00 1.369891006407529233e+01 8.416260081872492194e+00 1.369891006407529233e+01 3.038155782406537497e+00
-1.353056414945035613e+01 -4.604621901267048401e+00 -6.500959107028446704e-01 -4.604621901267048401e+00 -2.558291127768422157e+01 4.219562818473226451e-01 -6.500959107028446704e-01 4.219562818473226451e-01 -5.231492117588159907e+00
-7.396508884049906918e+00 -1.127311755940282367e+01 1.009905056952551661e+01 -1.127311755940282367e+01 -3.636908612021231590e+01 -7.965038226288939427e+00 1.009905056952551661e+01 -7.965038226288939427e+00 -1.664303323370274157e+01
2.676107765332184485e+01 -1.001144995827502093e+01 1.643521511022589721e+01 -1.001144995827502093e+01 -7.599502472913336248e+00 8.864508885667492066e+00 1.643521511022589721e+01 8.864508885667492066e+00 2.828578450091396235e+01
2.578195731324379736e+01 8.169321247804429476e+00 1.677229832296213274e+01 8.169321247804429476e+00 -4.188512011012975655e+00 3.053892171164098723e+00 1.677229832296213274e+01 3.053892171164098723e+00 1.865304796555364319e+01
2.941609465139280388e+01 -9.592385814229175134e-01 -1.417323380637879104e+00 -9.592385814229175134e-01 1.577485124501958857e+01 3.347742649165982520e+00 -1.417323380637879104e+00 3.347742649165982520e+00 3.244313509327542988e+01
1.973045950770902124e+01 -6.333838886000325630e+00 1.700731590600271304e+01 -6.333838886000325630e+00 -3.481003650533812532e+01 2.915843366177741203e+00 1.700731590600271304e+01 2.915843366177741203e+00 2.264081176542053697e+01
-1.197360645997041217e+01 -1.694086359751791093e+01 5.635546948553809443e+00 -1.694086359751791093e+01 -3.417827548116127900e+01 -1.374836345905334101e+00 5.635546948553809443e+00 -1.374836345905334101e+00 -2.506171137961685247e+01
-1.393376150974704686e+01 6.257466011651889870e-01 1.532992290420117643e+00 6.257466011651889870e-01 -2.999569931639120313e+01 1.833941602551011574e+00 1.532992290420117643e+00 1.833941602551011574e+00 -1.041316369603313641e+00
4.216624325214583990e+01 -1.152485409205247535e+01 2.101258810270623556e+00 -1.152485409205247535e+01 3.465235265471320503e+01 3.059757245217944011e+00 2.101258810270623556e+00 3.059757245217944011e+00 3.349554492971519437e+01
1.351610339162144570e+01 8.366711811313443548e+00 3.368770350405704761e+01 8.366711811313443548e+00 -1.287491043338911112e+01 -1.345964512376334854e+00 3.368770350405704761e+01 -1.345964512376334854e+00 2.365975982177869241e+01
-2.126734445752721303e+00 -3.737404189728129378e+00 8.398868682933287033e+00 -3.737404189728129378e+00 -1.303296841205126988e+01 2.579577855261970143e+00 8.398868682933287033e+00 2.579577855261970143e+00 -4.483897579572832193e+00
-2.967931756820432199e+01 6.597502032369722436e+00 8.071179847065527824e+00 6.597502032369722436e+00 -4.922368628278849201e+01 4.721543463961796583e+00 8.071179847065527824e+00 4.721543463961796583e+00 -2.013113759587928797e+01
1.828167519844446787e+01 -5.029417391300662343e-01 2.302960545384320767e-01 -5.029417391300662343e-01 -1.316195021665533460e+01 1.741283776058251576e+00 2.302960545384320767e-01 1.741283776058251576e+00 8.415622341365756043e+00
1.043726300728666345e+01 -2.039717912827601509e+00 4.879115987750155092e+00 -2.039717912827601509e+00 -1.450301279280781053e+01 1.203361439437848679e+00 4.879115987750155092e+00 1.203361439437848679e+00 9.999629822688126168e+00
2.284384200658586650e+01 1.513506201065156809e+01 1.570044636200920962e+01 1.513506201065156809e+01 -2.238590948139126624e+01 5.798991049606642356e+00 1.570044636200920962e+01 5.798991049606642356e+00 5.883696475414362581e+00
-8.825672002598087929e+00 -8.249275259512419467e+00 -3.127305937906067257e+00 -8.249275259512419467e+00 -6.655428071175230720e+00 -6.534965828488320527e-01 -3.127305937906067257e+00 -6.534965828488320527e-01 -2.836762106574481912e+00
2.501283589258886941e-01 -9.938960119337762578e+00 -1.372869935333911329e+00 -9.938960119337762578e+00 -2.407484721835125896e+01 -4.437623860869944536e+00 -1.372869935333911329e+00 -4.437623860869944536e+00 1.213062449013248667e+01
-1.145704333364492022e+01 1.114773941047633166e+01 1.090757202789892588e+01 1.114773941047633166e+01 -3.464423839426458329e+01 -6.151920672960943470e+00 1.090757202789892588e+01 -6.151920672960943470e+00 -3.879181510990838411e-01
-6.817757789907570043e+01 -1.916437462996928298e-01 3.423675710757848378e+00 -1.916437462996928298e-01 -9.528624379105444575e+01 -1.641662515179861170e+00 3.423675710757848378e+00 -1.641662515179861170e+00 -6.271873661264064026e+01
7.343118300474936966e+00 4.419924343065406269e+00 7.645612846863893530e+00 4.419924343065406269e+00 -2.276583271032329847e+01 4.810370530678750534e+00 7.645612846863893530e+00 4.810370530678750534e+00 -3.612144730370527856e+00
-2.007040849152417650e+01 -7.625807452544460574e+00 1.302314845881809457e+00 -7.625807452544460574e+00 -3.705395190345977596e+01 7.828529240768995479e+00 1.302314845881809457e+00 7.828529240768995479e+00 -6.565790414542919962e+01
3.213119836775649674e+01 -5.789973216778544263e+00 3.882810585052362651e+00 -5.789973216778544263e+00 1.903770055691261476e+01 1.900399767160575015e+00 3.882810585052362651e+00 1.900399767160575015e+00 4.121865658967648471e+01
2.353846538574610570e+00 -1.117698473456029795e+01 1.067442428377036379e+01 -1.117698473456029795e+01 -2.002534547325866754e+01 -1.115389533194288241e+00 1.067442428377036379e+01 -1.115389533194288241e+00 1.235583886341659721e+01
-6.747606400177011743e+00 -8.951271427954994309e-01 1.535591881936123038e+01 -8.951271427954994309e-01 -3.286269889687205392e+01 -3.103047446422027456e+00 1.535591881936123038e+01 -3.103047446422027456e+00 -3.511819421696125154e-01
-1.114647316684877154e+01 2.395491445453616031e+00 1.148660425352011183e+00 2.395491445453616031e+00 -3.314332139885858197e+01 -7.492416298320456747e+00 1.148660425352011183e+00 -7.492416298320456747e+00 1.063537472624290281e+01
-2.471941087920319191e+01 1.933978218778102587e+01 1.274625476794004619e+01 1.933978218778102587e+01 -5.912803104022716383e+01 -3.616640484149481249e+00 1.274625476794004619e+01 -3.616640484149481249e+00 -1.852959988158184146e+01
4.848969114642098077e+01 -2.538900119747157458e+00 1.335260244461930412e+01 -2.538900119747157458e+00 2.327125246732161656e+01 2.523343019662250164e+00 1.335260244461930412e+01 2.523343019662250164e+00 6.427686878559771344e+01
3.372083269782875448e+01 6.630455805598281849e+00 6.065424764510877864e+00 6.630455805598281849e+00 2.771515366235284006e+01 -4.863034151198261101e-01 6.065424764510877864e+00 -4.863034151198261101e-01 5.386116728621447436e+01
-1.327770144811240982e+01 -1.061115904653380859e+01 8.363669139223839366e+00 -1.061115904653380859e+01 -1.296812203185973900e+01 -2.404934414090484474e+00 8.363669139223839366e+00 -2.404934414090484474e+00 -2.331874070430523638e+00
2.051315922452130280e+01 8.102009501111632206e-01 1.551147822220183237e+01 8.102009501111632206e-01 -8.229353635817801660e+00 1.871426162126806458e+00 1.551147822220183237e+01 1.871426162126806458e+00 1.131483820675760121e+01
1.879243559812812236e+01 -6.297497018943279734e+00 -2.537267436907611362e+00 -6.297497018943279734e+00 -5.527919007481144398e+00 7.036768221217569730e-01 -2.537267436907611362e+00 7.036768221217569730e-01 7.331317448764024469e+00
2.121569897126729742e+01 4.748259232936294927e-01 -7.719039457728730902e+00 4.748259232936294927e-01 -1.289352547270047999e+01 1.451339550475276496e+01 -7.719039457728730902e+00 1.451339550475276496e+01 4.822351261241689002e+00
-2.086038316512272317e+01 -1.345622881906388990e+01 -5.674012962346633770e+00 -1.345622881906388990e+01 -3.580215520195397971e+01 -3.477750956035675078e-01 -5.674012962346633770e+00 -3.477750956035675078e-01 -2.233516110386220532e+01
-2.423948396256889026e+01 -6.298593338761529381e+00 3.790207475685795302e+00 -6.298593338761529381e+00 -3.310123279282444742e+01 4.912038081027849223e+00 3.790207475685795302e+00 4.912038081027849223e+00 -1.595336134486989188e+01
3.037713289540352690e+01 6.576491893604253791e-01 6.189940088606243229e+00 6.576491893604253791e-01 2.860012200304231555e+01 1.928181373248203556e+01 6.189940088606243229e+00 1.928181373248203556e+01 4.941688287174030592e+01
3.888059510638753835e+01 3.004277343501463360e+00 4.209057492424131297e+00 3.004277343501463360e+00 2.482452334729548937e+01 -1.228372367865606662e+00 4.209057492424131297e+00 -1.228372367865606662e+00 6.025909139930298863e+01
5.023718668545725130e+00 -1.488593482678076674e+00 7.107609895977057946e+00 -1.488593482678076674e+00 -2.721368522906557885e+01 -3.445527112989574814e+00 7.107609895977057946e+00 -3.445527112989574814e+00 7.321516566953583549e+00
-1.835519999629866916e+01 1.480469875018234305e+01 1.249745657963666901e+01 1.480469875018234305e+01 -6.708394443623728876e+01 -1.019682337983104858e+01 1.249745657963666901e+01 -1.019682337983104858e+01 -1.593183423222898476e+01
-2.107207560530691381e+01 4.010336989399069019e+00 1.557209364120202189e+01 4.010336989399069019e+00 -4.527014767641656334e+01 2.778737578669440822e+00 1.557209364120202189e+01 2.778737578669440822e+00 -2.288928530197326694e+01
-1.842506565342267777e+01 -3.655525180167237487e+00 1.107933220951098718e+01 -3.655525180167237487e+00 -3.878113324048917576e+01 3.155632883206786587e+00 1.107933220951098718e+01 3.155632883206786587e+00 3.650101367435382382e+00
6.640045675902200628e+01 1.292549647991262063e+01 9.916964186751853205e+00 1.292549647991262063e+01 3.153712681070881274e+01 -1.653567929490199262e+01 9.916964186751853205e+00 -1.653567929490199262e+01 5.872592731256326459e+01
2.030035566649231882e+01 6.712149052329453802e+00 2.222618362760569344e+00 6.712149052329453802e+00 -1.311613055793827920e+00 -5.616924552360633704e+00 2.222618362760569344e+00 -5.616924552360633704e+00 1.486944707672843080e+01
8.500850300179140229e-01 7.640792061220631481e+00 6.406144228425996623e+00 7.640792061220631481e+00 -1.521105559674293417e+01 -7.421639837816161211e+00 6.406144228425996623e+00 -7.421639837816161211e+00 -1.061998372084747722e+01
