2.004115624379926430e+01 -9.123342520378274756e+00 -1.115843425419504165e+01 -9.123342520378274756e+00 -5.400517549166334419e+00 -4.173432428478931477e+00 -1.115843425419504165e+01 -4.173432428478931477e+00 -3.214234659801364558e+01
2.407070847497069455e+00 -6.897308247906005718e+00 7.833151762149224595e+00 -6.897308247906005718e+00 1.476659577191446360e+01 2.262630037122982429e+01 7.833151762149224595e+00 2.262630037122982429e+01 -4.432221467143008198e+01
5.019927425511518493e+01 4.186307898307177311e+00 -8.590461508868449059e+00 4.186307898307177311e+00 6.417324599972022270e+01 4.725599953114226537e+00 -8.590461508868449059e+00 4.725599953114226537e+00 6.334155682739093152e+01
3.498165855921094902e+01 7.451400675280531516e+00 -7.176285749376225098e+00 7.451400675280531516e+00 2.847729336823369195e+01 -4.542636623183857886e-02 -7.176285749376225098e+00 -4.542636623183857886e-02 5.989444170107307563e+00
-1.814521677618101947e+01 6.677054742453294445e+00 -9.756388542172828693e+00 6.677054742453294445e+00 -2.909474844713818698e+01 -4.263828320109531944e+00 -9.756388542172828693e+00 -4.263828320109531944e+00 -1.453194407608638805e+01
-9.234083232295525079e+00 -4.504096968216654950e+00 2.912688126882373219e+00 -4.504096968216654950e+00 -3.010266965591436161e+01 -1.978500297216177595e+00 2.912688126882373219e+00 -1.978500297216177595e+00 -3.179244708301699518e+01
5.945491934569056447e+00 4.093642045069253221e+00 -8.856566276875749821e+00 4.093642045069253221e+00 5.652677007368015261e+00 -1.387339803095278379e+00 -8.856566276875749821e+00 -1.387339803095278379e+00 -2.169992040871952099e+01
9.869990937360277883e+00 -3.869518051941290615e+00 -1.569369288956140140e+00 -3.869518051941290615e+00 9.583621039691838206e+00 -1.662450948664023898e+01 -1.569369288956140140e+00 -1.662450948664023898e+01 -1.430829832080802078e+01
7.523981056615363627e+01 -1.267985755878117438e+01 -8.436779245040337827e+00 -1.267985755878117438e+01 6.785051656085873617e+01 -8.620950626136393069e+00 -8.436779245040337827e+00 -8.620950626136393069e+00 1.989367722091717638e+01
5.369198795496505738e+01 1.482598691119328649e+01 -1.024360623684248672e+01 1.482598691119328649e+01 4.227379359027843719e+01 -6.873884633190115778e+00 -1.024360623684248672e+01 -6.873884633190115778e+00 3.058987304404698904e+01
-1.895049142687865995e+01 -4.551518688271143809e+00 -2.614047696622242256e+01 -4.551518688271143809e+00 -3.560922830189026200e+01 -6.145857190533075887e+00 -2.614047696622242256e+01 -6.145857190533075887e+00 -8.566518709267823795e+01
3.681932777148129077e+01 -2.588795159718004779e+00 -9.770465386398183849e-01 -2.588795159718004779e+00 2.395466952833350760e+01 -1.094771517315518139e+01 -9.770465386398183849e-01 -1.094771517315518139e+01 5.756769439569391356e-01
3.947781107711685422e+01 2.438884404259923144e+00 -1.310341626303014273e+01 2.438884404259923144e+00 4.023894565153315028e+01 -5.008832908465544520e+00 -1.310341626303014273e+01 -5.008832908465544520e+00 3.983124475519191776e+01
1.795452549668991793e+01 7.263648261354896940e-01 1.213211364068869891e+01 7.263648261354896940e-01 1.388156597081548327e+01 -8.154339984787916107e-01 1.213211364068869891e+01 -8.154339984787916107e-01 -1.815178899526867617e+00
9.808482119672982336e+00 -2.240687094950782610e-01 -1.236163173333768839e+01 -2.240687094950782610e-01 -2.588452925999002563e+00 2.686055339410462928e+00 -1.236163173333768839e+01 2.686055339410462928e+00 -3.207709946669630341e+01
1.219961274458615108e+01 -2.021849730369637221e+00 -4.241772634948291376e+00 -2.021849730369637221e+00 7.006637733533870538e+00 2.061053386132756238e+00 -4.241772634948291376e+00 2.061053386132756238e+00 1.290132270735319153e+01
-3.164089083851654749e+01 4.584366686500788823e+00 4.446584420924682313e+00 4.584366686500788823e+00 -3.163771733706771272e+01 2.045233334627414301e+00 4.446584420924682313e+00 2.045233334627414301e+00 -4.651518401234144306e+01
1.263027409194946316e+01 -4.632111703785265711e+00 4.427122394737392774e+00 -4.632111703785265711e+00 -2.750440312438390822e-01 1.040231083539707502e+00 4.427122394737392774e+00 1.040231083539707502e+00 -3.764415877299594371e+00
1.048482964141373319e+00 -8.471048102940592628e+00 7.341613837508467633e+00 -8.471048102940592628e+00 -1.942359555515321645e+01 7.737666457689068800e+00 7.341613837508467633e+00 7.737666457689068800e+00 -1.955242928583999884e+01
3.147820730913068843e+01 -1.261031801788459639e+01 1.433173079844120146e+01 -1.261031801788459639e+01 -2.145183946951627263e+01 -7.020761751522625715e+00 1.433173079844120146e+01 -7.020761751522625715e+00 -5.146112106370082984e+01
-4.373731248903354185e+01 6.727814546145371999e+00 1.642876901325453831e+00 6.727814546145371999e+00 -4.515755433093709570e+01 -2.776932868889509631e+00 1.642876901325453831e+00 -2.776932868889509631e+00 -4.624864206647242781e+01
1.540553883728121853e+01 6.768444827375207140e+00 6.041415070638371354e+00 6.768444827375207140e+00 2.076685869739179680e+01 2.340604553001413990e+01 6.041415070638371354e+00 2.340604553001413990e+01 4.222705290933001976e+01
7.594592838109117672e+00 5.220154052420767243e+00 -1.064798830698125265e+01 5.220154052420767243e+00 -1.670256921706596032e+01 -3.742798401155512433e+00 -1.064798830698125265e+01 -3.742798401155512433e+00 9.462766927251928806e+00
-1.016609676553976094e+01 -2.184421308321092425e+01 -2.703422062400973047e+00 -2.184421308321092425e+01 -1.045105243040759291e+01 -3.260418807831084731e+00 -2.703422062400973047e+00 -3.260418807831084731e+00 -1.992439234246104718e+01
3.396527895707737343e+01 -2.008849664748750541e-01 1.537616718733128440e+00 -2.008849664748750541e-01 3.415098126478763163e+01 -1.390991970407302381e+00 1.537616718733128440e+00 -1.390991970407302381e+00 2.215823803651237611e+01
4.649687162671361307e+01 -6.977140636511887983e+00 -5.731190907888035202e-01 -6.977140636511887983e+00 4.409922237203522144e+01 8.753877034504586874e+00 -5.731190907888035202e-01 8.753877034504586874e+00 -8.668105919321909880e+00
9.154668534219927878e+00 -1.122569695909670351e+01 7.307538326657746219e-02 -1.122569695909670351e+01 -9.696741628186936524e+00 -4.253669711127585629e+00 7.307538326657746219e-02 -4.253669711127585629e+00 -4.683620263628032632e+00
1.387635750755014996e+00 -1.298473121039302036e+01 1.809575746546411779e+01 -1.298473121039302036e+01 4.338017149774954007e+00 1.407875180778833002e+00 1.809575746546411779e+01 1.407875180778833002e+00 -3.547853850763498684e+00
-4.272067455115090695e+01 6.877292096407333410e+00 9.001403819602789014e+00 6.877292096407333410e+00 -4.709661779558482664e+01 1.005980575521975728e+00 9.001403819602789014e+00 1.005980575521975728e+00 -7.793047890479466844e+01
3.956301897061081263e+00 3.851796101314139520e+00 1.660651349330036197e+01 3.851796101314139520e+00 3.283906920614257707e+00 7.454596641608159935e+00 1.660651349330036197e+01 7.454596641608159935e+00 6.022787722301026214e-01
-1.360028433184450414e+01 1.219128996272714538e+01 -6.401504516010440016e-01 1.219128996272714538e+01 -1.462842553496194498e+01 6.934493218004260662e+00 -6.401504516010440016e-01 6.934493218004260662e+00 -6.206560261236521114e+01
-2.822040937451456344e+01 7.299059428591225362e+00 2.773253506893074705e-01 7.299059428591225362e+00 -8.128513155060907991e+00 1.223298922898399432e+01 2.773253506893074705e-01 1.223298922898399432e+01 4.335870455313400207e+00
-8.041524868581600316e+00 9.912974285690902221e+00 2.007872860304836138e+00 9.912974285690902221e+00 -3.292003139191987060e+00 -1.462000979344670215e+00 2.007872860304836138e+00 -1.462000979344670215e+00 -2.627478558499052852e+01
3.008654195600452397e+01 -3.043926373303178057e+00 6.129218866836634305e+00 -3.043926373303178057e+00 1.483619068196014368e+01 -4.092298115893144406e+00 6.129218866836634305e+00 -4.092298115893144406e+00 1.342872994262940445e+01
2.555928633149093798e+01 -1.815256375722284155e+00 -1.447261591929346203e+01 -1.815256375722284155e+00 5.474249406956180763e+01 -5.702789052082294363e-01 -1.447261591929346203e+01 -5.702789052082294363e-01 6.304989911344659248e+00
-2.121275653744998024e+01 -2.893310797940462198e+00 6.759312988328749050e+00 -2.893310797940462198e+00 -3.738594603359786106e+01 -7.301892781551274858e+00 6.759312988328749050e+00 -7.301892781551274858e+00 -3.059451140455778173e+01
9.913610664469695521e+00 1.637695605075445826e+01 1.780262936217786773e+01 1.637695605075445826e+01 3.517931848319764043e+01 1.683051787543648103e+01 1.780262936217786773e+01 1.683051787543648103e+01 6.904954216066204964e+00
1.727160665785806515e+01 9.220665580174626896e+00 1.476311935661743746e+01 9.220665580174626896e+00 1.306692590287078737e+01 2.364770214026328699e+00 1.476311935661743746e+01 2.364770214026328699e+00 -2.429481711087522910e+01
-3.072150849895344038e+00 7.911961140517861146e+00 -1.974695185847420831e+01 7.911961140517861146e+00 -1.678796876260974003e+01 2.696601508372630907e+00 -1.974695185847420831e+01 2.696601508372630907e+00 -4.274267889610462134e+01
7.066996187069759294e+00 -8.412889108650462688e+00 -8.224589919745790567e+00 -8.412889108650462688e+00 1.101734466865292816e+01 -5.054472140386828904e+00 -8.224589919745790567e+00 -5.054472140386828904e+00 -2.059975609120211715e+01
1.714779554507009962e+01 -1.164541589633110830e+00 4.683548864523166877e+00 -1.164541589633110830e+00 5.569439934264986292e+00 3.523685119066559124e-01 4.683548864523166877e+00 3.523685119066559124e-01 8.416763818870105496e+00
-2.946239938011191661e+00 -5.405053788621388300e+00 -1.244906058845668895e+01 -5.405053788621388300e+00 -5.160673401704874763e+00 1.715323629097092351e+01 -1.244906058845668895e+01 1.715323629097092351e+01 -1.644790692079463312e+01
-3.157612842395947084e+01 -8.278055110851779475e+00 7.958142054482300054e-01 -8.278055110851779475e+00 -2.893220260322963355e+01 -3.351211719017089141e+00 7.958142054482300054e-01 -3.351211719017089141e+00 -1.534763660736079594e+01
2.414638669448707375e+01 -8.260342901407260463e-01 1.389648608873629598e+01 -8.260342901407260463e-01 -1.313551990122271640e+01 1.223838951734418146e+00 1.389648608873629598e+01 1.223838951734418146e+00 -1.117935128239286513e+01
2.721346445769037459e+01 -2.243109213699220206e+01 4.679421984973780368e+00 -2.243109213699220206e+01 1.398976512766715707e+01 -2.334970416363429635e+01 4.679421984973780368e+00 -2.334970416363429635e+01 -2.921118986473429047e+01
4.030209971959974879e+00 4.501945156520839930e+00 1.392558833921715422e+00 4.501945156520839930e+00 7.396443575610068599e+00 1.184290634385907204e+00 1.392558833921715422e+00 1.184290634385907204e+00 9.984457309554237270e+00
3.167499783029570182e+01 4.223430400283018749e+00 -6.374797701467910471e+00 4.223430400283018749e+00 4.214599777624788146e+01 3.390019818692040499e+00 -6.374797701467910471e+00 3.390019818692040499e+00 -3.679757484481497087e+00
1.482542314959090923e+01 -6.817771627270954760e+00 7.873480191063939593e+00 -6.817771627270954760e+00 5.361385431481775043e+00 -1.427451461803427080e+00 7.873480191063939593e+00 -1.427451461803427080e+00 -1.296461094290792815e+01
3.178040346092286228e+01 1.320222689557313478e+00 -6.627489665585422074e+00 1.320222689557313478e+00 2.901417216614987638e+01 1.553366463405197129e+00 -6.627489665585422074e+00 1.553366463405197129e+00 2.426167456366053088e+01
2.817155709633065896e+01 2.010259371033614961e+00 1.278475452336011031e+01 2.010259371033614961e+00 -1.311134128279450195e+00 -8.852887483748505204e+00 1.278475452336011031e+01 -8.852887483748505204e+00 -4.731235841283323396e+01
