1.235782220177777901e+01 -5.485521821460466185e+00 3.070609654955555268e+00 -5.485521821460466185e+00 5.415067531111462884e+00 -7.677042831760141794e+00 3.070609654955555268e+00 -7.677042831760141794e+00 1.321000654231424321e+01
-3.475274743997371463e+00 -9.541011879034526633e-01 5.417267600729189780e+00 -9.541011879034526633e-01 -1.703791843924396687e+01 3.916879913879470987e+00 5.417267600729189780e+00 3.916879913879470987e+00 -3.424205104029736191e+01
3.165601857800133812e-01 2.659212167450601960e+00 1.385002904794775169e+01 2.659212167450601960e+00 1.625014491691436191e+01 6.005914224690718228e-01 1.385002904794775169e+01 6.005914224690718228e-01 -1.005537726380263130e+01
4.139516171983104442e+01 1.997810342719895216e+00 4.760751212520938580e+00 1.997810342719895216e+00 3.299633412280525135e+01 -1.023853427430471807e+00 4.760751212520938580e+00 -1.023853427430471807e+00 3.103539921275656255e+01
-1.968797110679323481e+01 -1.228101269595337008e+01 -1.187635238937708770e+01 -1.228101269595337008e+01 -1.656696969613611614e+01 -9.155100912784256195e+00 -1.187635238937708770e+01 -9.155100912784256195e+00 -2.936940836374054342e+01
2.869736737542069704e+00 2.885380026290187860e+00 2.205343620073864752e+00 2.885380026290187860e+00 8.700133798842581978e-01 -1.151893809338226049e+01 2.205343620073864752e+00 -1.151893809338226049e+01 -1.820034668227626540e+01
-6.804904376116620135e+00 -4.343175389908850548e+00 2.936524517094059039e+00 -4.343175389908850548e+00 -2.328859865362629566e+00 8.828354176977386558e+00 2.936524517094059039e+00 8.828354176977386558e+00 1.872104530197567840e+00
-6.039153351385272650e+00 -5.445567901063197880e+00 2.890098293569401289e+00 -5.445567901063197880e+00 -4.149083745097075671e+00 -1.983440466936975399e+00 2.890098293569401289e+00 -1.983440466936975399e+00 -3.414417587255623232e+01
2.444601892185938041e+00 4.586456672634403375e+00 3.192040788130513285e+00 4.586456672634403375e+00 -4.286986980260256708e+00 1.167593253643620876e+01 3.192040788130513285e+00 1.167593253643620876e+01 -4.636743090347028584e+01
-2.442569198537548303e+01 1.504486553820866312e+01 -2.829981453095020250e+00 1.504486553820866312e+01 -1.342102579630372361e+01 -5.552380741708613954e+00 -2.829981453095020250e+00 -5.552380741708613954e+00 -3.926263050241939112e+01
1.867872213833811657e+01 3.683866599886054249e-02 -1.621816550310084093e+00 3.683866599886054249e-02 2.123004070429722390e+01 1.279354936843168922e+01 -1.621816550310084093e+00 1.279354936843168922e+01 -1.022253913835875672e+01
-3.619102499121354555e+01 -5.976204654328530985e+00 -1.805075840131625586e+00 -5.976204654328530985e+00 -2.610118599029133080e+01 1.938682678917000146e+01 -1.805075840131625586e+00 1.938682678917000146e+01 -2.893816409147178703e+01
1.365493261059958030e+01 4.261158286744461066e+00 -1.021644362626782376e+00 4.261158286744461066e+00 1.732942528414927708e+01 8.359320638985721530e+00 -1.021644362626782376e+00 8.359320638985721530e+00 1.980980522059126159e+01
1.739554276559923451e+01 -3.523289264377434726e+00 1.052726797360184463e+01 -3.523289264377434726e+00 1.954634096205380089e+01 -8.981735667579552329e-01 1.052726797360184463e+01 -8.981735667579552329e-01 3.449379362939647109e+01
3.313182438169044275e+01 -8.601552535997466720e+00 -3.534163963009424148e+00 -8.601552535997466720e+00 2.506831780724531455e+01 5.568744677555260481e+00 -3.534163963009424148e+00 5.568744677555260481e+00 -1.925468856769140924e+00
-3.265751879509826949e+01 3.389841361597061287e+00 -7.210178820255581655e+00 3.389841361597061287e+00 -3.781076983042335371e+01 2.555178129851035429e+00 -7.210178820255581655e+00 2.555178129851035429e+00 -3.768356933018431931e+01
4.320560141517561448e+01 5.914657015482400304e+00 4.501081033211235649e+00 5.914657015482400304e+00 4.221821065314468058e+01 -1.127903390034490627e+01 4.501081033211235649e+00 -1.127903390034490627e+01 4.540652684102713010e+01
6.816089155770069796e-01 7.276690449152353857e+00 6.167772858399968250e+00 7.276690449152353857e+00 1.165675948071046797e+01 1.004976168560234973e+00 6.167772858399968250e+00 1.004976168560234973e+00 4.891751278371923917e+00
-2.039836041569778047e+01 3.793140640678565489e+00 6.671973972968904043e+00 3.793140640678565489e+00 -1.940199071747149162e+01 -2.303767042977161239e+01 6.671973972968904043e+00 -2.303767042977161239e+01 -5.447475363261474079e+00
1.017993048882536478e+01 4.952266037258141296e+00 3.826544316893032427e+00 4.952266037258141296e+00 9.251223657469596517e+00 -5.626689089532153076e+00 3.826544316893032427e+00 -5.626689089532153076e+00 1.688628676362594661e+01
1.964636444395588599e+00 3.428830987673724184e+00 -1.535338824188736684e+00 3.428830987673724184e+00 -5.275511803908167430e+00 -5.444680717067405418e+00 -1.535338824188736684e+00 -5.444680717067405418e+00 -4.980099663742090677e+00
5.367050967117974025e+00 -7.974124666873554368e+00 1.425480316554429416e+00 -7.974124666873554368e+00 -1.124047622582961914e+01 1.044560739509052461e+01 1.425480316554429416e+00 1.044560739509052461e+01 -4.147012761115906443e+01
3.363389152673976668e+01 3.401228272866620994e+00 2.566198915508334899e+00 3.401228272866620994e+00 3.610879551626246808e+01 -3.836819333263794096e+00 2.566198915508334899e+00 -3.836819333263794096e+00 -3.911093979742592985e+00
-2.769073066905368208e+01 4.490144148081457232e+00 -3.617306808455547085e+00 4.490144148081457232e+00 -2.357699449850105111e+01 1.762307805901454927e+01 -3.617306808455547085e+00 1.762307805901454927e+01 -3.860008306275318546e+01
2.289486740744056448e+00 3.101823909456548733e+00 5.714779881875816869e+00 3.101823909456548733e+00 7.746280635543765669e+00 -1.580282614665317942e+00 5.714779881875816869e+00 -1.580282614665317942e+00 1.228475485030657488e+01
-2.498441966178084428e+01 -3.870705833949832364e+00 -1.374572386045452843e-01 -3.870705833949832364e+00 -2.150078583535817600e+01 -3.315493659868108178e+00 -1.374572386045452843e-01 -3.315493659868108178e+00 -2.539802325193547361e+01
3.696257987463807382e+01 -3.110522826541605834e+00 -3.038004353935789936e+00 -3.110522826541605834e+00 4.036913628670681931e+01 -2.225919574770590881e+00 -3.038004353935789936e+00 -2.225919574770590881e+00 3.711120723750136818e+01
-2.635065659521704262e+01 -9.826200406763732076e+00 -3.152045425494176101e+00 -9.826200406763732076e+00 -2.433500895775216222e+01 -1.147989259446256582e+01 -3.152045425494176101e+00 -1.147989259446256582e+01 -3.860729321069323561e+01
1.312550868668193793e+01 2.528773617310589916e+00 2.403923890421137133e-01 2.528773617310589916e+00 2.566348885352470433e+01 2.411031225058500205e+00 2.403923890421137133e-01 2.411031225058500205e+00 2.917808254697526138e+01
-2.273971820314875458e+01 1.701504544141523523e+00 -9.530082977180316661e-02 1.701504544141523523e+00 -3.449469939621680936e+01 3.827408210413990375e+00 -9.530082977180316661e-02 3.827408210413990375e+00 -2.447385179666188293e+01
1.417706369576915471e+01 -8.904078494362963614e-01 1.581753294062604676e+00 -8.904078494362963614e-01 1.632321388029427212e+01 -1.543313752528730209e-01 1.581753294062604676e+00 -1.543313752528730209e-01 -3.902027833724908135e+00
4.523319260411105347e+01 1.769299062098737352e+01 -7.782650457503534014e+00 1.769299062098737352e+01 2.302539412527953999e+01 2.435363893971046245e+00 -7.782650457503534014e+00 2.435363893971046245e+00 -2.068251931313200487e+01
3.668581305500782008e+01 -8.719029293300277317e+00 -1.111886473263254294e+00 -8.719029293300277317e+00 1.786639348954857809e+01 -4.964222143569971379e+00 -1.111886473263254294e+00 -4.964222143569971379e+00 -2.565913356132122569e+00
2.025116266057006342e+01 -7.396277744750289207e-01 5.551662011914302752e+00 -7.396277744750289207e-01 1.831573084686277753e+01 -6.381418588362980593e+00 5.551662011914302752e+00 -6.381418588362980593e+00 3.627399501005022842e+01
-8.439766706122961537e+00 -8.558939635529259959e+00 5.934320361290997603e+00 -8.558939635529259959e+00 -1.431209656873531699e+01 -1.332425650387479443e+01 5.934320361290997603e+00 -1.332425650387479443e+01 -2.567791197404172365e+01
-3.810157570664406634e+00 -4.077455274421210696e+00 2.993440979596234008e+00 -4.077455274421210696e+00 2.455492560163671456e+00 -4.848930302205093135e+00 2.993440979596234008e+00 -4.848930302205093135e+00 4.364134350974435250e+00
7.405593641955913853e+00 -4.210174071608128621e+00 -3.250214778340616117e+00 -4.210174071608128621e+00 6.623772851178785004e+00 3.017022896114660568e+00 -3.250214778340616117e+00 3.017022896114660568e+00 7.294956583769954817e-01
4.795273579526987184e+00 -7.562766015627422789e+00 3.636735771348596824e+00 -7.562766015627422789e+00 2.410712108968122891e+01 3.265062277502175814e+00 3.636735771348596824e+00 3.265062277502175814e+00 5.514322468066413796e-01
2.443288796878425018e+01 -1.751747106012757982e+01 3.469428989229951910e+00 -1.751747106012757982e+01 7.485843666296204013e+00 5.186105570359178074e+00 3.469428989229951910e+00 5.186105570359178074e+00 -6.137622626999667652e+00
1.998151726966855080e+01 -1.733069284518919417e+01 2.351398741710543305e+00 -1.733069284518919417e+01 1.859825263841775467e+01 -4.171941515778375020e+00 2.351398741710543305e+00 -4.171941515778375020e+00 -1.715895946956027629e+01
-2.024056816531355807e+01 9.482313415526018474e+00 5.868734675520866695e+00 9.482313415526018474e+00 -2.302573521318934269e+01 -2.875034812112889249e+00 5.868734675520866695e+00 -2.875034812112889249e+00 -2.500864531493550302e+01
-2.993540651450226076e+00 -8.133169899217989496e+00 7.305845545548476316e+00 -8.133169899217989496e+00 1.708924570805141485e-01 -4.895739407640998131e+00 7.305845545548476316e+00 -4.895739407640998131e+00 -2.442208443131557871e+01
2.132767484585936302e+01 5.573490883984082878e+00 6.263947646710977812e-01 5.573490883984082878e+00 1.614647271265781114e+01 1.415076227154789912e+01 6.263947646710977812e-01 1.415076227154789912e+01 -3.537884674146639430e+00
-2.110556543552820230e+01 -6.778240471183699434e+00 -3.492511247344490144e+00 -6.778240471183699434e+00 -1.998874878863604820e+01 -4.202396650328912742e+00 -3.492511247344490144e+00 -4.202396650328912742e+00 -1.926750690372529817e+01
1.237674720893222435e+01 -3.290799792450571193e+00 -6.229564257742407074e-01 -3.290799792450571193e+00 -1.992146057525961922e+01 -1.423050357256790655e+01 -6.229564257742407074e-01 -1.423050357256790655e+01 -2.289353007984772148e+01
-2.025491905003386961e+01 5.520389390178645606e+00 -1.023225224917071019e+00 5.520389390178645606e+00 -3.078098846366239627e+01 -7.402495811067071330e+00 -1.023225224917071019e+00 -7.402495811067071330e+00 -4.378263924968371867e+01
4.927139830651866959e+01 4.932157020259055891e-01 3.538683833322517014e+00 4.932157020259055891e-01 4.713542510913674732e+01 -1.170295351085323787e+01 3.538683833322517014e+00 -1.170295351085323787e+01 1.988150652716190692e+01
6.162682284838465030e+00 6.714829394341195190e+00 3.715773505831653778e-01 6.714829394341195190e+00 1.588079288919637300e+01 -6.455667298944771204e+00 3.715773505831653778e-01 -6.455667298944771204e+00 1.167945330313307295e+01
-1.730161821642872511e+01 2.607496218495975349e+00 -1.024171131965876036e+01 2.607496218495975349e+00 -1.024231370324081514e+00 3.001971409945561220e+00 -1.024171131965876036e+01 3.001971409945561220e+00 -3.121203200287282442e+01
-2.644846255451271233e+01 -9.189383264968776999e+00 2.654270347967720767e+00 -9.189383264968776999e+00 -3.037880825990483302e+01 1.273908712736934845e+01 2.654270347967720767e+00 1.273908712736934845e+01 -1.628010746756208960e+01
