-3.653900197932994143e+00 1.308354040229327708e+01 1.067047221151991465e+01 1.308354040229327708e+01 -3.702915750420429220e+01 -1.523336587507366247e+01 1.067047221151991465e+01 -1.523336587507366247e+01 -1.673279496504102326e+01
3.219151356710542444e+01 1.578191537559685287e+01 -8.112701367769430405e+00 1.578191537559685287e+01 -6.647833550598839736e+00 3.445984318091869447e+00 -8.112701367769430405e+00 3.445984318091869447e+00 2.467873139139632244e+01
1.995787344661394158e+01 1.631400545322146556e+01 -7.130613090924727615e+00 1.631400545322146556e+01 -4.883257088175668059e+00 -1.079844566503343550e+01 -7.130613090924727615e+00 -1.079844566503343550e+01 2.999785097093404218e+01
1.312806466764161151e+01 6.647038847151091723e+00 2.674529885798517359e+00 6.647038847151091723e+00 -2.654108999374610889e+01 -2.905484795491300432e+01 2.674529885798517359e+00 -2.905484795491300432e+01 5.513743857857101638e+00
-5.553036064693089457e+01 4.185385901855656066e+00 7.767636182793403732e-01 4.185385901855656066e+00 -7.867498881665794386e+01 1.920328875107077593e+01 7.767636182793403732e-01 1.920328875107077593e+01 -8.076363528408180059e+01
-1.618782944073541508e+00 -2.985370266391197958e-01 2.517143270063735727e+00 -2.985370266391197958e-01 -3.026123422251834683e+01 1.472443897327734952e+01 2.517143270063735727e+00 1.472443897327734952e+01 6.525339087608867494e+00
4.395689962322301803e+00 -8.721583097939401341e+00 -2.948640485469388395e+00 -8.721583097939401341e+00 -2.719517512487610489e+01 -7.903976336011763415e+00 -2.948640485469388395e+00 -7.903976336011763415e+00 -1.040774776596086504e+01
-4.534077191335877899e+01 -6.577436216623898879e+00 4.704567340002574483e+00 -6.577436216623898879e+00 -7.229340482715926441e+01 1.437341776349099121e+01 4.704567340002574483e+00 1.437341776349099121e+01 -2.077836979462168188e+01
-1.042614883083424182e+01 4.981388745441342358e+00 4.386271694308220503e+00 4.981388745441342358e+00 -3.118318341835088248e+01 4.151311470877972809e+00 4.386271694308220503e+00 4.151311470877972809e+00 2.715225951023728612e+01
4.269549961783466330e+01 5.517103711935289478e-01 -1.657108986512204041e+01 5.517103711935289478e-01 8.510239329564031507e+00 2.187429931288613716e+01 -1.657108986512204041e+01 2.187429931288613716e+01 4.628626409969951538e+01
-1.928363507517768483e+01 1.731037790874527138e+00 -1.702368355386808219e+01 1.731037790874527138e+00 -6.536658528720082018e+01 1.001445015959167861e+01 -1.702368355386808219e+01 1.001445015959167861e+01 -5.053781783868934063e+00
-2.852610049813219462e+01 -5.584450734456522625e+00 -3.244494683093869014e+00 -5.584450734456522625e+00 -3.640011995628881891e+01 8.502827851677375648e+00 -3.244494683093869014e+00 8.502827851677375648e+00 -4.456996468793767718e+01
-2.316687939161218068e+00 -5.645503539077108002e+00 2.353139563795820166e+01 -5.645503539077108002e+00 -2.319117899256706039e+01 8.055625259525034387e-01 2.353139563795820166e+01 8.055625259525034387e-01 -5.423012865253276082e+00
-1.661589742502157208e+01 1.933356057174373888e+01 1.829162464901553520e+01 1.933356057174373888e+01 -5.099010495390368902e+01 4.900468425315485099e+00 1.829162464901553520e+01 4.900468425315485099e+00 -2.286964306862033780e+01
-4.692454543641573217e+00 -4.250583458662831937e+00 8.291313560080226353e+00 -4.250583458662831937e+00 -2.988480134779609898e+01 -6.996748220578156818e+00 8.291313560080226353e+00 -6.996748220578156818e+00 8.721824385578402783e+00
-1.907297167318829167e+01 1.195019220930086057e+01 6.643702778413624443e+00 1.195019220930086057e+01 -1.530046262758430942e+01 4.804083634873360431e+00 6.643702778413624443e+00 4.804083634873360431e+00 -1.581444161159456208e+01
3.617527288975949773e+01 1.826815457587112057e+00 -2.433330685343016164e-01 1.826815457587112057e+00 1.155121155840433111e+01 -2.882403476395483821e+01 -2.433330685343016164e-01 -2.882403476395483821e+01 4.933507529470533370e+01
-1.946036599696889624e+01 2.018425646925732764e+01 -1.224321413077051801e+01 2.018425646925732764e+01 -1.871591245272552584e+01 -1.972767844946023308e+00 -1.224321413077051801e+01 -1.972767844946023308e+00 -1.150595167537310459e+01
-1.837029249052089952e+01 2.629846048769727940e+00 -1.218880000669170904e+00 2.629846048769727940e+00 -3.667459828868597782e+01 -5.708689651684934141e+00 -1.218880000669170904e+00 -5.708689651684934141e+00 -9.770878993764766207e+00
-4.445174355622348372e+01 -3.174000079798886986e+01 -1.461268101941385922e+01 -3.174000079798886986e+01 -6.955794475281966527e+01 7.367339693325225980e+00 -1.461268101941385922e+01 7.367339693325225980e+00 -1.845645988478420563e+01
-2.608516858465345933e+01 8.783209822456612414e+00 8.745893865919301291e+00 8.783209822456612414e+00 -1.732103340091034838e+01 -4.282298439482312702e+00 8.745893865919301291e+00 -4.282298439482312702e+00 -3.276727828352148464e+01
1.001253657340363645e+01 -7.250770289824644443e+00 1.729301737477817369e+01 -7.250770289824644443e+00 -6.462539768698136733e+00 1.035111759200500359e+01 1.729301737477817369e+01 1.035111759200500359e+01 -5.359331459067689707e+00
-2.484926861697950429e+01 9.387416550894350564e+00 1.766811239169252090e+01 9.387416550894350564e+00 -2.942404193962205738e+01 2.272084457624076848e+00 1.766811239169252090e+01 2.272084457624076848e+00 -7.695205481008225767e+00
6.461209770549100995e+01 9.492248259113855724e+00 3.978955823094877609e+00 9.492248259113855724e+00 2.752607537872795263e+01 -1.913599573245257979e+00 3.978955823094877609e+00 -1.913599573245257979e+00 7.337265875741402965e+01
8.475078362440125801e+00 7.044769670215484503e+00 7.706694141154687649e+00 7.044769670215484503e+00 -7.126412912934875443e+00 3.763958711219261843e+00 7.706694141154687649e+00 3.763958711219261843e+00 3.348315073179541912e+00
-2.783097881606607160e+01 -8.453672024600368928e+00 1.396506002589280371e+00 -8.453672024600368928e+00 -3.822547110344406462e+01 -1.693846079547464001e+01 1.396506002589280371e+00 -1.693846079547464001e+01 -3.413750067206856187e+01
3.643140166897324406e+01 -1.610425012543923229e+00 -3.042835274295312686e+01 -1.610425012543923229e+00 1.408264122575973154e+01 5.042390087721750902e+00 -3.042835274295312686e+01 5.042390087721750902e+00 5.436531556185898495e+01
2.480886388114920749e+01 1.133735697502614315e+01 1.050291686512293232e+01 1.133735697502614315e+01 1.109870963063387173e+01 4.412211921206158571e+00 1.050291686512293232e+01 4.412211921206158571e+00 3.945038314971527882e+01
-3.499960390666538501e+01 -4.369454220991156213e+00 1.590269706087200641e+00 -4.369454220991156213e+00 -6.618382263154495604e+01 2.367110716860066688e+00 1.590269706087200641e+00 2.367110716860066688e+00 2.788856435721571358e+01
-2.534419696473638073e+00 2.154006781027933926e+01 1.522717649200900958e+01 2.154006781027933926e+01 2.530704122724172933e+01 6.745739124203213422e+00 1.522717649200900958e+01 6.745739124203213422e+00 -1.324718561954226281e+01
2.107224868657112538e+01 9.232177131536490222e+00 -9.364641222276985033e+00 9.232177131536490222e+00 -6.647556826320277779e+00 1.358465288446043751e+01 -9.364641222276985033e+00 1.358465288446043751e+01 3.352365758197476708e+01
6.030050326419807760e+01 1.133618593617757142e+01 -2.150922788817668874e+01 1.133618593617757142e+01 1.619267907053231070e+01 -2.288472303907697292e+00 -2.150922788817668874e+01 -2.288472303907697292e+00 4.885701528988509068e+01
-8.005892500122594413e+01 -6.611080528853007010e+00 1.474394850389378675e+00 -6.611080528853007010e+00 -6.507523459246829134e+01 -1.063059830786733073e+01 1.474394850389378675e+00 -1.063059830786733073e+01 -4.294095504629657967e+01
-1.672378422632288064e+01 1.572605841869271259e+01 1.474830809681528354e+00 1.572605841869271259e+01 -6.747313675003873357e+01 -2.777089576818065897e+00 1.474830809681528354e+00 -2.777089576818065897e+00 -3.525458102792998005e+01
-1.384113063547262357e+01 3.942437491486949330e+00 -8.262226435505372280e+00 3.942437491486949330e+00 -6.261957682317648022e+01 3.834117816271368717e+00 -8.262226435505372280e+00 3.834117816271368717e+00 -2.244278144560337918e+00
-2.948403451703741140e+01 3.071058489974801464e+00 -1.931417531161259404e+01 3.071058489974801464e+00 -7.669809312293197934e+01 2.756143059857762978e-01 -1.931417531161259404e+01 2.756143059857762978e-01 -4.572760150495692955e+01
-3.779054321912843761e+01 -5.769070362713950573e-01 1.687023041149212688e+01 -5.769070362713950573e-01 -3.575169567314005548e+01 2.824772774380917006e+00 1.687023041149212688e+01 2.824772774380917006e+00 -1.920030326146011745e+01
2.498314400616139253e+01 5.388024216218842533e+00 -7.926872615063309979e+00 5.388024216218842533e+00 -1.152236600403170463e+01 5.372180139063872595e+00 -7.926872615063309979e+00 5.372180139063872595e+00 4.319008686678412090e+01
5.810270459685809641e+01 3.862990995593265087e+00 -5.225089902560635657e+00 3.862990995593265087e+00 1.542991706709371336e+01 -6.419098310343250624e+00 -5.225089902560635657e+00 -6.419098310343250624e+00 4.822895114923462501e+01
2.001202036416889740e+01 9.336466063776452939e-01 4.798015736889387206e+00 9.336466063776452939e-01 -4.763967893720625901e-01 -1.136650494934431421e+01 4.798015736889387206e+00 -1.136650494934431421e+01 1.046335699125774177e+01
2.081962615053974730e+01 -4.003486601340113360e+00 1.263719688572912503e+01 -4.003486601340113360e+00 -1.857438197562565207e+01 -1.461864333326062138e+00 1.263719688572912503e+01 -1.461864333326062138e+00 3.922953250636960831e+01
1.137493389538139432e+01 -2.981732803793696540e+00 -8.401824886092983391e+00 -2.981732803793696540e+00 6.605349973735525460e+00 -9.686792608817011541e+00 -8.401824886092983391e+00 -9.686792608817011541e+00 -1.580983565047974970e+01
-3.371062254359110000e+01 6.185204911196350963e+00 9.572109834437281251e+00 6.185204911196350963e+00 -1.631858741844869343e+01 1.745433977069511533e+00 9.572109834437281251e+00 1.745433977069511533e+00 -1.776228326119549905e+01
9.574255877521432367e+00 6.792560571271442527e+00 -8.006539089457975322e+00 6.792560571271442527e+00 -2.792861790530209021e+01 -9.053589006992538657e+00 -8.006539089457975322e+00 -9.053589006992538657e+00 2.962404027945915885e+01
3.845175645170314738e+01 1.597922061396199744e+00 6.154809903476917476e+00 1.597922061396199744e+00 4.308534889050807237e+01 -1.881636494762495282e+00 6.154809903476917476e+00 -1.881636494762495282e+00 4.245223840659776471e+01
-1.092648342909967596e+01 1.596258058672225921e+00 -1.460418498535116427e+01 1.596258058672225921e+00 -2.314101535772807949e+01 -2.298500339676261994e+00 -1.460418498535116427e+01 -2.298500339676261994e+00 -3.528424282468406403e+01
-9.847045780126403969e+00 1.135279365986272992e+01 9.343860626969920702e+00 1.135279365986272992e+01 -1.275979180931579293e+01 -2.221138145893173654e-01 9.343860626969920702e+00 -2.221138145893173654e-01 -5.320255459212541638e+01
-3.724125198059480368e+01 1.099035128726165844e+01 -1.080223204614348909e+01 1.099035128726165844e+01 -5.969528470781136775e+01 1.717439692123747808e+00 -1.080223204614348909e+01 1.717439692123747808e+00 -2.449811889901056716e+01
-3.126469266035849159e+01 -1.768036753634025615e+01 3.637239166783865940e+00 -1.768036753634025615e+01 1.627458185592113438e+01 -1.017266936942628242e+01 3.637239166783865940e+00 -1.017266936942628242e+01 -4.756226470520764593e+01
-3.365321490786559622e+01 -8.250357193260686728e-01 2.696486324050970218e+00 -8.250357193260686728e-01 -5.129444358367528878e+01 6.078108232690083490e+00 2.696486324050970218e+00 6.078108232690083490e+00 -1.770708980395875543e+01
2.292886712476402167e+01 -4.251861744176260949e+00 1.491770121019873407e+01 -4.251861744176260949e+00 -3.805901062083424602e+00 -9.263949828195345404e+00 1.491770121019873407e+01 -9.263949828195345404e+00 5.769608658240135668e+01
1.302430121422989195e+01 -1.800248858986048361e+01 -2.991924716476027868e+00 -1.800248858986048361e+01 3.255456795009820326e+00 4.459486767773740645e+00 -2.991924716476027868e+00 4.459486767773740645e+00 1.958662216955532287e+01
-8.684992395823698530e+00 -2.687639026561219779e+01 -3.055294670247861788e+01 -2.687639026561219779e+01 -6.933353046811771492e+01 1.293900280826967197e+01 -3.055294670247861788e+01 1.293900280826967197e+01 -1.309374340202658615e+01
7.211084831346192914e+01 1.225822555300369032e+01 -1.568895500700948986e+01 1.225822555300369032e+01 -3.906387037181607624e+00 4.633980564776416067e+00 -1.568895500700948986e+01 4.633980564776416067e+00 6.741012584990305356e+01
-3.288275040188855058e+01 -1.466781089743924582e+01 6.769883447131162413e+00 -1.466781089743924582e+01 -4.231766231102886877e+01 -1.468768569647586908e+01 6.769883447131162413e+00 -1.468768569647586908e+01 -4.167926671936125871e+01
-7.927437540723709652e+00 -1.729545545767436820e+01 1.286877937145501249e+01 -1.729545545767436820e+01 -4.722535216802582880e+01 5.733432950538293937e+00 1.286877937145501249e+01 5.733432950538293937e+00 3.681906531903278434e+00
-2.803506769058332893e+01 -2.313613889437507964e+01 -1.123919239019952343e+01 -2.313613889437507964e+01 -5.846844452264033976e+01 2.192657902268920367e+01 -1.123919239019952343e+01 2.192657902268920367e+01 -5.444869678451116357e+01
-3.328626972852774912e+01 -1.729841723347328042e+01 -1.705851287207018530e+01 -1.729841723347328042e+01 -6.443262749774524423e+01 -4.583737930679431472e+00 -1.705851287207018530e+01 -4.583737930679431472e+00 -5.062466052841945441e+01
1.500119886899098631e+01 5.587190248263632419e+00 2.806499751248571428e+00 5.587190248263632419e+00 -6.131967938114112115e+00 9.553653313941500969e+00 2.806499751248571428e+00 9.553653313941500969e+00 2.107161498902551600e+01
3.735298206423211642e+00 -5.046995842709781854e+00 2.813871588971566862e+00 -5.046995842709781854e+00 -4.318279068415974109e+01 2.347043231804134678e+01 2.813871588971566862e+00 2.347043231804134678e+01 7.261885830044240153e-01
-1.356549780614034084e+01 4.701015393366310136e+00 2.053122628327286847e+01 4.701015393366310136e+00 -4.091608564102947554e+01 -1.305412251281894243e+01 2.053122628327286847e+01 -1.305412251281894243e+01 -2.809670698599169469e+01
-2.572403520645619679e+01 9.491639957619257828e+00 -7.598819416509527080e+00 9.491639957619257828e+00 -3.144726009518113585e+01 -1.311164629632775691e+00 -7.598819416509527080e+00 -1.311164629632775691e+00 -5.567147460299319839e+00
1.140586251328657674e+01 8.351269365245496346e+00 9.057135202806538388e+00 8.351269365245496346e+00 -3.228318826210522019e+01 1.392739591460986048e+01 9.057135202806538388e+00 1.392739591460986048e+01 -7.105635857453929560e+00
2.579429350698476853e+01 1.318880805390045907e+01 -7.271621669493644191e+00 1.318880805390045907e+01 5.668805910777829915e+00 1.142714834012583047e+01 -7.271621669493644191e+00 1.142714834012583047e+01 3.285869161437577901e+01
-9.529149216156366009e+00 -2.073168641558930325e+00 -1.270423180010812025e+01 -2.073168641558930325e+00 -5.291915053161038429e+01 4.000122851054280559e+00 -1.270423180010812025e+01 4.000122851054280559e+00 5.732300617361566708e+00
-1.897520969259258550e+01 -3.985462776645038119e+00 -3.577470056177558533e+00 -3.985462776645038119e+00 -2.025672383248792841e+01 -5.659269744495581733e+00 -3.577470056177558533e+00 -5.659269744495581733e+00 -4.046335644979195934e+01
-1.269145473917454936e+01 4.383061888675179318e+00 -4.079647451208373354e+00 4.383061888675179318e+00 -1.642921232268408360e+01 -1.230271111843148635e+00 -4.079647451208373354e+00 -1.230271111843148635e+00 -3.930473336554731389e+01
3.695008593339963010e+00 -3.029693236254177968e+00 1.056779885422415610e+01 -3.029693236254177968e+00 -2.931531461081356760e+00 7.390814088584521935e-01 1.056779885422415610e+01 7.390814088584521935e-01 -7.431598926626380219e+00
3.156051003420058620e+01 5.836095959694593382e+00 1.347785977995005657e+00 5.836095959694593382e+00 -1.229073371871872489e+01 2.947399152875489747e+01 1.347785977995005657e+00 2.947399152875489747e+01 5.171627864750068859e+00
2.128499342605564948e+01 -9.952804690073120852e+00 -1.389049458257815317e+01 -9.952804690073120852e+00 -2.843957782805032508e+01 7.219586592022440463e+00 -1.389049458257815317e+01 7.219586592022440463e+00 1.609033401660678919e+01
2.682999071454788620e+01 4.262296986727915460e+00 4.405116941675504272e+00 4.262296986727915460e+00 -1.744354314092240088e+01 6.103998833917999356e+00 4.405116941675504272e+00 6.103998833917999356e+00 2.727000547721983281e+01
-5.465155072679951154e+00 1.049864120586351701e+00 -5.197800793062485880e+00 1.049864120586351701e+00 4.169169895340930410e+00 -3.516377676661580853e+00 -5.197800793062485880e+00 -3.516377676661580853e+00 1.504718037957442434e+01
4.060808648922858310e+01 4.258911292858813979e+00 2.878828354507414033e+01 4.258911292858813979e+00 2.619475632086383143e+01 2.039008510383727213e+01 2.878828354507414033e+01 2.039008510383727213e+01 6.802002522083837732e+01
-7.496446312790319588e+00 1.894429508189312372e+01 -2.064364246980246875e+01 1.894429508189312372e+01 -1.726890371231037236e+01 -1.666492121548048599e+00 -2.064364246980246875e+01 -1.666492121548048599e+00 7.534126107660640947e+00
2.606203732798617878e+01 -2.493279959818168479e+01 -1.795285271991844667e+01 -2.493279959818168479e+01 4.356491455224122511e+00 -5.864655537305266897e+00 -1.795285271991844667e+01 -5.864655537305266897e+00 5.745722585985812003e+01
9.966178289452745531e+00 1.862967773544239147e+00 1.056603674966176243e+00 1.862967773544239147e+00 -1.555675809046812930e+01 9.860843266322627088e+00 1.056603674966176243e+00 9.860843266322627088e+00 -6.921965500346066946e+00
-1.024807447244328529e+01 6.349481050166868590e-01 1.155031218541598648e+01 6.349481050166868590e-01 -3.343632920624181537e+01 -7.756351690652804720e+00 1.155031218541598648e+01 -7.756351690652804720e+00 1.159503167744629515e+01
-3.646938403653403071e+01 1.980865800954431322e+01 1.279567772354189614e+01 1.980865800954431322e+01 -8.232369960118053598e+01 -4.633142263243242631e+00 1.279567772354189614e+01 -4.633142263243242631e+00 -3.396289451835571782e+01
-3.121493089137940302e+01 3.074144295486056055e+00 -1.460030306850899962e+01 3.074144295486056055e+00 -2.271358625391755126e+01 7.459632603160771147e+00 -1.460030306850899962e+01 7.459632603160771147e+00 -1.380029398170190369e+01
-5.034787801478995739e+00 -1.579211049786254506e+01 3.128136920453134628e+00 -1.579211049786254506e+01 -4.633665511057029818e+01 -2.105908025848439635e+01 3.128136920453134628e+00 -2.105908025848439635e+01 -1.151018520553703617e+01
-1.825213600790586455e+01 2.500512784494560847e+01 -1.184982162476219258e+01 2.500512784494560847e+01 -3.652830054530705439e+01 3.120562223247598155e+01 -1.184982162476219258e+01 3.120562223247598155e+01 -2.355294752745918263e+00
-2.463025680179783805e+01 1.969057489071474265e+00 6.331567929518658211e+00 1.969057489071474265e+00 -9.902775246748525717e+00 -7.741211206948775958e-01 6.331567929518658211e+00 -7.741211206948775958e-01 -4.777589775568768715e+01
-2.200005373491635297e+01 6.534849288949241775e+00 -7.553193965715539804e+00 6.534849288949241775e+00 2.010099721736725087e+01 -4.054699487010594794e+00 -7.553193965715539804e+00 -4.054699487010594794e+00 -5.525364600516960678e+01
-1.132618113906167423e+01 -1.398175237508148205e+00 -2.254132929628064996e+00 -1.398175237508148205e+00 1.513819939626818645e+01 -2.909103028617031850e+00 -2.254132929628064996e+00 -2.909103028617031850e+00 2.099491296766759518e+01
5.934880632528202682e+01 -3.292040818758036114e+00 5.238286996699444309e+00 -3.292040818758036114e+00 1.225693044056073333e+01 -1.457174520244162430e+01 5.238286996699444309e+00 -1.457174520244162430e+01 4.993265373628364046e+01
3.337276824941250197e+01 7.583526037175430723e+00 1.706085046896329516e+01 7.583526037175430723e+00 -8.494567416338384191e+00 5.664765573414425326e+00 1.706085046896329516e+01 5.664765573414425326e+00 6.856699785344933673e+01
-4.457689577664178415e+01 -8.030446640552051818e+00 -1.814370446883116372e+01 -8.030446640552051818e+00 -4.597128283652129710e+01 1.361622296104549612e+01 -1.814370446883116372e+01 1.361622296104549612e+01 -6.299774061813182158e+01
2.075220652258584408e+01 8.170261421445713879e+00 8.581844011544431439e+00 8.170261421445713879e+00 -2.251589722732040499e+01 3.179808947364766603e+00 8.581844011544431439e+00 3.179808947364766603e+00 2.603774966700008164e+01
-1.389439042432848481e+01 3.375138246504392203e+00 1.804402494591534456e+00 3.375138246504392203e+00 -4.656876509569635658e+01 3.705587207727791266e-01 1.804402494591534456e+00 3.705587207727791266e-01 -5.465713179047941850e+00
-5.377359749533711408e+01 1.189623761850593553e+01 -6.867735493422009618e+00 1.189623761850593553e+01 -5.462044184411179515e+01 1.648702580707591991e+01 -6.867735493422009618e+00 1.648702580707591991e+01 1.598119239984710171e+00
-2.510096925941428125e+01 -4.634614601714179827e+00 2.072955608667242444e+01 -4.634614601714179827e+00 -3.137860740368470758e+01 -9.885783972433895839e-01 2.072955608667242444e+01 -9.885783972433895839e-01 -3.341196596552777009e+01
4.906732815773892042e+01 5.103985523995252294e+00 4.419887979848505566e+00 5.103985523995252294e+00 1.180220075275797598e+01 -1.397995280166024834e+01 4.419887979848505566e+00 -1.397995280166024834e+01 4.955145685458530380e+01
8.284079819293927116e+00 -1.103948378503880257e+01 2.732081507378132912e+01 -1.103948378503880257e+01 -2.217960634313182311e+01 -3.203784187555999807e+01 2.732081507378132912e+01 -3.203784187555999807e+01 4.299592236700114256e+01
2.609903322219248167e+01 -1.390177670899468421e+00 -1.291272721265255186e+01 -1.390177670899468421e+00 -3.951717975296419105e+00 -5.190826215647342146e+00 -1.291272721265255186e+01 -5.190826215647342146e+00 2.275970935097413061e+01
5.369945973957786833e+01 -7.036318555718899859e+00 -1.629508505413441943e+00 -7.036318555718899859e+00 -1.499055149928095965e+01 -1.474061411919690023e+01 -1.629508505413441943e+00 -1.474061411919690023e+01 8.530540966059366781e+01
1.049074755247847079e+01 -2.901682820543808106e+00 -1.566761630432162278e+01 -2.901682820543808106e+00 1.297550779065121285e+00 4.993963173804420563e+00 -1.566761630432162278e+01 4.993963173804420563e+00 9.197146887913410396e+00
-4.522202639958187831e+01 1.017361739374363161e+01 2.295495058225557372e+01 1.017361739374363161e+01 -4.710922922508157029e+00 6.348281882683962429e+00 2.295495058225557372e+01 6.348281882683962429e+00 -7.710529690395943270e+00
1.429085944392866558e+01 1.778181751301125502e+01 3.268022799274845180e+00 1.778181751301125502e+01 -7.445784922560163999e+00 -6.036035702299406225e+00 3.268022799274845180e+00 -6.036035702299406225e+00 8.657336516802091708e+00
-3.871733283838121764e+01 1.351238269395258840e+01 -7.942580630557810828e+00 1.351238269395258840e+01 -1.179641708497066332e+01 4.194396597875880595e+00 -7.942580630557810828e+00 4.194396597875880595e+00 -5.749742196313088272e+01
-4.336898417606655620e+00 1.029104617346708039e+01 -3.457427501055617913e+00 1.029104617346708039e+01 -2.340828481332144051e+01 -1.930636441249723845e+01 -3.457427501055617913e+00 -1.930636441249723845e+01 -9.642739572978831220e+00
