-1.931884071829360394e+01 1.042034018188839006e+01 -1.085339167389137022e-01 1.042034018188839006e+01 -2.539553945924866696e+01 -4.588599493160165466e+00 -1.085339167389137022e-01 -4.588599493160165466e+00 -5.070428671154763833e+01
4.374595829276339032e+01 9.168324895561413612e+00 -2.200610786936266994e+00 9.168324895561413612e+00 5.452979566220019336e+01 4.585856188868815408e+00 -2.200610786936266994e+00 4.585856188868815408e+00 2.464336039462322958e+01
3.187101058510555873e+01 -2.371613649987525552e+00 7.722414427843334650e+00 -2.371613649987525552e+00 1.935654874735066144e+01 1.415426135315403933e+01 7.722414427843334650e+00 1.415426135315403933e+01 -7.841752474354805713e+00
2.843675132169441611e+01 4.489067108536091588e+00 -4.926177888177377007e+00 4.489067108536091588e+00 2.471996767582770715e+01 2.219588604730372838e-01 -4.926177888177377007e+00 2.219588604730372838e-01 2.090233200020233895e+01
-1.538727139630712237e+01 1.384094320852461024e+01 -9.037824516209079784e-01 1.384094320852461024e+01 -5.727467224816209956e+00 -8.588088528004142574e+00 -9.037824516209079784e-01 -8.588088528004142574e+00 -3.775763683462466247e+01
4.548881005285836920e+01 7.384231791722132954e+00 3.042567309344227588e+00 7.384231791722132954e+00 5.099817702806588215e+01 -1.316764130930144283e+01 3.042567309344227588e+00 -1.316764130930144283e+01 3.175887265124394787e+01
5.100672302726322016e+01 1.074462576884769405e+01 1.674650002702445306e+01 1.074462576884769405e+01 3.548718577504052973e+01 3.145554966955956377e+00 1.674650002702445306e+01 3.145554966955956377e+00 -1.140809937639948402e+01
5.690126502106263029e-01 8.464204233290455903e+00 -1.073292989996014768e+01 8.464204233290455903e+00 -6.697575104836236193e+00 3.790636336078674340e-01 -1.073292989996014768e+01 3.790636336078674340e-01 2.051567015974381647e+01
4.489336663369602576e+01 2.393806440689834947e+00 -1.454612578587311633e+00 2.393806440689834947e+00 4.433982558026949761e+01 -3.643796976537398091e+00 -1.454612578587311633e+00 -3.643796976537398091e+00 -8.384477241321516061e+00
2.398616861192955341e+01 8.079616229647559322e+00 -1.915184730595140161e+00 8.079616229647559322e+00 2.244454221342298794e+01 -4.302544095635077781e+00 -1.915184730595140161e+00 -4.302544095635077781e+00 -8.605143500469457862e+00
7.055508197505085732e+00 1.094631174827088849e+01 -6.962944009881320895e+00 1.094631174827088849e+01 6.680312470572070005e+00 3.132351576364789114e+00 -6.962944009881320895e+00 3.132351576364789114e+00 3.329584605944111875e+00
-1.902894208933482645e+01 7.156865229713436527e+00 -4.213086035591227518e-01 7.156865229713436527e+00 -1.568618339381992044e+01 1.417415725374482349e-01 -4.213086035591227518e-01 1.417415725374482349e-01 -4.167281280088347728e+01
3.412275642321386471e+01 1.113787894483647278e+01 5.008039217252996167e+00 1.113787894483647278e+01 3.238048055923870550e+01 -1.845343219060513107e+01 5.008039217252996167e+00 -1.845343219060513107e+01 1.795587227067350966e+01
-2.291170360233849479e+01 -5.845827614235959757e+00 -5.516495457521595647e+00 -5.845827614235959757e+00 -1.750785526868697062e+01 -4.360693514279123661e+00 -5.516495457521595647e+00 -4.360693514279123661e+00 -4.429252551798045090e+01
4.004477349876054859e+01 -6.318850463813569185e+00 8.629346709322684106e+00 -6.318850463813569185e+00 2.691502925076796160e+01 -1.100878229374903317e+00 8.629346709322684106e+00 -1.100878229374903317e+00 2.136553722365491836e+01
-4.004580176350748388e+01 5.979505184632095016e+00 -5.682702628744752182e+00 5.979505184632095016e+00 -1.250758086151588877e+01 1.710660317470017944e+01 -5.682702628744752182e+00 1.710660317470017944e+01 -3.818065318532979546e+01
5.003586679990996089e+01 6.102812210391752146e+00 -1.025117969017644182e+00 6.102812210391752146e+00 5.205620427017219498e+01 4.905864443460643542e+00 -1.025117969017644182e+00 4.905864443460643542e+00 1.321109344299606470e+01
-3.362463455023772241e+01 -6.816689289976402222e+00 -1.206231756206439165e+01 -6.816689289976402222e+00 -7.350055655953371847e+00 2.626598151711164064e+01 -1.206231756206439165e+01 2.626598151711164064e+01 4.058451842072580362e+00
1.476739087555254848e+01 -3.230839558608337381e+00 -7.175618730882121987e+00 -3.230839558608337381e+00 1.927477121199003918e+01 3.874478787625295517e+00 -7.175618730882121987e+00 3.874478787625295517e+00 -1.448671529203223507e+01
-2.992217661951748653e+00 8.923994822350197254e+00 -6.819282161311748247e-01 8.923994822350197254e+00 1.370841815438460287e+01 -4.709506489976976518e+00 -6.819282161311748247e-01 -4.709506489976976518e+00 -3.918735692273889981e+01
1.277655690275150357e+00 -1.754048619045831359e+01 2.028100216043311832e+01 -1.754048619045831359e+01 8.966274419752780389e+00 -4.343875039821877060e+00 2.028100216043311832e+01 -4.343875039821877060e+00 -1.981999163192014635e+01
-2.607264435588193763e+01 -8.444374208327522169e+00 -8.917649232311637419e+00 -8.444374208327522169e+00 -1.024955402666318882e+01 -2.118790910054565213e+00 -8.917649232311637419e+00 -2.118790910054565213e+00 -5.071085820733820526e+01
-3.877018562148426994e+00 4.520957597955638008e+00 1.767565844249136875e+00 4.520957597955638008e+00 -5.937766725421577796e+00 3.564736417780828948e+00 1.767565844249136875e+00 3.564736417780828948e+00 -5.603417771478045495e+01
3.277431375500763266e+01 -7.996238502430496276e+00 -1.324235495146031738e+01 -7.996238502430496276e+00 1.819007453662389651e+01 -3.384266576733027332e+00 -1.324235495146031738e+01 -3.384266576733027332e+00 -1.198709809237364254e+00
1.861219762282422963e+01 -4.855913314524952895e+00 -1.081790819940050108e+00 -4.855913314524952895e+00 2.798887736257692183e+01 6.187962966179262558e+00 -1.081790819940050108e+00 6.187962966179262558e+00 -4.274810643347578321e+00
-3.140131765971780098e+01 -2.787438472533738221e+00 -1.782606533691117434e+01 -2.787438472533738221e+00 -2.465821589778910905e+01 -1.303068866947603599e+00 -1.782606533691117434e+01 -1.303068866947603599e+00 -6.151493558253532257e+01
5.624336183384080101e+01 -1.477545330910175814e+01 6.239720036285429039e+00 -1.477545330910175814e+01 4.214613105442759178e+01 1.019352971966526766e+01 6.239720036285429039e+00 1.019352971966526766e+01 1.730013873982214401e+00
-2.461941933935973381e+01 1.070131411039042302e+00 -1.155627491555675945e+01 1.070131411039042302e+00 -2.344211649879105863e+01 9.646880845058904086e+00 -1.155627491555675945e+01 9.646880845058904086e+00 -2.094411457363062468e+01
-3.835025836992285164e-01 -5.150424225600248818e+00 1.515300499705376502e+01 -5.150424225600248818e+00 6.253639790153220801e+00 -8.517853108472166923e+00 1.515300499705376502e+01 -8.517853108472166923e+00 5.924614027790213733e+00
-1.612567500227724215e+00 1.048834315132494055e+01 -4.230642173577003895e+00 1.048834315132494055e+01 -3.952216115364486804e+00 1.519995667684016105e+01 -4.230642173577003895e+00 1.519995667684016105e+01 -1.204464135911225853e+01
2.298669109143155609e+01 1.169739674411420793e+01 8.218924767710943158e+00 1.169739674411420793e+01 7.321085797748394519e+00 -1.104335084549206147e+00 8.218924767710943158e+00 -1.104335084549206147e+00 1.509658358127066435e+01
3.896465647832710744e+01 1.099243779877741289e+01 7.826742609232542058e-01 1.099243779877741289e+01 1.459468546527961053e+01 -1.374486556808090398e+01 7.826742609232542058e-01 -1.374486556808090398e+01 -4.456124808431715101e-01
-1.671565164899033062e+00 2.090409828297307371e+00 -1.049313368819053682e+00 2.090409828297307371e+00 8.540395717848534574e+00 6.656258406003056072e-01 -1.049313368819053682e+00 6.656258406003056072e-01 3.247062720505070388e+00
-1.994215708363724460e+01 1.753578794630942639e+01 -1.712778109312279184e+01 1.753578794630942639e+01 -3.371690505292325213e+01 -3.606195200566288395e-01 -1.712778109312279184e+01 -3.606195200566288395e-01 -5.451719709847782269e+01
3.114400608117731295e+01 1.077027068097684648e+01 8.677697235443618595e+00 1.077027068097684648e+01 3.701498005341623099e+01 -2.526993262675515162e+00 8.677697235443618595e+00 -2.526993262675515162e+00 1.227946194752731124e+01
-1.250367806013197480e+01 2.712653294721106612e+00 5.333520823169889624e+00 2.712653294721106612e+00 -1.303097364288613136e+01 -1.978559630764013644e+00 5.333520823169889624e+00 -1.978559630764013644e+00 1.500730616451570043e+01
1.190655351719474986e+01 9.121921628465900156e+00 1.220998457054980335e+01 9.121921628465900156e+00 8.534028002639896471e+00 1.095922118411962387e+01 1.220998457054980335e+01 1.095922118411962387e+01 -1.183840775928927158e+01
-1.498139265778134721e+01 -5.654864674664872304e-01 2.004178190617549760e+00 -5.654864674664872304e-01 -2.080762309347678141e+01 8.628078237631671144e+00 2.004178190617549760e+00 8.628078237631671144e+00 -4.374616577832645703e+01
9.989682128669299388e+00 1.050324586510010150e+00 -4.215225277950334970e+00 1.050324586510010150e+00 3.634215915537370023e+01 4.283184951393366191e+00 -4.215225277950334970e+00 4.283184951393366191e+00 -2.292142681844649132e+01
-7.216284374898826570e+00 2.928452040236911635e+00 1.306653101758914026e+01 2.928452040236911635e+00 -2.655447142490869883e+00 9.377682559989267475e+00 1.306653101758914026e+01 9.377682559989267475e+00 -6.041432843114996842e+01
1.903405756720534825e+01 -1.094791186049472564e+01 -9.496576987038862327e+00 -1.094791186049472564e+01 1.946180769807800104e+01 2.395403535462609312e+00 -9.496576987038862327e+00 2.395403535462609312e+00 -2.259708422612093415e+01
-1.510001493864192135e+01 2.318467683435934390e+01 5.712566156641977200e-01 2.318467683435934390e+01 -2.118198362664266199e+01 -1.043752222862469026e+01 5.712566156641977200e-01 -1.043752222862469026e+01 -3.018746303053993074e+01
-3.570434823559491821e+00 1.416068161120667845e+01 2.178210266635463466e+00 1.416068161120667845e+01 -2.965375376125673057e+01 -7.586492677084271108e+00 2.178210266635463466e+00 -7.586492677084271108e+00 -2.533765458794388636e-01
-8.303996521931962249e+00 1.057821770268770933e+01 -1.036833828191395845e+01 1.057821770268770933e+01 -4.227193065780210368e+00 4.471287579241444377e+00 -1.036833828191395845e+01 4.471287579241444377e+00 1.106099071851207682e+01
-7.523191363126267461e+00 4.223689404916395329e-01 -2.408485864798642950e+01 4.223689404916395329e-01 -6.963458828185685512e+00 1.066750492857230981e+01 -2.408485864798642950e+01 1.066750492857230981e+01 -5.309059118119980525e+01
-1.447212051137928945e+01 -6.140214609700583637e+00 -1.500645859292764150e+01 -6.140214609700583637e+00 -4.331190324530923874e+01 3.047732870527039228e+00 -1.500645859292764150e+01 3.047732870527039228e+00 -1.136512821753583680e+01
-1.883241001583984442e+01 -1.506110138502838369e+00 -1.334121065956749597e+01 -1.506110138502838369e+00 2.268384211063135325e+01 -2.077376925013404119e+01 -1.334121065956749597e+01 -2.077376925013404119e+01 -2.413151970758791620e+01
-2.454629853046226629e+01 -2.260014288121838355e+00 -3.315476032601860634e+00 -2.260014288121838355e+00 -2.344022086249506032e+01 5.340689496918599177e-01 -3.315476032601860634e+00 5.340689496918599177e-01 -1.829744199164141705e+01
2.248375341783266279e+01 7.727527249192320369e+00 7.826964903404141971e+00 7.727527249192320369e+00 1.554788547664680642e+01 2.197839297587060869e+01 7.826964903404141971e+00 2.197839297587060869e+01 -3.600091905562369021e+01
-2.107311373122709597e+01 1.247942414821699231e+01 -9.145293651409915014e+00 1.247942414821699231e+01 -1.700204193603159197e+01 -4.280690749903420134e+00 -9.145293651409915014e+00 -4.280690749903420134e+00 -5.492393685734218423e+01
-7.191435605652153562e+00 1.129568041039831172e+01 -5.230363985243932090e-01 1.129568041039831172e+01 -3.757789778090216082e+00 2.760779757158292824e+00 -5.230363985243932090e-01 2.760779757158292824e+00 -2.805295392017911738e+01
5.082464628603783119e+00 -5.564876316997555694e-01 1.204454372380789229e+00 -5.564876316997555694e-01 -2.453657668678957737e+00 -3.945017524229668560e+00 1.204454372380789229e+00 -3.945017524229668560e+00 -2.867932117049523910e+01
-7.222984256448818030e+00 3.453058019311653570e+00 -7.638765810293995706e+00 3.453058019311653570e+00 -1.867139947871766026e+01 -1.465919529173819313e+01 -7.638765810293995706e+00 -1.465919529173819313e+01 -6.203676356425559035e+00
-3.972090081762625147e+01 -2.280117830128423506e+00 -7.867441773580398312e+00 -2.280117830128423506e+00 -1.977013000294883227e+01 7.278786869489198175e+00 -7.867441773580398312e+00 7.278786869489198175e+00 -5.414982186341988069e+01
-1.811003628559629064e+01 2.045778693209917520e+01 -9.671418132096862408e+00 2.045778693209917520e+01 -4.559831749018597336e+00 -4.855861695949825751e+00 -9.671418132096862408e+00 -4.855861695949825751e+00 1.915428459932408956e+01
-2.141678013207078024e+01 7.662675376577864128e+00 -8.137183634476993888e+00 7.662675376577864128e+00 -1.212184081889959586e+01 1.378451689385724821e+00 -8.137183634476993888e+00 1.378451689385724821e+00 -1.829884737300918474e+01
1.963474791432946276e+01 1.100495314954605419e+01 -3.890795384074035024e+00 1.100495314954605419e+01 2.550340703512456031e+01 -2.152906017073907918e+01 -3.890795384074035024e+00 -2.152906017073907918e+01 -2.624113073929744999e+01
5.812682799351050988e+01 1.631555197415796910e+00 2.657719546757114415e+00 1.631555197415796910e+00 7.861598625018282860e+01 5.892529922844702561e+00 2.657719546757114415e+00 5.892529922844702561e+00 2.243143286340569986e+01
-1.344886137690865091e+01 1.277036606590835355e+01 -1.447116552753473506e+01 1.277036606590835355e+01 -3.284020434016220946e+01 1.526963203220642162e+00 -1.447116552753473506e+01 1.526963203220642162e+00 1.531347636896578379e+01
-2.522148190579474925e+00 9.514163604182726885e+00 1.389573999772871282e+01 9.514163604182726885e+00 7.088123931205837280e+00 1.125393361876009202e+01 1.389573999772871282e+01 1.125393361876009202e+01 -2.839755890047803533e+01
-2.336999333655075262e+01 -2.856934840983030188e+00 -1.043070058130497024e+01 -2.856934840983030188e+00 -2.149310704061077715e+01 6.348806700867650754e+00 -1.043070058130497024e+01 6.348806700867650754e+00 -2.123779698012161532e+01
5.430724332020586687e+00 1.041004592477155732e+01 1.339189121878601973e+01 1.041004592477155732e+01 -1.020025139351576904e+00 3.930334989222246111e+00 1.339189121878601973e+01 3.930334989222246111e+00 2.993198355338900996e+00
9.551796660344111345e+00 6.519650191812643492e+00 -1.203060803532889445e+01 6.519650191812643492e+00 1.839644455715125693e+00 8.186570459247043630e+00 -1.203060803532889445e+01 8.186570459247043630e+00 -2.773002859794987174e+01
-1.232586843588190817e+01 1.468403856130242602e+00 6.594633430558229925e-01 1.468403856130242602e+00 -7.962532151364585253e+00 -1.514678234707314708e+01 6.594633430558229925e-01 -1.514678234707314708e+01 -6.405441180106603127e+00
-1.819652239923573589e+01 1.255995895166409193e+00 2.240000476568113186e+00 1.255995895166409193e+00 -4.319815171555021482e-01 -3.151546960241826678e+00 2.240000476568113186e+00 -3.151546960241826678e+00 3.273080696488976038e+00
-1.572916504971378338e+01 -8.906738213045464647e+00 -1.373823255357217299e+01 -8.906738213045464647e+00 -3.172515633162846171e+01 -1.641895176977691762e+01 -1.373823255357217299e+01 -1.641895176977691762e+01 -5.457383741880406092e+01
1.086202390936435513e+01 1.492007345165398746e+01 5.717029184176816159e-01 1.492007345165398746e+01 -2.026912081757725748e-01 -8.422477843008243426e+00 5.717029184176816159e-01 -8.422477843008243426e+00 2.195726192165552959e+01
-1.638640730659812306e+01 1.661096105164251924e+01 -1.259608441729911377e+01 1.661096105164251924e+01 -1.778633551402132795e+01 7.204217267475876874e+00 -1.259608441729911377e+01 7.204217267475876874e+00 -2.193402248926064502e+01
4.464365987104318378e+01 2.777893875871118023e+00 1.742137395325085603e+00 2.777893875871118023e+00 4.006243167035405151e+01 -9.604243494948773829e+00 1.742137395325085603e+00 -9.604243494948773829e+00 -5.350088305734551852e+00
5.547451620989796162e+00 -4.796647647313328378e+00 -1.767709824898625381e+00 -4.796647647313328378e+00 2.415951590199527210e+00 -6.578520445905398084e+00 -1.767709824898625381e+00 -6.578520445905398084e+00 -3.266565468119612348e+01
-1.975269765452046400e+01 -8.930513059899515937e+00 7.920697656761681582e-01 -8.930513059899515937e+00 -3.037919383086628855e+01 -4.006186599668470016e+00 7.920697656761681582e-01 -4.006186599668470016e+00 -4.565156480568221298e+01
7.396111504051540919e+01 -1.094878870836279816e+01 -8.161723159288547524e-01 -1.094878870836279816e+01 6.225868197630997258e+01 -1.812853016300044251e+00 -8.161723159288547524e-01 -1.812853016300044251e+00 1.818819324095711565e+01
5.384985224114193869e+01 2.023430726586265394e+01 7.887908996367396508e-01 2.023430726586265394e+01 6.555299059334103617e+01 1.533277878101106317e+01 7.887908996367396508e-01 1.533277878101106317e+01 6.093700954908400469e+00
5.507417063676680158e+01 9.530584492211476189e+00 -1.700947756072875849e+00 9.530584492211476189e+00 6.124622831351526742e+01 1.461575755037332591e+01 -1.700947756072875849e+00 1.461575755037332591e+01 4.363861747636653377e+01
2.374079341758181982e+01 2.690377687844374144e+00 -3.299292374712886300e+01 2.690377687844374144e+00 3.865034562563968024e+01 -5.072636704310863109e+00 -3.299292374712886300e+01 -5.072636704310863109e+00 1.257450662582168910e+01
-2.264183390974191212e+01 1.140539346176392854e+01 1.017815320440365134e+01 1.140539346176392854e+01 -2.076798335270704499e+01 -1.294940127252001716e+01 1.017815320440365134e+01 -1.294940127252001716e+01 -9.340964966524499147e+00
6.819240573709571152e+00 6.372950903834063041e+00 -1.529152180221336899e+01 6.372950903834063041e+00 7.579942167588836988e+00 1.557759495761170676e+01 -1.529152180221336899e+01 1.557759495761170676e+01 -2.030332843491360251e+01
1.820015869381493800e+01 2.217302472134031088e+00 -2.171746956310371068e+00 2.217302472134031088e+00 9.717228043666194637e+00 3.063647858887731612e+00 -2.171746956310371068e+00 3.063647858887731612e+00 2.509923820464987543e+01
-1.424954336691478396e+01 -5.869111702767047412e+00 7.003879891038586436e+00 -5.869111702767047412e+00 -3.178898250410041015e+01 -4.677114044856148567e+00 7.003879891038586436e+00 -4.677114044856148567e+00 -2.465426067252321829e+01
9.152653306864934279e+00 -4.304385728247355658e+00 5.946054072742924523e-01 -4.304385728247355658e+00 -2.147337409053906132e+00 1.718150622163946650e+01 5.946054072742924523e-01 1.718150622163946650e+01 6.577376643902499431e+00
1.350685151343541612e+01 1.343056552450060792e+01 -1.724526562556415499e+01 1.343056552450060792e+01 1.964161427751592015e+01 1.224386959343217463e+01 -1.724526562556415499e+01 1.224386959343217463e+01 -1.314093462299330817e+01
4.075285736091517208e+01 -9.161055255871367820e+00 1.098142960556166514e+01 -9.161055255871367820e+00 3.994182672401094436e+01 1.720136296468948345e+01 1.098142960556166514e+01 1.720136296468948345e+01 3.873687195982053133e+00
2.950865596625317622e+01 -1.148213381213032958e-01 8.281115421511739072e+00 -1.148213381213032958e-01 3.092993003088293591e+01 9.987235251292759131e+00 8.281115421511739072e+00 9.987235251292759131e+00 8.165872945022977225e-01
-1.455663009353560255e+01 -1.391119857286386008e+01 -2.038928314902912575e+01 -1.391119857286386008e+01 -4.031887116366448964e+01 -1.144460863334564138e+01 -2.038928314902912575e+01 -1.144460863334564138e+01 1.481748215799660318e-01
6.087909594512141281e-02 1.034959138179168070e+00 -5.693896429763064759e+00 1.034959138179168070e+00 -1.416544785344212620e+01 2.351167658721750597e-01 -5.693896429763064759e+00 2.351167658721750597e-01 -9.385934699604474574e+00
4.696050506829269722e+01 5.922393088663083560e+00 -2.837683189487581359e+00 5.922393088663083560e+00 3.299167146316211330e+01 -5.568719732191873995e+00 -2.837683189487581359e+00 -5.568719732191873995e+00 1.330544857603273678e+00
-3.219684494856549151e+01 9.075752676443634925e+00 1.702222395687185497e+01 9.075752676443634925e+00 -3.831413613773046478e+01 -9.778579756076348772e+00 1.702222395687185497e+01 -9.778579756076348772e+00 -5.423450913459712552e+01
5.192519106411498164e+00 -3.001908685097335550e+00 -6.593868178589846529e+00 -3.001908685097335550e+00 3.765058342163246419e+00 -2.452972812850830131e+00 -6.593868178589846529e+00 -2.452972812850830131e+00 -1.394730798530743243e+01
-2.062084827673898957e+01 -1.840742588087030285e+01 9.022948705797851687e+00 -1.840742588087030285e+01 -1.494836143194409139e+01 -2.109380056809497805e+00 9.022948705797851687e+00 -2.109380056809497805e+00 -2.061749712822840053e+01
2.563546912363900887e+01 2.596657928408205152e+01 -3.654152949877400580e+00 2.596657928408205152e+01 3.506121630239057652e+01 -1.673715291849840270e+01 -3.654152949877400580e+00 -1.673715291849840270e+01 -2.139525312270306046e+01
1.093189116283673101e+01 -8.467220426530767341e+00 1.986810927213171141e+01 -8.467220426530767341e+00 1.462657698329243061e+01 -3.462836178528764464e+00 1.986810927213171141e+01 -3.462836178528764464e+00 -2.009172887742463232e+01
4.944969430668340493e+01 8.222631592015869018e+00 -2.263331948408763949e+00 8.222631592015869018e+00 4.326482948113240212e+01 1.887815508436272216e+00 -2.263331948408763949e+00 1.887815508436272216e+00 3.317232327176809381e+00
-1.271578574345525148e+01 1.651674442768993112e+00 7.770747001175609903e+00 1.651674442768993112e+00 -1.291658999192323520e+00 -6.200575790611430271e+00 7.770747001175609903e+00 -6.200575790611430271e+00 -3.382049673991827099e+00
1.095759555889003201e+00 -1.610762287092469336e+01 -1.235334884740018602e+01 -1.610762287092469336e+01 -6.820945258022156565e+00 1.659508073595132027e-01 -1.235334884740018602e+01 1.659508073595132027e-01 1.439291146325947013e+00
4.017612250562270049e+01 -7.689485726185686154e+00 -8.751354966773736699e-01 -7.689485726185686154e+00 3.364126647622720867e+01 1.608689133077604083e+01 -8.751354966773736699e-01 1.608689133077604083e+01 1.328514478078930061e+01
-6.025731520227181726e+00 1.204559798070259902e+01 -4.690394119150663066e+00 1.204559798070259902e+01 -8.568337818402156358e+00 -1.124181285585020973e+01 -4.690394119150663066e+00 -1.124181285585020973e+01 -5.009432055519727811e+01
5.226869311209007662e+01 1.109721284514975981e+00 1.393508922559449736e+01 1.109721284514975981e+00 4.191946136243564069e+01 4.220447507422572464e+00 1.393508922559449736e+01 4.220447507422572464e+00 -3.567424854843519455e+00
-7.176849871650190060e+00 6.848945138848292480e+00 7.591420500650299275e+00 6.848945138848292480e+00 -1.527751067434828869e+01 2.346020283334095069e+01 7.591420500650299275e+00 2.346020283334095069e+01 -3.178942001741433643e+01
-1.359679385393071094e+00 2.077396484574199231e+00 3.796542690774760143e+00 2.077396484574199231e+00 -2.162087875139824078e+01 1.878055272589538749e+00 3.796542690774760143e+00 1.878055272589538749e+00 5.672135538355542650e+01
2.087584872487960652e+01 4.941301361097849565e+00 -8.299916368696912627e+00 4.941301361097849565e+00 1.555985586151089706e+01 -9.939043656892479817e+00 -8.299916368696912627e+00 -9.939043656892479817e+00 -9.494472902139889925e-01
