-3.117632147672143361e+00 1.648339408728385358e+00 -2.813528654979370991e+00 1.648339408728385358e+00 6.317205198329228777e-01 2.559457219573468834e+00 -2.813528654979370991e+00 2.559457219573468834e+00 2.202856379782115326e+01
6.545891823466464921e+00 -5.440649491265366677e+00 -1.400828057011118677e-01 -5.440649491265366677e+00 6.523989625832415484e+00 2.146670356957400827e+00 -1.400828057011118677e-01 2.146670356957400827e+00 7.185866791282720101e+00
1.253965518033312954e+01 9.506265873137451194e+00 -6.476317562409495965e-01 9.506265873137451194e+00 9.483091130845085814e+00 -3.819170699400032287e+00 -6.476317562409495965e-01 -3.819170699400032287e+00 2.438237777784097204e+01
-2.522825672132145058e+01 3.169012449663968223e-01 -2.590305519288548020e+00 3.169012449663968223e-01 -1.648261693584317911e+01 4.628230557842392123e-01 -2.590305519288548020e+00 4.628230557842392123e-01 6.809953649807495069e+00
-1.188125757994458098e+01 3.617722603004366988e+00 -5.049283573306493356e-01 3.617722603004366988e+00 -5.949216579682109485e-01 -5.998318530258250902e-01 -5.049283573306493356e-01 -5.998318530258250902e-01 9.879433695303770691e+00
3.531952452191423619e-01 3.690407312795128458e+00 1.814706729607205693e+00 3.690407312795128458e+00 2.629341633629621811e+00 1.386047819507895573e+00 1.814706729607205693e+00 1.386047819507895573e+00 1.065828406455144872e+00
-1.707168102297528245e+00 3.055513206093892542e+00 -1.216504199362331340e+00 3.055513206093892542e+00 8.520963156384405934e+00 -1.189268228733159738e+00 -1.216504199362331340e+00 -1.189268228733159738e+00 2.728446476183288993e+01
6.998137533053989223e+00 2.719386220267766552e-01 -2.391378538290749756e+00 2.719386220267766552e-01 1.058036614622677085e+01 7.610720626503414410e-01 -2.391378538290749756e+00 7.610720626503414410e-01 2.267752184595522991e+01
-4.619573836201611883e+00 8.285534455998027070e+00 1.655332527309517632e+00 8.285534455998027070e+00 2.894340498456577038e+00 -2.028016053300877530e+00 1.655332527309517632e+00 -2.028016053300877530e+00 8.389452855536619680e+00
-1.830534846709022645e+01 6.250209476878066717e+00 1.463465102558940911e+00 6.250209476878066717e+00 -6.431836741342475072e+00 -1.849759875317338764e+00 1.463465102558940911e+00 -1.849759875317338764e+00 2.860910393897706072e+00
-1.756381759574133383e+01 -2.936882022683942051e+00 5.425827656761506468e+00 -2.936882022683942051e+00 -2.239048273920145604e+01 -2.760063048427030097e+00 5.425827656761506468e+00 -2.760063048427030097e+00 -2.301934635596077250e+00
-3.128925574342622529e+00 5.158076176739706753e+00 -4.713937191021660311e+00 5.158076176739706753e+00 5.541845187028071607e+00 3.999022496494547330e+00 -4.713937191021660311e+00 3.999022496494547330e+00 1.972803495671553975e+01
7.800144250907830923e+00 4.684433437257184529e+00 -1.271811010453181012e+00 4.684433437257184529e+00 6.283115789506136473e+00 2.477072518078331953e+00 -1.271811010453181012e+00 2.477072518078331953e+00 5.087284427876946680e+00
-9.375689882409673714e+00 5.218520259083139656e+00 -3.789912958259187725e+00 5.218520259083139656e+00 -8.612547024534251250e+00 3.439216577031396938e+00 -3.789912958259187725e+00 3.439216577031396938e+00 -2.516815582099770854e+00
-1.723912758319395166e+01 4.742238066995870582e+00 -1.000196059271379445e+00 4.742238066995870582e+00 -1.390287253213260144e+01 3.516126545756216526e+00 -1.000196059271379445e+00 3.516126545756216526e+00 1.115997245117366887e+01
-8.312369479616885215e+00 5.066406968504959529e+00 9.609696320934716374e-01 5.066406968504959529e+00 2.362113584777694619e+00 -2.294484036836428320e+00 9.609696320934716374e-01 -2.294484036836428320e+00 1.285919950510497678e+01
1.062149328788134950e+00 2.271019046367262373e+00 -1.853832846207600582e+00 2.271019046367262373e+00 3.311347525235508016e+00 3.817776438782172210e-01 -1.853832846207600582e+00 3.817776438782172210e-01 1.758580005122798084e+01
-4.436531887096260007e+00 7.199907802503292542e-01 -4.035144689750212343e+00 7.199907802503292542e-01 -3.777801658145951702e+00 -2.305829829637064954e+00 -4.035144689750212343e+00 -2.305829829637064954e+00 1.351073920768230963e+01
-1.342200769106262825e+01 1.424990106736321094e+00 2.448102726472119350e+00 1.424990106736321094e+00 -1.655031192675957996e+01 -1.800528597606442238e+00 2.448102726472119350e+00 -1.800528597606442238e+00 7.505626014485074826e+00
-1.944920711415127013e+00 7.041853438599225079e+00 2.437936160810226238e-01 7.041853438599225079e+00 7.271763606844830363e+00 1.203445283756204187e+00 2.437936160810226238e-01 1.203445283756204187e+00 2.524573364806206754e+01
-3.931036863530858128e+00 -4.964353526733051858e+00 9.968452338664822721e-01 -4.964353526733051858e+00 -4.856086775832537228e+00 -9.765270768610235796e-01 9.968452338664822721e-01 -9.765270768610235796e-01 -6.244086908036331485e-01
-1.760750194206935149e+01 4.039527973994390564e+00 -7.860073694879670114e-01 4.039527973994390564e+00 -7.815552448568732657e+00 -4.773920494917780477e-01 -7.860073694879670114e-01 -4.773920494917780477e-01 1.050959118072004372e+01
2.308134816206682149e+00 4.594712329211183111e+00 -1.855975079583339848e+00 4.594712329211183111e+00 5.199236292888051558e+00 6.670549082393610607e-02 -1.855975079583339848e+00 6.670549082393610607e-02 2.130293105128933817e+01
-2.340698166501137223e+01 -3.010884666117431330e+00 4.436193359451048313e-01 -3.010884666117431330e+00 -1.605857711651231767e+01 -5.332782498391605008e-01 4.436193359451048313e-01 -5.332782498391605008e-01 1.849596418514807716e+00
2.131963946603186777e+00 3.620492361706010520e+00 3.470440396458922994e+00 3.620492361706010520e+00 2.325277227809444902e+00 1.630922676576147756e+00 3.470440396458922994e+00 1.630922676576147756e+00 2.268328943945320475e+00
-4.416878350562106093e+00 5.944331799879208234e+00 6.014444702842689505e-01 5.944331799879208234e+00 2.372111893897418611e+00 -6.394460255462304232e-01 6.014444702842689505e-01 -6.394460255462304232e-01 1.258201943170254467e+01
1.176163006928275756e+01 -4.054696662056118117e-01 -1.127540775391070227e+00 -4.054696662056118117e-01 1.042991004984289205e+01 6.038376755182190969e-01 -1.127540775391070227e+00 6.038376755182190969e-01 1.015400068639725006e+01
-2.239661926614451559e+01 1.514267676928111372e+00 -5.249880025648811177e+00 1.514267676928111372e+00 -3.078391997600283858e+01 2.039575586478613811e+00 -5.249880025648811177e+00 2.039575586478613811e+00 -4.245578482401621834e+00
-4.883655989346147308e+00 2.920522534324576203e+00 6.584158436040239426e-01 2.920522534324576203e+00 -5.544758612405651377e+00 5.422648189734750046e-01 6.584158436040239426e-01 5.422648189734750046e-01 1.041551267333901265e+01
-5.474136762022483005e+00 6.656308769999266239e+00 7.814790868633122445e-01 6.656308769999266239e+00 7.216972189731131415e+00 -1.952294937054452673e+00 7.814790868633122445e-01 -1.952294937054452673e+00 1.719016288504127488e+01
-1.450034545342714942e+01 2.421688723344588734e+00 -1.401238282812405034e+00 2.421688723344588734e+00 -2.990364637945423620e+00 -3.537422125987739197e+00 -1.401238282812405034e+00 -3.537422125987739197e+00 7.464265974441318008e+00
-7.043848177616001571e+00 3.779752014358673140e+00 4.646679940161546618e-02 3.779752014358673140e+00 4.468457562233997038e+00 -1.844148162228231191e+00 4.646679940161546618e-02 -1.844148162228231191e+00 1.345318303964998918e+01
-1.007971777572565841e+01 6.631958951895618348e+00 2.038534300496371576e-01 6.631958951895618348e+00 -8.076386512376003690e-01 -3.270371567103353971e-01 2.038534300496371576e-01 -3.270371567103353971e-01 1.036935254619738345e+01
1.364957141599784984e+00 3.235092815892222973e+00 1.806352129571831000e-01 3.235092815892222973e+00 9.388979305130515485e+00 1.375739534186951607e+00 1.806352129571831000e-01 1.375739534186951607e+00 1.799580653084325021e+01
-5.663834502824287576e+00 6.584843278184341564e+00 -9.957065472306289022e-01 6.584843278184341564e+00 4.542147548241382005e+00 -1.966019875244573223e+00 -9.957065472306289022e-01 -1.966019875244573223e+00 1.641356805447601630e+01
-1.638545339379318477e+01 4.774835579185825907e+00 -9.604977122539626322e-01 4.774835579185825907e+00 -1.087937246086941023e+01 1.945672150259744271e+00 -9.604977122539626322e-01 1.945672150259744271e+00 6.594624851576842417e+00
-1.191795537527613824e+01 -1.869740474963392241e-01 -5.944402276244049155e+00 -1.869740474963392241e-01 -6.893767509056901943e+00 2.386199236027435777e+00 -5.944402276244049155e+00 2.386199236027435777e+00 1.188322233745765466e+01
-1.002437239719345996e+01 8.106067683326521944e+00 7.954666171104378680e-01 8.106067683326521944e+00 2.702073982936999741e+00 1.085425363173232044e-01 7.954666171104378680e-01 1.085425363173232044e-01 1.390901204815963688e+01
3.794417743841273172e+00 -1.822864038187052449e+00 1.608941906928317511e+00 -1.822864038187052449e+00 2.731202558997679830e+00 1.520145056216581025e+00 1.608941906928317511e+00 1.520145056216581025e+00 1.861889191525450071e+00
-1.146378720821032715e+01 4.031851420813350906e+00 -8.747175892150446108e-01 4.031851420813350906e+00 -7.396711205542123579e+00 -1.542126043823995651e+00 -8.747175892150446108e-01 -1.542126043823995651e+00 1.331071008970990377e+01
-1.472795757952439288e+01 4.434355344959825196e+00 1.177353375381520406e+00 4.434355344959825196e+00 -2.071530265426470674e+00 -6.494932952369488754e-01 1.177353375381520406e+00 -6.494932952369488754e-01 4.861684466092460077e+00
-1.816510402953391790e+01 1.427575540654423270e+00 3.243788197156868058e+00 1.427575540654423270e+00 -1.440463417786312839e+01 -2.424076618226726154e+00 3.243788197156868058e+00 -2.424076618226726154e+00 2.521254548731786560e+00
-1.553050815565699594e+01 3.988494707923992078e+00 1.324338271722086957e-01 3.988494707923992078e+00 -1.004187602726772610e+01 4.226672891996458681e+00 1.324338271722086957e-01 4.226672891996458681e+00 9.269057077438718650e+00
-1.323343581322179752e+01 3.280421713432918107e+00 2.527247777843899534e+00 3.280421713432918107e+00 -4.826633604073609085e+00 -4.020854835480745848e+00 2.527247777843899534e+00 -4.020854835480745848e+00 3.651398264660110637e+00
6.657415711908015510e+00 8.041376582607972168e+00 -2.805414407381077169e+00 8.041376582607972168e+00 1.217681363897864166e+01 1.382033552936072329e+00 -2.805414407381077169e+00 1.382033552936072329e+00 3.317362689933524678e+01
-8.182254894774079190e+00 3.578983521471334583e+00 -1.982271895162690534e-01 3.578983521471334583e+00 9.145068839169715247e+00 -2.006300652957860642e+00 -1.982271895162690534e-01 -2.006300652957860642e+00 2.331336224099198873e+01
-6.938487893661093864e+00 4.409287736107099676e+00 1.816674678817524757e+00 4.409287736107099676e+00 -4.415804985034031738e+00 -6.223871210440280466e-01 1.816674678817524757e+00 -6.223871210440280466e-01 2.425682151752989402e+00
-1.825118421486904197e+01 3.090675396298724564e+00 -5.337905470816302511e+00 3.090675396298724564e+00 -1.405153378322179236e+01 -8.732021986280644743e-01 -5.337905470816302511e+00 -8.732021986280644743e-01 4.737304331489845310e+00
-1.880343376467122241e+01 6.502362937455278491e+00 -2.489349950762724806e+00 6.502362937455278491e+00 -4.432041398782646802e+00 -2.289261472756950688e+00 -2.489349950762724806e+00 -2.289261472756950688e+00 3.135776159521214801e+00
-3.466648734544862265e+01 5.335336415542309974e-01 -4.957043566860177997e+00 5.335336415542309974e-01 -2.186455856729603653e+01 1.991383706192562997e+00 -4.957043566860177997e+00 1.991383706192562997e+00 1.123002536713840760e-01
