-1.858645842174541585e+01 1.002635208613226681e+01 1.907866164910358364e+01 1.002635208613226681e+01 -4.779717409100867087e+01 -3.107153161847965972e+00 1.907866164910358364e+01 -3.107153161847965972e+00 -1.508100927501381028e+00
3.389937000535724110e+01 -5.829279066362500927e+00 -4.017377186011856338e+00 -5.829279066362500927e+00 1.816771201576194272e+01 -3.616802031718080901e+00 -4.017377186011856338e+00 -3.616802031718080901e+00 3.387878076270365568e+01
3.652582617095576012e+01 5.004302620107324628e+00 3.669491274294500172e-01 5.004302620107324628e+00 1.661137223720050216e+01 -1.054404605151392449e+00 3.669491274294500172e-01 -1.054404605151392449e+00 3.782651445754657260e+01
2.166215414945048767e+00 -4.587847591864067098e+00 1.112869949722384888e+01 -4.587847591864067098e+00 -2.875395766322426994e+01 3.309826203974929104e+00 1.112869949722384888e+01 3.309826203974929104e+00 4.526216486752252521e+00
4.175143194565375637e+01 8.684066545945549720e+00 1.323847554033324236e+01 8.684066545945549720e+00 1.322249708130563484e+01 -7.512905501780203998e+00 1.323847554033324236e+01 -7.512905501780203998e+00 1.744440301036502206e+01
1.941004079909519575e+01 -1.019388774496734129e+01 1.214705730288353536e+01 -1.019388774496734129e+01 -2.836068951953276596e+01 2.098515471231532814e+00 1.214705730288353536e+01 2.098515471231532814e+00 -1.977288222505291015e+00
-1.796377782912453824e+01 6.927515722332763026e+00 8.718738151411159265e+00 6.927515722332763026e+00 -3.633408204326546809e+01 -3.926903780812624589e+00 8.718738151411159265e+00 -3.926903780812624589e+00 -1.164101090991473519e+01
-1.203868078404378750e+01 8.519829585925183801e-01 5.113796144555410095e+00 8.519829585925183801e-01 -3.346964655530167931e+01 4.618214899121295680e+00 5.113796144555410095e+00 4.618214899121295680e+00 -9.282034375545229921e+00
-3.397334266760832833e+01 6.190087717234497688e+00 -3.519032299326438906e+00 6.190087717234497688e+00 -3.405959496155676192e+01 -6.077142733998437407e+00 -3.519032299326438906e+00 -6.077142733998437407e+00 -3.531377014072590725e+01
1.828272123131226223e+01 -1.435960149074651859e+01 2.895237160311732794e+01 -1.435960149074651859e+01 -3.620047573870764523e+01 4.370379075970152627e+00 2.895237160311732794e+01 4.370379075970152627e+00 -1.006387639623470776e+01
1.896462350434403366e+00 -2.177732511971006257e+00 1.357180647889557612e+01 -2.177732511971006257e+00 -1.660175910066743299e+01 -4.034860430629506389e+00 1.357180647889557612e+01 -4.034860430629506389e+00 3.810917058630475918e+00
-2.429313111959738691e+01 -1.052913401225124890e+00 7.113547192124872076e+00 -1.052913401225124890e+00 -3.551261900410433725e+01 -3.627114404017400595e+00 7.113547192124872076e+00 -3.627114404017400595e+00 -8.082931111043775374e+00
-1.332355536454311107e+01 2.557236546770189189e+00 1.520950908010569336e+01 2.557236546770189189e+00 -1.876033249434554051e+01 6.240560177153809951e-01 1.520950908010569336e+01 6.240560177153809951e-01 -5.562393710288232995e+01
1.739817210850443274e+01 1.077813397905964798e+01 1.157622138334952755e+00 1.077813397905964798e+01 8.315615432758889369e+00 -7.116238275681718406e+00 1.157622138334952755e+00 -7.116238275681718406e+00 1.857476938255978638e+01
-1.181052327589388362e+01 4.843076890660510947e-01 1.574375855616661646e+01 4.843076890660510947e-01 -2.995783213935769140e+01 -1.130371416647013350e+00 1.574375855616661646e+01 -1.130371416647013350e+00 -2.430712323514601181e+01
-6.978873266951077348e+00 -1.320347082929377747e+00 4.107036946075906414e+00 -1.320347082929377747e+00 -1.476485736065477283e+01 5.191831277567073855e-01 4.107036946075906414e+00 5.191831277567073855e-01 6.657359902746493141e+00
-4.657081139244595214e+00 1.834733849711821296e+00 1.123396614940791949e+01 1.834733849711821296e+00 -1.502842860822031845e+01 -3.478026413493129354e+00 1.123396614940791949e+01 -3.478026413493129354e+00 5.670861228320472902e-02
4.323576069242595565e+01 6.684787672874276332e+00 5.793643158315491704e+00 6.684787672874276332e+00 2.203958553960999112e+01 -6.169966976616703569e+00 5.793643158315491704e+00 -6.169966976616703569e+00 3.497996529570932012e+01
5.661015402832098431e+01 2.935736944799973713e-01 4.125266943601799596e+01 2.935736944799973713e-01 -5.178365082886827508e+00 -1.305269307297953318e+01 4.125266943601799596e+01 -1.305269307297953318e+01 4.515546897863838893e+01
4.254710677361634197e+01 1.097443831363449007e+01 2.281326058179978133e+01 1.097443831363449007e+01 -9.118100447539488229e+00 9.651364650746415919e+00 2.281326058179978133e+01 9.651364650746415919e+00 3.538242524567632330e+01
-1.042083114367447827e+00 1.278375853242657634e+01 1.058058129045749673e+01 1.278375853242657634e+01 -3.754881410040431966e+00 -1.186832411816309651e+01 1.058058129045749673e+01 -1.186832411816309651e+01 -4.794039146229453152e+00
-3.278081891352553345e-01 -1.897630643759703917e+00 3.845960542637534729e+01 -1.897630643759703917e+00 -3.124875791479869136e+01 3.663244403603972632e+00 3.845960542637534729e+01 3.663244403603972632e+00 -3.958671583994406262e+01
-1.338965008593229422e+00 1.119274603164903503e+01 5.336981127613716680e+00 1.119274603164903503e+01 -2.405783425151524213e+01 2.607734809327245884e+00 5.336981127613716680e+00 2.607734809327245884e+00 -6.879981351227224096e+00
-3.588436388879670869e+00 1.190193896001004248e+01 -4.252356372827229003e-01 1.190193896001004248e+01 -1.550904716865708366e+01 2.396001584233441672e+00 -4.252356372827229003e-01 2.396001584233441672e+00 -1.492952410033118937e+01
3.045536924842630100e+01 1.785406719309941437e+01 2.125328618554614835e+01 1.785406719309941437e+01 -2.124514017733045179e+01 -4.118909512670263950e+00 2.125328618554614835e+01 -4.118909512670263950e+00 9.231488864066513145e+00
-1.729338026068423417e+01 7.241947891232742407e+00 8.063283354458969043e+00 7.241947891232742407e+00 -2.925536813683827475e+01 1.063539755344054427e+01 8.063283354458969043e+00 1.063539755344054427e+01 -8.373102582145932615e+00
-7.761894040496926550e+00 6.209643355218645411e+00 -4.087260351897938349e-01 6.209643355218645411e+00 -1.907056231206586006e+01 -7.594494456790445547e+00 -4.087260351897938349e-01 -7.594494456790445547e+00 -6.619308957763199608e+00
5.400493473027242253e+00 1.096399832983985512e+01 4.841657821284483632e+00 1.096399832983985512e+01 -1.139177575865729608e+01 -2.729510805521518257e+00 4.841657821284483632e+00 -2.729510805521518257e+00 -4.696935134288000135e+00
1.859171290546409239e+01 -5.423036403986192688e+00 1.841624759345765128e+01 -5.423036403986192688e+00 -2.888049532535616137e+01 4.158320344537565383e+00 1.841624759345765128e+01 4.158320344537565383e+00 -2.376291451878788763e+01
3.202987050024495375e+01 -1.815824414673469178e+01 1.142733157330742877e+01 -1.815824414673469178e+01 4.615313756176617765e+00 7.454250410098492985e+00 1.142733157330742877e+01 7.454250410098492985e+00 3.898214027196221565e+01
-2.015231278436285933e+01 7.768392489231574771e+00 1.532473413362976045e+00 7.768392489231574771e+00 -3.908169355391804345e+01 1.421520120330842518e+00 1.532473413362976045e+00 1.421520120330842518e+00 -2.013948870869646512e+01
3.401943684705662463e+01 1.003060491527463460e+00 1.867744815892617893e+01 1.003060491527463460e+00 2.378537306060589440e+00 5.569343454343484573e-02 1.867744815892617893e+01 5.569343454343484573e-02 3.666593353008740763e+01
-3.389906754001420808e+01 1.108286539001206439e+00 5.088237977582075189e+00 1.108286539001206439e+00 -4.303148051033119970e+01 -5.733076590446145815e+00 5.088237977582075189e+00 -5.733076590446145815e+00 -3.018323384097231354e+01
-1.501451442249848078e+01 1.220833590584599548e+01 2.737577967150716329e+00 1.220833590584599548e+01 -1.873520755677305161e+01 -1.667486466174002091e+00 2.737577967150716329e+00 -1.667486466174002091e+00 -1.714452116484621413e+01
4.235084816395060869e+01 1.527713523941938689e+01 1.899954372576113215e+00 1.527713523941938689e+01 3.226250535011977405e+01 -1.492291030915794892e+01 1.899954372576113215e+00 -1.492291030915794892e+01 3.386465933232000936e+01
-1.260714646478468914e+01 -1.041647965687257704e+00 1.086059589455349528e+00 -1.041647965687257704e+00 -2.761531594967400238e+01 -5.882764540036733436e+00 1.086059589455349528e+00 -5.882764540036733436e+00 -1.516806701856816808e+01
-1.431558576008629480e+01 7.885470169023589548e+00 3.866790462737828449e+01 7.885470169023589548e+00 1.371773135437841962e+00 -9.975382241159818975e+00 3.866790462737828449e+01 -9.975382241159818975e+00 -3.628696921630648120e+01
3.477776031617766961e+01 2.414395891624364410e+00 1.106552848240310105e+01 2.414395891624364410e+00 3.070341508166849920e+01 -2.476387858634685912e+00 1.106552848240310105e+01 -2.476387858634685912e+00 3.825373700033668456e+01
4.937269565286337425e+00 -1.192103319611915957e+01 6.409897932969538914e+00 -1.192103319611915957e+01 -1.199044274526550424e+01 -1.860622344783525506e+00 6.409897932969538914e+00 -1.860622344783525506e+00 7.290974105628857060e+00
-5.537044295331019050e+00 1.683227221147844332e+01 3.456011108720391434e+01 1.683227221147844332e+01 -1.745292973406588644e+01 -4.437989554977883166e+00 3.456011108720391434e+01 -4.437989554977883166e+00 4.190139113672404214e+00
1.391590192886281585e+01 -1.687656060432269811e+01 2.144382760230618601e+01 -1.687656060432269811e+01 -2.811014543689389100e+01 -1.319104419617670665e+01 2.144382760230618601e+01 -1.319104419617670665e+01 6.286855351923741786e+00
-1.338171207306712951e+01 2.189193416603800735e+00 9.313355583811702587e+00 2.189193416603800735e+00 -2.266500899425939508e+01 8.289813494295183993e-01 9.313355583811702587e+00 8.289813494295183993e-01 -1.825162570088520297e+01
2.896406026846347714e+01 1.632661722306507457e+01 1.292689125225845714e+01 1.632661722306507457e+01 1.492564363751544043e+01 -6.886068583862573256e+00 1.292689125225845714e+01 -6.886068583862573256e+00 3.873276740657035333e+01
2.050337537067101223e+01 -9.484845771193846531e+00 2.980219284506736699e+01 -9.484845771193846531e+00 -5.912863372736627099e+00 4.035750899676945558e+00 2.980219284506736699e+01 4.035750899676945558e+00 4.093576794505424488e+01
2.577738365089473849e+00 -2.570898211937975741e+00 9.600880418916643677e+00 -2.570898211937975741e+00 -1.933487732481406951e+01 -1.744865327394636267e+01 9.600880418916643677e+00 -1.744865327394636267e+01 -9.930103504529830261e+00
3.029771338472927411e+01 -9.647570033286891444e+00 2.702807773152903881e+00 -9.647570033286891444e+00 2.435655412691344068e+01 9.999932905638488079e-02 2.702807773152903881e+00 9.999932905638488079e-02 4.791695710493895177e+01
3.150938217984146306e+01 -1.688700919474799633e+01 8.288897856772640793e+00 -1.688700919474799633e+01 -3.239135298054796408e+01 -1.268027817224632425e+00 8.288897856772640793e+00 -1.268027817224632425e+00 6.894612490736643728e+00
-4.487580419993933423e-01 -2.743256016649795459e+00 -1.131418772324621624e-01 -2.743256016649795459e+00 1.860424469980696660e+00 -7.241605097352167286e-01 -1.131418772324621624e-01 -7.241605097352167286e-01 -1.982185532167541231e+00
-2.219401438400982585e+00 5.349276250102444230e+00 1.772347028618342035e+00 5.349276250102444230e+00 -2.390057390220539091e+01 4.450729100127791327e+00 1.772347028618342035e+00 4.450729100127791327e+00 -1.294918689921246147e+00
-4.366263125969445014e+01 2.386987822657961544e+01 -5.172684119970105243e+00 2.386987822657961544e+01 -6.189003135436163205e+01 7.717248121927069882e+00 -5.172684119970105243e+00 7.717248121927069882e+00 -4.719568948136002007e+01
1.976210375299000077e+01 2.751908428129905548e+00 6.144138272795737876e+00 2.751908428129905548e+00 8.143974236036022774e+00 -3.137872713525828861e+00 6.144138272795737876e+00 -3.137872713525828861e+00 1.992969232670966306e+01
-5.117611116214729527e+00 -1.042406025206337716e+01 1.115145724165593322e+01 -1.042406025206337716e+01 -8.397848815609092910e+00 9.125109996792053479e-01 1.115145724165593322e+01 9.125109996792053479e-01 -1.223546567140730623e+01
-7.966106242008382132e+00 5.666003864610652307e+00 3.796520853169307763e+00 5.666003864610652307e+00 -2.118218303937656444e+01 -2.611195729190369796e+00 3.796520853169307763e+00 -2.611195729190369796e+00 -1.382002915215142202e+01
3.809394273246715201e+00 -2.148524728335080347e+00 3.638682712285187026e+00 -2.148524728335080347e+00 2.519502709859557488e+00 -9.354722948286473994e+00 3.638682712285187026e+00 -9.354722948286473994e+00 9.435466039578971120e+00
-2.037616741052310942e+00 6.535708277489701956e+00 2.495083874464952611e+00 6.535708277489701956e+00 -2.553959686159662823e+01 1.589883411130883273e+00 2.495083874464952611e+00 1.589883411130883273e+00 -1.313446276070323648e+01
-5.528706464035475499e+00 1.616080022012225115e+00 1.001021344130793445e+01 1.616080022012225115e+00 -2.034738430838026346e+01 5.687698423095058908e-01 1.001021344130793445e+01 5.687698423095058908e-01 -4.918338214985711332e+00
-5.081322134356266673e+00 5.235815183287375163e+00 1.161083453868769588e+01 5.235815183287375163e+00 -3.102331058450185708e+01 6.153239956665726318e+00 1.161083453868769588e+01 6.153239956665726318e+00 -4.842123464129961974e+00
2.352721607468697584e+01 -3.964523639098187502e+00 1.960028213918635132e+01 -3.964523639098187502e+00 -3.148822067647808254e+00 -3.630176127178958101e+00 1.960028213918635132e+01 -3.630176127178958101e+00 1.013794091595576496e+01
8.185418414190474223e+00 9.201808468692314946e+00 7.670417283708766298e+00 9.201808468692314946e+00 1.901844330965871022e+00 -6.265723775542798357e+00 7.670417283708766298e+00 -6.265723775542798357e+00 1.187355776048055667e+01
-2.206701961517056532e+01 -1.817402338427750674e+00 -1.916790632386768500e+00 -1.817402338427750674e+00 -2.778664059202664305e+01 2.421226204728014864e+00 -1.916790632386768500e+00 2.421226204728014864e+00 -1.437026793049866846e+01
-3.900264602487085597e+01 -9.937231078813352880e+00 9.362612589060685053e+00 -9.937231078813352880e+00 -4.801279399299816930e+01 5.970711694786982271e+00 9.362612589060685053e+00 5.970711694786982271e+00 -2.570443146033493065e+01
1.027946547194747851e+01 2.213290920704818809e+00 9.103128205881047208e+00 2.213290920704818809e+00 1.938144326369804826e+00 3.047644648782199539e+00 9.103128205881047208e+00 3.047644648782199539e+00 2.065646206579095434e+01
9.736019964058090892e+00 4.912114199260410707e+00 3.267859104441392493e+00 4.912114199260410707e+00 -2.366468657099720652e-01 -6.539641074456095993e+00 3.267859104441392493e+00 -6.539641074456095993e+00 5.940304271142258230e+00
4.661764326679563197e+01 -5.390227497193788686e+00 4.233727613364674625e+00 -5.390227497193788686e+00 1.773437010469627495e+01 2.959696692116636996e+00 4.233727613364674625e+00 2.959696692116636996e+00 3.762617363093012557e+01
9.596214280892610970e-01 8.779794339240069689e+00 7.222635591286871382e+00 8.779794339240069689e+00 -1.990083728638624905e+01 -3.848780965046165292e+00 7.222635591286871382e+00 -3.848780965046165292e+00 -5.314854830534868846e+00
-1.743448613505297118e+01 5.352070944013433973e+00 1.065544941162356096e+01 5.352070944013433973e+00 -2.947933377553724910e+01 3.930880690396816757e+00 1.065544941162356096e+01 3.930880690396816757e+00 -4.271180910193645275e+01
9.105217829792568551e+00 8.717701602350748757e+00 6.688050200824234182e+00 8.717701602350748757e+00 -4.854287840290288258e+00 5.032277092200931889e+00 6.688050200824234182e+00 5.032277092200931889e+00 8.950533819142950875e+00
6.607663085297374117e+00 -3.991756390611567618e+00 2.068684284112529070e+01 -3.991756390611567618e+00 -2.323578734134163426e+01 5.798041129174381858e+00 2.068684284112529070e+01 5.798041129174381858e+00 3.839858586870738666e+00
1.791035284966040697e+00 2.113959362104905537e+00 6.603181878469584376e+00 2.113959362104905537e+00 1.660826801561821275e+00 -2.089339401296907539e+00 6.603181878469584376e+00 -2.089339401296907539e+00 2.741727540589728918e+01
1.758442980700347391e+01 -2.854658751054834909e+00 1.573914276198754969e+01 -2.854658751054834909e+00 -2.228008372216215172e+00 6.809641317810507521e-01 1.573914276198754969e+01 6.809641317810507521e-01 4.988453184115939187e+00
-1.627845415085752379e+01 -7.219856051337454339e+00 2.342453138356818343e+01 -7.219856051337454339e+00 -1.687210866514660168e+01 -5.426875916964639668e-01 2.342453138356818343e+01 -5.426875916964639668e-01 -1.636043303918685154e+01
-3.410825297923643262e+01 3.647087399509666206e+00 2.286748727923363367e-01 3.647087399509666206e+00 -4.856954729318751163e+01 -5.435760282688358203e+00 2.286748727923363367e-01 -5.435760282688358203e+00 -3.974615819716823495e+01
1.950329482466703013e+01 -1.716957849070660558e+01 -1.427393724720928958e+00 -1.716957849070660558e+01 3.910785008341129410e-01 1.408696225842685656e+01 -1.427393724720928958e+00 1.408696225842685656e+01 1.514187354810577535e+00
4.406022321982409551e+01 -1.865283090831635127e+00 3.500988831909600663e+01 -1.865283090831635127e+00 4.841260186431019008e+01 -1.528917047993377309e+01 3.500988831909600663e+01 -1.528917047993377309e+01 3.364334428514289499e+01
1.707924283261744591e+01 -9.431951990411320708e+00 2.304558943588918751e+01 -9.431951990411320708e+00 -1.779400166603140576e+01 -3.366215157922347601e+00 2.304558943588918751e+01 -3.366215157922347601e+00 -6.623217942143426740e+00
4.396431829081041087e+01 1.800552672713583036e+01 1.027991733831443888e+01 1.800552672713583036e+01 1.971019176635886883e+00 -7.806196853723173845e+00 1.027991733831443888e+01 -7.806196853723173845e+00 7.361990048260619979e+00
-1.916053403532233546e+01 9.504502056727547554e+00 1.443824371647230986e+00 9.504502056727547554e+00 -4.818458220478122911e+01 6.878273599301130137e-01 1.443824371647230986e+00 6.878273599301130137e-01 -2.879295747650171222e+01
1.464150520508523812e+01 8.045465254780481246e+00 4.047423115169082486e+00 8.045465254780481246e+00 -9.266960418532473653e+00 -8.705452420730816598e+00 4.047423115169082486e+00 -8.705452420730816598e+00 6.492901932779911789e+00
6.603820718406343104e+00 -3.206911903407874687e-01 9.451510298752259231e+00 -3.206911903407874687e-01 1.230003766293631529e+01 -3.855855110132848651e+00 9.451510298752259231e+00 -3.855855110132848651e+00 3.283128768795364039e+01
4.185336188530060042e+01 4.487507265584548932e+00 1.035893735127619664e+01 4.487507265584548932e+00 3.331099199690365253e+01 2.948026513878098331e+00 1.035893735127619664e+01 2.948026513878098331e+00 4.125342205620260927e+01
3.966570713382897129e+00 1.240931462690310516e+00 2.579202646915664143e+00 1.240931462690310516e+00 -5.090011275872183383e+00 2.231776563736820762e+00 2.579202646915664143e+00 2.231776563736820762e+00 1.910088229421550565e+01
-1.413775435486006948e+01 9.817030975050538899e+00 1.310526893332263398e+01 9.817030975050538899e+00 -2.281559841722693704e+01 -1.211445505993708061e+01 1.310526893332263398e+01 -1.211445505993708061e+01 5.773380810043743594e+00
1.761203551475687945e+01 -4.592380158755282160e+00 1.471160883202777470e+01 -4.592380158755282160e+00 -2.174118704038189520e+00 -6.264160190234007608e+00 1.471160883202777470e+01 -6.264160190234007608e+00 2.074078891077303410e+01
-1.096871750663012968e+01 6.479885471442861089e+00 8.318795993937026623e+00 6.479885471442861089e+00 -2.048103088874572819e+01 6.653211481352351520e+00 8.318795993937026623e+00 6.653211481352351520e+00 -5.839091440180042447e+00
-2.305138570578273161e+01 3.215572852389435354e+00 9.024522752218681276e+00 3.215572852389435354e+00 -3.619876549286281175e+01 -5.817607554466222908e+00 9.024522752218681276e+00 -5.817607554466222908e+00 -3.177844051181319429e+01
-1.381159492530817090e+01 -5.675572776707733524e-01 7.753297503805544721e+00 -5.675572776707733524e-01 -2.414050507583320382e+01 -5.029913016153237493e+00 7.753297503805544721e+00 -5.029913016153237493e+00 -7.731551208552709831e+00
-2.039836742711899475e+01 1.269062800324757490e+00 1.377168771999276409e+01 1.269062800324757490e+00 -1.907396321340823420e+01 -3.048180806856058744e+00 1.377168771999276409e+01 -3.048180806856058744e+00 -6.161962254675290573e-01
4.588819308153563270e+01 7.974242685513051931e+00 1.534019055395305564e+01 7.974242685513051931e+00 7.453552178562648400e+00 -2.513469569269569104e-01 1.534019055395305564e+01 -2.513469569269569104e-01 4.695157309665331979e+01
-4.146529484535014021e+00 8.705931876605195185e+00 2.646022147497871657e+01 8.705931876605195185e+00 -4.483855161590041405e+01 2.155517120522260299e+00 2.646022147497871657e+01 2.155517120522260299e+00 -3.267956673003625667e+01
2.381000438869937597e+01 -1.725982650382916006e+01 2.531248163594284151e+01 -1.725982650382916006e+01 -9.960559526585143431e+00 7.648272687135555525e-01 2.531248163594284151e+01 7.648272687135555525e-01 -1.514083212813593704e+01
3.034895591709210549e+01 1.255241308224601404e+01 1.374128183148605586e+01 1.255241308224601404e+01 3.162718727735162716e+01 -1.556020310165647125e+00 1.374128183148605586e+01 -1.556020310165647125e+00 3.490264213616239886e+01
-9.492459684691777477e-01 -4.147337946070989823e+00 1.136177383332608670e+01 -4.147337946070989823e+00 -2.159458787183126205e+01 -4.349077444325411435e+00 1.136177383332608670e+01 -4.349077444325411435e+00 -6.312436586237276659e-01
4.814990089491003999e+01 9.578485618525210299e+00 5.248295376748244756e+00 9.578485618525210299e+00 3.859661872508263514e+01 -8.199394444671845861e+00 5.248295376748244756e+00 -8.199394444671845861e+00 4.808876084004511853e+01
1.325448036953866193e+01 1.988690680812833511e+00 1.492310208240023961e+01 1.988690680812833511e+00 2.288845560775041754e+00 -9.094766801300409043e+00 1.492310208240023961e+01 -9.094766801300409043e+00 2.185050066801013813e+01
5.498295824818674049e+01 9.148096411030783415e+00 2.432801853525678126e+01 9.148096411030783415e+00 2.174951356656395873e+01 5.663493614700394474e+00 2.432801853525678126e+01 5.663493614700394474e+00 2.155324717546145852e+00
2.186768792589851174e+01 7.627672879789401783e+00 2.173730494426963489e+01 7.627672879789401783e+00 -1.027593715036170918e+00 -5.572807595117230228e+00 2.173730494426963489e+01 -5.572807595117230228e+00 1.682131602616604482e+01
-1.361061854786566272e+01 7.039739186824051309e+00 1.403100349217720044e+01 7.039739186824051309e+00 -3.624073847999780895e+01 -7.800365393784046475e+00 1.403100349217720044e+01 -7.800365393784046475e+00 -2.431179072257145179e+01
4.754821993118659940e+00 -1.295105418604961933e+01 1.823599154406434053e+01 -1.295105418604961933e+01 -1.766989426288246889e+01 -9.647112437574453025e+00 1.823599154406434053e+01 -9.647112437574453025e+00 6.001285005284614726e+00
-2.430914992672547115e+01 -1.416227228330190790e+01 7.283117890350138346e+00 -1.416227228330190790e+01 -3.750045019921613232e+01 1.232799543631819894e+01 7.283117890350138346e+00 1.232799543631819894e+01 -2.707727729278177264e+01
1.795994529737369660e+01 -1.372813442273250750e+01 1.886567232143730877e+01 -1.372813442273250750e+01 5.772538642724808433e+00 -1.165752168012976320e+01 1.886567232143730877e+01 -1.165752168012976320e+01 4.186540568798633011e+00
