-1.346754774615241423e+01 -2.034700040601200133e+00 7.090547195131574831e+00 -2.034700040601200133e+00 -5.476097500659620465e+01 2.330380291097386980e+00 7.090547195131574831e+00 2.330380291097386980e+00 -1.879173631613670992e+01
2.283941668239153344e+01 -2.578897462171719113e+00 4.930279006636999029e+00 -2.578897462171719113e+00 -9.699531721318626065e-01 4.895443466093967189e+00 4.930279006636999029e+00 4.895443466093967189e+00 2.055636665887126568e+01
4.181561747163644327e+01 -2.088025371575661371e+00 9.257246321790711718e+00 -2.088025371575661371e+00 4.938531652692694962e+01 -5.282143441982561249e+00 9.257246321790711718e+00 -5.282143441982561249e+00 4.400171469382079437e+01
3.771763445707421880e+01 6.923811296282124772e+00 8.417943191041309392e-01 6.923811296282124772e+00 -2.746089313336450033e+01 -1.694878059081607269e+00 8.417943191041309392e-01 -1.694878059081607269e+00 2.131307829198730275e+01
-3.145163089497477582e+00 6.036444641785295495e+00 -6.426560489460294567e-01 6.036444641785295495e+00 5.406492250670738464e+00 7.535973056987514518e+00 -6.426560489460294567e-01 7.535973056987514518e+00 -1.275230787305686064e+01
2.390993974277702705e+01 -7.166759808417043409e+00 -2.031356321832584744e+00 -7.166759808417043409e+00 -7.392202800328560919e+00 7.155193237003672380e+00 -2.031356321832584744e+00 7.155193237003672380e+00 4.763006854363899834e+01
-1.521237565730578822e+01 1.748305123819442386e+01 -4.067335387562764026e+00 1.748305123819442386e+01 -8.290293269613940197e+00 4.307090460918754360e+00 -4.067335387562764026e+00 4.307090460918754360e+00 -1.940927731876307405e+01
8.407692871443904536e+00 1.280589258392149254e+01 1.064687091361920501e+01 1.280589258392149254e+01 -2.717197306349492081e+01 1.182366016692079036e+01 1.064687091361920501e+01 1.182366016692079036e+01 -2.517394778975099356e+01
-1.586712271109503414e+00 1.192794609591721056e+01 3.668858311745700540e+00 1.192794609591721056e+01 6.767899682365747793e+00 4.983960368570311772e+00 3.668858311745700540e+00 4.983960368570311772e+00 -2.020270532043314660e+01
-6.196870558406383900e+00 2.052782713249155577e+01 2.570069144527602045e+00 2.052782713249155577e+01 1.944929398168692147e-01 -6.900356560840010367e+00 2.570069144527602045e+00 -6.900356560840010367e+00 -5.319520938424727952e+00
1.625515427351705000e+01 -4.322896747842226439e+00 6.885141308998183440e+00 -4.322896747842226439e+00 1.584615651826094940e+01 -5.815815600570626742e+00 6.885141308998183440e+00 -5.815815600570626742e+00 1.660487660507498475e+01
9.733845984977877563e+00 9.357954128607959277e+00 -7.401849979876808483e+00 9.357954128607959277e+00 -4.889332087552416795e+01 8.765028366455986486e+00 -7.401849979876808483e+00 8.765028366455986486e+00 -1.209636296465299488e+01
2.689630954886008141e+01 -4.315304635380865506e+00 -5.026712600198805087e-02 -4.315304635380865506e+00 2.710694523397377154e+01 -2.816766044300944571e+00 -5.026712600198805087e-02 -2.816766044300944571e+00 3.860962095850477738e+01
1.512190354923611935e+01 -7.245747278480161313e+00 -1.598799576208451967e+01 -7.245747278480161313e+00 -4.838259275623726552e+01 -5.130607704012133397e+00 -1.598799576208451967e+01 -5.130607704012133397e+00 3.146750061350806149e+00
2.875983023178834230e+01 1.053901151275932691e+01 -3.246732511085064221e+00 1.053901151275932691e+01 -3.067652976113006602e+01 1.176575808159996228e+01 -3.246732511085064221e+00 1.176575808159996228e+01 2.982525339270902620e+01
-2.706421145529031946e+01 8.752965319583527304e+00 -1.700613539776471672e+00 8.752965319583527304e+00 -4.405503739910014360e+01 9.820254016684204501e+00 -1.700613539776471672e+00 9.820254016684204501e+00 -6.679693358569211625e+01
-8.839756535535482129e+00 3.989706019768400225e+00 2.282322908011489293e+00 3.989706019768400225e+00 -6.022772345756698797e+01 8.686445926148417485e+00 2.282322908011489293e+00 8.686445926148417485e+00 -2.070663655585025253e+01
3.929139402469718334e+01 9.675157599720731749e-01 -2.431507723991186420e+00 9.675157599720731749e-01 3.856882476340886967e+01 1.260323586234801896e+00 -2.431507723991186420e+00 1.260323586234801896e+00 2.140027993978748100e+01
-1.847209522414121352e+01 4.387503022667880614e+00 -6.639941213729207981e+00 4.387503022667880614e+00 -7.432731812919899994e+01 -3.525914047380338978e+00 -6.639941213729207981e+00 -3.525914047380338978e+00 -1.850875394209696978e+01
4.580871310691332354e+00 6.049148096408599962e+00 2.724898492170952480e+00 6.049148096408599962e+00 -1.541926601067875957e+01 2.193666506437377706e+01 2.724898492170952480e+00 2.193666506437377706e+01 -3.125053499344892849e+00
-2.186800165168896015e+01 -4.861925124004875087e+00 9.821915036466998927e+00 -4.861925124004875087e+00 -6.283942277315662750e+01 1.137236345565875872e+01 9.821915036466998927e+00 1.137236345565875872e+01 -2.071259018102382399e+01
-1.159772135195022180e+01 1.114372711544503147e+01 -2.726257841397791815e+00 1.114372711544503147e+01 -4.844364411293763339e+01 -3.079632929835065980e+00 -2.726257841397791815e+00 -3.079632929835065980e+00 -1.150328082797529561e+01
-2.764516355397925729e+00 6.308744713193003228e+00 8.876440138207545516e+00 6.308744713193003228e+00 -5.584058976022560472e+01 -4.926687134989464312e+00 8.876440138207545516e+00 -4.926687134989464312e+00 -3.404214286705060033e+01
-6.587466169796157622e+00 1.054366037020826496e+01 8.870911933615095890e+00 1.054366037020826496e+01 2.027314205787007495e+01 7.469026418559647773e-01 8.870911933615095890e+00 7.469026418559647773e-01 -1.379886256784692478e+01
-1.139357059817997619e+00 -5.000942736933562394e-01 -6.016335103760539482e+00 -5.000942736933562394e-01 7.115195942689580555e+00 6.810615834248129552e+00 -6.016335103760539482e+00 6.810615834248129552e+00 -2.634676468821346873e+01
-6.741179851245322041e+00 -9.473267174875131147e+00 3.651924497826365190e+00 -9.473267174875131147e+00 3.932020250419572260e+00 8.813929260641993890e-01 3.651924497826365190e+00 8.813929260641993890e-01 -5.266344684844820989e+00
4.177847398217479480e+01 3.108299311696002931e+00 -5.121956270594673732e+00 3.108299311696002931e+00 4.236743716107127256e+01 1.153289762115770500e+00 -5.121956270594673732e+00 1.153289762115770500e+00 4.146760591178863109e+01
5.768717084756946889e+00 -1.845966140042051862e+01 1.042267910356465421e+01 -1.845966140042051862e+01 -4.849973048062224024e+01 7.173999061172545488e+00 1.042267910356465421e+01 7.173999061172545488e+00 -1.403968955136506880e+00
3.392696527416779873e+01 -6.587791488893389058e+00 5.169132872001492629e+00 -6.587791488893389058e+00 1.462621206650212180e+01 -1.592289382756330696e+00 5.169132872001492629e+00 -1.592289382756330696e+00 2.905468955270346498e+01
1.471788877900855574e+01 2.828406795543555674e+00 -5.192922584181412837e+00 2.828406795543555674e+00 -2.964498662511181948e+01 -9.347269482639548599e+00 -5.192922584181412837e+00 -9.347269482639548599e+00 1.252276109707250562e+01
-1.242758781660896616e+01 -4.402130848029736754e+00 -1.670084864254998536e+01 -4.402130848029736754e+00 -6.248704825324954015e+01 -1.033125817464327056e+01 -1.670084864254998536e+01 -1.033125817464327056e+01 -5.292612319529712117e+00
2.715568129455430579e+01 -9.083341729517496077e+00 1.033758655108963254e+00 -9.083341729517496077e+00 2.715949120766182645e+01 6.044785370654833123e+00 1.033758655108963254e+00 6.044785370654833123e+00 2.585009303939962066e+01
6.526173281398251369e+00 -7.445868217041470061e+00 -6.675037532759865222e+00 -7.445868217041470061e+00 8.910825031192944223e+00 2.242934219560229092e+00 -6.675037532759865222e+00 2.242934219560229092e+00 1.024410199586520953e+01
3.897469741974007462e+01 1.172662255559568578e+01 1.313115212770443740e+01 1.172662255559568578e+01 -8.447720670247207408e+00 2.362168289569834556e+01 1.313115212770443740e+01 2.362168289569834556e+01 2.872342374270904664e+00
-3.323453593101305614e+01 -3.850656154833320133e-01 -3.594014980162668849e+00 -3.850656154833320133e-01 -2.082744562681883593e+01 -4.243945427153165362e+00 -3.594014980162668849e+00 -4.243945427153165362e+00 -1.005090876705575376e+01
-5.502519416106954253e+01 9.115182032336621276e+00 4.145236597908840537e+01 9.115182032336621276e+00 -6.844728173891174094e+01 -5.269093363134315311e+00 4.145236597908840537e+01 -5.269093363134315311e+00 6.519784153987759900e+00
2.916118559159523471e+01 -1.107450484860018669e+01 -9.133696773077838671e+00 -1.107450484860018669e+01 3.595884004605346718e+01 -8.151135074337446440e+00 -9.133696773077838671e+00 -8.151135074337446440e+00 4.381843708530077208e+01
4.371344312218000461e+00 -2.724601815230374058e+01 2.075284972280584395e+00 -2.724601815230374058e+01 -5.763148730403266029e+01 -9.469662165287310529e+00 2.075284972280584395e+00 -9.469662165287310529e+00 7.403806306287216366e+00
1.089145016805632871e+01 -3.185264406855539576e+00 -2.365766129224442516e+00 -3.185264406855539576e+00 2.862504154113951316e+00 1.927854268884469369e-01 -2.365766129224442516e+00 1.927854268884469369e-01 -8.004210465059559354e+00
-1.841703753545816369e+01 -1.637535646329213168e-01 -1.515018641606906913e+00 -1.637535646329213168e-01 -6.010644257783820166e+01 -7.113906492969092277e+00 -1.515018641606906913e+00 -7.113906492969092277e+00 3.085243138445724689e-02
1.800636786065965111e+01 4.890292395531758984e+00 9.594568229586819541e+00 4.890292395531758984e+00 -3.410361218856989041e+01 -3.939969139401364284e+00 9.594568229586819541e+00 -3.939969139401364284e+00 -1.488713311083841306e+00
3.218325192593431439e+01 -7.905988917688417494e+00 5.480722208783814220e-02 -7.905988917688417494e+00 1.564739457533812228e+01 3.333942172210300647e+00 5.480722208783814220e-02 3.333942172210300647e+00 3.013223640038725293e+01
-3.825554341019861937e+01 1.731898250292323738e+01 4.912035950473846668e+00 1.731898250292323738e+01 -2.368572577570701654e+01 1.282577765306711193e+01 4.912035950473846668e+00 1.282577765306711193e+01 -6.044466465422507895e+01
3.173075211400962203e+01 -7.211661673295242991e+00 2.126767670808865418e+00 -7.211661673295242991e+00 3.467379728973941155e+01 -3.025733112931738855e+00 2.126767670808865418e+00 -3.025733112931738855e+00 2.517094623927027186e+01
-2.768053031396735975e+01 -7.747554455081815838e+00 9.536099456554811837e-01 -7.747554455081815838e+00 -7.879952744643702545e+01 7.789490395382534516e+00 9.536099456554811837e-01 7.789490395382534516e+00 -1.635443978903262874e+01
-8.329314102864602276e+00 7.956301786864354852e+00 4.752610528012518598e-01 7.956301786864354852e+00 2.024666573734956732e-01 6.254835325440172511e+00 4.752610528012518598e-01 6.254835325440172511e+00 -1.457659107353880046e+01
-2.181564414107720395e+01 2.304528382800910880e+00 -6.092108794741193240e-02 2.304528382800910880e+00 -4.149304705749180755e+01 4.596898585756209243e+00 -6.092108794741193240e-02 4.596898585756209243e+00 -1.890343097990117727e+01
1.038347939564794942e+01 -1.110652110624477995e+00 -1.079488122877644063e+00 -1.110652110624477995e+00 1.090364965659872531e+01 -1.501477210155422792e+00 -1.079488122877644063e+00 -1.501477210155422792e+00 1.697351374828910053e+01
1.712088455370755824e+01 -1.422889189820985445e+00 -6.335285349121519971e+00 -1.422889189820985445e+00 1.182706612319828388e+01 1.423560908946795323e+00 -6.335285349121519971e+00 1.423560908946795323e+00 1.189495677524390871e+01
-1.384272350089038639e+01 1.064150304583111684e+01 -6.101316267674025795e+00 1.064150304583111684e+01 -1.419665867133274162e+01 9.556097012360815768e+00 -6.101316267674025795e+00 9.556097012360815768e+00 -2.024439419692420117e+01
-7.695890519848239464e+00 7.222238241170618522e+00 4.725091683514780705e+00 7.222238241170618522e+00 -1.211820146823175648e+01 1.323382954611611151e+00 4.725091683514780705e+00 1.323382954611611151e+00 -2.012208777032072149e+01
-9.686819671643734253e+00 6.313122823867630684e-01 -8.294962105098512284e-01 6.313122823867630684e-01 -3.574465721563981013e+00 7.415130861464079182e+00 -8.294962105098512284e-01 7.415130861464079182e+00 -3.053580604200878312e+01
-3.655070581884216629e+00 -1.480729556219933052e+01 1.272447196029882832e+01 -1.480729556219933052e+01 -6.326166964086777966e+01 4.698743820047098119e+00 1.272447196029882832e+01 4.698743820047098119e+00 1.099576837238767801e+01
9.068394314167304016e-01 1.190572337649579149e+00 1.081323558492291248e+01 1.190572337649579149e+00 4.969769080840682030e+00 -1.422927300245332427e+00 1.081323558492291248e+01 -1.422927300245332427e+00 -7.867968578977251326e+00
8.422047602987806636e-01 -3.631620382328766272e-01 -1.092581635038524368e+01 -3.631620382328766272e-01 2.253967602707218632e+01 8.263894911592181813e+00 -1.092581635038524368e+01 8.263894911592181813e+00 -2.298634364708939515e+01
1.607612633222734644e+01 -9.305586063505080219e-01 1.985237548932425966e+01 -9.305586063505080219e-01 -2.327253938783379184e+01 1.617711735800102701e+01 1.985237548932425966e+01 1.617711735800102701e+01 -3.113173016055012177e+00
2.065061104724278707e+01 4.788908587975191367e+00 -3.746083302579932717e+00 4.788908587975191367e+00 1.632934189011982085e+01 -9.926450717509240462e+00 -3.746083302579932717e+00 -9.926450717509240462e+00 -1.515335163073100733e-01
-5.918861192619268685e+00 -1.228456641349293577e+01 6.683977249194129833e+00 -1.228456641349293577e+01 -5.209839007414749545e+01 7.495414989862018373e+00 6.683977249194129833e+00 7.495414989862018373e+00 9.091953775578502650e-02
1.873362057472956010e+01 1.213928536935718894e+00 4.743335415979332836e+00 1.213928536935718894e+00 -5.649264890040212350e+01 3.390357229004028472e+00 4.743335415979332836e+00 3.390357229004028472e+00 1.785211994201459262e+01
3.283492586640669231e+00 1.806930675021044097e+00 1.040031057468330999e+01 1.806930675021044097e+00 -3.080928370510516157e+00 -6.742668933808300125e+00 1.040031057468330999e+01 -6.742668933808300125e+00 2.566751066307399753e+01
4.459158394625929134e+01 -1.562268384091207052e+00 1.262541237177930320e+01 -1.562268384091207052e+00 -3.064583065093157188e+01 -6.664549125388028905e+00 1.262541237177930320e+01 -6.664549125388028905e+00 4.152837959451625949e+01
1.985292108249924325e+01 5.802593357175947375e+00 6.816609373082184398e+00 5.802593357175947375e+00 -2.083374272270686944e+01 6.364523624573005023e+00 6.816609373082184398e+00 6.364523624573005023e+00 4.016523789232999064e+01
6.381955120738846965e-01 4.550857919328022305e+00 -1.016329890973662842e+01 4.550857919328022305e+00 -4.151726271241732746e+01 6.257940990060625097e+00 -1.016329890973662842e+01 6.257940990060625097e+00 -4.047347281289438570e+01
-4.869680042477829707e-01 -7.527663748126075305e+00 9.257737137151451634e+00 -7.527663748126075305e+00 9.512702718023659187e+00 2.851001998893521794e+00 9.257737137151451634e+00 2.851001998893521794e+00 -2.765962363826698223e+01
-3.308912235330647178e+01 1.209072501531295352e+01 -1.534233544265027049e+01 1.209072501531295352e+01 -6.845513450885206908e+01 -4.763235304300911466e+00 -1.534233544265027049e+01 -4.763235304300911466e+00 -2.669956399366261124e+01
-6.401088889209169075e+00 5.566529001618885530e+00 3.373285859930785779e+00 5.566529001618885530e+00 5.511951035312462999e+00 8.935647561581349096e-01 3.373285859930785779e+00 8.935647561581349096e-01 -7.715298171513918390e+00
-3.286129041366378623e+00 -1.109392864701957926e+01 -3.492095011177303920e+00 -1.109392864701957926e+01 -4.383326697284549489e+00 -5.575033097559036754e+00 -3.492095011177303920e+00 -5.575033097559036754e+00 -1.957180494089642053e+01
-1.312693183199899494e+01 -1.411563668976288000e+01 3.307697185456185407e-01 -1.411563668976288000e+01 -2.255443961071028269e+01 7.571481050913492439e+00 3.307697185456185407e-01 7.571481050913492439e+00 -1.297044642932687841e+00
1.924704446052049889e+01 -3.540806789620427164e+00 -7.629425674551744141e-01 -3.540806789620427164e+00 1.384045812245189744e+01 -6.783396028365584307e+00 -7.629425674551744141e-01 -6.783396028365584307e+00 2.799897230238235224e+01
1.913373175861478970e+01 -1.878646447967355471e+01 2.759368362748420456e+00 -1.878646447967355471e+01 1.816434815564935912e+00 -8.632544306517818455e+00 2.759368362748420456e+00 -8.632544306517818455e+00 4.169434460345073745e+01
-1.703673945264609912e+01 -1.438617133061367070e+01 -3.614130209633979796e+00 -1.438617133061367070e+01 -2.869367065425903007e+01 4.106007642153159942e+00 -3.614130209633979796e+00 4.106007642153159942e+00 -1.566406666815399973e+01
-1.655133379034489138e+01 4.460136674503258014e+00 4.128211117692636378e+00 4.460136674503258014e+00 -5.987809294986923447e+01 -1.343966056573495882e+00 4.128211117692636378e+00 -1.343966056573495882e+00 -2.078005641920858793e+01
2.038588712650185286e+01 1.518026651550776052e+01 4.373476396195258076e+00 1.518026651550776052e+01 5.249331217822947870e+00 1.203928014786484191e+01 4.373476396195258076e+00 1.203928014786484191e+01 4.849930983279223895e+00
-3.262478466347390249e+00 -8.891472906771488383e+00 -1.434088211325973283e+01 -8.891472906771488383e+00 -7.286075376298209783e+00 1.992688004834331039e+01 -1.434088211325973283e+01 1.992688004834331039e+01 4.815939284334046988e+01
1.649080475111771449e+01 7.838112649210879468e+00 -1.264442024640246842e+01 7.838112649210879468e+00 -3.688081646369236921e+01 7.525130660244604641e+00 -1.264442024640246842e+01 7.525130660244604641e+00 8.631149234120691460e+00
8.347308255562090551e+00 -1.399636624283481012e+00 4.084266882161370127e+00 -1.399636624283481012e+00 -2.253083109566881603e+01 2.632769168421406292e+00 4.084266882161370127e+00 2.632769168421406292e+00 1.287259501421835317e+01
-4.026575262741468464e+01 -2.440136282893197173e+00 -6.335917528715788727e+00 -2.440136282893197173e+00 -5.260456741330033026e+01 -1.692412523956079884e+00 -6.335917528715788727e+00 -1.692412523956079884e+00 -3.332898185738884678e+01
-1.617965890231482007e+01 -4.428042787274224068e+00 1.020347089650069350e+01 -4.428042787274224068e+00 -6.992493866158653759e+00 6.397988219817340116e+00 1.020347089650069350e+01 6.397988219817340116e+00 -3.711735777085142018e+01
-2.950607529710962407e+00 -1.660913284550144420e+00 4.348678864656815080e+00 -1.660913284550144420e+00 -1.278031329914915526e+00 -2.586739702820379350e+00 4.348678864656815080e+00 -2.586739702820379350e+00 -1.445392788349834667e+01
2.595683274204293767e+01 -2.282899263323409311e+00 3.933683451542007159e-01 -2.282899263323409311e+00 3.033976185733000364e+01 -2.458628610415871663e+00 3.933683451542007159e-01 -2.458628610415871663e+00 2.271603468913209767e+01
-1.193034531137396215e+01 5.304672432535514126e+00 1.186172314472840128e+01 5.304672432535514126e+00 -4.020327690682900368e+01 -1.780151765054736757e+01 1.186172314472840128e+01 -1.780151765054736757e+01 -2.863416393964054052e+01
-1.568391224506720860e+01 3.499124489911498603e+00 6.982653526156568091e+00 3.499124489911498603e+00 -5.354805592969253780e+01 -6.104002292942150021e-01 6.982653526156568091e+00 -6.104002292942150021e-01 -1.001954993136762972e+01
-2.538490528799591672e+01 -3.067413646405683991e+01 9.745184495535111679e+00 -3.067413646405683991e+01 -2.234650540530914853e+01 1.380053363212133277e+01 9.745184495535111679e+00 1.380053363212133277e+01 -9.079725800152978366e+00
2.102130072925612492e+00 -4.642358708332544381e+00 -4.444922891592110403e+00 -4.642358708332544381e+00 1.423123141602566655e+01 -1.483597738427843593e+00 -4.444922891592110403e+00 -1.483597738427843593e+00 -1.156257405566345042e+01
2.940175227489056198e+01 -2.611710062592506709e+00 5.536473658779196283e-01 -2.611710062592506709e+00 4.445928592582876604e+01 -2.201899719266419808e+00 5.536473658779196283e-01 -2.201899719266419808e+00 3.978837102313591600e+01
2.931594187455711165e+01 -6.758080329332451619e+00 2.284596923275366898e+00 -6.758080329332451619e+00 3.678182116927511203e+01 -5.523993496258127855e+00 2.284596923275366898e+00 -5.523993496258127855e+00 2.514531791788444082e+01
6.968490591112536769e+00 -1.814001801856934160e+00 -1.053851543769670052e+00 -1.814001801856934160e+00 8.888786781040595386e+00 2.427754690916553049e+00 -1.053851543769670052e+00 2.427754690916553049e+00 1.082280205839232678e+01
-3.493805790041992321e+00 3.733656363629109354e+00 4.359886970238712856e+00 3.733656363629109354e+00 -2.402210808415477317e+01 5.430092510386584692e+00 4.359886970238712856e+00 5.430092510386584692e+00 -5.340894473311819546e+00
-1.197034953225987053e+01 -9.189287148335210986e+00 -1.603186615984973784e+01 -9.189287148335210986e+00 -3.626388793931768362e+01 1.654572084120925268e+01 -1.603186615984973784e+01 1.654572084120925268e+01 1.238561498820734386e+01
-2.358443646648624892e+01 -1.455460039956603602e+01 -2.568290480580602875e+01 -1.455460039956603602e+01 -5.355205270652408700e+01 -2.205589763591202157e+01 -2.568290480580602875e+01 -2.205589763591202157e+01 -1.491487631467609809e+01
-2.122584866788691471e+01 1.194572614456234660e+01 -5.639676861396524465e+00 1.194572614456234660e+01 -6.094594601989936855e+00 2.211184342596961727e+00 -5.639676861396524465e+00 2.211184342596961727e+00 -3.206187033004187015e+01
3.558569168752627743e+00 -8.689138633885566065e+00 4.299472491311244760e+00 -8.689138633885566065e+00 -7.513231582365503813e-01 7.394003275193965941e+00 4.299472491311244760e+00 7.394003275193965941e+00 -1.916271946157437611e+01
-1.335530109590770032e+01 2.756786666989130996e+00 4.296405923839865970e+00 2.756786666989130996e+00 -1.803677239977968227e+01 1.581623275214104618e+00 4.296405923839865970e+00 1.581623275214104618e+00 -1.710135161706299556e+01
5.486501837068002985e+00 -1.824904906457490483e+00 5.676134767778142631e+00 -1.824904906457490483e+00 -7.628565897225468850e-01 -4.224086013633457704e+00 5.676134767778142631e+00 -4.224086013633457704e+00 1.433291921177553441e+00
8.772495685064946258e+00 -8.138268242066180491e+00 -1.553153022963747187e-01 -8.138268242066180491e+00 3.471058064949024580e+00 -2.288519816569064419e-02 -1.553153022963747187e-01 -2.288519816569064419e-02 4.558796919318829133e+00
-1.560534440064428274e+01 -4.316268869808134845e+00 1.063786532999125534e+01 -4.316268869808134845e+00 -1.641632120670811545e+01 5.865710654254529643e+00 1.063786532999125534e+01 5.865710654254529643e+00 -3.555746032597200923e+01
-2.636365806574715975e+01 3.495764253320938764e+00 1.037120286477805919e+01 3.495764253320938764e+00 -6.649646828577823499e+01 1.359601847291459897e+01 1.037120286477805919e+01 1.359601847291459897e+01 -2.625784875337706126e+01
-1.480468972185250998e+01 9.313151470494018369e+00 -6.085988737561274231e-01 9.313151470494018369e+00 -1.321536122569213489e+01 5.074843601416723970e+00 -6.085988737561274231e-01 5.074843601416723970e+00 -9.047879762366960676e+00
-4.879654151854150301e-01 -1.239744574909981800e+00 3.911448779050019642e+00 -1.239744574909981800e+00 -1.297991689932593573e+01 4.373615418508109087e+00 3.911448779050019642e+00 4.373615418508109087e+00 -7.019917751162780384e+00
2.931101198683718323e+01 -6.422290511845148764e+00 9.812703573392583811e-01 -6.422290511845148764e+00 2.343021669383108474e+01 -9.087864322343124357e-01 9.812703573392583811e-01 -9.087864322343124357e-01 3.147937894604834241e+01
