2.086064331132329919e+00 -3.424387033948551373e+00 5.159774958281290402e+00 -3.424387033948551373e+00 -1.318394586244188460e+01 6.729199610349811955e+00 5.159774958281290402e+00 6.729199610349811955e+00 -5.588365859931266222e+00
-3.084857621289370755e+01 3.666963577415454978e+00 1.572440896073601380e+01 3.666963577415454978e+00 -2.720395550219528857e+01 1.201241054259403462e+01 1.572440896073601380e+01 1.201241054259403462e+01 -6.309979124871892253e+01
2.380661572456363562e+00 -1.684731334444257556e+01 -7.873702448676407784e+00 -1.684731334444257556e+01 -9.241916426911114257e+00 -3.976752584469727569e+00 -7.873702448676407784e+00 -3.976752584469727569e+00 -1.448569460459210312e+01
2.378710094851026824e+01 4.354166871587992205e+00 -5.546140523112129017e+00 4.354166871587992205e+00 2.191243078085183171e+01 5.742495566817136243e+00 -5.546140523112129017e+00 5.742495566817136243e+00 1.340590598144648204e+00
-3.585579489036092582e+01 -2.705711496652552395e+00 -1.801285809129040461e+00 -2.705711496652552395e+00 -1.813822823396614581e+01 -8.901880687969292438e-01 -1.801285809129040461e+00 -8.901880687969292438e-01 -4.518133994585935653e+01
4.916865974876913015e+01 2.299805699803545878e+01 -9.233091949377683960e+00 2.299805699803545878e+01 6.732860282218734937e+01 -1.473347129312617687e+00 -9.233091949377683960e+00 -1.473347129312617687e+00 2.252849962172562215e+01
-3.046773220000507720e+01 8.251101810753594945e-01 -1.652825017620725490e+01 8.251101810753594945e-01 -2.611045702195640672e+01 1.040455025586881987e+01 -1.652825017620725490e+01 1.040455025586881987e+01 -3.723569347072132274e+01
-4.329168681971631827e+01 -3.395430487446439612e-03 -6.854736584237504537e+00 -3.395430487446439612e-03 -5.973589011528574133e+01 2.233577931633953906e+00 -6.854736584237504537e+00 2.233577931633953906e+00 -1.954172553256270461e+01
-4.010517502829542735e+01 1.687867906757813330e+01 2.202884685701214096e+01 1.687867906757813330e+01 -4.478434639286928842e+01 6.941412737967290525e+00 2.202884685701214096e+01 6.941412737967290525e+00 -3.467268602744717754e+01
-3.321376176202377906e+01 -1.231812974228947155e+01 -8.825306155124538421e+00 -1.231812974228947155e+01 -2.048674315879160446e+01 -7.354178649714710581e+00 -8.825306155124538421e+00 -7.354178649714710581e+00 -6.956425641390061310e-02
3.260579625685973326e+01 1.366437978906905926e+01 2.625091479936488170e+00 1.366437978906905926e+01 3.163328818567502054e+01 8.597034980469524967e+00 2.625091479936488170e+00 8.597034980469524967e+00 3.104930949362731241e+01
7.022883449263675359e+00 -2.159025286677822120e+00 3.418045210586994731e+00 -2.159025286677822120e+00 -5.991563620934666545e+00 7.866498195045798170e+00 3.418045210586994731e+00 7.866498195045798170e+00 4.148436946018360771e+00
2.225338792792766540e+01 7.054347640784543572e+00 -1.779026396925794673e+00 7.054347640784543572e+00 1.733759399204972595e+01 7.419236593910730093e+00 -1.779026396925794673e+00 7.419236593910730093e+00 1.953361915712284613e+01
-3.781509315777168201e+00 -2.742430406266220899e+01 6.940734401444453638e+00 -2.742430406266220899e+01 1.769301223216791996e+01 -9.283728484019480476e+00 6.940734401444453638e+00 -9.283728484019480476e+00 -3.683291389802233340e+01
-3.830529131681581489e+00 -6.931693096035905555e+00 -1.085049995035879355e+01 -6.931693096035905555e+00 -3.191629426883196530e+01 -1.078702277709311197e+01 -1.085049995035879355e+01 -1.078702277709311197e+01 2.149578904578932281e+01
3.964702786958049785e+01 -6.194564335778132147e+00 -8.092680495602412094e+00 -6.194564335778132147e+00 3.124627181308264667e+01 -7.616451007105494497e+00 -8.092680495602412094e+00 -7.616451007105494497e+00 4.427503926835245629e+00
-2.354714040172676448e+01 5.241902996834104655e+00 -9.025760052375794373e+00 5.241902996834104655e+00 -2.623510304363699319e+01 1.557113176363142282e+00 -9.025760052375794373e+00 1.557113176363142282e+00 -2.062664180807526293e+01
1.177221893064048963e+01 2.280656069765439753e+01 7.106790421235903210e+00 2.280656069765439753e+01 5.368249656238672785e+00 -2.432089892474590798e+01 7.106790421235903210e+00 -2.432089892474590798e+01 -5.205239178153576951e+00
-4.389571741742165756e+01 6.549187528441059669e+00 -1.554434345812967599e+01 6.549187528441059669e+00 -3.456258585055768862e+01 -1.087389112417779735e+01 -1.554434345812967599e+01 -1.087389112417779735e+01 -6.133529039480258405e+01
1.739760130100800239e+01 -5.380584651338228275e-01 -1.394582489461585872e+01 -5.380584651338228275e-01 3.145967735878259508e-01 -1.084366058547150402e+01 -1.394582489461585872e+01 -1.084366058547150402e+01 -4.229358300553819561e+01
3.867783170718741559e+01 -7.548498521052641408e+00 2.226892887473228999e+00 -7.548498521052641408e+00 2.526236616837724824e+01 -1.209784043926411812e+00 2.226892887473228999e+00 -1.209784043926411812e+00 -4.193345633028519259e+00
-1.021891351136636139e+01 1.303520012487239033e+00 1.931699792922863423e+01 1.303520012487239033e+00 -6.602389521910198233e+00 1.119891574445931504e+01 1.931699792922863423e+01 1.119891574445931504e+01 -2.384501597846317722e+01
-2.132795563276823714e+01 1.111380180693613795e+01 -5.178493663861480911e+00 1.111380180693613795e+01 -1.199352108893254254e+01 5.978029501408035351e+00 -5.178493663861480911e+00 5.978029501408035351e+00 -3.600451638778551899e+00
-9.590191620499165737e+00 -1.068433003431295703e+01 -2.311804691036304593e+00 -1.068433003431295703e+01 -4.585906650691278230e+01 7.427206956508707769e+00 -2.311804691036304593e+00 7.427206956508707769e+00 2.337100511724271001e+01
1.939624195323644074e+01 -1.861960792256901254e+00 -9.658101603362419851e+00 -1.861960792256901254e+00 2.394869365889777768e+01 -8.883356432756979615e+00 -9.658101603362419851e+00 -8.883356432756979615e+00 7.637748344324660543e+00
2.018992075951545218e+01 1.761800613800221882e+01 -5.697489046086143816e+00 1.761800613800221882e+01 1.138520002833950961e+01 -1.401236283925913151e+00 -5.697489046086143816e+00 -1.401236283925913151e+00 5.805026460734715066e+00
-4.029072191388856083e+01 1.913741256855248762e+00 -6.220237225044962237e+00 1.913741256855248762e+00 -6.024989186587508527e+01 2.650843985685325421e+00 -6.220237225044962237e+00 2.650843985685325421e+00 -2.705856829391439788e+01
-3.917659847077658242e+00 -8.245461669983280117e+00 -1.815164730945660665e+01 -8.245461669983280117e+00 -2.450222738421393487e+01 1.280494501761116233e+01 -1.815164730945660665e+01 1.280494501761116233e+01 -2.012591511888846085e+01
5.392417091841726062e+01 2.866836549719977700e+00 1.050261030858260947e+00 2.866836549719977700e+00 5.466086307170667880e+01 3.996106786290607449e+00 1.050261030858260947e+00 3.996106786290607449e+00 1.708062132189541416e+01
-3.988735162083786179e+01 9.051155172077777422e+00 3.187263161377125176e+00 9.051155172077777422e+00 -2.453675460453142776e+01 2.133080075781728979e+00 3.187263161377125176e+00 2.133080075781728979e+00 -6.713165177277630846e+01
-2.015716847034257242e+01 1.340165605315633712e+01 -1.070945218095273077e+01 1.340165605315633712e+01 -3.662128865482563356e+01 6.764142581825112188e+00 -1.070945218095273077e+01 6.764142581825112188e+00 2.059852207560552273e+01
1.855237322077078943e+01 1.695066365656681784e+00 -5.011932160915970158e+00 1.695066365656681784e+00 2.837209967619066830e+01 3.378633527202085651e-01 -5.011932160915970158e+00 3.378633527202085651e-01 8.540966370059399182e+00
6.250239470577569989e+01 1.258347550439016871e+01 -7.586839566899002740e+00 1.258347550439016871e+01 5.877014724216397923e+01 1.357700595578667979e+01 -7.586839566899002740e+00 1.357700595578667979e+01 4.883860050002234487e+01
2.990261252488906152e+01 -1.008673486058403590e+01 1.771225083762492103e+00 -1.008673486058403590e+01 4.161259452130705938e+01 3.604799897017934907e+00 1.771225083762492103e+00 3.604799897017934907e+00 1.845679223598918739e+01
5.030689769784482479e+01 1.656539160214435569e+01 1.421818002442643891e+00 1.656539160214435569e+01 4.685101627854876938e+01 -7.710035984635783990e+00 1.421818002442643891e+00 -7.710035984635783990e+00 1.398332231750675447e+01
7.615489454279435577e+00 -1.241630625943363953e+01 -2.959173930854897883e+00 -1.241630625943363953e+01 -3.725807394908811521e+00 1.881192344311293230e+00 -2.959173930854897883e+00 1.881192344311293230e+00 -3.380525841611979132e+01
2.928642320946505606e+01 3.211964470934938642e+00 1.884531723160181116e+01 3.211964470934938642e+00 5.066525972145029044e+01 -1.673678428070816793e+01 1.884531723160181116e+01 -1.673678428070816793e+01 1.065822830768536456e+01
2.904351453742520306e+01 -2.642135032927653171e+00 -2.620527457758452883e+01 -2.642135032927653171e+00 -3.810947712826205369e-01 9.369142812918090257e+00 -2.620527457758452883e+01 9.369142812918090257e+00 -2.908381942497478079e+01
6.266000692732590083e-02 4.853825107775395331e+00 1.640809024755106904e+01 4.853825107775395331e+00 1.067758198848552631e+01 -6.630973714727966595e+00 1.640809024755106904e+01 -6.630973714727966595e+00 -2.172015869814925182e+01
8.899149076407780967e+00 1.914141297160248278e+00 1.316677422161697208e+01 1.914141297160248278e+00 -1.273683662402554262e+01 8.997886504706109179e+00 1.316677422161697208e+01 8.997886504706109179e+00 1.270138213729329912e+01
3.228506274541226873e+01 -1.344202460112122566e+01 -7.073395163741064806e+00 -1.344202460112122566e+01 2.054866543955721170e+01 6.186973935455869267e+00 -7.073395163741064806e+00 6.186973935455869267e+00 -5.721023563669755063e+00
6.329613609201117264e+00 3.938029306685972397e+00 1.509297601982821213e+01 3.938029306685972397e+00 8.138176171702562911e+00 -8.379371029765252388e+00 1.509297601982821213e+01 -8.379371029765252388e+00 2.045462646526467054e+01
8.151722708418832042e+01 6.774772138987402492e+00 -9.698153375545210508e+00 6.774772138987402492e+00 7.392498080955427042e+01 -6.704905405803898155e+00 -9.698153375545210508e+00 -6.704905405803898155e+00 -6.190840646680253023e+00
3.904494132271278772e+01 -1.290065865044958393e+01 1.443248872687303219e+01 -1.290065865044958393e+01 4.001240068487730639e+01 -7.317682090225460456e+00 1.443248872687303219e+01 -7.317682090225460456e+00 1.691166645632424093e+01
-2.753272166823103362e+01 -1.943813629415992450e+00 -3.212200905645826721e-01 -1.943813629415992450e+00 -2.546904582911491133e+01 1.428156145391072762e+01 -3.212200905645826721e-01 1.428156145391072762e+01 -2.062494888182721553e+01
-3.229491825787060844e+00 9.017448706930528246e+00 1.611605781046362296e+01 9.017448706930528246e+00 -9.878118271501952208e+00 5.299942757554553907e+00 1.611605781046362296e+01 5.299942757554553907e+00 -4.499598712809226697e+01
4.232676293551220681e+01 5.412029112674042075e+00 -3.581314351249023531e+00 5.412029112674042075e+00 3.004209711443321140e+01 5.862492679994046885e-01 -3.581314351249023531e+00 5.862492679994046885e-01 5.569210576394761247e+00
1.166954398849973984e+01 7.123187912483659456e-01 5.199640002642864189e+00 7.123187912483659456e-01 -2.860726385708419972e+00 6.372957936996820116e+00 5.199640002642864189e+00 6.372957936996820116e+00 -3.188622768458833079e+01
2.343626479975845500e-01 -3.547499835633302734e+00 -1.502861510956938762e+00 -3.547499835633302734e+00 6.504823113558610537e+00 1.354126058907724683e+01 -1.502861510956938762e+00 1.354126058907724683e+01 -3.893836618587415899e+01
5.090197095494388257e+00 2.125268186021460171e+00 1.427826753778674407e+00 2.125268186021460171e+00 1.099149133706255554e+01 1.527282369625355862e+01 1.427826753778674407e+00 1.527282369625355862e+01 2.498829214392439013e+01
5.050795020399924340e+00 1.663047503285616102e+01 -1.493161523728181272e+01 1.663047503285616102e+01 3.854067407489004182e+01 2.860839386209393265e+00 -1.493161523728181272e+01 2.860839386209393265e+00 -1.917138211345196908e+01
-1.585267192691961924e+00 -2.033322288244243836e+01 -1.685101594241337963e+01 -2.033322288244243836e+01 -2.272193295259046053e+01 1.015509688421453482e+01 -1.685101594241337963e+01 1.015509688421453482e+01 -2.633126772897184154e+01
1.701899668485420491e+01 3.360889214848972184e+00 6.919541555681241185e+00 3.360889214848972184e+00 2.658323950524990309e+01 -6.076105944080731014e+00 6.919541555681241185e+00 -6.076105944080731014e+00 4.204480724572951544e+01
4.281868602678926550e+01 -3.291577931742049046e-01 -1.562318159302382803e+01 -3.291577931742049046e-01 4.292970822700052480e+01 -2.486618371541310935e-01 -1.562318159302382803e+01 -2.486618371541310935e-01 3.273112001201445054e+01
-1.943558997294288559e+01 1.437093025495849163e+00 -2.660122766182075882e+00 1.437093025495849163e+00 -8.080318712879118737e-01 2.642369731132670374e+00 -2.660122766182075882e+00 2.642369731132670374e+00 1.491312834481755267e+01
-1.182962597004237670e+00 -2.757657715379502772e+00 -8.147311433488808596e-01 -2.757657715379502772e+00 4.173701746178454464e+00 2.622397845363017233e+00 -8.147311433488808596e-01 2.622397845363017233e+00 -3.595807538827172078e-01
4.735897464704031279e+01 -3.665623586416011825e+00 -3.928474263506882114e+00 -3.665623586416011825e+00 2.829320035365353903e+01 -6.140133865292967563e+00 -3.928474263506882114e+00 -6.140133865292967563e+00 -4.147930931580710912e+00
-2.859673079522963945e+01 2.635995758266521438e+00 5.254527371590982376e+00 2.635995758266521438e+00 -1.317264989035523470e+01 8.478691371912919550e+00 5.254527371590982376e+00 8.478691371912919550e+00 2.820270845464314746e+01
-1.949507782564027636e+01 -2.387901092456372609e+01 -1.488784655763376286e+01 -2.387901092456372609e+01 3.834747802673396322e+00 -7.024277349045781271e+00 -1.488784655763376286e+01 -7.024277349045781271e+00 -6.422819284514986293e+00
-3.408304761101557290e+01 -1.425266708949815886e+00 -1.801544805138784966e+01 -1.425266708949815886e+00 1.065482309181319254e+00 -7.229681136907184502e+00 -1.801544805138784966e+01 -7.229681136907184502e+00 -5.372764844570726339e+00
-1.311983790440103803e+01 -1.388517926869412200e+01 2.103239462746908117e+01 -1.388517926869412200e+01 -2.271556487887540854e+01 -1.694334542858081383e+00 2.103239462746908117e+01 -1.694334542858081383e+00 -6.347819580649229465e+01
6.773138811017680005e+00 -7.853001318697634403e+00 -1.888671005035853057e+01 -7.853001318697634403e+00 -1.665960550978631360e+01 -7.044847999509314951e-01 -1.888671005035853057e+01 -7.044847999509314951e-01 5.370645092370016016e+01
-2.390819274669231120e+01 -3.660058912427970768e+00 1.725962562027567060e+01 -3.660058912427970768e+00 -7.184115880764661011e-01 -1.012868500512384173e+01 1.725962562027567060e+01 -1.012868500512384173e+01 -5.879538155445060710e+01
-3.067747828263382104e+01 -7.619988227942606329e+00 1.854204283217798288e+00 -7.619988227942606329e+00 -2.324247187097293121e+01 -9.315369966806659185e-01 1.854204283217798288e+00 -9.315369966806659185e-01 -7.431942875257975345e+01
-1.025429406579270619e+01 4.787836595771433501e+00 2.394545542388401671e+00 4.787836595771433501e+00 -2.036876307543513320e+01 2.593793003034435607e+00 2.394545542388401671e+00 2.593793003034435607e+00 -2.015767727601428305e+01
1.555302209205116526e+01 5.471805968665635511e+00 1.016060046920229354e+01 5.471805968665635511e+00 -1.453870564379256081e+01 2.189562243552750331e+01 1.016060046920229354e+01 2.189562243552750331e+01 -6.775053009798948267e+01
-3.625348682369613584e+01 -2.377471981926903861e-03 1.406661198828297765e+00 -2.377471981926903861e-03 -9.717362468854359392e+00 -2.032775008841704256e+00 1.406661198828297765e+00 -2.032775008841704256e+00 7.561637152824601138e+00
-2.050421745457140332e+01 -7.822881744180114616e-01 -1.938318239695280809e+01 -7.822881744180114616e-01 -3.882376837931312963e+01 3.869096598783091423e+00 -1.938318239695280809e+01 3.869096598783091423e+00 1.379510402914468514e+01
1.672501444098964285e+00 4.006503522166653397e+00 3.383574027076640345e+00 4.006503522166653397e+00 4.302187575909340644e+00 3.561205746175659659e+00 3.383574027076640345e+00 3.561205746175659659e+00 1.231466241135470696e+01
-1.353641962696738510e+01 4.114107075443281802e-01 4.079553480390790909e+00 4.114107075443281802e-01 1.345723198282189115e+00 -2.033674129456286561e+00 4.079553480390790909e+00 -2.033674129456286561e+00 -2.331715606265492724e+01
-1.339449643585941097e+01 5.245573007239188179e+00 -1.794464189348545347e+01 5.245573007239188179e+00 -2.199717369232075115e-01 2.540658241535725637e+01 -1.794464189348545347e+01 2.540658241535725637e+01 -3.942157327339209871e+01
5.790909538997784978e+01 8.568691775751275941e+00 -1.177574979175150638e+01 8.568691775751275941e+00 2.743542330049731959e+01 -2.084347974644810364e+01 -1.177574979175150638e+01 -2.084347974644810364e+01 1.535922819889261781e+01
-6.756318792340839252e+01 -1.355761385495100280e+00 4.122949751281034025e+00 -1.355761385495100280e+00 -6.679898921349374064e+01 -1.522201131352936265e+01 4.122949751281034025e+00 -1.522201131352936265e+01 -7.512128257151157129e+01
2.360111292568600305e+01 -4.449732922774690458e+00 8.559004824795401589e+00 -4.449732922774690458e+00 1.509114514534809004e+01 -7.232044216412238491e+00 8.559004824795401589e+00 -7.232044216412238491e+00 1.180947645418423519e+01
-2.015643063138777080e+01 3.331640823978462507e+00 1.760384024913667389e+01 3.331640823978462507e+00 -3.619204052546085570e+00 -6.267801989678819519e-01 1.760384024913667389e+01 -6.267801989678819519e-01 -4.128391222899389135e+01
5.812241662569946676e+00 1.127995135816962069e+01 6.610071572189123223e+00 1.127995135816962069e+01 2.772538718917599176e+00 1.463172909746909767e+01 6.610071572189123223e+00 1.463172909746909767e+01 -3.088340105542568637e+01
2.709603375324329377e+01 -1.396071290955249999e+01 2.372440540408596732e+01 -1.396071290955249999e+01 5.216985517503734116e+01 -1.722513764499151634e+01 2.372440540408596732e+01 -1.722513764499151634e+01 -1.346038689675343036e+01
1.702365023530043331e+01 -2.195750207991854719e+00 1.769224091386793773e+01 -2.195750207991854719e+00 1.266787423278582914e+01 2.231634664606615193e+00 1.769224091386793773e+01 2.231634664606615193e+00 4.587045306382776522e-01
-5.395084654567233962e+00 4.653996268463147956e+00 -1.779647176404297682e+01 4.653996268463147956e+00 -2.067223083996318778e+01 -1.415358881973268268e+01 -1.779647176404297682e+01 -1.415358881973268268e+01 1.988982008289141845e+00
-2.951078478410590122e+01 1.279037527494760695e+01 -2.218535258120257758e-02 1.279037527494760695e+01 -1.844589872078146442e+01 3.977046401207465220e-01 -2.218535258120257758e-02 3.977046401207465220e-01 -2.156253100258800615e+01
-1.641698342317447512e+01 9.328530639612157671e+00 2.064066978683607800e+01 9.328530639612157671e+00 3.836277270482971957e+00 4.638748085032308732e-01 2.064066978683607800e+01 4.638748085032308732e-01 1.174706432683469615e+01
7.759515097191464150e+00 3.662651329653142085e+01 -4.901914980822961176e+00 3.662651329653142085e+01 -2.768544239347992786e+01 2.321763700068417791e+01 -4.901914980822961176e+00 2.321763700068417791e+01 -1.911771647486700942e+01
-3.044823806777149144e+01 -5.157135636356990460e+00 -2.151395075642953358e+01 -5.157135636356990460e+00 -4.409893535817833765e+01 2.243814381268182667e-01 -2.151395075642953358e+01 2.243814381268182667e-01 1.214387483286670921e+01
-1.162125017672477512e+01 -2.663109858749897807e+00 -6.957636395942932594e+00 -2.663109858749897807e+00 -7.223446139762478069e+00 -2.910449373735010670e-01 -6.957636395942932594e+00 -2.910449373735010670e-01 3.175662675569156335e+01
-4.532327609701916771e+01 -1.361653124485528554e+00 -1.484413173821530485e+01 -1.361653124485528554e+00 -1.477628287748644098e+01 3.359037328255596755e+00 -1.484413173821530485e+01 3.359037328255596755e+00 -7.124560174905809617e+01
-1.841738606945335377e+01 1.848165331107033627e+00 2.828771299999041089e-01 1.848165331107033627e+00 -2.630936015267073813e+01 1.191896346382854688e+00 2.828771299999041089e-01 1.191896346382854688e+00 -1.714037341685757454e+01
1.844869421617904592e+01 9.431488756169601473e+00 1.010025831389866546e+01 9.431488756169601473e+00 1.397538839432215774e+01 1.932997669061937884e+01 1.010025831389866546e+01 1.932997669061937884e+01 9.069555608217322318e-01
-1.609304715745640380e+01 -1.369889379387655914e+01 -1.777170430357314856e+01 -1.369889379387655914e+01 -1.416616756285948142e+01 -7.114562914375451186e+00 -1.777170430357314856e+01 -7.114562914375451186e+00 -5.410612382173921020e+01
1.950098116434722684e+01 -6.696805047113109310e+00 6.153470677202207417e-01 -6.696805047113109310e+00 1.393047985869703709e+01 -1.167522776445480481e+01 6.153470677202207417e-01 -1.167522776445480481e+01 3.855002763929215703e+00
3.996696988772038139e+01 1.378208766420796572e+01 7.656288425888186921e+00 1.378208766420796572e+01 1.236447884043504963e+01 5.679655810914566949e+00 7.656288425888186921e+00 5.679655810914566949e+00 1.490419605783997181e-01
-2.505086396911880442e+01 -6.701518635708227478e+00 -9.832929588542606014e-01 -6.701518635708227478e+00 -1.384346334138215084e+01 -3.791831285864541989e+00 -9.832929588542606014e-01 -3.791831285864541989e+00 -8.799610784352655202e+00
3.783827077786467186e+01 5.972337142739736038e+00 1.510671776962407797e+01 5.972337142739736038e+00 7.906652437778475928e+00 -8.965578469838332509e+00 1.510671776962407797e+01 -8.965578469838332509e+00 -2.860500642512719693e+01
-2.433628365860086618e+01 5.014594838332826487e-01 1.255100998581927918e+01 5.014594838332826487e-01 -8.399599168592493115e+00 2.295856071521464514e+01 1.255100998581927918e+01 2.295856071521464514e+01 -5.163073713535246156e+01
-2.372488191022242887e+01 2.194617820400776154e+01 -2.111766517197313231e+00 2.194617820400776154e+01 -2.211411352438773292e+01 -1.928793875736564800e+01 -2.111766517197313231e+00 -1.928793875736564800e+01 -4.719696128046903283e+01
4.643739837374961610e+01 2.269682848841674261e+00 2.451593876448189935e+00 2.269682848841674261e+00 1.544306546111059220e+01 -1.232916176618972770e+01 2.451593876448189935e+00 -1.232916176618972770e+01 1.063790734393969828e+01
-4.390449579145538211e-02 -1.581569292826658035e+01 -1.385522059463313127e+01 -1.581569292826658035e+01 -4.257187280552659381e+00 -8.108091262715696246e+00 -1.385522059463313127e+01 -8.108091262715696246e+00 1.070409246634559786e+01
-1.190246948696085916e+01 5.262274506771762006e+00 -1.167161252290367912e+01 5.262274506771762006e+00 -2.789086555968973968e+01 7.645669992212287269e+00 -1.167161252290367912e+01 7.645669992212287269e+00 2.628310418606407239e+01
-1.814468933621176916e+01 1.526265384925171453e+01 2.079888514430855651e+00 1.526265384925171453e+01 -2.391184051002274202e+01 -1.184254914477645038e+01 2.079888514430855651e+00 -1.184254914477645038e+01 -1.484602206116306533e+01
-1.457293851933458306e+01 -1.242349385628959801e+00 -1.050691964797166911e+01 -1.242349385628959801e+00 -8.499362328395550392e+00 -2.224381474246618584e+00 -1.050691964797166911e+01 -2.224381474246618584e+00 -3.224970784414061598e+01
3.039504672234041394e+01 3.070926416017507155e+00 -5.803154267241439790e+00 3.070926416017507155e+00 -1.191785168730818789e+01 -4.173586432326375828e+00 -5.803154267241439790e+00 -4.173586432326375828e+00 -3.345215968273108587e+01
