-1.754547798001640757e+01 2.871417755142816830e+00 2.126431141364361732e+00 2.871417755142816830e+00 -2.375694470964810279e+01 -1.092624629668130609e+01 2.126431141364361732e+00 -1.092624629668130609e+01 -8.877448190882539336e+00
-1.286220952933056338e+01 -5.346122119028616559e+00 4.127427758745719544e+00 -5.346122119028616559e+00 -4.064676004710845092e+01 -2.204217803794041419e+00 4.127427758745719544e+00 -2.204217803794041419e+00 -1.453628816583399086e+01
1.681714747634664775e+01 5.666145498813048853e+00 1.312059298303065624e+01 5.666145498813048853e+00 -2.727543268832601786e-01 4.177191654813978694e+00 1.312059298303065624e+01 4.177191654813978694e+00 1.932494561326555527e+01
1.111652503401097292e+01 -8.975799968071187962e+00 5.613332393231202033e+00 -8.975799968071187962e+00 -3.928381797801653086e+00 4.642932807608182166e+00 5.613332393231202033e+00 4.642932807608182166e+00 9.903623269209982372e-01
-1.660663824656721488e+01 4.912834652556148818e+00 3.010458591470190459e+00 4.912834652556148818e+00 -2.449391261377385831e+01 2.678508449323844687e+00 3.010458591470190459e+00 2.678508449323844687e+00 -1.472124581552600020e+01
-1.520221206545624071e+01 -1.939339716995863494e+00 5.506060980425257156e+00 -1.939339716995863494e+00 -2.913914445030951583e+01 3.620259458377307116e+00 5.506060980425257156e+00 3.620259458377307116e+00 2.673610147707061291e+00
-6.291818962222175848e+00 1.661822900720411056e-01 1.077063750044560209e+01 1.661822900720411056e-01 -3.489874868963299548e+01 6.207533193067328092e+00 1.077063750044560209e+01 6.207533193067328092e+00 -8.207369950638321754e+00
-3.900968360448335837e+00 1.085963104719973593e+01 1.385742303097131511e+01 1.085963104719973593e+01 -2.962580019039728896e+01 6.716270019271531666e+00 1.385742303097131511e+01 6.716270019271531666e+00 1.953695454729657399e+01
1.064124732020759545e+01 6.859569443537667510e+00 2.875509674845404096e+00 6.859569443537667510e+00 5.615513365613722385e+00 -4.112107029640003297e+00 2.875509674845404096e+00 -4.112107029640003297e+00 7.996228328406317587e+00
1.551586770182206187e+01 -9.297825780082852987e+00 9.656675323732628158e+00 -9.297825780082852987e+00 2.282197102015195611e+01 3.293295240119456402e+00 9.656675323732628158e+00 3.293295240119456402e+00 1.086330280005194382e+01
-4.743386928525652912e+00 -9.861182426172772075e-01 6.592195735969942127e+00 -9.861182426172772075e-01 -2.568861673649666955e+01 3.783541076753423882e-01 6.592195735969942127e+00 3.783541076753423882e-01 -2.943688556256500277e+00
3.402319376256903638e+01 7.610497696061847783e+00 2.298781104299392197e+01 7.610497696061847783e+00 4.546382205588607661e+01 1.937390043747623025e+00 2.298781104299392197e+01 1.937390043747623025e+00 3.566048857362566338e+01
2.089378940929684703e+01 3.217513343558682237e+00 1.256279439097439266e+01 3.217513343558682237e+00 -7.498741832084935055e+00 -7.570196579133416037e+00 1.256279439097439266e+01 -7.570196579133416037e+00 -2.655931167655029568e-01
2.936132824102659100e+01 7.861543140897264692e+00 8.936167753104122369e+00 7.861543140897264692e+00 9.709960287240500421e+00 3.298825439038567175e+00 8.936167753104122369e+00 3.298825439038567175e+00 3.270674024608298680e+01
2.808514707144685651e+00 6.511413076874237760e+00 1.737303289316788124e+00 6.511413076874237760e+00 -8.256935509614493185e+00 -4.148808682634845368e+00 1.737303289316788124e+00 -4.148808682634845368e+00 4.082053554865098022e+00
8.844988578852451155e+00 -6.508154574731664255e+00 6.454072211397822834e+00 -6.508154574731664255e+00 1.411857214270110994e+01 -2.001499695200440687e+00 6.454072211397822834e+00 -2.001499695200440687e+00 2.802419628434785537e+01
-4.130622970316569109e+01 3.556320883054731929e+00 -2.460376354628690976e+00 3.556320883054731929e+00 -5.875152098021527536e+01 5.740354998685815779e+00 -2.460376354628690976e+00 5.740354998685815779e+00 -4.542134780050042764e+01
-1.213912639830775042e+01 9.351133143167675854e+00 1.000718233054565331e+01 9.351133143167675854e+00 -2.644738610315097915e+01 1.221729402331411585e+00 1.000718233054565331e+01 1.221729402331411585e+00 -1.858491243943499782e+01
1.750690508476453289e+01 4.246867497857721219e+00 1.291366379884728488e+01 4.246867497857721219e+00 8.186516990803729854e+00 4.966400364693889458e+00 1.291366379884728488e+01 4.966400364693889458e+00 2.856584623168433623e+01
1.490989545720971599e+01 1.167858020685918152e+00 1.083769519544488347e+01 1.167858020685918152e+00 9.230449683091936919e+00 -1.079608857334055871e+00 1.083769519544488347e+01 -1.079608857334055871e+00 1.424513994461823074e+01
1.189877357564535032e+01 8.933060534955094667e+00 2.169782246251332580e+01 8.933060534955094667e+00 1.259337905189234386e+00 -3.079540998198236235e+00 2.169782246251332580e+01 -3.079540998198236235e+00 2.799289163603387820e+01
7.988089543051764885e+00 5.517526730019733705e+00 2.091227368040915024e+00 5.517526730019733705e+00 -3.040614232957132401e+01 1.189708523015400754e+00 2.091227368040915024e+00 1.189708523015400754e+00 -1.316154879566655822e+01
4.678760913899807150e+01 4.072597015421454358e+00 5.063083905365409088e+00 4.072597015421454358e+00 4.522071322961439677e+01 -4.247133359148201670e+00 5.063083905365409088e+00 -4.247133359148201670e+00 4.107852121927297162e+01
3.672020419215548515e+01 3.512480393058192263e+00 -6.750183316581988890e+00 3.512480393058192263e+00 5.093821911998188057e+01 7.855155114069642508e+00 -6.750183316581988890e+00 7.855155114069642508e+00 2.314314646268683973e+01
1.355734357276370039e+00 2.344825611267566057e+00 1.317278295820708856e+01 2.344825611267566057e+00 -2.481288083814014556e+01 2.224823637424719447e+00 1.317278295820708856e+01 2.224823637424719447e+00 -6.118603340816636482e+00
-2.415773788341887851e+01 -1.408627097030179165e+01 7.319617988197393288e+00 -1.408627097030179165e+01 -1.817533343391715306e+01 1.538346922800343908e+00 7.319617988197393288e+00 1.538346922800343908e+00 -2.175276552227524718e+01
7.636386471401122478e+00 1.206128796598737951e+00 1.631962965094994900e+01 1.206128796598737951e+00 -1.872234536297241903e+01 1.990645050569703400e+01 1.631962965094994900e+01 1.990645050569703400e+01 -3.167620044471344709e+00
-3.354679585896515270e+00 -1.314486109654317669e+00 1.183235364134393208e+01 -1.314486109654317669e+00 -2.504790862042873201e+01 -6.409492655318953069e+00 1.183235364134393208e+01 -6.409492655318953069e+00 4.652031695015950596e+00
4.433721663524153911e+01 -5.405312931740568594e+00 2.628673888779972501e+01 -5.405312931740568594e+00 2.010193910398747619e+01 5.746283188804878428e+00 2.628673888779972501e+01 5.746283188804878428e+00 4.298700023134162507e+01
-2.967174736344659181e+01 1.339366200868136225e+01 1.966960711588136235e+01 1.339366200868136225e+01 -7.201527299088900236e+01 -1.155753567954787231e+00 1.966960711588136235e+01 -1.155753567954787231e+00 -3.061550404550711235e+01
5.521926034380340020e-01 -6.095244101959591099e+00 9.301662781542979985e+00 -6.095244101959591099e+00 -2.033628224004934815e+00 -7.557197350040703476e+00 9.301662781542979985e+00 -7.557197350040703476e+00 7.816371941594078443e+00
-2.554335265835626245e+01 -1.005035035232468310e+01 4.737229790438238552e+00 -1.005035035232468310e+01 -2.908941385043920391e+01 7.217618460681769932e+00 4.737229790438238552e+00 7.217618460681769932e+00 -2.074911567878120877e+01
4.802741811028603536e+01 1.270401298098020781e+01 3.984080002116197505e+01 1.270401298098020781e+01 2.155645326381512206e+01 -1.473524318984577874e+01 3.984080002116197505e+01 -1.473524318984577874e+01 1.895059360551011807e+01
9.601512249220000683e+00 6.065750685576022372e-01 7.440369376951915470e+00 6.065750685576022372e-01 -1.902480726191085125e+01 -2.460519253686262786e+00 7.440369376951915470e+00 -2.460519253686262786e+00 5.505921831466970007e-02
1.740093140979808695e+01 -7.617168898591250681e+00 3.890858968437106569e+01 -7.617168898591250681e+00 -6.082037176500538322e+01 -2.224541556901010608e+01 3.890858968437106569e+01 -2.224541556901010608e+01 -2.068828778063430818e+01
8.215571396203184662e+00 7.607221673238851345e+00 1.807129206851282532e+01 7.607221673238851345e+00 -2.232456393735095190e+01 -4.802673309151698433e+00 1.807129206851282532e+01 -4.802673309151698433e+00 2.280929528509138393e+01
3.475833795299989504e+01 -7.939891381742418375e+00 1.436291122566205480e+01 -7.939891381742418375e+00 -2.247550427524421579e+01 -1.130393190682046267e+01 1.436291122566205480e+01 -1.130393190682046267e+01 2.021178038919549280e+00
-2.598583162793720547e+01 3.324781766178994680e+00 1.131522678803745308e+01 3.324781766178994680e+00 -3.167253998559818484e+01 -8.492047309043268655e+00 1.131522678803745308e+01 -8.492047309043268655e+00 -1.763382734665498219e+01
6.666311568586431235e+01 2.094122119676621097e+00 2.173567520073302717e+01 2.094122119676621097e+00 3.830518562776823899e+01 -2.012781306231219602e+01 2.173567520073302717e+01 -2.012781306231219602e+01 6.102049814694204599e+01
-3.400831580586761049e+01 1.162129879108392494e+01 1.934717188316392278e+00 1.162129879108392494e+01 -2.295366144564571442e+01 -3.033716205405773803e+00 1.934717188316392278e+00 -3.033716205405773803e+00 -3.958475475109974884e+00
7.248508202218970098e+01 -9.554812071997659473e+00 -4.555611863269226625e+00 -9.554812071997659473e+00 4.444103284916734964e+01 -8.126477029561611332e+00 -4.555611863269226625e+00 -8.126477029561611332e+00 5.678212624945968656e+01
-3.379833878353452281e+00 1.076649799212205139e+01 4.723945155944274388e-02 1.076649799212205139e+01 -3.532913990546386884e+01 -6.865852269628346383e-01 4.723945155944274388e-02 -6.865852269628346383e-01 4.056088904665529959e+00
6.649765340434340999e+01 -1.865225723300196092e+00 -6.953131322673494985e+00 -1.865225723300196092e+00 3.442863136159012072e+01 -3.515974385388941137e+00 -6.953131322673494985e+00 -3.515974385388941137e+00 2.022505355977702735e+01
1.200292961287006221e+01 9.177034439876573302e+00 -5.399967920132137778e+00 9.177034439876573302e+00 1.056641473118170715e+01 9.556575484603161641e+00 -5.399967920132137778e+00 9.556575484603161641e+00 2.216769542229294387e+01
2.421580121153102994e+01 -1.484301166279950301e+01 5.625205775698248090e+00 -1.484301166279950301e+01 5.318868342113424319e+01 7.848689359516525244e+00 5.625205775698248090e+00 7.848689359516525244e+00 3.109364333409922310e+01
2.549107338778396681e+01 1.970965271134031749e+00 1.623580165859939939e+01 1.970965271134031749e+00 -2.758302795737879975e+01 -1.286346514034814170e+01 1.623580165859939939e+01 -1.286346514034814170e+01 -4.288843486916622538e+01
-1.672732080000334065e+01 -3.160310874427490813e+00 1.206595069466286851e+01 -3.160310874427490813e+00 -2.928425064407100820e+01 -6.320318967055968074e+00 1.206595069466286851e+01 -6.320318967055968074e+00 -7.570349931821186651e+00
-4.186012521310273371e+01 1.380585974791062487e+00 -7.409955222175634848e-01 1.380585974791062487e+00 -3.350005884597810280e+01 -3.299859671858409893e+00 -7.409955222175634848e-01 -3.299859671858409893e+00 -4.328344752038704257e+01
2.895997534397356787e+01 -2.130716516198551513e+00 2.118893482111060322e+01 -2.130716516198551513e+00 -5.505626047306347859e-01 6.614469557952330492e-01 2.118893482111060322e+01 6.614469557952330492e-01 1.533622149501827359e+01
4.311445914184420047e+01 -1.061610555315411375e+01 1.531310911195521207e+01 -1.061610555315411375e+01 -3.738900437787371800e+01 -2.111344603444911883e+01 1.531310911195521207e+01 -2.111344603444911883e+01 -3.742297108482325996e+01
