-5.462055667612324861e+00 2.254862670234543121e+00 9.271411434712870658e-01 2.254862670234543121e+00 -1.266729932920091706e+01 -8.154038543800583128e+00 9.271411434712870658e-01 -8.154038543800583128e+00 -9.059767158224332206e+00
5.121492053956308688e+00 -7.775799135111671312e+00 7.677337556729256995e+00 -7.775799135111671312e+00 -1.110731491895097101e+01 3.947300482294248347e+00 7.677337556729256995e+00 3.947300482294248347e+00 -1.752760992156976894e+00
8.694062937056031615e+00 2.525857280429111285e+00 9.383129546042866531e-01 2.525857280429111285e+00 1.218983657150209154e+01 6.775008760999770008e-01 9.383129546042866531e-01 6.775008760999770008e-01 2.624584461750364195e+00
-1.510643403733910262e+01 1.514977346454293050e+00 -6.337124548148133307e+00 1.514977346454293050e+00 -1.209963460703233906e+01 6.709166680515019632e-01 -6.337124548148133307e+00 6.709166680515019632e-01 -3.477404809080574033e+00
-8.382815099013660287e+00 6.749493849705280546e+00 1.113139043296358821e+01 6.749493849705280546e+00 8.586318437367833623e-01 5.343379945428123889e+00 1.113139043296358821e+01 5.343379945428123889e+00 -9.778555030813596005e+00
4.491201333260876893e+00 -3.826270226778097694e+00 2.935179316846902697e+00 -3.826270226778097694e+00 7.331726714512739385e+00 5.535137030724099461e+00 2.935179316846902697e+00 5.535137030724099461e+00 -5.952780893143122753e+00
-6.031636113959263135e+00 -3.620673629651480319e+00 -9.653716280762261182e-01 -3.620673629651480319e+00 -5.397397637134376813e-01 -5.327166835754228558e+00 -9.653716280762261182e-01 -5.327166835754228558e+00 -7.804071898419241649e+00
-2.390383649961397694e+01 1.921921304248720208e+00 -1.414335046186160572e+00 1.921921304248720208e+00 -2.238951726938782016e+01 9.001240948552933219e+00 -1.414335046186160572e+00 9.001240948552933219e+00 -2.081603055864465546e+01
-2.112739552438061352e+01 4.176245431683699216e+00 -7.315737219185765028e+00 4.176245431683699216e+00 -7.506375929365439958e+00 2.457337320555083249e+00 -7.315737219185765028e+00 2.457337320555083249e+00 -3.236277859552934899e+01
-1.209401903074568452e+01 -5.855945624691254459e+00 -3.596530128908300483e+00 -5.855945624691254459e+00 -8.403688235589585886e+00 3.673021505296099054e+00 -3.596530128908300483e+00 3.673021505296099054e+00 -1.863610434531614146e+01
-8.771534375289383734e-01 -5.327113227058320355e+00 -1.872071633713098926e+00 -5.327113227058320355e+00 1.115166876895158810e+00 1.034822068345067736e+00 -1.872071633713098926e+00 1.034822068345067736e+00 3.277857391134112675e+00
-3.096720245560360962e-01 6.304547570921373634e+00 -4.588659506270968969e+00 6.304547570921373634e+00 -5.562202725249496105e+00 -2.841153920311366154e-01 -4.588659506270968969e+00 -2.841153920311366154e-01 -4.792414562174595716e+00
3.302212316687036520e+01 -5.753393335660899055e-01 5.242296241715376226e+00 -5.753393335660899055e-01 2.462824429412703964e+01 2.654716078438117965e-01 5.242296241715376226e+00 2.654716078438117965e-01 5.066564251072511382e+01
-1.624693328251573732e+01 3.282877892630906569e+00 7.849233046093743171e-01 3.282877892630906569e+00 -2.335195718502466633e+01 -7.728639808112334642e+00 7.849233046093743171e-01 -7.728639808112334642e+00 -1.504460203684944375e+01
2.785442790099808263e+01 -8.368631291626551505e-01 6.742212204592056501e+00 -8.368631291626551505e-01 2.214216172612015399e+01 -2.438708270497832231e+00 6.742212204592056501e+00 -2.438708270497832231e+00 4.017292557445261281e+01
2.011790458737023357e+01 5.026925981605221416e+00 5.706759768112309672e+00 5.026925981605221416e+00 1.696202141847672706e+01 1.219180312281521017e+00 5.706759768112309672e+00 1.219180312281521017e+00 1.892066240709096192e+01
-1.601115557819503099e+00 1.855805477646439661e+00 1.331185522459251702e+00 1.855805477646439661e+00 -5.430957286285337915e+00 6.301506320823810903e+00 1.331185522459251702e+00 6.301506320823810903e+00 5.966119537534559036e+00
2.097382542490676727e+01 -4.693547118718224276e-01 -1.314238276327815313e+00 -4.693547118718224276e-01 2.058051527253390844e+01 3.580797090667050764e+00 -1.314238276327815313e+00 3.580797090667050764e+00 2.785662049411788743e+01
1.454469170106134435e+01 3.836644819633531767e-01 -5.737749076338666043e+00 3.836644819633531767e-01 1.106746053921775896e+01 -5.636668868884592065e+00 -5.737749076338666043e+00 -5.636668868884592065e+00 2.049026130341391649e+01
3.626752221346347227e+00 -1.583252620199316896e+00 2.940316535762427019e+00 -1.583252620199316896e+00 2.198718704971858173e+00 5.501780141368128874e+00 2.940316535762427019e+00 5.501780141368128874e+00 -3.577212174654258003e+00
-6.786175701640266844e+00 -6.197295394948948655e+00 4.192730077384588583e+00 -6.197295394948948655e+00 -2.491148690578742375e+01 6.353832411899363208e+00 4.192730077384588583e+00 6.353832411899363208e+00 -2.838477185964494609e+00
2.565326338432736275e-01 -1.213139615608010979e+00 3.253179937138613198e+00 -1.213139615608010979e+00 -1.363234884967095262e+01 -4.527395805575478605e+00 3.253179937138613198e+00 -4.527395805575478605e+00 -4.842640272826818304e+00
2.773096911606424442e+01 -5.574378869974131456e-01 -3.005578336423147867e+00 -5.574378869974131456e-01 2.638560385913079998e+01 2.377438480360940520e+00 -3.005578336423147867e+00 2.377438480360940520e+00 3.454565759004790948e+01
-6.002407284638264784e+00 5.032432379249535792e+00 -5.507174412608280889e+00 5.032432379249535792e+00 -1.072217148128038255e+00 -5.458959065824972035e-01 -5.507174412608280889e+00 -5.458959065824972035e-01 1.456661381576521475e+00
2.383341878373911271e+01 -6.821578009896514416e+00 -6.036710229605017908e-01 -6.821578009896514416e+00 3.392962309046662739e+01 -1.646858192699838019e+00 -6.036710229605017908e-01 -1.646858192699838019e+00 3.016418929083443601e+01
3.310455672524027726e+00 2.115081492717343359e+00 -4.344176177592419918e+00 2.115081492717343359e+00 4.332743268327531538e+00 3.700539008800535434e+00 -4.344176177592419918e+00 3.700539008800535434e+00 2.957433513018006277e+00
-3.542048103282015603e+01 -4.398937201551331277e+00 5.403333275102356836e+00 -4.398937201551331277e+00 -1.741259724938615960e+01 -2.171856204604299734e+00 5.403333275102356836e+00 -2.171856204604299734e+00 -1.224168091471665321e+01
-3.958062556058817849e-01 -2.908619913034130811e+00 -1.486799643508736724e+00 -2.908619913034130811e+00 -2.977062413853674094e+00 -3.717676824395364843e+00 -1.486799643508736724e+00 -3.717676824395364843e+00 2.154729053427632657e+00
-9.833662488135804125e+00 -9.990641328289370238e-01 7.319491348347249016e+00 -9.990641328289370238e-01 -6.767003304272148689e+00 -1.121991563264597147e+00 7.319491348347249016e+00 -1.121991563264597147e+00 -1.269732944082512560e+01
-6.445026988600381479e+00 -8.049144651375936377e+00 7.034286910620163980e+00 -8.049144651375936377e+00 -7.553297833375556714e+00 5.885100540024040816e-01 7.034286910620163980e+00 5.885100540024040816e-01 -5.440946896348926032e+00
2.748596811434675491e+00 -1.783454581772414338e+00 5.813547791657091013e-01 -1.783454581772414338e+00 4.784844954697408781e+00 4.542660625379549622e+00 5.813547791657091013e-01 4.542660625379549622e+00 9.849524487666763140e-01
-5.261005550835000655e+00 -4.180397700324864019e+00 -2.103348082744219028e+00 -4.180397700324864019e+00 -1.510906952095226252e+01 2.900994893264683405e+00 -2.103348082744219028e+00 2.900994893264683405e+00 -4.573912622611785217e+00
1.683099931101902413e+01 -6.056498038962987884e+00 -1.180154201237806078e+01 -6.056498038962987884e+00 7.278954904327006314e-01 9.496552162764530181e+00 -1.180154201237806078e+01 9.496552162764530181e+00 3.088439128052010041e+00
1.906897765807546463e+01 5.110820246887692875e+00 2.415162617799698541e+00 5.110820246887692875e+00 2.267680538272300694e+01 4.255870442789266406e+00 2.415162617799698541e+00 4.255870442789266406e+00 1.074919776421315376e+01
-1.080841963366883363e+01 -9.166878716807204341e+00 1.719325193443336675e+00 -9.166878716807204341e+00 -2.529810497639995770e+00 -5.739784063971360428e-01 1.719325193443336675e+00 -5.739784063971360428e-01 -1.336888932558433041e+01
-6.208310536716001415e+00 -6.986863502925049652e+00 7.317145793848917057e-02 -6.986863502925049652e+00 -1.362944322833373301e+00 1.494251359337238849e+00 7.317145793848917057e-02 1.494251359337238849e+00 1.314990414383063522e+00
-2.328847786997520686e+01 -8.326992223551528127e+00 4.658640367289807571e+00 -8.326992223551528127e+00 -1.460720211647420541e+01 -4.211887112508429176e+00 4.658640367289807571e+00 -4.211887112508429176e+00 -1.834255474981380019e+01
1.240226617173474644e+01 -3.396371488417945894e+00 4.188394265744496359e+00 -3.396371488417945894e+00 5.240726726877015906e+00 3.902394549192098161e+00 4.188394265744496359e+00 3.902394549192098161e+00 9.135623355677076063e+00
9.389651638246350629e+00 3.941038902316833070e+00 2.911473801295183961e+00 3.941038902316833070e+00 4.768997832788465452e+00 1.938747442559820122e+00 2.911473801295183961e+00 1.938747442559820122e+00 -2.331630402673616764e+00
-7.480545319829149387e-01 -1.538387930266852610e+00 1.632369182906447280e+00 -1.538387930266852610e+00 -3.668199547085510215e+00 -8.765273779194508563e+00 1.632369182906447280e+00 -8.765273779194508563e+00 -1.285510892930021853e+00
3.273597790627060533e+01 -4.400897944293154396e+00 -2.623304006773886088e-01 -4.400897944293154396e+00 3.192577926964517587e+01 -1.624723306602859019e+00 -2.623304006773886088e-01 -1.624723306602859019e+00 4.068514599904700191e+01
-3.672719747027086701e+00 5.751652197605644723e+00 1.092126211785352075e+00 5.751652197605644723e+00 2.490511637924512467e+00 -4.403645855742506221e+00 1.092126211785352075e+00 -4.403645855742506221e+00 -9.490057806457773637e+00
-1.477007089154666097e+01 6.651186452377406688e+00 1.249636400321666591e-01 6.651186452377406688e+00 -2.263927034899522539e+01 -7.158185352238674928e-03 1.249636400321666591e-01 -7.158185352238674928e-03 -2.125761596543642895e+01
-1.383876391535169681e+01 -7.597691251339457885e-01 -6.181349707956121375e-02 -7.597691251339457885e-01 -1.439463741599129598e+01 4.261975124541992344e+00 -6.181349707956121375e-02 4.261975124541992344e+00 -1.134742273789996148e+01
1.402334867076408997e+01 7.622121596397081866e+00 -6.963279099434205754e+00 7.622121596397081866e+00 1.661033016295131048e+01 -6.131919044799332141e+00 -6.963279099434205754e+00 -6.131919044799332141e+00 1.245919172796582686e+01
1.229231167075541364e+01 -6.691136207679069692e+00 3.571382846541677036e+00 -6.691136207679069692e+00 6.137285973006838979e+00 -3.594066874350788421e+00 3.571382846541677036e+00 -3.594066874350788421e+00 5.727812104552002737e+00
-4.222072979092426515e+00 -4.704976316682428994e+00 4.852183430858308277e+00 -4.704976316682428994e+00 -5.897183720514708405e+00 -7.311985711610532235e+00 4.852183430858308277e+00 -7.311985711610532235e+00 -7.044820459712607175e+00
-3.817230756318259033e+00 -1.861888576837074649e-01 -3.382411530604373162e+00 -1.861888576837074649e-01 -1.960254308814893598e+00 6.442914396112604969e+00 -3.382411530604373162e+00 6.442914396112604969e+00 -9.406542956098100206e+00
-2.742042415499742258e+00 4.240127844863352813e+00 -6.498656865420963769e+00 4.240127844863352813e+00 -5.224233728917008213e-01 -7.241282954851377518e+00 -6.498656865420963769e+00 -7.241282954851377518e+00 -2.543554351916192946e+00
4.052473930093295706e+01 -1.169782800331983275e+01 1.068040472183963097e+01 -1.169782800331983275e+01 3.295033949331757128e+01 2.373574853482170177e-01 1.068040472183963097e+01 2.373574853482170177e-01 3.890195211399028352e+01
