8.396412504513522279e+00 1.806909938876743560e+00 -1.879075607490984900e+00 1.806909938876743560e+00 -2.320840228350969703e+00 1.986145559804518346e+00 -1.879075607490984900e+00 1.986145559804518346e+00 -5.686129820659418854e+00
-3.659980775759669314e+01 -6.049760155136286066e+00 -4.577033442963206689e+00 -6.049760155136286066e+00 -2.582407244215681885e+01 7.469327413438477947e+00 -4.577033442963206689e+00 7.469327413438477947e+00 2.005528946761469911e+01
2.158073431261553932e+00 -3.950951021446652334e+00 -5.822351718063239367e+00 -3.950951021446652334e+00 1.261659723423455759e+01 -2.448841490687162725e+00 -5.822351718063239367e+00 -2.448841490687162725e+00 1.121699286909386117e+01
5.722949457812941887e+01 -1.471130542880828251e+01 3.519831528586949698e+00 -1.471130542880828251e+01 5.076223627667865657e+01 -1.093474607438598767e+01 3.519831528586949698e+00 -1.093474607438598767e+01 3.088360192716230301e+00
4.690712505981552738e+01 5.450390346238376260e+00 6.614871805498285795e-01 5.450390346238376260e+00 2.967554235271571983e+01 -7.184338161919215260e+00 6.614871805498285795e-01 -7.184338161919215260e+00 3.899944801574933706e+01
3.647350798064059774e+01 8.819636481632828762e+00 6.094442336574037888e+00 8.819636481632828762e+00 1.998504237105951731e+01 1.400030068943295625e+00 6.094442336574037888e+00 1.400030068943295625e+00 9.107667782049450267e+00
-1.347664952982225550e+01 2.839188231336017498e+00 1.064862036463623207e+00 2.839188231336017498e+00 -6.966211759994753727e+00 -2.589194633795521394e+00 1.064862036463623207e+00 -2.589194633795521394e+00 -1.650347513510983788e+01
3.103153470134391512e+01 3.242711608007759150e+00 1.794982559766577390e+00 3.242711608007759150e+00 3.362056808180675915e+01 -2.068670017256793336e+00 1.794982559766577390e+00 -2.068670017256793336e+00 3.573996759583315708e+01
4.344374178322092916e+01 -5.572355282773614471e-01 -7.899166590786526498e+00 -5.572355282773614471e-01 3.824607173396050541e+01 5.580754404756159914e+00 -7.899166590786526498e+00 5.580754404756159914e+00 3.169529241672902131e+01
-1.303901798560887748e+01 -2.053108837488778260e+00 -5.650093601405471233e+00 -2.053108837488778260e+00 -1.143759323045720322e+01 -1.120413209720746828e+01 -5.650093601405471233e+00 -1.120413209720746828e+01 -6.712340722019983552e+00
-8.708732127241361809e+00 5.370961727311029499e+00 -6.770407763485876806e+00 5.370961727311029499e+00 -2.440722905425647227e+01 -1.888242236253038220e+00 -6.770407763485876806e+00 -1.888242236253038220e+00 -6.851157557341430504e+01
4.389811176540025883e+01 -1.845664417237970589e+00 7.473926386544416545e+00 -1.845664417237970589e+00 3.892552947711380540e+01 -7.299223004793040204e+00 7.473926386544416545e+00 -7.299223004793040204e+00 5.347466351198780643e+01
4.489665902574913758e+01 5.421937137936749806e+00 -7.610931301051493847e+00 5.421937137936749806e+00 4.843549258223418263e+01 5.045660096391157090e+00 -7.610931301051493847e+00 5.045660096391157090e+00 3.945344614777759062e+01
-1.802856718963546001e+01 1.251687535646239446e+01 1.191067316257222508e+01 1.251687535646239446e+01 -5.295446705270032339e+01 -5.474151044310587855e-01 1.191067316257222508e+01 -5.474151044310587855e-01 -1.718298804108986388e+01
-6.755427066699922101e+00 -2.559059085392171085e+00 6.492433373977545941e+00 -2.559059085392171085e+00 -3.627243511084935079e+01 -1.617694490987890532e+01 6.492433373977545941e+00 -1.617694490987890532e+01 -3.937937530115875973e+01
2.325717050500613325e+01 -5.620420773280138782e+00 -5.447056066499704752e-01 -5.620420773280138782e+00 -1.037313019440569484e+01 -8.297454783459000893e+00 -5.447056066499704752e-01 -8.297454783459000893e+00 -1.606590815525741789e+01
-1.313349788574108956e+01 -1.323167053001179427e+00 -2.092703334705497298e+00 -1.323167053001179427e+00 -3.775991192007850827e+01 1.037361978793083450e+00 -2.092703334705497298e+00 1.037361978793083450e+00 -6.664199643756920466e+01
-6.045565904421725811e+00 1.497291088889610933e+01 -1.421705846348872271e+01 1.497291088889610933e+01 -9.535011726737730342e+00 2.170927262906607424e+00 -1.421705846348872271e+01 2.170927262906607424e+00 -2.860283787048652115e+01
1.930276742132869572e+01 -1.850033328856530268e+00 -1.798829982526865212e+00 -1.850033328856530268e+00 1.258431125295106234e+01 -4.414251392939359420e+00 -1.798829982526865212e+00 -4.414251392939359420e+00 9.311578145516246963e+00
2.729557993157479245e+01 7.985586275971457759e+00 1.610040380578787955e+00 7.985586275971457759e+00 -1.713794843041099014e+01 7.395405634321210897e+00 1.610040380578787955e+00 7.395405634321210897e+00 -2.003099617859355774e+01
2.672844040888449868e+01 1.567693929510190820e+00 -6.777833303228052442e-01 1.567693929510190820e+00 3.799797761063187806e+01 1.549032406560713504e+00 -6.777833303228052442e-01 1.549032406560713504e+00 4.308778530918333871e+01
-4.483930969542181089e+01 -1.439206910986418109e+01 7.339903520350640420e+00 -1.439206910986418109e+01 -2.330914838482219054e+01 2.256363449575447433e+01 7.339903520350640420e+00 2.256363449575447433e+01 2.201291464787584928e+01
-3.293777577022507952e+00 1.484312323199687755e+00 7.254316930068908320e+00 1.484312323199687755e+00 -1.808559584054990665e+01 7.684611476827549303e+00 7.254316930068908320e+00 7.684611476827549303e+00 -2.102343470843202056e+01
-1.438738896701335612e+01 -6.636374987442024143e+00 -1.143208095377575795e+01 -6.636374987442024143e+00 -4.181898094385462450e+00 -1.367732997226384484e+01 -1.143208095377575795e+01 -1.367732997226384484e+01 -3.913914396642532978e+01
2.184839356431468360e+01 -5.048369297759888852e+00 8.053501489912497036e+00 -5.048369297759888852e+00 2.606158660693130713e+01 -2.221938027393731030e+00 8.053501489912497036e+00 -2.221938027393731030e+00 3.013428283390229723e+01
1.464844023160760145e+01 -9.148830268319514403e+00 -1.606239015217101951e+01 -9.148830268319514403e+00 1.658592017995896484e+01 -5.044796150959304448e+00 -1.606239015217101951e+01 -5.044796150959304448e+00 1.336848726734166881e+01
2.256623748714421041e+01 -2.324296620625927012e+00 5.839107690625400249e-02 -2.324296620625927012e+00 1.711026472738454274e+01 3.367368332085532767e+00 5.839107690625400249e-02 3.367368332085532767e+00 1.189224801301696743e+01
-2.216036796899286543e+01 -1.293712043750980101e+01 1.479465226044282034e+01 -1.293712043750980101e+01 -1.694258320380865257e+01 2.825053339319082113e+01 1.479465226044282034e+01 2.825053339319082113e+01 2.248779165630385268e+00
-2.635441737214313918e+01 3.385833676253777180e-01 2.953901989806537731e+00 3.385833676253777180e-01 -1.729868673974531745e+01 6.479797465404658396e+00 2.953901989806537731e+00 6.479797465404658396e+00 1.329715594953437297e+01
1.537136647895396813e+01 -1.014654558971540865e+01 7.976669140748067655e+00 -1.014654558971540865e+01 7.049427920761841548e+00 1.040655973727313466e+01 7.976669140748067655e+00 1.040655973727313466e+01 -1.142212887900453921e+01
1.470859057057633024e+01 -1.859352612348694755e+00 -4.273527938770927292e+00 -1.859352612348694755e+00 1.403502998687392633e+01 -1.994515181343585963e+00 -4.273527938770927292e+00 -1.994515181343585963e+00 1.221473898046734874e+01
6.278723681258862044e+00 -1.130755005526418522e+01 1.343313916230431992e+01 -1.130755005526418522e+01 -2.564600000470082009e+01 -1.678511606692519864e+00 1.343313916230431992e+01 -1.678511606692519864e+00 1.025906335938256220e+01
5.561540873249769312e+00 2.071636336138158591e-02 3.235186798517643014e-01 2.071636336138158591e-02 5.528616652907573759e+00 4.923444774147969660e+00 3.235186798517643014e-01 4.923444774147969660e+00 3.403172215302808556e+00
-1.384805547532355696e+01 6.532675022925070962e+00 -8.953705928798294522e+00 6.532675022925070962e+00 -1.336978022931782561e+01 5.433671888445411824e+00 -8.953705928798294522e+00 5.433671888445411824e+00 -3.297261588271670263e+01
1.249777651474594720e+01 -7.745084322761514040e-01 -2.750880017199309080e+00 -7.745084322761514040e-01 1.068156406059864771e+01 -7.717624308008706357e+00 -2.750880017199309080e+00 -7.717624308008706357e+00 -6.467961160007304144e+00
4.606982673380090176e+01 -1.079850690215179654e+00 1.677772921129954686e-01 -1.079850690215179654e+00 4.538530510781875904e+01 4.529152304931166606e-01 1.677772921129954686e-01 4.529152304931166606e-01 4.640417873119297809e+01
-1.074976067212796371e+00 9.494617848808455385e-01 -4.021461666736499296e+00 9.494617848808455385e-01 1.039081846115003316e+01 3.403886011525910416e+00 -4.021461666736499296e+00 3.403886011525910416e+00 1.775998053272284238e+01
-5.993976719051758550e+00 -5.669486793674523462e+00 -2.637225444333011026e+01 -5.669486793674523462e+00 -2.945876299921475550e+01 -8.829821334403568756e+00 -2.637225444333011026e+01 -8.829821334403568756e+00 -6.374116611200727789e+01
5.784782500764314328e+00 -7.818884662375381822e+00 -3.123321771149920156e+00 -7.818884662375381822e+00 -1.050937068470259383e+01 -1.144646150622032188e+01 -3.123321771149920156e+00 -1.144646150622032188e+01 -2.995930631241930442e+01
-9.368256662801075052e+00 -4.651668318838833471e+00 1.199997486688503701e+00 -4.651668318838833471e+00 -3.335968950917929110e+00 -4.233090152455772248e+00 1.199997486688503701e+00 -4.233090152455772248e+00 -5.473585336734608120e+00
1.757030573705279508e+01 -2.304909074306164651e+00 2.164983870321536497e+00 -2.304909074306164651e+00 2.209751695166570329e+01 -6.307427791780151338e+00 2.164983870321536497e+00 -6.307427791780151338e+00 8.915652236337992420e+00
-1.439484780616120396e+01 -1.705066303135212635e+01 4.428427788727947068e+00 -1.705066303135212635e+01 -2.094019486437910516e+01 -5.659353715606854962e+00 4.428427788727947068e+00 -5.659353715606854962e+00 -1.607054495345030887e+01
4.587030362163509345e+00 -1.402864365369536515e+01 3.123736308351255708e+00 -1.402864365369536515e+01 -1.234196676878452514e+01 1.285537550807904417e+01 3.123736308351255708e+00 1.285537550807904417e+01 -6.361285747999008322e+01
-3.820745969994346325e+01 -3.037822440422625903e+01 -8.325597559612143428e-01 -3.037822440422625903e+01 -4.608797847332667175e+01 4.682410648260694863e+00 -8.325597559612143428e-01 4.682410648260694863e+00 -2.946262288250868622e+01
5.865571801684621533e+01 4.473645038728820467e+00 1.037858189622436456e+01 4.473645038728820467e+00 2.873560517752768817e+01 -5.440640224128627800e+00 1.037858189622436456e+01 -5.440640224128627800e+00 4.434755716375808898e-01
-3.832356099691371298e+01 1.086536868433343628e+00 6.552718703741224893e+00 1.086536868433343628e+00 -2.890370636873735322e+01 -3.921613527253209330e+00 6.552718703741224893e+00 -3.921613527253209330e+00 2.293312493188940926e-01
-1.758956191586856477e+01 7.151134637569263042e+00 -9.032227542571028778e+00 7.151134637569263042e+00 -7.972867108043505624e+00 3.998195311570818866e+00 -9.032227542571028778e+00 3.998195311570818866e+00 -2.517207261500605853e+01
1.310162992886892752e+01 -1.147302803970292118e+01 2.238270503744789863e+01 -1.147302803970292118e+01 3.412515870338269508e+01 -2.923451793036978330e+00 2.238270503744789863e+01 -2.923451793036978330e+00 -1.881050602442479658e+01
7.465658405830689404e+00 -1.506610019741790651e+00 -1.199809245291597648e+01 -1.506610019741790651e+00 -1.487034937361823950e+01 6.215596223639654472e-01 -1.199809245291597648e+01 6.215596223639654472e-01 -3.137800196972558187e+00
1.853162054502688605e+01 -2.169524742119530725e+00 4.280520723447600595e+00 -2.169524742119530725e+00 2.716253911804358623e+01 -7.596937136359731557e-01 4.280520723447600595e+00 -7.596937136359731557e-01 2.386413206750303928e+01
-8.007619217714663762e+01 5.103215605121101284e+00 -1.188671331844236612e+01 5.103215605121101284e+00 -5.750210442103982444e+01 -8.504256272442340503e+00 -1.188671331844236612e+01 -8.504256272442340503e+00 -2.846712585843723886e+01
-3.702946820750230472e+01 2.001035377603150422e+00 3.805243340855263279e-01 2.001035377603150422e+00 -4.117361987035258153e+01 8.040875116364070152e+00 3.805243340855263279e-01 8.040875116364070152e+00 -4.892339235441743028e+01
6.366932094604343284e+00 1.937804834927052910e+00 -9.633199556302042277e-01 1.937804834927052910e+00 1.527369722074940206e-01 -4.230791677833081188e+00 -9.633199556302042277e-01 -4.230791677833081188e+00 -3.356532569732659788e+00
9.523221056447601640e+00 -5.368727690211926529e+00 -8.997253966514506374e+00 -5.368727690211926529e+00 9.094449886503188196e+00 3.835954079247881232e+00 -8.997253966514506374e+00 3.835954079247881232e+00 3.542345985537727504e+00
5.446819349901857521e+01 4.057319675352869304e+00 -2.167365316098882033e+01 4.057319675352869304e+00 3.639397182928179575e+01 -4.167177324744046452e+00 -2.167365316098882033e+01 -4.167177324744046452e+00 1.681691859375899867e+01
2.553564299360433409e+01 2.989645754252583831e+00 3.880522308003873100e+00 2.989645754252583831e+00 3.354633036360361587e+01 3.004589762297831701e+00 3.880522308003873100e+00 3.004589762297831701e+00 3.499925594015115848e+01
2.229577872922658699e+01 3.706876404362029032e+00 -7.416433047521086008e-01 3.706876404362029032e+00 2.322223909439361833e+01 -1.794798027114337113e+00 -7.416433047521086008e-01 -1.794798027114337113e+00 2.485611001136061304e+01
2.172420609163214067e+01 -3.875203634619070581e+00 -1.416263229570352955e+01 -3.875203634619070581e+00 2.565835971082399070e+01 2.658940678121844758e+00 -1.416263229570352955e+01 2.658940678121844758e+00 1.207381889606525682e+01
2.989342991378870096e+01 -6.803613824849363390e+00 -3.828505353751098905e+00 -6.803613824849363390e+00 1.878557471203389539e+01 5.220270418526619771e+00 -3.828505353751098905e+00 5.220270418526619771e+00 1.591866990402844273e+01
-5.292188963030437066e+01 1.139404291741070940e+00 1.928212165134806311e+00 1.139404291741070940e+00 -2.946517228885332429e+01 4.996790093509930308e+00 1.928212165134806311e+00 4.996790093509930308e+00 3.794958290093365605e+00
3.203969713090013727e+01 1.402739406015786061e+00 1.585443297771072624e+00 1.402739406015786061e+00 3.152580821925108978e+01 8.298586216944519034e-01 1.585443297771072624e+00 8.298586216944519034e-01 3.537387958584601932e+01
-5.764800269154157775e-01 -8.040426103269835423e+00 -1.933357576274966760e+01 -8.040426103269835423e+00 -3.578441067293127276e+01 1.822589416715516997e+00 -1.933357576274966760e+01 1.822589416715516997e+00 -3.893420036130054740e+01
1.324891170077960822e+01 -9.032884627790949139e+00 3.369904874909124715e+00 -9.032884627790949139e+00 1.509672732664802286e+00 -6.149717111031361760e+00 3.369904874909124715e+00 -6.149717111031361760e+00 -1.296364347656981764e+01
-3.073417959220967788e+01 3.259330454353118967e+00 -8.977008072623000601e+00 3.259330454353118967e+00 -1.285340748515081088e+01 2.333014170842004020e+01 -8.977008072623000601e+00 2.333014170842004020e+01 5.130485325861599932e+01
-5.909256090996591659e+00 4.755414093124736397e+00 1.273304444240599942e+01 4.755414093124736397e+00 -6.236858621046231121e+00 7.596661761621592568e+00 1.273304444240599942e+01 7.596661761621592568e+00 -2.064781912772400929e+01
3.923211008630069330e+00 -7.949924401253960049e+00 7.322031289583111890e-01 -7.949924401253960049e+00 4.506078564180369561e+00 6.044188322497813459e+00 7.322031289583111890e-01 6.044188322497813459e+00 -1.574836186110218961e+01
9.348666732489890663e+00 5.658405372023420199e+00 2.482224507847850870e+00 5.658405372023420199e+00 6.620263124825084056e+00 4.401533193459520099e+00 2.482224507847850870e+00 4.401533193459520099e+00 -1.066855782272693709e+01
-6.080901883224207438e+00 6.088871261997518936e+00 4.029734918300511559e+00 6.088871261997518936e+00 -1.318522173290469368e+01 -3.636282700074256802e+00 4.029734918300511559e+00 -3.636282700074256802e+00 -1.925019885222366867e+01
3.360890422080075979e+01 -2.276035543914521231e+00 -1.087802201907994082e+01 -2.276035543914521231e+00 3.659609674741250984e+01 1.319624926086991890e+00 -1.087802201907994082e+01 1.319624926086991890e+00 4.514074856540078429e+01
2.940175892179659201e+01 1.965756741998946899e-01 -3.040601890600366231e-01 1.965756741998946899e-01 2.909909016092793976e+01 2.225589392118566323e+00 -3.040601890600366231e-01 2.225589392118566323e+00 2.739791017659637973e+01
-4.313257805990683380e+01 1.112210557757479101e+01 1.302334122805362959e+01 1.112210557757479101e+01 -2.630702482128255326e+01 -1.123343746147025435e+01 1.302334122805362959e+01 -1.123343746147025435e+01 8.647423307132402925e+00
1.887892960443065959e+01 -9.590724670702233112e+00 -7.248990070182993684e+00 -9.590724670702233112e+00 -1.582474187195391346e+00 6.992642841766122608e+00 -7.248990070182993684e+00 6.992642841766122608e+00 -2.566385747097329784e+01
-5.059115949716139760e+00 3.883793273120518474e+00 -3.255365731897645887e+00 3.883793273120518474e+00 -6.793756963786797165e+00 3.087913034245153732e+00 -3.255365731897645887e+00 3.087913034245153732e+00 -2.033082391505319109e+01
1.154517252899642443e+01 -3.507028901583424840e+00 -1.785886891745734673e+01 -3.507028901583424840e+00 -1.268272824290469458e+01 -4.991120168635359455e+00 -1.785886891745734673e+01 -4.991120168635359455e+00 -1.647465053627093923e+01
1.727821196552798710e+01 7.603332410393822682e-01 1.174453169493458127e+00 7.603332410393822682e-01 2.277918635949637860e+01 3.834515229677095682e+00 1.174453169493458127e+00 3.834515229677095682e+00 1.746433144351241395e+01
-7.883433926795735402e+00 -3.299834836271859029e+00 4.634962100338553270e+00 -3.299834836271859029e+00 -1.579452485887629720e+01 5.556032966859719480e+00 4.634962100338553270e+00 5.556032966859719480e+00 -3.842669827297969931e+01
4.575717866544636081e+00 -1.224461293354659031e+00 1.371535953179796330e+01 -1.224461293354659031e+00 -6.215766406311963088e+00 -6.864045050649149049e-01 1.371535953179796330e+01 -6.864045050649149049e-01 -2.710268008996545319e+01
2.543509232922714247e+01 6.704050887408915527e-01 6.165141752943538833e+00 6.704050887408915527e-01 2.591270109309008163e+01 -1.134603404535420701e+01 6.165141752943538833e+00 -1.134603404535420701e+01 -3.307991033616183962e+00
-3.443233959475021067e+01 4.362551763585405418e+00 -1.665524483138740308e+01 4.362551763585405418e+00 -3.689854341642353575e+01 -1.528622003170409371e+01 -1.665524483138740308e+01 -1.528622003170409371e+01 -3.240780198899739162e+01
8.391957124796647349e+00 -2.574784191667545574e+00 2.779186073432900805e+00 -2.574784191667545574e+00 -2.200535594133370410e+01 -8.732868900212711338e+00 2.779186073432900805e+00 -8.732868900212711338e+00 -7.282724621759665240e+01
-1.569861566810004305e+01 -2.710731877786576760e+00 -6.601447995563551885e+00 -2.710731877786576760e+00 -1.922403500831357448e+01 2.963915002057244230e+00 -6.601447995563551885e+00 2.963915002057244230e+00 -2.911951928945648760e+01
1.814407753212782737e+01 6.104035381777351610e+00 9.725462357665318081e+00 6.104035381777351610e+00 1.565126244344239481e+01 -4.967310836707148347e+00 9.725462357665318081e+00 -4.967310836707148347e+00 1.069831931971154404e+01
5.146052359879004712e+01 -4.675338711451312079e+00 6.092716820109603582e+00 -4.675338711451312079e+00 6.372292215228541323e+01 -4.241215015814643330e+00 6.092716820109603582e+00 -4.241215015814643330e+00 5.123816432942641796e+01
-1.771697763796207781e+01 3.473016005180378674e+00 -2.252016085046165905e+00 3.473016005180378674e+00 1.246312359446287132e+01 -1.176003806490265191e+01 -2.252016085046165905e+00 -1.176003806490265191e+01 -2.665934348277104249e+01
4.400130459248668302e+01 -9.163667976193922371e+00 -5.632497311420724628e+00 -9.163667976193922371e+00 4.442341013463897781e+01 -3.400055501149167103e+00 -5.632497311420724628e+00 -3.400055501149167103e+00 4.056073212480056611e+01
3.978062576547606000e+01 -5.303349778345199939e-01 -9.198111487359820870e+00 -5.303349778345199939e-01 2.330191858198136146e+01 -7.133342157619694035e+00 -9.198111487359820870e+00 -7.133342157619694035e+00 2.555742535723706155e+01
-5.271618720783998846e+00 -4.894460993806187155e+00 4.479961661251750549e+00 -4.894460993806187155e+00 5.160037715420455307e+00 -7.637099164008368746e+00 4.479961661251750549e+00 -7.637099164008368746e+00 -7.745307202987772754e+00
4.219449165921125733e+00 -6.243028608449330719e+00 -5.675891547367142742e+00 -6.243028608449330719e+00 -8.531584401744347623e-01 8.977563111703216192e-01 -5.675891547367142742e+00 8.977563111703216192e-01 -2.548392842335603703e+00
1.711467162755583615e+01 -8.731794651098239157e+00 -1.029249945230090724e+01 -8.731794651098239157e+00 3.144902876203758524e+01 -2.363286502515646603e+01 -1.029249945230090724e+01 -2.363286502515646603e+01 7.889209871255271622e-01
1.086643965279809265e+01 2.003368728682753286e+00 1.460753402967908698e+01 2.003368728682753286e+00 -7.816919058336636361e+00 4.958634297090201315e+00 1.460753402967908698e+01 4.958634297090201315e+00 -7.065460668845867076e+01
2.805243087149799663e+01 -7.008037669545440274e+00 6.656636429721225490e-01 -7.008037669545440274e+00 2.257625848329375273e+01 -5.922336641161487947e+00 6.656636429721225490e-01 -5.922336641161487947e+00 -1.784304599510148748e+01
-2.300412224646743553e+01 -8.638217036733538023e+00 8.582249685286118535e+00 -8.638217036733538023e+00 -3.520958194904618210e+01 -1.016545351879478964e+01 8.582249685286118535e+00 -1.016545351879478964e+01 -7.535654170860256329e+01
-6.677587332827223499e+00 -6.529257844667118782e+00 -1.105444643206118727e+01 -6.529257844667118782e+00 -1.047681436660902854e+01 9.083647613349456196e-02 -1.105444643206118727e+01 9.083647613349456196e-02 -2.841421057074706624e+01
5.389590320666941636e+01 8.746102744107378868e+00 -5.590720137787761779e+00 8.746102744107378868e+00 5.804897055769999525e+01 4.241766764822417213e-01 -5.590720137787761779e+00 4.241766764822417213e-01 6.355441045563106961e+00
4.925093527815816330e+00 -1.508112295541499615e+00 2.101594950559064312e+00 -1.508112295541499615e+00 1.123403210293801102e+01 2.081022199968044717e+00 2.101594950559064312e+00 2.081022199968044717e+00 1.147454957545830290e+01
-6.612187245307360683e+01 1.748897376255975189e+00 7.046370206743358899e+00 1.748897376255975189e+00 -7.011261231814071948e+01 -1.400353865523261909e+01 7.046370206743358899e+00 -1.400353865523261909e+01 -9.447151666547727089e+00
-2.997585008108696414e+01 -4.658705097498019754e+00 5.406659699457825319e+00 -4.658705097498019754e+00 -1.805192181594999212e+01 -3.755118655784675408e+00 5.406659699457825319e+00 -3.755118655784675408e+00 -3.787181543216487700e+00
4.105182299055779538e+01 1.809970236221700723e+00 -1.002267365991822246e+01 1.809970236221700723e+00 3.616217964863886181e+01 2.000851182440869014e+00 -1.002267365991822246e+01 2.000851182440869014e+00 3.614963247404749325e+01
3.859426397561664146e+01 9.310151660123531236e-01 -1.131363200442619288e+01 9.310151660123531236e-01 2.623711790544232159e+01 1.225492880959779640e+01 -1.131363200442619288e+01 1.225492880959779640e+01 1.973989325189754851e+01
2.968898421620594918e-01 -3.390982613356603892e+00 2.415649911595402211e-01 -3.390982613356603892e+00 3.853685476114534936e+00 1.711146489577554997e+00 2.415649911595402211e-01 1.711146489577554997e+00 5.316186470486972127e+00
