4.439575798923589645e+01 -9.479142970891263786e+00 3.186440785981023982e+00 -9.479142970891263786e+00 2.394088047201075753e+01 -1.457389595005901706e+00 3.186440785981023982e+00 -1.457389595005901706e+00 -9.760765492046022729e+00
-3.802138075072964973e+00 -1.206668482949338461e+01 8.697213540238909246e+00 -1.206668482949338461e+01 -6.090923206528452205e+00 -5.698855446572073546e+00 8.697213540238909246e+00 -5.698855446572073546e+00 -8.149902130369884645e+00
-2.441368661576052190e+01 5.920652609711911651e+00 -1.068404501919332006e+01 5.920652609711911651e+00 -5.608011920260729255e+01 -1.035648930767202280e+01 -1.068404501919332006e+01 -1.035648930767202280e+01 -1.802593916853573219e+01
-2.884761028396293625e+01 -1.687222567802820539e+00 -3.943235444240266396e+00 -1.687222567802820539e+00 -2.541263981205831612e+01 8.682736733587415046e+00 -3.943235444240266396e+00 8.682736733587415046e+00 -2.146395411600427039e+01
2.978796322628326010e+01 1.177558100282641407e+00 1.320294028117333518e+01 1.177558100282641407e+00 3.944707401784689438e+01 4.561366918810501048e+00 1.320294028117333518e+01 4.561366918810501048e+00 2.606497526468846715e+01
-1.830338859946638408e+01 6.509532423864134998e+00 -1.147336492644859973e+01 6.509532423864134998e+00 1.852521028650813806e+00 -9.099480471655969183e+00 -1.147336492644859973e+01 -9.099480471655969183e+00 9.090594524059435244e+00
-2.595586041362415131e+01 -2.613614399702340330e-01 -2.102053555805118545e+00 -2.613614399702340330e-01 -2.151104580404889433e+01 7.798748962183330136e+00 -2.102053555805118545e+00 7.798748962183330136e+00 -1.590473922944482510e+01
2.740529328655666319e+01 1.600398463849162312e+01 1.064055267436327279e+00 1.600398463849162312e+01 1.832214172156630383e+01 -1.961931475216712073e+00 1.064055267436327279e+00 -1.961931475216712073e+00 -4.401241562116324957e+01
5.081801949024046650e+01 -1.647165777461569647e+01 2.320960477715814374e+00 -1.647165777461569647e+01 3.845232356078597036e+01 8.015985410026152280e+00 2.320960477715814374e+00 8.015985410026152280e+00 6.963409383862452451e+00
8.825114446326910667e+00 -1.552953592417626894e+01 -2.355913306977221566e+00 -1.552953592417626894e+01 6.202975445286466050e-01 3.409333663107851908e+00 -2.355913306977221566e+00 3.409333663107851908e+00 -1.248285771429108593e+01
-3.626944793831088276e+01 -3.608401559995063401e+00 -1.030188961577519713e+01 -3.608401559995063401e+00 -2.742496496973448217e+01 -1.043726792757868971e+01 -1.030188961577519713e+01 -1.043726792757868971e+01 -2.636311795524849444e+01
-5.436213589107079258e+01 8.557052852192441605e+00 -4.104579651712447763e+00 8.557052852192441605e+00 -4.773978552646616436e+01 -1.321971790881206310e+00 -4.104579651712447763e+00 -1.321971790881206310e+00 -3.290969012005366778e+01
-7.550767624004054213e+00 5.421600874024743888e+00 -1.890262087145697123e+01 5.421600874024743888e+00 -3.552243359364202036e+01 6.690054290057548592e+00 -1.890262087145697123e+01 6.690054290057548592e+00 -1.140373262958245260e+00
-4.557016675929344274e+01 9.497076171099020359e-01 1.384412125521128978e+01 9.497076171099020359e-01 -4.070601843790748120e+01 -8.134011668321099009e+00 1.384412125521128978e+01 -8.134011668321099009e+00 -6.992497466237161063e+01
-4.291475541221229650e-01 -5.176136444923351565e-01 6.121563400863373694e+00 -5.176136444923351565e-01 -1.216784360908547491e+01 1.274488181182238833e+01 6.121563400863373694e+00 1.274488181182238833e+01 1.303673289421749537e+01
2.950036390595164093e+01 -1.616133483788575909e+00 -8.201260767674973806e+00 -1.616133483788575909e+00 4.905726891184377791e+01 -3.207200126480771907e+00 -8.201260767674973806e+00 -3.207200126480771907e+00 4.006979148427252113e+00
1.462484589938573443e+00 1.241882274336792058e+01 -4.263394851555649012e+00 1.241882274336792058e+01 -6.817831587393384796e-01 -1.651811105585788142e-01 -4.263394851555649012e+00 -1.651811105585788142e-01 1.396968182373544920e+01
-2.805772930823977873e+01 2.859970039552541810e+00 -9.155508194905944919e+00 2.859970039552541810e+00 -2.770268703563720791e+01 1.125709115175296127e+01 -9.155508194905944919e+00 1.125709115175296127e+01 -3.936384638958795534e+01
2.744217211785158383e+01 1.282220808832660275e+01 1.647099716615092690e+00 1.282220808832660275e+01 2.837963133136205229e+01 -1.469635782548696845e+01 1.647099716615092690e+00 -1.469635782548696845e+01 -1.014588855311717275e+01
1.413723531576789760e+01 9.008706424484289599e+00 -2.352157868913955951e+00 9.008706424484289599e+00 2.131287242434143892e+01 -1.772316332539579520e+01 -2.352157868913955951e+00 -1.772316332539579520e+01 3.570640014053103783e+01
-2.041923183332474423e+01 3.553126753515984504e+00 1.459233579931949620e+01 3.553126753515984504e+00 -1.572411095935833991e+01 1.697345475304327067e+01 1.459233579931949620e+01 1.697345475304327067e+01 -3.770034667383713156e+01
1.610612711861003632e+01 -3.357120159100772661e+00 4.669330785733416533e+00 -3.357120159100772661e+00 -2.614935913918739363e+00 -7.138885231048905933e-01 4.669330785733416533e+00 -7.138885231048905933e-01 -7.572032799298760164e-01
1.566387562427340363e+01 -8.966423266772746814e+00 -8.097399516899391969e+00 -8.966423266772746814e+00 1.576479315606643894e+01 -4.661693937568493595e+00 -8.097399516899391969e+00 -4.661693937568493595e+00 -9.045185437020325514e-01
-3.732913590666253612e+01 -5.379986437754136208e-01 1.472683501455077371e-01 -5.379986437754136208e-01 -5.083033022328487505e+01 -6.728275246068243121e+00 1.472683501455077371e-01 -6.728275246068243121e+00 -3.665995355142116097e+01
2.130924918119189826e+01 -3.061619281829750516e+00 -8.708854867999066940e+00 -3.061619281829750516e+00 3.429288278066763240e+01 -1.144544744078178944e+01 -8.708854867999066940e+00 -1.144544744078178944e+01 4.757319744868876654e+00
-3.133171188460756795e+01 -4.196886646479957683e+00 1.616678629358570163e+01 -4.196886646479957683e+00 -3.989228484525578011e+01 -9.908217613866627360e+00 1.616678629358570163e+01 -9.908217613866627360e+00 -3.842643341060701800e+01
3.681363479287934837e+01 -4.100408970598835801e+00 1.911360286115367302e+01 -4.100408970598835801e+00 2.504745212915375774e+01 -1.566500761871505887e+01 1.911360286115367302e+01 -1.566500761871505887e+01 1.216683989934346499e+01
8.997199249813185418e+00 1.248138048356396013e+01 -5.781644488981723562e+00 1.248138048356396013e+01 -3.063970569184746751e+01 -5.494122715019471137e+00 -5.781644488981723562e+00 -5.494122715019471137e+00 -3.562746684060672919e+01
6.205672958764014879e+01 2.885596694686980879e+00 4.744556138686217395e+00 2.885596694686980879e+00 5.835494666274817632e+01 -2.440892767943154240e+00 4.744556138686217395e+00 -2.440892767943154240e+00 4.398247411887064828e+01
2.277459884723464612e+01 2.860624805898651424e+00 6.578153270497708149e+00 2.860624805898651424e+00 5.036816608046728483e+00 1.076979115134284726e+01 6.578153270497708149e+00 1.076979115134284726e+01 -1.877964256378514918e+01
3.859184561244120459e+01 -3.828190789978846098e+00 -4.244880219547821909e+00 -3.828190789978846098e+00 4.864740265652003615e+01 -1.032515444303564500e+01 -4.244880219547821909e+00 -1.032515444303564500e+01 7.766824973849146829e+01
4.071400320429330577e+01 -1.604960269735488865e+01 5.951800808984135660e-01 -1.604960269735488865e+01 2.552049634474139950e+01 -1.004114003424481005e+01 5.951800808984135660e-01 -1.004114003424481005e+01 -3.164434101939380639e+01
1.068388274143992955e+00 3.820416513665987779e+00 4.290083008544097076e+00 3.820416513665987779e+00 -1.267548539105290528e+00 1.209448486876185846e+01 4.290083008544097076e+00 1.209448486876185846e+01 -2.082651900884849283e+01
-5.777972750109655609e-01 6.225351063810337093e-01 1.454024416671033570e+01 6.225351063810337093e-01 -9.561223332278833809e+00 -1.234845250331744415e+00 1.454024416671033570e+01 -1.234845250331744415e+00 -3.503748482375868889e+01
-4.441062630922567589e-01 2.106736007399614974e-01 6.011569397432313444e+00 2.106736007399614974e-01 -5.377361288804430650e+00 -3.698029106641062214e+00 6.011569397432313444e+00 -3.698029106641062214e+00 -6.826749423899145519e-01
-3.381480260502526036e+00 -3.355495899713694552e+00 9.044071558250401210e+00 -3.355495899713694552e+00 9.912544668440370188e+00 -5.555966316858326870e+00 9.044071558250401210e+00 -5.555966316858326870e+00 -6.467331370240566590e-01
-3.978596273382169812e+01 9.576943236635459655e+00 1.508913352483268300e+00 9.576943236635459655e+00 -3.972892015682830191e+01 -5.590483030265502862e+00 1.508913352483268300e+00 -5.590483030265502862e+00 -4.239462086784079986e+01
-1.567647191261758088e+01 1.079457370970337315e+01 3.471206364810802025e+00 1.079457370970337315e+01 -1.639608688871146569e+01 1.156180445078475039e+01 3.471206364810802025e+00 1.156180445078475039e+01 -2.084660791732097707e+01
2.856365828445006017e+01 1.651923001403308999e-01 -1.356449927237991515e+00 1.651923001403308999e-01 2.813924824747027031e+01 -5.358478212974706167e+00 -1.356449927237991515e+00 -5.358478212974706167e+00 -1.669144458916582696e+00
4.382000813882839196e+01 1.599207390404186313e+01 2.674521574888992781e+00 1.599207390404186313e+01 5.012076435390741835e+01 -5.868250345762776377e+00 2.674521574888992781e+00 -5.868250345762776377e+00 4.825505620803135542e+01
1.486065125094449968e+01 -6.437159494987983344e+00 8.459308114423857106e+00 -6.437159494987983344e+00 3.067248469697785307e+00 -8.854262262514913218e+00 8.459308114423857106e+00 -8.854262262514913218e+00 -7.932650052976698341e+00
2.121021652628441601e+01 -1.952686623366094443e+00 -6.130441273601180185e+00 -1.952686623366094443e+00 2.006395602515658538e+01 -7.047036566730372487e-01 -6.130441273601180185e+00 -7.047036566730372487e-01 -1.230214363800765298e+01
1.402579292971902980e+00 -5.893339549480746120e-01 -3.810591951270283939e+00 -5.893339549480746120e-01 -2.031331602638769596e+01 -5.286828102025431519e+00 -3.810591951270283939e+00 -5.286828102025431519e+00 1.323392418659851977e+01
-1.504847006345231364e+01 5.935165777777831053e+00 -1.158958611868033950e+00 5.935165777777831053e+00 -9.637822204216471178e+00 9.961074434311102621e+00 -1.158958611868033950e+00 9.961074434311102621e+00 8.909479197147199825e-01
4.603797577248785444e+01 -2.134380006811117525e+01 1.135259843952407799e+01 -2.134380006811117525e+01 4.955862302797082464e+01 4.931823043445437982e+00 1.135259843952407799e+01 4.931823043445437982e+00 -8.043076138053411483e+00
-1.684509538153004016e+01 -8.107357985570736503e+00 6.069891988228333091e+00 -8.107357985570736503e+00 -1.833649384322909626e+01 2.062190070260156460e+01 6.069891988228333091e+00 2.062190070260156460e+01 -2.168758951851059180e+01
-1.678005930869760132e+00 -3.196320804613983935e+00 -5.086058171741814959e+00 -3.196320804613983935e+00 -8.325907575050505827e+00 1.866572395050201338e+00 -5.086058171741814959e+00 1.866572395050201338e+00 -1.612279183428166363e+01
7.945328128221836650e+00 5.485785620325454914e+00 -1.215866119584039318e+01 5.485785620325454914e+00 1.153305907492129023e+01 5.464809098280601241e+00 -1.215866119584039318e+01 5.464809098280601241e+00 1.759360139927573030e+01
-4.690175091479201086e+01 -1.000144207034195531e+01 -2.889079208941160104e+00 -1.000144207034195531e+01 -3.549080254572732684e+01 4.086000646776414946e+00 -2.889079208941160104e+00 4.086000646776414946e+00 -4.517245171088777766e+01
3.568100010453642223e+00 -3.519837846905337297e+00 5.450230100491231688e+00 -3.519837846905337297e+00 3.031223513525930002e+01 5.401819769541577720e+00 5.450230100491231688e+00 5.401819769541577720e+00 3.729774890899524564e+01
