-1.973108035232152391e+00 -1.983193487648057740e+01 1.747642716645376026e+01 -1.983193487648057740e+01 -2.968081950097166910e+01 7.723459358325847290e+00 1.747642716645376026e+01 7.723459358325847290e+00 9.483192089357991961e+00
-1.861083004922649664e+01 -1.869144681430451982e+01 -2.360752594643934721e+00 -1.869144681430451982e+01 -2.814446078672336427e+01 9.511521398569561470e+00 -2.360752594643934721e+00 9.511521398569561470e+00 -1.183098803684558398e+01
1.660665848249825993e+00 -2.556633540605003141e+00 7.020607691350075008e+00 -2.556633540605003141e+00 -1.577721006653427072e+00 9.906548238180027610e+00 7.020607691350075008e+00 9.906548238180027610e+00 -2.251851210456349950e+00
-7.319556558179926009e-01 -1.312808753426900488e+01 2.569422346565302817e+01 -1.312808753426900488e+01 -4.343685058749774619e+00 -1.254435019998962453e+01 2.569422346565302817e+01 -1.254435019998962453e+01 1.945356413937475493e+00
1.177277937576599065e+01 7.795298031558582252e+00 2.335431509790452154e+01 7.795298031558582252e+00 -2.814993560263406280e+01 1.301785586536982819e+01 2.335431509790452154e+01 1.301785586536982819e+01 -4.051041743326244671e+00
1.670604135485977793e+01 -8.238965270470215430e+00 1.719899207958411935e+01 -8.238965270470215430e+00 2.540415995397913296e+00 -1.303322530784406119e+01 1.719899207958411935e+01 -1.303322530784406119e+01 2.835862286408267963e+01
5.690560975449790959e+01 5.073113782151396300e+00 1.684992658173415092e-01 5.073113782151396300e+00 4.187132795040437827e+01 -3.125406475117779692e+00 1.684992658173415092e-01 -3.125406475117779692e+00 5.928888604685797503e+01
-2.853938709076472335e+01 2.989036421622182971e+00 2.055000015998443175e+01 2.989036421622182971e+00 -5.427369310729606866e+01 7.922124766926357253e+00 2.055000015998443175e+01 7.922124766926357253e+00 -2.033596646809532160e+01
2.078149848256500576e+01 -1.239713072621856593e+00 2.350831054730427638e+01 -1.239713072621856593e+00 -1.457048419125241345e+01 2.422353946227136234e-01 2.350831054730427638e+01 2.422353946227136234e-01 -2.343722599834994202e+00
-2.734488536441649487e+01 -6.077933135434657963e+00 9.982639864075053993e+00 -6.077933135434657963e+00 -4.143316620387416549e+01 -1.107621515980432747e+01 9.982639864075053993e+00 -1.107621515980432747e+01 4.559848333922515096e+00
-2.938265766250047406e+01 2.701558105632222251e+01 5.221685749231084195e+00 2.701558105632222251e+01 -5.806370617053129735e+01 -1.307789284191041013e+01 5.221685749231084195e+00 -1.307789284191041013e+01 -3.895703577377834392e+01
-2.469963959504489281e+01 -2.175337714601403505e+01 8.262299688424192823e+00 -2.175337714601403505e+01 -2.149306673608108298e+01 6.414982600917486621e+00 8.262299688424192823e+00 6.414982600917486621e+00 -8.273953355917287311e+00
-2.543960779742444345e+01 1.345327301361130168e+01 -2.459462133418534258e+00 1.345327301361130168e+01 -6.543441508062456080e+01 1.216344089938953843e+01 -2.459462133418534258e+00 1.216344089938953843e+01 -3.865104637208212779e+01
-3.430201639475649156e+00 -8.791263446610136256e+00 -4.356362548336822904e+00 -8.791263446610136256e+00 -2.860760325488787359e+01 -1.032043120765711031e+01 -4.356362548336822904e+00 -1.032043120765711031e+01 -4.632982242472936107e+00
1.037568293253488250e+01 -3.603203955174810513e+00 1.623382513699699103e+01 -3.603203955174810513e+00 -8.532827659050095548e+00 3.614039840251303648e+00 1.623382513699699103e+01 3.614039840251303648e+00 -4.621494098434874687e+00
9.049883332398446001e+00 2.900932278453657975e+00 6.209424698104119678e+00 2.900932278453657975e+00 -8.859612425238289291e+00 4.075317531464999199e+00 6.209424698104119678e+00 4.075317531464999199e+00 2.450818449851696279e+00
2.818113186928148384e-01 6.269441135691262268e+00 7.151667561546831919e+00 6.269441135691262268e+00 -1.980179866165751079e+01 -4.940162273724122421e+00 7.151667561546831919e+00 -4.940162273724122421e+00 1.357007141461373934e+01
-1.220867649132899047e+01 1.242982219080631801e+01 2.883383234572297393e+00 1.242982219080631801e+01 -1.622809945158080325e+01 8.571464637096410932e-01 2.883383234572297393e+00 8.571464637096410932e-01 -5.009028564216133184e+00
-2.600973813507702204e+01 9.434491410406254275e+00 1.013456413020972668e+01 9.434491410406254275e+00 -5.631837940120064445e+01 3.150101034630847341e+00 1.013456413020972668e+01 3.150101034630847341e+00 -2.755525765690410722e+01
3.175674877375107386e+01 -1.263253798128180172e+00 1.374959461525616788e+01 -1.263253798128180172e+00 -3.211214511616573564e+00 -4.216845506979116642e+00 1.374959461525616788e+01 -4.216845506979116642e+00 3.631461886760833124e+01
2.788214635504610683e+01 1.384264963195014353e+00 1.405208845093387282e+01 1.384264963195014353e+00 5.837166286970438378e+00 -1.254840655432906793e+01 1.405208845093387282e+01 -1.254840655432906793e+01 3.911412543148354359e+01
2.158007636652360262e+01 -4.010244069473850814e+00 2.801765128427716744e-01 -4.010244069473850814e+00 -6.363566429175405936e+00 -5.230649793119916069e+00 2.801765128427716744e-01 -5.230649793119916069e+00 2.850166864429188252e+01
1.161372190379847602e+01 -1.275015177137067113e+01 8.614728230074170767e+00 -1.275015177137067113e+01 -1.988801685134099273e+01 9.848822456008449189e-01 8.614728230074170767e+00 9.848822456008449189e-01 -1.815312967219247753e+01
2.212302433520855871e+01 -4.196240746224937368e+00 1.646890846465727698e+00 -4.196240746224937368e+00 9.518766177010746787e+00 2.523391851754771764e+00 1.646890846465727698e+00 2.523391851754771764e+00 3.835718477794989667e+01
5.182315993903222306e+01 7.917394602505924972e+00 9.563881667511045848e+00 7.917394602505924972e+00 2.806100946925120709e+01 -4.086470049989783249e+00 9.563881667511045848e+00 -4.086470049989783249e+00 3.239060651397801394e+01
-3.531482324665454087e+01 2.127435168248581823e-02 6.702884611520818048e+00 2.127435168248581823e-02 -7.355817285414640594e+01 -3.324098683317411318e-01 6.702884611520818048e+00 -3.324098683317411318e-01 -3.188092218434641012e+01
1.622778752384239453e+01 -1.303641966168263266e+01 1.696351258814334528e+01 -1.303641966168263266e+01 -9.470204581323383053e+00 3.567374394229240853e+00 1.696351258814334528e+01 3.567374394229240853e+00 1.837442637075137952e+01
3.105280586051456027e+01 -7.559802183157871447e+00 7.284365803275715479e+00 -7.559802183157871447e+00 7.192210811747717258e+00 7.227615750760590707e+00 7.284365803275715479e+00 7.227615750760590707e+00 3.727888249697510759e+01
1.462730325773461715e+01 3.503586250997381413e+00 1.651629561930502632e+01 3.503586250997381413e+00 1.054400971681483590e+01 2.177980687080594557e-01 1.651629561930502632e+01 2.177980687080594557e-01 2.703082773252619475e+01
1.256699482537354129e+01 -4.159461153340965112e+00 7.663196752463164785e+00 -4.159461153340965112e+00 -2.059022194153282115e+01 -3.466265981916548888e+00 7.663196752463164785e+00 -3.466265981916548888e+00 1.510436825283918161e+01
-1.897748296373298871e+01 -6.703328621803397169e+00 1.500812924750085564e+01 -6.703328621803397169e+00 -3.855696688539080697e+01 5.450760921509671952e+00 1.500812924750085564e+01 5.450760921509671952e+00 -2.478774690085024801e+01
-2.414992404184796015e+01 -1.346271695551252634e+01 1.037344436730348640e+01 -1.346271695551252634e+01 -7.832114492115194082e+01 1.292495146583867438e+01 1.037344436730348640e+01 1.292495146583867438e+01 -3.058750082022197603e+01
1.060091499165570461e+01 -1.209991766978719596e+01 1.457738776284783766e+00 -1.209991766978719596e+01 -5.720494154593114722e+00 8.791568622367202934e+00 1.457738776284783766e+00 8.791568622367202934e+00 1.726044867435456354e+01
4.974104974211878982e+01 -1.763466575520826751e+01 8.240682450085341060e+00 -1.763466575520826751e+01 6.101319707781008361e+01 8.372200391024255950e+00 8.240682450085341060e+00 8.372200391024255950e+00 3.238502381196089885e+01
-3.133784229537730059e+00 -6.112599227938639856e+00 -4.474029390630169800e+00 -6.112599227938639856e+00 -1.863286622492254807e+01 3.722581807592194814e+00 -4.474029390630169800e+00 3.722581807592194814e+00 1.154855648009013080e+01
-4.580209173284159618e+01 2.765230971980063845e+00 4.042189628306650739e+00 2.765230971980063845e+00 -5.193109253268237779e+01 -3.385272785233400583e+00 4.042189628306650739e+00 -3.385272785233400583e+00 -2.998170206378146574e+01
-3.480004484430146050e+01 1.377619410254595600e+01 1.017122028818016055e+01 1.377619410254595600e+01 -4.033450602296990439e+01 -3.105545664325462862e+00 1.017122028818016055e+01 -3.105545664325462862e+00 -3.091342189956304054e+01
3.249790468947175270e+01 -3.190633229334172594e+00 1.370415833588577570e+01 -3.190633229334172594e+00 1.159616603315673977e+01 1.038991338869140435e+01 1.370415833588577570e+01 1.038991338869140435e+01 2.767696945765954197e+01
2.601246390220475213e+00 5.614019465636730821e+00 -3.419504316418169876e-01 5.614019465636730821e+00 -1.218533653059805388e+01 1.393661864595079125e+00 -3.419504316418169876e-01 1.393661864595079125e+00 -4.937262403777196718e-01
5.737856408484993231e+00 6.038818670552844381e+00 1.652230974834019506e+01 6.038818670552844381e+00 -3.450588770003137995e+01 4.964724031930133563e+00 1.652230974834019506e+01 4.964724031930133563e+00 1.370367809876564635e+01
2.324411885982845050e+01 -7.113280879128976331e+00 7.674324203968923896e+00 -7.113280879128976331e+00 1.324681993558747806e+01 -7.819391415364440157e+00 7.674324203968923896e+00 -7.819391415364440157e+00 2.960839230353226981e+01
3.949686460905940777e+01 -5.051401251951171290e+00 1.950746782197778728e+01 -5.051401251951171290e+00 2.647679552031630301e+00 6.641852361638376223e+00 1.950746782197778728e+01 6.641852361638376223e+00 3.804253936562822247e+01
-5.383054005845222889e+01 -2.179629406155003668e+00 1.127803393004596977e+00 -2.179629406155003668e+00 -5.826929567994167058e+01 -4.987612890489806716e+00 1.127803393004596977e+00 -4.987612890489806716e+00 -4.582173876978230709e+01
6.534331125968828147e+00 1.022549381635377452e+00 1.294709656756495342e+01 1.022549381635377452e+00 -8.454990898641554509e+00 1.103491482190275486e+00 1.294709656756495342e+01 1.103491482190275486e+00 1.307751629186162168e+00
-2.384228768695671796e+00 -4.469493159111602942e+00 3.080783273959394464e+01 -4.469493159111602942e+00 -6.766856284891268558e+01 -1.981610852924184263e+00 3.080783273959394464e+01 -1.981610852924184263e+00 -4.793487148561523270e+01
4.418929378681743003e+01 4.542244968798000215e+00 2.055229094258007905e+01 4.542244968798000215e+00 -2.031333658659505659e+01 2.759256053930998931e+01 2.055229094258007905e+01 2.759256053930998931e+01 1.283941789918636189e+01
-1.133977296246468924e+01 -3.389818604293372228e+00 1.312204970340274990e+01 -3.389818604293372228e+00 -2.959625547220738540e+01 -2.324354811139269827e+01 1.312204970340274990e+01 -2.324354811139269827e+01 -1.750894216539662196e+01
7.342209475898972215e+00 3.066552175068013142e+00 3.060766431487511596e+00 3.066552175068013142e+00 -2.713733496639322595e+01 -2.620567173640962810e+00 3.060766431487511596e+00 -2.620567173640962810e+00 1.010274409013126018e+01
9.142252268457534470e+00 4.460500070764512159e+00 5.939089940633474285e+00 4.460500070764512159e+00 -6.339663058140724061e+00 6.586629978934179341e+00 5.939089940633474285e+00 6.586629978934179341e+00 -3.656609200025954021e+00
1.648260678792950884e+01 5.726036022758147936e+00 4.162538982696857737e+00 5.726036022758147936e+00 -1.507936576819107444e+01 -2.883266773799080696e+00 4.162538982696857737e+00 -2.883266773799080696e+00 1.694059632919951497e+01
4.218162295630114045e+01 3.473489642116067699e+00 -2.973858675128704387e-01 3.473489642116067699e+00 4.045739917743839698e+01 -2.836322157553921475e+00 -2.973858675128704387e-01 -2.836322157553921475e+00 3.370167958226521421e+01
-1.087270493309516084e+01 1.318936067924416378e+01 2.200338018543588348e+01 1.318936067924416378e+01 -3.459057119614732301e+01 -1.596890855245945318e+00 2.200338018543588348e+01 -1.596890855245945318e+00 -2.716698266653586202e+01
3.502641694027241925e+01 1.547113898300017354e+01 1.136430085848624394e+01 1.547113898300017354e+01 4.940630317916053116e+00 -6.005208108013502244e-01 1.136430085848624394e+01 -6.005208108013502244e-01 3.604406280173979837e+01
-1.886017778223767039e+01 6.734469629653764278e-01 -4.565649309065776151e+00 6.734469629653764278e-01 -4.941977297388682189e+01 -4.311364848300867969e+00 -4.565649309065776151e+00 -4.311364848300867969e+00 -2.555086904579902196e+01
2.421299629233151673e+00 9.016778534907171627e-01 2.573456962795473313e+00 9.016778534907171627e-01 -2.748158029837811611e+01 1.378380310084724281e+00 2.573456962795473313e+00 1.378380310084724281e+00 -2.840613357904286929e+00
1.716901636961729594e+01 4.435523261889729452e-01 2.175137415868912072e+00 4.435523261889729452e-01 -7.791769091549860526e+00 4.453073553245687322e+00 2.175137415868912072e+00 4.453073553245687322e+00 3.616885119272569682e+01
-6.864116600447687233e+00 -9.213119563202036844e+00 3.302349292406984205e+01 -9.213119563202036844e+00 -2.239847001924090719e+01 1.513112762265073030e+01 3.302349292406984205e+01 1.513112762265073030e+01 7.729526152987413745e+00
-2.439565826219090994e+01 -6.090119792117932640e+00 -4.937431967414750433e-01 -6.090119792117932640e+00 -3.333433228737349197e+01 2.922554645333207635e+00 -4.937431967414750433e-01 2.922554645333207635e+00 -1.108041854389430547e+01
5.672776407089250483e+01 1.696123114652776209e+00 9.832932814607648453e+00 1.696123114652776209e+00 2.318997834317969264e+01 5.201628033870119294e-01 9.832932814607648453e+00 5.201628033870119294e-01 5.790795214099517807e+01
9.381502163971992658e+00 4.062924619306499174e+00 9.786645963704810214e+00 4.062924619306499174e+00 -3.728019494555169899e+01 -4.030152883119122009e+00 9.786645963704810214e+00 -4.030152883119122009e+00 1.408573259500795949e+01
-7.531622709756836009e+00 -2.007520639914497806e+01 3.059081522574635414e+01 -2.007520639914497806e+01 -4.819233039942499630e+01 -5.715384255990534790e+00 3.059081522574635414e+01 -5.715384255990534790e+00 -1.916874736771516297e+01
-1.584592032616032853e+01 1.204747942439551522e+01 1.303437363455394227e+01 1.204747942439551522e+01 -3.910921060301993180e+01 9.291066649742846906e+00 1.303437363455394227e+01 9.291066649742846906e+00 1.298455278068738927e+01
-7.601310714478207942e+00 -5.504690672390813333e+00 1.286659087343537067e+01 -5.504690672390813333e+00 -3.633599797920845731e+01 -1.871606167939931398e+00 1.286659087343537067e+01 -1.871606167939931398e+00 1.597709746680764376e+01
-1.400517497300356240e+01 6.012994439099738075e-01 2.601702702047665028e+01 6.012994439099738075e-01 -4.332595996871504695e+01 -3.162240702420642258e+00 2.601702702047665028e+01 -3.162240702420642258e+00 -7.598427342992133404e+00
-2.774507572078750428e+01 -1.201952280253809624e+00 1.897772868621098041e+01 -1.201952280253809624e+00 -3.618121659947692592e+01 1.662555080448892397e+01 1.897772868621098041e+01 1.662555080448892397e+01 -2.030334531148571386e+01
-1.033784718957205406e+01 5.124134833000630884e+00 1.678287129498762553e+01 5.124134833000630884e+00 -2.290553564681319187e+01 5.693280268653501786e+00 1.678287129498762553e+01 5.693280268653501786e+00 2.182482570511198094e+00
5.443321105520248437e+01 9.084176415972580187e+00 1.370484644064884172e+01 9.084176415972580187e+00 7.506824143939566873e+00 -1.176060282374716692e+01 1.370484644064884172e+01 -1.176060282374716692e+01 3.854245874098882751e+01
1.119977658585529134e+01 -4.647214819366430660e+00 -9.742885096964358782e-01 -4.647214819366430660e+00 3.104652973004825345e+00 4.440211628263768695e+00 -9.742885096964358782e-01 4.440211628263768695e+00 1.372710957029978651e+01
-1.445223016294347573e+01 1.494455049402181102e+00 1.093405980454248017e+01 1.494455049402181102e+00 -2.558083543838311513e+01 1.020250464090355802e+00 1.093405980454248017e+01 1.020250464090355802e+00 -6.061863956699478528e+00
-1.777408871729195283e+01 6.048315910396613759e+00 2.222909317135632445e+00 6.048315910396613759e+00 -3.453982695750414678e+01 6.462933098003461607e-01 2.222909317135632445e+00 6.462933098003461607e-01 -4.401381123407185569e+00
3.179694596772070980e+01 3.496147480305979549e+00 2.026013006802946492e+01 3.496147480305979549e+00 7.887286703365861129e+00 -5.760343376228526324e+00 2.026013006802946492e+01 -5.760343376228526324e+00 4.728454440751944787e+01
4.234095085497777688e+01 1.296753760246133202e-01 1.028290947186321347e+01 1.296753760246133202e-01 3.351797074368893448e+01 4.958088741349498285e+00 1.028290947186321347e+01 4.958088741349498285e+00 3.587909432481493610e+01
3.150360867696089429e+01 1.123312371521344583e-01 7.850771792183421915e+00 1.123312371521344583e-01 1.288674203368570303e+01 -2.999379285035873810e+00 7.850771792183421915e+00 -2.999379285035873810e+00 3.369023800386174372e+01
-4.303114172903691070e+01 -1.010337199868720681e+01 4.988455934216783128e+00 -1.010337199868720681e+01 -5.325759577289908009e+01 -3.492984322572834532e+00 4.988455934216783128e+00 -3.492984322572834532e+00 -8.041017794738392510e+00
3.267870903486839751e+01 -5.028507225513406453e+00 2.742705239830047148e+01 -5.028507225513406453e+00 3.513992962224010252e+00 2.881486398044059705e+00 2.742705239830047148e+01 2.881486398044059705e+00 2.515214096150276646e+01
-1.207798440034630971e+01 -2.165876978245448115e+00 2.057869994610675590e+01 -2.165876978245448115e+00 -2.822058498415148975e+01 -1.328644483717517133e+01 2.057869994610675590e+01 -1.328644483717517133e+01 -1.873877547830079315e+00
1.091127375309965153e+01 -5.440308766570848498e+00 5.231455663102912546e+00 -5.440308766570848498e+00 -1.216418480202336028e+01 1.037722708405857119e+01 5.231455663102912546e+00 1.037722708405857119e+01 1.766166172848311433e+01
2.605747203248324873e+00 3.898315670947650191e-01 1.225276480829299253e+01 3.898315670947650191e-01 -1.328023863431819152e+01 9.728777641505725882e+00 1.225276480829299253e+01 9.728777641505725882e+00 1.596933017635619123e+01
1.307078953385924081e+01 2.133163189938675486e-01 1.048802925724691448e+01 2.133163189938675486e-01 5.753874249979881034e-02 3.278031020742657287e+00 1.048802925724691448e+01 3.278031020742657287e+00 -7.174869703852605696e+00
-4.392811062300674507e+01 -1.573213341545801569e+01 1.549664143597611776e+01 -1.573213341545801569e+01 -7.934492096786854631e+01 2.245932393388847093e+00 1.549664143597611776e+01 2.245932393388847093e+00 -2.708976035248864989e+01
-6.650160702590828699e+00 -3.865262239002456912e+00 1.298382572006336311e+01 -3.865262239002456912e+00 -2.898228613146592281e+01 -5.957829667243583316e+00 1.298382572006336311e+01 -5.957829667243583316e+00 2.159372285290628302e+00
-3.238945655286971714e+01 -6.787786765451486737e-01 -1.477410299275335293e+00 -6.787786765451486737e-01 -6.829139091261986039e+01 -1.816523547458951615e+00 -1.477410299275335293e+00 -1.816523547458951615e+00 -2.976368310709712617e+01
1.303050237092961439e+01 6.395795146653248331e+00 1.173220675726590301e+01 6.395795146653248331e+00 -1.474768016109695168e+01 -3.528008819536396778e+00 1.173220675726590301e+01 -3.528008819536396778e+00 -6.703376917517189781e+00
-4.106986972503730726e+01 -7.958257131245136673e-01 -7.732639131461838566e+00 -7.958257131245136673e-01 -5.414240344422743334e+01 -7.518361718969234886e+00 -7.732639131461838566e+00 -7.518361718969234886e+00 -3.821865209642664496e+01
6.078594716467414116e+00 4.306120472935084820e+00 1.758398233472198147e+00 4.306120472935084820e+00 -1.217458163141155048e+01 -4.912008022242260630e+00 1.758398233472198147e+00 -4.912008022242260630e+00 1.079521092464445076e+01
-2.380605552991923091e+01 -5.293509857315052081e+00 2.138845628648878261e+01 -5.293509857315052081e+00 -3.899965553259242057e+01 1.463323202911947174e+00 2.138845628648878261e+01 1.463323202911947174e+00 -7.643422376878381996e+00
3.749398761324695784e+01 8.764686657444473283e+00 1.798384387920606642e+01 8.764686657444473283e+00 2.942340573126020331e+01 -9.769062176396385411e+00 1.798384387920606642e+01 -9.769062176396385411e+00 6.143452744486068440e+01
-1.198201918743860972e+01 1.245156657127491506e+01 1.521855558906716510e+01 1.245156657127491506e+01 -3.876762979844394152e+01 6.393966798180550803e+00 1.521855558906716510e+01 6.393966798180550803e+00 -1.795826796429919625e+01
-3.515575206637770833e+01 5.529599013067174162e+00 7.592352515473620223e+00 5.529599013067174162e+00 -6.749825108454179201e+01 -4.950560767298358478e+00 7.592352515473620223e+00 -4.950560767298358478e+00 -2.159003323652641271e+01
1.697528261467534350e+01 2.378028000445235879e+00 2.128500480987832177e-01 2.378028000445235879e+00 3.545369587434899383e+00 -5.747372394779185711e+00 2.128500480987832177e-01 -5.747372394779185711e+00 2.157422765616396276e+01
4.643604496417107441e+01 3.323921281760682689e+01 3.807121501606931968e+00 3.323921281760682689e+01 2.979352712781863133e+01 6.252303395613575177e+00 3.807121501606931968e+00 6.252303395613575177e+00 3.311438306788414820e+01
-3.685845987883517250e+00 -8.817306784735603031e+00 1.465122376525508407e+01 -8.817306784735603031e+00 -2.053731308004358524e+01 2.533942097762759804e+00 1.465122376525508407e+01 2.533942097762759804e+00 2.304048407359736039e+00
-6.949613758664328067e+00 -1.932285301841033842e+01 1.631899990784678778e+01 -1.932285301841033842e+01 -3.953998772054115562e+01 -1.520939580499599231e+01 1.631899990784678778e+01 -1.520939580499599231e+01 1.094158077745995161e+00
-1.042065168001246711e+01 -2.476940622211045806e+01 5.505585915672430275e+00 -2.476940622211045806e+01 -4.187515700264179230e+01 7.446256135069126980e-01 5.505585915672430275e+00 7.446256135069126980e-01 -2.870178649672604365e+01
6.343631493979975033e+01 1.029087776585762093e+01 2.790399938309470684e+01 1.029087776585762093e+01 1.761074206680471832e+01 -1.308865713489963412e+01 2.790399938309470684e+01 -1.308865713489963412e+01 6.004868950275121620e+01
2.576988047901947354e+01 9.832663456260958057e+00 1.648978228408338964e+01 9.832663456260958057e+00 4.945654932970086293e+00 1.103674154613390002e+01 1.648978228408338964e+01 1.103674154613390002e+01 4.828962464836423152e+01
-4.631654760274646065e+01 -8.134805440892433737e+00 1.192586615805767813e+01 -8.134805440892433737e+00 -6.091600714998325117e+01 1.157947509202957903e+01 1.192586615805767813e+01 1.157947509202957903e+01 -3.651619325250963044e+01
-1.844407540283275893e+01 -6.551461288474200728e+00 2.606543657512578349e+01 -6.551461288474200728e+00 -4.606190339043890702e+01 -4.779323707009045741e+00 2.606543657512578349e+01 -4.779323707009045741e+00 1.551493816549899130e+01
1.696180878298019223e+01 5.375826040546288098e+00 1.230613888304295145e+01 5.375826040546288098e+00 -3.034241660690556586e+01 -1.103823034987176399e+01 1.230613888304295145e+01 -1.103823034987176399e+01 2.673711977566926734e+01
4.567853970592393864e+01 2.942937822990042029e+00 1.742599330300224902e-01 2.942937822990042029e+00 2.994913369993348695e+01 -5.777095161654967725e+00 1.742599330300224902e-01 -5.777095161654967725e+00 5.769518672443018659e+01
