2.006222822360807712e+01 1.752087555392673579e+00 -1.859500710253586542e+00 1.752087555392673579e+00 2.499595688582819264e+01 -5.182500634929584571e+00 -1.859500710253586542e+00 -5.182500634929584571e+00 1.187598157037334445e+01
2.558083580412760227e+01 2.155288363406246077e+00 5.236004471103016478e+00 2.155288363406246077e+00 2.068421909950187754e+01 -9.467869100838344210e+00 5.236004471103016478e+00 -9.467869100838344210e+00 2.215217728584565648e+01
-1.618674093474705344e+01 -1.849227658136412211e+00 2.875337958913189329e+00 -1.849227658136412211e+00 -4.740254313194018465e+00 -2.685981310149287538e+00 2.875337958913189329e+00 -2.685981310149287538e+00 -1.979928063741127175e+01
4.362102460481312249e+01 -1.731139367799311657e+00 3.004668582477939553e-01 -1.731139367799311657e+00 4.287488461773569526e+01 -3.310043691444186642e+00 3.004668582477939553e-01 -3.310043691444186642e+00 4.829681713412517752e+01
-1.233149008585267481e+01 3.350043307097326561e+00 1.637121599922390036e+00 3.350043307097326561e+00 4.030623250153365866e+00 7.746491092417250535e+00 1.637121599922390036e+00 7.746491092417250535e+00 -2.062224977875528609e+01
-1.146681544995045954e+01 -4.395879129521063078e+00 6.775421765521749684e+00 -4.395879129521063078e+00 -1.383824448650221584e+01 3.873266652335567439e+00 6.775421765521749684e+00 3.873266652335567439e+00 -3.681461161362818757e+00
-1.472612376411269430e+01 1.037671732556155080e+00 -2.095734665006780517e+00 1.037671732556155080e+00 -1.775318740288792085e+01 -4.390340343371382792e-01 -2.095734665006780517e+00 -4.390340343371382792e-01 -1.378148989395920587e+01
-3.858286510690839832e-01 3.222750680369653953e+00 6.455558925781137880e+00 3.222750680369653953e+00 5.120275678698826383e+00 2.828269114020514508e+00 6.455558925781137880e+00 2.828269114020514508e+00 -8.399062338399842176e+00
-7.588446361634328063e+00 -9.048830411807428087e-01 -1.351320199584562731e+00 -9.048830411807428087e-01 -1.226935816875583729e+00 5.225396265549366426e+00 -1.351320199584562731e+00 5.225396265549366426e+00 -1.675496911487615037e+01
3.309469361313842484e+01 3.827026154475274833e+00 4.859373405494110010e+00 3.827026154475274833e+00 2.463348228334230683e+01 -4.576984457136978435e+00 4.859373405494110010e+00 -4.576984457136978435e+00 2.303600367425165985e+01
3.406868116667116198e+01 -4.992949071186152388e+00 1.509131682981538491e-01 -4.992949071186152388e+00 2.687475685388573510e+01 1.709150456095348103e+00 1.509131682981538491e-01 1.709150456095348103e+00 2.473687155215171529e+01
3.428277975791377230e+01 3.832903343972157373e+00 5.589305714059171315e+00 3.832903343972157373e+00 2.645141490897658798e+01 -2.326658996305334792e+00 5.589305714059171315e+00 -2.326658996305334792e+00 2.964030006347198309e+01
-1.095285254736551117e+01 1.521807899780219131e+00 3.257616911356918887e+00 1.521807899780219131e+00 -1.561809608937472760e+01 5.553893862591717578e+00 3.257616911356918887e+00 5.553893862591717578e+00 -1.855630053553278813e+01
-5.868967498417006823e+00 -5.399379851915530049e-01 -1.860187407653200120e+00 -5.399379851915530049e-01 -2.839643887212261575e+00 7.057359298356941757e+00 -1.860187407653200120e+00 7.057359298356941757e+00 -1.145297982643865708e+01
-1.950079128162296893e+00 7.468876222593245906e-02 8.004965757189012043e-01 7.468876222593245906e-02 -3.709293007793935004e+00 1.612164228459509685e+00 8.004965757189012043e-01 1.612164228459509685e+00 3.436694295975052604e+00
-2.569888593019396694e+01 -4.643559231037596824e+00 3.779195083945261491e+00 -4.643559231037596824e+00 -2.476849474313511479e+01 5.924388722975895583e+00 3.779195083945261491e+00 5.924388722975895583e+00 -2.689188911166431240e+01
2.673235590142578744e+01 3.964407230470764487e-01 3.251054643425623780e+00 3.964407230470764487e-01 3.189016148754255298e+01 5.262542965621862301e+00 3.251054643425623780e+00 5.262542965621862301e+00 3.515553265551102413e+01
1.472335072128018751e+01 -5.833375023574393303e+00 -5.730105944789029238e+00 -5.833375023574393303e+00 1.486711655516186426e+01 -5.438795566023829409e+00 -5.730105944789029238e+00 -5.438795566023829409e+00 2.406853334469251848e+01
1.651753705830811825e+01 -9.272550765454853350e-01 6.610337121643438119e-01 -9.272550765454853350e-01 1.716439581045965213e+01 -4.686264664785898759e+00 6.610337121643438119e-01 -4.686264664785898759e+00 1.550651106423203451e+01
3.346223120557329622e+01 -4.875596430930516867e+00 8.631077131644401268e-01 -4.875596430930516867e+00 2.755030669918165387e+01 -2.103175768843309257e+00 8.631077131644401268e-01 -2.103175768843309257e+00 3.328379640238401294e+01
-1.921762872017527046e+00 -2.391812306725291659e+00 -3.253763524119893447e+00 -2.391812306725291659e+00 1.158808262466776640e+01 -2.282098971474331162e+00 -3.253763524119893447e+00 -2.282098971474331162e+00 -2.190769293022127417e+00
7.435694013507439415e+00 3.978183508737739960e+00 -1.241601215302567507e+00 3.978183508737739960e+00 1.588281845841415496e+01 -1.540020077203383853e+00 -1.241601215302567507e+00 -1.540020077203383853e+00 6.968862286723379817e+00
-1.189829073485273092e+01 3.032063269850320264e+00 1.299327099143385011e-01 3.032063269850320264e+00 -5.218876814152658028e+00 3.492640714496963561e+00 1.299327099143385011e-01 3.492640714496963561e+00 -1.565070754473475034e+01
-1.472444205762196390e+01 4.894954128065727716e-01 2.224696316756621606e+00 4.894954128065727716e-01 -1.210986913129083931e+01 1.557336183777408234e+00 2.224696316756621606e+00 1.557336183777408234e+00 -1.596395270833004787e+01
-5.006784269976583879e+00 6.355637408765076657e+00 -5.893985168695386356e+00 6.355637408765076657e+00 -6.172833856678723308e+00 4.551158445208655756e+00 -5.893985168695386356e+00 4.551158445208655756e+00 -1.038882614516719194e+01
2.654390783928278097e+01 3.238548799101755193e+00 -6.333236900985746765e+00 3.238548799101755193e+00 2.499711810656601685e+01 -2.946218164635804326e-01 -6.333236900985746765e+00 -2.946218164635804326e-01 2.205464914883542704e+01
2.330903759632386496e+01 1.142785123184831608e+00 3.330962626641792990e-01 1.142785123184831608e+00 1.626493871536061420e+01 8.851100757568012511e+00 3.330962626641792990e-01 8.851100757568012511e+00 2.621791330543622323e+01
-1.643930245003748514e+00 2.664185523436268105e-02 1.255583694506244408e+00 2.664185523436268105e-02 2.917669212492219000e+00 1.228299537555536336e+00 1.255583694506244408e+00 1.228299537555536336e+00 -6.796918758329122845e+00
1.137606654631664682e+01 -1.864085148546190895e+00 -2.370500384990072151e-01 -1.864085148546190895e+00 1.552775225628074374e+01 -4.172209288397247029e+00 -2.370500384990072151e-01 -4.172209288397247029e+00 1.409528500193360046e+01
4.130716868537042785e+01 3.184242634578712261e-01 -5.316506245111399132e+00 3.184242634578712261e-01 4.781397309290778708e+01 -5.941498655680300445e+00 -5.316506245111399132e+00 -5.941498655680300445e+00 4.956487050845009890e+01
-2.387680651094197160e+01 -4.505101835244150976e+00 -1.554460461386618197e+00 -4.505101835244150976e+00 -2.393490099863292997e+01 -8.664974384380562000e+00 -1.554460461386618197e+00 -8.664974384380562000e+00 -2.783870393874403604e+01
-3.642042047530529292e+00 -2.151185148916220147e+00 6.383365995468952558e-01 -2.151185148916220147e+00 -2.534881581826094354e+00 -1.378107134991072291e+00 6.383365995468952558e-01 -1.378107134991072291e+00 -7.254596219079642694e+00
-3.669929296014142750e+01 -7.117413401203951828e+00 1.742075680085597433e+00 -7.117413401203951828e+00 -3.625209499720351403e+01 4.741783162809306340e+00 1.742075680085597433e+00 4.741783162809306340e+00 -5.474857280414060057e+01
-1.610686386501259193e+01 -3.497079061376695996e+00 -7.390964641183106032e+00 -3.497079061376695996e+00 -2.059640938344685068e+01 4.803723256994786084e+00 -7.390964641183106032e+00 4.803723256994786084e+00 -1.458521585822704658e+01
2.415435197664045930e+01 -5.478519168338518597e+00 1.405173938368972308e+00 -5.478519168338518597e+00 2.174981605488919811e+01 7.453976392696183950e+00 1.405173938368972308e+00 7.453976392696183950e+00 6.583502510254513496e+00
-3.400818688796726885e+00 -5.528871173198322136e-02 3.694873029263412434e+00 -5.528871173198322136e-02 -3.013347372849037309e-01 6.371780096289836770e+00 3.694873029263412434e+00 6.371780096289836770e+00 2.532268030707212070e+00
4.480149101135130252e+01 -1.399843761227635541e+00 5.152955803052879924e-01 -1.399843761227635541e+00 5.085406707015685157e+01 5.923332024681063679e+00 5.152955803052879924e-01 5.923332024681063679e+00 4.440881648584426955e+01
1.095571927556300196e+01 4.972796169699488900e+00 4.519368082044474377e+00 4.972796169699488900e+00 1.582483536708446081e+01 5.014928566253477271e+00 4.519368082044474377e+00 5.014928566253477271e+00 -1.177455858229473629e+00
-1.476863190826046512e+01 -2.884391842560062980e+00 3.089373968701607520e+00 -2.884391842560062980e+00 -1.033042956731459761e+01 -2.272807307144901312e+00 3.089373968701607520e+00 -2.272807307144901312e+00 -8.869722671612580100e+00
1.129413833510499998e+01 -9.653799163678430939e-02 -3.491989506065123816e+00 -9.653799163678430939e-02 4.799106184907061312e+00 -1.136431327292004356e+00 -3.491989506065123816e+00 -1.136431327292004356e+00 6.133060438981777551e+00
2.764448252039191090e-01 1.726512549834031907e+00 -2.459584314229612101e+00 1.726512549834031907e+00 -3.464009889451178381e+00 4.363740332067780336e+00 -2.459584314229612101e+00 4.363740332067780336e+00 -6.155653891403779276e+00
-3.622795600994057175e+00 -2.796714110235669182e+00 1.486173328726560605e+00 -2.796714110235669182e+00 -4.430868780364827231e+00 -2.959091111694882148e+00 1.486173328726560605e+00 -2.959091111694882148e+00 -1.135443950648724964e+01
6.411254295336378251e-01 1.685644777617704371e+00 -9.375192874761507866e+00 1.685644777617704371e+00 4.829916999398736088e+00 -1.920172304522003603e+00 -9.375192874761507866e+00 -1.920172304522003603e+00 1.306718891328009780e-01
-5.458863969012035966e+00 -2.406195113472855418e+00 -1.324916983199330378e+00 -2.406195113472855418e+00 -1.100677897081684620e+00 -4.266110897333970975e+00 -1.324916983199330378e+00 -4.266110897333970975e+00 -2.615868945189465222e+00
2.708025372960927868e+01 1.058485431440860269e+00 -7.192903981335745378e+00 1.058485431440860269e+00 2.955154372395848128e+01 -8.069811601354082597e+00 -7.192903981335745378e+00 -8.069811601354082597e+00 2.660994557682263562e+01
-1.029185744500700572e+01 -1.597488965170227315e+00 2.185902260016162835e+00 -1.597488965170227315e+00 -2.001072251988094575e+00 9.668318710537315397e+00 2.185902260016162835e+00 9.668318710537315397e+00 5.307402800427696299e+00
1.705659805060224699e+01 6.811045209300325975e-02 1.105444247586904849e+00 6.811045209300325975e-02 1.662729885758447779e+01 -9.124143004442253346e-01 1.105444247586904849e+00 -9.124143004442253346e-01 1.986899129606118564e+01
-7.976792166779534732e+00 4.665412740122993007e+00 -1.476274190672302700e+00 4.665412740122993007e+00 -3.805284587962737941e+00 3.162397502012658013e+00 -1.476274190672302700e+00 3.162397502012658013e+00 -4.670107994421045738e+00
3.535064220978712424e+00 2.825187715449606785e+00 -9.351234166574328155e-01 2.825187715449606785e+00 -3.963363301651162907e+00 -3.581257154986833058e+00 -9.351234166574328155e-01 -3.581257154986833058e+00 -1.374530115001755926e+00
1.258420480565063748e+01 1.831930097992549022e+00 -1.349934064025480607e-01 1.831930097992549022e+00 8.919818766392497267e+00 3.210987789448063623e+00 -1.349934064025480607e-01 3.210987789448063623e+00 5.933608751428740113e+00
