1.404936961894060810e+00 -4.905766609458064309e-01 -7.323981256381843608e+00 -4.905766609458064309e-01 -5.626739371980148618e+00 3.818725522804077510e+00 -7.323981256381843608e+00 3.818725522804077510e+00 -5.252305181449621330e+00
4.741710020890098320e+01 -2.572037649266286863e+00 1.099518371042986775e+00 -2.572037649266286863e+00 2.086889038668039120e+01 8.979273672528762518e-01 1.099518371042986775e+00 8.979273672528762518e-01 4.362414434788745154e+01
2.352760096056553607e+01 1.309697604056093567e+01 1.054255610268888610e+01 1.309697604056093567e+01 4.176619662267365918e+00 -1.272940929676936950e+00 1.054255610268888610e+01 -1.272940929676936950e+00 4.908240782842609562e+00
1.303955559287333443e+01 5.105910900548864539e+00 2.162683054641267422e+00 5.105910900548864539e+00 -2.431187531980633754e+00 4.727555676425749809e+00 2.162683054641267422e+00 4.727555676425749809e+00 -9.037020481482340273e+00
6.085514282290944266e+00 6.260852544095511618e+00 4.758055682687638566e+00 6.260852544095511618e+00 -2.400202979340724241e+01 4.016751870148950410e+00 4.758055682687638566e+00 4.016751870148950410e+00 -4.845721188951443104e+00
-3.261413090993538599e+00 3.005723401716407395e+00 2.000608843579146701e+00 3.005723401716407395e+00 -1.262292998678727862e+01 -4.039818328112174228e+00 2.000608843579146701e+00 -4.039818328112174228e+00 -2.220686646211997850e+00
2.314138031146679353e+01 -4.966493596927072374e-01 1.909443493560411431e+00 -4.966493596927072374e-01 3.728541254319954845e+01 4.298176022962378440e+00 1.909443493560411431e+00 4.298176022962378440e+00 2.096612487112933110e+01
3.522396126751180390e+01 -3.438089073995885592e+00 7.045779868090624731e+00 -3.438089073995885592e+00 3.963198037102830540e+01 6.207926285366865748e+00 7.045779868090624731e+00 6.207926285366865748e+00 3.763693768695551967e+01
-1.513191838484402041e+01 -4.122338964054591770e+00 5.498661243995512038e+00 -4.122338964054591770e+00 -2.371558112377006111e+01 3.459865301698015649e+00 5.498661243995512038e+00 3.459865301698015649e+00 -5.766801268614378806e+00
2.565822324864014448e+01 1.962222142694403315e+00 4.943533010266714989e+00 1.962222142694403315e+00 4.542589669146003217e+01 -3.764849103680504960e+00 4.943533010266714989e+00 -3.764849103680504960e+00 3.697840633193872861e+01
1.034342397478863340e+01 4.891637758397186175e+00 1.457304635944359994e+01 4.891637758397186175e+00 2.724859104838801116e+00 1.065430024936374487e+01 1.457304635944359994e+01 1.065430024936374487e+01 2.452312701641523063e+01
3.998559224608000306e+01 -5.291896173299794753e-02 1.899649040405983369e+00 -5.291896173299794753e-02 3.155526599796188947e+01 1.219819208885732387e+01 1.899649040405983369e+00 1.219819208885732387e+01 5.127680257696917465e+01
-6.128361684157477285e+00 -1.495281304242331544e+01 -3.185794485521455388e-01 -1.495281304242331544e+01 -6.683871522910219909e+00 1.420908425839314537e+00 -3.185794485521455388e-01 1.420908425839314537e+00 6.737539053741411266e+00
-9.528244907199834302e+00 6.470825379951818945e+00 4.200786328514674040e-01 6.470825379951818945e+00 -3.487589458786799668e+01 -7.658860602841806475e+00 4.200786328514674040e-01 -7.658860602841806475e+00 -1.232188907920539656e+01
-1.843546749299692422e+00 -1.907217905455562690e-01 -1.508985058607147822e+00 -1.907217905455562690e-01 -2.478180283516146787e+01 6.961398710630253284e+00 -1.508985058607147822e+00 6.961398710630253284e+00 -1.523461531865425123e+01
-2.732987603249818420e+01 9.644715045953478949e+00 1.665416357621674948e+00 9.644715045953478949e+00 -3.699889152946736459e+01 2.123221297859373191e+00 1.665416357621674948e+00 2.123221297859373191e+00 -2.431068543801635329e+01
-7.320740181729998852e+00 -2.455043658191564671e+00 9.383109161035381618e+00 -2.455043658191564671e+00 -1.865279963341304281e+01 8.459299426540686895e+00 9.383109161035381618e+00 8.459299426540686895e+00 1.388358600836164580e+00
-3.119141959117340601e+00 -1.966687110204749178e+00 3.909541349367923413e+00 -1.966687110204749178e+00 -2.505563462024249510e+00 5.269493552037162187e-01 3.909541349367923413e+00 5.269493552037162187e-01 8.444686762664687762e+00
-1.569279235773036074e+00 -8.029290305262247074e+00 7.475587331039927008e+00 -8.029290305262247074e+00 -1.181546262475370312e+01 2.569307386785792513e+00 7.475587331039927008e+00 2.569307386785792513e+00 -3.907031344321708843e+00
-9.313838340747862432e+00 1.765811060423947199e+00 7.144931401896925216e+00 1.765811060423947199e+00 -2.973494562838748578e+01 8.673529158643348280e-01 7.144931401896925216e+00 8.673529158643348280e-01 -1.089298928109931985e+01
2.832152439318117132e+01 -1.874099700507955157e-01 8.228997688236940888e+00 -1.874099700507955157e-01 3.513060310395784569e+01 -1.098625236455147869e+00 8.228997688236940888e+00 -1.098625236455147869e+00 3.758957893941449413e+01
-1.368541442638831818e+01 7.672718278940456216e+00 1.818111339803095916e+01 7.672718278940456216e+00 -3.173116388549563638e+01 4.975243864076418276e+00 1.818111339803095916e+01 4.975243864076418276e+00 -7.423887295888568438e+00
-1.079304920475018115e+01 -3.552058612206522081e+00 3.050220845355024579e+00 -3.552058612206522081e+00 -2.928875897856424615e+01 6.165575529538064314e-01 3.050220845355024579e+00 6.165575529538064314e-01 -1.479267940387232727e+01
9.039770236575643381e+00 -1.270563852928374260e+00 1.563274078036405390e+00 -1.270563852928374260e+00 1.228072447925458022e+01 1.143921821230682756e+00 1.563274078036405390e+00 1.143921821230682756e+00 1.569192521250296579e+01
2.112606240972379368e+01 -6.561642842116153673e+00 4.478372778780696173e+00 -6.561642842116153673e+00 2.995004038483146402e+01 5.463598429604722639e+00 4.478372778780696173e+00 5.463598429604722639e+00 2.241254137593831786e+01
2.599658995571051179e+01 1.198189428838366410e+01 -2.714291922765710741e+00 1.198189428838366410e+01 2.454046665250885795e+01 -1.235672988594444188e+00 -2.714291922765710741e+00 -1.235672988594444188e+00 3.407247339153540366e+01
2.349953560358201443e+01 -6.613964941936103514e+00 9.936846766599519043e+00 -6.613964941936103514e+00 1.158849600378957057e+01 8.971688134195959563e+00 9.936846766599519043e+00 8.971688134195959563e+00 3.391997617040612312e+01
1.445312418249769237e+01 7.890958768778150834e+00 4.845171600028197467e+00 7.890958768778150834e+00 5.166610755334024141e+00 -6.551755224149599099e-01 4.845171600028197467e+00 -6.551755224149599099e-01 1.092768261884591752e+01
1.906358719189605466e+01 2.290752638357468030e+01 1.466015613039111187e+01 2.290752638357468030e+01 1.057136489279874469e+00 -4.107259414210050252e+00 1.466015613039111187e+01 -4.107259414210050252e+00 1.298274116900662456e+01
5.044376896348476436e+01 6.610433329021228488e+00 6.375883756174775208e+00 6.610433329021228488e+00 4.059418951156916933e+01 6.233340004697085490e+00 6.375883756174775208e+00 6.233340004697085490e+00 5.364483996077575512e+01
9.384056183864192491e+00 2.795537979797120265e+00 1.054875970545865016e+00 2.795537979797120265e+00 3.178669146583285254e+00 -4.673102029768854138e+00 1.054875970545865016e+00 -4.673102029768854138e+00 -2.886058832795389328e+00
-8.174387791297190731e+00 -5.731552823713965239e+00 3.703539289079625263e+00 -5.731552823713965239e+00 -1.796408440911518056e+01 7.836122419784397941e+00 3.703539289079625263e+00 7.836122419784397941e+00 4.636689291490903031e+00
2.334215763453199344e+01 1.556074976333616711e+01 6.875007155682890669e+00 1.556074976333616711e+01 1.146781256736168686e+01 -4.118215472131168120e+00 6.875007155682890669e+00 -4.118215472131168120e+00 4.904521459749898504e+00
-3.179678133750408264e+01 -4.315202539973300055e+00 3.094281004544471081e+00 -4.315202539973300055e+00 -2.553239907929245689e+01 -4.694511433827767810e+00 3.094281004544471081e+00 -4.694511433827767810e+00 -2.993435562232274449e+01
-5.910992496888336056e+00 -3.308872942777035142e+00 -1.111324606589314312e+00 -3.308872942777035142e+00 -6.480243774262222090e+00 -5.673361473482125827e-01 -1.111324606589314312e+00 -5.673361473482125827e-01 -7.675179296494461845e+00
-1.748779432658684030e+01 8.107424309688006758e+00 1.165797271636591503e+01 8.107424309688006758e+00 -3.311731127856154444e+01 9.337325735149010209e-01 1.165797271636591503e+01 9.337325735149010209e-01 2.858290077519337613e-01
-7.302968231482129369e+00 7.368254944568708886e+00 5.693259091859167675e+00 7.368254944568708886e+00 -1.871342293534193146e+01 3.441115009132807767e+00 5.693259091859167675e+00 3.441115009132807767e+00 -1.501732720298684320e+00
4.236584343399428576e+01 -1.948423585561962712e+00 1.663008069100078590e+00 -1.948423585561962712e+00 4.037743070534813228e+01 -5.613767590581284495e+00 1.663008069100078590e+00 -5.613767590581284495e+00 4.687153247142053658e+01
2.971521887955825036e+01 -6.046723603029186656e+00 3.679238843374478929e+00 -6.046723603029186656e+00 3.351777438419745181e+01 1.202311498311383398e+00 3.679238843374478929e+00 1.202311498311383398e+00 4.136317331572587364e+01
-1.112307901468702021e+01 -1.175234912016098976e+00 3.422006058494142078e+00 -1.175234912016098976e+00 -3.047846484560596991e+01 7.587235075948065344e+00 3.422006058494142078e+00 7.587235075948065344e+00 -9.955949716161400787e+00
-1.650505144389434520e+01 1.068842699847284372e+01 2.383640312611030598e+00 1.068842699847284372e+01 -3.789007548290945948e+01 -8.764586881095402404e+00 2.383640312611030598e+00 -8.764586881095402404e+00 -5.199380282040837464e+00
1.067867412157752938e+01 5.453239575523393334e+00 1.158621506711959981e+01 5.453239575523393334e+00 -6.792663096231490449e+00 6.467907285597799927e+00 1.158621506711959981e+01 6.467907285597799927e+00 1.695679684575103607e+01
-1.596610322623765121e+01 -1.620735485163144141e+00 9.646274674806084581e-01 -1.620735485163144141e+00 -2.005686802549810466e+01 -5.450209913124981043e+00 9.646274674806084581e-01 -5.450209913124981043e+00 -1.165978245255986323e+01
3.695897343780689681e+00 -7.726946541030668136e+00 3.604694610182412884e+00 -7.726946541030668136e+00 -1.009277046084783080e+01 5.199629702738844728e+00 3.604694610182412884e+00 5.199629702738844728e+00 2.382652869498089743e+00
4.565448853474595126e+01 -3.464394573432969082e+00 -6.564393126808029777e+00 -3.464394573432969082e+00 4.246050085363517468e+01 -2.560256966458398509e+00 -6.564393126808029777e+00 -2.560256966458398509e+00 4.661935652070938119e+01
-2.325989196217436827e+01 9.607344184095509831e+00 2.743124625149700790e+00 9.607344184095509831e+00 -2.514505551867495114e+01 4.507555220951559027e-01 2.743124625149700790e+00 4.507555220951559027e-01 -2.626860757343884956e+01
4.186515361788249123e+01 -3.058637040808681373e+00 4.045892499985998647e+00 -3.058637040808681373e+00 4.045533999017320070e+01 3.357289597297762995e+00 4.045892499985998647e+00 3.357289597297762995e+00 4.302123355808461014e+01
1.181497066792136508e+01 1.854900970256757597e+00 5.128941683592219469e+00 1.854900970256757597e+00 1.336388183162727783e+00 4.976551503254643904e+00 5.128941683592219469e+00 4.976551503254643904e+00 1.063569728407261161e+00
-1.369799133979069872e+01 -1.833820775790294233e+00 -1.516048439324876762e+00 -1.833820775790294233e+00 -2.203294902832639934e+01 -2.900908477377498240e+00 -1.516048439324876762e+00 -2.900908477377498240e+00 -1.240989477941364250e+01
-1.211332100168515780e+01 6.706676594101485200e+00 3.065641614770034717e+00 6.706676594101485200e+00 -2.381568705080804804e+01 -6.771282824870654693e+00 3.065641614770034717e+00 -6.771282824870654693e+00 -2.346392674327974959e+01
