1.514062675830656168e+01 6.902036608010559959e+00 -5.679707646193769000e-01 6.902036608010559959e+00 2.418325450032529744e+01 1.445827650046714652e+00 -5.679707646193769000e-01 1.445827650046714652e+00 7.798941026521531761e+00
8.352229671702448854e+01 7.411753755454460801e+00 9.515813885655331816e+00 7.411753755454460801e+00 7.182661798219491800e+01 1.475674644608658603e+00 9.515813885655331816e+00 1.475674644608658603e+00 2.868134173036623658e+00
2.509991580116552967e+01 5.935410631650776203e+00 1.596146867095999955e+00 5.935410631650776203e+00 2.788720332033418714e+01 5.225501839006652993e+00 1.596146867095999955e+00 5.225501839006652993e+00 1.381480844423993659e+01
1.650060096369960050e+01 -2.678432217237861401e+00 1.338983930772059772e+01 -2.678432217237861401e+00 -7.969743915624738051e+00 -5.723955470213012653e+00 1.338983930772059772e+01 -5.723955470213012653e+00 -1.293845699766854196e+01
7.933595192174076161e+00 2.195324289395751194e+00 2.901331071834555075e+00 2.195324289395751194e+00 -1.042827307566090766e+01 -3.209836246812464822e+00 2.901331071834555075e+00 -3.209836246812464822e+00 -1.585518925239303023e+01
3.463877508249337267e-01 -9.211062072569033532e+00 5.870519543433878162e+00 -9.211062072569033532e+00 -1.072661328721614105e+01 4.790801241557121948e+00 5.870519543433878162e+00 4.790801241557121948e+00 -7.233452440480978396e+01
1.986912597081330745e+01 -9.988297560986637791e+00 8.565629778580953868e+00 -9.988297560986637791e+00 2.029295225563208760e+01 -9.418068731364654056e+00 8.565629778580953868e+00 -9.418068731364654056e+00 -1.370313177031467866e+01
2.609762814439501000e+01 -9.679752904581066630e+00 -6.915642348066478817e+00 -9.679752904581066630e+00 5.128582802119274753e+00 3.176866414556145379e+00 -6.915642348066478817e+00 3.176866414556145379e+00 -6.046687350890627144e+00
-1.367194611859897613e+01 -1.213291702904160019e+01 -6.456184993082807466e+00 -1.213291702904160019e+01 -2.427954489517860637e+01 5.625615150263756359e-01 -6.456184993082807466e+00 5.625615150263756359e-01 -2.165939614805155955e+01
1.553620397929901031e+01 -6.648749779781179647e+00 -6.065630546474673146e+00 -6.648749779781179647e+00 3.340552242295329322e+00 -8.618908070693294121e+00 -6.065630546474673146e+00 -8.618908070693294121e+00 -8.202794274505755823e+00
2.889129939245395562e+01 -5.085294117598521124e-02 -1.597007536918042259e-01 -5.085294117598521124e-02 2.852045866604509072e+01 -5.600885512542776112e+00 -1.597007536918042259e-01 -5.600885512542776112e+00 3.197925813580654530e+00
2.030586040249758284e+01 -1.395349617717485380e+01 -3.482198842314641940e+00 -1.395349617717485380e+01 2.523776042521182816e+01 1.077148134685470549e-01 -3.482198842314641940e+00 1.077148134685470549e-01 -1.178786297785478432e+01
-1.129260118053313278e+01 1.112067076291909729e+01 -1.515937421676827546e+00 1.112067076291909729e+01 8.604764778830428895e+00 -8.022260113394572567e-01 -1.515937421676827546e+00 -8.022260113394572567e-01 -3.527778616993940375e+01
-2.040936047745985249e+01 3.053818426722105350e+00 -8.412591510368139236e-02 3.053818426722105350e+00 -1.776725881878727265e+01 3.538933935273674170e+00 -8.412591510368139236e-02 3.538933935273674170e+00 -4.989622380528587087e+01
1.272094603430534576e+01 -8.498601333100155308e-01 -4.125931732927599072e+00 -8.498601333100155308e-01 1.550563692264635129e+01 4.959897623459127658e+00 -4.125931732927599072e+00 4.959897623459127658e+00 -2.839233421017990366e+01
-2.059069200816162848e+00 -1.701456403805563866e+01 -2.437987247282527914e+00 -1.701456403805563866e+01 -3.233081483421328173e+00 4.171223712112397841e+00 -2.437987247282527914e+00 4.171223712112397841e+00 -5.796798080754668803e+01
-6.299701308233577324e-01 -4.618107815838749630e+00 -4.613593838392218593e+00 -4.618107815838749630e+00 7.651999092876515980e-03 -3.333414390153977003e+00 -4.613593838392218593e+00 -3.333414390153977003e+00 -6.674651369839322967e+01
4.437961940288998264e+00 -1.055207640675436043e+00 -7.436504919156801119e-01 -1.055207640675436043e+00 -1.258575225972059819e+01 -2.390797697661762200e+00 -7.436504919156801119e-01 -2.390797697661762200e+00 -6.000671122402680169e+01
-7.843758599416888799e+00 9.521465575995787134e+00 -3.499904688527573082e-01 9.521465575995787134e+00 1.452437266587567244e+01 4.916548194468409072e+00 -3.499904688527573082e-01 4.916548194468409072e+00 -6.415627800392647373e+01
1.847822782749540593e+01 -2.008281572871724041e-01 6.546456474020388328e+00 -2.008281572871724041e-01 1.472423511787084038e+01 -6.920798391192114707e+00 6.546456474020388328e+00 -6.920798391192114707e+00 -2.005544608095325287e+01
3.391516897385853468e+01 7.788123079000623505e+00 -4.041419666709371583e+00 7.788123079000623505e+00 3.006889365248959578e+01 -9.631805226611046322e+00 -4.041419666709371583e+00 -9.631805226611046322e+00 -2.759386615338041437e+01
1.354987222299465799e+01 3.946016759333435875e+00 -1.982371169323739135e+00 3.946016759333435875e+00 8.397152203365679801e-01 -4.971183232179720690e+00 -1.982371169323739135e+00 -4.971183232179720690e+00 1.173601044587463882e+01
3.587897618680997169e+01 -1.337059772151190540e+00 -7.664361673799091612e+00 -1.337059772151190540e+00 4.058408006969163040e+01 3.535872540889425597e+00 -7.664361673799091612e+00 3.535872540889425597e+00 -1.821730922873203085e+01
5.146503648452768687e+01 -4.823704835772261168e-01 -1.128989470046390942e+01 -4.823704835772261168e-01 2.181257883718945934e+01 3.765336781203827865e+00 -1.128989470046390942e+01 3.765336781203827865e+00 -1.921076577668878471e+01
3.080243894137395699e+01 -8.272585604647895607e+00 1.031369669518078069e+01 -8.272585604647895607e+00 3.537447538268003200e+01 -6.069229400665604679e+00 1.031369669518078069e+01 -6.069229400665604679e+00 3.211639959251211707e+01
2.548184602120469577e+01 7.410794836344708481e-01 2.065276184393450176e+00 7.410794836344708481e-01 1.781805271859192885e+01 -2.320607007599261351e+01 2.065276184393450176e+00 -2.320607007599261351e+01 1.863806436577962700e+01
3.663557089198349814e+01 -1.661969387422254085e+00 4.524070984480831115e+00 -1.661969387422254085e+00 2.555942824220658594e+01 -8.486955101576025839e+00 4.524070984480831115e+00 -8.486955101576025839e+00 2.585383772727983587e+00
-7.626512644409851660e+00 -8.756927444959918816e+00 -4.584910846617179736e+00 -8.756927444959918816e+00 -1.538390732034429220e+01 2.637853471751361312e+00 -4.584910846617179736e+00 2.637853471751361312e+00 -5.261029680502809924e+01
1.620343130444134161e+01 -2.581882777357152658e+00 -2.251735911282473912e-01 -2.581882777357152658e+00 1.785093360741219470e+01 -7.383194715098611027e+00 -2.251735911282473912e-01 -7.383194715098611027e+00 1.759574543544741232e+01
1.761981065311090333e+01 1.524073019272285556e+01 -4.675537041282313844e+00 1.524073019272285556e+01 1.844861996874409726e+01 3.335886170536185968e+00 -4.675537041282313844e+00 3.335886170536185968e+00 -2.436981439051081111e+01
1.593976004177468830e+01 3.363569782598868851e+00 7.598559625566736031e+00 3.363569782598868851e+00 9.048482840796323146e+00 -6.615043113552674825e+00 7.598559625566736031e+00 -6.615043113552674825e+00 -3.968889902085135901e+01
4.853015502878739795e+01 9.974718516777073773e+00 -1.901579108239595417e+00 9.974718516777073773e+00 4.787628419847804651e+01 -1.080777316376088315e+01 -1.901579108239595417e+00 -1.080777316376088315e+01 1.196802650021688663e+01
-3.669535254564526561e+00 3.766933011887274585e-01 1.745209069954690495e+00 3.766933011887274585e-01 6.249087624220929227e-01 -4.005254140625654102e+00 1.745209069954690495e+00 -4.005254140625654102e+00 3.808778074280805281e+00
3.654942302607890436e+00 -9.127436812184346326e-01 2.237727690500507460e+00 -9.127436812184346326e-01 -4.154607825211495964e+00 -9.163955145465179086e+00 2.237727690500507460e+00 -9.163955145465179086e+00 -2.276508858691498105e+01
-2.464924791193728204e+00 -6.105573136232059106e+00 -6.283777373678870681e+00 -6.105573136232059106e+00 -1.629304345293865808e+01 -1.886453687384501254e+00 -6.283777373678870681e+00 -1.886453687384501254e+00 -3.930278700016766713e+00
3.621738179349934228e+01 2.347997565570965506e+00 -7.949855016438206468e-01 2.347997565570965506e+00 3.030503275935947016e+01 5.757201232011824210e+00 -7.949855016438206468e-01 5.757201232011824210e+00 1.520830957831938557e+00
1.564974248183439975e+01 1.578718907754132061e+01 -5.031297847740365370e+00 1.578718907754132061e+01 -8.830943774169758953e+00 -9.771929826426067223e+00 -5.031297847740365370e+00 -9.771929826426067223e+00 -4.413570709720904262e+01
2.475072955259376073e+01 3.671205459307576469e+00 1.260054008086388955e-01 3.671205459307576469e+00 1.935761903743187418e+01 -1.738837587453908595e+00 1.260054008086388955e-01 -1.738837587453908595e+00 -1.627345589689869598e+01
1.534989006469473694e+01 -6.173767142782828010e+00 4.269881146362578761e+00 -6.173767142782828010e+00 2.901051828002061228e+01 -6.543644251662566802e+00 4.269881146362578761e+00 -6.543644251662566802e+00 1.259984357410375999e+01
-1.402624334988027499e+01 -8.008969401936326449e+00 -8.730382948983502089e+00 -8.008969401936326449e+00 -1.614737136648147597e+01 1.172823630399417461e+01 -8.730382948983502089e+00 1.172823630399417461e+01 -4.564875253932642352e+01
2.292196465175953879e+00 -1.681533027715489581e+01 -4.450975226811396013e+00 -1.681533027715489581e+01 3.498483081338712442e+00 -8.858919681723518735e+00 -4.450975226811396013e+00 -8.858919681723518735e+00 -4.875638350654334374e+01
7.785740067130905162e-01 -7.829814315152221482e+00 1.305274768483867476e+01 -7.829814315152221482e+00 -8.560001844870924970e+00 1.022946672825471204e+01 1.305274768483867476e+01 1.022946672825471204e+01 -3.672493110125799376e+01
-2.377211139731568323e+01 1.035040137761158663e+00 5.927692148026565411e-01 1.035040137761158663e+00 -1.747293336085430582e+01 -1.683061532600358401e+00 5.927692148026565411e-01 -1.683061532600358401e+00 -1.716693049450944031e+01
5.269295770106671384e+00 -4.320559541034114659e+00 5.561200522053287187e+00 -4.320559541034114659e+00 -5.663869357813364758e+00 4.153344496791550711e+00 5.561200522053287187e+00 4.153344496791550711e+00 -6.762768740368674969e+01
3.344131956548572049e+01 5.903790803450599256e+00 7.023532682344705513e+00 5.903790803450599256e+00 2.104284236705473177e+01 -4.690336125527173827e+00 7.023532682344705513e+00 -4.690336125527173827e+00 -1.942928181456069581e+01
-3.965855958969292772e+01 -7.221783516151465854e+00 6.353542727501735321e+00 -7.221783516151465854e+00 -3.327740726527208182e+01 -3.470510415249976610e+00 6.353542727501735321e+00 -3.470510415249976610e+00 -4.126456845702321630e+01
3.997567848175654248e+00 1.346525941556329009e+01 -1.855378298419547889e+01 1.346525941556329009e+01 -4.414159355923497063e-01 1.381465376518031718e+01 -1.855378298419547889e+01 1.381465376518031718e+01 -3.750536725065332888e+01
2.839831918828078727e+01 -5.008423034592567546e+00 -3.014373158326558055e+00 -5.008423034592567546e+00 3.650434890590555881e+01 -2.496806411262561809e-01 -3.014373158326558055e+00 -2.496806411262561809e-01 3.110143869730298150e+01
3.715206467235146448e+01 -1.238611355645922840e+00 6.635878645753860106e+00 -1.238611355645922840e+00 4.709927030599386200e+01 -1.861523131207708515e+00 6.635878645753860106e+00 -1.861523131207708515e+00 -1.724906811852694943e+01
1.995914019723068478e+01 -1.153237997983691088e+01 1.673593899890363446e+01 -1.153237997983691088e+01 1.827466393079913232e+01 -6.466930164384766755e+00 1.673593899890363446e+01 -6.466930164384766755e+00 -1.298348537052875606e+01
1.488500219710692818e+01 -8.601898286477634770e+00 3.872971982387606982e+00 -8.601898286477634770e+00 1.705227171566814803e+01 2.002019456437126976e+00 3.872971982387606982e+00 2.002019456437126976e+00 -4.093641683622983152e+01
1.249934548782900912e+01 1.153529417709414595e+01 -3.281823318070626438e+00 1.153529417709414595e+01 1.691130535039285832e+01 9.724759649756324009e+00 -3.281823318070626438e+00 9.724759649756324009e+00 -3.749310072187752496e+01
2.402681682107151495e+00 -6.938766666415306261e+00 -1.372758383346126720e+01 -6.938766666415306261e+00 1.183463319549290560e+01 3.394161873726221579e+00 -1.372758383346126720e+01 3.394161873726221579e+00 -4.617249647038470073e+01
6.501661584923876802e+00 -6.840201245963488219e+00 2.196240604124033879e+00 -6.840201245963488219e+00 1.354796348621948177e+01 2.516782074294780625e+00 2.196240604124033879e+00 2.516782074294780625e+00 -1.899579809293464550e+01
-4.796362546083115852e+00 -5.051113071278685140e+00 -2.865819315532615263e+00 -5.051113071278685140e+00 9.543549341069175185e+00 -3.997378935885919304e+00 -2.865819315532615263e+00 -3.997378935885919304e+00 -1.197137309131453087e+01
6.320872163288457557e+01 -3.970408751764306743e+00 7.151870067280969856e+00 -3.970408751764306743e+00 5.390423795238626781e+01 -1.338098796223802900e+01 7.151870067280969856e+00 -1.338098796223802900e+01 1.120100145170401795e+01
-4.441232798628889533e+00 -1.216989046270070141e+01 1.325101468105686564e+01 -1.216989046270070141e+01 -3.530938590593614812e+00 -1.793075764095104274e+00 1.325101468105686564e+01 -1.793075764095104274e+00 -1.767583301038391141e+01
-1.603817638702387471e+00 5.035236235459231047e+00 -1.222964894411607606e+00 5.035236235459231047e+00 1.157324669110974424e+00 -4.839940006981128917e+00 -1.222964894411607606e+00 -4.839940006981128917e+00 -1.825710882103420474e+01
-1.288084521716574571e+01 7.267361447256207363e+00 -4.364446958421090983e+00 7.267361447256207363e+00 -1.392767460259968360e+01 1.328548017637852219e+01 -4.364446958421090983e+00 1.328548017637852219e+01 -2.756656158485051122e+01
-7.137878240177387923e+00 1.166876198540855780e+00 -1.267645782940142851e+01 1.166876198540855780e+00 -3.864076100596058438e+01 -2.762845335710314210e+00 -1.267645782940142851e+01 -2.762845335710314210e+00 -5.172338252239890011e+01
-1.726819381910850026e+01 -1.568725627693761204e+01 -4.887003143075260958e+00 -1.568725627693761204e+01 -2.884439091973858638e+01 3.583691516419384993e+00 -4.887003143075260958e+00 3.583691516419384993e+00 -4.224954073284817468e+01
1.233834444002975594e+01 -1.107352638021155400e+01 -5.558404591665575545e+00 -1.107352638021155400e+01 1.359957272869370470e+01 -7.073508250120072560e+00 -5.558404591665575545e+00 -7.073508250120072560e+00 -1.817305863593864501e+01
-5.162706318832111840e+00 5.604050883441506592e+00 -1.075301741393143118e+01 5.604050883441506592e+00 5.665542181495989205e+00 -7.643041044547335794e+00 -1.075301741393143118e+01 -7.643041044547335794e+00 -3.412323441153391457e+01
8.254520310311896480e+00 -5.925482369923313897e+00 1.631172485488546187e+01 -5.925482369923313897e+00 2.118175810364972822e+00 -2.203611577030156710e+01 1.631172485488546187e+01 -2.203611577030156710e+01 -3.222883979483301431e+01
-8.915666534523839504e-01 -9.448944466377843909e+00 -4.006510898848782531e+00 -9.448944466377843909e+00 -6.377039930963245951e+00 -1.332068940307808624e+01 -4.006510898848782531e+00 -1.332068940307808624e+01 -1.099595395477848037e+01
-4.306363034273962143e+01 1.170332034093691576e+01 1.458213856053406410e+01 1.170332034093691576e+01 1.526145521205065636e-01 -2.686425283987892154e-01 1.458213856053406410e+01 -2.686425283987892154e-01 -5.099763351290422975e+01
3.611033992056908204e+01 7.227221707707653486e+00 -1.300534782471492790e+01 7.227221707707653486e+00 1.754475951924760802e+00 3.177156624367081239e+00 -1.300534782471492790e+01 3.177156624367081239e+00 1.419153123768868952e+01
1.419224795505808068e+01 -1.350246124072528087e+00 5.043066385168185839e+00 -1.350246124072528087e+00 2.900364045457786943e+01 -1.522692802655728039e+00 5.043066385168185839e+00 -1.522692802655728039e+00 2.643749132967190008e+01
-1.679572771560230748e+01 3.451567530726524335e+00 -2.522581663697705867e+00 3.451567530726524335e+00 -8.267922323245080918e+00 8.333587846369842067e-01 -2.522581663697705867e+00 8.333587846369842067e-01 -1.720107593025359094e+01
1.877350471368660578e+01 -1.983833835060914152e+00 5.371499327298027815e+00 -1.983833835060914152e+00 2.285185032367930447e+01 -9.546942351415836470e+00 5.371499327298027815e+00 -9.546942351415836470e+00 6.581758318240932049e+00
-7.672228182637865324e+00 -2.740173921203379770e+00 3.219047411864529362e+00 -2.740173921203379770e+00 -1.135266608618002770e+01 7.059640677384199314e+00 3.219047411864529362e+00 7.059640677384199314e+00 -4.326661163123244336e+01
2.704204685353727200e+01 4.866071425250140803e-01 1.189585603310161277e+00 4.866071425250140803e-01 3.174371869730763152e+01 -3.234742604492516271e+00 1.189585603310161277e+00 -3.234742604492516271e+00 2.709056395557939112e+01
3.290550620610049748e+01 9.383794662180280355e+00 -5.797565164130951132e+00 9.383794662180280355e+00 4.284258691362042981e+01 -8.083197734081522867e+00 -5.797565164130951132e+00 -8.083197734081522867e+00 -3.167691211190845380e+01
3.477979794709571859e+00 1.676171984346204269e+01 -5.429182288078829188e+00 1.676171984346204269e+01 4.709987161568822245e+00 8.686407148770586284e-01 -5.429182288078829188e+00 8.686407148770586284e-01 -3.002430976065194557e+01
6.091306702413037755e+01 -1.651602418200651456e+00 -9.042387447299848446e+00 -1.651602418200651456e+00 5.765163879567710836e+01 -3.159756003960529913e+00 -9.042387447299848446e+00 -3.159756003960529913e+00 6.737131104293275108e+00
7.699565231354812411e+00 -4.960017869753858832e+00 -1.075999107062403093e+00 -4.960017869753858832e+00 1.544843851963673309e+01 9.925004501017516745e+00 -1.075999107062403093e+00 9.925004501017516745e+00 -1.218671572970175809e+01
4.460130564669247377e+01 -2.570344533167733925e+00 -4.059704236681624501e+00 -2.570344533167733925e+00 3.550285540736646794e+01 2.391212659083819858e+00 -4.059704236681624501e+00 2.391212659083819858e+00 -1.402396411388632380e+01
2.115444433749771491e+01 9.391089504751729322e+00 -1.515821120135417033e+01 9.391089504751729322e+00 -9.993069389247954959e-01 3.708305709223282509e+00 -1.515821120135417033e+01 3.708305709223282509e+00 -1.027074775594063638e+01
2.479544088144688629e+00 3.968870395764678705e+00 -5.600911017650977541e+00 3.968870395764678705e+00 -9.614903190483783391e+00 -6.732668393931612094e+00 -5.600911017650977541e+00 -6.732668393931612094e+00 -3.670779979859525355e+01
-3.374049461414448103e+01 -2.801497773115201984e+00 -4.346083129390809763e-01 -2.801497773115201984e+00 -4.577257653780401370e+01 1.304375197627764393e+01 -4.346083129390809763e-01 1.304375197627764393e+01 -8.196698138046593840e+01
7.107246918886972686e+00 1.059375898163428609e+01 -6.771977335371067497e+00 1.059375898163428609e+01 -1.611080086512255960e+01 -3.734678427614100737e+00 -6.771977335371067497e+00 -3.734678427614100737e+00 1.160002336627279584e+00
4.965497497337477029e+00 -1.136506770639184793e+01 1.027555294066373470e+01 -1.136506770639184793e+01 6.362498864526056508e+00 -8.107176990627404933e+00 1.027555294066373470e+01 -8.107176990627404933e+00 -2.101438427655233454e+01
2.710099458963110663e+01 2.406421908703915424e-01 -5.125889162917061093e+00 2.406421908703915424e-01 2.847031974819422473e+01 -1.056999343398487312e+01 -5.125889162917061093e+00 -1.056999343398487312e+01 3.297349412143363878e+01
4.267101965336035363e+01 -8.913155294916109028e+00 3.436974059930627323e+00 -8.913155294916109028e+00 4.570945608394061566e+01 1.323114857601831229e+00 3.436974059930627323e+00 1.323114857601831229e+00 2.627520545470784796e+01
-1.716697715655570988e+01 1.241903988770615141e+00 -1.679533396640851661e+00 1.241903988770615141e+00 -2.054956079070772379e+00 -4.958528651233277351e+00 -1.679533396640851661e+00 -4.958528651233277351e+00 -5.626686435386651475e+00
4.811079689002246340e+01 -2.177449028003922038e+00 8.662567603084479373e+00 -2.177449028003922038e+00 3.675803748531726001e+01 -4.924289616297059524e+00 8.662567603084479373e+00 -4.924289616297059524e+00 -4.931622446129699355e+00
-1.474787288726956902e+01 2.330621419371406322e+00 -8.860778144002542378e-01 2.330621419371406322e+00 -2.691946807352815441e+01 -9.146550332110269466e+00 -8.860778144002542378e-01 -9.146550332110269466e+00 -5.817720775042428016e+01
4.386584892383436340e+01 5.030455329641210227e+00 -1.284066190724012735e+01 5.030455329641210227e+00 3.855240055223720219e+01 -5.069301797624912176e+00 -1.284066190724012735e+01 -5.069301797624912176e+00 -6.047265768763796068e+00
7.252219388082950502e+01 2.104320487073545465e+00 4.315601063628157874e+00 2.104320487073545465e+00 6.497710286763745557e+01 1.353610979777611334e+01 4.315601063628157874e+00 1.353610979777611334e+01 1.698507612318924132e+01
-2.992304166702932644e+00 -3.393411525671679918e+00 2.523308347653754335e+00 -3.393411525671679918e+00 -1.343552311468655525e+01 3.833762839784697452e+00 2.523308347653754335e+00 3.833762839784697452e+00 -7.115750191399896618e-01
1.797426188704538186e+00 2.487784707182429667e-01 -3.325019143131024979e+00 2.487784707182429667e-01 5.994143127879744348e+00 -1.592989230770836784e+01 -3.325019143131024979e+00 -1.592989230770836784e+01 -9.280597784965928909e+00
1.961874332989709258e+00 6.574789662378448085e+00 -1.040716228844971170e+00 6.574789662378448085e+00 -3.184102806934018304e+01 -1.566830982152622287e+00 -1.040716228844971170e+00 -1.566830982152622287e+00 -6.570640162010998608e+01
-1.534904313694645861e+00 -1.281278013610384292e+01 -4.731322866035617025e+00 -1.281278013610384292e+01 -1.294459206849026423e+01 -2.925296860852189429e+00 -4.731322866035617025e+00 -2.925296860852189429e+00 -1.692457859671138465e+01
6.206614629932762028e+01 -6.246820891733097625e+00 7.847032965255766435e+00 -6.246820891733097625e+00 6.331826106407243770e+01 -1.922583789159273193e+00 7.847032965255766435e+00 -1.922583789159273193e+00 4.647553313045778012e+00
1.461676904072316674e+01 -6.509385910955169940e+00 1.689459262654165128e+00 -6.509385910955169940e+00 1.390693390074976854e+01 -2.146609642532773066e+01 1.689459262654165128e+00 -2.146609642532773066e+01 -3.612563309511898524e+01
3.259519173301044681e+00 4.799359913246703968e+00 6.911684555283700959e+00 4.799359913246703968e+00 2.351937124419207492e-01 -7.326639655845956334e+00 6.911684555283700959e+00 -7.326639655845956334e+00 -3.026036086710419681e+01
2.164546134539530797e+01 -7.655602039532702463e+00 2.313406108542965356e+00 -7.655602039532702463e+00 4.951621888162851981e+00 4.368299509042986806e+00 2.313406108542965356e+00 4.368299509042986806e+00 -2.919338052851763976e+01
-2.481930279233714032e+01 -5.779531716500118321e+00 9.052517388045339786e+00 -5.779531716500118321e+00 -1.496621950424865055e+01 -1.154408307050097982e+01 9.052517388045339786e+00 -1.154408307050097982e+01 -4.018249835464874309e+01
-1.460988218932583749e+01 2.904516642028332374e+00 -2.094286337668084030e+00 2.904516642028332374e+00 2.136609084413480186e+00 5.025442855852947588e+00 -2.094286337668084030e+00 5.025442855852947588e+00 -6.649677155308889587e-01
5.353157571830919892e+00 3.224647817166838681e+00 2.474011255355831107e+00 3.224647817166838681e+00 -1.078757731065762471e+01 5.621346660827927444e+00 2.474011255355831107e+00 5.621346660827927444e+00 -4.821794386173684188e+01
