-1.383502252719690873e+01 2.707388953180266356e+01 2.695258591839583318e+01 2.707388953180266356e+01 -4.604213495687798030e+01 -9.467225128240347232e+00 2.695258591839583318e+01 -9.467225128240347232e+00 -2.474513769561098187e+01
-1.957194644421512919e+01 1.680422927731440197e+01 5.948549201462094871e+00 1.680422927731440197e+01 -5.299622131983030471e+01 1.021592818879272668e+00 5.948549201462094871e+00 1.021592818879272668e+00 -3.139708116681711303e+01
9.753741905993459582e+00 -7.979463550037747765e+00 6.755034031956903995e+00 -7.979463550037747765e+00 -3.555243467428299198e+01 8.466707574063638830e+00 6.755034031956903995e+00 8.466707574063638830e+00 -1.029724515696496034e+01
-2.994837484389869786e+01 6.931373875716244193e+00 1.255820942695903497e+01 6.931373875716244193e+00 -3.521204913426790739e+01 -1.185202783182609743e+01 1.255820942695903497e+01 -1.185202783182609743e+01 -2.761332060841307978e+01
6.986400059202492407e+00 1.160864825084426677e+01 8.243324958819234993e+00 1.160864825084426677e+01 -6.301345094470440777e+00 7.348762411104915238e+00 8.243324958819234993e+00 7.348762411104915238e+00 7.695737841682429803e+00
-6.463261961812078127e+00 -1.552995614798800084e+01 3.929075054961339220e+01 -1.552995614798800084e+01 -2.816509521009285066e+01 -1.107021726768163461e+01 3.929075054961339220e+01 -1.107021726768163461e+01 -1.332519212947767251e+01
-9.849844642809770789e-01 -7.130270639161370383e+00 1.990560493281161669e+01 -7.130270639161370383e+00 -3.807690579851386303e+01 -2.722000517841872469e+00 1.990560493281161669e+01 -2.722000517841872469e+00 -1.694024682740534971e+01
-1.789065133116333683e+01 5.207586337056815395e+00 2.083290142662556832e+01 5.207586337056815395e+00 -3.812089846990391351e+01 7.043587655780304324e+00 2.083290142662556832e+01 7.043587655780304324e+00 -4.280647244032287091e+01
1.669530762790960665e+01 -7.869769586373405179e-01 1.051527880856157715e+01 -7.869769586373405179e-01 1.436599343517151972e+01 -1.180391418965302419e+00 1.051527880856157715e+01 -1.180391418965302419e+00 3.324642626191962336e+01
1.729058750216019646e+01 1.935405115059548375e+00 1.217973620201972196e+00 1.935405115059548375e+00 -1.278184844046510271e+01 1.144283298788081771e+00 1.217973620201972196e+00 1.144283298788081771e+00 3.822089789212724575e+00
-2.734359434854716753e+01 -3.833610609457107188e+00 6.126361656643444092e-02 -3.833610609457107188e+00 -4.177366599757200305e+01 -6.731684282701067445e+00 6.126361656643444092e-02 -6.731684282701067445e+00 -1.683892331998783831e+01
4.293637785446955490e+01 1.888612598152955968e+01 4.617232844676784964e+01 1.888612598152955968e+01 2.312213961817850993e+00 -1.080639459740319808e+01 4.617232844676784964e+01 -1.080639459740319808e+01 1.644725181169238937e+01
-4.472744391999392555e+00 -6.214070132541976932e+00 2.021022880190012927e+01 -6.214070132541976932e+00 -6.055195205981624973e+00 3.007395930017436214e+00 2.021022880190012927e+01 3.007395930017436214e+00 -2.863447815713065481e+01
5.619377393947890909e+01 -2.752814431771483328e+00 1.176544588335123542e+01 -2.752814431771483328e+00 3.900400988707735195e+01 -1.004395920577727885e+01 1.176544588335123542e+01 -1.004395920577727885e+01 6.567330221444403549e+01
1.651266322949617305e+01 1.838868180520430329e+01 3.271599686146610253e+01 1.838868180520430329e+01 -5.489361888344541640e+00 6.272910060824019141e+00 3.271599686146610253e+01 6.272910060824019141e+00 1.823140913162723864e+00
-1.569685898433777638e+01 9.161338508387657953e+00 2.825032068543503527e+01 9.161338508387657953e+00 -3.673973062540517365e+00 1.016064502198440245e+01 2.825032068543503527e+01 1.016064502198440245e+01 -1.252180049014419616e+01
1.150025799524339121e+01 1.741351406387969147e+00 1.888872015609933541e+01 1.741351406387969147e+00 -3.057624084016655530e+01 1.329845063815807293e+01 1.888872015609933541e+01 1.329845063815807293e+01 -9.183416917812218472e+00
3.669708643202520904e+01 1.546687972029529234e+01 4.615742772687476503e+01 1.546687972029529234e+01 -1.122966643154290445e+01 1.271182739027140940e+01 4.615742772687476503e+01 1.271182739027140940e+01 2.046164675181697490e+01
2.093519740403025153e+01 -1.200289275590559157e+01 4.156563847722629212e+00 -1.200289275590559157e+01 -7.336386218971851392e+00 2.779106823700203677e+00 4.156563847722629212e+00 2.779106823700203677e+00 5.589421402161005581e+00
-3.437107423315057275e+01 1.290248607700162253e+00 6.594445721139632788e+00 1.290248607700162253e+00 -3.894945556548726273e+01 3.112769464140045184e+00 6.594445721139632788e+00 3.112769464140045184e+00 -1.264483432425608456e+01
2.182638288217063405e+01 5.318100791014497730e+00 8.500413503731493847e+00 5.318100791014497730e+00 -1.652500970758630316e+01 -9.356377876182506270e+00 8.500413503731493847e+00 -9.356377876182506270e+00 9.864025604071581910e+00
2.394269397793217635e+01 -7.564200020392289225e+00 3.488616754954330190e+01 -7.564200020392289225e+00 -2.541912411780663206e+01 1.949123152584451546e+01 3.488616754954330190e+01 1.949123152584451546e+01 1.295809889590146202e+00
2.962361830553147968e+01 -5.899207093031574978e+00 1.066236480949411813e+01 -5.899207093031574978e+00 1.648629127039390951e+01 -3.154758592667670225e+00 1.066236480949411813e+01 -3.154758592667670225e+00 4.255361016518173756e+01
8.503128121562443242e-01 1.556177726768668279e+01 8.009503419239841548e+00 1.556177726768668279e+01 -1.719222306813089673e+01 -4.407039805430483348e+00 8.009503419239841548e+00 -4.407039805430483348e+00 -2.099244722670689001e+01
-1.080857676726172656e+01 6.674329464316547167e+00 -1.714527928053220851e+00 6.674329464316547167e+00 -3.996953212231002794e+01 -1.120122170553517371e+01 -1.714527928053220851e+00 -1.120122170553517371e+01 -2.602334751373079680e+00
2.034858567408086216e+01 1.527412565202193839e+01 7.312743055876437914e+00 1.527412565202193839e+01 -4.430819006477715760e+00 3.485626148706387539e+00 7.312743055876437914e+00 3.485626148706387539e+00 1.955898773761422405e+01
9.112951853166799399e-02 -7.635912619114797906e+00 1.509925551267196653e+01 -7.635912619114797906e+00 -4.305888129436763734e+01 -1.553737706691634246e+00 1.509925551267196653e+01 -1.553737706691634246e+00 1.004681622385716677e+00
8.387596283375689410e+00 -1.758092373255845997e+00 1.878178542701759923e+01 -1.758092373255845997e+00 -4.529156202954072086e+01 9.794784524101041612e+00 1.878178542701759923e+01 9.794784524101041612e+00 -3.078276227080913330e+01
1.425245169409089385e+01 2.378270501835759276e+00 4.988944360488704177e+01 2.378270501835759276e+00 -9.444188384756847299e+00 7.301660665724097221e+00 4.988944360488704177e+01 7.301660665724097221e+00 -1.873861989505477865e+01
-1.540047084259124732e+00 -2.540732266206096490e+00 1.728805914748829409e+01 -2.540732266206096490e+00 -2.228075474660502309e+01 -4.538178859799379961e-02 1.728805914748829409e+01 -4.538178859799379961e-02 1.111668915705325311e+01
1.672769734744561632e+01 -2.129021227914225101e+00 2.050715181993592040e+01 -2.129021227914225101e+00 8.436590232343212037e+00 2.207793610829773545e+00 2.050715181993592040e+01 2.207793610829773545e+00 2.415253966582785239e+01
-4.423696933437541112e+00 -1.007686433075431864e+01 6.708384608611055455e+00 -1.007686433075431864e+01 -1.683030843800692011e+01 -1.462101573298831392e+00 6.708384608611055455e+00 -1.462101573298831392e+00 4.656597817703263864e+00
5.002174988921180621e+00 6.718089931288735717e-02 1.306569355104208441e+01 6.718089931288735717e-02 -3.375705888529983412e+01 5.792977747800378552e+00 1.306569355104208441e+01 5.792977747800378552e+00 -4.765040405691127745e+00
7.593346891834272583e+00 -3.294014594933638129e+00 1.233547742866968377e+01 -3.294014594933638129e+00 -2.230556564977967327e+01 -3.724216345964292518e+00 1.233547742866968377e+01 -3.724216345964292518e+00 -1.878506894961028628e+00
-7.600055059126281876e+00 1.125782248697951005e+01 2.161849480898613862e+01 1.125782248697951005e+01 -5.082729837987845656e+01 4.357038933279012483e+00 2.161849480898613862e+01 4.357038933279012483e+00 -3.454247446310065328e+01
-2.009227881824365625e+01 4.050369148678432119e-01 -1.260073564643807986e-01 4.050369148678432119e-01 -3.208485534880880152e+01 1.790581968901024723e+00 -1.260073564643807986e-01 1.790581968901024723e+00 -1.171098909999030901e+01
1.240843508715679633e+01 1.767505548584301067e+01 5.995091989568821944e+00 1.767505548584301067e+01 -4.329529022489869483e+00 1.790033819330641052e+01 5.995091989568821944e+00 1.790033819330641052e+01 -7.771508476850004676e+00
-2.043472739694874818e+01 -5.890283838539006389e+00 7.473046552088026928e+00 -5.890283838539006389e+00 -6.084394917082858711e+01 -4.505230150223962227e+00 7.473046552088026928e+00 -4.505230150223962227e+00 -3.584645415040103700e+01
3.820750215947344230e+01 -1.904273486357172729e+01 4.515941216247275847e+00 -1.904273486357172729e+01 3.763450273580575711e+00 9.691800805909084104e+00 4.515941216247275847e+00 9.691800805909084104e+00 3.930210975084276726e+01
4.929954751509273869e+00 1.270312266764714160e+01 2.465201572450931522e+01 1.270312266764714160e+01 -1.599522260270866703e+01 2.700489112433821060e+00 2.465201572450931522e+01 2.700489112433821060e+00 1.558970229356230597e+01
1.680733513702415038e+01 6.009843955361583445e-01 2.643370170029535338e+00 6.009843955361583445e-01 -8.798965126944429116e+00 1.672695817157016762e+01 2.643370170029535338e+00 1.672695817157016762e+01 4.802592340898971024e+00
2.674132396551546886e+00 -5.978998382393080568e+00 3.713508030760371526e+01 -5.978998382393080568e+00 -3.213118255173396420e+01 -8.392652855464717732e+00 3.713508030760371526e+01 -8.392652855464717732e+00 -9.518197190710166566e+00
5.123073567731345257e+00 -5.473086662381285272e+00 9.648750766048278749e+00 -5.473086662381285272e+00 -3.516072953732572159e+01 -4.152499754648882324e-01 9.648750766048278749e+00 -4.152499754648882324e-01 -1.280489149465158327e+01
6.302946662065811267e+01 -8.566777441153007544e+00 4.919860025837004258e+01 -8.566777441153007544e+00 4.271130370763078332e+01 -7.768098307686228665e+00 4.919860025837004258e+01 -7.768098307686228665e+00 5.671890421804945248e+01
1.438415498834926032e+00 -1.858629533362370356e+00 -6.651432118026150420e+00 -1.858629533362370356e+00 4.249949517735493565e+00 4.697705399532322801e+00 -6.651432118026150420e+00 4.697705399532322801e+00 -7.694330765745759138e+00
-9.462734605390288323e+00 1.687279799443951678e+00 9.799037023308953209e+00 1.687279799443951678e+00 -3.513432498341128962e+01 -1.927671758436580518e+01 9.799037023308953209e+00 -1.927671758436580518e+01 3.253857563623085980e+00
3.707215462707510056e+01 7.936572565204381924e+00 2.324262263226024317e+01 7.936572565204381924e+00 -3.747519453375817822e+00 6.868870989670042837e-01 2.324262263226024317e+01 6.868870989670042837e-01 1.810956639951488967e+01
-7.944220914749986484e+00 -1.039757287065838831e+01 5.314659147493443925e+00 -1.039757287065838831e+01 -2.548581553620041618e+01 -1.998706908217729561e+00 5.314659147493443925e+00 -1.998706908217729561e+00 -2.231015842830009888e+01
-6.377576811732742357e+01 4.640428273251208324e+00 3.501757717273498827e+01 4.640428273251208324e+00 -5.834052412866051895e+01 5.743114807338826289e+00 3.501757717273498827e+01 5.743114807338826289e+00 -3.857763106671052356e+01
-2.022893992384535267e+01 5.810331020847612216e+00 6.486645691493568400e+00 5.810331020847612216e+00 -4.115694265058099433e+01 1.463793495763745955e+00 6.486645691493568400e+00 1.463793495763745955e+00 -1.071653572722773262e+01
-3.286680003848205445e+01 1.716805166467645805e+01 1.154312040754741453e+01 1.716805166467645805e+01 -3.554773590560958496e+01 -4.092134727515304604e+00 1.154312040754741453e+01 -4.092134727515304604e+00 -4.077517303269208782e+01
-2.429749479336757290e+01 -9.541159003188017351e+00 1.758584291871215655e+01 -9.541159003188017351e+00 -5.203465851202806647e+01 -5.284605852575285034e+00 1.758584291871215655e+01 -5.284605852575285034e+00 -1.741137126533495305e+01
-2.232091873663869919e+01 -1.922596428466613361e+01 2.258660857130330513e+01 -1.922596428466613361e+01 -3.771523859147794866e+01 4.366418101196417823e+00 2.258660857130330513e+01 4.366418101196417823e+00 -2.012806397821031368e+01
6.362474081600089093e+00 5.359177846473379248e+00 1.048189148286435213e+01 5.359177846473379248e+00 -1.305675818986725467e+01 -3.591590519031707673e-01 1.048189148286435213e+01 -3.591590519031707673e-01 -7.765369565589910650e+00
-1.104092502767689865e+01 -1.297842612418500963e+00 1.743482881448379374e+01 -1.297842612418500963e+00 -2.099330546871812686e+01 -1.769334542612812644e+00 1.743482881448379374e+01 -1.769334542612812644e+00 4.228036949231316122e+00
-3.902675575195316071e+01 5.294792705285994217e+00 7.015113485603774457e+00 5.294792705285994217e+00 -7.428531618324215913e+01 -8.313202803111167327e+00 7.015113485603774457e+00 -8.313202803111167327e+00 -4.561877327669951399e+01
1.601307695977189383e+01 -1.257917991557752124e+01 1.973583579403946331e+01 -1.257917991557752124e+01 -1.502708936397291595e+01 -2.692538753536911911e-02 1.973583579403946331e+01 -2.692538753536911911e-02 1.429491249940580211e+01
-3.401378294632755228e+01 4.355565334891571716e+00 1.956670556339987765e+00 4.355565334891571716e+00 -3.754735317718046872e+01 -2.187956916018772624e+00 1.956670556339987765e+00 -2.187956916018772624e+00 -1.669898982867093551e+01
7.743915321936705176e+00 -1.050796178851967078e+01 1.783962317939746711e+01 -1.050796178851967078e+01 -1.517744101442383586e+00 -1.638553576832674663e+00 1.783962317939746711e+01 -1.638553576832674663e+00 9.301536445863009206e+00
3.821454370993232885e+01 2.066725686644724114e+00 1.817484988028898130e+01 2.066725686644724114e+00 9.113608862902003338e+00 -6.165316745310603253e+00 1.817484988028898130e+01 -6.165316745310603253e+00 4.006674762995285022e+01
1.594146756501088724e+01 -9.605022720806456249e+00 1.042877675792275660e+01 -9.605022720806456249e+00 -1.879384886960585277e+01 -3.384612514223755309e+00 1.042877675792275660e+01 -3.384612514223755309e+00 -1.815790496460573777e+01
-2.183197531079309783e+01 -9.464332301338018283e+00 2.514009281823101460e+01 -9.464332301338018283e+00 -2.220223657584388377e+01 -5.130569025142380779e-01 2.514009281823101460e+01 -5.130569025142380779e-01 -4.302174542493196974e+00
2.832536556304512487e+01 -2.290455820178487478e+00 9.183160636992873549e+00 -2.290455820178487478e+00 -7.997771877665365459e+00 -1.219162746123293894e+00 9.183160636992873549e+00 -1.219162746123293894e+00 1.667649589556265610e+01
5.974270440481117106e+00 9.918799454199737298e+00 1.060535583742502652e+01 9.918799454199737298e+00 7.426401160273356616e+00 -1.884075268567224182e+00 1.060535583742502652e+01 -1.884075268567224182e+00 1.609466852132523229e+01
8.220233101794738673e+01 -1.456516287192564363e+01 3.516557821338795264e+01 -1.456516287192564363e+01 4.399497590100202871e+01 8.721467497536353974e+00 3.516557821338795264e+01 8.721467497536353974e+00 7.863708726615855937e+01
4.752801653774220370e+01 -1.510805747189659698e+01 -2.263869970049543934e+00 -1.510805747189659698e+01 5.464731065689237610e+00 8.370134473210907089e+00 -2.263869970049543934e+00 8.370134473210907089e+00 1.697196354504864058e+00
4.528168497266976011e+00 1.594669288217573389e+01 4.781833250046365436e+01 1.594669288217573389e+01 -5.125501668212808681e+01 1.359615278503815361e+01 4.781833250046365436e+01 1.359615278503815361e+01 -3.924217820740638984e+01
-2.174574478232437968e+01 6.960228045672717911e+00 3.558337575530934771e+01 6.960228045672717911e+00 -4.140275557828321951e+01 -1.825788361622728573e+01 3.558337575530934771e+01 -1.825788361622728573e+01 -1.722827563941964257e+01
-4.395608382792705982e+01 5.056131497017415377e+00 1.573608859998728704e+01 5.056131497017415377e+00 -3.949160062765238877e+01 -1.842696225715848612e+01 1.573608859998728704e+01 -1.842696225715848612e+01 -3.626247017860911370e+01
1.725643574653700441e+01 4.229986605955232903e+00 2.198218538642845132e+01 4.229986605955232903e+00 -1.281898561366684675e+01 6.051801464117268381e+00 2.198218538642845132e+01 6.051801464117268381e+00 1.561927107174791995e+00
1.251842646181117402e+01 -7.052904818266383380e+00 1.373342427389249742e+01 -7.052904818266383380e+00 -5.080045309702199141e+00 6.581734642631132282e+00 1.373342427389249742e+01 6.581734642631132282e+00 -1.502797836551038912e+01
3.545428383238866132e+01 -3.452296174179804389e+00 2.356328367128169532e+01 -3.452296174179804389e+00 3.505132795884750152e+01 1.311366172910016914e+01 2.356328367128169532e+01 1.311366172910016914e+01 3.709207327926115028e+01
4.714018833335440917e+01 -3.536408107892079933e+00 7.922611995302868415e+00 -3.536408107892079933e+00 4.359401007189123334e+01 -5.143930500203588441e-01 7.922611995302868415e+00 -5.143930500203588441e-01 5.510937462305319201e+01
1.729673969265472167e+01 -1.487712260098451589e+00 7.818804927956792383e+00 -1.487712260098451589e+00 -1.739821195683501998e+01 1.190499799181786500e+00 7.818804927956792383e+00 1.190499799181786500e+00 1.215881377793580498e+01
6.825273999829012617e+00 9.277912358090785183e-01 1.623999795510341571e+01 9.277912358090785183e-01 -4.663602646046041578e+00 6.648743591484145288e-01 1.623999795510341571e+01 6.648743591484145288e-01 1.592863729059134847e+01
-2.920523328304991750e+01 5.509177647406657385e+00 -1.264341998287467961e+00 5.509177647406657385e+00 -4.040134733257588806e+01 -7.508085033014154641e-01 -1.264341998287467961e+00 -7.508085033014154641e-01 -3.120724901039748289e+01
-1.342211108585677870e+01 4.115956976051333704e+00 8.863255850047137230e+00 4.115956976051333704e+00 -3.294212603704575315e+01 4.697972143298361214e-01 8.863255850047137230e+00 4.697972143298361214e-01 -4.117028046129141750e+00
-6.982040273784226869e+00 -5.931856762342144762e+00 1.341986411890791331e+01 -5.931856762342144762e+00 4.286097173244943548e+00 -5.193667772033466967e+00 1.341986411890791331e+01 -5.193667772033466967e+00 2.812002899273973000e+01
1.428256639475018552e+01 -6.356840783326475730e+00 2.291049499797867384e+01 -6.356840783326475730e+00 -1.422528834066970482e+01 1.005321419852615428e+01 2.291049499797867384e+01 1.005321419852615428e+01 2.500788016766147592e+01
1.709142108450502207e+01 8.533439997141046618e+00 9.501148647605123898e+00 8.533439997141046618e+00 -8.704824134558126758e+00 -7.836785742771022356e+00 9.501148647605123898e+00 -7.836785742771022356e+00 1.914432723369361966e+01
1.873772430526984678e+01 -6.385289628926879679e+00 3.455891274144058389e+00 -6.385289628926879679e+00 2.027442926377695187e+01 1.462778425507811342e+00 3.455891274144058389e+00 1.462778425507811342e+00 2.434341626303578110e+01
1.986181763106261755e+01 -2.610535835651978775e+00 8.440592729532921112e-02 -2.610535835651978775e+00 -1.745389753320453963e+01 -3.639331934639337351e+00 8.440592729532921112e-02 -3.639331934639337351e+00 3.439106731884581603e+00
2.471258889825358196e+01 9.061386517172625332e+00 2.794196586754582512e+01 9.061386517172625332e+00 -1.663034647040226943e+01 1.024250622936930455e+01 2.794196586754582512e+01 1.024250622936930455e+01 1.369155870922558194e+01
1.100726860448642697e+01 -1.161803606866673810e+01 1.672203393182802245e+01 -1.161803606866673810e+01 -1.600873253891606618e+00 -4.156305061973227133e+00 1.672203393182802245e+01 -4.156305061973227133e+00 -2.349758363477883361e+00
-2.817849874573494162e+01 3.186896800476580527e+00 1.177015307459360471e+01 3.186896800476580527e+00 -5.774476629740198774e+01 -4.293507633808187340e-01 1.177015307459360471e+01 -4.293507633808187340e-01 -3.288419844318573126e+01
-1.640877055963043896e+00 4.825151648268519722e+00 5.318564957201428633e+00 4.825151648268519722e+00 -3.671848690481782285e+01 -7.481933709164896307e+00 5.318564957201428633e+00 -7.481933709164896307e+00 1.786563158089360170e+00
-1.581901622722186929e+01 1.198294535266206218e+01 2.692433122241423149e+01 1.198294535266206218e+01 -5.296917939133469844e+01 -2.260926716809580128e+00 2.692433122241423149e+01 -2.260926716809580128e+00 -4.528400876369772021e+01
-9.951543057424940386e+00 6.150527665824631285e+00 1.692097450701589567e+00 6.150527665824631285e+00 -2.183015915807854768e+01 -2.238171129359960876e+00 1.692097450701589567e+00 -2.238171129359960876e+00 -6.897155689174693016e+00
-2.451348882926303929e+01 -3.722142519063714516e+00 4.433848385364283828e+00 -3.722142519063714516e+00 -4.433808322279314496e+01 -7.635400791610761573e+00 4.433848385364283828e+00 -7.635400791610761573e+00 -2.089546581658073521e+01
-6.187646551725733524e+00 3.129463993150124246e+00 6.508607607789669736e+00 3.129463993150124246e+00 -1.535904458266903561e+01 -2.973632254329537705e+00 6.508607607789669736e+00 -2.973632254329537705e+00 -7.087745839575924300e+00
6.207481844404203031e+00 -5.852526687002010952e+00 1.822930914826465809e+01 -5.852526687002010952e+00 4.036159133594453330e+00 -1.271047602533598386e+01 1.822930914826465809e+01 -1.271047602533598386e+01 1.774635023497813791e+01
-3.462249955911284260e+00 1.070258478414787540e+01 3.938503199192084026e+01 1.070258478414787540e+01 3.239684417448209786e+01 6.857478986192058201e+00 3.938503199192084026e+01 6.857478986192058201e+00 -1.305774970143295199e+01
-2.629405141287276493e+01 7.786589150320554431e+00 1.621194518646533922e+01 7.786589150320554431e+00 -6.851972298886138901e+01 -4.527095102355885636e+00 1.621194518646533922e+01 -4.527095102355885636e+00 -2.739958087576916768e+01
-1.063590397341707927e+01 -1.056703891542560569e+01 3.384296326121696286e+00 -1.056703891542560569e+01 -1.247189599824054618e+01 4.213664833571638013e+00 3.384296326121696286e+00 4.213664833571638013e+00 -2.839789116086249265e+01
3.983880934264291795e+01 1.724599017825063640e+01 1.716443872865630027e+01 1.724599017825063640e+01 -3.581017069657328022e+01 4.614940663205878479e+00 1.716443872865630027e+01 4.614940663205878479e+00 1.679814631004405090e+00
-1.962007169229013570e+01 1.015867754408025014e+01 9.789555771458704925e+00 1.015867754408025014e+01 -3.778813629806432317e+01 -4.851415595021459914e+00 9.789555771458704925e+00 -4.851415595021459914e+00 -3.145356585054755350e+00
-1.267103194848099967e+01 1.226946335701241120e+00 8.887816228161387500e+00 1.226946335701241120e+00 -2.645890415966804454e+01 -6.003228111450146898e+00 8.887816228161387500e+00 -6.003228111450146898e+00 -2.375271802272785138e+01
1.011668321411479354e+01 3.760352913959619681e+00 2.820096606770709968e+01 3.760352913959619681e+00 -3.315069198573906561e+01 1.213382312995880419e+01 2.820096606770709968e+01 1.213382312995880419e+01 -2.251869527310668673e+01
-1.751781930831960921e+01 6.192041246441280400e+00 1.638084684496577736e+01 6.192041246441280400e+00 -3.949698315138932969e+01 -6.493220153462557764e-01 1.638084684496577736e+01 -6.493220153462557764e-01 -2.217658271541858994e+01
-8.027165782777858638e+00 1.537857845637864207e+00 1.538132717526127280e+01 1.537857845637864207e+00 -2.745237651752952601e+01 -8.655327199049905218e+00 1.538132717526127280e+01 -8.655327199049905218e+00 -7.317154425956263530e+00
