8.442267992716379066e-01 4.568102921053689869e+00 -1.230786065224267567e+01 4.568102921053689869e+00 3.871744071751641769e+01 7.173855342523199674e+00 -1.230786065224267567e+01 7.173855342523199674e+00 -3.296112031542717347e+01
-1.731308088011154567e+01 1.757909011345964956e+01 2.037849519664976583e+01 1.757909011345964956e+01 -3.304323389324429172e+01 6.934856202205319065e+00 2.037849519664976583e+01 6.934856202205319065e+00 -1.439495658282966595e+01
1.164008067338134822e+01 1.975798809856897620e+01 3.179695336089707336e+00 1.975798809856897620e+01 -2.747414021844567600e+01 -2.172864064189321098e+00 3.179695336089707336e+00 -2.172864064189321098e+00 5.407704701749621812e+00
2.778192084826280706e+01 1.163975448264408641e+01 -1.076964466285592836e+00 1.163975448264408641e+01 1.612112618193692626e+01 -9.283816185069987625e+00 -1.076964466285592836e+00 -9.283816185069987625e+00 2.949106959963070906e+01
-2.258970472426936382e+01 5.244711985949416011e+00 -1.450233328186501680e+01 5.244711985949416011e+00 -6.821887143107527862e-01 -2.820518987354841300e+00 -1.450233328186501680e+01 -2.820518987354841300e+00 -2.192609197945227351e+01
1.495015548882772016e+01 -1.367703466290983716e+00 2.836544736921208010e+00 -1.367703466290983716e+00 6.012497451404937188e+00 1.001478845939423579e+01 2.836544736921208010e+00 1.001478845939423579e+01 1.691237840889248289e+01
8.613540885288205828e+00 1.200232855732306092e+01 -1.374563391611543395e+01 1.200232855732306092e+01 5.930801523765119931e+00 1.275270036909245119e+00 -1.374563391611543395e+01 1.275270036909245119e+00 -9.754804989444009422e+00
3.088658083936599041e+01 1.628305793253666778e+01 -1.349158836253045024e+01 1.628305793253666778e+01 8.937065251329590509e+00 3.526440850497133628e+00 -1.349158836253045024e+01 3.526440850497133628e+00 3.278825940135446615e+01
8.245748898507432756e+00 -3.599597178674351028e+00 8.149906235050179415e-01 -3.599597178674351028e+00 -3.019585785707738168e+01 1.947213190362225177e+00 8.149906235050179415e-01 1.947213190362225177e+00 1.236169290073835292e+01
-2.494303616367817256e+01 -1.996168583032128652e+01 -2.897765006828003642e+00 -1.996168583032128652e+01 -4.646549984567738711e+00 3.028187373113692349e+00 -2.897765006828003642e+00 3.028187373113692349e+00 -2.197418316293592611e+01
-6.968577603373751650e+00 5.512817525470222968e+00 8.087839737357001013e-01 5.512817525470222968e+00 2.419702972669355390e+01 1.200900978687713128e+01 8.087839737357001013e-01 1.200900978687713128e+01 -1.773423472306505744e+01
5.269412565028523510e+00 -1.138956908620010111e+01 2.630024172919771530e+00 -1.138956908620010111e+01 -1.523710603823453624e+01 5.501103776190206851e+00 2.630024172919771530e+00 5.501103776190206851e+00 -2.424054207600589983e+00
2.430121205515591143e+01 3.607565554109217754e+00 7.782944811753560899e+00 3.607565554109217754e+00 2.398647243544484198e+01 -2.348877416530642304e+00 7.782944811753560899e+00 -2.348877416530642304e+00 3.353652719178783315e+01
-7.745344250315541190e-01 2.616769402118854781e+00 5.611049485661662395e+00 2.616769402118854781e+00 -1.691355859168861286e+01 4.975872344559670424e+00 5.611049485661662395e+00 4.975872344559670424e+00 -4.660524111410340176e+00
-8.271756014475519336e+00 -1.085797432223319170e+01 -8.534528318526758639e+00 -1.085797432223319170e+01 -1.894489525628967552e+00 2.887937670189275607e+00 -8.534528318526758639e+00 2.887937670189275607e+00 -2.902710395044782743e+01
2.034627201943930075e+01 -1.135530301214032312e+00 2.334886668271314036e+01 -1.135530301214032312e+00 -1.625299416670270958e+01 1.664567304335527709e+01 2.334886668271314036e+01 1.664567304335527709e+01 5.127391403679679627e+01
1.308798695735312023e+01 1.879968367917002281e+00 -8.415400760731410301e+00 1.879968367917002281e+00 4.533499974596954196e+00 2.058682781024722797e+00 -8.415400760731410301e+00 2.058682781024722797e+00 1.118031726185442221e+00
-2.418050520294636740e+01 -1.301198699665762781e+01 -1.213342052713410624e+01 -1.301198699665762781e+01 -3.121957281037311560e+01 7.360113159926704895e+00 -1.213342052713410624e+01 7.360113159926704895e+00 -2.220732191856993332e+00
-1.917649549349548721e+01 -1.271392621870979767e+01 -4.722368386205030966e+00 -1.271392621870979767e+01 -2.218446541372590985e+01 9.323810418556924162e+00 -4.722368386205030966e+00 9.323810418556924162e+00 -7.178751517597090626e+00
1.501402728977055512e+00 -2.390133241705957978e+00 9.783605092928759461e+00 -2.390133241705957978e+00 -1.942572071628647734e+01 4.127891265766948869e+00 9.783605092928759461e+00 4.127891265766948869e+00 1.224500979171956239e+01
1.143233770846081754e+01 3.689066043479130474e+00 1.713265253103780950e+01 3.689066043479130474e+00 1.925785715720311941e+01 9.690173158034998124e+00 1.713265253103780950e+01 9.690173158034998124e+00 7.434495028330544208e+00
-2.215001136939914517e+01 3.634275488405164012e+00 8.104058118357881924e+00 3.634275488405164012e+00 2.315866369297676641e+00 -1.205521978257634608e+01 8.104058118357881924e+00 -1.205521978257634608e+01 -3.556382142952569581e+01
2.230890323362318028e+01 -3.919539475787791716e+00 -5.256136280280157891e+00 -3.919539475787791716e+00 -1.484019633532598359e+00 2.563994545948544257e+00 -5.256136280280157891e+00 2.563994545948544257e+00 4.471136667421662736e+01
-3.048892737333644831e+01 -5.190987173130674925e+00 -9.903398787829500449e+00 -5.190987173130674925e+00 3.626925934521042194e+01 -1.965644461087870809e+01 -9.903398787829500449e+00 -1.965644461087870809e+01 -2.601371389384453447e+00
-2.673186580010336755e+01 8.644249000097136149e-01 6.114070740175878704e+00 8.644249000097136149e-01 -6.155495626957120692e+01 2.253155890647134285e+00 6.114070740175878704e+00 2.253155890647134285e+00 -1.644249916937254952e+01
-3.084240278289387405e+01 1.687688494722873855e+01 9.249821647258315238e+00 1.687688494722873855e+01 3.778085803478904658e+00 -2.237137722842814469e+01 9.249821647258315238e+00 -2.237137722842814469e+01 1.180799777778928972e+00
-6.580479225319462167e+00 -2.337887900788904183e-01 9.135046582983074259e+00 -2.337887900788904183e-01 -4.027145280504085179e+01 -2.897902396703176953e-01 9.135046582983074259e+00 -2.897902396703176953e-01 1.447934377741875345e+01
4.473810240858631104e+00 7.364966163220911355e+00 -2.432126225507035056e+00 7.364966163220911355e+00 -7.496315743634927031e+00 -1.968158680425790452e+00 -2.432126225507035056e+00 -1.968158680425790452e+00 -1.065587647170834806e+01
6.430253647826527974e+00 -1.674336777671711118e+01 -1.286800766942255113e-02 -1.674336777671711118e+01 -2.479562735011367636e+01 8.143537977076102052e+00 -1.286800766942255113e-02 8.143537977076102052e+00 2.042628031658632271e+00
-3.322924294607656037e+01 -1.243507133350774296e+01 3.551228721378005826e+00 -1.243507133350774296e+01 1.109581327906640880e+01 1.633817347292977340e+00 3.551228721378005826e+00 1.633817347292977340e+00 -6.091806452406179062e+01
-2.959095299318742178e+01 -1.028939496477911852e+01 -6.714194011487688130e+00 -1.028939496477911852e+01 -3.930923101607611869e+01 -6.354745478970622585e+00 -6.714194011487688130e+00 -6.354745478970622585e+00 -1.452659630113574529e+01
3.503786105002391338e+01 2.961027600905862034e+00 1.206023106377130949e-01 2.961027600905862034e+00 1.233891043573950697e+01 -1.254523117025232359e+01 1.206023106377130949e-01 -1.254523117025232359e+01 4.399900651423410380e+01
-1.951900879465660665e+01 6.541121544794235021e+00 1.037407489707553232e+01 6.541121544794235021e+00 -5.295729990242365659e+01 -1.867866223200792319e+00 1.037407489707553232e+01 -1.867866223200792319e+00 -2.031350597511952927e+01
1.751457140212987795e+01 1.498914062352765342e+01 8.981716174947095510e+00 1.498914062352765342e+01 -3.239635513796241639e+01 1.143903400007827820e+01 8.981716174947095510e+00 1.143903400007827820e+01 3.167258029086668714e+01
-4.320272693987317325e+01 1.259460700562427204e+00 1.476489775039064867e+01 1.259460700562427204e+00 -2.374140738450095256e+01 -1.097637225244502801e+01 1.476489775039064867e+01 -1.097637225244502801e+01 -3.525614241030150708e+01
-1.196558959651644116e+01 -2.077272783601273787e+01 6.500534207595609182e+00 -2.077272783601273787e+01 -5.837832044098147577e+01 -8.632680202515581769e+00 6.500534207595609182e+00 -8.632680202515581769e+00 1.199562657822089307e+01
2.843073563064377751e+01 1.332020780245402847e+01 -1.089581278751430204e+01 1.332020780245402847e+01 1.463966685017687830e+01 1.052030923077523994e+01 -1.089581278751430204e+01 1.052030923077523994e+01 4.238813707328038305e+01
-2.097558815760108430e+01 1.412982378238892167e+01 9.375876282547173091e+00 1.412982378238892167e+01 -1.854326844111767514e+01 -3.726381577432889003e+00 9.375876282547173091e+00 -3.726381577432889003e+00 -2.435814198905255523e+01
-2.517346239077714820e+00 1.036608789968575728e+01 -1.204843888845665845e+00 1.036608789968575728e+01 2.948545783696401656e+01 4.795181491529534767e+00 -1.204843888845665845e+00 4.795181491529534767e+00 -3.920976635865098103e+01
1.616736058410554477e+01 -2.275121774153964438e+00 4.405355964807654345e+00 -2.275121774153964438e+00 -3.299569050329776587e+01 1.429388664251109997e+00 4.405355964807654345e+00 1.429388664251109997e+00 2.897651384306314526e+01
6.702521179839966692e+01 -7.992920548884226983e-01 -4.682481421923950116e+00 -7.992920548884226983e-01 3.661601488873726495e+00 4.460121412946142172e+00 -4.682481421923950116e+00 4.460121412946142172e+00 6.792190166436206766e+01
-5.227840731920875328e+01 2.443919127020586668e+00 -2.892732520992217005e+00 2.443919127020586668e+00 -1.036570227793429488e+01 -1.457507599506825358e+01 -2.892732520992217005e+00 -1.457507599506825358e+01 -2.487459000047892843e+01
7.819609315804713745e+00 2.461455954719341932e+01 -3.186832302592558008e+00 2.461455954719341932e+01 -3.734108809753826108e+01 2.090019918954742373e+00 -3.186832302592558008e+00 2.090019918954742373e+00 6.634296358791729187e-01
-4.008932778142900055e+00 -1.556195269516188162e+01 -1.059248728527507899e-02 -1.556195269516188162e+01 -2.372200032557065796e+01 -9.035906566916008131e+00 -1.059248728527507899e-02 -9.035906566916008131e+00 5.625331626087981540e+00
-1.726703060347437813e+01 -2.007970083447902709e+01 -1.216965307821054587e+01 -2.007970083447902709e+01 1.141419822299192788e+01 -4.735783427183595684e+00 -1.216965307821054587e+01 -4.735783427183595684e+00 -2.571363945052112854e+01
-1.208799826995277549e+01 -2.682064866611304499e+00 4.707644191667490041e+00 -2.682064866611304499e+00 2.594429596621474232e+01 -2.809660188518143809e+00 4.707644191667490041e+00 -2.809660188518143809e+00 -4.179464031513727917e+01
1.275861733710697621e+01 8.499577465709213797e+00 1.340975571064412897e+00 8.499577465709213797e+00 2.449922662873395041e+01 1.145158387435262526e+01 1.340975571064412897e+00 1.145158387435262526e+01 -9.983878338739550884e+00
2.385515761954886926e+01 -8.772563937716951088e+00 4.992202133394834540e+00 -8.772563937716951088e+00 1.728855310603803819e+00 -1.577361537879165665e+00 4.992202133394834540e+00 -1.577361537879165665e+00 2.282874182344575686e+01
-2.428360891197660720e+01 1.201872270185699954e+01 4.300941240201922033e-01 1.201872270185699954e+01 -6.506616412712030950e+00 -5.338255596391136670e+00 4.300941240201922033e-01 -5.338255596391136670e+00 -2.818826219479786133e+01
2.355632464609351118e+01 9.309446753564746047e+00 2.093153049918523578e+00 9.309446753564746047e+00 -4.188781514760695046e+01 -1.017955830295606034e+01 2.093153049918523578e+00 -1.017955830295606034e+01 1.293816866759475914e+01
-5.855359870714774040e+00 8.966656828952990210e+00 1.258274036367676152e-01 8.966656828952990210e+00 1.218296438765723622e+01 -6.815259728301901632e+00 1.258274036367676152e-01 -6.815259728301901632e+00 -9.429196720556571876e+00
3.739892202284437417e+01 -1.593406941418223477e+00 -5.635166133853124926e+00 -1.593406941418223477e+00 -4.792507294924036643e+01 -6.495591952299173855e+00 -5.635166133853124926e+00 -6.495591952299173855e+00 7.920735312064147493e+00
-2.871992824634065400e+01 1.141848903653244562e+01 3.244726069957713399e+00 1.141848903653244562e+01 2.418586391134286373e+01 1.760179885306570213e+00 3.244726069957713399e+00 1.760179885306570213e+00 -6.517293196791553100e+01
-8.394985558713625551e+01 5.798294579345324884e+00 2.115157409145056278e+01 5.798294579345324884e+00 -2.250565482952475804e+01 1.053691121144517773e+01 2.115157409145056278e+01 1.053691121144517773e+01 -4.058096107057811963e+01
-2.307812359535158464e+01 3.305505164226989478e+00 6.081381383605526381e+00 3.305505164226989478e+00 -3.728657715394194128e+01 1.921279787239879511e+01 6.081381383605526381e+00 1.921279787239879511e+01 -2.112910022237268493e+01
5.880261358922697923e+01 6.141834615719383272e+00 -3.876695646279083807e+00 6.141834615719383272e+00 -7.530513785352962230e+00 -4.288610113595309414e+00 -3.876695646279083807e+00 -4.288610113595309414e+00 5.103994466353287152e+01
-2.973041059622894267e+01 -4.345104523815074948e+00 -8.181400856319099191e+00 -4.345104523815074948e+00 -5.044133517363353292e+01 -3.674642400459534830e+00 -8.181400856319099191e+00 -3.674642400459534830e+00 -5.152674409468710337e+01
-1.130327501005988466e+01 -1.389062578657688718e+01 -1.187739546495523513e+01 -1.389062578657688718e+01 1.274882257634130944e+01 -3.405688713970013826e+00 -1.187739546495523513e+01 -3.405688713970013826e+00 -4.099037695015177007e+01
-2.404926699527585043e+01 -4.167978075737711841e+00 -1.227607988125465077e+01 -4.167978075737711841e+00 -1.520010413576916974e+01 1.033951995867872675e+01 -1.227607988125465077e+01 1.033951995867872675e+01 -1.367067306857465248e+01
-4.486079185650536516e+01 5.385956369328258608e-01 -2.940417239901307322e+00 5.385956369328258608e-01 -7.537243918383693142e+01 -2.001685223799536395e+00 -2.940417239901307322e+00 -2.001685223799536395e+00 -5.412186119304138998e+01
3.321088238693862049e+00 -4.535845265694220529e+00 -6.241266207971299274e+00 -4.535845265694220529e+00 -4.196798126972910836e+01 -4.588227582029709595e+00 -6.241266207971299274e+00 -4.588227582029709595e+00 5.113706529125691347e+00
-2.217408357820347931e+01 4.856721851952285895e+00 1.292351245819445715e+01 4.856721851952285895e+00 -6.657872323814595461e+01 7.925544436479784238e+00 1.292351245819445715e+01 7.925544436479784238e+00 5.204500155973033060e+00
1.025664713942808426e+01 -1.940482491862538694e+01 -1.663802985514940103e+00 -1.940482491862538694e+01 1.884380468818220677e+01 -7.844863696186522573e-01 -1.663802985514940103e+00 -7.844863696186522573e-01 -4.301383029432725991e+00
3.901826039557834491e+01 1.961239272372895304e+00 1.049377969763988361e+01 1.961239272372895304e+00 -1.606818639542838101e+00 1.974739884870958306e+01 1.049377969763988361e+01 1.974739884870958306e+01 2.117982651643113456e+01
2.653046419271516854e+01 1.530728002987053316e+01 1.041825831510797107e+00 1.530728002987053316e+01 2.395015234732494491e+01 5.300849236496547157e+00 1.041825831510797107e+00 5.300849236496547157e+00 4.197785521664595620e+01
-1.200042239259548182e+01 -1.930043882158613000e+00 -1.537688166322702976e+01 -1.930043882158613000e+00 3.139818933930342837e+01 2.777666686380847239e+00 -1.537688166322702976e+01 2.777666686380847239e+00 -2.399017280918718598e+01
-2.579257052743156642e+00 -5.691887508746009239e+00 -1.529198313968785428e+01 -5.691887508746009239e+00 4.051426822763104241e+01 -9.079565997017947865e+00 -1.529198313968785428e+01 -9.079565997017947865e+00 -3.909290090157073649e+01
2.333254277341333349e+01 1.174272307592863029e+01 6.515058840611061441e+00 1.174272307592863029e+01 -1.778621009109187412e+01 -1.857140711594058136e+00 6.515058840611061441e+00 -1.857140711594058136e+00 3.354872551413653525e+01
-3.384856589867740517e+00 1.709870998010660159e+01 2.173802193169223962e+00 1.709870998010660159e+01 -8.966805426402681078e+00 2.682883591064189943e+00 2.173802193169223962e+00 2.682883591064189943e+00 -2.197017735527123961e+01
3.963182072866968042e+01 1.088696701423435975e+01 -1.810952180471183004e+00 1.088696701423435975e+01 -1.948293326856325436e+01 1.014474009642303187e+01 -1.810952180471183004e+00 1.014474009642303187e+01 6.754645234178187252e+01
2.985730004346986277e+01 -1.137642320289458908e+01 -2.310429786583353717e+01 -1.137642320289458908e+01 8.798299894078035477e-01 1.676194999183876533e+01 -2.310429786583353717e+01 1.676194999183876533e+01 5.267464642636429062e+01
-2.887620182568560523e+01 8.355708338347790587e+00 4.011582485926059150e+00 8.355708338347790587e+00 -5.318818077975787162e+01 5.122530219091617099e+00 4.011582485926059150e+00 5.122530219091617099e+00 2.001870454277894784e-01
3.110510709516395522e+01 -6.232056094894333764e-01 6.226800513544414883e+00 -6.232056094894333764e-01 2.711464165323044462e+00 1.795759209886752250e-01 6.226800513544414883e+00 1.795759209886752250e-01 4.218255698131151377e+01
2.480351151448248714e+01 -8.452127423863649014e+00 7.811165940487143189e+00 -8.452127423863649014e+00 -5.387920419327079991e+00 5.261742035382765970e-01 7.811165940487143189e+00 5.261742035382765970e-01 4.494518135326736541e+01
1.011906351418785199e+01 -7.532804679476128307e-01 -1.856830304296406098e+01 -7.532804679476128307e-01 -3.584641795354313132e+01 5.834364744224681765e+00 -1.856830304296406098e+01 5.834364744224681765e+00 2.398161487460913066e-01
-5.416849234339732533e+00 -1.510149301066561378e+01 2.691501132219707437e-01 -1.510149301066561378e+01 5.088725350473871600e+01 -7.127991071678016155e+00 2.691501132219707437e-01 -7.127991071678016155e+00 -3.856530894536582110e+01
2.172938275509797634e+01 -5.441159309009936607e+00 2.081524579469899994e+00 -5.441159309009936607e+00 -2.937329738407870039e+01 -2.335344198683038996e+00 2.081524579469899994e+00 -2.335344198683038996e+00 2.831157486897411246e+01
-5.196894917304995865e+00 -1.145010808971703753e+01 4.342212486344086741e+00 -1.145010808971703753e+01 3.529021231320191987e+01 3.497606026534946899e+00 4.342212486344086741e+00 3.497606026534946899e+00 -4.489235819340701283e+01
-1.214429425349915270e+01 -4.654722041225451079e+00 1.382554148039804964e+01 -4.654722041225451079e+00 1.033277560998097089e+00 1.163368075124595435e+01 1.382554148039804964e+01 1.163368075124595435e+01 -1.809817727649736696e+00
-6.305592893702343105e+00 -2.955321842359238005e+00 -2.200590730383922722e+00 -2.955321842359238005e+00 3.220738261712845230e+01 6.205054834081739301e+00 -2.200590730383922722e+00 6.205054834081739301e+00 -3.144994855746404028e+01
-2.676291075939039743e+01 -1.864689584921906063e+00 -1.411690803592782473e+01 -1.864689584921906063e+00 -6.168062293363636428e+01 -4.499063939122462941e+00 -1.411690803592782473e+01 -4.499063939122462941e+00 -9.466837085453029488e+00
-5.960275269997032055e+00 8.530925345555838035e+00 -1.212000530547036625e+01 8.530925345555838035e+00 3.225736321578791177e+01 -1.011438491387283989e+01 -1.212000530547036625e+01 -1.011438491387283989e+01 -3.683502323139062895e+01
4.803130616220739313e+01 -1.300775855363137001e+00 1.382076815575789652e+00 -1.300775855363137001e+00 4.568643159816042498e+01 1.812207424142332046e+00 1.382076815575789652e+00 1.812207424142332046e+00 4.587115143592227184e+01
-3.584629402652169006e+01 -6.593812794887822903e+00 3.883646305151851053e+00 -6.593812794887822903e+00 -3.218860847255074731e+01 1.222237112460846298e+01 3.883646305151851053e+00 1.222237112460846298e+01 -3.082286215662143292e+01
1.493712538740964924e+01 -1.218156389892985381e+01 7.960479818209572400e+00 -1.218156389892985381e+01 4.561433724432290227e+00 1.404123272622006091e+01 7.960479818209572400e+00 1.404123272622006091e+01 1.582973811051350843e+01
-1.802952155153217051e+00 1.441693128693757231e+01 -7.001731982426012912e+00 1.441693128693757231e+01 3.380712142824723543e+01 -3.525013783398356804e+00 -7.001731982426012912e+00 -3.525013783398356804e+00 -2.852466098799430583e+01
-6.425895526982815298e+00 1.352193688919437475e-01 -9.904875312990279568e+00 1.352193688919437475e-01 1.877574510283131204e+01 9.122155041857769930e+00 -9.904875312990279568e+00 9.122155041857769930e+00 -7.553866213701912358e+00
-1.202727809075721943e+01 -7.203905974608925122e-01 -6.730175357392537139e-01 -7.203905974608925122e-01 2.504644707525152114e+01 -3.176531319471533887e+00 -6.730175357392537139e-01 -3.176531319471533887e+00 -3.815994782071287972e+01
-7.451693831643169119e+00 2.006824545946419569e+00 -5.547243507929131567e+00 2.006824545946419569e+00 -2.814851619156625517e+00 -5.180363631554885551e+00 -5.547243507929131567e+00 -5.180363631554885551e+00 -8.980261555254314132e+00
-3.478311736998792014e+01 -1.261159323801690313e+01 -2.281818367763492006e+00 -1.261159323801690313e+01 -5.083280685589354420e+00 6.512393290716957495e+00 -2.281818367763492006e+00 6.512393290716957495e+00 -4.113680355107311470e+01
-1.660394923795692890e+01 -2.428112544925538963e+00 -1.823752797505826351e+01 -2.428112544925538963e+00 8.417599900870273544e+00 8.578247123723100387e+00 -1.823752797505826351e+01 8.578247123723100387e+00 -2.709032404705626718e+01
-1.031346984474014228e+01 2.514810940135844675e+01 -5.542000657139165121e+00 2.514810940135844675e+01 1.930182567347682721e+01 2.669170282145136852e+00 -5.542000657139165121e+00 2.669170282145136852e+00 -3.098099175994842014e+01
1.899606711920280944e+01 2.069151447673776900e+00 -4.045907773454129774e+00 2.069151447673776900e+00 5.577454098172952790e+00 8.887879455934921680e+00 -4.045907773454129774e+00 8.887879455934921680e+00 2.296361949012099757e+01
4.914340123892135814e+00 7.951848690417383736e+00 1.547277535452571406e+01 7.951848690417383736e+00 4.796675757530226569e-01 4.370408007443593590e+00 1.547277535452571406e+01 4.370408007443593590e+00 3.006752682901584350e+01
-1.139463209222163265e+01 -1.372898948792882123e+01 -7.898418241415674501e+00 -1.372898948792882123e+01 1.097198808831548078e+01 1.310008866411994077e+01 -7.898418241415674501e+00 1.310008866411994077e+01 -2.181884916329297397e+01
-9.009201178367520768e+00 -2.454801111264278024e+00 -2.801522330265021621e-01 -2.454801111264278024e+00 -2.057038213412311123e+01 4.815511309749942015e+00 -2.801522330265021621e-01 4.815511309749942015e+00 9.406576432968202894e+00
8.669331584964897530e+00 5.796209732954750393e+00 1.231590842604583402e+00 5.796209732954750393e+00 6.051275715953139844e+00 8.941458471960604726e+00 1.231590842604583402e+00 8.941458471960604726e+00 -4.269532237117681817e+00
-8.436732061960782403e+00 1.555160100804012835e+01 -5.166463658245936230e+00 1.555160100804012835e+01 -4.874526546956563067e+01 3.136658907871686885e+00 -5.166463658245936230e+00 3.136658907871686885e+00 -2.792322344059923633e+00
-2.090724212807089089e+01 7.938537021111311986e+00 1.466488712420504825e+01 7.938537021111311986e+00 6.158912424262403817e+00 -3.247589048564378800e+00 1.466488712420504825e+01 -3.247589048564378800e+00 -4.721717840285160861e+01
3.304071833805802072e+01 -1.109995139125341673e-01 -3.936380382930480537e-01 -1.109995139125341673e-01 1.966427995031236264e+01 6.638448596194546525e+00 -3.936380382930480537e-01 6.638448596194546525e+00 3.053551629751478558e+01
