2.982461248551378574e+01 8.469775458475357510e+00 -3.563679017252192605e+00 8.469775458475357510e+00 2.655676124588000420e+01 1.027738125519223367e+01 -3.563679017252192605e+00 1.027738125519223367e+01 2.160677482979748376e+00
-1.213606774642812969e+00 8.363583699471922372e+00 -4.073207315050823674e+00 8.363583699471922372e+00 -2.547276044417678520e+00 7.912079688004074463e-01 -4.073207315050823674e+00 7.912079688004074463e-01 -3.429125738055767414e+01
1.510388381913759659e+01 -7.659569303385984185e+00 3.375012501654002239e+00 -7.659569303385984185e+00 1.868838503581361010e+01 -6.654827573714113598e+00 3.375012501654002239e+00 -6.654827573714113598e+00 -2.214343577616126435e+00
2.172896964614384174e+01 -2.847208913581106504e+00 -6.805786110590272386e+00 -2.847208913581106504e+00 2.660356936290643404e+01 -3.432970202547870109e+00 -6.805786110590272386e+00 -3.432970202547870109e+00 -7.632037192014067273e+00
4.121627546231512618e+00 -7.423291086386698545e+00 -1.300674135609192650e+00 -7.423291086386698545e+00 -1.351150109330793470e+01 1.009962957376395210e+01 -1.300674135609192650e+00 1.009962957376395210e+01 -3.150970996909279176e+00
2.512931345511392323e+01 8.047535692107523175e+00 -2.152713431510966391e+00 8.047535692107523175e+00 2.669173845001396828e+01 1.039962561470153624e+01 -2.152713431510966391e+00 1.039962561470153624e+01 8.080689114862460443e-01
-8.400045783960081280e+00 -8.176149673706365917e+00 1.146378307533491459e+01 -8.176149673706365917e+00 -2.542748752321577399e+01 -4.170949970525245298e+00 1.146378307533491459e+01 -4.170949970525245298e+00 -4.480075782382441218e+01
-7.871975624438571018e+00 9.763378954567135892e+00 -1.071251265873508807e+01 9.763378954567135892e+00 -5.179379908437353741e+00 -1.584043622307319765e+00 -1.071251265873508807e+01 -1.584043622307319765e+00 -9.063436917064755960e+00
-2.093940068457362358e+01 -1.533764839874339536e+00 -3.598146894136086793e+00 -1.533764839874339536e+00 -2.186773482919903344e+01 6.242016658751553315e+00 -3.598146894136086793e+00 6.242016658751553315e+00 -4.119512408316662544e+01
4.844641446242983207e+00 7.910643752230645198e+00 4.002556917646504786e+00 7.910643752230645198e+00 4.994907643544910791e-01 -9.998962640708548122e+00 4.002556917646504786e+00 -9.998962640708548122e+00 1.546993038345413574e+00
-1.539549074623275615e+01 1.608562410396959663e+01 -8.051401146131946795e-01 1.608562410396959663e+01 -2.790469601229643359e+01 -5.337411609403407198e+00 -8.051401146131946795e-01 -5.337411609403407198e+00 -2.143835043236355276e+01
-3.158880789014673240e+01 -2.723891925415204696e-02 -1.690907113677529949e+01 -2.723891925415204696e-02 -2.991805421208171012e+01 -1.002324935841426345e+01 -1.690907113677529949e+01 -1.002324935841426345e+01 -4.077354617835221973e+01
-3.374455852757010543e+00 1.040812531463582857e+01 -1.918949823619767514e+00 1.040812531463582857e+01 -1.453959619589206831e+01 3.400318583740338685e+00 -1.918949823619767514e+00 3.400318583740338685e+00 -5.540925609019025444e+01
-2.802162124326707371e+01 9.188897104683217520e+00 -1.181905402239319791e+01 9.188897104683217520e+00 -3.440556998382405851e+01 6.432086174237028331e+00 -1.181905402239319791e+01 6.432086174237028331e+00 -7.472512511100462973e+01
1.671769890267396264e+01 8.987222290001913194e+00 -1.224391922408709732e+01 8.987222290001913194e+00 1.401587896701577662e+01 -6.324040703496891958e+00 -1.224391922408709732e+01 -6.324040703496891958e+00 -3.689790618130889044e+01
-4.726333486930803929e+01 -5.123601297030472956e+00 2.699886653878129206e+00 -5.123601297030472956e+00 -2.474733026249317547e+01 6.883671702647753854e+00 2.699886653878129206e+00 6.883671702647753854e+00 -5.112121992909369794e+01
-6.294317761126871247e+00 -9.062763481901047413e+00 1.268719477855881195e+01 -9.062763481901047413e+00 -5.688468429123813230e+00 9.032087013471358006e+00 1.268719477855881195e+01 9.032087013471358006e+00 -1.324580642578724898e+01
-3.808078758033814903e+00 -2.952221368386612754e-01 6.167220720739564399e+00 -2.952221368386612754e-01 -1.098920655367161814e+01 -8.361099142350331803e+00 6.167220720739564399e+00 -8.361099142350331803e+00 9.901901589293544248e+00
2.074792582950203013e+01 4.383823999582254771e+00 -9.175095179001957035e+00 4.383823999582254771e+00 2.162708568657664898e+01 -3.491903592074789842e-01 -9.175095179001957035e+00 -3.491903592074789842e-01 -5.796402909915745916e+00
1.359709221315018546e+01 5.421200880142798439e+00 -2.093851698250228655e+00 5.421200880142798439e+00 1.371088529248998888e+01 4.666902968787844941e+00 -2.093851698250228655e+00 4.666902968787844941e+00 2.242017481997272910e+00
-1.430160394741113894e+00 -3.981681908817150450e+00 1.802759089496235312e-01 -3.981681908817150450e+00 1.593752780044985773e+00 -1.137912267415223333e+01 1.802759089496235312e-01 -1.137912267415223333e+01 -3.062793769438616920e+01
-1.967051434614889160e+01 -5.832698743971665323e+00 -4.398157912602246533e+00 -5.832698743971665323e+00 -3.192218852781105554e+01 -1.773230120313117908e+01 -4.398157912602246533e+00 -1.773230120313117908e+01 -4.608525578840736614e+01
-2.183662183863468087e+01 -1.250570232123682235e+00 1.417321560463492247e+01 -1.250570232123682235e+00 -2.960470436195578969e+01 -5.091256493644817915e+00 1.417321560463492247e+01 -5.091256493644817915e+00 -3.737059324309996811e+01
-1.214978455364984988e+01 -5.914587730990125136e-01 6.560729796685258464e+00 -5.914587730990125136e-01 -2.224247083810268677e+01 -1.304592391205997082e+01 6.560729796685258464e+00 -1.304592391205997082e+01 -1.732968710098475995e+01
-1.407986832805408206e-01 1.382519974631553161e+01 5.601166681530112434e+00 1.382519974631553161e+01 -1.161302988740119524e+01 2.871688629169572238e+00 5.601166681530112434e+00 2.871688629169572238e+00 -2.993066237196073232e+01
1.886937013951626696e+01 4.673984077269758508e+00 -4.358371132494425204e+00 4.673984077269758508e+00 3.374178571497174062e+01 5.419600328585145732e+00 -4.358371132494425204e+00 5.419600328585145732e+00 -1.537966035485509408e+01
-1.140525325028979076e+01 -8.123599338370670608e+00 4.476186286717698692e+00 -8.123599338370670608e+00 -3.215102194854033968e+01 4.383524525254191673e+00 4.476186286717698692e+00 4.383524525254191673e+00 -4.713479033848033595e+01
2.008223385578295961e+01 1.240076783551171324e+01 7.989054024608706506e+00 1.240076783551171324e+01 2.996548524896479648e+01 -1.796824374775712485e+01 7.989054024608706506e+00 -1.796824374775712485e+01 4.774286759425812043e+00
-1.555699124247912124e+01 -2.620399630682042069e+00 1.431997650819287204e-01 -2.620399630682042069e+00 -1.778719408402022140e+01 3.608170768181097277e+00 1.431997650819287204e-01 3.608170768181097277e+00 -2.939385663274811478e+01
-4.059766689971033848e+00 5.576288542484582500e+00 5.988757112784456993e+00 5.576288542484582500e+00 8.460880654942769752e+00 -3.761687557490304284e-02 5.988757112784456993e+00 -3.761687557490304284e-02 1.082241138927475710e+01
6.863847033971073763e+00 3.577724300155681547e+00 -2.986547793174398446e+00 3.577724300155681547e+00 1.183923259761019686e+01 -1.306527291689014936e+00 -2.986547793174398446e+00 -1.306527291689014936e+00 -9.461260232018785743e+00
-1.217866728460320758e+01 5.038137410107846215e+00 -4.564648323142020736e+00 5.038137410107846215e+00 9.079642867174959164e+00 8.738587614485716415e+00 -4.564648323142020736e+00 8.738587614485716415e+00 -3.793427565006727065e+01
5.432403468957490844e+01 1.776155245177695630e+00 8.828248358912906824e-01 1.776155245177695630e+00 5.099846300674221311e+01 -1.866146505673992984e+00 8.828248358912906824e-01 -1.866146505673992984e+00 1.735407238740534197e+01
4.940120305395306843e+01 -3.210177633243675110e+00 2.410270387037510495e-02 -3.210177633243675110e+00 5.053479634952169164e+01 -1.238795091751982014e+01 2.410270387037510495e-02 -1.238795091751982014e+01 5.635957241626113223e+00
5.172185116543089878e-01 1.123055453997188380e+01 1.837753721917303462e-01 1.123055453997188380e+01 9.621307132567441300e+00 -2.181157982866074985e+00 1.837753721917303462e-01 -2.181157982866074985e+00 -9.544768914290047590e+00
-2.339621446888610024e+01 1.072763373420365163e+01 9.152782466487959567e+00 1.072763373420365163e+01 -1.387891408549847405e+01 3.927403021736313171e+00 9.152782466487959567e+00 3.927403021736313171e+00 -4.693755262017149477e+01
-5.805063222503635600e+00 -2.059607827482937026e+00 -6.767526382962422815e+00 -2.059607827482937026e+00 1.753070635873225092e+00 -4.915393551215324841e+00 -6.767526382962422815e+00 -4.915393551215324841e+00 -4.157277106622676399e+01
-3.757047353895137665e+00 -4.400811417288684191e-01 -4.845042696574385355e-01 -4.400811417288684191e-01 -1.507380622855891161e+01 -5.806722564885891807e-02 -4.845042696574385355e-01 -5.806722564885891807e-02 -8.414924398679863415e+00
-1.252150091536359966e+01 -6.203792106938833761e+00 -6.882559055195470954e+00 -6.203792106938833761e+00 -1.902235217176177429e+01 7.146955811147441828e+00 -6.882559055195470954e+00 7.146955811147441828e+00 -1.305526652217991490e+01
5.298879425680988220e+01 1.663466023819929873e+01 1.568696390755102499e+01 1.663466023819929873e+01 3.976501432958624349e+01 2.446086188606204459e+01 1.568696390755102499e+01 2.446086188606204459e+01 1.053053853023459929e+01
4.298465798845881203e+00 -1.214458241115699622e+01 -2.772411091939462668e+00 -1.214458241115699622e+01 -1.591821818278335421e+01 1.047505343520499510e+00 -2.772411091939462668e+00 1.047505343520499510e+00 -2.155997428358765688e+01
3.515089022195957980e-01 6.661484262508251319e+00 -4.612431688897809856e+00 6.661484262508251319e+00 6.316288609978443880e+00 -3.682736119325592306e+00 -4.612431688897809856e+00 -3.682736119325592306e+00 -3.951836782289358752e+01
-3.163221427225024485e+01 1.094974235018011299e+01 7.507477215671079840e+00 1.094974235018011299e+01 -2.518797741167630377e+01 1.444917324090248423e+00 7.507477215671079840e+00 1.444917324090248423e+00 -5.043446080468906700e+01
8.242625787284055150e+00 -5.262991374012766954e+00 1.220447471867444911e+01 -5.262991374012766954e+00 -7.759511446856853567e+00 -3.959503411162909714e+00 1.220447471867444911e+01 -3.959503411162909714e+00 -7.344193810147902290e+00
-2.153734064495030154e+01 5.492424132455094643e+00 6.267625793314017535e-02 5.492424132455094643e+00 -9.903883195992481348e+00 -2.065726980096311394e+00 6.267625793314017535e-02 -2.065726980096311394e+00 1.017988069075806656e+01
-6.207738926469792418e-01 2.777146006325377225e+00 8.744035389088128385e-01 2.777146006325377225e+00 4.436012774673089076e+00 2.510236401489164493e+00 8.744035389088128385e-01 2.510236401489164493e+00 8.595510603160644081e+00
1.225591157910581686e+01 -2.822221555665950010e+00 5.139311077696540053e+00 -2.822221555665950010e+00 -6.145358965936430273e+00 1.350328116696513625e+01 5.139311077696540053e+00 1.350328116696513625e+01 -2.763261212978707704e+01
-3.774397352565265606e+01 1.014736631660980670e+01 8.004466542148575670e+00 1.014736631660980670e+01 -4.017006044040591206e+01 9.642283556424432689e+00 8.004466542148575670e+00 9.642283556424432689e+00 -4.910652578450829964e+01
-2.877395903174352298e+01 1.003776062656419832e+01 -4.120127836322452275e+00 1.003776062656419832e+01 -1.847928792299606116e+01 4.241242670974689766e+00 -4.120127836322452275e+00 4.241242670974689766e+00 -4.279108836982293695e+01
-6.030286967808628873e+01 1.836473751987960146e+00 5.219373325495646476e+00 1.836473751987960146e+00 -6.095093669121207114e+01 -8.880107561424516405e+00 5.219373325495646476e+00 -8.880107561424516405e+00 -4.190508988330265794e+01
6.394935050410771993e+01 4.438785889210915769e+00 2.670186454260996101e+00 4.438785889210915769e+00 6.107755855868036576e+01 -2.025111254032568553e+01 2.670186454260996101e+00 -2.025111254032568553e+01 2.221314679942862114e+01
9.566150584042427241e+00 4.836768754572908641e-02 1.435691386094378785e+01 4.836768754572908641e-02 1.153973372276436216e+01 -4.885892637352751144e+00 1.435691386094378785e+01 -4.885892637352751144e+00 5.444072748018583319e+00
-3.246471138888099262e+01 3.635852531008895827e+00 -1.237940268990922199e+01 3.635852531008895827e+00 -2.363924442538927195e+01 -8.382846147427784445e+00 -1.237940268990922199e+01 -8.382846147427784445e+00 -2.169498401881233463e+01
-2.283832092549786452e+01 -3.983496017690802748e+00 -8.023013523398937252e+00 -3.983496017690802748e+00 -9.431534683542105668e+00 6.543418224568453567e+00 -8.023013523398937252e+00 6.543418224568453567e+00 -2.877824613908460094e+01
-1.545977535742891362e+01 3.858970043630364888e+00 -4.337598224546441728e+00 3.858970043630364888e+00 -3.139272738951741637e+00 -6.267494747156469259e+00 -4.337598224546441728e+00 -6.267494747156469259e+00 -4.749364208791860875e+01
-5.558083774535143462e+00 4.125969218362135926e+00 -3.964736330157858202e+00 4.125969218362135926e+00 -1.387661595076140841e+01 -1.196210060605526238e+01 -3.964736330157858202e+00 -1.196210060605526238e+01 -1.622687202820092267e+01
1.112185288772452019e+01 -1.613100879902862550e+00 -6.639249890678128319e-01 -1.613100879902862550e+00 1.367642800423226035e+01 -8.998845971881641148e+00 -6.639249890678128319e-01 -8.998845971881641148e+00 -4.000710491864509066e+01
-2.758737233825573298e+01 4.217010631453801395e+00 -4.788165932235327382e+00 4.217010631453801395e+00 -1.438608638653740890e+01 -1.510150313371387654e+01 -4.788165932235327382e+00 -1.510150313371387654e+01 -4.813806170456206246e+01
1.465229373211413000e+00 3.792488472613960049e+00 -1.970126383492574407e+00 3.792488472613960049e+00 2.956006445251680326e+00 9.493463530373301040e+00 -1.970126383492574407e+00 9.493463530373301040e+00 -4.493110391660852088e+01
3.689482629354994003e+01 2.939784683999201675e+00 -7.213562600152971349e+00 2.939784683999201675e+00 2.700874055485637015e+01 -6.625918219106868845e-01 -7.213562600152971349e+00 -6.625918219106868845e-01 -2.688902642597228443e+00
-1.913536682419434953e+01 6.828694797925728643e+00 -2.846767996723114535e+00 6.828694797925728643e+00 -9.462944678950330868e+00 8.728977013166856480e+00 -2.846767996723114535e+00 8.728977013166856480e+00 -1.410232098543555956e+01
-8.102373891045223431e+00 -1.746713626503069605e+01 -7.734374460320936340e-01 -1.746713626503069605e+01 -8.660539475722076830e+00 -3.479624081146422743e+00 -7.734374460320936340e-01 -3.479624081146422743e+00 -3.223627469832261028e+01
-4.535494554267941680e+01 1.058487442438685733e+01 -4.985849798021218859e+00 1.058487442438685733e+01 -3.387082947357588836e+01 -1.645305033986385945e+00 -4.985849798021218859e+00 -1.645305033986385945e+00 -4.232597868302585908e+01
-1.589349710758496848e+01 5.413187538724407055e+00 2.264972859148836282e+00 5.413187538724407055e+00 -1.044004748075364652e+01 -8.063029920998429745e+00 2.264972859148836282e+00 -8.063029920998429745e+00 -2.230704003630982513e+01
2.723861992440308555e+01 1.904239798835788422e+00 -6.929119000768279690e+00 1.904239798835788422e+00 1.779248436749361417e+01 8.903467871601709049e+00 -6.929119000768279690e+00 8.903467871601709049e+00 8.126462826137400342e+00
-3.595795303364501905e+01 7.649421185331854112e+00 1.482894207733601810e+00 7.649421185331854112e+00 -2.535730082085582993e+01 8.256782118581288410e-01 1.482894207733601810e+00 8.256782118581288410e-01 -6.835255356494096191e+01
-6.774033614602352316e+00 -6.255041916404516122e+00 -7.493040149599679012e+00 -6.255041916404516122e+00 1.265757982997069320e+01 2.331642559717824970e+00 -7.493040149599679012e+00 2.331642559717824970e+00 -2.241830532383252006e+01
7.649839726703361009e+01 2.076637905100624693e+01 -2.243101722467443437e+00 2.076637905100624693e+01 5.695481853754649393e+01 -3.609217359003837888e+00 -2.243101722467443437e+00 -3.609217359003837888e+00 2.236562856063555316e+01
2.958027331167535579e+01 -1.562701799404973668e+00 -5.172574185308103978e+00 -1.562701799404973668e+00 2.943589417155047627e+01 1.159253293653365491e+00 -5.172574185308103978e+00 1.159253293653365491e+00 2.008017231335728425e+01
2.919605508514326431e+01 2.909141979585751159e+00 1.048349356707726088e+01 2.909141979585751159e+00 3.370423178930403196e+01 -1.039141701590874511e+01 1.048349356707726088e+01 -1.039141701590874511e+01 -9.271714416705359341e+00
-2.224304645728452545e+00 1.863937944685678616e+01 -2.881718026001028221e+00 1.863937944685678616e+01 -4.918099832251217940e+00 9.480838799072925482e+00 -2.881718026001028221e+00 9.480838799072925482e+00 -5.229317050069213479e+01
2.956438850457104550e+01 -8.726728196810498162e+00 6.695523237015331475e+00 -8.726728196810498162e+00 2.221030720830637506e+01 -3.701772993019512015e+00 6.695523237015331475e+00 -3.701772993019512015e+00 -1.547366543631429536e+01
-4.009062958830038603e+00 2.941522173263977358e+00 3.379811734439888582e+00 2.941522173263977358e+00 -9.929810569486170024e+00 1.060371650662550813e+01 3.379811734439888582e+00 1.060371650662550813e+01 -2.204760047675080159e+01
4.676883051957548609e+00 1.471094633485566483e+01 1.309537275292157466e+00 1.471094633485566483e+01 -5.056717963173077424e-01 1.086847115465688907e+00 1.309537275292157466e+00 1.086847115465688907e+00 -7.916185988061487322e+00
2.353938663753972094e+01 -1.649945278795163395e+00 6.107339905584777462e+00 -1.649945278795163395e+00 1.765316156221228638e+01 3.167630279425752260e+00 6.107339905584777462e+00 3.167630279425752260e+00 1.436973081315261780e+01
4.338429926828238337e+01 -1.148852760494372482e+01 1.118456889830430612e+01 -1.148852760494372482e+01 5.695227159237449399e+01 6.922799305059975872e+00 1.118456889830430612e+01 6.922799305059975872e+00 8.226659087540525439e-01
2.342128393406898113e+01 -7.008816916365416816e+00 3.665115716821019554e+00 -7.008816916365416816e+00 2.721008896406944899e+01 -5.836905267795883923e+00 3.665115716821019554e+00 -5.836905267795883923e+00 1.338435431580420953e+01
8.545985517365842554e+00 -1.736581652293140721e+01 7.192263083869033125e+00 -1.736581652293140721e+01 -2.872415371867447664e+00 -9.251383579017463887e+00 7.192263083869033125e+00 -9.251383579017463887e+00 1.267858685018116027e+01
2.487094011403335969e+01 8.389746516631964468e+00 3.122638239405842175e-01 8.389746516631964468e+00 1.128649631871017078e+01 9.833435635576831757e+00 3.122638239405842175e-01 9.833435635576831757e+00 2.215052169750875422e+01
1.010967606703747279e+01 1.085891996177481778e+00 1.718644182472470527e+00 1.085891996177481778e+00 7.348659175375453323e+00 -5.203046669125248602e-01 1.718644182472470527e+00 -5.203046669125248602e-01 -8.954869455263642308e+00
2.463761657914525927e+01 -3.869883575852680391e+00 1.221064881151956349e+01 -3.869883575852680391e+00 1.439558089414119557e+01 -1.100736548632014689e+01 1.221064881151956349e+01 -1.100736548632014689e+01 1.164452921094422955e+01
-5.575997714063231081e-01 -3.516640924088213493e-01 2.218466842865518540e+00 -3.516640924088213493e-01 9.955892582850513151e+00 -1.558263266485318876e+00 2.218466842865518540e+00 -1.558263266485318876e+00 1.307362582285730745e+01
-1.055681648460483624e+00 -4.856691469120778315e+00 6.937127407724092087e+00 -4.856691469120778315e+00 1.643662146016624970e+00 1.100396540517048649e+01 6.937127407724092087e+00 1.100396540517048649e+01 -1.532532290207621806e+01
-2.060537644888254505e+01 -1.259169305751702161e+01 7.737692768993475134e+00 -1.259169305751702161e+01 -3.341909813800636186e+01 -4.056124963580299614e+00 7.737692768993475134e+00 -4.056124963580299614e+00 -7.139669145371367165e+01
2.789321318711495223e+01 -5.759363090685007514e+00 1.588939352107224590e+00 -5.759363090685007514e+00 1.080007606129389153e+01 -6.540626823617467167e+00 1.588939352107224590e+00 -6.540626823617467167e+00 6.614195405734836442e+00
8.383084114120686436e+00 -7.321700570001035580e+00 -1.820907573458449136e+01 -7.321700570001035580e+00 1.302557064901698070e+01 -9.544770401656560210e+00 -1.820907573458449136e+01 -9.544770401656560210e+00 -1.438821125193797457e+01
7.531017274245629167e+00 -1.514498993165308072e+01 1.280311404273891007e+01 -1.514498993165308072e+01 -6.153071201777970067e+00 -8.587863494886843085e+00 1.280311404273891007e+01 -8.587863494886843085e+00 -3.753787232009214847e+01
-3.070131246804030312e+01 7.152182128025805774e+00 -9.435601942412649379e+00 7.152182128025805774e+00 -1.850105309396255748e+01 -2.532721271527412554e+00 -9.435601942412649379e+00 -2.532721271527412554e+00 -5.238832115091314989e+01
-9.102418540813888015e+00 -6.109528551179863598e+00 9.444652874975149714e+00 -6.109528551179863598e+00 -6.995228159574121030e+00 7.930569617487588374e+00 9.444652874975149714e+00 7.930569617487588374e+00 -2.414383047361792478e+01
-1.880041199301519939e+01 1.447861419838493369e+01 -5.576434476339167112e+00 1.447861419838493369e+01 -2.218021936322736565e+01 -5.085838737204608773e-01 -5.576434476339167112e+00 -5.085838737204608773e-01 -9.948220191987507732e+00
-3.705915781753370908e+01 2.028639237396609563e+00 -1.103245281889431340e+01 2.028639237396609563e+00 -6.502281622062054112e+01 -4.139592672347247593e+00 -1.103245281889431340e+01 -4.139592672347247593e+00 -2.628183661556342798e+01
-1.880443755115846471e+01 9.465910434473682855e+00 -1.324367420591562450e+01 9.465910434473682855e+00 -3.392073471973527177e+01 7.252495646879949298e+00 -1.324367420591562450e+01 7.252495646879949298e+00 -4.737475543556826807e+01
-3.119417099973993857e+01 1.132334671119205538e+01 1.029868884888741931e+01 1.132334671119205538e+01 -3.195368425380328503e+01 4.811368137932844569e+00 1.029868884888741931e+01 4.811368137932844569e+00 -7.343578244459436632e+01
-3.313888782613155115e+01 9.934910282943583582e+00 1.053461556741771155e+01 9.934910282943583582e+00 -3.981365552726967394e+01 -3.880395508906961499e+00 1.053461556741771155e+01 -3.880395508906961499e+00 -4.223245254730306186e+01
-1.283662908491465027e+00 4.634196525714997072e+00 -2.273900222005836025e-01 4.634196525714997072e+00 7.977529895280822680e-01 -8.782875873247940390e+00 -2.273900222005836025e-01 -8.782875873247940390e+00 -1.398010420503895368e+01
7.018993751339156262e+00 4.538553950541326376e-01 -9.083090324866779142e+00 4.538553950541326376e-01 6.074733001468189286e+00 1.353387416981999269e+00 -9.083090324866779142e+00 1.353387416981999269e+00 -1.506683191563232604e+01
5.776054510795341201e+01 -3.904568457670125170e+00 4.602592965429451510e+00 -3.904568457670125170e+00 7.672630630593873491e+01 -8.972921627266854827e+00 4.602592965429451510e+00 -8.972921627266854827e+00 1.528382081256631153e+01
-5.942124933598079473e+00 3.634774951870278770e+00 5.441394021084700050e+00 3.634774951870278770e+00 -7.268368852680864300e+00 1.176157339889007147e+01 5.441394021084700050e+00 1.176157339889007147e+01 -1.730308581304074877e+01
1.847475040186186845e+01 8.324791746024397199e+00 -3.505163923122128988e+00 8.324791746024397199e+00 3.621103062173182963e+01 3.418885905252530666e+00 -3.505163923122128988e+00 3.418885905252530666e+00 -2.355967481265096097e+01
6.367625437209528627e+01 7.541926135120946562e+00 1.067854545643320208e+01 7.541926135120946562e+00 6.969171790118366516e+01 -6.776747341156183602e+00 1.067854545643320208e+01 -6.776747341156183602e+00 1.608890846163176747e+01
