4.581598569954612010e+00 7.212930616857043731e+00 -3.292055087089972076e+00 7.212930616857043731e+00 5.850585365014711492e+00 1.249024351003858779e+00 -3.292055087089972076e+00 1.249024351003858779e+00 -4.044256424479370082e+01
4.273450724137537016e+00 2.028551648711311017e+01 -6.748204588310814600e+00 2.028551648711311017e+01 2.037704311263919621e+01 -3.765806051030344381e+00 -6.748204588310814600e+00 -3.765806051030344381e+00 2.686808523056743425e+01
2.008710707454760325e+01 8.431153544782082676e+00 6.639437060132195256e+00 8.431153544782082676e+00 -1.014437887881984679e+01 -1.099243516962203238e+00 6.639437060132195256e+00 -1.099243516962203238e+00 -4.330754357544829247e+01
-3.370853559493618690e+01 -5.235596235883427596e+00 1.354825455496706077e+01 -5.235596235883427596e+00 -2.013098042116814312e+01 -8.318220177385665659e-01 1.354825455496706077e+01 -8.318220177385665659e-01 -2.024830537252639573e+01
-4.057698955150275566e+00 3.583186205844357985e+00 3.062159504120178788e+00 3.583186205844357985e+00 6.354870547003089953e+00 -3.211277763343427516e+00 3.062159504120178788e+00 -3.211277763343427516e+00 9.286922372045339102e+00
-4.825633779984458194e+00 2.580791235101174141e+00 -3.673309127723977774e+00 2.580791235101174141e+00 -9.842098662459644598e-02 2.514826141754180622e+00 -3.673309127723977774e+00 2.514826141754180622e+00 -3.957051017909198265e+01
-4.453840642279125461e+00 -8.771478228088858131e+00 3.467504262054072584e+00 -8.771478228088858131e+00 -9.479564363616718836e+00 5.010327217074082462e+00 3.467504262054072584e+00 5.010327217074082462e+00 -1.807733273248670969e+01
1.106619886611207271e+01 6.714919951276079324e+00 -6.159385311094771609e-01 6.714919951276079324e+00 1.793064887064051049e+01 1.332149180607271166e+00 -6.159385311094771609e-01 1.332149180607271166e+00 -3.646152683555570206e+01
-1.516283602058314095e+01 2.594302161711813604e+00 1.063201456050323657e+01 2.594302161711813604e+00 -2.634450253119894469e+01 -8.419582544232319776e+00 1.063201456050323657e+01 -8.419582544232319776e+00 -4.721933657770794923e+01
3.421849486654409844e+01 5.714203462079078477e+00 1.705854272625349222e-01 5.714203462079078477e+00 3.215011033628123727e+01 -1.111512250588905681e+00 1.705854272625349222e-01 -1.111512250588905681e+00 1.107354313128255541e+01
2.192158267389316606e+01 6.119737752291269040e+00 4.999130340029857678e+00 6.119737752291269040e+00 2.234174287446355933e+01 -8.953581299352940448e+00 4.999130340029857678e+00 -8.953581299352940448e+00 -1.422850250658891724e+01
3.223490584317665508e+01 3.524122268916872525e+00 8.816549136960654565e+00 3.524122268916872525e+00 3.596977912470175909e+01 6.722323413322497387e+00 8.816549136960654565e+00 6.722323413322497387e+00 -1.482982353383436269e+01
1.979349617983651299e+01 5.595609353036152811e+00 -6.637012528225872288e+00 5.595609353036152811e+00 -2.855130688729837218e-01 1.591005614229712206e+00 -6.637012528225872288e+00 1.591005614229712206e+00 2.292609900315527938e+01
3.048609264972767008e+01 4.008755585049731174e+00 3.180350073266977162e+00 4.008755585049731174e+00 3.126636185897271147e+01 2.227256493281756788e-01 3.180350073266977162e+00 2.227256493281756788e-01 2.053409608741228354e+00
1.771232561055240851e+01 9.002632065734161415e+00 -3.852266955253287772e+00 9.002632065734161415e+00 2.426383574481986116e+01 9.148222819112771020e+00 -3.852266955253287772e+00 9.148222819112771020e+00 -1.421653805084710953e+01
4.364616882099747386e+01 -6.938185769467907882e+00 6.576253461609264050e+00 -6.938185769467907882e+00 2.918608700649937049e+01 3.598584494511499976e+00 6.576253461609264050e+00 3.598584494511499976e+00 3.506990787550723354e+00
4.086145186154755038e+01 2.464228549299266324e-01 -4.052407363332828361e+00 2.464228549299266324e-01 3.788554679250826496e+01 -3.781708724197426985e+00 -4.052407363332828361e+00 -3.781708724197426985e+00 5.469952898720818801e+00
1.886491005082201866e+01 8.799798253025477024e+00 5.391704640564586981e+00 8.799798253025477024e+00 1.198582248576655829e+01 -9.723741891493443035e+00 5.391704640564586981e+00 -9.723741891493443035e+00 -8.112218909939166167e+00
3.719426524640009291e+01 5.361434133869467544e+00 -2.015862792193466202e+00 5.361434133869467544e+00 3.148774912785417612e+01 -2.703776404757503027e+00 -2.015862792193466202e+00 -2.703776404757503027e+00 8.550782979557945751e+00
3.429430642312185995e+01 1.732733146683426151e-01 3.238824088908430765e-01 1.732733146683426151e-01 3.282526718214700878e+01 3.261731163729162941e-01 3.238824088908430765e-01 3.261731163729162941e-01 3.244029048889187195e+00
-3.766331485949812219e+01 7.477990868961852833e+00 -8.220927464723448708e+00 7.477990868961852833e+00 -3.344042612809823822e+01 1.037560946479543844e+01 -8.220927464723448708e+00 1.037560946479543844e+01 -3.558881641783580818e+01
-1.753174598065000467e+01 4.231746550344053226e+00 2.073052154217203835e+01 4.231746550344053226e+00 -3.904532003990870237e+01 1.216196923039830757e+01 2.073052154217203835e+01 1.216196923039830757e+01 -5.077908523840523713e+01
3.848684296569659580e+01 1.660016766871946325e+00 2.865555241578017664e+00 1.660016766871946325e+00 3.843133103802623651e+01 -1.258474201350127109e+00 2.865555241578017664e+00 -1.258474201350127109e+00 3.161629698416854595e+00
-3.438229008109185969e+01 2.728114167332432061e+00 4.513799159176320686e+00 2.728114167332432061e+00 -3.019480189907772427e+01 -1.051813424807150232e+00 4.513799159176320686e+00 -1.051813424807150232e+00 -3.495091035140302438e+01
-1.940945131756382613e+00 5.264752433609159787e+00 -8.986087083357844563e+00 5.264752433609159787e+00 -3.155447229778965745e+00 -4.028526237347802130e+00 -8.986087083357844563e+00 -4.028526237347802130e+00 -1.653920129287473628e+01
6.502442321646448420e+01 1.466333498776001854e+01 9.335367357686834566e+00 1.466333498776001854e+01 5.389066112538003495e+01 -1.358351475000763697e+00 9.335367357686834566e+00 -1.358351475000763697e+00 1.777232532383776231e+01
1.220915848074323229e+01 7.492682229324840293e+00 -9.693360025591577500e-01 7.492682229324840293e+00 2.698849787654886612e+01 7.740303604930616199e-01 -9.693360025591577500e-01 7.740303604930616199e-01 -3.462164860822741730e+01
1.265664011490461505e+01 -1.024240492922642076e+01 -2.129896673125721840e+00 -1.024240492922642076e+01 1.477277022471426626e+01 -7.497731312927427894e+00 -2.129896673125721840e+00 -7.497731312927427894e+00 -1.688206137315392397e+01
2.666869824985936077e+01 -7.558632314134782426e+00 2.581256626598920967e+00 -7.558632314134782426e+00 3.303836184611736115e+01 9.862521571693301681e+00 2.581256626598920967e+00 9.862521571693301681e+00 -6.559245559187027119e+00
9.576116485159811731e+00 1.744863489860709294e+01 -2.705985588810873921e+00 1.744863489860709294e+01 4.779866726205846739e+00 -2.197287884712393335e+00 -2.705985588810873921e+00 -2.197287884712393335e+00 -4.886526761181549716e+01
1.002254268137964566e+01 -8.562660016817037478e-01 -3.154163736786439021e+00 -8.562660016817037478e-01 1.003279855372046647e+01 7.290041223038664420e+00 -3.154163736786439021e+00 7.290041223038664420e+00 -6.900955212449322751e+00
2.734438670882218148e+01 6.200596666296995352e+00 4.234727469726446536e+00 6.200596666296995352e+00 2.626776995213750610e+01 -1.224034802517807607e+00 4.234727469726446536e+00 -1.224034802517807607e+00 1.978793187479312154e-01
4.010831386515641839e+01 1.598291008060148455e+00 -1.124718460752692550e+00 1.598291008060148455e+00 3.984982272772118250e+01 -1.265515774948725136e+00 -1.124718460752692550e+00 -1.265515774948725136e+00 1.265254349308478021e+00
7.223206128643131763e+01 -6.445998838616602278e+00 -9.157879969286463862e+00 -6.445998838616602278e+00 7.235549911783340349e+01 1.235222000565724537e-01 -9.157879969286463862e+00 1.235222000565724537e-01 2.591304694633973327e+01
-1.331735221693092974e+01 -1.246365002189287985e+01 7.527020022105908481e+00 -1.246365002189287985e+01 -4.140878333194842220e+00 1.250068681116312641e+00 7.527020022105908481e+00 1.250068681116312641e+00 -4.184786679566648360e+01
-1.335931850927213205e+01 1.165697862987861910e+01 2.701733221686274611e+00 1.165697862987861910e+01 -1.662076936103046876e+01 7.064298062044247928e+00 2.701733221686274611e+00 7.064298062044247928e+00 -2.922295018617529649e+01
-9.294120540270695230e+00 9.799537951588078499e+00 9.425023075579080922e-01 9.799537951588078499e+00 6.851396948664477904e+00 1.611843443871835202e+00 9.425023075579080922e-01 1.611843443871835202e+00 1.126254959717436677e+01
4.906360398386269850e+01 -3.309642040997096690e-01 -7.448428764795911761e+00 -3.309642040997096690e-01 4.730597412011303504e+01 3.026899657759088313e+00 -7.448428764795911761e+00 3.026899657759088313e+00 1.712326576467707184e+01
1.002546277237690653e+01 -7.067932985566431903e+00 7.376315834367778379e+00 -7.067932985566431903e+00 -8.645033456363167446e+00 -1.012692413702225913e+01 7.376315834367778379e+00 -1.012692413702225913e+01 -4.263298547856101806e+01
3.612471101349384384e+01 -1.676182674417499296e-01 -1.096233315291819999e+00 -1.676182674417499296e-01 2.525771528012938205e+01 2.076595733950373571e-02 -1.096233315291819999e+00 2.076595733950373571e-02 -1.176233875341933022e+00
3.436812745578894379e+01 1.773499246915098126e+01 -6.158926718471875894e+00 1.773499246915098126e+01 3.528359451217956178e+01 -1.520369001195271430e+01 -6.158926718471875894e+00 -1.520369001195271430e+01 1.994303705293059892e+01
4.834284996233374443e+01 5.491605834064957392e+00 -2.497898422041645361e+00 5.491605834064957392e+00 5.105057921247387753e+01 -1.097632907027923466e+01 -2.497898422041645361e+00 -1.097632907027923466e+01 2.309047402443849606e+01
4.784012674887437555e+01 -5.104623019422123598e+00 -2.838139841824103726e+00 -5.104623019422123598e+00 5.662748840862006006e+01 -9.721480331848976419e+00 -2.838139841824103726e+00 -9.721480331848976419e+00 1.253284931544661518e+01
4.113477459145107318e+00 -5.291447419789649054e+00 1.012795757587656498e+00 -5.291447419789649054e+00 -3.179268306826798174e+00 -1.510379416903542982e+01 1.012795757587656498e+00 -1.510379416903542982e+01 -2.077168897773796274e+01
2.597332974691604957e+00 -1.164825378884549956e+01 4.675150523873432995e+00 -1.164825378884549956e+01 1.694727764522479196e+00 -1.240189087709608451e+01 4.675150523873432995e+00 -1.240189087709608451e+01 -2.602085584453398681e+01
9.718570063368638046e+00 7.040339153597290345e-01 2.620114886441857305e+00 7.040339153597290345e-01 5.249222369016312006e-01 4.964242062613021034e+00 2.620114886441857305e+00 4.964242062613021034e+00 -3.452704543465450193e+00
-1.713215261508544884e+01 -1.040187044567317365e+01 1.957161354831945976e+00 -1.040187044567317365e+01 -3.382656972748922186e+01 1.570559913038149347e+01 1.957161354831945976e+00 1.570559913038149347e+01 -5.155825684554160659e+01
4.136731768190564651e+01 8.919574305027136774e+00 6.705732835024161176e+00 8.919574305027136774e+00 4.509867223082286358e+01 6.976782422542339823e+00 6.705732835024161176e+00 6.976782422542339823e+00 1.711400013971772438e+01
4.732132005832737853e+00 1.061795144868970731e+01 -6.856683684452116179e-01 1.061795144868970731e+01 -1.518312871678337750e+01 8.780126384883070401e+00 -6.856683684452116179e-01 8.780126384883070401e+00 1.288630972641871431e+01
4.819227225560551631e+01 5.634301708042400492e+00 -7.324116865466923976e+00 5.634301708042400492e+00 4.831188802523166004e+01 2.066618870390086182e-01 -7.324116865466923976e+00 2.066618870390086182e-01 1.965174981700100787e+01
1.290197815146707150e+01 1.275790913243237945e+01 6.442884973096864032e-01 1.275790913243237945e+01 6.905456858435951695e+00 -1.336193444561154919e+01 6.442884973096864032e-01 -1.336193444561154919e+01 -3.518019507528730827e+01
1.670968262738225363e+01 1.399468182919377490e+01 8.136833617165024624e-01 1.399468182919377490e+01 1.261575908733916584e+01 -6.257738842860891548e-01 8.136833617165024624e-01 -6.257738842860891548e-01 2.457422136476514751e+00
7.850714132766071884e+00 7.380573743450642432e-01 4.447023104926232762e+00 7.380573743450642432e-01 7.180665561523944085e+00 1.419905384141213034e+01 4.447023104926232762e+00 1.419905384141213034e+01 -4.991120848007650324e+00
-1.154693261890103528e+01 6.590746961370348878e+00 1.417929099462813758e+00 6.590746961370348878e+00 -7.139931891873687597e+00 -3.977500332339568345e+00 1.417929099462813758e+00 -3.977500332339568345e+00 -2.535641964856580799e+01
2.226929318661509782e+01 -2.696301725775315461e+00 1.039323295131187308e+01 -2.696301725775315461e+00 1.867544082045611020e+01 4.967151273104271958e+00 1.039323295131187308e+01 4.967151273104271958e+00 -1.763609561280184934e+01
4.469999468585776015e+00 -6.719339192825194429e-01 1.772768299317610263e-01 -6.719339192825194429e-01 -2.712828931826874346e+00 1.029000360034985384e+01 1.772768299317610263e-01 1.029000360034985384e+01 -1.225301346267859337e+01
5.864889827100993358e+01 9.233368996808687390e-01 -9.158711467195622902e+00 9.233368996808687390e-01 5.314804628034721645e+01 9.217838366707280073e+00 -9.158711467195622902e+00 9.217838366707280073e+00 1.416377488603558277e+01
-4.628276224574900510e+01 2.490751020700818219e-01 -1.516564663804740043e+01 2.490751020700818219e-01 -3.829889738548544642e+01 -1.028722906768552114e+01 -1.516564663804740043e+01 -1.028722906768552114e+01 -6.290111430967893114e+01
3.682430149116863305e+01 4.272601123892055597e+00 1.895984894888719907e+00 4.272601123892055597e+00 2.397896972023450601e+01 7.790449619593750263e+00 1.895984894888719907e+00 7.790449619593750263e+00 -1.460118797331103124e+01
-1.161535987325865982e+01 1.637973914857932201e+01 3.778683472534653642e+00 1.637973914857932201e+01 -1.730383252658448612e+01 3.327970347050168254e+00 3.778683472534653642e+00 3.327970347050168254e+00 -4.602223451283888522e+01
-8.245838841351934789e+00 5.302023160035497895e+00 7.608559926968737841e+00 5.302023160035497895e+00 3.995242561162540174e+00 7.974064229980297736e-01 7.608559926968737841e+00 7.974064229980297736e-01 -6.339280728053025449e+00
4.561171435818618392e+01 -5.151224400822323801e+00 2.672036222363556313e+00 -5.151224400822323801e+00 5.160094156653056530e+01 -1.261348325528977199e+01 2.672036222363556313e+00 -1.261348325528977199e+01 2.729517019266466349e+01
2.402077574244299640e+01 6.868629848613594824e+00 -2.631441708826107728e+00 6.868629848613594824e+00 2.576919947021292501e+01 4.299285925855945933e+00 -2.631441708826107728e+00 4.299285925855945933e+00 -6.024401920615479966e+00
2.051623346760141686e+01 1.682739619087246652e+01 7.228389367840980739e+00 1.682739619087246652e+01 1.054345926072230988e+01 6.148753735409695942e+00 7.228389367840980739e+00 6.148753735409695942e+00 -2.360682796494904068e+01
-1.040666593959835140e+01 6.336917878651681768e+00 4.785529791458551507e+00 6.336917878651681768e+00 -2.887652044432274323e+01 1.859973881156050668e+00 4.785529791458551507e+00 1.859973881156050668e+00 -2.636266029981371517e+01
2.181637921701169347e+01 4.876012717061454227e-01 1.173126194525621724e+00 4.876012717061454227e-01 3.476096026031524389e+01 -1.116295407179945265e+01 1.173126194525621724e+00 -1.116295407179945265e+01 -2.216889918409846416e+01
2.618595730946924327e+00 5.832312885700962291e+00 2.444746458582643278e+00 5.832312885700962291e+00 -1.958340152029213144e+01 -1.230645435665043763e+01 2.444746458582643278e+00 -1.230645435665043763e+01 -4.160460953684714980e+01
5.189799437206498567e+01 -1.493564437072327555e+00 9.563495569281068587e-01 -1.493564437072327555e+00 6.014675788007452439e+01 6.709006084846832252e+00 9.563495569281068587e-01 6.709006084846832252e+00 2.428172670810895184e+01
-2.709334626733386742e+01 1.305054622654387764e+01 -5.501366658725688197e+00 1.305054622654387764e+01 -2.740277799058208430e+01 -8.294731695112051995e+00 -5.501366658725688197e+00 -8.294731695112051995e+00 -7.114017904279727134e+01
-6.021151878657079237e+00 -4.944042078834312015e+00 -1.491507636363337941e+00 -4.944042078834312015e+00 -3.044825677087231064e+00 -1.240301262504428692e+01 -1.491507636363337941e+00 -1.240301262504428692e+01 -2.588012214549787515e+01
-2.920674955863189481e+01 -3.603649041135206232e+00 1.739397128150064731e+01 -3.603649041135206232e+00 -3.480429318676265371e+00 -1.775027270016112979e+01 1.739397128150064731e+01 -1.775027270016112979e+01 -5.052543215123907316e+01
3.349759838196202111e+01 -1.761219826980906511e+00 -2.761210712322801797e+00 -1.761219826980906511e+00 4.045398008543073587e+01 9.272881271739391806e+00 -2.761210712322801797e+00 9.272881271739391806e+00 -8.310983878478042541e+00
-1.251979033938946451e+01 -3.491089041674457327e+00 -6.853414323515598205e+00 -3.491089041674457327e+00 -2.233726338566287950e+01 3.653473832825044010e+00 -6.853414323515598205e+00 3.653473832825044010e+00 1.197006599788844383e+01
-3.279330934809486564e+01 -2.146111526925791324e+00 -1.554679673117979943e+00 -2.146111526925791324e+00 -2.923675679324003696e+01 -1.107749946595975210e+01 -1.554679673117979943e+00 -1.107749946595975210e+01 -4.128491718291093093e+01
4.380449724133670486e+01 -5.567334778741270362e+00 -5.025843321896520166e+00 -5.567334778741270362e+00 3.835908404770169966e+01 5.717070367604716097e+00 -5.025843321896520166e+00 5.717070367604716097e+00 1.146041688175220585e+01
4.317832875889211408e+01 5.831429022568620724e+00 1.391350433230276851e+00 5.831429022568620724e+00 3.367239947940057476e+01 -1.202718280837885168e+01 1.391350433230276851e+00 -1.202718280837885168e+01 -4.707605628343511484e+00
-3.376481309550526078e+01 1.350247884737684423e+01 2.142137288867779432e+00 1.350247884737684423e+01 -1.816242394987721198e+01 2.828414657059906467e+00 2.142137288867779432e+00 2.828414657059906467e+00 1.565478821098342088e+01
-2.387360067624245907e+00 5.388003270166928260e+00 -3.506042826940221069e+00 5.388003270166928260e+00 1.355337392741512126e+01 -2.844248044353698823e+00 -3.506042826940221069e+00 -2.844248044353698823e+00 3.061824429632210354e+01
6.662468037426194201e+00 -5.021489010577085743e+00 -1.538480049569154673e+01 -5.021489010577085743e+00 -4.863331006735812090e-01 -2.871169697876193805e+00 -1.538480049569154673e+01 -2.871169697876193805e+00 1.726353424174041695e+00
1.799683422323513327e+01 1.340813931905444001e+01 1.519108188808840687e+01 1.340813931905444001e+01 2.788455121162082762e+01 8.521517932342888457e+00 1.519108188808840687e+01 8.521517932342888457e+00 2.417105704357170382e+01
2.380877383232881073e+01 6.938541457605786056e-02 -1.000114994662002843e+01 6.938541457605786056e-02 2.203791323171013872e+01 -1.801665101322144524e+00 -1.000114994662002843e+01 -1.801665101322144524e+00 -8.553853718043971099e+00
-2.891588949614785964e+00 -1.375420880975043758e+01 -4.444010397684118097e+00 -1.375420880975043758e+01 -2.042414806759185097e+01 1.563000389649115895e+01 -4.444010397684118097e+00 1.563000389649115895e+01 -5.323595869773640032e+01
3.783222779793613455e+01 9.001817445211759861e+00 1.260661023356575683e+01 9.001817445211759861e+00 2.764636790331233485e+01 5.307072194542692856e+00 1.260661023356575683e+01 5.307072194542692856e+00 -1.095583382594468702e+01
-1.747547776824008636e+01 2.988717628128811921e+00 7.530885353304466179e+00 2.988717628128811921e+00 -2.589969275883821709e+01 -8.452726660731221031e+00 7.530885353304466179e+00 -8.452726660731221031e+00 -7.066837566703101459e+01
-1.272651863038386111e+01 -3.874073762010518784e+00 -2.324227660749522251e+00 -3.874073762010518784e+00 3.437765516277829225e-01 9.910722498010452242e+00 -2.324227660749522251e+00 9.910722498010452242e+00 -5.200903571891404908e+01
2.859171472113767987e+00 7.659615182828819258e+00 3.811815640593935850e+00 7.659615182828819258e+00 6.426621136949538737e+00 5.120433788144152842e+00 3.811815640593935850e+00 5.120433788144152842e+00 1.308559565973818373e+01
4.972459011638600934e+00 1.098865449007644735e+01 -1.023582074588209778e+01 1.098865449007644735e+01 -1.266183694287131623e+01 -5.628610481885226946e+00 -1.023582074588209778e+01 -5.628610481885226946e+00 1.695558735773647285e+01
-7.063601854140862280e+00 4.501165786855401585e+00 -5.829328538158385697e+00 4.501165786855401585e+00 -1.781139287308714358e+01 5.798229626474416420e+00 -5.829328538158385697e+00 5.798229626474416420e+00 -3.253503157576152827e+00
4.267464131058719801e+01 2.781897258028196873e+00 2.720850193326304289e+00 2.781897258028196873e+00 3.965884235861860674e+01 -6.459747592741805988e+00 2.720850193326304289e+00 -6.459747592741805988e+00 -3.740154646232600300e+00
1.519059149913469930e+01 -1.138173607645001795e+01 -5.938219976572615799e+00 -1.138173607645001795e+01 3.101930036876954233e+01 -8.518946527838936689e+00 -5.938219976572615799e+00 -8.518946527838936689e+00 -1.268704159016280109e+01
4.657328953418418682e-01 5.496151922163785564e+00 1.344149288787365837e+00 5.496151922163785564e+00 7.657721236390325537e+00 2.648267396010224761e+00 1.344149288787365837e+00 2.648267396010224761e+00 2.946231656770399443e+00
-6.761255959135041849e+00 -5.841482637480877926e+00 5.936418611920636579e+00 -5.841482637480877926e+00 -9.380357830135362118e-02 -6.984138971200798629e+00 5.936418611920636579e+00 -6.984138971200798629e+00 -1.298199522088509639e+01
8.983221401301753062e+00 1.068956364612977339e+01 -1.838129518647416472e+00 1.068956364612977339e+01 -2.364967894814074878e+00 2.266957200711653631e+00 -1.838129518647416472e+00 2.266957200711653631e+00 -3.607999698063331806e+01
8.782221313016986386e+00 -7.639859165890130477e+00 -5.249958398477271970e+00 -7.639859165890130477e+00 2.253813710979263618e+01 -1.817109893328949255e+01 -5.249958398477271970e+00 -1.817109893328949255e+01 -1.800624343554389029e+01
4.067022545921080479e+00 1.216154137601906093e+01 1.175293286552113958e+00 1.216154137601906093e+01 6.958597679490973853e+00 8.784680146912247523e+00 1.175293286552113958e+00 8.784680146912247523e+00 -2.149207205178592428e+00
6.976397723214703417e-01 6.161844648219648946e+00 6.232370495582397751e+00 6.161844648219648946e+00 -1.042453872200180420e+01 -1.216454915420838390e+00 6.232370495582397751e+00 -1.216454915420838390e+00 1.471012300310981580e+01
5.394170327799723452e+01 -1.339094782662008765e+00 -6.786638209478979000e-02 -1.339094782662008765e+00 4.517991448237652463e+01 1.019307159095176019e+01 -6.786638209478979000e-02 1.019307159095176019e+01 2.972324057770725503e+00
2.781281174520601240e+01 8.724614221575931694e+00 -4.976740244610346586e+00 8.724614221575931694e+00 3.181705722275609105e+01 -1.439471057095561113e+00 -4.976740244610346586e+00 -1.439471057095561113e+00 -1.917214417030631424e+01
-1.195579113342487965e+01 -9.547259782682949947e+00 -7.015351311902046305e+00 -9.547259782682949947e+00 -2.513307713688734779e+01 -6.402600153998193377e+00 -7.015351311902046305e+00 -6.402600153998193377e+00 -2.416290132631726451e+01
1.884034377419403228e+01 1.126103772515766366e+01 -4.437904565065688089e+00 1.126103772515766366e+01 2.535745081539133849e+01 -4.369176799281309975e+00 -4.437904565065688089e+00 -4.369176799281309975e+00 -8.580105573329664281e+00
