3.955356339526356457e+00 -1.287409781143080956e+01 -7.762623586671666409e+00 -1.287409781143080956e+01 -5.084710054490966513e+01 1.215529367037707686e+01 -7.762623586671666409e+00 1.215529367037707686e+01 1.244950910554070589e+01
-1.437573266220265111e+01 -2.441632529324612833e+01 -1.240465206336301840e+01 -2.441632529324612833e+01 -1.034687500157153117e+01 1.438117729802185529e+01 -1.240465206336301840e+01 1.438117729802185529e+01 -1.479177197702263591e+01
4.049822125258686611e+01 1.276834555544519856e-01 3.547162514792508325e+00 1.276834555544519856e-01 8.478854585409559164e+00 1.095516097145497625e+01 3.547162514792508325e+00 1.095516097145497625e+01 5.161474307354803415e+01
-1.985883612867233694e+01 5.983017102601697168e+00 1.311868341671182714e+00 5.983017102601697168e+00 -4.287677088603302877e+01 7.687799282908590826e+00 1.311868341671182714e+00 7.687799282908590826e+00 -4.927090745411853767e+00
-1.579374991402541362e+01 1.322399632198226982e+00 -7.064637140149730321e+00 1.322399632198226982e+00 -4.160125218461592311e+01 3.676095008348311932e+00 -7.064637140149730321e+00 3.676095008348311932e+00 -2.406177028817856112e+00
-1.156379915297215710e+01 8.704021613436866645e+00 9.901060481921032164e+00 8.704021613436866645e+00 -1.104360425272792412e+01 -3.934016749643603816e+00 9.901060481921032164e+00 -3.934016749643603816e+00 -9.024379521907555102e+00
1.161002820973199734e+00 2.261267932015995186e+01 -1.541068938080826012e+00 2.261267932015995186e+01 2.684642079182416907e+01 -8.983915802218970237e-01 -1.541068938080826012e+00 -8.983915802218970237e-01 -2.170335033051030482e+00
-1.823779679851342195e+01 -1.478013105161407026e+01 5.556691837061658035e+00 -1.478013105161407026e+01 -5.619330898149017628e+01 -1.716637651609952897e+01 5.556691837061658035e+00 -1.716637651609952897e+01 -3.102161817876126992e+00
-4.098359077294105646e+00 1.834481604063501470e+00 -1.466990155398712581e+00 1.834481604063501470e+00 -1.506989560438690035e+01 -3.008336530167622591e+00 -1.466990155398712581e+00 -3.008336530167622591e+00 -6.727440650318736282e+00
-1.058065484954385482e+01 -9.992516261493773755e-02 -7.366216193635981568e+00 -9.992516261493773755e-02 8.601085621772948109e-01 -1.024055703573161935e+01 -7.366216193635981568e+00 -1.024055703573161935e+01 -1.558026234642910346e+01
-1.661274961031302055e+01 1.098893767288045353e+01 2.723732153818218649e+00 1.098893767288045353e+01 -1.397949239290361689e-01 -3.759925019530052204e+00 2.723732153818218649e+00 -3.759925019530052204e+00 2.468673264869185147e+00
4.486915192808195840e+00 -4.872537424000217499e+00 -1.881586651130537291e+01 -4.872537424000217499e+00 -3.986221410406261612e+01 9.592709208241210206e+00 -1.881586651130537291e+01 9.592709208241210206e+00 1.360751393456499336e+01
-1.312490071438707595e+01 -8.356520527724361713e+00 -6.882682221496662756e+00 -8.356520527724361713e+00 -6.184942168774791327e+01 3.478836040025471199e+00 -6.882682221496662756e+00 3.478836040025471199e+00 9.887085372664992988e+00
3.425192987238591513e+01 1.238009894113503817e+00 1.226600691095496742e+01 1.238009894113503817e+00 1.270700504919312523e+00 -1.805546843125037881e+01 1.226600691095496742e+01 -1.805546843125037881e+01 3.841615754746558764e+01
1.601131647960786353e+01 -1.656214786488412116e+01 1.257604957179950667e+01 -1.656214786488412116e+01 -1.242131061988786556e+01 -1.267351652954669028e+01 1.257604957179950667e+01 -1.267351652954669028e+01 3.979366396213176671e+01
-3.519704381298882190e+00 2.318537050847468972e+00 -3.332174412518046580e+00 2.318537050847468972e+00 -7.008267116518635476e+01 8.498389579610099887e+00 -3.332174412518046580e+00 8.498389579610099887e+00 -2.890714064859279375e+01
-1.042920178815598398e+01 -2.020910832323852802e+01 -1.546075272149320590e+01 -2.020910832323852802e+01 -1.505121949858021146e+01 -6.290592186548806808e+00 -1.546075272149320590e+01 -6.290592186548806808e+00 3.060261655623641275e+00
-3.133943382694483404e+01 -5.668805954451804574e+00 -9.450192892812783185e+00 -5.668805954451804574e+00 1.117483092720432758e+01 5.879605114248107611e-01 -9.450192892812783185e+00 5.879605114248107611e-01 3.376496176798862159e+00
-1.969412816298413205e+01 -1.517854356370847313e+01 2.140186027266319790e+00 -1.517854356370847313e+01 -4.183249634801052252e+01 4.749177001761996308e+00 2.140186027266319790e+00 4.749177001761996308e+00 -6.135880112660401231e+00
2.578383049772271463e+01 2.311352494191737161e+00 -1.083548486274631983e+01 2.311352494191737161e+00 1.162064179055501256e+01 6.152100025211616696e+00 -1.083548486274631983e+01 6.152100025211616696e+00 5.051272334358974092e+01
8.857404768256420979e+00 1.105469757614084614e+01 9.486572736557878471e+00 1.105469757614084614e+01 -3.111307331324420034e+01 5.816069595869324260e+00 9.486572736557878471e+00 5.816069595869324260e+00 6.666330074647416559e+00
1.969387021981823693e+01 -8.489504442636546244e+00 2.119230537942065062e+00 -8.489504442636546244e+00 -4.553299699611837070e+01 9.633207547089703837e+00 2.119230537942065062e+00 9.633207547089703837e+00 1.828962371887229210e+01
-9.300930266705583094e+00 -9.498356517971416224e+00 -1.577650844313398082e+01 -9.498356517971416224e+00 -1.818453139276056874e+01 -2.395882126933281508e+00 -1.577650844313398082e+01 -2.395882126933281508e+00 -1.051156726422761345e+01
-2.642194190783186514e+01 -1.729864013075881335e-01 1.410367432257542575e+01 -1.729864013075881335e-01 -4.818999823138311456e+01 6.755228734938043544e+00 1.410367432257542575e+01 6.755228734938043544e+00 -2.711556884602344653e+01
-1.287941159707406236e+01 -6.332096763594572408e+00 4.370561851068388570e+00 -6.332096763594572408e+00 3.991791583345797534e+01 1.627875988003836927e+00 4.370561851068388570e+00 1.627875988003836927e+00 2.325152872020100148e+01
-1.160244971392853230e+01 -1.625592877619521648e+00 5.895551938207499454e+00 -1.625592877619521648e+00 -2.332360661110040567e+01 -9.678404726417757509e-01 5.895551938207499454e+00 -9.678404726417757509e-01 -6.220906732423031826e+00
6.693633741080343036e+00 -1.215341441062526062e+00 1.374459804613755942e+01 -1.215341441062526062e+00 -8.230823345861560725e+00 1.116561619875493072e+01 1.374459804613755942e+01 1.116561619875493072e+01 -2.070320301956416031e+00
4.774720933278743473e+01 2.154201645697011447e+00 -7.098199683546999594e+00 2.154201645697011447e+00 1.418841140319377558e+01 -4.777277221376533767e+00 -7.098199683546999594e+00 -4.777277221376533767e+00 4.590090040403129024e+01
-1.982726263730674887e+01 1.175878019927041107e+00 7.897761205629992176e+00 1.175878019927041107e+00 -2.388841248408039775e+01 -2.028514634022716034e+00 7.897761205629992176e+00 -2.028514634022716034e+00 -8.028841148560061924e+00
-6.949238868997525964e-01 -9.687116727120963500e-01 6.253278179879370846e+00 -9.687116727120963500e-01 -4.102640058248384491e+01 -5.781857171199436429e+00 6.253278179879370846e+00 -5.781857171199436429e+00 9.535923603619323785e+00
-4.101443967416670056e+00 4.753789628997864725e+00 2.272024231262879113e+01 4.753789628997864725e+00 -2.054564276659507360e+00 -4.456121081331776423e+00 2.272024231262879113e+01 -4.456121081331776423e+00 4.330285987180890750e+00
2.173723431022998298e+01 2.599010780783125529e+00 -1.052073648992619503e+01 2.599010780783125529e+00 -8.679664398440706918e+00 -1.004137184090517643e+01 -1.052073648992619503e+01 -1.004137184090517643e+01 3.941309405093843310e+01
2.546889058541950490e+01 -1.996254776077152293e+00 1.360963363645731761e+01 -1.996254776077152293e+00 5.524433979341077716e+00 1.231055358571133462e+00 1.360963363645731761e+01 1.231055358571133462e+00 2.919255457227898276e+01
-3.482731771904920492e+01 -1.130925430703408985e+01 -1.135720305494593241e+01 -1.130925430703408985e+01 -7.948745020213027423e+00 -7.924346321054346554e+00 -1.135720305494593241e+01 -7.924346321054346554e+00 -3.759685173770264299e+01
1.486937027297645919e+01 -1.183483280574445651e+01 3.420048787468217721e+00 -1.183483280574445651e+01 -3.735568220538188378e+00 1.812572458711060985e+00 3.420048787468217721e+00 1.812572458711060985e+00 1.565305561649991084e+01
-8.824173222180252907e+00 -9.465558020534736272e+00 -1.928133342812277107e+01 -9.465558020534736272e+00 -4.790976041925288342e+01 -1.256605354366453930e+00 -1.928133342812277107e+01 -1.256605354366453930e+00 1.553213382569340872e+01
2.183750483881203408e+01 1.700138918630489826e+00 1.407401761874143897e+00 1.700138918630489826e+00 -5.559886721429477063e+01 4.510524634339140526e+00 1.407401761874143897e+00 4.510524634339140526e+00 1.086753525038804824e+01
1.300003335727492448e+01 4.407868299932665046e+00 4.385715093546567189e+00 4.407868299932665046e+00 -2.163260603602475030e+01 -3.488755260614582188e+00 4.385715093546567189e+00 -3.488755260614582188e+00 2.085317206182551786e+01
1.082304509420145955e+01 -8.594398806254483603e+00 3.608554179398232531e+00 -8.594398806254483603e+00 -1.968130513973051521e+01 3.598084403425282574e+00 3.608554179398232531e+00 3.598084403425282574e+00 2.431289374022333405e+01
-5.225763804079802455e+00 -1.094052839145445333e+01 5.700009808653380361e+00 -1.094052839145445333e+01 -5.707298757781920528e+01 9.899409979225916312e-02 5.700009808653380361e+00 9.899409979225916312e-02 -3.996603033367824054e+01
-2.156466356712988386e+01 -9.052638260312644292e+00 2.839346792017269916e+00 -9.052638260312644292e+00 -3.203087374429613732e+01 -4.213457663211475968e+00 2.839346792017269916e+00 -4.213457663211475968e+00 -8.601951960975497968e+00
-2.157177884645460608e+01 -4.344732185053496565e+00 -3.623165850687607659e+00 -4.344732185053496565e+00 -1.747460476664287887e-01 7.294429860885088823e-01 -3.623165850687607659e+00 7.294429860885088823e-01 -4.246636798077140185e+01
-2.707917423395934975e+01 -1.663175240596737581e+01 -1.152041975493147907e+00 -1.663175240596737581e+01 -4.504338037118638027e+01 1.419752274959343907e+01 -1.152041975493147907e+00 1.419752274959343907e+01 2.661867583863551268e+00
-4.960622863575188290e+01 9.695364553335393154e+00 -5.382329884575311141e+00 9.695364553335393154e+00 -9.813247408831626828e+00 6.094582481162905019e+00 -5.382329884575311141e+00 6.094582481162905019e+00 -2.229814945462765863e+01
2.875682810008507317e+01 -2.563822830591855251e+01 2.235397527694168163e-01 -2.563822830591855251e+01 1.779184169572848973e+01 -1.740425551266732596e+00 2.235397527694168163e-01 -1.740425551266732596e+00 2.737186649327048826e+01
4.905692383940478862e+01 7.109305311245360137e+00 -3.624043380829299998e+00 7.109305311245360137e+00 1.340926923387989467e+00 8.595705019688391957e+00 -3.624043380829299998e+00 8.595705019688391957e+00 5.360034006118853966e+01
-8.549172567004350576e-01 1.752432846456028592e+00 -1.555128514439012299e+01 1.752432846456028592e+00 -3.589095219354383204e+01 -7.181457474993270473e+00 -1.555128514439012299e+01 -7.181457474993270473e+00 2.479644192022306370e+01
-4.615687300544971450e+00 1.400180150890361475e+01 -9.072722818864921379e+00 1.400180150890361475e+01 9.886370316290415516e+00 1.764157448205362633e-01 -9.072722818864921379e+00 1.764157448205362633e-01 4.752896402313199431e+00
3.882629383027035175e+01 7.529110741063690382e-01 2.446115831531560403e+01 7.529110741063690382e-01 2.276074203893089631e+01 2.164769765347812278e-02 2.446115831531560403e+01 2.164769765347812278e-02 2.726044768881699554e+01
-1.257628735422600741e+01 -1.943841972161321152e+00 -1.004859020494330757e+01 -1.943841972161321152e+00 -8.964122561708094850e+01 -5.472106534143872381e+00 -1.004859020494330757e+01 -5.472106534143872381e+00 -2.084505346382880120e+01
