1.772676718774226856e+01 -7.070632612398903838e+00 5.973679440547578601e+00 -7.070632612398903838e+00 7.300356578777560834e+00 -5.946480920283675253e+00 5.973679440547578601e+00 -5.946480920283675253e+00 1.780750643383147391e+01
2.050854870921121531e+01 -5.905814044152004477e-02 -1.980749260944142165e+00 -5.905814044152004477e-02 3.087059456575321548e+01 -5.477619824714268226e+00 -1.980749260944142165e+00 -5.477619824714268226e+00 -2.107108535503709490e+01
4.022633169356346627e+00 8.155814349286981013e+00 6.367255433530234932e+00 8.155814349286981013e+00 -2.422314356857484441e+01 -4.596423244462367386e+00 6.367255433530234932e+00 -4.596423244462367386e+00 -1.866143709211962687e+01
1.755751316465836354e+01 -1.501671140804732074e+00 3.275920604961764404e+00 -1.501671140804732074e+00 1.849780036032196762e+00 -1.301880864745942290e+01 3.275920604961764404e+00 -1.301880864745942290e+01 -2.778621290071710703e+01
-1.211742509449734578e-01 -1.269675739895775735e+01 1.135590608642540289e+01 -1.269675739895775735e+01 -5.117492799682263893e+00 -1.935569461576864825e+01 1.135590608642540289e+01 -1.935569461576864825e+01 -3.828103877664104004e+01
5.835983032666050718e+01 2.738839219279614046e+00 1.923692354355508893e+00 2.738839219279614046e+00 5.757671205252716362e+01 8.598532990044860824e+00 1.923692354355508893e+00 8.598532990044860824e+00 3.543089481269851149e+01
4.482832053669550731e+01 -2.764437541115749131e+00 1.555588317464873915e+00 -2.764437541115749131e+00 3.490514466823454143e+01 9.549685211722595213e+00 1.555588317464873915e+00 9.549685211722595213e+00 1.295520939395312965e+01
1.970967831131152792e+01 -4.697135098078870641e+00 1.996075060120680078e+01 -4.697135098078870641e+00 3.407884428566493096e+00 -1.320108491262843309e+01 1.996075060120680078e+01 -1.320108491262843309e+01 -2.961966028509210602e+01
-1.640031243047347154e+00 3.412466957268449619e+00 -1.186529025186548125e+01 3.412466957268449619e+00 -7.108450050576688994e+00 -1.157213333120231091e+01 -1.186529025186548125e+01 -1.157213333120231091e+01 -4.562680906258266589e+01
4.722733222709508283e+01 3.173383717838521800e+00 -3.252787997881530391e+00 3.173383717838521800e+00 2.633764430341241436e+01 1.049214607382050701e+01 -3.252787997881530391e+00 1.049214607382050701e+01 -1.585871217990187532e+01
-3.362447296237726135e+01 -5.107251852594889563e+00 1.096632816813753308e+01 -5.107251852594889563e+00 -3.847370044545740342e+01 -5.928261828091674346e+00 1.096632816813753308e+01 -5.928261828091674346e+00 -4.790420867402831107e+01
5.959106163211735918e+00 -2.214271368369620241e+00 -7.655261343220527870e+00 -2.214271368369620241e+00 -2.462634273997755585e+00 -8.887157744064376530e+00 -7.655261343220527870e+00 -8.887157744064376530e+00 2.035130492215575959e+00
2.324872807035573885e+01 1.138421430459620964e+01 -8.591569540610690225e+00 1.138421430459620964e+01 3.134429775305237253e+00 -1.072812889289751714e+00 -8.591569540610690225e+00 -1.072812889289751714e+00 -9.441623688541087134e+00
-1.135852784340516131e+01 -1.171064099108342221e-01 -4.419663919996963841e+00 -1.171064099108342221e-01 -2.272414474174192733e+01 -5.711396521038264673e+00 -4.419663919996963841e+00 -5.711396521038264673e+00 -2.883017468840304431e+01
-2.456351022985911570e+00 -2.506731379916880886e+00 -1.142838623013030741e+00 -2.506731379916880886e+00 2.301564918394461756e+00 -2.346218408595855465e+01 -1.142838623013030741e+00 -2.346218408595855465e+01 -3.447532865013296544e+01
-8.343037134636551500e+00 -2.220486135796095439e+00 4.788519337861845138e+00 -2.220486135796095439e+00 -3.055212501202157327e+01 7.739168496569012845e+00 4.788519337861845138e+00 7.739168496569012845e+00 -5.090163410959943491e+01
2.229317253676288857e+01 -5.899461321582939455e+00 -1.336559315897119937e+01 -5.899461321582939455e+00 -3.025346605660948374e+00 -2.965785227264038593e+00 -1.336559315897119937e+01 -2.965785227264038593e+00 -3.137147346045865248e+01
-4.136864834952969971e+01 1.556525022163422989e+01 -2.519048131105267596e-01 1.556525022163422989e+01 -6.313554447995601038e+01 5.951063653957319843e+00 -2.519048131105267596e-01 5.951063653957319843e+00 -4.962328368100741471e+01
1.764073675467765723e+00 -4.265663071626065950e+00 4.477869923489071979e+00 -4.265663071626065950e+00 -1.480243311539421036e+01 5.851392613946658550e+00 4.477869923489071979e+00 5.851392613946658550e+00 -4.080074294585647721e+01
-2.811907519277874812e+01 -1.272583818852882942e+01 9.051522536502170979e+00 -1.272583818852882942e+01 -3.042396485408648132e+01 -4.126827889587455722e+00 9.051522536502170979e+00 -4.126827889587455722e+00 -9.612128800041159593e+01
2.912778505598461720e+01 4.194056842068126789e-01 4.448015032449824102e-01 4.194056842068126789e-01 7.284710307337017632e+00 1.054220095180757610e+01 4.448015032449824102e-01 1.054220095180757610e+01 -1.593736831457635006e+01
2.351724429040948294e+01 -3.835747332643445695e+00 -8.345896924506904568e+00 -3.835747332643445695e+00 2.783972824608444085e+01 -7.139397534528692191e+00 -8.345896924506904568e+00 -7.139397534528692191e+00 -2.439965858770067797e+01
1.294604932234036099e+01 6.584030884562158903e+00 -1.112972612272384643e+00 6.584030884562158903e+00 1.458804497709624570e+01 3.575900885457276690e+00 -1.112972612272384643e+00 3.575900885457276690e+00 -1.892020493183590446e+00
3.051001045094675490e+01 5.503748751720966004e-01 9.304632442668186343e+00 5.503748751720966004e-01 2.927151343433991926e+01 1.861778255156320672e+00 9.304632442668186343e+00 1.861778255156320672e+00 1.357373130119697180e+00
1.791981745122495084e+01 1.566576780921898404e+01 1.860040077642295842e+01 1.566576780921898404e+01 1.378039640746768058e+01 -4.303561264763247074e+00 1.860040077642295842e+01 -4.303561264763247074e+00 -3.263093846031900114e+01
-2.624612800873592633e+01 9.764245869235510966e+00 -2.726508747880766581e+00 9.764245869235510966e+00 -9.158547372837698930e+00 -5.452680091963495457e+00 -2.726508747880766581e+00 -5.452680091963495457e+00 -6.415040074914526258e+01
-3.294253459137755868e+01 -1.852127535746167952e+00 -2.312805351478630200e+01 -1.852127535746167952e+00 -1.675013945609451227e+01 3.569183788037141092e+00 -2.312805351478630200e+01 3.569183788037141092e+00 5.041899083648321955e+00
6.017445129193803588e+00 -9.127995543273630830e+00 -1.058691565847156291e+01 -9.127995543273630830e+00 2.495648009497164921e+00 2.601887211949689971e-01 -1.058691565847156291e+01 2.601887211949689971e-01 -1.686040967801596224e+01
2.144547321424790098e+01 7.027295284478808357e-01 3.609243255650042226e+00 7.027295284478808357e-01 1.677625071201352114e+01 -1.231764761296400934e+01 3.609243255650042226e+00 -1.231764761296400934e+01 1.490127512388094999e+01
2.269371286639926544e-01 -1.418881694143803607e+01 -1.688921656444042074e-01 -1.418881694143803607e+01 -8.631743360615007354e-02 -5.443623399111698902e+00 -1.688921656444042074e-01 -5.443623399111698902e+00 -5.430210703767889413e+01
2.701839384987381720e+01 4.566276691911638430e+00 1.311304946012985972e+01 4.566276691911638430e+00 4.913786279675306901e+01 -5.629860843909606061e+00 1.311304946012985972e+01 -5.629860843909606061e+00 -7.058275139039744239e+00
-4.684298711416651173e+01 -6.611484482712477906e+00 -2.163642398726357996e+00 -6.611484482712477906e+00 -1.832628438464232090e+01 -1.064670009836584263e+01 -2.163642398726357996e+00 -1.064670009836584263e+01 -8.736226520766616943e+01
2.480519539218575265e+00 1.463577874384955901e-01 -6.396630063242992215e+00 1.463577874384955901e-01 -1.862529678893288931e+01 -2.892912453895881697e+00 -6.396630063242992215e+00 -2.892912453895881697e+00 -3.746498070037300465e+01
4.233986610744985946e+00 4.360040618348789643e+00 -2.444509555328102657e+00 4.360040618348789643e+00 9.174011272971268616e-01 -2.028716062767688566e+00 -2.444509555328102657e+00 -2.028716062767688566e+00 -1.972922686769166489e+01
-2.890374691810976415e+01 -1.060344476978185124e+00 6.656657846644058907e+00 -1.060344476978185124e+00 -4.432489958155426280e+01 9.918948261430421409e-01 6.656657846644058907e+00 9.918948261430421409e-01 -5.863275193899874438e+01
-1.408380373006944275e+01 7.718762172463479176e-01 2.046401386041140569e+01 7.718762172463479176e-01 -2.746585236597272228e+01 5.002879885327082832e+00 2.046401386041140569e+01 5.002879885327082832e+00 -2.988346657379385718e+01
3.983585095535573828e+01 2.804258883182424000e+00 2.801606363804849398e+00 2.804258883182424000e+00 2.367100593942898712e+01 -2.561669539083300506e+01 2.801606363804849398e+00 -2.561669539083300506e+01 -5.618183015073110020e+00
-3.083664901752682042e+01 -2.767502771164506381e+00 -1.130591168735799279e+01 -2.767502771164506381e+00 -1.748592687505032117e+01 -6.635313147679241297e+00 -1.130591168735799279e+01 -6.635313147679241297e+00 -2.162182314475187539e+01
4.577006866901475490e+01 7.525713568533782372e+00 -7.469152979593421726e+00 7.525713568533782372e+00 4.666226590267658025e+01 -4.225381206551499957e+00 -7.469152979593421726e+00 -4.225381206551499957e+00 -1.753636038153309684e+01
4.154712047935857555e+01 1.726656794205258549e+01 6.515068985053892092e+00 1.726656794205258549e+01 3.284900038803135658e+01 8.246418549850137225e+00 6.515068985053892092e+00 8.246418549850137225e+00 -6.668287407919295973e+00
6.806955620507008753e+00 9.274894243949523442e+00 -1.332661799616582243e+01 9.274894243949523442e+00 -4.724272774651367079e+00 1.811586653249966261e+01 -1.332661799616582243e+01 1.811586653249966261e+01 -5.528909170740141832e+01
4.503413595326914987e+01 -5.002056620105836515e+00 -2.177043143814418880e+00 -5.002056620105836515e+00 3.405726541691746689e+01 -5.448772328046557867e+00 -2.177043143814418880e+00 -5.448772328046557867e+00 1.672604269081189443e+01
-3.523225495150974940e+00 5.526586999998055916e+00 7.429310846216540476e+00 5.526586999998055916e+00 -1.545824979743684224e+01 4.818257534226483507e+00 7.429310846216540476e+00 4.818257534226483507e+00 -1.751613166715932124e+01
-1.219260137775216801e+00 2.928854453504531108e+00 8.498841231131388341e+00 2.928854453504531108e+00 -1.734318627832803328e+00 8.636416331159550097e+00 8.498841231131388341e+00 8.636416331159550097e+00 -4.688423996694520213e+01
2.362062744507263190e+01 -5.293490788434326966e+00 7.238190843993482559e+00 -5.293490788434326966e+00 1.014598493766999354e+01 -4.162098471219145779e+00 7.238190843993482559e+00 -4.162098471219145779e+00 -3.972866136460116593e+01
2.420685629704256936e+00 8.743855175848034289e-01 1.832257456288176201e+01 8.743855175848034289e-01 2.347068683851573301e+00 4.543393630759910984e+00 1.832257456288176201e+01 4.543393630759910984e+00 -3.826269385763671949e+01
-2.074046550977656267e+01 -3.597247396863233249e+00 8.240909786321564567e+00 -3.597247396863233249e+00 -1.644952658808647072e+01 1.798113125326673156e+01 8.240909786321564567e+00 1.798113125326673156e+01 -4.979430702755083615e+01
-1.289582663767005499e+01 -7.363092139590545315e+00 -9.701362206926152254e+00 -7.363092139590545315e+00 -3.308780261649548038e+01 3.657264388223662177e-01 -9.701362206926152254e+00 3.657264388223662177e-01 -4.690527660239560248e+01
-4.877556185409885003e+00 -4.207770519056822422e+00 1.221978686956418869e+01 -4.207770519056822422e+00 -6.842767192920844899e+00 3.638173509876617917e+00 1.221978686956418869e+01 3.638173509876617917e+00 -4.593885386383274749e+01
2.629508557203278940e+01 -5.000849008455528377e+00 1.120933683183908158e+01 -5.000849008455528377e+00 9.204935110604987258e+00 -1.015787161115012260e+01 1.120933683183908158e+01 -1.015787161115012260e+01 -2.286576929491513610e+01
2.599027054877963749e+01 9.881155203631681871e+00 1.568781292121262183e+01 9.881155203631681871e+00 3.335920140664061506e+01 5.616825825676024841e+00 1.568781292121262183e+01 5.616825825676024841e+00 5.072162182533961783e+00
-7.015984877515888840e+00 -3.779645933781297651e-01 1.352396166093051733e+01 -3.779645933781297651e-01 -2.834012192003839914e+01 -1.059803839606880871e+01 1.352396166093051733e+01 -1.059803839606880871e+01 -4.031406983900886587e+01
3.763438515215457159e+01 -2.101422175425161853e+00 -2.477766168997079532e+01 -2.101422175425161853e+00 3.106697741461289297e+01 -3.466291865440801256e+00 -2.477766168997079532e+01 -3.466291865440801256e+00 2.935066089969311953e+00
-1.975858622194191838e+00 -8.468813007880179100e+00 8.588009698941700520e+00 -8.468813007880179100e+00 -5.779660218370147540e+00 -2.017554241189321473e+00 8.588009698941700520e+00 -2.017554241189321473e+00 -8.894973901569136032e+00
-1.624165049157660690e+01 -1.500347124827019307e+01 7.545114270955611602e+00 -1.500347124827019307e+01 -3.897363273788375437e+01 2.285060515878852172e+00 7.545114270955611602e+00 2.285060515878852172e+00 -3.558345558151204813e+01
-2.151112794691411523e+01 2.395950320573462466e+00 1.156234458027411804e+01 2.395950320573462466e+00 -2.953027508938610879e+01 -1.644127222457540727e+00 1.156234458027411804e+01 -1.644127222457540727e+00 -6.388184907291358883e+01
2.919820408443326087e+01 -1.055911355547211805e+01 -1.277134898903084270e+01 -1.055911355547211805e+01 2.010189269994458883e+01 -7.655005592122415159e+00 -1.277134898903084270e+01 -7.655005592122415159e+00 -3.125484738053835798e+01
-1.471842573492555140e+01 -9.374887193394961571e+00 -6.810935209187598538e+00 -9.374887193394961571e+00 -1.507271792531972743e+01 -3.770235739322649771e+00 -6.810935209187598538e+00 -3.770235739322649771e+00 -3.008493019376595523e+00
2.264864167671021278e+01 -1.762547916364855194e+00 2.595740249532100918e+00 -1.762547916364855194e+00 2.037411309523370662e+01 -1.431984052848029876e+00 2.595740249532100918e+00 -1.431984052848029876e+00 -6.849123051759568703e+00
3.787500809273176827e+01 2.201170464236917468e+01 -1.193506514066671009e+01 2.201170464236917468e+01 1.233912536217362010e+01 -1.601238206152106258e+01 -1.193506514066671009e+01 -1.601238206152106258e+01 -1.446835043868347981e+01
-3.513913872494055113e+01 5.636405030613107492e+00 -8.126396074421274207e+00 5.636405030613107492e+00 -2.259630006347562770e+01 -3.577407144612678280e+00 -8.126396074421274207e+00 -3.577407144612678280e+00 -4.276883563799235333e+01
-4.627087179779092452e+01 2.107363161169661048e+00 2.830376250144778005e+00 2.107363161169661048e+00 -4.033944965858163556e+01 -7.591481410697729082e-01 2.830376250144778005e+00 -7.591481410697729082e-01 -4.767497445027554903e+01
1.077526189937921597e+00 1.177979787450531113e+01 1.739744572619243002e+01 1.177979787450531113e+01 -1.193116600828115459e+01 -1.128565170454668731e+01 1.739744572619243002e+01 -1.128565170454668731e+01 -5.038287381096363049e+01
-1.886412991497276792e+01 5.242061797861676808e+00 -1.438146757581756141e+01 5.242061797861676808e+00 -3.196127545134001480e+01 -2.032838269898507466e+00 -1.438146757581756141e+01 -2.032838269898507466e+00 -1.842145623046879876e+01
-2.124628652448770438e+01 -5.597087893625995569e+00 -1.475709472946044931e+00 -5.597087893625995569e+00 3.244219048707352115e+00 -1.178477780431126298e+01 -1.475709472946044931e+00 -1.178477780431126298e+01 -3.591504637113573750e+01
-1.320173352736773387e+00 -3.250280957130029069e+00 -1.302649865185393807e+01 -3.250280957130029069e+00 -1.880132213332517921e+01 -1.214457956785355508e+00 -1.302649865185393807e+01 -1.214457956785355508e+00 -6.263811044369342795e+01
2.211106336428196428e+00 4.961449783053371476e+00 -1.645822852445836304e+01 4.961449783053371476e+00 -1.054062815544283715e+01 -1.194046132072307742e+01 -1.645822852445836304e+01 -1.194046132072307742e+01 -3.974730538140342873e+01
1.070523699866048339e+01 -1.101810063656590621e+00 3.562800723139991188e+00 -1.101810063656590621e+00 1.101613329425065224e+01 1.167573398899659409e+01 3.562800723139991188e+00 1.167573398899659409e+01 -1.156157192493157027e+01
3.615173108218618125e+01 -1.076058289869555457e-01 2.925150201185424126e-01 -1.076058289869555457e-01 2.663724285569034578e+01 3.260810464277185128e-01 2.925150201185424126e-01 3.260810464277185128e-01 -2.492190754144354869e+01
1.608432836597340909e+01 9.522992752637447822e+00 -1.276281330813141102e+00 9.522992752637447822e+00 -2.804610740710157479e+00 -2.185913742934845860e+00 -1.276281330813141102e+00 -2.185913742934845860e+00 -2.777249302082915250e+01
-2.140007901205312635e+01 9.532695999761024552e+00 -4.083128582783937865e+00 9.532695999761024552e+00 -1.387352251984972540e+01 -5.264949090492615502e-01 -4.083128582783937865e+00 -5.264949090492615502e-01 -6.153004917099200810e+01
4.024359889372557575e+01 -8.999565505618193129e+00 1.064142381862048659e+01 -8.999565505618193129e+00 4.401592226489775328e+01 -9.058564549307869029e+00 1.064142381862048659e+01 -9.058564549307869029e+00 -1.243342576274557842e+01
2.061681426691998098e+01 -6.792929670618682358e+00 6.626187208191850253e+00 -6.792929670618682358e+00 -1.407136790242728752e+00 1.343225463639523198e+01 6.626187208191850253e+00 1.343225463639523198e+01 -5.554040548380353215e+01
2.061222377110425441e+00 7.936957093581492373e+00 4.448898445768762144e+00 7.936957093581492373e+00 -2.073007924541189340e+01 -3.503406698774218508e+00 4.448898445768762144e+00 -3.503406698774218508e+00 -7.415891842767494779e+01
-6.483784218255136622e+00 -8.792163763174270841e+00 4.101385552213908881e+00 -8.792163763174270841e+00 -2.209547153758902649e+00 -4.945723120813837248e+00 4.101385552213908881e+00 -4.945723120813837248e+00 -1.954500392886235360e+01
-2.373405773411248632e+01 1.840762320678369335e+01 -4.507248752907171863e+00 1.840762320678369335e+01 -2.829763071650278050e+01 -2.130557146958298453e+00 -4.507248752907171863e+00 -2.130557146958298453e+00 -4.466899214115272088e+01
-2.927158998346537544e+01 -1.192125384475907168e+01 2.263222938102148252e+00 -1.192125384475907168e+01 -1.917419887490559205e+01 1.743492864693885419e-03 2.263222938102148252e+00 1.743492864693885419e-03 -3.928828017757076196e+01
-2.586824645917765064e+00 -9.815577595129530764e+00 7.896019053351615469e+00 -9.815577595129530764e+00 1.446272527943470276e+00 4.977163070171586767e+00 7.896019053351615469e+00 4.977163070171586767e+00 -1.972216296868401386e+01
-1.382597792775304235e+01 2.817373344401597368e+00 -1.295589969681582154e+01 2.817373344401597368e+00 -1.745979922825123865e+01 -1.590392191875119821e+00 -1.295589969681582154e+01 -1.590392191875119821e+00 -8.964096664308883078e+00
-4.634682391391075384e+01 1.161608933316688308e+01 -1.650207893474874510e+00 1.161608933316688308e+01 -4.597914782944152279e+01 2.051808311980959587e+00 -1.650207893474874510e+00 2.051808311980959587e+00 -8.284907248452537942e+01
6.982476259997950763e+01 -1.357633091855425889e+01 1.310005486947830100e+01 -1.357633091855425889e+01 8.668712111117028485e+01 -8.917875056595372385e+00 1.310005486947830100e+01 -8.917875056595372385e+00 -5.542230233629950042e+00
2.699945194126193826e+01 -5.055830393967689851e+00 7.209237858106994246e+00 -5.055830393967689851e+00 3.894738482075922548e+01 -4.844916514505888117e+00 7.209237858106994246e+00 -4.844916514505888117e+00 -1.826193700845918499e+01
7.517798107067569902e+01 1.373878389631963692e+01 1.760124088465545000e+01 1.373878389631963692e+01 6.024218119048421016e+01 -1.037312823301436637e+01 1.760124088465545000e+01 -1.037312823301436637e+01 5.705897245046284638e+01
-3.433965610218936604e+01 -1.502389895550880006e+01 -1.342022233688633825e+01 -1.502389895550880006e+01 -3.784515966375308693e+01 1.047397435850215075e+01 -1.342022233688633825e+01 1.047397435850215075e+01 -4.128606284595510800e+01
-3.128778590093224210e+01 -5.651644947603878144e+00 -2.209959310127615595e+00 -5.651644947603878144e+00 -3.605499240034719577e+01 3.570851872319112719e+00 -2.209959310127615595e+00 3.570851872319112719e+00 -7.014274218031458474e+01
2.941946607090610399e+01 -2.552493041077118008e+01 4.858361248131371823e+00 -2.552493041077118008e+01 4.720268665814457876e+01 -3.684068993640828182e+00 4.858361248131371823e+00 -3.684068993640828182e+00 -1.314661595848899367e+01
-1.992105543621807362e+00 -3.816374052585405519e+00 -1.356411120500308876e+01 -3.816374052585405519e+00 4.848512288881514642e+00 -1.805903399372568430e+01 -1.356411120500308876e+01 -1.805903399372568430e+01 -3.345853733989281764e+00
1.095798024628571810e+01 -1.969076528238112189e+00 1.308084394404100337e+01 -1.969076528238112189e+00 2.560034201626456341e+00 -1.212411520623799888e+01 1.308084394404100337e+01 -1.212411520623799888e+01 -1.556775327214914029e+01
1.840398582090531754e+00 5.971959903697726668e-01 9.981911098379345759e+00 5.971959903697726668e-01 1.366124027426022280e+01 7.825803282479873779e+00 9.981911098379345759e+00 7.825803282479873779e+00 -3.726153062311596642e+01
2.923535187193394336e+00 9.834544694410828569e+00 2.811220568114537688e+00 9.834544694410828569e+00 -1.144306809489562760e+01 -2.098800809087456187e+01 2.811220568114537688e+00 -2.098800809087456187e+01 -5.643086719008982044e+01
-7.173728973016961774e+00 1.687663429591287789e+00 6.248753897759909970e-01 1.687663429591287789e+00 -2.068834961310615128e+01 5.064514480802471574e+00 6.248753897759909970e-01 5.064514480802471574e+00 -6.031396168455569295e+01
-2.018598985963530268e+01 9.774693618498016434e+00 8.472579162584931822e+00 9.774693618498016434e+00 -1.164065841121406208e+01 1.561346150059177207e+00 8.472579162584931822e+00 1.561346150059177207e+00 -6.770753711889280169e+01
4.756087131867425910e+01 -4.732048330921081458e+00 2.231383291685506975e+01 -4.732048330921081458e+00 4.146059848417225879e+01 -4.380429937417772202e+00 2.231383291685506975e+01 -4.380429937417772202e+00 -2.759663641070087436e+01
-3.734885421788138871e+01 -1.290480432581914805e+00 9.711585208068493458e+00 -1.290480432581914805e+00 -5.597881013897780633e+01 -1.628186642575724719e+01 9.711585208068493458e+00 -1.628186642575724719e+01 -5.399404955550878782e+01
3.190449304838566746e+01 -1.334537606771868390e+01 -1.183355774638864100e+00 -1.334537606771868390e+01 1.943100024127280534e+01 1.463236419075252925e+01 -1.183355774638864100e+00 1.463236419075252925e+01 2.547908877412777606e+00
1.870066723572119827e+01 5.276800607829437162e+00 6.287155078689068866e+00 5.276800607829437162e+00 -6.483953981418935975e+00 -3.090220674285036662e+00 6.287155078689068866e+00 -3.090220674285036662e+00 -3.512160144919202054e+01
3.330401099754550387e+01 7.823227045903160537e-01 -1.432231535143552925e+01 7.823227045903160537e-01 2.676882154552663096e+01 -5.942519852936089642e+00 -1.432231535143552925e+01 -5.942519852936089642e+00 -1.458400310881588879e+01
5.287047993434846660e+00 1.347293966987177294e+00 -1.075694247317683150e+01 1.347293966987177294e+00 -3.811727056959049342e+00 -1.052909929554621371e+01 -1.075694247317683150e+01 -1.052909929554621371e+01 -9.615239260112984354e+00
-3.147975355178490275e+01 2.596705388846792140e+00 8.762970635512523643e+00 2.596705388846792140e+00 -2.865885336279016204e+00 1.143564273784758356e+01 8.762970635512523643e+00 1.143564273784758356e+01 -9.219914361305523443e+00
3.347987502907066215e+01 2.574862531261780774e+00 -6.137504447311491695e+00 2.574862531261780774e+00 3.490994685538769460e+01 6.521431495902314524e+00 -6.137504447311491695e+00 6.521431495902314524e+00 -9.768491260377406560e-01
