-3.996848598265107455e+01 2.391448198345362641e+01 6.191034718613746435e+00 2.391448198345362641e+01 -3.295252692125917093e+01 -3.652863501199119067e+00 6.191034718613746435e+00 -3.652863501199119067e+00 -7.878890906459237620e+00
-9.130794203170282231e+00 -4.047782984386278038e+00 9.125446674443248085e+00 -4.047782984386278038e+00 -2.032957108760855292e+01 4.846179392501904215e-01 9.125446674443248085e+00 4.846179392501904215e-01 -1.112582237202650326e+01
-3.586401383633887718e+00 -6.051223668232285746e+00 1.134285698095793649e+01 -6.051223668232285746e+00 -6.084451786786350169e+01 6.055311379943280947e+00 1.134285698095793649e+01 6.055311379943280947e+00 -2.205350635696035955e+00
-2.677703414699279705e+01 1.968518930667546840e+01 3.846520734123969554e+00 1.968518930667546840e+01 -3.387337576451144372e+01 9.828283659894530899e+00 3.846520734123969554e+00 9.828283659894530899e+00 -2.802394549714709626e+01
-4.941048587111703227e+01 4.093733798600203144e+00 4.998478157130159971e+00 4.093733798600203144e+00 -6.208420608136754737e+01 -1.411739974449434953e+01 4.998478157130159971e+00 -1.411739974449434953e+01 -5.328393858684705719e+01
-2.880235475350491114e+01 4.160031945526253772e+00 1.717098987464904525e+01 4.160031945526253772e+00 -5.229145078950015346e+01 -1.309372525716910651e+01 1.717098987464904525e+01 -1.309372525716910651e+01 3.864451498544646757e+00
8.001794386613420684e+00 1.485822254257637587e+00 1.725665050034491799e+01 1.485822254257637587e+00 -2.339728139399402718e+00 8.778110993597151079e+00 1.725665050034491799e+01 8.778110993597151079e+00 1.461188498785933909e+01
2.210593803270900715e+00 2.226866154611159665e+00 2.075246946490852551e+01 2.226866154611159665e+00 -3.312118478004745725e+01 3.091732108068370621e+00 2.075246946490852551e+01 3.091732108068370621e+00 4.168958837477352297e+00
-1.346318909398566888e+01 -8.636986752837358949e+00 1.395636168570070268e+01 -8.636986752837358949e+00 -2.907526115285532242e+01 -6.781554725349626445e+00 1.395636168570070268e+01 -6.781554725349626445e+00 -2.997580936630418691e+01
-2.528575075390146476e-01 -9.519165982091086775e+00 6.036705443074037447e+00 -9.519165982091086775e+00 -6.667197304004751857e+00 5.334983909395790924e+00 6.036705443074037447e+00 5.334983909395790924e+00 2.091173724050721383e-01
-7.741069564392187630e+00 -1.384209467786227954e+01 9.667898633519724783e+00 -1.384209467786227954e+01 -2.668380816702442715e+01 1.957350501881518046e+00 9.667898633519724783e+00 1.957350501881518046e+00 -1.301517610249982759e+01
-8.526529441115821228e+00 2.056435068711108816e+00 1.815016035772750769e+01 2.056435068711108816e+00 -4.419985921444163068e+01 6.468153552579495091e+00 1.815016035772750769e+01 6.468153552579495091e+00 -1.801343111730647450e+01
-7.188043392870690163e+00 -5.499085529730142197e-01 1.288014677880874181e+01 -5.499085529730142197e-01 -5.829779361863518972e+01 -1.562923833508724947e+01 1.288014677880874181e+01 -1.562923833508724947e+01 -1.982554701855274359e+01
-1.752396471751240625e+01 -1.250348963359654419e+01 -4.081397519156760190e+00 -1.250348963359654419e+01 -4.599634610628733355e+01 -4.571920370302916536e-01 -4.081397519156760190e+00 -4.571920370302916536e-01 -4.733249376757527926e+01
-2.506190371615731038e+01 1.155339860070789815e+00 -3.264173995215542412e+00 1.155339860070789815e+00 -4.268087398737102234e+01 1.591094711073168799e+00 -3.264173995215542412e+00 1.591094711073168799e+00 -3.410030827287172173e+01
4.212303496218186893e+01 -2.397886695123045531e+00 -9.023283257137476587e-02 -2.397886695123045531e+00 2.789371689826787915e+01 -7.749850497792380999e+00 -9.023283257137476587e-02 -7.749850497792380999e+00 4.345243731767438788e+01
-2.595162896742909453e+00 -9.784807198550305785e+00 2.150710750785087555e+01 -9.784807198550305785e+00 -3.585435187595326312e+01 -1.169190730653598465e+00 2.150710750785087555e+01 -1.169190730653598465e+00 1.694826029521034627e+01
-2.197134915023050894e+01 -2.571654073112577521e+01 1.138396472475417553e+01 -2.571654073112577521e+01 -1.615678703086082990e+01 -1.203514993105405750e+01 1.138396472475417553e+01 -1.203514993105405750e+01 -1.463010093035749115e+01
-1.140113146412446987e+01 -7.714714510688315263e-01 1.036578382767604012e+01 -7.714714510688315263e-01 -3.406998775319737405e+01 3.458561156998140707e+00 1.036578382767604012e+01 3.458561156998140707e+00 -2.357948929245165193e+00
5.618417884509727855e+01 -1.765302500797846008e+01 2.805586618882336225e+01 -1.765302500797846008e+01 2.395034488334226275e+00 5.550678294056850426e+00 2.805586618882336225e+01 5.550678294056850426e+00 3.257779035583829597e+01
-5.183342515418734031e+00 2.908211231253940987e+00 3.201950220049276208e+00 2.908211231253940987e+00 -1.451180571935701913e+01 -7.366552058453743612e+00 3.201950220049276208e+00 -7.366552058453743612e+00 2.665393125761331472e+00
4.909928377179621606e+01 -7.524906780328733724e+00 4.113037162925633083e+01 -7.524906780328733724e+00 1.715941343563233357e+00 -5.637023313680567860e+00 4.113037162925633083e+01 -5.637023313680567860e+00 8.515477516155222304e+00
-2.247030347249256721e+01 1.593472474484612000e+01 2.136364408881737020e+01 1.593472474484612000e+01 -4.487608656693586084e+01 -1.278546812698159307e+01 2.136364408881737020e+01 -1.278546812698159307e+01 -1.560155505492853312e+00
1.864594304561925853e+01 1.193308516846260758e+01 1.546524998768886405e+01 1.193308516846260758e+01 -1.084613653025613722e+01 1.012685390540630870e+01 1.546524998768886405e+01 1.012685390540630870e+01 3.424291980275420855e+01
-6.557417774168661673e+00 -2.653034665130910241e+00 2.158753461002143226e+01 -2.653034665130910241e+00 -5.374204176608638761e+01 -5.195293333006225645e+00 2.158753461002143226e+01 -5.195293333006225645e+00 -1.287537830797569249e+01
-2.717883694359989732e+01 -3.666395775331752649e+00 1.013131512616110896e+01 -3.666395775331752649e+00 -2.882003019088617890e+01 1.614584811604621528e+00 1.013131512616110896e+01 1.614584811604621528e+00 -1.232972727132503366e+01
2.559686221384875537e+01 1.560749542886069996e+01 1.370930806673552205e+01 1.560749542886069996e+01 -2.168971126839016250e+01 -8.569835608190684795e+00 1.370930806673552205e+01 -8.569835608190684795e+00 3.704647179002776625e+01
4.906975504035395730e+00 -3.555814749090361993e+00 1.103919053507719816e+01 -3.555814749090361993e+00 -2.657390139389612926e+01 -7.735506899237249101e+00 1.103919053507719816e+01 -7.735506899237249101e+00 1.363039375924208052e+01
1.939515769874226692e+01 -5.848014834675539397e+00 1.414128411794778373e+01 -5.848014834675539397e+00 -1.178943469879622974e+01 4.319134707190913858e+00 1.414128411794778373e+01 4.319134707190913858e+00 5.019170644285765981e+00
-1.939218977360116014e+01 9.462232006041974230e+00 2.398144923708559162e+01 9.462232006041974230e+00 -5.334229836990864015e+01 -2.492934624550478873e+00 2.398144923708559162e+01 -2.492934624550478873e+00 -1.555520340018441416e+01
-4.582732268220145500e+01 1.614756731754687991e+01 1.834907905486296542e+01 1.614756731754687991e+01 -9.465217894126594445e+01 -1.195703925744217599e+01 1.834907905486296542e+01 -1.195703925744217599e+01 -3.398031778595724717e+01
3.546535483428910140e+01 4.649832520724743290e+00 2.677203931719180119e+01 4.649832520724743290e+00 1.473326969608095638e+01 -6.989901524943373801e+00 2.677203931719180119e+01 -6.989901524943373801e+00 4.448467776643629179e+01
2.676336786198712758e+01 -3.350196896647785749e+00 3.414994789174330947e+01 -3.350196896647785749e+00 -2.140357089258721501e+01 -1.933379724825519830e+01 3.414994789174330947e+01 -1.933379724825519830e+01 -2.024295758510355725e+01
3.682551192814351992e+01 -2.229755988910844255e+00 5.163961296408033519e+01 -2.229755988910844255e+00 -5.809043071453970919e-01 1.398554314528966458e+01 5.163961296408033519e+01 1.398554314528966458e+01 2.457842223448883345e+01
2.935299291393485555e-01 -9.737786439341086009e+00 1.903134635367068128e+01 -9.737786439341086009e+00 -3.528040706300856044e+01 1.451128702936512749e+00 1.903134635367068128e+01 1.451128702936512749e+00 -3.634313178528238097e+00
2.601308918042978036e+01 1.302187353784292334e+01 1.621104595620597388e+00 1.302187353784292334e+01 -7.380755162129217339e+00 1.256550636756083250e+01 1.621104595620597388e+00 1.256550636756083250e+01 2.324452003502774389e+01
-2.463895695937184627e+01 -5.621334467608885888e+00 1.487427634206442129e+01 -5.621334467608885888e+00 -3.531329354059462133e+01 1.688489613210987228e-01 1.487427634206442129e+01 1.688489613210987228e-01 -1.888120894449399145e+01
1.458595340116464101e+01 -2.950997263265520587e+00 1.460947288748059236e+01 -2.950997263265520587e+00 -2.287990111440064567e+01 -2.246048135874056495e+00 1.460947288748059236e+01 -2.246048135874056495e+00 3.288217042324342998e+01
-6.644777529585660147e+00 4.358594763712781095e+00 1.627210846118561705e+01 4.358594763712781095e+00 -2.535825209873496533e+01 -2.570371614292311868e+00 1.627210846118561705e+01 -2.570371614292311868e+00 5.906057766648073581e+00
3.908061367254276064e+01 5.877600507845459177e+00 4.122895331696270205e+01 5.877600507845459177e+00 1.113680045902465920e+01 3.976428056324651461e+00 4.122895331696270205e+01 3.976428056324651461e+00 -2.935518747877391021e+01
4.207059683587174703e+01 -9.995012047803589539e+00 1.209915394760123064e+01 -9.995012047803589539e+00 1.259769381032479707e+00 -1.167404658445446763e+01 1.209915394760123064e+01 -1.167404658445446763e+01 2.286291518677004575e+01
-1.324019599318543605e+01 1.324127967440598219e+01 6.881058755273472549e+00 1.324127967440598219e+01 -7.914433576845642193e+00 9.884595523720729915e+00 6.881058755273472549e+00 9.884595523720729915e+00 -2.304541002450597631e+01
-1.313453908468017595e+01 -8.227221593660637211e+00 1.739164665444003077e+01 -8.227221593660637211e+00 -3.265589935422588042e+01 5.361296267026889328e-01 1.739164665444003077e+01 5.361296267026889328e-01 -9.537587169880499260e+00
1.038916457669649240e+01 -2.611125017289079864e+00 7.633130145353681506e-01 -2.611125017289079864e+00 -1.500790986250746073e+01 1.142503255572651177e+01 7.633130145353681506e-01 1.142503255572651177e+01 4.683121343631504452e+00
-3.832051863169968442e+01 -8.918773605023929463e+00 3.273188295326744157e+00 -8.918773605023929463e+00 -5.016082180159080650e+01 4.334867527208039917e+00 3.273188295326744157e+00 4.334867527208039917e+00 -3.895922477371784254e+01
2.401482349060761479e+01 3.497459749487447644e-01 3.860270055731172079e+01 3.497459749487447644e-01 -1.126436583655062762e+01 -2.958283198395575742e+00 3.860270055731172079e+01 -2.958283198395575742e+00 1.033187821348395374e+01
-3.605554277507104111e+00 -8.079769454720776567e-01 4.392272798258423983e+00 -8.079769454720776567e-01 -2.033961574222245972e+01 -5.912149361881895437e+00 4.392272798258423983e+00 -5.912149361881895437e+00 -5.197733379441462631e+00
-4.134004649011171040e+01 1.949723502826732124e+00 7.150142583245756356e+00 1.949723502826732124e+00 -4.260583616276726104e+01 -2.019341670860498983e+00 7.150142583245756356e+00 -2.019341670860498983e+00 -1.787553368993638259e+01
4.709672104547465921e+01 2.261763631484063897e+00 2.254908226191540521e+01 2.261763631484063897e+00 4.483687895014212721e+00 2.164573633226809690e+01 2.254908226191540521e+01 2.164573633226809690e+01 5.210050954138567647e+01
-4.096402455341333138e+01 -1.182021759752859502e+01 3.586544714673610024e+00 -1.182021759752859502e+01 -7.934206272584394526e+01 8.235752697261636612e+00 3.586544714673610024e+00 8.235752697261636612e+00 -6.175907556260835207e+01
1.354956611669986799e+01 -2.140641439257863610e+01 1.359470566044282513e+01 -2.140641439257863610e+01 -2.846058136842621877e+00 -2.376683911853997699e+01 1.359470566044282513e+01 -2.376683911853997699e+01 2.235193854263730984e+01
5.293247986113231107e+00 -3.467598723757557178e+00 1.554358937285711662e+01 -3.467598723757557178e+00 -2.861459032694154558e+01 6.877605773188725458e+00 1.554358937285711662e+01 6.877605773188725458e+00 -2.264453606791102303e+01
-2.490342980944429030e+01 -2.746781448163512884e+00 -4.695517002507104132e-01 -2.746781448163512884e+00 -5.912164247171060083e+01 -9.666834129998550296e+00 -4.695517002507104132e-01 -9.666834129998550296e+00 -3.736472954474592001e+01
-1.914640434172507710e+01 -1.791244880356130664e-01 1.064790469355094160e+01 -1.791244880356130664e-01 -1.517874845570449160e+01 7.467780798269916254e+00 1.064790469355094160e+01 7.467780798269916254e+00 2.842279258073337367e+00
-2.951886688251720514e+01 -3.207138988315870520e+00 9.491381622472355062e+00 -3.207138988315870520e+00 -5.412403635673593527e+01 9.682481495448655551e+00 9.491381622472355062e+00 9.682481495448655551e+00 -5.505645751964333101e+01
3.240200856975761923e+01 8.004056433526747227e+00 1.129174182596160847e+01 8.004056433526747227e+00 1.930316895071100447e+01 -2.285414229007588283e+00 1.129174182596160847e+01 -2.285414229007588283e+00 5.208601085125754082e+01
4.927544933548765727e+01 2.192782872957747653e+00 1.234794082777572122e+01 2.192782872957747653e+00 -4.015301893838211456e+00 -2.679738981138840348e+00 1.234794082777572122e+01 -2.679738981138840348e+00 4.853849347210031340e+01
-3.056648482206616446e+00 1.435819079676833354e+01 1.144423812874049773e+01 1.435819079676833354e+01 -3.086326152002216006e+01 -1.095202509070756447e+00 1.144423812874049773e+01 -1.095202509070756447e+00 -7.263122801589638300e+00
2.667693501974790848e+01 7.313526376020310416e+00 4.292094232298010681e+00 7.313526376020310416e+00 -4.361717613607479649e+01 3.287112488309360980e+00 4.292094232298010681e+00 3.287112488309360980e+00 -1.956444171089376027e+01
3.602900444654109435e+01 -9.039262199724305447e+00 2.655171959295387651e+01 -9.039262199724305447e+00 1.408918844337718745e+01 -1.028468675749519434e+01 2.655171959295387651e+01 -1.028468675749519434e+01 3.401681215020846594e+01
-7.213344788585116518e-01 -8.367059266515051164e+00 2.472771718496803928e+01 -8.367059266515051164e+00 -6.064925762306543078e+01 3.153004648875505023e+00 2.472771718496803928e+01 3.153004648875505023e+00 -3.780659225586251893e+01
8.119902917778471618e+00 1.174195922416608973e+01 2.788344405168731299e+01 1.174195922416608973e+01 1.538168494436736999e+01 -4.453167589783460834e+00 2.788344405168731299e+01 -4.453167589783460834e+00 -1.285657330981470503e+00
7.908749734224222117e+00 2.950624441033282608e+01 1.293141010365419064e+01 2.950624441033282608e+01 -2.147194714974817487e+01 -6.010097433560011915e+00 1.293141010365419064e+01 -6.010097433560011915e+00 2.483778960578609585e+01
-2.286404592293720839e+01 8.781244793711786567e-01 8.420761471974033796e+00 8.781244793711786567e-01 -5.201714002939550596e+01 -1.458875199177071202e+00 8.420761471974033796e+00 -1.458875199177071202e+00 -1.830088649092766317e+01
-1.611770510779110310e+01 -1.517543385981901594e+01 2.598324799811276975e+01 -1.517543385981901594e+01 -3.088662979510165485e+01 8.070861936432031314e+00 2.598324799811276975e+01 8.070861936432031314e+00 1.136114698820672331e+01
-5.405227170626671906e-01 1.013982692688312248e+01 9.039932642781744576e+00 1.013982692688312248e+01 -5.076523036104639175e+01 -5.455044688674060893e+00 9.039932642781744576e+00 -5.455044688674060893e+00 -1.686276487537763558e+01
3.257260528383937981e+01 -6.674167875000353689e+00 1.508718228167729691e+01 -6.674167875000353689e+00 2.206730222352478776e+01 -9.282999162607676880e+00 1.508718228167729691e+01 -9.282999162607676880e+00 3.530358008916535795e+01
2.777101455198166136e+01 1.104745731126267572e+01 8.542848528830687016e+00 1.104745731126267572e+01 8.458401887269620945e-01 -4.561676076921382439e+00 8.542848528830687016e+00 -4.561676076921382439e+00 2.934459451971521560e+01
5.602242178493321489e+01 -2.837067783703437929e+00 2.034911551009968633e+01 -2.837067783703437929e+00 3.723254229025656770e+01 1.247243381988903366e+01 2.034911551009968633e+01 1.247243381988903366e+01 8.597789380360202927e+01
4.195164895323202359e+01 3.068442838438572462e+00 2.942484049448389527e+01 3.068442838438572462e+00 4.671942932776056878e+00 -6.347520519765426528e+00 2.942484049448389527e+01 -6.347520519765426528e+00 4.398920929418097359e+01
-2.108413820643914249e+01 -1.372503901254108039e+00 1.413528703332864467e+01 -1.372503901254108039e+00 -4.935174049457864243e+01 1.477559273654369676e+00 1.413528703332864467e+01 1.477559273654369676e+00 4.894128985252851116e+00
-1.977223982173245531e+01 -7.005122944068860491e+00 -1.565735888830887823e-01 -7.005122944068860491e+00 -4.344444476574016534e+01 9.603128304466272525e+00 -1.565735888830887823e-01 9.603128304466272525e+00 -2.418785485163081361e+01
-1.501453768717579251e+01 6.225493533122639533e+00 3.350844324974147082e+00 6.225493533122639533e+00 -2.694804644609482125e+01 -3.377931663238356919e+00 3.350844324974147082e+00 -3.377931663238356919e+00 -2.584114678856189684e+01
1.119802041500090262e+01 -3.431466104088911173e+00 1.387255865506775088e+01 -3.431466104088911173e+00 -8.331896088365922992e+00 -1.076101771921036310e+01 1.387255865506775088e+01 -1.076101771921036310e+01 -1.190477114565711858e+01
-1.129861484630251134e+01 -1.947513032509868935e+01 -7.780718314653458201e+00 -1.947513032509868935e+01 -6.321872305103791945e+01 1.722777248399648542e+01 -7.780718314653458201e+00 1.722777248399648542e+01 -4.458563763272299241e+01
-1.674237518529562152e+01 6.012680129977216126e+00 2.009245602746603154e+01 6.012680129977216126e+00 -3.705640375042564472e+01 -1.537314816879645996e+01 2.009245602746603154e+01 -1.537314816879645996e+01 4.460597318899926833e+00
-9.545074041408510013e+00 6.571241204458539542e+00 1.982722718605224799e+01 6.571241204458539542e+00 -5.325494225691461736e+01 -6.720205212629730696e-01 1.982722718605224799e+01 -6.720205212629730696e-01 -1.353745884691191392e+01
-1.229820055304233861e+01 -5.510370521223175722e-01 6.257570921986828516e+00 -5.510370521223175722e-01 -4.061956726316372368e+01 -4.954793940404894848e+00 6.257570921986828516e+00 -4.954793940404894848e+00 -9.354252203670231580e+00
1.698937297714902783e+01 2.290303913194508212e+01 2.879693557074352483e+01 2.290303913194508212e+01 -1.564640947165936602e+01 1.910512391939639443e+01 2.879693557074352483e+01 1.910512391939639443e+01 4.600767367772494509e+00
-5.446997378725445399e-02 -1.308144482242492757e+01 1.281423644212247126e+01 -1.308144482242492757e+01 -2.419283513189266444e+01 2.777402354256977013e+00 1.281423644212247126e+01 2.777402354256977013e+00 -2.077071990868618823e+00
-3.940762544180933524e+00 1.342438113469004213e+00 -8.290564633873923839e+00 1.342438113469004213e+00 -1.909945730455141089e+01 -5.567058357563666071e+00 -8.290564633873923839e+00 -5.567058357563666071e+00 -6.855077852238962155e-01
-1.453135593332545827e+00 9.752405067629634772e+00 3.434371514650309987e+00 9.752405067629634772e+00 -2.397999603463668450e+01 -4.699741694729652863e+00 3.434371514650309987e+00 -4.699741694729652863e+00 -7.859416098380862081e+00
-1.158471617490500982e+01 1.193671097631316691e+01 5.990983289002118184e+00 1.193671097631316691e+01 -3.975931421143960875e+01 9.904187666411671032e+00 5.990983289002118184e+00 9.904187666411671032e+00 -1.473333304207019800e+01
7.142266829126032945e+00 7.097225444934228911e+00 4.397578360681344378e+01 7.097225444934228911e+00 2.557557344540481115e+00 -4.779100623641960865e+00 4.397578360681344378e+01 -4.779100623641960865e+00 -1.625884130893543755e+01
1.618783946210066915e+01 1.020292752588468588e+01 1.296499121601451954e+01 1.020292752588468588e+01 -6.952744846269590440e+00 -8.007157149987031985e+00 1.296499121601451954e+01 -8.007157149987031985e+00 2.353279930636762174e+01
-1.364542399494712299e+01 6.006548624389060009e+00 8.174657792091196695e-01 6.006548624389060009e+00 -3.781415589669449417e+01 -1.462895212088321184e+00 8.174657792091196695e-01 -1.462895212088321184e+00 4.510161908936623831e+00
6.723604447014111862e+00 1.383629532849341093e+00 8.189067146945227194e+00 1.383629532849341093e+00 -1.322779303496218262e+01 1.135586930877785150e+01 8.189067146945227194e+00 1.135586930877785150e+01 1.009379665495303557e+00
-1.257176980064023830e+01 9.517867868740372828e+00 1.494843700037078094e+01 9.517867868740372828e+00 -4.010405742864896439e+01 8.244504992142998034e-01 1.494843700037078094e+01 8.244504992142998034e-01 1.579780279219543537e+01
-2.116693094178119594e+01 -7.203544664641952977e+00 9.000184651677260561e+00 -7.203544664641952977e+00 -6.809410842722498103e+01 -8.437437474450161901e+00 9.000184651677260561e+00 -8.437437474450161901e+00 -1.281518015320054182e+01
-9.561976931516596778e+00 5.406480658822519381e+00 1.455902153986034264e+01 5.406480658822519381e+00 -2.086984961349590506e+01 -1.497764575077650484e+00 1.455902153986034264e+01 -1.497764575077650484e+00 -7.708329117742680481e+00
-1.150149616575949096e+01 6.413599278368804057e+00 -8.177161627381682729e-01 6.413599278368804057e+00 -4.239890040858745834e+01 4.717762480400938152e+00 -8.177161627381682729e-01 4.717762480400938152e+00 8.991384483601946087e+00
2.719906432683825059e+01 2.564332231130015316e+01 3.869806281248379065e+01 2.564332231130015316e+01 -1.889362486531049212e+00 5.779113969230376568e+00 3.869806281248379065e+01 5.779113969230376568e+00 2.103648911348404482e+01
2.939337029174111038e+01 -1.284065574036316493e+00 1.965462481400226125e+01 -1.284065574036316493e+00 5.098380175095801325e-01 -2.418281350486513492e+00 1.965462481400226125e+01 -2.418281350486513492e+00 3.514002609483821260e+01
-3.187004510022517323e+01 -1.577137067872374665e+01 8.950497616752913999e+00 -1.577137067872374665e+01 -5.225150957506558314e+01 5.075389012256748877e+00 8.950497616752913999e+00 5.075389012256748877e+00 -4.034044594011161422e+01
-2.239315827505301471e+01 1.082170467279091142e+01 -1.639737475973053193e+01 1.082170467279091142e+01 -5.788996551870823737e+01 2.778110051112076206e+00 -1.639737475973053193e+01 2.778110051112076206e+00 -3.655579766697597677e+01
-2.510865128402755886e+01 1.694773170979150834e+01 7.905944109187427848e+00 1.694773170979150834e+01 -4.966117474240860474e+01 -8.012874149149356029e+00 7.905944109187427848e+00 -8.012874149149356029e+00 -2.546612609000183980e+01
-2.886343187965756840e+00 -2.282522516651521727e+01 5.732874235406045571e+00 -2.282522516651521727e+01 -3.491546184159202681e+01 4.645617997702558455e+00 5.732874235406045571e+00 4.645617997702558455e+00 1.824033918317929803e+01
-4.718463773869654987e-02 1.235569072350291453e+00 1.388446995477906931e+01 1.235569072350291453e+00 -4.196430857843206041e+01 -1.782130269783950638e+01 1.388446995477906931e+01 -1.782130269783950638e+01 -2.320952913797278327e+01
-4.310202490546018339e+00 -1.511870966562075935e+01 -5.320043375916342576e+00 -1.511870966562075935e+01 -4.017706946738691443e+01 1.159875912535092901e+01 -5.320043375916342576e+00 1.159875912535092901e+01 -1.624217932274948240e+01
-7.905851152256349934e+00 1.411774989592227803e+00 3.100964370364034828e+00 1.411774989592227803e+00 -3.429519985669988102e+01 7.643320282443625935e+00 3.100964370364034828e+00 7.643320282443625935e+00 -2.919618670134498473e+01
2.655821954320814982e+01 1.086727681787838762e+01 2.649935631187135598e+01 1.086727681787838762e+01 3.103298570607544349e+01 -5.182365310142166948e+00 2.649935631187135598e+01 -5.182365310142166948e+00 7.623917848764108385e+01
8.773215080500818885e+00 1.600554683730155148e+01 5.457427651636500343e+00 1.600554683730155148e+01 -3.624269570772543148e+01 4.501224654871466058e+00 5.457427651636500343e+00 4.501224654871466058e+00 -2.876179026689729312e+01
1.191547808848861933e+01 -1.209020271542445180e+01 -3.088860582127341381e+00 -1.209020271542445180e+01 2.201710656602775096e+00 6.080557295197997369e+00 -3.088860582127341381e+00 6.080557295197997369e+00 2.494630091695402641e+01
1.072970226667757920e+01 -6.365290377369525743e-01 1.673441520425237172e+01 -6.365290377369525743e-01 8.020713670103315707e+00 -4.375650800123130679e+00 1.673441520425237172e+01 -4.375650800123130679e+00 2.020579248972262221e+01
3.955519876877134067e+01 -4.086418539487933543e+00 4.682052675937493547e+01 -4.086418539487933543e+00 2.368644159982430608e+01 3.781125757719236979e+00 4.682052675937493547e+01 3.781125757719236979e+00 2.306150562782364233e+01
-9.221177897097245335e+00 5.154720031763935673e+00 6.554727432378439467e+00 5.154720031763935673e+00 -2.503114926605753965e+01 -1.359150834659608620e+01 6.554727432378439467e+00 -1.359150834659608620e+01 -6.972899773594771311e+00
4.476217381880556623e+00 -9.166040007926406830e+00 3.167008936896782867e+00 -9.166040007926406830e+00 -1.753972755938796624e+01 -4.137618164646725383e+00 3.167008936896782867e+00 -4.137618164646725383e+00 -7.548498321338931838e+00
2.773111539702613371e+00 -1.103285117352561961e+01 7.961289330431369216e+00 -1.103285117352561961e+01 1.846428965763015029e+01 -2.709490255556983307e+00 7.961289330431369216e+00 -2.709490255556983307e+00 7.034563540403819815e+00
4.085816140251225193e+01 -2.252495386742701999e+00 6.751387773873661402e+00 -2.252495386742701999e+00 1.790574584845044015e+01 6.906727824876250033e+00 6.751387773873661402e+00 6.906727824876250033e+00 4.465750638249019744e+01
5.590327536584074863e+01 2.684828557514943626e+01 8.494961775148766492e+00 2.684828557514943626e+01 1.672662171303298351e+01 3.419495494055420970e+00 8.494961775148766492e+00 3.419495494055420970e+00 -1.104840655188086984e+01
1.367678338398244975e+01 -1.346335793471912368e+01 9.521338984921085213e+00 -1.346335793471912368e+01 -9.855283031459867615e+00 -1.347623568147089657e+01 9.521338984921085213e+00 -1.347623568147089657e+01 2.617559373640370168e+01
6.550837726810665629e+01 -1.547876797841933616e+01 8.081569235407220830e+00 -1.547876797841933616e+01 3.809909180400761386e+01 3.774492583573014759e+00 8.081569235407220830e+00 3.774492583573014759e+00 7.613673295862066936e+01
5.013833449980210910e-02 -4.600696242211660625e+00 -2.051268673289508293e-01 -4.600696242211660625e+00 -1.323639429498405029e+01 1.204417082032206654e+00 -2.051268673289508293e-01 1.204417082032206654e+00 -8.988134074671798146e+00
-1.959790575101849441e+01 -1.098425176776933299e+00 6.358052626250740857e+00 -1.098425176776933299e+00 -3.112836638591691951e+01 3.793023369814787493e+00 6.358052626250740857e+00 3.793023369814787493e+00 -1.073251910836340173e+01
2.043652961636273346e+01 1.341667378668958133e+00 3.197696489581579371e+01 1.341667378668958133e+00 -5.182974574728272898e+01 1.027506706033447692e+01 3.197696489581579371e+01 1.027506706033447692e+01 -2.393505467972735801e+01
-9.615025364209841996e+00 4.639496394234686960e+00 4.619683135100168592e+00 4.639496394234686960e+00 -5.951765420767254255e+01 1.061570340360133002e+01 4.619683135100168592e+00 1.061570340360133002e+01 -6.612422802209696471e-01
-1.296921746057075886e+01 6.839527461971318667e-01 7.592923616072744686e+00 6.839527461971318667e-01 -3.586167890867196206e+01 2.004000077295471804e+00 7.592923616072744686e+00 2.004000077295471804e+00 -9.473623373922917423e+00
3.516380091482648140e+01 -1.002272991533192403e+01 3.551096812948431136e+01 -1.002272991533192403e+01 -1.931613758609157472e+01 3.468169004294605173e+01 3.551096812948431136e+01 3.468169004294605173e+01 1.211274675577633353e+01
1.038393899951024046e+01 2.669336415798807316e+00 9.685944502384558064e+00 2.669336415798807316e+00 -1.360793856979195970e+00 -4.394123425896101942e+00 9.685944502384558064e+00 -4.394123425896101942e+00 -5.646948223521062182e+00
-3.677808637280485726e+01 2.357327585913841173e+00 8.219413653767317030e+00 2.357327585913841173e+00 -6.511172483495177232e+01 1.457754571386363551e+01 8.219413653767317030e+00 1.457754571386363551e+01 -2.884906613351302695e+01
1.121361533996114446e+01 1.911858739986207256e+00 1.386187060023986639e+01 1.911858739986207256e+00 1.092537855039301009e+00 -1.133721349309818116e+01 1.386187060023986639e+01 -1.133721349309818116e+01 2.539462043457934826e+01
-3.173421257137250251e+01 -1.123859672819429001e+01 2.149498402156914167e+01 -1.123859672819429001e+01 -4.323335971259940891e+01 -3.521435028481779916e+00 2.149498402156914167e+01 -3.521435028481779916e+00 -1.026350134872783393e+01
-1.948531184955033169e+01 -5.104477079723813482e+00 1.435451191123607728e+01 -5.104477079723813482e+00 -6.154531993623428576e+01 -1.327530509616619625e+01 1.435451191123607728e+01 -1.327530509616619625e+01 -1.939718155156830193e+01
4.419497181169267463e+01 4.293845395128727205e+00 1.976691125180395403e+01 4.293845395128727205e+00 3.613132138649411473e+01 1.449139556268016094e+01 1.976691125180395403e+01 1.449139556268016094e+01 3.970480772408376424e+01
-1.613529067165438491e+01 1.100619984218833025e+01 1.938682206481239234e+01 1.100619984218833025e+01 -2.619624605014135810e+01 -8.154172052569181872e+00 1.938682206481239234e+01 -8.154172052569181872e+00 -8.766084516642690616e+00
-2.269459136334085869e+01 -4.779912488285424921e+00 -9.449409798116191750e-01 -4.779912488285424921e+00 -2.970203595639200245e+01 -4.825737434484774546e+00 -9.449409798116191750e-01 -4.825737434484774546e+00 -1.777159356887874253e+01
1.040079360995294522e+00 -7.887825088359646797e-01 2.257018661167751006e+01 -7.887825088359646797e-01 -5.169935719194458557e+01 -2.200332888706737577e+01 2.257018661167751006e+01 -2.200332888706737577e+01 5.755683714946137286e+00
-1.148043102743360500e+01 -1.000562390951473546e+01 1.307053139482056991e+01 -1.000562390951473546e+01 -1.700277830369192955e+01 -3.629031578240722311e+00 1.307053139482056991e+01 -3.629031578240722311e+00 4.186853139073820174e+00
5.234936046182293268e+01 -4.244128597258713498e+00 2.828889697593896457e+01 -4.244128597258713498e+00 9.090019760371975011e+00 -1.322307419120581473e+00 2.828889697593896457e+01 -1.322307419120581473e+00 4.320977419432740163e+01
3.940840003445150330e+01 1.345770354285476600e+01 1.382629532852172893e+01 1.345770354285476600e+01 1.769517210608377766e+01 -1.220639736775839701e+01 1.382629532852172893e+01 -1.220639736775839701e+01 3.763200524105480582e+01
1.903849547841557666e+01 -1.296636127571619035e+01 2.348181093713927936e+01 -1.296636127571619035e+01 -3.405044593226695504e+00 3.040246110495108400e+00 2.348181093713927936e+01 3.040246110495108400e+00 -2.841797062319439604e+01
1.498300311454121392e+01 -3.648065814899155157e+00 1.032163952211779012e+01 -3.648065814899155157e+00 -1.556970511193858719e+01 1.328004407337537662e+00 1.032163952211779012e+01 1.328004407337537662e+00 1.811664587311618746e+01
-1.062100808656439455e+01 -5.193536748381713863e+00 1.130817189133206568e+01 -5.193536748381713863e+00 -5.045252271640921293e+01 8.584536215683183258e+00 1.130817189133206568e+01 8.584536215683183258e+00 -1.243153823812857439e+01
-1.354566684253240005e+01 -1.301980018539607986e+00 7.099181447546680346e+00 -1.301980018539607986e+00 -4.278476532557290213e+00 -1.458346439929498972e+00 7.099181447546680346e+00 -1.458346439929498972e+00 3.829835048846583767e+00
1.211925131632230013e+01 -7.719594414427149331e+00 1.993348727326266356e+01 -7.719594414427149331e+00 -3.061999718686876548e+01 1.640291358739029315e+00 1.993348727326266356e+01 1.640291358739029315e+00 1.985190507037711782e+01
9.103532522781495828e+00 1.029489120456568862e+01 -2.744402587194295640e-01 1.029489120456568862e+01 -2.409486554362820243e+01 -5.336480023179988486e+00 -2.744402587194295640e-01 -5.336480023179988486e+00 1.050360648342359582e+01
2.184810447784076715e+01 6.153604252225326476e+00 1.433852683039485676e+01 6.153604252225326476e+00 -6.803406030017189465e+00 8.002673457337154517e+00 1.433852683039485676e+01 8.002673457337154517e+00 1.585077622318139845e+01
-1.780718939212872698e+01 8.967858125129000157e+00 1.011606443804426725e+01 8.967858125129000157e+00 -5.378664672633937727e+01 -1.103129742531952040e+01 1.011606443804426725e+01 -1.103129742531952040e+01 -1.664467735985918750e+01
-6.713901775818733597e+01 3.847619515117789213e+00 -7.851544907952281882e+00 3.847619515117789213e+00 -6.673926646597578838e+01 6.675260166339744394e+00 -7.851544907952281882e+00 6.675260166339744394e+00 -4.481551648629753259e+01
-3.378781618243545726e+00 -5.897808005617426463e-01 1.408928493778725510e+01 -5.897808005617426463e-01 -4.132070179473437577e+01 5.103296344565179110e-01 1.408928493778725510e+01 5.103296344565179110e-01 -2.498271858474637508e+00
2.554294355976654174e+01 -4.570866920488636964e+00 2.253510896972674615e+01 -4.570866920488636964e+00 -8.386244280381976779e+00 -1.835051801890864454e+01 2.253510896972674615e+01 -1.835051801890864454e+01 2.880170245120509520e+01
3.018376189181380553e+01 -6.170183384759114098e+00 6.004959946583728225e+00 -6.170183384759114098e+00 4.747965960362330406e+01 -1.969565450479947577e+00 6.004959946583728225e+00 -1.969565450479947577e+00 5.014760071153708054e+01
2.003050767429361301e+01 4.803524304985736237e-01 1.555492387294418855e+01 4.803524304985736237e-01 -4.464950581174877087e+00 -5.264584827079596074e+00 1.555492387294418855e+01 -5.264584827079596074e+00 3.418972267273132815e+01
2.507035691847977077e+01 -1.714163943010004232e+01 -6.142332657333808843e-01 -1.714163943010004232e+01 -1.721594147388934104e+01 1.140347314237059351e+01 -6.142332657333808843e-01 1.140347314237059351e+01 -1.671195403646381550e+01
1.820786675761296536e+01 9.038852563520752170e+00 1.021691029047331334e+01 9.038852563520752170e+00 4.622709079462363491e+01 -4.671184303753783240e+00 1.021691029047331334e+01 -4.671184303753783240e+00 -4.089188475641885923e+00
-4.584456723940156309e+01 5.267031997246668595e+00 1.416395542877361358e+01 5.267031997246668595e+00 -6.384629007385467503e+01 1.681353521892528624e+00 1.416395542877361358e+01 1.681353521892528624e+00 -1.302750973614525298e+00
1.385159368672343305e+01 -1.536096917021015085e-01 3.109904172573324743e+01 -1.536096917021015085e-01 -2.290120110884502846e+00 -2.472030730584552316e+01 3.109904172573324743e+01 -2.472030730584552316e+01 2.684577374700220531e+01
3.418667180923566917e+00 -7.843349752346416182e+00 1.041563514495492271e+01 -7.843349752346416182e+00 -2.779062424847084856e+01 -3.933248701212085585e+00 1.041563514495492271e+01 -3.933248701212085585e+00 -8.025219913101333091e+00
5.765033562970393177e+01 6.997701868509992318e-01 1.461374010102952603e+01 6.997701868509992318e-01 3.390869586553479564e+01 -8.743651201084054136e+00 1.461374010102952603e+01 -8.743651201084054136e+00 5.712575276297141613e+01
-3.374752626711179460e+01 -1.003147876726226251e+01 1.019017387188574819e+00 -1.003147876726226251e+01 -4.352278405912278458e+01 9.364294718761592140e-01 1.019017387188574819e+00 9.364294718761592140e-01 -4.405999923441298449e+01
-6.212415647167394139e-01 -3.990750675466535391e+00 5.135407741207130172e+00 -3.990750675466535391e+00 -5.123584367849959875e+01 8.381111311902103012e-01 5.135407741207130172e+00 8.381111311902103012e-01 -1.341876728016945819e+01
-4.395357625346712638e+01 3.655380683302106526e+00 -1.969970357548122220e+00 3.655380683302106526e+00 -3.880857743976426377e+01 -2.746563187610305157e+00 -1.969970357548122220e+00 -2.746563187610305157e+00 -2.049518349869227052e+01
3.449019710812456196e+01 1.231275739491308130e+01 3.292550192990178459e+01 1.231275739491308130e+01 7.072737750706583171e+00 -9.724408293936818382e+00 3.292550192990178459e+01 -9.724408293936818382e+00 -3.241860078343722140e+00
-1.177940233945395399e+01 3.739484085456146634e+00 6.006214861804387795e+00 3.739484085456146634e+00 2.723828791781574221e+00 1.771174386982734772e+00 6.006214861804387795e+00 1.771174386982734772e+00 1.213509169520297348e+01
-2.761547818610936034e+01 -7.793338254927964392e+00 -1.376993373754239336e+01 -7.793338254927964392e+00 -4.926300059130697662e+01 -1.236617631868975486e+01 -1.376993373754239336e+01 -1.236617631868975486e+01 -3.209041739207521005e+01
-1.616680676063151623e+01 1.048182484737846387e+01 1.369583906949278074e+01 1.048182484737846387e+01 -3.297779987882072561e+01 3.586283643729555770e+00 1.369583906949278074e+01 3.586283643729555770e+00 -1.156009764010516250e+01
3.461436509945826856e+01 -1.092555775684289410e+00 1.986527963621039561e+00 -1.092555775684289410e+00 -1.225091024843124288e+01 -1.035383441913499958e+00 1.986527963621039561e+00 -1.035383441913499958e+00 3.863713838905444842e+00
-6.777756448608495532e+01 -4.551560329500012436e+00 2.184099699641533832e+01 -4.551560329500012436e+00 -8.256592018760929363e+01 -5.464393980471759171e+00 2.184099699641533832e+01 -5.464393980471759171e+00 -3.963132950835127133e+01
4.179561501554509562e+00 -6.099119306287363429e+00 5.599422427259801438e+00 -6.099119306287363429e+00 -1.484328697981371548e+01 -8.226330781949387827e+00 5.599422427259801438e+00 -8.226330781949387827e+00 -1.102617392294328269e+01
2.014573982873277558e+01 -9.934970226714222363e+00 4.417949379891599193e+00 -9.934970226714222363e+00 -4.265645215525892819e-01 1.618806679582356978e+01 4.417949379891599193e+00 1.618806679582356978e+01 3.383849394953055167e+01
2.875393040726734029e+01 1.837448068842826743e+01 1.057407299049740734e+00 1.837448068842826743e+01 2.702998333211449733e+01 -6.935706685933588744e+00 1.057407299049740734e+00 -6.935706685933588744e+00 2.861191849620757210e+01
-4.816503338603161932e-01 5.006186552492684072e+00 2.617840881887048887e+00 5.006186552492684072e+00 -4.719377031883261253e+01 -8.415799757698199102e+00 2.617840881887048887e+00 -8.415799757698199102e+00 -1.092601354438032679e+01
-3.678177530446323118e+01 5.873242938830339988e+00 1.310505987731537481e+01 5.873242938830339988e+00 -1.235380306805012829e+01 -4.476391800681327915e+00 1.310505987731537481e+01 -4.476391800681327915e+00 -4.126027499193068593e+01
-7.767332526382794811e+00 -6.833968575729373107e+00 2.572474113799502415e+00 -6.833968575729373107e+00 -2.056312368845791028e+01 1.132722746035971717e+01 2.572474113799502415e+00 1.132722746035971717e+01 -4.891250618137859441e+00
2.677945549184105900e+01 -7.185851892934186580e+00 1.058719943573068178e+01 -7.185851892934186580e+00 8.370836399371446745e+00 -2.448650048376852961e+00 1.058719943573068178e+01 -2.448650048376852961e+00 1.575522672499729104e+01
2.596376441294688320e+01 -9.936137867056642037e+00 7.467440206470882913e+00 -9.936137867056642037e+00 1.781900176228031185e+01 9.149465511233694670e+00 7.467440206470882913e+00 9.149465511233694670e+00 2.606847789947645211e+01
1.073144553043440119e+01 -8.852746279694624576e+00 1.373232074384531876e+00 -8.852746279694624576e+00 -4.449452389205539049e+01 9.069464336601383181e+00 1.373232074384531876e+00 9.069464336601383181e+00 -2.425038829246138761e+01
1.890145144575443936e+01 7.148372159316605412e+00 3.168470427943509193e+00 7.148372159316605412e+00 5.731251630141695586e+00 6.797499358128429314e+00 3.168470427943509193e+00 6.797499358128429314e+00 3.996909489514133185e+01
-2.483723377937024068e+01 1.265645861026487928e+01 1.277097124416147089e+01 1.265645861026487928e+01 -5.206646757695532557e+01 4.593743160345391985e+00 1.277097124416147089e+01 4.593743160345391985e+00 -2.653495782859506136e+01
-2.730588872601920158e+01 -2.124691719818016722e+01 6.209903788952126469e+00 -2.124691719818016722e+01 -3.240513483210441592e+01 2.018729620369575883e+01 6.209903788952126469e+00 2.018729620369575883e+01 1.310911238773742271e+00
-8.131523901642699670e+00 1.640103763232376721e+00 1.737256741440520358e+01 1.640103763232376721e+00 -3.618051710114838215e+01 1.073856235821616822e+00 1.737256741440520358e+01 1.073856235821616822e+00 -2.710768584187566077e+01
2.947841213529585502e+00 -2.489178312871155097e+00 3.033327902716955293e+00 -2.489178312871155097e+00 -4.052081084587489102e+01 -2.845275212164033896e+00 3.033327902716955293e+00 -2.845275212164033896e+00 -6.722384226290739839e+00
4.107870944970194671e+01 1.292838741141173742e+01 1.202527615847102799e-01 1.292838741141173742e+01 1.129348469192404458e+01 9.483794318914039678e+00 1.202527615847102799e-01 9.483794318914039678e+00 3.357419493174808878e+01
1.994422305590250799e+00 4.927178987153280509e+00 9.129553332525958353e+00 4.927178987153280509e+00 -5.051969188666116217e+00 -4.351407705640585100e+00 9.129553332525958353e+00 -4.351407705640585100e+00 2.244826018850017491e+01
