1.501382764540874781e+01 -6.661588004136701713e+00 5.928356062640326662e+00 -6.661588004136701713e+00 -1.081723811138730973e+01 2.329778343908035509e+00 5.928356062640326662e+00 2.329778343908035509e+00 9.523073557692873337e+00
3.668596979377733192e+01 -8.800934479004016708e+00 -1.104019348060750971e+00 -8.800934479004016708e+00 -2.625570386106658560e+01 2.244626805055321750e+00 -1.104019348060750971e+00 2.244626805055321750e+00 -4.888328035388800896e-01
-3.879299770333192043e+01 -1.297810683632181750e+01 -7.702140060573748670e+00 -1.297810683632181750e+01 -6.394020160829159494e+01 -1.229474313370498284e-01 -7.702140060573748670e+00 -1.229474313370498284e-01 -3.595995460295456780e+01
1.776362123765698442e+01 -1.580363141644648139e-01 -6.523505945859003674e+00 -1.580363141644648139e-01 -2.214097606227937831e+01 -9.048827241691867584e+00 -6.523505945859003674e+00 -9.048827241691867584e+00 2.771879629915486021e+01
-3.165498821727329215e+01 -4.223422967995909438e+00 8.985747514302341088e+00 -4.223422967995909438e+00 -2.791905052827248560e-02 -1.356064495923283886e+01 8.985747514302341088e+00 -1.356064495923283886e+01 -5.315179039214035583e+01
3.059655125939213249e+01 3.028174217979613392e+00 1.062252572877024015e+01 3.028174217979613392e+00 -1.025530629478834932e+01 4.023957345300709143e+00 1.062252572877024015e+01 4.023957345300709143e+00 4.196544832777632195e+01
1.232316092811944230e+01 -4.552048399162933912e+00 7.323867146854960986e+00 -4.552048399162933912e+00 -4.782845326175132072e+01 -1.909956794415008119e+01 7.323867146854960986e+00 -1.909956794415008119e+01 -1.444585094828663596e+00
2.443450599900283038e+01 5.510431143849798374e+00 -8.130580671627766876e+00 5.510431143849798374e+00 1.010431037474982929e+01 -1.168489254326206606e+01 -8.130580671627766876e+00 -1.168489254326206606e+01 2.064199336364783477e+01
6.195667726187725322e+00 4.073981325694611577e+00 -1.307242879696526217e+01 4.073981325694611577e+00 8.644320479027520321e+00 1.600798340100063832e+00 -1.307242879696526217e+01 1.600798340100063832e+00 6.593155968466684058e+00
6.833367235350399937e+01 5.426794858222226736e+00 -1.912709490103207699e+01 5.426794858222226736e+00 4.602135302296294839e+01 -1.311627133832117309e+01 -1.912709490103207699e+01 -1.311627133832117309e+01 6.643258967268528181e+01
1.172221916474467607e+00 -1.010714281754669486e+01 -4.220591283424903750e+00 -1.010714281754669486e+01 -6.718948008288795393e+01 3.489120615735852748e+00 -4.220591283424903750e+00 3.489120615735852748e+00 1.897157437518494083e+00
1.566557906953301504e+01 -6.269738721769127388e+00 -4.763619962315961964e-01 -6.269738721769127388e+00 -2.256690294404766206e+01 -4.281695934263647807e+00 -4.763619962315961964e-01 -4.281695934263647807e+00 1.999088078528766843e+01
4.901941525979535896e+01 6.940331678596467491e+00 -2.109480822677188172e+00 6.940331678596467491e+00 -9.629872979900634178e+00 2.027776763748619704e+00 -2.109480822677188172e+00 2.027776763748619704e+00 5.800934373730668625e+01
1.972107487767953193e+00 3.847212103877244438e+00 1.662508370941045088e+00 3.847212103877244438e+00 -3.023091260833029992e+01 -5.036078005162137217e+00 1.662508370941045088e+00 -5.036078005162137217e+00 6.947400653149439442e+00
-1.333547279018913834e+01 7.435220201302396248e+00 3.659486730516422703e+00 7.435220201302396248e+00 -4.249076570430219846e+01 1.009411123440159130e+01 3.659486730516422703e+00 1.009411123440159130e+01 -7.078965025096775499e+00
-2.635315168145575626e+01 1.135332399547348103e+01 -6.845954320386496761e+00 1.135332399547348103e+01 -5.164267611493013277e+00 -7.776106888475909251e+00 -6.845954320386496761e+00 -7.776106888475909251e+00 -1.511901374858000402e+01
-1.164640356621440986e+01 6.357664182795316421e+00 1.254493220528709152e+00 6.357664182795316421e+00 -4.215318038590706351e+01 2.253284799038758612e-01 1.254493220528709152e+00 2.253284799038758612e-01 -1.412137235210744102e+01
2.378223266523535173e+01 2.030208123969481360e+00 6.228582096244709154e-01 2.030208123969481360e+00 9.015480503775375354e+00 -1.042165884840762047e+01 6.228582096244709154e-01 -1.042165884840762047e+01 3.793507510966222185e+01
7.653502868530459580e-01 -1.356723040028053973e+01 2.090895562726973367e+01 -1.356723040028053973e+01 -2.280689368982388032e+01 -9.490598410098893822e+00 2.090895562726973367e+01 -9.490598410098893822e+00 5.767465274994338031e+00
-2.902258729661566150e+01 1.300572578617085995e+01 -5.413900874189345735e+00 1.300572578617085995e+01 -4.041482931470186912e+01 8.910589318950947302e+00 -5.413900874189345735e+00 8.910589318950947302e+00 -3.282473668168614012e+01
-1.735613594612646082e+01 1.288636565952920865e+00 6.037527954913247896e+00 1.288636565952920865e+00 -2.461038193973425336e+01 1.615391011066178217e+00 6.037527954913247896e+00 1.615391011066178217e+00 -2.084698150633565561e+01
-1.327779871343680007e+01 9.424310903487445046e+00 -1.121717883965058604e+01 9.424310903487445046e+00 -1.774449426135094399e+01 -7.208212580806495851e+00 -1.121717883965058604e+01 -7.208212580806495851e+00 -6.505200196550529057e+00
-1.808281116284302570e+01 1.031141231009952364e+01 5.104958528668596784e+00 1.031141231009952364e+01 -3.664925492603755686e+01 6.053616266365185794e+00 5.104958528668596784e+00 6.053616266365185794e+00 -4.170324823822570970e+00
5.850984149337782725e+01 -5.640894623984216594e+00 1.201651224734024126e+01 -5.640894623984216594e+00 2.288672055584576270e+01 -9.486967472797163126e+00 1.201651224734024126e+01 -9.486967472797163126e+00 5.354097643917830140e+01
-3.158164745457749389e-01 3.806092086939835362e+00 -3.201418569750331233e+00 3.806092086939835362e+00 -2.557496030924367147e+01 1.380276118515881656e+01 -3.201418569750331233e+00 1.380276118515881656e+01 5.687099144045270727e+00
1.796044508054347588e+01 -1.707361953069245786e+01 1.673853932587157800e+01 -1.707361953069245786e+01 -7.705730862850093565e+00 1.983183272850454770e+01 1.673853932587157800e+01 1.983183272850454770e+01 1.608275044893096961e+01
1.204651920284599598e+01 1.192212756548827857e+00 2.211263624154208784e+01 1.192212756548827857e+00 -1.077388657432388186e+01 -6.404981188874138809e+00 2.211263624154208784e+01 -6.404981188874138809e+00 1.846677026028710600e+01
-2.245056231552911896e+01 1.313995634890282460e+01 5.159762346950988565e+00 1.313995634890282460e+01 -8.415497413216574785e+01 1.447789684034559343e+01 5.159762346950988565e+00 1.447789684034559343e+01 -3.158634080396009125e+01
6.192761010413179434e+01 -5.471269530963811523e-01 1.308180002354479221e+01 -5.471269530963811523e-01 -1.671218302533128641e+00 5.907726694573412374e+00 1.308180002354479221e+01 5.907726694573412374e+00 4.843994717976944031e+01
3.455118187422462483e+01 2.600156712532534886e+00 1.230044440256172145e+01 2.600156712532534886e+00 -2.398474721889918371e+01 1.521851061872327548e+01 1.230044440256172145e+01 1.521851061872327548e+01 4.386596233189700911e+01
3.361563716672861091e+01 -6.771819525510474946e+00 5.973362794676080334e+00 -6.771819525510474946e+00 3.858631063221297808e+01 -3.555344507838774870e+00 5.973362794676080334e+00 -3.555344507838774870e+00 3.878757460014976033e+01
-2.678154127641448667e+01 1.023703323391589493e+01 5.323843757336496729e+00 1.023703323391589493e+01 -3.379619733141520044e+01 -3.373669359248659294e+00 5.323843757336496729e+00 -3.373669359248659294e+00 -2.482109285146127675e+01
-1.004733922825280512e+00 -2.834772504948246397e-01 2.753172412977510142e+00 -2.834772504948246397e-01 -9.274086543610433608e+00 -1.481172831011214086e+01 2.753172412977510142e+00 -1.481172831011214086e+01 1.758133966146352423e+00
-4.887588533037418692e+00 1.244351996009312522e+01 1.029642185514740227e+01 1.244351996009312522e+01 -4.108844354696214651e+01 9.542394479534371143e+00 1.029642185514740227e+01 9.542394479534371143e+00 1.038003367574040503e+01
1.819514569782187863e+01 -2.127001146932066877e+00 5.910694134117372434e-01 -2.127001146932066877e+00 2.556006165693719012e+01 -2.571983148137106934e+00 5.910694134117372434e-01 -2.571983148137106934e+00 1.676198723129201440e+01
2.103474758739420380e+01 5.708531157969487069e+00 9.523038176655440612e-01 5.708531157969487069e+00 -1.225261738205202988e+01 8.269758284139481219e+00 9.523038176655440612e-01 8.269758284139481219e+00 3.354987924225927998e+01
2.198788337662420656e+00 -8.253905406132194145e+00 1.989277036819095912e+01 -8.253905406132194145e+00 -3.610913485861183858e+01 1.829038885989633556e+01 1.989277036819095912e+01 1.829038885989633556e+01 -2.397643625428722913e+01
-2.230204509760567433e+01 9.033193880069264381e+00 3.198601963035153872e+00 9.033193880069264381e+00 -9.235941129730839805e+00 1.325944811005138924e+01 3.198601963035153872e+00 1.325944811005138924e+01 -3.950697471120762572e+01
5.797233909241607819e+01 2.412718703384584717e+00 1.837657818429102141e+00 2.412718703384584717e+00 3.219401070711914059e+01 1.997547815581635433e+01 1.837657818429102141e+00 1.997547815581635433e+01 5.780485698791424909e+01
-3.774967038580955148e+01 -1.000688101298077370e+01 -3.368639687584350728e+00 -1.000688101298077370e+01 -2.185943663934223480e+01 3.921793650098334805e+00 -3.368639687584350728e+00 3.921793650098334805e+00 -3.439276520003802062e+01
2.009072397603635096e+01 1.276109525237055564e+01 -2.366840457589101998e+00 1.276109525237055564e+01 -2.565015482382829148e+01 1.132358476998909147e+01 -2.366840457589101998e+00 1.132358476998909147e+01 1.510682439562206980e+01
1.624738627085598353e+01 6.559228332986604570e+00 -6.860985143585472734e+00 6.559228332986604570e+00 1.519705274442716814e+01 1.119845873271026093e+01 -6.860985143585472734e+00 1.119845873271026093e+01 5.716062698502767603e+00
2.654023186570192294e+01 4.287833015977956741e+00 1.069610367937938067e+00 4.287833015977956741e+00 1.733120874307345360e+01 -2.061303014714754056e+01 1.069610367937938067e+00 -2.061303014714754056e+01 2.448919814875249301e+01
8.193587984970633897e+00 -7.818070393700540244e-01 5.676878016310848984e+00 -7.818070393700540244e-01 -3.572024721038425099e+01 1.475677935599288837e+01 5.676878016310848984e+00 1.475677935599288837e+01 2.758779065732326430e+01
4.252450579248046125e+01 4.519240793594837768e+00 -3.278528667532409457e+00 4.519240793594837768e+00 3.946649358611779945e+01 1.208787385006169668e+00 -3.278528667532409457e+00 1.208787385006169668e+00 5.069163555184317715e+01
-1.399271598610849132e+01 7.778676781247480854e+00 3.509578224122002488e-01 7.778676781247480854e+00 -2.960738326817154586e+01 -6.680596727377800192e+00 3.509578224122002488e-01 -6.680596727377800192e+00 -1.703379216577689448e+01
-1.055815422224185873e+01 2.228501103315599963e+01 -8.575732556604783952e+00 2.228501103315599963e+01 -1.197703137209169277e+01 1.123363117420514179e+01 -8.575732556604783952e+00 1.123363117420514179e+01 -1.755978669251448565e+01
-2.243610917101795010e+01 3.520457009046451979e+00 -8.678528426066783652e+00 3.520457009046451979e+00 -2.340955244045019423e+00 3.004208060344409237e+00 -8.678528426066783652e+00 3.004208060344409237e+00 -3.647501468098350585e+01
5.092639617290485177e+01 1.288649902840361605e+01 -1.688940551191344142e+01 1.288649902840361605e+01 4.260191146748948832e+00 -3.550659886746545091e+00 -1.688940551191344142e+01 -3.550659886746545091e+00 4.217953801553954918e+01
3.715350178360777278e+01 -1.301488784354164041e+00 -5.269038954075774051e+00 -1.301488784354164041e+00 2.661902005481355005e+01 -1.087050685283929674e+01 -5.269038954075774051e+00 -1.087050685283929674e+01 3.607135315286678434e+01
