3.728218160943983150e+01 4.781841576431113516e+00 7.827263838694968612e-02 4.781841576431113516e+00 3.176016570724760513e+01 -9.790166265958075709e-01 7.827263838694968612e-02 -9.790166265958075709e-01 2.197865353345757811e+01
-1.655377601699973411e+01 8.917829809475509961e+00 9.846147495867361599e+00 8.917829809475509961e+00 -1.059473173913814215e+01 1.338168183657060339e+01 9.846147495867361599e+00 1.338168183657060339e+01 -1.893233179089597940e+01
5.469906194140602418e-01 7.577411998622699763e+00 1.540285558859439297e+00 7.577411998622699763e+00 -1.747797019981478073e+01 -3.727499309430131635e+00 1.540285558859439297e+00 -3.727499309430131635e+00 1.990247445690907924e+01
-5.095147600017902789e+00 -2.348727892684078000e+00 3.314036405935846030e+00 -2.348727892684078000e+00 1.412898132157728881e+01 3.606547194625245201e+00 3.314036405935846030e+00 3.606547194625245201e+00 -2.258087923406425279e+00
-4.697026466671934131e+00 5.820968029688382117e+00 3.384883092130087423e+00 5.820968029688382117e+00 9.460981735939659742e+00 4.886218965182016483e+00 3.384883092130087423e+00 4.886218965182016483e+00 -2.005047798858594632e+01
2.282033867709243324e+00 -5.337205520980460527e+00 3.219998419945081292e+00 -5.337205520980460527e+00 1.392186392897674452e+01 -1.403504488022208285e+01 3.219998419945081292e+00 -1.403504488022208285e+01 -4.661689251242797383e+01
-2.199595694039429361e+01 6.765728510753088898e+00 4.170798455097317614e+00 6.765728510753088898e+00 -3.899891756424843425e+00 -1.091303442526885092e+01 4.170798455097317614e+00 -1.091303442526885092e+01 7.151299063193269134e+00
2.831959745888435265e+01 -9.114494827730380777e+00 -3.533777285655392841e-01 -9.114494827730380777e+00 2.930612097405730054e+01 2.173642328025369608e+00 -3.533777285655392841e-01 2.173642328025369608e+00 -2.270645331426647040e+00
5.639028034237501430e+01 3.627900936554811828e+00 -1.161174984667773913e+01 3.627900936554811828e+00 3.489010090869027891e+01 -2.891755724250748560e+00 -1.161174984667773913e+01 -2.891755724250748560e+00 -2.353162472398190985e+00
-4.795526464417871004e+00 -3.095463086744323356e+00 1.231351469668928367e+01 -3.095463086744323356e+00 -1.033471599919629469e+01 -5.681969992243555367e+00 1.231351469668928367e+01 -5.681969992243555367e+00 -4.284670405882956601e+01
3.315550380998282520e+01 -1.187842933873702478e+01 -1.417860247819520225e+01 -1.187842933873702478e+01 4.183860394964310103e+01 -1.738255410512911103e+00 -1.417860247819520225e+01 -1.738255410512911103e+00 2.087726935253697036e+01
-1.398845000239775160e+01 8.985266209368752754e+00 1.726362801419426996e+00 8.985266209368752754e+00 -3.803953083518118916e+01 -2.019067059101119721e+00 1.726362801419426996e+00 -2.019067059101119721e+00 1.148331476959115172e+01
-2.232761834629064523e+01 3.160402625186464309e+00 7.742362720045314006e+00 3.160402625186464309e+00 -2.118098448516850496e+01 -4.460885362817510469e+00 7.742362720045314006e+00 -4.460885362817510469e+00 -5.238350001520768018e+01
1.987059638482463342e+01 7.860393658992601562e-01 -2.165765745559405175e+01 7.860393658992601562e-01 2.388136358975001983e+00 1.544225437084087815e+01 -2.165765745559405175e+01 1.544225437084087815e+01 -1.942376409591171083e+01
-3.534541324241817506e+01 3.680748187304400343e+00 -1.286159463675766501e+00 3.680748187304400343e+00 -3.734377720264507872e+01 7.393245105886084190e+00 -1.286159463675766501e+00 7.393245105886084190e+00 -7.803182126921979034e+01
4.573840793502914437e+01 -7.013488623736817473e+00 1.099591114416454829e+01 -7.013488623736817473e+00 4.372156663709161961e+01 -3.473505045046239470e+00 1.099591114416454829e+01 -3.473505045046239470e+00 3.746044428026092277e+01
2.923445248408953745e+01 2.227086598349842461e+00 1.290832713690603706e+00 2.227086598349842461e+00 4.829497992005542528e+01 9.521858620210869262e+00 1.290832713690603706e+00 9.521858620210869262e+00 2.156751612465094947e+00
3.475416834885827910e+01 1.061705412381345504e+01 -3.754554950674821701e+00 1.061705412381345504e+01 1.872066196437877394e+01 2.058429579153574096e+01 -3.754554950674821701e+00 2.058429579153574096e+01 -4.908629175121765442e+00
3.242730209708807365e+01 2.114117141309435954e+00 4.791746901961579042e+00 2.114117141309435954e+00 3.936585086050130400e+01 3.995308076808612885e+00 4.791746901961579042e+00 3.995308076808612885e+00 2.582847410821945289e+01
2.747630100162434630e+01 1.319993615227337891e+01 -7.332472844973788817e+00 1.319993615227337891e+01 1.075223433788877436e+01 -1.282629040307383406e+01 -7.332472844973788817e+00 -1.282629040307383406e+01 -4.260382476362209303e+01
4.405621882939637146e+01 1.404830004411520950e+00 -3.214745999445698832e+00 1.404830004411520950e+00 4.238613014516177913e+01 -4.468627877860073205e+00 -3.214745999445698832e+00 -4.468627877860073205e+00 3.636834746589660483e+01
-3.541010474188728097e+01 -4.926891859906011639e+00 -1.408040708359819249e+01 -4.926891859906011639e+00 -3.556021467418037219e+01 -6.591661361421493837e+00 -1.408040708359819249e+01 -6.591661361421493837e+00 -1.804295462162664165e+01
1.218665628564642489e+01 1.996270306166268327e+01 -2.470604357438704324e-01 1.996270306166268327e+01 1.801167630347409698e+01 6.180510203384431023e+00 -2.470604357438704324e-01 6.180510203384431023e+00 -1.840297947649656507e+01
2.532621145540981900e+01 -8.696811748769022188e+00 -1.996602484017844148e+01 -8.696811748769022188e+00 1.125964047230050546e+01 1.232518354432820828e+01 -1.996602484017844148e+01 1.232518354432820828e+01 -2.549939875659837796e+01
2.702630781912373337e+01 5.848152776482058890e+00 -1.201274659167875569e+00 5.848152776482058890e+00 2.953768399197397443e+01 1.248542150651853699e+00 -1.201274659167875569e+00 1.248542150651853699e+00 1.157290776664974530e+01
1.459777789027695727e+00 -1.918006345970367565e+00 8.120627232643537141e+00 -1.918006345970367565e+00 6.738069543117443772e+00 -7.480358243307810184e+00 8.120627232643537141e+00 -7.480358243307810184e+00 -1.044823315291731447e+01
-2.202187321827676314e+01 5.710269714056749324e-01 1.220125632191320975e+01 5.710269714056749324e-01 -1.201466701933212455e+01 -1.188174075888275505e+00 1.220125632191320975e+01 -1.188174075888275505e+00 -3.081174385031485841e+01
1.242799104260727461e+01 1.608129883049597364e+00 -2.446469353436206529e+00 1.608129883049597364e+00 2.868858478357846309e+01 -3.117557777250641871e-01 -2.446469353436206529e+00 -3.117557777250641871e-01 -1.168833913728011176e+01
-6.011644029508288689e+00 -3.279143167146002735e+00 -1.026561385670640814e+00 -3.279143167146002735e+00 6.551072042735654577e+00 -3.999021788476388561e+00 -1.026561385670640814e+00 -3.999021788476388561e+00 -4.303102382976666007e+01
5.000539731281765654e+01 1.543082718837752410e+01 6.897498338842633636e+00 1.543082718837752410e+01 4.484580843171222142e+01 5.379825847038132380e+00 6.897498338842633636e+00 5.379825847038132380e+00 3.012380363552337670e+01
5.090852921733751657e+01 1.534973207978279408e+00 1.628955520830799752e+00 1.534973207978279408e+00 6.946544133017913225e+01 3.378344622350628046e-01 1.628955520830799752e+00 3.378344622350628046e-01 1.350465101870117834e+01
2.612359270816187973e+01 -8.680437138649686801e+00 -3.531124890894076884e+00 -8.680437138649686801e+00 3.186278801394422189e+01 -4.608654451174801991e+00 -3.531124890894076884e+00 -4.608654451174801991e+00 4.148248250478975052e+00
4.986223559515049431e+01 1.690650565697858099e+01 -9.347394807766439273e-01 1.690650565697858099e+01 4.568050807649006373e+01 5.075909111697379572e+00 -9.347394807766439273e-01 5.075909111697379572e+00 2.336085476836171182e+01
2.165590032006518584e+01 6.499405266022205474e+00 -9.211503641491130878e+00 6.499405266022205474e+00 1.387371936678305140e+01 2.031623115752089870e+00 -9.211503641491130878e+00 2.031623115752089870e+00 -1.626413263877511994e+01
1.940796170548542365e+00 -1.229245383838323047e+00 6.571762871759414537e+00 -1.229245383838323047e+00 -1.978926178535464331e+01 -5.560072207583790060e+00 6.571762871759414537e+00 -5.560072207583790060e+00 5.976207604874439916e+00
3.756314786662062488e+01 -2.073368201329488930e-02 -7.184972230713639052e-02 -2.073368201329488930e-02 3.481372065857924980e+01 4.244952080444855724e+00 -7.184972230713639052e-02 4.244952080444855724e+00 1.343160903201867207e+00
5.017239262701294678e+01 1.442400972022441330e+01 2.981090633065947237e+00 1.442400972022441330e+01 6.320517805467619610e+01 2.723677004893319542e-01 2.981090633065947237e+00 2.723677004893319542e-01 2.019887331650833318e+01
4.582541339729681340e+01 4.821768749687375788e+00 4.786992139472861396e+00 4.821768749687375788e+00 4.230857667305665615e+01 -9.858260774750527977e-01 4.786992139472861396e+00 -9.858260774750527977e-01 2.223834430171566012e+01
4.269514964989184591e+01 1.269349081873706542e+00 -1.416766395014675162e+01 1.269349081873706542e+00 3.727523220043713081e+01 -1.560368622567999886e+01 -1.416766395014675162e+01 -1.560368622567999886e+01 1.883828144373611568e+00
8.355740085111552418e+00 6.269588246855173352e-01 1.095328271690348565e+01 6.269588246855173352e-01 -5.058508017954835623e+00 -4.221977593931550921e+00 1.095328271690348565e+01 -4.221977593931550921e+00 -1.650106875755465907e+01
-9.347756879445867639e+00 1.088365661939760898e+01 2.403519471899132842e+00 1.088365661939760898e+01 -1.629555188793135656e+01 -8.456110864605483002e+00 2.403519471899132842e+00 -8.456110864605483002e+00 -7.449373964085103772e+00
1.216023471979984905e+01 2.839679155893072515e+00 1.406757480635742796e+00 2.839679155893072515e+00 1.800158017769905427e+01 6.149659035078352431e+00 1.406757480635742796e+00 6.149659035078352431e+00 8.203973582290167599e+00
3.167532097766125432e+01 5.010841480622116428e+00 1.026177660812472325e+01 5.010841480622116428e+00 3.579516382574995959e+01 4.356260196527318662e+00 1.026177660812472325e+01 4.356260196527318662e+00 1.479412549517503805e+01
8.035039951642843070e-02 1.466798142362130575e+00 1.846324956460162037e+00 1.466798142362130575e+00 1.649389361162404199e+01 1.240012426950343993e+01 1.846324956460162037e+00 1.240012426950343993e+01 -4.555606806967847433e+01
4.154499480896207331e+01 1.113750053946272622e+01 -5.594469712639844161e+00 1.113750053946272622e+01 3.579479924581662686e+01 -5.547685838951474047e+00 -5.594469712639844161e+00 -5.547685838951474047e+00 3.220913757198643168e+01
3.314378033197562701e+01 8.258347416457052503e+00 1.827221157829382880e+00 8.258347416457052503e+00 3.648549370665469382e+01 -7.849147097980925025e+00 1.827221157829382880e+00 -7.849147097980925025e+00 2.533002704056924159e+01
9.613351603549661561e+00 -5.757916597793646396e-01 -8.711202736345025954e+00 -5.757916597793646396e-01 1.020239023484813323e+00 5.522080362415605848e+00 -8.711202736345025954e+00 5.522080362415605848e+00 -2.892018178448046584e+01
-7.427917283229414913e+00 9.336620487469797780e+00 -1.836375829289558670e+00 9.336620487469797780e+00 8.043227674692358775e+00 -2.083893975434066625e+00 -1.836375829289558670e+00 -2.083893975434066625e+00 -5.787539360959419099e+01
-1.164718615106222366e+01 -5.095075372085706711e-01 -6.173322701854623062e+00 -5.095075372085706711e-01 -2.950819628720772059e+01 3.133433013547381130e+00 -6.173322701854623062e+00 3.133433013547381130e+00 -8.355623858898901801e+00
6.191185788450925820e+00 -2.502131581134380500e+00 2.302220110402898534e+00 -2.502131581134380500e+00 1.260739722564089682e+01 -1.007009563055201262e+01 2.302220110402898534e+00 -1.007009563055201262e+01 -1.879734146322761390e+01
2.803042188283929814e+00 -1.404812131826983057e+00 -7.103781669724225090e-01 -1.404812131826983057e+00 -4.116655770928467462e+00 -1.772586486460462352e+00 -7.103781669724225090e-01 -1.772586486460462352e+00 -5.495019537359760875e+01
5.222525013928982673e+01 -8.396676807219616734e+00 -8.845593586089163241e-01 -8.396676807219616734e+00 4.558057513792908821e+01 -1.203225378576885518e+01 -8.845593586089163241e-01 -1.203225378576885518e+01 2.885404622040567446e+01
-1.625796601450672085e+01 -1.130667506953646573e+01 -6.596795117087204119e+00 -1.130667506953646573e+01 -3.045617448155741158e+01 -9.822219029492639919e+00 -6.596795117087204119e+00 -9.822219029492639919e+00 -4.842262731678735577e+01
-4.301800004829485213e-01 2.623989912394497193e+00 -8.206248265348404791e-01 2.623989912394497193e+00 -1.265545930907661365e+01 -4.880322390472414895e+00 -8.206248265348404791e-01 -4.880322390472414895e+00 4.427375392697831202e+00
-2.584812821320875997e+01 3.491305090671420697e+00 -1.631534047917129016e+01 3.491305090671420697e+00 -5.996314644031597396e+01 1.142862067310675744e+00 -1.631534047917129016e+01 1.142862067310675744e+00 2.670711480582112074e+01
-3.436120907425746651e+01 -1.039528705930296582e+01 8.934235943480899778e+00 -1.039528705930296582e+01 -2.242062543166946753e+01 -1.054057660226514415e+01 8.934235943480899778e+00 -1.054057660226514415e+01 -5.098090985030765410e+01
3.540212247295016823e+01 -2.213987720489455580e+00 2.545743861922221907e+00 -2.213987720489455580e+00 3.281851010188749740e+01 -1.352785819132245715e+00 2.545743861922221907e+00 -1.352785819132245715e+00 1.864968739141658460e+01
-1.513252455799122842e+01 -1.116800459851372374e+01 8.878490398682691520e+00 -1.116800459851372374e+01 -1.868598120635367010e+01 -6.634591256846419149e+00 8.878490398682691520e+00 -6.634591256846419149e+00 -4.841015902606659260e+00
3.516213014211793819e+01 2.263522828664803654e+01 -3.396533284886384063e+00 2.263522828664803654e+01 1.426995895771718281e+01 -7.814582259051638502e+00 -3.396533284886384063e+00 -7.814582259051638502e+00 -1.396353707247221543e+01
3.980509182513223720e+00 -2.324483518921581560e+00 9.274460735753239149e+00 -2.324483518921581560e+00 2.685832447012175095e+01 -3.488981355330584844e+00 9.274460735753239149e+00 -3.488981355330584844e+00 -1.808662486924514212e+01
1.629092247192448184e+01 1.965712983199401576e+00 3.977576913666653446e+00 1.965712983199401576e+00 9.846911152914223919e+00 5.163477389600334533e+00 3.977576913666653446e+00 5.163477389600334533e+00 -2.809027412177060867e+00
8.392313745332335984e+00 4.705706312662100821e+00 -5.476856072758615745e+00 4.705706312662100821e+00 1.891195314659913418e+00 5.802918123169639175e-01 -5.476856072758615745e+00 5.802918123169639175e-01 -1.588187716332020116e+01
4.855930157571644656e+01 3.820411927243925754e-01 2.706014633786210766e+00 3.820411927243925754e-01 4.703793717894395598e+01 7.758831122646758338e+00 2.706014633786210766e+00 7.758831122646758338e+00 2.509386861823886861e+01
2.395509750389533465e+01 -1.887531975210430479e+00 3.863630586013733659e+00 -1.887531975210430479e+00 9.140670081956942639e+00 -9.857025638529071543e+00 3.863630586013733659e+00 -9.857025638529071543e+00 5.452791135740949535e+00
-1.824028755682485681e+01 4.689451704904041840e+00 6.214804637865469772e+00 4.689451704904041840e+00 4.708652962669421349e+00 1.997044407050008274e+01 6.214804637865469772e+00 1.997044407050008274e+01 -3.673506001247716313e+01
1.021057967495944929e+01 4.884834181303360445e+00 4.097957811833758512e+00 4.884834181303360445e+00 -1.511321536939379762e+01 -1.483018877734511776e+01 4.097957811833758512e+00 -1.483018877734511776e+01 -5.221895570732397118e+01
-1.427735041225018975e+01 -1.651930576141641538e+01 8.716969030300227850e-01 -1.651930576141641538e+01 -1.432590479807303652e+01 1.169996362617419550e+01 8.716969030300227850e-01 1.169996362617419550e+01 -3.466567860790731714e+01
3.636599433610467713e+01 3.276279189286403160e+00 2.261441739861776323e+00 3.276279189286403160e+00 4.005854536754529960e+01 -6.283733353084345552e+00 2.261441739861776323e+00 -6.283733353084345552e+00 3.242820923701415126e+01
5.794249580527440102e+00 -3.659572370872132829e+00 5.484333582027570486e+00 -3.659572370872132829e+00 2.241291833460227068e+01 3.138834570067492891e+00 5.484333582027570486e+00 3.138834570067492891e+00 -5.297126319873231637e+01
1.295361161569240771e+01 1.462841181473776508e+01 1.187147846312951494e+01 1.462841181473776508e+01 -1.333649233316782867e+00 4.009193318014785845e+00 1.187147846312951494e+01 4.009193318014785845e+00 2.075660885919728216e+01
5.078341124496380843e+01 1.096025569187155568e+01 -4.265343612950251106e+00 1.096025569187155568e+01 5.479603372593982158e+01 -1.191192803495692010e+00 -4.265343612950251106e+00 -1.191192803495692010e+00 5.826174962017364400e+00
-9.008979865749369154e+00 2.227244462368868305e+00 6.359460722255017018e+00 2.227244462368868305e+00 -1.440171973667941963e+01 -3.590927244655068407e+00 6.359460722255017018e+00 -3.590927244655068407e+00 -1.032660287950752931e+00
1.282912013670341622e+01 3.896513341978557587e+00 6.178061244867699031e+00 3.896513341978557587e+00 1.527085237335246504e+01 7.506931051618511042e+00 6.178061244867699031e+00 7.506931051618511042e+00 5.462717322488664706e+00
1.176443239421205078e+01 -3.852903100167446304e+00 1.121875147365623171e+01 -3.852903100167446304e+00 -4.025082582986179436e-02 -8.878845339769702028e-01 1.121875147365623171e+01 -8.878845339769702028e-01 -3.732589982937341233e+01
-1.005386225357291963e+01 4.417960568527270482e+00 -1.660397649942911835e-01 4.417960568527270482e+00 -2.796920208366325511e+01 4.212124823398673001e+00 -1.660397649942911835e-01 4.212124823398673001e+00 1.938344603799276911e+01
3.062144527512139192e+01 -5.013282213094996997e+00 6.690569002049807423e+00 -5.013282213094996997e+00 3.591262847556060223e+01 -6.328142069567069261e-02 6.690569002049807423e+00 -6.328142069567069261e-02 2.398282063142764287e+01
-2.425301285580006549e+01 6.148422456505580058e+00 1.689434202685956876e+01 6.148422456505580058e+00 -4.408073579979304668e+01 -9.593385660917929769e+00 1.689434202685956876e+01 -9.593385660917929769e+00 -3.967903341088183566e+01
1.989715322247990414e+01 -4.822748793497880548e+00 -9.309272408778262786e+00 -4.822748793497880548e+00 2.390016420966621880e+01 5.245609739967916241e+00 -9.309272408778262786e+00 5.245609739967916241e+00 -6.881863086670619190e+00
-6.683649280338147314e+00 1.277034108554814651e+01 -5.841259060327231190e+00 1.277034108554814651e+01 -6.648984187548702351e+00 -3.754584323028692605e+00 -5.841259060327231190e+00 -3.754584323028692605e+00 1.698706184687778276e+01
4.799882279619136050e+00 -1.816646897660067150e+00 1.146086578431392233e+01 -1.816646897660067150e+00 1.008084554236573283e+01 -1.213396438224996032e+01 1.146086578431392233e+01 -1.213396438224996032e+01 -2.281277988241851062e+01
8.597073612171204360e+00 -2.207455503003412645e+00 -5.373785781004059459e+00 -2.207455503003412645e+00 -4.245748721656691593e+00 1.426384184797634624e+00 -5.373785781004059459e+00 1.426384184797634624e+00 2.357622319730942806e+01
4.298378791264071630e+00 8.464567742092476976e+00 3.662469507189372475e+00 8.464567742092476976e+00 2.512950520470748472e+01 -4.075758950596331864e+00 3.662469507189372475e+00 -4.075758950596331864e+00 -5.117340340252094677e+01
-1.576286722025319875e+01 5.084586520023446354e+00 -4.608966529443434545e-01 5.084586520023446354e+00 -3.214598745280196113e+01 8.833570389493884178e+00 -4.608966529443434545e-01 8.833570389493884178e+00 -6.114113743238018372e+01
4.949798555327148364e+01 9.801472479649115499e+00 -7.628660237835677149e-01 9.801472479649115499e+00 5.113768370414712194e+01 7.003541577101038307e+00 -7.628660237835677149e-01 7.003541577101038307e+00 2.739646451016866990e+01
-3.402491178782614867e+01 1.065314064726161014e+01 6.791976138092814530e+00 1.065314064726161014e+01 -1.612643472301813574e+01 -9.250934223366474640e+00 6.791976138092814530e+00 -9.250934223366474640e+00 -3.595090559853480272e+01
2.484181692451952017e+01 8.435243471073484045e+00 -4.122780277703747553e-01 8.435243471073484045e+00 2.791432992939238389e+01 -7.377505535810092496e+00 -4.122780277703747553e-01 -7.377505535810092496e+00 1.385386408028521110e+01
-2.254569450918798168e+01 -4.594893800730138977e+00 1.294451467832017089e-01 -4.594893800730138977e+00 -3.145095243808589203e+01 -8.788381386479825252e+00 1.294451467832017089e-01 -8.788381386479825252e+00 -2.404491666366263303e+01
3.909791500086583937e+01 7.683927788695046779e+00 7.803453833640766391e+00 7.683927788695046779e+00 4.283767522569787189e+01 2.796079566007224404e+00 7.803453833640766391e+00 2.796079566007224404e+00 1.450255080862076973e+01
3.737174357276949621e+01 5.809412504024744628e+00 -1.179628275038605878e+01 5.809412504024744628e+00 3.335841380365312858e+01 4.805953141823893660e+00 -1.179628275038605878e+01 4.805953141823893660e+00 7.487896316228923155e+00
-2.383630345982008691e+01 1.608403890567571493e+00 4.503797341757653228e-01 1.608403890567571493e+00 -3.154952138208751222e+01 3.424637352528456802e+00 4.503797341757653228e-01 3.424637352528456802e+00 -5.102961433817590375e+01
-1.003253086439189268e+01 -5.466394223077373660e+00 6.895073577642677698e+00 -5.466394223077373660e+00 -1.285168109468855135e+01 -1.595691615768751292e+00 6.895073577642677698e+00 -1.595691615768751292e+00 -2.559050283997933306e+01
6.314958309276782700e+00 -7.733202919525221652e+00 -3.780266309796037061e-01 -7.733202919525221652e+00 2.630541577204909665e+00 2.153381092053182844e+00 -3.780266309796037061e-01 2.153381092053182844e+00 -2.237321783637633033e+01
-1.405482118425602600e+01 -6.700753721987286582e+00 9.211411956416364788e+00 -6.700753721987286582e+00 -2.184975770414808594e+01 2.769245166384505019e+00 9.211411956416364788e+00 2.769245166384505019e+00 1.273453639333469489e+01
2.684498076459966853e+00 -6.431533460765090915e+00 -1.173306647468469599e+01 -6.431533460765090915e+00 1.502523913226063534e+01 7.415118928031744439e+00 -1.173306647468469599e+01 7.415118928031744439e+00 -5.491941662049499406e+00
1.340370461485574038e+00 3.554124402448518349e+00 1.539677338583813615e+00 3.554124402448518349e+00 1.715165887277051882e+00 3.391813537954286861e+00 1.539677338583813615e+00 3.391813537954286861e+00 -2.211266895581557179e+01
-1.363143753099576649e+01 1.559194540315859800e+00 1.534394478791335459e+01 1.559194540315859800e+00 -1.441376577093435785e+01 -1.060147475293529418e+01 1.534394478791335459e+01 -1.060147475293529418e+01 -5.566545342640863225e+01
-2.700355262946177337e+00 -4.452764702033423228e-01 -1.223064383238820874e+01 -4.452764702033423228e-01 -9.830142477553438951e+00 -1.939251617744510714e+00 -1.223064383238820874e+01 -1.939251617744510714e+00 3.315093888660414767e-01
-8.554129892963574733e+00 7.164376463744821066e+00 -4.265134685098275646e+00 7.164376463744821066e+00 -2.618859718083665555e+01 1.711466070933455041e+00 -4.265134685098275646e+00 1.711466070933455041e+00 4.545966483743701936e+00
3.996841135032999404e+01 -8.654870769338634418e+00 -1.781026693992941556e+00 -8.654870769338634418e+00 3.997912417292835840e+01 -3.621066951679109636e+00 -1.781026693992941556e+00 -3.621066951679109636e+00 1.785307171062176579e+01
-9.473751856392826909e+00 8.578615240431298972e+00 5.945821407482158705e+00 8.578615240431298972e+00 -1.309045859802099088e+01 8.550325097809563957e+00 5.945821407482158705e+00 8.550325097809563957e+00 -3.196537163000976278e+01
