7.362735743704257985e+00 -5.652179982711731832e+00 3.870772927223592674e+00 -5.652179982711731832e+00 -7.734137367162704280e+00 -4.610486310384591668e+00 3.870772927223592674e+00 -4.610486310384591668e+00 -5.309944517390024288e+01
-9.583852907196359183e+00 -1.680501356314896721e+00 -1.086627669867048951e+01 -1.680501356314896721e+00 -5.021536410159163744e+00 1.523507722853033997e+01 -1.086627669867048951e+01 1.523507722853033997e+01 -6.060619308749558343e+01
-2.919921711119325991e+01 1.188975251656186893e+00 -7.044095774176267533e+00 1.188975251656186893e+00 -4.333399383761732082e+01 -7.936989440310403765e+00 -7.044095774176267533e+00 -7.936989440310403765e+00 -7.557090010834998850e+01
4.079090138605272386e+01 -1.781638668287108374e+00 -3.275895794268030681e+00 -1.781638668287108374e+00 3.332917287878441925e+01 -6.605808365532864102e+00 -3.275895794268030681e+00 -6.605808365532864102e+00 1.516315312314384478e+01
-1.678505787148504780e+01 1.502473025167875420e+01 1.606367704504727811e+01 1.502473025167875420e+01 -1.118479868694311996e+01 5.971917890649530714e-01 1.606367704504727811e+01 5.971917890649530714e-01 -1.858057912728950356e+01
-8.729163076457908232e+00 -1.371239036647613752e+01 -4.575004609465236349e+00 -1.371239036647613752e+01 -2.186889112532838197e+01 8.346044923106495261e+00 -4.575004609465236349e+00 8.346044923106495261e+00 -3.206862699684521800e+01
-1.908129578035957508e+01 -2.173703960035913951e+01 -8.444401918985581901e+00 -2.173703960035913951e+01 -2.867654571862511759e+01 -4.146903256420865880e+00 -8.444401918985581901e+00 -4.146903256420865880e+00 -1.889459335948875207e+01
-2.046081228936000329e+01 1.015768640790131805e+01 -5.577053817655171386e+00 1.015768640790131805e+01 -9.879911086341587989e+00 1.047642402194943401e+01 -5.577053817655171386e+00 1.047642402194943401e+01 -2.166732232977695816e+01
4.987705383549276839e+00 -1.722856776631202891e+01 1.761658240860783486e+00 -1.722856776631202891e+01 -1.907764288253594032e+01 -1.374375993142887609e+01 1.761658240860783486e+00 -1.374375993142887609e+01 -2.112245624285554513e+00
2.458021357403121954e+01 1.994914833623623540e+00 -1.801169609031714636e+00 1.994914833623623540e+00 6.126144399743066238e+00 -2.731210652847688269e+00 -1.801169609031714636e+00 -2.731210652847688269e+00 1.358097165922784200e+01
-3.170176836547659605e+01 -9.731822773870630883e+00 3.026180424966211091e-01 -9.731822773870630883e+00 -4.129134149743629933e+01 -2.305306856066600574e+00 3.026180424966211091e-01 -2.305306856066600574e+00 -4.962647358117180829e+01
-5.751633568863347978e-01 -1.940890418109679771e+01 -1.694676072169297143e+01 -1.940890418109679771e+01 -2.385617956211247392e+00 -4.176021991278782708e-01 -1.694676072169297143e+01 -4.176021991278782708e-01 -1.847096077562633454e+01
1.293856848754070654e+01 1.147265581903363341e+01 1.096493310177198133e+01 1.147265581903363341e+01 -1.621296215782434880e+00 -1.695015595743622150e+00 1.096493310177198133e+01 -1.695015595743622150e+00 -6.783489170772524801e+01
-1.969418717803724306e+01 -8.000571414829718009e+00 1.261433220432012625e+01 -8.000571414829718009e+00 -9.189516177731043456e+00 8.950078499002421140e+00 1.261433220432012625e+01 8.950078499002421140e+00 -2.833322742873270528e+01
3.230893664275184562e+01 -1.645765023482612222e+00 8.754725776482969124e+00 -1.645765023482612222e+00 2.451919721839846034e+01 2.113845263722175716e+01 8.754725776482969124e+00 2.113845263722175716e+01 -3.360061009037350033e+01
2.279539145968130853e+01 -2.521088345319574486e+00 -3.562080921652114096e+00 -2.521088345319574486e+00 2.245348012577704111e+01 -2.084587879646191411e+00 -3.562080921652114096e+00 -2.084587879646191411e+00 -3.382386125318922154e+01
-2.586053617047498143e+00 -2.440146558436160351e-01 9.193795882210576309e+00 -2.440146558436160351e-01 2.301198591162736840e+00 6.162502152557650881e+00 9.193795882210576309e+00 6.162502152557650881e+00 -8.052582855954126373e+00
-4.408625406513998968e+01 -1.506791917517058543e+01 2.689902781153926448e+00 -1.506791917517058543e+01 -6.029706578194726063e+01 -1.140453744622212007e+01 2.689902781153926448e+00 -1.140453744622212007e+01 -7.580172532864267509e+01
-1.830276932411049984e+01 4.786032479085145508e-01 6.882233543122062702e-02 4.786032479085145508e-01 -2.150557924248091890e+00 2.118483929142512778e+01 6.882233543122062702e-02 2.118483929142512778e+01 -1.409307183142402309e+01
1.927547759982191167e+01 6.373753395053676662e+00 -2.266535757970235210e+00 6.373753395053676662e+00 1.692705533220683023e+01 1.931147106520558321e+00 -2.266535757970235210e+00 1.931147106520558321e+00 -3.617893629856812066e+00
4.611108205134600269e+01 1.581359336951058125e+00 -1.113739001155401986e+01 1.581359336951058125e+00 2.476801716829286093e+01 -1.295283981108068083e+01 -1.113739001155401986e+01 -1.295283981108068083e+01 -2.176642708000672055e+00
-1.804684020409943468e+00 2.580174856606070599e-01 -1.073705544833583225e+01 2.580174856606070599e-01 8.687883468580555046e-01 8.690132305118657641e+00 -1.073705544833583225e+01 8.690132305118657641e+00 -6.860251093497702790e+00
2.762589691198772002e+01 8.336870876459919089e+00 -2.058385106995052993e+01 8.336870876459919089e+00 2.457579791881982700e+01 1.216737016667580029e+01 -2.058385106995052993e+01 1.216737016667580029e+01 -2.384948803315334764e+00
-1.057373673453299823e+01 -4.791401177562295999e+00 8.479417518255509378e+00 -4.791401177562295999e+00 -1.186425559400898955e+01 -1.942937280152139845e+00 8.479417518255509378e+00 -1.942937280152139845e+00 -2.413090792317541400e+01
1.680188365423856212e+01 -1.566081587404247699e+01 -6.480229750646868681e+00 -1.566081587404247699e+01 1.856131194027842568e+01 -1.732522334665030783e+01 -6.480229750646868681e+00 -1.732522334665030783e+01 7.098432151975789139e+00
3.670233898208115875e+01 -2.519335540053719846e+00 -9.888320135752052265e-01 -2.519335540053719846e+00 4.058634866791661722e+01 -1.867805523535436274e-01 -9.888320135752052265e-01 -1.867805523535436274e-01 3.726933912981937169e+01
-1.623957859222381472e+01 -1.559218516372652186e+00 1.288185637206588829e+01 -1.559218516372652186e+00 -3.032164623640305479e+01 3.940374861021120445e+00 1.288185637206588829e+01 3.940374861021120445e+00 -5.295511083556215226e+01
-1.394991887514960949e+00 -1.136618258081239091e-01 6.868472010700669372e+00 -1.136618258081239091e-01 -1.234448039500203187e+01 1.434175537831753822e+01 6.868472010700669372e+00 1.434175537831753822e+01 -5.095435467611002878e+01
1.641807442201059430e+01 5.799173576568369404e-01 2.893557715700347810e+00 5.799173576568369404e-01 3.453311977320819182e+01 -8.563044857923449271e+00 2.893557715700347810e+00 -8.563044857923449271e+00 -1.320696148207413678e+01
8.710205585621155322e+00 2.532538811460596229e+00 1.025418130530236782e+00 2.532538811460596229e+00 1.034863617657543067e+01 4.841014481926896984e+00 1.025418130530236782e+00 4.841014481926896984e+00 -3.005280081323607888e+01
4.543773004994142184e+01 -6.466737538684075304e+00 2.127877913604424620e+01 -6.466737538684075304e+00 3.934281142170647172e+01 -8.907120918107777285e+00 2.127877913604424620e+01 -8.907120918107777285e+00 -4.982937804880482879e+00
-1.834662033109677282e+01 -9.581517943245124513e+00 -8.407172326976343868e+00 -9.581517943245124513e+00 -4.146165558361949621e+01 -5.208109790504590331e-01 -8.407172326976343868e+00 -5.208109790504590331e-01 1.247605269881147372e+01
-2.107493092525052703e+01 5.145143021289846352e+00 1.523612468885286830e+01 5.145143021289846352e+00 -1.390314813387101722e+01 3.507186555927770844e+00 1.523612468885286830e+01 3.507186555927770844e+00 -2.180542220059388114e+01
7.085001830877389217e+00 -1.700835292780293440e+00 -5.430843973211283426e+00 -1.700835292780293440e+00 2.847561549283049942e+00 -1.148390907683043594e+01 -5.430843973211283426e+00 -1.148390907683043594e+01 -4.861298062321597513e+01
-3.334667688754346671e+01 -1.927199318958191729e-02 -2.400733133077785553e+01 -1.927199318958191729e-02 -3.523417531475624997e+01 -8.780457754267732895e+00 -2.400733133077785553e+01 -8.780457754267732895e+00 -3.808782152212820904e+01
1.934498268388205133e+01 -4.689595021111553130e+00 6.871449657818621937e+00 -4.689595021111553130e+00 9.137607741255966420e-01 -7.205355134559646046e+00 6.871449657818621937e+00 -7.205355134559646046e+00 1.701218381596484619e+01
1.298648585418897383e+01 1.735698519107926785e+01 -7.082594435248772413e+00 1.735698519107926785e+01 -3.202277469467912141e+00 -1.367182721755930430e+01 -7.082594435248772413e+00 -1.367182721755930430e+01 -7.245683208147700327e+01
8.402414402387853087e+00 -1.977780638914314049e-01 5.094056413282373796e+00 -1.977780638914314049e-01 -1.258122171800602596e+00 -1.185864430575229100e+01 5.094056413282373796e+00 -1.185864430575229100e+01 -3.035669565959966576e+01
5.219519782844243672e+00 -7.423897585309395808e-01 -1.678403799511139738e+01 -7.423897585309395808e-01 -6.511206268843700684e+00 -6.564302729989814900e+00 -1.678403799511139738e+01 -6.564302729989814900e+00 -1.761160721014746500e+01
1.357192917961486955e+01 -1.057007999012616928e+01 6.293069443254247775e-01 -1.057007999012616928e+01 1.838830474933655168e+01 -3.502997106554104789e+00 6.293069443254247775e-01 -3.502997106554104789e+00 -2.786502192369327346e+01
-7.255941550733825629e+00 -3.979079303537516044e+00 8.279765840302488300e+00 -3.979079303537516044e+00 1.190520515141685465e+01 -5.043935568628235444e+00 8.279765840302488300e+00 -5.043935568628235444e+00 3.281626129100141842e+00
-1.456821681165344273e+01 1.226065232437231600e+01 7.291041424287215911e+00 1.226065232437231600e+01 -4.047683045170062499e+00 5.875091468416351326e+00 7.291041424287215911e+00 5.875091468416351326e+00 -3.070363753829175479e+01
-2.620754062800937145e+00 2.628248072195613627e+00 4.497600436416927749e+00 2.628248072195613627e+00 -1.645377632874984641e+01 -1.932203065654024998e+00 4.497600436416927749e+00 -1.932203065654024998e+00 -2.130724323393133801e+01
6.435131011708610060e+01 -8.177586085061227195e+00 3.767975529355171549e+00 -8.177586085061227195e+00 4.797436621506386700e+01 3.514708232665896492e+00 3.767975529355171549e+00 3.514708232665896492e+00 2.550359869625110676e+01
2.285545400060787813e+01 1.006382763622245946e+01 6.690793100109082125e+00 1.006382763622245946e+01 8.049287782809534164e+00 -2.907588436819335431e+00 6.690793100109082125e+00 -2.907588436819335431e+00 -1.783445077006048862e+01
1.702477012076439777e+01 4.553140101888227598e+00 -1.952834690620889102e+00 4.553140101888227598e+00 1.649607702886010685e+01 1.511385653442406607e+00 -1.952834690620889102e+00 1.511385653442406607e+00 -5.914362245893268977e+01
3.613237327777900987e+01 -6.306189375013515175e+00 -1.503972408487598500e+01 -6.306189375013515175e+00 2.952312939724706098e+01 5.203764864494184739e-01 -1.503972408487598500e+01 5.203764864494184739e-01 -5.867646014192699155e+00
1.611989407126518259e+01 1.565498704592191981e+00 7.878488847265628259e+00 1.565498704592191981e+00 1.113018006125132153e+01 5.011262996147245019e+00 7.878488847265628259e+00 5.011262996147245019e+00 -7.863341238995569249e+00
4.967491708309754728e+00 1.167653428358814693e+00 -4.315608011633495167e+00 1.167653428358814693e+00 5.512779962643701737e+00 -1.739793045939656579e+01 -4.315608011633495167e+00 -1.739793045939656579e+01 -5.785426887774907811e+01
-1.178148627282598859e+01 1.535594268519722760e+01 -1.175526056935715796e-01 1.535594268519722760e+01 -4.546408407559860088e+00 -9.798204241516213386e+00 -1.175526056935715796e-01 -9.798204241516213386e+00 -3.408109496194160926e+01
-1.774551212577271286e+01 -8.463872489682453093e+00 7.892618837564544521e+00 -8.463872489682453093e+00 -9.763988652998989437e+00 5.250858687906132971e+00 7.892618837564544521e+00 5.250858687906132971e+00 -5.354390789051085164e+01
-1.937185985971141733e+01 -5.353608146000153889e-01 1.051428865767608123e+01 -5.353608146000153889e-01 -2.008858450347649693e+01 -1.726395886365116183e+01 1.051428865767608123e+01 -1.726395886365116183e+01 -1.714491671691578034e+01
-2.063034384678739031e+01 -1.615473231181459468e+01 1.113384738568607446e+01 -1.615473231181459468e+01 -3.654516635497334676e+01 -1.027253767004451213e+01 1.113384738568607446e+01 -1.027253767004451213e+01 -2.366063576751498587e+01
-3.672880242404272622e+01 8.843079337781649230e+00 4.456611602032796604e+00 8.843079337781649230e+00 -2.023723881116776369e+01 4.090222450381115316e+00 4.456611602032796604e+00 4.090222450381115316e+00 -3.887991729643268002e+01
1.003814626970900825e+01 1.054518356982551364e+00 7.025868090201508487e+00 1.054518356982551364e+00 -1.860100861704715314e+01 -5.377178638530241805e+00 7.025868090201508487e+00 -5.377178638530241805e+00 -3.198011895136454541e+01
3.312254642742618671e+01 -1.647839741222746124e+00 3.084252907396741517e+00 -1.647839741222746124e+00 3.514465423410884881e+01 3.443845597102151768e+00 3.084252907396741517e+00 3.443845597102151768e+00 3.694961377716524709e+01
-2.476415067990803465e+01 -3.246321015841349578e+00 -6.009404740953627311e+00 -3.246321015841349578e+00 -2.687846608857890018e+01 -7.166067739004626791e-01 -6.009404740953627311e+00 -7.166067739004626791e-01 -2.269288660000925972e+01
-1.251638308219457052e+01 -1.419640328097973914e+01 2.664672760958027631e+00 -1.419640328097973914e+01 6.698333466519573065e+00 -4.084200872272130134e+00 2.664672760958027631e+00 -4.084200872272130134e+00 -3.057246843976698436e+00
-5.872609668696816954e+01 -1.339282903559230675e+01 1.097250062795152203e+01 -1.339282903559230675e+01 -4.817789885052666676e+01 -1.195600990832849497e+01 1.097250062795152203e+01 -1.195600990832849497e+01 -1.569399574352149429e+01
-1.624096502209663839e+01 -1.014276004028406319e+01 -4.580497459436434937e+00 -1.014276004028406319e+01 -1.145787772490716527e+01 8.210932651715586061e+00 -4.580497459436434937e+00 8.210932651715586061e+00 -1.727227073911510402e+01
1.097644307805186875e-01 7.780422099894845012e+00 6.239704120304764068e+00 7.780422099894845012e+00 -1.346409130651451314e+01 -1.323199991962375677e+01 6.239704120304764068e+00 -1.323199991962375677e+01 -4.336582294018808170e+01
3.048965773445146965e+01 -4.163080324350303396e-01 1.265742616332908987e+01 -4.163080324350303396e-01 3.471925315567622050e+01 1.412423634932390826e+01 1.265742616332908987e+01 1.412423634932390826e+01 7.910882350903774007e-01
9.031202155768294659e+00 -8.283582741070041777e+00 -1.034040932354728248e+01 -8.283582741070041777e+00 -1.365630986829949656e+01 7.131230638773700115e+00 -1.034040932354728248e+01 7.131230638773700115e+00 -3.094964437564495441e+01
1.979055042200798198e+01 -7.317896125479147251e+00 -9.694041580438886641e+00 -7.317896125479147251e+00 2.064529219009774508e+01 -3.102068041692938039e+00 -9.694041580438886641e+00 -3.102068041692938039e+00 -3.384794015492791175e+01
8.720930003675308129e+00 2.520208993620909510e+01 8.168091670233023294e+00 2.520208993620909510e+01 -6.114060266282508316e+00 -4.788544879208803451e+00 8.168091670233023294e+00 -4.788544879208803451e+00 -1.569634917551291764e+01
6.284101367626067081e-01 1.233768124678283407e+01 -9.407210737401838774e-01 1.233768124678283407e+01 -2.101147860802601386e+01 -1.371365377887403758e+00 -9.407210737401838774e-01 -1.371365377887403758e+00 -5.490225323237934774e+00
-9.294250857976589231e+00 -2.909613907145519818e+00 1.126265943471188891e+01 -2.909613907145519818e+00 -3.125492747839388574e+00 -7.662072759028783153e+00 1.126265943471188891e+01 -7.662072759028783153e+00 -5.317240276775461894e+01
2.540012885653499453e+01 -1.250167010096084041e+01 2.922700708066735542e-01 -1.250167010096084041e+01 1.724178732402886638e+01 8.421476700990753628e+00 2.922700708066735542e-01 8.421476700990753628e+00 -1.660382642241637541e+01
-5.327303090091135118e+00 5.912545443841612958e+00 -1.929242127167092491e+01 5.912545443841612958e+00 -1.655245631021677610e+01 1.035447069087895144e+01 -1.929242127167092491e+01 1.035447069087895144e+01 -1.817556260850638949e+01
-8.176858894917856446e+00 -2.376981662908540294e+00 -1.333537257200467563e+00 -2.376981662908540294e+00 -2.519768460732967341e+01 -1.213364927549149463e+01 -1.333537257200467563e+00 -1.213364927549149463e+01 -2.730628823320147092e+01
1.677522626710846154e+01 -1.664748590174900045e+01 3.249551069012587057e+00 -1.664748590174900045e+01 -5.496832663558642196e+00 -1.157716408558888865e+01 3.249551069012587057e+00 -1.157716408558888865e+01 -2.990745888412119413e+01
4.953746426296279370e-01 -1.947439571928106572e+00 -5.950806081225747057e+00 -1.947439571928106572e+00 -6.224531645068659413e-01 -3.963237940777525115e+00 -5.950806081225747057e+00 -3.963237940777525115e+00 -1.354314399345313724e+01
2.111610640106510672e+01 6.184745099377837452e-01 -5.583562869724762123e+00 6.184745099377837452e-01 2.637461254617326389e+00 2.274153836478783663e+00 -5.583562869724762123e+00 2.274153836478783663e+00 -3.042856444157974138e+01
-1.781751982404549040e+01 -5.192725511983657505e+00 1.030650756179188754e+01 -5.192725511983657505e+00 -1.701190618192073956e+01 -2.244704130315036394e+01 1.030650756179188754e+01 -2.244704130315036394e+01 -5.999009531454703392e+01
3.513999079061463959e+01 -1.697355038435569696e+01 2.856742285439623608e+00 -1.697355038435569696e+01 2.191497339715201420e+01 -1.450432212582182245e+01 2.856742285439623608e+00 -1.450432212582182245e+01 2.287645605574501673e+01
4.174125824147957786e+01 2.527440796246625876e+00 5.110839464809596500e+00 2.527440796246625876e+00 5.199433632334062594e+01 -4.346156896180971785e+00 5.110839464809596500e+00 -4.346156896180971785e+00 3.858501600372570284e+00
8.042959691252844934e+00 1.579124116403396172e-01 -4.206232178755048956e+00 1.579124116403396172e-01 -1.672100465120112744e+01 -9.337887742430332594e+00 -4.206232178755048956e+00 -9.337887742430332594e+00 2.075932605675828668e+01
9.216626340090732228e+00 5.715873203448460060e+00 7.339731285776339043e+00 5.715873203448460060e+00 6.294632448150085935e+00 2.084789155234889790e+01 7.339731285776339043e+00 2.084789155234889790e+01 1.450653133935595385e+01
3.672115753411927130e+01 -5.779765908055025214e+00 -3.001676628919093481e+00 -5.779765908055025214e+00 2.520359208993815159e+01 -1.403583187835285351e+01 -3.001676628919093481e+00 -1.403583187835285351e+01 -4.974823729963824803e+01
8.717776044601070140e+00 -1.070885794506548372e+01 1.516651463347741480e+00 -1.070885794506548372e+01 3.763206328432522341e+00 -7.472662651078834095e+00 1.516651463347741480e+00 -7.472662651078834095e+00 -1.125322471234282773e+01
-1.357544539647564719e+01 3.474039885332749655e+00 2.910128464254152192e+01 3.474039885332749655e+00 -1.431266385469585067e+01 3.951392980720395354e+00 2.910128464254152192e+01 3.951392980720395354e+00 -5.807801966769603297e+01
5.627572013463662159e+01 -7.386347187435234218e+00 -1.335086967621498744e+01 -7.386347187435234218e+00 4.555383644831561440e+01 -4.498044717661858982e+00 -1.335086967621498744e+01 -4.498044717661858982e+00 1.795386230112266901e+01
-2.358759075725740573e+01 -5.917402297868673555e-01 1.078132494321830492e+01 -5.917402297868673555e-01 -2.851860398749712999e+01 9.231271865729130610e+00 1.078132494321830492e+01 9.231271865729130610e+00 -2.402336532569625405e+01
2.225513040556893074e+01 -1.591246012761755502e+01 2.329139034827756749e+00 -1.591246012761755502e+01 1.689235107554679871e+01 1.365599327183354106e+01 2.329139034827756749e+00 1.365599327183354106e+01 -2.153766836475106672e+01
-2.681267482703247396e+01 6.713530945329784672e+00 6.045204270977217575e+00 6.713530945329784672e+00 -2.000232429662890965e+01 3.910547207575858053e+00 6.045204270977217575e+00 3.910547207575858053e+00 -2.864063117929531899e+01
3.468987060337278194e+01 -1.526320255319045849e+01 -1.907979792094681715e+00 -1.526320255319045849e+01 2.153238322407118588e+01 5.457860607267157604e+00 -1.907979792094681715e+00 5.457860607267157604e+00 -1.083018490116833199e+01
2.564894656522837124e+01 5.964140653640093603e+00 8.841008105561497743e+00 5.964140653640093603e+00 8.775832291248644168e+00 -5.946480110406933584e+00 8.841008105561497743e+00 -5.946480110406933584e+00 -2.556468755281079197e+01
1.786341397872151404e+01 3.362160795667305191e+00 -1.687943951513929952e-01 3.362160795667305191e+00 2.445546508556049403e+01 -1.177293456613431566e+01 -1.687943951513929952e-01 -1.177293456613431566e+01 -4.297376713977353546e+01
-2.153179605578922917e+01 1.483874957882118872e+00 -1.103611620191070397e+00 1.483874957882118872e+00 -2.207308898247638496e+01 -4.225308155232935015e+00 -1.103611620191070397e+00 -4.225308155232935015e+00 -2.377602493369446179e+01
-2.346616063028325527e+01 -4.493389769464871009e+00 6.943827073514569292e+00 -4.493389769464871009e+00 -2.223505692703800918e+01 1.183319826244953887e+01 6.943827073514569292e+00 1.183319826244953887e+01 -2.879864410204432090e+01
8.011962923075550691e+00 2.549396893521810625e+01 -8.813222049494436661e+00 2.549396893521810625e+01 -1.532724167734420284e+01 -1.385944414297267890e+01 -8.813222049494436661e+00 -1.385944414297267890e+01 -4.193650147608178003e+01
1.676807812270756060e+01 -6.509796080912233052e+00 -8.796768295637320989e+00 -6.509796080912233052e+00 -1.058888075243011073e+01 1.231763845620355902e+00 -8.796768295637320989e+00 1.231763845620355902e+00 -4.539709006884604037e+01
-2.667140725035991977e+01 1.047250508202137453e+01 -8.329799349669715358e-01 1.047250508202137453e+01 -3.774242804281659147e+01 9.187744103283709052e+00 -8.329799349669715358e-01 9.187744103283709052e+00 -4.371143400757883057e+01
-3.080345054531375837e+01 -4.585264696683316821e+00 -9.252197032893548112e+00 -4.585264696683316821e+00 -1.650083214918753782e+01 -1.794668324203020404e+01 -9.252197032893548112e+00 -1.794668324203020404e+01 -4.835628343646423133e+01
3.580063072983950878e+00 1.051655682815386683e+01 -7.399741157038694617e+00 1.051655682815386683e+01 -1.508110105500513320e+01 -4.918274854215746172e-01 -7.399741157038694617e+00 -4.918274854215746172e-01 -4.954914974634388614e+01
-1.648878018718257010e+00 -1.445743709545299538e+01 2.353398626716057596e+00 -1.445743709545299538e+01 -1.416551127325489823e+01 -3.027453555970297749e+00 2.353398626716057596e+00 -3.027453555970297749e+00 -2.642667458583562734e+01
-1.702306008676054860e+00 -8.633243958475248503e-01 -2.888276504793627075e-01 -8.633243958475248503e-01 -1.600339778835997606e+01 3.391426637638482955e+00 -2.888276504793627075e-01 3.391426637638482955e+00 -3.025518924957552613e+01
2.056024136876054698e+01 2.648909554371138508e+00 9.948134290367329768e-01 2.648909554371138508e+00 1.457269323005113693e+00 7.908651114744619903e+00 9.948134290367329768e-01 7.908651114744619903e+00 -3.996998253451078398e+01
3.983768519982150735e+01 -9.336864917310940370e+00 -6.488361372905663060e+00 -9.336864917310940370e+00 1.409866137666030639e+01 -7.528775538755259511e+00 -6.488361372905663060e+00 -7.528775538755259511e+00 -4.691780501979268436e+00
9.170844338262252649e+00 2.104233571875172570e-01 3.516679426291092092e+00 2.104233571875172570e-01 -1.240194522156927803e+01 3.903332345123154745e+00 3.516679426291092092e+00 3.903332345123154745e+00 -2.091546076018226330e+01
