3.402060213457234994e+01 -5.078614131984510394e+00 -1.198707790908328796e+00 -5.078614131984510394e+00 4.031158025635132702e+01 3.580307023743163342e+00 -1.198707790908328796e+00 3.580307023743163342e+00 1.307293135843032239e+01
2.420441491068284279e+01 -3.490058063602883287e+00 7.555324868352591983e-01 -3.490058063602883287e+00 2.691175855004565776e+01 -1.032525498527775554e+01 7.555324868352591983e-01 -1.032525498527775554e+01 4.067040699585253272e+00
-2.253452481416200914e+00 -5.955587882897257046e+00 -7.365689260069939515e+00 -5.955587882897257046e+00 -1.273886580500814425e+01 -3.304532888026725956e+00 -7.365689260069939515e+00 -3.304532888026725956e+00 7.116928793039828172e+00
-1.986957309783922554e+01 1.675426500130898688e+01 -5.354457606576565887e+00 1.675426500130898688e+01 -3.464268194193989103e+01 -1.526547069632331333e+00 -5.354457606576565887e+00 -1.526547069632331333e+00 2.535496962302917545e+00
-1.891386146945064795e+00 -6.171870874004152796e+00 3.960673066809460074e+00 -6.171870874004152796e+00 -7.456453707654422836e+00 -1.644017973707055269e+00 3.960673066809460074e+00 -1.644017973707055269e+00 1.292817596318314699e+01
-2.312302885803983798e+01 -4.054787523930442283e+00 1.596210091532767628e+01 -4.054787523930442283e+00 -1.666333844801250663e+01 -3.451352286146508241e+00 1.596210091532767628e+01 -3.451352286146508241e+00 7.067421636465791579e+00
2.533495209180551910e+01 -8.988277268635274098e+00 -3.488955236964327966e+00 -8.988277268635274098e+00 2.323073071531308287e+01 -1.908557851168333652e+00 -3.488955236964327966e+00 -1.908557851168333652e+00 -1.443837178705372359e+01
4.920668362646975602e+00 -6.169578554460628972e+00 4.933075257678632752e+00 -6.169578554460628972e+00 1.744399786279691167e+00 4.839268372619936365e+00 4.933075257678632752e+00 4.839268372619936365e+00 1.764579094152191052e+00
2.629723798660677403e+00 7.799383838758495280e+00 -8.831562215812201799e+00 7.799383838758495280e+00 -5.329895660769163435e+00 1.839660742438396390e+00 -8.831562215812201799e+00 1.839660742438396390e+00 6.045016458014970340e+00
2.023947309041106379e+01 3.448064625528047600e+00 2.966344058280173002e+00 3.448064625528047600e+00 1.336137040816410781e+01 -5.598781328977448624e+00 2.966344058280173002e+00 -5.598781328977448624e+00 6.634594235757928615e+00
-4.412683729232735330e-01 7.567845649957402721e+00 2.179107284291807167e-01 7.567845649957402721e+00 -3.978866519336932583e+00 -1.355671282041191361e+01 2.179107284291807167e-01 -1.355671282041191361e+01 -3.700821564864460456e+00
-1.778098498965458063e+01 4.103592963744904232e+00 -3.813761573967854535e+00 4.103592963744904232e+00 -1.185620486933489381e+01 -1.686838698287700389e+00 -3.813761573967854535e+00 -1.686838698287700389e+00 -2.284181848111165181e+01
-5.810950617987653555e-01 1.526564876420561490e+01 -7.762190198097743021e+00 1.526564876420561490e+01 -1.774549682244984106e-01 1.266948244123068790e+01 -7.762190198097743021e+00 1.266948244123068790e+01 -2.615713526031117286e+00
5.135575225737230909e+01 4.308927197246301688e+00 -1.048873076826089878e+01 4.308927197246301688e+00 4.807649789814946217e+01 -1.367237687171435390e+01 -1.048873076826089878e+01 -1.367237687171435390e+01 4.265807430579361181e+01
1.310383664290761452e+01 4.788660489099033413e+00 4.014219919626308197e+00 4.788660489099033413e+00 5.573862093378721738e+00 -1.347375487167983721e+00 4.014219919626308197e+00 -1.347375487167983721e+00 6.411398673389434144e+00
1.876173228954585159e+00 -6.444992638612304425e+00 1.346379690160544484e+01 -6.444992638612304425e+00 4.766021427034426772e+00 -3.253570994917980297e+00 1.346379690160544484e+01 -3.253570994917980297e+00 -3.976661164269277293e+00
3.870643200620597213e+01 -7.197728586448547405e-01 1.242540725052671569e+01 -7.197728586448547405e-01 3.927013490743136259e+01 -1.782759959210474676e+01 1.242540725052671569e+01 -1.782759959210474676e+01 3.743046070200612263e+01
-9.369607024563232633e-02 -1.654804409672786303e+00 -9.472662240790974408e+00 -1.654804409672786303e+00 -5.065745860255354671e+00 -5.231469694810394699e+00 -9.472662240790974408e+00 -5.231469694810394699e+00 -7.874312590227856568e+00
2.290996512013566289e+01 2.304439706834187529e+00 1.297511104435170592e+00 2.304439706834187529e+00 2.699961802313353942e+01 4.591782784172153242e+00 1.297511104435170592e+00 4.591782784172153242e+00 3.711810702309171717e+01
1.923368946245402711e+01 5.475936645515355750e-01 9.724282270426657604e+00 5.475936645515355750e-01 1.931606550670851874e+01 6.804005192320698114e+00 9.724282270426657604e+00 6.804005192320698114e+00 4.520828090740218741e+00
-2.577154734399474734e+00 3.535496540881117866e+00 -6.235086704589051010e+00 3.535496540881117866e+00 7.187181805493732867e+00 3.780429866553805862e+00 -6.235086704589051010e+00 3.780429866553805862e+00 -3.477513231558959639e+00
-1.637398513544298950e+01 1.204904474144630555e+01 -9.850052831784433138e+00 1.204904474144630555e+01 -2.116634048306275773e+01 -2.432681895231715921e-02 -9.850052831784433138e+00 -2.432681895231715921e-02 -2.743374623599174456e+01
3.882477917079090446e+01 9.305552260769932360e+00 -4.161529044345823714e+00 9.305552260769932360e+00 3.740186299354829913e+01 -9.477031664069357930e+00 -4.161529044345823714e+00 -9.477031664069357930e+00 1.642494483165809882e+01
3.955359644177008249e+01 1.478308246217522992e+00 -1.175826379213660955e+00 1.478308246217522992e+00 4.813332619765931497e+01 2.296360374136293458e+00 -1.175826379213660955e+00 2.296360374136293458e+00 1.965894376269061894e+01
-2.141490911860303115e+01 3.691977636034171173e+00 1.575178419892533377e+01 3.691977636034171173e+00 -3.595732324609868868e+01 4.545511912333551230e+00 1.575178419892533377e+01 4.545511912333551230e+00 -8.356263383604783934e-01
2.365314848144127424e+01 7.011767690587658919e+00 1.145680320533735141e+00 7.011767690587658919e+00 2.291447719873140798e+01 7.226697083809521693e+00 1.145680320533735141e+00 7.226697083809521693e+00 2.180167081491219960e+01
-7.210130537055953859e+00 6.081764789812800220e-01 -8.026708730350562426e-02 6.081764789812800220e-01 -1.874152559072945579e+01 4.883508688985985557e+00 -8.026708730350562426e-02 4.883508688985985557e+00 -5.163770671573105098e+00
2.098154755216199518e+01 -8.114747319543130999e+00 5.461902246709590791e+00 -8.114747319543130999e+00 2.000458899230588372e+01 -1.886739182983728780e+00 5.461902246709590791e+00 -1.886739182983728780e+00 2.290501677873136899e+01
1.774025528052391820e+01 1.135791166203385671e+01 3.686622768517624937e+00 1.135791166203385671e+01 2.558154231042819404e+01 2.168842783452378242e+00 3.686622768517624937e+00 2.168842783452378242e+00 1.056287656735120173e+01
2.177433299209017292e+01 7.310293897802473406e-01 2.655682037957753039e+00 7.310293897802473406e-01 1.955692041374880574e+01 -1.108120537194188415e+01 2.655682037957753039e+00 -1.108120537194188415e+01 4.717843034743343544e+00
2.221563736715656390e+01 7.628308697540918892e+00 -3.307844747254250706e+00 7.628308697540918892e+00 2.875693790811778427e+01 1.550268525557089916e+01 -3.307844747254250706e+00 1.550268525557089916e+01 8.706951941016173535e+00
-1.855932333872100326e+00 4.742432950583910234e+00 -1.436606078201805081e+00 4.742432950583910234e+00 3.112037957346181383e+00 4.750366663607549889e+00 -1.436606078201805081e+00 4.750366663607549889e+00 8.076682740111440495e+00
-2.112151968807693958e+00 4.540992172466867594e+00 -3.796333855399525614e+00 4.540992172466867594e+00 8.588442301853124405e+00 -1.971544751578647059e+00 -3.796333855399525614e+00 -1.971544751578647059e+00 8.641941104204471813e+00
5.513556993394504246e+01 5.567867507410188210e+00 3.848401430319329464e+00 5.567867507410188210e+00 5.598590351809576049e+01 3.357500879582917541e+00 3.848401430319329464e+00 3.357500879582917541e+00 4.144460260523928952e+01
3.475921183785934687e+01 1.526936156422947199e+01 7.689448088293196371e+00 1.526936156422947199e+01 3.842401891755510945e+01 -2.159814399373710891e+00 7.689448088293196371e+00 -2.159814399373710891e+00 3.228433173656268451e+01
3.276843851617968095e+00 5.166675553751266747e+00 2.812322153949619596e-01 5.166675553751266747e+00 1.026645733705478847e+01 -5.488314142230858117e+00 2.812322153949619596e-01 -5.488314142230858117e+00 2.190171501526159137e+00
-1.165269876540417293e+01 1.126844011749334307e+01 5.307648176048492594e+00 1.126844011749334307e+01 -1.751854182286801986e+01 3.357066633066901229e+00 5.307648176048492594e+00 3.357066633066901229e+00 2.765579160834076511e+00
3.197893578869706843e+01 7.682302434169594463e-01 -1.362073737984781019e+01 7.682302434169594463e-01 3.182769594981775541e+01 -1.334825182207894034e+00 -1.362073737984781019e+01 -1.334825182207894034e+00 2.595639706335937902e+01
-6.708016014203110444e+00 1.645779158364774286e+00 6.274583786799691865e+00 1.645779158364774286e+00 -3.900518486110696514e+00 2.026587406926730617e-01 6.274583786799691865e+00 2.026587406926730617e-01 -1.311166203572159006e+01
-4.449864068020496499e-01 -1.084977039394111387e+00 -3.010585413348778161e+00 -1.084977039394111387e+00 -2.519614697845788953e+00 -2.251219570292108507e+00 -3.010585413348778161e+00 -2.251219570292108507e+00 1.784901057787526568e+01
-2.476570981113974312e+01 -1.717753702246981318e+00 3.156449262990753457e+00 -1.717753702246981318e+00 -2.423118190749445588e+01 8.385434865039356200e-01 3.156449262990753457e+00 8.385434865039356200e-01 -2.028213655493120982e+01
-1.130194823948575156e+01 8.540000492061423643e+00 -5.317938471607686068e-01 8.540000492061423643e+00 -9.944261653254541145e+00 -3.189610722346996941e+00 -5.317938471607686068e-01 -3.189610722346996941e+00 1.594340301352818479e+01
-1.001519339698919531e+01 6.060210887785667744e+00 4.783643026120143915e+00 6.060210887785667744e+00 -1.471610220783010625e+01 5.387391996728248422e+00 4.783643026120143915e+00 5.387391996728248422e+00 -2.870030633228289663e+00
2.698358607879794846e+01 -3.342790408140678071e+00 -1.963514891984803334e+00 -3.342790408140678071e+00 2.345223033113172662e+01 6.364904358198359091e+00 -1.963514891984803334e+00 6.364904358198359091e+00 2.495797841165833830e+01
1.552656076536310792e+01 -3.760474852588591599e+00 -1.900822323235783928e+00 -3.760474852588591599e+00 1.882009685316804593e+01 3.366845013197020897e+00 -1.900822323235783928e+00 3.366845013197020897e+00 5.350907958029009315e+00
4.377262808110393166e+01 1.662367655222158191e+01 -5.646820638143225324e+00 1.662367655222158191e+01 4.123972003258182184e+01 -2.371722076355086362e+00 -5.646820638143225324e+00 -2.371722076355086362e+00 2.310389720772801425e+01
-1.418251717538547396e+01 7.040877603484463343e+00 -4.992524200853339367e-01 7.040877603484463343e+00 -1.476189849378061147e+01 -4.180049447959272690e+00 -4.992524200853339367e-01 -4.180049447959272690e+00 7.761040319324933989e+00
-9.994535739238925132e+00 4.930506104462419437e+00 2.209624461152581154e-01 4.930506104462419437e+00 -1.092770810949401117e+01 -8.489851169455416846e-01 2.209624461152581154e-01 -8.489851169455416846e-01 -8.700969635227600918e+00
-5.898166436933523826e+00 -5.758245670081399759e+00 -1.114527156227339333e+00 -5.758245670081399759e+00 -1.131371939228892920e+01 9.031158612129113195e+00 -1.114527156227339333e+00 9.031158612129113195e+00 -2.474148230891740852e+00
2.180570774519693344e+01 -6.957482839694885790e+00 -8.704883668366174554e-01 -6.957482839694885790e+00 2.271058549413912075e+01 -3.212718773321445592e-02 -8.704883668366174554e-01 -3.212718773321445592e-02 5.046136690085799792e+00
