1.772363680675099573e+01 -1.083335671512974763e+01 -8.375807800512184542e+00 -1.083335671512974763e+01 7.877759208962030080e+00 -9.392725558404384500e+00 -8.375807800512184542e+00 -9.392725558404384500e+00 -3.497331500105704816e+00
-2.100466430914075033e+01 1.295836922204706987e+01 4.774025025837882019e+00 1.295836922204706987e+01 -3.402595634712225259e+00 9.086856065027374640e+00 4.774025025837882019e+00 9.086856065027374640e+00 -2.377964630891198894e+01
1.768920307551158899e+01 9.216407578473743811e+00 -9.675703197428719093e+00 9.216407578473743811e+00 4.049160607235165088e+01 2.024444988658492051e+01 -9.675703197428719093e+00 2.024444988658492051e+01 4.362687481744361406e+01
-1.792106901818529252e+01 1.738010854255371274e-01 -9.639863032797021392e-01 1.738010854255371274e-01 1.341977162317292027e+00 3.705862304116017025e+00 -9.639863032797021392e-01 3.705862304116017025e+00 -1.495318165606430938e+01
4.559550668748263291e+01 4.035375129266325800e+00 1.420492406617703907e+01 4.035375129266325800e+00 3.492681931808292717e+01 7.515956985724494110e+00 1.420492406617703907e+01 7.515956985724494110e+00 4.273431378481151910e+01
-2.276310754146642523e+01 1.587224208404400194e+01 8.887772721258244690e-01 1.587224208404400194e+01 -1.540558767405408780e+01 -1.202708877880655791e+01 8.887772721258244690e-01 -1.202708877880655791e+01 -1.079386379198748536e+01
-3.263028772799872002e+01 -1.313732818727695495e+01 1.699945031675071760e+01 -1.313732818727695495e+01 -2.702136282073927021e+01 1.093549778499735581e+01 1.699945031675071760e+01 1.093549778499735581e+01 -3.450498739191005626e+01
-1.028078503064131066e+00 -1.001508046039016264e+01 7.719777818721456519e+00 -1.001508046039016264e+01 -1.093521648178976235e+01 -2.180749232112519476e+00 7.719777818721456519e+00 -2.180749232112519476e+00 -3.299688385731148532e+00
1.400077715407257806e+01 -6.633872932550360701e+00 -1.323164213089900443e+01 -6.633872932550360701e+00 -1.880879784287873946e+01 -9.416341477410167471e+00 -1.323164213089900443e+01 -9.416341477410167471e+00 1.626079203901750247e+01
-9.182007396280283729e+00 5.952448836923450060e+00 -5.964707173669758333e+00 5.952448836923450060e+00 -1.604863470608687948e+01 1.047320200204133833e+01 -5.964707173669758333e+00 1.047320200204133833e+01 1.435453401330565626e+01
5.881926358054501591e+00 -2.133839451727748138e-02 3.358058407194491668e+00 -2.133839451727748138e-02 9.966535495354256202e-01 -5.115096098128904423e+00 3.358058407194491668e+00 -5.115096098128904423e+00 6.637857451087538330e+00
-2.507574036424763619e+00 9.420667138090419002e+00 8.756344360655559100e+00 9.420667138090419002e+00 5.770085892897523827e+00 1.690572318634766802e+01 8.756344360655559100e+00 1.690572318634766802e+01 6.751098416478528819e+00
-2.091734504133020423e+01 -3.513619135410837591e-01 3.038593123945287022e+00 -3.513619135410837591e-01 -1.709660167452262902e+00 1.602030222481864641e+01 3.038593123945287022e+00 1.602030222481864641e+01 -3.503169789145167101e+01
-4.481340417932990050e+01 -4.400142350377569400e+00 5.352113359153256589e-01 -4.400142350377569400e+00 5.315701175367826714e+00 -1.329796467280455730e+01 5.352113359153256589e-01 -1.329796467280455730e+01 -1.977072820654798591e+01
-3.270902364133056039e+01 1.576689120359210783e+01 -1.782466112794821811e+00 1.576689120359210783e+01 -5.307053915809611055e+01 -4.613365913191239898e+00 -1.782466112794821811e+00 -4.613365913191239898e+00 -3.147963095679696366e+01
8.700502666045665023e+00 -5.075109692374643600e-02 1.235072406254305477e+01 -5.075109692374643600e-02 1.592205548291348194e+01 -5.050842246465690799e+00 1.235072406254305477e+01 -5.050842246465690799e+00 2.654383483469892724e+01
-1.837274081876314824e+01 2.129990993427051293e+01 4.689116751459442844e-01 2.129990993427051293e+01 -1.960542195504215046e+00 4.342647434444265458e-02 4.689116751459442844e-01 4.342647434444265458e-02 -1.225895296548387670e+01
4.246491425248000162e+00 1.222375500544455740e+01 -1.067794450178358900e+01 1.222375500544455740e+01 -1.297723479578404948e+01 -7.080527248894492587e+00 -1.067794450178358900e+01 -7.080527248894492587e+00 3.055858198071286935e+01
2.213889470322158459e+01 6.689213466516623185e+00 -2.017590284935051770e+00 6.689213466516623185e+00 1.601282998301892846e+01 1.743571713612515239e+01 -2.017590284935051770e+00 1.743571713612515239e+01 3.211359535382574126e+00
6.642342143249225783e-01 -1.346406143145965961e+00 2.458264277361875763e-02 -1.346406143145965961e+00 -1.025546622041522937e+01 -9.140044967901332029e+00 2.458264277361875763e-02 -9.140044967901332029e+00 1.402535313528021277e+01
3.406149386536975499e+01 -1.802181070310906463e+01 7.869241452362524925e+00 -1.802181070310906463e+01 -3.356581373778848132e+00 4.183667906406665971e+00 7.869241452362524925e+00 4.183667906406665971e+00 4.201999840146103082e+01
-2.278989489566352944e+01 -1.252335175230589792e+00 9.237538323148248409e+00 -1.252335175230589792e+00 -2.958216786717794378e+01 -4.812831232770524714e-01 9.237538323148248409e+00 -4.812831232770524714e-01 -1.101625762596071745e+01
-6.509652530275964466e+01 -1.915679375939947970e+00 1.455556403520490427e+01 -1.915679375939947970e+00 -4.705679053077726337e+01 -3.050520324698892782e+00 1.455556403520490427e+01 -3.050520324698892782e+00 -6.069662562173185449e+01
2.595937084302191167e+01 -1.020662969855528956e+01 -8.075825357949867112e+00 -1.020662969855528956e+01 -1.635323593973282286e+01 -1.883724931313275164e+01 -8.075825357949867112e+00 -1.883724931313275164e+01 6.081221158619228184e+00
3.611051658083621163e+01 1.453901843644764469e+01 1.375496923289503037e+01 1.453901843644764469e+01 2.886335503335016028e+01 -1.266972471418817925e+01 1.375496923289503037e+01 -1.266972471418817925e+01 5.424690123524439400e+01
-5.432314801485339295e+00 7.148179833786982407e+00 -3.751131723319071742e+00 7.148179833786982407e+00 -4.846061459166871543e+01 4.408551942552407787e+00 -3.751131723319071742e+00 4.408551942552407787e+00 1.889183458366869672e+01
-1.440339620318137781e+00 -1.836807866605188266e+01 -1.601841296293327055e+00 -1.836807866605188266e+01 -3.744185531252716714e+01 1.476955577108334339e+01 -1.601841296293327055e+00 1.476955577108334339e+01 -1.649408809323056335e+00
-2.180462203332144355e+01 -1.303849041942540232e+01 4.627780605827760851e+00 -1.303849041942540232e+01 -3.880701518189643195e+01 9.278195646442167543e+00 4.627780605827760851e+00 9.278195646442167543e+00 -1.137966600281265706e+01
-2.542101169235688829e+01 8.094519777235039015e+00 6.300921970739106648e+00 8.094519777235039015e+00 -7.783125039885583796e+00 -5.381444479432074601e+00 6.300921970739106648e+00 -5.381444479432074601e+00 -2.277940830843704134e+01
-1.706313461618463023e+01 5.308429618046334397e+00 -3.942051128326221399e+00 5.308429618046334397e+00 -2.772848901339359173e+01 -2.825576602763037459e-01 -3.942051128326221399e+00 -2.825576602763037459e-01 -7.134232165257491154e+00
1.984555722335904449e+01 -3.299627298553661880e+00 -7.614012931772070836e+00 -3.299627298553661880e+00 1.352802323410339902e+01 1.306341134155495887e+01 -7.614012931772070836e+00 1.306341134155495887e+01 2.806604827441190508e+01
1.986388557145036771e+01 4.670124416160346570e+00 -7.203763346311275129e+00 4.670124416160346570e+00 1.894601119438853232e+01 2.215718251967986774e+00 -7.203763346311275129e+00 2.215718251967986774e+00 1.663466085296979458e+01
-8.544210873464162859e+00 6.834884167038942415e+00 -1.216730051829746984e+01 6.834884167038942415e+00 -1.018312137872141676e+01 4.086179040108093297e+00 -1.216730051829746984e+01 4.086179040108093297e+00 -1.882470866676159371e+00
3.761234854659451510e-01 1.311566645097180306e+01 4.561864464003959618e+00 1.311566645097180306e+01 1.290739201181426310e+01 1.001334610935343122e-01 4.561864464003959618e+00 1.001334610935343122e-01 2.808114832004790173e+01
-2.532724986499861330e+00 -3.045303433926628056e+00 -1.249981282514216652e+01 -3.045303433926628056e+00 -1.457249260731214235e+01 5.205607806728092868e+00 -1.249981282514216652e+01 5.205607806728092868e+00 -9.129547624244036541e-01
1.188915604471798115e+00 8.416266729126967050e+00 -5.984242564149929722e-01 8.416266729126967050e+00 2.750124639491863832e+01 1.256201730724462884e+01 -5.984242564149929722e-01 1.256201730724462884e+01 -1.660176818086721795e+01
-2.666133884234632845e+01 3.002087961318140152e+00 -1.072097654289614965e+01 3.002087961318140152e+00 -7.586422644268981230e+01 -5.316780880051481972e+00 -1.072097654289614965e+01 -5.316780880051481972e+00 -2.226870352959493005e+01
-1.332589028639666395e+01 1.047717579760703011e+01 -1.082029622399528890e+01 1.047717579760703011e+01 1.592735905509145944e+01 6.914132739883924295e+00 -1.082029622399528890e+01 6.914132739883924295e+00 -3.018559173669737206e+01
-2.731288560503123719e+01 1.269533339795122284e+00 6.680168671627035870e+00 1.269533339795122284e+00 -7.845930215977022115e+00 1.230901168334613383e+00 6.680168671627035870e+00 1.230901168334613383e+00 -7.749238004422218218e+00
1.498138285778056833e+01 1.132838378136903579e+01 1.852497598039448334e+01 1.132838378136903579e+01 2.598967426973169381e+01 2.831762069158167416e-01 1.852497598039448334e+01 2.831762069158167416e-01 1.538583695270307494e+01
-2.603467135043619862e+01 -1.322300792215474363e+00 5.518140622438713727e+00 -1.322300792215474363e+00 9.475332870823551801e+00 -6.231570754600618267e-01 5.518140622438713727e+00 -6.231570754600618267e-01 -1.002306085896003118e+01
1.192270623967619692e+01 -1.349362203993866238e+01 -1.802363290948611141e+00 -1.349362203993866238e+01 3.751339851575447426e+01 2.428887508924162386e+00 -1.802363290948611141e+00 2.428887508924162386e+00 -2.042954109733681278e+01
-4.604387268393314514e+01 -2.169943316429149061e+00 7.328966098573086008e+00 -2.169943316429149061e+00 -4.372266075505858396e+01 -4.541979746516365601e+00 7.328966098573086008e+00 -4.541979746516365601e+00 -4.170293450967044890e+01
-3.407806310519361404e+01 1.383384009462318254e+01 1.414081198745279622e+01 1.383384009462318254e+01 1.286424547719991907e+01 4.375890481592331405e+00 1.414081198745279622e+01 4.375890481592331405e+00 -5.092015115938588821e+01
-1.743198425397783069e+01 -8.135597241481594466e+00 -2.763259411529813914e+00 -8.135597241481594466e+00 -6.158296733427279435e+01 1.440572343541287026e+01 -2.763259411529813914e+00 1.440572343541287026e+01 -8.946284298213234010e+00
1.395158505638959545e-01 -4.611460862569323638e+00 -6.045488993378200782e+00 -4.611460862569323638e+00 -1.446801826763982568e+01 -9.322788412511735956e+00 -6.045488993378200782e+00 -9.322788412511735956e+00 -1.855243275911491629e+00
-8.107151920583749671e+00 6.113112247368759911e-02 -1.005455276329079695e+01 6.113112247368759911e-02 -1.338222513028520666e+01 1.448578289701925748e+01 -1.005455276329079695e+01 1.448578289701925748e+01 1.965673949318794200e+01
-1.482431483115927229e+01 7.841252643038816306e-01 1.530674158105356675e+01 7.841252643038816306e-01 1.719375613810106840e+00 1.270872125432506383e+00 1.530674158105356675e+01 1.270872125432506383e+00 -2.478999471131742638e+01
-1.514291210130220833e+01 7.337990417078368743e+00 6.043339216868542252e+00 7.337990417078368743e+00 -7.842204900538486179e+00 3.064019862778024628e+00 6.043339216868542252e+00 3.064019862778024628e+00 -5.381915723796397266e+00
5.540727841910145202e+01 1.820600886146653608e+00 5.119548167264273530e+00 1.820600886146653608e+00 5.906500557596625356e+01 2.122130919733541177e+00 5.119548167264273530e+00 2.122130919733541177e+00 5.659393813279372409e+01
