2.990320423935310501e+01 -8.071473212921596030e+00 4.490516515306084422e+00 -8.071473212921596030e+00 -5.258792982340895428e+00 1.220512305487747007e+01 4.490516515306084422e+00 1.220512305487747007e+01 3.378195517024724381e+01
9.394361012370241681e+00 -1.621388276936724493e+00 -7.305896024437301683e+00 -1.621388276936724493e+00 2.903462975196673401e+00 -8.046079310114336636e+00 -7.305896024437301683e+00 -8.046079310114336636e+00 1.800518542260267552e+01
-4.367795131940225950e+00 1.080072329693339306e+01 -7.005954042776613377e+00 1.080072329693339306e+01 1.000118260500452383e+00 6.525769691834478969e+00 -7.005954042776613377e+00 6.525769691834478969e+00 -2.883623648895985525e+01
2.575601510304601405e+01 9.594098022060693509e+00 4.052938167075041065e+00 9.594098022060693509e+00 2.458868597735781236e+01 -5.099108275887908270e+00 4.052938167075041065e+00 -5.099108275887908270e+00 9.239353026963637916e+00
7.223064403483828499e+00 1.419984345178215435e+01 -1.715867720182426392e+00 1.419984345178215435e+01 1.318888017478596630e+01 -4.946729890979392863e+00 -1.715867720182426392e+00 -4.946729890979392863e+00 -4.258242561394980363e+00
6.172196264565581458e+01 -2.604339233130322784e-01 -8.939751409390170322e-02 -2.604339233130322784e-01 1.989001190770891014e+01 -1.040270327443409570e+01 -8.939751409390170322e-02 -1.040270327443409570e+01 6.639660197261527230e+01
1.886355624437956990e+01 -1.166927274186100227e+01 -9.351204360001821314e+00 -1.166927274186100227e+01 -4.620885602492786148e+01 4.895930276133752534e-01 -9.351204360001821314e+00 4.895930276133752534e-01 2.919726762418769184e+01
1.137628139250291825e+00 9.407870553006626446e-01 -2.424917747852104455e+00 9.407870553006626446e-01 -1.632883600178265482e+01 4.430682895430583024e+00 -2.424917747852104455e+00 4.430682895430583024e+00 4.160884723679856734e+00
-1.193657605392641052e+01 -1.425789404906758406e+01 4.938301982509364585e+00 -1.425789404906758406e+01 -7.544919888038040767e+01 -9.728689851383531817e+00 4.938301982509364585e+00 -9.728689851383531817e+00 -3.803934648581392963e+01
1.667775081055591002e+01 -3.886504240216731798e+00 4.195511222651751027e+00 -3.886504240216731798e+00 -4.545375971204240528e+01 -7.923991830965612770e+00 4.195511222651751027e+00 -7.923991830965612770e+00 1.215194626992416538e+01
3.623762583759530287e+01 -8.262136312568545415e-01 8.859346623189134906e-01 -8.262136312568545415e-01 3.811277764921927513e+01 -5.058594723038062568e+00 8.859346623189134906e-01 -5.058594723038062568e+00 4.013653145978075543e+01
1.679553358649108574e+01 -4.027784628862307592e+00 -3.284411707918363010e+00 -4.027784628862307592e+00 1.295566603807645434e+00 5.500648799966119995e+00 -3.284411707918363010e+00 5.500648799966119995e+00 2.983607172572040778e+00
7.667650829551290848e+00 -5.125312136523202611e+00 1.391305694700898954e+01 -5.125312136523202611e+00 -9.310520760141397290e+00 1.396856882347829476e+01 1.391305694700898954e+01 1.396856882347829476e+01 -2.166255330388352363e+01
-1.920712052390480196e+01 1.157204200070039235e+01 3.374117274541973188e+00 1.157204200070039235e+01 -4.975706673586610229e+00 1.379599284981672191e+01 3.374117274541973188e+00 1.379599284981672191e+01 -6.117028423185434605e+00
5.690917999946982064e+01 -1.014585333927159283e+01 -2.172358165823050857e+00 -1.014585333927159283e+01 3.696490177577632430e+00 -3.368504125393771531e+00 -2.172358165823050857e+00 -3.368504125393771531e+00 5.201154169076180267e+01
3.366548627904625590e+01 4.340958419886047359e+00 4.656432807800033657e+00 4.340958419886047359e+00 2.643869596749316742e+01 1.800512522412111904e+00 4.656432807800033657e+00 1.800512522412111904e+00 3.017225601622833508e+01
1.928585912342365916e+01 -2.165592237836907241e+00 -3.145552217119100546e-02 -2.165592237836907241e+00 1.246982336950260972e+01 1.352843902587238745e+00 -3.145552217119100546e-02 1.352843902587238745e+00 1.166742073592392082e+01
-9.550339766482104364e-01 1.303562937216406148e+01 -1.824393442930650622e+01 1.303562937216406148e+01 -2.633866576209246801e+01 -9.902572757579205742e+00 -1.824393442930650622e+01 -9.902572757579205742e+00 2.562179755153177751e-01
2.264267849009553402e+01 -5.116513394114838853e-01 -1.250975348246428309e+00 -5.116513394114838853e-01 1.745645481112483921e+01 -1.893767159407703016e+00 -1.250975348246428309e+00 -1.893767159407703016e+00 2.194086512649983334e+01
2.315275020236492054e+01 1.175175350537576380e+00 -4.697080102628327758e+00 1.175175350537576380e+00 -3.622955983595451102e+01 -8.642719335894296862e+00 -4.697080102628327758e+00 -8.642719335894296862e+00 -1.159650443407220788e+00
5.255062328192104282e+00 -1.172151763204620067e+01 1.083831315336266243e+01 -1.172151763204620067e+01 -3.253705053187555762e+01 1.034939278839800814e+01 1.083831315336266243e+01 1.034939278839800814e+01 -2.210876780092581484e+00
-5.591202910261253933e+00 -2.699741969610749415e-01 -1.045358102985229642e+01 -2.699741969610749415e-01 -5.712378193557152173e+01 4.884970956350021432e+00 -1.045358102985229642e+01 4.884970956350021432e+00 6.303288878555378894e+00
-2.772702749025238500e+00 1.092466759573405710e+01 -5.649237148226434968e+00 1.092466759573405710e+01 -1.108604723089864308e+01 2.617880379950142888e+00 -5.649237148226434968e+00 2.617880379950142888e+00 -2.304182896909831157e+01
-8.067921759258016579e+00 1.370584195038914466e+01 5.102598681717260831e-01 1.370584195038914466e+01 -6.099084361197523840e+00 -8.010098729934256312e+00 5.102598681717260831e-01 -8.010098729934256312e+00 -2.995756701563954039e+01
7.026801996636456238e+01 1.497170570449158689e+00 4.176346705647283386e+00 1.497170570449158689e+00 3.899702021227041371e+01 -1.186527018624997787e+01 4.176346705647283386e+00 -1.186527018624997787e+01 4.888058038443524111e+01
6.503721894662604086e+00 1.204953230999191405e+01 4.727282088354868961e+00 1.204953230999191405e+01 -2.503311599147189170e+01 -1.088879568612212978e+01 4.727282088354868961e+00 -1.088879568612212978e+01 4.934497948026143632e+01
4.860918725823703568e+01 4.062812957198001507e-01 2.146448991299380271e+00 4.062812957198001507e-01 4.715727783181556276e+01 3.450796369855107404e+00 2.146448991299380271e+00 3.450796369855107404e+00 4.111413961348985424e+01
3.679738766595113475e+01 1.274137450545593575e+00 1.419814845768080369e+00 1.274137450545593575e+00 4.606543345656987754e+01 2.483120603685017524e+00 1.419814845768080369e+00 2.483120603685017524e+00 2.886047504346029413e+01
-2.518929414783963594e+01 7.622910724236963809e+00 -2.243809755031656916e+00 7.622910724236963809e+00 -4.310633356735911548e+01 -9.205046158630043884e-02 -2.243809755031656916e+00 -9.205046158630043884e-02 -4.578086494900209402e+01
-4.160949048931383842e+00 -8.470053621908384400e+00 1.986876564032366455e+00 -8.470053621908384400e+00 -4.241859422324537121e+01 4.256906196772088258e+00 1.986876564032366455e+00 4.256906196772088258e+00 1.284459403305145564e+01
9.518331160509706734e+00 -3.002281509622106270e+00 -1.427523389756471239e+01 -3.002281509622106270e+00 1.597721424634854559e+00 4.133142653025413615e+00 -1.427523389756471239e+01 4.133142653025413615e+00 9.807519719167524741e+00
3.669091417232863961e+01 1.772332137373533678e+00 3.044935656265541635e+00 1.772332137373533678e+00 -1.812046453998854290e+01 -6.514913608630607200e+00 3.044935656265541635e+00 -6.514913608630607200e+00 2.458388923560742612e+01
2.036924698041220338e+01 -6.336014092248659635e-01 1.337995566449107088e+01 -6.336014092248659635e-01 -4.099133032919105091e+01 7.486769384492801827e+00 1.337995566449107088e+01 7.486769384492801827e+00 1.685821916184482561e+01
-1.547829482453029470e+01 1.752789821311528717e+00 3.746573173241259269e+00 1.752789821311528717e+00 -5.108744022719042732e+01 -3.040470770976404946e+00 3.746573173241259269e+00 -3.040470770976404946e+00 -1.499893681003722001e+01
-1.772434103209529965e+01 -1.421873781276429272e+00 -1.749434620961613263e+01 -1.421873781276429272e+00 -7.262836280707496428e+01 2.284755892847189163e+00 -1.749434620961613263e+01 2.284755892847189163e+00 -1.727531673196186546e+01
-1.138588221847775728e+01 4.863248328690207067e+00 3.921648367280743841e+00 4.863248328690207067e+00 -2.365090338487170740e+01 -1.013933372523544740e+01 3.921648367280743841e+00 -1.013933372523544740e+01 -1.286164718617551017e+01
-1.398178223716326052e+01 -2.192703998467607551e+00 -1.062573952125902998e+00 -2.192703998467607551e+00 -4.744089004386920294e+01 8.952735327265477494e+00 -1.062573952125902998e+00 8.952735327265477494e+00 -3.950569620224820966e+01
-8.397729108243904506e+00 -1.403140927418036199e+00 -1.815310181760414032e+00 -1.403140927418036199e+00 -2.725844725307848293e+01 9.746355030708464540e-01 -1.815310181760414032e+00 9.746355030708464540e-01 -1.883444067154673363e+01
-1.433532541958889439e+01 -6.403385382560831118e+00 8.933974582758704486e+00 -6.403385382560831118e+00 -7.489852452659887661e+01 -1.712603179659879871e+01 8.933974582758704486e+00 -1.712603179659879871e+01 -1.585559697619756347e+00
2.977248539427126772e+01 -5.121889414622160075e+00 -7.758580591416445849e+00 -5.121889414622160075e+00 -1.565912445040635426e+01 3.914312524653052350e+00 -7.758580591416445849e+00 3.914312524653052350e+00 2.892919186508529705e+01
1.476038557113495742e+01 -3.889812321579998233e+00 -1.240101010084561395e+01 -3.889812321579998233e+00 -2.932072679669823856e+01 -1.284985859212023662e+01 -1.240101010084561395e+01 -1.284985859212023662e+01 2.193880569491599530e+01
-1.562075203719756367e+01 3.584302321140611536e+00 7.408084411459555874e+00 3.584302321140611536e+00 -2.657018344381708985e+01 9.380253594782422155e+00 7.408084411459555874e+00 9.380253594782422155e+00 -1.454081155255688040e+00
-5.003291323272861524e-01 -2.716122894154614276e+00 1.988416251779401289e+00 -2.716122894154614276e+00 -5.145836814336404785e+01 -1.955542253045305401e+01 1.988416251779401289e+00 -1.955542253045305401e+01 -1.778815073962420357e+01
-1.962765915841202258e+01 1.069884664629416093e+01 2.566092010426411107e+00 1.069884664629416093e+01 -1.260547297750189166e+01 -6.467228474299345997e+00 2.566092010426411107e+00 -6.467228474299345997e+00 -3.202398842166280701e+01
-3.076878568419374105e+01 1.360109071886651044e+01 -5.451310360864525251e+00 1.360109071886651044e+01 -2.845105632063064149e+01 -3.941999645193345336e-01 -5.451310360864525251e+00 -3.941999645193345336e-01 -4.310882297263542284e+01
-3.222739600149717631e+01 3.156112273132516410e+00 5.776962725282475120e+00 3.156112273132516410e+00 -6.682109937239282260e+01 -9.145350834203562762e-01 5.776962725282475120e+00 -9.145350834203562762e-01 -2.072313623076105671e+01
6.127262449822941903e+01 -1.182141243582352352e+01 -2.015247059509331695e+00 -1.182141243582352352e+01 1.285111285358957112e+01 -8.571137873721973222e+00 -2.015247059509331695e+00 -8.571137873721973222e+00 6.243954179472644483e+01
-1.639161218851456381e+00 -1.326770476065384230e+01 -1.023650484308293684e+01 -1.326770476065384230e+01 -5.495328537051014450e+01 1.526357452485564536e+00 -1.023650484308293684e+01 1.526357452485564536e+00 -1.508668651831702512e+01
-3.018374694511220468e+01 -1.139248421940436407e+00 7.286023254749081524e+00 -1.139248421940436407e+00 -7.058171281533911667e+01 -1.247776972814063967e+01 7.286023254749081524e+00 -1.247776972814063967e+01 -2.091865120553929103e+01
1.241915427330781618e+01 6.961969994511089332e+00 -1.253524804722789820e+00 6.961969994511089332e+00 -5.966021123108776081e+00 3.798343379541804676e+00 -1.253524804722789820e+00 3.798343379541804676e+00 -1.244237587911771525e+00
1.505513639139707394e+01 1.053479138868685183e+01 -4.920149769502409676e+00 1.053479138868685183e+01 -3.006461354307343115e+01 -6.070008069088911995e+00 -4.920149769502409676e+00 -6.070008069088911995e+00 8.138210357988704402e+00
-6.064048521149457471e+00 -1.092976689273976909e+01 7.673075606000633320e-01 -1.092976689273976909e+01 -1.658602315302597319e+01 5.819872118438492947e+00 7.673075606000633320e-01 5.819872118438492947e+00 4.069371134036864901e-01
-3.974605881202622015e+01 1.010705416435311221e+01 -9.597528231268791288e+00 1.010705416435311221e+01 -5.978763316492889857e+01 -8.750369986875956130e+00 -9.597528231268791288e+00 -8.750369986875956130e+00 -4.583569001145129818e+01
2.301647021089611300e+01 -3.321626451778580513e+00 2.766680883408302538e+00 -3.321626451778580513e+00 1.345375132776752025e+01 1.399969929867731055e+00 2.766680883408302538e+00 1.399969929867731055e+00 1.608637202579913961e+01
2.011628458435819944e+00 -9.770062626807437312e+00 -1.014413175389801758e+01 -9.770062626807437312e+00 -1.711057311223328270e+01 1.021068290478224921e-01 -1.014413175389801758e+01 1.021068290478224921e-01 -9.278869322363009209e-01
1.239306234832066167e+01 -7.849675372263938300e+00 2.615565505715228056e+00 -7.849675372263938300e+00 -3.700898640841319320e+01 -1.383826113249370937e-01 2.615565505715228056e+00 -1.383826113249370937e-01 3.746182054339909140e+00
-4.032920275056422810e+00 -1.425293345993939020e+01 -6.936296522801732145e+00 -1.425293345993939020e+01 -2.981114128107957839e+01 4.432142787653289950e+00 -6.936296522801732145e+00 4.432142787653289950e+00 -5.494296042626387155e+00
-1.031332889738088987e+01 -1.465089416563666092e+00 1.390112474082073213e+01 -1.465089416563666092e+00 -4.823917106736673333e+01 3.801531510367461841e-01 1.390112474082073213e+01 3.801531510367461841e-01 5.779328718052010316e+00
2.644424775179173892e+01 -1.393829142582780634e+01 -3.185981449312251357e+00 -1.393829142582780634e+01 -5.023130892937882663e+01 -1.112194461074266449e+00 -3.185981449312251357e+00 -1.112194461074266449e+00 -2.681590954129779547e+00
-1.704567678996014379e+01 1.027989330790345868e+01 -5.026017956570854039e+00 1.027989330790345868e+01 -1.301305265763925512e+01 3.446932189819231218e-01 -5.026017956570854039e+00 3.446932189819231218e-01 -2.856699691657059503e+01
-2.100104671557374569e+00 -6.844505794625612261e+00 -1.395262281483525513e+01 -6.844505794625612261e+00 -5.031431023938563385e+01 3.799906310994836556e+00 -1.395262281483525513e+01 3.799906310994836556e+00 3.805064357392093033e+00
3.986537501245963711e+01 -2.626195822573393901e+00 -8.467455180647089463e+00 -2.626195822573393901e+00 -2.935144785663876377e+01 5.467601775115977364e-02 -8.467455180647089463e+00 5.467601775115977364e-02 2.595408933409845886e+01
-1.120835575393159722e+01 4.246717144352616380e+00 4.179367426094549920e+00 4.246717144352616380e+00 -4.550667359927587086e+01 -9.388532406389218821e+00 4.179367426094549920e+00 -9.388532406389218821e+00 -2.150908615939535551e+01
-9.172262047760227688e+00 1.064183256713442027e+01 -4.486969022642676164e-01 1.064183256713442027e+01 -3.920329319063714735e+01 1.442519963884162948e+01 -4.486969022642676164e-01 1.442519963884162948e+01 -1.286616874943011979e+01
-1.653068478029246080e+01 -7.997736599617577546e+00 2.041753673298876137e+00 -7.997736599617577546e+00 -5.303204140706306191e+01 1.370643076670386407e+01 2.041753673298876137e+00 1.370643076670386407e+01 -2.155346777226786870e+01
3.981045533024504124e+01 8.261234979256412814e+00 6.609807895551793600e+00 8.261234979256412814e+00 1.203031599732335311e+00 5.575147666643083255e+00 6.609807895551793600e+00 5.575147666643083255e+00 4.498698789324897263e+01
6.683143583251311526e+00 1.041722113474715350e+01 -5.801418829569962021e+00 1.041722113474715350e+01 -1.542525415841675951e+01 -2.831717456550777889e+00 -5.801418829569962021e+00 -2.831717456550777889e+00 2.346863658922055507e+01
-1.160129747484734963e+01 -2.946943152858749571e+01 1.306864038078434831e+01 -2.946943152858749571e+01 9.636316552828340321e+00 -3.256870905926751991e+00 1.306864038078434831e+01 -3.256870905926751991e+00 -2.288842511289705683e+01
-2.268456375795193125e+01 -7.386088001478730902e+00 8.968368660897747091e+00 -7.386088001478730902e+00 -5.809756891973401594e+01 4.562463000955924719e-01 8.968368660897747091e+00 4.562463000955924719e-01 -1.998411013489879906e+01
1.500410243119776554e+00 7.553035888278016863e+00 -9.779626337207293574e+00 7.553035888278016863e+00 -6.715282196797546987e+01 -1.070484412179030720e+01 -9.779626337207293574e+00 -1.070484412179030720e+01 -6.826229388817549371e+00
-2.857016323180708994e+01 6.233452295438737245e+00 1.259121521059502768e+01 6.233452295438737245e+00 -4.836034038969268067e+01 9.557584994199812556e+00 1.259121521059502768e+01 9.557584994199812556e+00 -3.979505693674877875e+01
1.226974416992581318e+01 -1.749427975264338286e+01 3.864252068434215204e+00 -1.749427975264338286e+01 -6.391654299936391936e+01 -3.534687885527408202e+00 3.864252068434215204e+00 -3.534687885527408202e+00 -8.316686441570015020e+00
-1.039946791871596687e+01 5.317742738881271691e+00 2.823485733758261063e+01 5.317742738881271691e+00 -4.202518125728440879e+01 -3.775611623459792288e+00 2.823485733758261063e+01 -3.775611623459792288e+00 -2.049272134935080558e+01
4.110357927000360689e+01 7.854619308586324955e+00 8.919210502998677015e+00 7.854619308586324955e+00 -2.017417718651872249e+01 4.629726238992761367e+00 8.919210502998677015e+00 4.629726238992761367e+00 3.153041257068922576e+01
-1.618482492767589065e+01 4.052204620469885832e-01 1.412630786691979878e+01 4.052204620469885832e-01 -2.576831952353990829e+01 7.506107416538740473e+00 1.412630786691979878e+01 7.506107416538740473e+00 -1.366957883648012029e+01
3.011007523463501201e+00 1.235518192689150219e+01 1.887676365861739480e+00 1.235518192689150219e+01 -3.973575439855827796e+01 -8.598885418933161162e+00 1.887676365861739480e+00 -8.598885418933161162e+00 6.681072610275347934e+00
1.880937320750010500e+01 -8.728010375482890382e+00 -1.249759216359433722e+01 -8.728010375482890382e+00 -3.516944381829029709e+01 5.983151477433147569e+00 -1.249759216359433722e+01 5.983151477433147569e+00 2.065009302139619862e+01
2.360867622466814364e+00 -3.082869884762907464e+00 8.213260706055605098e+00 -3.082869884762907464e+00 -3.360876429374893348e+01 9.494554253288312040e+00 8.213260706055605098e+00 9.494554253288312040e+00 8.572677957182914810e+00
2.278663236168182848e+01 -3.127225747405924405e+00 7.392654840256850379e-01 -3.127225747405924405e+00 1.410879563520779634e+01 8.566616902002605727e+00 7.392654840256850379e-01 8.566616902002605727e+00 2.479296879351637273e+01
-1.684130409346104074e+01 1.003087862777552886e+01 7.931047994986606398e+00 1.003087862777552886e+01 -7.935973017250468331e+01 -2.887189323029365706e+00 7.931047994986606398e+00 -2.887189323029365706e+00 -3.026303955407299284e+01
2.350759872003433504e+00 -5.603177530733380429e+00 3.488376373191626190e-02 -5.603177530733380429e+00 -1.946864039215011388e+01 -1.775536857740865226e+00 3.488376373191626190e-02 -1.775536857740865226e+00 1.329613864070147855e+01
4.272252250209709956e+01 -2.846562772206774561e+00 5.797078551574577077e+00 -2.846562772206774561e+00 3.844730680937905021e+01 7.212851920952251916e+00 5.797078551574577077e+00 7.212851920952251916e+00 3.433060192938273758e+01
-5.399515432248789271e-01 -6.170789104850169515e+00 -5.951368641821527916e+00 -6.170789104850169515e+00 -6.498383363521472234e+01 8.940021995078351935e+00 -5.951368641821527916e+00 8.940021995078351935e+00 -1.819124364988704201e+01
9.255422178931318911e+00 6.165686532446797763e+00 -5.071450425648616367e+00 6.165686532446797763e+00 -3.124307238991458036e+01 -1.007647130084334108e+01 -5.071450425648616367e+00 -1.007647130084334108e+01 3.366912037482290287e+00
5.270703502548239605e-01 -5.939516544098941253e+00 3.788274205133647765e+00 -5.939516544098941253e+00 -4.612960891122795459e+01 5.548856048049509049e+00 3.788274205133647765e+00 5.548856048049509049e+00 -2.788647739435805573e+00
1.896441770953124006e+01 -3.632753820036449977e+00 -4.323585300773681972e+00 -3.632753820036449977e+00 1.838735020263864683e+01 -4.102976019177918765e+00 -4.323585300773681972e+00 -4.102976019177918765e+00 1.908594848710827208e+01
3.417008551261858429e+01 6.358040016478349266e+00 7.029515919876962116e+00 6.358040016478349266e+00 1.502085488353975329e+01 2.848687509816709706e+00 7.029515919876962116e+00 2.848687509816709706e+00 1.623968575878842202e+01
1.983992275448938969e+01 5.797769441068854945e+00 -3.815743033431886477e+00 5.797769441068854945e+00 -1.639367625509146720e+01 -6.546787086061673921e-01 -3.815743033431886477e+00 -6.546787086061673921e-01 2.420275068399435181e+00
8.304182918896982457e+00 -3.839971028364544958e-01 1.520431503803351703e+01 -3.839971028364544958e-01 -5.644783653117312383e+01 -7.454897044998977762e+00 1.520431503803351703e+01 -7.454897044998977762e+00 4.755640606204875276e+00
1.204506122818738056e+01 -5.136435279402645548e+00 -2.674730350436812287e+00 -5.136435279402645548e+00 -1.395991400475791977e+01 2.385975716858002471e+00 -2.674730350436812287e+00 2.385975716858002471e+00 -5.065060894197449315e+00
8.574241954461546911e+00 7.276723911561054692e+00 -9.335302856093242951e+00 7.276723911561054692e+00 -3.642497272545902121e+01 3.373235942567547330e+00 -9.335302856093242951e+00 3.373235942567547330e+00 3.126721707725117128e+01
2.743950155218843889e+00 -2.519266740183278674e+00 -3.939090179207275444e+00 -2.519266740183278674e+00 -3.774765130189832263e+01 -2.433427698200183897e+01 -3.939090179207275444e+00 -2.433427698200183897e+01 -8.636260040680323158e+00
-1.584206009045725772e+01 6.553145898739417774e+00 -1.884555146993861729e+00 6.553145898739417774e+00 -5.277474585791804174e+01 -1.831670379071937083e+00 -1.884555146993861729e+00 -1.831670379071937083e+00 8.666890715924703281e-01
2.030157591847543852e+00 1.877447903145481689e+01 -3.429087160301488080e+00 1.877447903145481689e+01 -5.955047658779371034e+01 -5.238754130832503186e+00 -3.429087160301488080e+00 -5.238754130832503186e+00 -3.067000376381938676e-01
-1.711363114880001390e+01 3.404640519467240889e+00 1.571908285248555304e+00 3.404640519467240889e+00 -6.518909440375030506e+00 8.562016790551387757e+00 1.571908285248555304e+00 8.562016790551387757e+00 -2.535853675519318884e+01
-2.086829394796728110e+01 -8.473773801610054335e+00 -5.713021545243505805e+00 -8.473773801610054335e+00 -7.619228035846624891e+01 5.851405210349541086e+00 -5.713021545243505805e+00 5.851405210349541086e+00 -2.339428194835421237e+01
3.022059961953417417e+00 -1.873486996138558069e+00 3.199261623799025678e+00 -1.873486996138558069e+00 9.792729875517808935e+00 -6.865391958994709221e+00 3.199261623799025678e+00 -6.865391958994709221e+00 9.439553521326985441e-01
-2.740492028987749351e-01 -1.592849157642698854e+00 4.293890110042356767e+00 -1.592849157642698854e+00 -3.960104799303950873e+00 -3.227196317327732267e+00 4.293890110042356767e+00 -3.227196317327732267e+00 -8.448889504929542049e-01
6.003465930055993738e+01 -8.338322473377488109e+00 1.175383897315719040e+01 -8.338322473377488109e+00 -1.592079792541280803e+01 -1.896095855489737581e+00 1.175383897315719040e+01 -1.896095855489737581e+00 4.603348885969498383e+01
3.461982830223211494e+01 8.389208112086153690e+00 6.064971677637473135e+00 8.389208112086153690e+00 1.905020346901826045e+01 1.500085913527186454e+00 6.064971677637473135e+00 1.500085913527186454e+00 3.945347066934913016e+01
