3.839585209982093073e+00 2.676749583812236377e+00 1.032612854004655523e+00 2.676749583812236377e+00 3.933766956495926337e+00 1.094178815535635607e+01 1.032612854004655523e+00 1.094178815535635607e+01 -1.089688887055607402e+01
-2.668019799306950190e+01 6.985667497039182550e+00 5.554639875593019305e+00 6.985667497039182550e+00 -1.430814125218533306e+01 7.500157941138307471e+00 5.554639875593019305e+00 7.500157941138307471e+00 -6.421709764211205140e+01
-2.376095676263320655e+01 3.203486560736586330e+00 -7.242755426469653202e+00 3.203486560736586330e+00 -3.920032516957053303e+01 8.846453140496917555e+00 -7.242755426469653202e+00 8.846453140496917555e+00 -2.044349167705271242e+01
-9.905215098017583486e+00 -7.006011792473221256e+00 -4.757119818164010638e+00 -7.006011792473221256e+00 -2.595994563643587583e+01 -6.359552883973961457e+00 -4.757119818164010638e+00 -6.359552883973961457e+00 1.010770151336077660e+01
2.269415296357919054e+00 2.333756246085880726e+00 -6.567673011913623071e+00 2.333756246085880726e+00 2.656942931797101082e+01 -3.988818778906099816e+00 -6.567673011913623071e+00 -3.988818778906099816e+00 -3.098264082668043784e+01
-2.674679236230749879e+01 -1.247513734743289504e+01 9.061723095303836573e+00 -1.247513734743289504e+01 -3.138331535143550965e+01 5.992530821479312486e+00 9.061723095303836573e+00 5.992530821479312486e+00 -2.493851748804078028e+01
6.098204120473162959e+00 -5.967530870162160994e+00 4.732710341809107102e-02 -5.967530870162160994e+00 1.116316404011982932e+01 -4.838994895303176946e+00 4.732710341809107102e-02 -4.838994895303176946e+00 -2.579407707964617558e+01
-1.441053678854365971e+00 -6.774441593874840351e+00 -1.339054601319944693e+00 -6.774441593874840351e+00 -1.840874956901005532e+01 -1.205587211948414422e-01 -1.339054601319944693e+00 -1.205587211948414422e-01 1.164534213990114075e+01
-1.416817223890215516e+01 7.313963672330507038e+00 1.192008209130114871e+01 7.313963672330507038e+00 -4.128713096669612170e+00 5.897256081624079549e+00 1.192008209130114871e+01 5.897256081624079549e+00 -2.686282366437370683e+01
-3.621360878699230312e+01 8.064604850862536978e+00 -1.614744666544993823e+00 8.064604850862536978e+00 -3.742753062278474374e+01 1.935475112990531699e+01 -1.614744666544993823e+00 1.935475112990531699e+01 -4.511223801201522576e+01
9.228868860307823496e+00 -2.068042523997721815e+00 1.192241696165293519e+00 -2.068042523997721815e+00 3.235394224433636445e+00 1.540471267656996979e+01 1.192241696165293519e+00 1.540471267656996979e+01 -4.043116371976190671e+00
-3.171102209332466870e+01 3.161450597693725495e+00 -1.136986900338962059e+01 3.161450597693725495e+00 9.273828186465972456e-02 9.025465789270825212e+00 -1.136986900338962059e+01 9.025465789270825212e+00 -3.754239679462514090e+01
4.250098570669911879e+01 5.339097160250656948e+00 -2.885954857279219077e+00 5.339097160250656948e+00 3.472106982136109110e+01 -3.855287920081903685e+00 -2.885954857279219077e+00 -3.855287920081903685e+00 2.421770298237247943e+01
2.361631259295720042e+01 -9.020853342791999907e+00 -3.117620939765399335e+00 -9.020853342791999907e+00 2.996459030913657529e+01 -8.077361429804856385e+00 -3.117620939765399335e+00 -8.077361429804856385e+00 -4.262464552274523300e+01
2.105427718326213338e+01 4.699808149915000399e+00 -4.787629482789133029e+00 4.699808149915000399e+00 1.332762435599701512e+01 2.147987287334446993e+00 -4.787629482789133029e+00 2.147987287334446993e+00 -2.906084619659078427e+01
3.626217532456178105e+01 -1.344464178579501556e+01 -7.946515050711989936e+00 -1.344464178579501556e+01 3.756417676985702059e+01 -5.050496273585300955e+00 -7.946515050711989936e+00 -5.050496273585300955e+00 2.118263980297048121e+01
4.147193287881858481e+01 -5.572428779101530338e-01 -6.572843734739247878e+00 -5.572428779101530338e-01 5.100475368347858307e+01 1.154430350337520839e+00 -6.572843734739247878e+00 1.154430350337520839e+00 2.298224033468473593e+01
-3.769166120067414472e+00 -1.767286154766999573e+00 1.290941988045260480e+01 -1.767286154766999573e+00 -2.114906945083596668e+01 2.539267094672212455e+00 1.290941988045260480e+01 2.539267094672212455e+00 8.941961062560542572e+00
2.743107984600543858e+01 -1.167254664897545258e+00 1.642022705901772683e+00 -1.167254664897545258e+00 2.769277864080863338e+01 -8.897573843469139376e+00 1.642022705901772683e+00 -8.897573843469139376e+00 -1.638146495044199824e+01
5.044540593595855604e+00 4.013250372832067647e+00 -3.237328086970096663e+00 4.013250372832067647e+00 7.609887795221254692e+00 -1.858941107349030064e+00 -3.237328086970096663e+00 -1.858941107349030064e+00 6.944894171466714505e-02
3.875821406261017898e+00 -2.069235334090022693e+00 -8.051012926384304436e+00 -2.069235334090022693e+00 -1.198222571676471837e+01 9.065053086317266917e+00 -8.051012926384304436e+00 9.065053086317266917e+00 6.981595640088481325e+00
2.071514024079514904e+00 -1.604120637974545005e+01 -6.629788852933467425e+00 -1.604120637974545005e+01 -7.948782602710807943e+00 -1.270933064806374091e+01 -6.629788852933467425e+00 -1.270933064806374091e+01 -1.849108762999172129e+01
3.801343349578596786e+01 -1.523624646202933031e+00 2.997009466597142513e+00 -1.523624646202933031e+00 7.505553673629162148e+00 -8.540116696926000728e+00 2.997009466597142513e+00 -8.540116696926000728e+00 3.953986159839888614e+01
-1.139569355104188730e+01 -1.630329942645395391e+01 1.611002077332206994e+01 -1.630329942645395391e+01 -2.498050391889505306e+01 -3.308836113580713167e+00 1.611002077332206994e+01 -3.308836113580713167e+00 -2.794663498710733762e+01
3.026998235714135177e+01 -1.525651797634742479e+01 1.217317902488826675e+01 -1.525651797634742479e+01 1.457867804922007160e+01 -6.800415698324835390e+00 1.217317902488826675e+01 -6.800415698324835390e+00 3.650796078467021744e+01
1.126271744448529066e+00 9.579133953828678827e+00 -5.772105402796109175e+00 9.579133953828678827e+00 -3.244922177660635176e-01 -1.008219147429950624e+01 -5.772105402796109175e+00 -1.008219147429950624e+01 -4.171784723559601105e+01
-3.332350550289989144e+01 -3.870994904857530283e+00 -9.943964170616974130e+00 -3.870994904857530283e+00 -4.276284242799344781e+01 -6.398533751238677958e+00 -9.943964170616974130e+00 -6.398533751238677958e+00 -6.873502938900507786e+01
-6.895558739561277406e+00 9.428268921961960203e+00 -5.912494617800419405e+00 9.428268921961960203e+00 -1.944441580062388297e+01 -1.648843815382475952e+01 -5.912494617800419405e+00 -1.648843815382475952e+01 -3.613988885459959022e+01
4.628710580667831920e+01 -2.198826469980149856e+00 4.805502905111605827e+00 -2.198826469980149856e+00 4.556689348953899810e+01 8.121718211981042046e+00 4.805502905111605827e+00 8.121718211981042046e+00 2.525023541554387663e+01
5.544736147458305453e+01 -5.946785527039296859e+00 -2.696108375819714187e+00 -5.946785527039296859e+00 5.201022744156410482e+01 2.653377128194988277e+00 -2.696108375819714187e+00 2.653377128194988277e+00 2.544578354058056746e+01
-4.943628812068437384e+01 1.892039150111778056e+01 1.012296039471455344e+01 1.892039150111778056e+01 -4.849000252063519412e+01 4.016360529148365721e+00 1.012296039471455344e+01 4.016360529148365721e+00 -5.032264484398400128e+01
1.010303879540111716e+01 2.130208076218538693e+01 -8.032778629025163042e+00 2.130208076218538693e+01 -5.256892859221626857e-01 3.375897950525038382e+00 -8.032778629025163042e+00 3.375897950525038382e+00 1.553865450848147667e+01
-1.107989586925396708e+01 -1.453629029962431929e+00 -1.202462373871137657e+01 -1.453629029962431929e+00 -4.200877885132027956e+01 9.613116864715532950e-01 -1.202462373871137657e+01 9.613116864715532950e-01 2.700495769665669599e+01
-4.454480764376020829e+01 -2.903966843465435321e+00 5.492178210985624531e+00 -2.903966843465435321e+00 -3.070488545740910524e+01 3.255720010095147998e+00 5.492178210985624531e+00 3.255720010095147998e+00 -2.837047287100966386e+01
-5.155050310957892634e+01 -6.066681761989578980e+00 -3.265093534742605996e+00 -6.066681761989578980e+00 -3.781026587092563318e+01 3.393066358203267185e+00 -3.265093534742605996e+00 3.393066358203267185e+00 -8.655247563511247222e+01
-3.755180423462934414e+01 -4.864142369146579270e+00 -5.180291548695270087e+00 -4.864142369146579270e+00 -3.212784697951013868e+01 1.428796348187182019e+01 -5.180291548695270087e+00 1.428796348187182019e+01 -8.724469076944080470e+00
-2.006694824007484002e+00 -8.732579039292405476e-02 5.003547909668803584e+00 -8.732579039292405476e-02 5.043723306649639859e+00 -1.088487509360484928e+01 5.003547909668803584e+00 -1.088487509360484928e+01 -3.919786360833919048e+01
6.196429811866583748e+01 -8.377505992752171338e+00 -1.066139224371848293e+01 -8.377505992752171338e+00 6.166873190964153650e+01 -2.836987333503400155e+00 -1.066139224371848293e+01 -2.836987333503400155e+00 1.432239184663809262e+01
5.449588159577785973e+00 5.800961959408186708e+00 4.178980599853963085e+00 5.800961959408186708e+00 -6.545323529394483586e+00 1.439613837572809807e+00 4.178980599853963085e+00 1.439613837572809807e+00 3.538438588861873768e+01
-2.563275037581804483e+01 9.085739712424905079e+00 -5.625544472404507168e+00 9.085739712424905079e+00 -2.207018676832639059e+01 -1.117298452566302025e+01 -5.625544472404507168e+00 -1.117298452566302025e+01 -4.138835695970225714e+01
2.835945130675223069e+01 4.039194526829393617e+00 4.436658278814678447e+00 4.039194526829393617e+00 3.223595867879856769e+01 3.524567776767395966e+00 4.436658278814678447e+00 3.524567776767395966e+00 6.269387252058862714e+00
-4.172319909497453239e+00 -4.017892700780061332e+00 8.970621540045764064e+00 -4.017892700780061332e+00 -4.398410908368383332e+00 2.664664155647233024e+00 8.970621540045764064e+00 2.664664155647233024e+00 -3.900287783622126625e+01
-5.729989670947147395e+00 -8.447281129698348323e+00 -1.421882486154484759e+01 -8.447281129698348323e+00 -3.577895353962070146e+01 -1.466479669289136201e+00 -1.421882486154484759e+01 -1.466479669289136201e+00 4.549518856437126857e+01
-1.016847034467826560e+01 -2.096766587586701203e+00 1.216130244070482114e+01 -2.096766587586701203e+00 -8.604083434004260456e-01 -1.662574694400461350e+00 1.216130244070482114e+01 -1.662574694400461350e+00 -6.442278926256802540e-01
-3.851787511471273007e+01 -8.788961895397660484e+00 -8.678997280267775949e+00 -8.788961895397660484e+00 -3.694500501181531149e+01 -2.474706557084864755e-01 -8.678997280267775949e+00 -2.474706557084864755e-01 -6.138131720871919583e+01
1.653263359915489161e+01 -2.037867459695061056e-01 1.051377423912622788e+00 -2.037867459695061056e-01 1.602545285667036268e+01 1.219993055432346152e+00 1.051377423912622788e+00 1.219993055432346152e+00 -2.593624156476272091e+00
3.127167982055484430e+01 7.611353425679318718e+00 -3.749006830224015929e-01 7.611353425679318718e+00 4.600604724931390166e+01 5.733859571402338595e+00 -3.749006830224015929e-01 5.733859571402338595e+00 1.863609167468456729e+00
4.576482937531185513e+01 3.974703683943262345e+00 1.727190818438011366e+00 3.974703683943262345e+00 4.633908712601619584e+01 9.386131881655093157e-01 1.727190818438011366e+00 9.386131881655093157e-01 4.835068383968512129e-01
-1.569697797708778353e+01 1.174832697124683989e+01 -2.118621021462054799e+01 1.174832697124683989e+01 -2.363019037098143116e+01 1.440383514878807070e+01 -2.118621021462054799e+01 1.440383514878807070e+01 2.598469351744078892e+01
-3.835428293317094273e+01 4.212440702353474009e+00 -1.652316170966972564e+01 4.212440702353474009e+00 -4.519991770051485247e+01 3.449325511272677947e+00 -1.652316170966972564e+01 3.449325511272677947e+00 1.436654606619630670e+01
-1.400940117052532052e+01 -3.339474295766579282e+00 2.499997231003950215e+00 -3.339474295766579282e+00 9.989362540800891921e+00 2.297331773108746145e+00 2.499997231003950215e+00 2.297331773108746145e+00 -1.939767675435940930e+01
7.654848992101155325e+00 -4.157000107363596264e+00 2.074056516302593245e+00 -4.157000107363596264e+00 -1.783233392144278184e+01 -3.900422997276264403e-01 2.074056516302593245e+00 -3.900422997276264403e-01 2.636432681818169144e+01
-5.428273171723513535e+00 -5.419057879379026055e+00 7.964829335372592745e+00 -5.419057879379026055e+00 -1.068643552423659848e+01 -1.253140660097915859e-01 7.964829335372592745e+00 -1.253140660097915859e-01 -3.018728078863134545e+00
3.038053529780611584e+01 -1.333093753455283448e+01 1.161381450267047200e+00 -1.333093753455283448e+01 2.701463039207383332e+01 -6.818074418010691140e+00 1.161381450267047200e+00 -6.818074418010691140e+00 1.361782738846278917e+01
-1.167023193146650861e+01 2.046188672567918587e+00 5.877562797312841925e-01 2.046188672567918587e+00 4.849723381469428496e-01 1.459215858951978584e+00 5.877562797312841925e-01 1.459215858951978584e+00 1.307504117826944778e+01
1.842209715873800135e+01 -8.037968922704646912e-01 2.046495827228046460e-01 -8.037968922704646912e-01 2.264459794607466137e+01 -2.586838168212393985e+00 2.046495827228046460e-01 -2.586838168212393985e+00 -6.846757158224766826e+00
4.277970480577019430e+01 1.201377157899615300e+00 -7.090171347473566144e-01 1.201377157899615300e+00 4.223303277658222754e+01 1.147733986945408624e+00 -7.090171347473566144e-01 1.147733986945408624e+00 4.977113531587181505e+00
1.050032917880272265e+01 -5.619755280331746761e+00 -5.207136248481528895e+00 -5.619755280331746761e+00 1.613620821575806996e+00 1.090986696920392873e+01 -5.207136248481528895e+00 1.090986696920392873e+01 7.100566153697707605e+00
2.056160264571909480e+01 -1.151886174182416411e+01 -1.645777618032244405e+01 -1.151886174182416411e+01 1.323043127437088806e+01 5.275696364941259375e+00 -1.645777618032244405e+01 5.275696364941259375e+00 -4.494765891973744765e+00
-9.906158143893078361e+00 5.737641004202231443e+00 -1.716792256427804020e+01 5.737641004202231443e+00 -2.901846745767792868e+01 -1.008647244032109214e+01 -1.716792256427804020e+01 -1.008647244032109214e+01 -2.875015685773461982e+01
-3.318782013596877078e+01 7.022753741046849463e+00 -1.164630998798336314e+01 7.022753741046849463e+00 -4.908023151887361024e+01 2.577464731466145409e+00 -1.164630998798336314e+01 2.577464731466145409e+00 -1.017149617994137945e+00
-4.001860321021642619e+01 -7.814936707437517782e+00 1.946771473289060239e+01 -7.814936707437517782e+00 -1.729036901278535510e+01 1.392661598196821870e+01 1.946771473289060239e+01 1.392661598196821870e+01 -6.154902397445475515e+01
-1.114736776402056684e+01 7.852433119651427873e+00 -2.311977823769281848e+00 7.852433119651427873e+00 -1.632994682980953982e+01 -1.058218289742015372e+01 -2.311977823769281848e+00 -1.058218289742015372e+01 -3.512929582651239002e+01
2.943515072604867910e+01 7.723034567214234869e+00 -7.644772906013605152e+00 7.723034567214234869e+00 3.142585382492252677e+01 -3.400578671375192652e+00 -7.644772906013605152e+00 -3.400578671375192652e+00 2.199513835574113330e+01
-4.604953554920967917e+00 8.214050006495988043e+00 7.385446580103704584e+00 8.214050006495988043e+00 9.128136034506640684e+00 -7.520298701722074597e-01 7.385446580103704584e+00 -7.520298701722074597e-01 -2.284142390549662238e+01
6.042141712404742293e+00 -7.635119569603227241e+00 -1.253718855936475585e+00 -7.635119569603227241e+00 4.964909901455195396e+00 -6.635324419309985622e+00 -1.253718855936475585e+00 -6.635324419309985622e+00 3.049596738821815922e+00
-7.343059190949333015e+00 9.508146876130259884e+00 2.892232341709549015e+00 9.508146876130259884e+00 -3.342062004361531891e+00 1.278688097576429250e+01 2.892232341709549015e+00 1.278688097576429250e+01 -1.095987685199611583e+01
2.298882204045263578e+01 1.156230493111975122e+00 -8.309495486134744979e+00 1.156230493111975122e+00 -2.428082537186769585e+01 1.432833095495035458e+01 -8.309495486134744979e+00 1.432833095495035458e+01 6.421074582722299695e+00
3.844275145053648313e+00 -1.112651952227362173e+01 4.435410216746800138e+00 -1.112651952227362173e+01 -6.334389245029186988e+00 -1.051418068474808365e+01 4.435410216746800138e+00 -1.051418068474808365e+01 -3.038987798389793582e+01
1.296720592572364339e+01 -1.960729256613700677e+00 1.129636148429311859e+01 -1.960729256613700677e+00 1.007044855833177266e+01 8.383241456067382913e+00 1.129636148429311859e+01 8.383241456067382913e+00 3.664069662756674006e+01
6.602107248522850114e+01 2.820916373675309785e+00 3.432778304101986588e+00 2.820916373675309785e+00 5.401268211177727352e+01 1.053875497185386934e+01 3.432778304101986588e+00 1.053875497185386934e+01 -5.469213993044320432e+00
-2.477554781760937885e+01 -2.378227830898082207e+00 -8.180492477325279621e-01 -2.378227830898082207e+00 -1.534147526609446643e+01 -6.861825524847343871e+00 -8.180492477325279621e-01 -6.861825524847343871e+00 -4.305972144805863877e+01
2.476706453464992919e+01 -3.662850274663832728e+00 4.007270653361391766e+00 -3.662850274663832728e+00 2.569696077105465548e+01 4.919144737688805474e-02 4.007270653361391766e+00 4.919144737688805474e-02 1.140505981099830812e+01
2.557796925188097958e+01 -9.863788725730197271e+00 2.727673828186468974e+00 -9.863788725730197271e+00 2.878511080685188261e+01 -5.273779407341836034e+00 2.727673828186468974e+00 -5.273779407341836034e+00 2.222818772380010799e+01
1.838248593641279882e+01 7.728625432780272142e+00 -9.989775349080113331e-01 7.728625432780272142e+00 1.951035290632851371e+01 6.916039876057714864e+00 -9.989775349080113331e-01 6.916039876057714864e+00 7.959635062495427071e+00
3.000872312340736592e+00 5.029819387492121541e-01 -1.256810279550497622e+00 5.029819387492121541e-01 7.248303540964029956e+00 1.069302902586035664e+00 -1.256810279550497622e+00 1.069302902586035664e+00 3.559204755637659368e+00
1.993312431475227342e+01 4.173344543765038495e+00 -1.286067203155929306e+01 4.173344543765038495e+00 2.452984734145678658e+01 2.631347814851823230e+00 -1.286067203155929306e+01 2.631347814851823230e+00 3.178647942987808861e+01
2.070341511388982703e+00 2.613162044037508833e-02 -1.113709616220636534e+01 2.613162044037508833e-02 2.297556727584345815e+00 -1.008707372379805811e+01 -1.113709616220636534e+01 -1.008707372379805811e+01 -1.129742939469763563e+01
-3.144901765591431442e+01 1.434410839538605842e+01 -5.369127051819202912e+00 1.434410839538605842e+01 -1.905455214916984730e+01 -1.032383743438449564e+01 -5.369127051819202912e+00 -1.032383743438449564e+01 -4.821567445707907495e+01
-3.807162177273145431e+01 2.266070211778855814e+00 5.824162640567926097e+00 2.266070211778855814e+00 -5.298387886590476370e+01 5.724519541000578471e+00 5.824162640567926097e+00 5.724519541000578471e+00 -2.123611799362193153e+01
-1.400230881234403846e+01 -1.403831926075823944e+01 7.045427303942309649e+00 -1.403831926075823944e+01 -4.277037099471045423e+01 -2.165546916107782938e+00 7.045427303942309649e+00 -2.165546916107782938e+00 1.557347082547100392e+01
4.111273838363805311e+01 2.397667387059406963e+00 4.173250419376390297e-01 2.397667387059406963e+00 4.148198447376479692e+01 4.871736339579214037e-01 4.173250419376390297e-01 4.871736339579214037e-01 4.539444083817452125e+00
-1.049470367432830464e+01 -4.206710461167559423e+00 -4.559323277931237151e+00 -4.206710461167559423e+00 -9.457453420766398722e+00 2.687061500802374159e+00 -4.559323277931237151e+00 2.687061500802374159e+00 -1.470581726829064273e+01
-2.058588315554518822e+00 8.208049430222013054e-01 1.641926718464652435e+00 8.208049430222013054e-01 -4.903150231249728264e-01 -3.100596216833719332e+00 1.641926718464652435e+00 -3.100596216833719332e+00 -3.858661599531123976e+00
-3.973002927636277803e+01 -6.347766103943391691e+00 -3.782908207657118993e+00 -6.347766103943391691e+00 -9.680822028086272013e+00 7.636284823260947263e+00 -3.782908207657118993e+00 7.636284823260947263e+00 -5.719768059230092661e+01
-2.554911665909466478e+01 2.373801773100786772e+00 -3.114345688963328307e+00 2.373801773100786772e+00 -4.729197877788958237e+01 -3.818362329964911872e+00 -3.114345688963328307e+00 -3.818362329964911872e+00 -5.243481517244714674e+00
9.656424390914324363e+00 -8.894525224689544540e-01 -1.171613532208633046e+01 -8.894525224689544540e-01 2.087170159712998796e+01 -5.712826487172026901e+00 -1.171613532208633046e+01 -5.712826487172026901e+00 -1.714752758136788557e+01
1.905334189316905125e+01 1.574863013936488798e+01 1.666293426329007232e+01 1.574863013936488798e+01 3.017507732995846936e+01 8.134715771777845106e+00 1.666293426329007232e+01 8.134715771777845106e+00 -5.154160579172160972e+00
5.660339734251043531e+00 5.597881707604050128e+00 -7.853067543163311903e+00 5.597881707604050128e+00 -1.468940498366705649e-01 -2.593432740573090367e+00 -7.853067543163311903e+00 -2.593432740573090367e+00 -1.508153295845428943e+01
1.118456702725865703e+01 -2.989607949639208062e+00 2.805121184870584816e+00 -2.989607949639208062e+00 -2.130764852735065773e+01 -1.912810946294598935e+01 2.805121184870584816e+00 -1.912810946294598935e+01 -3.001807193872694413e+01
4.062435366238907442e+00 6.231248722196785828e+00 5.609236376568976112e+00 6.231248722196785828e+00 7.660602237979653673e+00 4.708583628378963937e+00 5.609236376568976112e+00 4.708583628378963937e+00 -2.202629824973288919e+01
-4.272495993150376847e+01 -3.350696116175498229e+00 -1.862154158329637710e+01 -3.350696116175498229e+00 -4.052089046145619733e+01 -4.362215983128582941e+00 -1.862154158329637710e+01 -4.362215983128582941e+00 -1.544412889128540023e+01
4.430882438022790026e+00 7.782168352464812422e+00 5.985861023566386940e+00 7.782168352464812422e+00 -2.532528598963148880e+01 -4.277779731471256675e+00 5.985861023566386940e+00 -4.277779731471256675e+00 3.617408483572332756e+01
3.064584438257278265e+01 1.020206734831273288e+01 3.317988157919925296e+00 1.020206734831273288e+01 9.206867505402112073e+00 -7.586951367227517729e+00 3.317988157919925296e+00 -7.586951367227517729e+00 1.998739303370768283e+01
-3.219590630703400791e+01 -2.703830094454010013e-01 4.929381662492009042e+00 -2.703830094454010013e-01 -4.037874096316678418e+01 3.823054554142323092e+00 4.929381662492009042e+00 3.823054554142323092e+00 -2.258051495324473379e+01
-2.122187049700609407e+01 -2.565249409028805161e+00 -3.128100438566623254e+01 -2.565249409028805161e+00 -3.362051190699883563e+01 -4.713799644058129346e+00 -3.128100438566623254e+01 -4.713799644058129346e+00 -3.829385890627347777e+01
8.422216945584972692e+00 5.764973608374281078e+00 -6.688180987572996727e+00 5.764973608374281078e+00 1.108289556216440630e+01 2.982746322178085663e+00 -6.688180987572996727e+00 2.982746322178085663e+00 1.092361356497942104e+01
1.865925291324446889e+01 -1.017368617161085886e+01 -2.598873957550535518e+00 -1.017368617161085886e+01 2.361755253135258315e+01 -1.095638528422514568e+01 -2.598873957550535518e+00 -1.095638528422514568e+01 1.433162054277409148e+01
1.813375366605673022e+01 1.430276269207802997e+01 8.879880909490875496e+00 1.430276269207802997e+01 1.301029820514937718e+01 9.015817465824680355e+00 8.879880909490875496e+00 9.015817465824680355e+00 2.908088060855029156e+01
2.058504743064112574e+00 -9.697832875950444631e+00 3.108159321087191826e-02 -9.697832875950444631e+00 3.777749352538551708e+00 -6.238777467605056692e+00 3.108159321087191826e-02 -6.238777467605056692e+00 7.798316392377161677e+00
