4.840404582952374568e+01 -1.529349694314851860e+01 1.457609107905308932e+01 -1.529349694314851860e+01 3.333263074409222071e+01 4.400289847019336342e+00 1.457609107905308932e+01 4.400289847019336342e+00 6.272380296637108188e+01
1.472953749965182624e+01 -4.701450736277712927e+00 1.461172419588487870e+01 -4.701450736277712927e+00 1.781501573177576248e+01 6.549108847815399592e+00 1.461172419588487870e+01 6.549108847815399592e+00 -3.584911717081432414e+00
-3.433345333925514353e+01 -1.871186318306642837e+00 6.142278921245186929e+00 -1.871186318306642837e+00 -4.595860040149799630e+01 -1.136049579738652726e+00 6.142278921245186929e+00 -1.136049579738652726e+00 -2.555358955335863058e+01
-2.092928031180528059e+00 -7.402387196839220529e+00 5.829534762036692186e+00 -7.402387196839220529e+00 -1.898952661387533425e+01 -1.014813325562931690e+00 5.829534762036692186e+00 -1.014813325562931690e+00 -1.758347699499072903e+01
1.381602151376121235e+01 6.711236675900886794e+00 4.089599475067418943e+00 6.711236675900886794e+00 1.506589047283707039e+01 -5.295416496653927219e+00 4.089599475067418943e+00 -5.295416496653927219e+00 1.990403905080518854e+01
-1.778951183711283335e+01 6.939667191897203935e+00 1.722639296771634676e+01 6.939667191897203935e+00 -3.357336005483910668e+01 -5.124134421023056607e-01 1.722639296771634676e+01 -5.124134421023056607e-01 -3.317615787180754339e+00
3.662546557430499661e+01 -4.053735730970728035e+00 7.586030422226177627e+00 -4.053735730970728035e+00 3.189003552361548799e+01 -2.989203146715516901e+00 7.586030422226177627e+00 -2.989203146715516901e+00 1.615144607476898031e+01
-2.400310563952553622e+01 3.647911467475493552e+00 1.565691371271246268e+01 3.647911467475493552e+00 -3.769072168092672115e+01 1.151446011632891731e+00 1.565691371271246268e+01 1.151446011632891731e+00 -2.106797246682312164e+01
1.843550197329425444e+01 -6.413631105492177298e+00 2.598614131287451201e+01 -6.413631105492177298e+00 -1.625671607997059454e+01 1.823046037608099912e+00 2.598614131287451201e+01 1.823046037608099912e+00 3.605291327146873837e+00
-1.123078528088575823e+01 6.394532074490194340e+00 4.890046749540017501e+00 6.394532074490194340e+00 -1.365410633883147185e+01 8.519761936354036891e+00 4.890046749540017501e+00 8.519761936354036891e+00 -4.975453082383110570e-01
-5.937284813055820010e+00 1.394229327047652678e+00 1.810135359261221311e+01 1.394229327047652678e+00 -2.867831061430204187e+01 -4.363299532415527260e+00 1.810135359261221311e+01 -4.363299532415527260e+00 -3.049766960906493019e+00
-2.741140787425186431e+01 -4.117322572782180501e+00 -1.075303534945521111e+00 -4.117322572782180501e+00 -4.198296233392258614e+01 -3.435637199383619222e+00 -1.075303534945521111e+00 -3.435637199383619222e+00 -1.924465546564742269e+01
9.209353379385346372e+00 -6.497226628322072983e+00 7.879390926976960863e+00 -6.497226628322072983e+00 -1.087066272855616056e+01 -1.930080910273165973e+00 7.879390926976960863e+00 -1.930080910273165973e+00 7.729857575121600988e+00
8.824716922151734977e+00 1.266104385471504479e+01 1.445657925775032027e+01 1.266104385471504479e+01 1.391731554800410109e+01 -3.709813243956577300e-01 1.445657925775032027e+01 -3.709813243956577300e-01 2.622415659221956474e+01
-1.531751566682724430e+01 6.173790237952145432e+00 1.077428269590483545e+01 6.173790237952145432e+00 -4.883826192639032371e+01 -1.371610280228698242e+00 1.077428269590483545e+01 -1.371610280228698242e+00 6.055580423818497593e+00
2.830767985521130825e+01 -4.498577020577117835e+00 9.855241097156543617e+00 -4.498577020577117835e+00 1.531488541095765399e+01 3.710873591230971158e+00 9.855241097156543617e+00 3.710873591230971158e+00 2.255144813887289601e+01
1.610259105625470255e+01 -1.026621684150111768e+01 4.823862106146435735e+00 -1.026621684150111768e+01 -8.107733830299203248e+00 3.621604772772129888e+00 4.823862106146435735e+00 3.621604772772129888e+00 -6.010599629620587692e+00
-8.242524158253067057e+00 1.086469870327349163e+01 1.732101621618161147e+01 1.086469870327349163e+01 -2.687797145968660217e+01 9.193189617099697841e+00 1.732101621618161147e+01 9.193189617099697841e+00 -1.227731060489097281e+01
-1.002042683038616566e+01 -3.502366141292336810e+00 1.137348756411589612e+01 -3.502366141292336810e+00 -4.123693966398451494e+01 6.737239967713025024e+00 1.137348756411589612e+01 6.737239967713025024e+00 -6.634684736053650944e+00
-1.335648744991826753e+01 -4.854739593004831377e+00 7.140209299175667823e+00 -4.854739593004831377e+00 -4.198978224792468517e+00 -1.182756270752636368e-01 7.140209299175667823e+00 -1.182756270752636368e-01 1.672649961219798476e+00
3.402123137651234686e+01 -4.811581887220900633e+00 2.088860632342730739e+01 -4.811581887220900633e+00 3.581169039758650285e+01 -3.511104043901913663e+00 2.088860632342730739e+01 -3.511104043901913663e+00 3.929249846588098904e+01
-3.893517173250734942e+01 -9.362015305830343692e+00 6.729659536044168000e+00 -9.362015305830343692e+00 -3.821683168849904177e+01 3.649432015319594158e-01 6.729659536044168000e+00 3.649432015319594158e-01 -2.551497296517328550e+01
-3.560025342762957479e+01 6.072466117998790436e-01 5.859091122308730526e+00 6.072466117998790436e-01 -2.156671469407408281e+01 -5.916909432140210257e+00 5.859091122308730526e+00 -5.916909432140210257e+00 -2.878474925925644001e+01
-2.309627657369809484e+01 1.675075462018438710e+00 4.618737710803419105e+00 1.675075462018438710e+00 -2.583919402523278919e+01 -5.423928882437887289e-01 4.618737710803419105e+00 -5.423928882437887289e-01 -1.459623929566677702e+01
3.857390375875149768e+00 1.403028119704675980e+01 -9.584771318431065668e-01 1.403028119704675980e+01 -1.153227084026844373e+01 -6.520832458423735822e+00 -9.584771318431065668e-01 -6.520832458423735822e+00 7.170593626474086157e+00
-1.322815258428493657e+01 9.690046056506629313e+00 9.064735512693440356e+00 9.690046056506629313e+00 -4.253356184637073767e+00 8.212761086855453030e+00 9.064735512693440356e+00 8.212761086855453030e+00 -7.470655172042305558e+00
2.758527853512719119e+01 4.312737477720334667e+00 1.781905876719154236e+01 4.312737477720334667e+00 3.013064746926598758e+01 -2.428662548862835724e+00 1.781905876719154236e+01 -2.428662548862835724e+00 2.684087288106155000e+01
1.907877540924680915e+01 9.102537873436986615e+00 6.513195596854912672e+00 9.102537873436986615e+00 -6.409430271726670014e+00 -4.261364077374786064e+00 6.513195596854912672e+00 -4.261364077374786064e+00 1.202658348265337374e+01
-1.882511837001312571e+01 -5.405690825729057458e+00 9.528684634465580672e+00 -5.405690825729057458e+00 9.662014921578657711e-01 2.676144772853664033e+00 9.528684634465580672e+00 2.676144772853664033e+00 -6.143330228382153813e+00
-8.674834038662634361e-01 -2.520577267927127885e+00 1.042654806789207100e+01 -2.520577267927127885e+00 5.553914219418754961e+00 -1.096071642462225215e+00 1.042654806789207100e+01 -1.096071642462225215e+00 1.618844945986913331e+01
1.700770243122142755e+00 -6.124023842683178565e+00 8.292292256334540923e+00 -6.124023842683178565e+00 -2.955524772329961181e+01 -9.780659864462823094e+00 8.292292256334540923e+00 -9.780659864462823094e+00 -1.425103566208320771e+01
5.290315027773777956e+01 2.138845261236348705e+01 1.692342478625346658e+01 2.138845261236348705e+01 4.946404426263639209e+01 -5.379751931389358671e-02 1.692342478625346658e+01 -5.379751931389358671e-02 6.579121378717803736e+01
-3.401456536345636295e+01 1.490431498308384395e+00 5.620600836100393849e+00 1.490431498308384395e+00 -3.486758208789127167e+01 -3.796322821866625841e+00 5.620600836100393849e+00 -3.796322821866625841e+00 -2.596760502095686363e+01
7.529710919797196311e+00 3.247775257909397140e-01 8.992528163421660281e+00 3.247775257909397140e-01 1.107054162431616584e+00 8.372257297311133328e+00 8.992528163421660281e+00 8.372257297311133328e+00 1.252259825552271089e+01
3.111676850873676159e+01 1.903373029273509376e+00 -1.349845897406498629e-02 1.903373029273509376e+00 3.873284499368378420e+01 -7.399809357894711503e+00 -1.349845897406498629e-02 -7.399809357894711503e+00 2.570014190564003442e+01
-2.556801558476300684e+01 1.319410187493110875e+01 1.166966480505077008e+01 1.319410187493110875e+01 -5.505796107336250600e+01 -3.514771688368160341e+00 1.166966480505077008e+01 -3.514771688368160341e+00 -1.628017099489246533e+01
-1.320732541582178321e+01 -7.054358649254446334e-01 3.128257727857437498e+00 -7.054358649254446334e-01 -1.660963016796425862e+01 -4.767501977945857838e+00 3.128257727857437498e+00 -4.767501977945857838e+00 -1.411010906247923380e+01
2.219426476648715152e+01 -2.353481469255497061e+00 7.562120394862850148e+00 -2.353481469255497061e+00 -4.697225148406509176e-01 4.522455549197428759e+00 7.562120394862850148e+00 4.522455549197428759e+00 1.182374844500609434e+01
2.291708669666488873e+01 -5.866103532931412623e+00 1.557823118373245030e+01 -5.866103532931412623e+00 1.931453657375022814e+01 -4.745591065834956268e+00 1.557823118373245030e+01 -4.745591065834956268e+00 2.154802830431275140e+01
-3.229576035711087911e+01 -1.680414671801632664e+01 6.892628272164026626e+00 -1.680414671801632664e+01 -4.962330160682002855e+01 8.555559196687411827e+00 6.892628272164026626e+00 8.555559196687411827e+00 -3.758028631887175663e+01
-1.120404670053266649e+01 6.556741480000887634e+00 9.205043814109895806e+00 6.556741480000887634e+00 -1.142531172073353396e+01 -6.283009519264439291e+00 9.205043814109895806e+00 -6.283009519264439291e+00 -1.871379965144571500e+01
-2.683465916605462098e+01 -4.613418159123102491e+00 -3.765151759504217654e+00 -4.613418159123102491e+00 -2.560751707944712763e+01 -5.488792316520568093e+00 -3.765151759504217654e+00 -5.488792316520568093e+00 -2.961689758155873164e+01
7.682297864290014822e+00 -9.087388045631692446e-01 1.039674998163592212e+00 -9.087388045631692446e-01 -3.361247750735044892e+00 3.107650009999702867e+00 1.039674998163592212e+00 3.107650009999702867e+00 1.112649735320234079e+01
2.672916326713305324e+01 -3.805813895643791689e+00 1.310687726274027831e+01 -3.805813895643791689e+00 -1.222781523123787073e+00 -6.662754842040397918e+00 1.310687726274027831e+01 -6.662754842040397918e+00 8.667863353730741238e+00
3.744791235008198527e+01 -6.889376961623653095e+00 1.453585233555711831e+01 -6.889376961623653095e+00 2.520180851162954028e+01 7.622493892139058147e+00 1.453585233555711831e+01 7.622493892139058147e+00 1.876030211679614723e+01
-3.876828501127810256e+01 3.706763704024993888e+00 -3.050827621232505393e+00 3.706763704024993888e+00 -5.104468623609262323e+01 3.335105584016671010e+00 -3.050827621232505393e+00 3.335105584016671010e+00 -4.178827562566103637e+01
-4.847471855519647210e-01 -7.291663350219986128e+00 1.112996265879021252e+01 -7.291663350219986128e+00 -6.136698923278586015e+00 3.347120552446903208e+00 1.112996265879021252e+01 3.347120552446903208e+00 2.640667323318214699e+01
-4.770199046795188913e+00 -1.062300791233279718e+01 5.576500465265515238e+00 -1.062300791233279718e+01 -2.305927924431707510e+01 4.538214346148135903e+00 5.576500465265515238e+00 4.538214346148135903e+00 -8.105199173071163443e+00
3.635375817858039937e+01 8.590448557864361234e+00 4.551673638326715121e+00 8.590448557864361234e+00 3.083321834290440222e+01 -2.545406941047982929e+00 4.551673638326715121e+00 -2.545406941047982929e+00 2.788702666106103223e+01
1.472123608223726521e+01 1.064450877647760940e+01 1.452047839811787000e+01 1.064450877647760940e+01 -1.410815233899019994e+01 1.065483915152460526e+01 1.452047839811787000e+01 1.065483915152460526e+01 -3.672638304875565751e+00
