5.237274703838662759e+01 1.248053207868418113e+01 -1.887868041801779739e+01 1.248053207868418113e+01 -1.566929051603277578e+01 -7.202330322309801192e-01 -1.887868041801779739e+01 -7.202330322309801192e-01 4.462779368375942113e+01
-3.372793717692741922e+01 -6.295241572290591670e+00 -1.322688524830993195e+00 -6.295241572290591670e+00 -3.954745235437327011e+01 8.433395615869894446e-02 -1.322688524830993195e+00 8.433395615869894446e-02 -4.851056754895317624e+01
-3.172942118982367532e+01 6.155644811246343551e+00 4.139825348349876144e+00 6.155644811246343551e+00 -1.476143792135075472e+01 8.536278620154961416e+00 4.139825348349876144e+00 8.536278620154961416e+00 -4.894218037709894276e+01
2.536866101489287928e+01 2.039178687428714998e+00 1.716874055957244627e+00 2.039178687428714998e+00 7.422809613400990436e+00 5.457899023609821043e+00 1.716874055957244627e+00 5.457899023609821043e+00 3.420829258986606192e+01
-2.223690881482150417e+01 -5.123747836841731740e+00 6.009125271869493190e+00 -5.123747836841731740e+00 -4.948537917935475861e+01 -1.779589116829327411e+00 6.009125271869493190e+00 -1.779589116829327411e+00 -1.597857996185475926e+01
-2.292530693653268870e+01 8.821175703453645767e+00 -7.267546855129800587e-01 8.821175703453645767e+00 -2.901797021303354285e+01 -1.005143551215778759e-02 -7.267546855129800587e-01 -1.005143551215778759e-02 -2.406407714328581093e+01
1.199616081842272841e+01 5.071525722098808586e+00 1.315358199951728047e+01 5.071525722098808586e+00 -1.705348882229438345e+01 -1.088515658194539171e+01 1.315358199951728047e+01 -1.088515658194539171e+01 1.848597440143878856e+01
-2.356225063894446592e+01 4.224381158587472207e+00 -8.002487727535775974e+00 4.224381158587472207e+00 -4.925159279278944702e+00 2.555483546614283785e+00 -8.002487727535775974e+00 2.555483546614283785e+00 -3.548669475732767609e+01
-1.380326340260485729e+00 -1.632997407299268744e+01 -1.501411115713771949e+01 -1.632997407299268744e+01 -1.714345151692549507e+01 2.022517878714514694e+01 -1.501411115713771949e+01 2.022517878714514694e+01 -3.986728515925887173e+00
9.137072502885224878e+00 8.072668700483468740e+00 -7.448046490924895124e+00 8.072668700483468740e+00 2.238003398700964652e+01 -6.260857227417624848e+00 -7.448046490924895124e+00 -6.260857227417624848e+00 1.271160048519812413e+01
2.139759713353308967e+01 -1.035988395704090870e+01 -1.450434055679527212e+01 -1.035988395704090870e+01 4.154162603378490637e+00 -4.659854424267585449e-01 -1.450434055679527212e+01 -4.659854424267585449e-01 1.730003783117518878e+01
5.886303330717256976e+00 2.690006967578893793e+00 1.749755232968451812e+00 2.690006967578893793e+00 6.190582886258510165e+00 8.880033068855727185e-01 1.749755232968451812e+00 8.880033068855727185e-01 -2.452211663182876311e+00
1.600740504735561132e+01 4.265548150713061482e+00 -4.855124864640293580e+00 4.265548150713061482e+00 -4.046806512666303490e+01 -3.630270215922782318e-01 -4.855124864640293580e+00 -3.630270215922782318e-01 1.504761607215313646e+01
1.389136299607899971e+01 4.489531797641400090e-01 3.638927533715276552e-01 4.489531797641400090e-01 3.984081169779363663e+00 2.834218052899390106e+00 3.638927533715276552e-01 2.834218052899390106e+00 1.047920405875569116e+01
-1.854593749894362631e+01 -5.562408288604543394e+00 -3.942722300070798713e+00 -5.562408288604543394e+00 -1.492208108643958120e+01 -3.824336396693592821e+00 -3.942722300070798713e+00 -3.824336396693592821e+00 -2.168757678059630578e+01
2.901011697890222507e+01 2.317402071424226406e+01 -1.416862185804111540e+01 2.317402071424226406e+01 1.796999701742172917e+01 5.003241879938729042e+00 -1.416862185804111540e+01 5.003241879938729042e+00 4.021774223761877209e+01
1.012564031264847841e+01 1.176319718588348628e+01 -2.043227243726835507e+00 1.176319718588348628e+01 2.178205368116272922e+01 4.409630979793037753e+00 -2.043227243726835507e+00 4.409630979793037753e+00 2.688043352451786916e+01
-1.065231585272048953e+01 3.534223362205215935e+00 -1.595349047840813661e+01 3.534223362205215935e+00 -8.834609849150261596e+00 -7.845425980392334075e+00 -1.595349047840813661e+01 -7.845425980392334075e+00 -8.183955981717231154e+00
3.395721030269884722e+01 -4.812454005290610404e+00 -7.776434563659629262e+00 -4.812454005290610404e+00 5.311010178483958555e+01 4.719318561862532846e+00 -7.776434563659629262e+00 4.719318561862532846e+00 5.126266770788986094e+01
-1.328521606794953414e+01 6.331046900677223199e+00 -6.117740778988570938e+00 6.331046900677223199e+00 -1.605204862417297917e+01 -2.739957355706271969e+00 -6.117740778988570938e+00 -2.739957355706271969e+00 -1.947785388225858227e+01
-3.161665324480695460e+01 3.666015888949989421e+00 -1.609848072950511622e+01 3.666015888949989421e+00 -4.868109890348708291e+01 -2.874384313045728501e+00 -1.609848072950511622e+01 -2.874384313045728501e+00 -3.523501850531989987e+01
3.600417085105320325e+01 -1.313313105479438025e+00 -4.999566794166761419e+00 -1.313313105479438025e+00 1.667917817525345825e+01 7.464278336809386794e+00 -4.999566794166761419e+00 7.464278336809386794e+00 4.490126464320576360e+01
7.611291331346377032e-01 -6.214312731177231264e+00 5.023627645784749518e+00 -6.214312731177231264e+00 -4.720879353259810784e+01 3.192708915954223237e+00 5.023627645784749518e+00 3.192708915954223237e+00 -7.776596380987991219e-01
-3.169401649412057509e+01 -8.091936057395283655e+00 -5.140662820948355360e+00 -8.091936057395283655e+00 -2.079152488142881694e+01 -4.291307195745834413e+00 -5.140662820948355360e+00 -4.291307195745834413e+00 -4.336628620984616589e+01
1.631628692737393393e+01 4.628762463047384479e+00 -2.594359060165210451e+00 4.628762463047384479e+00 2.774488646877540887e+01 1.788896815468677293e+00 -2.594359060165210451e+00 1.788896815468677293e+00 2.791847319194018695e+01
3.880761450646865285e+01 -1.154066805272328722e+01 -1.229238663895885608e+01 -1.154066805272328722e+01 -4.409291599587343313e+01 5.508722084490861981e+00 -1.229238663895885608e+01 5.508722084490861981e+00 3.227989349032191058e+01
4.294269170020365323e+01 -4.806496684655034990e+00 1.660272333793350086e+01 -4.806496684655034990e+00 3.751918443191201646e+01 2.619509937446207193e+00 1.660272333793350086e+01 2.619509937446207193e+00 4.077724395468590046e+01
-3.579076865995045154e+01 -6.934146739226841660e+00 -1.780928757118104055e+00 -6.934146739226841660e+00 -7.058932789136525798e+01 5.182351881925502113e+00 -1.780928757118104055e+00 5.182351881925502113e+00 -4.122823644014561495e+01
-8.397693436243692133e+00 -6.398083217156059099e+00 2.415250581129331220e+00 -6.398083217156059099e+00 -3.131147206248617643e+00 1.835420742037464237e+01 2.415250581129331220e+00 1.835420742037464237e+01 -1.002699899816767903e+01
2.879805715901418495e+01 6.320237219159290376e+00 -9.333064462913426951e+00 6.320237219159290376e+00 1.278303550904510111e+01 1.798741053179730098e+00 -9.333064462913426951e+00 1.798741053179730098e+00 3.590796531080216880e+01
-3.194275319368956900e+01 -8.151562739317752104e+00 -1.833063074601723486e+01 -8.151562739317752104e+00 -6.026400940526754368e+01 -3.644700700587796049e+00 -1.833063074601723486e+01 -3.644700700587796049e+00 -3.458982550702131675e+01
4.244201090961627898e+00 3.203567048159530195e-01 5.460141308606507593e+00 3.203567048159530195e-01 -9.084981084935819240e+00 6.196596964726956536e+00 5.460141308606507593e+00 6.196596964726956536e+00 -5.663520013477595150e+00
2.736893497807023223e+01 -8.381749151025820410e+00 1.503547295245017068e+01 -8.381749151025820410e+00 2.121257056949548669e+01 8.313521009202222700e+00 1.503547295245017068e+01 8.313521009202222700e+00 3.437857885823943604e+01
2.298845487320243919e+01 1.407576864306804731e+00 1.663432232724659343e+00 1.407576864306804731e+00 1.858537349233816016e+01 -6.223514980619332171e+00 1.663432232724659343e+00 -6.223514980619332171e+00 2.795606331141280876e+01
2.329413774017323746e+01 -7.410581285987276612e-01 3.815843710962790070e+00 -7.410581285987276612e-01 2.700729450506030460e+01 2.153360884611266179e+00 3.815843710962790070e+00 2.153360884611266179e+00 4.023802472201621327e+01
1.850739549140310203e+01 9.093276100647665672e+00 -6.755404870471726220e+00 9.093276100647665672e+00 -1.017449091847800169e+01 -2.020454939369103364e+00 -6.755404870471726220e+00 -2.020454939369103364e+00 1.301257942843442272e+01
6.679934119283261751e+00 1.013807390569196443e+01 -4.966457130461742864e+00 1.013807390569196443e+01 1.979348405734287164e+00 5.234022829387840581e+00 -4.966457130461742864e+00 5.234022829387840581e+00 -8.398955404937014091e-01
2.050320086998889835e+01 7.437407523212233862e+00 3.904951538171621550e+00 7.437407523212233862e+00 4.708654319038168445e+00 3.145519530901094374e+00 3.904951538171621550e+00 3.145519530901094374e+00 1.399836502446415132e+01
3.477244912520533404e+01 -4.228559812333083201e+00 1.141163203650011937e+01 -4.228559812333083201e+00 1.877421079924744518e+01 -8.756237776198487310e+00 1.141163203650011937e+01 -8.756237776198487310e+00 1.850736749146673787e+01
-1.476208147377612256e+01 -2.906214972507401129e+00 6.112133900082591609e+00 -2.906214972507401129e+00 5.843276567566253465e-01 -1.608491272373050451e+00 6.112133900082591609e+00 -1.608491272373050451e+00 -1.978317690949021923e+01
-2.527442047109410694e+01 -7.905769970913024913e+00 8.174654352823047532e+00 -7.905769970913024913e+00 -2.715957068680781461e+01 1.153625336946102031e+01 8.174654352823047532e+00 1.153625336946102031e+01 -2.545903615334215786e+01
-4.001213451938439647e+01 4.323785979663933077e+00 1.916698334030096929e+00 4.323785979663933077e+00 -3.334651606837149984e+01 7.703669548945922152e+00 1.916698334030096929e+00 7.703669548945922152e+00 -4.064249621556194825e+01
-3.734516474721662149e+01 -3.728302819572698379e+00 9.928995174889074349e+00 -3.728302819572698379e+00 -3.828088532340479588e+01 -3.018465506499311779e+00 9.928995174889074349e+00 -3.018465506499311779e+00 -4.827577713778276092e+01
-8.286807318578636838e+00 -5.283556217377189057e+00 -5.808612132798018912e+00 -5.283556217377189057e+00 -7.201980049425654729e-01 5.362715085508631851e+00 -5.808612132798018912e+00 5.362715085508631851e+00 -5.089280416150397279e+00
-1.019217851946075015e+01 3.981791373368941844e+00 4.941885254721015142e-01 3.981791373368941844e+00 -1.231661588087831660e+01 -5.614219575020402253e+00 4.941885254721015142e-01 -5.614219575020402253e+00 -4.273201719011924915e+00
7.100353716584925756e+00 -3.680283844587944664e+00 -3.106732752545730669e+00 -3.680283844587944664e+00 -2.469338846807702126e+01 -1.999001235313559732e+01 -3.106732752545730669e+00 -1.999001235313559732e+01 1.458362455436904703e+01
-3.065761939313361495e+01 -1.002030104174884784e+01 -1.446666386459960663e+01 -1.002030104174884784e+01 -1.136434424334820470e+01 2.571647301473535485e+00 -1.446666386459960663e+01 2.571647301473535485e+00 -3.614186084873803395e+01
-3.352709790064390205e+01 -9.502130610707036240e+00 -4.874324640923043184e+00 -9.502130610707036240e+00 -4.683574006401915568e+01 5.019681921345988673e-01 -4.874324640923043184e+00 5.019681921345988673e-01 -3.525299358774692848e+01
-3.005614362858037936e+01 -1.022060758002928171e+00 9.819851482829980327e+00 -1.022060758002928171e+00 -2.331744355328581975e+01 7.494841097102180605e-01 9.819851482829980327e+00 7.494841097102180605e-01 -3.009940998973649329e+01
3.038243889297518052e+01 1.921148571367686131e+00 5.834605303582692803e-01 1.921148571367686131e+00 1.857791082028350260e+01 4.634118776943171980e+00 5.834605303582692803e-01 4.634118776943171980e+00 2.617974057712090996e+01
