7.093064786012015510e+00 -6.507059310149890585e+00 4.300249729918102837e+00 -6.507059310149890585e+00 -3.565491372756234068e+00 -1.384119432271932304e+01 4.300249729918102837e+00 -1.384119432271932304e+01 -4.701293022561727319e+00
-5.998150035762498611e+00 1.280827976973481874e+01 -1.586411985181985562e+00 1.280827976973481874e+01 -6.503848201711365107e+01 1.052100284020002618e+01 -1.586411985181985562e+00 1.052100284020002618e+01 -3.782540504691250050e+01
1.524630516327357022e+01 -1.319303390814048171e+01 1.912668684134752795e+01 -1.319303390814048171e+01 -3.809191297934086951e+00 -8.944145531418763895e+00 1.912668684134752795e+01 -8.944145531418763895e+00 2.505608970676659553e+01
-1.260788279020215263e+01 1.122540964295579080e+01 4.322627218510690206e+00 1.122540964295579080e+01 -6.683176458399090336e+01 2.503421381581449001e+00 4.322627218510690206e+00 2.503421381581449001e+00 -5.015229096115970897e+00
2.502345057170242271e+01 -1.316495469438895149e+01 1.133164458453965739e+00 -1.316495469438895149e+01 1.441523359719985109e+01 -2.803842506852447070e+00 1.133164458453965739e+00 -2.803842506852447070e+00 1.966590959789543547e+01
4.593395896195291073e+01 1.074647131946989909e+01 9.335885918767141689e+00 1.074647131946989909e+01 9.133669082714467535e+00 2.540903561667843036e+00 9.335885918767141689e+00 2.540903561667843036e+00 4.708718805305569077e+01
1.807115572708845619e+01 -1.235042575940344056e+00 7.438288065925714676e+00 -1.235042575940344056e+00 3.636994657086779625e+01 -2.443468396824958866e+00 7.438288065925714676e+00 -2.443468396824958866e+00 3.139291771815900489e+01
-2.664200715571289635e+01 2.588656302800590669e+00 -4.626115401707164843e+00 2.588656302800590669e+00 -4.146284764919616350e+01 -7.502523430201835097e+00 -4.626115401707164843e+00 -7.502523430201835097e+00 -3.018104890226386416e+01
-4.933772484908781064e-01 1.997530945660140134e+01 4.476571069101044742e+00 1.997530945660140134e+01 -4.536711106647474878e+01 8.128955941659429030e+00 4.476571069101044742e+00 8.128955941659429030e+00 8.792679038775876421e+00
-1.039464711752267867e+01 1.763205053089472685e+01 4.673817769556247725e-01 1.763205053089472685e+01 -3.713887504578156751e+01 4.199242576596812881e+00 4.673817769556247725e-01 4.199242576596812881e+00 -2.266399504084821714e+01
2.643226279556247604e+01 -1.714510696357790298e+00 5.946452082085134094e+00 -1.714510696357790298e+00 -1.393494587716653221e+01 2.855216036348424691e+00 5.946452082085134094e+00 2.855216036348424691e+00 1.060927539046122270e+01
1.774104053353134702e+01 -6.058540934771439623e+00 -4.490358401230255758e+00 -6.058540934771439623e+00 -1.338283774668990489e+01 1.333333817937879218e+01 -4.490358401230255758e+00 1.333333817937879218e+01 3.271052027235589321e+01
1.927051696527157887e+01 2.651436407780141558e+00 -8.750407169214824421e+00 2.651436407780141558e+00 1.608461278615304968e+00 2.174025901423462859e+00 -8.750407169214824421e+00 2.174025901423462859e+00 1.811070214044902826e+01
-1.080951940784810006e+01 1.180970969031452711e+01 -3.723045280943901414e+00 1.180970969031452711e+01 -1.835246993365834101e+01 -3.105236846855436283e+01 -3.723045280943901414e+00 -3.105236846855436283e+01 6.074179086754543988e+00
-2.116098578287659038e+01 -1.192080298557575802e+01 -1.022575019090984361e+00 -1.192080298557575802e+01 -2.943204113978175940e+01 6.243245994135892651e+00 -1.022575019090984361e+00 6.243245994135892651e+00 -1.994909597900401010e+01
-7.214001604580021265e+00 -9.105458803321059946e+00 3.426809302605809293e+00 -9.105458803321059946e+00 -2.973159386505867730e+01 -4.416345220423005813e-01 3.426809302605809293e+00 -4.416345220423005813e-01 1.563171381268145765e+01
4.930090810907992704e+01 1.936050895559394691e+00 -3.549590872594143853e+00 1.936050895559394691e+00 7.726129202415269681e+00 -8.598612857527083264e+00 -3.549590872594143853e+00 -8.598612857527083264e+00 4.759055748821725018e+01
-3.033288897627451774e+01 -2.442234834024865631e+00 7.231070871168613579e+00 -2.442234834024865631e+00 -4.293075910328317235e+01 -2.970729645904857552e+00 7.231070871168613579e+00 -2.970729645904857552e+00 -3.965550197386592401e+01
1.669698771145128902e+01 -2.257590173316229354e+01 -5.349088966901382136e+00 -2.257590173316229354e+01 -4.287376228444779969e+01 -1.058291509242588546e+01 -5.349088966901382136e+00 -1.058291509242588546e+01 1.689224651397810861e+00
8.558720022336604671e+00 -1.339154564845552509e+00 -3.594180000685577969e+00 -1.339154564845552509e+00 -1.655649738004927540e+00 1.580935550797444122e+01 -3.594180000685577969e+00 1.580935550797444122e+01 1.545732831134369079e+01
-8.794207212618683656e+00 -1.704261306032784695e+00 2.203926443283746595e-01 -1.704261306032784695e+00 -5.512455549698072588e+01 3.074906135627560211e+00 2.203926443283746595e-01 3.074906135627560211e+00 -2.776863801021784095e+00
1.643816485725880794e+00 1.880133417177872523e+00 -6.918951630877124614e+00 1.880133417177872523e+00 7.893360148412295274e+00 -5.097957484689779051e-01 -6.918951630877124614e+00 -5.097957484689779051e-01 -8.837063452154377829e-01
-3.289469354475407670e+00 -1.085389064867658249e+01 -4.587574841533200498e+00 -1.085389064867658249e+01 -1.497589224522027695e+00 1.531134312352767068e+01 -4.587574841533200498e+00 1.531134312352767068e+01 -2.636798072104872492e+00
-1.114330882910938492e+01 2.279041241371307702e+00 9.792818005645983703e+00 2.279041241371307702e+00 -3.724038421266462962e+01 -1.722746486210259675e+01 9.792818005645983703e+00 -1.722746486210259675e+01 -1.555011666309767371e+01
-6.537704453774582092e+00 6.435209822752849362e+00 1.243402608191295933e+01 6.435209822752849362e+00 -3.395269401379412955e+01 1.956811867459738608e+01 1.243402608191295933e+01 1.956811867459738608e+01 -2.575911949648856253e-02
-8.216190753117183831e+00 6.511588613981902363e-01 7.940650933421240509e+00 6.511588613981902363e-01 -3.783727227835881024e+01 2.102615230371396304e+00 7.940650933421240509e+00 2.102615230371396304e+00 -3.288054616686864051e+00
3.826819845606781456e+00 -2.458097824539280829e+00 -1.851714793366738121e+01 -2.458097824539280829e+00 -5.251932226254114511e+01 -9.813050300374301926e-01 -1.851714793366738121e+01 -9.813050300374301926e-01 -1.262486578596535125e+00
-4.097724741197999343e+00 4.053199457345736612e+00 -8.991233160104231459e+00 4.053199457345736612e+00 -3.823475007126346803e+00 9.026275754321867240e+00 -8.991233160104231459e+00 9.026275754321867240e+00 -2.418992166989616877e+01
-4.032126312237674171e+01 -4.882692385099062449e+00 1.246959344222427468e+01 -4.882692385099062449e+00 -4.485260750243501349e+01 5.256162677291100760e-01 1.246959344222427468e+01 5.256162677291100760e-01 -4.367928573795244773e+01
4.146510116049870298e+00 3.084251856595014996e+00 3.014500626863823918e+00 3.084251856595014996e+00 -2.743497686692061777e+01 -2.021147077602613251e+01 3.014500626863823918e+00 -2.021147077602613251e+01 1.884836216029077605e+01
-5.295687745255935219e+00 -1.512805123824542086e+01 2.419115860388102845e+01 -1.512805123824542086e+01 -1.972762218648181687e+01 -8.574502829039172269e+00 2.419115860388102845e+01 -8.574502829039172269e+00 -6.419110459957761528e+00
-2.087166208076189378e+01 3.907813484920536595e+00 4.083985789714986936e+00 3.907813484920536595e+00 -3.501222561829477797e+01 -6.922765041284381082e-01 4.083985789714986936e+00 -6.922765041284381082e-01 -2.207495038830663248e+01
1.235053026275362065e+01 7.233290013263811602e+00 1.550092248416017116e+00 7.233290013263811602e+00 -7.183173767374573693e+00 -7.206458611189161090e+00 1.550092248416017116e+00 -7.206458611189161090e+00 1.038224672299367057e+01
2.510668589133428341e+01 1.038222735391989637e+01 -4.007782253856832511e-01 1.038222735391989637e+01 -7.900601590078021097e+00 -1.454350622525343795e+01 -4.007782253856832511e-01 -1.454350622525343795e+01 2.727153758911996562e+01
-4.467901380066391370e-01 -6.594796399645055374e+00 -1.275413410602045516e+01 -6.594796399645055374e+00 -6.921106201003171066e+01 2.538520379872557342e+01 -1.275413410602045516e+01 2.538520379872557342e+01 -1.585309401654181904e+01
2.581356635579939862e+01 -5.549265413564791416e+00 8.186648878076623337e-01 -5.549265413564791416e+00 -2.702761340719301586e+01 3.804116283920069286e+00 8.186648878076623337e-01 3.804116283920069286e+00 4.108841313335433654e+01
2.594055893425824522e+01 3.588328156276652803e-01 3.943024113639033157e+00 3.588328156276652803e-01 -1.258936058503113387e+01 -8.286357731610811683e+00 3.943024113639033157e+00 -8.286357731610811683e+00 3.028511775415528184e+00
-2.298897769989875783e+01 8.046351511274075108e+00 -4.606412394721281500e-01 8.046351511274075108e+00 -1.685068970836429258e+01 4.985253111153667760e+00 -4.606412394721281500e-01 4.985253111153667760e+00 -3.273703446785892623e+01
-1.000002201444984351e+01 -1.006690072708453698e+01 1.298442625826419006e+00 -1.006690072708453698e+01 -4.507159500351492198e+01 -8.702905884449439355e+00 1.298442625826419006e+00 -8.702905884449439355e+00 -1.209782414422242347e+01
5.683508011648482849e+00 2.131479507113591687e+00 -1.854687795351716417e+01 2.131479507113591687e+00 -1.791098939568141901e+01 6.984449093786452956e+00 -1.854687795351716417e+01 6.984449093786452956e+00 -1.483825534933179036e+00
-2.244748186869675521e+01 -1.134280103720694477e+01 1.536172012078556115e+01 -1.134280103720694477e+01 -6.268282618699910103e+01 5.483896940836214817e+00 1.536172012078556115e+01 5.483896940836214817e+00 -8.324185343054965713e+00
8.538562852056973185e+00 -4.177207619339220912e+00 -3.430390658361367695e+00 -4.177207619339220912e+00 -2.284183121949702766e+01 1.028084679697634307e+01 -3.430390658361367695e+00 1.028084679697634307e+01 8.855112373921768310e+00
6.797542288676583944e+00 -3.447534724302807607e-01 1.556291652362907207e+01 -3.447534724302807607e-01 1.412882602047029090e+00 6.402673684261396547e-02 1.556291652362907207e+01 6.402673684261396547e-02 2.483939283675042375e+01
-1.458486658821786719e+01 -2.035652626165611778e+01 1.953252837184021429e+00 -2.035652626165611778e+01 -2.561773090249375429e+01 2.751749202241824399e+00 1.953252837184021429e+00 2.751749202241824399e+00 -1.247274159406638994e+01
1.144625750733506564e+01 1.691203827059315046e+01 -8.432393966960660237e+00 1.691203827059315046e+01 8.641257337770654745e-01 -1.506683494885669550e+00 -8.432393966960660237e+00 -1.506683494885669550e+00 6.264312162370021753e+00
-1.885628755709809568e+01 4.685906410620299667e+00 3.132594560037119891e+00 4.685906410620299667e+00 -1.931108140277873986e+01 1.381938495309647408e+01 3.132594560037119891e+00 1.381938495309647408e+01 -2.149103941042519139e+01
3.414036182810271214e+00 -6.825035867385016886e+00 -6.019082701682317627e+00 -6.825035867385016886e+00 1.427933467797052280e+01 1.180826214185382739e+01 -6.019082701682317627e+00 1.180826214185382739e+01 9.785933082739797229e+00
4.757696439777403441e+01 2.383087241451311122e+00 4.351373843735201419e+00 2.383087241451311122e+00 4.263431938373656749e+01 -4.442850104743414796e+00 4.351373843735201419e+00 -4.442850104743414796e+00 2.996020289734746456e+01
3.473739449441814453e-01 1.258136887331766474e+01 -1.228653876776930787e+01 1.258136887331766474e+01 2.361902770455228673e+00 -3.184282343326436671e+00 -1.228653876776930787e+01 -3.184282343326436671e+00 -3.569189619395074065e+00
4.772786945202442155e+01 6.634514069772267320e+00 -2.515963316101128111e+00 6.634514069772267320e+00 -1.322730744382989165e+01 3.589268528205043829e+00 -2.515963316101128111e+00 3.589268528205043829e+00 3.670308257517291395e+01
-1.925941759142343912e+01 -9.677443030592495887e+00 4.644784200271643293e-01 -9.677443030592495887e+00 -4.650558836019460784e+01 -3.378111181486687986e+00 4.644784200271643293e-01 -3.378111181486687986e+00 -3.369752164328640021e+01
2.974803990267540499e+01 -5.180373643332217171e+00 1.224896036229119467e+01 -5.180373643332217171e+00 -1.523111737017692668e+01 7.621839504663973308e+00 1.224896036229119467e+01 7.621839504663973308e+00 5.192228207546116181e+01
-2.295340416787818327e+01 -5.931446704254587310e+00 1.118565653682951755e+01 -5.931446704254587310e+00 -2.546279649923247845e+01 5.740950701530791456e+00 1.118565653682951755e+01 5.740950701530791456e+00 -5.461012310051700958e+00
-8.605535767578194051e-01 -3.733584549793167895e+00 3.914790276297782423e+00 -3.733584549793167895e+00 -1.710673789623713148e+01 -9.662038653985645098e+00 3.914790276297782423e+00 -9.662038653985645098e+00 -3.152940575748987229e+01
-9.908967970129749503e+00 1.563292725296648555e+01 -1.075966278465357107e+01 1.563292725296648555e+01 -5.531216605612404358e+00 -5.314568918810284259e+00 -1.075966278465357107e+01 -5.314568918810284259e+00 -2.662970616420201253e+01
-8.517115370649136707e+00 4.993495103258287493e-01 2.691165418649052121e+00 4.993495103258287493e-01 -5.275198334886643181e+01 -5.921074735158760483e+00 2.691165418649052121e+00 -5.921074735158760483e+00 -3.985074830537846502e+00
3.206494797940200669e+01 -3.914022659457641495e+00 -1.059437774170264568e+01 -3.914022659457641495e+00 3.318901190871093121e+01 1.749188540332333730e+01 -1.059437774170264568e+01 1.749188540332333730e+01 3.218472708761423462e+01
2.600556166455731955e+01 -2.474343868447725470e+00 -2.077183778882722542e+00 -2.474343868447725470e+00 2.826298651976198428e+01 1.647023594838556093e+00 -2.077183778882722542e+00 1.647023594838556093e+00 2.416164956449290102e+01
-2.139096192160950594e+01 1.136624962074402667e+01 1.494150336524753087e+01 1.136624962074402667e+01 -6.882598750296820356e+01 1.046213086849040685e+01 1.494150336524753087e+01 1.046213086849040685e+01 -2.046802716930287147e+01
-1.784617331004518448e+01 -2.661214928549113790e+00 -3.337654342686363851e+00 -2.661214928549113790e+00 -6.480842072765368300e+01 -1.650702811576460860e+01 -3.337654342686363851e+00 -1.650702811576460860e+01 -1.272135975526669505e+01
-6.193871245829281058e+00 -1.356305320194905795e+00 1.214366127306627297e+00 -1.356305320194905795e+00 -4.513607296588976681e+01 2.084923482803028971e+00 1.214366127306627297e+00 2.084923482803028971e+00 -5.136839411839384084e+00
5.814527556470852065e-01 -6.412998164607675911e+00 -5.060958880709664598e+00 -6.412998164607675911e+00 5.590847117511697384e+00 -1.169661556152481907e+00 -5.060958880709664598e+00 -1.169661556152481907e+00 2.283032200733403183e+00
-2.138005849151889848e+01 1.947330168491344793e+01 -1.066109812468132390e+01 1.947330168491344793e+01 -1.608414753104448280e+01 5.140826483821929749e+00 -1.066109812468132390e+01 5.140826483821929749e+00 -2.454564439927792208e+01
1.986475613087865710e+01 1.096937262947662539e+01 7.195447313052000915e+00 1.096937262947662539e+01 -3.510977451685754147e+01 2.058908256690977101e+00 7.195447313052000915e+00 2.058908256690977101e+00 4.684685170457139947e+01
-3.227916137328278268e+01 3.224571849565105897e+00 3.963438623445167952e+00 3.224571849565105897e+00 -1.438193373976342926e+01 1.323294135468336030e+01 3.963438623445167952e+00 1.323294135468336030e+01 -3.374595552623114258e+01
1.881251292880615367e+01 1.977669751976090406e+00 -1.032987761026624796e+01 1.977669751976090406e+00 8.328994202678881464e+00 8.184328464692065097e+00 -1.032987761026624796e+01 8.184328464692065097e+00 3.057122517967527742e+01
-1.901764166930164279e+01 -1.501196929258852952e+00 6.733178369471849223e+00 -1.501196929258852952e+00 -4.243854272074174361e+01 4.430794368355658541e+00 6.733178369471849223e+00 4.430794368355658541e+00 -2.289745911546545898e+01
1.472718264290293533e+01 -7.090885483588198923e+00 1.427697856702916823e+01 -7.090885483588198923e+00 -4.312741999942456772e+01 -6.170723251392459474e+00 1.427697856702916823e+01 -6.170723251392459474e+00 -2.119242127552316646e+01
4.932621965498635319e+01 -5.928737018231108102e+00 3.448364054804047729e+00 -5.928737018231108102e+00 5.099715915995676419e+00 2.418058195396907806e+00 3.448364054804047729e+00 2.418058195396907806e+00 4.162752605125214700e+01
9.263448404802587799e-01 -1.006658258332712919e+01 8.965860027327124948e-01 -1.006658258332712919e+01 8.337025587377302926e+00 1.123768287662052057e+00 8.965860027327124948e-01 1.123768287662052057e+00 -1.993154514206738170e+01
2.039508265080108274e+01 -6.214414033759178002e-01 1.987010508606310211e+01 -6.214414033759178002e-01 -2.005500450624731457e+01 -1.339927850107926233e+01 1.987010508606310211e+01 -1.339927850107926233e+01 9.010801279964759658e+00
-3.086260203699824345e+01 -6.243678081033819716e+00 5.270925302915935307e-01 -6.243678081033819716e+00 -6.509318589623863716e+01 -2.668500142788118090e+00 5.270925302915935307e-01 -2.668500142788118090e+00 -3.953505637894231484e+01
6.447495955488469654e+00 -7.019493678502379375e+00 1.287039413150807166e+00 -7.019493678502379375e+00 1.739028749703100507e+00 4.401837727570682701e-01 1.287039413150807166e+00 4.401837727570682701e-01 6.165621846973230014e+00
4.751133010521411393e+01 -4.612598658447263134e+00 2.694099306205213651e+01 -4.612598658447263134e+00 3.755545430339207513e+01 2.228101049721572480e+01 2.694099306205213651e+01 2.228101049721572480e+01 5.752257896043277441e+01
-4.951064226742369101e+01 -6.482634483892635302e+00 1.106193590045579533e+01 -6.482634483892635302e+00 -8.552648982414666534e+01 -4.648772831050386856e+00 1.106193590045579533e+01 -4.648772831050386856e+00 -4.035752073257420136e+01
-2.332710350788426368e+01 -4.284448207557695731e+00 1.446235795476642716e+00 -4.284448207557695731e+00 -3.870627675885756958e+01 -9.306050571427597617e+00 1.446235795476642716e+00 -9.306050571427597617e+00 -4.830067759436028041e+01
1.823190883149008235e+00 -1.124046790526470829e+01 5.919910561501921187e+00 -1.124046790526470829e+01 -3.775506417924339075e+01 6.061214193787408888e+00 5.919910561501921187e+00 6.061214193787408888e+00 3.296736175417549930e+01
2.215221470318110786e+00 -8.153213542419702753e-01 -7.430419280373115498e+00 -8.153213542419702753e-01 -2.023459913408663624e+01 7.790041900001212660e+00 -7.430419280373115498e+00 7.790041900001212660e+00 8.851304922514188211e-01
6.050145747253408146e+00 -8.860186887711508419e+00 2.690238300855589682e+00 -8.860186887711508419e+00 -9.169896956413506217e+00 1.718644541868629805e+00 2.690238300855589682e+00 1.718644541868629805e+00 -1.115766555816339078e+01
5.230678729627341284e+01 -1.057117032908062981e+01 -2.397945514475404938e+00 -1.057117032908062981e+01 -1.595576411730834998e+01 8.438828033488681157e+00 -2.397945514475404938e+00 8.438828033488681157e+00 4.811400981568282731e+01
-2.109599723018381212e+01 -5.007127671471943486e+00 9.341605668611400404e+00 -5.007127671471943486e+00 -6.463901990729243607e+01 -1.293484422324253735e+01 9.341605668611400404e+00 -1.293484422324253735e+01 -9.498970513574672481e+00
-1.446245215442806575e+01 -2.580134915487236391e+00 1.814569045774458322e+00 -2.580134915487236391e+00 -2.385733376852698484e+01 -1.860398725232825967e+01 1.814569045774458322e+00 -1.860398725232825967e+01 -1.181117836081365802e+01
2.035583351876930536e+01 5.495542564176533418e+00 4.841375299711644153e+00 5.495542564176533418e+00 -1.457626615284778815e+01 -1.101041172697919457e+00 4.841375299711644153e+00 -1.101041172697919457e+00 3.151666021441077703e+01
4.388352025514713262e+00 -4.933981992555702689e+00 -3.574215698105586370e+00 -4.933981992555702689e+00 -2.224664181907776950e+01 1.292136035104680225e+01 -3.574215698105586370e+00 1.292136035104680225e+01 8.343618837971403579e+00
3.219075262694494910e+01 -2.364209249301493010e+00 -1.671125191385239628e+00 -2.364209249301493010e+00 3.220029941883309021e+01 2.064596381969623806e+00 -1.671125191385239628e+00 2.064596381969623806e+00 3.436563563411248623e+01
3.500229675655830164e+01 2.132105348327200289e+01 1.669681521006696912e+01 2.132105348327200289e+01 -1.586948331500095399e+01 1.141759982350373903e+00 1.669681521006696912e+01 1.141759982350373903e+00 -1.779754144065138632e+01
2.772813731183948960e+01 -6.484057166480688750e+00 -6.105250094146666306e+00 -6.484057166480688750e+00 -4.886899153715758892e+00 5.080763331797141902e+00 -6.105250094146666306e+00 5.080763331797141902e+00 4.696306349426266991e+01
8.045531086298140622e+00 -9.909482331351361140e+00 1.669583675743597562e+00 -9.909482331351361140e+00 -6.017417035032891448e+01 -3.454489795641648708e+00 1.669583675743597562e+00 -3.454489795641648708e+00 -2.725570429838962028e+01
4.520165121240584227e+00 4.985947046904872226e-01 -3.050797953227009529e+00 4.985947046904872226e-01 -2.625980259775391090e+01 1.065182144264567476e+01 -3.050797953227009529e+00 1.065182144264567476e+01 -8.947030130764753508e+00
-1.182993302530390839e-01 -9.555356587609473706e-01 2.818196382515818055e+00 -9.555356587609473706e-01 -4.982538795884509142e+01 -7.689593545625121429e+00 2.818196382515818055e+00 -7.689593545625121429e+00 1.895481807684072706e+01
-1.788046660058909154e+01 8.452390287369183852e+00 2.932069723220120938e+00 8.452390287369183852e+00 -2.269123237422900985e+01 3.664376813934039134e+00 2.932069723220120938e+00 3.664376813934039134e+00 -8.836073883919373984e+00
1.267340176873904545e+00 -2.244513967573717750e+01 1.768161822430003838e+01 -2.244513967573717750e+01 -4.983852414418015542e+01 -1.837343840639330850e+01 1.768161822430003838e+01 -1.837343840639330850e+01 -1.145959507694455759e+01
5.699310716706656876e+01 1.384142062222781888e+01 -6.081501596394358167e+00 1.384142062222781888e+01 1.809609263481869013e+00 4.611064430176701201e-01 -6.081501596394358167e+00 4.611064430176701201e-01 5.734960399241505513e+01
1.134571722808014549e+00 -1.578042188306372662e+00 1.852768102263921790e+01 -1.578042188306372662e+00 -2.672974951305455349e+01 3.218320277333627466e+00 1.852768102263921790e+01 3.218320277333627466e+00 -1.524892094324946257e+01
-1.960623497660337833e+01 -1.412705342892417626e+01 -4.257360218778001859e-01 -1.412705342892417626e+01 1.445168884956531952e-01 2.072679725066479151e+01 -4.257360218778001859e-01 2.072679725066479151e+01 -1.458170003093761125e+01
4.481141960337443919e+01 5.187705439100820382e-01 -5.490441827304226585e+00 5.187705439100820382e-01 2.476851995296244269e+01 3.927785793020871274e+00 -5.490441827304226585e+00 3.927785793020871274e+00 4.859043985709504909e+01
1.976891099434018884e+01 -4.670844668010593281e+00 -7.895197889157826943e+00 -4.670844668010593281e+00 -2.022046579128052457e+01 3.234332411331822144e+00 -7.895197889157826943e+00 3.234332411331822144e+00 5.866069786267543051e+00
-7.590035040582728598e+00 -1.903540748294811280e+01 -1.818154800838784890e+00 -1.903540748294811280e+01 -3.913480595795459749e+01 3.543519390605044173e+00 -1.818154800838784890e+00 3.543519390605044173e+00 1.935931738609194852e+01
1.734921955783802971e+01 -4.220608176475824536e+00 -6.804827897566304573e-01 -4.220608176475824536e+00 1.200278740169777514e+01 -3.614079073832570099e-01 -6.804827897566304573e-01 -3.614079073832570099e-01 2.347554662725383423e+01
3.573600402499894813e+01 8.894873046412882900e+00 4.747120304646918143e+00 8.894873046412882900e+00 5.273891610599634738e+00 -6.954856118509287199e+00 4.747120304646918143e+00 -6.954856118509287199e+00 3.314345238060302989e+01
1.946265351646446717e+01 1.902602408959704006e+00 4.677862795626532844e+00 1.902602408959704006e+00 -1.500923937705476874e+01 2.069130908074593655e+00 4.677862795626532844e+00 2.069130908074593655e+00 1.839350907768828236e+01
1.352606398198185111e+01 1.731788796838728661e+00 6.234401432095905804e+00 1.731788796838728661e+00 -3.403549084089030430e+01 7.927096924056165506e+00 6.234401432095905804e+00 7.927096924056165506e+00 1.834751257667892599e+00
-1.736356346678107621e-01 1.824328399657160205e+00 1.415340900807361102e+01 1.824328399657160205e+00 -4.113496438843354497e+01 -8.402263739076559546e+00 1.415340900807361102e+01 -8.402263739076559546e+00 -6.742515763174507626e+00
2.286074045222209250e+01 1.542150004064283486e+00 -1.425218284807799662e+01 1.542150004064283486e+00 -1.870676059163433891e+01 1.839916209256999835e+01 -1.425218284807799662e+01 1.839916209256999835e+01 3.555410754383643024e+01
1.149111534058744866e+01 -7.309998455305746212e+00 7.199160503290151780e+00 -7.309998455305746212e+00 -3.488268387681242189e+01 7.441595186751055913e+00 7.199160503290151780e+00 7.441595186751055913e+00 -4.779725119781056186e+00
5.515484415389573059e+01 4.294077885539747744e-03 -1.799540514183801676e+01 4.294077885539747744e-03 -1.112436748457238522e+01 -3.093486037316113269e+00 -1.799540514183801676e+01 -3.093486037316113269e+00 3.195056792198231577e+01
5.244962094316824874e+01 -2.559976721865293925e+01 -5.071658228381981992e+00 -2.559976721865293925e+01 6.944128316500384202e+00 -1.016993380778963996e+01 -5.071658228381981992e+00 -1.016993380778963996e+01 4.118350369458585902e+01
-2.242603002143658841e+01 2.266150646342946384e+00 -6.246995794156052106e+00 2.266150646342946384e+00 -6.819693408486085850e+00 -1.055739199143733842e+01 -6.246995794156052106e+00 -1.055739199143733842e+01 -3.576868951092151150e+01
-3.296337588020690390e+01 2.106530429057089648e+01 9.145910215226489726e+00 2.106530429057089648e+01 -1.637303851808141175e+01 -9.534866060195193782e+00 9.145910215226489726e+00 -9.534866060195193782e+00 -5.362199222429214274e+01
-1.611952109603932115e+01 4.342090238990366835e+00 -6.380974413585930094e+00 4.342090238990366835e+00 -2.649840873456745172e+01 8.343860509289854122e+00 -6.380974413585930094e+00 8.343860509289854122e+00 -2.253203042675932366e+01
2.360996250935626151e+01 -3.988789669066747923e+00 5.814497844582473540e+00 -3.988789669066747923e+00 -2.835005984177842109e+01 6.835806007573037135e+00 5.814497844582473540e+00 6.835806007573037135e+00 9.648851803512139114e+00
-1.743053895906315320e+00 1.035265744469018934e+01 1.613512731189031157e+01 1.035265744469018934e+01 -5.822539217815060653e+01 5.159007041507643443e+00 1.613512731189031157e+01 5.159007041507643443e+00 -5.696567569747633897e+00
-1.029338358078647175e+01 1.916549998286486911e+01 8.925100478408333871e+00 1.916549998286486911e+01 -4.323691943682488414e+01 -5.512205975174270911e+00 8.925100478408333871e+00 -5.512205975174270911e+00 -2.506973408730115871e+00
6.664384535570244239e+00 1.414308630105258402e+01 -2.448837194204704915e-01 1.414308630105258402e+01 -2.510044980253317348e+01 -1.635724813222248608e+00 -2.448837194204704915e-01 -1.635724813222248608e+00 7.307854187259512635e+00
-1.189743973589367343e+01 1.049989162204327187e+01 7.481789314527627077e-01 1.049989162204327187e+01 -2.159905804868206758e+01 -4.651946408856251658e+00 7.481789314527627077e-01 -4.651946408856251658e+00 -1.797904439037078816e+01
4.209382221724448669e+01 -1.078177917064140878e+01 -2.641005530492729125e+00 -1.078177917064140878e+01 -3.037094549221085060e+01 1.050166265944560529e+01 -2.641005530492729125e+00 1.050166265944560529e+01 2.192487747928137054e+01
3.396923485852961022e+01 -3.737512704728101487e-01 -1.309876315076788345e+01 -3.737512704728101487e-01 3.463912740188416706e+01 -7.441767852450431597e+00 -1.309876315076788345e+01 -7.441767852450431597e+00 3.860310984561186132e+01
-4.221546790711530051e+00 -7.073240193881559001e+00 2.302025882113303723e+00 -7.073240193881559001e+00 -4.122340073480715006e+01 -1.023820631971003481e+00 2.302025882113303723e+00 -1.023820631971003481e+00 -4.082075715749060585e+00
4.003013492320905442e+01 2.272391933970116629e+00 -3.984425819123842860e+00 2.272391933970116629e+00 -8.986201595462974367e+00 -1.231156562700095414e+01 -3.984425819123842860e+00 -1.231156562700095414e+01 1.768458687426595333e+01
-2.928339823951263199e+01 -8.509853616471929172e+00 -1.140985568837813879e+01 -8.509853616471929172e+00 -1.814686869032309602e+01 7.963893782779199348e+00 -1.140985568837813879e+01 7.963893782779199348e+00 -4.872820711307936392e+01
-4.590274089318914896e+00 2.944109742034370925e+00 -7.427291512213333391e+00 2.944109742034370925e+00 -1.580494993726754771e+01 5.274170031145224424e-01 -7.427291512213333391e+00 5.274170031145224424e-01 -3.161869754796601484e+00
3.545433343606426035e+00 -5.118999075117777409e+00 6.081619517057102797e+00 -5.118999075117777409e+00 -5.119023101773218798e+01 6.198283945885895818e+00 6.081619517057102797e+00 6.198283945885895818e+00 1.649947970826278087e+00
-5.721801373531630652e+00 -7.363216368146476398e+00 -1.275185997758953960e+01 -7.363216368146476398e+00 -3.099751733048022118e+01 7.246289363498554792e+00 -1.275185997758953960e+01 7.246289363498554792e+00 -1.522927010794041891e+01
6.494549853249014681e+00 6.632297907306998752e+00 1.123318996904281875e+01 6.632297907306998752e+00 -2.911808539824867736e+01 -1.503177538708587235e+01 1.123318996904281875e+01 -1.503177538708587235e+01 -2.238328118027341773e+00
2.114142025237536515e+01 -2.842105125069298133e+00 1.538698439806513107e+00 -2.842105125069298133e+00 -3.469295117865974021e+01 -1.334520705708611565e+01 1.538698439806513107e+00 -1.334520705708611565e+01 3.310585534638613581e+01
2.898825131718030690e+01 3.304290172540956583e+00 2.170233981227587350e+01 3.304290172540956583e+00 1.452813835687275201e+01 4.588955741806069355e+00 2.170233981227587350e+01 4.588955741806069355e+00 3.711196765840902145e+01
6.207298209149214330e+01 8.230793471145045004e+00 -1.181422360561713703e+01 8.230793471145045004e+00 1.649893554183665856e+01 -6.598712647696970635e+00 -1.181422360561713703e+01 -6.598712647696970635e+00 5.905187213720325445e+01
4.249882886558299333e+01 -7.721937957676577646e+00 5.950913159934532182e+00 -7.721937957676577646e+00 -2.948339667496257199e+00 1.555866967849494298e+00 5.950913159934532182e+00 1.555866967849494298e+00 4.009241457064607062e+01
-2.084962131107476324e+01 3.746537214144056716e+00 3.850060157761617585e+00 3.746537214144056716e+00 -1.559727524400474508e+01 -1.817644835172978546e+01 3.850060157761617585e+00 -1.817644835172978546e+01 -2.004278335541572975e+00
1.386986960101009281e+01 3.918476065916475792e-01 5.266975776343773674e+00 3.918476065916475792e-01 -1.551745943862598764e+01 1.310341840941162950e+01 5.266975776343773674e+00 1.310341840941162950e+01 5.647083383221404240e+00
2.666615952295848047e+01 1.868617249531673574e-01 2.128329496388186914e+00 1.868617249531673574e-01 1.097651323203294105e+01 1.250804351279130344e+01 2.128329496388186914e+00 1.250804351279130344e+01 3.054401896792186122e+01
-1.701926206488361970e+01 2.755872771850679026e+00 2.388305494419205388e+01 2.755872771850679026e+00 -6.820702653150682693e+01 -3.590661389519482771e+00 2.388305494419205388e+01 -3.590661389519482771e+00 -4.095757226280179353e+00
1.437107113409880021e+01 6.517531773488953739e+00 -1.492345978524359218e+01 6.517531773488953739e+00 -5.406777960339216094e+01 -1.217130241893334208e+01 -1.492345978524359218e+01 -1.217130241893334208e+01 -1.377358542314300882e+00
6.606243504675975942e+01 7.094826538404320537e+00 -3.109409306035479936e+00 7.094826538404320537e+00 -4.258146148353122662e+00 -1.665061079466419613e+01 -3.109409306035479936e+00 -1.665061079466419613e+01 5.173352889216402417e+01
9.978375596804353265e+00 1.530181060045289065e+01 -2.505231885654252810e+00 1.530181060045289065e+01 1.151229248376768410e+01 1.218623120408133076e+01 -2.505231885654252810e+00 1.218623120408133076e+01 2.018586473823383542e+01
-3.136519954165324364e+00 -1.198311775044123806e+01 1.907748485725911269e+00 -1.198311775044123806e+01 -2.928546815817357185e+01 -1.204901537406443524e+01 1.907748485725911269e+00 -1.204901537406443524e+01 -1.998270070572188217e+01
-3.229039349978901186e+01 7.784744700680114704e+00 -2.799541336266369473e+00 7.784744700680114704e+00 -2.542313612574859505e+01 -4.630609683248104735e-01 -2.799541336266369473e+00 -4.630609683248104735e-01 -3.476216154840834349e+01
4.113915782641170438e+01 5.308366333877970966e+00 5.994032623689445671e+00 5.308366333877970966e+00 1.338117086482164275e+01 -8.701272203521508430e+00 5.994032623689445671e+00 -8.701272203521508430e+00 4.392544418783924698e+01
-1.404524434746882022e+01 1.729207913042625000e+00 4.382539157038618960e+00 1.729207913042625000e+00 -5.223636476002347706e+01 -7.386311046628724064e+00 4.382539157038618960e+00 -7.386311046628724064e+00 2.994355031160692349e+00
-6.430954281736250167e+00 -1.232371567331796847e+01 1.610177806314787574e+01 -1.232371567331796847e+01 -3.707782465433240304e+01 8.576393455617669304e+00 1.610177806314787574e+01 8.576393455617669304e+00 -1.351910236688627975e+01
5.651973522372656156e+00 1.350991592598498947e+01 1.685099745362025914e+01 1.350991592598498947e+01 -4.800895948080204079e+01 -1.114451140828840181e+01 1.685099745362025914e+01 -1.114451140828840181e+01 9.840161665862241946e+00
-2.095803876159952850e+01 3.348759366027383333e+00 -9.654452786904238693e+00 3.348759366027383333e+00 -6.026806210183683987e+01 5.795061506706367993e+00 -9.654452786904238693e+00 5.795061506706367993e+00 -2.529639149114088426e+01
3.420629492651649883e+01 7.956719112006410022e+00 -4.875295427372679846e+00 7.956719112006410022e+00 8.875383188387290900e+00 -6.455070261586244307e+00 -4.875295427372679846e+00 -6.455070261586244307e+00 2.540519477935367476e+01
2.935251672958995783e+01 1.352427264488428449e+01 4.127823635845336625e+00 1.352427264488428449e+01 -3.506486456877863844e+01 -1.860327108985537770e-02 4.127823635845336625e+00 -1.860327108985537770e-02 9.911366811472971605e+00
-2.013589140483468043e+01 -2.001108139539126141e-01 1.427459114770502424e+01 -2.001108139539126141e-01 -7.163395309714520920e+01 1.487763459630007468e+01 1.427459114770502424e+01 1.487763459630007468e+01 -1.865311145703574525e+01
-4.366860310797680711e+01 -5.981666161781628688e+00 -1.122703811169111532e+01 -5.981666161781628688e+00 -4.656066269138199232e+01 -6.208947396845900357e+00 -1.122703811169111532e+01 -6.208947396845900357e+00 -4.586355262591476389e+01
5.624704924024410246e+01 -8.407436817788635608e+00 -4.268447719913390337e+00 -8.407436817788635608e+00 6.160220926731736490e+00 -5.936683250713779003e+00 -4.268447719913390337e+00 -5.936683250713779003e+00 4.753345580575746254e+01
4.323473151776284595e+01 7.005962471905620603e+00 1.089962419171083141e+01 7.005962471905620603e+00 1.762937638069212554e+01 8.842532293274512512e+00 1.089962419171083141e+01 8.842532293274512512e+00 3.680092988851278335e+01
1.751631718967036733e+01 4.914890571853179901e-01 -5.531064129669853280e+00 4.914890571853179901e-01 4.014487715798058787e+01 8.599236361477245794e+00 -5.531064129669853280e+00 8.599236361477245794e+00 4.050249839671297991e+01
1.955899728810424065e+01 -5.448549244565193739e+00 -1.242696071567243798e+01 -5.448549244565193739e+00 1.029260157880213411e+00 2.318283339346205807e+01 -1.242696071567243798e+01 2.318283339346205807e+01 3.032824298543004726e+00
1.925622493835941640e+00 -2.110803613883789787e+00 1.959277747816887238e+00 -2.110803613883789787e+00 -1.895596026000751166e+01 -1.002159953334992082e+00 1.959277747816887238e+00 -1.002159953334992082e+00 2.581218978663765817e+00
-3.607871505127183687e-01 -2.239734400378999624e+00 -1.338467497168594100e+01 -2.239734400378999624e+00 -4.625263820943306570e+01 9.457314697946801019e+00 -1.338467497168594100e+01 9.457314697946801019e+00 1.398470792079617997e+00
-1.320718846249488720e+01 -9.289482361215826600e+00 -7.237657360183313848e-01 -9.289482361215826600e+00 -7.529601544454696693e+01 3.200139485997021183e+01 -7.237657360183313848e-01 3.200139485997021183e+01 -2.323630773543649042e+01
7.570745416849982590e+00 6.487003456646101007e+00 5.168488925218348129e+00 6.487003456646101007e+00 1.190459542528936332e+01 -2.163901302357502665e+00 5.168488925218348129e+00 -2.163901302357502665e+00 -6.649595994438749713e+00
-1.412755744237605349e+01 -1.566210231583236734e+01 6.402419441024347790e+00 -1.566210231583236734e+01 -3.352395907593916746e+01 3.119558718053148549e+00 6.402419441024347790e+00 3.119558718053148549e+00 -3.161806165333568686e+01
-1.769669239723629772e+01 -7.288767951940456902e-01 2.315984301169508264e+00 -7.288767951940456902e-01 -5.129715965691061541e+01 -9.969645918678048391e-01 2.315984301169508264e+00 -9.969645918678048391e-01 -1.048547898284241420e+01
7.918863533815169831e+00 -6.183963300151591902e+00 -1.566799509999507789e+00 -6.183963300151591902e+00 -8.138874983347249570e-01 3.776419270823327956e+00 -1.566799509999507789e+00 3.776419270823327956e+00 5.108126928164686831e+00
7.097936428965763156e+00 4.305852839881890048e+00 -5.382635842240988566e+00 4.305852839881890048e+00 -2.605225424378302890e+01 1.045286193157095944e+01 -5.382635842240988566e+00 1.045286193157095944e+01 1.166126051677787601e+01
4.469224071502091533e+01 5.326948137912402181e+00 -5.412039646680237404e+00 5.326948137912402181e+00 4.791970768750788423e+00 3.093947155164901375e+00 -5.412039646680237404e+00 3.093947155164901375e+00 3.753270596865537101e+01
3.623853188550548765e+01 -1.250958453184957975e+01 -1.026066884892815390e+00 -1.250958453184957975e+01 1.293384404424373635e+01 2.094319743082197860e+01 -1.026066884892815390e+00 2.094319743082197860e+01 3.788524620229074458e+01
-1.180753584961893310e+01 -1.357290104970156364e+01 6.359679129467464165e+00 -1.357290104970156364e+01 -1.210615593283236002e+01 7.433386215068047420e+00 6.359679129467464165e+00 7.433386215068047420e+00 -2.603419020529259598e+01
-1.501696153600668104e+01 -3.716342362105711228e-01 6.122645152872955521e+00 -3.716342362105711228e-01 -9.402965578483327036e+00 1.722951986333762875e+01 6.122645152872955521e+00 1.722951986333762875e+01 -2.269254098243827400e+01
1.501310423933759886e+01 -1.668450403774157431e+00 1.124176403006949210e+00 -1.668450403774157431e+00 -1.210438697468167035e+01 2.360661897165989487e+01 1.124176403006949210e+00 2.360661897165989487e+01 4.339802102556356544e+01
-1.883358868407437470e+01 -1.926444679345771149e+01 5.422040173860477097e+00 -1.926444679345771149e+01 -3.921718939826110528e+01 6.474872009205848045e+00 5.422040173860477097e+00 6.474872009205848045e+00 -2.601083173752351030e+01
6.190536334296840693e+00 -6.149766373761096361e+00 -1.879293578971921264e+01 -6.149766373761096361e+00 -2.835967737247979770e+01 7.828390816132380081e+00 -1.879293578971921264e+01 7.828390816132380081e+00 -6.897824806543761955e-01
-1.704471915341961363e+01 -1.110805350815108561e+01 -1.416182879737048594e+01 -1.110805350815108561e+01 -1.452705875406211966e+01 1.042021446208579860e+01 -1.416182879737048594e+01 1.042021446208579860e+01 -3.124781114019728179e+01
1.001403771438028478e+01 -5.894440079537861532e-01 3.115799249241360869e+00 -5.894440079537861532e-01 6.243798755858250615e+00 2.781048329667435759e+00 3.115799249241360869e+00 2.781048329667435759e+00 9.145120328746925153e+00
1.241989882229040099e+01 1.440688157791048418e+01 -3.006910445367366957e+00 1.440688157791048418e+01 -1.403854764969701918e+01 -3.392762539373180619e+00 -3.006910445367366957e+00 -3.392762539373180619e+00 -1.049969435322178413e+01
5.015929700803285840e+01 -9.118665751581799483e+00 1.463235631357232513e+01 -9.118665751581799483e+00 -2.160333710167192578e+01 -6.146697721454478902e+00 1.463235631357232513e+01 -6.146697721454478902e+00 4.495729397290874374e+01
-3.414217874072373871e-01 1.353051185716265259e+01 1.503713997816574022e+01 1.353051185716265259e+01 5.995420882865737155e+00 1.376722096120458616e+01 1.503713997816574022e+01 1.376722096120458616e+01 -2.707414048355903091e+01
-1.498985616465816584e+01 4.462896745057221004e+00 -2.831799607897746984e+00 4.462896745057221004e+00 -6.179324901216295274e+01 -2.736985738310705480e-03 -2.831799607897746984e+00 -2.736985738310705480e-03 -1.301425009536843902e+01
2.748106753447679296e+01 9.759830901989992924e+00 -1.396681610753346403e+00 9.759830901989992924e+00 -8.910993275533147795e+00 1.040132741994902865e+01 -1.396681610753346403e+00 1.040132741994902865e+01 3.251470589060512850e+01
7.539827432815164876e-01 1.149859833661993180e+00 1.115277643426808041e+01 1.149859833661993180e+00 -5.451592760677667115e+01 -2.137292261875387567e+00 1.115277643426808041e+01 -2.137292261875387567e+00 -6.619970238746633484e+00
3.340977065286045189e+01 -1.080645846584251002e+00 1.225333111632713745e+01 -1.080645846584251002e+00 -1.495066862110775219e+01 2.728768973424149369e+00 1.225333111632713745e+01 2.728768973424149369e+00 5.239499276928520288e+01
