1.436117367328262873e+01 -1.067178121840219873e+01 8.058990990999276960e+00 -1.067178121840219873e+01 1.248488946774354513e+00 -1.912988185283958309e+00 8.058990990999276960e+00 -1.912988185283958309e+00 -1.451137975500950716e+01
4.677551626837261978e+01 -4.252291531316007012e-01 2.478007822275962280e+00 -4.252291531316007012e-01 3.461453828632067342e+01 6.466428035902675120e+00 2.478007822275962280e+00 6.466428035902675120e+00 -1.345552684592316162e+01
-1.581831068862473089e+01 4.306689442933063217e-01 -4.095721566740047059e+00 4.306689442933063217e-01 -9.448080885415960140e+00 -2.066061281651004666e+00 -4.095721566740047059e+00 -2.066061281651004666e+00 -2.465785223501738344e+01
4.493102891151377776e+01 -2.339252454627983369e+00 1.882310914475694830e+01 -2.339252454627983369e+00 4.503381250852972073e+01 -6.341060330586212324e+00 1.882310914475694830e+01 -6.341060330586212324e+00 8.539240357765400802e+00
7.831541897943195352e+01 -1.243145787751995179e+01 2.308478589365165146e+00 -1.243145787751995179e+01 3.621292039706948174e+01 -5.048261606876801366e+00 2.308478589365165146e+00 -5.048261606876801366e+00 8.470094964286570161e+00
-3.174482792178062596e+01 3.786728227405736780e-01 -2.207793490838111605e+00 3.786728227405736780e-01 -3.805817708385605957e+00 2.847478255438056216e+00 -2.207793490838111605e+00 2.847478255438056216e+00 2.538116372499580997e+00
-3.554138715256890180e+01 -1.132159491175987398e+01 5.403595546668066518e+00 -1.132159491175987398e+01 -1.229473664810754840e+01 -9.961172345120998806e-01 5.403595546668066518e+00 -9.961172345120998806e-01 8.913749836705324725e+00
-2.049034685371735875e+01 2.477068490393557809e+00 2.220371252797466610e+00 2.477068490393557809e+00 -9.816755452887846900e+00 -1.611428670703734856e+00 2.220371252797466610e+00 -1.611428670703734856e+00 -8.859464892445856776e+00
4.808143115917308030e+00 -7.160460042756629402e-03 -5.970007963198234457e-02 -7.160460042756629402e-03 9.238010527173564412e+00 -3.846839409700515411e+00 -5.970007963198234457e-02 -3.846839409700515411e+00 -2.757760058545341675e+00
-1.196044463526742163e+01 9.196112125491133327e+00 -8.705796613985429033e+00 9.196112125491133327e+00 -1.666599657302643323e+01 -9.786514008853552937e+00 -8.705796613985429033e+00 -9.786514008853552937e+00 -2.568699802723923753e+01
-2.219234927726268225e+01 2.429493811977786688e+00 -4.139206238589336451e+00 2.429493811977786688e+00 -1.428875438684865351e+01 6.057098987378270571e+00 -4.139206238589336451e+00 6.057098987378270571e+00 -7.980395997559952548e+00
-7.959369538218465934e+00 3.400714144703810504e+00 -1.121676972310528875e+00 3.400714144703810504e+00 -2.556190579825668774e+00 1.460811189361834739e+00 -1.121676972310528875e+00 1.460811189361834739e+00 -4.705421466363247873e+00
3.452067732478791129e+01 1.547264986326988501e+00 3.014768584240929528e+00 1.547264986326988501e+00 3.426377915723121248e+01 -1.326692649034612081e+01 3.014768584240929528e+00 -1.326692649034612081e+01 1.990570460562885335e+00
-2.070236110470824542e+01 -5.589311706735990093e+00 -3.906257417072232396e+00 -5.589311706735990093e+00 -2.241332327220653653e+01 2.764718824102925687e+00 -3.906257417072232396e+00 2.764718824102925687e+00 -4.270291411108892277e+01
7.472748645971034875e+01 -9.584586157467564149e+00 3.259809103144888365e-01 -9.584586157467564149e+00 5.406842632028526197e+01 -6.322948465257391071e+00 3.259809103144888365e-01 -6.322948465257391071e+00 2.791605854864433311e+01
2.682099647232393735e+01 -8.008869647789738089e-01 3.076210127109707537e-01 -8.008869647789738089e-01 3.381937617248323136e+01 5.590509125949393088e+00 3.076210127109707537e-01 5.590509125949393088e+00 3.302377113909030015e+01
4.519080161204286838e+01 -7.586352725983141809e+00 3.249656394401205350e+00 -7.586352725983141809e+00 4.187168102518048585e+01 7.590879680522895079e-01 3.249656394401205350e+00 7.590879680522895079e-01 -6.537944570945173339e+00
1.754847720470409556e+01 1.310107490124391427e+00 -1.617556646814598320e+00 1.310107490124391427e+00 1.684527063656600765e+00 -5.393343109621254960e+00 -1.617556646814598320e+00 -5.393343109621254960e+00 -3.576684424383650907e+01
2.291192976536835246e+01 5.698929511412264004e-01 1.039125577690588553e+00 5.698929511412264004e-01 2.043486513003891503e+01 1.313632420074385365e+01 1.039125577690588553e+00 1.313632420074385365e+01 -9.554128838377332400e+00
1.099344823336853416e+01 7.604560006963050789e+00 2.045915198158344328e+00 7.604560006963050789e+00 -1.558928069400848715e+00 5.760605606110556387e+00 2.045915198158344328e+00 5.760605606110556387e+00 -2.982326840232450849e+01
-1.767736313978642926e+01 3.239192089518796891e+00 -5.705326315029025430e+00 3.239192089518796891e+00 -1.798663497318550952e+01 -1.003721860242995945e+01 -5.705326315029025430e+00 -1.003721860242995945e+01 -2.864015064841412794e+01
-2.042593305897131373e+01 9.200199638996254592e+00 7.106850484917088373e+00 9.200199638996254592e+00 -2.140377127076401820e+01 1.414563482673291617e+01 7.106850484917088373e+00 1.414563482673291617e+01 -7.119511504019638437e+01
-3.561187212124803381e+01 1.140176839138349685e+01 1.491010204104058445e+01 1.140176839138349685e+01 -1.638186474069692622e+01 -2.940077125533241631e+00 1.491010204104058445e+01 -2.940077125533241631e+00 -2.356394690211737597e+01
3.337370499743882668e+00 2.355465428185296872e+01 8.854798232540867176e+00 2.355465428185296872e+01 -4.576990976830357383e+00 -1.144825673478239025e+01 8.854798232540867176e+00 -1.144825673478239025e+01 -3.995844746614393728e+01
-6.071289398834975870e+00 1.460209842353977194e+01 -1.273621021638782302e+01 1.460209842353977194e+01 6.379679225424580657e+00 -1.105932171606111680e+00 -1.273621021638782302e+01 -1.105932171606111680e+00 -5.125687247074305475e+01
3.672061980875927389e+00 -9.626635292040491620e+00 4.590584979181819847e+00 -9.626635292040491620e+00 5.374277724752386520e-01 -6.339829342445352234e-02 4.590584979181819847e+00 -6.339829342445352234e-02 -2.521908814803639487e+01
-1.167155060054426130e+01 -2.420066263370868942e+00 -4.737740941828739061e+00 -2.420066263370868942e+00 -1.823341546212720132e+01 -3.060653573362577706e+00 -4.737740941828739061e+00 -3.060653573362577706e+00 -2.052407962546248399e+01
-3.376990709920728584e+00 7.837322868114097396e+00 1.405106947576828169e+01 7.837322868114097396e+00 -1.100000913136777747e+01 3.670595017492521150e-01 1.405106947576828169e+01 3.670595017492521150e-01 -6.188530117763028926e+01
-1.709821212266198742e+01 -7.017214843567775695e+00 8.269113217993239173e-01 -7.017214843567775695e+00 -9.652588383557775487e+00 -9.699793764431114962e-01 8.269113217993239173e-01 -9.699793764431114962e-01 -3.067367709739903958e+01
5.857528501122511777e+00 -1.372259915993035939e+01 -2.865846690797936525e+00 -1.372259915993035939e+01 6.416839719072802595e+00 4.889488803793460292e+00 -2.865846690797936525e+00 4.889488803793460292e+00 -2.057916506614502694e+01
1.701923204446882920e+01 1.322128534036316339e+01 1.062777621809558326e+01 1.322128534036316339e+01 -1.021045169839069899e+01 -6.246302615565539895e+00 1.062777621809558326e+01 -6.246302615565539895e+00 -3.269531603370491979e+01
3.294046743259515608e+01 -1.196985043196917120e+00 -2.976296348089953359e+00 -1.196985043196917120e+00 4.487334636011122768e+01 -6.051120986839604754e+00 -2.976296348089953359e+00 -6.051120986839604754e+00 4.189726391333070410e+01
1.438149769742400075e+01 1.025592104876728250e+01 7.632790382116284855e-02 1.025592104876728250e+01 1.992849043054469149e+01 5.694635335947246801e+00 7.632790382116284855e-02 5.694635335947246801e+00 1.639634598217810435e+01
-2.116299028604979426e+01 -1.369370378416139289e+01 1.662592318571660677e+00 -1.369370378416139289e+01 -1.915711930069672064e+01 -9.753373798880582424e-01 1.662592318571660677e+00 -9.753373798880582424e-01 -2.523675504672911174e+01
1.053844916785347507e+01 1.065128969476846210e+00 1.257254135226387781e+01 1.065128969476846210e+00 1.206909149411842641e+01 -1.624333354975485921e+00 1.257254135226387781e+01 -1.624333354975485921e+00 -2.033519860492459586e+01
-1.126386210660798692e+00 3.680132596879327700e+00 -6.904238333414051132e-01 3.680132596879327700e+00 1.351828752954519075e+01 2.117353959698327515e+00 -6.904238333414051132e-01 2.117353959698327515e+00 1.064000182612918621e+01
3.723145630686695995e+01 1.900749538007191930e+00 2.646156068173876608e-01 1.900749538007191930e+00 3.676361548985476446e+01 -8.033108695050653836e+00 2.646156068173876608e-01 -8.033108695050653836e+00 2.550571160985162678e+01
1.765628075353053106e+01 1.410963789637029286e+01 8.778733746574843622e+00 1.410963789637029286e+01 1.708101307376982803e+01 -9.277966387872426779e+00 8.778733746574843622e+00 -9.277966387872426779e+00 -1.700782092586963046e+01
3.913971970226671004e+01 -1.845167935036331197e-01 1.021042182267938303e+00 -1.845167935036331197e-01 4.533292814344056154e+01 -4.067013436366682555e+00 1.021042182267938303e+00 -4.067013436366682555e+00 2.808711003516508242e+01
5.576348551656192853e+01 -1.501535996156982300e+01 1.996600752027733794e+00 -1.501535996156982300e+01 2.760487560995536072e+01 5.154812639823767029e+00 1.996600752027733794e+00 5.154812639823767029e+00 -1.684954683145061471e+00
1.770372856422331864e+01 -1.186934951396410032e+00 7.453498860859546049e+00 -1.186934951396410032e+00 2.261831002012188918e+01 -6.611153370465078227e-01 7.453498860859546049e+00 -6.611153370465078227e-01 -2.641658521477980059e+01
-9.842492216591914200e+00 9.498469773892256995e+00 6.553051380929657554e-01 9.498469773892256995e+00 8.010451174201477231e-01 6.027976386396308506e+00 6.553051380929657554e-01 6.027976386396308506e+00 -6.283350059614138416e+01
-3.598592173305220410e+00 2.141431653716572292e+00 2.389891301384590161e+00 2.141431653716572292e+00 8.101811670961175937e-02 -1.156490332751808836e+01 2.389891301384590161e+00 -1.156490332751808836e+01 3.706118741628805058e+00
-3.618582004734118129e+01 1.601562075437466603e+01 1.123632688870556606e+01 1.601562075437466603e+01 -4.110910400073181137e+01 1.076842881647538697e+01 1.123632688870556606e+01 1.076842881647538697e+01 -6.024976169155564776e+01
9.778075829332500746e+00 4.510333235875204849e+00 -2.392040079306101852e+00 4.510333235875204849e+00 1.355789477674882448e+01 1.657566890261461978e+00 -2.392040079306101852e+00 1.657566890261461978e+00 9.029568974082849309e+00
-1.182803384824857673e+01 -1.112919350377599237e+01 2.496704805131134819e+01 -1.112919350377599237e+01 -9.584190468578828614e+00 6.709207682222667612e-01 2.496704805131134819e+01 6.709207682222667612e-01 -2.755983478439020118e+01
4.195687206767532018e+01 -2.348087516081700521e+00 -1.280509554246670056e+01 -2.348087516081700521e+00 3.813453577330270861e+01 1.844344944261691488e+00 -1.280509554246670056e+01 1.844344944261691488e+00 -1.051936225930328028e+01
2.959025061306016369e+01 -9.555478930912752134e+00 1.591069697469142596e+01 -9.555478930912752134e+00 3.608007204261588896e+01 -4.711346529855979348e+00 1.591069697469142596e+01 -4.711346529855979348e+00 3.547590605336126401e+01
-9.567630919145170054e+00 2.648136274296670312e+00 3.093853053771716599e+00 2.648136274296670312e+00 -1.657553137103767327e+01 8.514529796642740678e+00 3.093853053771716599e+00 8.514529796642740678e+00 -4.387698840327676209e+01
7.418654089188512657e+00 -4.164800321868757038e+00 2.292961028810815538e+00 -4.164800321868757038e+00 7.563992103434322267e+00 -7.991934529762948713e+00 2.292961028810815538e+00 -7.991934529762948713e+00 -3.876060083632754782e+01
-4.429813151608487765e+00 4.362701937462227342e+00 6.323454532483187229e+00 4.362701937462227342e+00 -1.712201010232776710e+01 -2.705225521191069404e+00 6.323454532483187229e+00 -2.705225521191069404e+00 -7.094910266229040019e+01
6.419251207247912205e+00 -2.187325374886301965e+00 -3.067104933258220978e+00 -2.187325374886301965e+00 -7.683489355630379158e+00 7.344592445786910062e+00 -3.067104933258220978e+00 7.344592445786910062e+00 -4.764769171297981387e+01
1.910520257376145281e+01 -7.211998480587983096e+00 -1.530312624530151044e+00 -7.211998480587983096e+00 4.715082202548733115e+00 -1.036680218609939352e+01 -1.530312624530151044e+00 -1.036680218609939352e+01 -3.990727941856168570e+01
-1.160603659829900991e+01 -6.470790975986749904e-01 1.082819497954451826e+01 -6.470790975986749904e-01 -2.085474189337978856e+01 -2.338094075093211188e+01 1.082819497954451826e+01 -2.338094075093211188e+01 -5.909415823327730521e+01
-5.282035151890280389e+00 -6.088062063063970797e+00 -2.542892467388579103e+00 -6.088062063063970797e+00 -9.204364752663689586e+00 -3.958896320648756628e+00 -2.542892467388579103e+00 -3.958896320648756628e+00 -5.939435832714378449e+01
2.764450174064468158e+01 1.626950601080795478e+00 8.105434196721912343e+00 1.626950601080795478e+00 2.324419897444225214e+01 -7.849488920929833524e-01 8.105434196721912343e+00 -7.849488920929833524e-01 -1.025390926802919367e+01
2.856250425595206721e+01 -1.153731755062810116e+00 -5.509438152620198537e+00 -1.153731755062810116e+00 3.030591284843654520e+01 3.502170371704977914e+00 -5.509438152620198537e+00 3.502170371704977914e+00 2.227178389126054370e+01
-2.031825956983375647e+01 1.134063668164788474e+01 -2.873749373947281249e+00 1.134063668164788474e+01 -2.246278335702131912e+01 -1.095146447731497830e+01 -2.873749373947281249e+00 -1.095146447731497830e+01 -6.671912177373999953e+01
-7.435001571460877479e+00 4.334142430183731243e+00 -6.192689158598826404e-01 4.334142430183731243e+00 6.108032635497578910e-01 -7.034162778358225010e-01 -6.192689158598826404e-01 -7.034162778358225010e-01 8.125844963909088392e+00
5.097537341840827452e+01 -1.367104580072512299e+01 1.242681400228843280e+01 -1.367104580072512299e+01 4.417135948424365210e+01 -2.076958123199818207e+00 1.242681400228843280e+01 -2.076958123199818207e+00 -4.863565326531844590e+00
2.677003690897736377e+01 -4.909039594475543389e+00 5.767877653869089016e+00 -4.909039594475543389e+00 4.077110580994538225e+01 -2.652150164933163357e+00 5.767877653869089016e+00 -2.652150164933163357e+00 4.488838638621415100e+01
2.968603111669589900e+00 -2.646442840901392035e+00 1.011742285806302633e+01 -2.646442840901392035e+00 3.107900747301937106e+00 -8.484428681318089360e+00 1.011742285806302633e+01 -8.484428681318089360e+00 3.071843954029850465e+01
-3.490049712786429392e+00 6.987920004839827115e+00 2.890127881727545311e+00 6.987920004839827115e+00 1.213376545611552970e+01 2.992779820777196509e+00 2.890127881727545311e+00 2.992779820777196509e+00 8.296868951136632475e+00
1.700773043411269114e+01 2.712206600851162275e+00 -1.032138706550492380e+01 2.712206600851162275e+00 -2.208772179338923447e+00 1.473305741678086456e+01 -1.032138706550492380e+01 1.473305741678086456e+01 -2.302485133813837592e+01
1.635837105222921650e+01 -8.610560237948055473e+00 -2.382116673333440460e+00 -8.610560237948055473e+00 1.708065201122746046e+01 -6.017882659466959439e+00 -2.382116673333440460e+00 -6.017882659466959439e+00 8.474298264987181639e+00
-1.742160254260409502e+01 1.222609553975998686e+01 -4.962956225650665409e+00 1.222609553975998686e+01 7.054757857954807143e+00 7.101029764741925154e-01 -4.962956225650665409e+00 7.101029764741925154e-01 -2.693544529298578460e+00
6.446636293336892365e+00 4.859061454425881443e+00 7.299597209311375678e+00 4.859061454425881443e+00 1.011726440736019228e+01 -1.021696389087129120e+01 7.299597209311375678e+00 -1.021696389087129120e+01 -4.905316196108789484e+01
-2.265783574301409331e+01 -5.683078085180810035e+00 -4.252178430904590023e+00 -5.683078085180810035e+00 -6.894963914489189882e+00 -3.583617647616440305e+00 -4.252178430904590023e+00 -3.583617647616440305e+00 -1.228926847483702511e+00
-7.824555887907667540e+00 1.758591158102500884e+01 6.233032560728912763e+00 1.758591158102500884e+01 -1.748631987760511652e+00 -9.557061285780390492e-01 6.233032560728912763e+00 -9.557061285780390492e-01 -6.162244475780383368e+01
-1.865168777457784444e+01 3.831004090011750574e+00 6.390834471823632512e+00 3.831004090011750574e+00 -2.013450468269809335e+01 -1.193822175348806081e+00 6.390834471823632512e+00 -1.193822175348806081e+00 -3.259215454014173474e+01
6.077284345487908723e+01 -1.411218444079429979e+01 -2.240081412457049392e+00 -1.411218444079429979e+01 5.256256019998490814e+01 -9.273936517801724122e+00 -2.240081412457049392e+00 -9.273936517801724122e+00 5.655053977916936248e+01
-1.765628861739709876e+01 1.244668499478188028e+00 -1.381883756366875327e+00 1.244668499478188028e+00 -9.941676097575133042e+00 3.994879889143126750e+00 -1.381883756366875327e+00 3.994879889143126750e+00 -1.632239918795000477e+01
4.615025530886575922e+01 -1.051460686071391537e+00 2.018519241193865721e+00 -1.051460686071391537e+00 2.896544365451361713e+01 3.401193626390501379e+00 2.018519241193865721e+00 3.401193626390501379e+00 -1.085721112800878174e+01
8.935769977561518473e-01 9.135832971181576667e+00 -8.343249735331806249e+00 9.135832971181576667e+00 -2.880367945853488543e+00 -1.461106995067564185e+01 -8.343249735331806249e+00 -1.461106995067564185e+01 -4.582644283439525879e+01
-1.062909287571866734e+01 -3.013208836378237443e+00 1.616840082024520564e+00 -3.013208836378237443e+00 -1.623013192892265266e+01 1.474555018983994792e+01 1.616840082024520564e+00 1.474555018983994792e+01 -4.419776205680646441e+00
-1.384482780624710685e+01 4.068801233677511675e+00 -5.973503231358832238e-02 4.068801233677511675e+00 -6.013349407641364053e+00 7.773359121893987922e-01 -5.973503231358832238e-02 7.773359121893987922e-01 -5.976495117791042588e+00
3.889340496501754529e+01 -1.622590246484958243e+01 -8.119143651136113249e+00 -1.622590246484958243e+01 4.567904535178445968e+01 1.167311050747428691e+00 -8.119143651136113249e+00 1.167311050747428691e+00 3.277070780605499323e+01
4.860834710107940992e+01 8.459235298343667608e+00 -1.125685593221645675e+01 8.459235298343667608e+00 3.687207934394654529e+01 -5.555441734297430934e+00 -1.125685593221645675e+01 -5.555441734297430934e+00 1.197466335486749323e+01
2.281009383583132433e+01 6.647085926857804417e+00 6.567727159460304165e+00 6.647085926857804417e+00 7.988071881600850688e+00 1.555561290480752845e+01 6.567727159460304165e+00 1.555561290480752845e+01 -1.824177288602037450e+01
3.466064488940818933e+01 -3.310754177259485065e+00 -1.496379673409764699e+01 -3.310754177259485065e+00 3.565683524387034620e+00 3.446599576858641711e+00 -1.496379673409764699e+01 3.446599576858641711e+00 -1.884621486064239448e+01
1.804755241253793940e+01 2.159450332806341688e+00 -3.922585516991988541e+00 2.159450332806341688e+00 1.437241128355903186e+01 8.123902500213739941e+00 -3.922585516991988541e+00 8.123902500213739941e+00 -6.341278727041455454e+01
-1.343652081035656032e+01 9.460346650719550610e+00 6.028741447220617999e+00 9.460346650719550610e+00 -2.383986254271534833e+01 -8.569836037042618315e+00 6.028741447220617999e+00 -8.569836037042618315e+00 -4.409256222384382085e+00
-1.358049684315100158e+01 -2.873663786491359229e+00 -7.232896187303722302e-01 -2.873663786491359229e+00 -1.288614822087600809e+00 -5.271877243122861323e+00 -7.232896187303722302e-01 -5.271877243122861323e+00 -6.301393330803623627e+00
5.733785137676456145e+01 -7.516410466660442324e+00 3.902525681271465707e+00 -7.516410466660442324e+00 3.673807794907192203e+01 -1.356053150088958104e+00 3.902525681271465707e+00 -1.356053150088958104e+00 -4.775771372040197527e+00
-4.990337573056611120e+01 -2.217579532411370025e+01 -3.536388000460869208e+00 -2.217579532411370025e+01 -2.497069101045814321e+01 1.223877988518042770e+01 -3.536388000460869208e+00 1.223877988518042770e+01 -4.353496084862313609e+01
6.163710836887542399e+01 -5.276401867282016767e-01 6.954119396483999793e+00 -5.276401867282016767e-01 3.468654732451846456e+01 -1.577985459891360520e+01 6.954119396483999793e+00 -1.577985459891360520e+01 1.237686877986738043e+00
2.269703124393786808e+01 8.627595717101783634e+00 4.903912109010358122e+00 8.627595717101783634e+00 1.451414000317041086e+01 -1.505961659256180585e-01 4.903912109010358122e+00 -1.505961659256180585e-01 -1.653455009913338003e+01
6.206806274340792839e+01 1.547708562646565422e+00 7.863758792707299605e+00 1.547708562646565422e+00 5.120582062613537744e+01 2.364814375895878840e+00 7.863758792707299605e+00 2.364814375895878840e+00 1.555127247485878428e+01
-9.455512088769518542e+00 -1.725538076459207915e+01 -5.139116855318619059e+00 -1.725538076459207915e+01 -1.590833164431586155e+01 1.124437702410309647e+01 -5.139116855318619059e+00 1.124437702410309647e+01 -4.911321035427717874e+01
-3.191245911326046070e-01 5.055197656330284950e+00 4.668318432043057076e-01 5.055197656330284950e+00 7.514187857850269658e+00 -9.977804417807170090e-01 4.668318432043057076e-01 -9.977804417807170090e-01 -3.622088989480376942e+00
2.276195671176673230e+01 5.029376293430230405e+00 -7.091599797112575487e+00 5.029376293430230405e+00 -2.689583242717056955e+00 4.942229812365144248e+00 -7.091599797112575487e+00 4.942229812365144248e+00 -4.404279869360588151e+01
3.321430921988598328e+01 1.372998178095876209e+00 1.093911226801866832e+01 1.372998178095876209e+00 2.554525558362479387e+01 3.911729547943385565e-01 1.093911226801866832e+01 3.911729547943385565e-01 8.720057156116775232e+00
3.129887710302722681e+01 -7.546426897027332714e+00 -4.395959095022886842e+00 -7.546426897027332714e+00 3.003593122787690817e+01 -9.038257694300924072e+00 -4.395959095022886842e+00 -9.038257694300924072e+00 1.382121770786998027e+01
7.108711563000748690e+00 -1.040980523481529829e+01 7.819972090189459379e+00 -1.040980523481529829e+01 -3.634460654131580259e+00 -3.084246837666836605e+00 7.819972090189459379e+00 -3.084246837666836605e+00 -4.671701033694046856e+01
1.922913382963917783e+01 -2.175214691297214120e+00 -3.508213607147261826e+00 -2.175214691297214120e+00 1.859072292820201255e+01 -8.449955705130719252e+00 -3.508213607147261826e+00 -8.449955705130719252e+00 1.637375452586921298e+01
1.496889806357405206e+01 -3.747388657952106961e+00 1.268669713792197307e+01 -3.747388657952106961e+00 -1.403374008740229684e+01 -7.078504461834494776e+00 1.268669713792197307e+01 -7.078504461834494776e+00 -5.040729632209979627e+01
-1.385874556420416326e+01 7.491996700120564512e+00 8.469825511562271148e-01 7.491996700120564512e+00 -2.945466685628538173e+01 -8.385040106565364582e+00 8.469825511562271148e-01 -8.385040106565364582e+00 -1.313615875343180406e+01
-4.015704992387055583e+00 -6.572237258430011497e-01 2.347083119367823656e+00 -6.572237258430011497e-01 6.700586045053797513e+00 6.878596919310655533e-01 2.347083119367823656e+00 6.878596919310655533e-01 5.065249771633327569e+00
1.588343407630437909e+01 -3.557988945644309453e+00 2.747564037960664862e+01 -3.557988945644309453e+00 1.948489173391476204e+00 -2.030326673553262129e+00 2.747564037960664862e+01 -2.030326673553262129e+00 -7.071399493781592582e+01
2.379233557610118766e+01 -2.696587952006270328e+00 1.495033801572671184e+00 -2.696587952006270328e+00 2.545365499857020097e+01 -1.838794977926166974e+00 1.495033801572671184e+00 -1.838794977926166974e+00 1.919814894130367122e+01
