1.919980076987667061e+01 6.063606722073501487e+00 9.115924324140312507e+00 6.063606722073501487e+00 -5.082045117920509725e+00 -1.258294893562869721e+00 9.115924324140312507e+00 -1.258294893562869721e+00 1.918516253903196045e+01
-4.509938319728422584e+01 4.224286287533306705e+00 7.192914906036182110e+00 4.224286287533306705e+00 -7.933989244653295714e+01 5.852614740173539332e+00 7.192914906036182110e+00 5.852614740173539332e+00 -2.596511008443604851e+01
-3.129145820131121170e+01 -1.032603534546195023e+00 1.185981212275519248e+01 -1.032603534546195023e+00 -5.212200238466692781e+01 8.378059480420386507e+00 1.185981212275519248e+01 8.378059480420386507e+00 -2.560907738993939375e+01
2.444872707109555776e+01 -8.820174419710851144e-01 3.757924136595886644e+00 -8.820174419710851144e-01 6.504461223455556329e+00 2.848239296792905773e+00 3.757924136595886644e+00 2.848239296792905773e+00 2.337261347636865594e+01
8.389574999802661637e+00 -5.656576909037925205e+00 1.098336571417669916e+01 -5.656576909037925205e+00 -5.292134371136200777e+00 7.903808355781650974e+00 1.098336571417669916e+01 7.903808355781650974e+00 1.598907667268124300e+01
6.584090076107866452e+00 -4.558987785199931864e+00 1.495391803656271534e+01 -4.558987785199931864e+00 -3.120480718619763394e+01 -1.264849646983010611e+00 1.495391803656271534e+01 -1.264849646983010611e+00 -1.076165032254774090e+01
1.323245956609626717e+01 -1.396586844833927543e+01 2.333060726285684439e+01 -1.396586844833927543e+01 -2.044721693708763866e+01 1.934915155340063642e+00 2.333060726285684439e+01 1.934915155340063642e+00 3.663720586995084005e+01
1.950073577623751575e+01 -7.793135351641122810e-01 6.192527783396448271e+00 -7.793135351641122810e-01 9.446974020995131838e+00 -8.537767802940157580e+00 6.192527783396448271e+00 -8.537767802940157580e+00 1.338541578927950049e+01
-2.556151612180737231e+01 5.401593206590860063e+00 1.000961175084968069e+01 5.401593206590860063e+00 -5.711209751284881264e+01 -1.950864073700239842e+00 1.000961175084968069e+01 -1.950864073700239842e+00 -1.635254237371601249e+01
-1.714563838086968417e+01 1.704745151688787930e+00 3.023940281711799738e+00 1.704745151688787930e+00 -3.797603824447803333e+01 8.807840324936689669e+00 3.023940281711799738e+00 8.807840324936689669e+00 -1.166892512068675636e+01
1.449433267037184692e+01 2.763025340746557479e+00 4.950012304382989115e+00 2.763025340746557479e+00 -1.501340493214336158e+00 -5.159926322333393545e-01 4.950012304382989115e+00 -5.159926322333393545e-01 2.213105456434300322e+01
3.245929139177997769e+01 -9.055836812258428736e+00 6.561635785092011730e+00 -9.055836812258428736e+00 -2.539199054462940364e+00 9.767240017979923472e-01 6.561635785092011730e+00 9.767240017979923472e-01 3.448290812676995643e+01
-4.252073592556999238e+00 1.838910755571438926e+01 2.833915180317412208e+01 1.838910755571438926e+01 -4.015024741188278767e+01 -8.055646370545424872e+00 2.833915180317412208e+01 -8.055646370545424872e+00 4.132180252364581641e+00
1.796028225314364590e+01 -2.023783476286230343e+00 2.606000168793326566e+01 -2.023783476286230343e+00 -3.894320735432166458e+01 7.726573779606861869e+00 2.606000168793326566e+01 7.726573779606861869e+00 -2.285283130410142149e+01
2.255000659960788312e+01 -1.336998510450919220e+01 1.491706750914064372e+01 -1.336998510450919220e+01 -2.061877654134128335e+01 -1.047075617309618956e+01 1.491706750914064372e+01 -1.047075617309618956e+01 1.846221389740157903e+01
1.932663728572095607e+01 4.817568435944164840e+00 1.035905502580413584e+00 4.817568435944164840e+00 1.245734540712483351e+01 -1.149092128626920228e+00 1.035905502580413584e+00 -1.149092128626920228e+00 1.670721217180448548e+01
-4.997618284510086717e+00 -1.028703494778543259e+01 4.782427100011430454e+00 -1.028703494778543259e+01 -3.463190929403662466e+01 1.542278182969507805e+00 4.782427100011430454e+00 1.542278182969507805e+00 8.699853585840257253e+00
-3.382127671601050878e+01 -1.068768456793686283e+01 -2.069708813091821753e+00 -1.068768456793686283e+01 -6.023874972318137822e+01 -8.365952306505247904e+00 -2.069708813091821753e+00 -8.365952306505247904e+00 -2.478575073075506197e+01
9.486859265532741503e+00 -1.141766468498930998e+01 8.001438933407651888e+00 -1.141766468498930998e+01 -4.480920583935565027e+00 -8.986804671242571985e+00 8.001438933407651888e+00 -8.986804671242571985e+00 7.431363549791072387e+00
2.050185166249232438e+01 -6.679121533160067514e+00 -6.194734523904784629e-01 -6.679121533160067514e+00 3.947006267997156037e+00 -1.921718209186438875e+00 -6.194734523904784629e-01 -1.921718209186438875e+00 5.317763492484347543e-01
-2.100511562582552116e+01 -2.077255170667288553e+01 -5.517019116838949300e-01 -2.077255170667288553e+01 -8.316120755646490892e+00 7.213879900973013903e+00 -5.517019116838949300e-01 7.213879900973013903e+00 6.533722133060145820e-01
-3.446767230225616174e+01 4.197621001547299002e+00 9.700325101743080936e+00 4.197621001547299002e+00 -6.086183433187800773e+01 2.606942845756067939e+00 9.700325101743080936e+00 2.606942845756067939e+00 -4.163577215249218000e+01
3.402536313449008532e+01 1.197823373091658183e+01 4.175076237360433851e+01 1.197823373091658183e+01 -1.413543195790326124e+01 -4.326478105494755866e+00 4.175076237360433851e+01 -4.326478105494755866e+00 3.231439060257408613e+01
2.281039787729855206e+01 3.619760840933330392e+00 6.816646695727142991e+00 3.619760840933330392e+00 -4.281066689775713918e+00 -7.951805611966033638e+00 6.816646695727142991e+00 -7.951805611966033638e+00 1.798796298887485179e+01
-6.216831419483402676e+00 -4.792064321446736774e-01 2.413600372416942363e+00 -4.792064321446736774e-01 -2.713172725132450935e+01 -1.017030218742957404e+00 2.413600372416942363e+00 -1.017030218742957404e+00 8.307441529917678480e+00
-1.725061874856895372e+01 1.225896579347826865e-01 4.347115952191836108e+00 1.225896579347826865e-01 -4.221938564834811558e+01 1.708410431120196415e+00 4.347115952191836108e+00 1.708410431120196415e+00 -1.353648970816078645e+01
5.146213438157342068e+01 2.884223389972445517e+01 2.703836667333422383e+01 2.884223389972445517e+01 8.748966035862467905e+00 -1.409597858894529843e+01 2.703836667333422383e+01 -1.409597858894529843e+01 3.953706610212454109e+01
2.711369997949076449e+01 3.489813379104317104e+00 8.876211595649123876e-01 3.489813379104317104e+00 2.566972117549431331e+01 -6.554871222130742581e+00 8.876211595649123876e-01 -6.554871222130742581e+00 3.728816449513264786e+01
9.491839975983870303e+00 7.776862471213124905e+00 2.921465596454146052e+01 7.776862471213124905e+00 -1.936454175416280776e+01 -2.682245120572324115e+00 2.921465596454146052e+01 -2.682245120572324115e+00 1.415174659145945490e+01
-9.047360133515484293e+00 5.294227506251023563e+00 3.801170349188876418e+00 5.294227506251023563e+00 -4.073718608641866723e+01 -4.820843982523710936e-01 3.801170349188876418e+00 -4.820843982523710936e-01 -1.073941124035023620e+01
7.963938023504114616e-01 1.898301687712962149e+00 1.772516404065555307e+01 1.898301687712962149e+00 -1.922346696524240173e+01 5.569650125094034454e-01 1.772516404065555307e+01 5.569650125094034454e-01 2.175671708350201072e+00
-5.483017132438935404e-01 -9.405201611634996794e+00 6.569183465345057371e+00 -9.405201611634996794e+00 -3.034072699820780272e+01 8.674346717017868968e+00 6.569183465345057371e+00 8.674346717017868968e+00 -9.949805316474069627e+00
-1.020298032085037754e+01 -9.003941816252760688e+00 -5.804028974511099559e-01 -9.003941816252760688e+00 -3.531038909925054270e+01 -3.594473237941432586e+00 -5.804028974511099559e-01 -3.594473237941432586e+00 -2.917617053167134245e+01
3.626942170936953147e+01 -4.858730206322172673e-01 1.161587931279059482e+01 -4.858730206322172673e-01 4.600255290617294435e+00 -9.711528412613358086e+00 1.161587931279059482e+01 -9.711528412613358086e+00 1.785230042618898949e+01
-3.813936541901863375e+00 1.540526484026027765e+00 -2.170747689257688240e+00 1.540526484026027765e+00 -1.220818538222963134e+01 8.332177231366466597e-01 -2.170747689257688240e+00 8.332177231366466597e-01 1.116557031801109723e+01
4.307238645851954573e+01 9.240800763020031727e-01 5.964498032657659543e+00 9.240800763020031727e-01 1.884440201608625642e+01 1.567354712909734271e+00 5.964498032657659543e+00 1.567354712909734271e+00 5.550328471798817986e+01
4.576542459959605225e+01 2.803794130487367586e-01 3.432978755043347707e+00 2.803794130487367586e-01 1.235261830093293511e+01 -5.564290908940262348e+00 3.432978755043347707e+00 -5.564290908940262348e+00 2.221088777461011077e+01
7.274395664182176802e+01 4.830129965681832088e-02 1.682802617652527744e+01 4.830129965681832088e-02 2.786201821139474788e+01 -1.645249978491435883e+01 1.682802617652527744e+01 -1.645249978491435883e+01 4.964870289952170879e+01
-2.257320292556022423e+01 2.765258311009763492e+00 2.240593376674046411e+01 2.765258311009763492e+00 -5.834729090574228394e+01 2.505575697455382311e+01 2.240593376674046411e+01 2.505575697455382311e+01 -1.140826592637882442e+01
2.298268835943191846e+01 2.175757080583633929e+00 3.168075032736596519e+00 2.175757080583633929e+00 1.085463528740205952e+01 1.049855324142961566e+00 3.168075032736596519e+00 1.049855324142961566e+00 2.770864755763226839e+01
-1.315283657427322161e+01 8.127857888906927286e+00 3.118733200221002022e+01 8.127857888906927286e+00 -3.571853251721388744e+01 1.046414489830594619e+01 3.118733200221002022e+01 1.046414489830594619e+01 7.422556380896985218e+00
-3.418482842191113313e+00 9.386433143806172552e+00 1.582645785538428918e+01 9.386433143806172552e+00 -3.670877914339600068e+01 -1.546982122688996242e+01 1.582645785538428918e+01 -1.546982122688996242e+01 -2.897751008870548539e-02
2.862200177263370549e+01 8.190035809784440568e-02 5.484936431743325791e+00 8.190035809784440568e-02 1.325652412023029214e+01 -3.679090766922974431e-01 5.484936431743325791e+00 -3.679090766922974431e-01 4.323978666773042789e+01
-1.804689442870975924e+01 1.399472098597177583e+00 1.056242000232221656e+01 1.399472098597177583e+00 -4.114217612616519659e+01 6.658492840662125545e+00 1.056242000232221656e+01 6.658492840662125545e+00 -3.856509494903908575e+01
-1.416569606612061172e+01 1.743536516267694351e-03 -2.345781294166645825e+00 1.743536516267694351e-03 -2.878562285748961713e+01 -5.625954660104934835e-01 -2.345781294166645825e+00 -5.625954660104934835e-01 -4.998446540338582267e+00
-4.821940307805941472e+01 2.598722950974018620e+00 1.361492577431008044e+00 2.598722950974018620e+00 -5.489368735078304695e+01 -6.437312366715353562e+00 1.361492577431008044e+00 -6.437312366715353562e+00 -5.365774141828984511e+01
-3.664009173004685760e+00 2.106973887280090452e+01 -1.793346036943221922e+00 2.106973887280090452e+01 -2.677527459068302917e+01 2.619442814810586384e+00 -1.793346036943221922e+00 2.619442814810586384e+00 1.561378663828355151e+01
3.083627803312656823e+01 3.673756256506232720e+00 2.155964775088622076e+01 3.673756256506232720e+00 -2.331166080034118693e+01 -4.160160484444708651e+00 2.155964775088622076e+01 -4.160160484444708651e+00 5.674934444815440315e+01
-1.130900768298049641e+01 6.690351187026553070e+00 -4.265768655422724542e+00 6.690351187026553070e+00 -1.474375306478749437e+01 -2.847021828972116975e+00 -4.265768655422724542e+00 -2.847021828972116975e+00 4.052702570251468295e+00
5.626771404534901677e+01 -2.149035561796402316e+00 1.930991938030725663e+01 -2.149035561796402316e+00 1.903571491016555584e+01 6.599635292761928618e+00 1.930991938030725663e+01 6.599635292761928618e+00 4.968142579601766329e+01
-1.253878407634658743e+01 1.221100080697676837e+00 3.267732610317726660e+00 1.221100080697676837e+00 -3.165536125797448719e+01 4.642048110803079553e+00 3.267732610317726660e+00 4.642048110803079553e+00 -9.779654678848020977e-01
-2.078644561396161805e+01 -1.877194878014386958e+01 1.153455372600171458e+01 -1.877194878014386958e+01 -4.045833771273624535e+01 1.887974258577822084e+00 1.153455372600171458e+01 1.887974258577822084e+00 -2.707238007555194415e+01
3.185861488914889961e+01 6.513716793164810781e+00 5.859968654306071834e+00 6.513716793164810781e+00 -1.056860632832847280e+01 -1.004548477358065384e+01 5.859968654306071834e+00 -1.004548477358065384e+01 2.922472225511475941e+01
2.897434697572825968e+01 -2.765408373145423315e+00 2.434180861542397878e+01 -2.765408373145423315e+00 -4.491716777873867805e+00 -2.519875010091627399e+00 2.434180861542397878e+01 -2.519875010091627399e+00 1.806220998218364926e+01
-5.438605671156929944e+00 -2.854480147600457318e+00 8.913152673301935280e+00 -2.854480147600457318e+00 -2.838307036660030747e+01 -8.214291862858612570e-01 8.913152673301935280e+00 -8.214291862858612570e-01 2.667721489402255841e+00
4.335741404658464404e+01 -4.341786773070945848e+00 1.281621559127170507e+01 -4.341786773070945848e+00 3.859212665062215564e+01 3.320356571080918417e+00 1.281621559127170507e+01 3.320356571080918417e+00 4.381751033169647513e+01
8.401691372915827571e+00 -5.946738461298284761e+00 1.735652577677317865e+01 -5.946738461298284761e+00 -7.813426884877372913e+00 -3.119711049563335337e+00 1.735652577677317865e+01 -3.119711049563335337e+00 1.128462049755531460e+01
-1.334802019752678959e+01 2.104430508713886816e+00 1.243225373191812544e+01 2.104430508713886816e+00 -3.514714357350470664e+01 8.430459097927208489e+00 1.243225373191812544e+01 8.430459097927208489e+00 -6.554510114673578691e+00
-1.406898388278167111e+01 -2.067976375437644787e+00 -1.960447043995303229e+00 -2.067976375437644787e+00 -3.598904210031864892e+01 -5.440884728652318758e-01 -1.960447043995303229e+00 -5.440884728652318758e-01 -1.509996686478698891e+01
2.705270829290322609e+01 4.738822105881390634e+00 1.675105227402448449e+01 4.738822105881390634e+00 -1.902338326033186533e+00 -3.767108346370726668e+00 1.675105227402448449e+01 -3.767108346370726668e+00 -4.484982202532429518e+00
2.457759411815793626e+01 3.160567780081647182e+00 1.470315527046512116e+01 3.160567780081647182e+00 -1.279941658961198492e+00 -8.581652130888807406e+00 1.470315527046512116e+01 -8.581652130888807406e+00 2.553069883415863472e+01
7.091576435981859383e+00 5.844358057135061735e+00 2.759720865321772720e+01 5.844358057135061735e+00 -2.769766017232241584e+00 1.642102196522820634e+01 2.759720865321772720e+01 1.642102196522820634e+01 4.579157202610900157e+01
1.705947501520520504e+01 1.357463472267909133e+01 1.771885185403907315e+01 1.357463472267909133e+01 -1.190520958034238852e+01 3.505542806288064472e+00 1.771885185403907315e+01 3.505542806288064472e+00 1.775017195204600284e+01
-2.847581828431513884e+01 1.115049942737039856e+01 4.176140221704791600e+00 1.115049942737039856e+01 -4.986493157215701899e+01 4.688933047051251357e+00 4.176140221704791600e+00 4.688933047051251357e+00 -3.220381614753664223e+01
8.404277011489769134e-01 3.217053663608334002e+00 -4.038249202839912400e+00 3.217053663608334002e+00 -2.472975894230083327e+01 -4.002486624487042732e+00 -4.038249202839912400e+00 -4.002486624487042732e+00 -3.115617340475054675e+00
1.136679228831331123e+01 -1.204133944786058308e+01 1.319913816011982810e+01 -1.204133944786058308e+01 1.232472916798317941e+00 3.720099126636443376e+00 1.319913816011982810e+01 3.720099126636443376e+00 3.202842101067341929e+01
5.345868154950626838e+00 1.126174191731036611e+00 2.152093465759021740e+01 1.126174191731036611e+00 -2.458862630380716752e+01 -4.751319183218244646e+00 2.152093465759021740e+01 -4.751319183218244646e+00 1.760804013209512675e+01
1.232026820155221891e+01 5.750398890204712288e+00 6.818366260866514317e+00 5.750398890204712288e+00 8.468376596959378944e+00 -8.799912569565796261e+00 6.818366260866514317e+00 -8.799912569565796261e+00 2.311470682754624306e+01
-9.917398473939222470e+00 -9.400313877300671139e-01 -5.522770360429482030e-03 -9.400313877300671139e-01 -3.258352136701196144e+01 -3.438608627926913019e+00 -5.522770360429482030e-03 -3.438608627926913019e+00 -1.395803204991061719e+01
1.362032513735282180e+01 -1.535538063155094557e+00 1.393521841800314132e+00 -1.535538063155094557e+00 -2.730099096331858100e+00 -4.036527144117166621e+00 1.393521841800314132e+00 -4.036527144117166621e+00 1.545684092067124915e+01
4.574075054183713007e+01 -5.647966125888049582e+00 1.082160342881334358e+01 -5.647966125888049582e+00 3.140760290477835071e+01 -7.828893089592756205e+00 1.082160342881334358e+01 -7.828893089592756205e+00 4.717502397146765958e+01
-2.481829384461128996e+00 1.209594360761455967e+01 1.560687580867762847e+01 1.209594360761455967e+01 -1.347964834463684625e+01 1.068014462505141893e+01 1.560687580867762847e+01 1.068014462505141893e+01 8.958330743145245023e+00
6.116562248553044867e+00 -1.260487899823556113e+01 2.381653419203536259e+01 -1.260487899823556113e+01 -4.194026218295118724e+01 1.295470758246271892e+00 2.381653419203536259e+01 1.295470758246271892e+00 1.357567362124083310e+01
-1.510588772513147271e-01 6.911551259476029330e+00 1.586290581975104885e+01 6.911551259476029330e+00 -2.284830968858747013e+01 -1.379017175583296062e+00 1.586290581975104885e+01 -1.379017175583296062e+00 1.858351622658452484e+01
1.891943854844767969e+01 5.192275161157685476e-02 1.511518859026069750e+00 5.192275161157685476e-02 1.600861486140477652e+01 -5.937565162572870925e+00 1.511518859026069750e+00 -5.937565162572870925e+00 3.314007150212124486e+01
1.848160115520037117e+00 1.006823256227237229e+00 9.552351812105783213e-02 1.006823256227237229e+00 -8.513199368751982021e+00 -1.685127936028810502e+00 9.552351812105783213e-02 -1.685127936028810502e+00 1.049288290667533552e+01
2.869110647079177312e+01 -3.664473168521969804e+00 6.049515213384997203e+00 -3.664473168521969804e+00 1.637501155330411962e+01 6.370965804853356840e-01 6.049515213384997203e+00 6.370965804853356840e-01 3.460462814103009066e+01
6.675289621968086351e+01 4.925376941317050061e+00 2.319208984553835506e+01 4.925376941317050061e+00 4.038292766899169806e+01 -4.985624066787408992e+00 2.319208984553835506e+01 -4.985624066787408992e+00 6.477658187414306212e+01
-1.102012558998875846e+01 1.149996656206964341e+00 1.157336167507053482e+01 1.149996656206964341e+00 -3.595689084917457734e+01 -7.659065558674543972e+00 1.157336167507053482e+01 -7.659065558674543972e+00 1.488517938582840294e+01
3.597989914063062855e+01 3.214422832186457857e+00 6.391379997506915878e+00 3.214422832186457857e+00 6.356947365414248097e+00 -6.174504034094749905e+00 6.391379997506915878e+00 -6.174504034094749905e+00 2.640909501634015299e+01
2.222791748220770813e+01 5.455961221291543595e+00 4.218827462572352083e+00 5.455961221291543595e+00 1.356704146745931538e+01 -4.169306458759139744e+00 4.218827462572352083e+00 -4.169306458759139744e+00 3.722901591316876591e+01
-3.074300336461531558e+01 -6.896455273954489762e+00 -1.525198485107150059e+00 -6.896455273954489762e+00 -5.160908393377112446e+01 1.445709070842558042e+01 -1.525198485107150059e+00 1.445709070842558042e+01 -2.073735361140560585e+01
1.631160667195314318e+01 -1.832535148771334832e+01 1.821271741015327805e+01 -1.832535148771334832e+01 -1.118665004317622014e+01 2.202742939330303784e+01 1.821271741015327805e+01 2.202742939330303784e+01 -2.998277729143395742e+00
-1.592778010535410793e+01 6.392115013340777807e+00 1.955983059582804495e+00 6.392115013340777807e+00 -1.161379471388630868e+01 2.424376069967129510e+00 1.955983059582804495e+00 2.424376069967129510e+00 -1.499707423086952396e+01
2.075947106912770224e+01 3.437389201647394366e+00 1.079906742020541621e+01 3.437389201647394366e+00 1.574212735009528785e+01 2.361582047840575516e-01 1.079906742020541621e+01 2.361582047840575516e-01 3.303667280596573619e+01
-5.047503480321647196e+00 9.570408893694878349e-01 3.977157667620109471e+00 9.570408893694878349e-01 -2.024491705358707350e+01 4.971565379338790613e+00 3.977157667620109471e+00 4.971565379338790613e+00 -6.351607014185010947e+00
-1.898837403410690783e+01 1.525040232804820706e+00 1.200402780447142703e+01 1.525040232804820706e+00 -3.670928023884992797e+01 -1.412813256941317874e+00 1.200402780447142703e+01 -1.412813256941317874e+00 -1.718881536027673107e+01
-1.177272953589737448e+01 -1.027850180211075326e+01 1.343009645342974778e+01 -1.027850180211075326e+01 -3.491005026174222792e+01 -3.556988844035717356e+00 1.343009645342974778e+01 -3.556988844035717356e+00 -1.696296143187329974e+01
-2.352957987471386847e+00 9.520448820619717978e-01 1.110894493101369029e+01 9.520448820619717978e-01 -2.262278714134480140e+01 -1.548830746148174775e+01 1.110894493101369029e+01 -1.548830746148174775e+01 1.612383622245647530e+01
-1.520420355523019795e+00 1.585994687908830869e+01 -4.956212501142893134e-01 1.585994687908830869e+01 -2.929962732485988397e+01 -8.189550425164357605e+00 -4.956212501142893134e-01 -8.189550425164357605e+00 -3.830788163814407010e+00
-1.350479603003863183e+01 -9.136517164189548179e-01 5.070496546495845358e+00 -9.136517164189548179e-01 -4.831145800800550916e+01 -4.578785751474772070e+00 5.070496546495845358e+00 -4.578785751474772070e+00 -7.554156579505379554e+00
-2.055443538667109049e+00 -1.692481396115316450e+00 1.403519261296519360e+01 -1.692481396115316450e+00 -1.831660969348798673e+01 7.028914347986249034e+00 1.403519261296519360e+01 7.028914347986249034e+00 1.515308084071114969e+01
-3.255729605495591272e+01 -1.156330780488177057e+00 3.040957810919373561e+00 -1.156330780488177057e+00 -2.706932367449743992e+01 -6.091698181996397565e+00 3.040957810919373561e+00 -6.091698181996397565e+00 -2.046147480723242396e+01
7.566593905429520817e+00 4.550147253203943976e+00 4.049733870000044256e+00 4.550147253203943976e+00 -6.812285459593918624e+00 -2.694879210832673344e+00 4.049733870000044256e+00 -2.694879210832673344e+00 2.228834201233497936e+01
3.266263489893189969e-03 1.829100514979216996e+00 2.293592748558100691e+00 1.829100514979216996e+00 -1.538267908648106719e+01 -4.136053970657613377e+00 2.293592748558100691e+00 -4.136053970657613377e+00 -2.473286516029013615e+00
-2.698106256690338611e+01 4.538215495591009230e+00 5.180502208576590606e-01 4.538215495591009230e+00 -3.420553109490473531e+01 3.087858648108634085e+00 5.180502208576590606e-01 3.087858648108634085e+00 -3.821225904003571117e+01
6.468138710809383518e-01 1.058486014802789477e+01 1.005019740406251527e+00 1.058486014802789477e+01 -1.032473153888599349e+01 -6.428757839301496801e+00 1.005019740406251527e+00 -6.428757839301496801e+00 -1.189341253391392605e+01
-4.722397522377693946e+00 5.210953756383138291e+00 -2.239088133567025185e+00 5.210953756383138291e+00 -2.098744782896571692e+01 -9.809932830680195837e-01 -2.239088133567025185e+00 -9.809932830680195837e-01 8.795796249789095356e+00
7.222273653832282037e+00 -9.970334832749133014e+00 2.336680102362753075e+01 -9.970334832749133014e+00 -1.368748111037513837e+01 -9.516007555384934591e+00 2.336680102362753075e+01 -9.516007555384934591e+00 1.046427884320680768e+01
-4.706238777136698026e+00 -8.384662730938254427e+00 -6.080593923555601243e+00 -8.384662730938254427e+00 -1.124114384103681274e+01 -2.964584598972477725e+00 -6.080593923555601243e+00 -2.964584598972477725e+00 -9.509381098837392798e-01
