2.069330487767016891e+01 4.475307857358794550e+00 2.949558436597177291e+01 4.475307857358794550e+00 4.486963100238786417e+00 -6.444262626370663938e+00 2.949558436597177291e+01 -6.444262626370663938e+00 3.063967323470721382e+01
3.243814271950547123e+01 5.408559352854521940e+00 5.873974408217360832e+00 5.408559352854521940e+00 4.079458250488900006e+01 -3.419099312902807331e+00 5.873974408217360832e+00 -3.419099312902807331e+00 5.634871106197958568e+01
2.654135386616217929e+01 -4.823082302329212645e+00 -1.284321754632287593e+01 -4.823082302329212645e+00 1.279377909576409955e+00 -5.245886862264490524e+00 -1.284321754632287593e+01 -5.245886862264490524e+00 3.778237362896410190e+01
-3.533092314240402043e+00 3.009265435548790890e+00 4.758055169737452239e+00 3.009265435548790890e+00 -1.277733201053042045e+01 2.137510467692934846e+00 4.758055169737452239e+00 2.137510467692934846e+00 1.202868493441025777e+01
4.735049347220206784e+01 2.029912244413365485e+00 9.578664071369228594e+00 2.029912244413365485e+00 3.331213239918440649e+01 -8.696782438988840624e+00 9.578664071369228594e+00 -8.696782438988840624e+00 4.366168138903849893e+01
3.719107108955392249e+01 5.410610298187062739e+00 2.247272720941802504e+01 5.410610298187062739e+00 1.149816687233244039e+01 -1.693037152676956580e+01 2.247272720941802504e+01 -1.693037152676956580e+01 4.224127073287017708e+01
2.872009755898885786e+01 -2.715532864651638789e+00 2.297914490591610903e+00 -2.715532864651638789e+00 5.824788045977589590e+00 -4.514083357555459308e+00 2.297914490591610903e+00 -4.514083357555459308e+00 2.567445104050800708e+01
-1.548663869403535509e+00 -1.042932091332993849e+01 4.847284772659427254e+00 -1.042932091332993849e+01 -1.683071739123513666e+01 4.250571951062645404e+00 4.847284772659427254e+00 4.250571951062645404e+00 -2.518232985261585011e+00
4.309235822415465833e+01 6.450894805039633084e+00 9.648490987284001008e+00 6.450894805039633084e+00 1.220980118330847830e+01 -9.358787842579618044e+00 9.648490987284001008e+00 -9.358787842579618044e+00 3.979845126785927789e+01
3.630854897030928896e+01 -1.522170607701238509e+01 8.033410810471895758e+00 -1.522170607701238509e+01 3.328571411734073138e+01 -5.066336029177277211e+00 8.033410810471895758e+00 -5.066336029177277211e+00 3.342550060085436314e+01
-5.561356687005893029e+00 -4.297669800935571827e-01 4.181167400346659235e+00 -4.297669800935571827e-01 -3.734967685841085228e+01 4.278652539812401123e+00 4.181167400346659235e+00 4.278652539812401123e+00 -4.879488165176553593e+00
-6.253491201466169436e+00 -1.729456542835929156e+01 2.588447485850371876e+01 -1.729456542835929156e+01 -5.692744413717903740e+00 -2.941923902561962123e+00 2.588447485850371876e+01 -2.941923902561962123e+00 -1.589889999140498489e+01
4.761347430129570313e+01 1.805322113265395156e+00 1.786794614816444948e+01 1.805322113265395156e+00 4.365728011134235231e+01 -3.202615507725235400e+00 1.786794614816444948e+01 -3.202615507725235400e+00 3.127876970705835902e+01
1.510119761161631935e+01 -2.528857855112506936e+00 1.387062480935256481e+01 -2.528857855112506936e+00 7.428085716921301263e+00 -6.984090018370868513e+00 1.387062480935256481e+01 -6.984090018370868513e+00 2.191560778980071333e+01
2.177601333936938488e+01 -9.262170170483999598e+00 1.125891687253126250e+01 -9.262170170483999598e+00 1.166030111764367660e+01 -3.524340322942577597e+00 1.125891687253126250e+01 -3.524340322942577597e+00 1.727745177668120391e+01
-1.641747777860186375e+01 4.914808873788541810e+00 3.046316582351682456e+00 4.914808873788541810e+00 -3.102091637966330140e+01 5.615337728839167042e+00 3.046316582351682456e+00 5.615337728839167042e+00 -2.404809632184595092e+00
9.553254778207305620e+00 4.774997363131511463e+00 2.957077253677359252e+01 4.774997363131511463e+00 -2.258493460488484672e+01 -8.587070376813224826e+00 2.957077253677359252e+01 -8.587070376813224826e+00 3.594824015704683262e+01
-9.017822856768120232e+00 -1.659288365454878456e+00 8.591584644436501605e+00 -1.659288365454878456e+00 -1.876058303107156888e+01 8.141768751469159682e+00 8.591584644436501605e+00 8.141768751469159682e+00 -6.088670575272636221e+00
3.894341312323050808e+00 -6.218133028585111965e+00 7.683723585271295065e+00 -6.218133028585111965e+00 -2.148316905281931000e+01 4.599329168838522719e+00 7.683723585271295065e+00 4.599329168838522719e+00 1.091427505646665352e+01
3.560684645985500651e+01 5.828060721535782029e+00 1.279458262497229804e+01 5.828060721535782029e+00 3.656756807717372482e+01 -8.333897992278108124e-02 1.279458262497229804e+01 -8.333897992278108124e-02 5.204920913301319274e+01
3.491051550574972140e+01 -2.854442655523800276e+00 2.894461831032347998e+00 -2.854442655523800276e+00 3.952999839175794783e+00 7.026311859835974172e-01 2.894461831032347998e+00 7.026311859835974172e-01 3.600601186995635317e+01
-2.165742128012078938e-01 -3.697256635936290614e+00 5.282063752810468138e+00 -3.697256635936290614e+00 -1.453163549041733837e+01 3.605368898644688569e-01 5.282063752810468138e+00 3.605368898644688569e-01 2.761534839387033102e+01
1.766189108691029830e+01 1.765792894717518280e+01 4.033149845957603219e+01 1.765792894717518280e+01 -1.712274738432349608e+01 1.515479898132986136e+01 4.033149845957603219e+01 1.515479898132986136e+01 -2.161628501731862073e+01
2.330579290033193018e+01 5.419465113109648291e-01 7.828742835297147096e+00 5.419465113109648291e-01 1.811490041387191141e+01 4.846430833303246644e+00 7.828742835297147096e+00 4.846430833303246644e+00 1.147900033158250999e+01
-7.277047733070356905e+00 6.505621497178321277e+00 -1.916569454698542119e+00 6.505621497178321277e+00 -1.623771920082017672e+01 -2.889466684808790209e+00 -1.916569454698542119e+00 -2.889466684808790209e+00 3.841981164417368255e+00
-6.354159112835074730e+00 -5.483934796687337965e+00 3.177369770786371728e+00 -5.483934796687337965e+00 -2.826090625149784330e+01 -8.994882106051248494e-01 3.177369770786371728e+00 -8.994882106051248494e-01 -6.780024820701907373e+00
1.176669942986069906e+01 -1.616004876244674593e+00 6.300829681715066855e+00 -1.616004876244674593e+00 -1.512085955511917135e+01 1.110890807098937838e+00 6.300829681715066855e+00 1.110890807098937838e+00 -5.640091681757251507e+00
2.483756895291617894e+01 1.308734027445781400e+01 6.390534506919713920e+00 1.308734027445781400e+01 8.276996508699205890e+00 -2.908487456642654845e+00 6.390534506919713920e+00 -2.908487456642654845e+00 7.454180301636202266e+00
2.972361868670982687e+01 1.125386485040464901e+00 5.770023886911973321e+00 1.125386485040464901e+00 1.468131013581404254e+01 -4.492805550607516629e+00 5.770023886911973321e+00 -4.492805550607516629e+00 3.048910018150454260e+00
7.939649301447705199e+00 -1.140501429035485614e+01 1.381915790049817794e+01 -1.140501429035485614e+01 -1.692195418931419937e+01 1.770306473465389274e+00 1.381915790049817794e+01 1.770306473465389274e+00 1.407176689054399787e+01
1.705890186017535015e+01 9.167164494177432843e+00 -1.542321843388229918e-01 9.167164494177432843e+00 1.305118735517999840e+00 -7.012909287825452864e+00 -1.542321843388229918e-01 -7.012909287825452864e+00 1.932612128433379084e+01
-4.449467376843933231e+00 1.364518950941776509e+01 1.486896860466279335e+01 1.364518950941776509e+01 -1.671888933889950835e+01 1.548272626810488495e+00 1.486896860466279335e+01 1.548272626810488495e+00 -6.118438422645983366e+00
8.127662133565515035e+00 3.586509975747457224e-01 -5.365549514058424840e+00 3.586509975747457224e-01 -3.078603809077993039e-02 -1.047613760684190209e+00 -5.365549514058424840e+00 -1.047613760684190209e+00 1.465165796596064318e+01
2.201834035693329028e+01 -3.440127168392489221e+00 6.142703912265666588e+00 -3.440127168392489221e+00 4.799991463344304155e-01 8.792337923217853346e-01 6.142703912265666588e+00 8.792337923217853346e-01 2.526641595527436834e+01
1.974359339506486322e+01 6.674358312306658547e+00 8.424303161612101576e+00 6.674358312306658547e+00 -1.038969842786720399e+01 -2.586826180288687160e-01 8.424303161612101576e+00 -2.586826180288687160e-01 3.249091059394871905e+01
6.538932894889880743e+01 2.739788104397371526e+00 1.415033677359765818e+01 2.739788104397371526e+00 4.647934080702619042e+01 -1.025521198895354757e+00 1.415033677359765818e+01 -1.025521198895354757e+00 5.031347566574723373e+01
2.864440189235754719e+00 5.787184443249207888e+00 7.090522053305149619e+00 5.787184443249207888e+00 -5.507970100246174283e+00 3.735213083404216761e+00 7.090522053305149619e+00 3.735213083404216761e+00 2.235092226750451161e+00
-1.679181439948408849e+00 -1.732745005571514119e+00 -9.344082342651115480e-01 -1.732745005571514119e+00 -1.431591540121667627e+01 -2.647233321840555043e+00 -9.344082342651115480e-01 -2.647233321840555043e+00 1.031383259905448924e+01
-9.207587055908986073e+00 1.551931259713119626e+00 4.060482982457687129e+00 1.551931259713119626e+00 -6.184339686636738165e+00 -5.294269423418524134e+00 4.060482982457687129e+00 -5.294269423418524134e+00 -5.182909599206327655e+00
6.038411091038325296e+00 1.903757428769272009e+00 1.387251001047162013e+01 1.903757428769272009e+00 -2.647234138372493106e+01 2.846714885196139466e+00 1.387251001047162013e+01 2.846714885196139466e+00 -6.016297722406624970e-01
7.896047791283641537e+00 1.028043138624831876e+01 -2.914373053655974655e+00 1.028043138624831876e+01 4.947925325541904229e+00 -8.507799176468783031e+00 -2.914373053655974655e+00 -8.507799176468783031e+00 1.122968396023079407e+01
-1.400277472740786067e+00 -8.117913935491507971e+00 1.763300120234355894e+00 -8.117913935491507971e+00 -1.436660684487586970e+01 -3.622673768130706851e+00 1.763300120234355894e+00 -3.622673768130706851e+00 2.734924527727858212e+00
1.074478580989061882e+01 2.439111935596346648e+00 1.288215671924768380e+01 2.439111935596346648e+00 -2.360232391582767519e+01 1.003704776990765435e+00 1.288215671924768380e+01 1.003704776990765435e+00 1.673775903906642881e+01
3.872696135801461281e+01 -2.104917463597830718e+00 3.509898675532825418e+00 -2.104917463597830718e+00 7.996424139155176025e-01 -8.058246708692237803e+00 3.509898675532825418e+00 -8.058246708692237803e+00 1.568600916572441406e+01
-2.001407592277286795e+01 3.948396225134568560e+00 1.046447132915110956e+01 3.948396225134568560e+00 -3.456916810421142827e+01 -8.606873382262241634e+00 1.046447132915110956e+01 -8.606873382262241634e+00 -9.362789567614420605e+00
-2.008455503511089191e+01 -1.790477657273027434e+00 1.797106275209855442e+00 -1.790477657273027434e+00 -2.143158744820657091e+01 -3.822388600435016048e+00 1.797106275209855442e+00 -3.822388600435016048e+00 -1.495128751919465593e+00
-5.633582604949618933e+00 5.590998506019986269e-01 3.221643809324560070e+00 5.590998506019986269e-01 -2.199825930439350685e+01 -2.983336640314495192e+00 3.221643809324560070e+00 -2.983336640314495192e+00 4.318826789289578194e+00
4.251131005244570815e+01 -3.767841313976072026e+00 4.709927911769965725e+00 -3.767841313976072026e+00 1.831676301735162937e+01 8.800859499516851869e+00 4.709927911769965725e+00 8.800859499516851869e+00 4.948335420121362915e+01
2.853591308417454186e+01 -3.145635815566651949e+00 7.464178359200900559e+00 -3.145635815566651949e+00 3.578970049885109361e+00 1.465715926317208595e+00 7.464178359200900559e+00 1.465715926317208595e+00 2.779122641427613516e+01
-2.320318176478442496e+01 -7.137176247918536331e-01 -1.755778095664044747e+00 -7.137176247918536331e-01 -4.736512869624259991e+01 -1.001773791612872344e+01 -1.755778095664044747e+00 -1.001773791612872344e+01 -2.569936819793347738e+01
4.806513870084448969e-01 3.423547634527317474e+00 1.088099000063674993e+01 3.423547634527317474e+00 -4.107856339203142682e+01 -3.480417145930133405e+00 1.088099000063674993e+01 -3.480417145930133405e+00 -3.490369119920764263e+01
2.597948474976685773e+01 -7.063908136319196451e+00 6.455879016470226439e+00 -7.063908136319196451e+00 1.403770378164886523e+01 1.860004546553335691e+00 6.455879016470226439e+00 1.860004546553335691e+00 4.158650230331441122e+01
-1.245847244788123298e+01 3.613981384357686011e+00 2.010311211284993504e+01 3.613981384357686011e+00 -3.808420808183786477e+01 -4.676289666267654077e+00 2.010311211284993504e+01 -4.676289666267654077e+00 -1.371480584942061576e+01
-1.313974757520270131e+01 -8.828137076272241757e+00 7.096794594865882821e+00 -8.828137076272241757e+00 -3.049921578345089301e+01 3.739623616477162571e+00 7.096794594865882821e+00 3.739623616477162571e+00 -8.052525051693173452e+00
2.609217108743415992e+01 5.496682202218048374e+00 3.893937054452113689e+00 5.496682202218048374e+00 -2.854309187282303650e+00 -2.282857923850473369e+00 3.893937054452113689e+00 -2.282857923850473369e+00 2.012889705886473379e+01
2.977901925615563883e+01 -4.925461346543397845e+00 7.660098517279504193e+00 -4.925461346543397845e+00 2.786506803322562575e+01 3.584102201653929787e-01 7.660098517279504193e+00 3.584102201653929787e-01 3.501510603049116099e+01
4.848037191169140669e+01 6.254793373586091221e+00 4.476834455302769555e+01 6.254793373586091221e+00 1.095905533928455799e+00 1.598905168875329608e+01 4.476834455302769555e+01 1.598905168875329608e+01 -1.029460879045982757e+01
2.699086155641098017e+01 -1.817533181233425310e+01 2.415369358570867675e+01 -1.817533181233425310e+01 1.390358771768836910e+01 -4.455856918966719427e+00 2.415369358570867675e+01 -4.455856918966719427e+00 2.446640927388120801e+01
3.354998631441723944e+00 1.128614572644992897e+01 -4.022813944525140961e-01 1.128614572644992897e+01 -9.576446239636309699e+00 -9.593279765612265919e+00 -4.022813944525140961e-01 -9.593279765612265919e+00 7.790590001421308308e+00
1.815704238435691309e+01 9.070426092671727503e+00 2.440920014555997497e+01 9.070426092671727503e+00 1.071089714469347243e+01 -5.173476258744287293e-01 2.440920014555997497e+01 -5.173476258744287293e-01 2.806324176119720448e+01
1.153483934825886292e+00 7.467923124548767611e-01 7.470364983584318885e-01 7.467923124548767611e-01 -1.623732838729283046e+01 -3.760642463206948172e+00 7.470364983584318885e-01 -3.760642463206948172e+00 -1.661402105321826284e+01
5.364337367985807248e+01 7.287598802546981780e+00 7.206994129033348351e+00 7.287598802546981780e+00 4.590636311304151462e+01 -7.987543190511074087e+00 7.206994129033348351e+00 -7.987543190511074087e+00 4.175280700084607588e+01
-2.024679479267041504e+00 -9.329946534662317603e+00 2.856364310679904506e+01 -9.329946534662317603e+00 -1.714812813333352537e+01 5.531133051659130828e+00 2.856364310679904506e+01 5.531133051659130828e+00 -3.788579434493712483e+00
-1.479538993273553693e+01 -2.882248242965676610e+00 1.867725804153381475e+01 -2.882248242965676610e+00 -3.964045676140985108e+01 5.044100699606455684e+00 1.867725804153381475e+01 5.044100699606455684e+00 5.072955706042860946e+00
1.943679511952510452e+01 9.642070474652447487e+00 9.827623153158786096e+00 9.642070474652447487e+00 1.320805803006006585e+00 -8.279073678431684513e+00 9.827623153158786096e+00 -8.279073678431684513e+00 7.404491021564593822e+00
-8.445503904645820015e+00 9.192491841337034231e+00 4.889931557497919634e+00 9.192491841337034231e+00 -3.187866801285541385e+01 -7.731228468144478505e+00 4.889931557497919634e+00 -7.731228468144478505e+00 -1.557658546420620382e+01
4.026762995856730143e+00 8.971843539381628430e-02 -2.874483201791578235e+00 8.971843539381628430e-02 -1.299930084961141930e+01 -5.808525558397189315e+00 -2.874483201791578235e+00 -5.808525558397189315e+00 -5.837722924272630287e+00
2.698404375319580240e+01 -4.756427139415970728e+00 6.245375542379917100e+00 -4.756427139415970728e+00 2.090350119558983266e+01 -5.209486087912421404e+00 6.245375542379917100e+00 -5.209486087912421404e+00 2.283441867570830297e+01
3.410951657059259734e+00 9.623763625167763180e+00 1.244858513034963465e+01 9.623763625167763180e+00 -3.273661626593970908e+01 4.765368379539855148e+00 1.244858513034963465e+01 4.765368379539855148e+00 -1.462796424458265498e+01
-1.183441449241424692e+01 -6.282039027730902170e+00 3.459747391050542742e+00 -6.282039027730902170e+00 -2.700184392886136919e+01 -1.842609862830685286e+00 3.459747391050542742e+00 -1.842609862830685286e+00 -1.892864961126362289e+01
3.377225995394628910e+01 2.390411866601340751e+00 8.150535959435941891e+00 2.390411866601340751e+00 1.692736035496015390e+01 2.121691465121796405e+00 8.150535959435941891e+00 2.121691465121796405e+00 3.785347445609700401e+01
2.464933772066683559e+01 -3.866976571940252239e+00 2.605305421482077932e+01 -3.866976571940252239e+00 3.980337947297105661e+00 -6.061973515048653560e+00 2.605305421482077932e+01 -6.061973515048653560e+00 2.557783194459395304e+01
-2.052210125434936927e+01 6.110073408115162863e+00 -4.782934052493079125e-01 6.110073408115162863e+00 -2.404914451550887478e+01 -6.187494514221106634e+00 -4.782934052493079125e-01 -6.187494514221106634e+00 -3.142545343781831146e+00
2.767654085506952466e+00 1.342227795615179575e+00 9.838801961370707616e+00 1.342227795615179575e+00 -1.445219151218195819e+01 -3.605305581119505387e+00 9.838801961370707616e+00 -3.605305581119505387e+00 9.569823493183436725e+00
-1.010375576173781154e+00 3.538243460001720964e-01 -4.218894049257126966e+00 3.538243460001720964e-01 -8.151707676112234680e+00 -8.691726569122035784e+00 -4.218894049257126966e+00 -8.691726569122035784e+00 7.706963666736543761e-01
7.358827684009376924e+00 1.690696479406809161e+01 9.773174350533031074e+00 1.690696479406809161e+01 -1.899227086973202461e+01 -7.688896102914909214e+00 9.773174350533031074e+00 -7.688896102914909214e+00 3.507691612559393324e+00
4.894145777153146071e+01 9.937716428587066275e+00 9.429447367193747098e+00 9.937716428587066275e+00 4.606204910338390590e+01 -5.453931905353695875e+00 9.429447367193747098e+00 -5.453931905353695875e+00 5.462264051548854127e+01
4.819785496589065410e+00 -5.360472528565114914e+00 9.470265239946353830e+00 -5.360472528565114914e+00 -2.100161557618534403e+01 -2.225708438437468573e+00 9.470265239946353830e+00 -2.225708438437468573e+00 -2.841854052725146129e+00
4.383241979426787793e+01 2.189212165903692942e+00 -5.423891524883289073e+00 2.189212165903692942e+00 -2.819551283494847738e+00 -1.029099883872120458e+01 -5.423891524883289073e+00 -1.029099883872120458e+01 2.934139882951795286e+01
-4.933973994674555996e+00 -5.198287340428676018e+00 1.652095536676136689e+01 -5.198287340428676018e+00 -1.351728024103205428e+01 -5.374550428171910532e+00 1.652095536676136689e+01 -5.374550428171910532e+00 1.116853589771541699e+00
2.670326731636174244e+01 -7.743709252708761426e-01 8.917423488573223977e+00 -7.743709252708761426e-01 9.744432525671957279e+00 -6.482817877153459030e+00 8.917423488573223977e+00 -6.482817877153459030e+00 3.942857559933742095e+01
-3.437625186771775532e+00 -4.452614069664981855e+00 7.600527528358596609e-03 -4.452614069664981855e+00 -2.236363226282954386e+01 -8.822712170074225924e+00 7.600527528358596609e-03 -8.822712170074225924e+00 -4.072743383755081048e+00
4.897970263430944549e+00 -1.082224224636599352e+01 1.292201158031718933e+01 -1.082224224636599352e+01 -2.844689537397745838e+01 -8.911962451973328925e+00 1.292201158031718933e+01 -8.911962451973328925e+00 -3.653967090962483955e+00
-8.318727071833357911e+00 -9.211701579786356620e-01 -7.538656974923299892e+00 -9.211701579786356620e-01 -2.322087688939870276e+01 -7.705738593042186224e+00 -7.538656974923299892e+00 -7.705738593042186224e+00 -8.469729645820724073e+00
-9.074022585441950284e+00 7.105182432636894418e+00 1.994630829381242165e+01 7.105182432636894418e+00 -3.668186609178246727e+01 1.304430239029463756e-01 1.994630829381242165e+01 1.304430239029463756e-01 -1.030804571077578480e+01
8.232641114767931256e+00 7.713476778321272320e+00 -1.221611493341266375e+01 7.713476778321272320e+00 -1.862943358053126985e+01 8.823264143476782451e+00 -1.221611493341266375e+01 8.823264143476782451e+00 -1.431109520880767150e+00
1.659484191544449061e+01 6.171003768076370299e+00 4.691883515763985102e+00 6.171003768076370299e+00 6.394860712987670226e+00 1.754741930314389409e+00 4.691883515763985102e+00 1.754741930314389409e+00 2.936803806929157901e+01
7.679575027820044397e+01 1.064570555383020967e+01 3.161626619502036561e+01 1.064570555383020967e+01 2.517120129963237218e+01 -1.208248018504747279e+00 3.161626619502036561e+01 -1.208248018504747279e+00 3.771815540730731442e+01
2.436397344823502209e+01 1.525805240591880718e+01 6.092777578684532180e+00 1.525805240591880718e+01 1.108333888042870896e+01 -8.437917266622106283e+00 6.092777578684532180e+00 -8.437917266622106283e+00 3.401959257821230409e+01
-2.686198942124707401e+01 1.935281022114345717e+01 3.933531781185594767e+00 1.935281022114345717e+01 -3.835008800353917024e+01 1.156280230691236177e+01 3.933531781185594767e+00 1.156280230691236177e+01 -1.168541139681635777e+01
3.559962976003595347e+00 5.176136484502097623e+00 5.656153557305207080e+00 5.176136484502097623e+00 -2.830618333255388031e+00 -7.102443459258332759e+00 5.656153557305207080e+00 -7.102443459258332759e+00 -1.586667371101604163e+00
-5.748623736259220962e+00 6.139113623985992696e+00 7.435276700569901642e+00 6.139113623985992696e+00 -1.338002700820203295e+01 5.216106500707714533e-01 7.435276700569901642e+00 5.216106500707714533e-01 2.237293333102337023e+00
1.602529499806917812e+01 -9.646314663183777061e-01 2.937436564990589716e+01 -9.646314663183777061e-01 -4.023670849413677075e+01 -6.555087040233732232e+00 2.937436564990589716e+01 -6.555087040233732232e+00 -2.556478755833295580e+01
1.133446049971601699e+00 9.626440111743081118e+00 1.085529053437219993e+01 9.626440111743081118e+00 -3.879047705384569866e+01 5.874686786108852310e+00 1.085529053437219993e+01 5.874686786108852310e+00 -5.753390623333534570e+00
-1.715421191052607242e+01 9.964583958630198524e+00 8.034223485977403101e+00 9.964583958630198524e+00 -3.810879414064197590e+01 -8.169697346817686778e+00 8.034223485977403101e+00 -8.169697346817686778e+00 -1.171338993576824983e+01
2.505499513016604851e+01 5.184380817501709870e+00 1.238794631591542306e+01 5.184380817501709870e+00 -2.305229610069249535e+00 -7.771432568997577839e+00 1.238794631591542306e+01 -7.771432568997577839e+00 1.632848543152303833e+01
2.647828428138232582e+01 -1.928930615323737552e+00 5.014953682765625587e+00 -1.928930615323737552e+00 1.868358306350319253e+01 -3.943003169464004198e+00 5.014953682765625587e+00 -3.943003169464004198e+00 3.342500779825288504e+01
-7.664002556153444168e+00 -5.914656183360627928e+00 -7.574974550456017308e-01 -5.914656183360627928e+00 -2.145935478019827514e+01 -2.379199640779408043e+00 -7.574974550456017308e-01 -2.379199640779408043e+00 1.056398480232712700e+01
-1.438961546354860310e+01 -2.372307102508425469e+00 2.418172868992197966e+00 -2.372307102508425469e+00 -2.984995310027934678e+01 -7.122687992473622387e+00 2.418172868992197966e+00 -7.122687992473622387e+00 2.633920688050901848e+00
-4.302978556494961637e+00 1.755288508325346442e+01 1.200119303089939393e+01 1.755288508325346442e+01 -3.476887977263217522e+01 4.095746033316699730e+00 1.200119303089939393e+01 4.095746033316699730e+00 -1.671241660152864483e+01
