2.444867000620947195e+01 -9.198349168613875193e-01 -2.810130061932794909e+00 -9.198349168613875193e-01 2.100196968457766644e+01 -2.224124837381578956e+00 -2.810130061932794909e+00 -2.224124837381578956e+00 2.049834863186128686e+01
-4.407276495744085310e+00 8.340215927785553873e+00 1.683315824459162258e+01 8.340215927785553873e+00 -9.471007283750804362e+00 3.837263771213607733e+00 1.683315824459162258e+01 3.837263771213607733e+00 -1.187383558800671146e+01
4.635141453092722941e+01 6.624816062373618530e-01 -1.471058980191669718e+01 6.624816062373618530e-01 3.372963432344117107e-01 1.158709669021734001e+01 -1.471058980191669718e+01 1.158709669021734001e+01 3.003528585885010571e+01
-2.665457866267218368e+00 7.169481515461562537e+00 -1.720891333005063251e+00 7.169481515461562537e+00 -3.187954875590988024e+01 1.123175398211691700e+01 -1.720891333005063251e+00 1.123175398211691700e+01 1.470699546774807231e+01
-1.290079723153459490e+01 1.626712435643571908e+01 -3.029653909109864429e+00 1.626712435643571908e+01 -6.396707300100517912e+00 -1.979214760522675087e+00 -3.029653909109864429e+00 -1.979214760522675087e+00 -1.404579063831625696e+01
2.644059718269171455e+01 -7.545731188089786379e+00 -3.611494957221117907e+00 -7.545731188089786379e+00 2.363619993113698303e+00 -5.504227580224457128e+00 -3.611494957221117907e+00 -5.504227580224457128e+00 2.645861027002468546e+01
3.012068053549448265e+01 -1.166420230028053773e+01 4.222212447552379011e+00 -1.166420230028053773e+01 2.487513070303799978e+01 6.473955598166444503e+00 4.222212447552379011e+00 6.473955598166444503e+00 2.453953235630319440e+01
-4.147898541106115289e+01 5.462531571960242971e+00 -1.799653804105133981e+00 5.462531571960242971e+00 -8.260595838289742687e+01 1.295040280250824871e+01 -1.799653804105133981e+00 1.295040280250824871e+01 -1.878162456941787539e+01
-4.671714996394536712e+01 5.106860428435802568e+00 4.730952980940618779e+00 5.106860428435802568e+00 -6.693369491562744145e+01 4.615708363121661328e+00 4.730952980940618779e+00 4.615708363121661328e+00 -4.312746967569646017e+01
-1.868743267770848249e+01 -8.057242078191640289e+00 3.851888394064212129e+00 -8.057242078191640289e+00 -7.543669426387120325e+01 1.871018329250783907e+01 3.851888394064212129e+00 1.871018329250783907e+01 -1.255669223336430029e+01
-3.806060415693207233e+01 -3.195162637538659922e+00 1.072187169610012880e+01 -3.195162637538659922e+00 -2.989423621304030831e+01 -1.779637355163328438e+00 1.072187169610012880e+01 -1.779637355163328438e+00 -1.726433827369017138e+01
3.188535487656921852e+00 3.128195795870256646e-01 -1.824393019154451512e+00 3.128195795870256646e-01 -2.245792145045560240e+00 -1.264839705763233901e+01 -1.824393019154451512e+00 -1.264839705763233901e+01 -8.761260899550494585e+00
-1.414142537646388398e+01 -9.089777908033077836e+00 -3.131433347109185306e+00 -9.089777908033077836e+00 -8.810701630958195096e+01 3.259339262339815413e+00 -3.131433347109185306e+00 3.259339262339815413e+00 -1.827835910887326065e+01
-1.286898040857488112e+01 -2.831979077142576351e+00 -2.678356968550696049e+00 -2.831979077142576351e+00 -2.363239839888995775e+01 -4.183633818056161857e+00 -2.678356968550696049e+00 -4.183633818056161857e+00 -1.583703187269544976e+01
-2.601549488098137530e+01 8.699196511238375118e-01 -1.233417959127058339e+01 8.699196511238375118e-01 -2.324393501728501832e+01 6.988150231048779748e-01 -1.233417959127058339e+01 6.988150231048779748e-01 -3.733052789261576976e+01
-1.262659497681017484e+01 -7.773436576483367944e+00 -7.183761687293685583e+00 -7.773436576483367944e+00 -3.389887256963168838e+00 8.600004042933257153e+00 -7.183761687293685583e+00 8.600004042933257153e+00 -4.449529070731754388e+01
2.726175856089437488e+01 8.641885665796090521e+00 7.780827160614860460e+00 8.641885665796090521e+00 5.945464140031566203e+00 -4.839860908916692184e-01 7.780827160614860460e+00 -4.839860908916692184e-01 2.152028999292216227e+01
6.575394543283990423e+00 -2.514523270280303979e+00 1.150852377474880583e+01 -2.514523270280303979e+00 -2.115743086166040143e+01 8.811683481614499547e-01 1.150852377474880583e+01 8.811683481614499547e-01 1.073432952670589557e+01
2.901665381862219562e+00 -1.574953797447318227e+00 3.381719417390623317e+00 -1.574953797447318227e+00 1.065045219312952973e+01 -3.569897991103633483e+00 3.381719417390623317e+00 -3.569897991103633483e+00 -4.349903443117878687e+00
-1.982706193330452393e+01 2.633606739675397890e+01 -3.337957399472508246e+00 2.633606739675397890e+01 -1.103943447124862143e+00 8.015008934902381199e+00 -3.337957399472508246e+00 8.015008934902381199e+00 -2.844819568503482898e+01
-1.433586781395853293e+01 1.539699444247125903e+01 -3.563537602195810727e+00 1.539699444247125903e+01 -1.962644513508568389e+00 8.571674527690614553e+00 -3.563537602195810727e+00 8.571674527690614553e+00 -1.891639385622197622e+01
-4.015426578334263752e+00 1.905578166451110889e+01 4.937788516927719584e+00 1.905578166451110889e+01 -1.013637411814260147e+01 -9.259593815684306062e-01 4.937788516927719584e+00 -9.259593815684306062e-01 -1.653888994319692429e+01
1.504068899112187907e+01 -7.523282026538201883e+00 1.045530513321839727e+01 -7.523282026538201883e+00 7.442493124823256423e+00 -3.135542324618779464e+00 1.045530513321839727e+01 -3.135542324618779464e+00 3.168752744278386935e+00
5.834935942648036722e+00 5.798659269433039221e+00 1.265195351702065096e+00 5.798659269433039221e+00 -2.774134740050113024e+01 -6.936664400328157676e+00 1.265195351702065096e+00 -6.936664400328157676e+00 3.068200567345125762e+01
-3.113703331101829264e+01 -1.296635997020045394e+01 -7.551893514474113722e+00 -1.296635997020045394e+01 -3.352015511422136740e+01 7.916130401655618876e+00 -7.551893514474113722e+00 7.916130401655618876e+00 -3.756438640835656884e+01
6.257923795642803988e+00 -4.256487267543476172e+00 2.606244105360900898e-01 -4.256487267543476172e+00 1.360607095134117728e+01 -2.193685076171837611e+00 2.606244105360900898e-01 -2.193685076171837611e+00 -1.621000415686817320e+01
1.051798605740426318e+01 1.041428415419359155e+01 5.164963841749386830e+00 1.041428415419359155e+01 -1.115515036629153478e+01 6.507573345926467745e+00 5.164963841749386830e+00 6.507573345926467745e+00 3.734678900762148146e+00
-1.982297541101334915e+01 4.768867520336923072e+00 4.827200010622007653e+00 4.768867520336923072e+00 -5.283662223228838428e+01 4.339793807552002392e+00 4.827200010622007653e+00 4.339793807552002392e+00 -1.766756397100654752e+01
6.421894192859548411e+01 5.958705263661405738e+00 7.026952299993917350e+00 5.958705263661405738e+00 -1.310650297061888914e+01 1.255596265247678467e+01 7.026952299993917350e+00 1.255596265247678467e+01 5.305219504318543500e+01
-2.516114322405715864e+00 -9.201905725405284286e+00 1.044062211575608146e+01 -9.201905725405284286e+00 -5.849578106380293718e+01 2.254661334528094585e+01 1.044062211575608146e+01 2.254661334528094585e+01 5.965925571096755142e+00
-1.179836169457945561e+00 1.495971409672187313e+01 -5.968553495845841939e-01 1.495971409672187313e+01 2.746605624417672420e+00 -1.743902382779681570e+00 -5.968553495845841939e-01 -1.743902382779681570e+00 -1.573553512934110188e+01
-3.580868925537630787e+01 -2.158233991872228330e+01 1.973657047078589954e+01 -2.158233991872228330e+01 -2.567374181880670747e+01 5.745292601745871863e+00 1.973657047078589954e+01 5.745292601745871863e+00 -4.101711923388420189e+01
4.572000586806352374e+01 -7.861285124047205919e+00 2.681579328500019344e+00 -7.861285124047205919e+00 -1.963316361887689254e+01 3.271677287784161337e+00 2.681579328500019344e+00 3.271677287784161337e+00 3.373411744551610525e+01
8.682132143218430187e+00 -2.661103741481608331e+00 -4.254329317078502370e+00 -2.661103741481608331e+00 1.049871422618328864e+01 1.435963534798534669e+00 -4.254329317078502370e+00 1.435963534798534669e+00 2.440629122934763640e+00
-6.267098862307162177e-01 6.653740820643498921e+00 -1.148571329934018337e+01 6.653740820643498921e+00 -1.740507304087050855e+01 6.143471151659829488e+00 -1.148571329934018337e+01 6.143471151659829488e+00 -1.401734193004733164e+01
-2.165591212009296740e+01 -8.367252157074581476e+00 -1.045991354705185650e+01 -8.367252157074581476e+00 -4.165403432652040294e+01 7.590744218947335753e+00 -1.045991354705185650e+01 7.590744218947335753e+00 -2.442968831669515239e+01
7.705269003492373203e-01 -3.075910124506255894e+00 1.339856124897279566e+00 -3.075910124506255894e+00 -5.820722889006518841e+01 -1.355370427998993854e+01 1.339856124897279566e+00 -1.355370427998993854e+01 3.546584329880311248e+00
-3.324684715223940046e+00 -1.024786054576958927e+00 -2.291798149692168707e+01 -1.024786054576958927e+00 -6.953115766690577004e+01 1.203823397499875014e+01 -2.291798149692168707e+01 1.203823397499875014e+01 -1.121992922310926666e+01
8.671180913031379944e+00 1.667419502271411602e+01 -4.590374994417445897e+00 1.667419502271411602e+01 1.347742368303477356e+01 1.632617523643085544e+00 -4.590374994417445897e+00 1.632617523643085544e+00 -1.214957581701594735e+00
9.765910335566772460e+00 4.789521826482145528e+00 3.416968619988360434e+00 4.789521826482145528e+00 -4.239380613584742008e+01 2.422172259341855316e+00 3.416968619988360434e+00 2.422172259341855316e+00 -1.147142317591226757e+00
-4.086522112155426711e+00 -2.416124151819034171e+00 4.845946991300299267e+00 -2.416124151819034171e+00 -3.249156185928822271e+00 1.101484905676938936e-01 4.845946991300299267e+00 1.101484905676938936e-01 -2.023778554748119163e+01
1.856732826231591460e+01 4.137192942951307906e+00 6.573690583733742265e+00 4.137192942951307906e+00 1.635237708353339059e+01 -4.037927641084962715e+00 6.573690583733742265e+00 -4.037927641084962715e+00 1.094513594732385009e+01
1.608499328272814921e+01 1.204839281460986955e+00 -1.420436381761573497e+00 1.204839281460986955e+00 -3.055971993510459939e+01 1.332505882842093570e+01 -1.420436381761573497e+00 1.332505882842093570e+01 1.697631180006230878e+01
1.058052176850189063e+01 1.401114483513787690e+01 -7.823269381339519768e+00 1.401114483513787690e+01 7.041495099856140527e+00 -4.403906693958947294e+00 -7.823269381339519768e+00 -4.403906693958947294e+00 4.435774258072575194e+00
2.911100433763620821e+00 6.184220858303214996e+00 1.337225706801401293e+00 6.184220858303214996e+00 -2.024384183499413581e+01 4.215500121560136648e+00 1.337225706801401293e+00 4.215500121560136648e+00 9.657982243206800987e+00
3.127324165891712227e+01 8.639688422072367979e-01 3.304410181243050970e-01 8.639688422072367979e-01 2.755456532382700274e+01 3.783203358056033583e+00 3.304410181243050970e-01 3.783203358056033583e+00 3.304180203733513821e+01
9.305500803018301070e+00 -1.005726964390176903e+01 -5.167283202805842635e+00 -1.005726964390176903e+01 -1.001425918417177208e+01 7.868021530756968751e+00 -5.167283202805842635e+00 7.868021530756968751e+00 -1.939009658755889021e+01
-8.731952328343519643e-01 1.198078118711465656e+01 2.438529080653629499e+00 1.198078118711465656e+01 -5.191894351182067879e+01 4.908169173382750827e+00 2.438529080653629499e+00 4.908169173382750827e+00 -2.973916740981503182e+01
2.922028600742357796e+01 -1.553217265154318127e+00 1.582731848076538439e+00 -1.553217265154318127e+00 2.722523839725300476e+01 -2.312817995933822868e+00 1.582731848076538439e+00 -2.312817995933822868e+00 2.973360942465097878e+01
-9.143450518306480035e+00 -2.499046565134031284e-01 9.037894420088589342e+00 -2.499046565134031284e-01 -6.161094395297810422e+01 1.391820621137933323e+01 9.037894420088589342e+00 1.391820621137933323e+01 -1.280392375473993916e+01
4.413646622052262813e+01 7.004830303966416150e-01 2.149882418101924131e+01 7.004830303966416150e-01 -3.032464182060554236e+00 1.077865425321835602e+01 2.149882418101924131e+01 1.077865425321835602e+01 5.538711320413678862e+01
-1.142613441192402490e+01 -1.639795888714398409e+00 -3.674535498448054049e+00 -1.639795888714398409e+00 -4.444970856499963219e+01 3.798115832229075894e-01 -3.674535498448054049e+00 3.798115832229075894e-01 -8.617690844369128911e+00
-9.718785690200066441e+00 -4.498090340947567434e+00 -7.791684498019232130e+00 -4.498090340947567434e+00 -2.302537857538088772e+01 -8.578891226936340431e+00 -7.791684498019232130e+00 -8.578891226936340431e+00 -2.896143658757820916e+01
-3.194283903712433315e+00 4.829341903339362529e-01 -1.982834617429376500e+00 4.829341903339362529e-01 -4.178091580540038308e+01 1.353655750080320352e+01 -1.982834617429376500e+00 1.353655750080320352e+01 -3.427204108126595816e+00
2.943987258430259146e+01 -8.258409291959601717e+00 5.666807357435318382e-01 -8.258409291959601717e+00 3.059852539506204749e+01 3.473904177928182513e+00 5.666807357435318382e-01 3.473904177928182513e+00 2.734483328167937088e+01
8.317430265463420014e+00 -1.161671254224718064e+00 -1.320339129663513189e+00 -1.161671254224718064e+00 4.058263856429069172e+00 9.837380195638028013e+00 -1.320339129663513189e+00 9.837380195638028013e+00 -1.843947330846626542e+01
1.188305384963337152e+00 -2.337070390886654891e+01 -8.458910870835870455e+00 -2.337070390886654891e+01 9.788215614562954414e+00 5.570974043391877295e+00 -8.458910870835870455e+00 5.570974043391877295e+00 -2.964443480801038788e+01
1.071695663111036190e+01 -2.340420381302183106e+00 -2.744976189808219780e-01 -2.340420381302183106e+00 2.568261563190497032e+00 -5.188977906811588214e-01 -2.744976189808219780e-01 -5.188977906811588214e-01 8.836708958541974468e+00
1.830728225719970226e+01 -6.604051109589044621e+00 -1.837262191985831095e+01 -6.604051109589044621e+00 -1.320380123782255222e+00 4.503571678960047286e+00 -1.837262191985831095e+01 4.503571678960047286e+00 9.119279107884759039e-01
2.890281063729480238e+00 -3.187621978062347150e+00 5.168195934474797859e+00 -3.187621978062347150e+00 -8.179178398221457869e+00 3.288359574728130674e+00 5.168195934474797859e+00 3.288359574728130674e+00 -5.038553690011901232e+00
9.729458183804180038e+00 -4.233853547232869774e-01 -3.160973941851717317e+00 -4.233853547232869774e-01 -1.631456575770332762e+01 1.181359048260869571e+01 -3.160973941851717317e+00 1.181359048260869571e+01 1.313736325215063871e+01
1.204856126742294542e+01 -1.346052276920354984e+01 6.616290838743916325e+00 -1.346052276920354984e+01 -8.592618522748445287e+00 -2.424298709925040374e+00 6.616290838743916325e+00 -2.424298709925040374e+00 1.057296413263417811e+01
-5.443595524532844010e+00 9.856381554639296994e+00 -2.690735617352269848e+00 9.856381554639296994e+00 -1.939171315575465737e+00 5.255261202751103866e+00 -2.690735617352269848e+00 5.255261202751103866e+00 3.458368471397024635e+00
-2.235258000502167164e+01 2.487598285902682171e+00 6.473635402006168160e-01 2.487598285902682171e+00 -2.723445165227592568e+01 -7.115363430304266323e+00 6.473635402006168160e-01 -7.115363430304266323e+00 -3.240586714414580172e+01
2.295183603509224568e+01 -9.503033959160264388e+00 -3.825915133374601762e+00 -9.503033959160264388e+00 -3.479389226580639871e+01 6.474995886720977367e+00 -3.825915133374601762e+00 6.474995886720977367e+00 1.017518161317473080e+01
-6.771187926115732836e+00 1.089253865783127928e+01 -1.194037593587877133e+01 1.089253865783127928e+01 -1.965599683967278466e+01 -7.578698134631653538e+00 -1.194037593587877133e+01 -7.578698134631653538e+00 -1.305212691958304383e+01
2.668204256222208670e+01 3.052778634233733079e+00 7.142126908519323969e-01 3.052778634233733079e+00 3.021865555407910264e+01 1.026339460317945117e-02 7.142126908519323969e-01 1.026339460317945117e-02 2.489662376564776025e+01
4.580592234355440695e+01 -8.086360141227238785e+00 -1.953903506695724701e+01 -8.086360141227238785e+00 1.095763178906882906e+01 2.339733204529411914e+00 -1.953903506695724701e+01 2.339733204529411914e+00 2.552488040698041161e+01
1.368961638465576058e+01 2.890602109022571753e+00 1.077997428116135969e+00 2.890602109022571753e+00 1.408975649583309675e+01 2.861207764788466168e+00 1.077997428116135969e+00 2.861207764788466168e+00 -3.690903277465769072e+00
-1.553923460086475750e+01 -1.049913828630374413e+00 1.920854842229150969e-02 -1.049913828630374413e+00 -8.971471090706486962e+00 5.222278572209146041e+00 1.920854842229150969e-02 5.222278572209146041e+00 -8.781571051348791457e+00
-7.752211610210718584e-01 6.275193732423505644e+00 -3.467645773373816187e+00 6.275193732423505644e+00 -3.116268607018472281e+01 9.349538115601244925e+00 -3.467645773373816187e+00 9.349538115601244925e+00 -7.283766977910527629e+00
2.226216466722014786e+01 5.683249151628464446e+00 9.018201993315630105e+00 5.683249151628464446e+00 2.314247310863166973e+01 -7.050552200770006550e+00 9.018201993315630105e+00 -7.050552200770006550e+00 1.699695696458206129e+01
4.635097666872685096e+01 -1.778181209449186451e+00 8.982757112328814131e+00 -1.778181209449186451e+00 -2.539700442142090608e+01 1.822232600996513696e+01 8.982757112328814131e+00 1.822232600996513696e+01 4.673516548564721518e+01
2.951165028342563801e+01 -4.946923883226943611e-03 6.260391855611029399e+00 -4.946923883226943611e-03 2.884424659143183689e+01 3.657938542179151598e-01 6.260391855611029399e+00 3.657938542179151598e-01 3.891575258544006033e+01
5.054756257500791605e+00 3.956575915838648760e-01 -2.284121396058303777e+00 3.956575915838648760e-01 -9.306963043519136392e+00 -3.620149103271204982e+00 -2.284121396058303777e+00 -3.620149103271204982e+00 1.583225754957240738e+01
-6.937112523825376798e+00 5.122435598658481304e+00 3.992801065209346412e+00 5.122435598658481304e+00 -2.134594589992842373e+01 5.755156081844706506e+00 3.992801065209346412e+00 5.755156081844706506e+00 -1.197299673563291122e+01
-1.913061074742862466e+00 1.109801021683471411e+01 7.522347677168549573e+00 1.109801021683471411e+01 -1.105318178241692628e+01 7.505122363674152641e-01 7.522347677168549573e+00 7.505122363674152641e-01 -1.151483439051087920e+01
-1.950137205599357770e+01 9.184557518211745375e+00 -6.669618625894699449e+00 9.184557518211745375e+00 -3.353320203411641387e+01 8.463288772617489908e-01 -6.669618625894699449e+00 8.463288772617489908e-01 -2.918322820874387702e+01
-3.682137776113349759e+01 4.726151123116570041e+00 3.922831093055743512e+00 4.726151123116570041e+00 -7.895572180243858895e+01 3.188671836576505658e+00 3.922831093055743512e+00 3.188671836576505658e+00 -2.190870692528996244e+01
2.802511914567296003e+01 -4.581073983298357355e+00 3.313435866625629167e+00 -4.581073983298357355e+00 2.778541086724030507e+01 -9.045000274895246273e-01 3.313435866625629167e+00 -9.045000274895246273e-01 2.949674175058831693e+01
-8.483449319950588929e+00 -3.400698315942121575e+00 5.694599128008879241e+00 -3.400698315942121575e+00 -1.230213931262629856e+01 -3.291558553169572354e-01 5.694599128008879241e+00 -3.291558553169572354e-01 -1.726350428338309229e+01
9.575409411161313500e+00 -1.358396064531253522e+01 -2.420068245152869668e+00 -1.358396064531253522e+01 -4.669573083229596300e+00 1.328723676140289633e+01 -2.420068245152869668e+00 1.328723676140289633e+01 -2.758681836085911954e+01
-9.409963238549511999e+00 -9.732840659515853976e-02 -2.098773718145654055e+00 -9.732840659515853976e-02 -1.261583084227229179e+01 -1.712490811935627244e+00 -2.098773718145654055e+00 -1.712490811935627244e+00 -1.817278314243701587e+01
-4.450144178394647376e+00 1.233248826583398916e+01 -4.101305661640195943e+00 1.233248826583398916e+01 -8.223573450543291585e+00 2.390562382351920867e+00 -4.101305661640195943e+00 2.390562382351920867e+00 -1.223819388812619913e+01
-1.179369049171053163e+01 -1.866731644259866130e+01 4.211388069005712609e+00 -1.866731644259866130e+01 -4.020804532142610555e+01 8.045820567896162956e+00 4.211388069005712609e+00 8.045820567896162956e+00 -1.348757861929015256e+01
6.402606295651340318e+00 1.810004653743594361e+01 -7.783916083254753815e+00 1.810004653743594361e+01 -4.297396007299930432e+01 1.149379139987454934e+01 -7.783916083254753815e+00 1.149379139987454934e+01 1.105500718537682658e+01
1.044994080923550861e+01 -1.444743951600640841e+00 -8.598542192379211357e+00 -1.444743951600640841e+00 -3.876333632145537678e+01 3.460953993132765305e+00 -8.598542192379211357e+00 3.460953993132765305e+00 1.181495346597733587e+01
-3.147874590296977715e+01 -5.771692587109498618e+00 2.471729393224459059e+00 -5.771692587109498618e+00 -2.265229527944209309e+01 2.599635213838213943e-01 2.471729393224459059e+00 2.599635213838213943e-01 -3.264200503147038290e+01
4.320315956623898757e+01 -1.964477743984464908e+01 -5.520597034735185149e-01 -1.964477743984464908e+01 -1.033274015297853055e+01 -7.509154308550876067e+00 -5.520597034735185149e-01 -7.509154308550876067e+00 4.643624172773879621e+01
1.228726477478476831e+01 1.347028207502005870e+01 -8.161578407923016920e-01 1.347028207502005870e+01 1.666856880741239877e+01 1.651114369798021508e+00 -8.161578407923016920e-01 1.651114369798021508e+00 -1.210109936318014556e+00
4.503816297818683978e+01 1.572168118685158600e+00 4.498843744796054089e+00 1.572168118685158600e+00 -2.055601695279962726e+01 4.881225239317322107e+00 4.498843744796054089e+00 4.881225239317322107e+00 5.829782269236748249e+01
1.404093203857177663e+01 4.936709080896920732e+00 4.227913215771967437e+00 4.936709080896920732e+00 1.289600500456760201e+01 -3.779465848533313466e+00 4.227913215771967437e+00 -3.779465848533313466e+00 1.683483192628125735e+01
-2.461779859590833297e+01 6.524410036947370983e+00 -1.558069469672731167e+01 6.524410036947370983e+00 -3.390896756429062719e+01 9.849523256339764998e+00 -1.558069469672731167e+01 9.849523256339764998e+00 -3.308477803331237510e+01
2.638783349018936875e+01 -3.399831912673348278e+00 8.770923410611837667e+00 -3.399831912673348278e+00 6.661708230307431533e-01 -4.279673107683113820e+00 8.770923410611837667e+00 -4.279673107683113820e+00 3.199475392307616062e+01
-1.027921934697965689e+01 1.308837395057658703e+01 2.509382499416546786e+00 1.308837395057658703e+01 -1.775326333464002815e+01 3.830626609668434934e+00 2.509382499416546786e+00 3.830626609668434934e+00 -2.384356065371607514e+01
1.032224681718533965e+01 -2.359404390768771620e+00 4.159059237443985424e+00 -2.359404390768771620e+00 1.119692038274727608e+01 3.382314541000952968e+00 4.159059237443985424e+00 3.382314541000952968e+00 1.182040375265517262e+01
-1.706224958249003265e+01 -1.850428375795883440e+01 5.887053712215412737e+00 -1.850428375795883440e+01 -2.954500902335260903e+01 -6.146265745027412741e+00 5.887053712215412737e+00 -6.146265745027412741e+00 -1.715051750400890640e+01
2.134970662284048970e+00 -2.762816153875936376e+00 -6.631941295939880021e+00 -2.762816153875936376e+00 -2.427454904195662522e+01 -2.171190030714345554e+01 -6.631941295939880021e+00 -2.171190030714345554e+01 8.356310834769251628e+00
1.584419992501610253e+01 3.618026509322822992e+00 -7.090688885625644478e-01 3.618026509322822992e+00 -3.729780004721060749e+01 -5.259193317844563786e+00 -7.090688885625644478e-01 -5.259193317844563786e+00 1.815720104304654114e+01
1.460781015102651281e+01 -4.033979420365990443e+00 -3.254827707046095142e+00 -4.033979420365990443e+00 -2.934697388569937715e+01 -1.481417987034283890e+01 -3.254827707046095142e+00 -1.481417987034283890e+01 7.065681843069032020e+00
