-6.251278910331053318e+00 2.100724223991224271e+00 -3.034457735158071698e-02 2.100724223991224271e+00 -2.532720084983652598e+01 -2.851734895829428851e+00 -3.034457735158071698e-02 -2.851734895829428851e+00 -9.212644690939521652e+00
-1.861274074675218060e+01 -5.489150225898758784e+00 -2.002314128893172285e+00 -5.489150225898758784e+00 -3.667135355985112000e+01 -5.531144969912822340e-01 -2.002314128893172285e+00 -5.531144969912822340e-01 2.657423258695076340e-01
1.663995143045141489e+01 1.513562925415827820e+01 -1.480127307929609337e+00 1.513562925415827820e+01 -1.574501151860289738e+01 3.072859140671375111e-01 -1.480127307929609337e+00 3.072859140671375111e-01 1.382154026967184635e+01
3.729765940235796506e+01 -1.428015033385231058e+00 -4.912823592661302641e+00 -1.428015033385231058e+00 2.158933589163639089e-01 9.988108674047593283e+00 -4.912823592661302641e+00 9.988108674047593283e+00 3.225777095817991125e+01
-2.498795993822818318e+01 1.057336592035287959e+00 9.866173621728052012e+00 1.057336592035287959e+00 -2.469582392294713102e+01 5.802765696956107888e+00 9.866173621728052012e+00 5.802765696956107888e+00 -1.234370133848480577e+01
1.516578313066099426e+01 -4.848437197000322385e+00 4.152218682907672154e+00 -4.848437197000322385e+00 1.242031602333516638e+01 1.340547632746916129e+00 4.152218682907672154e+00 1.340547632746916129e+00 1.134706722922131839e+01
4.206884785109039626e+01 -1.022939479558947262e+01 4.885103714092175586e+00 -1.022939479558947262e+01 3.272709152600278060e+01 2.097247898873881855e+00 4.885103714092175586e+00 2.097247898873881855e+00 3.439252530403852859e+01
2.632524417690108010e+01 -2.942768715190001938e+00 -8.723905322589089906e+00 -2.942768715190001938e+00 3.522694059388095411e+01 -1.939370224663723263e+01 -8.723905322589089906e+00 -1.939370224663723263e+01 7.127935253672450955e+00
4.373114400982553462e+01 1.296525197470608859e+01 -2.599501643639809956e+00 1.296525197470608859e+01 -2.853663263269694994e+01 -5.065904427883928918e+00 -2.599501643639809956e+00 -5.065904427883928918e+00 3.777402831465569477e+01
-1.677118005744188123e+00 -4.483309860714894235e+00 2.796612013076885006e+00 -4.483309860714894235e+00 -1.112335444159292130e+01 -5.652001444366777427e+00 2.796612013076885006e+00 -5.652001444366777427e+00 -2.319050929200577826e+01
5.883618347836981144e+01 -2.104414470419077698e+00 3.967381400968602367e+00 -2.104414470419077698e+00 -9.761337292402783916e+00 -2.435865105253092633e+00 3.967381400968602367e+00 -2.435865105253092633e+00 5.818224393023616159e+01
-1.227708235170678464e+01 5.368022496433209889e-02 -6.266168285147331041e-01 5.368022496433209889e-02 1.244498569737145921e+01 -1.375247801467483821e+00 -6.266168285147331041e-01 -1.375247801467483821e+00 -2.725033023430800228e+01
1.163997135153437057e+01 5.169764713827664337e+00 3.157426380853879611e+00 5.169764713827664337e+00 -9.293321853756884465e+00 5.352627004515951858e-01 3.157426380853879611e+00 5.352627004515951858e-01 1.159329860255692068e+01
1.718055073319832982e-01 -1.035697132900581430e+01 5.711277039784973475e+00 -1.035697132900581430e+01 -3.947201986814139474e+01 -4.762101818685428256e+00 5.711277039784973475e+00 -4.762101818685428256e+00 -7.955072770748338407e+00
-1.304138333504462999e+01 5.476136525088318940e+00 1.203833654041513412e+01 5.476136525088318940e+00 -3.661268717469432943e+01 8.631362626517164571e+00 1.203833654041513412e+01 8.631362626517164571e+00 5.528492124822042442e+00
9.100281531902158605e+00 -3.213496332144597289e+00 -8.633098193221591998e+00 -3.213496332144597289e+00 -3.284967314313582420e+01 9.048940118675682598e+00 -8.633098193221591998e+00 9.048940118675682598e+00 1.710041843436469122e+01
3.083930483073250528e+01 1.799634393273457533e+00 -1.417635240660422902e+00 1.799634393273457533e+00 -3.059427977273775667e+01 5.776862708794324064e+00 -1.417635240660422902e+00 5.776862708794324064e+00 2.514751099914061072e+01
8.065286698330343285e+00 1.052493461742747272e+01 -1.004742363411526007e+01 1.052493461742747272e+01 -2.024669246900587893e+01 9.538090777537508558e+00 -1.004742363411526007e+01 9.538090777537508558e+00 -3.178814939525165695e+00
-7.829143761507632027e-01 -3.675932698773249019e+00 -4.862816375562576177e+00 -3.675932698773249019e+00 -3.739266118610070411e+00 -3.755948935360980956e-01 -4.862816375562576177e+00 -3.755948935360980956e-01 -1.103556071309363951e+01
-6.011810302673270989e+00 -9.254772694037972869e+00 9.184146074903942747e+00 -9.254772694037972869e+00 -3.709596932743045983e+01 -3.457867144342498200e+00 9.184146074903942747e+00 -3.457867144342498200e+00 -1.475988050083471137e+01
1.978159708048115917e+01 2.071288054244425680e+01 1.797727761603143648e+01 2.071288054244425680e+01 -2.293531246548850788e+01 1.590041098196833502e+01 1.797727761603143648e+01 1.590041098196833502e+01 9.064228173254241128e+00
3.568712797120064550e+01 -1.503232720243447451e+00 -2.344826167200419142e+00 -1.503232720243447451e+00 3.097171657726367755e+01 -8.367436653449277228e-01 -2.344826167200419142e+00 -8.367436653449277228e-01 3.511118147835962588e+01
-8.423286681263068232e+00 -1.551763533355158131e+01 -4.898716334286038254e+00 -1.551763533355158131e+01 -6.600518959593703983e+01 9.815187225383388281e+00 -4.898716334286038254e+00 9.815187225383388281e+00 -3.225171227611807012e+01
2.637486225994411271e+01 -1.721778110150217600e+01 -1.221419785216407670e-02 -1.721778110150217600e+01 -4.794717612281547048e+01 1.070233414489065948e+00 -1.221419785216407670e-02 1.070233414489065948e+00 -5.479116502515838150e+00
5.347939306687359817e+01 1.836226577113001968e+00 -6.618836231278360849e+00 1.836226577113001968e+00 -7.630707899050060306e+00 -4.914937466075439687e+00 -6.618836231278360849e+00 -4.914937466075439687e+00 5.092021763835416692e+01
4.437682371641736978e+01 -4.580368674502643955e+00 1.833219271865925037e+00 -4.580368674502643955e+00 3.923572879209974218e+01 -7.143899016707064398e+00 1.833219271865925037e+00 -7.143899016707064398e+00 4.208208621012191486e+01
-2.804314884505451078e-01 1.198195102064884310e+01 3.980657716390362033e+00 1.198195102064884310e+01 1.228055364170895336e+00 1.035931854913680894e+01 3.980657716390362033e+00 1.035931854913680894e+01 2.384719701079048093e+01
-5.230012590507758574e+00 -8.524474779548208758e+00 -1.455947214131542822e+01 -8.524474779548208758e+00 -2.495441280433580644e+01 -9.158449925820102422e+00 -1.455947214131542822e+01 -9.158449925820102422e+00 -5.038348864584629716e-01
3.545374765189688304e+01 -5.780679168081088726e+00 -5.380169025530403104e+00 -5.780679168081088726e+00 -3.134705702452733078e+01 -2.933870043755917312e-01 -5.380169025530403104e+00 -2.933870043755917312e-01 2.064456696373954259e+01
-1.411163006361254801e+00 9.469039576932923197e+00 5.314757926745850014e+00 9.469039576932923197e+00 -4.022908350529684185e+01 -9.035879136001357281e+00 5.314757926745850014e+00 -9.035879136001357281e+00 8.178510594583553228e+00
2.304871066772898303e+01 -4.809587531947961736e+00 -1.575071736891718199e+00 -4.809587531947961736e+00 2.591356466891335941e+01 1.179791462343754427e+00 -1.575071736891718199e+00 1.179791462343754427e+00 2.408788602151985359e+01
-7.391147379799966721e+00 5.893111695513768983e-02 6.566733076183445483e+00 5.893111695513768983e-02 -8.783938684901075433e+00 5.532738117377728138e+00 6.566733076183445483e+00 5.532738117377728138e+00 -1.318662774159325046e+01
7.857175826764942528e+00 -2.425993306172544717e+00 3.101288893643668835e-03 -2.425993306172544717e+00 5.024873399045938882e+00 4.084639131803541545e+00 3.101288893643668835e-03 4.084639131803541545e+00 7.299192197530434356e+00
6.246235923659494205e+00 1.289988060617085530e+01 1.063333121808114079e+01 1.289988060617085530e+01 -1.751364565349586844e+00 1.765252426128276397e+01 1.063333121808114079e+01 1.765252426128276397e+01 -1.484749665059960400e+01
3.610498507410483615e+00 1.012314845670873176e+01 -5.186543009598657328e+00 1.012314845670873176e+01 -3.660869869886248296e+01 6.560431201593072359e+00 -5.186543009598657328e+00 6.560431201593072359e+00 8.983261386615216892e+00
1.817900755374747712e+00 2.501649397944987996e+01 -3.743189643343102890e+00 2.501649397944987996e+01 -5.327995063602235959e+00 8.407490037459385945e+00 -3.743189643343102890e+00 8.407490037459385945e+00 3.130264967658714870e+00
-3.648875996362901830e+00 -1.066136234103179703e+00 8.075199078476692494e-01 -1.066136234103179703e+00 -6.695836006248492822e+01 7.713884846057429412e-01 8.075199078476692494e-01 7.713884846057429412e-01 -2.068680595084752127e+01
2.081797209311679708e+01 1.842296518062759603e+01 -1.340703958770122561e+01 1.842296518062759603e+01 -1.032318032305064648e+01 -1.659123624757465443e+00 -1.340703958770122561e+01 -1.659123624757465443e+00 1.693106581523544918e+01
4.401737705275420964e+00 2.916201085395787729e+01 1.554156633036341795e+01 2.916201085395787729e+01 -3.765885257868671943e+01 1.674960509313733681e+01 1.554156633036341795e+01 1.674960509313733681e+01 3.600908715834733709e+00
1.699042357642861045e+00 1.519567743223032075e+01 8.104049716761352329e+00 1.519567743223032075e+01 6.053871938538966546e+00 -9.562260413194689335e+00 8.104049716761352329e+00 -9.562260413194689335e+00 8.991739498031449118e-01
1.504362906957452140e+01 1.717069154091698913e+00 -5.230239545391054401e-01 1.717069154091698913e+00 1.443983316166412045e+01 -1.840572862527916964e+00 -5.230239545391054401e-01 -1.840572862527916964e+00 1.447188874788598767e+01
7.038875779599220550e+01 7.716736024037537334e+00 1.792324562677302779e+01 7.716736024037537334e+00 6.445211104178589778e+00 2.264411815149231799e+01 1.792324562677302779e+01 2.264411815149231799e+01 4.558843020135233104e+01
-3.454929611744356865e+00 1.967188741814894115e+01 7.935271621908682960e+00 1.967188741814894115e+01 -1.113311223386630999e+01 9.912811662872514917e-01 7.935271621908682960e+00 9.912811662872514917e-01 -2.808078803109862243e+00
1.411020644726879247e+01 -3.689285388217825035e-01 2.195235589364265549e-01 -3.689285388217825035e-01 2.400711551044443581e+01 3.596346760733860837e+00 2.195235589364265549e-01 3.596346760733860837e+00 3.473038894376121988e+01
-9.380625099072696926e+00 -8.324467758510333937e+00 -2.428986081270971265e-01 -8.324467758510333937e+00 -2.151944869833132401e+01 4.812847270945089129e+00 -2.428986081270971265e-01 4.812847270945089129e+00 -2.264025420772242825e+01
-2.985181443681113933e+01 -8.742202825084131490e+00 2.378254695791298801e+01 -8.742202825084131490e+00 -9.218200104154212227e+01 -5.636335128114104087e+00 2.378254695791298801e+01 -5.636335128114104087e+00 -4.517960875884237026e+01
4.728583375136968669e+01 -8.354555340601871549e+00 -2.953125568188467831e+00 -8.354555340601871549e+00 2.950046149229437020e+01 3.834414871010475956e+00 -2.953125568188467831e+00 3.834414871010475956e+00 2.742447857731540140e+01
5.603093580347294989e+00 5.755780397490086742e+00 7.789616459005383575e+00 5.755780397490086742e+00 -1.415244481053348302e+01 4.270156273580919759e+00 7.789616459005383575e+00 4.270156273580919759e+00 1.375322773003904508e+01
8.942855558931578130e+00 1.339948010064814454e+00 -1.218149390604960525e+00 1.339948010064814454e+00 1.349913166206976989e+01 -3.878251095122282610e+00 -1.218149390604960525e+00 -3.878251095122282610e+00 4.438978973522152316e+00
1.469484631691812382e+01 -5.280215712829228636e+00 -1.914582059279364756e+00 -5.280215712829228636e+00 2.626306581186645417e+01 -5.250622574179592661e+00 -1.914582059279364756e+00 -5.250622574179592661e+00 1.031740526815682291e+00
1.580814917629973770e+01 1.036511769860567478e+00 3.656031384731229572e+00 1.036511769860567478e+00 -5.075284699133727173e+01 -5.457889096425825315e-01 3.656031384731229572e+00 -5.457889096425825315e-01 -6.071794473484800392e+00
5.834144361295213521e+00 1.193989725229771182e+01 -3.358876199089998682e+00 1.193989725229771182e+01 -1.504415697185986645e+01 4.766466494576723001e+00 -3.358876199089998682e+00 4.766466494576723001e+00 1.886181852579479212e+01
3.392315319899717707e+01 8.975374835218895342e+00 -5.720704079159128597e+00 8.975374835218895342e+00 -2.480728178723980548e+01 3.736444205067602109e+00 -5.720704079159128597e+00 3.736444205067602109e+00 4.631736427612121787e+01
4.025076869419695669e+01 3.121886571746940398e+00 5.512254270511840026e+00 3.121886571746940398e+00 3.408357486682437099e+01 2.822150237848015664e+00 5.512254270511840026e+00 2.822150237848015664e+00 3.205812477992727594e+01
9.540862155384173704e+00 -1.060049120412309342e+01 1.354742329953940327e+01 -1.060049120412309342e+01 -2.613916606825419464e+01 5.065183698368889154e+00 1.354742329953940327e+01 5.065183698368889154e+00 1.233668028110525761e+01
1.142710615878062264e+01 4.930187360615873593e-01 6.213518593846883320e+00 4.930187360615873593e-01 6.912814116943235554e+00 -1.835367206152617614e+00 6.213518593846883320e+00 -1.835367206152617614e+00 1.102438203985501956e-02
-2.580570869721088911e+01 -5.727817172936660484e+00 6.923736536936437425e+00 -5.727817172936660484e+00 -9.658702515442968206e+00 -2.479861870647423583e+00 6.923736536936437425e+00 -2.479861870647423583e+00 -1.872229080135305868e+00
2.246171978455663165e+01 -9.129458112391304780e+00 5.493070977841314040e+00 -9.129458112391304780e+00 1.872573763313353368e+01 -3.894948536625106872e+00 5.493070977841314040e+00 -3.894948536625106872e+00 1.270099158410561735e+01
1.091653899154106711e+01 -5.747167912492519903e+00 3.063916319356832507e-01 -5.747167912492519903e+00 1.573979503233805843e+01 2.674893014404811087e+00 3.063916319356832507e-01 2.674893014404811087e+00 1.287772091963359244e+01
-1.271349480434232504e+01 -8.925700460245389323e+00 3.642513050856518664e+00 -8.925700460245389323e+00 -4.292439237874430802e+01 7.612833053391956817e+00 3.642513050856518664e+00 7.612833053391956817e+00 -1.065919597485205372e+01
7.142456248702193022e+01 4.106435866512118671e-01 9.268953297004481229e+00 4.106435866512118671e-01 6.056389165536995023e+00 3.562133285567474772e+00 9.268953297004481229e+00 3.562133285567474772e+00 6.152952482826073322e+01
4.259105955501483187e+00 1.036203728187062012e+01 8.184359741578255409e+00 1.036203728187062012e+01 1.149196475969054054e+00 7.751355087008028333e-01 8.184359741578255409e+00 7.751355087008028333e-01 3.228200859428067115e+00
-1.862680373870998807e+01 -2.422289230172427477e+00 -5.372818365562120668e+00 -2.422289230172427477e+00 -4.693848376750847962e+01 4.985846476633501112e+00 -5.372818365562120668e+00 4.985846476633501112e+00 -8.021743204787327386e+00
-3.803472524532859467e+01 2.255390281490088800e+00 -9.514011063976433036e+00 2.255390281490088800e+00 -1.988734963364518293e+01 1.259228117333915442e+01 -9.514011063976433036e+00 1.259228117333915442e+01 -3.340349153388312686e+01
-2.780491608324272335e+00 -1.406967283240833133e+01 -5.452763866767401879e+00 -1.406967283240833133e+01 -5.149934276758860818e+01 5.558836995617329357e+00 -5.452763866767401879e+00 5.558836995617329357e+00 5.255296881922686403e+00
1.014337242861928523e+01 -8.596642727968930586e+00 9.451257129033221460e+00 -8.596642727968930586e+00 -5.963676613933911597e+01 4.739910421325995493e+00 9.451257129033221460e+00 4.739910421325995493e+00 2.962476802401839038e+01
6.719841908653392260e-01 -1.517429761929848242e+00 7.356207269205479626e+00 -1.517429761929848242e+00 -9.710133890334223139e+00 8.739927363912759262e+00 7.356207269205479626e+00 8.739927363912759262e+00 -3.656094450266067053e+00
-1.099691284050005713e+01 -8.529954930901856969e+00 4.978509998328111585e+00 -8.529954930901856969e+00 -4.724153043260595553e+01 5.816478697723379554e+00 4.978509998328111585e+00 5.816478697723379554e+00 -2.075131935660536442e+01
-4.418581752911991067e+00 -6.621666389532313346e+00 -5.414001720200268153e+00 -6.621666389532313346e+00 -6.035178900145354675e+01 -1.563893410535387751e+01 -5.414001720200268153e+00 -1.563893410535387751e+01 -2.207710315376349708e-01
2.724744320061912806e+00 -7.364567550682011188e+00 1.427508487732509046e+01 -7.364567550682011188e+00 -4.791614344621719113e+01 -1.781997352689534075e+00 1.427508487732509046e+01 -1.781997352689534075e+00 -1.487923855007869278e+01
3.413594324496820320e+01 6.570591138939635201e+00 1.139265513030770194e+01 6.570591138939635201e+00 2.048584863696000724e+01 1.323321112741347427e+01 1.139265513030770194e+01 1.323321112741347427e+01 1.711600842863021299e+01
4.268968864967254007e+01 4.251318034116118305e-01 -6.741200437314193827e+00 4.251318034116118305e-01 -1.611832381839274220e+01 3.591000011297601269e+00 -6.741200437314193827e+00 3.591000011297601269e+00 4.242134991908373820e+01
-6.094577344679736441e+00 6.709272300510107812e+00 1.747236018736301233e+01 6.709272300510107812e+00 -4.447639163906688253e+01 9.554896081622763049e+00 1.747236018736301233e+01 9.554896081622763049e+00 -2.609085856350368271e-01
1.644335615686855334e+01 -8.867404458469335671e-01 4.826345963287745455e+00 -8.867404458469335671e-01 7.997279391582142516e+00 1.096675725273292157e+00 4.826345963287745455e+00 1.096675725273292157e+00 6.867305448466675344e+00
-8.757576786724753148e+00 -2.699893502389453914e+00 -1.459169825415588129e+01 -2.699893502389453914e+00 -2.879816535780397757e+01 1.284494615255707739e+00 -1.459169825415588129e+01 1.284494615255707739e+00 -3.409817551227984467e+01
1.855721601753526429e+01 1.566206011313977964e+00 3.725238053597325738e+00 1.566206011313977964e+00 2.108957392312238355e+01 1.870967534529602849e-01 3.725238053597325738e+00 1.870967534529602849e-01 1.041453794364763397e+01
7.500298743166495363e+00 -8.808836356646539301e+00 3.937762807202066728e+00 -8.808836356646539301e+00 -4.680132679746532354e+00 7.123456478620735943e+00 3.937762807202066728e+00 7.123456478620735943e+00 2.496825072967954195e+00
-1.492163937875944590e+01 -3.554763346691697024e+00 -5.633743051911377364e+00 -3.554763346691697024e+00 -1.850464007875043171e+00 1.489101906476236747e+00 -5.633743051911377364e+00 1.489101906476236747e+00 -3.628228709259432350e+01
-5.626439732809752847e+00 -2.566403950203236306e+00 9.769836579818797162e+00 -2.566403950203236306e+00 -2.192456292865659506e+01 -3.810108056469527771e+00 9.769836579818797162e+00 -3.810108056469527771e+00 -2.105505360543129001e+01
1.221453549153459356e-01 5.754531087441746573e-01 1.060274463463632966e+00 5.754531087441746573e-01 3.107594352031358476e+00 1.289979668550730629e+01 1.060274463463632966e+00 1.289979668550730629e+01 1.904490629240711641e+01
-2.045660491425947214e+01 -6.508976296352228630e+00 -6.235995647780668172e+00 -6.508976296352228630e+00 -2.704522710273332109e+01 5.352500169604419433e+00 -6.235995647780668172e+00 5.352500169604419433e+00 -3.124327284048060349e+01
3.963125031330179127e+01 3.877030559164275747e+00 3.716383611473765392e+00 3.877030559164275747e+00 -2.197889934432279446e+01 -2.604256034261062780e+00 3.716383611473765392e+00 -2.604256034261062780e+00 3.470656264804686231e+01
-1.876959102989643924e+01 2.109836337581419752e+00 -8.403806796550645331e+00 2.109836337581419752e+00 -4.270809734043701411e+01 -1.799675211949606890e+00 -8.403806796550645331e+00 -1.799675211949606890e+00 -7.728303640547746767e+00
-4.930046674001943785e+01 1.624420784036406940e-01 9.732743192587001158e-01 1.624420784036406940e-01 -5.919661072486270115e+01 -8.286178808115923999e+00 9.732743192587001158e-01 -8.286178808115923999e+00 -5.261260589222121808e+01
-4.649503217128913946e+01 5.645526618707435773e+00 9.616501457586855039e+00 5.645526618707435773e+00 -1.526248328313386615e+01 -7.164801471920392295e+00 9.616501457586855039e+00 -7.164801471920392295e+00 -3.672902463508567905e+01
1.881187652924407416e+01 2.648139202880772647e+00 7.335143193118827121e+00 2.648139202880772647e+00 8.788638996581056517e+00 4.803486881747819126e+00 7.335143193118827121e+00 4.803486881747819126e+00 2.763267016068660453e+01
2.998340094813423917e+01 1.290211394866620864e+01 1.492409992649704442e+01 1.290211394866620864e+01 -9.983706347507295575e+00 2.395630033283661309e+00 1.492409992649704442e+01 2.395630033283661309e+00 4.613057780897020876e+01
3.239770568240984261e+01 7.497162200738297644e-01 5.175743350242755447e+00 7.497162200738297644e-01 -3.696127152312416086e+01 8.592006998967448794e+00 5.175743350242755447e+00 8.592006998967448794e+00 3.376428556910052947e+01
1.829680120513652142e+01 1.743723134879797687e+00 -8.246809664146740104e+00 1.743723134879797687e+00 -1.472512707423908829e+00 -1.371572118815316266e+00 -8.246809664146740104e+00 -1.371572118815316266e+00 5.296156202612192665e+00
-2.172139792611688769e+00 -1.985159734342349935e+01 -1.021200088427050900e+01 -1.985159734342349935e+01 1.336207886828091773e+01 1.710840703146879749e+00 -1.021200088427050900e+01 1.710840703146879749e+00 -8.905900034071086324e+00
2.778310990366584221e+01 -7.461215338609804570e-01 1.998490398666958212e+00 -7.461215338609804570e-01 2.480594043794952697e+01 -5.042079334100613153e-01 1.998490398666958212e+00 -5.042079334100613153e-01 2.572158358119177279e+01
-4.675441227689004720e+00 4.881171367180222598e-01 7.444645886457594841e+00 4.881171367180222598e-01 -3.154921640392995386e+01 -4.026787980440942327e+00 7.444645886457594841e+00 -4.026787980440942327e+00 6.862342086831164423e+00
4.256566143397201785e+01 8.060507292080298924e+00 7.170020685717943820e+00 8.060507292080298924e+00 -2.930802514670181225e+01 -1.366304128969252751e+01 7.170020685717943820e+00 -1.366304128969252751e+01 4.312726971422516442e+01
-2.504923504213822483e+01 4.753042737776531190e+00 1.419395342928617021e+00 4.753042737776531190e+00 -5.890180495857033804e+01 -3.579355880070847484e-01 1.419395342928617021e+00 -3.579355880070847484e-01 -2.763529506910571243e+01
1.079789291127403850e+01 1.324046364950621069e+01 -3.916133763506878029e+00 1.324046364950621069e+01 1.507282265356792106e+00 7.069275121290981900e+00 -3.916133763506878029e+00 7.069275121290981900e+00 -7.159101999639333691e+00
-6.777279996090102010e+00 1.321676260454571228e+01 9.131686381506543881e+00 1.321676260454571228e+01 3.353579356915410425e+00 -4.872281627582438546e+00 9.131686381506543881e+00 -4.872281627582438546e+00 -1.763156231363431559e+01
2.537026007357408020e+00 -5.192984624723535170e+00 2.418245651970134080e+00 -5.192984624723535170e+00 -7.606427730920091790e+01 5.843155359613919408e+00 2.418245651970134080e+00 5.843155359613919408e+00 -1.228178579391913949e+01
-2.108972392955896069e+01 4.249751465278343687e+00 4.175913220097903888e+00 4.249751465278343687e+00 -5.059637646259272259e+01 -9.199006147277017931e+00 4.175913220097903888e+00 -9.199006147277017931e+00 -1.059652964916802098e+01
-4.028007356689701624e+01 -4.220401783816886798e+00 2.106604864574903591e+00 -4.220401783816886798e+00 -4.699933678298240380e+01 3.214144626553542938e+00 2.106604864574903591e+00 3.214144626553542938e+00 -3.861098902691127677e+01
2.555316627134505225e+01 -2.157951410895280198e+00 1.441242857860096827e+01 -2.157951410895280198e+00 -3.617574068170110735e+01 9.262862457592083487e+00 1.441242857860096827e+01 9.262862457592083487e+00 3.179819569204023111e+01
