2.465312583422513626e+01 3.827441787859911404e+00 -3.077301081343657874e+00 3.827441787859911404e+00 1.626311064118828043e+01 -8.607606855170965687e+00 -3.077301081343657874e+00 -8.607606855170965687e+00 -1.184908125055565087e+01
-6.691181502144527560e-01 -1.321608790977921721e+01 1.607250934912400453e+01 -1.321608790977921721e+01 4.482457493959105754e+00 -7.764947764167187572e+00 1.607250934912400453e+01 -7.764947764167187572e+00 -2.498147149507517284e+01
-4.639313730167014427e+00 1.609724995079589993e+00 -5.142689819005257235e+00 1.609724995079589993e+00 -2.308497772288519556e+01 5.743084301854449514e+00 -5.142689819005257235e+00 5.743084301854449514e+00 -2.941146535893561520e+01
2.276731237162004007e+01 9.584142710895989126e+00 -1.038286003135390345e+01 9.584142710895989126e+00 6.940177371500297454e+00 -5.350376844479138860e-01 -1.038286003135390345e+01 -5.350376844479138860e-01 -3.424005659931600576e+01
5.415813955024057691e+01 7.834307812994090625e+00 -1.004883833647547142e+01 7.834307812994090625e+00 4.533353086129007892e+01 -1.372590079285753006e+01 -1.004883833647547142e+01 -1.372590079285753006e+01 3.974193201280252907e+01
-3.269326281815893243e+00 1.016685279782943674e+01 -1.096047505182923132e+01 1.016685279782943674e+01 -2.180330138675596530e+01 -3.032693580439884684e+01 -1.096047505182923132e+01 -3.032693580439884684e+01 -1.759557536821219159e+01
-7.011183943973090038e+01 1.120405383281987888e+01 -2.115003363706796424e+00 1.120405383281987888e+01 -4.274051330578105024e+01 1.415829938944683697e+01 -2.115003363706796424e+00 1.415829938944683697e+01 -7.989487731258664382e+01
-4.936446993811959771e+01 -4.097529834701026275e+00 -7.263884977083625571e-01 -4.097529834701026275e+00 -2.161630944181760583e+01 -4.608465549758242297e+00 -7.263884977083625571e-01 -4.608465549758242297e+00 -4.992741679716964143e+01
-4.805069795980692504e+01 9.531445872507024575e+00 3.940603963215920658e+00 9.531445872507024575e+00 -1.058541109387221191e+01 -9.359883402040244604e+00 3.940603963215920658e+00 -9.359883402040244604e+00 -5.758967649356096530e+01
-4.897042576118357715e+01 -4.406211233354024870e+00 -9.555298019487063144e+00 -4.406211233354024870e+00 -2.032225402040304019e+01 1.045353018193437933e+01 -9.555298019487063144e+00 1.045353018193437933e+01 -5.782200761776678632e+01
-4.023139132664753248e+01 7.583047060521895588e+00 5.847213118848984870e+00 7.583047060521895588e+00 -2.953869357039419441e+01 5.037028778240218330e+00 5.847213118848984870e+00 5.037028778240218330e+00 -3.736584639138806807e+01
4.115352161708646150e+00 -1.212672685622939728e+00 1.102603161294271317e+01 -1.212672685622939728e+00 3.211554056805045576e+00 1.273281266435300196e+01 1.102603161294271317e+01 1.273281266435300196e+01 -1.726264170490603078e+01
6.631314950087448423e+00 -7.980574931473458200e+00 1.093082394610526809e+00 -7.980574931473458200e+00 2.701785693253607512e+00 -8.178490101092233289e+00 1.093082394610526809e+00 -8.178490101092233289e+00 -2.003150723765533314e+01
-2.274262629162507210e+00 1.335188212332715452e+00 -6.457656999507541684e+00 1.335188212332715452e+00 -2.188141433809616743e+01 1.185535414641093155e+01 -6.457656999507541684e+00 1.185535414641093155e+01 -3.138813819455037901e+01
-2.150518379457072360e+00 -1.698844482463003347e-01 6.766103850036180312e+00 -1.698844482463003347e-01 -2.329420556698695677e+01 7.124625656438201560e+00 6.766103850036180312e+00 7.124625656438201560e+00 -4.830150986949792724e+01
3.007352008741678873e+01 1.176294292183465728e+01 -1.702977500573138459e+00 1.176294292183465728e+01 -5.867470293090244482e+00 7.102865268533619769e+00 -1.702977500573138459e+00 7.102865268533619769e+00 -2.524962728421531466e+01
4.284002899865407699e+01 -7.432986971752936434e+00 -1.550172874512506205e+01 -7.432986971752936434e+00 2.311028096088986317e+01 1.685894060660621818e+01 -1.550172874512506205e+01 1.685894060660621818e+01 -6.860537784926392213e+00
-1.737945474643469268e+01 1.415229282022535884e+01 7.061374557090627668e+00 1.415229282022535884e+01 -1.371105949271984770e+01 -7.903384965987204636e-01 7.061374557090627668e+00 -7.903384965987204636e-01 -1.888735189921718316e+01
-2.199337189281772353e+01 -1.447865954306906033e+01 -6.099350605364304734e+00 -1.447865954306906033e+01 -1.760097997243193646e+01 4.376838987399922054e+00 -6.099350605364304734e+00 4.376838987399922054e+00 -7.188160547273254508e+01
-2.354838206269987921e+01 -2.117736418903677276e+01 1.238691681040579518e+01 -2.117736418903677276e+01 -1.959092117796324217e+01 -9.074616432583262338e+00 1.238691681040579518e+01 -9.074616432583262338e+00 -3.337487946632939639e+01
-1.790519408750901675e+01 -1.188706056761190233e+01 -1.221681135459531475e+01 -1.188706056761190233e+01 -2.525230258981886777e+01 -1.576468184079259416e+01 -1.221681135459531475e+01 -1.576468184079259416e+01 -3.301091546163210211e+01
-9.560628379006056221e+00 4.754885004221654832e+00 1.983020336431496133e+01 4.754885004221654832e+00 9.742195146832788311e+00 5.133609939525948462e+00 1.983020336431496133e+01 5.133609939525948462e+00 -3.813885902924423199e+00
3.634564495795298278e+00 6.633305463507199740e+00 1.049402893685814320e+01 6.633305463507199740e+00 -8.957938151755190148e+00 -9.820326528891133222e+00 1.049402893685814320e+01 -9.820326528891133222e+00 -3.591911829159938918e+01
1.239255059025032857e+01 -6.647889517321867281e+00 8.383080067729292040e+00 -6.647889517321867281e+00 2.556938441379836835e-01 -4.447230117245987380e+00 8.383080067729292040e+00 -4.447230117245987380e+00 -1.410749322689339103e+01
-4.539252185449640109e+01 4.451202138426014976e+00 -9.933224140987235273e+00 4.451202138426014976e+00 -3.374129027591256857e+01 1.772613729714300979e+00 -9.933224140987235273e+00 1.772613729714300979e+00 -8.300024718404449686e+01
-1.809184492251780441e+01 1.156551645299945719e+01 -1.662202433061644280e+00 1.156551645299945719e+01 -5.207918740519695611e+00 -2.512210127821677297e+00 -1.662202433061644280e+00 -2.512210127821677297e+00 -3.522138683315851182e+01
2.323791425901675112e+01 -1.402261208465696107e+01 4.322960293509993335e+00 -1.402261208465696107e+01 4.868260958688487960e+01 -3.183526870200587666e+01 4.322960293509993335e+00 -3.183526870200587666e+01 3.168734805520487252e-01
-7.201086086367982197e+00 -3.905329110715773933e+00 6.625385441980795598e+00 -3.905329110715773933e+00 1.550790967407995602e+00 -1.737399583184123131e+01 6.625385441980795598e+00 -1.737399583184123131e+01 -1.845837099620837662e+01
-2.793051493257187801e+01 1.599158009802709612e+00 5.824403972814856445e+00 1.599158009802709612e+00 -1.514479752863007356e+01 -6.287750624400686661e+00 5.824403972814856445e+00 -6.287750624400686661e+00 -5.384877986515974868e+01
-2.152413934926256101e+00 -6.063468973947573559e+00 1.059654884038740086e+00 -6.063468973947573559e+00 -3.319788596400431402e+01 -5.626511918234590404e+00 1.059654884038740086e+00 -5.626511918234590404e+00 -4.930979688390025473e+01
2.310607716494081032e+01 2.210591937719143196e+00 1.605319127905426191e+00 2.210591937719143196e+00 -3.985055124166356766e+00 1.614882481402083769e+01 1.605319127905426191e+00 1.614882481402083769e+01 -3.076919997606244905e+01
4.108954260231737976e+01 -3.765946357323475824e-01 -3.767471881899617347e+00 -3.765946357323475824e-01 2.793658167192854336e+01 2.367290842927172534e+01 -3.767471881899617347e+00 2.367290842927172534e+01 -5.203648303049854817e-01
-3.191361601568866035e+01 1.648216619396952254e+01 -7.669783186329890867e+00 1.648216619396952254e+01 -2.992424898682174117e+01 7.581256957221754966e+00 -7.669783186329890867e+00 7.581256957221754966e+00 -4.162353736694590367e+01
-1.696886899911560320e+01 -1.024683600592641142e+01 -1.127815934064215497e+01 -1.024683600592641142e+01 -6.322780051818183145e-01 -1.030965780996318060e+01 -1.127815934064215497e+01 -1.030965780996318060e+01 -1.166755456441523009e+01
-1.549253858167694275e+01 1.124809814383637274e+01 -2.119276707270526572e+01 1.124809814383637274e+01 -1.468911114291904596e+01 -2.584377388210234994e+00 -2.119276707270526572e+01 -2.584377388210234994e+00 -4.647854295500054889e+01
1.086247379996000184e+01 3.350964901972972587e+00 -5.350650485682373336e+00 3.350964901972972587e+00 1.743766413218222411e+01 -4.660000124859304260e-01 -5.350650485682373336e+00 -4.660000124859304260e-01 -3.161977365298834286e+01
-3.555480497437821441e+01 -1.604815859156883562e+01 5.428732429425989992e+00 -1.604815859156883562e+01 -3.753281878818092832e+00 -1.222939910705784089e-01 5.428732429425989992e+00 -1.222939910705784089e-01 -5.686126208786732406e+01
-1.271949752740241024e+01 3.885354865750760922e+01 9.575976342138154962e+00 3.885354865750760922e+01 2.967099640145314687e+00 4.367937397902994512e+00 9.575976342138154962e+00 4.367937397902994512e+00 -2.968481480355053037e+01
-2.807372535631900234e+01 9.155282450729798072e+00 1.427263322319348937e+01 9.155282450729798072e+00 -6.677310246330448251e+01 -9.683235610896891998e+00 1.427263322319348937e+01 -9.683235610896891998e+00 -4.411842867609681207e+01
-3.403425053489772267e+01 6.757627488090070855e+00 9.618158717624325504e+00 6.757627488090070855e+00 -5.342268479129038639e+01 -1.651048012669352971e+01 9.618158717624325504e+00 -1.651048012669352971e+01 -7.183551466308077238e+01
2.937531345925375348e+01 -5.859817802783238605e+00 -3.807832002445024067e-01 -5.859817802783238605e+00 1.741168476026751222e+01 -1.227724934820082403e+01 -3.807832002445024067e-01 -1.227724934820082403e+01 -2.950768209621365301e+01
8.073131846618110785e+00 -2.238028525600385787e+00 1.080981553723796118e+01 -2.238028525600385787e+00 1.802255627905858404e+01 -1.595851883819042705e+01 1.080981553723796118e+01 -1.595851883819042705e+01 -8.946628792506679417e+00
1.162082268562648046e+01 2.305538717319073339e+00 -2.445060702690024623e+00 2.305538717319073339e+00 -5.120230413818287474e+00 6.722037768484653286e-01 -2.445060702690024623e+00 6.722037768484653286e-01 -3.395569933384005168e+01
-1.224193656104322159e+01 -5.394610896875656536e+00 1.766287638593055576e+01 -5.394610896875656536e+00 -1.437936885824245437e+01 -1.573649653508877044e+01 1.766287638593055576e+01 -1.573649653508877044e+01 -2.236571762997628454e+01
3.622865786042562775e+01 4.374040431710350063e+00 1.948095685516862474e+01 4.374040431710350063e+00 3.399326868766164012e+01 6.298209012235548521e+00 1.948095685516862474e+01 6.298209012235548521e+00 3.847337861851477303e+00
-5.098930648122810538e+01 2.849906864083365576e+01 -3.358910193415361345e+00 2.849906864083365576e+01 -3.507906587370005980e+01 3.007563067814402746e+00 -3.358910193415361345e+00 3.007563067814402746e+00 -5.073286760943216933e+01
4.900845642324129336e+00 1.527965993686719370e+00 -1.512383075601555404e+01 1.527965993686719370e+00 1.722797977124073654e+01 -1.396412385148908974e+00 -1.512383075601555404e+01 -1.396412385148908974e+00 -2.446140651983165881e+00
3.458133687843404402e+01 -7.837636878481493152e-01 -9.455670653304679263e+00 -7.837636878481493152e-01 3.978917021754706695e+01 3.168920105697380585e+00 -9.455670653304679263e+00 3.168920105697380585e+00 1.788644448680197385e+01
-1.998296926061706102e+01 1.526420114208209888e+01 6.234255123537155718e+00 1.526420114208209888e+01 -1.890931336780182548e+01 2.608561858063469430e+01 6.234255123537155718e+00 2.608561858063469430e+01 -3.772792943871120741e+01
1.322019054831813101e+01 8.994615494881691431e-01 2.468875709793441953e+00 8.994615494881691431e-01 2.348637461202797994e+01 -2.195161012185794736e+00 2.468875709793441953e+00 -2.195161012185794736e+00 -3.148835315231626097e+01
4.316466250202372734e+00 -1.750980117326213303e+01 1.052925077141272592e+00 -1.750980117326213303e+01 1.164895063939425057e+01 8.764884634436398425e-01 1.052925077141272592e+00 8.764884634436398425e-01 1.830016797989607813e+00
1.402310168139277202e+01 -9.126191437487573666e+00 -1.666188473091663624e+00 -9.126191437487573666e+00 -3.912659506239852814e+00 9.756020154683174184e+00 -1.666188473091663624e+00 9.756020154683174184e+00 -1.671571228573942136e+01
-2.627585681523910921e+01 7.816091256751717786e+00 -3.555327440513019965e+00 7.816091256751717786e+00 2.562860706530391752e+01 1.147209175481346222e+01 -3.555327440513019965e+00 1.147209175481346222e+01 4.286809977478330147e+00
2.361442042166336464e+01 -1.435489928265397985e+01 -2.409565371784885457e+01 -1.435489928265397985e+01 6.857910792119973564e+01 1.462588148639510699e+01 -2.409565371784885457e+01 1.462588148639510699e+01 5.808089806030853453e+00
-2.575547790525979508e+01 -1.287064969368988443e+01 -1.165948549558273584e+01 -1.287064969368988443e+01 2.996267548331585218e+01 -1.168226781307136086e+01 -1.165948549558273584e+01 -1.168226781307136086e+01 -2.404816378099618746e+01
5.627300513451192643e+00 -4.330237613468081115e+00 1.522718326230366070e+00 -4.330237613468081115e+00 2.700934080772827173e+01 1.571261304937096526e+01 1.522718326230366070e+00 1.571261304937096526e+01 -4.551903440911559962e+00
-2.228497458834746325e+01 1.066507763413865817e+01 2.651463867489660586e+01 1.066507763413865817e+01 -1.176383140685597617e+01 -1.881833632864925931e+01 2.651463867489660586e+01 -1.881833632864925931e+01 -4.725132941117874452e+01
2.846219638565572918e+00 2.173667380719805031e+00 1.535772492679369661e+00 2.173667380719805031e+00 -1.070597319447209550e+01 -1.330697658334066347e+01 1.535772492679369661e+00 -1.330697658334066347e+01 -3.090488167276764031e+01
-1.800731856019279320e+01 -4.216694724640777103e+00 8.143838135752792695e+00 -4.216694724640777103e+00 -1.160964436646344389e+01 -4.159130329110110935e+00 8.143838135752792695e+00 -4.159130329110110935e+00 -7.309881807307534984e+01
3.260741667396623455e+01 -1.306050613062701871e+01 -3.825967227306052987e+00 -1.306050613062701871e+01 -2.621718054054682945e+00 -2.499533379403162670e+00 -3.825967227306052987e+00 -2.499533379403162670e+00 -3.853716558965020056e+01
-2.037859620293195206e+01 6.356075788180175046e+00 -6.649402585913594343e+00 6.356075788180175046e+00 -1.137210738491175910e+01 -5.741525367661667545e+00 -6.649402585913594343e+00 -5.741525367661667545e+00 -6.570307152510716264e+01
1.874783655086638490e+01 7.410610242846802365e+00 -7.741738165268818861e+00 7.410610242846802365e+00 2.332301429243042534e+01 -3.461058276286804514e+00 -7.741738165268818861e+00 -3.461058276286804514e+00 -1.502117731435833647e+01
2.752879695870774768e+01 -3.700386333011698170e-01 7.112361163177395973e+00 -3.700386333011698170e-01 1.640450373556696562e+01 -3.144307862341937820e+00 7.112361163177395973e+00 -3.144307862341937820e+00 1.916022200436725598e+01
1.569611460951634285e+01 1.255043457197522372e+01 -4.935415946270805598e+00 1.255043457197522372e+01 2.446335436255529672e+01 1.931150467008772509e+01 -4.935415946270805598e+00 1.931150467008772509e+01 8.204405970637703049e+00
-9.006881736772877289e+00 6.233969494770799535e+00 1.477214625672402093e+01 6.233969494770799535e+00 1.126909229675234947e+01 1.947279424908044021e+01 1.477214625672402093e+01 1.947279424908044021e+01 -3.437200226752813137e+01
4.034266367774279161e+00 -1.021153572274162791e+01 -1.036104385004609263e+01 -1.021153572274162791e+01 -3.133636730127309988e+01 7.040597907210687012e+00 -1.036104385004609263e+01 7.040597907210687012e+00 -2.840965039652798296e+01
3.220098205268912750e+01 -3.650161089053900021e+00 -8.793538592940491228e+00 -3.650161089053900021e+00 3.169687885854158438e+01 -7.241356123851272031e+00 -8.793538592940491228e+00 -7.241356123851272031e+00 2.045646334653233112e+01
-6.039849310605195143e+00 9.329275810834243288e+00 1.018618667359890928e+01 9.329275810834243288e+00 3.096095419326529541e+00 4.676254588787876365e+00 1.018618667359890928e+01 4.676254588787876365e+00 6.387873535151451065e+00
4.340298276696006496e+01 1.248970003399622719e+01 -7.905178987248775435e+00 1.248970003399622719e+01 3.758485993173517414e+01 8.272213896534829303e+00 -7.905178987248775435e+00 8.272213896534829303e+00 2.489521569579843785e+01
-2.201212513419489269e+01 -9.354173814231240058e+00 9.739496832519536795e+00 -9.354173814231240058e+00 -2.444707719925853695e+01 -6.349403146647657259e+00 9.739496832519536795e+00 -6.349403146647657259e+00 -1.584532003534688194e+01
3.672598770384563949e+01 7.317958319560856850e+00 1.483519815562547173e+01 7.317958319560856850e+00 -4.361658202679826957e+00 -1.757533168403261215e+01 1.483519815562547173e+01 -1.757533168403261215e+01 -1.312537274033352830e+01
-1.779181985576485303e+01 3.640267796531454270e+00 -1.158071022295913366e+01 3.640267796531454270e+00 -3.600585839971994773e+01 -1.748796350650452425e+01 -1.158071022295913366e+01 -1.748796350650452425e+01 -5.917157272359195730e+01
2.765379505787529624e+01 3.288575361148714293e+00 -4.275824346182639069e+00 3.288575361148714293e+00 2.137443856541164422e+01 2.934749883386963187e+00 -4.275824346182639069e+00 2.934749883386963187e+00 2.480156603037707796e+00
-8.600160888544268190e+00 -4.209975014285284090e+00 -1.250518906205615366e+01 -4.209975014285284090e+00 -7.061728459390152146e+00 -6.784002074861813725e+00 -1.250518906205615366e+01 -6.784002074861813725e+00 -4.915414550519422221e+01
-1.932485832671392600e+01 -8.935468860458339435e+00 1.646793848217470435e+00 -8.935468860458339435e+00 -2.325876922564507865e+01 -5.226611881574831919e+00 1.646793848217470435e+00 -5.226611881574831919e+00 -4.305289019916560989e+01
-4.465186018043974414e+00 -1.390450605856386801e+01 1.164439302549028454e+01 -1.390450605856386801e+01 -2.725583775414042620e+00 -1.284119700367708461e+01 1.164439302549028454e+01 -1.284119700367708461e+01 -4.787962042492416259e+01
-2.288189407312129120e+01 -1.303901110884145353e+01 2.756191452907450934e+00 -1.303901110884145353e+01 -9.177242247149855814e+00 -1.314654929691153828e+00 2.756191452907450934e+00 -1.314654929691153828e+00 -1.366453303026372801e+01
-9.362806356714651557e+00 -3.031801236425870982e+01 4.534293642141776104e+00 -3.031801236425870982e+01 -3.906483241537838325e+01 5.230228561424023148e+00 4.534293642141776104e+00 5.230228561424023148e+00 -3.915078582073465441e+01
5.574968110016628486e+01 -1.193613212248103572e+01 6.132676978694918679e-01 -1.193613212248103572e+01 5.807093339841070190e+01 -1.214835199819671097e+01 6.132676978694918679e-01 -1.214835199819671097e+01 2.688108552743959478e+01
2.412606702505058820e+01 2.545486755837730897e+01 -1.760746697895972801e+01 2.545486755837730897e+01 1.347023065953192855e+01 -2.138723848272063854e+00 -1.760746697895972801e+01 -2.138723848272063854e+00 9.503409188361555238e+00
5.984114367693953795e+01 -5.661161518841910656e+00 6.943609238387359994e+00 -5.661161518841910656e+00 5.402638526138252928e+01 -4.341133344000312810e+00 6.943609238387359994e+00 -4.341133344000312810e+00 6.300430006515203907e+00
-5.561965784848958805e+01 -5.718161140238678719e+00 -4.122115372778325515e+00 -5.718161140238678719e+00 -3.688006347235067750e+01 4.244830773708645921e+00 -4.122115372778325515e+00 4.244830773708645921e+00 -1.389886906242329800e+01
-2.106056122724181279e+01 3.656357358390863954e+00 1.351614634071825449e+01 3.656357358390863954e+00 -5.610931147001890551e+00 -1.459743927058725532e+01 1.351614634071825449e+01 -1.459743927058725532e+01 -3.541708489359384515e+01
4.742024762835892915e+00 1.528018762687663745e+01 -9.285844422217724992e-01 1.528018762687663745e+01 -1.946214535091158382e+01 1.902820883249049544e+01 -9.285844422217724992e-01 1.902820883249049544e+01 -3.529296955674202252e+01
-2.877842269411261711e+01 1.209848099238408992e+01 -8.372158270851791428e+00 1.209848099238408992e+01 -7.828152383455389440e+01 -1.447528032926235886e+00 -8.372158270851791428e+00 -1.447528032926235886e+00 -7.557615543885378884e+01
-4.571032569489750230e+00 -4.497872852488069562e+00 -4.772023759323987591e+00 -4.497872852488069562e+00 1.327012645773293009e+01 -1.394578895136999641e+01 -4.772023759323987591e+00 -1.394578895136999641e+01 -5.864080125401517307e+01
1.469642545653205445e+01 2.171815212873281808e+01 -6.341207461033503634e+00 2.171815212873281808e+01 2.318067284980302389e+01 5.727649687863349826e+00 -6.341207461033503634e+00 5.727649687863349826e+00 -1.462287522032406706e+01
-1.148335733648083767e+01 8.429128677601731567e-01 -1.040202268315827006e+01 8.429128677601731567e-01 -5.333966396554002287e+00 -4.713516674890060543e+00 -1.040202268315827006e+01 -4.713516674890060543e+00 -5.914404294718845101e+00
3.410698412383999312e+01 -7.482242732727732992e+00 -4.031554370414714761e+00 -7.482242732727732992e+00 1.433981534637008259e+01 2.269641090108655668e+00 -4.031554370414714761e+00 2.269641090108655668e+00 3.162856751826335522e+00
-1.565129654383029312e+01 1.637977287171508323e+01 -6.529071942708246645e+00 1.637977287171508323e+01 -8.151457203095667126e+00 -6.150151198237516326e+00 -6.529071942708246645e+00 -6.150151198237516326e+00 -9.830361851089962855e+00
-8.879880441570815464e+00 -1.707157603292922587e+01 -1.771752923878775476e+00 -1.707157603292922587e+01 -1.296606958041829571e+01 9.242113378473606033e+00 -1.771752923878775476e+00 9.242113378473606033e+00 -2.482198572675677894e+01
-4.474500080410630076e+00 -2.748450276550025961e+01 -2.243867910086990047e+00 -2.748450276550025961e+01 1.446704480819326477e+01 -1.594309594526940321e+00 -2.243867910086990047e+00 -1.594309594526940321e+00 8.555754823113211893e-01
-7.761985246929024029e+00 -6.869861909144867607e-01 -2.645682320492517725e+00 -6.869861909144867607e-01 -5.385876761720140848e+00 1.889998257145775895e+01 -2.645682320492517725e+00 1.889998257145775895e+01 -4.125921478742587567e+01
1.347673312415815694e+01 -2.490202654064360033e+00 -1.331445280189128688e+01 -2.490202654064360033e+00 5.144136586057095784e+00 -1.542451262970109838e+01 -1.331445280189128688e+01 -1.542451262970109838e+01 -2.787215545093418356e+01
1.483938758488387322e+01 -2.236747431201865588e+00 1.037874800760286575e+01 -2.236747431201865588e+00 3.934670025564077633e+00 1.281708016811829864e+01 1.037874800760286575e+01 1.281708016811829864e+01 5.935893619845944436e+00
4.254641896013460922e+01 1.436807045060290910e+01 2.419661037608794985e+01 1.436807045060290910e+01 5.297071882053263181e+01 9.644812421174995265e+00 2.419661037608794985e+01 9.644812421174995265e+00 3.194449466921282621e+01
-1.141698318081970953e+01 -1.199280219069714093e+01 7.196616886308154548e+00 -1.199280219069714093e+01 -2.628979500239891465e+00 1.827509246546904720e+01 7.196616886308154548e+00 1.827509246546904720e+01 -4.919722024984621811e+01
1.690026698372964020e+01 8.629650688110723777e+00 2.521400952363426651e+00 8.629650688110723777e+00 -1.207728608306537588e+01 8.320008933826775532e+00 2.521400952363426651e+00 8.320008933826775532e+00 -3.442448985142537765e+01
9.219951782568097443e+00 -8.480979179549766656e+00 5.460190055919013075e-01 -8.480979179549766656e+00 4.435938183712424987e+00 3.878707895096566993e+00 5.460190055919013075e-01 3.878707895096566993e+00 3.411268678612201288e+00
-3.228914192467779287e+01 1.456365708648915991e+01 -1.034195069090945296e+01 1.456365708648915991e+01 -3.077657596636355564e+01 -1.034456276216917203e+01 -1.034195069090945296e+01 -1.034456276216917203e+01 -5.038645510668711580e+01
