-8.865808228086731191e+00 6.082308114283713429e+00 -1.457799813442407100e+01 6.082308114283713429e+00 5.558437152935746361e+00 6.841715800518711532e+00 -1.457799813442407100e+01 6.841715800518711532e+00 2.198066836588238715e+01
9.984159094010777169e-01 3.662525762145830921e+00 -9.922334117352248128e+00 3.662525762145830921e+00 -2.282943253323839272e+01 9.410259465590923966e+00 -9.922334117352248128e+00 9.410259465590923966e+00 -4.186837221131872511e+00
1.384980438986364781e+01 2.930381438694145135e+00 1.960223647119341273e+00 2.930381438694145135e+00 -2.134914656410312528e+00 1.505283097947958737e+01 1.960223647119341273e+00 1.505283097947958737e+01 -5.311204224637079108e+01
-2.120004039322648914e+00 -5.535124077405973786e+00 -8.396288862394881036e+00 -5.535124077405973786e+00 -1.597148339275885220e+01 -4.423095109426604665e+00 -8.396288862394881036e+00 -4.423095109426604665e+00 -2.981570008239239300e+01
6.393433369328127114e+00 1.318955149999237086e+01 -1.318566749968994678e+01 1.318955149999237086e+01 -1.249524124108872591e+01 1.699629853010755642e-01 -1.318566749968994678e+01 1.699629853010755642e-01 -2.887284817739850240e+01
5.015894945854643083e+01 4.236983189673955152e+00 3.458565447895367129e+00 4.236983189673955152e+00 2.761062208878663782e+01 -3.001373225779139453e+00 3.458565447895367129e+00 -3.001373225779139453e+00 1.617300659865269097e+01
-3.840170852106646748e+01 1.299326033944218395e+01 -2.555782792108452739e+01 1.299326033944218395e+01 -2.667328620668573080e+01 9.065510614612144025e+00 -2.555782792108452739e+01 9.065510614612144025e+00 -8.836288556487474466e+01
4.091034568932163751e+01 -1.361873557833040538e+00 8.511609416157964958e+00 -1.361873557833040538e+00 5.059289363003150442e+01 -1.397815430214835608e+01 8.511609416157964958e+00 -1.397815430214835608e+01 5.347777894996848147e+01
4.167095366249584742e+01 -2.780281342504012709e+00 -1.959895748296861484e+01 -2.780281342504012709e+00 2.188223163169592667e+01 -1.076585037537565981e+01 -1.959895748296861484e+01 -1.076585037537565981e+01 6.921885389022883750e+00
-7.796901545833703207e-01 -3.153300053879203979e+00 -1.127789846172730748e+01 -3.153300053879203979e+00 2.601434941589031880e+00 1.219000588498696658e+01 -1.127789846172730748e+01 1.219000588498696658e+01 1.680640912386091257e+00
-2.096544969698826222e+01 -2.161935869869730809e+01 1.412208358988322132e+01 -2.161935869869730809e+01 -2.474317638948248543e+01 2.776593433836784364e+00 1.412208358988322132e+01 2.776593433836784364e+00 -7.564726335198552931e+01
-1.624260970788167313e+01 -2.017398914517435671e+01 -8.580400969077693674e+00 -2.017398914517435671e+01 -1.054825836637041725e+01 1.902019188486233148e+01 -8.580400969077693674e+00 1.902019188486233148e+01 -5.043331009017386890e+01
-3.054215492840201662e+01 1.922625083609178986e+01 -2.591420367013939963e+00 1.922625083609178986e+01 -3.141129631128694655e+01 5.567917399727192240e+00 -2.591420367013939963e+00 5.567917399727192240e+00 -2.068712707740222712e+01
4.096715496876587537e+01 4.246387866399269351e-01 -9.779363093597778445e+00 4.246387866399269351e-01 4.191150422261853237e+01 1.345731518810957361e+01 -9.779363093597778445e+00 1.345731518810957361e+01 4.057498072513245013e+00
2.254021141246248305e+01 -1.208214993023381645e+01 1.260700414545123493e+00 -1.208214993023381645e+01 3.421766752861941541e+01 -7.747044838980559511e+00 1.260700414545123493e+00 -7.747044838980559511e+00 1.610782844848104034e+01
3.951961670375244040e+01 -1.267613617315623920e+01 1.158175509547934823e+01 -1.267613617315623920e+01 1.619578426503814939e+01 5.560793457041790511e+00 1.158175509547934823e+01 5.560793457041790511e+00 3.338620388765079827e+00
-8.178206315449799035e+00 2.862978985151605116e+01 6.285415842047260560e-01 2.862978985151605116e+01 -4.135627177824029133e+01 -1.077827654589173179e+01 6.285415842047260560e-01 -1.077827654589173179e+01 -4.237260984338923464e+01
-1.396290626786003841e+01 -4.697360500987700860e+00 -1.076215939273560807e+01 -4.697360500987700860e+00 -7.856445268708009522e+00 -8.837273363444582586e+00 -1.076215939273560807e+01 -8.837273363444582586e+00 -3.039776912388088448e+01
-2.905211025404121727e+01 -2.181012552343903721e+01 -1.893576263799860371e+01 -2.181012552343903721e+01 -2.958414992072331628e+01 9.110005077554075292e-01 -1.893576263799860371e+01 9.110005077554075292e-01 -4.992846861037494932e+01
-2.584523718102265022e+01 6.135286578956910652e+00 3.441440034284160898e+00 6.135286578956910652e+00 -4.225601522000926025e+01 -1.944872263603544482e+01 3.441440034284160898e+00 -1.944872263603544482e+01 -8.378999628164712021e+01
-2.044664044431923955e+01 5.277244787228620559e+00 -2.555516493214950113e+00 5.277244787228620559e+00 -3.606839957774214867e+01 4.770469562845880418e+00 -2.555516493214950113e+00 4.770469562845880418e+00 -5.541065705840524913e+01
-2.806307015171239172e+01 3.145518530520275413e-01 1.713350446879928324e+00 3.145518530520275413e-01 -2.872649423434985394e+01 -2.181230940883733993e+01 1.713350446879928324e+00 -2.181230940883733993e+01 -1.585906564140075758e+01
1.005861332937532815e+01 -6.161259856680252334e+00 7.063928094744094111e+00 -6.161259856680252334e+00 -1.363956939841438221e+01 -5.015196876477797439e+00 7.063928094744094111e+00 -5.015196876477797439e+00 -3.926719312691137276e+01
2.088787756616280689e+01 1.425288206186319862e+01 5.810532158880853615e+00 1.425288206186319862e+01 4.714576598945333652e-01 1.835688863028141782e+01 5.810532158880853615e+00 1.835688863028141782e+01 -1.298894598222999974e+01
8.603560331139174622e+00 3.734401652491182944e+00 -6.206074648431940233e+00 3.734401652491182944e+00 -1.319107896246057798e+01 -6.381786913742646838e+00 -6.206074648431940233e+00 -6.381786913742646838e+00 -4.026434011900732202e+01
-1.405809135990445391e+01 1.383970836361087997e+01 -1.292911377529268258e+01 1.383970836361087997e+01 6.168093446601544905e+00 -4.816224342457193330e+00 -1.292911377529268258e+01 -4.816224342457193330e+00 2.543502451182171331e+00
-2.683545038172937325e+01 -1.084445126658769887e+01 3.529600811224516743e+00 -1.084445126658769887e+01 -2.819664311113036703e+01 9.349674431554996445e+00 3.529600811224516743e+00 9.349674431554996445e+00 -5.523505002219326343e+01
3.648766849843165261e+01 2.800992438048111044e+00 6.091277962801833645e+00 2.800992438048111044e+00 8.750319158598383495e+00 -1.012841583617286112e+01 6.091277962801833645e+00 -1.012841583617286112e+01 -1.867884852308327837e+01
1.621909693605622138e+01 1.021261196921276415e+01 -1.227707383660798079e+01 1.021261196921276415e+01 -1.117361000210611444e+01 2.275799856464217008e+00 -1.227707383660798079e+01 2.275799856464217008e+00 -1.031407932715376230e+00
-2.086437358946874543e+00 -7.807846032246930967e+00 -7.844509127004720028e+00 -7.807846032246930967e+00 -3.667837298220498354e+01 -1.651495566038116092e+00 -7.844509127004720028e+00 -1.651495566038116092e+00 -7.188353504851870923e+01
4.499869878952669211e+01 2.151993953716252239e+00 -7.277603189690296404e+00 2.151993953716252239e+00 2.517111711867625345e+01 -4.530784400991343830e+00 -7.277603189690296404e+00 -4.530784400991343830e+00 -4.083686863187444338e+00
4.955969218146940136e+01 -1.257941871004170764e+01 -7.739809671735790708e+00 -1.257941871004170764e+01 1.114974061572941899e+01 -2.924878836890843825e+00 -7.739809671735790708e+00 -2.924878836890843825e+00 -1.537351171749248380e+01
-1.300090496189794109e+01 -1.754455840856279991e+01 -5.979841134531396207e+00 -1.754455840856279991e+01 -2.833437814205676375e+01 -5.735514129377334847e+00 -5.979841134531396207e+00 -5.735514129377334847e+00 -7.638266690505317058e+01
2.176500078153840434e+01 -5.472316510660719668e-01 -1.281043936819893858e+01 -5.472316510660719668e-01 1.002444541376732801e+01 1.453434684356681217e+01 -1.281043936819893858e+01 1.453434684356681217e+01 2.457172988148358161e+00
1.343605734936597429e+01 5.594356419279591819e+00 -3.423116198188379755e+00 5.594356419279591819e+00 7.034453294878945329e+00 -6.876729133879609712e+00 -3.423116198188379755e+00 -6.876729133879609712e+00 8.588860933976327772e+00
4.011629853913657939e+01 -4.126900965926337150e+00 -2.838850683226717742e+00 -4.126900965926337150e+00 7.848444530173331657e+00 2.128105910499023778e+01 -2.838850683226717742e+00 2.128105910499023778e+01 1.511722589523921378e+01
3.643154494116807740e+01 2.762985380419620829e-01 2.743706725651050782e+00 2.762985380419620829e-01 4.159952253298472868e+01 -3.464632553281271621e-01 2.743706725651050782e+00 -3.464632553281271621e-01 5.041151203975181971e+01
6.737439697925236004e-01 -1.378300672976697960e+01 1.167701806917293261e+01 -1.378300672976697960e+01 -6.665310995351408918e-01 -2.512546992098537491e+00 1.167701806917293261e+01 -2.512546992098537491e+00 -2.472642653091349629e+01
5.360078213082763554e+00 -6.715708447196491626e+00 1.027328147490962529e+01 -6.715708447196491626e+00 -1.848994540532725139e+01 -1.670356132661162363e+01 1.027328147490962529e+01 -1.670356132661162363e+01 -6.340596708470518905e+01
1.528325450414150843e+01 -3.019617712949559607e+00 -2.861146517411515156e+00 -3.019617712949559607e+00 -9.832755053510961574e+00 1.825307081263083386e-02 -2.861146517411515156e+00 1.825307081263083386e-02 -6.517899875491995942e+01
-2.482654179740713118e+01 -2.088730637206685614e+01 2.138494338191538091e+01 -2.088730637206685614e+01 -2.485729610806492573e+01 9.445840467499143855e+00 2.138494338191538091e+01 9.445840467499143855e+00 -4.979759986244480352e+00
-3.765520055808159583e+01 -9.954812450300355664e+00 8.764204365004847119e+00 -9.954812450300355664e+00 -4.747855753115523214e+01 -1.624873606273677140e+01 8.764204365004847119e+00 -1.624873606273677140e+01 -6.341018427083584186e+01
-2.321239386395003024e+01 -8.504340714410790980e+00 1.131747096799734464e+01 -8.504340714410790980e+00 -3.178993621582269924e+01 -6.200061781596085453e+00 1.131747096799734464e+01 -6.200061781596085453e+00 -4.820812443578511619e+01
5.350868338385829759e+01 -1.519540311382096043e+01 -5.378250059157204888e+00 -1.519540311382096043e+01 3.153463813462510856e+01 1.220810328581112003e+01 -5.378250059157204888e+00 1.220810328581112003e+01 -6.737594444214458633e+00
6.121187533886459420e+01 1.089390859598308170e+00 2.532280450977834363e+01 1.089390859598308170e+00 2.241250143213529000e+01 4.631931463824903727e-01 2.532280450977834363e+01 4.631931463824903727e-01 -2.054041270688384557e+01
-2.051484740788468208e+00 9.346903185481535425e-01 -5.530312161843565555e+00 9.346903185481535425e-01 3.769254133435938403e+00 1.595009256934478081e+01 -5.530312161843565555e+00 1.595009256934478081e+01 -3.685986553116442366e+01
-1.393963152949576845e+01 9.907616430168323163e+00 -4.076149755963316856e+00 9.907616430168323163e+00 -2.961587150576237093e+01 1.268345518542680850e+01 -4.076149755963316856e+00 1.268345518542680850e+01 -3.120174312525377047e+01
2.681730174561451818e+01 -8.311124205521906561e+00 1.729600434967149170e+01 -8.311124205521906561e+00 2.477066559180693872e+01 1.484829156209490719e+01 1.729600434967149170e+01 1.484829156209490719e+01 -2.861313031207080471e+00
-2.361423412551065582e+01 -2.495401329182516115e+00 -5.857176432993296267e+00 -2.495401329182516115e+00 -3.937785756913050506e+01 1.375261394964573824e+01 -5.857176432993296267e+00 1.375261394964573824e+01 -5.744543934979071054e+01
-7.033909673197850054e+01 6.142186048040473523e+00 -1.470578395425496687e+01 6.142186048040473523e+00 -5.223587549014665399e+01 7.541284934077349789e+00 -1.470578395425496687e+01 7.541284934077349789e+00 -4.309942082863558710e+01
-1.702950556483690292e+01 -1.561150261503410519e+01 1.679995115753793122e+00 -1.561150261503410519e+01 -2.478752386076122249e+01 9.305720557257644854e-02 1.679995115753793122e+00 9.305720557257644854e-02 -3.171935466052178043e+01
-2.877466120245074777e+01 -3.490266042354362774e+00 -1.964734326098926065e+00 -3.490266042354362774e+00 -3.758963628717561534e+01 -1.243020305765993605e+01 -1.964734326098926065e+00 -1.243020305765993605e+01 -4.849312245777805686e+01
-4.492664231939634156e+00 1.709144647228772840e+01 -1.131090559805121920e+01 1.709144647228772840e+01 2.084770498014954399e+01 -6.193872471993346451e+00 -1.131090559805121920e+01 -6.193872471993346451e+00 -5.703388966233460167e+01
-3.763562499300173414e+01 -1.557920035482718824e+01 2.325550369900508585e+01 -1.557920035482718824e+01 -6.313432387439021909e+01 4.377708737072607548e+00 2.325550369900508585e+01 4.377708737072607548e+00 -5.194991688077365666e+01
3.532126649580488476e+01 1.847118789780667125e+00 -4.872016140936195505e+00 1.847118789780667125e+00 3.686436460370143919e+01 4.083453178787515903e+00 -4.872016140936195505e+00 4.083453178787515903e+00 2.553434195143484686e+01
1.218248545117014281e+01 -2.373284587289647085e+00 -1.935747770397947676e+01 -2.373284587289647085e+00 -8.135686599883195314e+00 -1.730544983708003581e+00 -1.935747770397947676e+01 -1.730544983708003581e+00 -4.375561915050047190e+01
-3.581282225939853792e+00 7.295212383247885235e+00 -2.152656989788673592e+00 7.295212383247885235e+00 -1.583744832005381475e+01 -1.682243520971806205e+01 -2.152656989788673592e+00 -1.682243520971806205e+01 -4.533452783222266902e+01
2.128668327536850668e+01 4.046658129883997645e+00 -4.173281998752635502e+00 4.046658129883997645e+00 3.107049908218296608e+01 -2.433753231674753437e-01 -4.173281998752635502e+00 -2.433753231674753437e-01 3.204975207154087258e+01
-3.058917467643040311e+01 1.499365075515708234e+01 6.950908810569898399e+00 1.499365075515708234e+01 -2.783153804723124480e+01 9.657684726306042577e+00 6.950908810569898399e+00 9.657684726306042577e+00 -5.924728047413287868e+01
3.474850807137143249e+01 -1.898280694374849586e+00 -1.991801365013595060e+01 -1.898280694374849586e+00 2.024178928560888480e+01 5.743476655489992977e-01 -1.991801365013595060e+01 5.743476655489992977e-01 9.043403536333900483e-01
2.254144826607713270e+01 -3.247294603088665355e+00 5.076722174832732914e-01 -3.247294603088665355e+00 2.916617683274342454e+01 6.109896328160600021e+00 5.076722174832732914e-01 6.109896328160600021e+00 1.627218168610227167e+01
3.455484721871643217e+01 2.624248198325867776e+01 -1.779708319579275155e+01 2.624248198325867776e+01 1.886684742417057192e+00 -1.643372918427821361e+01 -1.779708319579275155e+01 -1.643372918427821361e+01 -6.975298072252591908e+00
4.154554677691658071e+01 -9.440184833041147527e+00 -1.186508406019218320e+01 -9.440184833041147527e+00 4.931237067710408439e+01 1.571385884401832378e+01 -1.186508406019218320e+01 1.571385884401832378e+01 1.209704714687910077e+01
2.337345505222540698e+00 -1.267273391230437340e+01 -4.441459032552453223e+00 -1.267273391230437340e+01 1.729307052325759742e+01 7.724668909840113784e+00 -4.441459032552453223e+00 7.724668909840113784e+00 2.550866570404290457e+01
4.537076513288349133e+01 -1.883190693735060206e+00 -1.263859054237750912e-01 -1.883190693735060206e+00 4.263082466434235585e+01 9.793189473275539569e+00 -1.263859054237750912e-01 9.793189473275539569e+00 5.295830336305966313e+01
-1.998057075027597440e+00 -1.888049177596009898e+01 2.291611374590734496e+00 -1.888049177596009898e+01 5.778896067995517249e+00 7.456434023643984110e-01 2.291611374590734496e+00 7.456434023643984110e-01 -8.325288916509848036e+01
-3.145405962122115540e+00 -8.411531089403702310e+00 -2.475046003117027826e+00 -8.411531089403702310e+00 -2.109629777735703815e+00 -1.282547500757284187e+00 -2.475046003117027826e+00 -1.282547500757284187e+00 -3.915526425325180071e+01
1.794490902387178366e+01 1.375741618279981537e+00 4.895670710120096913e+00 1.375741618279981537e+00 -1.895696702099490238e+01 -1.116262680736091895e+01 4.895670710120096913e+00 -1.116262680736091895e+01 -5.377836373092677924e+00
-9.821463284248732606e+00 -8.843385389923087203e+00 2.083003040895998836e+01 -8.843385389923087203e+00 -4.223748906067104514e+01 2.340743011283108022e+00 2.083003040895998836e+01 2.340743011283108022e+00 -5.985167266758762139e+01
-4.531586512349377216e+01 3.054087446569832665e+00 9.775455485568278480e-01 3.054087446569832665e+00 -5.576460889492648221e+01 1.392542277903061887e+01 9.775455485568278480e-01 1.392542277903061887e+01 -5.333789738752007281e+01
-3.895253787602106943e+00 -4.884862887178856639e+00 -9.017181643837827165e-01 -4.884862887178856639e+00 -1.367075877231796888e+01 2.364144411904070875e+00 -9.017181643837827165e-01 2.364144411904070875e+00 1.253630271262263740e+01
-2.143345421209563284e+00 4.667854728054406266e+00 2.028893829476274391e+01 4.667854728054406266e+00 -2.564670558189519411e+01 -1.238082107344013671e+01 2.028893829476274391e+01 -1.238082107344013671e+01 -4.439372222977510063e+01
1.961355046424153770e+01 -1.401221406582964235e+01 1.982360817091532335e+00 -1.401221406582964235e+01 -1.080334762298233642e+01 -5.866832274912321843e+00 1.982360817091532335e+00 -5.866832274912321843e+00 -8.401545390332703533e+00
-1.761927591452500863e+01 1.218524878619572149e+00 1.018090013529195481e+01 1.218524878619572149e+00 -2.266649851644330127e+01 6.419604208726386041e+00 1.018090013529195481e+01 6.419604208726386041e+00 -7.883283228352701144e+01
2.375642049222755503e+01 3.753626432668066837e+00 4.346451190696455136e+00 3.753626432668066837e+00 -1.802834333038856984e+00 1.451670273829857116e+01 4.346451190696455136e+00 1.451670273829857116e+01 2.951775709868477149e-01
-7.551325218760356339e-01 2.279392505526071755e+00 -8.778156542336116530e+00 2.279392505526071755e+00 -1.018379855417814461e+01 5.243866649769884702e+00 -8.778156542336116530e+00 5.243866649769884702e+00 -5.213241576881573991e+01
-1.663018130502800229e+00 -1.619240583644023346e+01 3.578577449151995715e+00 -1.619240583644023346e+01 -2.909117369083599414e+01 6.324553092558915957e+00 3.578577449151995715e+00 6.324553092558915957e+00 -3.342283392467305703e+01
3.443420000410961990e+01 -2.694431952204643821e+00 -2.895461580331627705e+00 -2.694431952204643821e+00 1.704500192705869921e+01 -5.801792512768273902e+00 -2.895461580331627705e+00 -5.801792512768273902e+00 -5.640874139419929634e+01
6.804716618153852892e+01 -6.501728961805849138e+00 2.091606825925333268e+01 -6.501728961805849138e+00 2.739853493014209107e+01 7.556594555151494141e+00 2.091606825925333268e+01 7.556594555151494141e+00 -1.919346496367287003e+01
2.658566865079894015e+01 1.578793616398993960e+00 1.017451202513146846e+01 1.578793616398993960e+00 -2.037737683996315141e+01 -1.604063960520512566e+01 1.017451202513146846e+01 -1.604063960520512566e+01 -2.613547232785633767e+01
6.066639591610643123e+01 -8.648932118195006069e+00 -8.965355705764608274e+00 -8.648932118195006069e+00 4.673064628308565460e+01 3.433697461075908564e+00 -8.965355705764608274e+00 3.433697461075908564e+00 -3.242802932316175113e+00
-2.348970476816188757e+00 -1.910894624114024110e+00 -2.024393134734507171e+01 -1.910894624114024110e+00 -4.180489221769602182e+01 -1.258839527635888245e-01 -2.024393134734507171e+01 -1.258839527635888245e-01 -1.006351062756881447e+02
-8.391978118362514394e+00 -1.482261512979509455e+01 -9.143106732771256517e+00 -1.482261512979509455e+01 -3.696617790601548137e+01 -2.208799651315167090e+00 -9.143106732771256517e+00 -2.208799651315167090e+00 -1.290810950159019299e+01
1.501526649876068831e+01 1.976836347712648490e+00 4.619915619881732605e-01 1.976836347712648490e+00 -1.199327142805154445e+01 -1.496477362116138643e+01 4.619915619881732605e-01 -1.496477362116138643e+01 -3.419832910717132535e+01
-6.838894242451856620e+00 2.097785706654164173e+01 -1.522962654457555409e+01 2.097785706654164173e+01 -5.185954619909525221e+00 1.561229401837046060e+00 -1.522962654457555409e+01 1.561229401837046060e+00 -8.661363837701840396e+01
1.481682489306753858e+01 -9.383557211479724991e-01 1.192739411227148238e+01 -9.383557211479724991e-01 -3.607968122893348895e+00 -5.166065078019640211e+00 1.192739411227148238e+01 -5.166065078019640211e+00 -2.942549977237182546e+01
2.830810160759766347e+01 1.241413392496231438e+01 1.739949738387562284e-01 1.241413392496231438e+01 3.154984236052894797e+00 -2.385712937625031227e+00 1.739949738387562284e-01 -2.385712937625031227e+00 -1.955186369635413612e+01
2.659061153666943511e+01 -3.187784398232066607e+00 7.066518304453027532e+00 -3.187784398232066607e+00 4.233339251351994292e+00 7.513418977186152148e+00 7.066518304453027532e+00 7.513418977186152148e+00 -2.554335029902614451e+01
1.471574782014192273e+01 -1.140656857795640811e+01 4.437359125430868190e+00 -1.140656857795640811e+01 5.262764522317580074e+00 1.308907252974271884e+01 4.437359125430868190e+00 1.308907252974271884e+01 2.021069588491946334e+01
-2.512152839972307561e+01 5.761222090388782746e+00 5.337317529119212978e+00 5.761222090388782746e+00 -4.120462354571765928e+01 1.550494821696330661e+01 5.337317529119212978e+00 1.550494821696330661e+01 -6.681850252045630612e+01
3.647354478503536512e+01 -7.383458465522049430e+00 -2.127368102216289358e+00 -7.383458465522049430e+00 -1.475002137087422227e+01 3.671631409861735307e+01 -2.127368102216289358e+00 3.671631409861735307e+01 -3.008395664086291177e+01
1.237765273779461594e+01 -3.269203168037107865e+00 -2.109715510427718854e+01 -3.269203168037107865e+00 1.067385891288257227e+01 -2.416897740505700387e+00 -2.109715510427718854e+01 -2.416897740505700387e+00 1.400470019721082338e+01
1.865623457175309596e+01 2.021130599945379203e+01 -6.319562083997244173e+00 2.021130599945379203e+01 1.550203248226941888e+01 -1.025531745768131664e+01 -6.319562083997244173e+00 -1.025531745768131664e+01 -2.759176024461387655e+00
2.764353755794106959e+01 -2.676782862610502800e+00 -1.341806402447606139e+01 -2.676782862610502800e+00 -1.048947795384233039e+01 1.188427822004557299e+01 -1.341806402447606139e+01 1.188427822004557299e+01 -3.196579486058575625e+01
-3.349531736729932874e+01 -6.740193105707520616e+00 -2.475936510962078341e+00 -6.740193105707520616e+00 -6.554699535753381667e+01 -8.356371825792658470e+00 -2.475936510962078341e+00 -8.356371825792658470e+00 -6.455344763340022496e+01
-7.677342320678929077e+00 -3.468243553276819213e+00 9.344674532897299102e+00 -3.468243553276819213e+00 -1.420063280254314009e+01 7.986274794373685815e+00 9.344674532897299102e+00 7.986274794373685815e+00 -5.039394470745794052e+01
-1.147107355005647378e+01 -8.510650881698277104e+00 8.705237704230249562e+00 -8.510650881698277104e+00 -1.229239124716925780e+01 -7.045466181413256201e+00 8.705237704230249562e+00 -7.045466181413256201e+00 -9.514081256032742573e+00
-4.298978418026588422e+00 7.443152576896757466e+00 8.307445942482209134e+00 7.443152576896757466e+00 -4.089366298877806116e+00 -7.861484296890936641e+00 8.307445942482209134e+00 -7.861484296890936641e+00 -6.729284398731010697e+01
-1.898792413561907466e+01 1.902785064119151670e+01 4.538346421298991018e+00 1.902785064119151670e+01 -4.472868038384591216e+01 -4.666039858670004037e+00 4.538346421298991018e+00 -4.666039858670004037e+00 -8.349798454681963733e+01
5.397246581919020514e+00 6.353121685899663085e-01 -3.378919258689339067e+00 6.353121685899663085e-01 -1.202175604406051157e+01 2.602131426887230603e+01 -3.378919258689339067e+00 2.602131426887230603e+01 -4.005187148046447732e+01
1.888770555570813059e+01 9.185447876474318818e+00 -9.476997039576838588e+00 9.185447876474318818e+00 1.215753558170547954e+01 -5.738966614183560466e+00 -9.476997039576838588e+00 -5.738966614183560466e+00 -2.016550673769434354e+01
1.317414174193849874e+01 -7.643586659962199548e+00 -4.665977732857817251e-01 -7.643586659962199548e+00 -6.467280033440784059e+00 -2.845920338832231167e+01 -4.665977732857817251e-01 -2.845920338832231167e+01 -5.215597107962021539e+01
-2.543727088324940411e+01 7.305436304487026966e+00 -1.336032128303039102e+01 7.305436304487026966e+00 -1.797374116897961827e+01 9.185964146034275579e-01 -1.336032128303039102e+01 9.185964146034275579e-01 -5.172331028406235731e+01
7.037177794978329182e+00 1.751827172095211083e+01 4.512999892830475090e+00 1.751827172095211083e+01 7.721101549532714436e+00 -9.591467559262005338e+00 4.512999892830475090e+00 -9.591467559262005338e+00 -2.267618731521532993e+01
2.176609801738652905e+01 -1.742621775827791097e+01 -9.761757472370952371e+00 -1.742621775827791097e+01 -6.616561698855166762e-02 -9.194932227452323303e+00 -9.761757472370952371e+00 -9.194932227452323303e+00 6.174821695190824045e+01
-6.363585954911140874e+00 -4.575587758664386939e+00 9.866712440093030168e+00 -4.575587758664386939e+00 5.619976750068252258e+00 1.071466268699934155e+01 9.866712440093030168e+00 1.071466268699934155e+01 -1.885687945078985805e+01
-1.250423792829136715e+01 9.779168823090047979e+00 6.378473392011462906e+00 9.779168823090047979e+00 -1.340182510112615155e+01 3.467814513981808400e+00 6.378473392011462906e+00 3.467814513981808400e+00 -3.041100401617307369e+01
2.832561721024154267e+01 9.600841933370292125e+00 2.548322282461282562e+00 9.600841933370292125e+00 1.259605520553069269e+01 2.855355021453381159e+00 2.548322282461282562e+00 2.855355021453381159e+00 -2.580514996172233211e+01
6.881109162154224634e+01 9.020032074541833866e-01 -3.999093835989164791e+00 9.020032074541833866e-01 7.300389354824595500e+01 -1.146385699756121923e+01 -3.999093835989164791e+00 -1.146385699756121923e+01 5.229533075534984476e+01
-1.065665516649193201e+01 2.028645426837172394e+01 -3.335788515478580241e+00 2.028645426837172394e+01 -4.309273696984786284e+01 3.111658323859249009e+00 -3.335788515478580241e+00 3.111658323859249009e+00 -5.706835093351262600e+01
-3.759006968536483839e+01 -7.167219867707931513e+00 -3.259410441742889741e+00 -7.167219867707931513e+00 -3.970757406359822994e+01 -1.499949118910842705e+00 -3.259410441742889741e+00 -1.499949118910842705e+00 -5.842334883708073079e+01
2.224666871216182784e+01 2.035884475556320350e+00 -4.697927274350096383e+00 2.035884475556320350e+00 2.604463868516780067e+01 4.431737433060504827e+00 -4.697927274350096383e+00 4.431737433060504827e+00 -2.568171751160875615e+01
6.911225778525702879e+01 4.283905458138274724e+00 -2.444958004679363484e+01 4.283905458138274724e+00 2.601381456645384915e+01 1.747646368740070733e+00 -2.444958004679363484e+01 1.747646368740070733e+00 1.943792648493429809e+01
4.041871177056084896e+00 -9.117681639276478123e+00 -4.429010833961871896e+00 -9.117681639276478123e+00 5.886560206021235864e+00 7.045791988926676908e+00 -4.429010833961871896e+00 7.045791988926676908e+00 -4.138768045641717919e+01
3.561618339522190979e+01 -1.279369592759679364e+01 7.111920341378573873e+00 -1.279369592759679364e+01 3.675934774339639688e+01 7.866065621676560760e+00 7.111920341378573873e+00 7.866065621676560760e+00 5.236044420665168531e+01
2.919120167014775191e+01 8.489889415429198394e+00 7.373237878778022392e+00 8.489889415429198394e+00 9.755479180816232443e+00 1.001681044328320142e-01 7.373237878778022392e+00 1.001681044328320142e-01 -2.377979855835824807e+01
2.765253538611916362e+00 6.042251668442910173e+00 7.542398001678447095e+00 6.042251668442910173e+00 -9.651962533372232755e+00 1.364725090886341441e+01 7.542398001678447095e+00 1.364725090886341441e+01 -1.226405517440456983e+01
6.102340992447269485e+01 7.390869932432607925e+00 -1.136972612105593639e+00 7.390869932432607925e+00 5.747679500755613446e+01 4.609051858927272427e+00 -1.136972612105593639e+00 4.609051858927272427e+00 1.139882002187588839e+01
-6.709515375500456180e+00 -5.116886885671858565e+00 -7.688384843044631101e-01 -5.116886885671858565e+00 -2.275252954601771549e+01 8.825765457226786737e+00 -7.688384843044631101e-01 8.825765457226786737e+00 -6.585342615919304876e+01
5.618806520258191739e+01 3.627617206460771460e+00 3.235866568971349722e+00 3.627617206460771460e+00 2.861895464302714132e+01 9.791209595362225793e-01 3.235866568971349722e+00 9.791209595362225793e-01 -9.249874438064114912e+00
1.635718472299294035e+01 2.210004360210119856e+01 1.193441458365303554e+01 2.210004360210119856e+01 -1.274970064535581393e+01 -1.986046686019055763e+00 1.193441458365303554e+01 -1.986046686019055763e+00 -1.548193792184767759e+01
3.436623598318377049e+01 2.373519779761558812e+00 1.672916377820385492e+01 2.373519779761558812e+00 1.314978814822279496e+01 -7.452389481789502668e+00 1.672916377820385492e+01 -7.452389481789502668e+00 -4.291885543343994414e+00
1.967419036991262971e+01 -4.362106568410391461e+00 1.019574624172506994e+00 -4.362106568410391461e+00 1.086926421000044662e+01 -3.840417271911812591e+00 1.019574624172506994e+00 -3.840417271911812591e+00 -8.787006008562568971e-01
3.727599392861241512e+01 -2.564761090969704949e+00 4.719895360704154941e-01 -2.564761090969704949e+00 3.524493652166301416e+01 -5.075256523785431462e+00 4.719895360704154941e-01 -5.075256523785431462e+00 3.585061107117978452e+01
9.006844721283757238e+00 1.793520726323431091e+01 -3.579095123166394998e+00 1.793520726323431091e+01 -2.199446312149376936e+01 1.810428381002336806e+01 -3.579095123166394998e+00 1.810428381002336806e+01 -2.831175270815742451e+01
2.374701644831197456e+01 -2.588170029454938792e+00 7.806006539974676528e+00 -2.588170029454938792e+00 9.207782337352130142e+00 8.011990653545410623e+00 7.806006539974676528e+00 8.011990653545410623e+00 -4.507774089734715517e+01
-3.500903354422013791e+01 1.661463460657399338e+01 -6.966871991190923374e+00 1.661463460657399338e+01 -6.137831585443225890e+01 -8.306139060255938844e+00 -6.966871991190923374e+00 -8.306139060255938844e+00 -5.119000695697997116e+01
-3.584109604799190407e+01 -3.257859019034555770e-01 -8.724405928994690029e+00 -3.257859019034555770e-01 -4.305860605740114977e+01 -1.776896635836490290e+01 -8.724405928994690029e+00 -1.776896635836490290e+01 -4.726349526080490193e+01
1.015930024312280544e+01 1.421899235242581128e+01 1.074206636297540030e+01 1.421899235242581128e+01 1.561298658228614578e+01 2.586300317759321121e+00 1.074206636297540030e+01 2.586300317759321121e+00 2.809538917094019084e+01
3.609745613102494133e+01 -2.522414962780604952e+00 2.547952700262747783e+00 -2.522414962780604952e+00 -7.749202185469539650e+00 4.341613566535114543e+00 2.547952700262747783e+00 4.341613566535114543e+00 -6.048344825920868573e+01
-3.062699624131251497e+01 -4.136171243949218201e+00 -5.269451576298007645e+00 -4.136171243949218201e+00 -3.175929762138942181e+01 -8.244442348149659594e+00 -5.269451576298007645e+00 -8.244442348149659594e+00 -2.490582596515753977e+01
2.796108797500567889e+01 6.786319185695336209e+00 -7.949512889264742199e+00 6.786319185695336209e+00 1.574663232388480871e+01 4.996585451509482745e+00 -7.949512889264742199e+00 4.996585451509482745e+00 -1.906552153139659822e+01
-1.220082200791398996e+01 1.594721397500426541e+01 1.248763738298793768e+01 1.594721397500426541e+01 -1.167173119059223119e+01 1.598116373278343660e+00 1.248763738298793768e+01 1.598116373278343660e+00 -4.174305192367134509e+01
1.107424826389835104e+01 -1.166579110782383211e+01 2.614806158862553964e+00 -1.166579110782383211e+01 -1.383857114076214678e+01 4.069664420587590037e+00 2.614806158862553964e+00 4.069664420587590037e+00 5.488672683545074982e+00
2.255998021661829611e+00 8.245456348475743269e+00 -1.267449456923155804e+00 8.245456348475743269e+00 8.487019330320096699e+00 -3.147491446143805494e+00 -1.267449456923155804e+00 -3.147491446143805494e+00 -1.163573033913786414e+00
-1.738623013420170693e+01 -5.042761739442990887e+00 -8.445403710087807880e+00 -5.042761739442990887e+00 -1.205678394914957074e+01 2.766305980714491408e+00 -8.445403710087807880e+00 2.766305980714491408e+00 -3.122237744178272933e+00
-2.739083255002826789e+01 -5.073577986137137508e+00 1.787343787247769544e+00 -5.073577986137137508e+00 -3.906956568533546204e+01 1.510261676476739012e+01 1.787343787247769544e+00 1.510261676476739012e+01 -5.424991971844681160e+01
1.829782353877025924e+00 -6.119972211196699874e+00 -1.140303139301014568e+01 -6.119972211196699874e+00 3.957279316840895955e+00 -7.706661206340886139e+00 -1.140303139301014568e+01 -7.706661206340886139e+00 -4.359146417174532928e+01
1.442914615692162528e+01 1.911595243241808717e+01 -8.209850450289284396e+00 1.911595243241808717e+01 -3.868502628107397090e+00 -3.987526191022859212e+00 -8.209850450289284396e+00 -3.987526191022859212e+00 -1.861127535523830190e+01
-1.570547723204498602e+01 1.248187460609369559e+01 -7.936266255406343006e+00 1.248187460609369559e+01 -1.720304706981584175e+01 -2.144634419244216517e+01 -7.936266255406343006e+00 -2.144634419244216517e+01 -6.359837382026758235e+01
3.601123976924118608e+01 8.931190729286345942e+00 -5.529719858291222145e+00 8.931190729286345942e+00 3.623290593150142769e+01 9.675542518768471822e+00 -5.529719858291222145e+00 9.675542518768471822e+00 5.018070910264532003e+00
-7.459723827272275898e+00 -1.591758078394994413e+01 -1.144443082343562246e+01 -1.591758078394994413e+01 -1.605155492457392441e+01 1.301174931301291915e+00 -1.144443082343562246e+01 1.301174931301291915e+00 -6.900346908966861292e+01
-1.350678833520977484e+01 3.269770502090808773e+00 2.453878863817761058e+01 3.269770502090808773e+00 -3.137408762984205280e-03 -4.343871619771284109e+00 2.453878863817761058e+01 -4.343871619771284109e+00 -2.597426757038600798e+01
9.429726479741901812e+00 2.117851564633057038e+01 -9.697125038639310191e+00 2.117851564633057038e+01 -6.694719608882946815e+00 8.765394529144337810e+00 -9.697125038639310191e+00 8.765394529144337810e+00 -4.943072675111530856e+01
3.485097933513413437e+01 -7.421958448081208415e-01 1.477756622934792929e+01 -7.421958448081208415e-01 1.640777533797339061e+01 3.647885571716511954e+00 1.477756622934792929e+01 3.647885571716511954e+00 -1.801159089223748566e+01
-3.570307099380189442e+01 -8.614225049692340264e+00 2.606926883204024659e+00 -8.614225049692340264e+00 1.179812889764291128e+01 1.231608646389211748e+00 2.606926883204024659e+00 1.231608646389211748e+00 -5.842058964498190932e+01
-1.931788092971717319e+01 1.003814000609747303e+01 5.634726104712372674e+00 1.003814000609747303e+01 -3.859360837440656411e+01 -7.824599651905487008e+00 5.634726104712372674e+00 -7.824599651905487008e+00 -2.921279556476691397e+01
-8.535207251546571783e+00 1.625059416449910188e+01 -6.108988564538239352e+00 1.625059416449910188e+01 -2.976654652028514292e+01 7.605946450412143456e+00 -6.108988564538239352e+00 7.605946450412143456e+00 -5.385980432972556997e+01
2.263158306033935929e+01 8.067387891095296748e-01 3.518286730976493359e+00 8.067387891095296748e-01 1.730073863877352736e+01 6.422846261519778999e+00 3.518286730976493359e+00 6.422846261519778999e+00 -1.134792712154902006e+01
9.866669497669159128e+00 -1.065108510392562380e+01 1.640137798983004602e+00 -1.065108510392562380e+01 -1.407175138792244162e+01 -1.397347287294088636e+00 1.640137798983004602e+00 -1.397347287294088636e+00 -1.473339796810892821e+01
7.662323382028537466e+00 -9.102267439027139417e+00 -7.375030101434406404e+00 -9.102267439027139417e+00 -1.637670846326432184e+01 -1.674508441174555173e+01 -7.375030101434406404e+00 -1.674508441174555173e+01 -4.717819254410922269e+01
4.671199598488554017e+01 4.531434520625329476e+00 -2.197591020880697243e+01 4.531434520625329476e+00 1.175002182063020406e+01 -1.214525102397464451e+01 -2.197591020880697243e+01 -1.214525102397464451e+01 -1.915651498594280611e+01
8.148054186626556117e+00 1.610193865290144899e+01 6.360583301222029640e+00 1.610193865290144899e+01 -2.417345040436634918e+01 7.431341301155822698e+00 6.360583301222029640e+00 7.431341301155822698e+00 -1.907092432559279160e+01
-1.362880584733206923e+01 2.919870887455982000e+00 -1.112136804134707901e+01 2.919870887455982000e+00 -2.009036192724936853e+01 3.385423246147232668e+00 -1.112136804134707901e+01 3.385423246147232668e+00 -3.803585626549951826e+01
1.511920716647113583e+00 1.089544849359497469e+01 -9.640725461820030873e+00 1.089544849359497469e+01 -9.323854581421000987e+00 7.867894386286339525e+00 -9.640725461820030873e+00 7.867894386286339525e+00 -4.002065991211467377e+01
1.256448651795296279e+01 -7.759275335537252793e+00 5.295765220073552548e+00 -7.759275335537252793e+00 7.392125607540446453e+00 1.936145239547435226e+00 5.295765220073552548e+00 1.936145239547435226e+00 -4.719396617865356092e+01
5.735841924376955347e+01 2.624139510014166277e+01 7.880368174509305490e+00 2.624139510014166277e+01 4.706608794274952601e+01 -6.685835905371980026e+00 7.880368174509305490e+00 -6.685835905371980026e+00 -1.772256124975695357e+01
-3.513160832595522720e+01 -2.825408631176887564e+00 1.170414271275422102e+01 -2.825408631176887564e+00 -1.634821459619062267e+01 1.882277286112541503e+01 1.170414271275422102e+01 1.882277286112541503e+01 -4.346525434180642122e+01
-6.655591157856999729e+00 1.423181108644780046e+01 1.020638787206890008e+01 1.423181108644780046e+01 -1.896456224353257980e+01 7.112867576482035048e+00 1.020638787206890008e+01 7.112867576482035048e+00 -7.801164908596459213e+01
-2.701969507813716476e+01 -8.281109709960539078e+00 1.919178849027660394e-01 -8.281109709960539078e+00 -3.946969930903538426e+01 -1.860554638076544087e+00 1.919178849027660394e-01 -1.860554638076544087e+00 -7.950282698777526491e+01
6.587598098581700867e+01 1.481648708273917059e+01 3.229017072091327958e-03 1.481648708273917059e+01 4.808595324779162183e+01 8.948943432777301865e+00 3.229017072091327958e-03 8.948943432777301865e+00 -1.159109020820223535e+01
-7.668736872857681242e+00 9.359028456573689425e+00 -1.469185183337617495e+01 9.359028456573689425e+00 -1.897428550873353359e+01 3.233708532926821366e+00 -1.469185183337617495e+01 3.233708532926821366e+00 -6.928728411449596081e+01
2.224370508695263382e+01 -1.198457380887887780e+01 8.678346296710088836e+00 -1.198457380887887780e+01 2.897140499007069891e+01 -3.795519901899888637e+00 8.678346296710088836e+00 -3.795519901899888637e+00 2.184473344797756411e+01
1.236750398305631471e+01 -7.951651716465029551e+00 -7.789264289330080082e-01 -7.951651716465029551e+00 -1.787405376513289568e+01 1.204642008969769762e+01 -7.789264289330080082e-01 1.204642008969769762e+01 -3.099839782350018780e+01
-3.167192238980879537e+00 5.818482829773827802e+00 -8.844762628160507845e+00 5.818482829773827802e+00 -2.741664084997446338e+01 3.068172082063384654e+00 -8.844762628160507845e+00 3.068172082063384654e+00 -5.615532111497912382e+01
-4.765197044089564571e+01 2.063929080974558516e+00 2.425778245188994120e+01 2.063929080974558516e+00 -6.961067166596656364e+01 -9.431338261153337399e+00 2.425778245188994120e+01 -9.431338261153337399e+00 -6.500907796647149439e+01
-1.661545958770700437e+01 2.748683819645365567e+00 8.787369640561548678e-01 2.748683819645365567e+00 -3.635467466859021357e+01 -3.404934016979211719e+00 8.787369640561548678e-01 -3.404934016979211719e+00 -5.676039373755032358e+01
5.313687279585197132e+01 2.439522299979299547e+01 -5.148782034208966074e+00 2.439522299979299547e+01 6.010746121378524975e+01 1.059332239218800531e+01 -5.148782034208966074e+00 1.059332239218800531e+01 -4.750638266115298158e+00
3.192787753326899391e+01 -8.042763018681770015e-01 -1.180943883661896010e-02 -8.042763018681770015e-01 -8.890252590395606447e+00 1.393093495139480353e+01 -1.180943883661896010e-02 1.393093495139480353e+01 -6.433596752262667806e+00
-5.140940351560035992e+01 6.839520270628050014e+00 -3.116049814758892200e+00 6.839520270628050014e+00 -6.387653886858346652e+01 1.580622154070224816e+01 -3.116049814758892200e+00 1.580622154070224816e+01 -3.178960775282073925e+01
4.789285811649093461e+01 -1.231553357370702528e+01 -1.140282415759473622e+01 -1.231553357370702528e+01 3.544232379049673654e+01 1.083943157363489895e+00 -1.140282415759473622e+01 1.083943157363489895e+00 -1.833511526150623894e+01
-3.780598342674203138e+01 1.473054373754120761e+01 3.440503010938776862e-01 1.473054373754120761e+01 -5.406960112200264490e+01 -1.765109752764271889e+01 3.440503010938776862e-01 -1.765109752764271889e+01 -2.617174340792278286e+01
5.809035198588976812e+01 -1.102741166609802725e+01 -6.760152373329966657e+00 -1.102741166609802725e+01 6.072291754843888612e+01 1.557448996449458178e+01 -6.760152373329966657e+00 1.557448996449458178e+01 2.168004741553213766e+00
5.497122221360395855e+00 6.718697541306680954e+00 -9.396010137769911452e+00 6.718697541306680954e+00 1.410940240069944007e+00 -1.460645943033351024e+01 -9.396010137769911452e+00 -1.460645943033351024e+01 -3.574505453233929586e+01
