1.114485807557316299e+01 -6.782729307182956191e+00 -1.909190988593731930e+00 -6.782729307182956191e+00 5.943114244166067550e+01 -1.349037803058218410e+00 -1.909190988593731930e+00 -1.349037803058218410e+00 -1.513999692265013763e+01
2.484778039694641549e+01 1.996490393364047122e+01 7.789176300523795504e+00 1.996490393364047122e+01 -5.261737766799142735e-01 -2.808789528146111714e+00 7.789176300523795504e+00 -2.808789528146111714e+00 -5.542943244635031874e+01
-1.275881564082454034e+01 -3.862967490769638523e+00 -3.664398748451402343e-01 -3.862967490769638523e+00 -8.497053186264142965e+00 1.482553461720665655e-01 -3.664398748451402343e-01 1.482553461720665655e-01 -1.968783875443632647e+00
-1.170282608176658634e+01 7.001870853981169596e+00 -7.628363834992657466e+00 7.001870853981169596e+00 -2.275042517900127592e+01 -4.856282802908559404e+00 -7.628363834992657466e+00 -4.856282802908559404e+00 -4.040230155636001541e+01
5.591053957947620745e+01 1.947510060037837887e+00 -1.668606903459544100e+01 1.947510060037837887e+00 2.675032539075609250e+01 1.714844777252163555e+00 -1.668606903459544100e+01 1.714844777252163555e+00 -2.291418170085750816e+01
1.699958296616475906e+01 1.869316485148769047e+01 -2.657605791775536375e+01 1.869316485148769047e+01 2.589782617463094994e+01 1.485739060186825888e+00 -2.657605791775536375e+01 1.485739060186825888e+00 7.359259352538715326e+00
1.676210269242224982e+01 -3.843790113624953708e+00 -1.278456767946575212e+01 -3.843790113624953708e+00 1.265983372389735706e+01 1.166408427041478291e+00 -1.278456767946575212e+01 1.166408427041478291e+00 2.222894051546953875e+01
-3.959874207500849064e+00 1.391550825112888390e+01 3.624321433376451296e+00 1.391550825112888390e+01 -1.016238724573858221e+01 -8.373978620301083531e-01 3.624321433376451296e+00 -8.373978620301083531e-01 -6.544590199792784446e+00
4.651649331183160818e+00 9.690272598430519579e+00 4.506293900687389886e+00 9.690272598430519579e+00 -2.254100516774734775e+00 -9.323138645296550564e+00 4.506293900687389886e+00 -9.323138645296550564e+00 -2.743459206855190047e+01
4.484864971071741735e+01 7.089170172393674640e+00 -3.836311778410386730e-01 7.089170172393674640e+00 4.356353807034262360e+01 2.030109922366959641e+00 -3.836311778410386730e-01 2.030109922366959641e+00 6.008965237852889629e+01
1.304960124217634920e+01 1.163739283161468130e+01 -9.096462912644391885e-01 1.163739283161468130e+01 -1.476204910943246951e+01 5.217956197408256891e+00 -9.096462912644391885e-01 5.217956197408256891e+00 -5.830394170096307249e+01
-1.241028722491384073e+01 9.123148723837976704e+00 6.148205563390651385e+00 9.123148723837976704e+00 -2.517109149626354991e+01 -6.384066538419105541e+00 6.148205563390651385e+00 -6.384066538419105541e+00 -2.074688440870404094e+01
6.334228620257042053e+01 2.546916641973208328e+01 3.073501925242754229e+00 2.546916641973208328e+01 2.401474197039392777e+01 1.428683388449856473e+01 3.073501925242754229e+00 1.428683388449856473e+01 1.879391227923347074e+01
1.460208692048270418e+00 8.899763171955131114e+00 -2.334713643796673566e+00 8.899763171955131114e+00 1.131847242167318690e+00 1.379090846131739667e+01 -2.334713643796673566e+00 1.379090846131739667e+01 -4.347395619247730281e+01
-2.560883614433132394e+01 -8.608746105443431773e+00 2.169742149674733778e-01 -8.608746105443431773e+00 -3.041709856956487457e+01 -1.514479870312602294e+01 2.169742149674733778e-01 -1.514479870312602294e+01 -6.925018989598464714e+01
2.722634426235261973e+00 -7.982887806428396793e+00 3.848549822095763684e+00 -7.982887806428396793e+00 9.961971688347658116e+00 7.582695102687165623e+00 3.848549822095763684e+00 7.582695102687165623e+00 2.253036025950790489e+01
1.784878935805101152e+00 -2.823581942212864515e+00 -9.759099705645931655e-01 -2.823581942212864515e+00 -9.611529055845382530e+00 -7.023877010035858959e+00 -9.759099705645931655e-01 -7.023877010035858959e+00 -3.947357954961132265e+01
8.759702815885514582e+00 -8.187063355625637584e+00 5.199624986344416611e-01 -8.187063355625637584e+00 1.548454666299026172e+01 1.302019878949924170e+01 5.199624986344416611e-01 1.302019878949924170e+01 -4.848676366409133465e+01
-5.388132357494478164e+00 2.695361172022576302e+00 -1.692383787603748857e+01 2.695361172022576302e+00 6.894711528486886287e+00 -9.466197135907405524e+00 -1.692383787603748857e+01 -9.466197135907405524e+00 -3.539916499884635925e+01
4.184266297550552238e+00 -8.797922557222360496e+00 -1.484205535737098458e+01 -8.797922557222360496e+00 -5.569192286490065591e+00 6.949691053597905288e+00 -1.484205535737098458e+01 6.949691053597905288e+00 -1.571728028016279488e+01
-1.142105292452325616e+00 -9.302092634365006774e+00 2.963170105345375838e+00 -9.302092634365006774e+00 -3.219606760042505300e+01 -6.470889350143088414e+00 2.963170105345375838e+00 -6.470889350143088414e+00 3.135634372349743071e+00
1.050048254125280955e+01 1.312211956049607409e+01 7.953767823873422849e+00 1.312211956049607409e+01 2.360985989109735428e+01 6.536503420007842458e+00 7.953767823873422849e+00 6.536503420007842458e+00 3.605357358880318941e+01
3.073798968168699375e+01 7.028332505842114664e+00 2.975865076441903678e+00 7.028332505842114664e+00 3.334173138201362008e+01 3.894991364388386224e+00 2.975865076441903678e+00 3.894991364388386224e+00 2.289163998371715181e+01
5.142786729759919240e+01 -3.934751278666203778e+00 -1.088707338757345822e+00 -3.934751278666203778e+00 3.598926313169691582e+01 3.229706025187344398e+00 -1.088707338757345822e+00 3.229706025187344398e+00 3.512957038488768546e+01
1.044425168045349794e+00 -2.202919919146691186e+01 4.017649151903994742e+00 -2.202919919146691186e+01 -1.028661219398145477e+01 -7.672563292259636292e+00 4.017649151903994742e+00 -7.672563292259636292e+00 -1.262215110796680761e+01
5.457361671386281188e+01 -1.272031320251608144e-01 1.293619926757420302e+01 -1.272031320251608144e-01 3.527154503525130025e+01 7.332427796590796909e+00 1.293619926757420302e+01 7.332427796590796909e+00 1.928090982444716106e+00
-1.135349386300771712e+01 -1.717533390540116223e+00 1.279225442491362719e+00 -1.717533390540116223e+00 -1.657749784862161135e+01 4.308275484875249695e-01 1.279225442491362719e+00 4.308275484875249695e-01 -1.207093218456192751e+01
-1.021302004626417492e+01 -6.593382386149360563e+00 -5.828696335944421492e+00 -6.593382386149360563e+00 -1.668956036529865727e+01 -5.395482468829965406e+00 -5.828696335944421492e+00 -5.395482468829965406e+00 -3.876803589483582613e+01
1.136555797933099221e+01 -1.136920717866268582e+01 1.585628458580474076e+00 -1.136920717866268582e+01 1.334889439284367896e+01 4.796684241998733000e+00 1.585628458580474076e+00 4.796684241998733000e+00 1.799493448306886734e+01
9.911398037700891450e+00 8.370300024024556862e+00 -5.780064701000145355e+00 8.370300024024556862e+00 -2.467631064021844622e+01 5.146142968967645892e+00 -5.780064701000145355e+00 5.146142968967645892e+00 -2.065837526730132723e+01
-5.443993415466891861e+00 -7.281886551235194460e+00 -8.577181665430696711e+00 -7.281886551235194460e+00 -2.172749156543942206e+01 -1.392603842265097391e+01 -8.577181665430696711e+00 -1.392603842265097391e+01 -7.219227579769321324e+01
4.547269321777292106e+01 2.095072784664894439e+00 -9.561411961752448008e+00 2.095072784664894439e+00 2.693228302343797864e+01 -2.383013922894618553e+00 -9.561411961752448008e+00 -2.383013922894618553e+00 7.540315285108848187e+00
-2.002273669149832003e+01 2.572804991126527607e+00 -1.525288001550944905e+01 2.572804991126527607e+00 -2.054149833636175515e+01 -3.473029627060807423e-01 -1.525288001550944905e+01 -3.473029627060807423e-01 -2.966731908871646084e+01
-2.545304797850914724e+01 -3.768037042467432762e+00 1.864864437543825249e+00 -3.768037042467432762e+00 -2.968982409554665480e+01 -1.639133984397270982e+00 1.864864437543825249e+00 -1.639133984397270982e+00 -2.474439624817824779e+01
1.703431609166885963e+01 -1.969896832449655744e+00 1.260259475605078450e+01 -1.969896832449655744e+00 -2.814308109746432418e+00 -6.764372276002911244e-01 1.260259475605078450e+01 -6.764372276002911244e-01 -3.467135655548313622e+01
2.588411971385029631e+01 -9.037000560060619136e+00 -1.700139931826208439e+01 -9.037000560060619136e+00 -9.867700617512930705e+00 2.082465689218453875e+00 -1.700139931826208439e+01 2.082465689218453875e+00 3.863859888959396915e+00
-3.816693232900015431e+01 1.075818805520173171e+01 1.729302409777760374e+01 1.075818805520173171e+01 -4.275206201477655554e+01 5.854793726777340446e+00 1.729302409777760374e+01 5.854793726777340446e+00 -5.567284402015646094e+01
7.052480684145462142e+00 4.315310096330746248e+00 1.353546204487042104e+01 4.315310096330746248e+00 1.581841078997581862e+00 1.814669175539424639e+00 1.353546204487042104e+01 1.814669175539424639e+00 -1.578249388159266964e+00
3.804050219895763973e+01 1.615526507906101017e+01 -5.923477115209637711e-01 1.615526507906101017e+01 1.985580033664920308e+01 4.401313505232296919e+00 -5.923477115209637711e-01 4.401313505232296919e+00 -2.438627405500972500e+01
1.325319562863730738e+01 1.184300196336256050e+01 -1.145902776575212201e+01 1.184300196336256050e+01 1.973008385117541152e+01 2.512041837169214809e+00 -1.145902776575212201e+01 2.512041837169214809e+00 2.424340162836819701e+01
1.155292222630530041e+01 4.802625364965736332e-01 -3.891896752823098993e+00 4.802625364965736332e-01 1.482795568110727480e+01 -8.104805636440770567e-01 -3.891896752823098993e+00 -8.104805636440770567e-01 1.461389300001109781e+01
4.812201832657952139e+01 4.634853191209342249e+00 -3.467290863636039333e+00 4.634853191209342249e+00 3.718812812255860223e+01 -5.017047759177715172e+00 -3.467290863636039333e+00 -5.017047759177715172e+00 -1.820761219164547029e+01
-3.151154918512823500e+01 -1.318684275315377974e+01 -2.138033723860469237e+01 -1.318684275315377974e+01 -4.094000576416097914e+01 -8.432549269972907879e+00 -2.138033723860469237e+01 -8.432549269972907879e+00 -2.803183130854211669e+01
1.299958852463655923e+01 -8.155185795865537157e-01 2.628117893853901155e+00 -8.155185795865537157e-01 -4.086204434113193429e+01 2.452445791257757080e+00 2.628117893853901155e+00 2.452445791257757080e+00 -6.627555457234844027e+01
4.336489824360720036e+01 -8.964643758457741640e+00 -2.552723479263021567e+00 -8.964643758457741640e+00 4.359618347250114212e+00 5.496401069147843543e+00 -2.552723479263021567e+00 5.496401069147843543e+00 -2.040015149702397323e+01
7.597978852133364214e+00 1.165799914508995094e+01 -4.461074530437543650e+00 1.165799914508995094e+01 -7.732164173277066510e+00 -3.353648643639582261e+00 -4.461074530437543650e+00 -3.353648643639582261e+00 -3.911541271178284518e+01
6.188165750003028620e+01 1.211706091384230355e+01 -1.567793427053662825e+01 1.211706091384230355e+01 3.050831367359689850e+01 -1.433481360994301790e+00 -1.567793427053662825e+01 -1.433481360994301790e+00 6.337320167834952223e+00
4.417913300483780858e+01 -5.133486623271182658e+00 -1.524262081732507212e+01 -5.133486623271182658e+00 2.336350232125843362e+01 2.634931774419455763e+01 -1.524262081732507212e+01 2.634931774419455763e+01 -1.305368450522832191e+01
2.075352334585339165e+01 8.109351082580790182e-01 7.484083540804379986e+00 8.109351082580790182e-01 6.098219209440995936e-01 -8.089358352459644408e+00 7.484083540804379986e+00 -8.089358352459644408e+00 -5.123707482932634605e+01
1.024182278042378691e+01 -2.065330899965941924e+01 -1.416194862382373998e+01 -2.065330899965941924e+01 -1.262191805455595706e+01 3.799396912203313548e+00 -1.416194862382373998e+01 3.799396912203313548e+00 -5.394453501849959309e+01
