9.756827722300414507e+00 1.840449183203251682e+00 -1.694254795704996397e+01 1.840449183203251682e+00 -6.961372744665780266e-01 -8.650002102257600134e-01 -1.694254795704996397e+01 -8.650002102257600134e-01 4.853658226878715176e+00
-1.104812660649497502e+01 -6.927268769623972311e+00 1.086979073568219656e+00 -6.927268769623972311e+00 -2.893226768055008780e+00 4.902853915229014037e-01 1.086979073568219656e+00 4.902853915229014037e-01 -2.196804041585130207e+00
5.876699674933546724e+00 -7.886815011840471179e+00 -4.724494569599983151e+00 -7.886815011840471179e+00 2.918773250486241810e-01 -2.588520813130855469e+00 -4.724494569599983151e+00 -2.588520813130855469e+00 9.362714606300313491e+00
3.004790358981432519e+01 -5.824322622781997971e+00 -1.856967043270385176e+01 -5.824322622781997971e+00 -3.322337774203008820e+01 1.454360936943917437e+00 -1.856967043270385176e+01 1.454360936943917437e+00 1.895628908470526497e+01
-3.389769833168145396e+01 -4.598118877284219863e+00 -1.965061104885845822e+01 -4.598118877284219863e+00 -5.247282230220493204e+01 2.751961674573927485e+00 -1.965061104885845822e+01 2.751961674573927485e+00 -1.466939517410152760e+01
-1.582289795772368057e+00 -7.598858488417331358e+00 2.400887263759337031e+00 -7.598858488417331358e+00 1.876375991122022668e+01 5.339546410402528087e-01 2.400887263759337031e+00 5.339546410402528087e-01 9.830115273934990957e-04
5.224057572649084591e+01 -4.718758327036138844e+00 8.236925015904281722e+00 -4.718758327036138844e+00 3.606357670665656912e+01 5.554456745008246266e+00 8.236925015904281722e+00 5.554456745008246266e+00 4.450008397490258005e+01
-5.377575763324287550e+01 6.915132502751083488e-01 -6.001510182970337226e+00 6.915132502751083488e-01 -2.348038490642826304e+01 7.362125179777224915e+00 -6.001510182970337226e+00 7.362125179777224915e+00 -6.161106835861869513e+01
-3.504398588783995905e+00 -1.800724242464578850e+00 3.652455808291739991e+00 -1.800724242464578850e+00 2.541919009759954307e+01 2.029830838131267612e+01 3.652455808291739991e+00 2.029830838131267612e+01 2.695982798407355219e+01
1.942700380409749528e+01 -4.396818679980833977e-01 6.224415797596002164e+00 -4.396818679980833977e-01 1.615528092900182244e+01 -3.107090823679260705e+00 6.224415797596002164e+00 -3.107090823679260705e+00 2.389351451677381988e+01
5.148701261522268702e+00 9.959071151227234964e+00 -5.720218325814760973e+00 9.959071151227234964e+00 8.999256406853176626e-01 -4.774827586963527715e+00 -5.720218325814760973e+00 -4.774827586963527715e+00 4.901868130122690737e+00
-8.508096855820987514e+00 -3.545034500640664987e+01 -6.166713048517839191e+00 -3.545034500640664987e+01 4.364311009218979187e+00 1.059953868926278808e+01 -6.166713048517839191e+00 1.059953868926278808e+01 -8.139418614362591953e+00
-1.679455846197197744e+01 9.113154335968847164e+00 4.575321658961424731e+00 9.113154335968847164e+00 -2.275223827681691624e+00 -1.261875145896891315e+00 4.575321658961424731e+00 -1.261875145896891315e+00 1.062196127602764051e+01
-1.307642667743309950e+01 1.408135069619996127e+00 3.262996216397555216e+00 1.408135069619996127e+00 -1.230279674264212630e+01 1.013385472984022329e+01 3.262996216397555216e+00 1.013385472984022329e+01 1.443957734496338929e+01
-2.499072549133566667e+01 -3.024584762198223586e+00 -4.051980547050269443e+00 -3.024584762198223586e+00 -1.634044433315716560e+01 -1.127270430383167366e+01 -4.051980547050269443e+00 -1.127270430383167366e+01 -2.105135945964643440e+01
2.886038549001310471e+01 6.687731385015323937e+00 1.185606119913279777e+01 6.687731385015323937e+00 -1.244638277163861950e+01 6.878880964428929490e-01 1.185606119913279777e+01 6.878880964428929490e-01 2.793337547255324793e+01
1.875524569492967686e+01 -2.573726302946387268e+00 2.799517131864611041e+00 -2.573726302946387268e+00 -2.503511365986140191e+01 -1.367129854013025669e+00 2.799517131864611041e+00 -1.367129854013025669e+00 2.168806943591904179e+00
-1.529704254611872472e+01 -3.640956434428047839e+00 2.102985247414760062e-01 -3.640956434428047839e+00 4.228782293636811573e+00 -9.450108694834774781e+00 2.102985247414760062e-01 -9.450108694834774781e+00 2.984038672253619850e+00
3.119362568752112264e+00 4.553929025367234651e+00 1.215492676927750892e+01 4.553929025367234651e+00 1.924381605856775579e+01 1.422802766729083679e+01 1.215492676927750892e+01 1.422802766729083679e+01 -1.785690518931018156e+00
4.930166936621610319e+00 -2.198801506992380439e+01 -4.364246005773130044e+00 -2.198801506992380439e+01 2.328459260253967855e+01 5.085883975249672950e+00 -4.364246005773130044e+00 5.085883975249672950e+00 3.637561813248243681e+00
-1.926035312030676394e+01 -3.233909711616577365e+00 1.225434727392239154e+01 -3.233909711616577365e+00 -3.468686698108471944e+01 -8.918921843296157448e+00 1.225434727392239154e+01 -8.918921843296157448e+00 -2.409375261779448607e+01
5.128470092240910105e+01 9.156526534498303782e-01 -2.568306834995663035e+00 9.156526534498303782e-01 4.603473554359617737e+01 -2.546731099945583221e+00 -2.568306834995663035e+00 -2.546731099945583221e+00 7.172926831688830873e+01
-1.203959070493320560e+01 1.422003121072332732e+01 -5.471681267659548098e+00 1.422003121072332732e+01 -3.446447202725877901e+01 1.030683386841102589e+01 -5.471681267659548098e+00 1.030683386841102589e+01 7.916628972270332021e+00
-2.642755140253750135e+00 6.544171436201632330e-01 1.799959625451246481e+01 6.544171436201632330e-01 -2.716166392431037480e+01 1.449222851233715126e+01 1.799959625451246481e+01 1.449222851233715126e+01 4.838931221765682800e+00
1.403290191399010034e+01 2.616890819969741599e+00 1.673987007958943352e+01 2.616890819969741599e+00 -2.576811005456168502e+01 -7.721962570005751481e+00 1.673987007958943352e+01 -7.721962570005751481e+00 1.446171735474788633e+01
-2.837691096739602870e+01 -7.996697897356186413e-02 -1.602970465278023893e+00 -7.996697897356186413e-02 5.239630692865629991e-01 1.300490701111898773e+01 -1.602970465278023893e+00 1.300490701111898773e+01 -4.541414268594738068e+00
7.321186018519585836e+00 -9.056680296211879977e+00 1.147508713740114095e+00 -9.056680296211879977e+00 1.185642787426855982e+01 -6.966011879844246302e+00 1.147508713740114095e+00 -6.966011879844246302e+00 1.572628237043232247e+01
-1.800122401441073450e+01 5.217801432932071215e+00 -2.977093001271649886e+00 5.217801432932071215e+00 -1.955724563040459163e+00 8.113455784878958355e+00 -2.977093001271649886e+00 8.113455784878958355e+00 -3.341764110932879106e+01
-7.002209572313451424e+00 -3.577909594952991323e+00 2.122121554843068303e+00 -3.577909594952991323e+00 -2.948369960108175647e+00 8.564428615694984259e+00 2.122121554843068303e+00 8.564428615694984259e+00 5.253959927893728121e+00
-3.689854971899713831e+01 -5.225167699711559699e+00 -1.334419718528392274e+01 -5.225167699711559699e+00 -1.595878652934907649e+01 3.920062850400246823e+00 -1.334419718528392274e+01 3.920062850400246823e+00 -3.208172128510722843e+01
5.235904113333042176e+00 2.342265349996103474e+00 5.843790592199891165e+00 2.342265349996103474e+00 -7.688717496112718486e+00 -3.148606773760094235e+00 5.843790592199891165e+00 -3.148606773760094235e+00 9.813538351527784087e+00
4.207259402045972507e+01 2.899485986641717616e+01 -1.573998059427301754e+01 2.899485986641717616e+01 -1.106460083263316285e+01 9.813335369164489563e+00 -1.573998059427301754e+01 9.813335369164489563e+00 6.943311420041791848e+01
-3.148156994861032842e+01 -1.958964761372399277e+00 6.338643023595326831e+00 -1.958964761372399277e+00 -1.690356093882513733e+01 6.727872082486771710e+00 6.338643023595326831e+00 6.727872082486771710e+00 -1.158999399152870424e+01
3.041323812183184927e+01 -1.144609218408493057e+01 -1.582424518753345843e+01 -1.144609218408493057e+01 -4.067616068308419841e+01 9.639404084064995715e+00 -1.582424518753345843e+01 9.639404084064995715e+00 3.760844488898293037e+01
-8.750862493460024316e-01 9.979179036677155779e+00 1.226689687979025578e+01 9.979179036677155779e+00 -2.412788186865616780e+01 -1.275104781062295700e+01 1.226689687979025578e+01 -1.275104781062295700e+01 9.870429964028613057e-01
1.220061279151407874e+01 -1.145551983710729749e+00 2.004548714495571460e+01 -1.145551983710729749e+00 2.988448746100473841e+01 -1.182330917316172325e+01 2.004548714495571460e+01 -1.182330917316172325e+01 1.666569857321346504e+01
-5.683237536491579078e+01 3.819343472455795752e+00 -6.463323584250169063e+00 3.819343472455795752e+00 -3.981197462430414191e+01 1.302772593301660642e+01 -6.463323584250169063e+00 1.302772593301660642e+01 -3.447412981907140050e+01
-2.685415145127746328e+01 4.335881642765710531e+00 4.361723698399275762e+00 4.335881642765710531e+00 -1.435232697478803310e+01 -1.221139851223963824e+01 4.361723698399275762e+00 -1.221139851223963824e+01 -1.606493180313285052e+01
-2.744253364467852307e+01 2.174909344685519130e+01 3.972199082833333339e+00 2.174909344685519130e+01 -1.082495512105854552e+01 6.130357886577722404e+00 3.972199082833333339e+00 6.130357886577722404e+00 -1.762542831630666740e+01
-2.164875276593483733e+01 -4.598233574663345813e+00 -4.181771772926342834e+00 -4.598233574663345813e+00 -8.012622642164310971e-01 -3.232865957767851572e+00 -4.181771772926342834e+00 -3.232865957767851572e+00 -2.878107748262720733e+01
8.788753894847374237e-01 1.705308653103386973e+01 -2.038640804737232770e+01 1.705308653103386973e+01 1.543629109277010159e+01 -9.769750775034337309e+00 -2.038640804737232770e+01 -9.769750775034337309e+00 7.427716584824357871e-02
2.827607503956125967e+01 5.867637279533904904e-01 -9.211260328858319468e-01 5.867637279533904904e-01 3.197120236371957347e+01 7.516693442742409914e+00 -9.211260328858319468e-01 7.516693442742409914e+00 3.380308608619403543e+01
1.061059861489556333e+00 -1.462135673157896143e+01 3.854806792259203085e+00 -1.462135673157896143e+01 -1.392958149823712510e+01 7.213805393846961955e+00 3.854806792259203085e+00 7.213805393846961955e+00 7.869920850249802591e+00
-2.656805971951099110e+01 1.261969684318437146e+01 -5.824412736677398783e+00 1.261969684318437146e+01 -1.312923616422462203e+01 -1.716727358104678913e+00 -5.824412736677398783e+00 -1.716727358104678913e+00 -7.230001122352972764e+00
9.305021154959401741e+00 1.134381376522340723e+01 -1.938236449029238528e+01 1.134381376522340723e+01 -1.071125296876702215e+01 6.636241475012593760e+00 -1.938236449029238528e+01 6.636241475012593760e+00 9.771069849276859287e+00
-1.485856698193968661e+01 -9.500913113258263820e+00 3.453749151445787646e+00 -9.500913113258263820e+00 2.442447980270830499e+01 -8.164598988983167160e+00 3.453749151445787646e+00 -8.164598988983167160e+00 -8.154695507266687571e+00
-2.244773174117799996e+01 6.549006112030752114e+00 1.114133516944071189e+01 6.549006112030752114e+00 1.082836878889180099e+01 -1.042432626423368980e+01 1.114133516944071189e+01 -1.042432626423368980e+01 -2.331174265495082309e+01
-5.168431192913468664e+01 -9.231178857883463706e+00 -1.378861430612351313e+01 -9.231178857883463706e+00 -1.948235942123821829e+01 6.029610122833355845e+00 -1.378861430612351313e+01 6.029610122833355845e+00 -2.135606831024649566e+01
-1.481167785413591886e+01 2.107911079842339497e+00 -9.539958765039051602e-01 2.107911079842339497e+00 8.431330485729832347e+00 1.315822707815355663e+01 -9.539958765039051602e-01 1.315822707815355663e+01 -1.043685151606276662e+01
1.095903472244566146e+01 -1.450820158871873211e+01 -5.770008391545232707e-01 -1.450820158871873211e+01 -5.065941413829922801e+00 3.673470235472273693e+00 -5.770008391545232707e-01 3.673470235472273693e+00 1.203080505011560497e+01
