-2.022880692934937130e+01 1.147961528834081690e+01 2.190198736961517056e+01 1.147961528834081690e+01 -3.823675882712988283e+01 -6.557001848182244963e+00 2.190198736961517056e+01 -6.557001848182244963e+00 -3.102042665931675547e+00
-2.425910506074211170e+01 -1.616884165981918864e+00 1.907301623866532481e+01 -1.616884165981918864e+00 -4.232444072474014263e+01 -2.465600583816641844e+01 1.907301623866532481e+01 -2.465600583816641844e+01 -1.952000702179405067e+01
1.789633273461351592e+01 -1.030785939996149736e+01 1.403278901843981252e+01 -1.030785939996149736e+01 5.855036047242994535e+00 -1.224087469017697716e+00 1.403278901843981252e+01 -1.224087469017697716e+00 2.532643998074527403e+01
-9.914659447946045034e+00 9.162412735066080671e+00 -4.073893521899013770e+00 9.162412735066080671e+00 -3.462556736675546887e+01 -4.719734445999796968e+00 -4.073893521899013770e+00 -4.719734445999796968e+00 -7.584210428514809310e-01
2.083898227892043664e+01 -1.996806234042975969e-01 1.466882593948771962e+01 -1.996806234042975969e-01 -6.772317988906153552e+00 -1.286394144520342842e+01 1.466882593948771962e+01 -1.286394144520342842e+01 3.030533660209580660e+01
-1.373842737141970716e+01 -3.942162573605019649e+00 1.459112927322045827e+01 -3.942162573605019649e+00 -3.399310245587279411e+01 4.332546869601980433e+00 1.459112927322045827e+01 4.332546869601980433e+00 -8.533867346875855020e+00
-5.755022893108621140e+00 -1.556440554924704855e+01 2.433083590292849152e+01 -1.556440554924704855e+01 -6.088501720945615148e+01 1.154741123279686654e+01 2.433083590292849152e+01 1.154741123279686654e+01 -3.826150354992700287e+00
-2.284734762960825449e+01 4.832649519879560707e+00 1.239591217355394903e+01 4.832649519879560707e+00 -3.479429897203070965e+01 4.449526551408551356e+00 1.239591217355394903e+01 4.449526551408551356e+00 -1.844434750381711297e+01
-1.091225467306045260e+01 7.766160520638912601e+00 -2.073918995335675586e+00 7.766160520638912601e+00 -4.042433143074502055e+01 2.301278946516681412e+00 -2.073918995335675586e+00 2.301278946516681412e+00 -2.153699206994868831e+01
2.888485747773598078e+01 -1.324441065395708605e+00 1.498554157797324482e+00 -1.324441065395708605e+00 1.632803390659150011e+01 -3.204737038053763865e+00 1.498554157797324482e+00 -3.204737038053763865e+00 1.416141910152432359e+01
4.459521932962109858e+00 8.544707259841768376e+00 1.231895662350630616e+01 8.544707259841768376e+00 7.928497627491008615e+00 1.724619683555044913e+00 1.231895662350630616e+01 1.724619683555044913e+00 9.873868630541098312e+00
-1.975673249055731606e+00 -6.122691504198733981e+00 1.248160552121530031e+01 -6.122691504198733981e+00 -1.665605752238334603e+01 -1.103847268896856804e+01 1.248160552121530031e+01 -1.103847268896856804e+01 -1.442302476085571428e+01
-1.575069410257842861e+01 1.169233289807348797e+01 1.156350003364573942e+00 1.169233289807348797e+01 -2.258674714918774384e+01 7.900146135937681224e-01 1.156350003364573942e+00 7.900146135937681224e-01 -8.205653582231117182e-01
2.210240717710096092e+01 1.802843403062091454e+00 7.072623176611143592e+00 1.802843403062091454e+00 -8.485591177427945553e+00 3.203553812168716597e+00 7.072623176611143592e+00 3.203553812168716597e+00 -2.278355423587335338e+00
4.117316355086245716e-01 1.823611836453983726e+00 3.932745227260824095e+00 1.823611836453983726e+00 -3.337750645050968501e+01 -3.195959979719445343e+00 3.932745227260824095e+00 -3.195959979719445343e+00 -9.782299172075981986e+00
2.108762705195485054e+01 1.057283689369307211e+01 2.760773088160551580e+01 1.057283689369307211e+01 -1.419771738267905548e+01 -2.686199552810709434e+00 2.760773088160551580e+01 -2.686199552810709434e+00 3.162515313100074721e+01
-3.839628075502103144e+01 -7.159216601204933639e+00 1.579937041742012838e+01 -7.159216601204933639e+00 -6.933481973568463275e+01 5.059631973770369662e+00 1.579937041742012838e+01 5.059631973770369662e+00 -2.569280213670021240e+01
-5.783420191279801337e+00 3.771087101861462898e+00 1.955679798434088923e+01 3.771087101861462898e+00 -2.924386695525005209e+01 8.518887474994260245e+00 1.955679798434088923e+01 8.518887474994260245e+00 2.284121107671936546e+00
3.795067205197420179e+01 1.533630328927567099e+01 1.421644046018678775e+00 1.533630328927567099e+01 1.338910832903406778e+01 -4.817127404283793268e+00 1.421644046018678775e+00 -4.817127404283793268e+00 1.509521833480835795e+01
-1.252939020579852958e+01 1.136209185262006116e+01 1.131016381645610025e+01 1.136209185262006116e+01 -3.321069279521658046e+01 -1.618246891665552667e+01 1.131016381645610025e+01 -1.618246891665552667e+01 -1.383168040516003217e+01
1.766745063922335035e+01 -9.334852506038750164e+00 1.717925896106594408e+00 -9.334852506038750164e+00 -8.814218027883873319e+00 -2.743855908056641812e+00 1.717925896106594408e+00 -2.743855908056641812e+00 2.466998006574478808e+01
7.310590582479477462e+01 1.084576287244101955e+01 1.161629936026007037e+01 1.084576287244101955e+01 2.802437339911847758e+01 -2.530419773847765619e+00 1.161629936026007037e+01 -2.530419773847765619e+00 5.526676180787169557e+01
-1.558828186290559792e+01 8.608339760333201696e+00 8.812936479079098717e+00 8.608339760333201696e+00 -3.860600032078072985e+01 1.461452184589557612e+00 8.812936479079098717e+00 1.461452184589557612e+00 -2.196586391898036084e+01
2.027836152735005371e+01 4.358617208224639938e+00 7.032821538738227574e+00 4.358617208224639938e+00 3.526437548434374847e+00 -8.935508581161602848e+00 7.032821538738227574e+00 -8.935508581161602848e+00 2.236130841271152292e+01
3.033789331437102632e+01 4.651672457568007957e-01 3.105709039573079266e+01 4.651672457568007957e-01 2.636950384364186561e+01 4.285024086667614363e+00 3.105709039573079266e+01 4.285024086667614363e+00 4.473168754404493086e+01
-3.869613552372975551e+00 -2.615400182963911302e+00 3.252362164374405040e+01 -2.615400182963911302e+00 -1.513150087785159315e+01 7.386197675543022534e+00 3.252362164374405040e+01 7.386197675543022534e+00 -6.607737552041201834e-01
-1.077090599678202132e+01 2.055136649467581844e-01 7.809885876962052720e+00 2.055136649467581844e-01 -2.490217928100772937e+01 1.335412089295106952e+01 7.809885876962052720e+00 1.335412089295106952e+01 -3.562962011649950256e+01
-1.242380603796659422e+01 1.446458475366981133e+01 1.075955939860159560e+01 1.446458475366981133e+01 -9.150896578765092215e+00 2.800543954258977841e+00 1.075955939860159560e+01 2.800543954258977841e+00 -1.499682191122760599e+01
6.590682899483880419e+01 -8.318690013812917172e+00 3.577390198045518588e+01 -8.318690013812917172e+00 4.002566214070789385e+01 1.404312467067792447e+01 3.577390198045518588e+01 1.404312467067792447e+01 4.925191192120566086e+01
-7.906746159444554500e+00 -8.445517841644054613e+00 1.487526225432227989e+01 -8.445517841644054613e+00 -1.316816055388550311e+01 -5.751717321068253952e+00 1.487526225432227989e+01 -5.751717321068253952e+00 2.522998449487666761e+01
1.147126967613253434e+01 -3.957750862896705080e+00 7.167152403844722741e+00 -3.957750862896705080e+00 -1.995609412736612853e+01 -1.333344924340402038e+01 7.167152403844722741e+00 -1.333344924340402038e+01 4.584278089027985281e+00
-1.592697021457920847e+01 9.420880147932814808e+00 1.156981105720244152e+01 9.420880147932814808e+00 -1.742102919000664585e+01 4.108555009805945346e+00 1.156981105720244152e+01 4.108555009805945346e+00 4.970310061981727756e+00
1.375818724402937043e+01 1.152761270478231959e+00 1.029227790916493523e+00 1.152761270478231959e+00 -3.151607046300475723e+00 -1.622123131183439870e+00 1.029227790916493523e+00 -1.622123131183439870e+00 7.105317483763546882e-01
3.014465005984298429e+01 8.985736761235465053e+00 9.939410284611122748e+00 8.985736761235465053e+00 2.740294967972873508e+01 4.915572302511918679e+00 9.939410284611122748e+00 4.915572302511918679e+00 3.618154547236607499e+01
-1.979704112534358984e+01 -7.980204339652970935e-01 -3.100649040530129685e+00 -7.980204339652970935e-01 -1.173269952688093198e+01 3.291429500340307790e+00 -3.100649040530129685e+00 3.291429500340307790e+00 -1.924812038388611413e+01
-1.986686405302791769e+01 5.108552622635306406e+00 3.178625351998202397e+00 5.108552622635306406e+00 -2.725471404282115984e+01 7.439986824534444487e+00 3.178625351998202397e+00 7.439986824534444487e+00 -2.826946626638662607e+01
3.354373865335476879e+00 -7.839235638283301277e+00 1.017539963230025890e+01 -7.839235638283301277e+00 -2.223285921768597362e+01 2.037262530232235580e+00 1.017539963230025890e+01 2.037262530232235580e+00 8.655140470189987001e-01
-5.735235276086405598e+00 -1.281162311050469960e+01 8.739714898478995408e+00 -1.281162311050469960e+01 -2.766536447175567304e+01 7.875613228711547009e+00 8.739714898478995408e+00 7.875613228711547009e+00 1.844239500319043756e+01
1.375065505012682898e+01 -8.285760297549735753e+00 -8.099821300591386830e+00 -8.285760297549735753e+00 -9.703420810748367709e-01 -5.463964449317092686e+00 -8.099821300591386830e+00 -5.463964449317092686e+00 1.149420449299631386e+01
1.517650391952504130e+01 3.430613662425608279e+00 1.389986834428565743e+01 3.430613662425608279e+00 1.429183253751050664e+01 2.906896373211183882e+00 1.389986834428565743e+01 2.906896373211183882e+00 2.809788844814316633e+01
-2.492882456574650263e+01 7.301329246837193310e+00 1.969831263337281368e-01 7.301329246837193310e+00 -1.763497878278738540e+01 -8.225747993960307980e+00 1.969831263337281368e-01 -8.225747993960307980e+00 -1.506356880896630912e+01
1.027447299885371912e+01 9.271940272859177767e+00 1.343962195517739922e+01 9.271940272859177767e+00 6.613610082559476133e+00 4.963962862225871575e+00 1.343962195517739922e+01 4.963962862225871575e+00 1.265417350999497081e+01
2.501463723667774985e+01 -9.976191103532981330e+00 1.588099560043374403e+01 -9.976191103532981330e+00 2.568008244203945267e+01 3.320552100251405125e+00 1.588099560043374403e+01 3.320552100251405125e+00 3.798090380241605146e+01
-9.924998972520265639e+00 1.461384643832929209e+00 4.995489242589657763e+00 1.461384643832929209e+00 -4.186355174486982378e+01 1.122796036060082603e+00 4.995489242589657763e+00 1.122796036060082603e+00 -2.404985827839198453e+00
1.463090950958575220e+00 3.651111715762459298e+00 2.820288998108450240e+00 3.651111715762459298e+00 5.279347354524466240e+00 1.465065775326927389e+00 2.820288998108450240e+00 1.465065775326927389e+00 9.491647732219167466e+00
9.102957127282874650e-01 2.040062622522217239e+01 1.247922640495386659e+01 2.040062622522217239e+01 -5.307660683203071983e+01 -1.225388666502934676e+01 1.247922640495386659e+01 -1.225388666502934676e+01 -4.025883431186541905e+00
3.837783722488032367e+01 -9.352509988279456010e+00 9.211892145330178749e+00 -9.352509988279456010e+00 1.819360524692058334e+01 -4.707232616085966548e+00 9.211892145330178749e+00 -4.707232616085966548e+00 3.450317582606422917e+01
-1.004352428542202880e+01 -8.554355643680112919e+00 2.203767198652316495e+01 -8.554355643680112919e+00 2.384335869634738592e-01 2.060194302240426989e+00 2.203767198652316495e+01 2.060194302240426989e+00 -2.301733675757933995e+01
1.825171620320362464e+01 -6.486444980114281833e+00 3.711861693111035976e+00 -6.486444980114281833e+00 -1.742419782368158365e-01 -1.208666873961870003e+01 3.711861693111035976e+00 -1.208666873961870003e+01 3.189358307999919262e+00
-9.587232192231375905e+00 -8.545353776322208716e+00 1.655705650549320396e+01 -8.545353776322208716e+00 -3.218476931051717571e+01 3.952379090847243592e+00 1.655705650549320396e+01 3.952379090847243592e+00 -6.184753289610386950e+00
