-1.622362718739084997e+01 3.091764877234329134e+00 -4.413051996486514028e+00 3.091764877234329134e+00 -9.385104201141242442e+00 -1.266916787437475556e+01 -4.413051996486514028e+00 -1.266916787437475556e+01 -1.607632946494309989e+00
4.420770272798552014e+01 -6.288587915185026134e+00 1.013889365948032140e+00 -6.288587915185026134e+00 3.054771038693505147e+01 -1.086928051549171242e-01 1.013889365948032140e+00 -1.086928051549171242e-01 2.345239523822773897e+00
8.797607549728338938e+01 -8.196538563137095723e-01 5.120556133963347634e+00 -8.196538563137095723e-01 6.371144661926916797e+01 -9.907406020069210228e+00 5.120556133963347634e+00 -9.907406020069210228e+00 3.569917041427709137e+01
4.786101513623570725e+01 7.028747117260520483e+00 4.312146330301000141e+00 7.028747117260520483e+00 2.712668430303803646e+01 1.384181373096643242e+00 4.312146330301000141e+00 1.384181373096643242e+00 1.385374151639028639e+01
2.365423806677137364e+01 2.537267594889414113e-02 1.297768748187005627e+01 2.537267594889414113e-02 1.813446919791662992e+01 -1.061899117374214185e+01 1.297768748187005627e+01 -1.061899117374214185e+01 1.967282617445779702e-01
-3.358440756767157609e+01 4.300921137789473825e+00 5.112430316247858819e+00 4.300921137789473825e+00 -1.594062222434006593e+01 1.344271918974299096e+00 5.112430316247858819e+00 1.344271918974299096e+00 -3.572395543916342575e+01
3.798453728319155687e+01 -4.497885996607748349e-01 7.132975356796067423e+00 -4.497885996607748349e-01 2.667299723939898826e+01 -5.114284044754955488e-02 7.132975356796067423e+00 -5.114284044754955488e-02 -1.743834553298439261e+01
-8.807909201507754915e+00 -5.715392580094364128e+00 -2.697846579458448524e+00 -5.715392580094364128e+00 -1.797824563500291006e+01 4.435928840003116602e-01 -2.697846579458448524e+00 4.435928840003116602e-01 -6.976829137384791579e+01
5.929940236982928603e+00 1.590773566790397986e+01 -2.743161127992108206e+01 1.590773566790397986e+01 5.314067839402642157e+00 -9.964185274032521633e+00 -2.743161127992108206e+01 -9.964185274032521633e+00 -3.078287655796687616e+01
1.625461984636587687e+01 -4.611543881977974380e+00 2.411164474774519206e+01 -4.611543881977974380e+00 2.285724521274996945e+01 -6.626504662465045215e+00 2.411164474774519206e+01 -6.626504662465045215e+00 -1.557214078313637451e+01
4.965850206417999857e+01 3.815141421230725083e+00 -5.350485236392951011e-02 3.815141421230725083e+00 1.673779736161297649e+01 1.006526783105910638e+01 -5.350485236392951011e-02 1.006526783105910638e+01 1.940207710706086885e+01
-2.380305306775323615e+01 2.638831299919746520e+00 2.002757581654681829e+01 2.638831299919746520e+00 -3.825582792642361341e+01 1.696425699606869486e+01 2.002757581654681829e+01 1.696425699606869486e+01 -4.768265949753795496e+01
4.585425948154480125e+01 1.049234658400511400e+01 -1.500233593067948412e+01 1.049234658400511400e+01 3.171391180942136856e+01 7.219079376090665967e+00 -1.500233593067948412e+01 7.219079376090665967e+00 -1.213942120390606583e+01
5.674223102095459126e+01 5.765835883234268877e+00 -2.156516353976336120e+00 5.765835883234268877e+00 3.444920664507626640e+01 1.914780054050389424e+00 -2.156516353976336120e+00 1.914780054050389424e+00 5.265522120664168249e+00
6.570838304484639458e+00 -1.289668418520156123e+01 -1.212089973003531540e+01 -1.289668418520156123e+01 6.242290345331798385e+00 6.969872692219960086e+00 -1.212089973003531540e+01 6.969872692219960086e+00 1.500305018926430911e+01
-9.140318556022309693e+00 -1.194409409829689572e+01 5.943221956069580258e+00 -1.194409409829689572e+01 -1.686507399512716532e+01 -2.336922059771325522e+01 5.943221956069580258e+00 -2.336922059771325522e+01 4.012400791020965390e-02
1.883874387827339802e+01 8.562660318709609086e+00 2.425895140811221040e+00 8.562660318709609086e+00 1.519945984931726812e+01 -2.232341721988596372e+00 2.425895140811221040e+00 -2.232341721988596372e+00 1.209969387468151503e+01
5.211854424259354523e+00 9.692872555099016907e+00 1.299736420788795854e+01 9.692872555099016907e+00 -8.452849943385251308e+00 -1.785704267899215125e+01 1.299736420788795854e+01 -1.785704267899215125e+01 -2.715890534953107149e+01
2.120953886735757354e+00 1.667503082579574913e+00 -3.800896248033581948e+00 1.667503082579574913e+00 -1.115459266118470261e+01 -6.048752102173291512e+00 -3.800896248033581948e+00 -6.048752102173291512e+00 -4.673467579531357075e+01
-2.437037103113604175e+01 -1.044854828899395649e+01 -1.000476022756397754e+01 -1.044854828899395649e+01 -1.218685753086985990e+01 -1.086002538805595741e+01 -1.000476022756397754e+01 -1.086002538805595741e+01 -3.223877237397994833e+01
3.010431429569359452e+01 -5.557810004701326356e+00 -1.003029727281533034e+01 -5.557810004701326356e+00 2.915624478229358729e+01 6.805792062298378353e-02 -1.003029727281533034e+01 6.805792062298378353e-02 4.698374062345205715e+00
7.018829216313115182e+01 9.645924884274485578e+00 3.335905178066653765e+00 9.645924884274485578e+00 6.812977244495559148e+01 -1.084077553220747347e+01 3.335905178066653765e+00 -1.084077553220747347e+01 2.910823305397936167e+01
2.340389896767620925e+01 -3.537985273629145944e+00 -4.067645013656385977e+00 -3.537985273629145944e+00 -3.632685825861561302e+00 -4.273997641992903773e+00 -4.067645013656385977e+00 -4.273997641992903773e+00 -5.097749038729232751e+01
-1.645710691511887802e+01 -2.701664350506449264e+00 -3.302978031224490074e+00 -2.701664350506449264e+00 -5.654242044953508461e+00 1.913635444161759791e+00 -3.302978031224490074e+00 1.913635444161759791e+00 1.824981839732195965e+01
7.579427359397512554e+00 5.588042426227719517e+00 -8.606050640976228294e+00 5.588042426227719517e+00 5.979425331255701970e+00 1.098939074870678034e+01 -8.606050640976228294e+00 1.098939074870678034e+01 -2.799303048949715844e+01
-1.007575213284016691e+01 -3.482586483235253771e-01 6.508185560898785971e-01 -3.482586483235253771e-01 -2.278567118398703073e+01 1.399892282132120691e+01 6.508185560898785971e-01 1.399892282132120691e+01 -9.498812727691975155e+00
3.541319817878108722e+01 -2.381942224515808393e-01 -5.121708919012946115e-01 -2.381942224515808393e-01 2.176610662317176192e+01 -1.026760283945090713e+01 -5.121708919012946115e-01 -1.026760283945090713e+01 -1.796391698030358697e+01
1.610245638566528115e+01 -1.237387101518846855e+01 2.669820846418753391e+00 -1.237387101518846855e+01 1.414313633699013018e+01 1.439778726769291861e+00 2.669820846418753391e+00 1.439778726769291861e+00 5.450308288370760756e+00
2.689053560871141002e+01 -1.475776787410314927e+00 -7.810724633098932834e+00 -1.475776787410314927e+00 1.872962262355438057e+01 -3.662908627833206587e+00 -7.810724633098932834e+00 -3.662908627833206587e+00 8.334098187142306102e+00
-2.247634176346353385e+01 4.420348736477242468e+00 -1.112423357980509664e+01 4.420348736477242468e+00 -8.537861984604791843e+00 -9.658148423961392837e+00 -1.112423357980509664e+01 -9.658148423961392837e+00 -3.011925686102487987e+01
-1.619671638076299658e+01 1.359932049889922823e+01 -2.967712938879507156e+00 1.359932049889922823e+01 2.080007513587865287e+00 8.354763748253215994e+00 -2.967712938879507156e+00 8.354763748253215994e+00 -1.152264845955426864e+01
-6.697920965565264062e+00 -2.907680473923716313e+00 1.420812049529006416e+00 -2.907680473923716313e+00 -8.894149923313300121e+00 2.915440822542769705e+00 1.420812049529006416e+00 2.915440822542769705e+00 -1.546892565310695389e+01
3.515180648418747555e+00 5.129345665171132218e+00 -6.134134739360826316e+00 5.129345665171132218e+00 -1.615328771605819469e+01 1.848646663261792611e+01 -6.134134739360826316e+00 1.848646663261792611e+01 -2.825915855238068985e+00
2.150258919292761206e+01 -5.023153850021410349e+00 -5.062483123272333074e+00 -5.023153850021410349e+00 1.912110219977420300e+01 4.000730936900276369e+00 -5.062483123272333074e+00 4.000730936900276369e+00 1.010546053003248268e+01
3.579910503471027994e+01 5.618036399053958796e+00 2.214066866491382513e+01 5.618036399053958796e+00 1.884698462550817410e+01 8.350359257815981096e+00 2.214066866491382513e+01 8.350359257815981096e+00 -2.396500602788280432e+01
3.991884368842185893e+01 -3.218588930170104945e+00 1.488844307176247739e+01 -3.218588930170104945e+00 3.513657336174685497e+01 -8.470963586219935948e+00 1.488844307176247739e+01 -8.470963586219935948e+00 7.641065826337214872e+00
-6.856785154921139380e+00 5.649730082061873659e+00 -1.818880579268876141e-01 5.649730082061873659e+00 -6.085888317377835754e+00 -5.605201589458550515e+00 -1.818880579268876141e-01 -5.605201589458550515e+00 -2.502389353194240940e+01
-5.781439033303631625e+00 1.819821209440520349e+01 3.317021848147657659e-01 1.819821209440520349e+01 -4.764831786517872203e+00 -3.453702749731696109e+00 3.317021848147657659e-01 -3.453702749731696109e+00 -2.944704667024483769e+01
-3.801220302085891944e+01 -1.615063271367485898e-01 4.552226519622789347e+00 -1.615063271367485898e-01 -3.949590992054037741e+01 7.908535943118024214e+00 4.552226519622789347e+00 7.908535943118024214e+00 -3.887402756964696238e+01
9.284143013556541035e+00 -1.652917707914555123e+01 5.848591445047269133e+00 -1.652917707914555123e+01 1.397552648742847481e+01 6.779922249070314599e+00 5.848591445047269133e+00 6.779922249070314599e+00 -2.062052388005898251e+01
1.682415815306141127e+01 6.676185095296514049e+00 1.959803718776528925e+01 6.676185095296514049e+00 8.591889815655118667e+00 1.479252553469855513e+01 1.959803718776528925e+01 1.479252553469855513e+01 -2.663835339340056763e+01
-2.535747706411543589e+01 -6.878725156282363251e+00 -8.378580465924530429e+00 -6.878725156282363251e+00 -1.147106714762103508e+01 2.424538505283273082e+00 -8.378580465924530429e+00 2.424538505283273082e+00 -3.978817516270959231e+01
-5.322696112625018294e+00 1.047783705160779810e+01 1.558775054230450330e+01 1.047783705160779810e+01 -3.467472076757370303e+01 -7.150201762841118303e+00 1.558775054230450330e+01 -7.150201762841118303e+00 -4.276751706134764675e+01
3.101410996152096544e+01 -1.029760269211961798e+01 -1.181696506159135751e+01 -1.029760269211961798e+01 2.713346729364716126e+01 9.588109212794964975e+00 -1.181696506159135751e+01 9.588109212794964975e+00 -4.306847584125483408e+00
3.252193787830990779e+00 3.040672528525795393e+00 1.280768917302881427e+01 3.040672528525795393e+00 -9.185456547044587694e+00 -1.475111149671299415e+01 1.280768917302881427e+01 -1.475111149671299415e+01 -2.245212392127194079e+01
3.102607664408087729e+01 -9.360697666120300298e+00 4.190917032920785879e+00 -9.360697666120300298e+00 2.965090424367242150e+01 9.265506183906211390e+00 4.190917032920785879e+00 9.265506183906211390e+00 1.632526692329980733e+01
1.688216626768036477e+01 1.613983523097130890e+00 7.917058579777187521e-01 1.613983523097130890e+00 -3.084505957720780955e+00 -9.647775998984053913e+00 7.917058579777187521e-01 -9.647775998984053913e+00 -2.405075666641776877e+01
6.930323190850277371e+00 -1.115233292770973605e+01 1.674453382888364317e+00 -1.115233292770973605e+01 1.432415924736717727e+01 -1.876485917352176358e+01 1.674453382888364317e+00 -1.876485917352176358e+01 2.015930491783918654e+01
-1.803223970692542721e+01 -1.401300844135874613e+01 6.016932741946426688e+00 -1.401300844135874613e+01 -5.357287212641483443e+00 -1.652734134815367995e+01 6.016932741946426688e+00 -1.652734134815367995e+01 -1.837014773577507754e+01
-4.035903838183893200e+00 5.855747532436377689e+00 -1.715913202154556227e+00 5.855747532436377689e+00 -1.035333851789168946e+01 -4.508700650461290316e+00 -1.715913202154556227e+00 -4.508700650461290316e+00 -3.913236740574606642e+01
