-3.173286239877406878e+00 -1.663141513925447512e+00 5.328555120181714955e+00 -1.663141513925447512e+00 -6.515983120240045334e-01 -3.093438295260322324e+00 5.328555120181714955e+00 -3.093438295260322324e+00 2.999025253253801981e+00
6.195747685385766346e+01 -3.470679970946023429e-01 6.564372755442365204e+00 -3.470679970946023429e-01 5.524749782693523059e+01 1.952193351820749712e+00 6.564372755442365204e+00 1.952193351820749712e+00 4.379902668158456436e+01
1.253710570017498682e+01 3.378077177126294739e+00 9.335038877174724803e+00 3.378077177126294739e+00 1.987326057381326905e+01 1.696667069029468733e+00 9.335038877174724803e+00 1.696667069029468733e+00 2.276755048700762529e+01
2.855100761776327190e+01 2.185832573960936553e+00 1.346268824352317672e+01 2.185832573960936553e+00 3.285605769938043608e+01 -3.921245553347161739e+00 1.346268824352317672e+01 -3.921245553347161739e+00 3.638381773705308575e+01
2.392204367875722681e+01 1.264898022307671788e+00 1.257523432210373215e+01 1.264898022307671788e+00 2.458930067243369777e+01 -3.704766263408557414e+00 1.257523432210373215e+01 -3.704766263408557414e+00 2.551322732350744715e+01
-8.654194926087220852e-01 -5.168171739984523505e+00 8.295621653929526218e+00 -5.168171739984523505e+00 -6.025934838680326422e+00 8.757432753687234284e-01 8.295621653929526218e+00 8.757432753687234284e-01 -1.161146825422211482e+00
4.872450117999456154e+00 2.637148038396536887e+00 3.256727265699842278e+00 2.637148038396536887e+00 5.700031440239031078e+00 1.951100301470500176e+00 3.256727265699842278e+00 1.951100301470500176e+00 1.309280678827830791e+01
2.632402084072842285e+01 5.409245512218199714e+00 1.276165406701728777e+01 5.409245512218199714e+00 1.782701365600366472e+01 -5.620448374697619265e+00 1.276165406701728777e+01 -5.620448374697619265e+00 2.826590595920272975e+01
7.187249414361061461e+00 -1.820970364463432301e+00 1.546370418481204378e+00 -1.820970364463432301e+00 -2.308302901832496090e+00 -2.925966453819256241e+00 1.546370418481204378e+00 -2.925966453819256241e+00 7.026841475948847560e+00
-1.831858573221277098e+01 -4.242022086286724725e-01 3.461505752139597991e+00 -4.242022086286724725e-01 -2.296089368821255761e+01 -4.566748054756105901e+00 3.461505752139597991e+00 -4.566748054756105901e+00 -9.505339768102324172e+00
-1.729628738546429290e+01 5.448479703362602705e-02 1.088435370619725262e+01 5.448479703362602705e-02 -2.317005297746265313e+01 2.915174954486174030e+00 1.088435370619725262e+01 2.915174954486174030e+00 -1.674473819058100554e+00
9.201363404550168212e+00 1.592437800041299090e+00 2.061552771282856966e+00 1.592437800041299090e+00 9.915916036956799573e+00 9.771022573028742997e+00 2.061552771282856966e+00 9.771022573028742997e+00 7.928007203143168091e+00
-7.885480754436141382e+00 2.597830371906030500e+00 6.283292898088083334e+00 2.597830371906030500e+00 -1.439381350734773690e+01 7.865089207946394545e+00 6.283292898088083334e+00 7.865089207946394545e+00 -1.181685138591429096e+00
3.535967885226440899e+01 2.057805146340802249e+00 9.616758133831208255e+00 2.057805146340802249e+00 2.262121931450254309e+01 -2.441939345420686802e+00 9.616758133831208255e+00 -2.441939345420686802e+00 3.515241943992410256e+01
-1.962828556948942804e+01 -7.314208524228728692e+00 -5.890575548573458997e-01 -7.314208524228728692e+00 -2.020883250359098682e+01 8.210325569486833786e-01 -5.890575548573458997e-01 8.210325569486833786e-01 -1.121549418545644272e+01
1.938066593587308484e+00 -4.107438279622441790e+00 -3.623973463498860514e+00 -4.107438279622441790e+00 -2.718270620348535616e+00 1.887893669112456818e+00 -3.623973463498860514e+00 1.887893669112456818e+00 -7.788655220647584088e+00
-2.351114765914473548e+00 3.742681711763262697e+00 2.514378503895284833e+00 3.742681711763262697e+00 -6.475123255406391110e+00 -7.090447771507010222e-01 2.514378503895284833e+00 -7.090447771507010222e-01 5.383490731891439340e-01
-8.219611797417778476e+00 3.540741508088590006e+00 1.278101204237868549e+00 3.540741508088590006e+00 -1.922947616746930777e+01 -1.780449503041020343e+00 1.278101204237868549e+00 -1.780449503041020343e+00 -3.208474747190235288e+00
2.847678289945242724e+01 3.770190068997669286e+00 6.441435931513771251e+00 3.770190068997669286e+00 4.465609971849615789e+01 -6.663390247119533871e-01 6.441435931513771251e+00 -6.663390247119533871e-01 3.039406420018702804e+01
5.778487049623714178e+00 3.275503625452996115e+00 3.607260131005456838e+00 3.275503625452996115e+00 2.092564095223371723e+01 2.082756213032968873e+00 3.607260131005456838e+00 2.082756213032968873e+00 1.032963055576603928e+01
1.289268599066261700e+01 2.357216251774166604e+00 4.000848200667214805e+00 2.357216251774166604e+00 8.354178255436114142e+00 -4.608666870069227706e+00 4.000848200667214805e+00 -4.608666870069227706e+00 1.562128336278390428e+01
-7.872609721193548182e+00 -5.062948776563473530e+00 7.977577662732791008e-01 -5.062948776563473530e+00 -1.142873287079777711e+01 -1.200533362955603867e+00 7.977577662732791008e-01 -1.200533362955603867e+00 -1.162662949591701356e+01
-2.244229859475758815e+01 8.753430449413132308e+00 4.510060906335461084e+00 8.753430449413132308e+00 -1.226201158328816199e+01 1.915500696238447542e+00 4.510060906335461084e+00 1.915500696238447542e+00 -2.136926417589491578e+01
1.369916940092367064e+01 -4.354097388111945577e+00 8.457045539843329962e+00 -4.354097388111945577e+00 7.995952597209840640e+00 4.046015797900412991e+00 8.457045539843329962e+00 4.046015797900412991e+00 1.454627552721062145e+01
-9.716447450235950356e+00 2.698260613908274763e+00 -4.613336932414593972e-01 2.698260613908274763e+00 -1.164626060933030516e+01 5.659103636552589300e+00 -4.613336932414593972e-01 5.659103636552589300e+00 -1.136719461305699319e+01
-5.042329855594535282e+00 2.864277809492694615e-01 4.542989704042372345e+00 2.864277809492694615e-01 2.834978392988579010e+00 3.367375196862139930e+00 4.542989704042372345e+00 3.367375196862139930e+00 1.506756905790505474e+00
-5.888015040109753961e+00 1.309620758920372996e+00 1.457330862078931588e+00 1.309620758920372996e+00 -1.116577818845387604e+01 -3.640482248201440729e+00 1.457330862078931588e+00 -3.640482248201440729e+00 -1.257173192913611892e+01
1.315727999284914951e+01 5.104099849957224322e+00 7.318361628359921767e+00 5.104099849957224322e+00 2.019477151367124801e+00 -1.274231224165236043e+00 7.318361628359921767e+00 -1.274231224165236043e+00 1.374276455725742174e+01
-1.485833639412795293e+01 2.674413601013616137e+00 -4.361867361885214400e+00 2.674413601013616137e+00 -4.950356418473151443e+00 1.089744033664275413e+00 -4.361867361885214400e+00 1.089744033664275413e+00 -1.212302232376149291e+01
3.938366134519848849e+00 -4.640218940095174105e+00 5.719604900410434567e+00 -4.640218940095174105e+00 8.485118536194571348e-01 -1.805186242266356267e+00 5.719604900410434567e+00 -1.805186242266356267e+00 5.546367092788519138e+00
-8.436031009668472080e+00 8.164118426496134617e+00 3.300993667286423072e+00 8.164118426496134617e+00 -1.978535644392390225e+01 1.834447705679835172e+00 3.300993667286423072e+00 1.834447705679835172e+00 -4.416670963659290905e+00
3.279158570628503355e+01 1.640282236989063502e+00 5.987202477238362519e+00 1.640282236989063502e+00 2.814871321900667667e+01 -1.642789842378743925e+00 5.987202477238362519e+00 -1.642789842378743925e+00 2.884795829678097334e+01
5.493100226211786286e+00 -1.175864995428048676e+00 -1.697410848763216018e+00 -1.175864995428048676e+00 4.903463353158392657e+00 -1.750067997338485171e+00 -1.697410848763216018e+00 -1.750067997338485171e+00 1.299692238513284792e+01
-2.116458124062720358e+01 -1.839132734827321647e+00 4.647245456365316052e+00 -1.839132734827321647e+00 -2.415489599698657486e+01 -4.636509250442508723e+00 4.647245456365316052e+00 -4.636509250442508723e+00 -2.018502178092690258e+01
1.371050551355642710e+01 9.897984517327181209e+00 1.319693380557991347e+01 9.897984517327181209e+00 1.000243103375766474e+01 -5.448652175995237990e+00 1.319693380557991347e+01 -5.448652175995237990e+00 1.668707084526638695e+01
1.459040427564706377e+01 3.132449891289931454e+00 -1.493350978278519037e+00 3.132449891289931454e+00 -6.925111638017757976e+00 -2.017962980552392427e+00 -1.493350978278519037e+00 -2.017962980552392427e+00 4.141964933208502231e+00
-2.931340715346230308e+00 -5.040979891627344500e+00 4.977474050191463384e+00 -5.040979891627344500e+00 -1.252478302857299219e+01 1.044979899854144634e+00 4.977474050191463384e+00 1.044979899854144634e+00 -9.507040342781525766e+00
-1.398278303862932859e+01 4.854105368355066119e-01 8.265704292419018273e+00 4.854105368355066119e-01 -1.967637555321017473e+01 -1.775831909522381125e+00 8.265704292419018273e+00 -1.775831909522381125e+00 -6.825925831475063710e+00
-1.499033883410623602e+01 2.217874696526912270e+00 1.632518295448759593e+00 2.217874696526912270e+00 -1.363834151576716636e+01 -3.061930333963136963e+00 1.632518295448759593e+00 -3.061930333963136963e+00 -1.525409389810537419e+01
-1.111069641633734051e+01 -5.909136003431762596e+00 -4.023936533415486849e+00 -5.909136003431762596e+00 -1.079990839864212937e+01 -1.325880173098765491e+00 -4.023936533415486849e+00 -1.325880173098765491e+00 -7.311732453215648242e+00
2.602166304370318528e+01 -4.182332099870225584e+00 6.904382869508469689e+00 -4.182332099870225584e+00 2.701117864883910613e+01 6.601460689437930185e+00 6.904382869508469689e+00 6.601460689437930185e+00 2.661004532278110446e+01
1.400590342063663840e+00 6.666573913594617373e+00 3.802336650711330979e+00 6.666573913594617373e+00 -2.102697721384898344e+01 -1.733795704921181180e+00 3.802336650711330979e+00 -1.733795704921181180e+00 -4.473053331606535288e+00
-3.844555912404920228e+00 -4.241605087776117999e-01 5.289486728274493288e+00 -4.241605087776117999e-01 1.128602391565168972e+01 1.976022721229818924e+00 5.289486728274493288e+00 1.976022721229818924e+00 8.230117575967955901e+00
-4.449368698324612126e+00 -3.683016945038150247e+00 1.080536742559635677e+01 -3.683016945038150247e+00 -1.652284494592339215e+01 6.637715538310337671e+00 1.080536742559635677e+01 6.637715538310337671e+00 8.017178496518205577e+00
-1.405354041612630667e+01 2.781545481624213001e-01 9.857888701910960449e+00 2.781545481624213001e-01 -2.821111523743791594e+01 2.147441500558634253e+00 9.857888701910960449e+00 2.147441500558634253e+00 -2.902063961391531777e+00
2.118665402719361879e+01 1.113852537785710917e+00 -3.446338460722209729e-01 1.113852537785710917e+00 6.017060458236037412e+00 -3.625671307772234453e+00 -3.446338460722209729e-01 -3.625671307772234453e+00 1.887863709344907193e+01
6.923941518592781286e+00 -6.853208960945089245e+00 5.426891872102419967e+00 -6.853208960945089245e+00 6.485391318433902264e+00 -1.958389440119769009e+00 5.426891872102419967e+00 -1.958389440119769009e+00 1.518721312373926757e+01
-1.369273023244256393e+01 -9.601110763895841060e+00 2.154054646049650135e+00 -9.601110763895841060e+00 -5.808938468788142018e+00 -5.156964998995026139e-01 2.154054646049650135e+00 -5.156964998995026139e-01 -1.666688703599431776e+01
2.716036096805768096e+01 -1.381220606981740540e+00 4.047130392254868703e+00 -1.381220606981740540e+00 2.191603228530203751e+01 -1.913666336641475230e+00 4.047130392254868703e+00 -1.913666336641475230e+00 2.313360459845692674e+01
1.681287537473841098e+01 3.694611650283083915e-01 2.527151077424903303e+00 3.694611650283083915e-01 -4.677534290886657509e+00 -1.366037454935816298e+00 2.527151077424903303e+00 -1.366037454935816298e+00 9.150628126341450397e+00
