3.265869458787053503e+01 3.168768876169377080e+00 -1.426727533469426046e+00 3.168768876169377080e+00 3.112345750946614231e+01 -1.311725403384682132e+00 -1.426727533469426046e+00 -1.311725403384682132e+00 3.028099699149747437e+01
-5.946972327081250675e+00 1.397231807608375576e+01 -1.744463781309270489e+00 1.397231807608375576e+01 -3.085827787025567304e+01 -1.336657252706871013e+01 -1.744463781309270489e+00 -1.336657252706871013e+01 1.426358990203340404e+01
1.040087889515247177e+01 1.287086357607439391e+00 -1.531781778359186108e-01 1.287086357607439391e+00 8.584252889429809130e+00 1.159585679582436413e+00 -1.531781778359186108e-01 1.159585679582436413e+00 6.379380667963289397e+00
1.630933361812074267e+01 -4.718080395792705772e+00 -4.599804167493661833e-01 -4.718080395792705772e+00 1.954150159730843939e+01 -2.131240791689132941e+00 -4.599804167493661833e-01 -2.131240791689132941e+00 2.347464500385241593e+01
-6.926731443419600787e+00 -7.358697365583757311e+00 -1.578785307208304456e+00 -7.358697365583757311e+00 2.436039760144788602e+01 6.003156299932261436e-02 -1.578785307208304456e+00 6.003156299932261436e-02 -4.596679498401564956e+01
-3.745690156376918711e+00 -1.218719529423375647e+01 -2.027544543537064037e+00 -1.218719529423375647e+01 -1.490848825563044677e+01 2.787930262912460821e-01 -2.027544543537064037e+00 2.787930262912460821e-01 -2.540357884353702289e+01
5.069391297942056696e+01 -2.324239374882292264e+00 1.775225987588831433e+00 -2.324239374882292264e+00 1.263691687570357658e+01 4.954355091289600388e+00 1.775225987588831433e+00 4.954355091289600388e+00 4.453154886763999798e+01
8.118769249911341745e+00 7.973142302364030209e-01 1.619377010658006322e+00 7.973142302364030209e-01 1.369237966310482868e+01 -2.287607942903023606e+00 1.619377010658006322e+00 -2.287607942903023606e+00 7.795190990999920189e+00
9.776239763097080981e+00 2.770044591169242287e-01 6.559449892643601787e-01 2.770044591169242287e-01 -4.535924759898649938e+01 -3.436034190070975658e+00 6.559449892643601787e-01 -3.436034190070975658e+00 1.722617846048843759e+01
1.870969439199249607e+01 1.879030600586786193e+01 2.561202814858434262e+00 1.879030600586786193e+01 -7.075089240718514638e+00 -6.422731762779187115e+00 2.561202814858434262e+00 -6.422731762779187115e+00 2.659324761326397280e+01
-4.340290182062335589e+01 -1.448059689758903978e+00 -4.547794850435224467e-01 -1.448059689758903978e+00 4.514388335761005067e+00 -1.331040270083248878e+01 -4.547794850435224467e-01 -1.331040270083248878e+01 -1.215992010443038041e+01
-3.696722787331346183e+01 -1.120859278592545571e+01 1.698643621863141462e+01 -1.120859278592545571e+01 1.756960053525270382e+01 1.199786972497199855e+01 1.698643621863141462e+01 1.199786972497199855e+01 -8.141988321777866133e+01
7.405265232668425313e+01 -3.205693107681969689e+00 -9.392637980738939518e+00 -3.205693107681969689e+00 1.751046850378968500e+01 -4.946669999984047439e-01 -9.392637980738939518e+00 -4.946669999984047439e-01 5.383093268059563030e+01
-4.029634932906738243e+00 4.434275174188828217e+00 3.000428136231499732e+00 4.434275174188828217e+00 -7.403450194760152314e+00 1.620693402833117469e+00 3.000428136231499732e+00 1.620693402833117469e+00 -5.657676417257524015e+00
2.225686968299121204e+01 3.718995013361614532e+00 1.580601595441412766e+00 3.718995013361614532e+00 1.090011049717266189e+01 1.021869406463977947e+00 1.580601595441412766e+00 1.021869406463977947e+00 1.510717587404205275e+01
-3.757811364128293974e-01 8.643354378985746989e-01 3.818142626716181987e+00 8.643354378985746989e-01 -2.427445491451749859e+01 8.110035101094636545e+00 3.818142626716181987e+00 8.110035101094636545e+00 1.493963511533734767e+01
-3.409560710748760926e+01 -4.338631565335677287e+00 3.485113386837385696e-01 -4.338631565335677287e+00 1.594237737027414781e+01 8.131870355081106894e+00 3.485113386837385696e-01 8.131870355081106894e+00 -1.092376733671800793e+01
3.151444033176795112e-01 -1.357753654260652532e+01 9.294066355962847581e+00 -1.357753654260652532e+01 -2.656137879687489445e+01 -1.296400272515591823e+01 9.294066355962847581e+00 -1.296400272515591823e+01 -6.411614478453081745e+00
-1.109439250018704293e+01 1.482049138846834646e+00 -1.341534944343983327e+01 1.482049138846834646e+00 2.872914586521466696e+00 5.107811019162899591e+00 -1.341534944343983327e+01 5.107811019162899591e+00 -5.988664957356724727e+01
6.688382436290816635e+00 -2.991966736136575378e+00 6.529620660943440846e+00 -2.991966736136575378e+00 8.312771428500157711e+00 1.638557345213675021e+01 6.529620660943440846e+00 1.638557345213675021e+01 -1.516781719406886886e+01
1.540635290002098223e+01 4.040937367242242728e-01 -1.059068107227221667e+01 4.040937367242242728e-01 -6.816371215532456063e+00 -1.041033307349212578e+01 -1.059068107227221667e+01 -1.041033307349212578e+01 2.316490740969764417e+01
-8.363325733325122968e+00 2.180124909848192871e+01 -6.592069838918231284e+00 2.180124909848192871e+01 1.809489527854384505e+01 3.558531547790076743e+00 -6.592069838918231284e+00 3.558531547790076743e+00 -3.349095976933566732e+01
1.658533755946801946e+01 6.362419148671601299e+00 -2.325280470784979459e-01 6.362419148671601299e+00 5.987542513703441216e+01 -2.308523490597842454e+00 -2.325280470784979459e-01 -2.308523490597842454e+00 -5.106047003857397470e+01
-1.555204850647229442e+01 -3.492294496644095858e+00 -1.131361049650171680e+01 -3.492294496644095858e+00 -4.023643144501274804e+01 -9.188059138511503576e+00 -1.131361049650171680e+01 -9.188059138511503576e+00 -9.600275360426394400e+00
3.171342509774874685e+01 -2.184113147204263417e+00 -1.959837954739779509e+00 -2.184113147204263417e+00 2.973649386952152440e+01 -4.569346721697337799e+00 -1.959837954739779509e+00 -4.569346721697337799e+00 2.427967423578498440e+01
-4.041070356782588746e+00 1.994237119901754784e+00 -2.011517437729572588e+00 1.994237119901754784e+00 -8.392560533190247085e+00 9.532544460946347220e-01 -2.011517437729572588e+00 9.532544460946347220e-01 -5.882145352567151875e+00
5.028029797876283880e+01 -4.305234574564956951e+00 -6.164541354379099225e+00 -4.305234574564956951e+00 2.314717970690992388e+01 -1.355204999849681080e+01 -6.164541354379099225e+00 -1.355204999849681080e+01 5.406519153069891814e+01
1.218332344768658082e+01 -7.691699183178417165e+00 -8.296810204465975502e+00 -7.691699183178417165e+00 5.421024380551362754e+01 2.812972582483462158e+00 -8.296810204465975502e+00 2.812972582483462158e+00 -3.364989702185367548e+01
4.370385504615344274e+01 -1.970770357742156254e+00 -5.930568314990389833e-01 -1.970770357742156254e+00 4.178211879643080096e+01 -2.057252372804791174e-01 -5.930568314990389833e-01 -2.057252372804791174e-01 3.946768539913602325e+01
-1.711713996342562893e+01 -5.450277190153664936e-02 -3.665583271770506357e+00 -5.450277190153664936e-02 7.308417182244521193e+00 1.080292351715250199e+01 -3.665583271770506357e+00 1.080292351715250199e+01 -3.530924887002603896e+01
5.474303697280085146e+00 2.644182733564655052e+00 4.147693605870387934e+00 2.644182733564655052e+00 2.676157812089171983e+01 -1.810769570435883380e-01 4.147693605870387934e+00 -1.810769570435883380e-01 -5.098415775631913505e+01
3.223350656074700993e+01 -2.108346349420353594e+00 4.123719697820307228e-01 -2.108346349420353594e+00 3.591800580186452407e+01 1.377647771417756184e+00 4.123719697820307228e-01 1.377647771417756184e+00 3.007193691821492010e+01
-3.365855939454562673e+01 -8.565441927557662538e+00 -1.575408936887932221e+01 -8.565441927557662538e+00 -3.159178142115531074e+01 1.311738153592505540e+01 -1.575408936887932221e+01 1.311738153592505540e+01 -2.108577137179216621e+01
-2.240050322536109917e+01 5.472048700381968445e+00 4.060461433640959683e+00 5.472048700381968445e+00 1.399035650972787082e+01 3.083129341101113585e+00 4.060461433640959683e+00 3.083129341101113585e+00 -4.252027045426945762e+01
-2.009832821545019144e+01 -1.515044763945943807e+01 -1.107743928050051174e+01 -1.515044763945943807e+01 -5.513355904756357395e-01 6.321148232616477181e+00 -1.107743928050051174e+01 6.321148232616477181e+00 -3.263683571830330266e+01
-2.172326099291743517e+01 -4.080089274765704488e+00 6.393793370237341733e+00 -4.080089274765704488e+00 -1.743389958769823167e+01 -6.734382555265822745e+00 6.393793370237341733e+00 -6.734382555265822745e+00 -7.565569585957006460e+00
4.830531711631113723e+00 1.071931159602039330e+00 -1.690976975351335510e+00 1.071931159602039330e+00 -1.630476097449582440e+01 6.188819808992120919e+00 -1.690976975351335510e+00 6.188819808992120919e+00 -3.725875234940277725e+00
1.163529283546793458e+01 -1.599644965723196366e+00 1.745848419523100148e+01 -1.599644965723196366e+00 -2.089491027223625252e+01 -2.309132463085166975e+01 1.745848419523100148e+01 -2.309132463085166975e+01 1.882537232128079907e+01
4.835206109625767112e+01 4.241584181209471893e+00 5.322926902923822645e+00 4.241584181209471893e+00 1.709521327426479687e+01 1.668580481451250463e+01 5.322926902923822645e+00 1.668580481451250463e+01 5.258088643127980077e+01
1.594347327427165339e+01 1.297462884680102491e+01 1.852525359904428459e+00 1.297462884680102491e+01 6.690199045859822391e+00 -4.306910159159166085e+00 1.852525359904428459e+00 -4.306910159159166085e+00 1.054941370040382509e+01
-1.375287971986320379e+01 2.067135455886213791e+01 1.315438424621144797e+01 2.067135455886213791e+01 -4.256159081771330932e+01 2.245415983605987265e+00 1.315438424621144797e+01 2.245415983605987265e+00 1.336806295304445058e+00
3.911632871981515081e+01 2.253420885086428349e+00 5.119709947015774532e+00 2.253420885086428349e+00 2.292482657506082688e+01 -1.563938296346332857e+00 5.119709947015774532e+00 -1.563938296346332857e+00 2.970537030772709031e+01
1.901837821827258068e+01 -2.615692770943755718e+01 2.464683978713360801e+01 -2.615692770943755718e+01 4.371245633759972549e+01 -5.231071938565364121e+00 2.464683978713360801e+01 -5.231071938565364121e+00 -2.027087911277079613e+01
3.152729101804895961e+01 2.477392730844868218e+00 -3.941405969650724206e+00 2.477392730844868218e+00 2.881755013691634559e+01 -2.559648136877256785e+00 -3.941405969650724206e+00 -2.559648136877256785e+00 3.048011794515799622e+01
1.417553775781206049e+01 -2.647241278342687743e+00 4.139858152115399648e+00 -2.647241278342687743e+00 -3.403596535190935413e+01 -8.758044745222345329e-01 4.139858152115399648e+00 -8.758044745222345329e-01 2.386334984506461510e+01
4.791748970798900054e+00 2.122902429568836791e+00 7.321324627605337199e+00 2.122902429568836791e+00 -6.911985794641889447e-01 6.597304023953672880e-01 7.321324627605337199e+00 6.597304023953672880e-01 5.577604612538318740e+00
1.283861442210599613e+01 4.291791048953791154e+00 1.130046359838848380e+00 4.291791048953791154e+00 1.159969370377558029e+01 -2.757595106455355882e+00 1.130046359838848380e+00 -2.757595106455355882e+00 1.506493489411326436e+01
-7.485182670609069611e+00 -1.157253038041639215e+01 1.951495343564254359e+00 -1.157253038041639215e+01 -6.146395366825583295e+01 5.863914486804211457e+00 1.951495343564254359e+00 5.863914486804211457e+00 -1.713321704883169261e+01
4.815664671637762240e+00 7.494422347142066343e+00 -9.406079306248303240e+00 7.494422347142066343e+00 8.642155377226306001e-01 -2.115021662287003945e+00 -9.406079306248303240e+00 -2.115021662287003945e+00 7.151041818456278953e+00
-2.649226974786088462e+01 1.166724933843797984e+01 2.689818260757341761e+01 1.166724933843797984e+01 -4.565539846065039598e+01 2.368476490211371299e+01 2.689818260757341761e+01 2.368476490211371299e+01 7.580603502960899798e-01
-1.022610481986778908e+01 2.070876500712926394e+00 -1.975369593128888601e+00 2.070876500712926394e+00 -4.093113207760536199e+01 -4.254243882985606184e+00 -1.975369593128888601e+00 -4.254243882985606184e+00 -5.670938092673804221e+00
3.101062606991968451e+01 5.966671644356802418e+00 5.814036717585103098e+00 5.966671644356802418e+00 3.390431281107125017e+01 6.192348246409523638e-01 5.814036717585103098e+00 6.192348246409523638e-01 3.460090999150892799e+01
5.097534038008344481e+00 1.061537648967871839e+01 -8.742608495409873726e+00 1.061537648967871839e+01 -4.792923124762832998e+01 -9.660599830956332568e+00 -8.742608495409873726e+00 -9.660599830956332568e+00 1.506175387252830289e+00
2.407295424762534708e+01 -5.217948437251586080e-01 -9.176635108431051790e+00 -5.217948437251586080e-01 3.804925858648704917e+01 3.467097832196888607e+00 -9.176635108431051790e+00 3.467097832196888607e+00 2.708765809210767372e+01
-3.292853711650388959e+01 -5.967772856065760578e+00 -6.340633241553383037e+00 -5.967772856065760578e+00 -7.353529062040274766e+01 4.865215695591795786e+00 -6.340633241553383037e+00 4.865215695591795786e+00 -3.037737973300556504e+01
-2.316193929315484823e+01 1.023574627923611402e+01 -6.255278109533792374e+00 1.023574627923611402e+01 6.145434412100478028e+00 -5.879886055009886370e+00 -6.255278109533792374e+00 -5.879886055009886370e+00 -5.537297246800078199e+01
1.786711872404643842e+01 -5.649363477673675860e+00 -7.822337943977626384e-01 -5.649363477673675860e+00 1.344812897345940605e+01 3.968958618616283740e+00 -7.822337943977626384e-01 3.968958618616283740e+00 1.262136419025672041e+01
3.083484330887089442e+01 2.036280066250618415e+00 -3.128189744962451169e+00 2.036280066250618415e+00 2.848437664176424633e+01 9.720703332528396468e-01 -3.128189744962451169e+00 9.720703332528396468e-01 2.889947495995387072e+01
-2.597422824293686361e+01 1.044012044477044476e+01 -1.049646382154845403e+00 1.044012044477044476e+01 -5.024397806937000865e+01 -5.032403616655755307e+00 -1.049646382154845403e+00 -5.032403616655755307e+00 -1.051131024048348372e+01
-1.786314690435736452e+01 -1.254096461196262391e+00 1.128828470345423618e+01 -1.254096461196262391e+00 -2.809538412346105130e+00 5.489044743485837152e+00 1.128828470345423618e+01 5.489044743485837152e+00 -3.414569686404442450e+01
1.258452014237304084e+01 -1.015376918761831426e+01 -7.806548540746795162e+00 -1.015376918761831426e+01 -2.361482639640056291e+01 5.960052445628953421e+00 -7.806548540746795162e+00 5.960052445628953421e+00 2.302055324665791858e+01
-3.672785088627706784e+01 3.526346822766157185e+00 -1.397452244295340051e+01 3.526346822766157185e+00 -6.984147883426874159e+01 5.804323575065447827e+00 -1.397452244295340051e+01 5.804323575065447827e+00 -2.283121048207793180e+01
2.180228243157976697e-01 -1.111280119256664101e+01 9.961499641945760430e+00 -1.111280119256664101e+01 -2.447711211385533758e+01 -1.911419926042103512e+01 9.961499641945760430e+00 -1.911419926042103512e+01 4.782053779533439020e+00
-7.859362551110989692e+00 -3.669515742919942092e-01 2.642247949018181163e+00 -3.669515742919942092e-01 1.296997784046626467e+00 -4.513317989994237500e+00 2.642247949018181163e+00 -4.513317989994237500e+00 -1.059038723492653311e+01
2.511961839354736981e+01 1.130234731910858770e+00 6.695711003386728422e-01 1.130234731910858770e+00 3.364029544671478078e+01 -9.346431643279009549e+00 6.695711003386728422e-01 -9.346431643279009549e+00 3.055397766126325720e+01
1.329750525367304270e+01 -1.529553761158216840e+00 6.475294097804474625e+00 -1.529553761158216840e+00 -4.805490641103189020e+00 7.065667065137700709e-01 6.475294097804474625e+00 7.065667065137700709e-01 2.664171319566249707e+01
3.916083664857650604e+01 -9.518260402383130980e+00 -5.906841714776528418e-01 -9.518260402383130980e+00 -7.611759939629799021e+00 -8.645593560278053147e-03 -5.906841714776528418e-01 -8.645593560278053147e-03 3.980373159543851358e+01
8.436984750814774614e+00 -3.381970856061610409e+00 -7.668287582351214660e+00 -3.381970856061610409e+00 -4.488972481910054313e+01 7.508282440255386270e+00 -7.668287582351214660e+00 7.508282440255386270e+00 3.551629568736581888e+01
-1.593727395732143037e+01 -9.447745396063952583e+00 -2.390527498825699981e-01 -9.447745396063952583e+00 2.219921802600647709e+01 -1.929225151176097386e+00 -2.390527498825699981e-01 -1.929225151176097386e+00 -2.582698182410469911e+01
3.295717781248323774e+01 9.923186434378026277e-01 3.530005160847631274e+00 9.923186434378026277e-01 4.772848167182154100e+01 -2.373424970823887037e+00 3.530005160847631274e+00 -2.373424970823887037e+00 2.957174010829854538e+01
-7.706396092706331302e-01 5.867454959063045372e+00 -4.811876965114960214e+00 5.867454959063045372e+00 5.409055609805935205e+01 -5.184995773745787240e+00 -4.811876965114960214e+00 -5.184995773745787240e+00 -4.681492568818774913e+01
-9.608475936244193605e+00 1.070990157644666141e+01 2.792526448184275090e+00 1.070990157644666141e+01 -1.400811809257666063e+01 -4.725080771734976537e+00 2.792526448184275090e+00 -4.725080771734976537e+00 -2.724219636612408024e+01
1.060168903413133634e+01 -1.137308606114036724e+00 -5.228897240511259703e+00 -1.137308606114036724e+00 6.874312197871445207e+00 5.569716814855342868e+00 -5.228897240511259703e+00 5.569716814855342868e+00 1.008566386202784315e+01
2.345291788033160429e+01 3.384086607596346497e+00 -1.523586909148087365e+01 3.384086607596346497e+00 4.431251926838147881e+01 -2.147093073317274392e+00 -1.523586909148087365e+01 -2.147093073317274392e+00 1.458963844211660810e+00
-3.717575949533117097e+01 3.812454550229913419e+00 -1.404820073496389377e+01 3.812454550229913419e+00 5.539571580828029695e+00 -1.484930338205876055e+01 -1.404820073496389377e+01 -1.484930338205876055e+01 7.203659619643249634e+00
-2.092970619021927448e+01 3.081705732634506312e+00 -8.148089156141956835e+00 3.081705732634506312e+00 -4.246307680299105414e+01 8.637368355201270331e-01 -8.148089156141956835e+00 8.637368355201270331e-01 -6.361201835778056868e+00
6.080866281818872920e+01 8.107276416743443903e+00 -1.177335690541548097e+01 8.107276416743443903e+00 2.191845322471646895e+01 -3.717143997266597832e+00 -1.177335690541548097e+01 -3.717143997266597832e+00 5.802506067780858245e+01
-2.048227008758801304e+01 -5.409614183378558927e+00 -1.804194854655844393e+00 -5.409614183378558927e+00 -3.113030432680997883e+00 7.920272905246322104e+00 -1.804194854655844393e+00 7.920272905246322104e+00 -2.718343438122697009e+01
4.628339933933610695e+01 1.857690498770593734e+01 6.378321062592286594e+00 1.857690498770593734e+01 -9.597007649347379044e+00 8.597000230779125118e+00 6.378321062592286594e+00 8.597000230779125118e+00 4.546625394058710157e+01
-3.566679245105073726e+00 -1.435923218377932464e+00 -1.321219292649517651e+00 -1.435923218377932464e+00 3.676942555890999387e+01 -4.163083684754899316e+00 -1.321219292649517651e+00 -4.163083684754899316e+00 -1.749174587517476098e+01
-1.682950804693895819e+01 -4.799161112744342539e+00 -1.197898732490982709e+01 -4.799161112744342539e+00 -5.650765226148119780e+01 1.895392031871837446e+01 -1.197898732490982709e+01 1.895392031871837446e+01 -7.055058346043075801e+00
-2.385113426894569244e+01 2.217430674676872471e+01 1.526971253243396554e+00 2.217430674676872471e+01 1.194805542369867446e+01 6.228836625974400576e+00 1.526971253243396554e+00 6.228836625974400576e+00 -4.778066566879836330e+00
5.656922302334155006e+01 -5.612448834758765326e-01 -6.922232365811903376e-01 -5.612448834758765326e-01 7.976436819550578150e+00 -3.410751871484964060e+00 -6.922232365811903376e-01 -3.410751871484964060e+00 4.668494763182198426e+01
-1.109104184770679602e+01 1.044939436738370908e+01 1.689292332972277322e+01 1.044939436738370908e+01 -2.146058164449633932e+00 1.304535076907554370e+01 1.689292332972277322e+01 1.304535076907554370e+01 1.342706443224059498e+01
-1.385509752076951173e+01 2.002014227991957895e+01 3.521264903992996853e+00 2.002014227991957895e+01 6.584447501579911766e+00 2.059283869609899842e+00 3.521264903992996853e+00 2.059283869609899842e+00 -1.336048691333899363e+01
-5.636211185395079148e-01 -6.121754386892450661e-01 -1.634024108533480346e+00 -6.121754386892450661e-01 7.850918440216024585e+00 -5.640517706821847277e+00 -1.634024108533480346e+00 -5.640517706821847277e+00 -2.744402554565135599e+00
-2.321796869447026523e+01 5.304952555880747767e+00 3.156618849570615559e+00 5.304952555880747767e+00 -3.804108790069262369e+01 -7.491230169750107137e-01 3.156618849570615559e+00 -7.491230169750107137e-01 -2.092808006155065925e+01
-1.104970533966378632e+01 2.100495699735537958e+00 2.919418272910882628e+00 2.100495699735537958e+00 3.888087002327550579e+01 2.157080338175772383e+00 2.919418272910882628e+00 2.157080338175772383e+00 -4.033469776003821750e+01
1.565940295965879514e+01 1.360490738428368829e+01 -1.579091439933609031e+01 1.360490738428368829e+01 3.472198543146743788e+01 -5.200114707283081117e+00 -1.579091439933609031e+01 -5.200114707283081117e+00 7.801732774956826155e+00
1.266796269263516095e+01 3.966372093956953560e+00 -5.252171016389607594e+00 3.966372093956953560e+00 4.374281419618497146e+00 1.120513908955283133e+00 -5.252171016389607594e+00 1.120513908955283133e+00 1.436403244603338258e+01
-2.512428781118451471e-01 2.682080962724735951e+00 3.247475969310478217e+00 2.682080962724735951e+00 2.137274959230490623e+01 2.020125738730560006e+00 3.247475969310478217e+00 2.020125738730560006e+00 4.185811974397485535e+00
4.214034329361277642e+00 -2.627395752433003828e+00 -7.598888806919202210e+00 -2.627395752433003828e+00 3.494560161811297405e+01 6.367510767356192147e+00 -7.598888806919202210e+00 6.367510767356192147e+00 -1.431866936900643950e+01
-3.729922490236780419e+01 -4.476464944645085708e+00 -1.511254565312180942e+00 -4.476464944645085708e+00 -5.488749147107480297e+01 -1.278971409975096130e+01 -1.511254565312180942e+00 -1.278971409975096130e+01 -2.352244511536411409e+01
4.014240931132086132e+01 -1.677065417615383325e+01 3.118434526733085410e-01 -1.677065417615383325e+01 -1.831832798087959446e+01 1.784134716776138418e+01 3.118434526733085410e-01 1.784134716776138418e+01 3.546826520202368016e+01
1.211525452014841520e+01 9.280776375449478977e+00 -1.544156921832658957e+00 9.280776375449478977e+00 1.229954123232388241e+01 -3.236483721230870803e+00 -1.544156921832658957e+00 -3.236483721230870803e+00 1.556865784913477491e+01
1.373148120355090818e+01 -9.626520607921594530e-02 -5.258979170404336934e+00 -9.626520607921594530e-02 7.007397836701807492e+00 -2.104950451613211371e+00 -5.258979170404336934e+00 -2.104950451613211371e+00 1.277284188472451376e+01
7.393737371952637361e+00 -8.966048644295536718e+00 1.400419722746142570e+00 -8.966048644295536718e+00 7.010968203852790737e+00 7.050653047019906694e+00 1.400419722746142570e+00 7.050653047019906694e+00 2.478794452510601154e+00
6.788821492304174754e+00 4.550451931644558634e+00 -3.126357026329947608e+00 4.550451931644558634e+00 1.177120127493077817e+01 1.330728531280576776e+00 -3.126357026329947608e+00 1.330728531280576776e+00 9.539098463657959215e+00
1.534215685092622472e+01 4.398711067146774845e+00 5.894909311649564110e+00 4.398711067146774845e+00 -3.008848019351211889e+01 -1.233779404733120089e+01 5.894909311649564110e+00 -1.233779404733120089e+01 7.888828763338470829e+00
1.102149486859235594e+01 2.484199552426772595e+00 -1.017624823431316772e+00 2.484199552426772595e+00 -2.012438765667229390e+01 -1.609421801738681879e+01 -1.017624823431316772e+00 -1.609421801738681879e+01 1.014949918400001039e+01
