4.200192175252717597e+00 4.641035149195119613e-01 -4.787070769174873064e+00 4.641035149195119613e-01 -9.324576508099639005e-01 -6.699621601272493621e+00 -4.787070769174873064e+00 -6.699621601272493621e+00 -3.518700473638073589e+01
-3.004483705876851474e+01 -3.312561516033681208e+00 4.888566943923495223e-01 -3.312561516033681208e+00 -7.055461604347280868e+00 1.127197256737549402e+01 4.888566943923495223e-01 1.127197256737549402e+01 -4.826790559771178835e+01
-3.011355520700917054e+01 -7.319593134449480232e+00 -2.345200907008601288e+00 -7.319593134449480232e+00 -9.194540750405590046e+00 3.127129506729152020e+00 -2.345200907008601288e+00 3.127129506729152020e+00 1.627548344462896424e+01
4.846168733189750100e+01 -1.446136581056030601e-01 -6.710502742134902832e+00 -1.446136581056030601e-01 5.458879704416622047e+01 -1.351778703864276387e+01 -6.710502742134902832e+00 -1.351778703864276387e+01 1.996076106562528096e+01
-6.268926402671835518e+01 3.162139968768468368e+00 -2.988052360337688285e+00 3.162139968768468368e+00 -3.027958787739939694e+01 -6.579382515985867208e+00 -2.988052360337688285e+00 -6.579382515985867208e+00 3.288866720887097017e+01
2.873691234180529364e+01 -9.745061402590168953e+00 5.583646434593562802e+00 -9.745061402590168953e+00 2.357666863813353686e+01 1.227139398417585525e+01 5.583646434593562802e+00 1.227139398417585525e+01 -2.198699012242810369e+01
3.238309318504244771e+01 1.215036186064605239e+01 1.196006848558341673e+01 1.215036186064605239e+01 2.760290010783867842e+01 -9.515206604911458754e+00 1.196006848558341673e+01 -9.515206604911458754e+00 1.891404614648271121e+01
2.561639398734221373e+01 -1.616383104494860445e+00 -1.156448073974783242e+01 -1.616383104494860445e+00 1.758145048693537049e+01 8.444434663750135073e+00 -1.156448073974783242e+01 8.444434663750135073e+00 2.096427700713351605e+00
-4.587511049420483999e+01 -4.220707260450559772e+00 6.046165030147441222e+00 -4.220707260450559772e+00 -4.402001476902869115e+01 -1.272943922661210081e+01 6.046165030147441222e+00 -1.272943922661210081e+01 -3.199167055591499054e+00
-6.308132425342400929e+00 1.130986331788728649e-01 -2.059050132324241034e+01 1.130986331788728649e-01 -2.687595048764028860e+01 7.167297806206076594e+00 -2.059050132324241034e+01 7.167297806206076594e+00 -3.614083349714764637e+01
3.299422352804916159e+01 -4.220748314644439780e+00 2.601146700596963068e+00 -4.220748314644439780e+00 2.789747059357168979e+01 3.107712821706272610e+00 2.601146700596963068e+00 3.107712821706272610e+00 1.224499053469901177e+01
-2.095672721945291173e+01 2.463513846129106455e-01 2.621718353579895133e+00 2.463513846129106455e-01 -2.974857416899745743e+01 9.128906520611391073e+00 2.621718353579895133e+00 9.128906520611391073e+00 -1.589890539503446121e+01
8.988025330882447861e+01 1.807742066915350065e+01 -8.780638427591474837e+00 1.807742066915350065e+01 1.030123466811673723e+02 -7.678328634337835190e+00 -8.780638427591474837e+00 -7.678328634337835190e+00 5.302347402134254395e+01
2.706098387793646154e+01 -1.990939110295192194e+01 -8.590419715365944953e+00 -1.990939110295192194e+01 2.521752200578440295e+01 -8.643227648717452638e+00 -8.590419715365944953e+00 -8.643227648717452638e+00 -3.509768808081150837e+01
-4.956708632255895530e+00 -6.856450377457601775e+00 4.367808379866764845e+00 -6.856450377457601775e+00 -3.373064729823000363e+01 7.121818453059487908e+00 4.367808379866764845e+00 7.121818453059487908e+00 -1.483282271869480251e+00
-1.615093318817206125e+01 8.107478756969127787e+00 -8.480751690504829909e+00 8.107478756969127787e+00 -2.370671032300946379e+01 8.587105484277026690e+00 -8.480751690504829909e+00 8.587105484277026690e+00 -2.939502598239483788e+01
5.141458316357831571e+00 8.029072602389659696e-01 5.764116936342912112e+00 8.029072602389659696e-01 6.793015058853450583e+00 -3.966772548380574026e+00 5.764116936342912112e+00 -3.966772548380574026e+00 2.457672674099609988e+00
-2.192885270956761889e+00 1.043266401055966597e+01 -1.104318498376592395e+01 1.043266401055966597e+01 -1.951938866146766927e+01 -4.559131937388725575e+00 -1.104318498376592395e+01 -4.559131937388725575e+00 -6.294907133852023939e+00
3.015319050298561621e+01 -8.438151894806100728e-01 -4.898642995857373172e+00 -8.438151894806100728e-01 3.085596878638684259e+01 -1.577358580709252145e+01 -4.898642995857373172e+00 -1.577358580709252145e+01 3.101718733509549253e+01
-8.977237292968352378e+00 -9.815339314028070916e+00 7.234751196924285921e+00 -9.815339314028070916e+00 1.429893969171720514e+01 7.121456656878996760e+00 7.234751196924285921e+00 7.121456656878996760e+00 -7.107935819121174781e+00
2.129098202148355767e+01 -4.101839308271176598e+00 -1.457678431864963642e+01 -4.101839308271176598e+00 3.284806928495579115e+01 -1.628176772760737023e+00 -1.457678431864963642e+01 -1.628176772760737023e+00 1.377186357127638239e+01
6.835055175216609769e+00 -2.278892715904006216e+00 -2.542532257208949265e-01 -2.278892715904006216e+00 2.019151300242414138e+01 3.299921914778528809e+00 -2.542532257208949265e-01 3.299921914778528809e+00 -2.285741360669195643e+01
-4.252298196709044475e+01 4.325084918325334371e+00 5.291942416435306384e+00 4.325084918325334371e+00 -6.953529042102694291e+01 -4.413553418907278036e+00 5.291942416435306384e+00 -4.413553418907278036e+00 1.991284398498634545e+01
5.485105024720395406e+00 1.758907749330672488e+01 3.999987176647659570e+00 1.758907749330672488e+01 -4.405745005178069107e+00 1.154354425600274858e+01 3.999987176647659570e+00 1.154354425600274858e+01 2.543835475238493515e+01
-2.662685200920562067e+01 5.892849096418864896e+00 -6.382610006903284727e+00 5.892849096418864896e+00 -1.299882454936207665e+01 1.380400358611358058e+01 -6.382610006903284727e+00 1.380400358611358058e+01 -4.778056523430620217e+01
-3.557028736502093125e+01 1.637893594478496251e+00 2.081967157617873099e+00 1.637893594478496251e+00 -3.483303895239642856e+01 1.108379433542046222e+01 2.081967157617873099e+00 1.108379433542046222e+01 -1.773670741410244389e+01
4.416086393135400812e+01 -7.893417007672608454e-01 -9.575952952216020275e-01 -7.893417007672608454e-01 4.319541342313830512e+01 2.807397247474023860e+00 -9.575952952216020275e-01 2.807397247474023860e+00 1.356613476469049218e+01
3.932113042566569305e+01 -2.633095169347171360e+00 7.188851918586005141e+00 -2.633095169347171360e+00 5.024142544607060046e+01 3.986287155583979835e+00 7.188851918586005141e+00 3.986287155583979835e+00 7.621709797136508868e+00
1.558518475187606889e+01 -1.936774457925203752e+00 -1.019857025632307623e+00 -1.936774457925203752e+00 2.435375181897175167e+01 -6.478765693954731120e+00 -1.019857025632307623e+00 -6.478765693954731120e+00 3.545145145987414992e+01
-2.041326810816845949e+01 6.473811479875382524e+00 4.217440263479216966e+00 6.473811479875382524e+00 -2.802953134279277236e+01 -4.469129740834699938e+00 4.217440263479216966e+00 -4.469129740834699938e+00 -4.925587685318308928e+01
-4.312106212111248738e+01 -9.318092951155247050e+00 9.260977378878548549e+00 -9.318092951155247050e+00 -1.145547334842560794e+01 5.153545930662517982e+00 9.260977378878548549e+00 5.153545930662517982e+00 1.377540218174553033e+01
3.087578374881315568e+01 2.104965921160269815e+01 1.504130688729292897e+00 2.104965921160269815e+01 2.197281968480699632e+01 -1.431522561623337131e+00 1.504130688729292897e+00 -1.431522561623337131e+00 -1.849185155730536678e+01
3.748889192424395667e+00 -1.165096039002477291e+01 -5.217625539992073236e+00 -1.165096039002477291e+01 -7.129943769339412540e+00 1.408198583346909949e+01 -5.217625539992073236e+00 1.408198583346909949e+01 5.612846695429864141e+00
-7.196752225360020461e+00 2.063377780302233511e+00 -9.897782587700739043e+00 2.063377780302233511e+00 -2.257898743181720747e+01 -2.124931721066667389e+00 -9.897782587700739043e+00 -2.124931721066667389e+00 2.678883555742172362e+01
3.982447785320723455e+01 1.155067082636298315e+00 -6.436713337495947318e-01 1.155067082636298315e+00 4.040109710714046543e+01 3.146821001684572128e+00 -6.436713337495947318e-01 3.146821001684572128e+00 8.487294003588079505e+00
4.104190123355758146e+01 7.040875197000086239e+00 -1.164893531494440637e+01 7.040875197000086239e+00 3.936184934042411498e+01 2.862635633716652528e+00 -1.164893531494440637e+01 2.862635633716652528e+00 3.903882545892001588e+01
2.439573330059165457e+01 -5.688461424376598075e+00 2.855952384970068980e+00 -5.688461424376598075e+00 3.305535065686755303e+01 8.413921758278926077e+00 2.855952384970068980e+00 8.413921758278926077e+00 -1.666678175134673978e+01
4.001257268971118108e+00 8.553791201302644254e+00 1.327998816281051431e+00 8.553791201302644254e+00 9.437050971790885256e+00 8.733502893942633349e+00 1.327998816281051431e+00 8.733502893942633349e+00 -2.082276739542141186e+01
-5.242952589404316299e+00 -7.237622635585471143e-01 -1.595654537058743649e+01 -7.237622635585471143e-01 -1.932001682373878149e+00 -3.717317994381501567e+00 -1.595654537058743649e+01 -3.717317994381501567e+00 1.407191459550855051e+01
1.821968413974015633e+01 1.527523017609392797e+00 -7.405721312381692734e+00 1.527523017609392797e+00 1.779707411772950465e+01 -5.068185907043745608e+00 -7.405721312381692734e+00 -5.068185907043745608e+00 1.200366330948929594e+01
-3.310035084872157540e+01 1.424860800143816242e+01 -5.727300334008684768e-01 1.424860800143816242e+01 -3.774637133048791071e+01 -7.703923456620578314e+00 -5.727300334008684768e-01 -7.703923456620578314e+00 -5.407714885196556764e+01
1.676885873524416937e+01 -1.726699677995429782e+00 -1.503637995418186968e+01 -1.726699677995429782e+00 2.624921588082465007e+01 6.487772460326236335e+00 -1.503637995418186968e+01 6.487772460326236335e+00 2.908899832903708926e+01
3.101686883014860729e+00 -3.027959324730364887e+00 -2.297412986769205023e+00 -3.027959324730364887e+00 2.174206108694091810e+01 -4.199055981528990067e+00 -2.297412986769205023e+00 -4.199055981528990067e+00 -1.812573045101617097e+01
1.325034870107985441e+01 1.933200564819371436e+01 3.192769085271237817e+00 1.933200564819371436e+01 -9.424307044844299597e+00 -5.616852368553061359e-01 3.192769085271237817e+00 -5.616852368553061359e-01 -1.692567827849011053e+01
-1.156572529492307666e+01 -1.102321073172266797e+00 -3.130956155925482598e+00 -1.102321073172266797e+00 -1.469802081892298951e+01 -4.284842899963276608e+00 -3.130956155925482598e+00 -4.284842899963276608e+00 -7.025909009422394824e+00
-1.163161712610811982e+01 -2.124082587431511460e+00 -2.822603012519511179e+00 -2.124082587431511460e+00 -1.244250086850993142e+01 -7.451745499950114926e+00 -2.822603012519511179e+00 -7.451745499950114926e+00 -1.453026237843571877e+01
9.004223013539780496e+00 -1.268789977533063329e+01 -1.081295450204892372e+00 -1.268789977533063329e+01 -2.224255104730082644e-01 -6.158804675672092444e+00 -1.081295450204892372e+00 -6.158804675672092444e+00 -1.427399282448444673e+01
2.029285932677640858e+01 2.324754904908089337e+00 7.062745014661953036e-01 2.324754904908089337e+00 1.270527103870534802e+01 2.247560645783016398e+00 7.062745014661953036e-01 2.247560645783016398e+00 1.179666706464856940e-01
-2.245423557266534331e+01 1.416979829140265501e+01 6.371250430460423608e+00 1.416979829140265501e+01 -4.417157273318920829e+00 -3.950277039143593516e+00 6.371250430460423608e+00 -3.950277039143593516e+00 2.692714093996758251e+01
-3.946306052362862005e+01 3.285874668263818688e+00 -2.302951263018391259e+00 3.285874668263818688e+00 -1.427180441606119388e+01 7.923105072011648042e-01 -2.302951263018391259e+00 7.923105072011648042e-01 -4.238287118925114783e+01
-2.494340479193101245e+01 2.347899923528792954e+00 6.694129607107956126e+00 2.347899923528792954e+00 -5.110815324967392570e+01 4.098738267279961711e+00 6.694129607107956126e+00 4.098738267279961711e+00 6.905445332940571390e+00
-2.394278127689151248e+01 -8.586726026194540395e+00 1.347703817543383309e+01 -8.586726026194540395e+00 4.306998851518328841e-01 -1.716007156674744571e+00 1.347703817543383309e+01 -1.716007156674744571e+00 -4.740683445871903245e+01
2.452758876522145570e+01 1.555383734664777506e+01 -2.286057767431587617e+00 1.555383734664777506e+01 1.599054529576562089e+01 8.669839059613487109e+00 -2.286057767431587617e+00 8.669839059613487109e+00 -7.907158552908777338e+00
-2.950052117697387288e+01 3.999566296862279380e+00 -1.315283043739922064e+01 3.999566296862279380e+00 1.130152428779586060e+01 -5.564631881386147505e+00 -1.315283043739922064e+01 -5.564631881386147505e+00 -2.591585957917590832e+01
8.508622898026425574e+00 2.061292970333163765e+01 1.497916886728084229e+01 2.061292970333163765e+01 2.792571706803735410e+01 1.185560753763381880e+00 1.497916886728084229e+01 1.185560753763381880e+00 -5.849772132620157272e+00
1.244170436011769176e+01 1.345338946074007003e-01 5.434211631379766594e+00 1.345338946074007003e-01 8.549162380452299814e+00 5.576742760356139250e+00 5.434211631379766594e+00 5.576742760356139250e+00 3.583248241386452548e+01
-3.656487908379971685e+01 3.255672017531269891e+00 2.513082636840711537e+00 3.255672017531269891e+00 -1.136963394149921314e+01 -1.294499473847258830e+00 2.513082636840711537e+00 -1.294499473847258830e+00 2.451679842470193904e+01
5.354784698406613863e+00 -1.065567774694295267e+01 4.057304723316340400e+00 -1.065567774694295267e+01 -3.691237132997454751e+01 7.233050670189074438e+00 4.057304723316340400e+00 7.233050670189074438e+00 4.454402896428607761e+01
-2.539897709698871964e+01 -8.341446327297624919e+00 1.576768626514449423e+01 -8.341446327297624919e+00 -4.427707163599764328e+01 2.744715920958316069e+00 1.576768626514449423e+01 2.744715920958316069e+00 -2.384391025366038619e+01
8.824189566054149836e+00 -9.391871411761622213e+00 -2.343814118429665783e+01 -9.391871411761622213e+00 3.025460367922534388e+01 1.866028899959043486e+01 -2.343814118429665783e+01 1.866028899959043486e+01 4.504794857334993435e-02
3.907873733220369417e+01 2.885193014945145684e+00 -9.893969420348364130e-01 2.885193014945145684e+00 3.932042466619011378e+01 -9.655902577732146108e-01 -9.893969420348364130e-01 -9.655902577732146108e-01 6.032689327326465900e+00
-1.628606890620121206e+01 4.307221756495216880e+00 -3.877649960537019158e+00 4.307221756495216880e+00 -1.558343788035914335e+00 -1.457302588703946356e+01 -3.877649960537019158e+00 -1.457302588703946356e+01 -2.978502748988909232e+01
2.153322897751367648e+01 1.832208932877386687e+01 -7.762089923752149900e+00 1.832208932877386687e+01 1.574607960497812265e+01 -7.301587129617611582e-01 -7.762089923752149900e+00 -7.301587129617611582e-01 -4.569054382636782208e+00
-2.639813739576866425e+01 -4.880879312300489548e-01 -7.568092046705993781e+00 -4.880879312300489548e-01 -4.265420629371772243e+00 5.862951225598314053e+00 -7.568092046705993781e+00 5.862951225598314053e+00 -5.839832576756622728e+01
-3.686202290628456613e+00 -1.375934956959365740e+00 -7.052713055251455643e+00 -1.375934956959365740e+00 -3.238247735892095136e+01 -4.515773158514686081e+00 -7.052713055251455643e+00 -4.515773158514686081e+00 3.778535557456119420e+01
-5.293537977707917719e+01 7.891138529348260988e+00 4.687147372636470521e+00 7.891138529348260988e+00 -2.546678698806804064e+01 -1.900106231673728985e+01 4.687147372636470521e+00 -1.900106231673728985e+01 1.472427931662226719e+01
2.580015609111891806e+01 1.034876097738707834e+01 1.877255963691679241e+00 1.034876097738707834e+01 3.265742105086305713e+01 -7.887579802695620756e+00 1.877255963691679241e+00 -7.887579802695620756e+00 -5.121344445781102372e+00
1.336954006753664004e+01 -1.463581956878651225e+00 5.932768614796096962e+00 -1.463581956878651225e+00 2.536784852368591814e+01 -1.369434233566614312e+00 5.932768614796096962e+00 -1.369434233566614312e+00 4.429051479445544004e+01
-1.704444873223064505e+01 -1.150398080327276240e+01 1.374348376453054144e+01 -1.150398080327276240e+01 -1.731785941431175502e+01 -1.774319120535384542e+01 1.374348376453054144e+01 -1.774319120535384542e+01 -4.428136151413865740e+00
2.158312290985108017e+00 1.029462393272397414e+01 -7.936688116259450254e+00 1.029462393272397414e+01 3.987731847954577580e-01 1.571197297477898935e+01 -7.936688116259450254e+00 1.571197297477898935e+01 -2.093237139268236291e+01
4.620590170662210028e+01 5.322266120936566258e-01 -1.825859479448205036e+00 5.322266120936566258e-01 3.499777807809358876e+01 -2.787003195710064052e+00 -1.825859479448205036e+00 -2.787003195710064052e+00 5.505606520655879876e+01
-1.997754620085376942e+01 -2.967906906800918954e+00 -1.244048613270345660e+00 -2.967906906800918954e+00 -2.310903201046960120e+00 6.402699378525003482e+00 -1.244048613270345660e+00 6.402699378525003482e+00 -4.022175289424078670e+01
2.311885010267653584e+01 -7.449570821078371097e+00 4.044112585730352372e+00 -7.449570821078371097e+00 2.927202456928196028e+01 2.468188618776101517e+00 4.044112585730352372e+00 2.468188618776101517e+00 1.522131037944055798e+01
-7.846106475918564804e+00 1.407675840051248173e+01 -2.688626631494851704e+00 1.407675840051248173e+01 -1.589853553836544720e+01 -1.763394456538543764e+01 -2.688626631494851704e+00 -1.763394456538543764e+01 -8.715065758845392807e+00
4.365218320087200965e+01 -1.003883799859818815e+01 2.964243114302533399e+00 -1.003883799859818815e+01 5.075045239187726054e+01 -9.577018047831737491e+00 2.964243114302533399e+00 -9.577018047831737491e+00 3.976920802771894614e+01
-1.172626626807578454e+01 1.603789309301961508e+00 7.500149474924337589e+00 1.603789309301961508e+00 -2.614663427745574964e+01 9.612266606357202647e+00 7.500149474924337589e+00 9.612266606357202647e+00 -5.218148494826191808e+01
-6.691609358467967894e+00 2.752004619935467744e+00 -2.210214396710015627e+00 2.752004619935467744e+00 -1.120314250671651379e+01 1.675807919101031374e+01 -2.210214396710015627e+00 1.675807919101031374e+01 -3.268463209422053950e+01
-2.007530278855780281e+01 -7.564628841590380404e+00 1.222514224033888830e+01 -7.564628841590380404e+00 -4.048255909274649866e+01 -4.850488478025850370e+00 1.222514224033888830e+01 -4.850488478025850370e+00 7.770896293618590356e+00
1.990635299659740909e+01 8.174563406358357653e+00 1.474095081666597729e+01 8.174563406358357653e+00 1.044740558719657919e+01 4.340187120009502131e+00 1.474095081666597729e+01 4.340187120009502131e+00 3.785175215107998525e+01
3.924805795500696348e+01 -6.333252865419106925e+00 -1.481208923653047904e+01 -6.333252865419106925e+00 5.504511000853263170e+01 1.664601602580718520e+01 -1.481208923653047904e+01 1.664601602580718520e+01 -1.733643502807998615e+01
3.560561068106758853e+01 -2.906805216426650063e+01 2.140299921395710125e+00 -2.906805216426650063e+01 3.227077073429760645e+01 -9.178001813765152006e-02 2.140299921395710125e+00 -9.178001813765152006e-02 1.924983421611961276e+01
1.754465319190045847e+01 1.523492780129538993e+01 -1.333809234594970228e+01 1.523492780129538993e+01 4.053644773783585720e+01 6.859620904286489740e+00 -1.333809234594970228e+01 6.859620904286489740e+00 -9.754948033746998703e+00
-8.133347919972072404e+00 1.588600609035075450e+01 1.415577088610526069e+01 1.588600609035075450e+01 -1.448962720159877193e+01 -4.990041011199922494e+00 1.415577088610526069e+01 -4.990041011199922494e+00 -5.655121088665914897e+01
3.050377967780333877e-01 -8.106150273192246070e-02 -1.392150995028660709e+01 -8.106150273192246070e-02 -1.622202792671232174e+01 -1.131977191237281133e+01 -1.392150995028660709e+01 -1.131977191237281133e+01 -1.237914489314476185e+01
1.897130125783104404e+01 9.421887984999033350e+00 -1.662884810509326072e-01 9.421887984999033350e+00 2.564421679023950418e+01 2.164822295392110352e+00 -1.662884810509326072e-01 2.164822295392110352e+00 -2.486577421603481497e+01
4.315736870178944251e+00 -6.636526824571046035e+00 -2.546860011806891144e+00 -6.636526824571046035e+00 8.182573940230899012e+00 -4.412488292089784991e+00 -2.546860011806891144e+00 -4.412488292089784991e+00 -7.513565167964766922e-02
4.564018241970029521e+01 6.101591572889303983e+00 1.432484790947674780e+00 6.101591572889303983e+00 3.318736317898873978e+01 -3.125626933031737664e+00 1.432484790947674780e+00 -3.125626933031737664e+00 5.553827845124695983e+01
5.712564581630982019e+01 4.851220071709432702e+00 1.560281728862138451e+00 4.851220071709432702e+00 5.731039909267914112e+01 -1.784543255638870729e+00 1.560281728862138451e+00 -1.784543255638870729e+00 2.159076426720117681e+01
-3.034258500404917669e+01 -6.839768090536138878e+00 7.439139428391677633e+00 -6.839768090536138878e+00 -4.142954266666496466e+01 -1.480331841656195202e+01 7.439139428391677633e+00 -1.480331841656195202e+01 -2.779554177673734827e+01
-2.665320334842290606e+01 1.776296157043019619e+01 -4.524696784045718623e+00 1.776296157043019619e+01 -2.267337436412985596e+01 -8.186836731689448143e+00 -4.524696784045718623e+00 -8.186836731689448143e+00 -5.987482800566702679e+01
-3.871132329482908574e+01 3.201401197826857725e+00 1.566298735488598881e+00 3.201401197826857725e+00 -7.404099411248032503e+00 -1.564459865357322066e+01 1.566298735488598881e+00 -1.564459865357322066e+01 4.000006055370859315e+01
-2.087440910519930171e+01 -1.371017102467168947e+01 7.504413560626341351e+00 -1.371017102467168947e+01 -1.177491207610881774e-01 8.676686233473436261e+00 7.504413560626341351e+00 8.676686233473436261e+00 -3.204440906770996378e+01
3.739789994706865883e+01 -1.025896689805971151e+00 -9.648181964514401798e+00 -1.025896689805971151e+00 3.968955120329303554e+01 -4.718638311393457130e+00 -9.648181964514401798e+00 -4.718638311393457130e+00 3.149019869914233993e+01
-2.714217883399935616e+01 1.580023415177956991e+01 -3.900435765052971071e+00 1.580023415177956991e+01 -2.990064170341893757e+01 -3.452609584920069530e+00 -3.900435765052971071e+00 -3.452609584920069530e+00 -4.535208251514936961e+01
1.077330873710720338e+00 -1.052375229428684200e+01 -8.848854302262553873e+00 -1.052375229428684200e+01 -6.858379096563886002e+00 1.034989118744228342e+01 -8.848854302262553873e+00 1.034989118744228342e+01 -1.226940478933482837e+01
-1.496576631939967328e+01 -5.206534913662770769e+00 -2.110036999688838844e+00 -5.206534913662770769e+00 -8.201171621850928517e+00 -8.702417701874065159e+00 -2.110036999688838844e+00 -8.702417701874065159e+00 -5.075345393339068778e+01
5.132270297718293506e+01 4.721022938035150496e+00 3.209095951661557145e+00 4.721022938035150496e+00 1.262425710116329469e+01 -1.003204136711062944e+01 3.209095951661557145e+00 -1.003204136711062944e+01 -4.587538293804111156e+00
-1.779558655867703720e+01 -7.337115002607545122e+00 -1.606175786295858998e+00 -7.337115002607545122e+00 -9.006990911775368147e+00 8.341987328497669552e+00 -1.606175786295858998e+00 8.341987328497669552e+00 -2.737244956923251493e+01
-3.409074262479676065e+01 4.970451017735375565e+00 5.847056770533143322e+00 4.970451017735375565e+00 -1.520373768379254997e+01 1.492441337752892672e+01 5.847056770533143322e+00 1.492441337752892672e+01 -8.220651952760400505e+00
-3.210927056283969705e+01 -3.724666144505059950e+00 -1.666303157642737842e+00 -3.724666144505059950e+00 -1.821701140711820344e+01 -1.035272010385807073e+00 -1.666303157642737842e+00 -1.035272010385807073e+00 4.812131205654402777e+00
