-4.281632121311874783e+01 1.253606935349450557e-01 1.739979025020549130e+00 1.253606935349450557e-01 -3.853060245307807463e+01 2.829128543253658368e+00 1.739979025020549130e+00 2.829128543253658368e+00 -2.000120303457440585e+01
2.442081107348433200e+00 7.935857546178454847e+00 5.684592968691883463e+00 7.935857546178454847e+00 9.026928042687341502e+00 3.988806423879692087e+00 5.684592968691883463e+00 3.988806423879692087e+00 -5.194196976303823732e+01
1.429668197192547474e+01 4.903860982370273902e+00 5.096528105118963481e+00 4.903860982370273902e+00 3.003489642912355961e+01 1.426259027043694338e+00 5.096528105118963481e+00 1.426259027043694338e+00 3.398584803099411289e+01
7.146244265489120728e+00 1.572145459389424893e+01 2.394041388994831987e+00 1.572145459389424893e+01 -5.778250349643172523e-01 -4.160747928959515063e-01 2.394041388994831987e+00 -4.160747928959515063e-01 -3.894888553228305028e+01
3.907040308386438454e+01 -5.232291343670707917e+00 5.626324889706014964e+00 -5.232291343670707917e+00 8.606869877691709192e+00 -1.540876518660868832e+00 5.626324889706014964e+00 -1.540876518660868832e+00 4.915114405571615208e+01
1.741790925599876161e+01 -1.450514792503995620e+00 5.912046083247656902e+00 -1.450514792503995620e+00 1.332091648248937332e+00 -1.278784719860668417e+01 5.912046083247656902e+00 -1.278784719860668417e+01 -2.314613883996074151e+01
8.314704744526521196e+00 2.270193439146722891e+00 -5.824489019617754337e+00 2.270193439146722891e+00 2.174837296726347180e+00 -1.175403607378776449e+01 -5.824489019617754337e+00 -1.175403607378776449e+01 1.657121927328165967e+01
3.244348974141228581e+01 -5.816923312439982396e+00 1.043547539106192090e+01 -5.816923312439982396e+00 3.698940533976423239e+01 2.898876529775271660e+00 1.043547539106192090e+01 2.898876529775271660e+00 -7.591048707670860374e+00
-8.461001483658286970e-01 7.815219782587944586e+00 -9.273455674936103676e+00 7.815219782587944586e+00 -8.362025944055048399e+00 3.555179315046411048e+00 -9.273455674936103676e+00 3.555179315046411048e+00 2.886517245814348698e+01
-2.165509580275994850e+01 7.180365268894216335e+00 1.997998823625364517e+00 7.180365268894216335e+00 -3.422588399859531449e+00 -4.969125913562637997e+00 1.997998823625364517e+00 -4.969125913562637997e+00 1.692715097744624941e+01
2.324519314895965394e+01 3.198210669895829028e+00 -9.841814744276545568e+00 3.198210669895829028e+00 1.674924241723131502e+01 8.189446974003705693e-01 -9.841814744276545568e+00 8.189446974003705693e-01 4.421592207030627009e+01
-1.981449105648784625e+00 8.633117553609068295e+00 -9.579110810580479196e+00 8.633117553609068295e+00 -7.286436499309450809e+00 2.325110513035388404e+00 -9.579110810580479196e+00 2.325110513035388404e+00 -3.518736434278380187e+01
-3.787876215864392293e+01 -5.297120048046422447e+00 -2.060264030840773142e+00 -5.297120048046422447e+00 -4.803166829015650308e+01 1.092762082849503535e+01 -2.060264030840773142e+00 1.092762082849503535e+01 -1.609422755709811170e+01
-1.750389296383250226e+01 3.819021348142039418e+00 -8.535421954313433091e+00 3.819021348142039418e+00 -2.291577371515598927e+01 8.326192324264910738e+00 -8.535421954313433091e+00 8.326192324264910738e+00 -3.544022232545885487e+01
-5.849438833546229688e+01 -1.158402431345551520e+01 3.644757818639843272e+00 -1.158402431345551520e+01 -2.119861823581744531e+01 -2.209851350173668738e+00 3.644757818639843272e+00 -2.209851350173668738e+00 2.291771225977160142e+01
2.125416501789661794e+01 -4.309635998139876634e+00 3.501861307731270134e+00 -4.309635998139876634e+00 2.374254000930619313e+01 2.132049102494224968e+01 3.501861307731270134e+00 2.132049102494224968e+01 -2.558342875761820068e+01
3.866009206458990377e+01 1.239857151047614003e+01 -1.396035267655173495e+00 1.239857151047614003e+01 4.612581793289337639e+01 -5.906171341696250465e+00 -1.396035267655173495e+00 -5.906171341696250465e+00 1.715571567168136724e+01
2.988868133286419493e+01 8.600114309448256833e+00 7.843053618275245276e-01 8.600114309448256833e+00 2.061390634014663092e+01 -6.686286628969090096e+00 7.843053618275245276e-01 -6.686286628969090096e+00 2.484335433345884425e+01
1.089832815023987855e+01 -9.104808185592865755e+00 1.511992389732887787e+01 -9.104808185592865755e+00 2.096691975783333461e+01 2.542248656055996392e+01 1.511992389732887787e+01 2.542248656055996392e+01 -1.913644951655281190e+01
2.431088429790290917e+01 3.579848621583251678e+00 -5.916106722218020586e+00 3.579848621583251678e+00 3.855702481109823054e+01 -1.216415118015835573e+00 -5.916106722218020586e+00 -1.216415118015835573e+00 1.908146721452722261e+01
-3.966200652282049077e+01 -5.548410303606511107e+00 -1.074068407475604303e+01 -5.548410303606511107e+00 -5.804773078954883658e+01 5.568544619666445428e+00 -1.074068407475604303e+01 5.568544619666445428e+00 2.883651601652259444e+01
4.326387297931096221e+00 1.802617276573265670e+01 -1.306975266053820306e+01 1.802617276573265670e+01 4.080434369562122576e+00 -1.904684062920346932e+01 -1.306975266053820306e+01 -1.904684062920346932e+01 -3.519062956957571942e+01
3.015605689148395996e+01 6.091237787323665609e-01 7.131214409745260774e+00 6.091237787323665609e-01 3.069887438474653862e+01 2.095316321647133773e+00 7.131214409745260774e+00 2.095316321647133773e+00 2.942534802638908786e+01
4.325336946361743884e+01 1.173710644008819060e+01 1.341181750484903956e+00 1.173710644008819060e+01 4.633420101962285997e+01 5.608222311032313279e+00 1.341181750484903956e+00 5.608222311032313279e+00 3.623961925315103372e+01
-1.492853117756984638e+01 2.156601120453100151e+01 2.172249000276933018e+00 2.156601120453100151e+01 -2.169602384430615771e+01 2.847601772640546258e+00 2.172249000276933018e+00 2.847601772640546258e+00 1.365205553851902920e+01
-8.144597868478136604e+00 2.637096898892801633e+00 -4.931180324563196216e+00 2.637096898892801633e+00 -2.669148893486580132e+00 2.437299296395293080e+00 -4.931180324563196216e+00 2.437299296395293080e+00 -4.872700815871196767e+01
-2.378259260087493487e+01 -8.532198690743603819e+00 9.740248187610852426e+00 -8.532198690743603819e+00 -6.879223647355290794e+00 2.872953883017721755e-02 9.740248187610852426e+00 2.872953883017721755e-02 2.988081598306240494e+01
1.238106067942569000e-01 5.740556808165510283e+00 2.028783871922934079e+00 5.740556808165510283e+00 -4.797630881279580706e+00 9.455534371005521521e+00 2.028783871922934079e+00 9.455534371005521521e+00 -2.132157894276691579e+01
1.482245988830513106e+01 -1.066691454150996599e+01 1.017376099580693705e+01 -1.066691454150996599e+01 3.636640216402408754e+01 1.389529512271126954e+01 1.017376099580693705e+01 1.389529512271126954e+01 1.273610990368804607e+01
-9.027598380007736623e+00 1.114716660440914531e+01 6.900125404175418975e-01 1.114716660440914531e+01 -1.981027784479990217e+01 -4.833335810980737612e+00 6.900125404175418975e-01 -4.833335810980737612e+00 -1.894886430913583908e+01
-1.151084198907961031e+01 5.601143880025801991e+00 -3.414135347237104767e+00 5.601143880025801991e+00 -3.742517085645074904e+00 8.045538405581533326e+00 -3.414135347237104767e+00 8.045538405581533326e+00 -1.177519420711942821e+01
9.040784773013875508e+00 9.835036517354931007e+00 -1.123223074418864798e+01 9.835036517354931007e+00 -1.351065022800850635e+01 -1.088894544989794211e+00 -1.123223074418864798e+01 -1.088894544989794211e+00 4.896432316424891695e+01
-2.856013776143756999e+01 5.065112756085107470e+00 8.114688564493826917e+00 5.065112756085107470e+00 -2.580552628310235974e+01 3.706574202298327236e-01 8.114688564493826917e+00 3.706574202298327236e-01 -5.247996957669793261e+01
-9.230905396647967720e+00 -9.594127181960153683e-01 1.800429090020016432e+01 -9.594127181960153683e-01 -6.273825380459831180e+00 -9.467941187632941791e+00 1.800429090020016432e+01 -9.467941187632941791e+00 -3.671611022703022797e+01
-9.030638373864796620e+00 -1.082077079505882544e+01 -6.502738569658619738e+00 -1.082077079505882544e+01 6.449255581197072651e+00 1.237967653135760848e+01 -6.502738569658619738e+00 1.237967653135760848e+01 -4.608258837656860862e+01
-3.054830227896486505e+01 7.749192801366858063e+00 1.933329194718670097e-01 7.749192801366858063e+00 -1.526857802399184649e+01 2.306810470679524716e+00 1.933329194718670097e-01 2.306810470679524716e+00 1.976322210058922479e+01
-2.570665847751233191e+00 3.730824296206913804e+00 3.152115161730695836e-01 3.730824296206913804e+00 2.075098792386240731e+00 2.051143192494347733e+00 3.152115161730695836e-01 2.051143192494347733e+00 -1.891686415192355497e+01
3.213704682951615865e+01 1.046857587181682803e+01 1.535155065092468352e+00 1.046857587181682803e+01 2.233708005510470684e+01 3.015837762226048380e+00 1.535155065092468352e+00 3.015837762226048380e+00 1.953670050829614624e+01
4.212731515338075639e+01 6.484971809423160316e+00 -1.263846488972764082e+00 6.484971809423160316e+00 4.963789910422102736e+01 3.807331411712148839e+00 -1.263846488972764082e+00 3.807331411712148839e+00 5.477053007203720014e+00
2.978403097230531760e+00 5.913012064007324931e+00 6.102904523244739643e+00 5.913012064007324931e+00 4.986289427956087650e+00 5.411491252264888807e+00 6.102904523244739643e+00 5.411491252264888807e+00 1.065508766711330679e+01
8.789412777853824466e+00 4.688594175012733567e-01 -2.740506975063503159e+00 4.688594175012733567e-01 1.670087445655223490e+01 -1.313438072367937615e+01 -2.740506975063503159e+00 -1.313438072367937615e+01 -2.899055047613537539e+01
-2.483579758999609766e+01 1.629049721563269104e+00 4.642223502383978406e+00 1.629049721563269104e+00 -2.355665778794332255e+01 -2.839418404776627991e+00 4.642223502383978406e+00 -2.839418404776627991e+00 -7.297764150446579379e+01
-4.423060352838013642e+01 1.726203267937927421e+01 1.145226220502615799e+00 1.726203267937927421e+01 -3.809103726880916696e+01 9.164139017700441148e-01 1.145226220502615799e+00 9.164139017700441148e-01 -4.084849033044518052e+01
2.352866348280776521e+01 -9.545593064456461718e+00 1.197682174854129578e+01 -9.545593064456461718e+00 2.365711789390213227e+01 7.945685656721365397e+00 1.197682174854129578e+01 7.945685656721365397e+00 2.430207222839869985e+01
-2.826930877097356287e+01 -1.059253413387527765e+00 4.613265641190610111e+00 -1.059253413387527765e+00 -4.410191672493704473e+00 -1.700684688796895827e+00 4.613265641190610111e+00 -1.700684688796895827e+00 2.647253862819282944e+01
2.619613648137971040e+01 5.939753528608477495e+00 7.723575660690984890e+00 5.939753528608477495e+00 2.673663329245475140e+01 -5.864060529720661608e-01 7.723575660690984890e+00 -5.864060529720661608e-01 7.180311754572860750e+00
4.943199784654319018e+01 2.280108451556054661e+01 2.071817805622970798e+00 2.280108451556054661e+01 1.914767821460257124e+01 -3.386486064297382192e+00 2.071817805622970798e+00 -3.386486064297382192e+00 -5.274110180055661345e+00
-7.114453595571083255e+00 3.055263703516749363e+00 2.290300687668871849e+00 3.055263703516749363e+00 9.789891478242922496e-01 -4.918937299618136194e+00 2.290300687668871849e+00 -4.918937299618136194e+00 -4.970313026094641096e+00
4.566883822216549049e+01 -2.242658780761217940e+00 -1.253692266533245636e+01 -2.242658780761217940e+00 5.377011769377941874e+01 -1.118840928189941408e+01 -1.253692266533245636e+01 -1.118840928189941408e+01 1.434895279292428860e+01
6.939174071371175501e+01 7.106484564785770175e+00 -3.941916214458669465e-01 7.106484564785770175e+00 6.404050729956405519e+01 3.858919552624358484e+00 -3.941916214458669465e-01 3.858919552624358484e+00 6.519622850177690054e+00
-7.272703764811399907e+00 2.163682229078354613e+00 -1.065873807871212620e+01 2.163682229078354613e+00 -2.261314826061703442e+01 4.393629223627062430e+00 -1.065873807871212620e+01 4.393629223627062430e+00 -3.211616063858813419e+01
-4.656021680303011578e+01 8.636934378597313611e+00 -5.692581382845126825e+00 8.636934378597313611e+00 -1.004106015142486896e+01 2.927016331986118658e+00 -5.692581382845126825e+00 2.927016331986118658e+00 3.239665927932506406e+01
2.009011661383209102e+01 2.080323547684558516e+00 2.077093255236504277e+01 2.080323547684558516e+00 1.620748762491904671e+01 4.967376680673305955e+00 2.077093255236504277e+01 4.967376680673305955e+00 7.171774710336332959e+00
-3.188132514223889302e+01 1.049489867777226060e+01 -7.381816636376116847e+00 1.049489867777226060e+01 -3.704565884814371657e+00 1.822118545654019650e+00 -7.381816636376116847e+00 1.822118545654019650e+00 5.691371133946670824e+01
5.057209585733071577e+01 1.675874075122427342e+01 3.121953614408634614e+00 1.675874075122427342e+01 5.343485647696251561e+01 1.223204192794924206e+00 3.121953614408634614e+00 1.223204192794924206e+00 3.748472176915354837e+00
6.270762590660521596e+01 3.008095038543983968e+00 4.486356686835621943e+00 3.008095038543983968e+00 4.924480173657619986e+01 -1.471698708623425444e+00 4.486356686835621943e+00 -1.471698708623425444e+00 4.822140177205872291e+00
-1.746290167660976422e+01 -6.250767452525653134e+00 -1.259342785164678569e+00 -6.250767452525653134e+00 -1.151814050454574812e+01 -1.794648703319407446e+01 -1.259342785164678569e+00 -1.794648703319407446e+01 -1.885870701731800381e+01
-2.498258431065235641e+01 4.644815755953198178e+00 6.445591553968557541e+00 4.644815755953198178e+00 -2.600624476324045986e+01 3.545665425547677607e+00 6.445591553968557541e+00 3.545665425547677607e+00 -2.784715699278454792e+01
-1.989428506892191351e+01 7.470887440059889251e+00 1.216190481741439289e+00 7.470887440059889251e+00 -3.619623278688620616e+01 2.698346294079380314e+00 1.216190481741439289e+00 2.698346294079380314e+00 -1.057914581160995793e+00
2.194467328692875085e+01 1.194177268765875333e+01 -9.322347493974822541e+00 1.194177268765875333e+01 8.555826629718948695e+00 -2.935375626197105792e+00 -9.322347493974822541e+00 -2.935375626197105792e+00 -1.717491901927095554e+01
1.570132995940397258e+01 5.483170102077951746e+00 4.287251538809919715e+00 5.483170102077951746e+00 3.159179228180583721e+01 -3.595029742963356423e+00 4.287251538809919715e+00 -3.595029742963356423e+00 -2.345771148232193681e+01
1.422528140718721135e+00 -5.271079552125891965e+00 1.444458442124285202e+00 -5.271079552125891965e+00 1.789388888825847701e+01 1.043228767568056803e+01 1.444458442124285202e+00 1.043228767568056803e+01 3.149410516127538529e+01
6.349946082138664138e+01 -6.765794783476732022e+00 -3.840217845199335844e+00 -6.765794783476732022e+00 3.795695649657368875e+01 -9.484765001837114795e+00 -3.840217845199335844e+00 -9.484765001837114795e+00 7.786227369347053617e+00
-2.849790282937675201e+01 4.652973569282331745e+00 -1.626476658079601378e+01 4.652973569282331745e+00 -2.516842348923899664e+01 -1.355129668100401474e+00 -1.626476658079601378e+01 -1.355129668100401474e+00 6.167323681658295698e+00
-2.682290834473831431e+00 4.455074974951283906e+00 3.185812150730137127e+00 4.455074974951283906e+00 -1.503405103622705141e+01 5.642909612403692599e+00 3.185812150730137127e+00 5.642909612403692599e+00 2.512724531827972996e+01
-2.608684636766366438e+01 6.751699476109211950e-01 -3.719222619175531763e-01 6.751699476109211950e-01 -2.806832229844024340e+01 3.928897346896802922e+00 -3.719222619175531763e-01 3.928897346896802922e+00 -1.482474561970045990e+01
4.195464105723215198e+01 2.050959356056691263e+01 -9.477445717550912752e-02 2.050959356056691263e+01 3.297339061747522493e+01 3.066470296020772590e+00 -9.477445717550912752e-02 3.066470296020772590e+00 4.902652625913037099e+01
3.167842107070365643e+01 1.029259171615074564e+01 1.910958534375605922e+01 1.029259171615074564e+01 2.629180842787330263e+01 -2.259364568769187009e+00 1.910958534375605922e+01 -2.259364568769187009e+00 7.640892877644648529e+00
9.586690700580161817e+00 -8.036663668843242903e+00 -5.504421002425640141e-01 -8.036663668843242903e+00 1.678911585447066557e+01 -4.906645348538273943e+00 -5.504421002425640141e-01 -4.906645348538273943e+00 -4.247295093480937922e+00
8.594208123118917797e+00 -8.828461489676309171e+00 4.095544727800090712e+00 -8.828461489676309171e+00 1.189953399365655962e+01 -1.310437924969962253e+01 4.095544727800090712e+00 -1.310437924969962253e+01 -3.020977644948216678e+01
-2.704474690634820178e+01 -2.962774087362615383e+00 2.711686002185402344e+01 -2.962774087362615383e+00 -1.833510378027350285e+01 -2.953298623160287573e+00 2.711686002185402344e+01 -2.953298623160287573e+00 -5.045378602420120728e+01
2.276729989808350041e+01 1.438845975218693773e+01 -7.600105243455455017e+00 1.438845975218693773e+01 3.811922041081236046e+01 -3.171892955215194210e-01 -7.600105243455455017e+00 -3.171892955215194210e-01 -3.746676106414596585e+00
-2.941236489426840706e+01 5.215514494592481398e+00 5.607867733454489745e+00 5.215514494592481398e+00 7.060749878734180474e-01 9.487668465137490514e+00 5.607867733454489745e+00 9.487668465137490514e+00 -1.443202640033178241e+01
3.099030783164528202e+01 2.898190420413376156e+00 7.764162561552184094e+00 2.898190420413376156e+00 2.193540688060787147e+01 -4.781886665430088890e+00 7.764162561552184094e+00 -4.781886665430088890e+00 2.206413417539340216e+01
6.060722709193785640e+00 -5.967805163651820344e+00 -3.509423151059626877e-01 -5.967805163651820344e+00 1.436263996437345014e+01 8.584811296019065452e+00 -3.509423151059626877e-01 8.584811296019065452e+00 1.723609351939786904e+01
-2.233056086887224367e+01 2.891077792432146243e+00 6.144308157040210716e+00 2.891077792432146243e+00 -6.622201095716282460e+00 -5.520268423791163670e+00 6.144308157040210716e+00 -5.520268423791163670e+00 -3.176088713104589445e+01
-3.356945570959907599e+01 -2.351520704020352959e+00 -3.883536194556643562e+00 -2.351520704020352959e+00 -9.793460918491421197e+00 -5.975708318895751603e+00 -3.883536194556643562e+00 -5.975708318895751603e+00 2.754102976896286137e+01
1.738728973164014846e+01 -1.764527944879801247e+00 -1.162960878692201305e+01 -1.764527944879801247e+00 2.949858052868679437e+01 -6.437103782038666733e-01 -1.162960878692201305e+01 -6.437103782038666733e-01 2.202810971219267611e+00
3.217206261238293674e+00 -1.745762806494883890e+01 -4.696912724857153165e+00 -1.745762806494883890e+01 1.350899493034748566e+01 7.461764645301988352e+00 -4.696912724857153165e+00 7.461764645301988352e+00 -6.577145773220833291e+01
-1.623475096010793095e+01 -1.493344701477144731e+01 -1.445248185171429434e+01 -1.493344701477144731e+01 -1.613461132626945016e+01 -4.034884755063414374e+00 -1.445248185171429434e+01 -4.034884755063414374e+00 -4.445525426409692216e+01
-6.097641303932682666e-01 -2.266079078959042192e+01 1.145387232435760261e+01 -2.266079078959042192e+01 -9.575412975696734108e+00 4.235296588032126941e+00 1.145387232435760261e+01 4.235296588032126941e+00 -4.325234577171239181e+01
-1.566058881910134426e+00 -3.221987189081850556e+00 -3.286789178217055962e+00 -3.221987189081850556e+00 1.187352482519484909e+01 -1.498246349914093045e+01 -3.286789178217055962e+00 -1.498246349914093045e+01 -3.738765574421140059e+01
4.712126567582429715e+01 -1.841647787264059843e+01 -8.523551542622797683e+00 -1.841647787264059843e+01 4.052666506646102107e+01 -1.138393715002023576e+00 -8.523551542622797683e+00 -1.138393715002023576e+00 9.262271008694167307e-01
1.467580083630117294e+01 -9.335273872472633627e+00 -2.404483572666168190e+00 -9.335273872472633627e+00 4.646476962945707001e+00 -1.081332893404307960e+01 -2.404483572666168190e+00 -1.081332893404307960e+01 -9.149199885728453552e+00
-5.557932219090493220e+01 5.989683367686239324e-01 1.437657467559224411e+00 5.989683367686239324e-01 -2.910339205666525331e+01 -9.145160202300072427e+00 1.437657467559224411e+00 -9.145160202300072427e+00 1.160077492494879436e+01
-1.260673754977157834e+00 1.622667993711991841e+01 -2.970402893450795556e+00 1.622667993711991841e+01 -1.303123996953904040e+01 1.644816965768437100e+01 -2.970402893450795556e+00 1.644816965768437100e+01 -1.818797800903678308e+01
2.344865420817519919e+01 -7.137713982246954636e+00 -4.308615758688999264e+00 -7.137713982246954636e+00 1.094074245154154568e+01 9.603251181593197572e+00 -4.308615758688999264e+00 9.603251181593197572e+00 -6.811473982900146495e+00
-4.392093736678369709e+01 -1.782144049507309802e+01 -2.788217294973579730e+00 -1.782144049507309802e+01 -1.922505174270404282e+01 4.821927406687612105e+00 -2.788217294973579730e+00 4.821927406687612105e+00 1.202135633792877201e+01
-1.421994706715231338e+01 -6.922323792956327715e+00 3.434079043827783284e+00 -6.922323792956327715e+00 8.040038070240070667e+00 -4.305082115252190533e+00 3.434079043827783284e+00 -4.305082115252190533e+00 2.696119213852688645e+01
2.392108695958687647e+01 6.298918426075649002e+00 -1.072116668000769879e+00 6.298918426075649002e+00 1.584846847861838803e+01 -2.677002019361364837e+00 -1.072116668000769879e+00 -2.677002019361364837e+00 -6.406743817172162458e+00
-3.538843277277590005e+01 -6.401232882036453908e+00 1.102574328967041417e+01 -6.401232882036453908e+00 -6.125075616040929560e+01 4.520798354393707363e+00 1.102574328967041417e+01 4.520798354393707363e+00 -8.559760614446940252e+00
5.031972941106049291e+01 2.989667878290624525e+00 -1.899443738401189918e+01 2.989667878290624525e+00 4.782647914026316016e+01 -1.024524441606883762e+01 -1.899443738401189918e+01 -1.024524441606883762e+01 9.451955801162425175e+00
-1.561820486812649911e+01 -4.788943466860403397e+00 6.518317930508652935e+00 -4.788943466860403397e+00 -1.001413609758770562e+01 1.031154384569282101e+01 6.518317930508652935e+00 1.031154384569282101e+01 9.824325381605678587e-01
4.291214049399996355e+01 2.232324933571608483e+01 8.408695513747931116e+00 2.232324933571608483e+01 4.151273729118798173e+01 1.127999020758866422e+01 8.408695513747931116e+00 1.127999020758866422e+01 4.641636752479485040e+01
-4.839257409682232236e+01 -6.669480442302445633e-01 -5.546397363259010227e+00 -6.669480442302445633e-01 -1.754017811991448283e+01 -1.072085935505819210e+00 -5.546397363259010227e+00 -1.072085935505819210e+00 9.244365414401567449e+00
3.337898207535992867e+01 8.029296211338488476e+00 8.175427746756191993e+00 8.029296211338488476e+00 5.202275579481606371e+01 -1.707784501129936672e+01 8.175427746756191993e+00 -1.707784501129936672e+01 -5.544854748967765090e+00
5.992170254654406136e+01 4.216558186549002052e+00 8.160407525292686870e+00 4.216558186549002052e+00 4.980483872986927452e+01 4.067136625775727765e+00 8.160407525292686870e+00 4.067136625775727765e+00 2.876364337598006315e+01
-2.387030269892555623e+01 1.064426665163341035e+01 2.356671725318927102e+00 1.064426665163341035e+01 -6.212855173007178600e+00 -1.349566790326548649e+01 2.356671725318927102e+00 -1.349566790326548649e+01 1.043438812148752959e+01
-3.518271291483694085e+01 -3.232673908401500484e-01 9.794223853066485574e+00 -3.232673908401500484e-01 -1.780711067351024113e+01 -2.309760901931356525e+00 9.794223853066485574e+00 -2.309760901931356525e+00 -4.494366598584569061e+01
5.008959388209204278e+00 7.100424633716628797e+00 6.130031280240502589e+00 7.100424633716628797e+00 5.061946390382814798e+00 7.509024076377301071e+00 6.130031280240502589e+00 7.509024076377301071e+00 -1.303405399367020046e+01
