3.390568384906438304e+00 -1.784078594668484508e+00 6.295161849218485983e+00 -1.784078594668484508e+00 -1.833419013827255917e+00 2.982033248783171331e+00 6.295161849218485983e+00 2.982033248783171331e+00 4.045438571413096263e+00
2.237710360612347671e+01 -4.207957597216343437e+00 3.084499144549058602e+00 -4.207957597216343437e+00 2.564425366471991552e+01 2.808096138953089849e+00 3.084499144549058602e+00 2.808096138953089849e+00 1.987634339638048431e+01
-9.276944304752134940e+00 3.046123462136785864e+00 1.203572433621337701e-01 3.046123462136785864e+00 -5.917889274637317953e-01 2.560195024673007858e+00 1.203572433621337701e-01 2.560195024673007858e+00 -8.001120599420991297e+00
2.386145563762572763e+01 -1.592408771056639916e+00 -2.091176396314603725e+00 -1.592408771056639916e+00 1.751400551512033132e+01 3.129174826562181266e+00 -2.091176396314603725e+00 3.129174826562181266e+00 2.292898603492717413e+01
4.513422047121186331e+00 2.797961262359804024e+00 1.535379253439338676e+00 2.797961262359804024e+00 4.904675449352347449e+00 2.013077479201105913e+00 1.535379253439338676e+00 2.013077479201105913e+00 8.546965278337490535e-01
3.882504884872825812e+01 -3.979889656550949173e+00 2.098529596914906037e+00 -3.979889656550949173e+00 3.745482499245768082e+01 1.540677966793961629e+00 2.098529596914906037e+00 1.540677966793961629e+00 4.040589782600102353e+01
2.827975866211090761e+01 1.353171201293922987e+00 -1.254630239119791657e+00 1.353171201293922987e+00 2.567187070052278841e+01 3.778373030860044057e+00 -1.254630239119791657e+00 3.778373030860044057e+00 2.675139539359358309e+01
-5.360836309188436566e+00 -6.605690139456925181e+00 -2.836386284616876363e+00 -6.605690139456925181e+00 -7.594108003986771216e+00 -1.145716087812612294e+01 -2.836386284616876363e+00 -1.145716087812612294e+01 -4.992729923698263406e+00
-9.579323236169487998e+00 6.531801568011811554e+00 -8.461006954395008384e-01 6.531801568011811554e+00 -4.973419319834102126e+00 -3.668566015654160517e-01 -8.461006954395008384e-01 -3.668566015654160517e-01 -8.147815260312880170e+00
5.529633429497674335e+00 -4.638070310648215178e-01 -2.871506184582443222e+00 -4.638070310648215178e-01 3.133661527636650845e+00 -8.972196334006725671e-01 -2.871506184582443222e+00 -8.972196334006725671e-01 -2.962234505013134345e-01
-5.306999622679111184e+00 -9.198731405511481052e-01 -1.647005974114574833e+00 -9.198731405511481052e-01 -7.920879951477903802e+00 7.525833319939674304e-01 -1.647005974114574833e+00 7.525833319939674304e-01 -3.103934907494704465e+00
2.647855649187468430e+01 -1.024913536625948973e+00 5.847113284536545504e-03 -1.024913536625948973e+00 2.976397859242162980e+01 -3.034559088461575183e+00 5.847113284536545504e-03 -3.034559088461575183e+00 3.690143654483821223e+01
1.905643218414853379e+01 1.509536819254032824e+00 3.447288108417019270e+00 1.509536819254032824e+00 1.721171582489121477e+01 6.265465071292460886e-01 3.447288108417019270e+00 6.265465071292460886e-01 1.447729701391433643e+01
4.491428588377817732e+01 1.761845773184835817e+00 -1.667972180197167420e+00 1.761845773184835817e+00 3.988794641876916813e+01 -3.919670567447763876e+00 -1.667972180197167420e+00 -3.919670567447763876e+00 4.613423767894425254e+01
1.468685428175058405e+01 -8.498251144368138554e+00 -3.475377162352147664e+00 -8.498251144368138554e+00 6.641143423173804017e+00 1.062133572133374448e+00 -3.475377162352147664e+00 1.062133572133374448e+00 2.760701348778512809e+01
-3.842897925030960948e+00 -2.287390087959206841e-02 2.102981304634505388e+00 -2.287390087959206841e-02 1.106650197227164334e+01 4.761115761964621385e+00 2.102981304634505388e+00 4.761115761964621385e+00 -3.943298109698003096e+00
-1.632690389398862862e+01 5.515348886618059332e+00 5.350399431181066534e-01 5.515348886618059332e+00 -9.871291690620996206e+00 1.101119957743376787e+00 5.350399431181066534e-01 1.101119957743376787e+00 -2.783581472321825245e+01
4.875687704858837890e+01 8.326058829240768233e+00 7.820632961058130439e-01 8.326058829240768233e+00 4.801792053436822272e+01 -1.011994594821483684e+00 7.820632961058130439e-01 -1.011994594821483684e+00 4.421132831096824845e+01
-7.356514630560258894e+00 5.591047242059328681e+00 3.667440092724601475e-01 5.591047242059328681e+00 -2.395807165282882067e+00 1.262932857947720144e+00 3.667440092724601475e-01 1.262932857947720144e+00 -6.552255154691696504e+00
2.087059459832868669e+01 3.444814439475392120e+00 6.069561212964621255e+00 3.444814439475392120e+00 2.246647560831824109e+01 1.764722042090883569e+00 6.069561212964621255e+00 1.764722042090883569e+00 1.951863180784079788e+01
-1.130680859969203489e+01 -4.918342006776319941e+00 -2.191382568115548324e+00 -4.918342006776319941e+00 -9.794739082296931798e+00 -4.062785626884094725e+00 -2.191382568115548324e+00 -4.062785626884094725e+00 -1.878996811682917922e+01
1.935463896186832145e+01 -1.152342102777828420e-01 -5.342525198240975826e+00 -1.152342102777828420e-01 1.621713758093333269e+01 1.127103389473870898e+00 -5.342525198240975826e+00 1.127103389473870898e+00 1.833703523580141592e+01
-4.727371300081316896e+00 -2.495156462901550576e+00 3.538699220959318659e+00 -2.495156462901550576e+00 4.556247853569694861e+00 -5.124143121508903498e+00 3.538699220959318659e+00 -5.124143121508903498e+00 -3.102492974699027517e+00
-1.323510324493692281e+01 -3.765596512379405070e+00 -1.799767363753920435e+00 -3.765596512379405070e+00 -1.144622006787457735e+01 -1.107693032140877776e+00 -1.799767363753920435e+00 -1.107693032140877776e+00 -1.357985274233036677e+01
1.598300253554351080e+01 2.799787378316421993e+00 -1.291669847508351898e+00 2.799787378316421993e+00 1.404839373418589865e+01 2.305582209827576889e+00 -1.291669847508351898e+00 2.305582209827576889e+00 1.088218712074591643e+01
-9.053501382238017259e-01 2.639305719026931119e+00 1.189413238315816246e+00 2.639305719026931119e+00 -3.669713711507212928e+00 -6.495481223043478858e-01 1.189413238315816246e+00 -6.495481223043478858e-01 -2.394705865060557493e+00
-5.576772127330206219e-01 9.187680379169647082e-01 -2.619966166736880986e+00 9.187680379169647082e-01 -9.937352965562002538e+00 -3.635586674850371791e-02 -2.619966166736880986e+00 -3.635586674850371791e-02 9.426812919462707052e-01
-4.530760502907055232e-01 -1.287204019581584147e+00 3.237380045196697420e+00 -1.287204019581584147e+00 -1.647400165833598162e+00 6.502094260467734088e+00 3.237380045196697420e+00 6.502094260467734088e+00 -3.856348360917230433e+00
-1.126869151531587576e+01 1.475660687153716344e+00 4.527928787285636636e-01 1.475660687153716344e+00 -1.232893514688103487e+01 6.005598195121863991e-01 4.527928787285636636e-01 6.005598195121863991e-01 -1.439095842431630956e+01
-1.209444166256965936e+00 -5.315010075557127678e+00 8.658501223070734776e-01 -5.315010075557127678e+00 2.441595417157577330e+00 1.203990619612363977e+00 8.658501223070734776e-01 1.203990619612363977e+00 -2.740166793279552593e-01
6.230525635017689190e+00 5.766493878385467120e+00 7.347278734647110454e+00 5.766493878385467120e+00 9.260081604075045547e+00 -2.236237565181686815e+00 7.347278734647110454e+00 -2.236237565181686815e+00 -4.873781068577449083e-01
1.869002740662808293e+01 -4.591208312718302875e-01 3.597450321084796343e+00 -4.591208312718302875e-01 2.108621527581496835e+01 4.099633575300487109e+00 3.597450321084796343e+00 4.099633575300487109e+00 2.063198091321310912e+01
-9.653612410984395709e+00 -2.848430212994279120e+00 -1.862442005765533537e+00 -2.848430212994279120e+00 -8.431952189266848308e+00 4.391058112739463226e-01 -1.862442005765533537e+00 4.391058112739463226e-01 -1.065250963829469200e+01
-1.515608179831789037e+01 1.077234047944658935e+00 8.156033239612152652e-01 1.077234047944658935e+00 -2.140187306192678562e+01 2.344490315285631121e-01 8.156033239612152652e-01 2.344490315285631121e-01 -2.189488794293239948e+01
-1.444167448630119033e+01 5.942825904665414993e-02 1.758953579420015956e+00 5.942825904665414993e-02 -2.120874990857581111e+01 -4.963578263931624157e+00 1.758953579420015956e+00 -4.963578263931624157e+00 -2.119701337972133715e+01
2.785440230908561077e+01 4.579247823188216771e+00 3.069512813353002745e+00 4.579247823188216771e+00 2.294157129614503887e+01 -2.430523742399520515e+00 3.069512813353002745e+00 -2.430523742399520515e+00 2.887329670966862594e+01
2.074339067985722451e+01 3.856978370437592396e+00 2.575047117865826518e+00 3.856978370437592396e+00 1.913940523604401633e+01 4.816808773669553290e+00 2.575047117865826518e+00 4.816808773669553290e+00 2.608314341999900066e+01
-1.104300782244830081e+01 4.653939387481909939e+00 3.387123241983690303e+00 4.653939387481909939e+00 -5.142511284322885068e+00 2.525695490953872024e+00 3.387123241983690303e+00 2.525695490953872024e+00 -1.406588615179546053e+01
-3.749084195312458956e+00 6.214475956603277673e+00 -5.841870893933871045e+00 6.214475956603277673e+00 5.863126864499187185e+00 5.134612487028015870e+00 -5.841870893933871045e+00 5.134612487028015870e+00 -3.410950861041354809e+00
-8.091015309204792061e+00 -5.002929455778659662e-01 -5.528559337761458359e+00 -5.002929455778659662e-01 -1.517516369316810021e+01 4.702140000511429996e+00 -5.528559337761458359e+00 4.702140000511429996e+00 -5.459776866133870143e+00
-1.089751032646032236e+01 -3.895861901443616215e+00 2.729772007449417170e+00 -3.895861901443616215e+00 -3.323186354265738274e+00 -9.803346110257277202e-01 2.729772007449417170e+00 -9.803346110257277202e-01 -1.128660348877508213e+01
-1.903602737845100634e+01 -2.029784749237590447e+00 2.891816110213543678e-02 -2.029784749237590447e+00 -1.459797869664742187e+01 3.593991239834866569e+00 2.891816110213543678e-02 3.593991239834866569e+00 -2.792847218679941435e+01
2.727266194225870777e+01 6.863031486973346640e-01 1.121818891099848114e+00 6.863031486973346640e-01 2.414613303264119892e+01 -2.277183817641556196e+00 1.121818891099848114e+00 -2.277183817641556196e+00 2.595649986241366847e+01
-9.542605818245579741e+00 -5.971854393791694804e+00 -2.114525896076519640e+00 -5.971854393791694804e+00 -1.666233770627398769e+01 -4.300696060468362170e+00 -2.114525896076519640e+00 -4.300696060468362170e+00 -1.694334752661219312e+01
-3.782543539497034590e+00 1.116823014624482163e-01 -3.288237837422672616e+00 1.116823014624482163e-01 -1.037665686278456262e-01 1.859704620829886190e+00 -3.288237837422672616e+00 1.859704620829886190e+00 -8.349203016914382047e+00
-2.641507058203901526e+00 5.131193776830299536e-01 7.206921829202505014e-01 5.131193776830299536e-01 9.241344222710029532e-01 8.810517383451492712e-01 7.206921829202505014e-01 8.810517383451492712e-01 -3.160276290375318986e+00
7.250650939204412282e+00 3.267476798714874509e+00 1.865379076248530943e+00 3.267476798714874509e+00 1.121930122407313846e+01 6.322660097413873581e-01 1.865379076248530943e+00 6.322660097413873581e-01 1.126013104268062293e+01
-4.426178862004302772e+00 4.663955889407212396e+00 -7.766541066006580785e+00 4.663955889407212396e+00 -2.484916292103009461e+00 -2.955085817029765138e+00 -7.766541066006580785e+00 -2.955085817029765138e+00 -1.298883390258281922e+00
1.250975768435112556e+01 -4.023104700994792893e+00 1.006650569819511842e+00 -4.023104700994792893e+00 1.368565708600942266e+01 7.790933727211036164e+00 1.006650569819511842e+00 7.790933727211036164e+00 4.383307724270964378e+00
-5.939158535943848349e+00 -7.431292762340806490e-01 -2.828228316910436746e+00 -7.431292762340806490e-01 -5.510411975795335593e+00 -1.635063410804435957e+00 -2.828228316910436746e+00 -1.635063410804435957e+00 -8.523976812085392041e+00
