8.182318315510057616e+00 5.153076122997577002e+00 2.090414660458051443e+01 5.153076122997577002e+00 -6.154161236250210720e+01 4.289508467751664611e+00 2.090414660458051443e+01 4.289508467751664611e+00 -5.383217937864464453e+00
-1.052237652494958198e+01 2.027202465062305592e+01 -1.202349650541857384e+00 2.027202465062305592e+01 -2.072533087611390457e+01 1.134004976613823601e+01 -1.202349650541857384e+00 1.134004976613823601e+01 -5.475233616736272957e+00
-5.814639652691803207e+01 5.051902728496482808e+00 -7.641698506060451201e+00 5.051902728496482808e+00 -1.019474349204831327e+02 -1.124489754987854973e+01 -7.641698506060451201e+00 -1.124489754987854973e+01 -5.551388445887857159e+01
-1.038394001775825437e+01 -1.106961646479669881e+01 1.106330520410069340e+01 -1.106961646479669881e+01 -5.643608383209459589e+01 -1.308519521224380000e+01 1.106330520410069340e+01 -1.308519521224380000e+01 -4.970573690524514809e+00
-2.063334693907204809e+01 -1.788750296677858387e+01 -8.729606817208420466e+00 -1.788750296677858387e+01 -8.355656985355400934e+01 -2.898568103462124679e+00 -8.729606817208420466e+00 -2.898568103462124679e+00 -3.452415147770497583e+01
3.231371579960842411e+01 3.329001769757465645e+00 1.600196878793793687e+00 3.329001769757465645e+00 -4.798633090128242351e+00 -1.166235946921064581e+01 1.600196878793793687e+00 -1.166235946921064581e+01 5.171321435947045586e+01
-1.760308853205876289e+01 -7.654608437322226067e+00 7.249836312791633652e+00 -7.654608437322226067e+00 -5.467335557925267153e+01 1.155710425714631562e+00 7.249836312791633652e+00 1.155710425714631562e+00 -1.065702260383923594e+01
6.045007223868997670e+01 -1.161185876011167473e+01 3.196681767588212875e+00 -1.161185876011167473e+01 -9.762412709330285931e-01 -3.323996420432982823e+00 3.196681767588212875e+00 -3.323996420432982823e+00 5.467913056252055526e+01
1.820203862424912344e+01 -2.357526397234571469e+00 2.001733941295690400e+01 -2.357526397234571469e+00 -3.014882363125310505e+01 1.453494245675843111e+01 2.001733941295690400e+01 1.453494245675843111e+01 9.873780196156058508e+00
2.620118556088811346e+01 4.861672651549715951e+00 -1.040640519488701088e+01 4.861672651549715951e+00 -3.014812566416066986e+01 -8.337636440399521121e+00 -1.040640519488701088e+01 -8.337636440399521121e+00 2.095310286975889369e+01
1.540073047109094517e+01 3.130344833898298429e+00 -2.555392088361440273e+00 3.130344833898298429e+00 -4.250396667932097472e+01 1.276322662336876235e+01 -2.555392088361440273e+00 1.276322662336876235e+01 1.449640752554802781e+01
3.245660099002162902e+00 5.539242719063602216e+00 5.249778747044490324e+00 5.539242719063602216e+00 5.493206355721674150e+00 -1.289004390231671460e+00 5.249778747044490324e+00 -1.289004390231671460e+00 -5.626050208982005252e+00
4.183528644723064183e+00 7.480312924780384565e-01 6.148283348724443265e+00 7.480312924780384565e-01 -4.705755293901979286e+01 -3.349795127719256693e-01 6.148283348724443265e+00 -3.349795127719256693e-01 -7.206195803639273478e+00
-5.826817530407628176e+00 5.157679598947058963e+00 1.179586904196841779e+01 5.157679598947058963e+00 -4.561571857727416557e+01 -1.371654625004058436e+00 1.179586904196841779e+01 -1.371654625004058436e+00 -2.800995871032542439e+01
-8.610729241876548201e+00 6.922138278025004032e-01 3.630597225804433670e+00 6.922138278025004032e-01 -4.628197596739657627e+01 -1.959438261171565188e+01 3.630597225804433670e+00 -1.959438261171565188e+01 -1.799281091782013675e+00
-3.612268133803745940e+01 -8.324522848766321204e+00 1.714744213070095213e+01 -8.324522848766321204e+00 -4.989513347266500176e+01 -6.567936330951322788e+00 1.714744213070095213e+01 -6.567936330951322788e+00 -5.094957814709472643e+01
2.347644581881627701e+01 3.521248759512191739e+00 5.241431153207199323e+00 3.521248759512191739e+00 5.775777849621266391e-01 4.583628888336565232e+00 5.241431153207199323e+00 4.583628888336565232e+00 3.067362174078808223e+01
-1.365007707343780829e+01 6.072454630371986184e+00 -2.251429498572465882e+00 6.072454630371986184e+00 -2.237715255137354120e+01 -3.066433076159688742e+00 -2.251429498572465882e+00 -3.066433076159688742e+00 -3.486739086303776247e+01
4.743122682429616788e+01 -9.858375338868645699e+00 -3.488743512013402270e+00 -9.858375338868645699e+00 -7.175904469656496865e+00 5.259669570514593495e+00 -3.488743512013402270e+00 5.259669570514593495e+00 3.945569259878534041e+01
4.551376787210415387e+01 1.472801210598949773e+01 3.099655597286108399e+00 1.472801210598949773e+01 6.144954474703626879e+00 1.390077899824158913e-01 3.099655597286108399e+00 1.390077899824158913e-01 2.682493046438305839e+01
6.522797684881697933e+01 -1.416356581970166451e+00 -1.093364547101499440e+01 -1.416356581970166451e+00 3.577360380394293493e+00 -2.310211584490720504e+00 -1.093364547101499440e+01 -2.310211584490720504e+00 7.515499834751921071e+01
4.450843459520707057e+01 -1.660488669404984918e+01 1.134021468663909715e+01 -1.660488669404984918e+01 -2.816989145440211217e+01 -1.323865073180723684e+01 1.134021468663909715e+01 -1.323865073180723684e+01 4.067022172016690007e+01
1.911510284470791277e+01 3.197203269940187553e+00 -2.419499618136028651e+00 3.197203269940187553e+00 2.500142749164156086e+01 6.691144740092699550e+00 -2.419499618136028651e+00 6.691144740092699550e+00 1.276714049540605522e+01
6.129423329169796375e+01 -1.991624982548589440e+00 -1.291041336346743229e+01 -1.991624982548589440e+00 2.085134545890485569e+01 -6.352358244007000110e+00 -1.291041336346743229e+01 -6.352358244007000110e+00 7.030943292785457288e+01
-2.584423031032695306e+01 -1.185002193438345230e+01 -1.043529235164430702e+01 -1.185002193438345230e+01 -6.437397839984970460e+01 6.014822418929941961e+00 -1.043529235164430702e+01 6.014822418929941961e+00 -3.277675486096508450e+01
1.052106971027776794e+01 -5.695861940795015066e-01 -9.624705243330948790e+00 -5.695861940795015066e-01 -2.016436196054969088e+01 -1.398802069842907780e+00 -9.624705243330948790e+00 -1.398802069842907780e+00 6.269560120767603273e+00
-3.395613530381195400e+00 -2.013731629599123707e+01 1.914406594337087597e+01 -2.013731629599123707e+01 -4.816701539988009984e+01 -7.689025979280375900e+00 1.914406594337087597e+01 -7.689025979280375900e+00 5.430772914864278711e+00
2.667211666283796845e+01 3.768394293624080849e+00 1.144163578274792670e+01 3.768394293624080849e+00 -3.063868031521245427e+01 1.086380242813206642e+01 1.144163578274792670e+01 1.086380242813206642e+01 2.379726188328558578e+01
1.769425289754027730e+01 1.302584404035624566e+01 -4.802984106847629775e+00 1.302584404035624566e+01 -2.411927149496593970e+01 1.245361911376130415e+01 -4.802984106847629775e+00 1.245361911376130415e+01 1.131668128948388841e+01
4.530313366690720933e+00 -3.417020360200096807e+00 -5.840743789229413174e+00 -3.417020360200096807e+00 -3.355756832515075416e+01 3.544703794191341295e+00 -5.840743789229413174e+00 3.544703794191341295e+00 1.574889653151405433e+01
-2.450870725592437438e+01 7.941756956846296234e+00 8.249707496288346320e+00 7.941756956846296234e+00 -6.912679825908477937e+01 9.429029804096442646e+00 8.249707496288346320e+00 9.429029804096442646e+00 -1.609489310454351951e+01
-1.559372969259587727e+01 1.473158756862510010e+01 -4.110328973708842426e+00 1.473158756862510010e+01 -3.401026222276657762e+01 -2.927781022844902825e+00 -4.110328973708842426e+00 -2.927781022844902825e+00 -3.023605069398044876e+01
1.249765033267656733e+01 5.446272407998720588e+00 6.079736198672949676e+00 5.446272407998720588e+00 -3.712775741145278374e+01 -2.355984857982743375e+00 6.079736198672949676e+00 -2.355984857982743375e+00 1.364938449181076230e+01
1.324044576505022697e+01 -1.721119770576195585e+00 2.012256853381668265e+01 -1.721119770576195585e+00 -5.106851422244658067e+01 4.555306785105448952e+00 2.012256853381668265e+01 4.555306785105448952e+00 -1.236981700292937347e+01
-5.986294891753944469e+00 -1.197275030117736705e+01 4.615911769863658698e+00 -1.197275030117736705e+01 -1.314224555971441433e+01 8.535395741918629042e+00 4.615911769863658698e+00 8.535395741918629042e+00 -8.431416773384613705e+00
-2.786725228875774363e+01 9.748824505171150845e-01 -5.997282695206015646e+00 9.748824505171150845e-01 -2.734247831988237465e+01 -5.075339743034995799e+00 -5.997282695206015646e+00 -5.075339743034995799e+00 -4.230572788677930873e+01
2.754838248887656249e+01 -1.628526764582780562e+00 -1.501093428089522730e+00 -1.628526764582780562e+00 -7.188094930990187592e+00 -4.729497426284675399e+00 -1.501093428089522730e+00 -4.729497426284675399e+00 3.429861848030781601e+01
5.000454989717017185e+00 -1.107612251611649334e+01 2.583882262474437863e-01 -1.107612251611649334e+01 -2.167407298141630800e+00 -4.763560449389153462e+00 2.583882262474437863e-01 -4.763560449389153462e+00 4.961158164414031013e+00
3.069453493738987859e+01 7.849948039411155598e+00 2.169098797968649350e-01 7.849948039411155598e+00 -1.487368215541276228e+01 1.432359771245427105e+01 2.169098797968649350e-01 1.432359771245427105e+01 3.883422891819250822e+01
1.955947336573465378e+01 -2.818915999747270007e+01 1.654765217717816128e+01 -2.818915999747270007e+01 -2.786444014824977344e+01 -2.256906169281009156e+01 1.654765217717816128e+01 -2.256906169281009156e+01 1.892000430660672095e+01
-3.192027144173799869e+01 4.385824506626649466e+00 9.729291535550096626e+00 4.385824506626649466e+00 -3.135552081684643611e+01 5.739920916518249427e+00 9.729291535550096626e+00 5.739920916518249427e+00 -2.227736546744509383e+01
-3.038470195783785410e+00 5.483033698454016225e-01 5.162098990394834885e+00 5.483033698454016225e-01 -4.345512854434354466e+01 -6.277792217507521144e+00 5.162098990394834885e+00 -6.277792217507521144e+00 9.627801780309603430e+00
-5.725783473127791900e+00 -5.511212137559104995e+00 -1.530355896339001553e+01 -5.511212137559104995e+00 -4.665288787077565757e+01 -5.296040915812428196e+00 -1.530355896339001553e+01 -5.296040915812428196e+00 -1.322705657204584107e+00
-5.902091182957240001e+00 1.584689358689328031e+01 8.351143174908028044e+00 1.584689358689328031e+01 -7.595994869368426805e+01 -8.017249729080599963e+00 8.351143174908028044e+00 -8.017249729080599963e+00 -4.340834159893914190e+00
-2.831195826662088066e+01 -4.803954520598933797e+00 -9.515311145927448422e+00 -4.803954520598933797e+00 -7.855749690995168066e+01 -5.191805388186899739e-01 -9.515311145927448422e+00 -5.191805388186899739e-01 -3.284516797365367324e+01
3.964946330476821768e+00 -1.924919254578880512e+01 -5.652766593666663120e+00 -1.924919254578880512e+01 -1.483244099945307148e+01 -6.379363193974939783e+00 -5.652766593666663120e+00 -6.379363193974939783e+00 -1.904388572755336995e+01
2.672220801882828667e+01 9.611302488546371592e+00 -5.025556657754161272e+00 9.611302488546371592e+00 -1.154643365047635051e+01 3.860806440183531141e+00 -5.025556657754161272e+00 3.860806440183531141e+00 3.061595572736828075e+01
-4.960015337040053396e+01 -3.407492591629446843e-01 -1.293729056427219470e+00 -3.407492591629446843e-01 -4.907508970575490537e+01 1.513465592588326469e+00 -1.293729056427219470e+00 1.513465592588326469e+00 -4.023350786074949781e+01
-1.535517287741035730e+01 9.190999039246248614e+00 2.701822959096018550e+00 9.190999039246248614e+00 -3.896344252121078000e+01 1.202068717656667296e+01 2.701822959096018550e+00 1.202068717656667296e+01 -9.436489649126349022e+00
5.607497774013106806e+01 2.796321924956120952e+01 1.634470749961958624e+00 2.796321924956120952e+01 -3.392822218740239593e-01 -7.834513792436514024e+00 1.634470749961958624e+00 -7.834513792436514024e+00 3.984452419384953714e+01
2.065955749609067382e+01 1.732075197179649084e+00 -7.738531849609957547e+00 1.732075197179649084e+00 -2.480125574399497523e+01 -6.754201495494555729e+00 -7.738531849609957547e+00 -6.754201495494555729e+00 1.626487282918898813e+01
3.165702922783362183e+01 7.577675818589304058e+00 -1.450953406332476048e+00 7.577675818589304058e+00 -2.206747400986917285e+01 -2.804284731300039191e+00 -1.450953406332476048e+00 -2.804284731300039191e+00 2.970572399550005116e+01
3.269759697450382419e+01 -7.497894082337062116e+00 3.850011791447760956e+00 -7.497894082337062116e+00 -1.207826695096903258e+01 -6.013363038509126568e+00 3.850011791447760956e+00 -6.013363038509126568e+00 4.198248163759597418e+01
-6.168560440778168008e-01 -1.581838617609602871e+01 -3.306879437818075029e+00 -1.581838617609602871e+01 -5.280662674416856106e+01 7.803904932818420903e+00 -3.306879437818075029e+00 7.803904932818420903e+00 2.253921265447934275e+01
-8.336693928734737469e+00 -6.287746523366533502e+00 5.490103799963436337e+00 -6.287746523366533502e+00 -9.109799569147199350e+00 1.733559338381256154e+01 5.490103799963436337e+00 1.733559338381256154e+01 -7.940104850156529004e+00
-1.045184931138964046e+01 1.426358648596271905e+01 -1.552640593252758716e-01 1.426358648596271905e+01 -2.499441341390874172e+01 3.544103558769652551e+00 -1.552640593252758716e-01 3.544103558769652551e+00 -7.799966703998108208e+00
-1.824865136836206148e+01 -6.061397108127613897e+00 -5.531040649643039764e+00 -6.061397108127613897e+00 -3.028065466762985736e+01 -4.821441922351404230e+00 -5.531040649643039764e+00 -4.821441922351404230e+00 -2.076793963585235758e+01
-1.224296591886586327e+01 -3.793912424142128703e+00 4.607611304809815067e+00 -3.793912424142128703e+00 -1.449231595910798198e+01 -5.699767256754220135e-01 4.607611304809815067e+00 -5.699767256754220135e-01 -2.840194489051678062e+01
8.898496789229060067e-01 -4.631787836406887848e+00 -8.003441612916638803e+00 -4.631787836406887848e+00 2.646639182407349367e+01 -3.894115738992183662e+00 -8.003441612916638803e+00 -3.894115738992183662e+00 -1.687702992007913139e+01
2.403787114097750077e+01 -1.083701357225633899e+01 7.289919771303013718e+00 -1.083701357225633899e+01 -4.113399965353573151e+01 6.467078590384375048e+00 7.289919771303013718e+00 6.467078590384375048e+00 2.751876685845027204e+00
-1.035556539383621200e+01 7.568887910023936350e+00 1.564544473822306436e+01 7.568887910023936350e+00 -8.913117030852983902e+00 4.969714682079174217e+00 1.564544473822306436e+01 4.969714682079174217e+00 -2.834455561227507303e+00
2.329288656553273640e+01 3.353823102048343885e-01 -1.602339568637062506e+00 3.353823102048343885e-01 3.723382345064186438e+01 -1.028512138312730606e+01 -1.602339568637062506e+00 -1.028512138312730606e+01 3.188773333684076761e+01
-1.361770471363362667e+01 -9.941976871625440859e-01 7.201115530198324954e+00 -9.941976871625440859e-01 -1.894903764650237932e+01 -6.622590407444900684e+00 7.201115530198324954e+00 -6.622590407444900684e+00 -7.851094559886806934e+00
-2.373423641113865301e+01 -4.886487060193638321e+00 -8.902114317605551719e-01 -4.886487060193638321e+00 -2.265580830582467087e+01 4.150847768616679367e+00 -8.902114317605551719e-01 4.150847768616679367e+00 -1.929177105441362006e-01
-7.786699169102194951e+00 5.220538575958860505e+00 -3.232475535325621152e+00 5.220538575958860505e+00 3.510114491465337494e+00 -3.686028372205331305e+00 -3.232475535325621152e+00 -3.686028372205331305e+00 2.877266214275491762e+01
3.365664745400781044e+01 2.959780872832400878e+00 7.048291621982975208e+00 2.959780872832400878e+00 -7.814811958917805557e-01 4.152807069285451291e+00 7.048291621982975208e+00 4.152807069285451291e+00 4.140325121311909840e+01
-3.543980831529634656e+01 4.253963856495015960e+00 1.350231394059711576e+01 4.253963856495015960e+00 -5.256538852613727641e+01 1.011470471950754479e+01 1.350231394059711576e+01 1.011470471950754479e+01 -3.341313532714281109e+01
5.230719114624496768e+01 -8.065146860909976567e+00 -5.395493021469932593e+00 -8.065146860909976567e+00 -3.082116187460276890e+01 6.053795253524038245e+00 -5.395493021469932593e+00 6.053795253524038245e+00 5.096267616793236499e+01
-7.308849467856251003e-01 4.264016849113149377e+00 1.459657983170426476e+01 4.264016849113149377e+00 -3.091031467715567160e+01 -1.796706515127307213e+01 1.459657983170426476e+01 -1.796706515127307213e+01 7.233965453848148819e+00
2.411442271015597782e+01 -6.518413988673605886e-01 -1.862661926611927399e+01 -6.518413988673605886e-01 -5.418565687855020485e+01 7.087829661507447199e+00 -1.862661926611927399e+01 7.087829661507447199e+00 9.507782258882748749e+00
-6.262223936555055825e-01 7.802950799251644476e+00 1.724683330098289336e+00 7.802950799251644476e+00 -4.636190453456735128e+01 -1.187751712621329681e+01 1.724683330098289336e+00 -1.187751712621329681e+01 1.223180614441057301e+01
-1.009857873740066125e+01 -7.840441218196046336e+00 1.431692459045069477e+00 -7.840441218196046336e+00 -1.648768533012309589e+01 4.590239957906870671e+00 1.431692459045069477e+00 4.590239957906870671e+00 -1.647751932901405425e+01
4.968267969871904555e+00 1.368904163251199613e+01 5.060431394028059415e+00 1.368904163251199613e+01 -1.422499911661305383e+01 5.231304645635447947e+00 5.060431394028059415e+00 5.231304645635447947e+00 6.973056451233823338e+00
5.008039300410707995e+01 -1.200512857300556746e+01 1.827677486088215675e+00 -1.200512857300556746e+01 1.218403682399783250e+01 -1.921744678656379657e+00 1.827677486088215675e+00 -1.921744678656379657e+00 6.112187596641003751e+01
-4.480933189333068611e+01 -1.320929908896770577e+01 -1.273286748336774288e+01 -1.320929908896770577e+01 -9.796213126891950651e+01 -1.237108960047538631e+01 -1.273286748336774288e+01 -1.237108960047538631e+01 -1.394562521678375333e+01
5.759988583220903990e+01 1.396702143678837693e+01 -2.328928986192915218e-01 1.396702143678837693e+01 5.686815806348945124e+00 -5.000279675675083801e+00 -2.328928986192915218e-01 -5.000279675675083801e+00 5.272475170608363726e+01
-3.928227338884111930e+01 1.583893233721530569e+00 -1.159619991011047979e+01 1.583893233721530569e+00 -4.374416619918924454e+01 -6.463754968973510984e+00 -1.159619991011047979e+01 -6.463754968973510984e+00 -3.169005705510986104e+01
1.278282298904718317e+01 -5.458266241529929452e+00 6.220849789098115146e-01 -5.458266241529929452e+00 -1.830361287209298382e+01 -2.727092156747340468e+01 6.220849789098115146e-01 -2.727092156747340468e+01 1.467475892997189568e+01
-2.686529079350719584e+01 1.520284584550879359e+01 1.387135772089271235e+01 1.520284584550879359e+01 -5.009435792622803518e+01 -1.297516765736305144e+00 1.387135772089271235e+01 -1.297516765736305144e+00 -8.961438946508669900e+00
1.126919465215011229e+01 2.456537834217139338e+00 -1.149998369971185674e+01 2.456537834217139338e+00 -3.807630137202637144e+01 -5.985839815777564077e+00 -1.149998369971185674e+01 -5.985839815777564077e+00 3.629113073525832789e+00
1.951380993719608270e+01 -6.233977176720714830e+00 -2.028115331806082278e+00 -6.233977176720714830e+00 -4.486908483619083654e+01 -1.246385942249781387e+01 -2.028115331806082278e+00 -1.246385942249781387e+01 -5.490043504704638977e+00
-3.414750141224986102e+00 -7.477439880139487016e+00 -1.067517482055433398e+01 -7.477439880139487016e+00 -5.182560103625660730e+01 6.252472834188381512e+00 -1.067517482055433398e+01 6.252472834188381512e+00 -8.087354019330515342e+00
-1.147567320102240629e+01 7.518134944289948329e+00 -2.615662305455813463e+00 7.518134944289948329e+00 -5.572892510077416972e+01 -8.108405941764571523e-01 -2.615662305455813463e+00 -8.108405941764571523e-01 -1.571867399073240890e+01
2.465033624004145452e+01 1.099422604603256559e+01 -3.658640288253540707e+00 1.099422604603256559e+01 -3.133306914533631016e+01 -1.236331532369982256e+01 -3.658640288253540707e+00 -1.236331532369982256e+01 1.546184718574903449e+01
1.374122748824419560e+01 4.866645764316360534e+00 2.318856839874452458e+00 4.866645764316360534e+00 -2.010193042202342539e+01 -3.571703390038197146e+00 2.318856839874452458e+00 -3.571703390038197146e+00 1.383458232705456936e+01
1.306988590097013514e+01 1.619425090683358714e+00 -1.607442350771220063e+01 1.619425090683358714e+00 -2.414481694777001763e+01 6.101056184932460269e+00 -1.607442350771220063e+01 6.101056184932460269e+00 6.173144860874469231e+00
-5.777850459723818943e-01 -4.596281299657979602e+00 1.548579746392687717e+01 -4.596281299657979602e+00 -5.144954439441773530e+01 9.893343236784199135e+00 1.548579746392687717e+01 9.893343236784199135e+00 -9.798209955978138819e-01
3.317315153741966505e+00 1.580080512636673618e+01 -1.218032126981712437e+01 1.580080512636673618e+01 -2.594108287732404250e+01 -8.457612760999429824e+00 -1.218032126981712437e+01 -8.457612760999429824e+00 -4.610811107122644081e+00
1.978484315550284478e+01 4.416746063763047125e+00 1.500027938696861973e+01 4.416746063763047125e+00 2.074589971676521927e+00 1.231411375088714522e+01 1.500027938696861973e+01 1.231411375088714522e+01 4.122356883357382173e+01
2.945556224825520886e+01 3.125801627859609577e-01 -2.728056660990771487e+00 3.125801627859609577e-01 -2.239941383161933075e+01 -7.613483734850637674e+00 -2.728056660990771487e+00 -7.613483734850637674e+00 2.406899364186576662e+01
3.140090628318339583e+01 3.852727141251167442e+00 5.906777280763098936e+00 3.852727141251167442e+00 -2.381128115104715803e+01 -1.809647943803289749e+01 5.906777280763098936e+00 -1.809647943803289749e+01 3.483911901446940362e+01
1.089598735811538788e+01 9.958331483494559322e+00 -1.450965677988981684e+00 9.958331483494559322e+00 -3.956248549546099724e+01 1.599759018548477307e+01 -1.450965677988981684e+00 1.599759018548477307e+01 1.576627742976636881e+01
-3.703277188982140089e+00 7.388361475056175465e+00 -2.017235611712816290e+00 7.388361475056175465e+00 -5.350052107945352020e+01 1.926476129479455679e+01 -2.017235611712816290e+00 1.926476129479455679e+01 -1.001200985005671740e+01
-2.241566440318342401e+01 -1.452697183680051740e+00 -1.925553083798261511e+00 -1.452697183680051740e+00 -7.054268978231257847e+01 -5.798068540699945927e+00 -1.925553083798261511e+00 -5.798068540699945927e+00 -3.001571426319368641e+01
7.227925455868981608e+00 1.841544511772540638e+00 8.532696058942036643e+00 1.841544511772540638e+00 -2.297109332366963130e+01 -9.264278461130418307e+00 8.532696058942036643e+00 -9.264278461130418307e+00 -1.067696607218164395e+01
-1.900346033832372683e+01 -1.665243431316778544e+00 -1.055380160052912153e+01 -1.665243431316778544e+00 -5.111943674476649591e+01 1.039692271582628535e+01 -1.055380160052912153e+01 1.039692271582628535e+01 -2.078923092662033056e+01
8.718536247591242017e+00 -1.529097993766406427e+00 -8.712559340863865742e+00 -1.529097993766406427e+00 -3.216388881005841682e+01 -8.053213297761876888e+00 -8.712559340863865742e+00 -8.053213297761876888e+00 1.421596785645038707e+01
-1.845071766407522063e+01 -1.081971352811333276e+00 -2.314047213514652146e+00 -1.081971352811333276e+00 -7.739628182857764216e+01 7.929931671855185549e+00 -2.314047213514652146e+00 7.929931671855185549e+00 -3.269070847086358356e+01
-1.178010338246060584e+01 8.305832106140563553e+00 1.141477986303458092e+00 8.305832106140563553e+00 -5.635096761612975769e+01 -9.328790267921965196e+00 1.141477986303458092e+00 -9.328790267921965196e+00 -7.572685936502958626e+00
-5.972415505985258832e+00 -2.535032529095724296e+00 2.111161425311779638e+00 -2.535032529095724296e+00 -1.477508666081193844e+01 9.277292773859832309e+00 2.111161425311779638e+00 9.277292773859832309e+00 -8.861922952894941474e+00
