-3.074540088439344387e+01 3.791408659894230482e+00 -6.475685622017929077e+00 3.791408659894230482e+00 6.263510653877247591e+00 -1.699579853489951553e+00 -6.475685622017929077e+00 -1.699579853489951553e+00 -4.876586518127582792e+01
-1.649696856446943727e+01 -1.228681547307582989e+01 -1.006027485541593158e+01 -1.228681547307582989e+01 3.471394579436454908e+00 2.348710368526950365e+00 -1.006027485541593158e+01 2.348710368526950365e+00 -3.108631972562481849e+01
-3.829835000625086971e-01 2.950317996900763351e+00 -6.987614888159943582e+00 2.950317996900763351e+00 2.396098897207533884e+00 5.005386554795909326e+00 -6.987614888159943582e+00 5.005386554795909326e+00 -1.900860704697889147e+01
-2.493667869673881654e+01 -9.209611512112545029e+00 -5.708173543525384197e+00 -9.209611512112545029e+00 -2.827070311823489135e+01 1.003822766683597045e+01 -5.708173543525384197e+00 1.003822766683597045e+01 -2.308193678379192093e+01
5.098238626549698616e+00 -1.548216813639408507e+01 1.289210054927353610e+01 -1.548216813639408507e+01 1.071910691356742884e+00 -7.219172109424421890e+00 1.289210054927353610e+01 -7.219172109424421890e+00 5.701657931596805007e+00
-1.254242355064207359e+01 1.272940406590344686e+00 -2.147681758839624422e+01 1.272940406590344686e+00 -6.060763598323224954e+01 -5.954294398287193424e+00 -2.147681758839624422e+01 -5.954294398287193424e+00 -1.266507698909494906e+01
-5.122128605839534110e+00 6.492907337751532282e-01 1.015612629514956389e+01 6.492907337751532282e-01 -2.239909129097119589e+01 -8.564490889927883543e+00 1.015612629514956389e+01 -8.564490889927883543e+00 -1.468255850122528727e+01
-8.381097965826195262e-01 1.594955120243177760e-01 -1.132390884666946285e+01 1.594955120243177760e-01 3.601467609088287958e+01 -2.079164304515195738e+00 -1.132390884666946285e+01 -2.079164304515195738e+00 -6.209575282669698382e+00
-4.002210568757023168e+01 2.457604200858741095e+00 -6.310458300907746398e+00 2.457604200858741095e+00 -1.273277170555312310e+01 -3.708512563136436846e+00 -6.310458300907746398e+00 -3.708512563136436846e+00 -2.963524532693159586e+01
4.504264298459071370e+01 6.321603068255798874e+00 -1.718973026726049724e+01 6.321603068255798874e+00 1.872971352451174809e+01 1.015124959728219700e+01 -1.718973026726049724e+01 1.015124959728219700e+01 4.583890326926548653e+01
-3.705948511716040894e+00 1.159694780994756336e+01 1.011827513140772083e+01 1.159694780994756336e+01 -1.344882041642635961e+01 -1.621493960217609498e+01 1.011827513140772083e+01 -1.621493960217609498e+01 4.712611233355383233e-01
4.273559721498084052e+00 -1.514123433706865995e+01 7.469975490687255970e+00 -1.514123433706865995e+01 -2.498283259281414459e+01 -3.281663972654992989e+00 7.469975490687255970e+00 -3.281663972654992989e+00 3.454156651480460472e+00
-4.887548842221133327e+01 -1.618378199019861796e+01 4.124349683294907365e+00 -1.618378199019861796e+01 -4.185377846690987269e+01 3.865628213917128964e+00 4.124349683294907365e+00 3.865628213917128964e+00 -6.174427815019162580e+01
-1.601069104703870494e+01 2.905644901661616153e+00 6.155076754422768914e+00 2.905644901661616153e+00 -1.906603458762060654e+01 -1.175167083491666453e+01 6.155076754422768914e+00 -1.175167083491666453e+01 3.463603288111055445e+00
1.993302227976975427e+00 -1.123047685365911086e+01 1.296876399608761332e+01 -1.123047685365911086e+01 -1.313938798514734607e+01 -1.377355521218801471e+01 1.296876399608761332e+01 -1.377355521218801471e+01 1.537599884277400974e+01
5.406497973029777526e+00 1.873955032272325294e+00 8.188060038389036066e+00 1.873955032272325294e+00 4.842702912216059197e+00 1.767198181595205142e+01 8.188060038389036066e+00 1.767198181595205142e+01 1.720070307309024216e+01
-1.070197708449878826e+00 9.547404520581658227e-01 -1.642167148729181392e+01 9.547404520581658227e-01 -1.772487775760148665e+01 -1.041515073174255512e+01 -1.642167148729181392e+01 -1.041515073174255512e+01 2.587668247667476962e+01
2.257202673078672106e+01 -1.595570852435706222e+01 1.133476482543105845e+01 -1.595570852435706222e+01 -1.161578998559419773e+01 -8.679281307407736179e+00 1.133476482543105845e+01 -8.679281307407736179e+00 3.239347120768179877e+01
1.178454049924548563e+01 3.669933741653234716e+00 1.250381456550974235e+01 3.669933741653234716e+00 -9.203031651303916760e+00 1.146590288248025047e+01 1.250381456550974235e+01 1.146590288248025047e+01 2.002591271308339316e+01
-1.527522514545315069e+00 -1.205568568042676780e+01 -2.076162406663141269e+01 -1.205568568042676780e+01 -4.102232953848034214e+01 -1.065310307920405108e+01 -2.076162406663141269e+01 -1.065310307920405108e+01 -1.235684490529990143e+01
-3.477300272810662118e+00 -3.307457582856620615e+00 -7.787454328780228252e+00 -3.307457582856620615e+00 -9.299302953653757697e+00 -6.458793486465454592e+00 -7.787454328780228252e+00 -6.458793486465454592e+00 2.211360642818620903e+01
-4.373515572193124257e+01 -1.465232699308384845e+01 -4.868672525608285895e+00 -1.465232699308384845e+01 -5.962753828130051659e+01 2.786102465646373982e-01 -4.868672525608285895e+00 2.786102465646373982e-01 -2.874173422755961482e+01
2.025635363621724139e+01 -4.672901188438038034e+00 -1.422468258992453016e+01 -4.672901188438038034e+00 2.430574687961681590e+01 1.422426728075998126e+00 -1.422468258992453016e+01 1.422426728075998126e+00 1.763275255722707513e+01
2.888021469535074104e+01 -1.191215974552684465e+01 9.078949606505304359e+00 -1.191215974552684465e+01 -3.061333136024028079e+01 1.832392535645169218e+01 9.078949606505304359e+00 1.832392535645169218e+01 1.574554740477801218e+01
1.140620870322283587e+01 -2.895324484683257538e+00 -1.479218548304833014e+00 -2.895324484683257538e+00 -7.359932927396917179e+00 6.116978298091887645e+00 -1.479218548304833014e+00 6.116978298091887645e+00 2.997883221564988077e+01
8.479056718578835694e-01 9.356622080732019953e+00 1.149554346682830008e+01 9.356622080732019953e+00 -1.807334571072097518e+01 -6.096017787413956945e+00 1.149554346682830008e+01 -6.096017787413956945e+00 7.691697370160032854e+00
-1.794823873503710132e+01 5.651891791495695927e-02 -3.639828809344010985e+00 5.651891791495695927e-02 -3.232428543980284985e+01 1.238128650316157753e+01 -3.639828809344010985e+00 1.238128650316157753e+01 3.093171897747932775e+00
1.485922415624095017e+01 -5.381397776296891422e+00 5.896167396648316128e+00 -5.381397776296891422e+00 -2.359217452140283555e+01 -5.683535066998731899e+00 5.896167396648316128e+00 -5.683535066998731899e+00 -4.524327480084585318e+01
2.427704163979812790e+01 -3.999169940557492087e-01 -7.940498963253996845e-01 -3.999169940557492087e-01 2.123154080457396020e+01 -7.689108213442690243e-01 -7.940498963253996845e-01 -7.689108213442690243e-01 2.227693392882979495e+01
3.018082984750501296e+01 4.896166775473131949e+00 -9.414435739842016204e+00 4.896166775473131949e+00 4.184580097659749498e+01 -7.843030057301351832e+00 -9.414435739842016204e+00 -7.843030057301351832e+00 4.906790501543932237e+01
-1.613091615982033744e+01 1.449612919116289644e+00 -5.108328956925236142e+00 1.449612919116289644e+00 7.324761881745564196e+00 1.032216490473486736e+01 -5.108328956925236142e+00 1.032216490473486736e+01 -2.261154932594926237e+01
-2.924005683663268851e+00 7.731444413541593619e+00 -5.382183241501185655e+00 7.731444413541593619e+00 -1.602527222227305259e+01 5.116007200977365166e+00 -5.382183241501185655e+00 5.116007200977365166e+00 -6.526523622740007191e+00
4.166037488804893485e+01 5.841868500253788454e+00 1.110817338622348593e+01 5.841868500253788454e+00 8.726879221199665082e+00 1.664722845284205777e+00 1.110817338622348593e+01 1.664722845284205777e+00 2.573005716712290081e+01
3.074008952031348940e+01 -1.117796752295115859e+01 5.402730496176986197e-01 -1.117796752295115859e+01 3.548215097655720740e+01 -6.419557817715717540e+00 5.402730496176986197e-01 -6.419557817715717540e+00 5.030238034640895961e+01
-2.807191667870609919e+01 1.151715618375261307e+01 1.586668831751669062e+00 1.151715618375261307e+01 -2.763109944038708221e+01 -1.599937286627481470e+01 1.586668831751669062e+00 -1.599937286627481470e+01 -1.711352283638719385e+01
-1.894146956018569128e+01 1.350941753551767377e+00 2.590125204276510384e+00 1.350941753551767377e+00 -2.460909700374502762e+01 2.797415612706879884e+00 2.590125204276510384e+00 2.797415612706879884e+00 -4.338164712188585526e+01
-9.558716778851183093e+00 -1.139122143054923164e+01 1.835662421500778407e+01 -1.139122143054923164e+01 6.958928964226267500e-01 -8.479364109793232629e+00 1.835662421500778407e+01 -8.479364109793232629e+00 -1.279137042948751102e+01
-3.356366536929868971e+01 -1.881707021035781580e+00 -6.838068603021092429e+00 -1.881707021035781580e+00 -4.723692848488600049e+01 -8.815331724231899813e+00 -6.838068603021092429e+00 -8.815331724231899813e+00 -3.962164063730952535e+01
4.530881368670334552e+01 -5.713799922200602843e+00 2.013871614459107118e+00 -5.713799922200602843e+00 1.658882668914663405e+00 5.782576066230286083e-01 2.013871614459107118e+00 5.782576066230286083e-01 2.770057203651333921e+01
-7.610674944937119335e+01 -1.465345891467932837e+01 -6.559663211835818908e-01 -1.465345891467932837e+01 -6.790077130618716694e+01 -1.742497631360944599e+00 -6.559663211835818908e-01 -1.742497631360944599e+00 -5.502694569655664480e+01
2.584639729235230377e+01 -1.269249026496242472e+01 3.179274033798925037e-01 -1.269249026496242472e+01 -2.485019972122582743e+01 1.788357766809930993e+01 3.179274033798925037e-01 1.788357766809930993e+01 3.258066679321263592e+01
-4.610130732165819722e+01 -9.884953871325928176e+00 2.362061087558409866e+01 -9.884953871325928176e+00 -1.220061184671792276e+01 -7.036197238871616300e+00 2.362061087558409866e+01 -7.036197238871616300e+00 -4.292065272952903143e+01
-1.903709240427652105e+01 -1.624580647386999033e+00 2.071350142802079475e+01 -1.624580647386999033e+00 -8.390721463069375829e+00 -4.344025557470428289e+00 2.071350142802079475e+01 -4.344025557470428289e+00 -2.910191117508967640e+00
-1.067288364512051935e+01 4.076003108274156794e+00 -7.958233208529471803e+00 4.076003108274156794e+00 -4.580909923719506338e+01 9.721281217449668333e+00 -7.958233208529471803e+00 9.721281217449668333e+00 -1.231944022652199955e+01
-4.595140595988659982e+01 1.861851284606735391e+01 -1.822429343631058885e+01 1.861851284606735391e+01 -8.617676901056108818e+01 -2.833541262594050814e+00 -1.822429343631058885e+01 -2.833541262594050814e+00 -4.433898844025643626e+01
-1.907055172851605462e+01 -1.432681297895117822e+01 2.170494337908649740e+01 -1.432681297895117822e+01 -3.778747766456969259e+01 8.176888446438217439e-01 2.170494337908649740e+01 8.176888446438217439e-01 -1.204923266482100530e+01
-1.465917274115823687e+01 -5.191104868496688063e+00 -8.527618789257827459e+00 -5.191104868496688063e+00 -3.023694491679546203e+01 1.933760415630590046e+01 -8.527618789257827459e+00 1.933760415630590046e+01 1.012901219743097769e+01
-3.856809328689477212e+01 5.231673049575998047e-02 -1.412160604294941280e+01 5.231673049575998047e-02 -3.022113847234064110e+01 3.532293376357048764e+00 -1.412160604294941280e+01 3.532293376357048764e+00 -1.375086593217464248e+01
-1.990201557550938460e+01 1.068380163880041067e+01 -8.595574088919477607e-01 1.068380163880041067e+01 -1.361968666256386573e+00 1.219080585396448591e+00 -8.595574088919477607e-01 1.219080585396448591e+00 2.661477113584632193e+01
-2.274422257760900479e+01 -1.080398111085837520e+01 2.085875753093097487e-02 -1.080398111085837520e+01 -1.205423837385056451e+01 1.951082760586305298e+01 2.085875753093097487e-02 1.951082760586305298e+01 -7.667108583381575748e+00
