3.534496477600153952e+01 9.137995498852111709e+00 -7.714851435309352468e+00 9.137995498852111709e+00 4.071964888512003000e+01 -1.031593691799710655e+01 -7.714851435309352468e+00 -1.031593691799710655e+01 1.523744369762359518e+01
2.467086086048609062e+01 9.209769343991358603e-01 1.112210193073589970e+01 9.209769343991358603e-01 1.480500073481616852e+01 -9.148478501273151764e+00 1.112210193073589970e+01 -9.148478501273151764e+00 -2.197579765181667355e+01
2.586443280138942669e+01 -2.131712829923545272e+00 4.492199853554167177e+00 -2.131712829923545272e+00 -2.264884160157748028e+01 8.923719622442354282e-01 4.492199853554167177e+00 8.923719622442354282e-01 -1.585444749497071726e+01
4.200872235990086523e+01 1.133822565826659279e+01 -2.959077249290263723e+00 1.133822565826659279e+01 4.379552628787524071e+01 -2.122198524422849619e+00 -2.959077249290263723e+00 -2.122198524422849619e+00 1.995068543105896453e+01
-7.048312012026001128e+01 1.078859196844755175e+00 4.039465998222810939e+00 1.078859196844755175e+00 -6.307060340869747250e+01 -3.074719368420919086e+00 4.039465998222810939e+00 -3.074719368420919086e+00 -6.728330352415915172e+01
3.444365690389984191e+00 -1.228522280985420068e+01 1.007506303574995421e+01 -1.228522280985420068e+01 -6.202853428288804594e+00 -1.453586720841904523e+01 1.007506303574995421e+01 -1.453586720841904523e+01 -3.366659269141190691e+01
-1.527382901605041354e+01 1.087041017129244658e+01 -1.713571781380685444e+00 1.087041017129244658e+01 -2.885048335573697109e+00 1.158467853959118798e+01 -1.713571781380685444e+00 1.158467853959118798e+01 -1.412782211267982646e+01
3.619473399617865539e+01 7.620893401224634323e-01 9.414470321411134712e-01 7.620893401224634323e-01 3.888427642164581499e+01 -8.305259968683623484e+00 9.414470321411134712e-01 -8.305259968683623484e+00 3.902186252019303137e+00
-1.579795393206990717e+01 5.872533340476126185e+00 2.280277551447962736e+00 5.872533340476126185e+00 -2.755498757327757886e+01 -6.037851105940048591e+00 2.280277551447962736e+00 -6.037851105940048591e+00 -5.275232065544081905e+01
-3.052777058181584735e+00 2.932499400585467875e+00 -7.804034953746366021e-01 2.932499400585467875e+00 -1.228902805774876761e+01 -1.517313613949576379e+01 -7.804034953746366021e-01 -1.517313613949576379e+01 -2.969604978088227298e+01
-6.913261975949629878e+00 1.480228011609354244e+00 -1.926449862777230138e+01 1.480228011609354244e+00 -2.582775662784438708e+01 -1.285421177673322468e+01 -1.926449862777230138e+01 -1.285421177673322468e+01 -7.319447263755625954e+01
3.348308187002979253e+01 1.422599987479779315e+01 -7.275864085096612754e-01 1.422599987479779315e+01 1.880958333375333780e+01 -6.795504228795562263e+00 -7.275864085096612754e-01 -6.795504228795562263e+00 -1.592102760394140937e+01
5.568501887301481545e+00 3.619476422443361319e+00 -1.231204108038210876e+01 3.619476422443361319e+00 1.304379079635755367e+01 -3.170725007677768659e+00 -1.231204108038210876e+01 -3.170725007677768659e+00 -3.194103733251977673e+01
3.599589815275943749e+01 1.617375141367518765e+01 1.880520209802439879e+01 1.617375141367518765e+01 5.605311727013281597e+01 -4.969894727465972828e+00 1.880520209802439879e+01 -4.969894727465972828e+00 1.430751787775296258e+01
-3.806041119671994721e+01 -1.988637171144034355e+01 -7.086007407521139889e+00 -1.988637171144034355e+01 -3.127956937336622190e+01 1.367235243815850865e+01 -7.086007407521139889e+00 1.367235243815850865e+01 -5.616454357625122640e+01
2.803415437942760491e+01 1.681158679559137781e+01 1.973762288480451588e+01 1.681158679559137781e+01 5.146250879200839989e+01 1.855601810276617059e+01 1.973762288480451588e+01 1.855601810276617059e+01 1.306155078636408895e+01
1.647647635870441052e+00 -5.856287232695320810e+00 7.118329683882124392e+00 -5.856287232695320810e+00 1.223433127551813193e+01 -2.914304393720125841e+00 7.118329683882124392e+00 -2.914304393720125841e+00 -3.387112579609996743e+01
3.793031365599363269e+00 -5.481326266686071813e-01 -7.095536311710056054e+00 -5.481326266686071813e-01 1.067094039107911208e+01 -4.382567806204395566e+00 -7.095536311710056054e+00 -4.382567806204395566e+00 -1.269656414689422874e+01
2.501153337320692227e+00 3.468736863494802147e+00 5.324440912469420084e+00 3.468736863494802147e+00 -2.644856819028106987e+00 1.777286705031318137e+00 5.324440912469420084e+00 1.777286705031318137e+00 -1.053824821188095306e+01
-1.448549222896565247e+01 7.180560410004255267e+00 1.912901911010411293e+00 7.180560410004255267e+00 -3.628126573577875380e+00 -7.439953003679886656e+00 1.912901911010411293e+00 -7.439953003679886656e+00 3.410533472229615626e+01
-6.157125022649062585e-01 -3.766582750574172245e+00 -2.722358975232981848e+01 -3.766582750574172245e+00 -3.526668834785395745e+01 6.168323293784005124e+00 -2.722358975232981848e+01 6.168323293784005124e+00 -3.930773264271898881e+01
4.672748744546552757e+01 4.716287164339704852e+00 -2.026133544681259835e+00 4.716287164339704852e+00 4.592102918935910338e+01 2.762214789403905635e-01 -2.026133544681259835e+00 2.762214789403905635e-01 5.336590649874666248e+00
-2.353285607547364044e+00 1.705895217036394840e+01 -1.631967392082923185e+00 1.705895217036394840e+01 -3.060647266436533442e+01 -7.295009594410259979e+00 -1.631967392082923185e+00 -7.295009594410259979e+00 -1.201988308761991675e+01
1.678150017297437913e+01 1.066253335405462899e+01 7.378178215234187931e+00 1.066253335405462899e+01 4.867006573001879666e+00 -3.782733662664337526e+00 7.378178215234187931e+00 -3.782733662664337526e+00 -1.875016957500307413e+01
3.273958407543958060e+01 4.709225661574787836e+00 -2.980598843286670352e+00 4.709225661574787836e+00 4.095148719243655933e+01 -1.024481311505769598e+00 -2.980598843286670352e+00 -1.024481311505769598e+00 1.181616535238904753e+01
-1.456928360707376768e+01 1.748077265437684957e+01 -2.026151974728255212e+01 1.748077265437684957e+01 1.540296037741087787e+01 2.593851602777630205e+01 -2.026151974728255212e+01 2.593851602777630205e+01 -3.535997257684935846e+01
4.344708814500475569e+01 -4.879201827043353035e+00 -1.527130000321211334e+01 -4.879201827043353035e+00 4.234621424230194719e+01 -9.450829499520949639e-01 -1.527130000321211334e+01 -9.450829499520949639e-01 -9.922016631077359428e-01
3.738574231395683256e+01 -4.524375811679314019e+00 4.423502298354998530e+00 -4.524375811679314019e+00 4.362949319479997712e+01 2.350687225536661984e+00 4.423502298354998530e+00 2.350687225536661984e+00 1.055949093952460283e+00
-4.533042580337537686e+01 1.274830207661122650e+01 -3.237695874984519495e+00 1.274830207661122650e+01 -3.328936697116308796e+00 3.413287937533107552e+00 -3.237695874984519495e+00 3.413287937533107552e+00 -4.240955072683146199e+01
-3.704974745427210792e+01 -1.603056014134696738e+01 -3.221419843109361913e+00 -1.603056014134696738e+01 -3.890938313257290559e+01 4.065330213419797722e+00 -3.221419843109361913e+00 4.065330213419797722e+00 -3.960191937839905307e+01
9.046154302824051641e+00 2.744592763141518343e+00 -3.623985015133244225e+00 2.744592763141518343e+00 1.595052958820782629e-01 1.112158188492972322e+01 -3.623985015133244225e+00 1.112158188492972322e+01 -1.285623674414421735e+01
-3.052838444842309329e+01 -1.655290970901275571e+01 -1.118376561025523763e+01 -1.655290970901275571e+01 -4.376231089539302843e+00 -1.245620402746759403e+01 -1.118376561025523763e+01 -1.245620402746759403e+01 4.084002112414729169e+01
-3.939489616288017970e+01 -5.210978658061138358e-01 1.800511474983922611e+01 -5.210978658061138358e-01 -8.856554461775228759e+00 -9.345337620198215234e+00 1.800511474983922611e+01 -9.345337620198215234e+00 -3.697634344263686046e+01
6.438970410259311450e+01 8.589051774360036973e+00 9.432810184458091385e+00 8.589051774360036973e+00 6.465192819245834244e+01 7.530293269089397334e+00 9.432810184458091385e+00 7.530293269089397334e+00 3.618675161448047817e+01
2.082111213472944300e+01 7.049878912031951828e+00 -5.710396322763794386e-01 7.049878912031951828e+00 2.974280660184904690e+01 5.084994758482214827e+00 -5.710396322763794386e-01 5.084994758482214827e+00 1.564461295591055823e+01
-2.128266488917642718e+01 1.779424844319640897e+01 -1.746343974145982969e+01 1.779424844319640897e+01 -2.803058554576954720e+01 2.506878932765896906e+00 -1.746343974145982969e+01 2.506878932765896906e+00 -2.784071810734837626e+01
-4.774130293035717187e+01 2.201923999245746799e+01 -5.015236120543422604e-01 2.201923999245746799e+01 -2.152596854989657871e+01 -1.413527926419394198e+01 -5.015236120543422604e-01 -1.413527926419394198e+01 2.068325642263308239e+01
-8.219042644000396081e+00 -1.213851292792716752e+00 2.539392098869225833e+01 -1.213851292792716752e+00 -1.334868364834883536e+01 -4.216268984605426873e+00 2.539392098869225833e+01 -4.216268984605426873e+00 -3.904657270915193834e+01
5.829447393616005968e+01 2.116271526616015919e+00 9.823719909525195249e+00 2.116271526616015919e+00 5.199245157710498688e+01 7.895439813527003636e+00 9.823719909525195249e+00 7.895439813527003636e+00 1.184917504552543122e+01
1.348449957242096175e+01 6.086872768060154648e+00 9.478186568847954518e+00 6.086872768060154648e+00 2.611027549854880192e+01 8.516158972947298622e+00 9.478186568847954518e+00 8.516158972947298622e+00 -1.774385077241888098e+01
-1.884444153789442922e+01 2.180123460448242056e+01 -8.398675423988565925e+00 2.180123460448242056e+01 -1.256166786907557409e+01 -7.081232834489453509e+00 -8.398675423988565925e+00 -7.081232834489453509e+00 -4.381383057650612045e+01
-2.872455750040757483e+00 -6.109883879899091319e+00 -9.778228152581164068e+00 -6.109883879899091319e+00 -1.193919342508394710e+00 -1.045128663550775716e+00 -9.778228152581164068e+00 -1.045128663550775716e+00 -3.203451476748385574e+01
6.056554763168785627e+01 4.958805005654264519e+00 1.292271248917060245e+00 4.958805005654264519e+00 6.341539216557857372e+01 2.076913960267913417e+00 1.292271248917060245e+00 2.076913960267913417e+00 -5.317073336911843917e+00
2.208055921751842021e+01 6.310795078747661435e+00 -4.064398950190902582e+00 6.310795078747661435e+00 8.234842130542707750e+00 -2.909475752028948037e+00 -4.064398950190902582e+00 -2.909475752028948037e+00 -1.098514577513266843e+01
2.956739865212766993e+00 1.659316558847457657e+01 -1.094838778893151954e+01 1.659316558847457657e+01 3.128796473221616381e+01 4.671022030210949971e+00 -1.094838778893151954e+01 4.671022030210949971e+00 -2.462883678492080364e+01
5.494049220327782734e+01 8.967383432556101042e+00 -2.225591553135099598e+00 8.967383432556101042e+00 4.959042488537005511e+01 1.456932767907486159e+00 -2.225591553135099598e+00 1.456932767907486159e+00 2.603151160723141455e+00
-4.084229841799396610e+01 -8.965989144916266085e+00 -9.709772189154262934e-02 -8.965989144916266085e+00 -5.074907043102163584e+01 1.790081500995236397e+01 -9.709772189154262934e-02 1.790081500995236397e+01 -3.113904089831919464e+01
5.936619184708386143e+01 1.032943450291710441e+01 3.322782044329829265e+00 1.032943450291710441e+01 5.266045620611112810e+01 4.328250652016296662e+00 3.322782044329829265e+00 4.328250652016296662e+00 7.325719168644342361e+00
-2.795201717859207236e+01 -7.056027606030287558e+00 6.833560894157717946e+00 -7.056027606030287558e+00 -2.447183570823855447e+01 -6.617439613922501351e+00 6.833560894157717946e+00 -6.617439613922501351e+00 -2.022648613597581857e+01
-1.074028467372008500e+01 2.159658818592358998e+01 1.583405499237535352e+01 2.159658818592358998e+01 -3.104458183608522148e+01 -1.054300801382869679e+01 1.583405499237535352e+01 -1.054300801382869679e+01 -8.542978988726763134e+01
-1.572179299759200788e+00 1.033331308845659358e+01 3.856620335397348054e+00 1.033331308845659358e+01 -2.670849476371686393e+01 5.640266409450249263e+00 3.856620335397348054e+00 5.640266409450249263e+00 -2.358262080860944110e+01
-1.426021432442416526e+01 6.022538604838651111e+00 -1.838030420828248745e+00 6.022538604838651111e+00 1.291912296574836283e+01 -1.548247788874765440e+00 -1.838030420828248745e+00 -1.548247788874765440e+00 -2.756502718151995523e+01
1.920864159799240767e+01 -9.020846589885136879e+00 -1.914912847057799627e+00 -9.020846589885136879e+00 1.748522356380776799e+01 6.526234672815954596e+00 -1.914912847057799627e+00 6.526234672815954596e+00 -1.330330793388510280e+01
1.103966492561425383e+01 -1.754792423423772174e+00 -2.503610076796964012e+00 -1.754792423423772174e+00 4.650236133224944918e-02 -9.102281389605419548e+00 -2.503610076796964012e+00 -9.102281389605419548e+00 -2.654499050074161559e+01
-8.077115528976325010e+00 3.830966329873795928e+00 2.201896019470201438e+01 3.830966329873795928e+00 -2.097252701515370887e+01 -1.538114092680217038e+00 2.201896019470201438e+01 -1.538114092680217038e+00 3.422626648073305944e+01
-6.847280488925571618e+00 5.268712420148190745e+00 3.298278855933551412e+00 5.268712420148190745e+00 -1.400556194684283717e+01 -2.643438012373976065e+01 3.298278855933551412e+00 -2.643438012373976065e+01 -2.617889432379078229e+01
6.816914065586281879e+01 1.465477304408549841e+01 1.155436158575552774e+01 1.465477304408549841e+01 6.403707012265114429e+01 7.435239288360842025e-01 1.155436158575552774e+01 7.435239288360842025e-01 5.943011465468830323e+01
2.679982351455018375e+01 -5.059189438125965665e+00 1.045113445375325911e+00 -5.059189438125965665e+00 2.477432525018292253e+01 -5.867211172005551312e+00 1.045113445375325911e+00 -5.867211172005551312e+00 -3.092905257426838972e+00
6.399061925249619520e+01 3.508778412638410771e+01 -2.058128915970710437e+01 3.508778412638410771e+01 6.421293231848221694e+01 1.877552788428461739e+01 -2.058128915970710437e+01 1.877552788428461739e+01 2.386187794878905422e+01
8.440207072309473091e+00 -1.707355042110483367e+01 1.134590106374076868e+01 -1.707355042110483367e+01 1.724607523018700661e+01 -8.136300499544011355e-01 1.134590106374076868e+01 -8.136300499544011355e-01 -4.858138118669567973e+01
4.214935268606904373e+01 4.140154725634392463e+00 -1.954722112378396659e+01 4.140154725634392463e+00 1.754437074276746600e+01 -9.585385789283126456e+00 -1.954722112378396659e+01 -9.585385789283126456e+00 7.751940936544525762e+00
-3.324222691896063964e+01 5.206683039649257161e+00 5.400853171231243977e+00 5.206683039649257161e+00 -3.884771843217286857e+01 4.861649307766353900e-02 5.400853171231243977e+00 4.861649307766353900e-02 -4.276443728125637023e+01
-3.602541376276092944e+00 -1.042543511512302246e+01 -4.824616033017341543e+00 -1.042543511512302246e+01 -1.588188110581379853e+01 4.701168557471225640e+00 -4.824616033017341543e+00 4.701168557471225640e+00 -2.771883563226622016e+01
-7.166056457766637244e+00 -9.395057774710911858e+00 -9.881837884610995548e-01 -9.395057774710911858e+00 -8.768282937549491507e+00 1.295286825924763363e+01 -9.881837884610995548e-01 1.295286825924763363e+01 -1.389811601370375804e+01
-1.354028659777081600e+01 -1.266724807119244645e+01 5.710553147115273731e+00 -1.266724807119244645e+01 2.802558941791383873e+00 -4.923563256033917090e-01 5.710553147115273731e+00 -4.923563256033917090e-01 -3.898112628656852507e+01
1.887957308918628385e+01 -1.101784334814324851e+01 -4.325163447383400417e+00 -1.101784334814324851e+01 2.714804043899682995e+01 -4.699939212874217453e+00 -4.325163447383400417e+00 -4.699939212874217453e+00 -2.374713347084846049e+00
-3.622049005093487750e+01 1.081420623819323268e+01 7.693431095428546307e+00 1.081420623819323268e+01 -1.556883192123029680e+01 -1.263427619575246297e+01 7.693431095428546307e+00 -1.263427619575246297e+01 1.740734107681450737e+01
-1.040404145056736418e+01 1.431810963446919338e+01 6.749716839472589491e+00 1.431810963446919338e+01 8.461860550527710245e+00 7.042055316934572318e+00 6.749716839472589491e+00 7.042055316934572318e+00 -1.384508373416431048e+01
2.988496724880250710e+01 9.450728274063198597e+00 2.378337938863482748e+01 9.450728274063198597e+00 2.553529013376365597e+01 -1.033285903908473458e+01 2.378337938863482748e+01 -1.033285903908473458e+01 2.029804175218652418e+01
-2.844740231404414565e+00 -6.952102997642832349e+00 -9.786599651200475591e+00 -6.952102997642832349e+00 -9.984869468872046738e+00 6.061376023119760426e+00 -9.786599651200475591e+00 6.061376023119760426e+00 -5.292518606339140064e+01
5.075294689178956986e+01 -5.362270218591826065e+00 -1.451067886938441198e+01 -5.362270218591826065e+00 5.031731246644062594e+01 -5.710386091424324739e+00 -1.451067886938441198e+01 -5.710386091424324739e+00 3.691910102012293748e+01
-3.140933034399996870e+01 -3.530720982475936687e+00 -1.500201996965269657e+01 -3.530720982475936687e+00 -5.266983209347321804e+01 7.636818135214011427e+00 -1.500201996965269657e+01 7.636818135214011427e+00 -6.583506098236752280e+01
-6.177270834861169568e+00 2.281943315088769708e+01 5.932504461949918984e+00 2.281943315088769708e+01 -1.659132640256978064e+01 -1.851437749634444518e+00 5.932504461949918984e+00 -1.851437749634444518e+00 -3.663791698588173062e+01
2.161548733854617765e+01 3.009355475720291828e+00 -5.555431378816884092e+00 3.009355475720291828e+00 9.509909390465150381e+00 8.884090350151307547e+00 -5.555431378816884092e+00 8.884090350151307547e+00 -3.818971115639261171e+00
7.945257331419279367e+00 -5.306127064656515735e+00 8.120065518884485911e+00 -5.306127064656515735e+00 1.155144952471700215e+01 5.753933960915650347e-01 8.120065518884485911e+00 5.753933960915650347e-01 8.175829170093912523e+00
-1.326237035547861076e+01 -6.997313954173618455e+00 4.653637097322286920e+00 -6.997313954173618455e+00 -4.218246323917048812e+01 -7.508443760960135549e+00 4.653637097322286920e+00 -7.508443760960135549e+00 -6.274839310833615258e+01
1.969663462245200503e+00 2.725939560351328339e+00 -1.170235269486077279e+01 2.725939560351328339e+00 -5.021963274474468442e+00 4.335954055455481182e+00 -1.170235269486077279e+01 4.335954055455481182e+00 -4.631650045170352392e+00
-4.459397166657447897e+00 8.133902089487712317e+00 -5.504054409352483468e+00 8.133902089487712317e+00 -4.793210771911392776e+00 -6.965368572187493612e+00 -5.504054409352483468e+00 -6.965368572187493612e+00 -3.115612351593961549e+01
1.064377986245295737e+01 8.088851744866634164e-01 -5.281778619490501647e+00 8.088851744866634164e-01 4.551954420833598647e+01 -1.123481210222366222e+01 -5.281778619490501647e+00 -1.123481210222366222e+01 -9.449482881224810171e+00
-6.017840042585092419e+01 1.277541856540854504e+01 -1.073673416572701811e+01 1.277541856540854504e+01 -2.616404139733046819e+01 7.571016117991333338e+00 -1.073673416572701811e+01 7.571016117991333338e+00 -6.233105981208870361e+01
3.865276279208209331e+01 2.427124084515306990e+01 5.668866079199323949e+00 2.427124084515306990e+01 4.549153920211424662e+01 -1.022949699257169165e+00 5.668866079199323949e+00 -1.022949699257169165e+00 -9.639289174325401888e+00
3.028874381883915490e+01 4.294659675318274417e+00 8.481755040569645132e-01 4.294659675318274417e+00 1.976039018376125966e+01 -8.185655474209005078e+00 8.481755040569645132e-01 -8.185655474209005078e+00 -1.061366474454272080e+01
-2.256421539691963130e+00 -1.610054299305299308e+00 1.522580942208217181e+01 -1.610054299305299308e+00 -2.152263558965755053e+01 3.193602682081211785e+00 1.522580942208217181e+01 3.193602682081211785e+00 -2.825608119544777708e+01
1.560025401540824141e+01 -1.519416777180785161e+01 3.444585233914599254e+00 -1.519416777180785161e+01 2.054871925199851646e+01 1.291431832600837826e+00 3.444585233914599254e+00 1.291431832600837826e+00 -3.584166377158864236e+01
-1.631246209942782599e+01 4.163916760335775180e+00 -1.191062068841603860e+01 4.163916760335775180e+00 -4.139085614766116095e+01 8.214899794153966539e+00 -1.191062068841603860e+01 8.214899794153966539e+00 -4.187855764392335800e+01
-2.821429296073874937e+01 1.234522970456980673e+01 -1.587871120282314585e+01 1.234522970456980673e+01 -4.233944678796977712e+01 -9.310433627537406664e+00 -1.587871120282314585e+01 -9.310433627537406664e+00 -3.257532277613744753e+01
8.773003642880484065e+00 5.044374417704982960e+00 3.749213261029115341e+00 5.044374417704982960e+00 3.514922179068026065e+00 -3.326344057216684025e+00 3.749213261029115341e+00 -3.326344057216684025e+00 -2.394975504491136498e+00
-5.570071328450850245e+01 1.772716635445755173e+01 -2.157725899353371091e+01 1.772716635445755173e+01 -4.929638990776473406e+01 -1.479129633992544512e+01 -2.157725899353371091e+01 -1.479129633992544512e+01 -5.659541349573997593e+01
-3.678609328771805309e+01 1.187592345117415427e+01 -1.317576494796900022e+01 1.187592345117415427e+01 -1.702316952629439584e+01 -1.581078056471645787e+01 -1.317576494796900022e+01 -1.581078056471645787e+01 -4.977176038260405022e+01
4.593587281824445512e+01 -3.997988619887783646e+00 -9.449221761998616742e+00 -3.997988619887783646e+00 2.410177007700293572e+01 -1.522606161046671236e+00 -9.449221761998616742e+00 -1.522606161046671236e+00 -1.646140356422566953e+01
2.817763258747422483e+01 -6.057644153695629363e+00 1.110740904870752566e+01 -6.057644153695629363e+00 2.352230883998256061e+01 -1.026066576900958438e+01 1.110740904870752566e+01 -1.026066576900958438e+01 -2.076938695354710873e+00
1.059553308882410683e+01 2.051702383586561140e+01 -2.546561068726736377e+00 2.051702383586561140e+01 -1.233997344254092354e+01 1.570309964168690975e+01 -2.546561068726736377e+00 1.570309964168690975e+01 -5.978653655704873415e+01
1.005100858184904355e+00 -1.433925960673521294e+00 -3.043593194420055159e+00 -1.433925960673521294e+00 5.264759228118200823e-02 -1.406532097365679945e+01 -3.043593194420055159e+00 -1.406532097365679945e+01 -3.683856521671967243e+01
-2.531829253896896503e+01 -8.482982081920388495e+00 1.027716934548850425e+01 -8.482982081920388495e+00 -1.305044990276832628e+01 1.257838177117041134e+01 1.027716934548850425e+01 1.257838177117041134e+01 -5.037520165428498586e+01
-1.924438195056973200e+01 -1.660267363484091518e+01 -5.585781828205523603e+00 -1.660267363484091518e+01 -9.781892835789056662e+00 3.024796755579230112e+00 -5.585781828205523603e+00 3.024796755579230112e+00 -5.836317919862816694e+01
-3.855172574070054736e+01 -1.625137235433325600e+01 8.698571815817384589e+00 -1.625137235433325600e+01 -4.692612947447271665e+01 -1.077327064625830211e+01 8.698571815817384589e+00 -1.077327064625830211e+01 -6.379989838490570975e+01
-1.783482060852156792e+01 8.635370056618354440e+00 -1.987622760388018328e+00 8.635370056618354440e+00 -1.961067537521179105e+01 8.978257435820740540e+00 -1.987622760388018328e+00 8.978257435820740540e+00 -5.452079758360233086e+01
3.542295437112920720e+00 -1.995689529255460215e+01 2.236797324053782177e+01 -1.995689529255460215e+01 1.187820306578749374e+01 -1.627742380029243918e+01 2.236797324053782177e+01 -1.627742380029243918e+01 -2.957374191417723708e+01
-1.104471888977222349e+01 1.489121661269943253e+01 5.407498416585672985e+00 1.489121661269943253e+01 -3.862922071190945417e+01 -5.713343684203062267e+00 5.407498416585672985e+00 -5.713343684203062267e+00 -5.066549400137213865e+01
1.342148985167594333e+01 3.597015845967459491e+00 -1.901135596792904447e-01 3.597015845967459491e+00 2.077163049744302725e+01 1.456325493131088678e+01 -1.901135596792904447e-01 1.456325493131088678e+01 -2.956384835030304803e+00
