1.736659947978493435e+01 -1.844425397467850170e+00 1.075652795060250000e+01 -1.844425397467850170e+00 3.010601585820828063e+01 6.361393755843797848e+00 1.075652795060250000e+01 6.361393755843797848e+00 1.307036546993709436e+01
-1.687473756927399648e+01 1.392765470891184876e+01 6.402331514364069776e+00 1.392765470891184876e+01 -4.808175774025651439e-01 5.778835908508362706e+00 6.402331514364069776e+00 5.778835908508362706e+00 1.811268330551749273e+01
5.409519102520416567e+01 7.322592177617610609e+00 6.976553253128572329e-01 7.322592177617610609e+00 5.708105015280982286e+01 2.406985086111772087e+00 6.976553253128572329e-01 2.406985086111772087e+00 2.108472406334735183e+01
-1.998866437030188692e+01 8.666593912468837146e+00 3.830580152016630491e-01 8.666593912468837146e+00 -4.933148585345097814e+00 9.371688405751477546e+00 3.830580152016630491e-01 9.371688405751477546e+00 -1.342398136723429580e+01
6.210412672180025240e+00 1.006165332873115936e+01 9.933782951301937947e-02 1.006165332873115936e+01 9.474133163360040299e+00 3.262558283275017512e+00 9.933782951301937947e-02 3.262558283275017512e+00 -1.689349650462281360e+01
-3.598728765942775798e+00 7.005479699632018331e+00 -3.160864215956761480e+00 7.005479699632018331e+00 9.016418972860748227e+00 4.473914634923708000e-01 -3.160864215956761480e+00 4.473914634923708000e-01 2.173189468533242419e+01
1.101000415559091472e+01 7.006613286042483679e+00 -1.796300129535012946e+00 7.006613286042483679e+00 7.264191676154752919e+00 8.330409692455594595e+00 -1.796300129535012946e+00 8.330409692455594595e+00 -5.680357299053000020e+00
4.129949383136287366e+01 -1.923374335994921580e+00 1.613996516963585703e+00 -1.923374335994921580e+00 3.956900136424122394e+01 -9.257656585942212857e+00 1.613996516963585703e+00 -9.257656585942212857e+00 2.126691544243084309e+01
4.235927076543710257e+01 -9.106223304774669458e+00 1.124932882143650659e+01 -9.106223304774669458e+00 5.746888273446182893e+01 1.956281626940594931e+00 1.124932882143650659e+01 1.956281626940594931e+00 9.605419107590273953e+00
4.705213329713018311e+01 3.292709875844739731e+00 -1.412565510342997710e+00 3.292709875844739731e+00 5.087959649383205374e+01 1.790936514908542554e+00 -1.412565510342997710e+00 1.790936514908542554e+00 1.934832801577120875e+01
1.764251066115423683e+01 -8.310163265868563798e+00 -5.451759934063179713e+00 -8.310163265868563798e+00 3.050172561431059393e+01 2.312695498175015629e+00 -5.451759934063179713e+00 2.312695498175015629e+00 -3.350269620938000514e+01
-1.840488481255908582e+01 -4.304790866218390022e+00 4.360536522250100688e+00 -4.304790866218390022e+00 -1.078140646783534606e+00 1.615527922333674926e+00 4.360536522250100688e+00 1.615527922333674926e+00 6.019844903354841570e+00
-4.328675192173697006e+00 1.869614629687843976e+00 8.817381145348379690e+00 1.869614629687843976e+00 -1.674135218844976691e+01 -5.300517674779387178e+00 8.817381145348379690e+00 -5.300517674779387178e+00 3.232224566851017045e+01
2.689781978336172230e+01 2.217040704458358658e+00 1.984885318118709385e+00 2.217040704458358658e+00 2.218973687248100291e+01 5.885214279567200002e+00 1.984885318118709385e+00 5.885214279567200002e+00 2.168374339237373860e+01
1.968727745558627262e+01 -5.908882938533055018e+00 1.066026955819671329e+01 -5.908882938533055018e+00 7.998154861004585392e+00 -9.313589534796948399e+00 1.066026955819671329e+01 -9.313589534796948399e+00 3.235734855119893449e+00
3.322238469273683137e+01 9.888639293866434699e+00 3.072600759083584432e+00 9.888639293866434699e+00 3.226863961606743914e+01 1.145204587071600422e+01 3.072600759083584432e+00 1.145204587071600422e+01 3.449234735110485417e+01
8.888662348739384100e+00 9.070876697208717587e+00 3.447684929284551281e+00 9.070876697208717587e+00 7.204773872240479271e+00 1.051648962411005428e+01 3.447684929284551281e+00 1.051648962411005428e+01 -9.233452121173595373e+00
3.710871500794412725e+01 1.790946029402148865e+00 -3.970511359724336331e-01 1.790946029402148865e+00 3.942275833424183418e+01 4.224295440641854249e+00 -3.970511359724336331e-01 4.224295440641854249e+00 2.674495849692602789e+01
-2.835184130577611317e+00 1.089424789502011670e+01 1.723388995333316842e+01 1.089424789502011670e+01 -1.435208838107979723e+01 2.637931659221040448e+00 1.723388995333316842e+01 2.637931659221040448e+00 -2.937125527813047654e+01
3.178663629558984027e+01 1.110438258196945327e+01 -3.370503148148960015e+00 1.110438258196945327e+01 3.156536218368759350e+01 -3.963407429936655624e-01 -3.370503148148960015e+00 -3.963407429936655624e-01 2.294246603811637897e+01
-2.748926276517193124e+00 3.405461741176751822e+00 -4.693123793808699595e+00 3.405461741176751822e+00 -7.308331054866116006e+00 4.019020258631904596e+00 -4.693123793808699595e+00 4.019020258631904596e+00 -1.524354931169147953e+01
-1.016262636182489842e+01 -8.936071648886715124e+00 3.117128839939284468e+00 -8.936071648886715124e+00 -1.199714350803723129e+01 -2.805123708783528791e+00 3.117128839939284468e+00 -2.805123708783528791e+00 -1.109919385950216508e+01
2.792697637576885228e+01 2.311570207216294470e+00 5.247561243684319976e+00 2.311570207216294470e+00 2.720861951620940999e+01 -1.059406011448733587e+01 5.247561243684319976e+00 -1.059406011448733587e+01 1.496247490985650863e+01
4.786540848853238828e+01 1.385731856027865838e+01 1.957628210523392420e+00 1.385731856027865838e+01 3.022311646245004368e+01 1.001418155960574374e+01 1.957628210523392420e+00 1.001418155960574374e+01 -8.227253725749278601e+00
-5.984104040007419911e+00 -5.814500887882261271e-01 -1.093634319403747002e+00 -5.814500887882261271e-01 1.505508918150748887e-01 6.085561648359233189e+00 -1.093634319403747002e+00 6.085561648359233189e+00 -5.044215583113215828e+00
4.230991294135250058e+01 3.211948362877430352e+00 -1.446031292949744529e+00 3.211948362877430352e+00 4.166494191410994574e+01 -3.467313403161631058e+00 -1.446031292949744529e+00 -3.467313403161631058e+00 1.126145515971803235e+01
-2.086455182934125929e+01 5.152623043268121705e+00 -5.902965405921638542e+00 5.152623043268121705e+00 -1.078801003476726450e+01 2.682013577041357344e+00 -5.902965405921638542e+00 2.682013577041357344e+00 6.652172657875349060e+00
3.887149826241302719e+01 1.110498612651567107e+01 -5.033189982734838530e+00 1.110498612651567107e+01 4.893504579623809292e+01 -1.518827158171259661e+01 -5.033189982734838530e+00 -1.518827158171259661e+01 3.513210695363211755e+01
1.466873437977494632e+01 8.802827329962347847e+00 -8.342218270581543749e+00 8.802827329962347847e+00 1.755367696687480006e+01 3.828328684813907312e+00 -8.342218270581543749e+00 3.828328684813907312e+00 3.247925006487316857e+00
-1.262002064087776354e+01 -2.150516875168011932e+00 -6.940038932754876377e+00 -2.150516875168011932e+00 -3.412592048184235693e+01 -8.174458346750721915e+00 -6.940038932754876377e+00 -8.174458346750721915e+00 -1.039147595498906185e+01
-2.790056781022467902e+01 1.377040459780776160e-01 -2.310571815308480215e+00 1.377040459780776160e-01 -3.150378014817783789e+00 2.197214991075334911e+00 -2.310571815308480215e+00 2.197214991075334911e+00 3.728914311907247026e+01
1.358985250404735901e+01 -1.664185023877585712e+00 -1.730325684139772591e+01 -1.664185023877585712e+00 2.122474392186846615e+01 -2.970140105538178865e+00 -1.730325684139772591e+01 -2.970140105538178865e+00 -9.644927171395218934e+00
1.776983210568204896e+01 3.236300494622822210e+00 -1.276694425057610660e+00 3.236300494622822210e+00 1.484754917227416371e+01 -1.314972052173830086e+01 -1.276694425057610660e+00 -1.314972052173830086e+01 1.196801815966923144e+01
2.502373978314241132e+00 1.489804544368012884e+01 1.193638722850155887e+01 1.489804544368012884e+01 7.238289041925127343e+00 1.173364019546123904e+00 1.193638722850155887e+01 1.173364019546123904e+00 -1.780043177562414414e+01
4.903881057112376141e+01 -8.592012439588907202e-02 -2.091598889352213331e-01 -8.592012439588907202e-02 3.948547001633112785e+01 -8.322273166556362511e+00 -2.091598889352213331e-01 -8.322273166556362511e+00 2.156344875940935779e+01
5.435739443869460175e+00 1.797302008210059032e+00 -2.786370713523693698e+00 1.797302008210059032e+00 2.305736369642739536e+00 -6.774365444996973018e+00 -2.786370713523693698e+00 -6.774365444996973018e+00 -1.452379204965324178e+01
-5.615729337125896059e+00 -1.073848698159323867e+01 1.285341311568643841e+00 -1.073848698159323867e+01 -1.332121229312216570e+01 1.020268904821287625e+00 1.285341311568643841e+00 1.020268904821287625e+00 -5.511953205825552260e+00
-1.522111960072789394e+01 -1.534076407421138599e+00 -2.305173559861571242e+00 -1.534076407421138599e+00 2.816140558647557857e+00 -6.981206224144536066e+00 -2.305173559861571242e+00 -6.981206224144536066e+00 1.682613997062307121e+01
-2.098521814533863150e+01 -3.259533959154574667e+00 -2.595128213203166112e+00 -3.259533959154574667e+00 -2.421821936163594202e+01 -7.135886685440236299e+00 -2.595128213203166112e+00 -7.135886685440236299e+00 -2.142984410109852433e+01
1.453095463146136446e+01 1.151279361481095442e+01 1.693324262475117337e+01 1.151279361481095442e+01 -7.560737845578885619e+00 1.001402564735569989e+01 1.693324262475117337e+01 1.001402564735569989e+01 -1.812907158546135822e+00
5.284212952342555525e+01 5.367699433526136765e+00 -1.149395433813905676e+01 5.367699433526136765e+00 4.530765377036880892e+01 -1.966359852800638963e+00 -1.149395433813905676e+01 -1.966359852800638963e+00 2.532763607798886341e+01
-6.823609350468662349e-01 1.042698678983612792e+00 -1.226846990321165976e+01 1.042698678983612792e+00 -1.254420423313639610e+01 8.072356582901565325e-01 -1.226846990321165976e+01 8.072356582901565325e-01 -9.764326674648312832e+00
-1.260390874756941137e+01 1.927781201409308753e-01 7.177176316961492830e+00 1.927781201409308753e-01 -5.076310096603603483e+01 3.094876331411135606e+00 7.177176316961492830e+00 3.094876331411135606e+00 2.893182011519291663e+01
2.027613800961745483e+01 -1.109751104338395855e+01 4.056722685669096329e+00 -1.109751104338395855e+01 3.160134906500523755e+00 3.408079981412292181e+00 4.056722685669096329e+00 3.408079981412292181e+00 2.559761457243802596e+01
-1.476652054120425106e+01 9.515233113111911223e+00 -5.613304422628424550e-01 9.515233113111911223e+00 -3.125567975546615784e+01 -1.784545666436221020e-02 -5.613304422628424550e-01 -1.784545666436221020e-02 3.372351050394055960e+01
3.925638205002331915e+01 8.691224171802057752e-01 3.107601300076192175e+00 8.691224171802057752e-01 3.788421069074445313e+01 2.411571494005626448e+01 3.107601300076192175e+00 2.411571494005626448e+01 4.978247742693405087e+01
-4.045676882174020328e+00 2.418414471988644454e+00 3.319596593160498266e+00 2.418414471988644454e+00 -4.124892187694960199e+01 9.200504868078004606e+00 3.319596593160498266e+00 9.200504868078004606e+00 5.872676364395599080e+01
-8.912344200844403375e+00 1.170809252434029002e+00 -7.582655854846501065e+00 1.170809252434029002e+00 1.300813364254798377e-01 4.833010620362765408e+00 -7.582655854846501065e+00 4.833010620362765408e+00 2.854080981726729860e+00
3.662186958880721654e+00 1.085771171826043435e+01 -4.455458585155548157e+00 1.085771171826043435e+01 2.332085579316535728e+01 7.175468351099243414e+00 -4.455458585155548157e+00 7.175468351099243414e+00 -1.431061164851288403e+01
3.912033392550894462e+01 2.007157095939716029e+00 9.507484383365744307e+00 2.007157095939716029e+00 3.206364855065248065e+01 9.545815668461039571e-01 9.507484383365744307e+00 9.545815668461039571e-01 3.806804905346895396e+01
-2.075168155882765930e+01 8.993555783332851661e+00 7.277141638560848058e+00 8.993555783332851661e+00 -4.318864080783574977e+00 4.689521840052282897e+00 7.277141638560848058e+00 4.689521840052282897e+00 6.517770256759403580e+00
-7.262926183117321521e+00 3.371591051085974122e+00 1.323075720769523045e+01 3.371591051085974122e+00 -1.445597486885750271e+01 -2.172309759551764863e+00 1.323075720769523045e+01 -2.172309759551764863e+00 -1.514957266348156928e+01
-1.524682754802474882e+01 7.752765024620694057e+00 -4.842874698376731679e+00 7.752765024620694057e+00 -1.546518413647350698e+01 1.251710416002153048e+00 -4.842874698376731679e+00 1.251710416002153048e+00 -3.070957538783970620e+01
2.796152807284928876e+00 6.151491128308866685e+00 4.116788088478349650e+00 6.151491128308866685e+00 1.543252912940116239e+01 -1.471156087941945190e+00 4.116788088478349650e+00 -1.471156087941945190e+00 2.679139312216894808e+01
2.704490628032331401e+01 -1.206588630659938310e+01 -5.184646157633055807e+00 -1.206588630659938310e+01 3.646275238010581177e+01 -1.100461921867612070e+01 -5.184646157633055807e+00 -1.100461921867612070e+01 -2.435712698227495565e+01
-9.563853802742846355e+00 5.572010069485322958e+00 4.603821543691607232e+00 5.572010069485322958e+00 2.881707616557450446e+00 5.603091363264955937e+00 4.603821543691607232e+00 5.603091363264955937e+00 -8.985232707907153227e+00
-9.270455354164514716e+00 1.538912563718649373e+01 -6.529717222137643162e+00 1.538912563718649373e+01 -4.734109123054853541e+00 1.317819479865050170e+01 -6.529717222137643162e+00 1.317819479865050170e+01 -1.674813889013681134e+01
1.003902775769648592e+01 -9.304886015024486090e-01 7.533892541323465863e+00 -9.304886015024486090e-01 3.838834401060741808e+00 -4.486328704667015721e+00 7.533892541323465863e+00 -4.486328704667015721e+00 2.423737285836335076e+01
-1.240509903049427365e+01 -1.471036902358680676e+00 -5.722578021972201334e+00 -1.471036902358680676e+00 -2.661566462965737045e+01 -4.694683934378008239e+00 -5.722578021972201334e+00 -4.694683934378008239e+00 -5.323960512490089059e+01
-1.395244642582694183e+01 1.316614166007791198e+01 8.847725802206846124e-01 1.316614166007791198e+01 -4.234436806708638557e+01 -6.605486003154980246e+00 8.847725802206846124e-01 -6.605486003154980246e+00 5.748299438725305777e+01
-1.086568708946141371e+01 -1.780142666668258755e+01 1.239148100765951632e+01 -1.780142666668258755e+01 7.579485569528370270e+00 7.337290483117414830e+00 1.239148100765951632e+01 7.337290483117414830e+00 -5.717179815109700058e+01
1.465611958193035136e+01 1.789870327327801292e+01 8.880672630240871612e+00 1.789870327327801292e+01 3.382638982269334349e+01 -1.051473276002779222e+01 8.880672630240871612e+00 -1.051473276002779222e+01 1.426930187507935877e+01
1.322954600662111702e+01 1.750144944822801252e+00 1.379542613577550370e+01 1.750144944822801252e+00 -7.841056792630246575e-01 3.489657995466885598e+00 1.379542613577550370e+01 3.489657995466885598e+00 3.842064181216359486e+01
-1.997455951268404917e+01 6.030797358450178614e+00 5.264747418781967170e+00 6.030797358450178614e+00 -2.347895921561236676e+01 -6.953999546462060088e+00 5.264747418781967170e+00 -6.953999546462060088e+00 1.245277113891100207e+01
4.518205621869463329e+01 -5.628578742815649072e+00 -2.459668560468448728e+00 -5.628578742815649072e+00 5.076201961736791191e+01 3.937923231473177133e+00 -2.459668560468448728e+00 3.937923231473177133e+00 4.726290678557102609e+01
3.854042442705395644e+01 3.564470885481058726e+00 -9.519271418096153514e-01 3.564470885481058726e+00 3.613335056746823426e+01 4.714975588257345751e-01 -9.519271418096153514e-01 4.714975588257345751e-01 1.173834616622190907e+01
-2.068005722547046688e+01 8.948962139158469498e+00 -5.767331951165122206e-01 8.948962139158469498e+00 -1.005767443404655070e+00 -2.069343129312366525e+00 -5.767331951165122206e-01 -2.069343129312366525e+00 2.626256554279069988e+01
1.650295651984962930e+01 -4.418578029051951184e+00 3.719809244700835293e+00 -4.418578029051951184e+00 3.077717974163125092e+01 1.385055178184669167e+01 3.719809244700835293e+00 1.385055178184669167e+01 1.577414794229656714e+01
-2.998483150506482176e+01 -4.818370504982914859e+00 1.737723633964499825e+01 -4.818370504982914859e+00 -1.975972577269276442e+01 1.432606625134209000e-01 1.737723633964499825e+01 1.432606625134209000e-01 -1.180332916348489647e+01
-1.642558125577317085e+01 -7.709001729671068892e-01 6.522052618171830796e-01 -7.709001729671068892e-01 -5.536135945511337297e+01 -6.582112272582716361e-01 6.522052618171830796e-01 -6.582112272582716361e-01 3.439704515183903766e+01
-5.563171724604303314e+00 7.656785487675255908e+00 5.453366469447336051e+00 7.656785487675255908e+00 -1.927207715481943495e+01 8.912714651034729485e+00 5.453366469447336051e+00 8.912714651034729485e+00 -3.460750077190154883e+01
5.265671029444687434e+01 -5.105500915609193946e+00 -1.117176208031523466e+01 -5.105500915609193946e+00 5.190506545829563834e+01 -2.569388929620478823e+00 -1.117176208031523466e+01 -2.569388929620478823e+00 2.203674602914124137e+01
3.570484330425150432e+01 -9.483716613068285284e+00 7.826053496949242572e+00 -9.483716613068285284e+00 2.716080269265888703e+01 -3.124674058569562263e+00 7.826053496949242572e+00 -3.124674058569562263e+00 -4.251727070266135833e+00
4.925795245389001309e+01 1.187287221030500994e+01 -5.910768566206793473e+00 1.187287221030500994e+01 4.006351091544287613e+01 -9.201136549254412600e+00 -5.910768566206793473e+00 -9.201136549254412600e+00 8.711108390077779262e+00
2.808525784232357214e+00 7.116292122482317239e+00 2.637924170853402028e+00 7.116292122482317239e+00 1.003934080013272911e+01 3.817304339886111286e+00 2.637924170853402028e+00 3.817304339886111286e+00 1.368809985837242316e+01
8.560303920982061499e+00 7.090521251591310303e+00 -3.985405821020786554e+00 7.090521251591310303e+00 9.020548790212354007e+00 4.008183168803126861e+00 -3.985405821020786554e+00 4.008183168803126861e+00 -5.296520910505030377e-01
3.007418027168522467e+00 -3.653105996795336097e+00 -8.350894815002874338e+00 -3.653105996795336097e+00 -2.606923854625426085e+00 4.858567199752395815e+00 -8.350894815002874338e+00 4.858567199752395815e+00 1.632061109707780844e+01
2.472407558244668735e+01 -8.038378289016618439e+00 -4.112759955582697913e+00 -8.038378289016618439e+00 2.241864132950665933e+01 4.589103311822676723e+00 -4.112759955582697913e+00 4.589103311822676723e+00 6.047835835284695705e+00
-5.866455766210128431e+00 -9.651100441902611848e+00 -2.053375388920698263e+00 -9.651100441902611848e+00 -2.215843666353464769e+01 5.183911478262907657e+00 -2.053375388920698263e+00 5.183911478262907657e+00 -6.922448557244491951e+01
-4.819765249940263452e+00 1.370503987595266615e+01 -1.003007681869753576e+01 1.370503987595266615e+01 -2.743362142521991842e+01 6.597314066804067956e+00 -1.003007681869753576e+01 6.597314066804067956e+00 -2.450895715804038488e+01
5.090435005302237137e+00 1.349240870412892690e+01 2.954745815036828649e+00 1.349240870412892690e+01 -2.791450886409287069e+00 1.169174019178464619e+01 2.954745815036828649e+00 1.169174019178464619e+01 -2.090809281390842322e+00
6.105889009302132742e+00 5.916254324778224216e+00 3.320199376294842963e+00 5.916254324778224216e+00 -3.702932392548575535e+00 -9.074410782426795663e+00 3.320199376294842963e+00 -9.074410782426795663e+00 -3.509839197583675485e+01
-2.701805188978024930e+01 -1.409905258877526180e+01 2.887362556027439187e+00 -1.409905258877526180e+01 -3.273580072267419894e+01 -1.387972360060425459e+01 2.887362556027439187e+00 -1.387972360060425459e+01 -6.272490938634621926e+01
6.393407282895233301e+00 -5.208073401734554242e-01 3.601054773933680231e+00 -5.208073401734554242e-01 -5.672785457254472696e+00 -1.440886992554068380e+00 3.601054773933680231e+00 -1.440886992554068380e+00 -3.085052340136448379e+01
1.140002496200482263e+01 8.370928746283141209e+00 -1.178452820524785594e+01 8.370928746283141209e+00 1.239009988494262338e+01 -6.173574170972141673e+00 -1.178452820524785594e+01 -6.173574170972141673e+00 -1.105883101240979549e+01
5.454501214726005998e+01 -3.586039304656290394e+00 3.561008817435806328e+00 -3.586039304656290394e+00 5.063696577913561470e+01 2.229137647459653593e-01 3.561008817435806328e+00 2.229137647459653593e-01 2.646277706534977625e+01
5.123808553887380768e+00 -2.291693564287576937e-02 -5.157908024666514324e-01 -2.291693564287576937e-02 -7.187116991483028627e+00 1.074836231751262972e+01 -5.157908024666514324e-01 1.074836231751262972e+01 -5.365545191848814710e+01
3.793016239556003910e+01 1.529482943563646447e-01 5.472785154432558308e+00 1.529482943563646447e-01 3.630408230925345947e+01 -5.790126485496736031e+00 5.472785154432558308e+00 -5.790126485496736031e+00 -2.416024341777234241e+00
-2.253671380733889862e+01 6.753357386551606112e+00 -7.100727384540185483e+00 6.753357386551606112e+00 -6.142053224479171014e+00 -4.327680987476464125e+00 -7.100727384540185483e+00 -4.327680987476464125e+00 7.832288215680597965e+00
-1.364551324829439771e+01 2.633525737601012384e+00 -2.683157538756591354e+00 2.633525737601012384e+00 -3.467103452148779752e+01 -7.457918658228674502e+00 -2.683157538756591354e+00 -7.457918658228674502e+00 2.713321626408953335e+01
-3.520345509616390700e+01 6.084470378550409286e+00 -1.274027054203279086e+01 6.084470378550409286e+00 -3.667291746991975288e+01 -4.374265696763826483e+00 -1.274027054203279086e+01 -4.374265696763826483e+00 -7.829989769977775893e+01
-1.947020321523933228e+00 -2.784288148402273677e+00 1.376419304384633868e+01 -2.784288148402273677e+00 -2.522196284171804948e+01 -1.277248156369515364e+01 1.376419304384633868e+01 -1.277248156369515364e+01 2.812205162269069092e+01
2.596180189695606799e+01 1.015380766325185258e+00 -1.240192907480538675e+00 1.015380766325185258e+00 3.844506365081182508e+01 5.203070497762626978e+00 -1.240192907480538675e+00 5.203070497762626978e+00 3.301790349333301577e+01
-1.285987373326001437e+00 5.272326865715882604e+00 5.738956977797253778e+00 5.272326865715882604e+00 1.686655023514088469e+01 1.839913813015293442e+01 5.738956977797253778e+00 1.839913813015293442e+01 -1.597357842654983173e+01
-6.832761654247381244e+00 4.302628746431476081e+00 -7.787560419402984380e+00 4.302628746431476081e+00 1.076099508654706405e+01 -5.528408729452580772e-01 -7.787560419402984380e+00 -5.528408729452580772e-01 -1.757154266720348801e+00
2.408379502821906470e+01 2.891000459774608622e+00 -3.225757660930364423e+00 2.891000459774608622e+00 2.264570348162854785e+01 -1.196468106343778715e+01 -3.225757660930364423e+00 -1.196468106343778715e+01 1.057633111133875303e+01
-1.501178625828047686e+01 1.110195939863845904e+00 3.621541789050819027e+00 1.110195939863845904e+00 -2.469682431499899167e+01 3.973931757454189473e+00 3.621541789050819027e+00 3.973931757454189473e+00 -5.129373598485725694e+01
4.505146529074132822e+00 1.313469551214703657e+01 2.109066337282579084e+00 1.313469551214703657e+01 -7.061398616770272696e+00 5.368179160868580269e+00 2.109066337282579084e+00 5.368179160868580269e+00 2.686905032789292136e+01
3.308066934312356722e+01 -6.141018777055987421e+00 -6.203185777386985400e+00 -6.141018777055987421e+00 3.641214698415774365e+01 -5.859013712904173055e+00 -6.203185777386985400e+00 -5.859013712904173055e+00 -7.885938461985044334e+00
3.929594323141223100e+01 3.317494539243795337e+00 -9.824459834489029930e+00 3.317494539243795337e+00 3.780332150705675076e+01 -1.116307778944815476e+00 -9.824459834489029930e+00 -1.116307778944815476e+00 1.403228617067847850e+01
