-2.995222742230544100e+01 -3.942683652658216964e+00 -9.681882713492033332e+00 -3.942683652658216964e+00 -3.130982082775421205e+01 8.758557676365979816e+00 -9.681882713492033332e+00 8.758557676365979816e+00 -3.540373660570914183e+01
3.315931865724238747e+01 4.741418521207994452e+00 -6.615259219029607785e+00 4.741418521207994452e+00 3.822894111206765189e+01 -9.657320408045128701e+00 -6.615259219029607785e+00 -9.657320408045128701e+00 1.750515691812660535e+01
2.977962702656695626e+01 1.114299670891261052e+01 1.015177949863330831e+01 1.114299670891261052e+01 2.261245223064593546e+01 -8.546080638460002987e+00 1.015177949863330831e+01 -8.546080638460002987e+00 -1.292188296437030637e+01
9.167392612775836724e+00 9.116352366512963101e+00 1.468921580557044493e+01 9.116352366512963101e+00 1.130359293480672278e+01 3.138459197140313961e+00 1.468921580557044493e+01 3.138459197140313961e+00 2.389438142964328549e+01
5.351524379030424328e+00 -4.288969655077645271e+00 7.708780728136185978e+00 -4.288969655077645271e+00 -1.240679752957951187e+01 -5.103144347559219973e+00 7.708780728136185978e+00 -5.103144347559219973e+00 -5.675605248621976529e+01
-2.740966866621219822e+01 1.394465246500953626e+01 -4.626934951055752698e+00 1.394465246500953626e+01 -5.105894190086812756e+01 -6.350216516977440051e+00 -4.626934951055752698e+00 -6.350216516977440051e+00 -5.884261671244770042e+01
4.776661606341446209e+00 9.675032472736624811e+00 2.031539253621672358e+01 9.675032472736624811e+00 4.392942185281801670e+01 -9.887197455958716574e+00 2.031539253621672358e+01 -9.887197455958716574e+00 7.776708030930403304e+00
1.057468880866298910e+01 -6.367000709604393016e+00 -5.546194091192237607e+00 -6.367000709604393016e+00 -1.849591737466951358e+01 6.086236317862577572e+00 -5.546194091192237607e+00 6.086236317862577572e+00 1.309956791143441279e+01
-1.936346107696126495e+01 4.025369353654052240e+00 9.511665540603951641e+00 4.025369353654052240e+00 -2.254801974227329353e+01 3.966442993873481093e+00 9.511665540603951641e+00 3.966442993873481093e+00 -1.042668562856268188e+01
2.350719719777168848e+01 -1.094628141596594340e+01 9.617807010653313116e-01 -1.094628141596594340e+01 1.315794639759566564e+01 1.490408934673441976e+01 9.617807010653313116e-01 1.490408934673441976e+01 -1.951206311232366630e+01
-1.591311120676327384e+01 -2.290292840638160499e+01 2.259989575937716211e+00 -2.290292840638160499e+01 -3.312573594307328051e+01 -1.442797307472447166e+01 2.259989575937716211e+00 -1.442797307472447166e+01 -5.578766027784846671e+01
3.591363026407360337e+01 1.559938865705997602e+00 1.587328771267380745e+01 1.559938865705997602e+00 1.896231629051218448e+00 -4.330866063565467883e+00 1.587328771267380745e+01 -4.330866063565467883e+00 -2.766114138071700879e+01
4.658398094947930446e+01 -3.801063530342691621e+00 4.453695846056046292e+00 -3.801063530342691621e+00 4.593302332753956563e+01 -4.190049220488253567e+00 4.453695846056046292e+00 -4.190049220488253567e+00 -5.192374204666927007e+00
-1.094409466184697166e+01 1.351055760489847124e+01 -1.459674729739596089e+01 1.351055760489847124e+01 -2.347193116955779146e+01 1.018451676945237772e+01 -1.459674729739596089e+01 1.018451676945237772e+01 -3.960152643719186472e+01
2.820268007825220380e+01 -8.458021885877071711e+00 -1.881660602740882648e+00 -8.458021885877071711e+00 1.542735043240124071e+01 -4.025222001772652547e+00 -1.881660602740882648e+00 -4.025222001772652547e+00 -5.584239056860293537e+00
-4.063179971902632914e+00 1.414526948922603111e+00 9.583373691197834887e+00 1.414526948922603111e+00 7.005339629842494809e+00 -4.770823314575838303e+00 9.583373691197834887e+00 -4.770823314575838303e+00 -3.966265363824626178e+01
5.953015543701697609e+00 -1.483472614771929976e+01 1.135497005944980042e+00 -1.483472614771929976e+01 1.529085286459688428e-02 1.326755051168024169e+00 1.135497005944980042e+00 1.326755051168024169e+00 -4.795672199666836377e+01
5.973501073632041525e+00 1.156038707731612547e+01 7.324459761937353264e+00 1.156038707731612547e+01 -1.071699919137698487e+01 -1.721697714078152330e+01 7.324459761937353264e+00 -1.721697714078152330e+01 -2.100471449174696659e+01
1.720156018935563580e+01 -1.401179742276248241e+01 -7.338952363298370862e+00 -1.401179742276248241e+01 8.679896464890331842e+00 5.541202659491008653e+00 -7.338952363298370862e+00 5.541202659491008653e+00 -3.158948648262572689e+01
-3.708821195427028528e+01 1.021945808994157545e+00 -6.620773943160579433e-01 1.021945808994157545e+00 -2.897177427027119023e+01 -1.591166613516158357e+01 -6.620773943160579433e-01 -1.591166613516158357e+01 -1.447002101894076809e+01
6.990616109495521258e+00 2.116639157896385726e+01 1.922978881773008908e+01 2.116639157896385726e+01 -8.424160529092235450e+00 1.051986163909618277e+01 1.922978881773008908e+01 1.051986163909618277e+01 -3.956679932675943689e+01
8.590184276452046408e-01 -9.722275522781890444e+00 7.564181179165176516e+00 -9.722275522781890444e+00 -1.658151003261657763e+01 4.925146770820232334e+00 7.564181179165176516e+00 4.925146770820232334e+00 -2.676110061909443516e+01
1.470489035190187010e+01 -1.058981115398332173e+00 -5.915042424390970943e+00 -1.058981115398332173e+00 2.611557478398045973e+01 -4.506093143288893543e+00 -5.915042424390970943e+00 -4.506093143288893543e+00 -1.117386720949700774e+01
2.174831771686031345e+01 -1.239235356916486808e+01 2.189837809288425863e+00 -1.239235356916486808e+01 2.993652244042356259e+01 1.294900042899982040e+01 2.189837809288425863e+00 1.294900042899982040e+01 1.304205582109667816e+01
5.508853361730270848e+00 -4.747323161846867201e+00 2.509670153072192655e-01 -4.747323161846867201e+00 -1.974680278066411887e+01 -1.797573519485001103e+00 2.509670153072192655e-01 -1.797573519485001103e+00 -4.018803893522752446e+01
1.738329687020125291e+01 -1.137664381770631117e+01 1.136040934749748565e+01 -1.137664381770631117e+01 2.142149878313962574e+01 -4.064579322571626463e+00 1.136040934749748565e+01 -4.064579322571626463e+00 -9.780367186795841050e+00
-4.136095337053352949e+01 8.493121969189393328e-01 -3.003913732814723847e+00 8.493121969189393328e-01 -3.582083109452997149e+01 -2.968379063159795050e-01 -3.003913732814723847e+00 -2.968379063159795050e-01 -1.178620583126755506e+01
-3.125559590352558104e+01 -4.930008374461084308e+00 8.640306798806782762e-01 -4.930008374461084308e+00 -2.907478011561302012e+01 4.073844630248407483e+00 8.640306798806782762e-01 4.073844630248407483e+00 -3.451945875344016201e+01
-9.883372651882350368e+00 4.813782465936993660e+00 -1.556547725726560860e-01 4.813782465936993660e+00 6.102615505708856025e-01 3.634084303247700376e+00 -1.556547725726560860e-01 3.634084303247700376e+00 -1.379540188167759851e+01
6.233212282974128016e+01 3.281345633895921488e+00 5.431359258545143121e+00 3.281345633895921488e+00 3.440462593349613485e+01 1.076436637572962951e+01 5.431359258545143121e+00 1.076436637572962951e+01 -1.003952211374935644e+01
2.007764415785107914e+01 -5.992118810234430271e+00 -3.389961386287617451e+00 -5.992118810234430271e+00 3.543832888227532862e+01 -6.501692736065713518e+00 -3.389961386287617451e+00 -6.501692736065713518e+00 2.097078760903349348e+01
-1.642000327192879183e+01 1.650479071454410374e+01 -8.285252515642728355e+00 1.650479071454410374e+01 4.715795406166105597e-01 9.941817173033072663e+00 -8.285252515642728355e+00 9.941817173033072663e+00 -5.284221669524127662e+01
-2.007429652432250577e+01 -1.645058166557186752e+01 -1.451125394506338040e+01 -1.645058166557186752e+01 -4.010551654784541853e+01 -1.153213938501593461e+01 -1.451125394506338040e+01 -1.153213938501593461e+01 -5.496857555340208989e+01
1.884254353497368584e+01 1.337485821315901902e+01 9.203577828923966919e+00 1.337485821315901902e+01 -4.682671685362839731e-01 1.776131600832561119e+01 9.203577828923966919e+00 1.776131600832561119e+01 1.922636404333576010e+01
4.989021324009927838e+01 -2.627360113613790205e+01 5.234855384100289832e+00 -2.627360113613790205e+01 2.875085381271987117e+01 -1.242789860406233693e+01 5.234855384100289832e+00 -1.242789860406233693e+01 9.380783538034719982e+00
-1.590658467675124577e+01 1.050393545991341782e+01 -9.577146331833262138e+00 1.050393545991341782e+01 -1.706211441732367362e+01 1.034551439967141739e+01 -9.577146331833262138e+00 1.034551439967141739e+01 -5.177485583521503543e+01
4.919547789302748164e+00 3.612357928072966740e+00 2.467459698410879199e+01 3.612357928072966740e+00 5.646528460219199630e+00 -2.571624093049654292e+01 2.467459698410879199e+01 -2.571624093049654292e+01 -2.515084838335737416e+01
-6.126239648633087675e+00 -7.355540742504840246e+00 -2.407639191164058001e+00 -7.355540742504840246e+00 -3.258590486810379883e-01 -1.075218325072424896e+01 -2.407639191164058001e+00 -1.075218325072424896e+01 -1.673429539522724951e+01
-2.344074515304927075e+01 -6.663977846209941935e-01 -3.569449503232589471e+00 -6.663977846209941935e-01 -1.777057772533349933e+01 1.600368584891402790e+01 -3.569449503232589471e+00 1.600368584891402790e+01 -5.345885346310677022e+01
3.746078829952597289e+01 6.447446288447304497e+00 4.622908764362878009e-01 6.447446288447304497e+00 -3.381919576116941828e-01 8.826010113550914582e+00 4.622908764362878009e-01 8.826010113550914582e+00 -2.246373304139252269e+01
3.825765086698048822e+00 -1.414487553801165731e+01 3.847962500366454819e+00 -1.414487553801165731e+01 1.056894241380230071e+01 4.535308495592458300e+00 3.847962500366454819e+00 4.535308495592458300e+00 -2.019069008993237713e+00
-2.709444832782972057e+01 4.672498925196642006e-01 -3.322099142520418713e+00 4.672498925196642006e-01 -1.523414123563957334e+00 -1.945468551788896150e+01 -3.322099142520418713e+00 -1.945468551788896150e+01 2.921679681327238853e+01
2.910424339227107637e+01 9.583376043271831790e+00 -1.242636500186588222e+01 9.583376043271831790e+00 -1.653550741240529831e+01 5.925023286421304825e-01 -1.242636500186588222e+01 5.925023286421304825e-01 -6.309926420802634084e+01
-4.072340973122710039e+01 -5.756769597558069940e+00 -3.118627192562749784e+00 -5.756769597558069940e+00 -3.655854424329390895e+01 8.271262872559196566e+00 -3.118627192562749784e+00 8.271262872559196566e+00 -1.384794370714154077e+01
4.542466689689413073e+01 1.433488993471901551e+01 -1.157161735366180499e+00 1.433488993471901551e+01 2.985894448892976882e+01 8.494043059853123578e-01 -1.157161735366180499e+00 8.494043059853123578e-01 -3.119878260359243427e+01
4.773269140117432130e+01 -8.110919006290905064e-02 -3.310634846774032969e+00 -8.110919006290905064e-02 5.920228777302099132e+01 1.646445378954815908e+01 -3.310634846774032969e+00 1.646445378954815908e+01 -1.523408044364991376e+01
-2.441183704399444920e+01 8.174685591399125428e+00 4.894266512304116468e+00 8.174685591399125428e+00 -1.983394547392789065e+01 -4.120765452110870086e+00 4.894266512304116468e+00 -4.120765452110870086e+00 -3.909749195042157766e+01
-1.139783240850580448e+01 7.244231376361180530e+00 -1.111858072097576589e+01 7.244231376361180530e+00 1.152405454894078396e+01 1.483180963498964999e+01 -1.111858072097576589e+01 1.483180963498964999e+01 -6.109139976394482474e+00
-2.249079534989285278e+01 -6.199978554392864716e+00 1.536180298574842951e+01 -6.199978554392864716e+00 -3.940591904740038842e+01 -2.305991022538685442e+01 1.536180298574842951e+01 -2.305991022538685442e+01 -5.143072034615705945e+01
-1.399762406158077788e+01 -3.425304065884234195e+00 -4.136260663900549694e+00 -3.425304065884234195e+00 -1.804084118832647832e+01 -2.515922719815784081e+00 -4.136260663900549694e+00 -2.515922719815784081e+00 -5.141515954629466023e+01
-1.683868995701818916e+00 -1.129439153547711783e+01 1.870419259444449755e+00 -1.129439153547711783e+01 6.482899335727619672e+00 1.235404945775798291e+00 1.870419259444449755e+00 1.235404945775798291e+00 -2.470125711017746539e+01
9.417205800410876293e+00 -8.914260782791135540e+00 1.677050081404042547e+00 -8.914260782791135540e+00 1.565119296327869058e+01 -7.656986416543380081e+00 1.677050081404042547e+00 -7.656986416543380081e+00 -2.028997315306994409e+01
-3.354124569095215236e+01 -6.395253844684902766e+00 7.280081556581211366e+00 -6.395253844684902766e+00 -4.921134687022828302e+00 -7.049854228457189009e+00 7.280081556581211366e+00 -7.049854228457189009e+00 1.107571556926077072e+01
-6.868193099583606909e+00 -1.572213661498381221e+01 8.573470882160611595e+00 -1.572213661498381221e+01 1.103916829131271804e+01 1.616274308010677174e+01 8.573470882160611595e+00 1.616274308010677174e+01 -4.633282279658708092e+01
1.527633320739798428e+01 -5.984692269393380393e+00 -7.147305289676721074e+00 -5.984692269393380393e+00 -1.635701782357085676e+01 -4.448392870194010307e+00 -7.147305289676721074e+00 -4.448392870194010307e+00 -7.095552902266088324e+01
-5.566568936968300108e+01 1.155065392007584357e+01 -1.669986521315897221e+01 1.155065392007584357e+01 -4.475478832032911924e+01 -1.938489876119500854e+00 -1.669986521315897221e+01 -1.938489876119500854e+00 -6.202128761615136199e+01
4.071793712077354854e+01 -1.446623850098478714e+00 2.798868299376141167e+01 -1.446623850098478714e+00 3.134394540420123576e+01 2.246383774724034499e+00 2.798868299376141167e+01 2.246383774724034499e+00 -1.170640176791424558e+01
5.496074678196827534e+01 1.926634296606112073e+01 8.380858159558211895e+00 1.926634296606112073e+01 5.923433028243889709e+01 1.271977956104147101e+00 8.380858159558211895e+00 1.271977956104147101e+00 3.955942640749998240e+00
1.841716127556766480e+01 2.522576765497245077e+01 -1.678602720841899654e+00 2.522576765497245077e+01 -7.772924770159227670e+00 -1.054799739183059692e+01 -1.678602720841899654e+00 -1.054799739183059692e+01 -2.208404386493210225e+01
-1.456496427567491381e+01 1.651189179251311145e+00 -1.921700117076854619e+00 1.651189179251311145e+00 -2.951437442399496547e+01 -9.665504805998853533e-01 -1.921700117076854619e+00 -9.665504805998853533e-01 -9.085512772254890024e+01
-1.275411377560935300e+01 -1.308109153752625931e+00 -6.064966431312089234e+00 -1.308109153752625931e+00 -1.682245702339682936e+01 -1.280967886381949405e+01 -6.064966431312089234e+00 -1.280967886381949405e+01 -3.832916911283333405e+01
1.247373188272000810e+01 -1.039179616788410643e+00 2.349810688828999350e+00 -1.039179616788410643e+00 1.213222306253270943e+01 -7.093099860966779469e-01 2.349810688828999350e+00 -7.093099860966779469e-01 2.961291759398215095e+00
-1.318254939729115272e+01 -1.660921670357161517e+01 1.017006239373921161e+01 -1.660921670357161517e+01 -1.354911449190419326e+01 -5.695305448206038790e+00 1.017006239373921161e+01 -5.695305448206038790e+00 -2.056641703915390451e+01
1.735400218325475663e+01 -1.340174635844263484e+01 -1.614885200622606876e+00 -1.340174635844263484e+01 -2.274458617353126400e+01 1.241966670073138523e+01 -1.614885200622606876e+00 1.241966670073138523e+01 -4.144881087623191007e+01
-4.027146567078114714e+01 1.232677954464515935e+01 -8.079039188100763269e+00 1.232677954464515935e+01 -4.782146556830042528e+01 1.581739461519477352e+01 -8.079039188100763269e+00 1.581739461519477352e+01 -9.623428024884773890e+01
2.910675357540801755e+01 -3.095564089560409737e+00 -1.839944998161943346e+00 -3.095564089560409737e+00 4.329332694447468555e+01 -5.825340780518957651e+00 -1.839944998161943346e+00 -5.825340780518957651e+00 4.347015480230550111e+01
-6.415782719154381475e+00 6.223096543765944261e-02 -6.573357892440350625e+00 6.223096543765944261e-02 -2.728485361351340188e+01 2.541157838369343835e+00 -6.573357892440350625e+00 2.541157838369343835e+00 -5.280706732810983794e+01
-1.471865604136894135e+01 4.614568909979717581e+00 -3.252973270237871972e+00 4.614568909979717581e+00 -2.491131108952351525e+01 1.301950613390799916e+01 -3.252973270237871972e+00 1.301950613390799916e+01 -7.955144484487476575e+01
1.340825634613255346e+01 1.644901316197917396e+01 1.187007491235534040e+01 1.644901316197917396e+01 1.677218080848956205e+01 7.444128745709605255e+00 1.187007491235534040e+01 7.444128745709605255e+00 -5.740514474487584451e+00
-5.056543181439661083e+00 7.643882077050302704e-02 -4.623306845743108795e+00 7.643882077050302704e-02 7.239791976479653668e-01 -4.229033623321917901e+00 -4.623306845743108795e+00 -4.229033623321917901e+00 2.238974625550120834e+01
2.755992193038973426e+01 -5.615023626146447455e+00 -1.397097226436302719e+01 -5.615023626146447455e+00 4.552649830490633320e+01 1.216893050761754047e+01 -1.397097226436302719e+01 1.216893050761754047e+01 -9.533124357993946418e+00
-6.373252872235065780e+01 8.373640267255213487e+00 -1.240164948761134767e+01 8.373640267255213487e+00 -5.744041694514773866e+01 1.542891979361331378e+00 -1.240164948761134767e+01 1.542891979361331378e+00 -3.344533685484790198e+01
8.749450008829787961e+00 -4.407455030003703200e+00 -1.933495553481489715e+00 -4.407455030003703200e+00 2.324139804425888656e+01 -1.401016843591725269e+01 -1.933495553481489715e+00 -1.401016843591725269e+01 -2.083611618370150254e+01
6.562735996837666397e-01 7.583008057752243403e+00 -6.123651486145253564e+00 7.583008057752243403e+00 -3.292814630971456769e+00 3.618345874376264426e+00 -6.123651486145253564e+00 3.618345874376264426e+00 -5.465848699492719120e+00
2.050717659440934426e+01 1.853924175240000416e+00 -2.817236066138462114e+00 1.853924175240000416e+00 2.805119932868077726e+01 -7.678004740834303732e+00 -2.817236066138462114e+00 -7.678004740834303732e+00 -2.481555457133029918e+01
2.286181308767211107e+01 -2.205054440338186428e+00 -1.882474956052271153e+01 -2.205054440338186428e+00 1.647104670888538180e+01 -1.864999443899540310e+01 -1.882474956052271153e+01 -1.864999443899540310e+01 -1.616503344181091606e+01
-3.714705675559211073e+01 2.829662150972529933e+00 7.481490897808482643e+00 2.829662150972529933e+00 -2.959138861157728684e+01 7.674693200292826978e-01 7.481490897808482643e+00 7.674693200292826978e-01 7.523577948471883436e-01
-9.982505624940685607e+00 -4.382236643308725199e+00 -5.849765490477511598e+00 -4.382236643308725199e+00 -9.738831587850725668e+00 -4.151242655819836536e+00 -5.849765490477511598e+00 -4.151242655819836536e+00 -5.851023431906190453e+00
4.017509821780551249e+01 3.242886930945034329e+00 3.729165477086504144e+00 3.242886930945034329e+00 5.094283717598889183e+01 -2.539298921061508008e-01 3.729165477086504144e+00 -2.539298921061508008e-01 2.012612121400718124e+01
8.685054618761441247e+00 -5.313900506409241054e+00 1.201363602676378584e+01 -5.313900506409241054e+00 -1.396262449976942044e+00 -1.705804843810436822e+01 1.201363602676378584e+01 -1.705804843810436822e+01 -1.695371654710644549e+01
1.548494662295153290e+01 -2.738291839201935751e+00 2.720699864247610122e+01 -2.738291839201935751e+00 -3.836997193009157869e-01 6.810430290883373594e+00 2.720699864247610122e+01 6.810430290883373594e+00 -4.217489981793809761e+01
6.248028805269683517e+01 -5.138964735413037666e+00 8.045226026909489292e+00 -5.138964735413037666e+00 3.631163387482529714e+01 -2.324732996384235051e+01 8.045226026909489292e+00 -2.324732996384235051e+01 -2.961748894500740636e+00
2.732438171934767368e+01 -1.508019823200379861e+01 1.974620371050504986e+01 -1.508019823200379861e+01 2.387162142677408028e+01 -1.720041341104693799e+01 1.974620371050504986e+01 -1.720041341104693799e+01 -9.342194146546022537e+00
-9.840109753246046864e-01 -6.483772514804019949e+00 1.955384935709326699e+00 -6.483772514804019949e+00 7.000636628740798173e+00 -6.958571547868246832e+00 1.955384935709326699e+00 -6.958571547868246832e+00 -5.169224890749948997e+01
2.006733476057030341e+00 -1.005138263993282877e+01 4.926726939575858388e+00 -1.005138263993282877e+01 -9.333048950689175172e+00 -1.458235433161040717e+01 4.926726939575858388e+00 -1.458235433161040717e+01 -2.404310656225878517e+01
-1.711804174929679334e+01 -1.052329826026631210e+01 1.180824286371685972e+01 -1.052329826026631210e+01 -1.776950707469201873e+01 1.369533232536978673e+01 1.180824286371685972e+01 1.369533232536978673e+01 -5.095980242852044029e+01
1.826208811341494354e+01 -2.847441432831110397e+00 -1.177593716579584182e+01 -2.847441432831110397e+00 2.093377706824015050e+01 -1.273080018605173258e+01 -1.177593716579584182e+01 -1.273080018605173258e+01 -1.304272710322911522e+01
-1.000925204798987522e+01 3.394259890586591055e+00 -6.004263655687103629e+00 3.394259890586591055e+00 -3.979343969376432000e+01 4.034493983256672855e+00 -6.004263655687103629e+00 4.034493983256672855e+00 -6.626136645595335040e+01
-2.310635286931716337e+01 3.395100379102507837e+00 -9.014465420487189462e+00 3.395100379102507837e+00 -2.520974683778248604e+01 1.650363784935492006e+01 -9.014465420487189462e+00 1.650363784935492006e+01 -5.403892605232150004e+01
1.488939381628798841e+01 -7.513077342245456869e+00 1.270571296239540438e+01 -7.513077342245456869e+00 1.184288444660904283e+01 9.550378633567181197e+00 1.270571296239540438e+01 9.550378633567181197e+00 -6.770142472991261684e+01
-5.152655318788618644e+01 -5.186537803807927283e+00 2.901691585473559876e+00 -5.186537803807927283e+00 -2.806636487631706345e+01 1.597327083761845934e+01 2.901691585473559876e+00 1.597327083761845934e+01 -3.840145878745507702e+01
-2.355280952845825837e+01 2.285956365282498126e+01 9.089297194129274393e-01 2.285956365282498126e+01 -3.828218361781141965e+01 -1.152442912230025485e+01 9.089297194129274393e-01 -1.152442912230025485e+01 -4.953725596880099147e+01
3.074671967976283060e+00 -1.935234098239191880e+01 7.523833338241336932e+00 -1.935234098239191880e+01 2.337569806882314083e+01 6.095812346688562755e+00 7.523833338241336932e+00 6.095812346688562755e+00 -4.824844802407255173e+01
4.708236525423385110e+00 7.352980970974247299e+00 5.571197349085909245e+00 7.352980970974247299e+00 -2.320655493637225675e+01 1.628984438760902975e+01 5.571197349085909245e+00 1.628984438760902975e+01 -1.649275037288832380e+01
1.346575145040124966e+01 -7.871472400217465193e+00 -3.920357679641786608e-01 -7.871472400217465193e+00 1.196167826566037284e+01 -1.511823609544386926e+01 -3.920357679641786608e-01 -1.511823609544386926e+01 -1.240254374870567666e+01
1.294056481163348060e+01 -1.006444095973195729e+01 2.939487467229946027e+00 -1.006444095973195729e+01 3.536300964471140507e+00 1.014325548349822981e+01 2.939487467229946027e+00 1.014325548349822981e+01 -1.951224956536921340e+01
-2.494771679890164506e+01 -4.930866734620796166e+00 1.278701488098048067e+00 -4.930866734620796166e+00 -1.688236919317980167e+01 9.364696531770348997e+00 1.278701488098048067e+00 9.364696531770348997e+00 -2.405412565293898197e+01
-3.499019269996961334e+00 -8.148499740343919662e-01 2.458284266697429388e+00 -8.148499740343919662e-01 -2.651062023225389197e+01 5.882815701328694580e+00 2.458284266697429388e+00 5.882815701328694580e+00 1.250894987942695735e+01
5.148200606062407303e+01 1.378949996801662081e+01 -3.142391466419507395e+00 1.378949996801662081e+01 4.116015528558452985e+01 8.184084704567851531e+00 -3.142391466419507395e+00 8.184084704567851531e+00 -3.722841230916833943e+00
3.842150798704010128e+01 4.542653715835014872e+00 9.139081204863279240e+00 4.542653715835014872e+00 2.960510528486385695e+01 7.212671823060274434e+00 9.139081204863279240e+00 7.212671823060274434e+00 3.150904975301589861e+00
2.817555843163226115e+01 2.030728926637009213e+00 1.035609079843222702e+01 2.030728926637009213e+00 1.384480492225830162e+01 3.864390976039821179e+00 1.035609079843222702e+01 3.864390976039821179e+00 -2.393039752577840318e+01
5.528533630100877616e+00 -1.755278952987157970e+00 -9.562388962526771508e+00 -1.755278952987157970e+00 -4.116061056160228659e+00 1.829240892327153922e+00 -9.562388962526771508e+00 1.829240892327153922e+00 -1.705302065188336869e+01
2.643317179771756642e+01 3.301953828871094565e+00 -1.483793968595416501e+01 3.301953828871094565e+00 2.120938122176955076e+01 -2.407137850583702665e+00 -1.483793968595416501e+01 -2.407137850583702665e+00 1.245717785124150900e+01
8.467638342998105472e+00 -7.697345403920856199e+00 3.564317548958634063e+00 -7.697345403920856199e+00 1.482891050254354504e+01 1.465257966298906389e+01 3.564317548958634063e+00 1.465257966298906389e+01 -5.137303289986117072e+00
-1.033118035190951289e+01 -2.726182776025677157e+00 1.175182753153344173e+01 -2.726182776025677157e+00 -1.172666472840450069e+01 -7.763006793785226733e+00 1.175182753153344173e+01 -7.763006793785226733e+00 -4.028356006594475680e+00
9.576005736176901095e+00 1.818860400257550225e+01 -5.962858704670916055e+00 1.818860400257550225e+01 2.907734614736402889e+01 3.506788133983653744e+00 -5.962858704670916055e+00 3.506788133983653744e+00 -3.978162265585574886e+01
3.951663306641666651e+01 -1.185951358516148746e+00 1.085936486987491989e+01 -1.185951358516148746e+00 3.897745504720701604e+01 1.049905435825876765e+01 1.085936486987491989e+01 1.049905435825876765e+01 -6.278247358294305691e+00
5.155755467505027667e+01 1.383990006142684059e+01 3.303946648983330903e+00 1.383990006142684059e+01 5.667012783150038047e+01 -7.492550065070848753e+00 3.303946648983330903e+00 -7.492550065070848753e+00 -1.453598404534523603e+00
-2.363682416864436142e+00 -2.966603906487168540e+00 -1.675985849597659838e+00 -2.966603906487168540e+00 -2.367058004959169182e+01 -5.824097970346761244e+00 -1.675985849597659838e+00 -5.824097970346761244e+00 -3.580237332171994069e+01
1.894736299670040314e+00 7.330931478601557139e+00 -1.339138685119594996e+00 7.330931478601557139e+00 -4.073892337033321986e+00 4.389928018437895929e+00 -1.339138685119594996e+00 4.389928018437895929e+00 -4.567320179332064356e+01
3.775675641135300964e+01 7.372090859242088623e-01 -3.773736663224004584e+00 7.372090859242088623e-01 4.124438723585049615e+01 2.786269342499496915e+01 -3.773736663224004584e+00 2.786269342499496915e+01 -5.598572878169531641e+00
2.267276853447695828e+01 1.250894647126945891e+01 5.638822667815489353e+00 1.250894647126945891e+01 1.967723365353165477e+01 1.546310802732624445e+01 5.638822667815489353e+00 1.546310802732624445e+01 -1.563033717026155678e+00
-7.967097014491191231e+00 -7.300278978818379727e+00 -8.334459204427799861e+00 -7.300278978818379727e+00 -1.463180036977579768e+01 3.241519532863703645e+00 -8.334459204427799861e+00 3.241519532863703645e+00 -3.845452274653506919e+01
4.188295069597555154e-01 1.776113129596818396e+01 7.962977994083141553e+00 1.776113129596818396e+01 -2.529881592706842142e+01 -1.531218822744594021e+01 7.962977994083141553e+00 -1.531218822744594021e+01 -4.221643640412615639e+01
2.110479585437419914e+01 -1.832332870053833673e+01 -1.468351346567556348e+01 -1.832332870053833673e+01 2.144207653447632467e+01 1.387003173420091429e+01 -1.468351346567556348e+01 1.387003173420091429e+01 -2.293518050398125041e+01
-4.865786455312207659e-01 -5.966258829644313977e+00 4.007364488039339534e+00 -5.966258829644313977e+00 -1.310477383596866474e+01 -4.097570747015168102e+00 4.007364488039339534e+00 -4.097570747015168102e+00 -3.139747420349292284e+01
-4.137336484219629540e+01 -6.934494065286953557e+00 5.894143850584065980e+00 -6.934494065286953557e+00 -1.192530721028796492e+01 6.738732348226671220e+00 5.894143850584065980e+00 6.738732348226671220e+00 -7.884742465987012849e+01
2.906946757330441500e+01 -3.312144349301541446e+00 2.587146916861463586e-01 -3.312144349301541446e+00 2.062866725672400392e+01 -3.320649255070649564e-01 2.587146916861463586e-01 -3.320649255070649564e-01 -5.678720454183792121e+00
7.963221902219747506e+01 -4.321535725066876665e+00 2.263399065332476567e+01 -4.321535725066876665e+00 6.655251421050540728e+01 -2.534797508791514176e+01 2.263399065332476567e+01 -2.534797508791514176e+01 -6.314340253920313728e+00
-2.197494066876859975e+01 -6.394822975641323737e+00 1.928064516966209041e+01 -6.394822975641323737e+00 -1.453296744949050812e+01 -9.458967864674134418e+00 1.928064516966209041e+01 -9.458967864674134418e+00 -4.065726553729216164e+01
-3.585573556398643547e+01 -1.046889770538852638e+01 7.080872236791805108e+00 -1.046889770538852638e+01 -4.236015687052648815e+01 -6.308671988316495671e+00 7.080872236791805108e+00 -6.308671988316495671e+00 -1.563036014199380830e+01
1.008049409361565196e+01 -1.519948555178399019e+01 2.897350169653130969e+00 -1.519948555178399019e+01 1.110722333095981540e+01 3.673499108789943790e+00 2.897350169653130969e+00 3.673499108789943790e+00 -1.591898179994333029e+00
-5.027737809671498326e+01 -1.142321783639214594e+01 -2.349038716390223769e+00 -1.142321783639214594e+01 -2.585368806740455838e+01 1.424580239392448355e+01 -2.349038716390223769e+00 1.424580239392448355e+01 -8.214754841934615115e+01
-1.071166169059861417e+01 1.009529339516840274e+01 -8.820543195492007271e+00 1.009529339516840274e+01 -3.762121067820336151e+01 -4.766181567698916766e+00 -8.820543195492007271e+00 -4.766181567698916766e+00 -7.200712787100628987e+01
-1.787776452335432609e+01 9.414000192345065576e-01 -2.346397684885951307e+01 9.414000192345065576e-01 -3.048648823177897782e+01 -1.639400918401297247e+01 -2.346397684885951307e+01 -1.639400918401297247e+01 -8.349648741167200683e+01
4.877977018536753917e+00 3.096130673331319638e+00 1.483896803258931030e+01 3.096130673331319638e+00 4.558311339475255686e+00 -1.116656703140166762e+01 1.483896803258931030e+01 -1.116656703140166762e+01 -2.972823457526539670e+01
-2.094160686756653078e+01 -9.640742855245246545e+00 -3.588513067639259368e+00 -9.640742855245246545e+00 -9.800027002082240202e+00 1.992139489351508752e-01 -3.588513067639259368e+00 1.992139489351508752e-01 -7.253291688589767716e+01
3.668131519548025210e+01 -3.269756632266256902e-01 1.204383056884465475e+01 -3.269756632266256902e-01 4.165522757890324357e+01 1.100773847557804253e+01 1.204383056884465475e+01 1.100773847557804253e+01 7.136965872078244288e+00
-1.417712758506631943e+01 -1.116933842054013937e+01 3.662538551434727285e+00 -1.116933842054013937e+01 -1.485916033673279513e+00 2.663634247781981301e+01 3.662538551434727285e+00 2.663634247781981301e+01 3.809368257040254058e+00
-9.533009777952704766e+00 8.457351360434145704e+00 -3.544610847079763261e+00 8.457351360434145704e+00 -3.993047387453802344e+01 -1.569787210004051303e+00 -3.544610847079763261e+00 -1.569787210004051303e+00 -3.537157670106953589e+01
1.765128510598467315e+01 2.118231290195012662e+00 -2.053812718395275283e+01 2.118231290195012662e+00 2.172604556306185586e+01 -7.072508460071484038e+00 -2.053812718395275283e+01 -7.072508460071484038e+00 -1.198564705599311075e+01
4.645934248333870364e+00 1.058951914757015444e+01 1.405933896496590130e+01 1.058951914757015444e+01 1.910298097296105269e+01 1.277188917806999946e+01 1.405933896496590130e+01 1.277188917806999946e+01 -3.505493209279084965e+01
2.929693520640898718e+00 1.836971379001339999e+00 7.427809768778688593e+00 1.836971379001339999e+00 2.397485388494486713e+01 -3.916820208094816014e+00 7.427809768778688593e+00 -3.916820208094816014e+00 -2.486482959236192869e+01
-3.079282855388248663e+01 2.756798469478298319e+00 -1.063775738346540489e+00 2.756798469478298319e+00 -2.000785801188089508e+01 -5.620919352925433543e+00 -1.063775738346540489e+00 -5.620919352925433543e+00 -5.366035760546002109e+01
-1.977100049898197653e+01 -1.225721524076923075e+01 -9.380301378467125417e+00 -1.225721524076923075e+01 -4.412854797107559790e+01 9.425494863302089854e+00 -9.380301378467125417e+00 9.425494863302089854e+00 -4.076574497303390388e+01
1.090765566138762210e+01 -5.353927607963123947e+00 -2.270037135778167237e+00 -5.353927607963123947e+00 1.622639228636872843e+01 1.315494451959926003e+01 -2.270037135778167237e+00 1.315494451959926003e+01 1.577064503193136780e+01
3.335114176363591554e+01 2.878814819921530876e+00 -3.176769576865779765e+00 2.878814819921530876e+00 1.793360486538373877e+01 -1.569761451314097300e+01 -3.176769576865779765e+00 -1.569761451314097300e+01 -1.839228186738305482e+01
-1.898288998273794803e+01 -4.275850101149856641e+00 -1.159953119832418089e+01 -4.275850101149856641e+00 -2.312377568849852594e+01 3.612477658475738429e-01 -1.159953119832418089e+01 3.612477658475738429e-01 -3.872411275836362421e+01
4.422235919204614873e+01 -5.110085257038833539e+00 4.362197158624489646e+00 -5.110085257038833539e+00 1.089399168707572763e+01 4.970278627341888078e-01 4.362197158624489646e+00 4.970278627341888078e-01 -4.633796277366253236e+01
-2.674979728742991369e+01 3.396100287591856670e+00 1.314615042085536345e+01 3.396100287591856670e+00 -3.745750642221977955e+01 -4.166938695458478392e+00 1.314615042085536345e+01 -4.166938695458478392e+00 -5.075843640881291918e+01
6.585842047908252006e+00 -5.038213489615114504e+00 -4.482297515039092239e+00 -5.038213489615114504e+00 3.243759697689204469e+00 9.428244906389116053e+00 -4.482297515039092239e+00 9.428244906389116053e+00 7.753380531399967523e+00
-5.070571265232814540e+00 1.408954075436657583e+01 1.329673886785620773e+01 1.408954075436657583e+01 -1.948553191339654944e+01 5.336781885340694309e+00 1.329673886785620773e+01 5.336781885340694309e+00 -2.645841170556526478e+01
1.211178465048581288e+01 4.677186382902516648e+00 -2.491337316892013654e+00 4.677186382902516648e+00 -7.857691007585418497e+00 -1.310294670638840486e+01 -2.491337316892013654e+00 -1.310294670638840486e+01 -6.499426224401801733e+01
-1.802925340907159324e+01 1.049958450349865657e+01 2.067353240907854772e+00 1.049958450349865657e+01 -2.882982859396000563e+01 -1.580529905141420999e+00 2.067353240907854772e+00 -1.580529905141420999e+00 -2.080995823049504878e+01
-8.330913217426486028e+01 1.108782527947195540e+01 -1.143402700978442077e+01 1.108782527947195540e+01 -5.225686111596419892e+01 -2.962768503890401472e+00 -1.143402700978442077e+01 -2.962768503890401472e+00 -5.538902319194721713e+01
-4.650152140193730332e+01 1.380217705122721483e+01 -5.478072806052116661e+00 1.380217705122721483e+01 -5.339960276832439945e+01 -1.614230640094053593e+00 -5.478072806052116661e+00 -1.614230640094053593e+00 -6.891926403019333236e+01
1.187083640393024719e+00 9.889666864017046422e+00 1.098932271514989445e+01 9.889666864017046422e+00 9.929399646379584610e+00 1.238496963417474284e+01 1.098932271514989445e+01 1.238496963417474284e+01 2.149579847231172636e+01
-2.255065346218959377e+00 -2.378095040786401881e+01 2.070929787939943978e+00 -2.378095040786401881e+01 -6.582490492867894893e+00 -8.236585940088309243e+00 2.070929787939943978e+00 -8.236585940088309243e+00 -2.830495937151770036e+01
-3.205379618809703857e+01 7.373061782635247141e+00 8.560053399545347830e+00 7.373061782635247141e+00 -1.867827291742304396e+01 -2.076063043194328372e+01 8.560053399545347830e+00 -2.076063043194328372e+01 1.817152630244582312e+01
-4.100904166932755146e+01 -2.963088022086618256e+00 -2.220527699981908043e+01 -2.963088022086618256e+00 -3.407570341757971022e+01 -1.204422035339246833e+01 -2.220527699981908043e+01 -1.204422035339246833e+01 -7.799739590936781042e+01
3.401687094734938910e+01 5.915952509775951107e+00 -1.018374833599062690e+01 5.915952509775951107e+00 1.899491486785677097e+01 4.463636171028954047e-01 -1.018374833599062690e+01 4.463636171028954047e-01 7.719452200237926220e+00
-1.137570273172969060e+01 -1.174730746957694194e+01 -5.861587373933161427e-01 -1.174730746957694194e+01 6.765538013878750867e+00 1.329048532878143796e+01 -5.861587373933161427e-01 1.329048532878143796e+01 -6.470439488563641817e+01
3.414437488576618307e+01 3.397400203277199271e+00 1.401972149242428634e+00 3.397400203277199271e+00 3.880518127591265198e+01 -7.035165795772920561e+00 1.401972149242428634e+00 -7.035165795772920561e+00 -2.235138914932751319e+01
-2.647755672046742781e+00 1.255633126924640663e+01 5.483588837877348077e+00 1.255633126924640663e+01 -1.439061530847121695e+01 -2.935417176806318196e+00 5.483588837877348077e+00 -2.935417176806318196e+00 -6.175832810189584876e+01
-1.524318431369136739e+01 -1.558918475044388252e+01 1.383883223075545743e+01 -1.558918475044388252e+01 -2.481944859922168334e+01 -6.466844771092631561e+00 1.383883223075545743e+01 -6.466844771092631561e+00 1.506107489732925231e+01
2.569597025716875649e+01 5.945214559332588911e-01 2.617320223674389101e+00 5.945214559332588911e-01 1.070528427529610660e+01 9.148426290502039038e+00 2.617320223674389101e+00 9.148426290502039038e+00 -3.599591794458862459e+00
1.373760875925091796e+01 -9.125249112264811613e-01 9.273741847707664965e-01 -9.125249112264811613e-01 1.298655900976176625e+01 1.560039454748628707e+01 9.273741847707664965e-01 1.560039454748628707e+01 -3.509284496912191997e+01
-5.884094536154007216e+01 1.584533425758247382e+01 -1.004197275219499197e+00 1.584533425758247382e+01 -3.303393315254627538e+01 -2.722203887564960212e+01 -1.004197275219499197e+00 -2.722203887564960212e+01 -5.926940864887353833e+00
-1.230891826873818928e+01 1.989428284917666545e+01 -1.550103337301983020e+00 1.989428284917666545e+01 -2.492009939042018729e+01 1.954925766060884484e+01 -1.550103337301983020e+00 1.954925766060884484e+01 -1.667788587391666155e+01
1.505350128385654251e+01 -2.489225555926912392e+01 -1.733273721379600119e+01 -2.489225555926912392e+01 1.871180247680554132e+01 3.819628677507033387e+00 -1.733273721379600119e+01 3.819628677507033387e+00 -3.734122698345002078e+01
-7.190114970330653499e+00 -1.166116395297057551e+01 -7.666043306754037445e+00 -1.166116395297057551e+01 -4.972167170432850725e+00 1.231329716104299621e+01 -7.666043306754037445e+00 1.231329716104299621e+01 -5.090544143359753093e+01
-2.023290336918937626e+01 -2.335350200589184855e+00 -2.803495913417392682e+00 -2.335350200589184855e+00 -1.453944570314611262e+01 1.326707645215231501e+01 -2.803495913417392682e+00 1.326707645215231501e+01 -3.536511683966618591e+01
-6.287508357015990368e-03 1.141952592707718139e+01 2.537281746563431195e+00 1.141952592707718139e+01 2.561529472414064923e+00 9.797219869884564503e+00 2.537281746563431195e+00 9.797219869884564503e+00 -1.771824151709855855e+01
2.136238884552690465e+01 -9.616156007879489209e+00 -2.480440602000466122e+00 -9.616156007879489209e+00 1.104405461823898804e+01 5.175809374415423214e+00 -2.480440602000466122e+00 5.175809374415423214e+00 -3.692853599847953205e+01
-4.362276829165210756e+01 -9.775295756523089352e+00 2.049245599893477543e+00 -9.775295756523089352e+00 -5.313855831995720536e+01 4.108464077534563774e-01 2.049245599893477543e+00 4.108464077534563774e-01 -7.273808020600071700e+01
-1.858770210896432573e+01 1.005295634900359047e+01 -1.718212714519929407e-01 1.005295634900359047e+01 -3.145074757972601276e+01 -4.871907799672633210e+00 -1.718212714519929407e-01 -4.871907799672633210e+00 -2.648978330652084523e+01
3.965488622593932178e+01 -1.652807465687221811e+00 -1.392017122872325707e+00 -1.652807465687221811e+00 1.689273738268705927e+01 -5.387888770801166238e+00 -1.392017122872325707e+00 -5.387888770801166238e+00 -4.266222489668834328e+00
1.015482867227186503e+01 -2.097684019636321295e+01 2.822741380040183046e+00 -2.097684019636321295e+01 4.827237394291831407e+00 -1.147478613316399790e-02 2.822741380040183046e+00 -1.147478613316399790e-02 -1.220733115907696487e+01
-3.386349617330498774e+01 2.427710039535973863e+01 -1.380007897112106008e+01 2.427710039535973863e+01 -5.072637932205591227e+01 -8.141452725185555295e+00 -1.380007897112106008e+01 -8.141452725185555295e+00 -4.280453522697799684e+01
2.679215648699954144e+01 -1.197405331631506620e+01 9.348846320176535940e+00 -1.197405331631506620e+01 2.548425779209462405e+01 -2.031867659591000130e+00 9.348846320176535940e+00 -2.031867659591000130e+00 -9.257881914361352216e+00
3.080327483158046320e+01 3.151846733354322971e+00 -1.551596741632239684e+01 3.151846733354322971e+00 2.219430007233937374e+01 -1.345164758583813125e+01 -1.551596741632239684e+01 -1.345164758583813125e+01 -7.958128894896435490e+00
2.527902479145709691e+01 -1.727648699429915879e+01 5.315256767335733379e+00 -1.727648699429915879e+01 9.769043290810403235e+00 -3.073226747168461337e+00 5.315256767335733379e+00 -3.073226747168461337e+00 7.718234510845335627e+00
1.401112972591305805e+01 9.800498040110056763e+00 -3.140962567355114476e+00 9.800498040110056763e+00 -5.387598153204067319e-01 -2.379119117798201177e+00 -3.140962567355114476e+00 -2.379119117798201177e+00 1.678760823611082698e+00
7.421837786314465113e+00 -3.227602217199528667e+00 1.072996381123329890e+01 -3.227602217199528667e+00 -1.183011312211742627e+01 3.690588222064405954e-01 1.072996381123329890e+01 3.690588222064405954e-01 -1.456464571089940385e+01
