4.378829278125116531e+01 -4.643724995449117543e+00 3.422933531074437496e+01 -4.643724995449117543e+00 1.370405135923366480e+01 6.247141777627627235e+00 3.422933531074437496e+01 6.247141777627627235e+00 5.507679592056666706e+01
1.534965769735550367e+01 3.086080844000151480e+00 7.644081577558093699e+00 3.086080844000151480e+00 -3.322614508240936182e+00 3.011301564150403731e+00 7.644081577558093699e+00 3.011301564150403731e+00 8.263527840016005044e+00
-1.483546455976425760e+00 -6.078278513355621193e+00 9.782083006388275770e-02 -6.078278513355621193e+00 5.708393278913877822e+00 6.083640397519591403e+00 9.782083006388275770e-02 6.083640397519591403e+00 1.239401997043676928e+01
-3.630852548113089107e+00 1.413717299181500575e+00 -6.700506843798412770e-01 1.413717299181500575e+00 -2.388749083082214497e+01 -6.208910146390071105e+00 -6.700506843798412770e-01 -6.208910146390071105e+00 2.920858114177764975e+00
1.091266451469271281e+01 4.124601929259990585e-01 -1.642340974015983779e+00 4.124601929259990585e-01 6.728795541752885079e+00 -7.147450596249097288e+00 -1.642340974015983779e+00 -7.147450596249097288e+00 1.955102613546370272e+00
-2.465503874584682720e+01 -4.900291236325986510e+00 1.696506063662585717e+00 -4.900291236325986510e+00 -2.837221836107618245e+01 3.240515291536663511e+00 1.696506063662585717e+00 3.240515291536663511e+00 -1.362027848642564321e+00
2.658870042417344592e+00 5.482007559699495935e+00 7.578313258166534894e+00 5.482007559699495935e+00 -5.414751415383922684e+00 -5.255631130844084176e+00 7.578313258166534894e+00 -5.255631130844084176e+00 2.654411047858432937e+01
-2.628343248482130079e+00 1.344731256381499263e+00 1.902931102632442162e+01 1.344731256381499263e+00 -5.783168637621733410e+01 6.534435214590936347e+00 1.902931102632442162e+01 6.534435214590936347e+00 -2.918292147995177288e+01
-1.781821596329223922e+01 -1.839365066906370672e+01 2.412705928467633143e+01 -1.839365066906370672e+01 -2.586056905818434970e+01 3.717476945868840588e+00 2.412705928467633143e+01 3.717476945868840588e+00 5.600638684397096334e+00
-2.409456876933072422e+01 1.036559354955469026e+01 1.457012005450073566e+01 1.036559354955469026e+01 -4.325929677987348754e+01 5.417108827405461291e+00 1.457012005450073566e+01 5.417108827405461291e+00 -3.020460902550911442e+01
-2.416220870396277220e+01 -3.148710376815925915e+00 1.461649889867918439e+01 -3.148710376815925915e+00 -4.222104798713803575e+01 1.276867301347206496e+00 1.461649889867918439e+01 1.276867301347206496e+00 -2.330827844977029173e+01
1.295704704139716945e+01 -2.006336605554970731e+01 -3.143550667940977927e+00 -2.006336605554970731e+01 -2.382590318286483821e+01 6.081757128694100345e+00 -3.143550667940977927e+00 6.081757128694100345e+00 1.161241358830561587e+01
1.916094705588741576e+01 1.765991946392289336e+01 1.713154799739613665e+01 1.765991946392289336e+01 -5.784763088736286640e+00 -1.528314983870353805e+00 1.713154799739613665e+01 -1.528314983870353805e+00 1.685089499692436377e+01
1.702435245829276411e+01 -6.558130626719239631e-01 1.273154658752575052e+00 -6.558130626719239631e-01 1.149317474006038786e+01 -3.192868759356486841e+00 1.273154658752575052e+00 -3.192868759356486841e+00 3.068020925700052359e+01
-3.523190969727433064e+00 -3.999134618157698107e+00 2.198590140000389326e+01 -3.999134618157698107e+00 -4.292127185785475518e+01 4.626390638096970598e+00 2.198590140000389326e+01 4.626390638096970598e+00 2.078144228464918530e+00
1.153908636809396882e+01 4.100177421190317695e+00 1.605880186873934079e+01 4.100177421190317695e+00 -1.554847904620251242e+01 -5.678700491715656717e+00 1.605880186873934079e+01 -5.678700491715656717e+00 2.803381871025581340e+00
3.936175757542459763e+01 -6.814967769435660294e+00 1.018613176019695565e+01 -6.814967769435660294e+00 6.609291302129701506e+00 4.602043275260784938e+00 1.018613176019695565e+01 4.602043275260784938e+00 2.569223527382816386e+01
-5.326926354470907121e+00 -9.855414527539908320e+00 9.704272998354003477e+00 -9.855414527539908320e+00 -2.290230223052456893e+01 -9.655012654673143402e+00 9.704272998354003477e+00 -9.655012654673143402e+00 1.045078155636820494e+00
3.319495117607845458e+01 -1.860863000287761082e+01 3.893150207829431508e+01 -1.860863000287761082e+01 2.197190451414273937e+01 3.161880443445527789e+01 3.893150207829431508e+01 3.161880443445527789e+01 2.948055581594470809e+01
2.690806130993530232e+01 1.113848878641447726e+01 8.964964085436799124e+00 1.113848878641447726e+01 2.790505974917523169e+00 -2.449938620231410624e+00 8.964964085436799124e+00 -2.449938620231410624e+00 1.125711780077753588e+01
3.294989695808560981e+01 9.640053684760504282e+00 -1.058581266763093165e+00 9.640053684760504282e+00 2.179789600113166159e+01 -7.804625190886707031e+00 -1.058581266763093165e+00 -7.804625190886707031e+00 3.844138561606023075e+01
1.781623753090187279e+01 4.385159484821989473e+00 6.713971123311648803e+00 4.385159484821989473e+00 -1.183199570350406127e+00 7.481736894960624440e+00 6.713971123311648803e+00 7.481736894960624440e+00 1.651030683864327031e+01
1.955351093232594195e+01 1.573287359641501482e+01 1.654832313170413727e+01 1.573287359641501482e+01 1.375316333660820334e+01 -1.151405048919633778e+01 1.654832313170413727e+01 -1.151405048919633778e+01 6.571427332889832940e+01
3.700661003035343555e+01 8.254644091803807981e+00 2.511101391496394442e+01 8.254644091803807981e+00 -2.739206215830122559e+01 1.373159965557366191e-01 2.511101391496394442e+01 1.373159965557366191e-01 6.460465347511935796e+00
-1.390715973814213235e+01 -2.145562262204770931e+01 7.892688969263337739e+00 -2.145562262204770931e+01 -3.980918983895539753e+01 -8.924920487901047750e+00 7.892688969263337739e+00 -8.924920487901047750e+00 -1.778997815943515093e+01
-2.294109201397358788e+01 -2.002315139976966307e+01 1.001962887950836745e+01 -2.002315139976966307e+01 -2.681764945221274488e+01 2.480211711888269122e+01 1.001962887950836745e+01 2.480211711888269122e+01 -2.341461585747168428e+01
-7.649789684225016373e+00 6.476488048115650820e+00 7.827564410872555278e+00 6.476488048115650820e+00 -1.328091216233435645e+01 -3.777196364288926578e+00 7.827564410872555278e+00 -3.777196364288926578e+00 -6.644935489869180145e+00
1.947458813001439992e+01 9.820039763440640002e+00 1.609830922857075208e+01 9.820039763440640002e+00 -1.505622792406401622e+01 -2.020483099939092142e+00 1.609830922857075208e+01 -2.020483099939092142e+00 2.206494634112429054e+01
4.430654192816137282e+01 -1.565377038443705082e+01 4.713953503870870421e+00 -1.565377038443705082e+01 2.661644725266078382e+01 8.956396132149032852e+00 4.713953503870870421e+00 8.956396132149032852e+00 4.454467088381865381e+01
-4.125916526226386383e-01 -2.177368977375071069e+00 2.424193943163114096e+00 -2.177368977375071069e+00 -1.394811694182004835e+01 4.850633033326245069e+00 2.424193943163114096e+00 4.850633033326245069e+00 7.714042683631069153e+00
-1.855571358832408313e+00 4.818655865048104836e+00 2.073161821053642839e+01 4.818655865048104836e+00 -3.255945969127100881e+01 -8.862937023246356461e+00 2.073161821053642839e+01 -8.862937023246356461e+00 -9.440749712858256260e+00
3.106239240507284549e+01 -9.483388671007082493e+00 1.848539441537771566e+01 -9.483388671007082493e+00 6.252298242405140094e+00 1.249521307916982904e+00 1.848539441537771566e+01 1.249521307916982904e+00 1.013282697093589846e+01
-2.766896004757802885e+01 8.326921411518867444e+00 2.087323499572286423e+01 8.326921411518867444e+00 -1.909090554346794022e+01 5.301939170309490024e+00 2.087323499572286423e+01 5.301939170309490024e+00 -2.057105690641364504e+01
-7.435116629505883701e+00 -1.420411893643316503e+01 4.093686471129639237e+00 -1.420411893643316503e+01 -2.829537570762871468e+01 1.413188922603449349e+01 4.093686471129639237e+00 1.413188922603449349e+01 7.076799452512256394e+00
1.729239641987958365e+01 -9.204245179371051577e+00 1.070628475831218118e+01 -9.204245179371051577e+00 4.007304764852044343e+00 5.011009354481879008e+00 1.070628475831218118e+01 5.011009354481879008e+00 3.058071942061370407e+01
2.625908744673843742e+01 -3.361525923604266719e+00 4.414564951088491540e+01 -3.361525923604266719e+00 4.581086231144037235e+00 1.326293472302498344e+01 4.414564951088491540e+01 1.326293472302498344e+01 -5.285512899555169675e+00
1.366633599235158059e+01 1.109777085224546544e+00 4.387261541720069324e+00 1.109777085224546544e+00 -1.411930035608119915e+01 1.183060541755153627e+00 4.387261541720069324e+00 1.183060541755153627e+00 2.363649513451978734e+01
2.834869678196237075e+01 -9.009021945279844346e+00 2.408441830378015958e+00 -9.009021945279844346e+00 1.243065581199034675e+01 2.506611918915377490e+00 2.408441830378015958e+00 2.506611918915377490e+00 2.981822802843581144e+01
-4.029574491063071662e+01 1.261976985852643907e+01 1.103741479073895704e+01 1.261976985852643907e+01 -5.024436558010238230e+01 5.518238455663768138e-02 1.103741479073895704e+01 5.518238455663768138e-02 -3.297915699622522823e+01
-1.413412431405540559e+01 -2.425894270479221504e+01 2.348170418369220913e-01 -2.425894270479221504e+01 -3.065161663728252606e+01 3.261698065151206638e+00 2.348170418369220913e-01 3.261698065151206638e+00 -1.497703320783200454e+01
-5.979162220741710598e+01 9.413942682451793331e+00 1.975308005312739468e+01 9.413942682451793331e+00 -6.483531707997286730e+01 -8.136517179210422057e+00 1.975308005312739468e+01 -8.136517179210422057e+00 -5.917852364921049713e+01
-4.306774042794516788e+01 -5.254727062088689671e+00 5.703581477420582857e+00 -5.254727062088689671e+00 -4.989822859165426649e+01 -4.626663217897571734e+00 5.703581477420582857e+00 -4.626663217897571734e+00 -2.993472857053325598e+01
3.414766568489973508e+01 1.301800178759464544e+01 -7.956596105902969951e-01 1.301800178759464544e+01 3.761963425392143279e+01 -1.567073152142672043e+01 -7.956596105902969951e-01 -1.567073152142672043e+01 6.245617078020278967e+01
-2.223602286677408557e+01 1.846738571873340362e+01 7.307465993261208936e+00 1.846738571873340362e+01 -6.189753272750255775e+01 -5.635736755454635594e-01 7.307465993261208936e+00 -5.635736755454635594e-01 -2.130638246153389304e+01
4.088312808266221055e+01 2.643841085849540473e+00 5.911969061473823395e+00 2.643841085849540473e+00 2.409478234626181958e+01 -2.441536806325081077e+00 5.911969061473823395e+00 -2.441536806325081077e+00 4.178725440267988489e+01
1.445366649646538715e+00 2.088558677652983420e+00 -3.039932005308407792e+00 2.088558677652983420e+00 -1.685279478397684016e+01 7.886349116113353652e+00 -3.039932005308407792e+00 7.886349116113353652e+00 -2.547158879187562341e+00
1.719170151046742490e+01 -3.126838659727659397e+00 1.231651405037970548e+01 -3.126838659727659397e+00 -3.253406548178388480e+00 5.510047248239697826e-01 1.231651405037970548e+01 5.510047248239697826e-01 3.635949406335407019e+01
-2.955973241905317517e-01 -6.622031495110032751e+00 1.653857652155418734e+01 -6.622031495110032751e+00 -2.629498133887429034e+01 1.018029197242136341e+01 1.653857652155418734e+01 1.018029197242136341e+01 -4.840232506051034278e+00
4.711650384568569550e+00 -1.329611986153429370e+01 1.933505756269780917e+01 -1.329611986153429370e+01 -1.942542416032813435e+01 -1.329781702662982035e+01 1.933505756269780917e+01 -1.329781702662982035e+01 7.189340218788998982e+00
-2.235299531280923802e+01 -2.824602045818086715e+00 9.849434498547681827e+00 -2.824602045818086715e+00 -2.530967938048159738e+01 3.880277924396322131e+00 9.849434498547681827e+00 3.880277924396322131e+00 -8.759794671492633356e+00
9.970030295413192079e+00 -4.280512694434973398e+00 -1.544694169193419286e+00 -4.280512694434973398e+00 -2.060321347705129114e+01 1.908415828846021967e+01 -1.544694169193419286e+00 1.908415828846021967e+01 1.926650411145383046e+01
2.903717168985538777e+01 -2.476403699302832884e+00 1.306039407030411859e+01 -2.476403699302832884e+00 -4.608923113820737427e+01 9.737927458264407088e-01 1.306039407030411859e+01 9.737927458264407088e-01 2.975419273199694459e+01
4.990969911622641320e+01 4.987266189775736436e+00 2.377601613122226709e+01 4.987266189775736436e+00 7.515439531147265484e+00 -1.612928768401367119e+00 2.377601613122226709e+01 -1.612928768401367119e+00 3.281047813564345006e+01
2.456066854104282626e+01 9.472293711307743891e+00 2.352531625842599450e+00 9.472293711307743891e+00 -7.713698576211083235e+00 -2.635596307507142466e+00 2.352531625842599450e+00 -2.635596307507142466e+00 4.469408041104842511e+01
2.399172836581768564e+01 2.113722141330345305e+00 1.051348483435234549e+01 2.113722141330345305e+00 7.685920983338915491e+00 -3.984555088918353416e+00 1.051348483435234549e+01 -3.984555088918353416e+00 3.548439429960662750e+01
4.506379973098119507e+01 2.957240806274276768e+00 1.437063942410071071e+01 2.957240806274276768e+00 4.039690002222905973e-01 5.483371960461462358e+00 1.437063942410071071e+01 5.483371960461462358e+00 3.355161462770272607e+01
-5.771900838857194627e-01 1.272080217578116113e+01 6.856277497344815952e-01 1.272080217578116113e+01 -6.618304918158569805e+00 -1.626127739078815637e-01 6.856277497344815952e-01 -1.626127739078815637e-01 9.688555644664801347e-01
6.715972218904908253e+00 6.540528848505093862e-01 9.164272991709623284e+00 6.540528848505093862e-01 -1.190782644277271274e+01 -4.126738403795505938e+00 9.164272991709623284e+00 -4.126738403795505938e+00 2.135087630517271151e+01
1.812807196851309399e+01 3.403790752228795125e+00 1.927460666626528152e+01 3.403790752228795125e+00 -2.736604965782013732e+00 -5.162641454873374336e+00 1.927460666626528152e+01 -5.162641454873374336e+00 9.494068104195278579e+00
-1.294101405685370665e+01 -3.124982449074104718e+00 1.996844959807227227e+01 -3.124982449074104718e+00 -5.133484719906942928e+01 1.062048472205676930e+01 1.996844959807227227e+01 1.062048472205676930e+01 1.306135661465630626e+01
-1.383147892777141585e+01 1.448911820810890916e+01 5.199680919218487851e+00 1.448911820810890916e+01 -1.614390841836987178e+01 -7.233723625876178787e+00 5.199680919218487851e+00 -7.233723625876178787e+00 6.446388585549790662e+00
3.679058132158014871e+01 1.474908722304860120e+01 1.222202042473130668e+01 1.474908722304860120e+01 -2.155872827654147983e+01 -2.174205752950481241e+01 1.222202042473130668e+01 -2.174205752950481241e+01 -3.822394945864846516e+00
-2.379146387783947247e+01 -6.022900675297861994e+00 1.222183474901597222e+01 -6.022900675297861994e+00 -3.777508426577304590e+01 -1.564684825114390998e+00 1.222183474901597222e+01 -1.564684825114390998e+00 1.427322918799689644e+00
-2.128918659281020354e+01 2.130279577037529748e+01 1.799022257996797336e+01 2.130279577037529748e+01 -1.317510457867552809e+01 -9.360365933835372854e-01 1.799022257996797336e+01 -9.360365933835372854e-01 -3.462072296152378659e-01
4.193833207042137445e+01 3.362608902447219883e+00 1.108432639072689696e+01 3.362608902447219883e+00 2.899168988364593247e+01 -7.620100262861496887e+00 1.108432639072689696e+01 -7.620100262861496887e+00 5.523158920542579153e+01
-1.051914928423999918e+00 7.166719104863009671e-01 5.736926937386326308e+00 7.166719104863009671e-01 -2.884847807057233382e+01 2.731041798812591459e+00 5.736926937386326308e+00 2.731041798812591459e+00 1.944588524629845949e+01
-2.671271487396443689e+01 1.394240563182078319e+01 2.185106620129742439e+01 1.394240563182078319e+01 -3.341013033449169711e+01 -1.550459397684594975e+01 2.185106620129742439e+01 -1.550459397684594975e+01 -1.435425433681583662e+01
5.059794263446950602e+00 6.788733829697950917e+00 6.073718793212588452e+00 6.788733829697950917e+00 -3.593837719034534928e+01 -1.848915857919263672e+01 6.073718793212588452e+00 -1.848915857919263672e+01 -6.375733162783757457e+00
1.508613975693473819e+01 2.686467443152526613e+00 4.978524752457716751e+00 2.686467443152526613e+00 -1.256014362491428216e+01 9.826182176107448596e-01 4.978524752457716751e+00 9.826182176107448596e-01 2.844135062162214211e+01
-2.902035641453692527e+00 -1.036005888780126005e+00 3.311732481668709482e+01 -1.036005888780126005e+00 -1.374580787334969223e+01 -4.810772778359429402e+00 3.311732481668709482e+01 -4.810772778359429402e+00 1.487277619462292755e-01
6.669221115913578046e+01 6.184307513073147161e-02 7.528686403468635824e+00 6.184307513073147161e-02 3.824293178445189056e+01 4.790117952757903197e+00 7.528686403468635824e+00 4.790117952757903197e+00 4.892087878588449712e+01
-2.747098642222224996e+01 2.812241777407272547e+00 -4.198815727317913860e-01 2.812241777407272547e+00 -4.228444147876265902e+01 -3.454751136361700503e+00 -4.198815727317913860e-01 -3.454751136361700503e+00 -1.838299262930657108e+01
-1.181869542863073885e+00 6.648129355359938542e-01 6.725676257159273419e+00 6.648129355359938542e-01 -6.901572853768188631e-01 5.970437810502141396e+00 6.725676257159273419e+00 5.970437810502141396e+00 2.240446320578794825e+01
-2.166451629103845633e+01 8.671879989292156310e+00 6.506943724711719668e+00 8.671879989292156310e+00 -4.441616019745323030e+01 3.623305660473530310e+00 6.506943724711719668e+00 3.623305660473530310e+00 -3.012668574987849013e+01
-3.336799900192230695e+01 1.435354472354473643e+01 -4.017474075920269172e+00 1.435354472354473643e+01 -4.319985969535134274e+01 -7.553975796533451081e+00 -4.017474075920269172e+00 -7.553975796533451081e+00 -1.334144948063583769e+01
-6.763061940098819669e+00 1.217598872473935945e+00 8.223775432209354808e-01 1.217598872473935945e+00 -8.958494827898313417e+00 -2.609457743417268993e+00 8.223775432209354808e-01 -2.609457743417268993e+00 -2.030397397262027503e+00
-3.224834508202714289e+01 1.239797799451690885e+01 2.392085237044380364e+01 1.239797799451690885e+01 -6.539196037116364835e+01 -7.055644172547866688e+00 2.392085237044380364e+01 -7.055644172547866688e+00 -1.714249503041938283e+01
-2.925106497388732762e+01 3.625894793871055732e+00 1.103109804815123418e+01 3.625894793871055732e+00 -4.253689586188962579e+01 -1.048531124780416945e+01 1.103109804815123418e+01 -1.048531124780416945e+01 -7.102856503789393372e+00
-2.241091978694893783e+01 -1.824130368386855494e+01 8.530472504746599682e+00 -1.824130368386855494e+01 -5.389231760900568702e+01 1.852815293806689745e+00 8.530472504746599682e+00 1.852815293806689745e+00 -2.054576905732992387e+01
-3.282294849970987372e+01 -1.155658509710132265e+01 9.627412137791500513e+00 -1.155658509710132265e+01 -3.805885784062799360e+01 -4.251961752126383942e+00 9.627412137791500513e+00 -4.251961752126383942e+00 -1.680229956911665212e+01
1.829423229440753973e+00 5.590149477884645002e+00 9.653384956136486394e+00 5.590149477884645002e+00 -1.665506579674848808e+01 -2.491421945515742031e+00 9.653384956136486394e+00 -2.491421945515742031e+00 1.440352098131260306e+01
-3.859645866247658486e+00 6.380278781935567523e+00 1.869599512389086371e+01 6.380278781935567523e+00 -3.477435751149932486e+01 -1.060205284478593590e+01 1.869599512389086371e+01 -1.060205284478593590e+01 3.607173848748202349e+00
-3.103260425649633802e+01 4.136704629696848379e+00 3.464222922280133066e+00 4.136704629696848379e+00 -3.515647132471367797e+01 -4.788447047832354642e+00 3.464222922280133066e+00 -4.788447047832354642e+00 -1.180674117635842357e+01
2.119314523561290020e+00 -3.613328693987218898e+00 1.717005863618836514e+01 -3.613328693987218898e+00 -4.991858657880535333e+01 -5.417344268350525738e+00 1.717005863618836514e+01 -5.417344268350525738e+00 -1.669768024954281671e+01
-2.048111966365835102e+01 1.946986138972658154e+00 -1.333144406295327711e+00 1.946986138972658154e+00 -3.653239126335854792e+01 1.312402820594959385e+00 -1.333144406295327711e+00 1.312402820594959385e+00 -2.647954026755068213e+01
4.062643512948130819e+01 4.210982791100660982e+00 9.385665150111158539e+00 4.210982791100660982e+00 2.787263159535449120e+01 5.583997451508356136e+00 9.385665150111158539e+00 5.583997451508356136e+00 4.622839123016865415e+01
4.900292404481281494e+01 -8.058765931420191819e+00 2.298221143756583373e+00 -8.058765931420191819e+00 2.231040720951737200e+01 1.356624919965099929e+00 2.298221143756583373e+00 1.356624919965099929e+00 3.966830773794565346e+01
-4.807458651924182647e+00 -5.863849966486998078e-01 1.594037656213162890e+01 -5.863849966486998078e-01 -2.752128241024956878e+01 6.765196715034337061e+00 1.594037656213162890e+01 6.765196715034337061e+00 7.404147388270704511e+00
-3.212731644037994272e+00 5.508289302995269310e+00 5.739927546732980446e+00 5.508289302995269310e+00 -3.408659882727641133e+01 -5.706694849343620923e+00 5.739927546732980446e+00 -5.706694849343620923e+00 6.528546653943388733e+00
1.698346033527140264e+01 1.413605067300828688e+00 5.119744344787057422e+00 1.413605067300828688e+00 -3.429374627790083618e+00 2.169983654151174779e+00 5.119744344787057422e+00 2.169983654151174779e+00 -6.152771783253080606e+00
4.064895717774339090e+01 -1.709878614023892851e+01 7.963628166287184840e+00 -1.709878614023892851e+01 1.912894089786783169e+01 6.170645394845477583e+00 7.963628166287184840e+00 6.170645394845477583e+00 4.510434453164142354e+01
2.422090821659948379e+00 1.944846716431468536e+01 1.539586694509585918e+01 1.944846716431468536e+01 -1.488387589519747811e+00 5.823371621884225746e+00 1.539586694509585918e+01 5.823371621884225746e+00 -1.166674546165413417e+01
5.821955278887677165e-01 7.558283003959450852e+00 5.302578468168036352e+00 7.558283003959450852e+00 -9.954910744096956421e-01 -6.401782290147108867e+00 5.302578468168036352e+00 -6.401782290147108867e+00 1.594951320976604947e+01
1.424047454882310149e+01 1.058557530873880737e+01 5.958678726828319228e+00 1.058557530873880737e+01 1.196086882738103263e+01 -2.073174119371658630e+00 5.958678726828319228e+00 -2.073174119371658630e+00 2.389041845012289400e+01
4.281815976919345701e+01 7.917067449940232926e+00 7.991737084948543846e+00 7.917067449940232926e+00 1.189879974841586652e+01 8.824014638068922167e-02 7.991737084948543846e+00 8.824014638068922167e-02 3.748806032929301324e+01
8.175898132177456645e+00 -1.120626697377198555e+00 1.187571198988195142e+01 -1.120626697377198555e+00 -2.010222391952929044e+01 -3.063094475027111407e+00 1.187571198988195142e+01 -3.063094475027111407e+00 8.583545379139300158e-01
7.746123040398394721e+00 -1.434894343738529443e+01 1.327386654975376956e+01 -1.434894343738529443e+01 1.187923167837752647e+00 -3.538201979088575921e+00 1.327386654975376956e+01 -3.538201979088575921e+00 1.577171412852910670e+01
-3.501680833704493523e+01 -1.093625645510068267e+01 3.730574592017793290e+00 -1.093625645510068267e+01 -4.756161814240910246e+01 -1.535622823622816213e+00 3.730574592017793290e+00 -1.535622823622816213e+00 -2.972033219935644155e+01
1.497033223961013526e+01 -8.534871964565988733e-01 1.048230018348603032e+01 -8.534871964565988733e-01 -7.656744445237073649e+00 7.708250715000281694e+00 1.048230018348603032e+01 7.708250715000281694e+00 -5.269449369312536824e+00
-2.113965824760860812e+01 1.016689679716101757e+01 1.535386017903231171e+01 1.016689679716101757e+01 -5.931095613931954347e+01 -1.936745793452545383e+00 1.535386017903231171e+01 -1.936745793452545383e+00 -2.007398375194273754e+01
