-1.265902708647430863e+01 4.356526742289616116e+00 1.884799706877769054e+01 4.356526742289616116e+00 -4.747316840892306544e+01 3.628932278643523635e+00 1.884799706877769054e+01 3.628932278643523635e+00 1.087047474655432033e+01
-4.301995028695844780e+01 3.839259655066043386e+00 6.287534722273098176e+00 3.839259655066043386e+00 -6.115204385623782457e+01 -3.990485817797891355e-01 6.287534722273098176e+00 -3.990485817797891355e-01 -2.905684983182956316e+01
2.170568781952276183e+01 -1.527914667497596568e+01 2.678207470414214253e+00 -1.527914667497596568e+01 9.843782991867424670e+00 7.130591773167639147e+00 2.678207470414214253e+00 7.130591773167639147e+00 -6.897524854521640547e-01
1.507616880322825104e+01 1.350440381970708614e+01 8.760421386559605894e-01 1.350440381970708614e+01 1.830776728611524362e+01 -6.767091471792667789e+00 8.760421386559605894e-01 -6.767091471792667789e+00 2.100816886205995004e+01
-1.385499391855357754e+00 2.957061797889914523e+00 6.474889237160814659e-01 2.957061797889914523e+00 -4.196800475808080222e+01 -5.515617045355355685e+00 6.474889237160814659e-01 -5.515617045355355685e+00 -1.818847778018967176e+01
3.938514512364733378e+00 -4.256206673883953684e+00 -2.962453868211627928e+00 -4.256206673883953684e+00 -8.333983303721259617e+00 -3.181956240627400678e+00 -2.962453868211627928e+00 -3.181956240627400678e+00 -1.698439646432364469e+01
-1.503032748630203308e+01 8.473407405288639893e+00 1.430759824507858724e+01 8.473407405288639893e+00 -3.838244809011022340e+01 1.058383311422600315e+01 1.430759824507858724e+01 1.058383311422600315e+01 -1.178722797830359248e+01
-2.694015674576287722e+01 -1.679239607236720389e+01 3.810451060673738510e+00 -1.679239607236720389e+01 -4.586781485757145305e+01 1.371776284942689905e+01 3.810451060673738510e+00 1.371776284942689905e+01 -5.956537336307928143e+01
1.573412774407977111e+01 1.742843211440511908e+01 8.515151944875251289e+00 1.742843211440511908e+01 -9.712508103595228093e+00 -1.637028639274785391e+01 8.515151944875251289e+00 -1.637028639274785391e+01 1.312377260363045117e+01
-1.068046861667786906e+01 1.454048697659405365e+00 4.194256310682833444e+00 1.454048697659405365e+00 -3.854675316363696425e+01 1.091009601420437569e+00 4.194256310682833444e+00 1.091009601420437569e+00 -1.060764745561176170e+01
4.823039903029690123e+01 8.641870292141637933e+00 8.641813934292670751e+00 8.641870292141637933e+00 2.783924163808358543e+01 -1.126522953529811577e-01 8.641813934292670751e+00 -1.126522953529811577e-01 2.853780422075489653e+01
2.211637527524495184e+01 1.242145144302055648e+01 4.113517765603249110e+00 1.242145144302055648e+01 2.733255390380959771e+00 6.838762871025951817e-01 4.113517765603249110e+00 6.838762871025951817e-01 9.665719966848852707e+00
2.727468807078597024e+01 -8.534438500493386481e-01 1.013960515871695023e+01 -8.534438500493386481e-01 1.582624297759691245e+01 -4.183806724484369965e+00 1.013960515871695023e+01 -4.183806724484369965e+00 1.606479051083809750e+01
1.496978208933028576e+01 -3.346414529462373721e+00 7.618736881419457596e+00 -3.346414529462373721e+00 1.197855560345020898e+01 -3.803992694269186625e+00 7.618736881419457596e+00 -3.803992694269186625e+00 1.326541952882436171e+01
3.903868183014591153e+00 -4.369115552122488921e+00 3.998131465998727485e+00 -4.369115552122488921e+00 -1.150048481252875554e+01 2.063410004422643773e+00 3.998131465998727485e+00 2.063410004422643773e+00 2.641419953301276990e+01
-3.660786794428324953e+01 -4.546923393775602840e+00 2.200060888661211411e+00 -4.546923393775602840e+00 -3.676271490046863732e+01 1.054854754577391063e+01 2.200060888661211411e+00 1.054854754577391063e+01 -4.029695145332751594e+01
2.842815696192957375e+01 -4.306363643754543169e+00 2.664703968521160604e+01 -4.306363643754543169e+00 3.848214336713670303e+00 2.781568987604027487e+00 2.664703968521160604e+01 2.781568987604027487e+00 3.932712117249241146e+01
1.075141857284745939e+01 -2.580341033905917403e+00 1.660021223817477676e+01 -2.580341033905917403e+00 1.179129922306713318e+00 -1.023041907134329298e+00 1.660021223817477676e+01 -1.023041907134329298e+00 5.040656487017781906e+00
-3.897655807467402145e+00 -6.979178403639958894e+00 1.120192161847163526e+00 -6.979178403639958894e+00 -1.864063555879465284e+01 -1.035415567204102327e+00 1.120192161847163526e+00 -1.035415567204102327e+00 5.564364522629194204e-02
-5.003419499972154938e+01 -2.262444377408385332e+00 2.196367765004431316e+00 -2.262444377408385332e+00 -6.506250117745480566e+01 -5.912148325002108962e+00 2.196367765004431316e+00 -5.912148325002108962e+00 -4.152191451210895679e+01
6.414262107927018342e+00 7.946087085283055629e+00 9.439067268199709204e+00 7.946087085283055629e+00 -1.667378863838305492e+01 2.286376579602055870e+00 9.439067268199709204e+00 2.286376579602055870e+00 -4.402376159485864804e+00
2.408036661638343290e+01 -1.131589115005655088e+01 1.523646503806692110e+01 -1.131589115005655088e+01 1.553250698447491018e+01 5.710782123148762324e+00 1.523646503806692110e+01 5.710782123148762324e+00 1.770464312376662619e+01
-2.269219347338820469e+01 1.499349107552679694e+00 -9.494215095247744707e-02 1.499349107552679694e+00 -2.404247051587070771e+01 1.996137061616233943e+00 -9.494215095247744707e-02 1.996137061616233943e+00 -1.404830733974651125e+01
5.094779913834906360e+00 1.268768344711727103e+01 1.114550719990248062e+01 1.268768344711727103e+01 -1.643359786394955080e+01 6.046307961555846155e+00 1.114550719990248062e+01 6.046307961555846155e+00 -2.491527503688632628e+00
1.913927853253239775e+00 -1.540886334522488710e+01 1.136360542696465892e+01 -1.540886334522488710e+01 -1.979628244547346583e+01 3.104184509095527389e+01 1.136360542696465892e+01 3.104184509095527389e+01 4.572556830490600355e+00
1.725831983329914010e+01 4.910115093143050391e-01 7.135667746499086306e+00 4.910115093143050391e-01 1.418761544579747991e+01 5.194302473770017414e+00 7.135667746499086306e+00 5.194302473770017414e+00 2.298055239747976586e+01
2.344304442141983458e+01 -8.762659266919540002e+00 4.566397702776246348e+00 -8.762659266919540002e+00 3.527694387848271873e+01 -4.727796449084463726e-01 4.566397702776246348e+00 -4.727796449084463726e-01 1.414154731850425506e+01
8.439559383096181477e+00 2.594357553920328741e+00 5.756076313598532224e+00 2.594357553920328741e+00 1.048418135280446073e+01 -5.656043430767105917e+00 5.756076313598532224e+00 -5.656043430767105917e+00 8.779889189581279396e+00
2.875025315866533404e+01 -2.209029096397119307e+00 1.115998228464613540e+01 -2.209029096397119307e+00 2.444318980460236101e+00 7.141302323620415393e+00 1.115998228464613540e+01 7.141302323620415393e+00 1.758517687342769165e+01
1.022460332338618194e+01 7.960607977665315360e+00 1.497214813051380844e+01 7.960607977665315360e+00 9.131768935948027632e+00 9.819899492156286547e-02 1.497214813051380844e+01 9.819899492156286547e-02 1.235698818602461202e+01
-7.400500738178666715e+00 2.398176429369632157e+00 7.592859564528616545e+00 2.398176429369632157e+00 4.598168230229517484e+00 -3.003408566523463552e+00 7.592859564528616545e+00 -3.003408566523463552e+00 -5.314720424869195936e-01
-1.608424257364536203e+01 -6.683481284215565310e+00 6.995628632721098583e+00 -6.683481284215565310e+00 -1.456044549191390836e+01 4.702216805588460780e+00 6.995628632721098583e+00 4.702216805588460780e+00 -2.725035891025937129e+00
-2.505083150935963232e+01 1.227983606792176552e+01 -6.122709384398716814e+00 1.227983606792176552e+01 -4.038854128592396364e+01 -5.916627751488324982e+00 -6.122709384398716814e+00 -5.916627751488324982e+00 -1.602222667713852644e+01
-2.194799484799239053e+01 2.078252915306642024e+00 2.867382686936990499e+00 2.078252915306642024e+00 -3.342802236799686710e+01 -5.069120264619362409e-02 2.867382686936990499e+00 -5.069120264619362409e-02 -2.099473241936333423e+01
3.679325767718464846e+01 -6.338841675378591667e+00 1.191479636851599189e+00 -6.338841675378591667e+00 3.141382170079470271e+01 3.257640009187185104e+00 1.191479636851599189e+00 3.257640009187185104e+00 4.192861469004400021e+01
6.084924372590287678e-02 7.022249090848489139e+00 -7.070002096253841017e+00 7.022249090848489139e+00 2.380158472768505729e-01 -9.742232616715815752e+00 -7.070002096253841017e+00 -9.742232616715815752e+00 8.227189460156447254e+00
3.953562616729085732e+01 -1.017398377132117737e+01 1.606628503402035690e+01 -1.017398377132117737e+01 -3.886554394555140846e+00 -2.783967753863710648e+00 1.606628503402035690e+01 -2.783967753863710648e+00 1.576675787183035915e+01
-2.720953257079278487e+01 -3.824708518190146567e+00 5.396714194622887817e+00 -3.824708518190146567e+00 -4.685210509380157617e+01 -4.225405309381392804e+00 5.396714194622887817e+00 -4.225405309381392804e+00 -3.326705118224148094e+01
-2.898033241479469169e+01 -5.125449426250703766e+00 1.236406246068168890e+01 -5.125449426250703766e+00 -4.647156865390734737e+01 -5.992341244736687500e+00 1.236406246068168890e+01 -5.992341244736687500e+00 -3.414914554978734174e+01
2.813124405536417516e+00 2.888967664008621039e+00 8.778481975668650961e+00 2.888967664008621039e+00 -1.286652133348687599e+01 1.824124255004903536e-02 8.778481975668650961e+00 1.824124255004903536e-02 -5.088306158160062154e+00
-1.532848438410773539e+01 -1.144611392482234535e+01 2.321572286793767859e+01 -1.144611392482234535e+01 -2.053055872594355336e+01 3.013399345818121855e+00 2.321572286793767859e+01 3.013399345818121855e+00 -1.369156547428629800e+01
-2.917582110841260845e-01 1.080957220615216663e+01 3.377616135173277190e+00 1.080957220615216663e+01 -2.623539334195806561e+01 4.250848779556259061e+00 3.377616135173277190e+00 4.250848779556259061e+00 1.095017979432926403e+01
-1.757053204584211059e+01 -1.158238488147920542e+01 -7.622914784409156042e-01 -1.158238488147920542e+01 -7.764328565397168980e+00 -1.470387847405765669e+00 -7.622914784409156042e-01 -1.470387847405765669e+00 5.683880335447276444e+00
2.634716589156204591e+01 1.295160574115491237e+01 1.834210716072708180e+01 1.295160574115491237e+01 -1.138035197903033513e+01 1.457083878416385092e+00 1.834210716072708180e+01 1.457083878416385092e+00 2.505222405280787967e+01
6.902944096427169107e+00 3.352435676937549847e+00 -4.447315094075838804e-01 3.352435676937549847e+00 -2.047593044817892149e+01 4.583392893469781626e+00 -4.447315094075838804e-01 4.583392893469781626e+00 5.723591331377003932e+00
3.829668509196707049e+01 -3.432328623999708062e-01 4.863479007433817891e+00 -3.432328623999708062e-01 1.373335627245354296e+01 -4.712378749203854689e+00 4.863479007433817891e+00 -4.712378749203854689e+00 1.279473141731720887e+01
-3.793774605573414505e+01 -6.174423830999857365e+00 3.745360980857105559e+00 -6.174423830999857365e+00 -5.117411272397813349e+01 6.375464211369396672e+00 3.745360980857105559e+00 6.375464211369396672e+00 -2.557757248770169412e+01
-2.259093510443080532e+01 -2.769669691840665138e+00 2.049820810238705349e+01 -2.769669691840665138e+00 -4.640179375638439296e+01 -2.966025528008625844e+00 2.049820810238705349e+01 -2.966025528008625844e+00 1.441197979700599818e+00
7.693146623273817042e+00 -6.902314312596929957e-01 8.910997104611464437e+00 -6.902314312596929957e-01 6.524018444623813195e+00 -7.155473197967341825e+00 8.910997104611464437e+00 -7.155473197967341825e+00 1.243990428753503075e+01
-1.048351684410566875e+01 8.109539261407292088e+00 1.308277546408651482e+01 8.109539261407292088e+00 -4.210421581389778112e+01 6.615511767125027198e+00 1.308277546408651482e+01 6.615511767125027198e+00 -5.316712521817819059e+00
