8.296390274118470742e+00 4.785753110089452811e+00 9.211385365024881366e+00 4.785753110089452811e+00 7.160686211797443690e+00 1.819035304154164479e+00 9.211385365024881366e+00 1.819035304154164479e+00 -2.487973745548267601e+01
-1.562698910444448863e+01 -4.897368966614111585e+00 -1.638094370858949489e+00 -4.897368966614111585e+00 -5.556648465239903523e+00 -1.730384678292138156e+00 -1.638094370858949489e+00 -1.730384678292138156e+00 -5.197508901452470909e+00
4.199819695774236550e+01 -3.351761345577837670e+00 2.880145819563178833e+00 -3.351761345577837670e+00 3.585897065334413014e+01 -4.035239650858335025e+00 2.880145819563178833e+00 -4.035239650858335025e+00 4.218600880201122294e+01
-5.582298858163416533e+00 2.482791422586469121e+00 -2.589470073187086108e+00 2.482791422586469121e+00 -9.645678027117273956e+00 -2.708035773426057613e+00 -2.589470073187086108e+00 -2.708035773426057613e+00 -2.307112595480426620e+01
8.780467833426648383e+00 3.131104636803483832e+00 2.682898110399067892e+00 3.131104636803483832e+00 -7.189954969606822566e+00 -1.101451772268076557e+00 2.682898110399067892e+00 -1.101451772268076557e+00 -1.326015951692517802e+01
-2.278227916789543883e+01 6.094632362502285794e+00 -6.885939170432090251e+00 6.094632362502285794e+00 -1.564383990873371566e+01 1.511959210838406120e+00 -6.885939170432090251e+00 1.511959210838406120e+00 -2.676634702361042173e+01
-2.115297047720782686e+01 -7.921512675420951943e+00 -1.317170784624413926e+01 -7.921512675420951943e+00 2.623333989176809933e+00 -3.164419011843333074e+00 -1.317170784624413926e+01 -3.164419011843333074e+00 5.745125339018997579e+00
4.353679947519676574e+00 5.700828695276658475e-01 1.278259799782966510e+01 5.700828695276658475e-01 -1.298716780190821929e+00 -8.074547694903177586e+00 1.278259799782966510e+01 -8.074547694903177586e+00 -1.998794436147327858e+01
1.359881760424724106e+01 2.960582478892713976e+00 1.149351108964293289e+01 2.960582478892713976e+00 2.106911724625259907e+01 4.257511915320759677e+00 1.149351108964293289e+01 4.257511915320759677e+00 1.463924785607735579e+01
-4.615363494816802081e+00 5.578161042366614808e+00 2.153592750951170309e+00 5.578161042366614808e+00 -1.570763844699490086e+01 -1.306877551630055123e+01 2.153592750951170309e+00 -1.306877551630055123e+01 -2.682302217334362382e+01
-1.208895064860271873e+01 -3.841131033104955073e+00 -2.580069502599111164e+00 -3.841131033104955073e+00 -1.528191413185877146e+01 -7.469167799099364125e+00 -2.580069502599111164e+00 -7.469167799099364125e+00 -1.963347117333432834e+01
-4.423128337317034919e+01 -7.720107514020360107e+00 -1.554017657951707765e+00 -7.720107514020360107e+00 -5.277926800100663840e+00 1.514722922978829933e+00 -1.554017657951707765e+00 1.514722922978829933e+00 -5.950671634690819189e+01
-1.658361468949441431e+01 -1.366575750972127912e+00 -2.222005617263647537e+00 -1.366575750972127912e+00 -1.744965342771878269e+01 3.983947937783014925e+00 -2.222005617263647537e+00 3.983947937783014925e+00 -2.520581708941716670e+01
-1.348687337778414097e+01 -1.295218947341291615e+00 7.244124620170771855e+00 -1.295218947341291615e+00 -2.358613552393052615e+01 -3.011098214370069748e+00 7.244124620170771855e+00 -3.011098214370069748e+00 -2.265867380666326625e+01
1.717807062390791017e+01 3.871449065314325644e+00 8.464512082116255609e-01 3.871449065314325644e+00 1.644131065986114137e+01 -4.704605366822989687e+00 8.464512082116255609e-01 -4.704605366822989687e+00 2.930085709871940836e+01
-1.949780281198187737e+01 9.340276574113001828e+00 9.613442261777361608e+00 9.340276574113001828e+00 -6.266410491466997357e+00 1.389812313156101098e+01 9.613442261777361608e+00 1.389812313156101098e+01 -4.013010129333404308e+01
3.042984165085002601e+01 -1.788025926160418333e+00 -1.835763632512298571e+00 -1.788025926160418333e+00 2.030226940305647787e+01 -3.669816815396528042e+00 -1.835763632512298571e+00 -3.669816815396528042e+00 2.750910076174268681e+01
5.728833004427538356e+01 -3.260607490072550796e+00 4.012760039873499274e+00 -3.260607490072550796e+00 4.460661559001690080e+01 -5.878420532641341900e+00 4.012760039873499274e+00 -5.878420532641341900e+00 3.024454361070677333e+00
5.295524620715741371e-01 -5.443447152985959825e+00 1.154232156270184717e+01 -5.443447152985959825e+00 -1.541378157010644401e+01 -1.530683832250318011e+00 1.154232156270184717e+01 -1.530683832250318011e+00 -8.892677128401500042e+00
-6.244847007783553394e+00 -1.123975917338774799e+01 8.425637875770332741e+00 -1.123975917338774799e+01 -5.161564619865462333e+00 -7.409528885108969121e+00 8.425637875770332741e+00 -7.409528885108969121e+00 -1.871979699095186334e+01
3.961831853676980586e+01 -6.387243703030923037e+00 -1.312165038014678053e+01 -6.387243703030923037e+00 1.194690013564540010e+01 -4.564157918996381569e-01 -1.312165038014678053e+01 -4.564157918996381569e-01 -9.223940298879961475e+00
-8.352575801538971945e+00 5.084275511068287123e+00 -1.171228974628955033e+00 5.084275511068287123e+00 -9.454832585513827325e+00 -1.128911193696450788e+01 -1.171228974628955033e+00 -1.128911193696450788e+01 -2.533849536657217172e+01
8.943686798612004552e+00 4.983585123538224693e+00 5.672864226988437508e+00 4.983585123538224693e+00 3.249505080212257369e+00 9.128269043120038617e+00 5.672864226988437508e+00 9.128269043120038617e+00 1.589043879167228335e+00
-1.773203959337413238e+01 4.663008308150360826e+00 -1.761207450966397658e+01 4.663008308150360826e+00 -9.445105054021311730e+00 2.935388514829666118e+00 -1.761207450966397658e+01 2.935388514829666118e+00 -1.208850630949750737e+01
4.862534736918145484e+01 4.418719886450717560e+00 -1.114154616281671650e+01 4.418719886450717560e+00 5.173776494966045192e+01 -4.391082845095320764e+00 -1.114154616281671650e+01 -4.391082845095320764e+00 2.926253770747698013e+01
-3.190137581729570471e+01 4.015989969317780073e+00 5.842618009750538022e+00 4.015989969317780073e+00 -2.728482356955589339e+01 -4.872525524758847482e+00 5.842618009750538022e+00 -4.872525524758847482e+00 -2.847211327337690889e+01
9.083961544068632321e+00 2.929286200897146752e+00 7.791352378447511384e+00 2.929286200897146752e+00 -5.832039634112405224e+00 3.408756996750639257e-01 7.791352378447511384e+00 3.408756996750639257e-01 -7.025519908316592677e+00
3.581269999692223927e+00 -3.759794970001316017e+00 -4.187745644384999189e+00 -3.759794970001316017e+00 -5.232568105237905165e+00 -3.987767993828635227e+00 -4.187745644384999189e+00 -3.987767993828635227e+00 -3.695402888192781621e+00
-1.291214237176799529e+01 -5.047291441900850550e+00 -3.429302395142737936e+00 -5.047291441900850550e+00 1.400642491645011489e+01 -6.839359155568250692e+00 -3.429302395142737936e+00 -6.839359155568250692e+00 -3.816171214939117817e+01
2.597522419063746923e+01 6.495251416924552323e+00 -9.521596192190180830e+00 6.495251416924552323e+00 1.559490180974627549e+01 -2.733101457007027779e+00 -9.521596192190180830e+00 -2.733101457007027779e+00 1.644162293137409492e+01
6.253386226317389607e+00 -3.415333481843207952e+00 -9.463231683572281838e+00 -3.415333481843207952e+00 -1.405435065732731470e+00 5.868750511999910380e+00 -9.463231683572281838e+00 5.868750511999910380e+00 -1.009197491978214245e+01
-2.266697834077962170e+01 4.792459786693855861e+00 -4.943967447726836717e+00 4.792459786693855861e+00 -1.974148300973412518e+01 1.128144057188953653e+01 -4.943967447726836717e+00 1.128144057188953653e+01 -1.298003400384906580e+00
2.282273247344540579e+01 -6.014896295796049230e+00 -1.312870603063792885e+01 -6.014896295796049230e+00 3.013837587343673263e+01 -7.181899111605814845e+00 -1.312870603063792885e+01 -7.181899111605814845e+00 2.036492672461504938e+01
-8.318607822288260678e+00 -3.038295527989841815e+00 3.551433192436999065e+00 -3.038295527989841815e+00 -6.950925415320928558e+00 4.210963013639955621e-01 3.551433192436999065e+00 4.210963013639955621e-01 -1.345645003993230304e+01
-2.867514030423793514e+01 1.774887855739953668e+00 6.265671241720434992e+00 1.774887855739953668e+00 -3.403525608453664120e+01 -3.407351590355849780e+00 6.265671241720434992e+00 -3.407351590355849780e+00 -4.345504276143092426e+01
-5.960605433548108678e+00 8.100046216307053015e+00 -2.104762243969326985e+00 8.100046216307053015e+00 1.078506673318550657e+00 7.461086934425789963e+00 -2.104762243969326985e+00 7.461086934425789963e+00 -1.900663879051014624e-02
-1.197297668323836639e+01 -1.707821983831938439e+01 -1.272552877242425051e+00 -1.707821983831938439e+01 -2.038637664379016812e+01 1.898618478182598768e+00 -1.272552877242425051e+00 1.898618478182598768e+00 -2.202437631520125549e+01
6.888263432678485287e+00 -6.995303354689460740e+00 7.554968837479965060e+00 -6.995303354689460740e+00 -9.654615098883824187e-01 7.304328487761781119e+00 7.554968837479965060e+00 7.304328487761781119e+00 -1.235427686213200360e+01
-7.758169405600037649e+00 -5.399360574004919755e+00 -4.274695385167955664e+00 -5.399360574004919755e+00 -4.136411467830032329e+00 -5.705972377729874978e+00 -4.274695385167955664e+00 -5.705972377729874978e+00 3.916175224499264029e+00
-3.187269274366063954e+01 5.643354162321934986e+00 8.151684860905557883e+00 5.643354162321934986e+00 -1.331590037672323845e+01 -1.768986726062922177e+00 8.151684860905557883e+00 -1.768986726062922177e+00 -3.689004120601065306e+00
4.278862961033971146e+01 -9.378034645347106846e+00 8.115783145347812422e+00 -9.378034645347106846e+00 4.774152876269499757e+01 1.082208257114160510e+01 8.115783145347812422e+00 1.082208257114160510e+01 4.451064780165804535e+01
1.029050710841367078e+01 7.904439306240938379e+00 6.309710169448353057e+00 7.904439306240938379e+00 6.982550706000310470e+00 7.889608399829996621e+00 6.309710169448353057e+00 7.889608399829996621e+00 1.095048244370056167e+01
1.977783152948427059e+01 1.886680049836184203e+00 4.419996592353448328e+00 1.886680049836184203e+00 1.576999200461168193e+01 -3.790207915412433959e+00 4.419996592353448328e+00 -3.790207915412433959e+00 2.138488081373115435e+01
3.011915538869840248e+01 -1.054450829758780683e+00 -2.035396727424544583e+00 -1.054450829758780683e+00 2.694916802482952534e+01 6.938670605511124911e+00 -2.035396727424544583e+00 6.938670605511124911e+00 2.060641071193102292e+01
-3.803898909428582442e+01 5.256149179539149507e+00 2.029551233164005986e+00 5.256149179539149507e+00 -2.281118340911934084e+01 1.890098671764473437e+00 2.029551233164005986e+00 1.890098671764473437e+00 -3.453666535699072426e+01
-2.918108503854191937e+01 2.829663483687899106e+00 8.115556873884619549e+00 2.829663483687899106e+00 -1.443926259780560883e+01 3.062185333844431145e+00 8.115556873884619549e+00 3.062185333844431145e+00 -4.770823062408501869e+01
1.199565365673123729e+01 4.796399814432835029e+00 -7.655509806560356623e+00 4.796399814432835029e+00 -3.031008174855474024e+00 1.231021135635563546e+01 -7.655509806560356623e+00 1.231021135635563546e+01 -6.242863168575601307e+00
-1.935454331578349851e+01 1.774843301958064501e+01 5.741796779288612207e+00 1.774843301958064501e+01 -1.662765623018044536e+01 6.223376842731150882e-01 5.741796779288612207e+00 6.223376842731150882e-01 -2.579956902702981481e+01
1.418648291900775682e+01 -5.197699205177373827e+00 8.856122482276560959e+00 -5.197699205177373827e+00 1.180416341676317060e+01 8.032730162791935635e-01 8.856122482276560959e+00 8.032730162791935635e-01 2.036452671527032621e+01
-2.888600398650525847e+01 -1.550730132753587043e+01 -6.905241396249975239e+00 -1.550730132753587043e+01 -2.935851972184288528e+01 -7.777956215560560160e+00 -6.905241396249975239e+00 -7.777956215560560160e+00 -4.195460876295852160e+01
