6.363705389440247728e+01 -9.341849485742811154e+00 2.124914837664698197e+01 -9.341849485742811154e+00 6.682107390458314455e+01 8.133227070155735206e+00 2.124914837664698197e+01 8.133227070155735206e+00 5.581278395948541693e+00
-3.432909111730199925e+01 9.616811468695088294e+00 1.496472401963757637e+00 9.616811468695088294e+00 -2.376314812628287143e+01 2.387503306528910940e+01 1.496472401963757637e+00 2.387503306528910940e+01 -6.543311928470896532e+01
-2.459100889272375667e+01 -1.288259596517430872e+01 1.326572595025986168e+01 -1.288259596517430872e+01 -3.134398232984471022e+01 4.320697165137682427e-01 1.326572595025986168e+01 4.320697165137682427e-01 -5.838838694372959992e+01
-7.458661689056397925e+00 -2.246589143798980714e+01 7.364387599974560494e+00 -2.246589143798980714e+01 -1.645914936974951281e+00 -5.005319345660264929e+00 7.364387599974560494e+00 -5.005319345660264929e+00 -2.476559875541180844e+01
2.274174603784593174e+01 -2.065456049177664344e+00 -5.964214639461001610e+00 -2.065456049177664344e+00 7.349259768841445606e+00 9.604281298781415899e+00 -5.964214639461001610e+00 9.604281298781415899e+00 -3.395152375787093035e+01
-1.433160050771312832e+01 -1.368514322275619932e+01 3.792902809616889748e+00 -1.368514322275619932e+01 9.627285600200382376e+00 -1.893801629165405487e+01 3.792902809616889748e+00 -1.893801629165405487e+01 -4.329455075694340849e+01
-3.452516185890666556e+00 1.299716780248470016e+01 -2.682560650951344883e+01 1.299716780248470016e+01 -1.123450466387269309e+00 -6.203944539016247539e+00 -2.682560650951344883e+01 -6.203944539016247539e+00 -2.652174662282181217e+01
-2.947509456528411320e+01 2.951387174604128472e+00 -8.317685980282398361e+00 2.951387174604128472e+00 -4.361431959490796118e+01 2.926785850772517072e+00 -8.317685980282398361e+00 2.926785850772517072e+00 -8.340530176938206353e+01
-3.175967258226794954e+01 2.812400335192673495e+01 6.696920411318663113e+00 2.812400335192673495e+01 -3.326133842310240851e+01 -3.212981402879361514e+00 6.696920411318663113e+00 -3.212981402879361514e+00 -4.147318390135131239e+01
7.837190864420380265e+00 5.883191620465021643e+00 2.949652014520770038e+01 5.883191620465021643e+00 1.677080133321150868e+01 2.604534210394595206e+01 2.949652014520770038e+01 2.604534210394595206e+01 -9.493613644471075474e+00
-4.616889181099963935e+01 -2.030165200248611868e+01 -5.316089664965571338e+00 -2.030165200248611868e+01 -4.575103736204260230e+01 9.825289881401337411e+00 -5.316089664965571338e+00 9.825289881401337411e+00 -8.436164066333392952e+01
-6.528251256252102053e+01 -5.016119868812548566e-01 -1.304414685986757938e+01 -5.016119868812548566e-01 -5.429627560126176888e+01 -1.455463436540079947e+01 -1.304414685986757938e+01 -1.455463436540079947e+01 2.690142842967626180e+00
7.575613375570471320e+00 6.075354885534287597e+00 4.852124131548208652e+00 6.075354885534287597e+00 2.059270162051490161e+01 1.504673157418990215e+00 4.852124131548208652e+00 1.504673157418990215e+00 -1.963705857215868988e+01
-3.097194580193855273e+01 -2.461077139180953566e+01 6.145669017004026458e+00 -2.461077139180953566e+01 -6.774788448559573517e+00 -1.308263955278928137e+01 6.145669017004026458e+00 -1.308263955278928137e+01 -3.311293280152231233e+01
1.069997313827807872e+01 -2.232224544064379046e+01 1.122967795329804552e+01 -2.232224544064379046e+01 -2.680421632823713907e+01 -1.553912097345059173e+01 1.122967795329804552e+01 -1.553912097345059173e+01 -4.305599422706839619e+01
-7.210627138910352230e+00 2.045833973925562788e+01 1.335868126919325682e+01 2.045833973925562788e+01 -1.370502850998610533e+01 -5.329657459635053662e+00 1.335868126919325682e+01 -5.329657459635053662e+00 -1.749930422187098156e+00
-2.358444617506539487e+01 -1.170098481972159199e+01 1.322639763139262392e+01 -1.170098481972159199e+01 2.784905896604845221e+00 1.041201623943320165e+01 1.322639763139262392e+01 1.041201623943320165e+01 -2.049471845199208175e+01
-5.897784008942142719e+00 1.269707613567759630e+01 3.534005666753304187e+00 1.269707613567759630e+01 -5.957453535617033502e+00 6.678890821309875214e-01 3.534005666753304187e+00 6.678890821309875214e-01 -5.256439765554141985e+01
-5.101469311411934271e+00 -5.334487173450487063e+00 2.426486233429087314e+00 -5.334487173450487063e+00 5.503580263632971814e+00 2.177015334190894080e+01 2.426486233429087314e+00 2.177015334190894080e+01 -5.683489176054830949e+01
4.304550059913139393e+01 -1.209577840685963190e+00 2.292588686602847758e+01 -1.209577840685963190e+00 2.160879607876267983e+01 -6.508337436105268159e-01 2.292588686602847758e+01 -6.508337436105268159e-01 1.636685178814934005e+01
5.368355851767137210e+01 1.669644339830192115e+00 1.435089082403674077e+01 1.669644339830192115e+00 6.204516176176152698e+01 3.030067852919510418e+00 1.435089082403674077e+01 3.030067852919510418e+00 2.509770951282975915e+01
6.577923425892265641e+01 1.221292077769050088e+01 1.107661657516955600e+01 1.221292077769050088e+01 5.954035380704281266e+01 -6.203559643620340402e+00 1.107661657516955600e+01 -6.203559643620340402e+00 2.302977081901679668e+01
-4.682685170330245228e+01 -2.233924448761497317e+01 7.254256519460560604e+00 -2.233924448761497317e+01 -3.037856256700660040e+01 1.572712628700381998e+01 7.254256519460560604e+00 1.572712628700381998e+01 -3.754533355057190391e+01
-1.323572945638124843e+01 -1.951575662411977774e+00 2.565662967753071655e+01 -1.951575662411977774e+00 -1.313093183373812245e+01 -2.190413305984392878e+01 2.565662967753071655e+01 -2.190413305984392878e+01 -3.081560903314095157e+01
3.829360193050640504e+01 -1.164285406772152243e+01 5.122611563775424592e+00 -1.164285406772152243e+01 9.134740567192157101e+00 -1.258136933507236854e+01 5.122611563775424592e+00 -1.258136933507236854e+01 -1.449700074313865095e+01
1.696719460943885238e+01 -1.319298098120959750e+01 -1.228375351756770328e+01 -1.319298098120959750e+01 2.049238147772841501e+01 -8.994182791693965839e+00 -1.228375351756770328e+01 -8.994182791693965839e+00 3.522177404428988012e+01
6.571852531024469535e+00 -2.630004344891820445e+00 2.444612963600937761e+01 -2.630004344891820445e+00 -1.463579041841592421e+01 -1.681007531508074804e+00 2.444612963600937761e+01 -1.681007531508074804e+00 -3.726487244210527905e+01
1.627148239372834837e+01 -6.312258666066088431e+00 1.762774280358740597e+01 -6.312258666066088431e+00 1.805297984150893598e+01 -5.965472593649140620e+00 1.762774280358740597e+01 -5.965472593649140620e+00 -8.943269686250712169e+00
2.662521004405535763e+01 -3.587267820420432685e+00 8.672135599002599449e+00 -3.587267820420432685e+00 3.543158868183166987e+01 -1.124853282269121735e+01 8.672135599002599449e+00 -1.124853282269121735e+01 -2.278963267554989613e+01
-6.723361418642404885e+00 -9.812060846455051832e-01 1.023657905605899865e+00 -9.812060846455051832e-01 -1.782119521811896590e+01 -1.037072163045565265e+00 1.023657905605899865e+00 -1.037072163045565265e+00 -3.236858796709429953e+01
-4.293763387503447149e+01 -2.747278539469389269e+00 -1.207070590944600319e+01 -2.747278539469389269e+00 -1.564326883036173932e+01 -9.376678462129660829e+00 -1.207070590944600319e+01 -9.376678462129660829e+00 -5.373937824227369475e+01
-1.052151053826098348e+01 2.084173740414235354e+01 7.095092519399528008e+00 2.084173740414235354e+01 -2.443878117339005485e+01 4.306771563503178690e+00 7.095092519399528008e+00 4.306771563503178690e+00 -6.698615685483217419e+01
2.118122460013085018e+01 -1.425506763514090558e+01 3.035440833795366000e+00 -1.425506763514090558e+01 1.126724504778339409e+01 1.426492633186605374e+01 3.035440833795366000e+00 1.426492633186605374e+01 6.340876531889053425e+00
1.766317902979123744e+01 -7.457518970576617612e+00 -1.486050648245374717e+01 -7.457518970576617612e+00 3.819872782466691064e+01 5.347818840080666547e+00 -1.486050648245374717e+01 5.347818840080666547e+00 -1.934286322861465024e+01
1.770203121980548389e+01 1.157892308326265507e+01 1.445678617863236326e+01 1.157892308326265507e+01 -3.523680518176264087e+01 3.360997283979764916e+01 1.445678617863236326e+01 3.360997283979764916e+01 -1.779605056392381357e+01
-8.804637362362290887e+00 4.980472685500087593e+00 3.546256801220561083e+00 4.980472685500087593e+00 -1.705690994466187149e+01 -9.304749009651439584e-01 3.546256801220561083e+00 -9.304749009651439584e-01 -4.178349097967517167e+01
2.010841851093629273e+01 1.468657179775096289e+01 1.013963891373255777e+01 1.468657179775096289e+01 -1.955363523462539277e+01 -7.892922274499793112e+00 1.013963891373255777e+01 -7.892922274499793112e+00 -3.266697476131491840e+01
-1.534689785363229753e+01 4.855396182902087965e+00 3.124401371158258556e+01 4.855396182902087965e+00 -2.311353676996056805e+01 1.104565014812664359e+01 3.124401371158258556e+01 1.104565014812664359e+01 -2.555050241858837978e+01
7.628749711441449222e+01 6.977925159957215406e+00 -2.796770973343980504e+00 6.977925159957215406e+00 5.997242070229835775e+01 2.677336534688560032e+00 -2.796770973343980504e+00 2.677336534688560032e+00 3.156075448370177483e+01
-1.107090062784121720e+01 -1.766580176813058500e+01 2.451999531896669637e+01 -1.766580176813058500e+01 -3.124906558022958336e+01 -2.510170011991102790e+00 2.451999531896669637e+01 -2.510170011991102790e+00 -4.439611305200519098e+01
3.599235174120452996e+01 -8.639439706521342188e+00 -3.061874594995689147e+00 -8.639439706521342188e+00 1.589030140653373380e+01 6.595539058327423376e+00 -3.061874594995689147e+00 6.595539058327423376e+00 5.306597604047282601e+01
-4.354962520516593827e+01 -1.365233966937188237e+00 -8.938483047149993865e+00 -1.365233966937188237e+00 -2.405598757437719470e+01 -2.750939830139934728e+01 -8.938483047149993865e+00 -2.750939830139934728e+01 -4.562096622927254685e+01
4.168582986770376664e+01 1.275047359433564154e+01 6.345868504708508162e+00 1.275047359433564154e+01 3.967757605738962923e+01 -2.042921403760606225e+01 6.345868504708508162e+00 -2.042921403760606225e+01 5.433501608475446432e+01
1.831303570165978911e+01 8.592720385300182950e-02 -2.023357073546799612e+00 8.592720385300182950e-02 7.473439221352003337e+00 2.429443130903942816e+00 -2.023357073546799612e+00 2.429443130903942816e+00 2.610250088157110326e+01
2.429233262728297049e+01 -5.641339597897960800e+00 -8.180385469058687464e-01 -5.641339597897960800e+00 2.678317157084005018e+01 -4.789629090887087770e+00 -8.180385469058687464e-01 -4.789629090887087770e+00 1.715332684288944876e+01
2.329818359441399522e+01 -2.312765556053799187e+00 -1.944787376771303400e+01 -2.312765556053799187e+00 3.948020630591820179e+01 -1.587545905411750446e+01 -1.944787376771303400e+01 -1.587545905411750446e+01 8.467654080867722532e-01
2.270583060692830912e+01 -2.694319940817322401e+00 -8.389453116249327991e+00 -2.694319940817322401e+00 6.225475663357132206e+00 8.398506862833276188e+00 -8.389453116249327991e+00 8.398506862833276188e+00 5.392796405968120155e+01
-2.880852763613136602e+01 -1.875746874829404476e+01 9.590852933299794714e+00 -1.875746874829404476e+01 -2.253278014693709252e+01 -8.416526693108259849e+00 9.590852933299794714e+00 -8.416526693108259849e+00 -5.353360481039324270e+00
-4.412736852005841826e+01 1.084632336138975539e+01 -1.034482400673947566e+01 1.084632336138975539e+01 -2.924728841168123950e+01 -1.309223865197643377e+01 -1.034482400673947566e+01 -1.309223865197643377e+01 -6.327440866231851402e+01
-1.309905837657266581e+01 3.966942613770702231e+00 -6.977806134215663647e+00 3.966942613770702231e+00 -3.177493807444770724e+01 7.837677275039391933e-01 -6.977806134215663647e+00 7.837677275039391933e-01 -3.551501642857714813e+01
5.732166390986182414e+00 1.760518180148067202e+01 3.820299167259070039e+00 1.760518180148067202e+01 5.093840705544571357e+00 -2.327974396772073007e+01 3.820299167259070039e+00 -2.327974396772073007e+01 -4.863734789819845972e+00
-2.259172222197149971e+00 -1.864455597112287322e+01 9.497624601660893617e+00 -1.864455597112287322e+01 -1.260226582585186428e+01 7.985298207696065464e-01 9.497624601660893617e+00 7.985298207696065464e-01 -1.695292895163102642e+01
-5.727491102495114461e+01 -1.233194685359900156e+01 -6.908706197380958258e+00 -1.233194685359900156e+01 -6.388621148170332731e+01 1.801790401332400293e+01 -6.908706197380958258e+00 1.801790401332400293e+01 -5.421948010351911051e+01
-5.194172452600093237e+01 -1.368338460179129612e+01 1.066258456140355548e+01 -1.368338460179129612e+01 -5.499492410700657530e+01 -1.145915613837241942e+01 1.066258456140355548e+01 -1.145915613837241942e+01 -7.933289764099448860e+01
2.728047008546676722e+01 1.272838217853378850e+01 -1.316057596797493723e+01 1.272838217853378850e+01 -1.886537937365859818e+01 -2.082140096462240564e+01 -1.316057596797493723e+01 -2.082140096462240564e+01 -6.838406367149843845e+01
3.686920240920981229e+01 -3.688909086224141376e+00 3.716850441857692644e+00 -3.688909086224141376e+00 3.417683632598483001e+01 5.792231202060696305e+00 3.716850441857692644e+00 5.792231202060696305e+00 1.332692582758217448e+01
5.867528875448241976e+00 -1.670964565624317189e+01 -9.817483372174383049e+00 -1.670964565624317189e+01 1.286465810796980413e+01 1.489904021896404629e+01 -9.817483372174383049e+00 1.489904021896404629e+01 -3.947617597845386683e+00
3.663751036639350533e-01 -6.216728955963976233e+00 -9.500868407949102090e-02 -6.216728955963976233e+00 1.210363717304034381e+01 -5.121916822456949347e+00 -9.500868407949102090e-02 -5.121916822456949347e+00 -2.736564866937455776e+01
-3.329986513026775441e+01 -8.731267177096556864e+00 -2.314810585950517208e+01 -8.731267177096556864e+00 5.821156544971500146e+00 2.161788693825543461e+01 -2.314810585950517208e+01 2.161788693825543461e+01 -2.879921763659891454e+01
-3.523628750112662544e+01 5.066405803340978231e+00 -1.340367117929770036e+00 5.066405803340978231e+00 -2.136567857196362397e+01 6.630328035236124684e+00 -1.340367117929770036e+00 6.630328035236124684e+00 -5.700794065594856619e+01
-5.545462052904416295e-01 -1.197808955333653280e+01 1.843737833020989481e+00 -1.197808955333653280e+01 1.577810723761667511e+01 -7.697570857179194093e+00 1.843737833020989481e+00 -7.697570857179194093e+00 1.787854156478271861e+01
-3.995652593511215400e+01 2.407783686653766964e+01 2.042153428349100075e+00 2.407783686653766964e+01 -4.951615168192632410e+01 -3.072598976640664503e+00 2.042153428349100075e+00 -3.072598976640664503e+00 -3.515443424143156470e+00
1.138681307742833404e+01 2.330168241678104479e+01 7.644750750473703782e+00 2.330168241678104479e+01 4.130853680940142425e+01 -2.061728320116613133e+01 7.644750750473703782e+00 -2.061728320116613133e+01 1.956961030351822828e+01
3.219467572108244191e+00 -4.974365093730899745e-01 3.920257506793763724e+00 -4.974365093730899745e-01 1.534562032724030267e+01 9.062435284922520040e+00 3.920257506793763724e+00 9.062435284922520040e+00 -1.970804362014347788e+01
-2.526449087200410304e+01 -1.190838030890344967e+01 -8.504456481650819910e+00 -1.190838030890344967e+01 -9.104815662319714065e+00 6.546730342452329765e+00 -8.504456481650819910e+00 6.546730342452329765e+00 -2.470818388876499583e+01
-3.941093123823966238e+01 -4.961156227922663281e-02 4.472053081697583643e+00 -4.961156227922663281e-02 -4.658916968380388113e+01 4.540468413753393051e+00 4.472053081697583643e+00 4.540468413753393051e+00 -4.211888681558426129e+01
-4.158683251451424923e+01 6.533689040542918214e+00 -1.448551050178499544e+01 6.533689040542918214e+00 -7.275400693683147324e+01 -5.473465160404635377e+00 -1.448551050178499544e+01 -5.473465160404635377e+00 3.251987359723013071e+01
2.684434420735170690e+01 -6.523609915007805959e+00 1.266935930067003779e+00 -6.523609915007805959e+00 2.241750962586944951e+01 1.171246616459785983e+01 1.266935930067003779e+00 1.171246616459785983e+01 -1.159429489764610466e+01
-2.817016657643712918e+01 -8.336456432774222991e-01 -6.977040914994627308e+00 -8.336456432774222991e-01 -1.221897985237648587e+00 -5.094637579485577383e+00 -6.977040914994627308e+00 -5.094637579485577383e+00 -4.765445660633330505e+01
-4.924241719659680427e+01 5.595858277509519141e+00 -1.098975602643321992e+01 5.595858277509519141e+00 -3.988599205928195346e+01 -8.063361833564584913e+00 -1.098975602643321992e+01 -8.063361833564584913e+00 -3.732612628534768362e+01
-1.878168468256986401e+01 -2.303588268098342162e+00 -2.252096151196424145e+00 -2.303588268098342162e+00 -6.608208496746222238e+00 -1.352437622871261524e+01 -2.252096151196424145e+00 -1.352437622871261524e+01 -4.033671430078941000e+01
-1.120364903256454170e+01 -1.361958669654321774e+01 1.757580008617152245e+01 -1.361958669654321774e+01 1.113336778135334271e+00 8.047140372182228774e+00 1.757580008617152245e+01 8.047140372182228774e+00 -6.490030164279399116e+01
-1.868650094396850037e+01 -2.554754340833823889e+01 9.724022237781491995e+00 -2.554754340833823889e+01 -4.444253452762653467e+01 -7.522056305158790757e+00 9.724022237781491995e+00 -7.522056305158790757e+00 -1.183703651210018748e+01
-1.310384181660441705e+01 -5.619112083662302082e-01 1.401758814021025579e+01 -5.619112083662302082e-01 2.675993161989702784e+01 1.221327109521731202e+01 1.401758814021025579e+01 1.221327109521731202e+01 -2.261054569769272860e+01
-1.438173584988176934e+00 -1.073817936917610405e+00 2.264827665895194464e+00 -1.073817936917610405e+00 -5.103778785686240838e+01 -2.303962336094162566e+00 2.264827665895194464e+00 -2.303962336094162566e+00 -5.623377795482827679e+01
-5.824874537548173947e+01 -1.043230242490981396e+01 -6.173306548816541728e+00 -1.043230242490981396e+01 -2.602453984165549983e+01 5.876279691825287088e+00 -6.173306548816541728e+00 5.876279691825287088e+00 -7.183428645812637114e+01
-3.064017531179229792e+01 -1.033260503165021271e+00 1.722505370413811931e+01 -1.033260503165021271e+00 -3.490344605495377550e+01 2.231971621486009028e+01 1.722505370413811931e+01 2.231971621486009028e+01 -7.435901907807294720e+01
-1.301378177557384141e+01 -8.988358810811869049e+00 -6.758103050683229585e-01 -8.988358810811869049e+00 -7.289026460012548725e+00 1.511154353902421033e+00 -6.758103050683229585e-01 1.511154353902421033e+00 -3.064119079099625154e+01
1.273777675932429432e+01 2.081362244430036768e+01 -1.302362944338851847e+01 2.081362244430036768e+01 -1.248021686545560982e+01 6.290504965263610693e+00 -1.302362944338851847e+01 6.290504965263610693e+00 -1.808756883412273808e+01
-3.077571158524352590e+00 3.139452405409563340e+01 2.332383656718018283e+00 3.139452405409563340e+01 4.126838758283161712e-01 8.545585727089372696e+00 2.332383656718018283e+00 8.545585727089372696e+00 -2.419754752241568241e+01
-4.898900554406437635e+01 -1.420749479682782734e+01 -8.308754793080581180e+00 -1.420749479682782734e+01 -1.655112958879134055e+01 1.282219264559090632e+01 -8.308754793080581180e+00 1.282219264559090632e+01 -8.773555069605598078e+01
6.281497996939813788e+01 -2.261481994557364317e+01 -1.677038005363442608e+00 -2.261481994557364317e+01 3.155648779897055078e+01 -4.679528342219044568e+00 -1.677038005363442608e+00 -4.679528342219044568e+00 1.871157677380603701e+01
-3.088719710645148719e+00 1.274077942347688186e+01 6.717806907381592474e+00 1.274077942347688186e+01 -3.136529239175957073e+01 -1.240241782406231952e+00 6.717806907381592474e+00 -1.240241782406231952e+00 -2.439433074559318015e+01
-2.714247504962743918e+01 -2.522512927831060736e+01 5.853624815183121832e+00 -2.522512927831060736e+01 1.190824454364205920e+01 -6.086359034060178530e+00 5.853624815183121832e+00 -6.086359034060178530e+00 -1.901500945154669253e+01
-3.897691088454864428e+01 2.143729909305652370e+01 4.728765855800491913e+00 2.143729909305652370e+01 -1.422952870889822385e+01 -1.663357552748145096e+01 4.728765855800491913e+00 -1.663357552748145096e+01 -5.629365659866107308e+01
5.980757396773636714e+01 -2.163328164603123582e+01 -1.280930539665774148e+01 -2.163328164603123582e+01 6.176301927799735125e+01 -8.914272518138684376e+00 -1.280930539665774148e+01 -8.914272518138684376e+00 2.870746321228953235e+01
-3.066925401909845750e+00 2.523152003599800519e+00 -1.720208749366971546e+01 2.523152003599800519e+00 -2.345226383842649032e+00 1.678684786967534848e+01 -1.720208749366971546e+01 1.678684786967534848e+01 -2.496651593800213931e+01
2.656667443424916542e+01 -1.295078427006735389e+01 2.621732975303125102e+01 -1.295078427006735389e+01 1.925350036190709702e+01 5.208862970985108642e-01 2.621732975303125102e+01 5.208862970985108642e-01 -1.248775376594888442e+01
3.759156858163780157e+01 -1.718715120568708699e+01 1.176486947766207258e+01 -1.718715120568708699e+01 3.443077099751864267e+01 2.073629696750149165e+01 1.176486947766207258e+01 2.073629696750149165e+01 -1.920292009995694826e+01
-3.025433204839947265e+01 1.716510096658851792e+00 -2.365849137309926675e+01 1.716510096658851792e+00 -6.975941158523696117e+00 1.955074425726217813e+00 -2.365849137309926675e+01 1.955074425726217813e+00 -4.328654142638906421e+01
-1.459688414579338733e+01 9.792144039834910885e+00 -9.110377924040905739e+00 9.792144039834910885e+00 -1.104158661884473425e+01 6.846211437703302316e+00 -9.110377924040905739e+00 6.846211437703302316e+00 -6.918292348342467335e+01
8.943309283289970324e+00 4.941725345812165493e+00 -1.345586746979180459e+00 4.941725345812165493e+00 2.376662252784154106e+01 -1.404972584150663728e+00 -1.345586746979180459e+00 -1.404972584150663728e+00 4.210459919733553136e+01
-8.843920841048182879e+00 -8.924884176497535293e+00 1.325462389100098015e+01 -8.924884176497535293e+00 1.525569492768289903e+00 -1.334775823869118128e+01 1.325462389100098015e+01 -1.334775823869118128e+01 -3.833890881157942232e+01
-9.054147942149400663e+00 -9.420674795457831818e-01 -7.379018914833809895e+00 -9.420674795457831818e-01 -1.667715217205135048e+01 7.981195937628768888e-01 -7.379018914833809895e+00 7.981195937628768888e-01 -1.382862597097670232e+01
3.212814861732348248e+01 7.202178361304542697e+00 1.784147050374807364e+01 7.202178361304542697e+00 2.849316567974766912e+01 2.707134457180412568e+01 1.784147050374807364e+01 2.707134457180412568e+01 -9.978548068198094256e+00
-7.946946412831175088e+00 2.393912170656036231e-01 2.839014854912632391e+00 2.393912170656036231e-01 -9.322836854567897458e-01 8.976978306363134763e+00 2.839014854912632391e+00 8.976978306363134763e+00 -6.390625686709085151e+00
4.544490960032427296e+01 -1.881728540138945505e+01 1.258989122054111398e+01 -1.881728540138945505e+01 2.499387437363738229e+01 -2.130749111249505034e+01 1.258989122054111398e+01 -2.130749111249505034e+01 2.827138791111208249e+00
5.956448813897970318e+00 -1.216722116377610874e+01 2.951284247975961783e+00 -1.216722116377610874e+01 6.746254139876180389e+00 -1.315848645966469199e+01 2.951284247975961783e+00 -1.315848645966469199e+01 -2.881285776767916573e+01
-6.296790793338967518e+00 8.000155468859048824e+00 1.535615962820503810e+01 8.000155468859048824e+00 -4.087130729121044936e+01 -1.332638461658066475e+01 1.535615962820503810e+01 -1.332638461658066475e+01 -5.397119040962445524e+01
1.529668595056781299e+01 -1.809866785122885702e+01 -1.096358906168944358e+01 -1.809866785122885702e+01 -2.196014261632784326e+01 -5.448707596093537830e+00 -1.096358906168944358e+01 -5.448707596093537830e+00 -1.334399198806346476e+01
