-3.859458965601273661e+01 1.998146447491541355e+00 6.459386603359283718e+00 1.998146447491541355e+00 1.980706193920878544e+00 1.533634465055765439e+01 6.459386603359283718e+00 1.533634465055765439e+01 5.025910582860143450e+01
2.827004682818926806e+00 9.301930224913641965e+00 2.042465012356214693e+00 9.301930224913641965e+00 -1.482885313173100883e+01 1.149931032814612664e+01 2.042465012356214693e+00 1.149931032814612664e+01 2.984193038421187438e+01
-6.555121941796647889e+01 -1.624187483333066950e+00 3.173651494878871215e+00 -1.624187483333066950e+00 -2.688446787953538930e+01 5.882186290728035338e+00 3.173651494878871215e+00 5.882186290728035338e+00 7.552605722497844454e+00
-2.211320542848808302e+01 -4.765093827137512505e+00 4.765853314255364959e-01 -4.765093827137512505e+00 -8.000408639571743308e-01 -6.542680591445153127e+00 4.765853314255364959e-01 -6.542680591445153127e+00 1.926335182328265461e+01
3.449213774633224716e+01 2.486711291355321762e+00 5.825127411029752400e-01 2.486711291355321762e+00 1.709826415792432641e+01 7.835379741933850006e+00 5.825127411029752400e-01 7.835379741933850006e+00 6.326124388792467634e+00
3.580164949595637580e+01 4.377961835008237657e+00 -1.136647613344804952e+01 4.377961835008237657e+00 2.457124785263260591e+01 -7.792213309663539533e+00 -1.136647613344804952e+01 -7.792213309663539533e+00 2.240386529407501115e+01
3.885146054410616756e+01 -2.572608986998260239e+00 1.325788608251017564e+01 -2.572608986998260239e+00 3.086907031062179030e+01 -7.724399297781697982e+00 1.325788608251017564e+01 -7.724399297781697982e+00 2.628877273611776388e+01
2.102066147523365913e+01 1.482218368001670505e+01 -3.956885857858515543e+00 1.482218368001670505e+01 1.814769533169446092e+01 2.270250382557511770e+00 -3.956885857858515543e+00 2.270250382557511770e+00 1.065008006332445589e+01
-8.338233345271216734e+00 -6.132181134546644152e+00 -1.178446181756742028e+01 -6.132181134546644152e+00 -3.949794822671073291e+00 5.010010176824825079e-01 -1.178446181756742028e+01 5.010010176824825079e-01 -5.724448284037382706e+00
4.404696174931569885e+01 1.157431720578403711e+00 -7.861222298222007687e+00 1.157431720578403711e+00 4.601402197412153328e+01 1.331433977907828803e+00 -7.861222298222007687e+00 1.331433977907828803e+00 3.636057374142901466e+01
-3.077057335015960149e+01 -1.296601480208412305e+01 -1.049782544760285319e+01 -1.296601480208412305e+01 -1.002975771447704822e+01 1.101316576550011028e+01 -1.049782544760285319e+01 1.101316576550011028e+01 3.843103930551711755e+01
-3.292990799426357285e+01 3.575974184335480643e+00 -4.819150043188534127e+00 3.575974184335480643e+00 -2.027196852762304857e+01 1.315888865578955880e+01 -4.819150043188534127e+00 1.315888865578955880e+01 -2.433115719818731293e+01
-2.320945257401602646e+01 1.168945612880542839e+01 3.841336902118944963e+00 1.168945612880542839e+01 -2.067119547028558912e+01 1.008473534511499814e+01 3.841336902118944963e+00 1.008473534511499814e+01 -1.613358316412651661e+01
-4.661216243086951039e+01 -6.255841085486039788e+00 -1.032998278249445256e+01 -6.255841085486039788e+00 -1.270472437680088973e+01 5.416626603283124730e+00 -1.032998278249445256e+01 5.416626603283124730e+00 4.940367034852792472e+01
4.738116319483280847e+01 1.253708062000993495e+00 -5.185599704026728318e+00 1.253708062000993495e+00 5.216634521819255355e+01 -5.286303349708342481e+00 -5.185599704026728318e+00 -5.286303349708342481e+00 3.788515712665115132e+01
-5.022012527843136809e+01 -6.882301279880199019e+00 -5.375374654971191823e+00 -6.882301279880199019e+00 -3.571838685044088635e+01 1.971498752718526148e+01 -5.375374654971191823e+00 1.971498752718526148e+01 -2.783850597767914437e+01
3.019147147304575540e+01 -7.993856558812720614e+00 -6.988322842077934638e+00 -7.993856558812720614e+00 3.661710733392001771e+01 -9.365526010338846019e-01 -6.988322842077934638e+00 -9.365526010338846019e-01 4.146621827595303955e+01
-3.324505069611688413e+01 -1.102296136678478256e+01 1.054656586416167219e+00 -1.102296136678478256e+01 -1.280403858234729242e+01 -1.204361923647777566e+01 1.054656586416167219e+00 -1.204361923647777566e+01 6.019651602829212855e+00
-4.065413255248496682e+01 -1.009843315876193870e+01 -1.112959178495849422e+01 -1.009843315876193870e+01 -2.088197060762949775e+01 -1.608045941330537332e+01 -1.112959178495849422e+01 -1.608045941330537332e+01 2.439913879120712181e+01
-4.763797401295147615e+00 8.253400259295221031e-02 -1.212752004851562404e+01 8.253400259295221031e-02 -2.868811242117657301e+01 -2.257885776392884125e+00 -1.212752004851562404e+01 -2.257885776392884125e+00 -7.934865990953842818e+00
-2.402725766801052032e+01 8.177565420259872653e+00 2.179858246007793099e+00 8.177565420259872653e+00 -6.303853249460037667e+00 4.359373966920952803e+00 2.179858246007793099e+00 4.359373966920952803e+00 -9.396391017938174883e-01
4.715848795414530059e+00 -6.712768396093140133e+00 -7.260473515313618620e+00 -6.712768396093140133e+00 2.026790154241705721e+01 -3.024573136549103536e-01 -7.260473515313618620e+00 -3.024573136549103536e-01 1.350913130906474180e+01
5.974115525173097296e+01 2.581135773056066451e+00 2.785224505162369746e-01 2.581135773056066451e+00 6.496050757880097137e+01 3.679569248683038918e+00 2.785224505162369746e-01 3.679569248683038918e+00 2.667882815561823051e+01
-5.008170346101383785e+01 -1.527677693210241161e+00 -5.316433709430594234e+00 -1.527677693210241161e+00 -2.973240415099716216e+01 -2.986197398001430248e+00 -5.316433709430594234e+00 -2.986197398001430248e+00 1.134269917139647177e+01
-3.900678404616967754e+01 -1.134322314798620823e+01 1.203066110846018510e+01 -1.134322314798620823e+01 -1.886858892791584097e+01 -1.376423416389124377e+01 1.203066110846018510e+01 -1.376423416389124377e+01 1.351874814773967515e+01
1.677140205449155985e+01 -3.642105939323915909e+00 8.974558658116469800e+00 -3.642105939323915909e+00 2.239825484201545081e+01 7.113618791147017895e+00 8.974558658116469800e+00 7.113618791147017895e+00 1.378773091564212194e+01
-3.659584987601493111e+01 -8.387361630561803727e-01 -2.256454692419923802e+00 -8.387361630561803727e-01 4.793659413310862760e+00 4.714439743447663034e+00 -2.256454692419923802e+00 4.714439743447663034e+00 4.108341245859531199e+01
-3.779509876679637159e+01 9.405042580201522284e+00 -7.562151320905352136e+00 9.405042580201522284e+00 -2.028862289949401987e+00 1.318305619775368864e+00 -7.562151320905352136e+00 1.318305619775368864e+00 4.040176263508100618e+01
-4.473796958798269685e+01 2.008826274704201609e+00 8.308465468853874825e+00 2.008826274704201609e+00 -2.713186953272421675e+01 8.686293952982298450e+00 8.308465468853874825e+00 8.686293952982298450e+00 -2.910168532081526394e+01
2.991155660441221897e+01 1.430733948565751090e+00 -8.867963990201381819e+00 1.430733948565751090e+00 3.943791915974873064e+01 -5.430724549145653945e+00 -8.867963990201381819e+00 -5.430724549145653945e+00 4.078957710103086498e+01
4.369516223991350756e+01 1.546066404890908963e+01 2.072804539689512004e-01 1.546066404890908963e+01 4.082801297611607794e+01 2.301810463476657631e+00 2.072804539689512004e-01 2.301810463476657631e+00 -2.076937212889024309e+01
-2.395749834847446280e+01 -1.374102124257712099e+01 -1.063602761887476689e+01 -1.374102124257712099e+01 7.465656609419664136e+00 1.469693140111974294e+01 -1.063602761887476689e+01 1.469693140111974294e+01 2.303723024642199135e+01
-3.937252564759464057e+00 1.384927578138852411e+01 5.569976010160367252e+00 1.384927578138852411e+01 1.404738775790089633e+01 2.562983964933808867e+00 5.569976010160367252e+00 2.562983964933808867e+00 4.307250355429780342e+01
2.975288570891126128e+01 1.678080966937628871e+00 -1.212512641170438599e+01 1.678080966937628871e+00 2.991320693197847191e+01 4.998127285535323594e+00 -1.212512641170438599e+01 4.998127285535323594e+00 2.137003587779257430e+01
-2.176152604706214522e+00 6.972788591253776147e+00 4.951125692774065890e+00 6.972788591253776147e+00 1.713954093271124535e+01 -1.731461678125383097e+00 4.951125692774065890e+00 -1.731461678125383097e+00 2.415591480988336315e+01
-4.773329709200869786e+01 -1.003474831753984731e+01 4.803815611214083958e+00 -1.003474831753984731e+01 -1.675281975586064576e+01 3.743054904595179089e+00 4.803815611214083958e+00 3.743054904595179089e+00 1.031254434294379863e+01
3.350421698566336204e+01 1.225212746529445873e+01 8.908101961239630384e+00 1.225212746529445873e+01 2.276385660053615112e+01 -1.714235209338311194e-01 8.908101961239630384e+00 -1.714235209338311194e-01 -7.817912261195261614e+00
-1.168883978579015981e+01 1.265129632289992090e+00 6.987993937705158309e+00 1.265129632289992090e+00 1.077103704191508626e+01 7.973504424973706151e+00 6.987993937705158309e+00 7.973504424973706151e+00 -1.344539408314586026e+01
4.980102063010660629e+01 -1.302649266922966564e+00 5.518230698923061617e+00 -1.302649266922966564e+00 4.026139715555919452e+01 -1.566353069366560469e+01 5.518230698923061617e+00 -1.566353069366560469e+01 1.397785883140210217e+01
-8.076432090704317446e+00 -4.039036230194716026e+00 -1.884024298567217315e+01 -4.039036230194716026e+00 -2.589158791525702696e+01 2.615403987027160593e+00 -1.884024298567217315e+01 2.615403987027160593e+00 6.734645661299359709e+00
-3.169920802493689749e+01 -6.443833718731534432e+00 9.574796349466762280e+00 -6.443833718731534432e+00 -7.579487271309512053e+00 2.831862090315872660e+00 9.574796349466762280e+00 2.831862090315872660e+00 4.529192750134199486e+01
-4.910005336603522608e+01 -1.055112522973791656e+01 1.199542243179779177e+01 -1.055112522973791656e+01 -2.897281739826261671e+01 2.084695217377188659e+00 1.199542243179779177e+01 2.084695217377188659e+00 1.442186178009015229e+01
-2.923701379014178414e+01 -2.762459920067808383e+00 -1.457755431127476964e+00 -2.762459920067808383e+00 -8.319458691177000986e+00 1.248969836973976300e+01 -1.457755431127476964e+00 1.248969836973976300e+01 7.063961346797952956e+00
4.547619064202677031e+00 7.867445374926625767e+00 -7.701838860602653547e+00 7.867445374926625767e+00 1.475262530859547461e+01 5.234673819011637086e+00 -7.701838860602653547e+00 5.234673819011637086e+00 1.783843284519840822e+01
-1.636790401390951999e+01 -5.261966850544580465e-02 1.168712046673866745e+00 -5.261966850544580465e-02 1.554277379780915602e+01 1.977877941689521801e+00 1.168712046673866745e+00 1.977877941689521801e+00 6.940587514253172685e+01
4.922542869129961218e+01 -1.345980449873428775e+01 5.090084415202925427e+00 -1.345980449873428775e+01 3.985241681794978774e+01 -1.732761828934641590e+00 5.090084415202925427e+00 -1.732761828934641590e+00 4.817689499135077114e+01
-2.960976138654800582e+00 -2.814791420031101499e+00 -6.111983013363334605e-01 -2.814791420031101499e+00 -2.283614811511430087e+00 -2.130656190442233644e+00 -6.111983013363334605e-01 -2.130656190442233644e+00 -1.538259263801743870e+01
-4.117367892005742647e+01 2.038456993523553962e+01 -5.922845053757012757e+00 2.038456993523553962e+01 -1.056685748517575618e+01 -1.565763171117461328e+00 -5.922845053757012757e+00 -1.565763171117461328e+00 2.329981704277496135e+01
3.134373073545592447e+01 -5.521869304149148450e-01 1.348545033446344377e+01 -5.521869304149148450e-01 2.652345050008941385e+01 -6.949046548872043871e+00 1.348545033446344377e+01 -6.949046548872043871e+00 2.309079516050505632e+01
-4.376580727825486150e+01 -1.133163814898265898e+01 1.947522308807964730e+00 -1.133163814898265898e+01 -8.309830419547500568e+00 1.318338439016849328e+00 1.947522308807964730e+00 1.318338439016849328e+00 3.880440797542556197e+01
-5.384481137569747489e+01 -2.847688978925427605e+00 1.988431101942654822e+00 -2.847688978925427605e+00 -3.119707923345088574e+01 5.716034633042618163e-01 1.988431101942654822e+00 5.716034633042618163e-01 1.181413022884813202e+01
5.116328694652105469e+01 4.847733484000558590e+00 -2.454510928532924741e+00 4.847733484000558590e+00 4.642653979993964697e+01 3.221459683214627834e+00 -2.454510928532924741e+00 3.221459683214627834e+00 4.813376629991209654e+01
-3.184664573316069180e+01 9.213296644833153692e+00 -1.085721818032449271e+00 9.213296644833153692e+00 -1.408433444999919359e+01 -7.752797931467847903e+00 -1.085721818032449271e+00 -7.752797931467847903e+00 1.433488397184630259e+01
-2.817906790304333953e+01 -1.056695737678015590e+01 -8.910515254985099887e+00 -1.056695737678015590e+01 -1.994033044327580129e+01 1.155259428902836483e+01 -8.910515254985099887e+00 1.155259428902836483e+01 1.725286884550950006e+01
-6.279405471262497684e+01 -1.693732772986474178e+00 6.774292287820663283e+00 -1.693732772986474178e+00 -2.654001170859673664e+01 9.124227204274831804e-01 6.774292287820663283e+00 9.124227204274831804e-01 3.220375429771311815e+01
-7.147777558768059869e+00 1.397772677480893755e+01 9.612286195796848176e+00 1.397772677480893755e+01 -2.916607371072098687e+01 -6.069379039354370953e+00 9.612286195796848176e+00 -6.069379039354370953e+00 5.176964603127180986e+00
3.156143758042292191e+01 -1.750907414889423475e+00 1.058845653966994860e+01 -1.750907414889423475e+00 2.830297877514826865e+01 2.315773422649202384e+00 1.058845653966994860e+01 2.315773422649202384e+00 1.286025783241039733e+01
-7.388357127749370079e+01 7.416438995696077896e+00 -6.272236157917626898e+00 7.416438995696077896e+00 -4.371709037064791659e+01 2.798617514797687278e+00 -6.272236157917626898e+00 2.798617514797687278e+00 -1.644335484814921244e+01
-2.714512701682182083e+01 -8.509566267432841613e+00 1.888507515625545530e+00 -8.509566267432841613e+00 -2.512152637678824796e+00 2.665085250997556887e+00 1.888507515625545530e+00 2.665085250997556887e+00 1.080786902528578963e+01
-3.318925194341275642e+01 1.072166121724119670e+01 -3.435096681379790962e+00 1.072166121724119670e+01 -1.408249229136024461e+01 -4.443914763107731147e+00 -3.435096681379790962e+00 -4.443914763107731147e+00 2.584129334333306360e+01
3.561060492063152338e+01 -1.111546317039353582e+01 1.027625952211410976e+01 -1.111546317039353582e+01 3.664859264948913875e+01 -7.082189217564011763e+00 1.027625952211410976e+01 -7.082189217564011763e+00 3.015166650688722783e+01
-3.823578279787121659e+01 9.654650279098373034e+00 6.083354303502431115e+00 9.654650279098373034e+00 -9.465925005171893503e+00 -1.675046385926716752e+01 6.083354303502431115e+00 -1.675046385926716752e+01 4.779519161342258826e+01
4.593849395467664465e+01 6.049920945743542333e+00 3.248902319665947225e+00 6.049920945743542333e+00 2.531151730151650625e+01 -9.214587051401943896e+00 3.248902319665947225e+00 -9.214587051401943896e+00 3.156951783518757892e+01
2.005784404019514522e+00 7.157748873211776441e+00 -1.616069360152022938e+01 7.157748873211776441e+00 -1.379195066669144154e+01 -9.275216630601338608e+00 -1.616069360152022938e+01 -9.275216630601338608e+00 -4.194506041918021566e+01
-4.058114416458379736e+01 6.363660135337120494e+00 2.388485822949827586e+00 6.363660135337120494e+00 -2.555394247323710033e+01 1.157980617979342419e+01 2.388485822949827586e+00 1.157980617979342419e+01 3.665305209934791719e+01
-3.603612419598140093e+01 2.061154901208225088e+00 -1.055279899952587641e+01 2.061154901208225088e+00 -1.668467182907512480e+01 1.274918991328294027e+01 -1.055279899952587641e+01 1.274918991328294027e+01 1.475393925713445498e+01
6.602730713218610958e+01 -8.476867846788765704e+00 1.280470540068389784e+00 -8.476867846788765704e+00 5.111545516747131757e+01 -1.362420842865089021e+01 1.280470540068389784e+00 -1.362420842865089021e+01 1.508271313268284075e+01
-3.256411636940773491e+01 1.347784651206090345e+01 7.694415442245669645e+00 1.347784651206090345e+01 -1.002714248860738344e+01 2.723062188117717053e+00 7.694415442245669645e+00 2.723062188117717053e+00 1.071309465072399192e+01
-2.637092554873409966e+01 -6.656823400959392067e+00 -2.564104906192596900e+00 -6.656823400959392067e+00 -3.647311005472885892e+00 2.181789678692190648e+00 -2.564104906192596900e+00 2.181789678692190648e+00 3.351316090320256791e+01
-5.187448151723265966e+01 1.599323214013319827e+01 1.635702519953517786e+00 1.599323214013319827e+01 -2.092132347731076791e+01 -1.752936195880532466e+01 1.635702519953517786e+00 -1.752936195880532466e+01 2.910675641694370341e+01
2.120736545053455302e+01 5.732148703885897589e+00 9.842198249701553436e+00 5.732148703885897589e+00 2.525393998297578690e+01 5.355895187664915014e+00 9.842198249701553436e+00 5.355895187664915014e+00 7.369388236692619998e+00
-8.223492975837004337e+00 2.796176615291930956e-01 4.986280605102488828e+00 2.796176615291930956e-01 4.304020679594439791e+00 1.088734645726373018e-01 4.986280605102488828e+00 1.088734645726373018e-01 1.406297070479745415e+01
-3.555634017194453378e+01 2.601386545890409518e+00 -3.101401251646291879e+00 2.601386545890409518e+00 -1.545369602438111833e+01 -7.336818254926395610e+00 -3.101401251646291879e+00 -7.336818254926395610e+00 -3.035183126523330888e+00
2.360609506953356629e+01 -7.900579471995561320e+00 1.263742164060492179e+01 -7.900579471995561320e+00 1.533505431171442801e+01 -8.997745981680605354e+00 1.263742164060492179e+01 -8.997745981680605354e+00 -3.200412243541228463e+01
-1.594333452014869579e+01 2.101357659531907451e+00 3.263838058638523609e+00 2.101357659531907451e+00 2.311829060942497183e+00 6.090336123880855546e+00 3.263838058638523609e+00 6.090336123880855546e+00 1.793623997250856661e+01
3.918568595574981117e+01 -1.876891643145077282e+00 3.843393416124371686e+00 -1.876891643145077282e+00 3.841274142355347010e+01 6.055048410475089016e-01 3.843393416124371686e+00 6.055048410475089016e-01 1.771665093396114798e+01
4.923706997794047169e+01 -1.334096796255499662e+01 3.093087762088665205e+00 -1.334096796255499662e+01 5.576255170686756912e+01 -1.569963523210271816e+01 3.093087762088665205e+00 -1.569963523210271816e+01 3.275548762799239455e+01
-1.194446434532367363e+01 1.086243952082729081e+01 7.468968229213032828e+00 1.086243952082729081e+01 -6.471587697944713113e+00 7.220706415386760391e+00 7.468968229213032828e+00 7.220706415386760391e+00 -1.205457754073159293e+01
4.021416486927991940e+01 -4.648493811288261668e+00 5.173386765306237089e-01 -4.648493811288261668e+00 3.497272328281678000e+01 1.866065716425561849e+00 5.173386765306237089e-01 1.866065716425561849e+00 4.363182214316461227e+01
5.162547495817312893e+01 -9.257725964773079852e+00 8.268725214433379378e+00 -9.257725964773079852e+00 3.434976488081766632e+01 -2.706132000293729245e+00 8.268725214433379378e+00 -2.706132000293729245e+00 5.404988055656527024e+01
3.980774931939512840e+01 -4.534198191209266149e+00 6.952782362736021682e+00 -4.534198191209266149e+00 4.143715380503847001e+01 7.019551580913161448e-01 6.952782362736021682e+00 7.019551580913161448e-01 3.770091231772892826e+01
-2.781316442954313928e+01 -3.252591237445895622e+00 7.778183622132083030e+00 -3.252591237445895622e+00 1.298579804310707075e+01 3.443177982946403404e+01 7.778183622132083030e+00 3.443177982946403404e+01 5.217390778752321978e+01
-3.439794305033115052e+01 -3.033368325602855631e+00 1.045518938362756423e+01 -3.033368325602855631e+00 -2.518257142119682968e+01 -3.253989282522683713e+00 1.045518938362756423e+01 -3.253989282522683713e+00 1.323708940929590838e+01
-1.627253331338555542e+00 -1.312764404981501620e+01 6.604768465105295139e-01 -1.312764404981501620e+01 6.553555508968588406e+00 1.451652281367801400e+01 6.604768465105295139e-01 1.451652281367801400e+01 3.526521485635321795e+01
-1.924926439349836826e+01 5.603252516541854078e+00 1.452500566827555950e+01 5.603252516541854078e+00 -1.944113895331094355e+01 1.954756718009522887e+00 1.452500566827555950e+01 1.954756718009522887e+00 2.376654735372847327e+00
-2.209169450193220996e+01 7.786386433078124059e-01 -2.361725893752649075e+00 7.786386433078124059e-01 -6.659013494204042871e+00 1.899501989534702728e+00 -2.361725893752649075e+00 1.899501989534702728e+00 2.222910971864680718e+01
2.523271044784968353e+01 2.151521335273317792e+00 6.334890950572974688e+00 2.151521335273317792e+00 3.519294929539407946e+01 2.782719364728415634e+00 6.334890950572974688e+00 2.782719364728415634e+00 2.647464766917419610e+01
-5.674611089414023724e+01 -1.062233832190962346e+01 5.677565444276399198e+00 -1.062233832190962346e+01 -1.513226115455976206e+01 -7.188576889956770799e+00 5.677565444276399198e+00 -7.188576889956770799e+00 3.017036595252100994e+01
1.472317789786341358e+01 3.827300300956337331e+00 7.640152429974272685e+00 3.827300300956337331e+00 2.647564808098077549e+01 6.894354150935028791e+00 7.640152429974272685e+00 6.894354150935028791e+00 1.659722847143211055e+01
-4.429846954203488707e+01 8.756580996981453424e+00 6.089597940116286523e+00 8.756580996981453424e+00 -2.282246769581983514e+01 1.743064163064921956e+00 6.089597940116286523e+00 1.743064163064921956e+00 2.632925187738752015e+01
-5.555906431620589103e+01 4.335996494253189226e+00 1.710695276846617707e+00 4.335996494253189226e+00 -1.602076452723581923e+01 -2.476938405482716821e+00 1.710695276846617707e+00 -2.476938405482716821e+00 3.938619692516757453e+01
-3.542185651746481057e+01 7.099384452889164976e+00 -5.514222300713513825e+00 7.099384452889164976e+00 -1.426366135358901843e+01 4.156732557473680423e+00 -5.514222300713513825e+00 4.156732557473680423e+00 9.764222057915107555e+00
-4.254318682115275863e+01 -1.000685223970071291e+01 -2.153751044324783592e+00 -1.000685223970071291e+01 -1.965476651603949776e+01 2.074685791029277482e+01 -2.153751044324783592e+00 2.074685791029277482e+01 2.953661440270384020e+01
4.807808154333389439e+01 -1.140059535473263885e+01 7.166697449742725823e+00 -1.140059535473263885e+01 4.550878376436352823e+01 -1.135448372027367814e+00 7.166697449742725823e+00 -1.135448372027367814e+00 3.880248558843695861e+01
-1.374675498286157982e+01 -1.270955399904819760e+00 -3.909230439765820186e+00 -1.270955399904819760e+00 -2.593191436989343401e+00 2.590812460412629292e+01 -3.909230439765820186e+00 2.590812460412629292e+01 4.473825191944788315e+01
-1.273399919479202680e+01 -5.053292634173750741e+00 1.348080504469704266e+01 -5.053292634173750741e+00 1.108931270895107524e+01 -1.512330317726294115e+00 1.348080504469704266e+01 -1.512330317726294115e+00 2.724918964811972444e+01
-2.208357782849617479e+01 -9.385693634016121223e+00 9.501201480762815343e-01 -9.385693634016121223e+00 -2.066109679092673801e+01 -5.272373599414470036e+00 9.501201480762815343e-01 -5.272373599414470036e+00 -1.632336705643180963e+01
-3.580903252128623482e+00 -4.203684984680067238e+00 1.337545815556502582e+01 -4.203684984680067238e+00 -1.461512395949422505e+01 -3.637996280691591644e-01 1.337545815556502582e+01 -3.637996280691591644e-01 -2.038601363642056352e+00
-3.633689949334092972e+01 -5.088355671885301135e+00 5.800369861784434811e+00 -5.088355671885301135e+00 -1.764515338300655856e+01 1.681802571470548102e+01 5.800369861784434811e+00 1.681802571470548102e+01 3.435924509923380832e+00
1.654691137224117625e+01 -3.309676146091627968e-01 3.629272205804297879e+00 -3.309676146091627968e-01 2.545251406652944581e+01 -1.258515960351750840e+00 3.629272205804297879e+00 -1.258515960351750840e+00 2.436548711662986122e+01
