-3.412946899517187660e+01 4.717669547212181014e-01 -7.399591689754712043e+00 4.717669547212181014e-01 -2.378651394881873671e+01 -7.779779595662356328e+00 -7.399591689754712043e+00 -7.779779595662356328e+00 -5.066982101073593725e+01
4.133924566144627022e+01 -4.949238131586945144e+00 -2.449966775432530497e+00 -4.949238131586945144e+00 5.005185673585022954e+01 1.267672706364607649e+01 -2.449966775432530497e+00 1.267672706364607649e+01 -1.256209391346769699e+01
-3.211770058848941289e+00 4.766589238441734544e+00 5.695944618103160551e+00 4.766589238441734544e+00 1.379832840811129890e-01 2.990606047307064586e+00 5.695944618103160551e+00 2.990606047307064586e+00 -3.562776088130566876e+01
3.076260761231062801e+01 -1.639622696494009491e+00 1.227350233426408899e+01 -1.639622696494009491e+00 9.196267179016661686e+00 -2.281112878920020570e+00 1.227350233426408899e+01 -2.281112878920020570e+00 -4.525142298608528080e+01
-3.300725294451836334e+01 4.278870796423397960e-01 3.737221316114816005e+00 4.278870796423397960e-01 -2.926444753340857741e+00 -1.879847682459337932e+01 3.737221316114816005e+00 -1.879847682459337932e+01 -3.208064121451493378e+01
4.161169679474271632e+00 -5.687971387285124081e+00 2.255651980313594862e+01 -5.687971387285124081e+00 -1.090592749207842438e+01 -1.129657011751870499e+00 2.255651980313594862e+01 -1.129657011751870499e+00 -4.408178750839396542e+01
-5.321974101477573527e+01 3.610387537793357637e+00 5.412232239428305114e-01 3.610387537793357637e+00 -1.562365460750716295e+01 -9.957342899476987697e+00 5.412232239428305114e-01 -9.957342899476987697e+00 -3.030207374274300491e+01
2.344730516951880261e+01 -1.167515341765074588e+01 8.861678940704297958e+00 -1.167515341765074588e+01 3.069518421765583938e+01 -1.873421281751161871e+01 8.861678940704297958e+00 -1.873421281751161871e+01 -1.125489991168743042e+00
8.843236496838242644e+00 -9.843706202108556624e+00 5.711121790694258848e+00 -9.843706202108556624e+00 9.334903417297249817e+00 -1.097641361058368936e+01 5.711121790694258848e+00 -1.097641361058368936e+01 -2.611585307910683795e+01
-1.937584923876439991e+00 1.507742347812445871e+01 1.322772611124176478e+01 1.507742347812445871e+01 -1.347170649585419966e+01 -7.029872960053655362e+00 1.322772611124176478e+01 -7.029872960053655362e+00 -4.916593642950217458e+01
-2.673080328074703260e+01 -1.270095588395646580e+01 -1.589200532927899268e+01 -1.270095588395646580e+01 -8.249559220427023831e+00 5.006115414437167566e+00 -1.589200532927899268e+01 5.006115414437167566e+00 -2.050449929083826461e+01
9.082175412435754325e+00 1.529564219298130467e+01 -7.778142175133911929e-02 1.529564219298130467e+01 3.146940770221828387e+01 -1.577565442757093805e+01 -7.778142175133911929e-02 -1.577565442757093805e+01 -2.667001060845207405e+01
5.245049211897460140e+01 9.974461703402468515e+00 7.209039138925930068e+00 9.974461703402468515e+00 3.879620179967203342e+01 -1.657695948531580088e+00 7.209039138925930068e+00 -1.657695948531580088e+00 1.197987361129576200e+01
1.003218107796036520e+02 1.181830515289371597e+01 1.033370209566019682e+01 1.181830515289371597e+01 5.613115766109765303e+01 -1.651683653160384679e+01 1.033370209566019682e+01 -1.651683653160384679e+01 3.791141849508298378e+01
-2.193958341830092706e+01 -4.199204261063170129e+00 -3.213171998393161921e+00 -4.199204261063170129e+00 -2.704329872989769967e+01 -5.706230537274961989e+00 -3.213171998393161921e+00 -5.706230537274961989e+00 -4.340332031584723183e+01
-1.030377583311355849e+01 1.194659282301134695e+01 -4.367283355721767180e+00 1.194659282301134695e+01 -1.230753118773072785e+01 -5.173647990219806481e+00 -4.367283355721767180e+00 -5.173647990219806481e+00 -2.654646700896374156e+01
-5.044488825093502715e-01 -8.111826345914900926e+00 1.717645658582116708e+00 -8.111826345914900926e+00 -1.049666643830724411e+01 -5.203846746536257228e+00 1.717645658582116708e+00 -5.203846746536257228e+00 -3.763793157471059914e+01
-1.434677861279375577e+01 -1.110379559129383331e+01 -5.458366823363841602e-01 -1.110379559129383331e+01 -3.095128351396746780e+01 -3.815034684458735281e+00 -5.458366823363841602e-01 -3.815034684458735281e+00 -7.362039872561911125e+01
-6.793590851519864415e+00 -7.088604640361596543e-01 -2.483082154651691198e+01 -7.088604640361596543e-01 -9.360719156681579278e+00 -1.572627883164452278e+01 -2.483082154651691198e+01 -1.572627883164452278e+01 -1.646403416968702160e+01
-1.344180737053146224e+01 6.285488106669250286e+00 -5.948253588643616752e+00 6.285488106669250286e+00 1.354375884820807618e+00 -1.711377302724833882e+01 -5.948253588643616752e+00 -1.711377302724833882e+01 -5.504334292423335739e+01
-3.731150125334803391e+01 -2.475258622615115911e+01 5.123715616721958632e+00 -2.475258622615115911e+01 -1.601915764666987130e+01 -5.874868005233307322e+00 5.123715616721958632e+00 -5.874868005233307322e+00 -1.409243690124150383e+01
-2.152382518139209999e+00 1.156242400246525293e+01 4.991963488741738786e+00 1.156242400246525293e+01 4.173909463081588278e+00 -7.424148443606879866e+00 4.991963488741738786e+00 -7.424148443606879866e+00 -3.392758813575321852e+01
2.143571764476489960e+01 -3.823358006591048053e+01 -4.821329139284251220e+00 -3.823358006591048053e+01 4.707690111057342364e+01 6.273359360293348175e+00 -4.821329139284251220e+00 6.273359360293348175e+00 -8.240088602109160831e+00
6.432839807654619335e+01 1.380761734513635197e+01 1.108576926083205821e-01 1.380761734513635197e+01 4.962017845624028922e+01 4.168990395921017722e+00 1.108576926083205821e-01 4.168990395921017722e+00 2.684310147139558289e+00
-3.101557206504544340e+01 -1.455797439303593777e+01 8.931719367143696076e+00 -1.455797439303593777e+01 -9.110406914745290408e+00 6.846613338006162230e+00 8.931719367143696076e+00 6.846613338006162230e+00 -3.658267504034497364e+01
3.070880548263786203e+00 6.978243350085568952e-01 -1.225751494864401003e+01 6.978243350085568952e-01 -1.855363497571998144e+00 1.097403362600380206e+01 -1.225751494864401003e+01 1.097403362600380206e+01 -2.534016818744613175e+01
3.826112319964332187e+01 2.281249026294841897e+01 1.153564122771771228e+00 2.281249026294841897e+01 1.449410993291642136e+01 -3.523423880378377504e+01 1.153564122771771228e+00 -3.523423880378377504e+01 1.454288002717187567e+01
1.269861234073638023e+01 -2.009255373464191585e+00 1.446421333353098415e+00 -2.009255373464191585e+00 1.485448622346322090e+01 1.261319796400809601e+01 1.446421333353098415e+00 1.261319796400809601e+01 -1.384411636342872143e+01
-2.363437176492381653e+01 -7.917862165492798532e+00 1.552250753198347377e+00 -7.917862165492798532e+00 -4.340812727283839934e+00 -8.255356669834220895e+00 1.552250753198347377e+00 -8.255356669834220895e+00 -2.655389574734096758e+00
-3.446926073999793338e+00 1.826537979494033337e+01 3.033048770475136990e+00 1.826537979494033337e+01 -3.294920866599353815e+01 2.032877993162596653e+01 3.033048770475136990e+00 2.032877993162596653e+01 -5.804813392953862916e+01
-8.055437386398487831e+00 -1.580515382113890421e+00 -1.244103570758240096e+01 -1.580515382113890421e+00 -3.418341639052565029e+01 -9.998312375037276212e+00 -1.244103570758240096e+01 -9.998312375037276212e+00 -1.303811311594824573e+01
-7.936510212602652103e+00 1.366448694102216699e+01 -4.334873501569471266e+00 1.366448694102216699e+01 -1.998209150480158058e+01 7.399745770157863944e-01 -4.334873501569471266e+00 7.399745770157863944e-01 -3.128292530755119927e+01
6.053909764080015243e+00 4.905600777376919019e+00 -1.662028472873571872e+01 4.905600777376919019e+00 2.464841239520291793e+01 -1.364787669810582571e+01 -1.662028472873571872e+01 -1.364787669810582571e+01 -1.618594428210280611e+01
5.044127101352899700e+01 -1.342760040598701110e+01 -2.320636447849673800e+01 -1.342760040598701110e+01 2.238151917207070696e+01 -8.838653245159823868e+00 -2.320636447849673800e+01 -8.838653245159823868e+00 -1.326866011438332293e+01
2.418462999732896535e+01 1.743536476495359366e+01 6.503770585064389209e+00 1.743536476495359366e+01 -1.221453406849095558e+01 -1.611672246399352693e+00 6.503770585064389209e+00 -1.611672246399352693e+00 -1.245581777813634083e+01
2.582704681816895587e+01 -2.106154571784827212e+01 -1.054885289132784898e+01 -2.106154571784827212e+01 1.490627378182815121e+01 8.445371350621844186e+00 -1.054885289132784898e+01 8.445371350621844186e+00 -3.379061857553337234e+01
1.863125895759205264e+01 -3.477810821549524256e+00 9.662922739185008325e+00 -3.477810821549524256e+00 2.142100705169561470e-01 -2.825218660561968420e+01 9.662922739185008325e+00 -2.825218660561968420e+01 -2.711524740311557480e+01
-2.011977964674135322e+01 -1.929436822138785246e+01 -2.964808031767351082e+00 -1.929436822138785246e+01 -3.887422111227404287e+01 5.996052923324172390e+00 -2.964808031767351082e+00 5.996052923324172390e+00 -5.524664963099470327e+01
2.263277305483650892e+01 -2.763369997280473722e+00 5.143483450340805341e+00 -2.763369997280473722e+00 -9.668473486203616574e+00 -4.204731236937730543e+00 5.143483450340805341e+00 -4.204731236937730543e+00 2.668787570831235856e-01
-2.838430031425418054e+00 -1.219487968595380639e-01 -3.217168109778088336e+01 -1.219487968595380639e-01 -3.417466480476127799e+01 -1.075470137606513532e+01 -3.217168109778088336e+01 -1.075470137606513532e+01 4.602011442627990334e+00
5.391562938715908615e+01 5.557265635064219111e+00 -5.080349222538702136e+00 5.557265635064219111e+00 2.444388570187426524e+01 -4.751315707908004171e+00 -5.080349222538702136e+00 -4.751315707908004171e+00 3.966543762070248391e+00
4.836343785464513445e+01 -1.370445677534930340e+01 -7.310326066419073676e+00 -1.370445677534930340e+01 3.073181839960371775e+01 -6.267411920757870902e+00 -7.310326066419073676e+00 -6.267411920757870902e+00 -2.875441958682054988e+01
3.817512867060190729e+01 -1.066955370384889523e+00 -3.747382179726343576e+00 -1.066955370384889523e+00 -1.006566874840860670e+01 1.384289393031804671e+01 -3.747382179726343576e+00 1.384289393031804671e+01 -1.775162104716147837e+01
-2.134370613904871039e+00 -1.935935672150695064e+00 -2.010284031265691240e+01 -1.935935672150695064e+00 1.639807519270395364e+00 -3.539960083869326812e+00 -2.010284031265691240e+01 -3.539960083869326812e+00 -3.844730641551210937e+01
3.202504694420769482e+01 -9.896217207162409935e+00 2.044569867466987212e+00 -9.896217207162409935e+00 1.201884171683643387e+01 4.073378771442696111e-01 2.044569867466987212e+00 4.073378771442696111e-01 6.577412771001770686e+00
1.979317238275071844e+01 -2.242355830114968640e+01 -1.213773731372136622e+00 -2.242355830114968640e+01 -4.879202108878034494e+01 3.779134551681711418e+00 -1.213773731372136622e+00 3.779134551681711418e+00 -3.160278776367355746e+01
-1.797857902239324446e+01 2.042292567471306608e+00 -1.484508161270415805e+01 2.042292567471306608e+00 -1.875169826995295708e+01 -1.863607003497628867e+00 -1.484508161270415805e+01 -1.863607003497628867e+00 -3.706098514765090357e+01
-2.070913878467429470e+01 -1.961157366286603576e+01 2.220347205746616481e+00 -1.961157366286603576e+01 -1.437706828717456276e+01 -6.542550846112226814e+00 2.220347205746616481e+00 -6.542550846112226814e+00 -2.725749465415588801e+01
1.956357789551613102e+00 -1.043852485595317958e+01 1.437223320175360719e+01 -1.043852485595317958e+01 4.354691904789296686e+00 1.371822837625334479e+01 1.437223320175360719e+01 1.371822837625334479e+01 -3.044851416871112804e+01
-2.500862466152558738e+01 -5.983356780176460887e+00 -2.259440490106746324e+01 -5.983356780176460887e+00 -2.261511243230107837e+01 -1.296047288314426105e+01 -2.259440490106746324e+01 -1.296047288314426105e+01 -1.432742655309850122e+01
2.158778874938837689e+01 -4.379853250714644375e+00 -6.216127105857427004e+00 -4.379853250714644375e+00 4.685967556164518655e+00 -4.501963398448607379e+00 -6.216127105857427004e+00 -4.501963398448607379e+00 -6.440834646151325948e+00
2.086113738442141496e+01 1.720402242472863819e+01 6.124610755798244988e+00 1.720402242472863819e+01 5.311960776427727460e+00 5.009908835798186466e+00 6.124610755798244988e+00 5.009908835798186466e+00 -1.425866148253354027e+01
-1.685371898688969594e+01 -6.846204226747144794e+00 1.296025795611810238e+01 -6.846204226747144794e+00 -3.220833764748735728e+00 -1.565387225941642813e+00 1.296025795611810238e+01 -1.565387225941642813e+00 -3.495611292821164540e+01
-1.846294400312482864e+01 -3.813602905093730122e+00 4.683157671250128828e+00 -3.813602905093730122e+00 -2.950732693799746187e+01 -8.007199593632256196e+00 4.683157671250128828e+00 -8.007199593632256196e+00 -7.066470079651635672e+01
-4.421854083684908687e+01 7.837327102573674598e-01 1.915066059990185821e+01 7.837327102573674598e-01 -5.333057451260240356e+01 1.287014127778391348e+01 1.915066059990185821e+01 1.287014127778391348e+01 -9.426796044393900331e+01
2.140356161227234821e+01 -1.487845817437975526e+01 -1.879653544862539860e+01 -1.487845817437975526e+01 -6.962120474758822786e-01 1.373357743054486235e+01 -1.879653544862539860e+01 1.373357743054486235e+01 -1.801138336769870563e+01
4.920196963300291770e+01 9.978001800995475179e+00 -5.138103610587315018e+00 9.978001800995475179e+00 5.183110513045460976e+01 9.146532888184987442e+00 -5.138103610587315018e+00 9.146532888184987442e+00 2.532238199117074018e+01
-3.115630768677639395e+01 -4.674305465798560100e+00 1.776065005711104661e+01 -4.674305465798560100e+00 -3.211251866712455438e+01 -9.209174376844002197e+00 1.776065005711104661e+01 -9.209174376844002197e+00 -3.979047837519942732e+01
1.106046274288459053e+01 -1.039490070509829600e+01 -1.201083301485680188e+01 -1.039490070509829600e+01 1.195181434651006036e+01 8.463853475115135083e-01 -1.201083301485680188e+01 8.463853475115135083e-01 -9.612691210016873100e+00
-1.023789100654113504e+01 2.717333567625882296e+01 -7.352839705890430899e+00 2.717333567625882296e+01 1.369792412940678794e+01 1.481525409649641922e+01 -7.352839705890430899e+00 1.481525409649641922e+01 -8.456273897328616229e+00
-5.479397034053302917e+01 3.246535681237678439e+00 6.496989716350426214e+00 3.246535681237678439e+00 -4.754714670621857664e+01 1.739508519854202007e+01 6.496989716350426214e+00 1.739508519854202007e+01 -6.573213538301432379e+01
-1.270121319850231068e+01 -9.404784063554041396e+00 2.123644328817893268e+01 -9.404784063554041396e+00 -2.866956856177491275e+01 7.288965735874782581e+00 2.123644328817893268e+01 7.288965735874782581e+00 -2.402701496027360051e+01
8.350443189463688043e+01 3.836301103415590319e+01 -1.833670115817773905e+01 3.836301103415590319e+01 5.089929140460466073e+01 -3.875573462012559034e+00 -1.833670115817773905e+01 -3.875573462012559034e+00 -4.152915495689146752e+00
3.057944334636527017e+01 5.303035530788727137e+00 -7.843505471643201776e-01 5.303035530788727137e+00 2.419239386338370679e+01 -1.509730618521435197e+01 -7.843505471643201776e-01 -1.509730618521435197e+01 1.437836807036069153e+01
4.956822048647765655e+01 7.695368805309699134e-01 -2.227177295651433298e+00 7.695368805309699134e-01 1.370955130592755999e+01 -1.598022849394783407e+01 -2.227177295651433298e+00 -1.598022849394783407e+01 -1.159102344500370663e+01
1.341905848287890279e+01 -1.035438779018559297e+00 1.483927409418410903e+01 -1.035438779018559297e+00 -8.158394402432641357e+00 8.208485458476156182e+00 1.483927409418410903e+01 8.208485458476156182e+00 -3.482024601071113068e+01
3.043897915984960179e+01 8.912272328572761637e+00 -6.477797259486756332e+00 8.912272328572761637e+00 2.404947498435353737e+01 -1.348026281149848948e+01 -6.477797259486756332e+00 -1.348026281149848948e+01 -4.310829816121281688e+00
4.152905305531796643e+01 1.450047649219888379e+00 -7.126817754099171509e+00 1.450047649219888379e+00 2.335646932035156098e+01 4.586664811664162400e+00 -7.126817754099171509e+00 4.586664811664162400e+00 1.672348348183598077e+01
1.112196072961359139e+00 -4.618919010634218836e+00 2.411629345785559053e+01 -4.618919010634218836e+00 -7.766171955769046953e+00 -1.004278781604080528e+01 2.411629345785559053e+01 -1.004278781604080528e+01 -4.469521190393314214e+01
-2.447848687684897229e+01 -2.230420927804789599e+01 -8.042847315270895692e+00 -2.230420927804789599e+01 -6.187709716407309912e+01 -1.941932805174203747e+00 -8.042847315270895692e+00 -1.941932805174203747e+00 -8.271006354201190902e+01
3.479265898026618942e+01 -8.443593673991907078e-01 5.164718711792344763e+00 -8.443593673991907078e-01 2.959751225336967906e+01 6.529314821532447022e-01 5.164718711792344763e+00 6.529314821532447022e-01 1.833911056134748918e+01
1.376396229781380676e+01 -3.380267329626618911e-01 -7.937484078322623482e+00 -3.380267329626618911e-01 2.199695020722318617e+01 1.468527721824120391e+00 -7.937484078322623482e+00 1.468527721824120391e+00 -1.344051192145086304e+01
-3.038310700154709831e+00 -8.239649080665033765e+00 -9.545784150635517662e+00 -8.239649080665033765e+00 -3.195331673405431516e+01 -1.879769850679430121e+01 -9.545784150635517662e+00 -1.879769850679430121e+01 -4.220576198155239922e+01
3.073547406035812557e+01 2.083733769958739401e+01 -3.864491843765283985e+00 2.083733769958739401e+01 1.782391656840330185e+00 1.157884398576317686e+01 -3.864491843765283985e+00 1.157884398576317686e+01 -5.025080771154711812e+01
1.496752279055815293e+01 5.092541084641586835e+00 -1.800405347768413433e+00 5.092541084641586835e+00 1.089389133362193363e+01 -5.222949942740733320e+00 -1.800405347768413433e+00 -5.222949942740733320e+00 -8.339528747191334190e+00
-6.204460037028677988e+01 -9.174180681134741278e+00 1.205813701422758477e+01 -9.174180681134741278e+00 -6.429831944300509861e+01 2.471873254126062847e+01 1.205813701422758477e+01 2.471873254126062847e+01 -9.189716994340672329e+01
-1.507807599008823196e+01 4.434715633348430330e+00 -4.001651859098348751e+00 4.434715633348430330e+00 -2.307874066136868407e+01 2.641346329296955986e+01 -4.001651859098348751e+00 2.641346329296955986e+01 -6.271708000454862741e+01
2.272694840377632630e+01 1.073338349269294056e+01 -4.068233789546969348e+00 1.073338349269294056e+01 -2.859429912479053204e+00 1.309897312627689736e+01 -4.068233789546969348e+00 1.309897312627689736e+01 1.347389720317446837e+01
-2.252850877452600642e+01 -5.665208497412869137e-01 5.502524155187224153e+00 -5.665208497412869137e-01 -1.298472640954533475e+01 -6.460099117593315121e+00 5.502524155187224153e+00 -6.460099117593315121e+00 -4.585822046298595467e+01
-2.280598379238134754e+01 1.586191419292485882e+01 -3.672920194901866608e+00 1.586191419292485882e+01 -5.954326014238728959e+01 8.326826177691105002e+00 -3.672920194901866608e+00 8.326826177691105002e+00 -8.775081787615333440e+01
2.998805255986440343e+01 -1.820126830743814850e+01 -1.104935005871780795e+01 -1.820126830743814850e+01 1.905528870956762688e+01 -1.711728939399156957e+01 -1.104935005871780795e+01 -1.711728939399156957e+01 3.116509903530157555e+00
2.913359431929572363e+00 9.608960663561743942e+00 -2.533435147099240936e+01 9.608960663561743942e+00 5.952066353071645111e+00 -1.004480780597216416e+01 -2.533435147099240936e+01 -1.004480780597216416e+01 -1.989518945596111976e+01
1.867405093760388723e+01 -2.696403241064722778e+01 2.871378377152049133e+00 -2.696403241064722778e+01 2.238820239567251491e+01 1.477435416333837992e+01 2.871378377152049133e+00 1.477435416333837992e+01 -1.151637899251495867e+01
-2.072189821596560932e+01 -1.207155593157529738e+00 2.704999202091726929e+01 -1.207155593157529738e+00 -3.772841560691701090e+01 -3.521614903821796094e+00 2.704999202091726929e+01 -3.521614903821796094e+00 -4.746264894788930633e+01
-2.667640238262353858e+00 -8.273108231759933595e-01 5.321354636633735424e+00 -8.273108231759933595e-01 -1.114329422157825489e+00 2.119508690918467941e+00 5.321354636633735424e+00 2.119508690918467941e+00 -3.906412014609431882e+00
9.553855226148865398e+00 -2.381940744046130209e+00 -1.505552473226700494e+00 -2.381940744046130209e+00 -1.248041980020358821e+01 -1.799726283918451486e+01 -1.505552473226700494e+00 -1.799726283918451486e+01 -4.274236697284105047e-01
5.793549504592133026e+00 1.217373944552882037e+01 7.547604918076087799e+00 1.217373944552882037e+01 6.569948391024175827e+00 1.331819965420977248e+00 7.547604918076087799e+00 1.331819965420977248e+00 -3.119526865939523574e+01
1.314100248617808653e+01 -1.960408558051615202e+01 1.464532103101285543e+01 -1.960408558051615202e+01 1.642137250768695012e+01 1.891110779740295200e+01 1.464532103101285543e+01 1.891110779740295200e+01 -2.325266185275792452e+01
-1.193323482352491993e+01 6.498576619697912449e+00 7.214896259199697681e+00 6.498576619697912449e+00 1.552118059114931192e+01 6.852245715993551478e+00 7.214896259199697681e+00 6.852245715993551478e+00 -5.429763278780490765e+01
-2.084428530810460956e+01 1.895829482209528294e+01 -1.039171583262463017e+01 1.895829482209528294e+01 -2.194442102480862467e+00 2.309062750593831126e+01 -1.039171583262463017e+01 2.309062750593831126e+01 -4.633798400339288293e+01
3.193073842005358642e+01 -1.739557789738832838e+01 1.721548551800274041e+01 -1.739557789738832838e+01 2.222071064282728869e+01 -9.882848504811384771e+00 1.721548551800274041e+01 -9.882848504811384771e+00 5.024096269527378311e+00
8.101881940541359128e+00 5.724701656685986073e+00 2.027025420729450644e+01 5.724701656685986073e+00 -3.062873688472872402e+01 -4.234370846161471746e+00 2.027025420729450644e+01 -4.234370846161471746e+00 -1.943967859356004269e+01
1.962574296103087335e+01 -4.117957793672077926e+00 -2.309091138618693417e+00 -4.117957793672077926e+00 8.175911753022479189e+00 -1.183413503930488453e+01 -2.309091138618693417e+00 -1.183413503930488453e+01 -1.598584179108941150e+01
2.766975129686013446e+01 1.268418881056370928e+01 3.816169028661995810e+01 1.268418881056370928e+01 3.054165152207498224e+01 7.847825119450724252e+00 3.816169028661995810e+01 7.847825119450724252e+00 -1.144573766036083384e+01
-3.087845593966075342e+01 -1.219423360008966917e+01 1.508614924996583458e-02 -1.219423360008966917e+01 -3.416390586618341274e+01 1.786140271607859020e+01 1.508614924996583458e-02 1.786140271607859020e+01 -4.313703843828226780e+01
6.193301924353077226e+01 -2.299342372388030409e+00 8.239810532545989830e+00 -2.299342372388030409e+00 3.899635151832425350e+01 -4.300304779239724873e+00 8.239810532545989830e+00 -4.300304779239724873e+00 1.072801218230788045e+01
-2.456484764968919166e+01 -7.372138178113427642e+00 1.029331168355619042e+01 -7.372138178113427642e+00 -7.870203681241189742e+00 -7.452320765703353445e+00 1.029331168355619042e+01 -7.452320765703353445e+00 -3.217936637783268594e+01
3.847848633371804539e+01 2.563903428928441475e+00 4.527713204690995141e+00 2.563903428928441475e+00 3.352680143854160377e+01 1.843792501826474250e+01 4.527713204690995141e+00 1.843792501826474250e+01 2.073121782722589046e+01
-1.174840389520048411e+01 1.244727121019358052e+01 -1.509769476062891869e+01 1.244727121019358052e+01 -1.616347429112859402e+01 1.714504716566355924e+01 -1.509769476062891869e+01 1.714504716566355924e+01 -5.344356885083103492e+01
4.451780299010765418e+01 -4.250881370695550387e+00 -6.173192580976115451e+00 -4.250881370695550387e+00 2.187469363271853595e+01 -6.047361835074238634e+00 -6.173192580976115451e+00 -6.047361835074238634e+00 1.448295677708391160e+01
