-1.797745465826682221e+01 -5.336021162400119561e-02 -2.512130750242222987e+00 -5.336021162400119561e-02 -8.508699751247714715e+00 -3.099250251041800297e+00 -2.512130750242222987e+00 -3.099250251041800297e+00 -2.540907685899135071e+00
5.748501887789491782e+00 -3.813773992999037521e+00 -1.150829222901457882e+01 -3.813773992999037521e+00 2.147541056190890529e+00 -1.342024088989451869e+01 -1.150829222901457882e+01 -1.342024088989451869e+01 1.147938736956855621e+01
4.488713566548383049e+00 9.325472977038753442e+00 -3.387151415142342081e-01 9.325472977038753442e+00 3.607639816085305373e+00 -9.973158541757609186e+00 -3.387151415142342081e-01 -9.973158541757609186e+00 -2.782005338784600212e+01
-1.691360927230000044e+01 -6.037112824790892063e+00 -1.115634004787351685e+01 -6.037112824790892063e+00 -2.578530940401856597e+01 5.285324762521847575e+00 -1.115634004787351685e+01 5.285324762521847575e+00 -2.476059553993052020e+01
3.719812734580223434e+00 8.108172681375458879e+00 -8.892671862989647735e+00 8.108172681375458879e+00 -9.501249002166234359e-01 -1.352658400301130825e+01 -8.892671862989647735e+00 -1.352658400301130825e+01 -6.193234907302448633e+00
-1.785964472563550132e+01 9.416644173806549389e+00 -1.440116321646734932e+01 9.416644173806549389e+00 -2.595152907490882654e+01 -2.372622778996085913e+01 -1.440116321646734932e+01 -2.372622778996085913e+01 -6.499597981864337726e+01
3.785337160375383370e+00 -7.020488566475282077e+00 -1.379245910072433912e+00 -7.020488566475282077e+00 1.103078649422915625e+01 3.803123173133357682e+00 -1.379245910072433912e+00 3.803123173133357682e+00 -3.577835993181798901e+00
1.655971026318959005e+01 7.140562681043197024e+00 -1.111111252110527126e+01 7.140562681043197024e+00 8.234808089170162049e+00 -3.985252890070739795e+00 -1.111111252110527126e+01 -3.985252890070739795e+00 -1.517060699894159193e+01
4.750867211526910694e+01 1.996120911579194868e+01 -1.042971681953609320e+01 1.996120911579194868e+01 4.339395500982222131e+01 6.604536144837884315e+00 -1.042971681953609320e+01 6.604536144837884315e+00 5.136705445264970393e+01
3.799365420706777741e+01 6.508205974832876883e+00 1.402783378581954565e+01 6.508205974832876883e+00 1.788485002241684541e+01 -4.091119684861969752e+00 1.402783378581954565e+01 -4.091119684861969752e+00 -2.608195230880059889e-01
-4.328226006728309727e+01 -2.622573851620716656e+00 -1.728745056433316662e+01 -2.622573851620716656e+00 -3.290489546352163330e+01 6.390725169388418614e+00 -1.728745056433316662e+01 6.390725169388418614e+00 -4.971205427924662246e+01
4.069899533817328319e+01 4.755398166201106669e+00 1.449328561901475609e+01 4.755398166201106669e+00 4.617381129228870407e+01 -9.003419717010240575e+00 1.449328561901475609e+01 -9.003419717010240575e+00 2.237171657015405657e+01
3.157737352815078680e+01 5.162946102002044846e+00 3.491279890652309259e+00 5.162946102002044846e+00 1.230012194286072358e+01 -5.985911547760675688e+00 3.491279890652309259e+00 -5.985911547760675688e+00 -3.611794269788484968e+01
3.019935776316455289e+01 1.220265134696445486e+01 6.141174203448416691e+00 1.220265134696445486e+01 2.554936477407897399e+01 -1.392797378493848770e+00 6.141174203448416691e+00 -1.392797378493848770e+00 -2.475890654727913365e+00
-3.163090394020127505e+01 -7.482137071967675190e+00 -1.796512349024379729e+00 -7.482137071967675190e+00 -2.241097543827514116e+01 9.795566680383320346e+00 -1.796512349024379729e+00 9.795566680383320346e+00 7.419795291940587845e+00
1.993932318457214237e+01 -2.781551126041870714e-01 -6.103910432069293179e+00 -2.781551126041870714e-01 -2.413693735905903193e+00 -3.396537857154251050e+00 -6.103910432069293179e+00 -3.396537857154251050e+00 -3.540852864352838480e+01
1.269831584695432269e+01 -1.704862410146217044e+01 -1.349650612619584145e+01 -1.704862410146217044e+01 -1.036043640810734168e+01 6.810845290849731448e+00 -1.349650612619584145e+01 6.810845290849731448e+00 -1.722556208431916858e+01
-1.811332320918042527e+01 1.136323080920866602e+01 4.733288318156364305e+00 1.136323080920866602e+01 -1.869134033962134112e+01 6.074679186774819328e+00 4.733288318156364305e+00 6.074679186774819328e+00 -4.247027347813273224e+01
2.984530453687260731e+01 6.496697939297683355e+00 -8.787926679635919669e+00 6.496697939297683355e+00 2.259744699191166006e+01 7.874681071834131352e+00 -8.787926679635919669e+00 7.874681071834131352e+00 3.328346536509613429e+00
-3.807359007083985603e+01 1.813219490666091716e+01 6.134022607129152593e-01 1.813219490666091716e+01 -3.075786334173320213e+01 -2.192688217462854805e+00 6.134022607129152593e-01 -2.192688217462854805e+00 -1.873908140614700457e+01
3.706935657486365443e+01 1.268520080376095827e+01 1.092060932205771095e+01 1.268520080376095827e+01 5.375497939327740227e+01 3.090876817100878693e+00 1.092060932205771095e+01 3.090876817100878693e+00 -5.667603684994558577e+00
-1.254168292909369065e+01 1.424991652783015894e+01 -9.833190686400600455e+00 1.424991652783015894e+01 -1.077684363594658379e+01 4.790178767883654487e+00 -9.833190686400600455e+00 4.790178767883654487e+00 5.463239504500784882e+00
-2.014198198128836026e+01 -2.712561223369260865e+00 2.870924213596869334e-01 -2.712561223369260865e+00 -2.458611355312076086e+01 1.761544931494555710e+00 2.870924213596869334e-01 1.761544931494555710e+00 -2.504582092336200816e+01
-4.062595749626014197e+01 1.159099639563874717e+01 1.188743016094924165e+01 1.159099639563874717e+01 -2.575572655118503462e+01 1.511241025466564203e+01 1.188743016094924165e+01 1.511241025466564203e+01 -3.069547828359647212e+01
4.419485671377206870e+01 7.723291258184759478e+00 2.302154990685943403e+01 7.723291258184759478e+00 2.948344557835484281e+01 2.035991225162631757e+00 2.302154990685943403e+01 2.035991225162631757e+00 2.372671883029046569e+01
-5.939587282219619624e+00 2.564481594654016305e+01 4.709323125921375031e+00 2.564481594654016305e+01 -1.515163562614687542e+01 -3.038918983715787725e+00 4.709323125921375031e+00 -3.038918983715787725e+00 -3.145000070015626648e+01
-5.538672663387300332e+01 1.081013238610436744e+01 -5.547060250801066239e+00 1.081013238610436744e+01 -4.760461396119616495e+01 2.621515432142102142e+00 -5.547060250801066239e+00 2.621515432142102142e+00 -6.766410841488684014e+01
4.924702655693652531e+01 7.070566776442793966e+00 4.037026110633298859e-02 7.070566776442793966e+00 3.564844991701797738e+01 7.827910416111423242e-01 4.037026110633298859e-02 7.827910416111423242e-01 -2.470426404520666974e+00
-1.433589830245871433e+01 5.117878661352803782e+00 -1.243048874398941273e+01 5.117878661352803782e+00 -1.849798254823214450e+01 7.883203549297811641e+00 -1.243048874398941273e+01 7.883203549297811641e+00 -2.339039661024793659e+01
9.474954879804668906e+01 1.171312005313897053e+01 -1.454237348768251614e+00 1.171312005313897053e+01 8.525218642975420380e+01 1.186982515482809575e+01 -1.454237348768251614e+00 1.186982515482809575e+01 6.876135435189006273e+01
7.527036661350841484e+00 -5.327978075091753141e+00 -3.928760497004304408e-01 -5.327978075091753141e+00 -9.650492082714405839e+00 1.142297021320816519e+01 -3.928760497004304408e-01 1.142297021320816519e+01 -1.622892980511546668e+01
4.982413675374654360e+01 3.037434974072174221e+00 -4.613202948311369234e+00 3.037434974072174221e+00 3.118768886376324190e+01 -8.147636248387318147e+00 -4.613202948311369234e+00 -8.147636248387318147e+00 1.639029092115364517e+00
-2.908323789774530255e+01 -3.779971516745034954e+00 -1.545549346011121150e+00 -3.779971516745034954e+00 -3.365105547002624320e+01 1.212508423923040368e+01 -1.545549346011121150e+00 1.212508423923040368e+01 -4.365798996535529852e+01
3.628325164956156357e+01 1.477624788446313886e+01 -2.566394615476650820e+00 1.477624788446313886e+01 4.141956811232825686e+01 8.408253700659383156e+00 -2.566394615476650820e+00 8.408253700659383156e+00 -1.730089327660466836e+01
1.830739773760284805e+01 7.540213166275345102e+00 -5.307363541837226251e+00 7.540213166275345102e+00 1.829948801940523007e+00 -5.408798685903659642e-01 -5.307363541837226251e+00 -5.408798685903659642e-01 -4.002326730417594547e+01
2.537150941246315572e+00 -4.899828520785329822e+00 1.619756541916760284e+01 -4.899828520785329822e+00 -1.329338403015178294e+01 9.061836673637280626e+00 1.619756541916760284e+01 9.061836673637280626e+00 -4.363614458180442313e+01
-1.088385915809360149e+01 1.105976446976444594e+00 2.031422403420116485e+00 1.105976446976444594e+00 -1.020107950484462656e+01 -1.090856921152414571e+01 2.031422403420116485e+00 -1.090856921152414571e+01 3.809089389799200198e+00
-5.608273936258745707e+00 -2.603694588509668062e+00 3.625434434705096631e+00 -2.603694588509668062e+00 -2.438797627765109510e+01 -3.428289553654594535e+00 3.625434434705096631e+00 -3.428289553654594535e+00 -2.845954243971332431e+01
-7.595806403516620620e+00 -4.249207867062858135e+00 8.922080613933177418e+00 -4.249207867062858135e+00 -1.978075842731517398e+01 -5.080782597740047812e+00 8.922080613933177418e+00 -5.080782597740047812e+00 -4.074968345070288045e+00
-1.082181665033714246e+01 -1.853253946191472656e-01 1.164342082974946102e+01 -1.853253946191472656e-01 -1.511165011064294994e+01 8.760494442480595723e+00 1.164342082974946102e+01 8.760494442480595723e+00 -4.962803587736320310e+01
-1.528642764478063043e+01 1.630500855729994480e+00 -2.121322715151896077e+01 1.630500855729994480e+00 -2.076046645641428157e+01 -1.669527000735684608e+00 -2.121322715151896077e+01 -1.669527000735684608e+00 -2.241485260836145343e+01
-7.872262328397621189e+00 1.549891752410434798e+01 6.832084018291170180e-01 1.549891752410434798e+01 -2.714735181257018848e+00 1.796981950570090092e+01 6.832084018291170180e-01 1.796981950570090092e+01 -5.012065356836838959e+01
2.704502422776486981e+01 5.175568660678991684e+00 1.072990662219962132e+01 5.175568660678991684e+00 3.557621050048466316e+01 8.955093503429980117e+00 1.072990662219962132e+01 8.955093503429980117e+00 -3.413486715228825119e+01
-3.880869271264980380e+00 -7.974949911690552895e+00 1.275928423903740772e+01 -7.974949911690552895e+00 -1.143111791456709936e+00 1.536150558207573791e-01 1.275928423903740772e+01 1.536150558207573791e-01 -3.486414996241479258e+01
2.069640123204523263e+01 9.494299050804482221e+00 -2.171429620665087601e+00 9.494299050804482221e+00 5.673130312858884139e+00 1.627871455044678228e+01 -2.171429620665087601e+00 1.627871455044678228e+01 -2.057086178900262041e+01
3.731818808762186279e+01 6.395584238649186126e+00 9.713906502915524044e+00 6.395584238649186126e+00 2.622111458870885059e+01 -3.659032384686213391e+00 9.713906502915524044e+00 -3.659032384686213391e+00 -8.198367611959891832e+00
5.388654600343437551e+01 -4.373906942331593495e-01 7.716311687684241249e+00 -4.373906942331593495e-01 4.557767512169799318e+01 1.008020063012770251e+01 7.716311687684241249e+00 1.008020063012770251e+01 5.942359646392579720e+01
-2.100031774013478270e+01 1.556433827727401997e+01 -6.939182751888823830e+00 1.556433827727401997e+01 -6.671560850317605151e+00 -7.418219928180996625e+00 -6.939182751888823830e+00 -7.418219928180996625e+00 -3.228450631396064097e+01
-3.122167052719920832e+01 1.376085477103535659e+01 -7.034806100587503330e+00 1.376085477103535659e+01 -4.412958519669210489e+01 7.161097564625322320e+00 -7.034806100587503330e+00 7.161097564625322320e+00 -7.341690311575155192e+01
3.231095552077639610e+01 9.448794063575386204e+00 5.896524287069340176e+00 9.448794063575386204e+00 2.373229185036392508e+01 7.683115066036241281e-01 5.896524287069340176e+00 7.683115066036241281e-01 -7.614329422503837819e+00
-2.057419104254141651e+00 2.476380736459435461e+00 -5.937135771568173404e+00 2.476380736459435461e+00 1.285124548422110990e+01 -2.594286528484403664e+00 -5.937135771568173404e+00 -2.594286528484403664e+00 -1.326289829515904550e+01
3.320764692379646732e+01 -1.490258802166316521e+01 1.272973952903612016e+01 -1.490258802166316521e+01 2.921022610381764295e+01 2.055994559396631782e+00 1.272973952903612016e+01 2.055994559396631782e+00 -1.324509766703178570e+01
-3.582462171201295575e+01 5.426967004849303500e-01 -6.671208496088453899e+00 5.426967004849303500e-01 -5.371654407631481831e+01 4.564583748735033808e+00 -6.671208496088453899e+00 4.564583748735033808e+00 -6.452608023574164520e+01
1.000318349033973320e+01 6.073898212546992248e+00 -1.811638473296741836e+01 6.073898212546992248e+00 -2.387639751286369183e+00 -1.945714652398937483e+00 -1.811638473296741836e+01 -1.945714652398937483e+00 -2.502262901841436005e+01
4.615707775279938829e+01 1.009128859611381124e+01 -9.112618522715624891e+00 1.009128859611381124e+01 6.481295956817520221e+01 1.509049488761479019e+01 -9.112618522715624891e+00 1.509049488761479019e+01 3.104236940526721611e+01
-6.740444354163173557e+01 -7.202812499381144207e+00 -1.366849950373796219e+01 -7.202812499381144207e+00 -4.518803914716997383e+01 -5.891263578029913184e+00 -1.366849950373796219e+01 -5.891263578029913184e+00 -6.826491927498750556e+01
-1.922243379261754725e+01 7.886323387709757604e+00 -2.818340492399170616e-01 7.886323387709757604e+00 -5.359869901439240358e+00 -8.265743477579608367e+00 -2.818340492399170616e-01 -8.265743477579608367e+00 3.983050365562946116e+00
-5.777749921609337314e+00 6.100318144725664915e+00 -6.250208873516770680e+00 6.100318144725664915e+00 -1.683061103967943595e+01 -1.060529100545487147e+01 -6.250208873516770680e+00 -1.060529100545487147e+01 -5.661881328092014343e+01
-2.080494366870285461e+01 2.222681098777736253e+01 1.560859246118355514e+01 2.222681098777736253e+01 -1.786003411617334180e+01 -5.213133256413719607e+00 1.560859246118355514e+01 -5.213133256413719607e+00 -3.316106536755323475e+01
-3.193857416960216966e+01 1.461387294061870890e+01 -9.337402992151359271e+00 1.461387294061870890e+01 -2.903880341473690763e+01 3.507644761707492953e-01 -9.337402992151359271e+00 3.507644761707492953e-01 -2.201247993275682546e+01
2.610865726260304243e+01 -6.006966608744174430e+00 -4.927479044394535990e+00 -6.006966608744174430e+00 -3.357822226523528908e+00 -2.518971151347610515e+00 -4.927479044394535990e+00 -2.518971151347610515e+00 1.582123587003410314e+01
5.072803800424352083e+00 -3.623339754890321895e+00 2.687593119922726093e+00 -3.623339754890321895e+00 1.987636493001274829e+01 9.538221603367615486e+00 2.687593119922726093e+00 9.538221603367615486e+00 1.022741562592239362e+01
2.784098840711580181e+01 2.640851256832437155e+00 1.292343718745842018e+01 2.640851256832437155e+00 3.865482152123261983e+01 6.536245925101693999e+00 1.292343718745842018e+01 6.536245925101693999e+00 -1.480863258637593738e+01
-2.157424133984339321e+01 3.139372530622742130e-01 5.557317993254321742e+00 3.139372530622742130e-01 -1.099219676008463864e+01 -7.127248308727084591e+00 5.557317993254321742e+00 -7.127248308727084591e+00 -3.834480637572726636e+01
2.147935824644728697e+01 1.772441861167366639e+01 -4.855200935598083412e+00 1.772441861167366639e+01 2.447949296809947128e+01 9.178272712671542877e+00 -4.855200935598083412e+00 9.178272712671542877e+00 -2.212119157938019498e+01
-3.575046397559708544e-01 -3.410637326314025497e+00 1.780374141865472026e+01 -3.410637326314025497e+00 -2.289997127923552611e+01 -5.902921984458419757e+00 1.780374141865472026e+01 -5.902921984458419757e+00 -3.756813870296948465e+01
8.994046659527906940e+00 5.740263250113115667e+00 -2.148713251256365808e+00 5.740263250113115667e+00 3.129290767178928068e+00 4.460077966637731706e+00 -2.148713251256365808e+00 4.460077966637731706e+00 1.127283994788892052e+01
5.136379302902398081e+01 -6.214833481084895972e-01 1.369038522811170111e+01 -6.214833481084895972e-01 3.951054087613263022e+01 6.040954556914144291e+00 1.369038522811170111e+01 6.040954556914144291e+00 1.526022920573050001e+01
2.242559310068876144e+01 3.513152727619970772e+00 -1.074259479201330159e+01 3.513152727619970772e+00 -6.137593593800229286e+00 -1.415119741970168121e+01 -1.074259479201330159e+01 -1.415119741970168121e+01 -1.510980141187548931e+01
-3.487545889633983709e+00 -8.128570430187735951e+00 4.191435033015951994e+00 -8.128570430187735951e+00 -8.321591776075530689e+00 4.502960514884708942e+00 4.191435033015951994e+00 4.502960514884708942e+00 1.956607019182372564e+00
-1.238674123198096133e+01 1.052639795184873428e+01 6.833108167914710762e+00 1.052639795184873428e+01 9.243836091397058752e+00 4.589956347630947953e+00 6.833108167914710762e+00 4.589956347630947953e+00 -1.826884577571160406e+01
5.352037265657801157e+01 3.847448011555816727e+00 -1.145292368549506179e+01 3.847448011555816727e+00 5.270792189094552072e+01 -8.495726373764455053e-01 -1.145292368549506179e+01 -8.495726373764455053e-01 3.291869229157213539e+01
1.133582681874810660e+01 -1.154948167391184022e+01 9.797856511926394951e-01 -1.154948167391184022e+01 7.679384375112882744e+00 6.517345345743532192e+00 9.797856511926394951e-01 6.517345345743532192e+00 1.033351124605868065e+01
2.844492446552393616e+01 -5.977450535314214441e+00 2.333722595241003361e+01 -5.977450535314214441e+00 2.955516062258857701e+01 -1.063147309060396006e-01 2.333722595241003361e+01 -1.063147309060396006e-01 -2.570126408461183587e+01
-3.588119512774344599e+01 -9.441814407305013646e+00 2.601905587577307610e+00 -9.441814407305013646e+00 -4.075934136198564062e+01 2.569392573657677259e-01 2.601905587577307610e+00 2.569392573657677259e-01 -6.874796206745884319e+01
5.249864435323247136e+01 2.675370169640483908e+01 4.130780730959398461e+00 2.675370169640483908e+01 3.426167482865235314e+01 -1.495071606424067134e+01 4.130780730959398461e+00 -1.495071606424067134e+01 3.221796188998985855e+01
1.485034776472319784e+01 -5.682102264259350832e+00 9.048744067687135129e+00 -5.682102264259350832e+00 -5.551032416751511711e+00 -1.031815175265467310e+01 9.048744067687135129e+00 -1.031815175265467310e+01 -1.500920949019026374e+01
-1.703401897753709449e+01 -1.008024938123707770e+01 -2.735954799781634694e-01 -1.008024938123707770e+01 -1.632010654161248908e+01 3.822730003975649549e+00 -2.735954799781634694e-01 3.822730003975649549e+00 -2.146193675086131947e+01
1.202208396257773160e+01 7.296560094326499879e+00 6.686882198841039404e+00 7.296560094326499879e+00 -7.990060997453354297e+00 1.269316826480273441e+01 6.686882198841039404e+00 1.269316826480273441e+01 -3.651711411072320601e+01
4.805410359104347151e+01 -9.247751492398215589e+00 -5.327282260341098530e-01 -9.247751492398215589e+00 2.410959104384424379e+01 4.588487301273978858e+00 -5.327282260341098530e-01 4.588487301273978858e+00 -8.661835733967743423e+00
5.884180689216869098e+00 -4.060199245896202735e-01 3.516564806007718147e+00 -4.060199245896202735e-01 -4.680801821035359467e+00 8.308026392496923762e+00 3.516564806007718147e+00 8.308026392496923762e+00 -4.025481181132023778e+01
-6.117923436654116642e+00 7.968837854926903219e+00 1.356464404843506166e+00 7.968837854926903219e+00 -1.639957604126346880e+01 1.775014808179493997e+01 1.356464404843506166e+00 1.775014808179493997e+01 -6.216254718235662580e+01
5.303120215619747313e+01 4.420080370265997871e+00 1.490621960522616085e+00 4.420080370265997871e+00 3.803339590428244321e+01 9.472988631193581810e+00 1.490621960522616085e+00 9.472988631193581810e+00 -8.223720755657847548e+00
-1.705667094805153994e+01 -5.436131607545551248e+00 -1.768177195105339550e+01 -5.436131607545551248e+00 3.943456174696955419e+00 -3.884944940351427345e+00 -1.768177195105339550e+01 -3.884944940351427345e+00 -5.049314196251894771e+01
-4.208003457662653268e+00 7.369905040399749474e+00 -5.161226859480862572e+00 7.369905040399749474e+00 -1.409319007899940779e+01 1.234075083736231626e+01 -5.161226859480862572e+00 1.234075083736231626e+01 -5.503399221402508346e+01
-3.334729465973981632e+01 -8.304028622593166986e+00 4.517098276258323608e+00 -8.304028622593166986e+00 -1.975740650330246950e+01 4.440758519750406030e+00 4.517098276258323608e+00 4.440758519750406030e+00 -3.056885736765397965e+01
6.006791532162340630e+00 -2.901325681029861325e+00 2.187450583671012527e+00 -2.901325681029861325e+00 2.800767229757884635e+01 -1.165512142535877516e+01 2.187450583671012527e+00 -1.165512142535877516e+01 -1.574208676627034542e+01
2.997707911587377083e+01 1.012794680309777995e+01 -3.509925759794334965e+00 1.012794680309777995e+01 3.241171329840906168e+01 -4.395522647018036189e+00 -3.509925759794334965e+00 -4.395522647018036189e+00 -1.834467292384310610e+01
2.018351674181943167e+01 1.302995078888280034e+00 -9.776698411404195710e+00 1.302995078888280034e+00 3.437538001922901287e+01 -2.677657867782337053e+00 -9.776698411404195710e+00 -2.677657867782337053e+00 -1.014767360282398201e+01
2.002930128011118782e+01 1.803042710302448892e+00 8.193483825880953475e+00 1.803042710302448892e+00 -7.888560516950826162e+00 1.418677160883329158e+01 8.193483825880953475e+00 1.418677160883329158e+01 -3.830230419604728098e+01
1.382965426940291742e+01 -1.645705977250392138e+01 3.179682556673085081e+00 -1.645705977250392138e+01 1.150002687419788172e+00 -1.856919936765536239e+00 3.179682556673085081e+00 -1.856919936765536239e+00 -5.342570518491424281e+01
1.888839922056137510e+01 -3.254519824863634003e+00 1.586642675574874239e+01 -3.254519824863634003e+00 2.631222725167839016e+01 2.390392442729345035e+00 1.586642675574874239e+01 2.390392442729345035e+00 8.848490681766160160e-01
-6.347144144396216214e-02 8.797746872951853092e+00 1.316084949871968135e+01 8.797746872951853092e+00 9.314454993407869088e-01 9.818970504295444712e+00 1.316084949871968135e+01 9.818970504295444712e+00 -1.196760177134456882e+01
-1.775225134071964561e+01 -1.361928795669502978e+00 -1.003360058406067878e+01 -1.361928795669502978e+00 2.665985808982380134e-01 -5.459980630752114816e-01 -1.003360058406067878e+01 -5.459980630752114816e-01 -2.154427382091492404e+01
-2.242546015825375250e+01 6.029909513351002559e+00 1.565109008601245755e+01 6.029909513351002559e+00 -2.283790565058364663e+01 3.339137748243836690e+00 1.565109008601245755e+01 3.339137748243836690e+00 -1.392947867707648513e+01
-5.178556624280113319e+00 9.184363304208034151e+00 1.082462423366856941e+00 9.184363304208034151e+00 -1.637018029753998150e+01 8.697399154410993205e+00 1.082462423366856941e+00 8.697399154410993205e+00 -1.376929147306940315e+01
5.387975693245688547e+01 -3.761502548736293861e+00 9.773022961876566939e+00 -3.761502548736293861e+00 3.265071901942313559e+01 -7.507981840401754425e+00 9.773022961876566939e+00 -7.507981840401754425e+00 5.825968404416760116e+00
-3.402749978493399396e+01 -7.009737756617212545e-01 8.307810823371073461e-01 -7.009737756617212545e-01 -3.355274012148456819e+01 -3.114888493311643636e+00 8.307810823371073461e-01 -3.114888493311643636e+00 -3.401249998860277657e+01
1.550799501401426639e+01 1.244333771068779626e+01 1.780668060399754671e+00 1.244333771068779626e+01 3.020062696943927349e+01 8.447089470042605797e+00 1.780668060399754671e+00 8.447089470042605797e+00 -1.925247809523595421e+01
3.255346873157216692e+01 3.438841252158554962e+00 5.638691382091856497e+00 3.438841252158554962e+00 2.742590890947929338e+01 7.576966662852223422e+00 5.638691382091856497e+00 7.576966662852223422e+00 8.417215553956687302e+00
-1.008462855131480751e+01 6.585865240598819170e+00 -2.954846080756516447e+00 6.585865240598819170e+00 1.747554724852512731e+00 -4.010004583634569464e+00 -2.954846080756516447e+00 -4.010004583634569464e+00 4.321501454620546134e+00
4.531658004447161403e+01 3.313900122441799656e-01 1.126064537122108433e+01 3.313900122441799656e-01 6.978297899652618241e+01 3.223290966485673259e+00 1.126064537122108433e+01 3.223290966485673259e+00 4.960062571684395571e+00
-1.995483325872488001e+00 7.350842335298274577e+00 -6.272049468494994784e+00 7.350842335298274577e+00 -1.095360640829052157e+00 -1.199968394916931524e+00 -6.272049468494994784e+00 -1.199968394916931524e+00 1.395687195038098594e+01
-3.528599804677960350e+01 1.140826487193915639e+01 -9.710875450600177095e-01 1.140826487193915639e+01 -3.171122019875286568e+01 4.747123734699527198e+00 -9.710875450600177095e-01 4.747123734699527198e+00 -3.327929022026958705e+01
4.816921503356467582e+01 -1.544973166736189896e+00 -9.908358671079982471e+00 -1.544973166736189896e+00 1.282645677745230905e+01 -6.869549133674362373e+00 -9.908358671079982471e+00 -6.869549133674362373e+00 2.781016172993965974e+00
-2.739818002403286812e+01 1.149400489152223237e+01 -1.515234053118833657e+01 1.149400489152223237e+01 -4.611113655705199932e+01 1.666219130537710669e+01 -1.515234053118833657e+01 1.666219130537710669e+01 -3.304198563625048024e+01
-1.591179154999529999e+00 2.813427106701363201e+00 1.597583164491773511e+00 2.813427106701363201e+00 -2.226899712166115819e+00 -5.374897778675062021e+00 1.597583164491773511e+00 -5.374897778675062021e+00 -4.997124277807111881e+00
7.189806277905709031e+00 2.080648115701197565e+00 -1.861767296824978501e+01 2.080648115701197565e+00 -1.200298903081038482e+01 -4.838446470701395441e+00 -1.861767296824978501e+01 -4.838446470701395441e+00 -5.003182151197434280e+01
3.727186691755463244e+01 1.978042451584271788e+01 -1.224804044242983814e+01 1.978042451584271788e+01 2.991997570799453143e+01 -9.746273412216710952e+00 -1.224804044242983814e+01 -9.746273412216710952e+00 1.608484044065350105e+01
4.915989779156553396e+01 9.372692292991189333e+00 1.193078086539649973e+00 9.372692292991189333e+00 4.772748210400446567e+01 6.887925177711259117e+00 1.193078086539649973e+00 6.887925177711259117e+00 1.839694722381159497e+00
2.509049306947923341e+01 1.070620570312236230e+00 4.635337745168626178e+00 1.070620570312236230e+00 1.682357745032711094e+01 -1.731675119706446608e+01 4.635337745168626178e+00 -1.731675119706446608e+01 -4.430876792915233509e+00
3.412588536295623243e+01 3.990927971376011740e+00 5.100322409529978174e+00 3.990927971376011740e+00 4.432470421723882481e+01 -1.065671980084180248e+01 5.100322409529978174e+00 -1.065671980084180248e+01 2.875614587838945013e+01
1.713196030382021107e+01 1.306031775130133887e+01 1.871480716692855850e+01 1.306031775130133887e+01 2.608237275711295311e+01 1.099759199646298136e+01 1.871480716692855850e+01 1.099759199646298136e+01 -3.010001009732218336e+01
-1.593367841273873253e+01 1.372221064515232136e+01 -3.495329105463208297e+00 1.372221064515232136e+01 2.133296673992230552e+00 7.666747154887616489e+00 -3.495329105463208297e+00 7.666747154887616489e+00 -4.544741494889230893e+01
-1.866843898708182792e+01 1.089062491768306273e+01 5.346700286243269318e+00 1.089062491768306273e+01 -1.881500103798999746e+01 3.519933918794819316e+00 5.346700286243269318e+00 3.519933918794819316e+00 -1.712200961755132056e+01
-4.798795054785013114e+00 8.668032941110677569e+00 -1.114864565301267429e+00 8.668032941110677569e+00 -2.101342139587859847e+01 -7.227377282163470085e+00 -1.114864565301267429e+00 -7.227377282163470085e+00 1.453770201543485996e+01
-1.576413429266104238e+01 1.710689719825581889e+01 2.954452260755132453e+00 1.710689719825581889e+01 -3.428654056849069320e+01 -1.273870454527048501e+00 2.954452260755132453e+00 -1.273870454527048501e+00 -1.895604334546521486e+01
-6.779140212137466648e+00 4.645971883477136188e+00 -1.086347681572626378e+01 4.645971883477136188e+00 -1.696311476947672858e+01 -5.305119398970642663e+00 -1.086347681572626378e+01 -5.305119398970642663e+00 -5.531752989673963583e+01
-1.639877160825285074e+01 -1.701268479284727064e+01 4.197709886125312373e+00 -1.701268479284727064e+01 4.144239719425946156e+00 4.956074963796325838e-01 4.197709886125312373e+00 4.956074963796325838e-01 -1.881875303222729556e+01
6.581695047870407222e+01 1.478007330496654959e+01 5.189017659174472108e+00 1.478007330496654959e+01 5.982972018185932939e+01 -2.186242453596535018e+00 5.189017659174472108e+00 -2.186242453596535018e+00 3.783228046272704148e+01
-5.645035190914929224e+00 7.749002395333240756e+00 -5.535111769445570928e+00 7.749002395333240756e+00 7.753722904162188456e+00 2.383863962341306930e+00 -5.535111769445570928e+00 2.383863962341306930e+00 -2.317229848024542704e+01
9.612596091404450149e+00 6.451307730112607608e+00 1.193491553083163303e+01 6.451307730112607608e+00 2.395929366271046490e+01 6.550469195738555239e-01 1.193491553083163303e+01 6.550469195738555239e-01 -1.851099932510783574e+01
-2.497896551920543828e+01 2.177285247340663332e+01 -1.570311863036176803e+01 2.177285247340663332e+01 -2.764131073373856395e+01 1.071129501713800103e+01 -1.570311863036176803e+01 1.071129501713800103e+01 -2.781077073274632738e+01
6.113106675826193381e+00 4.738095279363011336e+00 2.466398281249827740e+00 4.738095279363011336e+00 9.644694542168339879e+00 1.802458345509463911e+01 2.466398281249827740e+00 1.802458345509463911e+01 -4.729953453798856344e+01
2.117731838184805682e+01 1.964146876684639276e+00 -1.630442568037925311e+00 1.964146876684639276e+00 9.872162103258157018e+00 -1.389084245283201469e+01 -1.630442568037925311e+00 -1.389084245283201469e+01 6.111135416960937761e+00
4.575462439952249127e+01 -5.142090835601185184e+00 5.999860767536073780e+00 -5.142090835601185184e+00 4.511259360127854734e+01 -4.831822576119348511e+00 5.999860767536073780e+00 -4.831822576119348511e+00 8.209935247733014307e+00
2.911897406079260620e+01 1.294986873243534653e+01 -4.314627539985275817e+00 1.294986873243534653e+01 2.542586733143532030e+01 3.751817979438914819e+00 -4.314627539985275817e+00 3.751817979438914819e+00 1.879499980810279780e+01
1.458277508706277992e+01 -1.362058825248233518e+00 -9.432562389358917443e+00 -1.362058825248233518e+00 1.223090329520401705e-02 -1.123265960809581543e+01 -9.432562389358917443e+00 -1.123265960809581543e+01 -3.097906024277579462e+01
2.097284603768494549e+01 7.223488962025519378e-01 3.782720650610194912e+00 7.223488962025519378e-01 3.432642454234405704e+01 -1.683872605381970741e-02 3.782720650610194912e+00 -1.683872605381970741e-02 -1.274838675769440144e+01
1.263037864028550006e+00 -1.638045117186541555e+00 -1.093048336849824764e+01 -1.638045117186541555e+00 -2.685052080578095968e+01 -1.079477554722542187e+01 -1.093048336849824764e+01 -1.079477554722542187e+01 -2.944749486296946728e+01
-2.372776148699575671e+01 -5.366443891015468814e+00 1.019498060271622109e+01 -5.366443891015468814e+00 -2.485119325149462099e+01 1.203050465377672573e+01 1.019498060271622109e+01 1.203050465377672573e+01 -5.728725523602119551e+01
7.565361363123415117e+00 1.542749875438945217e+01 2.313640052008512527e+01 1.542749875438945217e+01 -1.919886952537467195e+01 -4.099489481967986571e+00 2.313640052008512527e+01 -4.099489481967986571e+00 -2.430572532547386899e+01
7.341796166583636207e+00 1.870384532400398570e+01 2.944678291682200744e+00 1.870384532400398570e+01 1.418734413418224349e+01 -5.566239148953160409e+00 2.944678291682200744e+00 -5.566239148953160409e+00 3.338371154228357085e+01
3.810641535982515649e+01 9.521622194872666256e+00 2.819497442208003246e+00 9.521622194872666256e+00 3.205284730287283423e+01 -3.941905543565812575e+00 2.819497442208003246e+00 -3.941905543565812575e+00 1.295805458836287194e+01
1.792895317724663684e+01 9.465052092431943009e+00 4.062817064670420031e+00 9.465052092431943009e+00 1.920207864425662692e+01 1.397043276099263132e+01 4.062817064670420031e+00 1.397043276099263132e+01 -2.543353236721356492e+00
6.051331217380951699e+00 6.211391495494390513e-01 -1.817238706381150593e+01 6.211391495494390513e-01 3.186028105596268745e+01 8.612425809259658394e+00 -1.817238706381150593e+01 8.612425809259658394e+00 -1.849672277687911404e+01
-2.442427521171891414e+01 1.748533122879479507e+01 -7.656423845211175916e+00 1.748533122879479507e+01 -1.816011988753466966e+01 1.208772397250043262e+00 -7.656423845211175916e+00 1.208772397250043262e+00 -4.799458741229764058e+01
-1.255305107470054438e+01 1.686398987208042755e+01 -4.985477116481315529e-01 1.686398987208042755e+01 -1.088618222093179533e+01 1.265592095711616061e+01 -4.985477116481315529e-01 1.265592095711616061e+01 -1.662774004517547866e+01
-3.432312257463550065e+00 1.307382270597985752e+01 -4.031942443239450391e+00 1.307382270597985752e+01 9.504007945013718262e-01 3.971032544319912372e+00 -4.031942443239450391e+00 3.971032544319912372e+00 -3.281501836334543754e+01
-1.673601586227459137e+01 7.099072817451625994e+00 5.400360476917184904e+00 7.099072817451625994e+00 -3.559005788848222096e+01 -1.045320163181180995e+01 5.400360476917184904e+00 -1.045320163181180995e+01 -4.256533733133075259e+00
2.666451783782617468e+01 5.676020640372776427e+00 1.229535016316162377e+01 5.676020640372776427e+00 2.848992965488593754e+01 -1.212028289458167318e+00 1.229535016316162377e+01 -1.212028289458167318e+00 1.642687358975966561e+01
8.680735788438868283e+00 -4.545091160351424797e+00 4.720346138334046593e+00 -4.545091160351424797e+00 -9.469527147778590503e+00 1.067525087711442744e+01 4.720346138334046593e+00 1.067525087711442744e+01 -5.333935064513691060e+01
-4.276758747207937716e+01 -5.307064391464253461e-01 -6.720910403258939070e+00 -5.307064391464253461e-01 -1.646410443774339782e+01 1.295706327034767646e+01 -6.720910403258939070e+00 1.295706327034767646e+01 -4.863233699125503762e+01
-1.088973061256493224e+01 -4.547290576793534100e+00 -4.691747419894014115e+00 -4.547290576793534100e+00 -1.138731341312380296e+00 -1.061613936531273339e+01 -4.691747419894014115e+00 -1.061613936531273339e+01 -2.698625857288116592e+01
2.722596971083188322e+00 1.056676446146817483e+01 -3.596405301048609005e+00 1.056676446146817483e+01 -6.569264755826335289e+00 -9.735421652014077054e+00 -3.596405301048609005e+00 -9.735421652014077054e+00 -5.886818384033724527e+01
-5.283555303672933690e+00 6.448647869556600298e+00 -9.718276732203953827e+00 6.448647869556600298e+00 1.870201205584866022e-01 8.923979624138764777e+00 -9.718276732203953827e+00 8.923979624138764777e+00 -3.179483470359273767e+01
-3.236305113574263004e+01 1.722485470127623230e+01 1.612070365720505905e+01 1.722485470127623230e+01 -5.049534685811291013e+01 -2.924056594910581008e+00 1.612070365720505905e+01 -2.924056594910581008e+00 -4.239996266654738832e+01
-2.845398371965742612e+01 -2.253473281675670847e+00 8.176831546834412379e+00 -2.253473281675670847e+00 -4.603087898009964363e+01 -8.452527439889491179e-01 8.176831546834412379e+00 -8.452527439889491179e-01 -4.975051566512107115e+01
1.200933975669897613e+01 -4.542882218753542922e+00 -4.403069281196194673e+00 -4.542882218753542922e+00 3.013779238366884883e+01 7.458061889809175504e+00 -4.403069281196194673e+00 7.458061889809175504e+00 -9.469917625805750916e+00
2.323914659673620875e+01 7.213566453443323034e+00 -1.044240021665286022e+01 7.213566453443323034e+00 2.093918103269895692e+00 -7.800951420862034524e-01 -1.044240021665286022e+01 -7.800951420862034524e-01 -2.040091910935806041e+01
3.067646423965869840e+00 -7.825128915280640030e+00 -4.089022782927713706e-01 -7.825128915280640030e+00 5.475740429418165967e+00 -1.211371486413479914e+01 -4.089022782927713706e-01 -1.211371486413479914e+01 -3.481091348892759285e+00
3.250636800612168287e+01 -9.399726315544858934e+00 2.167493549551521070e+00 -9.399726315544858934e+00 2.300136033138478098e+01 2.581588246133293296e+00 2.167493549551521070e+00 2.581588246133293296e+00 -2.058471449440263612e+01
-2.669809816598549190e+01 1.935458320236906449e+00 -2.494600167738121599e-01 1.935458320236906449e+00 -2.610351491270577284e+01 2.037283669855236568e+00 -2.494600167738121599e-01 2.037283669855236568e+00 -5.654696441612058067e+01
-1.739971947131810026e+01 3.735158938107562498e+00 -1.136167546497222958e+01 3.735158938107562498e+00 -8.981999598090055770e+00 1.002522159819136149e+01 -1.136167546497222958e+01 1.002522159819136149e+01 -3.814583998135344700e+01
-1.691268420083621393e+01 -6.177198986764701694e+00 4.395282829206228925e+00 -6.177198986764701694e+00 -7.845148959231940111e+00 -2.945520990179536724e+00 4.395282829206228925e+00 -2.945520990179536724e+00 -5.303197384817836024e+01
-7.746874256846732365e+00 1.900612082132469993e+01 9.614109270209263869e+00 1.900612082132469993e+01 -2.708138991738846357e+01 9.817306413834160361e-01 9.614109270209263869e+00 9.817306413834160361e-01 9.035928964569809096e+00
-2.389762604451730610e+01 -4.343158192905115733e+00 -1.722249332005988620e+01 -4.343158192905115733e+00 1.114663593240625694e+01 1.138517524796979075e+01 -1.722249332005988620e+01 1.138517524796979075e+01 -4.508994315999311908e+01
2.737062015826010253e+01 6.321947883894770470e+00 -1.891391324627252857e+01 6.321947883894770470e+00 4.460545725087278868e+01 5.957948220194837496e+00 -1.891391324627252857e+01 5.957948220194837496e+00 1.818773603836079644e+01
1.641328112817231144e+01 1.659067125035624457e+01 -2.278733514343994848e+00 1.659067125035624457e+01 9.643335052710012789e+00 9.969372152756001526e+00 -2.278733514343994848e+00 9.969372152756001526e+00 3.121140019982135172e+01
-3.876909558425770008e+00 5.186713224598374694e+00 9.431799640654709549e+00 5.186713224598374694e+00 -1.815274253819680084e+01 -3.061734106297577540e+01 9.431799640654709549e+00 -3.061734106297577540e+01 -6.225672803709730374e+01
4.638325649809977413e+00 -1.109422328437132732e+00 -2.386440985519440172e+00 -1.109422328437132732e+00 2.523750008766269648e+00 1.451452758205621585e+01 -2.386440985519440172e+00 1.451452758205621585e+01 -2.539783170960491532e+01
-1.235568582544451388e+01 1.272787671605749793e+01 -5.153651097563221484e+00 1.272787671605749793e+01 -2.537916604022691303e+01 -1.233241306903488210e+00 -5.153651097563221484e+00 -1.233241306903488210e+00 6.383760732571159835e+00
-1.113565346196580563e+01 1.489883121654905906e+01 3.055418947562461351e+00 1.489883121654905906e+01 -1.335311309288291604e+01 3.291400251806528843e+00 3.055418947562461351e+00 3.291400251806528843e+00 3.553331952899979385e+00
-2.144393404060398822e+01 -3.574592850760906604e+00 1.011656891031353034e+01 -3.574592850760906604e+00 -3.224679931577426117e+01 -4.676069250371185149e+00 1.011656891031353034e+01 -4.676069250371185149e+00 -5.858826419570768440e-01
-1.469817509470888162e+01 3.623567023772360063e+00 -1.237803784475667301e+00 3.623567023772360063e+00 -1.159542893909950578e+01 -8.903020581107110587e+00 -1.237803784475667301e+00 -8.903020581107110587e+00 -2.075149465730217813e+01
2.067014654221654268e+01 -2.409943201424230574e-01 1.401913081882337231e+01 -2.409943201424230574e-01 5.997147289895302436e+00 -5.274644046507044770e+00 1.401913081882337231e+01 -5.274644046507044770e+00 -2.055131075512602479e+01
9.001311578530831525e+00 -6.302187395957046689e+00 -4.810055549439745448e+00 -6.302187395957046689e+00 -1.415211786219662815e-01 -9.489251671227282969e+00 -4.810055549439745448e+00 -9.489251671227282969e+00 -4.170398153827346732e+01
-2.598922401713888419e+01 2.359888821026840944e+01 3.759373173202946172e-01 2.359888821026840944e+01 -2.021650024299987791e+01 7.404941276709756437e+00 3.759373173202946172e-01 7.404941276709756437e+00 -3.096308554009993230e+01
5.157489717608864055e+01 5.107250065712806375e+00 -6.634702120624302868e-01 5.107250065712806375e+00 4.805422568819531648e+01 1.279237466833866321e+01 -6.634702120624302868e-01 1.279237466833866321e+01 9.923404804015294900e+00
-4.804410732185568023e+00 1.156699446351524507e+01 -6.023393131714755100e+00 1.156699446351524507e+01 -2.526756452079207094e+01 5.858244820913935058e+00 -6.023393131714755100e+00 5.858244820913935058e+00 -8.516073321296557808e+00
-1.078532461591239056e+01 1.344960508152921719e+01 -1.220555957799027702e+00 1.344960508152921719e+01 -2.887554779334089261e+01 1.046131609633600235e+01 -1.220555957799027702e+00 1.046131609633600235e+01 -1.583528395596375127e+01
-1.882635907477418868e+01 -7.554633223232531947e+00 -1.957460414342756749e+00 -7.554633223232531947e+00 -1.180592590498105032e+01 2.775562531527313581e+00 -1.957460414342756749e+00 2.775562531527313581e+00 -2.969247204807731322e+01
1.412459186244362286e+00 -7.241562822571432356e-01 1.012485886330795726e+00 -7.241562822571432356e-01 -2.989550586315534275e+01 -1.746500948941166698e+01 1.012485886330795726e+00 -1.746500948941166698e+01 -5.928124239813597285e+01
1.819293496374810815e+01 1.458253342480739612e+01 -1.241601300345653236e+01 1.458253342480739612e+01 1.620638932425308809e+01 5.423370708328261180e+00 -1.241601300345653236e+01 5.423370708328261180e+00 -1.144956651005446524e+01
