4.062799017175637850e+00 -1.540154311474269555e+01 5.781731586200960393e+00 -1.540154311474269555e+01 9.476616341982888159e+00 7.414803889914304946e+00 5.781731586200960393e+00 7.414803889914304946e+00 1.740869535207230312e+00
-2.740452092916428839e+01 9.850958475230553901e+00 3.176850752581835913e+00 9.850958475230553901e+00 -5.424488815130628439e+01 2.715396480750548402e+00 3.176850752581835913e+00 2.715396480750548402e+00 -5.152512459542799661e+01
2.411585039395489716e+01 -1.205807300249920999e+01 -6.246528807345837819e+00 -1.205807300249920999e+01 2.222460132104805908e+01 6.845999850186790248e-01 -6.246528807345837819e+00 6.845999850186790248e-01 3.426879468121784100e+01
2.508138064238214682e+01 -6.766435313731135714e+00 1.020899708343388834e+00 -6.766435313731135714e+00 -2.972119719877784672e+00 -4.431453763287917624e+00 1.020899708343388834e+00 -4.431453763287917624e+00 -2.110902535361302057e+01
1.527618649362231729e+01 6.786865620214097561e+00 -8.793793453185958953e+00 6.786865620214097561e+00 -7.100809408620168739e+00 1.350996381564316984e+01 -8.793793453185958953e+00 1.350996381564316984e+01 -3.528483734998342669e+01
-4.447082917425135662e+01 4.982301528741009733e+00 1.488456777037478612e-02 4.982301528741009733e+00 -4.384337083495599074e+01 5.470885928141602683e+00 1.488456777037478612e-02 5.470885928141602683e+00 -6.978292851171032396e+01
-4.106593102063412992e+00 6.715416213657342759e+00 -7.806066311927660983e+00 6.715416213657342759e+00 1.132198466724965336e+01 -8.035318149571569535e+00 -7.806066311927660983e+00 -8.035318149571569535e+00 -3.201494749933839756e+01
-7.925802402392265300e+00 -7.074152596904833779e+00 5.369740752715881804e+00 -7.074152596904833779e+00 1.247341030799459238e+00 1.155221027812620171e+01 5.369740752715881804e+00 1.155221027812620171e+01 5.772690012719841945e+00
-1.624491999885301396e+01 -1.194668440932767872e+01 -8.647686061108592170e+00 -1.194668440932767872e+01 -2.383114658102811134e+01 5.893540724898351790e+00 -8.647686061108592170e+00 5.893540724898351790e+00 -4.979014288296198743e+01
-1.091004451914917794e+01 -2.291536458692146638e+01 1.165746428242896293e+01 -2.291536458692146638e+01 -9.545701696925364965e-01 -1.072774359271975619e+01 1.165746428242896293e+01 -1.072774359271975619e+01 -3.062344576170271893e+01
8.761146268040972629e+00 6.044483605951780802e+00 -3.892862177798722012e+00 6.044483605951780802e+00 -6.405664727622821797e-01 2.533460635805785954e-01 -3.892862177798722012e+00 2.533460635805785954e-01 -2.124338585667213053e+01
-1.082521532593660041e+01 -8.221580542362071142e+00 -2.865524644803831400e+00 -8.221580542362071142e+00 9.644781372057314783e+00 2.356766833778362624e+01 -2.865524644803831400e+00 2.356766833778362624e+01 -2.107478271144858084e+01
-1.204892839575297714e+01 2.763289652331175628e+00 -8.113109422060796661e+00 2.763289652331175628e+00 -1.385535241859499322e+01 -7.539178752928316740e+00 -8.113109422060796661e+00 -7.539178752928316740e+00 -4.359468938339489341e+01
1.624115737509282908e+01 6.938664028937873596e+00 -1.253175186028369126e+01 6.938664028937873596e+00 9.038301303227708416e+00 -1.223364608868385339e+01 -1.253175186028369126e+01 -1.223364608868385339e+01 -4.288317106124033984e+01
-2.138200137403715217e+01 -1.224428367615295876e+01 8.571158052602624977e+00 -1.224428367615295876e+01 -3.673675109085252188e+01 -8.248858710374251668e-01 8.571158052602624977e+00 -8.248858710374251668e-01 -5.739470134655307731e+01
4.958019949452536679e+01 -9.862185035571735980e+00 1.289624579500866197e+01 -9.862185035571735980e+00 3.176873560076483471e+01 -5.684378363138329782e+00 1.289624579500866197e+01 -5.684378363138329782e+00 -1.303363653555370938e+01
-3.243617820978686694e+01 7.787277752932501684e+00 3.105534746849313077e+00 7.787277752932501684e+00 -4.375677450221045461e+01 1.192303124563254357e+01 3.105534746849313077e+00 1.192303124563254357e+01 -6.352978035110947275e+01
-5.942777806115142170e+00 1.362585927371898720e+01 7.221901961499363587e+00 1.362585927371898720e+01 -2.983488004509939273e+01 -2.714521263383777949e+01 7.221901961499363587e+00 -2.714521263383777949e+01 -3.073438775370095399e+01
2.101325739144697557e+00 -7.800819507676586717e+00 -2.094922898734923322e+01 -7.800819507676586717e+00 1.458066729694396280e+01 6.370976199987289590e+00 -2.094922898734923322e+01 6.370976199987289590e+00 -2.609145394435095611e+01
-7.254363791742267864e+00 9.133570074241529113e+00 2.644975656598430369e+00 9.133570074241529113e+00 -7.064056876985401523e+00 9.494191304187149072e+00 2.644975656598430369e+00 9.494191304187149072e+00 -1.980656277085071082e+01
2.078518443165363294e+01 -5.914719882905501436e-01 2.666952256353580353e+00 -5.914719882905501436e-01 2.124148953837629250e+01 -1.427082199185067068e+01 2.666952256353580353e+00 -1.427082199185067068e+01 -2.564623491121360566e+00
-1.424385269147190058e+01 -1.220814126962167911e+01 2.017093748798854946e+01 -1.220814126962167911e+01 -1.289281709589236691e+01 2.300644276078632089e+00 2.017093748798854946e+01 2.300644276078632089e+00 1.737548946097854596e+01
-1.122566239374582686e+01 -1.058574028794128630e+01 -4.040693908623222974e+00 -1.058574028794128630e+01 5.428365991194135098e+00 -1.479482411313952284e+01 -4.040693908623222974e+00 -1.479482411313952284e+01 -1.083016841530167795e+01
2.363659323649148192e+01 -1.241768702059683172e+01 -2.429234909256343755e+01 -1.241768702059683172e+01 2.032631250883548191e+01 2.883775452770836623e+01 -2.429234909256343755e+01 2.883775452770836623e+01 -6.764954011584982219e+00
-2.868373400621005942e+01 -7.639893056336685362e+00 2.010894594016081616e-01 -7.639893056336685362e+00 -9.152251796418649832e+00 -1.056957923418321066e+01 2.010894594016081616e-01 -1.056957923418321066e+01 -5.580490846153165307e+01
1.207171964564973621e+01 8.813109178902823970e+00 -1.783600648711857772e+01 8.813109178902823970e+00 2.836016850059224836e+01 -1.527210542736328769e+01 -1.783600648711857772e+01 -1.527210542736328769e+01 -2.032948579419990054e+01
-5.718706475139330614e+00 -2.023685883915657069e+00 4.290930348137710126e+00 -2.023685883915657069e+00 3.482739178468038688e+01 1.181711009198919626e+01 4.290930348137710126e+00 1.181711009198919626e+01 -4.298428140165407996e+01
-7.633434800470835668e+00 6.901875605046244644e+00 -1.748625805070276584e+01 6.901875605046244644e+00 7.763568031313103468e+00 -5.585410343491767016e+00 -1.748625805070276584e+01 -5.585410343491767016e+00 -6.125848473734600930e+01
4.141632580678836462e+01 -3.830460163075208424e+00 8.776160384384473545e+00 -3.830460163075208424e+00 3.559258481003290342e+01 -1.312406102385390128e+01 8.776160384384473545e+00 -1.312406102385390128e+01 -6.464745849801386335e+00
-6.551789356713278778e+00 1.803121227462252563e+00 -3.540863023932715459e-01 1.803121227462252563e+00 -4.150054584343382480e+00 -1.522626543682669720e+01 -3.540863023932715459e-01 -1.522626543682669720e+01 3.598861918176637431e+01
-3.270674955539642070e+01 3.127001796273887191e-01 -6.407071194288032068e+00 3.127001796273887191e-01 -2.467678554426259652e+01 4.433777574562045576e-01 -6.407071194288032068e+00 4.433777574562045576e-01 -4.675670455319701091e+01
-2.057328962443838805e+01 -1.244353016952800317e+01 -1.521381674819936869e+01 -1.244353016952800317e+01 -2.258150176219177396e+01 -1.531016306560909257e+01 -1.521381674819936869e+01 -1.531016306560909257e+01 -3.933145568971300321e+01
2.015420975341986498e+00 -4.779389617737648699e+00 -1.389035777542781425e+01 -4.779389617737648699e+00 1.095117623407744389e+01 -5.609758506393443867e+00 -1.389035777542781425e+01 -5.609758506393443867e+00 -3.599414902039107744e+01
4.842684287732116566e+00 3.224941486314207140e+01 5.584198903918140999e+00 3.224941486314207140e+01 -3.690002074703641455e+01 -3.015851806969187976e+00 5.584198903918140999e+00 -3.015851806969187976e+00 -3.648268098442521534e+01
-1.918662392705403619e+01 8.959763930859061531e+00 -1.058985055613410964e+01 8.959763930859061531e+00 3.814146853357577527e+00 2.484286718384405290e+00 -1.058985055613410964e+01 2.484286718384405290e+00 -4.470400819335562659e+01
1.403938326270248105e+01 1.588423272593174840e+00 -1.614613951395682889e+01 1.588423272593174840e+00 1.926348138642511287e+01 -1.190196489592252860e+01 -1.614613951395682889e+01 -1.190196489592252860e+01 -2.301154502134479785e+01
3.232312114526507685e+01 -1.331178935788787676e+01 1.111910023697178396e+01 -1.331178935788787676e+01 9.142254119552378100e+00 3.182091523129893407e+00 1.111910023697178396e+01 3.182091523129893407e+00 -4.829727554940821399e+00
1.106293202477047011e+01 -1.233934467627276277e+01 -1.073408405384169129e+01 -1.233934467627276277e+01 1.245185176483659895e+01 -9.694806508897979569e+00 -1.073408405384169129e+01 -9.694806508897979569e+00 -5.122779640390994871e+01
3.658562929717874113e+01 -1.303425318402096300e+00 8.641547839188440605e+00 -1.303425318402096300e+00 2.848800371307398649e+01 -9.254007386575551664e+00 8.641547839188440605e+00 -9.254007386575551664e+00 4.916422191358815752e+01
-9.569417307820792473e+00 -1.465838509647194954e+01 2.584299710630660663e+00 -1.465838509647194954e+01 -6.979979119877256721e+00 8.335031025057096699e+00 2.584299710630660663e+00 8.335031025057096699e+00 -1.490974227836010613e+01
-3.418852301720176712e+01 -1.763039383692904849e+01 1.210225396775673623e+01 -1.763039383692904849e+01 -2.419589594594946647e+01 -1.709946505902346203e+01 1.210225396775673623e+01 -1.709946505902346203e+01 -1.604299283705575263e+01
-4.259767148575463835e+01 -8.647134605531814344e+00 -9.527442941432184398e+00 -8.647134605531814344e+00 -4.781718770019100617e+01 -1.352940533707861270e+01 -9.527442941432184398e+00 -1.352940533707861270e+01 -8.583833216301697178e+01
-1.533290581463459823e+01 8.419834110157674800e+00 1.647004357036885125e+01 8.419834110157674800e+00 1.555367644573679264e+00 1.579069439766911032e+01 1.647004357036885125e+01 1.579069439766911032e+01 -3.547359059296849892e+01
4.762548101621148078e+01 5.281410391239401037e+00 -1.792250842941142253e+01 5.281410391239401037e+00 1.890210949402296237e+01 -1.399341065323185873e+01 -1.792250842941142253e+01 -1.399341065323185873e+01 1.840850938071905318e+01
-2.222532218323901532e+01 -1.811043807778111869e+01 -3.097812652938058076e+00 -1.811043807778111869e+01 -1.778972186257133714e+01 -2.688423244988229488e+00 -3.097812652938058076e+00 -2.688423244988229488e+00 -2.080204958879101795e+01
-2.132689046872567928e+01 1.165333762031061537e+00 5.506872487910785097e+00 1.165333762031061537e+00 -5.852077612722516875e+01 -1.151195752365863179e+01 5.506872487910785097e+00 -1.151195752365863179e+01 2.234026772190478383e+01
-3.296375012666193527e+01 1.421561345736244775e+01 -5.893515521348185793e+00 1.421561345736244775e+01 -2.776318640685348527e+01 5.333333118453996491e+00 -5.893515521348185793e+00 5.333333118453996491e+00 -4.461642974082010937e+01
-4.018285766894866384e+01 -1.293409362180843125e+00 -1.149444220654750737e+01 -1.293409362180843125e+00 -1.951216406966988615e+01 -5.370279810204199755e+00 -1.149444220654750737e+01 -5.370279810204199755e+00 -3.337836184385767524e+01
9.885003996894335287e+00 3.264929487015860499e+00 -1.537855114354953479e+01 3.264929487015860499e+00 3.288145808237327827e+01 1.067930836604409528e+01 -1.537855114354953479e+01 1.067930836604409528e+01 -1.634138191479678426e+01
-1.810541157270916202e+01 8.311539548815165546e+00 5.778236351594611797e+00 8.311539548815165546e+00 1.215525466614193917e+01 -1.426321624400721744e+00 5.778236351594611797e+00 -1.426321624400721744e+00 -2.413580741657553830e+01
