1.002744290132721083e+01 1.143421475449470748e+01 1.455530918091516490e+01 1.143421475449470748e+01 -1.599769769395166819e+01 1.436713536921826906e+00 1.455530918091516490e+01 1.436713536921826906e+00 -1.883422617805100785e+01
-2.040871665918009725e+00 1.036941003574715481e+01 5.964117875524089563e+00 1.036941003574715481e+01 -1.137416948881368572e+00 -1.313922426307648905e+01 5.964117875524089563e+00 -1.313922426307648905e+01 -4.508864782291752960e+01
4.640422882355369438e+01 1.466782379180464524e+01 1.472566462772122087e+01 1.466782379180464524e+01 2.712038709891671573e+01 -1.101629195160342745e+00 1.472566462772122087e+01 -1.101629195160342745e+00 2.763370637979621947e+01
-3.311995443220196123e+00 2.606979072170307443e+00 -1.796719158666007621e+00 2.606979072170307443e+00 2.169011436228864298e+01 -1.427138651025973459e+01 -1.796719158666007621e+00 -1.427138651025973459e+01 -3.340242681508900091e+01
-1.748678450360139891e+01 8.004057962645418911e+00 -5.639065806776057954e-01 8.004057962645418911e+00 -2.767944460346427604e+01 1.147571400029463717e+01 -5.639065806776057954e-01 1.147571400029463717e+01 -7.776837858820559113e+00
1.786341748020910813e+01 -8.100673166436545003e+00 1.921837568775993876e+00 -8.100673166436545003e+00 6.176852647878566138e+00 -1.365778216143834545e+00 1.921837568775993876e+00 -1.365778216143834545e+00 -7.861778009912021581e+00
-4.911490170933441135e+01 -7.287612553082793987e+00 -7.186800671970258847e+00 -7.287612553082793987e+00 -5.945859387481555558e+01 5.435933294672538274e+00 -7.186800671970258847e+00 5.435933294672538274e+00 -3.183523807593124033e+01
-1.382237217420808939e+01 -3.579756536546927048e+00 1.016217024885481557e+01 -3.579756536546927048e+00 -1.089628714282562605e+01 5.495578514060944997e+00 1.016217024885481557e+01 5.495578514060944997e+00 -1.220602720642115635e+01
-5.955681840026350926e+00 5.925649322943584707e-01 -1.057709673063346845e+00 5.925649322943584707e-01 2.220479439219153051e+01 5.318552977621722633e+00 -1.057709673063346845e+00 5.318552977621722633e+00 2.136506289073517451e+01
-1.696737948273716512e+01 -3.467420990825406779e+00 8.918886435034551141e+00 -3.467420990825406779e+00 -1.602907147769346352e+01 -9.837581039969688135e+00 8.918886435034551141e+00 -9.837581039969688135e+00 -7.358534845782187972e+01
-1.079197549495746422e+01 7.604831727291786692e+00 4.814531276858472708e+00 7.604831727291786692e+00 -1.364785443186119451e+01 2.001123299146667378e+01 4.814531276858472708e+00 2.001123299146667378e+01 -4.062254762346731241e+01
-3.910600995807902081e+01 6.022284477585890805e+00 1.788422856179724008e+01 6.022284477585890805e+00 -2.032508841186660931e+01 -7.413873262613599024e+00 1.788422856179724008e+01 -7.413873262613599024e+00 2.826961854783566253e+01
-1.314466196970957057e+01 -3.277601487978731853e+00 -5.327149899454849402e-01 -3.277601487978731853e+00 -8.071321666863468636e+00 -1.575027810031542508e+01 -5.327149899454849402e-01 -1.575027810031542508e+01 2.952488759759836157e+01
1.441138887980570438e+01 2.120891302133241840e+00 1.014686519961379396e+01 2.120891302133241840e+00 6.089665887033056002e+00 7.487490255613368895e+00 1.014686519961379396e+01 7.487490255613368895e+00 -1.456320948254352210e+01
-3.303051744074333662e+00 -1.341758969086640363e+01 -9.506097773767884007e+00 -1.341758969086640363e+01 2.244582250682045910e+01 4.160112328825983918e-01 -9.506097773767884007e+00 4.160112328825983918e-01 -2.449673450530495700e+01
6.053025038312886608e+01 8.143574715463111957e+00 -4.361091953586836212e+00 8.143574715463111957e+00 5.430716236598076563e+01 -1.350967948184375800e+01 -4.361091953586836212e+00 -1.350967948184375800e+01 3.509196141868957852e+01
2.562330039658965575e+01 -1.674493407533411471e+01 3.882565805072473619e+00 -1.674493407533411471e+01 2.745888028224078425e+01 9.944926526795379473e+00 3.882565805072473619e+00 9.944926526795379473e+00 1.077726907505625142e+01
7.109179341374841421e+00 -4.860773741800948677e+00 2.718536788774869595e-01 -4.860773741800948677e+00 1.578567872947997053e+01 1.022696498212700789e+01 2.718536788774869595e-01 1.022696498212700789e+01 3.223734603194166226e+01
-2.070611360854885064e+01 1.769694773458652648e+01 9.712176092881948719e+00 1.769694773458652648e+01 -1.648755356288073770e+01 1.068799442725647353e+01 9.712176092881948719e+00 1.068799442725647353e+01 -3.765588688052490252e+00
-1.699468979725592277e+01 -1.254379471199295359e+01 -1.539258627457557438e+01 -1.254379471199295359e+01 -4.639452210194101589e+00 1.778426013581973919e+01 -1.539258627457557438e+01 1.778426013581973919e+01 -5.720427790600786722e+01
4.439731722507624312e+01 -6.762507323489721500e+00 1.280335641100383803e+01 -6.762507323489721500e+00 3.552947485789792381e+01 1.963240059851385766e+01 1.280335641100383803e+01 1.963240059851385766e+01 -1.982557849608410860e+00
-6.413408415689995756e+00 8.313087894269633793e+00 8.386692478719201205e+00 8.313087894269633793e+00 -8.716228342689161579e+00 4.263486478028992721e+00 8.386692478719201205e+00 4.263486478028992721e+00 -5.507674538865526870e+01
1.385165897807924829e+01 2.117753105262056401e+00 -3.193847865081929083e+00 2.117753105262056401e+00 1.817307626836877432e+01 1.489012130178570992e+01 -3.193847865081929083e+00 1.489012130178570992e+01 -7.127502779511973863e+00
1.916322086940347669e+00 -5.880888126734143961e-01 1.882800058031853352e+00 -5.880888126734143961e-01 -2.569741152271829865e+00 8.249956405337599108e+00 1.882800058031853352e+00 8.249956405337599108e+00 -3.430249577786686377e+00
7.158315578026561710e+00 2.291776155358416389e+01 -4.382595448298092222e+00 2.291776155358416389e+01 4.203896470712417788e+00 5.688820033094230233e+00 -4.382595448298092222e+00 5.688820033094230233e+00 -1.035829551817078986e+01
4.219924517878152592e+00 1.094271616228441779e+01 1.976635193690423842e+00 1.094271616228441779e+01 8.917953324962857309e+00 -5.847350811508345458e+00 1.976635193690423842e+00 -5.847350811508345458e+00 -4.292298991811676245e+01
-4.399934677280190698e+01 -1.515484475196220870e+01 1.940827258625190233e+00 -1.515484475196220870e+01 -3.806537169409796206e+01 9.570759527696248270e+00 1.940827258625190233e+00 9.570759527696248270e+00 -4.405492228527021581e+01
2.897071090498939228e+01 7.975613704995670794e+00 3.641010767246056545e+00 7.975613704995670794e+00 2.262330744459958609e+01 1.333764739962411205e+01 3.641010767246056545e+00 1.333764739962411205e+01 -1.610232562918564270e+01
1.317384180542684113e+01 -1.030726105675559623e+01 -4.090112655512269768e+00 -1.030726105675559623e+01 -2.156331538462783026e+00 1.281530478024545339e+01 -4.090112655512269768e+00 1.281530478024545339e+01 -4.929543593655653666e+01
1.392490413834877394e+01 1.305150011629758922e+01 -2.061008361369581365e+01 1.305150011629758922e+01 1.461383402876093740e+01 1.258605604149773072e+01 -2.061008361369581365e+01 1.258605604149773072e+01 3.941942222260611572e+01
1.089353776824287934e+01 -1.337213761423282321e+01 2.288189506491423941e+01 -1.337213761423282321e+01 1.679566792793492169e+01 -3.368851119639499458e+00 2.288189506491423941e+01 -3.368851119639499458e+00 -1.999012659752727572e+01
-2.385934074082717515e+00 -6.554951930591737863e+00 -5.438002520574183762e+00 -6.554951930591737863e+00 -2.477298456070492705e+01 2.228560595902360575e+01 -5.438002520574183762e+00 2.228560595902360575e+01 -5.121997920992052400e+01
-1.107201907310907529e+01 -2.001008465508154366e+00 2.335911271797641575e+00 -2.001008465508154366e+00 6.015068531444178745e+00 -3.633480635811737525e+00 2.335911271797641575e+00 -3.633480635811737525e+00 1.931112592711084375e+01
-6.239966448043118286e-01 -1.956587736693299329e-01 6.063002789928005676e+00 -1.956587736693299329e-01 -3.081787334787340527e+01 -1.172261425784996547e+01 6.063002789928005676e+00 -1.172261425784996547e+01 1.967195938590091231e+01
-1.395572541039834746e+01 1.189430552914296467e-02 1.604311722084684888e+01 1.189430552914296467e-02 -1.337781506746383364e+01 -2.975965535126885886e+00 1.604311722084684888e+01 -2.975965535126885886e+00 -3.602025026611944725e+01
-8.663092234644067524e-01 2.335072593983469247e+01 -8.549716636013112492e+00 2.335072593983469247e+01 1.093903806775335141e+01 1.171293961217916824e+01 -8.549716636013112492e+00 1.171293961217916824e+01 -9.291465911251888699e+00
1.350445552598313093e+01 -5.624305668853938123e+00 1.887963400739509723e+01 -5.624305668853938123e+00 3.222193661571239431e+01 -8.263342471884406848e+00 1.887963400739509723e+01 -8.263342471884406848e+00 -1.538213727536420805e+01
5.155547086695280967e+01 2.481498259187465916e+00 -8.883033700531566268e+00 2.481498259187465916e+00 4.493073942731351167e+01 -1.918312188228807713e+01 -8.883033700531566268e+00 -1.918312188228807713e+01 1.984840881303437854e+01
-1.233632562389330278e+00 1.277602722618862874e+00 4.227266452581541323e+00 1.277602722618862874e+00 -3.101795363277054562e+01 2.112836613876388547e+00 4.227266452581541323e+00 2.112836613876388547e+00 2.993224203807671557e+01
-3.217531654252277917e+01 -3.055954646366678129e-01 2.414845172758429470e+00 -3.055954646366678129e-01 -1.881053717034242112e+01 1.804554406761597818e+01 2.414845172758429470e+00 1.804554406761597818e+01 -7.418063075417782670e+01
-1.326877760170339471e+01 1.073033149243353179e+01 8.735217170250541230e+00 1.073033149243353179e+01 2.757955708253200022e+00 -4.423698921953898577e-01 8.735217170250541230e+00 -4.423698921953898577e-01 -1.312406460382553952e+01
7.932720798053172651e+00 1.317537703460730114e+01 1.326215003092155120e+00 1.317537703460730114e+01 1.893181539798225899e+01 2.683426587057194279e+00 1.326215003092155120e+00 2.683426587057194279e+00 -3.951633391834919706e+01
-3.150536218495307406e+00 -4.414308288227469568e+00 3.076335215528212874e+00 -4.414308288227469568e+00 -2.288327149481943934e+01 7.359034431736290571e+00 3.076335215528212874e+00 7.359034431736290571e+00 5.151296901384680638e+01
1.503402600274841960e+00 9.065998831899319654e+00 9.229264737574327526e+00 9.065998831899319654e+00 -2.235137843755386911e+01 -9.574415878363232935e+00 9.229264737574327526e+00 -9.574415878363232935e+00 -2.642218620966903231e+01
1.818408610587125906e+01 3.299237934538920558e-01 -7.581456316240925197e+00 3.299237934538920558e-01 1.485261263863859682e+01 3.249582802190808195e+00 -7.581456316240925197e+00 3.249582802190808195e+00 -1.298416440904432179e+01
-7.487969052914748846e-02 -9.458209626045542606e+00 -5.551302193166972820e+00 -9.458209626045542606e+00 -7.007216487291565876e+00 -3.971081486719274523e+00 -5.551302193166972820e+00 -3.971081486719274523e+00 -3.304892800326936708e+01
2.745865156765901460e+01 -1.371124085949668903e+01 1.995298738990362697e+00 -1.371124085949668903e+01 3.268436043532043556e+01 2.621500447979911996e+00 1.995298738990362697e+00 2.621500447979911996e+00 1.188566324036018251e+01
1.812718495887698467e+01 1.726485224726706846e+01 -7.966858524506614359e+00 1.726485224726706846e+01 3.033982993074070222e+01 7.646823700512094923e+00 -7.966858524506614359e+00 7.646823700512094923e+00 1.196533557586785967e+01
-1.171002332196653484e+01 5.310819664195679302e+00 1.112063159191654993e+00 5.310819664195679302e+00 -1.605674917405033852e+01 -2.160727496507141243e+00 1.112063159191654993e+00 -2.160727496507141243e+00 -1.386934082518650690e+01
-5.511787477870518259e+00 4.365182105455374106e+00 2.975078642333020440e+00 4.365182105455374106e+00 -7.377702836514375306e+00 2.144681670327856438e+01 2.975078642333020440e+00 2.144681670327856438e+01 -5.042568964248686569e+01
1.361355767858519306e+00 -1.454574815830035561e+01 1.231945367207060826e+01 -1.454574815830035561e+01 -2.485683330847919592e+01 -5.908185695359186695e+00 1.231945367207060826e+01 -5.908185695359186695e+00 2.101055207660793656e+01
4.463758676066194653e+01 -2.800973849598336951e+00 -3.396896842232165259e+00 -2.800973849598336951e+00 4.691893790395627661e+01 -2.843615316941458193e+00 -3.396896842232165259e+00 -2.843615316941458193e+00 1.393997353046903243e+01
8.911993735724434984e+00 1.026354492829145926e+01 -1.729143247309208764e+00 1.026354492829145926e+01 1.403360871065550342e+01 -1.377479444468731806e+01 -1.729143247309208764e+00 -1.377479444468731806e+01 -4.317474648989251307e+01
2.653094148051777346e+00 -1.030902859477649791e+01 -1.173677219694364737e+01 -1.030902859477649791e+01 3.910555868629283083e+01 -1.716546641508648885e-01 -1.173677219694364737e+01 -1.716546641508648885e-01 -4.102362440760869333e+01
-1.069693532933392710e+01 -5.523742352244547682e+00 1.333986734193438117e+01 -5.523742352244547682e+00 -1.291144394384591365e+01 -1.303277549093355248e+01 1.333986734193438117e+01 -1.303277549093355248e+01 1.259570568743931585e+00
-1.691088277935142514e+01 -1.527274043029057893e+01 1.077936456609674032e+01 -1.527274043029057893e+01 -1.104323137044283065e+01 -7.934522004773799431e+00 1.077936456609674032e+01 -7.934522004773799431e+00 -2.530001823169131470e+01
-2.365788951227355597e+01 6.417149731782701316e+00 1.154094300973306453e+00 6.417149731782701316e+00 -1.477813394023052673e+01 -6.896460545520388230e+00 1.154094300973306453e+00 -6.896460545520388230e+00 -5.870653822429910207e+01
2.127718487875866060e+01 -8.513234781612638358e+00 -7.331522719251372777e+00 -8.513234781612638358e+00 1.320765783668857551e+01 5.468695302745389064e+00 -7.331522719251372777e+00 5.468695302745389064e+00 3.598178285889655825e+01
-1.467700031314899256e+01 7.264831502933671636e+00 -6.965311088824598151e+00 7.264831502933671636e+00 -8.340547529261964854e+00 1.015089117868619972e+01 -6.965311088824598151e+00 1.015089117868619972e+01 -3.553653493356578252e+01
3.907258152361786330e+01 2.282965813836720148e+00 1.664540506171275069e+01 2.282965813836720148e+00 4.098634310805541503e+01 -2.280121880448928717e+00 1.664540506171275069e+01 -2.280121880448928717e+00 2.675723293968027861e+01
2.039897863524028132e+00 3.411379032967742031e+00 -1.011092530993231975e+01 3.411379032967742031e+00 -1.720827997081285332e+01 -5.570450812771742477e+00 -1.011092530993231975e+01 -5.570450812771742477e+00 3.390007352053216749e+01
3.233822788344276944e+00 3.013614815712744033e+00 1.044108812242452977e+01 3.013614815712744033e+00 -6.898969982746702811e+00 -9.915782897503879312e+00 1.044108812242452977e+01 -9.915782897503879312e+00 2.589199839795350400e+01
-9.543002872289939376e+00 -3.422490046847128653e-01 7.983585972555068189e+00 -3.422490046847128653e-01 -5.019916501906366335e+01 2.848170121414222322e+00 7.983585972555068189e+00 2.848170121414222322e+00 4.317324017100337130e+01
-4.082305764939789583e+00 -9.740945899898893146e+00 -5.675995145148446497e+00 -9.740945899898893146e+00 -1.820205047965709610e+01 9.919629959790453588e-01 -5.675995145148446497e+00 9.919629959790453588e-01 2.479424786288006288e+01
6.777210419351507653e+01 -2.184051513636948716e+00 -8.721945613360533311e-01 -2.184051513636948716e+00 6.539673891220598989e+01 -1.323004831106926282e+01 -8.721945613360533311e-01 -1.323004831106926282e+01 1.082577523619064941e+01
-1.914872334585304969e+01 1.686739097761549999e+01 1.006656709433716834e+01 1.686739097761549999e+01 6.051062824467333456e+00 -1.519007441533272607e+00 1.006656709433716834e+01 -1.519007441533272607e+00 -3.057317486386002159e+01
8.624439162796338820e+00 6.059875281755263465e+00 1.380982420797231214e+01 6.059875281755263465e+00 1.404437908763448384e+01 -3.196620694948291597e+00 1.380982420797231214e+01 -3.196620694948291597e+00 -3.197268361651240909e+01
-2.584097689814589316e+01 -7.312379700026702345e+00 -2.541330735665893403e+00 -7.312379700026702345e+00 -2.680508652449744744e+01 -4.245946719067874575e+00 -2.541330735665893403e+00 -4.245946719067874575e+00 -6.148652122708703871e+01
-1.024325295902871247e+01 7.777004633072330364e+00 -5.862258479629965713e+00 7.777004633072330364e+00 -1.318393771486025434e+00 1.280921258865259915e+01 -5.862258479629965713e+00 1.280921258865259915e+01 -4.853660030738312869e+00
1.687361161298758461e+01 2.309474571580126590e+00 -6.667881449343680877e+00 2.309474571580126590e+00 1.479140521789214091e+01 9.622818686122615262e+00 -6.667881449343680877e+00 9.622818686122615262e+00 9.349602204107478443e+00
1.228602418054322598e+01 -1.183133520588966370e+01 -4.225881696852074931e+00 -1.183133520588966370e+01 1.333063875809407861e+01 -1.666158206137665587e+01 -4.225881696852074931e+00 -1.666158206137665587e+01 -6.715394034655108868e+00
-4.298074808346028419e+01 -3.824359225517039995e-01 2.621534587920252513e+00 -3.824359225517039995e-01 -3.800364193748978892e+01 1.334386490369044154e+01 2.621534587920252513e+00 1.334386490369044154e+01 -3.181374899209955842e+01
3.504974780461082240e+00 6.563402859890269170e+00 -2.364338020734507051e+00 6.563402859890269170e+00 6.842234703587824818e+00 -1.095594198118433837e+01 -2.364338020734507051e+00 -1.095594198118433837e+01 -4.093271181512432122e+01
-1.329421770000290337e+01 -2.550137082216333440e+01 -5.151539855671891210e+00 -2.550137082216333440e+01 -6.114963302941855083e+00 1.034263752447137819e+01 -5.151539855671891210e+00 1.034263752447137819e+01 -2.183941815515764517e+01
-1.513478164425249339e+01 1.405096549454046873e+01 -1.561639437401914243e+01 1.405096549454046873e+01 -1.743323362735935689e+01 7.357282152483008097e+00 -1.561639437401914243e+01 7.357282152483008097e+00 -4.488428061637597999e+00
-1.815829931932646701e+01 6.235097988331324004e-01 -1.569393611842369651e+01 6.235097988331324004e-01 -1.534897914701044286e+01 7.052169734596332340e+00 -1.569393611842369651e+01 7.052169734596332340e+00 -3.405144786973028914e+01
2.240982080959090794e+01 8.109263549169467566e+00 5.322141646991518371e+00 8.109263549169467566e+00 2.005060643545114374e+01 -1.505250574423268617e+01 5.322141646991518371e+00 -1.505250574423268617e+01 2.310387843111913586e+00
2.509765197289213035e+01 -1.069947839581764804e+01 6.616537278316576565e-01 -1.069947839581764804e+01 1.784193589712321781e+01 -3.313565322445853223e+00 6.616537278316576565e-01 -3.313565322445853223e+00 -1.325036243753163490e+01
-8.307273465762689213e+00 -1.182111581556057267e+01 6.315719817025297056e-01 -1.182111581556057267e+01 -2.266044521389867672e+00 5.280922680150352377e+00 6.315719817025297056e-01 5.280922680150352377e+00 3.728795289436133231e+01
-7.938565794802862063e-01 2.097782241069598097e+00 6.513263961194665441e+00 2.097782241069598097e+00 -5.880330385443259367e+00 1.128998968832513761e+01 6.513263961194665441e+00 1.128998968832513761e+01 5.680824415436742214e+00
-2.458668246401584767e+01 1.168238918185944275e+00 1.582504227870142088e+01 1.168238918185944275e+00 -4.875000791361203767e+01 5.724088757103621639e+00 1.582504227870142088e+01 5.724088757103621639e+00 -2.665084576143250228e+00
1.878299152831293384e+01 -8.668031907237155664e+00 -8.613535145487475120e+00 -8.668031907237155664e+00 8.641301687763334627e+00 -4.631989848887700489e+00 -8.613535145487475120e+00 -4.631989848887700489e+00 6.012606721033444401e-01
2.156402750672039303e+01 -2.449854974898714399e+00 -5.746193248089762839e+00 -2.449854974898714399e+00 2.463682743348682891e+01 -2.889640392518002532e+00 -5.746193248089762839e+00 -2.889640392518002532e+00 1.654910865710912660e+01
3.943253212222902704e+00 -1.163498095359130247e+01 2.626691833822830446e+00 -1.163498095359130247e+01 1.905392489153630819e+01 -6.130937613447615675e+00 2.626691833822830446e+00 -6.130937613447615675e+00 2.350799385151357157e+01
2.011363891934773918e+01 -1.531010713243136312e+00 2.902116608514949014e+00 -1.531010713243136312e+00 4.513706575520078701e+01 -1.007472332050957142e+01 2.902116608514949014e+00 -1.007472332050957142e+01 -2.781647804387510448e+01
1.191121463011983650e+01 1.893545234053727100e+01 1.778200977874905719e+00 1.893545234053727100e+01 -6.026252081153693041e+00 2.107772576496086181e+00 1.778200977874905719e+00 2.107772576496086181e+00 -1.923921359077198190e+01
-2.223269867134800037e+01 8.810468355764965454e-01 9.568247300552685797e-01 8.810468355764965454e-01 -1.534826752381416526e+01 -8.062558970112578827e-01 9.568247300552685797e-01 -8.062558970112578827e-01 -5.093616333594148671e+01
-1.157017812746198793e+01 2.664564989867483025e+00 -4.614006445013264290e+00 2.664564989867483025e+00 2.131179410017232545e+00 -3.237027870544088248e+00 -4.614006445013264290e+00 -3.237027870544088248e+00 6.586335150353000323e+00
8.989911264279877301e+00 5.895396181010356784e+00 -7.403632352813368733e+00 5.895396181010356784e+00 3.475411696218404511e+00 2.987590767500681199e+00 -7.403632352813368733e+00 2.987590767500681199e+00 -6.049933441233625864e+00
-7.491285875061648447e+00 -5.215436112695706505e+00 2.668743628075876284e+00 -5.215436112695706505e+00 -4.383186601113985148e+01 9.005591691366745977e+00 2.668743628075876284e+00 9.005591691366745977e+00 4.974679482763452398e+01
-1.118104881131162243e+00 -6.905054250158818574e-01 -4.230514175907720831e-01 -6.905054250158818574e-01 -6.357920325296480435e+00 -1.025432483239301806e+00 -4.230514175907720831e-01 -1.025432483239301806e+00 9.446017524734653392e+00
4.296543208856004981e+01 3.051586235351438692e+00 1.283398708043696068e+01 3.051586235351438692e+00 3.892444808013432578e+01 4.982597204231757004e+00 1.283398708043696068e+01 4.982597204231757004e+00 5.132641731318442169e+01
6.264469206577775395e+00 1.105845240499385618e+01 1.450445402702255038e+01 1.105845240499385618e+01 -3.281664473268211868e+00 -9.157426295455056930e+00 1.450445402702255038e+01 -9.157426295455056930e+00 1.933204623189467242e+01
-2.992025424541400014e+01 -9.719417093702537258e+00 -2.379041119651641978e+01 -9.719417093702537258e+00 -2.279078231276165312e+01 9.009301637613006619e+00 -2.379041119651641978e+01 9.009301637613006619e+00 -3.006719966868412541e+01
-2.440966656129875645e+01 -1.371478930544329700e+01 2.736963207244991203e+00 -1.371478930544329700e+01 -6.061135307631977298e+01 7.156422482257835505e+00 2.736963207244991203e+00 7.156422482257835505e+00 4.247017396156271474e+01
-1.602606116594762042e+00 -1.036163824035210457e+00 1.525926466153105343e+00 -1.036163824035210457e+00 7.250920768377409509e+00 1.636920651317540276e+00 1.525926466153105343e+00 1.636920651317540276e+00 -9.765660556558627192e+00
3.057236475165819201e+01 -2.054433963615800440e+00 2.453062781559225769e+01 -2.054433963615800440e+00 3.510158169163392472e+01 1.530539095791548831e+01 2.453062781559225769e+01 1.530539095791548831e+01 7.225326273100152186e-02
3.419164892116707932e+01 1.122339774289056535e+01 -6.884506227935570877e+00 1.122339774289056535e+01 1.300861242384208083e+01 -7.491259734669672987e+00 -6.884506227935570877e+00 -7.491259734669672987e+00 -1.109504217731690723e+01
-6.690939670005748852e+00 4.060511519181929430e+00 2.914338547579384819e+00 4.060511519181929430e+00 -4.026513937424835987e+00 2.197237198421558091e+01 2.914338547579384819e+00 2.197237198421558091e+01 1.696200386366727741e+01
1.391620306967183573e+01 -3.108935796437280796e+00 9.528962969435937680e+00 -3.108935796437280796e+00 3.029599322028340680e+01 6.847363535956807468e+00 9.528962969435937680e+00 6.847363535956807468e+00 1.167960166685950973e+01
