1.595994151886395507e+01 -1.357456830143631166e+01 -1.878322218472779070e+01 -1.357456830143631166e+01 -2.380406262386316030e+01 8.940087991207031237e+00 -1.878322218472779070e+01 8.940087991207031237e+00 2.237808329524338191e+01
-1.438692521735926810e+01 9.960915127144236436e+00 -3.566514932779178526e+00 9.960915127144236436e+00 4.774335439546014470e+00 -1.045860464991152838e+01 -3.566514932779178526e+00 -1.045860464991152838e+01 -6.103159282620746140e+00
-4.725145180229487707e+00 -1.161410294839940782e+01 6.239047537293201273e+00 -1.161410294839940782e+01 -2.423978909129600012e+01 4.717761308760486827e+00 6.239047537293201273e+00 4.717761308760486827e+00 -1.738102891053730836e+00
4.068672832094177494e+01 8.234057502134390916e-01 1.915329837143311664e+01 8.234057502134390916e-01 -1.374425197836684376e+00 -8.615425118087166600e-01 1.915329837143311664e+01 -8.615425118087166600e-01 5.487404782295603667e+01
5.593444425099253436e+01 6.882499836018181050e+00 4.066795373061306229e+00 6.882499836018181050e+00 3.114691391340007343e+01 3.313381685617301287e+00 4.066795373061306229e+00 3.313381685617301287e+00 6.058982912031209622e+01
-1.148050980096558149e+01 1.602809018602733815e+01 -6.175377875557474638e+00 1.602809018602733815e+01 -5.781479832556711784e+01 3.401855114371197253e+00 -6.175377875557474638e+00 3.401855114371197253e+00 -3.956744012629854090e+00
-3.982330211539118636e+01 -5.294503992519980606e+00 4.119322986809973663e+00 -5.294503992519980606e+00 -2.337081346273053128e+01 -6.889084784531103622e+00 4.119322986809973663e+00 -6.889084784531103622e+00 -6.411369999601103586e+01
-3.527794838299028868e+01 -5.353383268670061312e+00 -1.271395552639689441e+01 -5.353383268670061312e+00 -9.966127192760845799e-02 1.302878924961470064e+00 -1.271395552639689441e+01 1.302878924961470064e+00 -5.792665444802707952e+01
-1.772342455365446767e+01 -4.152658722473825392e+00 -8.964734314138201654e+00 -4.152658722473825392e+00 1.220091111022181352e+01 1.449998869559258052e+00 -8.964734314138201654e+00 1.449998869559258052e+00 -1.778654263123204515e+01
9.260859657824260793e+00 -2.537990345473275511e-01 -9.461864138995775164e+00 -2.537990345473275511e-01 7.527794359947279634e-01 -6.740941991870329275e+00 -9.461864138995775164e+00 -6.740941991870329275e+00 1.723988486479775517e+01
4.039370967372077104e+01 -1.229989400771540353e+01 -3.672735328766307372e+00 -1.229989400771540353e+01 2.305605608498995096e+00 1.445219652902774765e+00 -3.672735328766307372e+00 1.445219652902774765e+00 4.374516309064037500e+01
7.936538335119543319e+00 8.829914834870029594e+00 2.798361750479982923e+00 8.829914834870029594e+00 6.494367135916662370e+00 1.768280982312632199e+00 2.798361750479982923e+00 1.768280982312632199e+00 3.876765343965092114e+01
9.865927908053066631e+00 9.599820666205280517e+00 -5.387927678948258858e+00 9.599820666205280517e+00 1.078583533773901371e+00 1.354742538838748622e+01 -5.387927678948258858e+00 1.354742538838748622e+01 1.861115007690762013e+01
-9.130930223071887397e+00 6.573831634832830062e+00 1.788693094737580580e+01 6.573831634832830062e+00 -1.887231179846821760e+01 8.967159508845140792e+00 1.788693094737580580e+01 8.967159508845140792e+00 -7.752186710850335949e+00
-2.134297261085282571e+01 -1.008733732153870299e+01 -1.103244995605826873e+01 -1.008733732153870299e+01 2.131664362176876182e+01 3.920031900838532035e+00 -1.103244995605826873e+01 3.920031900838532035e+00 -7.654582486084342463e+01
-5.620764270332676915e+01 -2.772531357018355180e-01 -2.143945899743386452e+00 -2.772531357018355180e-01 -3.189278892795477560e+01 -1.270033562749246503e+00 -2.143945899743386452e+00 -1.270033562749246503e+00 -5.887048278624144615e+01
-5.789457550079195158e+00 4.297490534972773446e+00 -1.499718392526058786e+01 4.297490534972773446e+00 -2.913747165655421512e+01 -2.948777672447346010e+00 -1.499718392526058786e+01 -2.948777672447346010e+00 1.255382078396009904e+00
-2.665463021097429674e+01 -1.169871630974288834e+01 1.683700869295759617e+01 -1.169871630974288834e+01 2.254250716142524258e+00 1.091752915612191721e+01 1.683700869295759617e+01 1.091752915612191721e+01 -3.512403252613577820e+01
5.323688772958408322e+01 -8.961648639397610694e+00 -1.379912068285340254e+01 -8.961648639397610694e+00 -2.392914906053810498e+01 -7.948656239182635197e+00 -1.379912068285340254e+01 -7.948656239182635197e+00 3.976008565704094622e+01
-2.398252201018794239e+01 -4.350603012796629088e+00 -1.158530749293893081e+01 -4.350603012796629088e+00 -4.918330216067269944e+00 9.116289834910857870e-01 -1.158530749293893081e+01 9.116289834910857870e-01 -2.094849836410428168e+01
-2.050020966323094385e+01 -3.081720438713833943e+00 -4.057678455589697641e+00 -3.081720438713833943e+00 3.049312327779692922e+01 -9.384906453998840270e-01 -4.057678455589697641e+00 -9.384906453998840270e-01 -2.944280593055592377e+01
3.352233613833118397e+01 1.166045672535692823e+01 -4.427694136039202810e+00 1.166045672535692823e+01 -8.377180558457208548e+00 1.225646896865021596e+01 -4.427694136039202810e+00 1.225646896865021596e+01 5.029632431880575183e+01
-3.220033935219545640e+01 8.909218658150528825e+00 -3.246162707026070127e+00 8.909218658150528825e+00 -3.333686180047706671e+01 -3.271250509260705375e+00 -3.246162707026070127e+00 -3.271250509260705375e+00 -4.909370751630654439e+01
-1.276849470778190287e+01 -6.501013222298546168e+00 1.435722793945442888e+00 -6.501013222298546168e+00 -2.527438362467354693e+01 -1.088857716958795763e+01 1.435722793945442888e+00 -1.088857716958795763e+01 1.397959806080645073e+01
-1.111452862195708668e+01 -7.022530821877197127e+00 -1.118978777123870394e+01 -7.022530821877197127e+00 -3.814140157951000276e+01 -1.400309199299400342e+00 -1.118978777123870394e+01 -1.400309199299400342e+00 -1.515783990119258995e+01
-2.518838003005746984e+01 -3.794815369827962748e+00 2.016159538093243597e+01 -3.794815369827962748e+00 -3.557695942583358573e+01 -7.678894343829866465e+00 2.016159538093243597e+01 -7.678894343829866465e+00 -1.789411212934715323e+01
6.149513202226784436e+00 7.210831178836128785e+00 9.145575775358262050e+00 7.210831178836128785e+00 4.389299748314260086e+01 -8.674620447339183471e+00 9.145575775358262050e+00 -8.674620447339183471e+00 -1.768686190862607432e+01
-1.824050679668710018e+01 -2.761702566612619947e+01 1.270621804571266278e+00 -2.761702566612619947e+01 5.697205551825018643e-01 -2.027147401963091067e+00 1.270621804571266278e+00 -2.027147401963091067e+00 -2.400308011206186620e+01
-4.046679829200351719e+01 3.897723342648370171e+00 -3.060955256096492771e+00 3.897723342648370171e+00 -5.267506831885785168e+00 -6.571058532911743910e+00 -3.060955256096492771e+00 -6.571058532911743910e+00 -6.405960789365180119e+01
3.230164706625217264e+01 -5.003807328665811127e+00 -3.773701969003513401e+00 -5.003807328665811127e+00 2.474602521249364884e+01 7.178440419484130031e-01 -3.773701969003513401e+00 7.178440419484130031e-01 2.997811397116534948e+01
6.538320225369208316e+00 -5.736616771809486259e+00 4.209084234654343781e+00 -5.736616771809486259e+00 -6.462231521026477132e+00 6.643729872681197968e+00 4.209084234654343781e+00 6.643729872681197968e+00 3.332192281141295620e+00
6.112438952708775020e+00 -3.114658245419970495e+00 7.245390788705701191e+00 -3.114658245419970495e+00 -3.545517274324868140e+01 5.435535739250722642e+00 7.245390788705701191e+00 5.435535739250722642e+00 5.861187324737967330e+00
-1.972965349564389470e+01 -7.040061436883841006e-01 -1.881070206752285090e+00 -7.040061436883841006e-01 1.823384971788263798e+01 1.861428917315979814e-01 -1.881070206752285090e+00 1.861428917315979814e-01 -3.696044937853504564e+01
-2.978647296073098616e+01 -9.980426358403599707e+00 5.305779767923843870e+00 -9.980426358403599707e+00 4.521042206967194055e+00 -7.540166842541367487e+00 5.305779767923843870e+00 -7.540166842541367487e+00 -4.457516970596060446e+01
1.938725458754315234e+00 -7.055566432875530758e+00 3.140098851843799554e+00 -7.055566432875530758e+00 -3.005818669850064406e+00 1.576754289365427297e+01 3.140098851843799554e+00 1.576754289365427297e+01 7.629467331660829466e+00
4.040771556860916291e+01 2.516618196682874342e-01 -8.848262092675970081e+00 2.516618196682874342e-01 4.195022640575186301e+01 7.106627987436500149e+00 -8.848262092675970081e+00 7.106627987436500149e+00 4.127265305026247688e+01
-9.969467087796624938e+00 -9.616192130841703545e+00 4.729760563252083827e+00 -9.616192130841703545e+00 2.222288192214470826e+01 9.411090743634128231e+00 4.729760563252083827e+00 9.411090743634128231e+00 -1.068972277151986461e+01
5.042163499994238407e+01 -1.120006358896005860e+00 -8.101491276100581729e+00 -1.120006358896005860e+00 -7.336381671611384547e+00 7.667191293791152107e-02 -8.101491276100581729e+00 7.667191293791152107e-02 5.528434413911500656e+01
-8.677100128978038285e+00 8.673757537141977281e+00 -9.655594946479652663e+00 8.673757537141977281e+00 -4.152401052631375933e+01 -1.003501899895086069e+01 -9.655594946479652663e+00 -1.003501899895086069e+01 5.196736953487729238e+00
4.215752155222216579e+00 -6.195806593440937426e+00 -6.374293011157492472e+00 -6.195806593440937426e+00 -4.764170186196081680e+00 -5.231076298858127416e+00 -6.374293011157492472e+00 -5.231076298858127416e+00 2.071731230367355892e+01
3.717990947155563930e+01 -2.203389066878405078e+00 -7.263103322535601869e+00 -2.203389066878405078e+00 3.863993216944204079e+01 4.753015138858198263e+00 -7.263103322535601869e+00 4.753015138858198263e+00 3.809191676173076502e+01
4.293185908190596223e+01 -5.129116220821049232e+00 1.916026324656260327e+00 -5.129116220821049232e+00 4.324497533501931201e+01 5.463732953262147696e+00 1.916026324656260327e+00 5.463732953262147696e+00 3.023750083424852519e+01
4.768076287602495356e+00 2.514000185283998601e+00 2.874436646680654572e+00 2.514000185283998601e+00 -4.077023398564414691e+01 -5.605577906547723366e+00 2.874436646680654572e+00 -5.605577906547723366e+00 3.256126155930719079e+01
-2.567825817604813210e+01 -1.649440066836386620e+01 -1.098445535951163876e+01 -1.649440066836386620e+01 -2.859361624904140697e+01 2.535937852534937420e+00 -1.098445535951163876e+01 2.535937852534937420e+00 -2.228239559088596522e+01
-2.505035595629635736e+00 3.028316397272319715e+00 -9.054971640738640914e+00 3.028316397272319715e+00 -1.162565194028244697e+01 2.694196381334579726e+00 -9.054971640738640914e+00 2.694196381334579726e+00 5.637796825165212411e+00
-2.049795579856857586e+01 -7.407211491740426368e+00 5.462798760973933021e+00 -7.407211491740426368e+00 2.267535958518132233e+01 2.728623191199149645e+00 5.462798760973933021e+00 2.728623191199149645e+00 -3.741197725331698365e+01
-4.808319245424517163e+01 1.607676938966557278e+00 3.200930401830184024e+01 1.607676938966557278e+00 1.958238122586410057e+01 9.322309782389073263e+00 3.200930401830184024e+01 9.322309782389073263e+00 -1.498007636206852311e+01
-4.297141167820994667e+01 1.387926592366605583e+01 -1.887507764602069571e+01 1.387926592366605583e+01 4.770987787716887851e+01 1.254576379241637163e+01 -1.887507764602069571e+01 1.254576379241637163e+01 3.212850995791932451e+00
2.214152279801197665e+01 -7.248546865660776994e+00 -5.761424151537936744e+00 -7.248546865660776994e+00 1.432909278905335171e+01 -3.699598101150550211e-01 -5.761424151537936744e+00 -3.699598101150550211e-01 2.212227410156964780e+01
-1.309880290273447656e+01 -4.658801025882432612e+00 2.384101848919372435e-01 -4.658801025882432612e+00 -1.809360380089309883e+00 -4.215475328064718141e+00 2.384101848919372435e-01 -4.215475328064718141e+00 -2.239249912661847830e+01
7.662248635754130532e+01 9.320514302916178551e+00 -6.760813322337160258e+00 9.320514302916178551e+00 2.508682428557251498e+01 -9.760478164558319847e+00 -6.760813322337160258e+00 -9.760478164558319847e+00 7.095685669759488690e+01
2.180569285320056494e+01 3.640658375125009005e+00 -8.450130731688634711e+00 3.640658375125009005e+00 2.863788486546629386e+01 4.155822000594831422e+00 -8.450130731688634711e+00 4.155822000594831422e+00 2.033954961437724407e+01
6.536491496234978626e+01 6.914467426065138866e+00 4.625743686982531244e+00 6.914467426065138866e+00 2.331979069437645791e+01 1.143473906226939718e+01 4.625743686982531244e+00 1.143473906226939718e+01 8.516631968888597726e+01
-1.061412138023897356e+01 -9.304175196218197996e+00 1.904323886814600630e+00 -9.304175196218197996e+00 -1.662086754575825154e+01 -4.874738528944316807e-01 1.904323886814600630e+00 -4.874738528944316807e-01 -1.183924957277798207e+01
3.520952387021960561e+01 -7.686725804406768781e+00 -5.248103428932094694e+00 -7.686725804406768781e+00 7.754418695960463737e+00 9.221139113680656862e+00 -5.248103428932094694e+00 9.221139113680656862e+00 3.694586503389744792e+01
-3.129013984861530062e+01 -5.877206181611382974e+00 6.180119407680930266e+00 -5.877206181611382974e+00 -1.098201481909470090e+01 3.035942199043342171e-01 6.180119407680930266e+00 3.035942199043342171e-01 -1.537712752374346969e+01
1.484727852746907750e+01 -1.388684865568395388e+01 3.322618387811965501e+00 -1.388684865568395388e+01 1.202415603203609606e+01 -1.822710834962790072e+00 3.322618387811965501e+00 -1.822710834962790072e+00 6.551456715361775984e+00
-3.992024950478621292e+01 5.179670534125722980e+00 1.650258811810129345e+01 5.179670534125722980e+00 -2.384203326756295382e+01 3.867291948185066719e+00 1.650258811810129345e+01 3.867291948185066719e+00 -3.150208979819153043e+00
8.374971902359537523e+01 1.390079922751683306e+01 5.400486318446616529e+00 1.390079922751683306e+01 1.781583184210260384e+01 2.817813750590256738e-01 5.400486318446616529e+00 2.817813750590256738e-01 7.172045707710223894e+01
-1.314887423673051536e+01 5.796593389829296505e+00 3.548632071141257782e+00 5.796593389829296505e+00 2.967907267934918636e+01 -7.904457497864820326e+00 3.548632071141257782e+00 -7.904457497864820326e+00 -2.885851166007167734e+01
2.227707907072261762e+01 -1.007833782352722629e+01 3.777155422954853847e+00 -1.007833782352722629e+01 -2.938663535772763069e+01 -1.087958501515605025e+00 3.777155422954853847e+00 -1.087958501515605025e+00 2.532169926181875397e+01
-1.080762813967369773e+01 2.371496746433909397e+00 7.245388606249760777e+00 2.371496746433909397e+00 1.747639303994975890e+01 -2.019174399313645285e+00 7.245388606249760777e+00 -2.019174399313645285e+00 -4.597747740563015384e+01
2.846144795450827186e-02 3.645146791382643414e+00 -2.317239329465279774e+00 3.645146791382643414e+00 -1.214974077723141654e+01 -3.013160899083219491e+00 -2.317239329465279774e+00 -3.013160899083219491e+00 -5.018331455825803644e+00
6.299320441395973802e+00 -3.829730521402504362e+00 -2.061217973394330993e+00 -3.829730521402504362e+00 -1.494109835301130174e+00 6.819854281224302817e+00 -2.061217973394330993e+00 6.819854281224302817e+00 4.547158224729489717e+00
1.878135435044610091e+01 -3.378520791647170451e+00 7.783433175687837213e+00 -3.378520791647170451e+00 -1.008417290739316741e+00 -7.223208627491897738e-02 7.783433175687837213e+00 -7.223208627491897738e-02 -1.039882874623357800e+01
-1.538328408399049962e+01 1.081797266288981341e+01 9.182412602317581829e+00 1.081797266288981341e+01 -5.580500513072337299e+01 1.176166813461220428e+00 9.182412602317581829e+00 1.176166813461220428e+00 6.062628523785560386e-01
-4.043458956585638475e+01 -3.535561262546230488e+00 9.581102840163777667e-01 -3.535561262546230488e+00 -1.468653974213980185e+01 4.351559316351612416e+00 9.581102840163777667e-01 4.351559316351612416e+00 -4.521020222590244231e+01
-5.430219334688199240e+01 3.933244478783159970e+00 6.129545899544765142e+00 3.933244478783159970e+00 4.265213913986526606e+00 -9.847013190003437444e+00 6.129545899544765142e+00 -9.847013190003437444e+00 -2.246344178888988452e+01
-1.895569881685918645e+01 4.080518174308090273e+00 -6.072400775767477832e+00 4.080518174308090273e+00 1.675777553392416763e+01 9.507862575064644162e+00 -6.072400775767477832e+00 9.507862575064644162e+00 -4.085648348868151203e+01
2.693634943398314618e+01 3.871052345872195488e+00 -2.334208828545140779e+00 3.871052345872195488e+00 2.860926392853570022e+01 -1.015481988324218143e+01 -2.334208828545140779e+00 -1.015481988324218143e+01 2.297393140306233406e+01
-3.345414119338893499e+01 -3.178958075535727623e+00 -1.123822585913206495e+01 -3.178958075535727623e+00 -6.165417683415773098e+01 -4.335163043222655332e+00 -1.123822585913206495e+01 -4.335163043222655332e+00 -1.004439234401892911e+01
-2.148358417043485247e+01 5.024095572940624699e+00 7.516014376101987970e+00 5.024095572940624699e+00 8.201229132727668514e+00 -5.609376772936048444e-02 7.516014376101987970e+00 -5.609376772936048444e-02 -3.272236303410072367e+01
-1.829509378288258148e+01 5.964406961547498831e+00 3.702364885578603548e+00 5.964406961547498831e+00 2.777999598144668525e+01 1.197067814578482192e+01 3.702364885578603548e+00 1.197067814578482192e+01 -2.506195375125599156e+01
-4.630708891072012534e+01 2.632254932384867185e+00 4.599753320110509414e+00 2.632254932384867185e+00 9.366397806395104775e-01 -3.451337623534646237e+00 4.599753320110509414e+00 -3.451337623534646237e+00 -4.570187505070862954e+01
-3.813937475791257015e+01 -1.303565894705580064e+01 -1.155122691355750142e+01 -1.303565894705580064e+01 -3.975682876399559262e+01 1.521517741503492616e+01 -1.155122691355750142e+01 1.521517741503492616e+01 -1.343396833464325191e+01
-8.339513726163378493e+00 -1.876179540230066944e+00 -1.013718849513969289e+01 -1.876179540230066944e+00 2.885167531324729850e+01 2.212313680132657889e-01 -1.013718849513969289e+01 2.212313680132657889e-01 -4.714851087052948486e+01
1.082171073198048106e+01 5.527381015642777840e+00 4.260235346603160611e-01 5.527381015642777840e+00 -3.916148824002820561e+01 -7.283094248680537675e+00 4.260235346603160611e-01 -7.283094248680537675e+00 2.290984020194882476e+01
-2.691371349985224981e+01 3.486430638081052802e+00 6.333769404915420509e+00 3.486430638081052802e+00 2.773362407774695626e+01 3.827103031901694763e+00 6.333769404915420509e+00 3.827103031901694763e+00 -4.402338550514513571e+01
-6.491492488526001914e+00 7.828038809324722180e+00 8.115565073423304909e+00 7.828038809324722180e+00 -2.036854307249654283e+01 -4.507199593375117885e+00 8.115565073423304909e+00 -4.507199593375117885e+00 3.242618104059096140e+01
1.481230557004447768e+01 -1.137763427153107010e+01 -4.276566071395516033e+00 -1.137763427153107010e+01 -3.550392662442241232e+01 5.503802215141467613e+00 -4.276566071395516033e+00 5.503802215141467613e+00 1.292803725659760161e+01
-1.536256521190174951e+01 6.271526634500276920e+00 1.268900975037857748e+01 6.271526634500276920e+00 -4.390227718735768292e+01 -7.222659477512785031e+00 1.268900975037857748e+01 -7.222659477512785031e+00 -2.186014053191231099e+01
5.588372877745805312e+01 -1.703393423170017229e+01 -1.090900847793290573e+01 -1.703393423170017229e+01 3.152372433613401270e+01 1.240426145932768787e+00 -1.090900847793290573e+01 1.240426145932768787e+00 7.583830217986579214e+01
3.807811388617446369e+01 -4.995032364546295511e+00 4.795575208262713218e+00 -4.995032364546295511e+00 3.478490155967507036e+01 9.000105590543830303e+00 4.795575208262713218e+00 9.000105590543830303e+00 3.277036890595669405e+01
3.684878244522266755e+01 -1.298906359788395637e+00 -7.227225654446403524e+00 -1.298906359788395637e+00 -2.171343929721110655e+01 4.161344212784411134e+00 -7.227225654446403524e+00 4.161344212784411134e+00 4.828194201332770064e+01
-3.150383939340555628e+01 -1.507536273135228377e+01 9.788571728634334335e+00 -1.507536273135228377e+01 -2.141640610558677693e+01 2.571374276541287784e+01 9.788571728634334335e+00 2.571374276541287784e+01 -1.556361155329513579e+01
1.297881631900584809e+00 3.947799151132325157e+00 -3.242954172073923669e+00 3.947799151132325157e+00 -7.541901463832273578e+01 -1.262728178687565261e+01 -3.242954172073923669e+00 -1.262728178687565261e+01 -1.833944857452927835e+01
-8.336079963193819609e+00 1.275105369079638606e+01 -3.994833026666520848e+00 1.275105369079638606e+01 4.545324675252318514e+01 -1.357795575721167047e+01 -3.994833026666520848e+00 -1.357795575721167047e+01 -4.874461501818507259e+01
2.033949162248145015e+01 -1.234295013944423580e+01 2.992683144833031328e+00 -1.234295013944423580e+01 4.482737235211002869e+00 -4.507832100577758183e+00 2.992683144833031328e+00 -4.507832100577758183e+00 3.945141346221701184e+01
1.206910964416016441e+01 4.957840565536542954e+00 4.773698791979191114e+00 4.957840565536542954e+00 1.321186458794743501e+01 1.609231028010291942e+00 4.773698791979191114e+00 1.609231028010291942e+00 1.593020082186178499e+01
2.241108910835015777e+01 -7.885441266235195812e+00 4.796002916319439535e+00 -7.885441266235195812e+00 2.085972278530438828e+01 -5.105365706473711462e+00 4.796002916319439535e+00 -5.105365706473711462e+00 1.559520203671395855e+01
7.688984247185959298e+00 -1.498840525043796390e+01 2.526991001229791145e+00 -1.498840525043796390e+01 -9.394297399729918396e+00 -7.635981308461358807e+00 2.526991001229791145e+00 -7.635981308461358807e+00 2.397315537652562512e+01
-1.469811306191310152e+01 1.543202782732767453e+01 2.599163806021023149e+00 1.543202782732767453e+01 -2.191219671996624641e+01 1.552169188977836001e+01 2.599163806021023149e+00 1.552169188977836001e+01 -2.242402106853574040e+01
-1.617618732024910244e+01 -1.773154174396529825e+01 4.981108442616145382e+00 -1.773154174396529825e+01 -2.086562832245742882e+01 9.567649757197418836e+00 4.981108442616145382e+00 9.567649757197418836e+00 1.865864590645979204e+00
-6.075738420590960942e+01 -1.127844038803413218e+00 2.662281940674636971e+01 -1.127844038803413218e+00 -5.747297603295226764e+01 1.947694498343099667e+01 2.662281940674636971e+01 1.947694498343099667e+01 -2.402547497642294871e+01
2.359066370840699989e+01 2.812500274919298437e+00 -3.783353950971858115e+00 2.812500274919298437e+00 1.039838023512594312e+01 1.011610077890211956e+00 -3.783353950971858115e+00 1.011610077890211956e+00 1.562214200307417578e+01
-1.064743550763022029e+01 -2.948058865679812346e+00 2.788802549609081249e-01 -2.948058865679812346e+00 -2.020649126199011647e+01 5.422780882860897655e+00 2.788802549609081249e-01 5.422780882860897655e+00 3.023922589183626997e+01
8.401394773493084944e-01 -8.881870911562844029e+00 5.578951590049507914e+00 -8.881870911562844029e+00 -2.977581916878659385e+01 1.676728620561205307e+00 5.578951590049507914e+00 1.676728620561205307e+00 2.476158082840184349e+01
4.075291352673243495e+01 -1.082914278867351321e+01 -8.104642656275608203e+00 -1.082914278867351321e+01 3.297127090585380671e+01 -2.768486427775382896e+00 -8.104642656275608203e+00 -2.768486427775382896e+00 3.193343318670177311e+01
3.072169176600455742e+01 1.692332549629564364e-01 -3.712287954682242930e+00 1.692332549629564364e-01 -2.765272914348385314e+01 -8.877139350205714763e+00 -3.712287954682242930e+00 -8.877139350205714763e+00 2.719292623817012711e+01
4.051598222327916687e+01 -1.008370859886383641e+00 -4.675093779605016486e+00 -1.008370859886383641e+00 3.985366507299910666e+01 -1.045246092935753435e+00 -4.675093779605016486e+00 -1.045246092935753435e+00 4.112174665526473660e+01
