8.710066243118669504e+00 5.568497546645569507e+00 2.218237040005386262e+01 5.568497546645569507e+00 -2.862816925474323426e+00 4.258635658366699772e+00 2.218237040005386262e+01 4.258635658366699772e+00 1.243361589354026009e+01
1.280394993209398180e+01 -1.754177567644727986e+00 -3.805896204120918558e+00 -1.754177567644727986e+00 1.555695522477637560e+01 6.159651554372342019e+00 -3.805896204120918558e+00 6.159651554372342019e+00 1.253940635386945068e+01
-2.573293630756992556e+01 5.614735536973258334e+00 -5.001488243506020837e+00 5.614735536973258334e+00 -1.366716368587301922e+01 -1.251753343952601627e+00 -5.001488243506020837e+00 -1.251753343952601627e+00 -3.181498357823156198e+01
-1.761019215878476318e+00 7.745538747613206487e-01 -4.834295820857775539e+00 7.745538747613206487e-01 -1.112597054393684282e+01 -4.559407643312263225e+00 -4.834295820857775539e+00 -4.559407643312263225e+00 -3.368023477598246274e+01
6.457323644557336095e+00 -2.360705105464096842e+00 -1.072872845502319450e+01 -2.360705105464096842e+00 9.893316696501113228e+00 -6.416090213236533835e+00 -1.072872845502319450e+01 -6.416090213236533835e+00 2.480768722983822627e+01
-4.062260747575761144e+01 6.172167495795179981e+00 5.048242824048528199e+00 6.172167495795179981e+00 -3.931828439538365672e+01 -7.318466365733385937e-01 5.048242824048528199e+00 -7.318466365733385937e-01 -5.643744391924973769e+01
-1.241608446764925944e+01 -1.086199833800733927e+01 1.055405199558823348e+01 -1.086199833800733927e+01 -6.111673657648304392e+00 -1.088612222400668195e+01 1.055405199558823348e+01 -1.088612222400668195e+01 -1.709410097392078720e+00
-1.780804549566585493e+01 1.232533873397141155e+00 -1.520307064907942518e+01 1.232533873397141155e+00 -9.414345464250336804e+00 2.649320992621428950e-01 -1.520307064907942518e+01 2.649320992621428950e-01 -1.398256391398203391e+01
4.867968183448293473e+01 1.796227594589930376e+01 -1.265203787952420633e+01 1.796227594589930376e+01 6.080747215611383893e+01 1.056432114059424521e+01 -1.265203787952420633e+01 1.056432114059424521e+01 1.341506918993616182e+01
-9.954241698441750330e+00 9.657701208641803703e+00 -2.190000728886142412e+01 9.657701208641803703e+00 -1.293122039669640344e+00 -2.895962096468393643e+00 -2.190000728886142412e+01 -2.895962096468393643e+00 1.399940197389581087e+00
-2.139239437768040020e+01 1.464797666164457546e+01 -8.332348069059438700e+00 1.464797666164457546e+01 -1.615217949840806355e+01 -2.431213998934647069e+00 -8.332348069059438700e+00 -2.431213998934647069e+00 3.097079708604875137e+00
3.714746506863928044e+00 5.329578499103065248e+00 1.537089384450891849e+01 5.329578499103065248e+00 1.980462309152977385e+00 -4.569194870644189166e+00 1.537089384450891849e+01 -4.569194870644189166e+00 -1.369981754027632626e+01
2.486052672944906661e+01 7.790965030782383671e+00 3.112642026496371628e+01 7.790965030782383671e+00 1.868291467767769110e+00 -1.155395441173638993e+01 3.112642026496371628e+01 -1.155395441173638993e+01 -1.369066413537706417e+01
1.284270478511826674e+01 -1.802549673990083035e+00 -1.200667883695159688e+01 -1.802549673990083035e+00 1.790465258455328978e+01 1.191573448153724080e+01 -1.200667883695159688e+01 1.191573448153724080e+01 2.370384362490887398e+01
2.347330694023493081e+01 1.648965936540337651e+01 3.304771763531634932e+00 1.648965936540337651e+01 4.252356054719988521e+01 -4.878508146285381208e+00 3.304771763531634932e+00 -4.878508146285381208e+00 -1.018653184113433596e+01
3.584981837449826969e+01 -3.393775593996652074e+00 1.135551897786339692e+00 -3.393775593996652074e+00 3.058558292944927359e+01 3.316859269576026392e+00 1.135551897786339692e+00 3.316859269576026392e+00 3.270914291871889645e+01
2.375703675932771475e+01 1.254264923397510678e+01 1.264093518641439928e+00 1.254264923397510678e+01 1.993835612353689513e+01 6.986321083491094264e+00 1.264093518641439928e+00 6.986321083491094264e+00 3.914867980120581681e+00
3.429432055185240102e+01 -2.725325173784563404e+00 -1.185141418184151085e+01 -2.725325173784563404e+00 2.726724317652707796e+01 6.542197714187252267e+00 -1.185141418184151085e+01 6.542197714187252267e+00 1.161309580822188536e+01
4.771146856350231502e+01 7.846973722313857813e+00 7.067452026213397076e+00 7.846973722313857813e+00 3.808499735050131818e+01 4.083036352283411219e+00 7.067452026213397076e+00 4.083036352283411219e+00 2.143997362763392900e+01
-2.622143123874344894e+01 3.119532126520966564e+00 -1.399577202436314671e+00 3.119532126520966564e+00 -1.699445906296445585e+01 3.013175850185074278e+00 -1.399577202436314671e+00 3.013175850185074278e+00 -5.242450998281412922e+00
-2.799053908622463993e+01 4.084711090086485363e+00 -1.439302884663240611e+01 4.084711090086485363e+00 -1.655693737477065142e+01 4.140116735163188011e+00 -1.439302884663240611e+01 4.140116735163188011e+00 -3.885498406706921770e+01
-1.811303318730004008e+01 7.998256465041139407e+00 -4.661200224402627157e+00 7.998256465041139407e+00 -1.916139994681235947e+01 -8.314837247094370554e+00 -4.661200224402627157e+00 -8.314837247094370554e+00 5.709595100061581441e+00
-1.671607962538557501e+01 1.940804415035609054e+01 -8.935700708839590334e+00 1.940804415035609054e+01 -1.818448480414042123e+01 1.497039833284106447e-01 -8.935700708839590334e+00 1.497039833284106447e-01 8.878689558216152022e+00
1.856859245575886064e+01 -7.715091879951562426e+00 1.434660171158715247e+00 -7.715091879951562426e+00 2.888887989340208051e+01 -9.943077173117323975e-01 1.434660171158715247e+00 -9.943077173117323975e-01 2.344440407172699636e+00
1.852698707905002351e+00 -1.058493583828048479e+01 2.586703167036436213e+00 -1.058493583828048479e+01 1.584398334692865618e+00 1.486282159136517400e+01 2.586703167036436213e+00 1.486282159136517400e+01 -2.452298941384568565e+01
5.653157612078697269e+01 -3.229187503720837071e+00 4.986846861123717112e+00 -3.229187503720837071e+00 4.524719842005769976e+01 -5.163576134506971727e+00 4.986846861123717112e+00 -5.163576134506971727e+00 2.547966279165088110e+01
-1.720788023839267566e+01 1.117658180225417075e+00 7.623783947941700667e+00 1.117658180225417075e+00 -1.308324432597906650e+01 -1.381276916343517769e+01 7.623783947941700667e+00 -1.381276916343517769e+01 -3.291862304800325489e+01
-2.759897261907548582e+01 1.161230222283089475e+01 3.355998264508002649e+00 1.161230222283089475e+01 -3.095282302902256433e+01 -3.731984752973168007e+00 3.355998264508002649e+00 -3.731984752973168007e+00 -2.852343161015926043e+01
-6.744960239753357012e-01 -7.350050970539993678e+00 4.122922136242278768e+00 -7.350050970539993678e+00 -1.213922625623780682e+01 -1.747119989937401696e+00 4.122922136242278768e+00 -1.747119989937401696e+00 -4.329826254318449230e+01
-6.885170547434647403e+00 8.411827667384413232e+00 -8.035840892067451335e+00 8.411827667384413232e+00 -1.951911406669388427e+01 6.710119665568674563e+00 -8.035840892067451335e+00 6.710119665568674563e+00 -2.723361186917253818e+01
2.155655837757975490e+01 1.344109794701545368e+01 -5.694354268792062079e+00 1.344109794701545368e+01 1.223557636988269692e+01 -8.376289928420167286e+00 -5.694354268792062079e+00 -8.376289928420167286e+00 -2.436426405066536205e+01
-2.164752737965933349e+01 5.015367073732943659e+00 -1.025052824734292045e+00 5.015367073732943659e+00 -1.026895481733453508e+01 1.297915446187175270e+01 -1.025052824734292045e+00 1.297915446187175270e+01 2.067223686363662338e+01
-2.122978260773120240e+01 -7.182183846808876115e-02 8.432787535621443453e+00 -7.182183846808876115e-02 -2.558763264001425952e+01 4.878734359880684046e+00 8.432787535621443453e+00 4.878734359880684046e+00 -1.631426092690682594e+01
9.375643459766369148e+00 -4.767584613075728228e+00 -3.505340778738921692e+00 -4.767584613075728228e+00 1.520144176087443633e+01 1.236006145928089239e+01 -3.505340778738921692e+00 1.236006145928089239e+01 -2.217027170426195326e+01
4.586911301227186044e+01 -1.886590212772875574e+01 2.169784294846950790e+00 -1.886590212772875574e+01 4.881075419607640953e+01 -1.773003823385402455e+01 2.169784294846950790e+00 -1.773003823385402455e+01 1.164433882113773144e+01
-8.626486375300963516e+00 -6.471927029987162072e+00 -1.378152340811493293e+00 -6.471927029987162072e+00 -1.838796060504436269e+01 5.215715130668254762e-01 -1.378152340811493293e+00 5.215715130668254762e-01 -7.973556935127762202e+00
5.049347645359836712e+00 2.633750120892889957e+00 8.763296407875460048e+00 2.633750120892889957e+00 9.199256586341095776e-01 1.581545946570489247e-01 8.763296407875460048e+00 1.581545946570489247e-01 -4.677380735255871613e+00
-2.108170013633599282e+01 -8.149200170341273974e+00 -1.400550068922946068e+01 -8.149200170341273974e+00 -8.700033675160735669e+00 6.440229227026554426e+00 -1.400550068922946068e+01 6.440229227026554426e+00 -4.126526876344435379e+00
4.594911212437011727e+01 7.245133222962171216e-01 -2.622711982051411095e+00 7.245133222962171216e-01 4.334061376861458825e+01 5.193162274575910509e+00 -2.622711982051411095e+00 5.193162274575910509e+00 3.685630790894196451e+01
3.346132457583100850e-01 2.657041603656515960e+01 2.005173088981864282e+01 2.657041603656515960e+01 -3.055291189007992347e+00 2.555883451234954151e+01 2.005173088981864282e+01 2.555883451234954151e+01 -1.093082863060782728e+01
-1.181051880643197016e+01 2.036999123539528256e+01 -2.392468818799005525e+00 2.036999123539528256e+01 -1.768182117772010287e+01 -7.199355066219865762e-01 -2.392468818799005525e+00 -7.199355066219865762e-01 -1.329993599242668978e+01
5.665792596621761135e+01 5.190786255455674514e+00 -1.315104203135574679e+01 5.190786255455674514e+00 4.886580668767857105e+01 1.209531258983783664e+00 -1.315104203135574679e+01 1.209531258983783664e+00 3.116713929988689813e+01
5.176931869509669326e+00 6.782761375130935910e+00 -6.815002931446665357e-01 6.782761375130935910e+00 6.546180765964147774e+00 4.145457241221058631e+00 -6.815002931446665357e-01 4.145457241221058631e+00 -6.846375517474525552e+00
1.915309983023234608e+01 7.364420208468217544e-01 -9.909842902411900023e-02 7.364420208468217544e-01 1.077809366907519539e+01 -3.366975582811768675e+00 -9.909842902411900023e-02 -3.366975582811768675e+00 8.150346718142964519e+00
5.858692626182196328e+00 2.857348864956456014e-01 5.349346223763378205e+00 2.857348864956456014e-01 -1.100435985253389859e+01 1.403936411371484283e+01 5.349346223763378205e+00 1.403936411371484283e+01 -8.826907704915688768e+00
-1.387585594625020846e+00 2.730827759905872565e+00 9.228375777239792299e+00 2.730827759905872565e+00 5.365152333408702567e-01 8.630857091006536308e+00 9.228375777239792299e+00 8.630857091006536308e+00 2.994916899851014502e-01
-2.892229864734891009e+01 8.452872052092333277e+00 3.442152539264486499e+00 8.452872052092333277e+00 -3.186940355266876423e+01 2.991865554550421358e+00 3.442152539264486499e+00 2.991865554550421358e+00 -2.125225189416807936e+01
-1.599102645748044615e+01 -9.081008086085857300e+00 -2.414533415833393537e+00 -9.081008086085857300e+00 -1.235155915274087235e+01 7.636845636883901278e+00 -2.414533415833393537e+00 7.636845636883901278e+00 -2.414439545799587350e+01
1.608158745087224162e+01 -2.389597073121115578e+00 -3.856965418286469660e+00 -2.389597073121115578e+00 3.083717069262705834e+01 -1.322413148861097509e+00 -3.856965418286469660e+00 -1.322413148861097509e+00 -8.232224326334357301e+00
3.727576863893448689e+01 1.226624200071361948e+01 -2.762676514121078952e+00 1.226624200071361948e+01 9.716461134052137183e+00 -2.031974148590174334e+00 -2.762676514121078952e+00 -2.031974148590174334e+00 -4.401541588569253705e+00
