-6.657822212149044461e+00 -2.959341144085037012e+00 -3.833258075551670419e-01 -2.959341144085037012e+00 -5.311523840227742710e+00 9.954415707154360415e-01 -3.833258075551670419e-01 9.954415707154360415e-01 -3.642816896476234856e+00
-1.506300046715070895e+00 -1.501164940902142808e+00 4.304665773555792718e+00 -1.501164940902142808e+00 -1.139543905282568659e+00 2.489599049820970134e+00 4.304665773555792718e+00 2.489599049820970134e+00 3.758321424041888292e+00
-1.791228549919288326e+01 3.185871265778416728e+00 2.221735505342004591e-01 3.185871265778416728e+00 -1.124903078951208002e+01 -2.008521877414253698e+00 2.221735505342004591e-01 -2.008521877414253698e+00 -1.177062274822077370e+01
-1.478808801237653903e+01 -3.009713205294529459e+00 -2.186877187708464731e+00 -3.009713205294529459e+00 -1.277580656940508774e+01 2.907648581334067117e+00 -2.186877187708464731e+00 2.907648581334067117e+00 -6.147649683676077892e+00
1.769685389098983208e+00 7.711719846653338761e-01 4.426677336992164591e+00 7.711719846653338761e-01 -5.164932375731065228e+00 1.925991815251780315e+00 4.426677336992164591e+00 1.925991815251780315e+00 3.478709949823317049e-01
9.126418233497130217e+00 -4.962844410377198479e+00 -9.306202820879454496e-01 -4.962844410377198479e+00 -1.651290447455949550e+00 4.234325445505322527e+00 -9.306202820879454496e-01 4.234325445505322527e+00 1.366492154983780738e+00
-8.104530171435468944e+00 -3.284964851075707903e-01 2.919837361064894221e+00 -3.284964851075707903e-01 -1.455440534872131586e+01 2.208864466168247276e+00 2.919837361064894221e+00 2.208864466168247276e+00 -4.154952987825677013e+00
-7.955428607747641934e+00 -2.931549475951768624e+00 6.857833888085980156e-01 -2.931549475951768624e+00 -1.060980372757588697e+01 7.464655345752343463e-01 6.857833888085980156e-01 7.464655345752343463e-01 -6.835993652773604268e+00
5.888794694556345632e+00 -1.586009963314225502e+00 2.737739267442967250e+00 -1.586009963314225502e+00 -1.119321974109120266e+00 2.611973304967426746e+00 2.737739267442967250e+00 2.611973304967426746e+00 -2.285060331759974223e-02
-1.055211512722848610e+01 -3.429066767604213584e-01 1.846269304178072890e+00 -3.429066767604213584e-01 -1.946454811149563113e+01 4.746001564403901085e-01 1.846269304178072890e+00 4.746001564403901085e-01 -9.566026776076620664e+00
9.652948480430683098e-01 3.752763240873981498e+00 2.452629143881310814e+00 3.752763240873981498e+00 -6.439567043435404869e+00 -1.436787071056789822e-01 2.452629143881310814e+00 -1.436787071056789822e-01 -2.985760370821334830e-01
-6.246666859421429407e+00 1.655378503180405358e+00 -4.489441100604791846e-01 1.655378503180405358e+00 -7.923026952674874224e+00 -6.426051714858095620e-02 -4.489441100604791846e-01 -6.426051714858095620e-02 -4.299896145883931098e+00
-4.154137410131188979e+00 -5.445690926019389755e-01 9.818142470990469661e-01 -5.445690926019389755e-01 -7.785506997909034332e+00 -5.834258260385867256e-01 9.818142470990469661e-01 -5.834258260385867256e-01 4.992350685833928381e-01
3.284940309893471078e+00 5.708495242859174645e+00 1.345391966148102858e+00 5.708495242859174645e+00 1.999113420389962981e+00 -1.540420234766058050e+00 1.345391966148102858e+00 -1.540420234766058050e+00 4.062653943115297928e+00
-1.282491111166749498e+01 1.315611484051717461e-01 -1.800024861381596120e+00 1.315611484051717461e-01 -8.243688224045506274e+00 -1.009918031983157549e+00 -1.800024861381596120e+00 -1.009918031983157549e+00 -1.287237995818617442e+01
-7.534533162963083619e+00 -3.959668807754481712e+00 4.045074231939479840e-03 -3.959668807754481712e+00 -1.130447881193331838e+01 2.450340778195799984e+00 4.045074231939479840e-03 2.450340778195799984e+00 -1.093828311274763543e+01
-1.081713363794204241e+01 4.260141365399118030e+00 1.121773478674984448e+00 4.260141365399118030e+00 -1.064517039946174926e+01 -7.000312739759386726e-01 1.121773478674984448e+00 -7.000312739759386726e-01 -5.351952086741913028e+00
-7.522196278719616158e-01 7.649535943444295549e-01 4.592017624180528834e+00 7.649535943444295549e-01 -1.126195375524116393e+01 -6.778019897369534918e-01 4.592017624180528834e+00 -6.778019897369534918e-01 -6.500936393501528521e+00
-1.296125336179754761e+01 4.123102867095843393e+00 1.439105662145391262e+00 4.123102867095843393e+00 -8.167848167853918540e+00 5.883875443837141006e-01 1.439105662145391262e+00 5.883875443837141006e-01 -2.025689895576186927e+01
1.655318479280172994e+01 6.099741681997419285e-01 1.587747788567091867e+00 6.099741681997419285e-01 1.146997611630533953e+01 3.135439798252105614e+00 1.587747788567091867e+00 3.135439798252105614e+00 1.563804929403055866e+01
6.702033218663374647e-01 -3.709571328423455938e+00 1.571445854190648195e+00 -3.709571328423455938e+00 1.435030497711465403e+00 -1.918392988710484470e+00 1.571445854190648195e+00 -1.918392988710484470e+00 -7.063505576553514409e+00
9.356273294637558635e+00 3.332088666964240886e+00 1.917516984841466376e+00 3.332088666964240886e+00 1.542676499611435714e+00 1.653441509908093909e+00 1.917516984841466376e+00 1.653441509908093909e+00 4.949585036237621694e+00
-5.163246238518131470e+00 1.557340457027411862e-01 2.160222638455673583e-01 1.557340457027411862e-01 -1.121739499440715448e+01 1.635803490409387440e+00 2.160222638455673583e-01 1.635803490409387440e+00 2.093210019149906120e+00
-1.360259757573355044e+00 3.275293113411241297e+00 -2.733614396440226635e+00 3.275293113411241297e+00 -5.781119767800919185e+00 -1.558648964516152757e+00 -2.733614396440226635e+00 -1.558648964516152757e+00 -4.414154588439195948e+00
-7.639180126761067058e+00 5.545901389158059969e-01 -1.887499199380073156e+00 5.545901389158059969e-01 -1.348031879362665286e+01 1.696207114798697457e+00 -1.887499199380073156e+00 1.696207114798697457e+00 -6.138711949725612627e+00
-1.382816620304000388e+01 7.826736523089521391e-01 1.914614251495134090e+00 7.826736523089521391e-01 -9.254866532566678572e+00 -1.213982320082801047e+00 1.914614251495134090e+00 -1.213982320082801047e+00 -7.799166336954520773e+00
-7.687040867636117270e+00 -8.889599916337562746e-01 -1.502720666708551756e+00 -8.889599916337562746e-01 -9.691498853217474618e+00 7.178725978802985574e-01 -1.502720666708551756e+00 7.178725978802985574e-01 7.563640856095024123e-01
1.387833797212908493e+01 -4.866127968179824737e-01 4.515821822246587125e+00 -4.866127968179824737e-01 6.655399592612510240e+00 1.882365367989911276e+00 4.515821822246587125e+00 1.882365367989911276e+00 1.945846276099364403e+01
-8.069501739792308115e+00 4.171217544443544534e-01 -2.027492773591722530e-01 4.171217544443544534e-01 -1.794878369500342785e+01 1.714280729942165404e+00 -2.027492773591722530e-01 1.714280729942165404e+00 -3.721302266592392272e+00
3.822167766765431018e+00 -1.071836321422598021e-01 -1.669316683598168316e+00 -1.071836321422598021e-01 7.894139075730532085e+00 1.642586732584585096e+00 -1.669316683598168316e+00 1.642586732584585096e+00 1.008571734506760542e+01
-1.348924499731086968e+00 3.120052714536497351e+00 3.632754749807052708e+00 3.120052714536497351e+00 -7.353457482862022943e+00 9.482616471458285012e-01 3.632754749807052708e+00 9.482616471458285012e-01 -4.290383370669399454e+00
2.323841514744281689e+00 -1.109963767714454264e+00 1.300064687546176101e+00 -1.109963767714454264e+00 -7.952376262443522137e+00 -2.214399673706062721e+00 1.300064687546176101e+00 -2.214399673706062721e+00 2.925368274909987854e+00
5.321914040087357911e+00 -2.348234468899752792e-01 3.188568345623261080e-01 -2.348234468899752792e-01 2.341729470519921807e-01 4.937671479874862435e+00 3.188568345623261080e-01 4.937671479874862435e+00 -9.926137904087716235e-01
5.147489205409506496e+00 -1.547643436068682599e+00 3.262457221381228067e-01 -1.547643436068682599e+00 -9.986111023054907720e-01 6.313172790232698395e-01 3.262457221381228067e-01 6.313172790232698395e-01 5.536460508536388339e-03
-1.287220164233969832e+01 -8.114635053346352933e+00 -1.836367438941665764e+00 -8.114635053346352933e+00 -1.693922358436674003e+01 8.688251773897738284e-01 -1.836367438941665764e+00 8.688251773897738284e-01 -8.988868900506032489e+00
-1.493235704243357809e+01 4.187752343201080474e-01 1.186013662132323843e+00 4.187752343201080474e-01 -1.939089983490958957e+01 9.716340597726952355e-01 1.186013662132323843e+00 9.716340597726952355e-01 -2.449478752424107242e+01
-2.471169962650479057e+00 -1.643426970906818774e+00 5.362957721917124276e-01 -1.643426970906818774e+00 -7.999988299325760721e+00 -2.862750556479563557e-01 5.362957721917124276e-01 -2.862750556479563557e-01 -3.765082335827794502e+00
-1.177184411622338622e+01 1.591797797767464662e+00 8.684538879445967696e-01 1.591797797767464662e+00 -4.301290185189745152e+00 -4.581758863310088081e+00 8.684538879445967696e-01 -4.581758863310088081e+00 -6.207433219513910139e+00
-1.048986454053186002e+01 1.975394309620913003e+00 5.320087936386004301e-01 1.975394309620913003e+00 -1.512456866258787436e+01 -1.022114235557033179e+00 5.320087936386004301e-01 -1.022114235557033179e+00 -1.339781314243592192e+01
-1.765607731844086814e+01 1.605114703579652247e+00 1.834137132782539814e-01 1.605114703579652247e+00 -2.218622863894938391e+01 -2.999741281955028427e+00 1.834137132782539814e-01 -2.999741281955028427e+00 -1.580515078743226098e+01
9.931050971662985782e-02 -4.483089271751728333e+00 1.340331984527511011e+00 -4.483089271751728333e+00 -6.552914289021451177e-02 -1.403603911554065498e+00 1.340331984527511011e+00 -1.403603911554065498e+00 7.902799258334172627e+00
-8.921620912719898655e+00 1.165891358520673382e+00 3.011094562491087312e-01 1.165891358520673382e+00 -8.845310613347818318e+00 -2.592660576855354559e+00 3.011094562491087312e-01 -2.592660576855354559e+00 -4.637660967678459478e+00
3.263983863698035393e+00 -5.146035694686005302e-01 -3.744959651815538693e-01 -5.146035694686005302e-01 3.609253772492379664e+00 3.368507364427812512e+00 -3.744959651815538693e-01 3.368507364427812512e+00 -1.599621786201888440e+00
7.754368484279885898e+00 5.188599978176843486e+00 -1.286352690200504245e+00 5.188599978176843486e+00 5.928682567253934721e+00 -1.855533376164728576e+00 -1.286352690200504245e+00 -1.855533376164728576e+00 1.313365200710950864e+00
1.049267217029091981e+00 -1.577629064807159587e+00 1.249508837548729323e+00 -1.577629064807159587e+00 -4.887355884964256880e+00 -5.294029410063717522e-01 1.249508837548729323e+00 -5.294029410063717522e-01 1.106372587484316217e+00
4.607653265947297072e+00 -4.591695885399155741e-01 2.591975645691737107e+00 -4.591695885399155741e-01 -4.594707639140973576e+00 -2.736399417199161910e+00 2.591975645691737107e+00 -2.736399417199161910e+00 -1.845383656350465529e+00
-1.580715724993885374e+01 6.000817286045487364e+00 1.530627325473614908e+00 6.000817286045487364e+00 -1.259962705728020005e+01 1.093824387685702337e+00 1.530627325473614908e+00 1.093824387685702337e+00 -5.650498479675714059e+00
-2.589990417593370342e+00 -1.663318641455693525e+00 2.034877551037948873e+00 -1.663318641455693525e+00 -4.912382441508508890e+00 -2.437239051438235826e+00 2.034877551037948873e+00 -2.437239051438235826e+00 -1.045985391956569011e+01
6.911156093941723810e+00 5.155248848763467784e+00 2.481362615688178508e+00 5.155248848763467784e+00 2.072266556384894098e+00 1.423473377605174006e+00 2.481362615688178508e+00 1.423473377605174006e+00 3.801695590684279313e+00
-1.023261424756618077e+01 2.599002102961895933e+00 -1.240598394142140570e-01 2.599002102961895933e+00 -1.243130558953673415e+01 -1.607434035154979624e+00 -1.240598394142140570e-01 -1.607434035154979624e+00 -1.451529770134897923e+01
