-2.265621263262574203e+01 -3.218089626100274270e+00 -6.301492759941549338e+00 -3.218089626100274270e+00 -2.030308144011210203e+01 7.637963473317047614e-01 -6.301492759941549338e+00 7.637963473317047614e-01 -2.398684259471009028e+01
2.121196777419346091e+01 -1.525475402130652913e+00 2.870013767915882141e+00 -1.525475402130652913e+00 2.926504922233701578e+01 2.196164104972380571e+00 2.870013767915882141e+00 2.196164104972380571e+00 3.278875085362832920e+01
1.361453874794723440e+01 7.315670728022332092e-01 1.147951084644935858e-02 7.315670728022332092e-01 9.912087694412381467e+00 -4.550847323565598401e+00 1.147951084644935858e-02 -4.550847323565598401e+00 1.311910051404149691e+01
-1.917850495277199085e-01 -7.108357015457709593e+00 -1.232701273012677179e+00 -7.108357015457709593e+00 2.329522285358939904e+00 1.367034278051466156e+00 -1.232701273012677179e+00 1.367034278051466156e+00 4.791402788968778803e-01
1.239204069614651543e-01 -5.720235742753540187e+00 3.677407429993329480e+00 -5.720235742753540187e+00 4.528656593723458634e+00 -1.918396171886059265e-01 3.677407429993329480e+00 -1.918396171886059265e-01 2.518511917965582381e+00
-2.089442420787410981e+01 -2.235329587357410386e+00 -1.822189025174361321e+00 -2.235329587357410386e+00 -1.339713772459006513e+01 -5.105372594138537501e+00 -1.822189025174361321e+00 -5.105372594138537501e+00 -6.870148957874158135e+00
1.960692062750658238e+01 -4.063837141029048361e+00 2.620213460589495558e+00 -4.063837141029048361e+00 1.094687828514584460e+01 -4.024064562225252217e+00 2.620213460589495558e+00 -4.024064562225252217e+00 1.362543381910226081e+01
3.653751225028048832e+00 -7.736530565186400255e-01 8.985654384281788865e+00 -7.736530565186400255e-01 -3.294232002540813387e+00 2.023498327889983628e+00 8.985654384281788865e+00 2.023498327889983628e+00 5.138621374744464454e+00
-2.354277211544568615e+01 1.214010411006402723e+00 -4.436234151123722991e-01 1.214010411006402723e+00 -2.325095791644445242e+01 -9.001035557107298857e+00 -4.436234151123722991e-01 -9.001035557107298857e+00 -3.360472264168426193e+01
-1.379681257900033842e+01 -1.180765679316317707e+00 -4.104040306785038617e+00 -1.180765679316317707e+00 -1.355729335929715873e+01 -8.455977672140072010e-02 -4.104040306785038617e+00 -8.455977672140072010e-02 -1.405379412302445452e+01
4.216072999541246702e+01 4.331444401026836033e+00 -1.680382927302897844e+00 4.331444401026836033e+00 4.779167646307796957e+01 7.311106787802608586e+00 -1.680382927302897844e+00 7.311106787802608586e+00 4.585024735027048592e+01
1.325796167302681283e+01 3.241749333988459991e+00 4.839259287014820998e+00 3.241749333988459991e+00 4.352681348413862672e+00 6.005704456431552041e-01 4.839259287014820998e+00 6.005704456431552041e-01 3.234877756745741184e+00
4.665787242519384037e+00 8.613799153254701579e+00 8.828045766316872545e+00 8.613799153254701579e+00 6.738108550419038778e+00 2.492152418308296369e+00 8.828045766316872545e+00 2.492152418308296369e+00 -6.228108681820263559e-01
3.943033668403195691e+01 -4.026259345557813951e+00 1.520200728877950658e+00 -4.026259345557813951e+00 3.962429635756958390e+01 -4.737165139199227548e-01 1.520200728877950658e+00 -4.737165139199227548e-01 4.693938810468443990e+01
4.086583014493299260e+01 -6.507320107194424219e-01 -2.044366369485370039e-01 -6.507320107194424219e-01 3.966977006779315218e+01 -2.083137367447392307e+00 -2.044366369485370039e-01 -2.083137367447392307e+00 4.690281699058103726e+01
-1.205800971891588302e+00 -9.641775514145933812e+00 -6.247424236878875270e+00 -9.641775514145933812e+00 -8.413874797129953009e+00 -7.921069781943435473e+00 -6.247424236878875270e+00 -7.921069781943435473e+00 -1.897702218668503349e+01
-9.447741322559304322e+00 3.040329151949880959e+00 3.083998793069492539e+00 3.040329151949880959e+00 -1.688674145969923757e+01 3.032270898579045859e+00 3.083998793069492539e+00 3.032270898579045859e+00 -2.985776022750982150e+01
4.648123859293323790e+01 -4.566948590359955595e+00 -9.656373653670599078e-01 -4.566948590359955595e+00 4.589379622712992557e+01 1.070565809138009028e+00 -9.656373653670599078e-01 1.070565809138009028e+00 5.901353476338932325e+01
1.386519982649559601e+01 -2.507735920620135950e+00 -5.359836255064255317e-01 -2.507735920620135950e+00 1.400370777488398311e+01 -8.059681170365881053e-01 -5.359836255064255317e-01 -8.059681170365881053e-01 6.422645234930519642e+00
-1.410273113343251694e+01 -3.436910141303421096e+00 -4.906714634780713347e-01 -3.436910141303421096e+00 -7.514034864931312896e+00 -1.371785088391058949e+00 -4.906714634780713347e-01 -1.371785088391058949e+00 -7.205372407091853226e+00
2.571190518530399416e+01 5.399445990239311932e+00 1.685396080299107258e+00 5.399445990239311932e+00 3.211055701299301290e+01 -3.153129628523005490e+00 1.685396080299107258e+00 -3.153129628523005490e+00 3.152400126151163562e+01
2.359508699148836541e+01 2.488205798231302612e+00 4.518192770693603144e+00 2.488205798231302612e+00 1.471939960782310131e+01 8.146694449582266850e-01 4.518192770693603144e+00 8.146694449582266850e-01 2.289604304360127074e+01
6.368986325804344872e+00 -4.238348758525117277e-01 1.007541487281801595e+00 -4.238348758525117277e-01 1.532422142908981044e+01 4.855306697356461143e+00 1.007541487281801595e+00 4.855306697356461143e+00 5.100579857170234099e+00
1.136241503362647443e+01 -1.359243997234170553e+00 5.212803181633056226e+00 -1.359243997234170553e+00 1.907786906279478600e+01 2.108337581226274793e+00 5.212803181633056226e+00 2.108337581226274793e+00 2.496404747923736522e+01
3.366203326403601181e+01 -3.703835161351245020e+00 4.811015129680701108e+00 -3.703835161351245020e+00 3.451800250355041300e+01 1.064151065015886521e+00 4.811015129680701108e+00 1.064151065015886521e+00 4.002826698263515226e+01
-1.007399092458143741e+01 2.595555748996991041e-01 -5.771251121436542508e-01 2.595555748996991041e-01 -1.446938080968863183e+01 2.846238680663174758e+00 -5.771251121436542508e-01 2.846238680663174758e+00 -1.476068786981150360e+01
3.569412283673950981e+01 -1.759601109996254686e-01 -7.561312173617539933e+00 -1.759601109996254686e-01 3.268667627408176912e+01 -2.294782063019739637e-01 -7.561312173617539933e+00 -2.294782063019739637e-01 3.506510220681435186e+01
2.346746952310490020e+00 6.756150587894477200e-01 4.032350112288979105e+00 6.756150587894477200e-01 5.011128448207870179e+00 -9.761747189411915659e-01 4.032350112288979105e+00 -9.761747189411915659e-01 6.869545844119606670e+00
-2.719129176139894000e+01 -2.367718915357822418e+00 -4.761627045151662685e+00 -2.367718915357822418e+00 -2.003208526574725923e+01 2.405515576086693308e+00 -4.761627045151662685e+00 2.405515576086693308e+00 -2.663188462026260339e+01
8.258608678214233834e+00 -1.089040645437470811e+00 -4.361402687636279474e+00 -1.089040645437470811e+00 4.788333419854252426e+00 3.395306092629701844e+00 -4.361402687636279474e+00 3.395306092629701844e+00 -3.690743127970556037e-01
3.483143597730391150e+01 5.659646669582698131e+00 -1.993516142366433597e+00 5.659646669582698131e+00 3.643378541605313359e+01 -1.885138026972567493e+00 -1.993516142366433597e+00 -1.885138026972567493e+00 3.736712089495568279e+01
-5.497142266206831440e-01 3.068779125191023915e+00 -7.102064774092008426e-01 3.068779125191023915e+00 -8.830908660408367084e+00 -8.921412884847169655e-01 -7.102064774092008426e-01 -8.921412884847169655e-01 -1.273375433805903079e+01
-2.862826625706821559e+01 -4.069023939863521733e+00 1.398214285532375634e+01 -4.069023939863521733e+00 -3.425573357085678339e+01 -9.718154713952106283e-01 1.398214285532375634e+01 -9.718154713952106283e-01 -3.167855226746920039e+01
2.618019845312428817e+00 -3.426579038239915498e+00 3.087426405709480459e+00 -3.426579038239915498e+00 -4.147465752954326845e+00 -6.930371715036046654e-01 3.087426405709480459e+00 -6.930371715036046654e-01 -7.886623017903940713e+00
4.797716551086060832e+01 -4.232992647902029226e+00 3.349611490119080770e+00 -4.232992647902029226e+00 5.132939604815412338e+01 5.871747404056761432e+00 3.349611490119080770e+00 5.871747404056761432e+00 5.681259933432798448e+01
2.708072006631791240e+01 2.379181739018440656e+00 1.610323758223914048e+00 2.379181739018440656e+00 2.723203859819316364e+01 1.864546817668632395e+00 1.610323758223914048e+00 1.864546817668632395e+00 2.731437543007255897e+01
5.490785036262778585e-01 -4.217113681360769029e+00 -2.103536127553770285e+00 -4.217113681360769029e+00 8.281391148247505551e-01 3.189171924667828506e+00 -2.103536127553770285e+00 3.189171924667828506e+00 -2.182427224747602867e+00
-2.548580302938518116e+01 2.265123287511110917e+00 -7.780507909452378801e-01 2.265123287511110917e+00 -2.914783288846860287e+01 -1.028142484575579774e+00 -7.780507909452378801e-01 -1.028142484575579774e+00 -2.542185478255894893e+01
-1.224065854110236273e+01 2.369190255929129574e+00 6.520331850636162052e+00 2.369190255929129574e+00 -9.471189871770638646e+00 3.625927715173334676e+00 6.520331850636162052e+00 3.625927715173334676e+00 -9.779428496179788155e+00
1.463881466324427372e+01 -7.380049867226395222e+00 1.352013376675244238e+00 -7.380049867226395222e+00 -2.414378495535476787e+00 -2.195377976611582849e+00 1.352013376675244238e+00 -2.195377976611582849e+00 -6.415943587977633200e+00
5.009276375314287044e+00 -5.676767172635050152e+00 3.096738313291783840e+00 -5.676767172635050152e+00 3.270355751641275344e+00 9.212997917752941968e-01 3.096738313291783840e+00 9.212997917752941968e-01 6.223819559015843161e+00
1.727652257938196456e+01 7.634854863368532030e+00 1.120400393051307564e+00 7.634854863368532030e+00 2.307304335171007637e+01 5.632857590013078841e+00 1.120400393051307564e+00 5.632857590013078841e+00 2.553323900364465615e+01
1.065189794511442756e+01 3.263482653851356385e+00 -1.195610512728956465e+00 3.263482653851356385e+00 1.126480015279271640e+01 -3.955521299496657761e+00 -1.195610512728956465e+00 -3.955521299496657761e+00 1.770673964412766566e+01
5.700982226082923887e+01 -7.601019721389410400e-01 2.622103353329647391e+00 -7.601019721389410400e-01 4.965547051357836494e+01 -2.683990720216510972e+00 2.622103353329647391e+00 -2.683990720216510972e+00 4.703371322803148047e+01
2.113919189943387167e+01 1.869815160339995064e+00 -6.918356043727897919e-01 1.869815160339995064e+00 2.040060758684675690e+01 -1.055118544149693749e+00 -6.918356043727897919e-01 -1.055118544149693749e+00 2.668534917769396841e+01
2.923075930866543715e+00 -1.472944561093997962e+00 -4.690147708640692303e-01 -1.472944561093997962e+00 1.615350476205943631e+00 4.142291634912128595e-01 -4.690147708640692303e-01 4.142291634912128595e-01 5.384945177184396137e+00
-1.720218688988290623e+01 4.980341267338032729e+00 4.503939887126242603e+00 4.980341267338032729e+00 -1.256023303439468997e+01 4.245576803922412878e+00 4.503939887126242603e+00 4.245576803922412878e+00 -8.864547798646414734e+00
2.452036154436000004e+01 -1.885445403638075668e+00 4.925086445329110774e+00 -1.885445403638075668e+00 2.277795163312310933e+01 -2.684007952278065545e+00 4.925086445329110774e+00 -2.684007952278065545e+00 1.994039578057956064e+01
3.284578372335050034e+01 1.661841520665547245e+00 -3.258049146971598198e+00 1.661841520665547245e+00 4.059120827982038548e+01 2.438434706552296216e+00 -3.258049146971598198e+00 2.438434706552296216e+00 4.345714490975794320e+01
1.938766045509588665e+01 1.681394761775492297e+00 -1.782537560529753096e+00 1.681394761775492297e+00 1.216603284727545109e+01 3.138564717044450614e+00 -1.782537560529753096e+00 3.138564717044450614e+00 2.028718126433361491e+01
