1.777550753842014686e+01 1.061358039560443700e+01 -7.486821119252221379e+00 1.061358039560443700e+01 2.593838699675144710e+01 6.483640951294864507e+00 -7.486821119252221379e+00 6.483640951294864507e+00 -4.585686369052806022e+00
-3.012997230103578339e+00 -2.274859500647159471e+00 -5.497563842191015127e+00 -2.274859500647159471e+00 9.517214624585134786e+00 -3.567470049789196906e+00 -5.497563842191015127e+00 -3.567470049789196906e+00 1.772130521284785321e+00
2.124569630097955297e+01 6.007403732675128616e+00 -7.751436680392027156e+00 6.007403732675128616e+00 5.658391177357665391e+00 3.496602821656128235e+00 -7.751436680392027156e+00 3.496602821656128235e+00 -4.641602071123173801e+01
-4.947731603771065778e+01 -3.458009173001832970e+00 1.123804163356689756e+01 -3.458009173001832970e+00 -3.193968495680963926e+01 6.458549204738461391e+00 1.123804163356689756e+01 6.458549204738461391e+00 -3.543456167695089931e+01
2.438196661908594010e+01 8.916307210570479924e-01 -4.603209673390027845e+00 8.916307210570479924e-01 5.855802212589361844e+00 -5.558455921331433736e+00 -4.603209673390027845e+00 -5.558455921331433736e+00 -1.753282625069842382e+01
-2.165719340062293696e+01 7.313669752807379076e+00 -7.565138977493715444e+00 7.313669752807379076e+00 -2.157222810063126772e+01 -1.055465468919534899e+01 -7.565138977493715444e+00 -1.055465468919534899e+01 -4.002207558628840189e+01
-4.107499792503445946e+01 2.695249394539961685e+01 -1.384792988605271447e+00 2.695249394539961685e+01 -2.734024666573728268e+01 -4.996945803229476901e+00 -1.384792988605271447e+00 -4.996945803229476901e+00 -5.462762470517105839e+00
4.505268328029681690e+00 -8.118960331550837850e+00 1.181741799409529392e+01 -8.118960331550837850e+00 -5.094875034211232556e-01 1.632015579056027477e+01 1.181741799409529392e+01 1.632015579056027477e+01 -3.139770620854335803e+01
-2.591848793038276355e+01 -8.923220947674789016e+00 3.283908228170109744e+00 -8.923220947674789016e+00 -1.471822227240529912e+01 -7.581727199716329579e+00 3.283908228170109744e+00 -7.581727199716329579e+00 -2.108686634127273862e+01
-4.588176424881479676e+01 1.680935341659143489e+01 -8.613229781187393685e-01 1.680935341659143489e+01 -6.484741698961487089e+01 -2.039755716671772134e+00 -8.613229781187393685e-01 -2.039755716671772134e+00 -3.040575967934407586e+01
2.288664145464163369e+01 5.863159639914366394e+00 2.590300888517454769e+00 5.863159639914366394e+00 2.253930554702834144e+01 4.574508629413549521e+00 2.590300888517454769e+00 4.574508629413549521e+00 6.743703863982439373e+00
4.658453482645675336e+01 -4.645791569222634365e+00 3.035738581838977712e+00 -4.645791569222634365e+00 4.571871170182172506e+01 2.307322150112631309e+00 3.035738581838977712e+00 2.307322150112631309e+00 1.945072382021682955e+01
-1.793287954694237030e+01 4.871517813958629262e+00 -4.833437693226191101e+00 4.871517813958629262e+00 -1.725192530784599398e+01 -3.679357962735419818e+00 -4.833437693226191101e+00 -3.679357962735419818e+00 -2.342551247883071142e+01
-3.706534280141186599e+01 -1.550578767512152112e+01 1.274698636601462098e+01 -1.550578767512152112e+01 8.422563407366506771e-01 1.857098704708892711e+01 1.274698636601462098e+01 1.857098704708892711e+01 -5.348755071549872042e+01
4.787879309936948147e+01 1.844166741070716853e+01 -2.063015579032375424e+00 1.844166741070716853e+01 3.992175497574585563e+01 -9.031088102837468767e+00 -2.063015579032375424e+00 -9.031088102837468767e+00 -1.635394312585105681e+01
1.191369965533197295e+01 1.449858618585621883e+01 -2.056993437689845550e+01 1.449858618585621883e+01 1.283032036363003847e+01 -3.969036520797835532e+00 -2.056993437689845550e+01 -3.969036520797835532e+00 -1.191161099199628559e+01
4.034318867315816348e+00 -6.301301212660261442e+00 -2.075703278292571508e+00 -6.301301212660261442e+00 -1.613068256650836974e-01 2.216446189463579852e+00 -2.075703278292571508e+00 2.216446189463579852e+00 1.341221371319355704e+01
-7.017009319983454674e+00 2.288691635447410988e+01 1.845046286377832523e+00 2.288691635447410988e+01 -1.786366004097536120e+01 -2.444643992371223362e+01 1.845046286377832523e+00 -2.444643992371223362e+01 -3.676855058125623543e+01
-2.565240608380328080e-01 7.242693354157127672e+00 7.199281476508332389e+00 7.242693354157127672e+00 -2.060624011819328061e+01 3.585161504758964668e+00 7.199281476508332389e+00 3.585161504758964668e+00 -4.171719127075073885e+01
-1.438873412349065539e+01 1.914397499374776768e+00 6.276518067011322977e+00 1.914397499374776768e+00 -3.055330005321272413e+00 4.822811596222418729e+00 6.276518067011322977e+00 4.822811596222418729e+00 -3.050371384836272881e+01
-2.099092061216680349e+01 -2.205546775743929544e+00 -8.412762194904505719e+00 -2.205546775743929544e+00 -3.306720522150587271e+01 6.858026151270347981e+00 -8.412762194904505719e+00 6.858026151270347981e+00 -3.972811520610098768e+01
3.935504967829552925e+01 8.764721225680787597e+00 1.353394825206266416e+00 8.764721225680787597e+00 3.561538552520874390e+01 -2.810878969003419766e-03 1.353394825206266416e+00 -2.810878969003419766e-03 2.306664033677357395e+01
3.278054479654579012e+01 5.374578132954670906e+00 1.025852196079917622e+00 5.374578132954670906e+00 1.705376545732313076e+01 4.367042807691763340e-01 1.025852196079917622e+00 4.367042807691763340e-01 3.826533973098917585e+01
-1.653700073101428814e+01 -7.218759904514808312e+00 1.942252823484871938e+00 -7.218759904514808312e+00 -1.402403844436472191e+01 2.339119227132099965e+00 1.942252823484871938e+00 2.339119227132099965e+00 -3.314444889674349071e+01
2.987500143435355682e+01 8.232077651846713806e+00 -2.341218569231727997e+00 8.232077651846713806e+00 5.359900070799219662e+01 1.510761447654497935e+01 -2.341218569231727997e+00 1.510761447654497935e+01 3.854139752664440088e+00
8.090857682482418545e-01 2.158198859058086505e+00 5.581001468831030543e-01 2.158198859058086505e+00 -4.744929952048073218e+00 -3.941597269355550104e+00 5.581001468831030543e-01 -3.941597269355550104e+00 -3.099426174364086251e+01
-1.274400683596782535e+01 1.522541805279408500e+01 -1.762726245745371845e-01 1.522541805279408500e+01 -1.041508147510881166e+01 9.900954173020581450e+00 -1.762726245745371845e-01 9.900954173020581450e+00 -9.289622831773243661e+00
1.252880103260826594e+01 7.267299140261460622e-01 -3.516955808259773608e+00 7.267299140261460622e-01 1.780663492044024920e+01 -1.324586272938150511e-01 -3.516955808259773608e+00 -1.324586272938150511e-01 3.243214279964359292e+00
-3.692635507222482971e+01 1.333597413566405265e+01 8.791539651403839528e+00 1.333597413566405265e+01 -2.195620684462964078e+01 1.292927668573124134e+00 8.791539651403839528e+00 1.292927668573124134e+00 -2.627571550059474248e+01
-2.083529637783135868e+01 3.193098056068354396e+00 5.010888018388319765e+00 3.193098056068354396e+00 -2.180562492706770783e+01 9.164549618074858017e+00 5.010888018388319765e+00 9.164549618074858017e+00 -6.674335049922665064e+01
4.694757229459775516e+01 1.226572139492223812e+01 -1.072827599819253841e+01 1.226572139492223812e+01 2.892395376744554980e+01 -2.715795788893465179e+00 -1.072827599819253841e+01 -2.715795788893465179e+00 -1.064982523516735213e+01
-2.163410567606877422e+01 -6.402666577994412300e+00 -1.924248976778876186e+00 -6.402666577994412300e+00 -1.668376802731479458e+01 9.089925733297322452e+00 -1.924248976778876186e+00 9.089925733297322452e+00 -1.454645767590536032e+01
-2.961416332813702823e+01 7.415738434348269514e+00 -1.409158198502651338e+01 7.415738434348269514e+00 -2.984800637749498264e+01 5.775122381186323928e+00 -1.409158198502651338e+01 5.775122381186323928e+00 -4.173219308031891472e+01
-1.221796974990848916e+01 1.235809152051891324e+01 -1.167167618678945473e+00 1.235809152051891324e+01 -1.842144440521836790e+00 -4.310819420225540100e+00 -1.167167618678945473e+00 -4.310819420225540100e+00 -3.753401206826584513e+00
-8.945500331709910213e+00 -3.883899638218699213e+00 -9.686755690063403534e+00 -3.883899638218699213e+00 -1.363102772155389708e+01 -5.937066130916305973e+00 -9.686755690063403534e+00 -5.937066130916305973e+00 -3.884031108186855263e+00
1.271380441958050511e+01 7.416714788203626618e-01 2.338701706266570923e+00 7.416714788203626618e-01 1.390239370650181172e+01 1.897940471518412053e+00 2.338701706266570923e+00 1.897940471518412053e+00 -6.695393632673125595e+00
2.176382597018515241e+01 -1.817201280646657313e+00 6.069513999096052270e-01 -1.817201280646657313e+00 2.276133180299751757e+01 6.809496034545550636e+00 6.069513999096052270e-01 6.809496034545550636e+00 -5.636216214174476491e+00
3.590430702307186550e+01 8.229694555063840511e+00 -1.014644656309704196e+01 8.229694555063840511e+00 1.689199755001434511e+01 6.483607270932918720e-02 -1.014644656309704196e+01 6.483607270932918720e-02 -1.194002854943562220e+01
1.914589863176860751e+00 5.894829501810800565e+00 1.314044790218073189e+00 5.894829501810800565e+00 6.145527740021736740e-01 6.222444062460484419e-03 1.314044790218073189e+00 6.222444062460484419e-03 -3.323040076714791269e+01
2.374947855105886418e+01 -2.522079497195083064e+00 1.583104716015844282e+01 -2.522079497195083064e+00 1.119763168248191576e+01 1.050153547524320174e+01 1.583104716015844282e+01 1.050153547524320174e+01 -2.447036465227755286e+01
3.113986824901934369e+01 -1.137090467936100069e+01 7.000416499634746437e+00 -1.137090467936100069e+01 5.390030485818628847e+01 1.067630190482989860e+01 7.000416499634746437e+00 1.067630190482989860e+01 1.492324458188864078e+01
3.960710706263252234e+01 2.470567156916453122e+00 2.267670655732855478e-01 2.470567156916453122e+00 3.819596183097802822e+01 -3.814332924713730311e+00 2.267670655732855478e-01 -3.814332924713730311e+00 2.928406032207312215e+00
-9.916866068725394001e+00 1.023041181634488650e+00 -7.443855520719162122e+00 1.023041181634488650e+00 -1.630772886014494105e+01 -1.403501618859116951e+00 -7.443855520719162122e+00 -1.403501618859116951e+00 -8.873115895515395479e+00
1.982113815469054430e+01 2.266467004872018798e+00 -2.252704659464670556e+01 2.266467004872018798e+00 3.311202380911376508e+01 -3.124015999146841249e+00 -2.252704659464670556e+01 -3.124015999146841249e+00 9.903413441912676252e-01
2.459507032638688528e+01 -2.033367945782071473e+00 1.599500033885839656e+01 -2.033367945782071473e+00 3.926306328812818691e+01 5.043087858889867547e+00 1.599500033885839656e+01 5.043087858889867547e+00 -1.289369034129624936e+01
3.532190447329016081e+01 6.323809745951127326e+00 2.531454720453264251e+00 6.323809745951127326e+00 3.388163146578573759e+01 -6.720937755743824127e+00 2.531454720453264251e+00 -6.720937755743824127e+00 9.710317997625079300e+00
3.097138739036559585e+01 6.684132465896166941e+00 1.169486713249544252e+01 6.684132465896166941e+00 1.898912306046025478e+01 3.421900748549360216e+00 1.169486713249544252e+01 3.421900748549360216e+00 -1.719979227405148237e+01
-1.020873250097691587e+00 5.687793617093217513e+00 3.345229340428179210e+00 5.687793617093217513e+00 -3.521061575606408756e+00 -3.377397370354356720e+00 3.345229340428179210e+00 -3.377397370354356720e+00 -2.903411526039802482e+01
-1.760006089930539375e+01 3.047648768978749700e+00 9.224688058085419584e+00 3.047648768978749700e+00 -2.457348715567294661e+01 4.097782223980148686e+00 9.224688058085419584e+00 4.097782223980148686e+00 4.928792311631552403e-01
-2.015336391478046707e+01 3.763822101210702264e+00 -5.915975483428134174e-01 3.763822101210702264e+00 -2.641474646388758174e+00 -1.359741296661315380e+00 -5.915975483428134174e-01 -1.359741296661315380e+00 -6.113430844018152754e+01
-1.148288771084131099e+01 -3.278472876178570417e+00 -5.300593901439743405e+00 -3.278472876178570417e+00 -7.330207225214325106e+00 7.778212620413823331e+00 -5.300593901439743405e+00 7.778212620413823331e+00 -3.701631529242840912e+01
2.178961945513561105e+01 3.237934419986445156e-01 -3.859398187558154003e+00 3.237934419986445156e-01 1.221166773690235807e+01 -8.460970621272938530e+00 -3.859398187558154003e+00 -8.460970621272938530e+00 -2.820715587917907285e+01
-2.340449818415170213e+01 1.135282326088013072e+01 3.181702491440913327e+00 1.135282326088013072e+01 -5.602484220290678962e+01 -5.515401972343544124e+00 3.181702491440913327e+00 -5.515401972343544124e+00 1.165978635803394958e+01
5.825670969738255422e+01 4.267396181833269075e+00 4.560039211668090786e+00 4.267396181833269075e+00 2.132881379430633828e+01 8.364169748666556714e+00 4.560039211668090786e+00 8.364169748666556714e+00 -4.285790069241263822e+00
4.750043047551863573e+00 -3.813063552436157355e+00 -6.331503870550507784e+00 -3.813063552436157355e+00 8.831767441968585430e+00 -5.976704397359546839e+00 -6.331503870550507784e+00 -5.976704397359546839e+00 -2.907580634544632225e+00
2.194023499044568482e+01 8.207268930414198804e-01 -1.094938079876518522e+01 8.207268930414198804e-01 2.544936300755194125e+01 4.681447801594766922e+00 -1.094938079876518522e+01 4.681447801594766922e+00 -2.988209126174384611e+00
-3.884137646283917178e+01 7.569467439131695841e+00 1.812925847946471336e+01 7.569467439131695841e+00 -3.608161651588265784e+01 1.338627765984573337e+01 1.812925847946471336e+01 1.338627765984573337e+01 -1.871584080349476054e+01
3.648013196420916415e+01 -3.726378207293424616e+00 -2.571562236548403657e+00 -3.726378207293424616e+00 3.080458379519564716e+01 1.593149043683659372e+01 -2.571562236548403657e+00 1.593149043683659372e+01 4.593007889461013349e+00
5.430884667894228102e+01 4.407302593682143055e+00 1.446966853501891315e+01 4.407302593682143055e+00 5.217686733177406921e+01 -2.287857358628779991e+01 1.446966853501891315e+01 -2.287857358628779991e+01 3.015379878928154866e+01
-1.455094061460413890e+01 8.480224490989465735e+00 7.591656099929696921e+00 8.480224490989465735e+00 -2.207814422884325012e+01 1.514926114145094793e+01 7.591656099929696921e+00 1.514926114145094793e+01 -2.458490796647187793e+01
3.908863160524131519e+00 6.358031444262672416e+00 3.894682107439457308e+00 6.358031444262672416e+00 3.959685222903493340e+00 1.227161004648334774e+01 3.894682107439457308e+00 1.227161004648334774e+01 -4.141121791641253225e+01
3.122218354118036743e+01 2.896432277518670162e+00 -7.684336973529723558e+00 2.896432277518670162e+00 2.755765930539006803e+01 5.047920079853434494e+00 -7.684336973529723558e+00 5.047920079853434494e+00 3.678502832627273733e+01
-2.644889042636572185e+01 -1.292374595663365433e+00 -4.438659391242803842e+00 -1.292374595663365433e+00 -2.220870501050874068e+01 -1.350145894937610613e+00 -4.438659391242803842e+00 -1.350145894937610613e+00 -2.091965707289236320e+01
4.193339291694520199e+01 -8.666709256314859999e+00 1.500445656089086199e+00 -8.666709256314859999e+00 3.136161804280252241e+01 5.010781926734664715e+00 1.500445656089086199e+00 5.010781926734664715e+00 -1.373621835505651845e+01
3.079037946724357511e+01 1.845776008713165384e+00 -1.420793160454293336e+01 1.845776008713165384e+00 2.791637007699978668e+01 -2.410653553081663958e+00 -1.420793160454293336e+01 -2.410653553081663958e+00 3.603900148176486518e+00
4.034135737211698824e+01 1.596377616685667178e+01 -4.955391581836733117e+00 1.596377616685667178e+01 3.863067083994867801e+01 4.318663242233367505e+00 -4.955391581836733117e+00 4.318663242233367505e+00 2.765713486855403858e+01
2.210594256740385077e+01 -1.449821701916465777e+01 -2.491109933406174815e+00 -1.449821701916465777e+01 -1.263742101896768277e+00 -2.014380568093426760e+01 -2.491109933406174815e+00 -2.014380568093426760e+01 -4.337142259151809043e+01
2.949302072532550412e+01 1.041504269855266784e+01 6.594692078223010068e-01 1.041504269855266784e+01 1.536287379983274626e+01 -8.699350997203614710e+00 6.594692078223010068e-01 -8.699350997203614710e+00 3.103914020145990449e+01
1.233289969070858660e+01 1.494505869880500626e+01 -1.608735544469061551e+01 1.494505869880500626e+01 3.471273661112457276e-01 -1.482904215911628398e+01 -1.608735544469061551e+01 -1.482904215911628398e+01 -4.316115008630831973e+00
8.718853200320907604e+00 6.075037789948456890e+00 3.880788982920297947e+00 6.075037789948456890e+00 2.604031065954027468e+01 -8.977068694685712558e+00 3.880788982920297947e+00 -8.977068694685712558e+00 1.791172650570984004e+01
-4.107195267553966467e+00 1.193208840796865822e+01 6.359245809424123763e+00 1.193208840796865822e+01 -3.156652414402078222e+00 -1.865206005011378565e+01 6.359245809424123763e+00 -1.865206005011378565e+01 -3.605686046830053471e+01
-3.620588056592194182e+00 2.070212196715277564e+00 -3.599468098415433026e+00 2.070212196715277564e+00 1.164770039118771194e+00 -1.228190753034748184e+01 -3.599468098415433026e+00 -1.228190753034748184e+01 -1.231850531795625336e+01
3.944157117557917758e+01 1.951786922626175036e+00 5.303159986707858264e-01 1.951786922626175036e+00 4.047141967585249489e+01 1.823538806232138931e+00 5.303159986707858264e-01 1.823538806232138931e+00 8.661542763078976748e+00
1.079656040081718116e+00 9.402632846268527800e+00 -4.066669261143577074e+00 9.402632846268527800e+00 -1.009587761757542879e+01 -8.695373729953704833e-01 -4.066669261143577074e+00 -8.695373729953704833e-01 1.258714975588033624e+01
7.058205212638902104e+00 7.620054048394902857e+00 -8.580997488463335543e+00 7.620054048394902857e+00 -2.297162756491076152e+00 -2.701649479253941943e-01 -8.580997488463335543e+00 -2.701649479253941943e-01 -4.919423552155217094e-01
-4.958922690546850731e+01 -1.072230995784464014e+01 8.309512579162245061e+00 -1.072230995784464014e+01 -4.223110806382941007e+01 -1.481522900135781695e+00 8.309512579162245061e+00 -1.481522900135781695e+00 -4.807842649009617730e+01
-1.048211750598854053e+01 5.237824714880704668e+00 1.382107162070922080e+01 5.237824714880704668e+00 4.701940209365851331e+00 3.442472601668032706e+00 1.382107162070922080e+01 3.442472601668032706e+00 -5.801418049210204941e+01
3.084818996124075241e+01 -5.679702636678090499e+00 -2.467135576708838318e+00 -5.679702636678090499e+00 3.926257720015762231e+01 -1.212589634860902699e+01 -2.467135576708838318e+00 -1.212589634860902699e+01 1.750690814698985065e+01
5.787879021631921361e+00 3.898243301987843079e+00 -8.220300131371763186e+00 3.898243301987843079e+00 1.843293653522935927e+01 -6.366574497596449334e+00 -8.220300131371763186e+00 -6.366574497596449334e+00 -1.651469884775046282e+01
4.622566928856877588e+00 -8.474251326275030749e+00 -1.647525507421688928e+01 -8.474251326275030749e+00 -1.433563735254088556e+01 3.301093928362065100e+01 -1.647525507421688928e+01 3.301093928362065100e+01 -5.723763145223797011e+01
2.771267283596876752e+01 -2.475454581170468771e+01 1.303829655610585903e+01 -2.475454581170468771e+01 2.691476946767046030e+01 4.564368754784735138e+00 1.303829655610585903e+01 4.564368754784735138e+00 -1.172997113421380533e+01
1.782454876728438009e+01 2.839635491639099563e+00 -2.252590431103113078e-01 2.839635491639099563e+00 1.404436311329487630e+01 -7.909620842377358407e+00 -2.252590431103113078e-01 -7.909620842377358407e+00 -1.589686742022773913e+01
2.655039867904029194e+01 8.520650826241537246e+00 -3.917218530545136357e+00 8.520650826241537246e+00 1.594526459467362045e+01 9.096881879622666034e+00 -3.917218530545136357e+00 9.096881879622666034e+00 -7.103069061795897809e+00
-1.364392632687911444e+01 1.005586118879688051e+01 6.651151743582053300e+00 1.005586118879688051e+01 -3.692819717366676713e+01 -1.315960707829159304e+00 6.651151743582053300e+00 -1.315960707829159304e+00 1.272175962351527856e+00
1.569820009735664357e+01 -2.900202884973781980e+00 -1.075465356559271157e+01 -2.900202884973781980e+00 2.643411916146793672e+01 1.675351383683605633e+01 -1.075465356559271157e+01 1.675351383683605633e+01 -1.746056267037196719e+01
8.245008861410072498e+00 -2.204712805222397876e+00 1.000949189924818050e+01 -2.204712805222397876e+00 -2.026572340879441825e+00 -2.858179432108300055e+00 1.000949189924818050e+01 -2.858179432108300055e+00 -3.760043783812756857e+01
3.630199871478760798e+01 1.634212965185886546e+01 7.784932317361847876e-02 1.634212965185886546e+01 1.290109147488463393e+01 1.488207355737120263e+00 7.784932317361847876e-02 1.488207355737120263e+00 3.696582426734848781e+01
1.397030674005832829e+01 5.454380489666876386e+00 -1.152231739349358008e+01 5.454380489666876386e+00 -3.187553790383483854e+00 -4.192154211089088589e-01 -1.152231739349358008e+01 -4.192154211089088589e-01 -4.967699859627833092e+01
-2.097563993727057863e+01 -1.103700618731729932e+01 6.324474290752388761e+00 -1.103700618731729932e+01 -1.138989661531172004e+01 -2.807532398197826851e+00 6.324474290752388761e+00 -2.807532398197826851e+00 -3.630142577512914581e+00
-2.288239009797931800e+01 1.408262980757566041e+01 9.763886822552567679e+00 1.408262980757566041e+01 -2.743327656033682871e+01 -4.377864200484495316e-01 9.763886822552567679e+00 -4.377864200484495316e-01 -4.144580356003302768e+01
-2.449232941164572708e+01 -1.322952067502367868e+01 -2.073155161868344420e-01 -1.322952067502367868e+01 -3.764031397441614502e+01 -4.657494104422091330e-01 -2.073155161868344420e-01 -4.657494104422091330e-01 -3.775637628804882695e+01
1.525400632666210621e+00 1.488876935894872844e+01 7.391543739507886457e+00 1.488876935894872844e+01 1.706819216638519521e+01 9.488138574111560919e-01 7.391543739507886457e+00 9.488138574111560919e-01 -1.783118896960833766e+01
-1.157084860221080191e+01 2.766220840308871587e+01 -5.177825074412956141e+00 2.766220840308871587e+01 -2.164495380384013856e+01 -1.128328126553552968e+00 -5.177825074412956141e+00 -1.128328126553552968e+00 1.315142648182790630e+01
1.801456975069880073e+01 -1.369155667831408074e+00 1.481856173389479459e+01 -1.369155667831408074e+00 2.445840833794731850e+01 1.769869358508882584e+01 1.481856173389479459e+01 1.769869358508882584e+01 -2.111425242876532593e+01
-3.226937790008899043e+01 -3.288081673050706311e+00 9.204080630870166146e+00 -3.288081673050706311e+00 -1.075520287757744420e+01 3.282699072449262179e+00 9.204080630870166146e+00 3.282699072449262179e+00 -4.314092887292507328e+01
-1.243991039542717481e+01 3.653448428084105970e+00 2.021376775649900814e+00 3.653448428084105970e+00 1.513563068696618430e+01 7.260059156509399259e+00 2.021376775649900814e+00 7.260059156509399259e+00 7.820170167872943168e+00
-1.643345817236028594e+01 -4.644180692768163254e+00 -1.311252612277380258e+01 -4.644180692768163254e+00 -7.558041003612896880e+00 1.181261266780837760e+00 -1.311252612277380258e+01 1.181261266780837760e+00 -5.677392216589263185e+00
2.157602701824478686e+01 1.207116115621117203e+01 -1.677701920044350592e+00 1.207116115621117203e+01 2.448361998322433308e+01 3.229042610473497610e-01 -1.677701920044350592e+00 3.229042610473497610e-01 2.208584258063473271e+01
-3.254532351688199299e+01 -2.429918146097792331e+00 -1.221202602221882705e+00 -2.429918146097792331e+00 -2.765425156517700955e+01 4.786650457446567586e+00 -1.221202602221882705e+00 4.786650457446567586e+00 -2.015167672566801826e+01
9.283358827201487529e+00 -1.069345475359700259e+01 7.659329012739971354e+00 -1.069345475359700259e+01 -8.984067848087889940e-01 -1.256176000605225340e+01 7.659329012739971354e+00 -1.256176000605225340e+01 -4.144534324676410364e+01
