1.357037387512267834e+01 4.560273751850279389e+00 1.797135150409645732e+01 4.560273751850279389e+00 1.670741938247085301e+01 -3.178341629158117687e+00 1.797135150409645732e+01 -3.178341629158117687e+00 3.478610836437966469e+01
1.378648335785756451e+01 5.683557672986369269e+00 3.060173280184846689e+00 5.683557672986369269e+00 -1.640709354509595741e+01 1.541213160106842572e+01 3.060173280184846689e+00 1.541213160106842572e+01 2.733119796039887461e+01
-9.333977937064606323e+00 1.259456825754670994e+01 9.789872945825003114e+00 1.259456825754670994e+01 -3.280355584672913238e+01 1.007490329046664890e+01 9.789872945825003114e+00 1.007490329046664890e+01 -1.525497818416936369e+01
3.511863215715526820e+01 5.894842880069400826e-01 4.054493703576700803e+00 5.894842880069400826e-01 1.101573122029062368e+01 1.254799613046442275e+01 4.054493703576700803e+00 1.254799613046442275e+01 4.077818561314986567e+01
-4.830735711484362760e+00 -7.420643315494866776e+00 1.480665780537128162e-01 -7.420643315494866776e+00 -3.063438622205140405e+01 -1.830682959379564823e+00 1.480665780537128162e-01 -1.830682959379564823e+00 7.926330294808502153e+00
3.415462838084342589e+00 7.364838560856736827e-01 1.312449839778084604e+00 7.364838560856736827e-01 -8.845128707462398765e+00 -2.302523009576015411e+00 1.312449839778084604e+00 -2.302523009576015411e+00 4.370945754327268951e+00
1.074511251516809551e+01 5.102415580401575390e+00 -2.372692636157397450e-01 5.102415580401575390e+00 7.571760090544088495e-01 6.847193373870643640e+00 -2.372692636157397450e-01 6.847193373870643640e+00 2.417000326215677575e+01
-2.538828518511342391e+00 -8.683893160879858186e+00 -3.554107886632270619e-01 -8.683893160879858186e+00 -1.500035159585704925e+01 2.241967305000898580e+00 -3.554107886632270619e-01 2.241967305000898580e+00 1.358201468686270896e+00
7.297238699250826244e+00 3.914675724926864331e-01 7.154679598364643844e+00 3.914675724926864331e-01 -5.374661051909690457e+00 2.825688847807016568e+00 7.154679598364643844e+00 2.825688847807016568e+00 7.937861020177806815e+00
3.748932296864322211e+01 -2.254180614690121931e-01 8.944320422016646122e-01 -2.254180614690121931e-01 2.553137383820098094e+01 -3.336378921936921094e-01 8.944320422016646122e-01 -3.336378921936921094e-01 3.965388382216156771e+01
8.529916246555270476e+00 1.186745869856883395e+01 2.277725274532491184e+01 1.186745869856883395e+01 -2.379811139861694613e+01 2.244549905096738485e+01 2.277725274532491184e+01 2.244549905096738485e+01 1.314715204193294085e+01
-1.841362358604786209e+01 1.120097226780237820e+00 1.843781473500250234e+00 1.120097226780237820e+00 -3.406387135736427751e+01 5.383816623898859177e+00 1.843781473500250234e+00 5.383816623898859177e+00 -1.382388216143175086e+01
2.597781962536837952e+01 9.366485471969712151e+00 3.020712083576275742e+00 9.366485471969712151e+00 2.244026941049114043e+01 -5.670144359053750804e+00 3.020712083576275742e+00 -5.670144359053750804e+00 3.242116231556303774e+01
3.101705642198849588e+01 -2.943168294516737671e+00 -1.238287155069559997e+00 -2.943168294516737671e+00 2.552733984026822966e+01 -5.873662783542191734e-01 -1.238287155069559997e+00 -5.873662783542191734e-01 5.121365208889514520e+01
1.489157669118629279e+01 -1.593717948831771203e+00 -1.226401054233943855e+00 -1.593717948831771203e+00 3.208355942167318009e+00 3.552570203233700319e+00 -1.226401054233943855e+00 3.552570203233700319e+00 8.816810887163793353e+00
1.756793086742134946e+01 -6.602161129458459676e+00 1.044924366172268648e+01 -6.602161129458459676e+00 -2.103021159540322316e+01 4.757590110150103691e+00 1.044924366172268648e+01 4.757590110150103691e+00 4.899590380907973830e-01
-1.086403560362982912e+00 -2.410577105944208043e+00 2.020820072619936347e+00 -2.410577105944208043e+00 -1.152315429101139088e+01 2.009671311568664187e+00 2.020820072619936347e+00 2.009671311568664187e+00 7.199507394113540570e+00
3.756008441878160653e+01 1.345050152299126900e+01 2.602772166979995028e+00 1.345050152299126900e+01 4.347306219964787388e+00 -2.498058988235616784e+00 2.602772166979995028e+00 -2.498058988235616784e+00 3.782087407511548349e+01
-3.828590161279007731e+01 -7.016596148699574265e+00 -2.589002696355807487e+00 -7.016596148699574265e+00 -4.613902036112838800e+01 2.555312697413739675e-01 -2.589002696355807487e+00 2.555312697413739675e-01 -2.950614859401176204e+01
4.793793642755094453e+00 3.113136348707632450e+00 3.120518311860283944e+00 3.113136348707632450e+00 -9.569559606995081680e+00 1.292747036767806224e+00 3.120518311860283944e+00 1.292747036767806224e+00 1.338151012788687844e+01
4.613944820800882951e+01 -1.323441437242665053e+01 2.793609748165573592e+01 -1.323441437242665053e+01 2.646575214109671492e+01 -1.762273634966415159e+01 2.793609748165573592e+01 -1.762273634966415159e+01 6.149874644734278206e+01
-8.922980713174839096e+00 -8.385602293258740403e+00 -8.807150776499533817e-01 -8.385602293258740403e+00 -6.821464499812798010e+00 1.658475695849237264e+00 -8.807150776499533817e-01 1.658475695849237264e+00 8.105070605754809421e+00
1.083318684039407387e+01 -8.811326989731147918e+00 3.116030724248058714e+00 -8.811326989731147918e+00 2.386382832753179972e+00 1.201474916104010998e-01 3.116030724248058714e+00 1.201474916104010998e-01 2.223233933770299586e+01
2.312992520425924425e+01 -2.099443620435311431e+01 1.873179553924120810e+01 -2.099443620435311431e+01 -1.211507597519727852e+01 -2.509464914602684171e+00 1.873179553924120810e+01 -2.509464914602684171e+00 3.125956224275126516e+01
2.416963512943351589e+01 -2.528299194919407245e-01 9.481812733758728129e+00 -2.528299194919407245e-01 -4.893638289188421808e+00 -3.627315698510932829e-01 9.481812733758728129e+00 -3.627315698510932829e-01 9.714653993783750607e+00
2.153004365463017677e+01 -7.577939619550331685e+00 -2.571432943564254892e+00 -7.577939619550331685e+00 4.240387257686804467e+00 -3.159908164150818877e+00 -2.571432943564254892e+00 -3.159908164150818877e+00 1.940368522026253117e+01
5.782706035062549432e+00 -2.433757843620658168e+00 1.765841471752413461e-02 -2.433757843620658168e+00 -1.786919931721987709e+01 7.134912306879065413e-01 1.765841471752413461e-02 7.134912306879065413e-01 9.324394243367564172e+00
-2.527647468399466746e+01 -2.391294128550303100e+00 7.223946947719039002e+00 -2.391294128550303100e+00 -3.377074498214161480e+01 -5.458836517766381569e+00 7.223946947719039002e+00 -5.458836517766381569e+00 -2.244095539229316927e+01
4.281324434148675095e+01 -2.614544248528005266e+00 1.854921487655746937e+00 -2.614544248528005266e+00 2.408306569539379538e+01 1.462519087604087664e+00 1.854921487655746937e+00 1.462519087604087664e+00 4.477411824794914708e+01
1.017356576231029486e+01 -8.769030049010204664e+00 1.073968666003784822e+00 -8.769030049010204664e+00 -6.579761040772060809e+00 6.309100814465358198e+00 1.073968666003784822e+00 6.309100814465358198e+00 1.883321044704599245e+01
-6.815633516820009064e+00 3.862979117214339286e+00 9.766237946607940756e+00 3.862979117214339286e+00 -3.099759361398833235e+01 1.631267117161800284e+00 9.766237946607940756e+00 1.631267117161800284e+00 -7.676191945874700551e+00
1.053357714109425913e+00 -3.282888060632243032e+00 1.116571168766142996e+01 -3.282888060632243032e+00 -2.922768944997173790e+01 7.598870565810790900e+00 1.116571168766142996e+01 7.598870565810790900e+00 1.969584744747957572e+01
8.694275390200019160e+00 -4.870719239345135954e+00 1.423507045553598749e+00 -4.870719239345135954e+00 -1.456350627354966321e+01 3.051156618041332980e+00 1.423507045553598749e+00 3.051156618041332980e+00 1.138480966238253878e+01
-5.969684884673650771e+00 -3.514614262524901278e+00 1.395184214495510000e+00 -3.514614262524901278e+00 -3.229454025040305964e+01 -2.639957863213477474e+00 1.395184214495510000e+00 -2.639957863213477474e+00 -1.039227538223698621e+00
2.408497368293690499e+01 -1.317780070798108660e+00 4.821077491218374256e+00 -1.317780070798108660e+00 1.398464996905630997e+01 5.317727845577401524e+00 4.821077491218374256e+00 5.317727845577401524e+00 4.930327567674208922e+01
-1.805287327523607388e+01 3.481626767980894877e-01 2.535987119857355054e+01 3.481626767980894877e-01 -4.621165363149029304e+01 6.517631187162343132e+00 2.535987119857355054e+01 6.517631187162343132e+00 7.419278346546097858e+00
1.966633531911787713e+01 4.153235798187679073e+00 7.847440351079097098e+00 4.153235798187679073e+00 -3.177688341109350834e+00 -6.778912905158411828e-01 7.847440351079097098e+00 -6.778912905158411828e-01 2.209872011012028281e+01
2.738753277009707165e+00 -4.316586208555558413e-01 7.821116574522370080e+00 -4.316586208555558413e-01 -2.172149329422460440e+01 3.753352577180126382e+00 7.821116574522370080e+00 3.753352577180126382e+00 2.881800630475662928e+00
-1.738970486239976765e+01 4.514847821569818009e+00 -1.593464033861391238e+00 4.514847821569818009e+00 -3.653625115154642344e+01 -6.942382133944734468e-01 -1.593464033861391238e+00 -6.942382133944734468e-01 -3.910792988704316997e+01
-1.823603966526198406e+01 -6.609501463065336146e+00 7.215817973369008875e+00 -6.609501463065336146e+00 -3.175413178473367282e+01 1.510222334470174843e+01 7.215817973369008875e+00 1.510222334470174843e+01 -1.873391549044671089e+00
-1.008740030634819318e+00 5.417863335518895873e+00 1.458363266939271430e+00 5.417863335518895873e+00 -1.769158699016375280e+01 -1.756740648094486712e+00 1.458363266939271430e+00 -1.756740648094486712e+00 9.537808077762546244e-01
1.075343715410743251e+01 3.493508449843286456e+00 2.901492635806731446e+00 3.493508449843286456e+00 -2.258501778526839132e+01 -3.662961793715800329e+00 2.901492635806731446e+00 -3.662961793715800329e+00 1.273072755874241935e+01
1.320991349250284053e+00 -4.176530560530767211e+00 3.233081631619049379e+00 -4.176530560530767211e+00 -9.753497402327434784e+00 3.154008724819623577e+00 3.233081631619049379e+00 3.154008724819623577e+00 2.894980903540224304e+00
1.051241305213123090e+00 -1.090184828783997473e+00 2.471560360105307996e+00 -1.090184828783997473e+00 -1.616515477944744106e+01 -3.046586711055741858e+00 2.471560360105307996e+00 -3.046586711055741858e+00 -2.674660472207194495e+00
-2.452514260799063539e+00 -5.571872831273105842e-01 5.656520731213788622e+00 -5.571872831273105842e-01 -1.286952329807868622e+01 1.427830268281408133e+00 5.656520731213788622e+00 1.427830268281408133e+00 -4.711667335736454909e+00
7.648638224929914031e+01 2.185904315726177494e+00 6.877561499586034799e+00 2.185904315726177494e+00 5.620560536261371709e+01 -3.706497258649396720e+00 6.877561499586034799e+00 -3.706497258649396720e+00 6.324722047720734963e+01
-1.833177648603886922e+01 -1.024231394333589762e+01 1.566661180656585373e+01 -1.024231394333589762e+01 -4.212790298467461270e+01 -6.628437231580674549e+00 1.566661180656585373e+01 -6.628437231580674549e+00 -4.086926679547404073e-01
1.752029329648169309e+01 -6.390785769452547171e+00 -6.292520072871903292e-01 -6.390785769452547171e+00 7.230596121885850991e+00 3.966013878392703251e+00 -6.292520072871903292e-01 3.966013878392703251e+00 2.809386992819623075e+01
2.051075587816374934e+01 6.327054077631024676e-01 2.809741112960272291e-01 6.327054077631024676e-01 -2.951553050317206051e+00 -4.228852376579069094e+00 2.809741112960272291e-01 -4.228852376579069094e+00 2.228567227238132986e+01
-4.950164342236877957e+00 -4.677907314278985026e-03 -4.753410008351533378e+00 -4.677907314278985026e-03 -1.465783803543403430e+01 -8.136736459989156733e-01 -4.753410008351533378e+00 -8.136736459989156733e-01 -4.895518200232216621e+00
4.920184286487059211e+01 -1.280416536606854194e+01 1.021696904795630445e+01 -1.280416536606854194e+01 3.691243140838556513e+01 3.629031969304810090e-01 1.021696904795630445e+01 3.629031969304810090e-01 5.115898129934547001e+01
-6.225614738643634460e+00 -4.572037085737124862e+00 3.053760743174017467e+00 -4.572037085737124862e+00 -2.638331869151976150e+01 -1.545731895852860971e+00 3.053760743174017467e+00 -1.545731895852860971e+00 -8.897060124740615583e-01
-6.665513432695840734e+00 4.642880442851589962e+00 -1.129890737439908754e+00 4.642880442851589962e+00 -8.754355319155742166e+00 -9.377662682172119846e-01 -1.129890737439908754e+00 -9.377662682172119846e-01 -2.509176042818946684e+00
2.682394874959687314e+01 -1.881802115539396425e+01 1.199288160839347128e+01 -1.881802115539396425e+01 6.837868223840656512e+00 7.465516472619892596e+00 1.199288160839347128e+01 7.465516472619892596e+00 3.604205076091557913e+01
2.560229448610648006e+01 4.558462128876128006e+00 1.374099426520504075e+01 4.558462128876128006e+00 -1.529224948854016120e+01 -1.979856083414653245e+00 1.374099426520504075e+01 -1.979856083414653245e+00 1.550084535929035923e+01
-1.426313229666328297e+01 5.740843775407782346e+00 -5.060395223438991508e-01 5.740843775407782346e+00 -3.033484648292413510e+01 -7.098006350912375417e+00 -5.060395223438991508e-01 -7.098006350912375417e+00 1.761831126251254487e+00
1.634186010959984614e+01 1.932710200860727667e+01 5.027830156049680532e+00 1.932710200860727667e+01 6.314535030693054773e-01 -6.909739792488688970e+00 5.027830156049680532e+00 -6.909739792488688970e+00 1.455309188983279256e+01
6.923930045299835356e-01 4.393398724992313653e+00 4.232749167399646240e+00 4.393398724992313653e+00 -2.369002315243726642e+01 -5.580208790307110256e+00 4.232749167399646240e+00 -5.580208790307110256e+00 1.412838091669207374e+00
2.482958059485151381e+01 6.967589215623141818e+00 3.468078419090361297e+00 6.967589215623141818e+00 1.725227564318851137e+01 -1.251775639036075249e+00 3.468078419090361297e+00 -1.251775639036075249e+00 3.932937946243671234e+01
3.362776436938796110e+01 3.013572671192505936e+00 1.001989648930258703e+01 3.013572671192505936e+00 1.594951003438998605e+01 1.136812646199554067e+01 1.001989648930258703e+01 1.136812646199554067e+01 4.906051155479372738e+01
-6.786355159746415566e-01 -9.530445643228345531e+00 5.623112423485225442e+00 -9.530445643228345531e+00 -1.480341513425932298e+01 -4.170210500982174828e+00 5.623112423485225442e+00 -4.170210500982174828e+00 1.762970540848439960e+00
1.541163701393428020e+01 -4.608942817840140371e+00 6.928950336951167799e+00 -4.608942817840140371e+00 -9.711008776370032791e+00 1.438403482357671415e+01 6.928950336951167799e+00 1.438403482357671415e+01 2.461000207083133517e+01
3.756491173046444487e+01 4.085755570659213909e+00 1.516692842103954675e+01 4.085755570659213909e+00 2.128427216984936621e+01 7.244147037887047169e+00 1.516692842103954675e+01 7.244147037887047169e+00 4.516368525268011069e+01
-1.369477493239003252e+01 -7.135015847283269430e+00 7.992438323578299197e-01 -7.135015847283269430e+00 -1.205369902564040174e+01 2.348365435931067058e+00 7.992438323578299197e-01 2.348365435931067058e+00 -1.561989534202778751e+00
2.613439155651293433e+01 6.235919486590868033e+00 1.678615862014903470e+01 6.235919486590868033e+00 -1.748317444043342306e+01 -4.720044066664304871e+00 1.678615862014903470e+01 -4.720044066664304871e+00 -4.790005172340323192e+00
6.131564059099594566e+00 2.803289557011685140e+00 -2.759453600151334562e+00 2.803289557011685140e+00 -1.032397832067379895e+01 -9.139549324900999583e-01 -2.759453600151334562e+00 -9.139549324900999583e-01 1.116420121558627798e+01
5.584063647227011984e+00 1.537507471280080917e+00 2.429877333369351522e+00 1.537507471280080917e+00 -1.466523806881778036e+01 -4.452725446127804854e-01 2.429877333369351522e+00 -4.452725446127804854e-01 1.153852122845251671e+01
-1.231974452677483534e+01 1.683081869925222662e+01 1.424777986228554916e+01 1.683081869925222662e+01 -3.501438260679611147e+01 8.482871647506987856e+00 1.424777986228554916e+01 8.482871647506987856e+00 7.172946022517714404e-01
2.121223979416946648e+01 -5.997700422690839694e+00 1.329027452094592299e+01 -5.997700422690839694e+00 2.418504081229525227e+01 -9.575464479578843502e-02 1.329027452094592299e+01 -9.575464479578843502e-02 3.568585084708239918e+01
3.215921472477114129e+00 -1.187677480327871393e+01 1.674837158856976060e+01 -1.187677480327871393e+01 -2.757109580965175866e+01 -5.356649644484287265e+00 1.674837158856976060e+01 -5.356649644484287265e+00 -3.773777720747252040e+00
-3.783732168537062535e+01 -1.446507235301359096e+01 -3.670336860133945667e+00 -1.446507235301359096e+01 -4.539961978852280566e+01 5.013032503575734822e+00 -3.670336860133945667e+00 5.013032503575734822e+00 -4.147944157515833297e+01
1.234931126144349989e+01 -1.096139115004340248e+00 5.822724993648579206e-01 -1.096139115004340248e+00 -3.461104910663742817e+00 -2.155872693968570619e+00 5.822724993648579206e-01 -2.155872693968570619e+00 1.936103980751981268e+01
-2.706412680327956366e+01 -9.871272763570198006e-01 -4.784654647716272358e+00 -9.871272763570198006e-01 -2.220779983609541830e+01 -6.618095713024372273e+00 -4.784654647716272358e+00 -6.618095713024372273e+00 -5.884010855409741225e+00
1.105515961541906478e+01 5.039109039233237830e+00 1.550927935576794781e+01 5.039109039233237830e+00 -9.195849846867918842e+00 -7.714691828819882913e-01 1.550927935576794781e+01 -7.714691828819882913e-01 2.384133610191686614e+01
3.031749924861290424e+01 -1.226507745416746076e+01 2.875197279414804186e+00 -1.226507745416746076e+01 1.685217889367663702e+01 -5.492038944101679254e-01 2.875197279414804186e+00 -5.492038944101679254e-01 2.737036668039729648e+01
-1.007645712652492875e+01 4.181220586384029936e+00 1.092488449108573256e+01 4.181220586384029936e+00 -3.484547479669280534e+01 -8.989663443245255792e+00 1.092488449108573256e+01 -8.989663443245255792e+00 -5.036736751736776263e+00
5.698616806761843456e+00 6.378867276392268693e+00 4.542034029213263047e+00 6.378867276392268693e+00 -2.389122103944433562e+01 3.485969514254354529e-01 4.542034029213263047e+00 3.485969514254354529e-01 -3.477862608407251699e-01
3.549360834580002511e+00 -1.832865250154969428e-01 2.182934913634070884e-01 -1.832865250154969428e-01 -1.860401960730910798e+00 -7.834649399970096795e+00 2.182934913634070884e-01 -7.834649399970096795e+00 1.239520470299982868e+01
6.784078589828846262e+00 2.675330835149277497e+00 1.920231075332646364e+00 2.675330835149277497e+00 -7.123733181314247709e+00 1.567609322700286301e-01 1.920231075332646364e+00 1.567609322700286301e-01 1.049208437802414551e+01
-4.666874229526872142e+01 9.115498146970365312e+00 9.852620576894150162e+00 9.115498146970365312e+00 -8.159975253358217628e+01 -4.591361691656475341e-01 9.852620576894150162e+00 -4.591361691656475341e-01 -3.293379572241031639e+01
-3.517391291727800962e+01 7.660738949023839783e-01 -1.181888300398918457e+00 7.660738949023839783e-01 -6.956400511297452738e+01 1.302835289443323941e+00 -1.181888300398918457e+00 1.302835289443323941e+00 -4.029619949164692372e+01
-1.461667945483369868e+00 -2.400301191264075484e+00 1.818569909020432362e+00 -2.400301191264075484e+00 -1.316039540768833049e+01 3.074013922920352471e+00 1.818569909020432362e+00 3.074013922920352471e+00 9.569797506059456893e+00
5.689998726515491256e+01 3.685472202789886076e+00 7.397033484027640604e+00 3.685472202789886076e+00 5.563740798211830452e+01 -1.307518418687213080e+00 7.397033484027640604e+00 -1.307518418687213080e+00 4.894989391999786932e+01
7.558707286312109197e+00 -1.634875168461326966e+00 9.486269548194877776e-01 -1.634875168461326966e+00 -1.080881137875839393e+01 2.179167030555761997e+00 9.486269548194877776e-01 2.179167030555761997e+00 1.055085129470140792e+01
1.591430006292240762e+01 6.578841787259809060e+00 2.320195612905988636e+00 6.578841787259809060e+00 -1.013240682300404139e+01 1.611884678783568114e+00 2.320195612905988636e+00 1.611884678783568114e+00 2.293842718609085551e+01
4.178326665141875651e+01 2.079882189817225946e+00 2.769570594765137894e+00 2.079882189817225946e+00 3.726782395717751939e+01 -1.997500437452581101e+00 2.769570594765137894e+00 -1.997500437452581101e+00 4.857623782154227143e+01
3.021149764832293982e+01 -1.224835346961619642e+01 5.239196336174146040e+00 -1.224835346961619642e+01 3.247592786829802236e+01 -2.919410402369440494e+00 5.239196336174146040e+00 -2.919410402369440494e+00 3.875588099253155150e+01
1.760648915337171161e+01 2.188321171898466311e+00 -3.643685973426961322e+00 2.188321171898466311e+00 7.649220603897556536e+00 -1.224041667025438374e+00 -3.643685973426961322e+00 -1.224041667025438374e+00 2.603282952701925979e+01
-2.036680565069029925e+01 1.614074507617402898e-01 3.485238020721741492e+00 1.614074507617402898e-01 -3.412078656434376711e+01 -1.580697221085358040e+00 3.485238020721741492e+00 -1.580697221085358040e+00 -2.416279168071169536e+01
8.984877887037596267e+00 -8.689769033129030040e-01 7.014903505302822140e+00 -8.689769033129030040e-01 -1.742902643413691877e+01 -4.545722388155370552e+00 7.014903505302822140e+00 -4.545722388155370552e+00 1.176752313130086414e+01
-1.426828700443949316e+01 -2.979913765111361634e+00 -2.107450117351757690e+00 -2.979913765111361634e+00 -3.208428180436776955e+01 5.566124271649179001e+00 -2.107450117351757690e+00 5.566124271649179001e+00 -1.371260912903877482e+01
-6.032461800988710543e+00 -1.172256629973116659e+01 3.806264988661976822e+00 -1.172256629973116659e+01 -2.491948353557495466e+01 2.334637430712501960e+00 3.806264988661976822e+00 2.334637430712501960e+00 -4.858649978748744713e-01
-4.629459719690120778e+01 -2.444230903406872990e+00 -3.167498049416219708e+00 -2.444230903406872990e+00 -3.783401057383267130e+01 4.067703927827295729e+00 -3.167498049416219708e+00 4.067703927827295729e+00 -2.235638765729457944e+01
-1.897741069332055730e+01 -1.855757046810910804e+00 1.423710338045089863e+01 -1.855757046810910804e+00 -4.606225453022275929e+01 1.093194620583147092e+00 1.423710338045089863e+01 1.093194620583147092e+00 -6.369701100820449824e+00
8.731237507933863995e+00 6.244093748557302703e+00 1.466696531078625965e+00 6.244093748557302703e+00 -5.110578770966850648e+00 6.051909001652940878e-01 1.466696531078625965e+00 6.051909001652940878e-01 1.554560906603694193e+01
-9.524103621634306904e+00 -6.224308986885509043e+00 2.913954038242169364e+00 -6.224308986885509043e+00 -3.825845354233354101e+01 -2.720248321105556144e+00 2.913954038242169364e+00 -2.720248321105556144e+00 -3.284750293047781877e+00
4.973566652116085152e+01 -9.245073408856844921e+00 9.059816833912893941e+00 -9.245073408856844921e+00 3.517120428450073177e+01 7.287564628524230148e-01 9.059816833912893941e+00 7.287564628524230148e-01 3.910558000004169799e+01
4.450735962329748929e+01 1.930261732018396348e+00 2.703692995895758600e+01 1.930261732018396348e+00 -2.232017040558908594e+00 -1.872481711960627182e+00 2.703692995895758600e+01 -1.872481711960627182e+00 3.151909816577719425e+01
-2.139296852743233401e+01 3.063837905948502804e+00 -2.693958241031222389e+00 3.063837905948502804e+00 -3.586783346588416066e+01 -5.153106101705589026e+00 -2.693958241031222389e+00 -5.153106101705589026e+00 -1.145634918640684141e+01
3.177413422655336461e+01 -4.988652388914033287e-02 -1.283967899337156160e+00 -4.988652388914033287e-02 1.469045734341220033e+01 1.265991702565749000e+00 -1.283967899337156160e+00 1.265991702565749000e+00 4.265059943034580670e+01
