-5.866280996489307142e+01 -1.684201640946652745e+01 8.753297922823868760e+00 -1.684201640946652745e+01 -7.686078499080025495e+01 -1.217118773411682575e+01 8.753297922823868760e+00 -1.217118773411682575e+01 -3.820260973100152313e+01
6.762996888888022795e+01 4.456655420419614266e+00 -1.187586973002332513e+01 4.456655420419614266e+00 3.576413946289665802e+01 6.923973066817398214e-01 -1.187586973002332513e+01 6.923973066817398214e-01 7.208143986975865403e+01
1.509548218325122981e+01 -7.473467414887938531e+00 -4.127045298112711258e+00 -7.473467414887938531e+00 3.121960442457726970e+00 1.951369296116092000e+00 -4.127045298112711258e+00 1.951369296116092000e+00 2.480579770619115720e+01
2.104514361982269932e+01 -1.145434765933357646e+01 1.061773927279813101e+01 -1.145434765933357646e+01 -3.422188424973100052e+00 4.966034946407583028e+00 1.061773927279813101e+01 4.966034946407583028e+00 2.504743360832905452e+01
-5.697905382379326866e+00 -3.310664472440983275e+00 -3.337068077568006164e+00 -3.310664472440983275e+00 -4.043397796571066038e+01 -2.065324014487702198e-01 -3.337068077568006164e+00 -2.065324014487702198e-01 -2.356819815090032932e+01
1.448676068859173149e+01 -8.253956529996790081e+00 -1.758258779250371617e+01 -8.253956529996790081e+00 -3.115381422416784574e+01 -3.524754741444793837e-01 -1.758258779250371617e+01 -3.524754741444793837e-01 6.524392666601288582e+00
-3.750779804610195889e+00 1.024335111414983679e+01 -3.546342504409049079e-01 1.024335111414983679e+01 -5.771239936479083177e+00 1.151115898013640226e+01 -3.546342504409049079e-01 1.151115898013640226e+01 -1.593753768063536747e+01
3.661280260174612522e+01 2.349636489385256599e+00 8.287756382010149636e+00 2.349636489385256599e+00 -1.020687844034716996e+01 1.064739174373771746e+01 8.287756382010149636e+00 1.064739174373771746e+01 4.838369184743991980e+01
-2.547602584518782365e+01 3.474462697220897844e+00 -1.204089198110624359e+01 3.474462697220897844e+00 -5.289297771663482450e+01 -3.001815549645685532e+00 -1.204089198110624359e+01 -3.001815549645685532e+00 -3.237122508834048062e+01
4.182501916504885564e+00 -9.900981524685974478e+00 4.228345300183358191e+00 -9.900981524685974478e+00 -2.856020013231287180e+01 -4.862767307556661756e+00 4.228345300183358191e+00 -4.862767307556661756e+00 -3.684563147412495132e-01
2.125511118821590983e+01 1.611541150627646601e+01 1.716861588333764344e+00 1.611541150627646601e+01 -2.756025837112496646e+01 1.616679164785989053e+00 1.716861588333764344e+00 1.616679164785989053e+00 2.136767300356076760e+01
3.801984621900556505e+01 1.888766881923538321e+01 -2.200747990903670903e+00 1.888766881923538321e+01 -3.760490596493013982e+01 -1.248364870128862947e+01 -2.200747990903670903e+00 -1.248364870128862947e+01 2.006892190428502687e+01
-5.971516605873212313e+00 -1.886769365475404214e+01 1.116884233536364590e+01 -1.886769365475404214e+01 9.019059143522834887e+00 -1.112973884936211189e+00 1.116884233536364590e+01 -1.112973884936211189e+00 -1.702011208762916894e+01
4.227351309476000907e+00 -2.953923231755227530e+00 3.352023525546458771e+00 -2.953923231755227530e+00 -1.537669977887007278e+01 -1.961454339737927377e+00 3.352023525546458771e+00 -1.961454339737927377e+00 -1.817544037945730384e+00
3.150927815288211775e+01 1.279318955339244113e+01 -1.030231524022131850e+01 1.279318955339244113e+01 -1.524937847377995537e+00 -8.233872428101538077e+00 -1.030231524022131850e+01 -8.233872428101538077e+00 2.781665054784687641e+01
9.204131504685095777e+00 9.399212275466329203e+00 -1.755012864052148558e+01 9.399212275466329203e+00 7.645114671621347502e-02 -3.484251093911165942e+00 -1.755012864052148558e+01 -3.484251093911165942e+00 -2.027268772208825354e+01
-7.907906380858937823e-01 -7.701041570385793733e+00 8.094331565667191697e+00 -7.701041570385793733e+00 -1.826011833441454613e+01 -2.592640971996565824e+01 8.094331565667191697e+00 -2.592640971996565824e+01 4.758306768526948893e+00
3.949510833305536295e+01 7.458677574074369154e+00 4.602625194197348613e+00 7.458677574074369154e+00 -7.339871876470927425e+00 -3.031590386368283419e+01 4.602625194197348613e+00 -3.031590386368283419e+01 2.383170389318745919e+01
2.594624260497778323e+01 2.353070607871281084e+01 -4.707516737904089865e+00 2.353070607871281084e+01 -2.485033215410058105e+01 -8.135659292305190249e+00 -4.707516737904089865e+00 -8.135659292305190249e+00 2.034622640816362349e+01
-3.333472720311864634e+01 1.149810821768062929e+01 2.755877144496270859e+00 1.149810821768062929e+01 -3.112653514646545361e+01 1.059025933517445894e+00 2.755877144496270859e+00 1.059025933517445894e+00 -2.492984185669856600e+01
-4.618190829102282891e+01 3.916397400732978706e+00 -6.376620747614606621e+00 3.916397400732978706e+00 -8.901014277849223788e+01 9.584580437738383196e+00 -6.376620747614606621e+00 9.584580437738383196e+00 -4.406307166763063066e+01
5.642555835709995193e+01 -1.793423800465262730e+01 -3.718657217587108654e+00 -1.793423800465262730e+01 -1.010608442943556184e+01 2.193288180370591434e+01 -3.718657217587108654e+00 2.193288180370591434e+01 4.918629383115099074e+01
-4.077515167487620573e+01 -2.123523642477857187e+00 -4.233139360137295526e+00 -2.123523642477857187e+00 -5.350500260783586270e+01 1.455023222691665552e+01 -4.233139360137295526e+00 1.455023222691665552e+01 -4.238304419423538860e+01
1.870654209781870847e+01 -6.572807188820664059e+00 -3.514285034736407631e+00 -6.572807188820664059e+00 1.638415126780185815e+01 7.172595467461490237e+00 -3.514285034736407631e+00 7.172595467461490237e+00 2.403832613107987015e+01
7.235231707900115161e+00 4.711630850527486203e+00 3.318426989059273247e-01 4.711630850527486203e+00 -4.936985488613962048e+01 4.642184775056444224e+00 3.318426989059273247e-01 4.642184775056444224e+00 -6.675740613600983586e+00
7.180787311152022845e+00 -3.842021541182337963e+00 -4.144782648763952970e+00 -3.842021541182337963e+00 -4.334679968878452172e+01 6.778642191952253704e+00 -4.144782648763952970e+00 6.778642191952253704e+00 1.681536319110180089e-02
3.273167652559826024e+01 -1.414621669321543207e+00 1.845893737187214168e+00 -1.414621669321543207e+00 3.449248442149539784e+01 -4.671486943585608564e+00 1.845893737187214168e+00 -4.671486943585608564e+00 3.274418369379785787e+01
2.746558634870007953e+00 -9.191655374507991638e+00 -1.583154919035214825e-01 -9.191655374507991638e+00 -6.456429639475678073e+01 -8.223409724235224427e-01 -1.583154919035214825e-01 -8.223409724235224427e-01 4.700189710031513535e+00
3.554720903376450991e+01 5.014995555237113045e+00 1.781976847132052200e+01 5.014995555237113045e+00 -2.939590600659013897e-01 1.244568779990910379e+01 1.781976847132052200e+01 1.244568779990910379e+01 2.396662279042193333e+01
-1.588044927477021595e+01 -7.294898078533987196e+00 -8.508268545461746157e+00 -7.294898078533987196e+00 -1.527839871515152481e+01 -7.454326574056101551e-01 -8.508268545461746157e+00 -7.454326574056101551e-01 -2.540694638038985786e+01
-4.339429258964554670e+00 -3.542063563597659392e+00 1.372683278950493913e+00 -3.542063563597659392e+00 -3.574978194816829102e+01 -7.691793472352424388e+00 1.372683278950493913e+00 -7.691793472352424388e+00 -2.187495303519869339e+01
-1.351974113720999959e+01 1.273278373332608560e+01 -9.254291134672126162e+00 1.273278373332608560e+01 -4.551585561073232356e+01 9.220357367449150132e-01 -9.254291134672126162e+00 9.220357367449150132e-01 -2.602056714779817170e+01
1.556033937620136065e+01 1.180404697797746039e+01 -9.847498946646233264e+00 1.180404697797746039e+01 -7.780290301002429132e+00 1.392624132248684310e+00 -9.847498946646233264e+00 1.392624132248684310e+00 1.236317392965332829e+01
3.268323167911212579e+01 -3.919414951563161331e+00 8.288470467526311225e+00 -3.919414951563161331e+00 3.011275915393306590e+01 7.738170294136515359e+00 8.288470467526311225e+00 7.738170294136515359e+00 2.535846725456381634e+01
-3.003914795175539254e+01 2.265010702585041003e+01 9.070083541638739533e+00 2.265010702585041003e+01 -2.935574266032125479e+01 -3.452966386056619541e+00 9.070083541638739533e+00 -3.452966386056619541e+00 -2.286108191563596392e+01
1.042923505241043181e+01 -2.107577371459346693e+01 -2.942937775955986712e+00 -2.107577371459346693e+01 -4.582765710656383717e+00 -4.564842149027472651e+00 -2.942937775955986712e+00 -4.564842149027472651e+00 2.197645760005456950e+01
-3.656521227142418695e+01 -6.321538715368710371e+00 9.222050337117632779e+00 -6.321538715368710371e+00 -6.557913275530864894e+01 7.849286404802489514e+00 9.222050337117632779e+00 7.849286404802489514e+00 -4.801536818829527675e+01
5.081666959978099918e+00 7.148003419772075873e+00 4.970804236824673872e+00 7.148003419772075873e+00 1.689632839355872385e+00 1.135541253374939608e+01 4.970804236824673872e+00 1.135541253374939608e+01 1.780750820213705410e+01
-3.786956080138912739e+01 -7.911840648167998147e+00 1.196278287095758763e+01 -7.911840648167998147e+00 -5.777048429122127260e+01 9.393659554190557870e+00 1.196278287095758763e+01 9.393659554190557870e+00 -6.140586158789182747e+01
4.250677118449415559e+01 1.514791601689852385e+00 2.609753754240625945e+00 1.514791601689852385e+00 1.900451638109020536e+01 7.901629939491693122e+00 2.609753754240625945e+00 7.901629939491693122e+00 3.773941489931914361e+01
7.765042118259426474e+00 9.440389357786422408e+00 9.781472701037733586e+00 9.440389357786422408e+00 -3.343703980664249542e+01 -5.122188361018289449e+00 9.781472701037733586e+00 -5.122188361018289449e+00 2.273855722366662135e+01
-2.075849637542134474e+01 -1.480473752593687742e+01 -5.572545137101096557e+00 -1.480473752593687742e+01 -6.162320830582718401e+01 -5.865635716492977103e+00 -5.572545137101096557e+00 -5.865635716492977103e+00 -2.229635911191067876e+01
4.337990915138894366e+01 4.930936239152751810e+00 -2.928633352720330318e+00 4.930936239152751810e+00 -1.628751657297085487e+01 7.742146725614864167e+00 -2.928633352720330318e+00 7.742146725614864167e+00 3.154100048258792199e+01
4.649122976950162212e+01 -1.265707705206473754e+01 7.154246913006063746e-01 -1.265707705206473754e+01 5.164215484800745770e+00 7.376278095884463148e-01 7.154246913006063746e-01 7.376278095884463148e-01 2.914337119110026464e+01
5.497301764150298453e+01 -1.119589831787043543e+01 3.657405477219533463e+00 -1.119589831787043543e+01 3.033541408089324065e+01 3.166202107969173341e+00 3.657405477219533463e+00 3.166202107969173341e+00 6.022818464170136110e+01
-1.547834119371403361e+01 -5.571513444033551643e+00 -1.465330008691857699e+01 -5.571513444033551643e+00 -4.601419488026424176e+01 -1.610457634825893658e+00 -1.465330008691857699e+01 -1.610457634825893658e+00 1.303455227983427944e+00
7.618841138815394487e+00 6.412675548902917189e-02 -1.816270384207979482e+00 6.412675548902917189e-02 -5.958271980437645610e+00 3.331938686480716338e+00 -1.816270384207979482e+00 3.331938686480716338e+00 -1.017655866367763196e+01
4.297915927010255821e+00 1.386099591949161614e+01 -7.007262320539048517e+00 1.386099591949161614e+01 -4.048329315988836896e+01 -2.121106168547670201e+00 -7.007262320539048517e+00 -2.121106168547670201e+00 2.416730621815254665e+00
3.110483499442862865e+01 -1.755639932695217897e+00 -5.698057813375129399e+00 -1.755639932695217897e+00 -3.644753103689229334e+01 -1.215165497973948483e+01 -5.698057813375129399e+00 -1.215165497973948483e+01 2.190328521333809064e+01
5.073299231866988634e+01 -1.216233712349930940e+01 1.551780784346916953e+01 -1.216233712349930940e+01 -1.333373486510638983e+01 -3.915145773290700237e+00 1.551780784346916953e+01 -3.915145773290700237e+00 4.932157962471059420e+01
