2.588085827953883111e+01 -1.327132442325785888e+01 1.129393675464209856e+01 -1.327132442325785888e+01 2.273392123480766003e+01 -1.097754500914579445e+01 1.129393675464209856e+01 -1.097754500914579445e+01 1.294049662947622004e+01
-3.748121866600787655e+01 1.380962647191699411e+01 -5.361385420778934652e+00 1.380962647191699411e+01 -4.222205913738443428e+01 2.106301895134650337e+01 -5.361385420778934652e+00 2.106301895134650337e+01 -1.922164193154041456e+01
1.444968942887670238e+01 1.544099929892898615e+01 -5.649199742442934991e+00 1.544099929892898615e+01 6.450114024016452952e+00 2.662707765428105500e+00 -5.649199742442934991e+00 2.662707765428105500e+00 2.119010172641763390e+01
-2.696976155778226136e+00 5.606217996714840668e-01 -6.253525131262643200e+00 5.606217996714840668e-01 -2.542701955683285497e+00 5.250813038254565690e+00 -6.253525131262643200e+00 5.250813038254565690e+00 8.399575158177208678e+00
-1.676594747113272277e+01 -1.250061894984849609e+01 -3.494683986999957970e+00 -1.250061894984849609e+01 -1.697428761229650718e+01 6.840691902896977261e+00 -3.494683986999957970e+00 6.840691902896977261e+00 -8.480794325503255848e+00
3.451289553096557938e+01 -1.497956494823335483e+00 2.519574105600182801e+00 -1.497956494823335483e+00 4.003470255576294790e+01 -2.410064177751112702e+00 2.519574105600182801e+00 -2.410064177751112702e+00 1.342295098293479327e+01
1.680448254970280075e+01 9.824794057389016899e+00 -1.128435706853000431e+00 9.824794057389016899e+00 1.416200875238258838e+01 6.877575810801419998e+00 -1.128435706853000431e+00 6.877575810801419998e+00 1.661011840868887290e+01
5.102482363290407363e+01 1.059208625475570820e+01 8.972947797037983619e+00 1.059208625475570820e+01 5.359563584738508268e+01 -3.490879044822023047e+00 8.972947797037983619e+00 -3.490879044822023047e+00 3.516951093196832545e+01
-1.149072452549432555e+01 -7.202512307683325510e+00 8.493164896514280304e-01 -7.202512307683325510e+00 -2.153220549102488590e+01 -2.268498109031891197e+00 8.493164896514280304e-01 -2.268498109031891197e+00 -4.513537669943301012e+01
-3.328121674723622192e+01 -4.768821884969118408e+00 -6.262882478535043873e+00 -4.768821884969118408e+00 -3.140490237151713870e+01 -5.545837302814012659e+00 -6.262882478535043873e+00 -5.545837302814012659e+00 -2.369851456515298693e+01
-3.444176982979197721e+00 1.463770471180249189e+01 3.945708031064931287e+00 1.463770471180249189e+01 7.057237492635562326e+00 3.465536619574117960e+00 3.945708031064931287e+00 3.465536619574117960e+00 3.093934545686028414e+01
3.957943687078525130e+01 -1.142599445450395823e+00 -6.267433213924947566e+00 -1.142599445450395823e+00 2.218389672822397074e+01 -4.108098448855166396e+00 -6.267433213924947566e+00 -4.108098448855166396e+00 1.358036209549280926e+01
-2.962050140435019330e+01 3.304742266738911027e+00 -2.524080841246187479e+00 3.304742266738911027e+00 -1.518995591913813037e+01 1.001417464557969161e+01 -2.524080841246187479e+00 1.001417464557969161e+01 -9.551212702966813239e+00
-7.469858793424887011e+00 1.698118649877473407e+00 -3.892395019619047769e+00 1.698118649877473407e+00 -3.252921554840083829e+00 3.668606666651005099e+00 -3.892395019619047769e+00 3.668606666651005099e+00 -1.283969890709185435e+00
-7.337008701124859478e+00 9.394686595863847023e-01 -9.817586456219755398e-02 9.394686595863847023e-01 -1.544652495113528090e+01 -1.198009134524783637e+00 -9.817586456219755398e-02 -1.198009134524783637e+00 -1.055064474798798946e+00
-8.875830599270377874e+00 9.656127164786578732e+00 8.624906849574765388e+00 9.656127164786578732e+00 4.399281252223093297e+00 -7.572755824994790608e+00 8.624906849574765388e+00 -7.572755824994790608e+00 3.388921714173064537e+00
-9.459747269015986504e+00 6.907318626552065410e+00 -2.926314198481104079e+00 6.907318626552065410e+00 -2.350826823782756847e+01 1.863601298113403359e+00 -2.926314198481104079e+00 1.863601298113403359e+00 1.344365454601260801e+01
1.816526155244062224e+01 5.252285961089200761e+00 -7.738863938314437085e+00 5.252285961089200761e+00 1.398493674440639190e+01 4.959795179397941567e+00 -7.738863938314437085e+00 4.959795179397941567e+00 1.505870229079319600e+01
-2.133781497885154721e+01 -5.400939678547461043e+00 1.818264352044898668e+00 -5.400939678547461043e+00 -2.916131882009758769e+01 9.501752227795140504e-01 1.818264352044898668e+00 9.501752227795140504e-01 -2.158990285759529826e+01
-3.056888963571271844e+01 3.645274881069183959e+00 7.638829426524419652e+00 3.645274881069183959e+00 -2.626015838865098218e+01 1.394729611374562417e+00 7.638829426524419652e+00 1.394729611374562417e+00 6.275741514499214802e+00
-2.723736507680771268e+01 1.504505904435812447e+01 -4.139681117217882900e+00 1.504505904435812447e+01 -2.557032086219635048e+01 7.308541254940696952e+00 -4.139681117217882900e+00 7.308541254940696952e+00 -5.036483897193427595e+01
4.597928400709702323e+00 1.241229147226997620e+00 4.369868223915379879e+00 1.241229147226997620e+00 8.114399322544393556e+00 -1.241370343982383595e+01 4.369868223915379879e+00 -1.241370343982383595e+01 9.804099523408051908e+00
-9.316482958743914633e-01 6.581952692919073478e+00 2.708129666017733861e+00 6.581952692919073478e+00 -1.817366210696355955e+00 1.635456084107483443e+00 2.708129666017733861e+00 1.635456084107483443e+00 -2.114336869378304229e+01
6.930960643128242005e+00 7.300866330366714507e+00 -4.020602443172831109e+00 7.300866330366714507e+00 1.288030932952769048e+00 9.736648713132714406e+00 -4.020602443172831109e+00 9.736648713132714406e+00 2.317993868319230089e+01
-1.516882958646962543e+01 -2.359586065159755996e+00 -3.080223817144545517e+00 -2.359586065159755996e+00 -1.613605009177062044e+01 5.935814743167187046e+00 -3.080223817144545517e+00 5.935814743167187046e+00 -1.762949528390687637e-01
-6.702358196090782094e+00 -9.497115371199567946e+00 1.879085118011654387e+01 -9.497115371199567946e+00 -1.245619180172796270e+01 -8.352016002092888414e+00 1.879085118011654387e+01 -8.352016002092888414e+00 2.156131768268503990e+01
-3.612860197450446265e+01 6.124586537744067805e+00 -1.684651350640850964e+01 6.124586537744067805e+00 -3.237288436934120028e+01 8.459563460707672178e+00 -1.684651350640850964e+01 8.459563460707672178e+00 -6.794298684524700427e+00
5.886059431117777052e+01 7.739113344545741846e+00 7.075169316511123796e+00 7.739113344545741846e+00 5.790917576051936777e+01 1.218766924746116409e+01 7.075169316511123796e+00 1.218766924746116409e+01 3.936563375831334355e+01
-1.027807695100056584e+01 2.251402302692657997e+01 8.828385550887661637e+00 2.251402302692657997e+01 -5.291755375803187000e+00 3.189940643218918481e+01 8.828385550887661637e+00 3.189940643218918481e+01 -4.774595778562344961e+00
2.978420237022514883e+01 -6.550285730720943000e+00 -1.017377929632850098e+01 -6.550285730720943000e+00 2.123081207773375212e+01 -1.459847740108436298e+01 -1.017377929632850098e+01 -1.459847740108436298e+01 2.829277307042790213e+01
4.361259773242228732e+01 -1.087242279049942795e+01 1.417881014702228715e+00 -1.087242279049942795e+01 4.043988068534225988e+01 1.220390730433870097e+01 1.417881014702228715e+00 1.220390730433870097e+01 2.533123677878179691e+01
1.532148703598699058e+01 -5.531561741858308068e+00 7.645467584423425444e-01 -5.531561741858308068e+00 8.597332917231915062e+00 1.259259204057074255e+00 7.645467584423425444e-01 1.259259204057074255e+00 2.081155824492982021e+01
2.825577394017841470e+01 1.218170788215894795e+01 -3.856838716142998447e+00 1.218170788215894795e+01 3.728596578166482090e+01 -8.743216945405334783e+00 -3.856838716142998447e+00 -8.743216945405334783e+00 2.516273481263430156e+01
-2.845838619655825852e+01 1.895571854383613974e+00 8.120638572510747721e+00 1.895571854383613974e+00 -1.904828360859939451e+01 -3.724151789067899454e+00 8.120638572510747721e+00 -3.724151789067899454e+00 8.936777837060720486e+00
-1.593827339877031513e+01 4.591968828779378065e+00 -1.323380200056323064e+00 4.591968828779378065e+00 -3.023777783082807602e+01 3.304442399219746029e+00 -1.323380200056323064e+00 3.304442399219746029e+00 -6.455983170710107188e+00
1.014697166619408364e+01 2.244413670480219736e+01 -1.392943534245410575e+01 2.244413670480219736e+01 1.759902249566731358e+00 -2.434743157547554659e+00 -1.392943534245410575e+01 -2.434743157547554659e+00 2.476731790054163440e+00
-1.469962520821100327e+01 4.274665026657063827e+00 6.900918963698149611e+00 4.274665026657063827e+00 -1.617243763341950213e+01 8.197962453886027845e+00 6.900918963698149611e+00 8.197962453886027845e+00 -1.173667532290721027e+01
1.022813394306516166e+01 -4.115306921626494585e+00 -1.795562264080705361e+01 -4.115306921626494585e+00 2.512228950001670416e-02 6.225315816062500396e+00 -1.795562264080705361e+01 6.225315816062500396e+00 -1.934973640308074749e+01
-2.437855196180325734e+01 6.684075917941376233e+00 8.821056202015778780e+00 6.684075917941376233e+00 -2.088665093113930382e+01 -5.452580192188799302e+00 8.821056202015778780e+00 -5.452580192188799302e+00 -3.300105053702190361e+01
-3.852542140608028376e+01 -3.529058653031492909e+00 4.272229910045284740e+00 -3.529058653031492909e+00 -5.270640932106460497e+01 1.962950749034770181e+00 4.272229910045284740e+00 1.962950749034770181e+00 -5.071481305886944568e+00
-3.897932606924133125e+01 -7.702679338010051779e+00 4.365226202038807735e+00 -7.702679338010051779e+00 -4.195060305937873579e+01 -6.864543316719078359e-01 4.365226202038807735e+00 -6.864543316719078359e-01 -2.948209606493328749e+01
-9.415873916378176389e+00 1.381317046939374826e+01 -8.843358831283937960e+00 1.381317046939374826e+01 4.347843492644877905e+00 -1.154681617696077289e+01 -8.843358831283937960e+00 -1.154681617696077289e+01 3.207072696100301812e+01
4.224757156664669822e+01 5.258693509518892029e+00 -3.172887942011170637e+00 5.258693509518892029e+00 4.439812102439528729e+01 6.092492318897447134e+00 -3.172887942011170637e+00 6.092492318897447134e+00 2.896948456835339414e+01
2.153275819814182412e+01 4.211506421833760783e+00 -3.669907587415513373e+00 4.211506421833760783e+00 1.727886042429012647e+01 -1.379847159480231955e-01 -3.669907587415513373e+00 -1.379847159480231955e-01 -7.657296987037865321e+00
2.730340941079608541e+01 -1.178984389911134301e+00 -4.398498587568262508e+00 -1.178984389911134301e+00 2.648691283839959354e+01 -1.149374674880562353e+01 -4.398498587568262508e+00 -1.149374674880562353e+01 2.349515245715664946e+01
-1.229551114150605429e+01 -1.334467878182520906e+01 -6.165760552890107604e+00 -1.334467878182520906e+01 -2.637284893029333688e+01 -5.236405133107707499e+00 -6.165760552890107604e+00 -5.236405133107707499e+00 2.018428038522237955e+01
-6.838405390530924777e+00 1.312593947022963725e+01 -6.489811261498440231e+00 1.312593947022963725e+01 -3.221386009909718684e+00 -1.100303161770987970e+01 -6.489811261498440231e+00 -1.100303161770987970e+01 3.147267192816047832e+00
-7.053917559748674737e-01 9.298952728074555196e+00 4.225840648983165138e-01 9.298952728074555196e+00 1.176989614199850287e+01 4.447790552355484373e+00 4.225840648983165138e-01 4.447790552355484373e+00 1.789074830712582553e+01
7.375578187405915642e+00 3.700041946022351702e+00 -3.825644330777302482e+00 3.700041946022351702e+00 -1.208524522596394846e+01 1.114110829255133339e+01 -3.825644330777302482e+00 1.114110829255133339e+01 7.920681036882748494e+00
1.830582679328418649e+01 2.355395425394886999e+00 1.189192828064331797e+00 2.355395425394886999e+00 1.443283252514708259e+01 3.959665280276670085e+00 1.189192828064331797e+00 3.959665280276670085e+00 1.775743009360122926e+01
