2.946224440871542782e+01 6.484404191597407774e+00 -1.516638923410786322e-01 6.484404191597407774e+00 2.018634701245632002e+01 2.564421439056983942e+00 -1.516638923410786322e-01 2.564421439056983942e+00 -1.042876587918253506e+01
-3.222937636042514953e+01 2.010407113308917815e+01 -8.939971071355934384e+00 2.010407113308917815e+01 -1.788450703441427692e+01 -9.257910607839255235e+00 -8.939971071355934384e+00 -9.257910607839255235e+00 -4.572129788780816995e+01
8.877498114564099296e+01 4.175855772484040607e+00 -4.420066634553259100e-01 4.175855772484040607e+00 9.004495418156307096e+01 1.693456344079773856e+00 -4.420066634553259100e-01 1.693456344079773856e+00 6.960740588922654126e+00
-3.158350831083832411e+00 2.909309669589509539e+00 6.886670527997607927e+00 2.909309669589509539e+00 -3.665345420613591809e+00 -1.180192186444386593e+01 6.886670527997607927e+00 -1.180192186444386593e+01 -3.204948638221267032e+01
-2.414968662998609972e+01 2.965475189360855524e+00 -7.020528237361490120e+00 2.965475189360855524e+00 -2.560271862501669560e+01 -6.713250879678088090e+00 -7.020528237361490120e+00 -6.713250879678088090e+00 -5.780855499833251798e+01
-1.461565662110704933e+00 1.641144777269603594e+01 -6.103948707159217335e+00 1.641144777269603594e+01 -7.648576241334228420e+00 1.104687450404709992e+01 -6.103948707159217335e+00 1.104687450404709992e+01 -2.150455278057215480e+01
-1.010683991129096526e+01 9.263339029841732852e+00 8.895615114510221133e+00 9.263339029841732852e+00 -5.725604850002979695e+00 -6.099422205158873567e+00 8.895615114510221133e+00 -6.099422205158873567e+00 -3.802024360430748118e+01
-3.814078920583098053e+00 8.158617695951329907e+00 -4.063238928327940869e+00 8.158617695951329907e+00 -6.768582059735695822e+00 -7.390652160493174527e+00 -4.063238928327940869e+00 -7.390652160493174527e+00 -6.721056806308307152e+00
-6.138690095297945071e+00 -3.638039191393198091e-01 -1.162319324529504261e+00 -3.638039191393198091e-01 -1.295878761058031969e+01 -1.190845573111412747e+01 -1.162319324529504261e+00 -1.190845573111412747e+01 1.383516556241881901e+01
-8.078206179921046726e+00 -1.129181674152436443e+01 -9.789617768851607948e+00 -1.129181674152436443e+01 1.083406447287572050e+01 2.785313882219818460e+00 -9.789617768851607948e+00 2.785313882219818460e+00 -1.385829190359620000e+01
2.939934438008690876e+01 1.223409406995364357e+01 -4.400127796846139971e-01 1.223409406995364357e+01 2.400401427883636174e+01 -7.129640633005136507e+00 -4.400127796846139971e-01 -7.129640633005136507e+00 3.049796414420910295e+01
-1.172997847709094721e+01 2.102418092738664424e+00 1.597116769230636812e+01 2.102418092738664424e+00 6.669879911309178233e+00 9.891787492197787302e+00 1.597116769230636812e+01 9.891787492197787302e+00 -3.425358618153070012e+01
-4.322819734380880163e+01 9.445180515744457495e+00 1.392547617135752525e+01 9.445180515744457495e+00 -1.553026783475296568e+01 -7.014094518470729511e+00 1.392547617135752525e+01 -7.014094518470729511e+00 3.596652158471775884e-01
5.206600633815774160e+01 2.047311329959345372e+01 -1.139062838453457127e+00 2.047311329959345372e+01 5.850629774581798159e+01 -1.304704757415531802e+01 -1.139062838453457127e+00 -1.304704757415531802e+01 9.515984500523037681e+00
-3.419795795052123566e+01 7.092476999405213922e-01 -2.131840739701984067e+00 7.092476999405213922e-01 -4.434990434617472488e+01 -6.016933714622278551e+00 -2.131840739701984067e+00 -6.016933714622278551e+00 -1.883783861366489987e+01
-1.535016904066294430e+01 4.137451734201322395e+00 -3.723955253525438991e+00 4.137451734201322395e+00 -2.085122387570204339e+01 1.925426527766681550e+00 -3.723955253525438991e+00 1.925426527766681550e+00 -3.274000559881392380e+00
3.486867119533270198e+01 5.771622272962874334e+00 -5.311055441279681766e+00 5.771622272962874334e+00 3.734773073407504285e+01 -3.112070983430017534e+00 -5.311055441279681766e+00 -3.112070983430017534e+00 4.281493533434249099e-01
-6.209824521029259969e+00 6.270324375908635339e+00 3.631770913898988429e+00 6.270324375908635339e+00 -1.253916694483019256e+01 -3.380633684627822877e+00 3.631770913898988429e+00 -3.380633684627822877e+00 -5.231107712710059587e+01
-4.027051995238464599e+01 1.294635689894788122e+01 -8.082019762885822800e+00 1.294635689894788122e+01 -4.395552242471981685e+01 -1.436008473545993813e-01 -8.082019762885822800e+00 -1.436008473545993813e-01 -6.228142261409611535e+01
1.237408347366321770e+01 7.671013404290560445e+00 1.008070400945496559e+01 7.671013404290560445e+00 2.235321545630349149e+01 -1.644982087555455408e+01 1.008070400945496559e+01 -1.644982087555455408e+01 -4.485453863631063243e+00
-1.181903753821342029e+01 6.880931928506875295e+00 4.798401115805001282e+00 6.880931928506875295e+00 -1.956004860364090048e+00 1.098976809823666478e+01 4.798401115805001282e+00 1.098976809823666478e+01 -4.186314638465304938e+01
-1.177720244486031831e+01 6.372846632764409769e+00 -3.210408867709022562e+00 6.372846632764409769e+00 -3.544085956671080506e+00 9.265783495826626748e+00 -3.210408867709022562e+00 9.265783495826626748e+00 -1.905264115211619824e+01
-1.596953849058639818e+01 1.019955064782659448e+01 6.896014081835071252e-01 1.019955064782659448e+01 -1.911143970137252879e+01 5.197390217413080826e+00 6.896014081835071252e-01 5.197390217413080826e+00 -1.871352591224996686e+01
-4.842945146411669555e+01 1.302350990691562060e+01 -1.125319881076337580e+01 1.302350990691562060e+01 -1.640862497055370994e+01 -3.816694011844229184e+00 -1.125319881076337580e+01 -3.816694011844229184e+00 3.460081939045098665e+01
-2.162305512245471917e+01 -4.741218606832864335e-01 6.073709500452023846e+00 -4.741218606832864335e-01 -2.744407062666173758e+01 -6.198832156671334026e+00 6.073709500452023846e+00 -6.198832156671334026e+00 -3.948525162776424935e+01
9.328748446368234681e+01 3.170593102521915618e+00 -3.397689045250293027e+00 3.170593102521915618e+00 9.347963005999618247e+01 2.053020125062003043e+00 -3.397689045250293027e+00 2.053020125062003043e+00 1.417444823154622568e+01
5.220409844145200928e+00 8.701923915449302882e+00 -1.386463461245500461e+01 8.701923915449302882e+00 -2.451541060806582806e+01 1.341640735410740026e+00 -1.386463461245500461e+01 1.341640735410740026e+00 -4.502034944400650573e+01
5.394254921645106116e+00 -3.315636241011445051e+00 1.128495926503691038e+01 -3.315636241011445051e+00 1.082608075201823539e+01 -1.579159614933740130e+01 1.128495926503691038e+01 -1.579159614933740130e+01 -5.843978273627942421e+00
-2.212266863643263548e+01 -6.813384179729193413e+00 -8.683322307594286693e-01 -6.813384179729193413e+00 -9.782256418433117773e+00 9.992821211489745226e-01 -8.683322307594286693e-01 9.992821211489745226e-01 -5.344132255535738096e+01
3.801472419215481580e+01 1.409941944316149165e+00 4.043361792210458106e+00 1.409941944316149165e+00 4.122347121826437899e+01 4.500169005725767946e+00 4.043361792210458106e+00 4.500169005725767946e+00 -1.238396118746817764e+00
-2.237059298733013346e+00 -9.342840595732042175e+00 8.522500774180871153e-01 -9.342840595732042175e+00 -1.591568502670696494e+00 1.537031238603133332e+01 8.522500774180871153e-01 1.537031238603133332e+01 4.779296284635784708e+00
-1.318179881963033928e+00 -4.377788056835433927e+00 6.444419422400728126e-02 -4.377788056835433927e+00 5.938491196336022071e+00 -3.495800026522640547e+00 6.444419422400728126e-02 -3.495800026522640547e+00 1.962593123225883573e+01
2.977486037390818652e+01 1.812382339133600340e+01 5.784472895688559824e+00 1.812382339133600340e+01 1.624124496969230336e+01 -8.669646198283279759e+00 5.784472895688559824e+00 -8.669646198283279759e+00 4.523572787857800037e+00
1.256704542813052328e+01 -3.145498294796471139e+00 1.777708551253767055e+01 -3.145498294796471139e+00 -3.876130698205437142e+01 5.388431605635440214e+00 1.777708551253767055e+01 5.388431605635440214e+00 -7.172354815255997096e+01
5.590788555173003438e+00 -9.507206853616180453e+00 -8.333574914508480314e-01 -9.507206853616180453e+00 4.876374085611306697e+00 -5.734754355780144586e+00 -8.333574914508480314e-01 -5.734754355780144586e+00 1.107822031079390790e+01
8.947077388561166345e+01 3.603194844019794729e+00 1.577969948674449618e+00 3.603194844019794729e+00 9.008080486614690585e+01 3.402291090511561783e-02 1.577969948674449618e+00 3.402291090511561783e-02 8.306046015066950616e+00
-3.819590744890606260e+01 1.375600631262371287e+01 -2.907502311344908108e+00 1.375600631262371287e+01 -4.093360800213079642e+01 7.444920635479988391e+00 -2.907502311344908108e+00 7.444920635479988391e+00 -2.008291039862208294e+01
-1.924014212475844943e+01 -1.477374766175155862e+01 -1.979769712027314998e+00 -1.477374766175155862e+01 -1.686306136487493035e+01 6.205563397704358053e+00 -1.979769712027314998e+00 6.205563397704358053e+00 6.207774655787042128e+00
-1.023810299175965355e+01 1.292108689384876463e+01 1.432629526050050828e+01 1.292108689384876463e+01 -1.294033985050097613e+01 3.846407459847349664e+00 1.432629526050050828e+01 3.846407459847349664e+00 4.569487577383950061e+00
-5.452410305739237018e+00 1.005680045125115107e+00 1.491710395048207438e+01 1.005680045125115107e+00 5.705344766300004977e+00 3.432799324367259985e-01 1.491710395048207438e+01 3.432799324367259985e-01 -2.644759213599263958e+01
-2.359920093021817067e+01 -1.008280771419472588e+00 -1.692383651401867306e+00 -1.008280771419472588e+00 -1.764897318748343436e+00 -4.393026228370422004e+00 -1.692383651401867306e+00 -4.393026228370422004e+00 -4.014473281154786832e+01
2.875275304194166637e+01 -7.708521750692792551e+00 1.487978601347478502e+01 -7.708521750692792551e+00 2.871759257324353243e+01 -1.162643412678947108e+01 1.487978601347478502e+01 -1.162643412678947108e+01 -2.370167885716540024e+00
-3.278731913594818526e+00 1.251772334860606328e+01 -3.805002013637794445e+00 1.251772334860606328e+01 -5.849420853579362145e+00 -2.088382938586156090e+00 -3.805002013637794445e+00 -2.088382938586156090e+00 2.287695560067819756e+01
8.850824744533134947e+01 1.821403081392585888e+00 -4.251904141204307486e+00 1.821403081392585888e+00 8.829321559541587305e+01 -9.370786387523569738e-01 -4.251904141204307486e+00 -9.370786387523569738e-01 8.703771089743373324e+00
-1.847311893718656606e+01 1.210583508327568403e+01 -5.851145888018664643e+00 1.210583508327568403e+01 -3.564877975639304708e+01 5.106794702300382127e+00 -5.851145888018664643e+00 5.106794702300382127e+00 1.330514295137555791e+01
-2.663922117419950908e+01 -4.585900485868985577e+00 2.040251350533824226e+00 -4.585900485868985577e+00 -2.654759456442006282e+01 -1.568851417845687912e+01 2.040251350533824226e+00 -1.568851417845687912e+01 -8.590716726332766839e+00
9.621930667856504726e+01 3.804697855083068347e+00 1.338935852361128775e+00 3.804697855083068347e+00 9.587397285612938447e+01 -2.574107786023489552e+00 1.338935852361128775e+00 -2.574107786023489552e+00 1.687773894846348455e+01
-1.305614518396271251e+01 5.908751381366126765e+00 -1.669767367344089593e+01 5.908751381366126765e+00 -2.388227786345569115e+01 -4.885810403795868950e+00 -1.669767367344089593e+01 -4.885810403795868950e+00 -2.782616091794479374e+01
1.254359546885926591e+01 1.242705143499426157e+01 1.415858749116706505e+01 1.242705143499426157e+01 4.204660959725416425e-01 1.381270093330566340e+01 1.415858749116706505e+01 1.381270093330566340e+01 -1.131195264471767992e+01
6.992087131343743822e-01 1.329912806662335001e+01 1.498270259960813178e+01 1.329912806662335001e+01 1.595509620157483788e+01 2.680004719228351817e+00 1.498270259960813178e+01 2.680004719228351817e+00 -2.412473495869105022e+01
