-4.214614470199471441e-01 4.194742525471375494e+00 1.675090616821673040e+00 4.194742525471375494e+00 -1.732497890787552564e+01 8.222324785945257730e+00 1.675090616821673040e+00 8.222324785945257730e+00 -1.474441501034692736e+00
-8.644717656993190502e-01 1.434753549202241463e-01 3.551524889744646529e+00 1.434753549202241463e-01 1.809931540270297035e+01 6.474833557981071408e+00 3.551524889744646529e+00 6.474833557981071408e+00 2.365780024513547275e+01
3.525536351170750038e+01 3.784181120863593595e+00 9.758811171685740860e+00 3.784181120863593595e+00 3.236352545246608514e+01 -9.593993373300182537e-01 9.758811171685740860e+00 -9.593993373300182537e-01 2.334705719771578103e+01
-8.685637023275631918e+00 6.378661254165342243e+00 1.447913088259711678e+01 6.378661254165342243e+00 1.258443671928021956e+01 6.079373322933185442e+00 1.447913088259711678e+01 6.079373322933185442e+00 -4.512197526028961647e+01
3.915893356926233793e+01 -2.161641498281464013e+00 -3.368228335684657182e+00 -2.161641498281464013e+00 4.406162878712652287e+01 1.157674360383965251e+01 -3.368228335684657182e+00 1.157674360383965251e+01 2.700881467627675647e+01
-2.503476836400389516e+01 1.627895975593144140e+00 -1.436439348674108984e+01 1.627895975593144140e+00 -1.224037217810708533e+01 -7.933059467310720869e+00 -1.436439348674108984e+01 -7.933059467310720869e+00 -3.806910447806497899e+01
-1.507172223982381887e+01 5.522142003612224848e-01 9.794240624212185997e-01 5.522142003612224848e-01 -1.386540417812905102e-01 3.833627412946991608e+00 9.794240624212185997e-01 3.833627412946991608e+00 7.532077852147743613e+00
-3.889600402324386863e+01 5.526058635051720458e+00 1.790025598249924244e+00 5.526058635051720458e+00 -1.747804727064395891e+01 1.687970318776417145e+01 1.790025598249924244e+00 1.687970318776417145e+01 1.695933008381704710e+01
7.541288348750936621e-02 3.887670038833218822e+00 -3.735425002384453741e+00 3.887670038833218822e+00 2.087953318858703256e+01 4.116527241474808640e+00 -3.735425002384453741e+00 4.116527241474808640e+00 -4.514664972058540826e+01
-6.079768852649096722e+00 9.735923963938272863e+00 1.900277014763992245e+00 9.735923963938272863e+00 7.757856126316187151e+00 4.099361390418342910e-01 1.900277014763992245e+00 4.099361390418342910e-01 1.952549653738141799e+01
-5.316634082463455258e+00 1.991435795227642203e+01 -9.177627358474271801e-01 1.991435795227642203e+01 -8.809743775764985685e+00 6.100170118393232199e-01 -9.177627358474271801e-01 6.100170118393232199e-01 -1.881710876258120990e+01
-7.191298196490061301e-01 2.467322672483078794e+00 -6.092534695441492509e+00 2.467322672483078794e+00 -2.269711145998222079e+01 -8.509884105186953374e-01 -6.092534695441492509e+00 -8.509884105186953374e-01 2.522023493707049369e+01
5.093690160446793413e+01 -8.931265655897627553e+00 2.559223898220665649e+00 -8.931265655897627553e+00 5.112459604478792841e+01 -1.106092919534750330e+01 2.559223898220665649e+00 -1.106092919534750330e+01 1.387106110754529276e+01
-6.078213127969824114e+01 5.497764134979770567e+00 -1.084175960926175408e+00 5.497764134979770567e+00 -7.191089815117075545e+01 5.414723127817188342e+00 -1.084175960926175408e+00 5.414723127817188342e+00 -3.753657965995262202e+01
-1.750129323949736104e+01 5.115653449036341449e+00 -1.413822696970663984e+00 5.115653449036341449e+00 5.276878966979942298e+00 4.163054465625981138e+00 -1.413822696970663984e+00 4.163054465625981138e+00 -3.293213532808409383e+01
2.606490476072646700e+01 1.279905770989840974e+01 -1.068952688642039206e+01 1.279905770989840974e+01 8.186860796850162103e+00 7.016552260497782356e+00 -1.068952688642039206e+01 7.016552260497782356e+00 -9.678675329400210359e+00
5.725725208170916858e+01 1.192166941133720748e+01 -4.185696592759761359e+00 1.192166941133720748e+01 5.192119230362290949e+01 -1.602645793273596198e+01 -4.185696592759761359e+00 -1.602645793273596198e+01 1.203087652361409532e+01
-1.045503756433762454e+01 1.613388102398154000e+00 1.099053874864731384e+01 1.613388102398154000e+00 -2.681645749753424823e+01 2.771091818130977824e+00 1.099053874864731384e+01 2.771091818130977824e+00 -5.523442952426336205e+01
-3.912057260205292408e+01 -3.153581265735951433e+00 -1.527118199935823561e+01 -3.153581265735951433e+00 -5.556204364129509088e+01 -1.187257199362763860e+00 -1.527118199935823561e+01 -1.187257199362763860e+00 -3.497672925543846012e-01
4.687405376630007936e+01 3.856594952959596423e+00 -5.316451307954608296e+00 3.856594952959596423e+00 3.981294185606750347e+01 -1.964866813310990556e+00 -5.316451307954608296e+00 -1.964866813310990556e+00 5.797850887699969036e+01
-5.820987162099527268e+01 -3.633145682884386107e-01 3.031179133163499628e+00 -3.633145682884386107e-01 -6.909349321106054731e+01 -5.017887742013986241e+00 3.031179133163499628e+00 -5.017887742013986241e+00 -1.680305026538279378e+01
-4.816567496613608057e+00 -2.523551998480644798e+01 -1.274518355459070884e+00 -2.523551998480644798e+01 -1.245257661600917842e+01 -1.874412057928443076e+01 -1.274518355459070884e+00 -1.874412057928443076e+01 -7.210973490150348653e+01
-2.033141249819133733e+01 1.548122046098688998e+01 1.427077817800818949e+01 1.548122046098688998e+01 2.840404484221399795e+00 1.534116618332348381e+01 1.427077817800818949e+01 1.534116618332348381e+01 -1.902701075629124361e+01
2.636626531552565211e+01 5.639909108364007828e+00 3.607729973638440946e+00 5.639909108364007828e+00 3.483540022824950455e+01 1.119531042029993451e+01 3.607729973638440946e+00 1.119531042029993451e+01 -4.854992296517398387e+00
1.239289442769934091e+01 -1.566030114938170792e+00 -5.287192830172274149e+00 -1.566030114938170792e+00 6.054666428716030779e+00 -2.478401412569246176e+01 -5.287192830172274149e+00 -2.478401412569246176e+01 -5.869958021599320119e+00
2.182394814536008809e+01 -6.449275364456788395e+00 -9.396257399994105697e+00 -6.449275364456788395e+00 1.864663558514628861e+01 -1.864781397551607256e+01 -9.396257399994105697e+00 -1.864781397551607256e+01 -1.383519879359845994e+00
4.187492194538521773e+01 -1.843827051591735966e+01 -2.704973068064280284e+00 -1.843827051591735966e+01 4.710886376754748994e+01 -5.113336247341149665e+00 -2.704973068064280284e+00 -5.113336247341149665e+00 8.220469038479457424e+00
1.205418209536465213e+01 1.848174703970685062e+00 5.980119142169177060e+00 1.848174703970685062e+00 1.796996751324452291e+01 -4.904818231192171751e+00 5.980119142169177060e+00 -4.904818231192171751e+00 2.967292479819444395e+01
-9.811152274069018020e+00 4.709204916372050853e+00 1.115403606845675988e+01 4.709204916372050853e+00 -2.679842003559050667e+01 -5.635321128510551780e+00 1.115403606845675988e+01 -5.635321128510551780e+00 5.188029743364558577e+00
-5.897193373734233468e+00 1.250651799808680842e+01 2.283406165146908418e+00 1.250651799808680842e+01 -2.137096623284944030e+01 2.615257723871626805e+00 2.283406165146908418e+00 2.615257723871626805e+00 -2.150696164686124945e+01
-3.109390976461920886e+01 3.397033892528539045e+00 2.082139040352143367e-01 3.397033892528539045e+00 -9.140655939650274675e+00 -5.197960054601844071e+00 2.082139040352143367e-01 -5.197960054601844071e+00 -4.405372089766336074e+01
4.191123699489608612e+01 8.333660868580279768e+00 -4.561883907097804780e+00 8.333660868580279768e+00 4.241233192051360845e+01 7.013502198293470880e-01 -4.561883907097804780e+00 7.013502198293470880e-01 2.508605933603562121e+01
-2.401996269245496141e+00 3.639914818483070302e+00 2.589957288304298721e+00 3.639914818483070302e+00 -2.282869850338362028e+01 -3.126220012560934070e+00 2.589957288304298721e+00 -3.126220012560934070e+00 -8.318331761776363464e+00
-6.999056787432267868e+01 2.313142998728943667e+01 5.682611002463620054e+00 2.313142998728943667e+01 -6.784726412961880726e+01 -9.240123904921190956e+00 5.682611002463620054e+00 -9.240123904921190956e+00 -3.628819387793122075e+01
-1.849135655692508706e+01 6.267298291635572838e+00 -6.157069672855742803e-01 6.267298291635572838e+00 -2.078006878289411574e+01 -1.621068379288385319e+00 -6.157069672855742803e-01 -1.621068379288385319e+00 -4.389568022152747062e+01
-4.243071754815891161e+00 1.322842838808259813e+01 -1.445875860413321234e+01 1.322842838808259813e+01 4.098890834716588660e-01 -4.846116581513083332e+00 -1.445875860413321234e+01 -4.846116581513083332e+00 -1.162644951064996057e+01
2.262840929363043330e+01 2.172450428367359621e+01 1.711702482043361329e+01 2.172450428367359621e+01 2.594870227452289768e+01 1.740702467199199432e+01 1.711702482043361329e+01 1.740702467199199432e+01 5.998484061217869368e+00
-4.691458067486976802e+01 8.449916272475762463e-03 -4.194922854448763339e+00 8.449916272475762463e-03 -9.566813875021683344e+00 -1.342855616818937392e+01 -4.194922854448763339e+00 -1.342855616818937392e+01 3.515650404885220581e+01
2.686712424191855675e+01 6.608514247873643832e+00 -1.225261017802638719e+01 6.608514247873643832e+00 1.236207973998600096e+01 1.198346903569867949e+00 -1.225261017802638719e+01 1.198346903569867949e+00 -3.014012397050142411e+01
2.111236867994563671e+00 2.970474899281358994e+00 1.106368266883594798e+00 2.970474899281358994e+00 -1.985956412205563382e+01 -1.620354771582617648e+00 1.106368266883594798e+00 -1.620354771582617648e+00 3.930054902221042568e+01
1.411642939324709012e+01 9.055573368647028332e+00 4.771535297224234640e+00 9.055573368647028332e+00 1.181419835647442085e+01 -1.645228672840523432e+00 4.771535297224234640e+00 -1.645228672840523432e+00 9.888381421407780536e+00
7.093935827186190757e+00 1.671471840457615698e+01 1.217198483746345872e+01 1.671471840457615698e+01 -2.613361880890154509e+01 -1.042870306638499667e+00 1.217198483746345872e+01 -1.042870306638499667e+00 3.341678533634487991e+01
-1.953928294119810616e+01 5.071085496787708813e+00 2.566397983359130919e+01 5.071085496787708813e+00 -5.037255990262834615e+01 2.002637198990016021e+00 2.566397983359130919e+01 2.002637198990016021e+00 2.311423455474698230e+01
2.741130722345174320e+01 1.190562169719746287e-02 -1.984883602771856825e+00 1.190562169719746287e-02 1.175952077821105846e+01 -2.699180317257009687e+00 -1.984883602771856825e+00 -2.699180317257009687e+00 7.641569169883931423e+00
5.348944619324862515e+01 9.248270857658047461e+00 -8.435808715517584488e+00 9.248270857658047461e+00 4.282816881919212904e+01 -1.230631717372296263e+00 -8.435808715517584488e+00 -1.230631717372296263e+00 1.073396568352750613e+01
6.948185357894091085e-01 1.232403743491485670e+01 -1.938993202037253383e+01 1.232403743491485670e+01 -2.641996287690429668e+01 1.180543106345582238e+00 -1.938993202037253383e+01 1.180543106345582238e+00 1.186422706440177954e+01
1.027291427866646067e+01 1.037035400975682897e+01 1.610276850901923185e+00 1.037035400975682897e+01 -3.911014654703102167e+00 -8.229755539390449570e+00 1.610276850901923185e+00 -8.229755539390449570e+00 2.196128316677264891e+01
-1.730589048585570566e+01 -4.925634390524180617e+00 1.147647617361056760e+01 -4.925634390524180617e+00 -3.363390805700818476e+01 3.168127637787354445e+01 1.147647617361056760e+01 3.168127637787354445e+01 -4.436363477892781848e-01
-1.469628167563762311e+01 7.721067743116433180e-01 1.247889887623436556e+00 7.721067743116433180e-01 -3.313019572141732283e+01 1.699091959879887881e+01 1.247889887623436556e+00 1.699091959879887881e+01 -8.763871167147765107e+01
-2.639126654445397335e+01 1.890015821735592239e+00 -1.063494426311553198e+01 1.890015821735592239e+00 -1.747193256331213007e+01 8.353401900005671621e+00 -1.063494426311553198e+01 8.353401900005671621e+00 -2.360652721827506539e+01
-5.043268567042255057e+01 9.288100129392555360e+00 9.293919759512018430e+00 9.288100129392555360e+00 -5.740561434202390956e+01 -5.224824040539441938e+00 9.293919759512018430e+00 -5.224824040539441938e+00 -5.124728618079910092e+01
-4.454610029844614871e+01 2.497520390735879658e+01 3.312580237008264095e-01 2.497520390735879658e+01 -1.875971665597809945e+01 -8.189140900277664059e+00 3.312580237008264095e-01 -8.189140900277664059e+00 -6.645210671301238392e+01
1.790528421256229663e+01 1.458369505425371804e+00 -8.165148622396644740e+00 1.458369505425371804e+00 1.051364142228009868e+01 -2.407809217803713153e+00 -8.165148622396644740e+00 -2.407809217803713153e+00 3.354712575781211736e+00
-4.293134841124430778e+01 -1.349457612760837977e+00 -6.599189212756015444e+00 -1.349457612760837977e+00 -1.350625529611481035e+01 2.653131136379808797e-01 -6.599189212756015444e+00 2.653131136379808797e-01 5.152657527986983865e+01
-2.245099051685292935e+01 -1.134939193568203208e+01 -5.661365721368096793e+00 -1.134939193568203208e+01 -2.777067002278894847e+01 1.602929853056872966e+00 -5.661365721368096793e+00 1.602929853056872966e+00 -1.112325126354725136e+01
1.866497216274170512e+01 1.710719676191810379e+01 1.351066792100686476e+00 1.710719676191810379e+01 1.419211939136582501e+01 1.029123549711879804e+01 1.351066792100686476e+00 1.029123549711879804e+01 -3.025701535732099856e+01
-7.166070970035360865e+00 -2.526849759207559387e+00 -6.438288600230830383e+00 -2.526849759207559387e+00 1.882021939961664003e+00 -3.980597556448745244e+00 -6.438288600230830383e+00 -3.980597556448745244e+00 -2.146870375520646945e+01
1.817964741790082783e+01 4.193367920926037939e+00 1.747033682180426206e+00 4.193367920926037939e+00 1.850287374129445439e+01 1.839586292995027739e+00 1.747033682180426206e+00 1.839586292995027739e+00 -5.500288611672825567e+00
5.007922846573954700e+01 -5.706966817394565794e+00 -4.166910906255639091e+00 -5.706966817394565794e+00 4.144064127276901388e+01 5.159915084381345274e+00 -4.166910906255639091e+00 5.159915084381345274e+00 4.057837225261964420e+01
1.103553814995800764e+01 -1.075731126332538246e+01 4.101373118691800990e+00 -1.075731126332538246e+01 -7.874474703046963953e+00 4.493410325643262482e+00 4.101373118691800990e+00 4.493410325643262482e+00 2.425902857486790509e+01
1.818120289120626154e+01 1.814214347933916827e+01 4.123634760276109645e+00 1.814214347933916827e+01 1.978628187143715422e+01 -1.791339805335600888e+00 4.123634760276109645e+00 -1.791339805335600888e+00 3.160237362763450619e+01
-3.484075009179837812e-01 -6.490254815993997894e+00 7.463589589277674463e+00 -6.490254815993997894e+00 4.135397221073475182e-01 -6.638833241792490902e+00 7.463589589277674463e+00 -6.638833241792490902e+00 -6.104036421680962832e+00
-3.112984717307116345e+00 -2.470681747948514584e+00 -1.267448710915808263e+01 -2.470681747948514584e+00 -2.040168107452561586e+01 7.487215046549939856e+00 -1.267448710915808263e+01 7.487215046549939856e+00 -4.160165653370973615e+01
-1.596849843820561965e+01 1.294102723064259663e+01 -1.648448775977945924e-01 1.294102723064259663e+01 -3.174600663211467477e+01 -2.441291348648650494e+00 -1.648448775977945924e-01 -2.441291348648650494e+00 -3.590125399144323382e+01
1.318631921143900598e+00 6.276564277949730375e+00 -1.218179210823025826e+01 6.276564277949730375e+00 -6.365127666465280498e+00 -1.280268050398328050e+01 -1.218179210823025826e+01 -1.280268050398328050e+01 -1.906127446528148894e+01
5.880179735513945793e+00 5.532450455416103807e+00 1.597597748403050311e+01 5.532450455416103807e+00 -6.417135598696045662e+00 -1.762636901310811055e+01 1.597597748403050311e+01 -1.762636901310811055e+01 7.546732551871866868e+00
1.305606119455192271e+01 -3.840131581172983033e+00 8.121185091243797061e+00 -3.840131581172983033e+00 3.583749210011123676e+00 -5.665201819784343229e+00 8.121185091243797061e+00 -5.665201819784343229e+00 -3.648662534733732343e+01
-2.969015904554537855e+01 5.782031779497120993e-01 8.932531924208340079e-01 5.782031779497120993e-01 -1.403664883458135115e+01 -1.362215319482057430e+00 8.932531924208340079e-01 -1.362215319482057430e+00 1.998541290127290893e+01
-1.588772684035959770e+01 2.710655945178875315e-01 2.337655794751490657e+00 2.710655945178875315e-01 -3.404509831670801567e+00 1.073379306338896377e+01 2.337655794751490657e+00 1.073379306338896377e+01 -2.451997724186652050e+01
-1.205844904026015030e+01 -4.981907700392564919e+00 9.821152983903703726e-01 -4.981907700392564919e+00 9.623016357014554600e+00 -1.246046548937066767e+01 9.821152983903703726e-01 -1.246046548937066767e+01 5.987707358401415547e+01
-3.163377074031105352e+00 -2.706120919297367422e+00 1.013134124399701186e+00 -2.706120919297367422e+00 3.865975145343218511e+00 6.260123091008497731e+00 1.013134124399701186e+00 6.260123091008497731e+00 2.954117984667236740e+01
3.423386431214309766e+01 -3.707475406757725800e+00 1.161972600813100698e+01 -3.707475406757725800e+00 1.695949062712767486e+01 1.391705638184057792e+00 1.161972600813100698e+01 1.391705638184057792e+00 -2.185138592503881938e+01
1.369266186053666168e+01 2.433823217306777309e+01 1.084602849684691250e+01 2.433823217306777309e+01 1.280735960399397122e+01 -9.562101301395049546e+00 1.084602849684691250e+01 -9.562101301395049546e+00 -4.246553011133981670e+01
3.608256936935850234e+01 -5.577755769438661915e+00 1.518956776618747284e+00 -5.577755769438661915e+00 3.423856749481451089e+01 5.521951378228397544e+00 1.518956776618747284e+00 5.521951378228397544e+00 1.310249285674048991e+01
-1.753258873869283363e+01 5.992265986378820131e+00 2.779641526976420085e+00 5.992265986378820131e+00 -3.413267378186731094e+01 7.283772637667534910e-01 2.779641526976420085e+00 7.283772637667534910e-01 5.459907279684259152e+00
-4.718170777815698358e+01 -2.353796298985412427e+00 -4.129908346810490904e+00 -2.353796298985412427e+00 -1.023801433586345233e+01 -1.651313731015754627e+01 -4.129908346810490904e+00 -1.651313731015754627e+01 3.194464497728937147e+01
-4.273347159260520556e+01 7.393821804335016346e+00 -6.412760724614945396e+00 7.393821804335016346e+00 -1.235638754907797221e+01 -1.384962187153212376e+01 -6.412760724614945396e+00 -1.384962187153212376e+01 3.636527724963158192e+01
4.493548390788400582e+01 -9.743970827453015460e+00 -1.908114788358259650e+00 -9.743970827453015460e+00 5.434540724990064575e+01 -6.722475297800022176e+00 -1.908114788358259650e+00 -6.722475297800022176e+00 1.544354087440768453e+01
-4.461634330591291331e+01 -6.488859789515420751e+00 8.607984817481032502e-01 -6.488859789515420751e+00 -3.488674737454149266e+01 2.295787448512001672e-01 8.607984817481032502e-01 2.295787448512001672e-01 -2.143885711820411899e+01
1.252187305846250176e+01 3.390294574910095893e+00 7.500158692072799838e+00 3.390294574910095893e+00 -4.010969662947522885e+00 2.712724213448519883e+00 7.500158692072799838e+00 2.712724213448519883e+00 2.117082361469091367e+01
-5.063927210514172117e+01 1.914323955122144483e+00 6.329279859706725020e+00 1.914323955122144483e+00 -5.918054054884382253e+01 2.689974703105954656e+00 6.329279859706725020e+00 2.689974703105954656e+00 -2.129752763040685437e+01
-4.706645674716157401e+01 -1.448067066562406524e-01 3.116268694909764658e+00 -1.448067066562406524e-01 -4.638493815880645244e+00 6.803297783731781401e+00 3.116268694909764658e+00 6.803297783731781401e+00 4.826774704053565301e+01
-1.605724607690462591e+01 4.072112169698050010e+00 1.425986847455580175e+01 4.072112169698050010e+00 -4.291741815225488255e-01 9.944826831420957580e-01 1.425986847455580175e+01 9.944826831420957580e-01 -5.011795915020116610e+01
3.974665055929947499e+01 1.683409254794594245e+00 -9.488352577254392628e+00 1.683409254794594245e+00 3.477010764690469813e+01 -2.438596577434781310e+00 -9.488352577254392628e+00 -2.438596577434781310e+00 2.711786883054355002e+01
5.913074934431411123e+01 3.054051050142809753e+00 -4.819652903202282346e+00 3.054051050142809753e+00 5.823514002989626448e+01 -3.667708569302097210e+00 -4.819652903202282346e+00 -3.667708569302097210e+00 1.142468957445947453e+01
3.822334936772159608e+01 1.508847274538875460e+00 -5.700913684863247788e+00 1.508847274538875460e+00 2.171841157487709140e+01 9.040763242089479235e+00 -5.700913684863247788e+00 9.040763242089479235e+00 -2.658730943129234969e+00
1.469970817594129642e+01 1.628866613178802991e+00 -5.154237999968176887e+00 1.628866613178802991e+00 -1.351419998481455487e+01 6.280719483448340412e+00 -5.154237999968176887e+00 6.280719483448340412e+00 -5.355861801727422034e+01
3.587581818586235016e+01 3.601199939632037772e+00 1.988225552340944224e+00 3.601199939632037772e+00 2.578708085700812092e+01 -3.178411103086175693e+00 1.988225552340944224e+00 -3.178411103086175693e+00 -2.672689552532987278e+01
-1.554055087225816401e+01 8.304182058672374467e+00 2.605697945582968522e+00 8.304182058672374467e+00 -4.107567291379866958e+01 -8.873478353932421570e+00 2.605697945582968522e+00 -8.873478353932421570e+00 -4.111059815511494264e+01
-6.086510630914276021e+00 3.468140945695875388e+00 1.068088622967524604e+00 3.468140945695875388e+00 -2.946754062328440327e+01 1.285264221688891872e+01 1.068088622967524604e+00 1.285264221688891872e+01 5.505685034936611544e+00
-2.546913507427555601e+01 -4.394616530344356953e+00 1.205707814272019007e+00 -4.394616530344356953e+00 -6.063034248592936493e+00 5.660147326597692263e+00 1.205707814272019007e+00 5.660147326597692263e+00 -3.891116226202981210e+01
-9.014425963905470240e+00 1.800262242719952255e+01 -3.877859851723407303e+00 1.800262242719952255e+01 -3.874649061165179376e+01 1.121543477805153843e+00 -3.877859851723407303e+00 1.121543477805153843e+00 3.405854909451944934e+01
1.118914223051057100e+01 -1.552828766537985850e+01 -9.391069942420413041e-02 -1.552828766537985850e+01 1.973723292032988752e+01 1.126167014118648169e+01 -9.391069942420413041e-02 1.126167014118648169e+01 -4.088950762129798733e+01
-1.545363484697368506e+01 -1.538398626099990985e+01 1.227273396791418136e+01 -1.538398626099990985e+01 -2.665544035287171454e+01 -5.747255411291583016e+00 1.227273396791418136e+01 -5.747255411291583016e+00 -4.776684876829058624e+01
1.855013406957784738e+01 8.357419344865169464e+00 -5.339910645233863384e+00 8.357419344865169464e+00 1.598420597568628487e+01 1.325327923267263897e+00 -5.339910645233863384e+00 1.325327923267263897e+00 -2.276876889718898678e+00
1.315169382888161032e+01 -1.448182351610346963e+01 1.872279804358497302e+01 -1.448182351610346963e+01 -5.866164071516238643e+00 -1.644305652117331107e+01 1.872279804358497302e+01 -1.644305652117331107e+01 -1.512548335599977101e+01
1.736089703750549162e+01 1.528365392128857359e+00 1.679195874010413903e+01 1.528365392128857359e+00 -5.051621137160817732e+00 -4.217385645399176930e+00 1.679195874010413903e+01 -4.217385645399176930e+00 -2.379183254440684792e+01
3.340586362106514606e+00 4.072423123386635524e+01 5.362101487588322613e+00 4.072423123386635524e+01 -2.890972377370253810e+00 -1.639891512816364638e-01 5.362101487588322613e+00 -1.639891512816364638e-01 -2.202422457026569802e+01
4.492813811023555814e+01 -1.963305960547305329e+00 -2.943902754706957481e+01 -1.963305960547305329e+00 1.613275574668912071e+01 8.433109555153963655e-01 -2.943902754706957481e+01 8.433109555153963655e-01 -9.848285986832603811e+00
7.317047230766952737e+00 -5.933263447443283489e+00 -6.242817392139859756e+00 -5.933263447443283489e+00 -5.985322815610184755e+00 1.877375901456948881e+01 -6.242817392139859756e+00 1.877375901456948881e+01 -5.012559188326059179e+00
