7.182099711793247820e+01 -6.991934067897938476e+00 2.072628291111817678e+00 -6.991934067897938476e+00 4.887013973447682247e+01 -1.800636851130711813e+00 2.072628291111817678e+00 -1.800636851130711813e+00 -1.815809753649489044e+00
-2.094569614395441093e+01 9.304415328358363269e+00 -1.817170637487437546e+01 9.304415328358363269e+00 -2.029742744335524662e+01 -1.578386266653724768e+01 -1.817170637487437546e+01 -1.578386266653724768e+01 -2.100120245247948958e+01
9.511318711925214942e+00 -1.515051957288639395e+00 -7.990154771457271821e-01 -1.515051957288639395e+00 9.352448680292864580e+00 -3.159189276197690965e+00 -7.990154771457271821e-01 -3.159189276197690965e+00 9.901481968853618199e+00
-9.600728536945155156e+00 -2.162479518542957113e-01 -1.072262933282441111e+01 -2.162479518542957113e-01 -1.768841756422742151e+01 2.986376969430440731e+00 -1.072262933282441111e+01 2.986376969430440731e+00 -1.519677118434078444e+01
-4.400887246329475033e+01 6.633190346397025650e+00 7.402845748668615222e+00 6.633190346397025650e+00 -3.981960170330034465e+00 -5.520976102230267024e+00 7.402845748668615222e+00 -5.520976102230267024e+00 -3.687228158953152501e+01
2.002742400246225074e+01 -3.190604275133209988e+00 8.372639540572141215e+00 -3.190604275133209988e+00 -2.957434438183848546e-01 3.174807281727724639e+00 8.372639540572141215e+00 3.174807281727724639e+00 -1.056221440122409128e+01
-2.996774101417808822e+01 -9.253090169851915903e+00 -6.155157375132242592e+00 -9.253090169851915903e+00 -2.821312017637878000e+01 -5.621191814405121612e+00 -6.155157375132242592e+00 -5.621191814405121612e+00 -4.588002704275308474e+01
2.153216636088093594e+01 8.681200584050575486e+00 -6.063657911160480474e+00 8.681200584050575486e+00 2.030805118634510009e+01 4.358596113627925206e+00 -6.063657911160480474e+00 4.358596113627925206e+00 2.419901988604512155e+01
-3.004438813293305799e+01 1.818144578646804277e+01 6.837863920437725618e+00 1.818144578646804277e+01 7.949283691969553090e-01 -5.377756926626751088e+00 6.837863920437725618e+00 -5.377756926626751088e+00 -4.940314298239083257e+01
6.968822432844189230e+00 -4.522536415959173439e+00 -6.297949030249084146e+00 -4.522536415959173439e+00 8.658683980678189229e+00 -8.795571172368963353e-01 -6.297949030249084146e+00 -8.795571172368963353e-01 1.481190860925340225e+01
-1.857308919965729643e+01 3.044938067240151036e-01 6.234036938699849983e+00 3.044938067240151036e-01 -1.595969127197761672e+01 -1.772981061519940837e+00 6.234036938699849983e+00 -1.772981061519940837e+00 -3.591153540828197777e+01
2.597691920787362818e+01 -1.782557632243034007e+01 -1.982578004543973904e+01 -1.782557632243034007e+01 2.092725261936215730e+01 -2.192501023370446944e+01 -1.982578004543973904e+01 -2.192501023370446944e+01 6.864646021923390684e+00
3.298198811151925014e+01 -9.853000676102375621e+00 1.685471776656374487e+01 -9.853000676102375621e+00 1.128088628120797665e+01 -1.002994527776026379e+00 1.685471776656374487e+01 -1.002994527776026379e+00 -7.308454926781418948e+00
-3.507190828074925548e+00 7.937421551393255115e+00 -1.848568408504156224e+01 7.937421551393255115e+00 2.798107864578287973e+01 2.759955308392327211e+01 -1.848568408504156224e+01 2.759955308392327211e+01 -1.874531859393774269e+01
-2.484068489984129968e+01 2.845134347714991740e+00 -6.730499545323907817e+00 2.845134347714991740e+00 -2.324991672154702727e+01 2.641170319612653472e+00 -6.730499545323907817e+00 2.641170319612653472e+00 -9.160395859809144170e+00
8.470538624349797985e+00 2.211666964094258336e+00 3.081008658003278722e+00 2.211666964094258336e+00 -3.411150105166207425e+01 -4.735972863742555994e+00 3.081008658003278722e+00 -4.735972863742555994e+00 -6.957579135143994620e+01
6.008705616563339191e+01 1.237522862989258243e+01 1.792397959325049328e+01 1.237522862989258243e+01 5.236948547688711386e+01 8.598282122813120765e+00 1.792397959325049328e+01 8.598282122813120765e+00 2.911478839067572366e+01
3.313884713923388148e+01 -2.250732706776061853e+00 1.810488751356774983e+01 -2.250732706776061853e+00 6.624155641540970585e+00 -7.625599764175312600e+00 1.810488751356774983e+01 -7.625599764175312600e+00 -3.721359756119836248e+01
6.201389922540345268e+00 5.557795565900861545e-01 -1.597353177761055676e+00 5.557795565900861545e-01 -7.373947101023745176e+00 -1.829483491175796006e+00 -1.597353177761055676e+00 -1.829483491175796006e+00 -3.679575479265480453e+01
-2.055725776578919550e+01 2.340075991947101031e+01 -1.957957763068001000e+01 2.340075991947101031e+01 -1.206998544632281600e+01 2.241788330111695426e+00 -1.957957763068001000e+01 2.241788330111695426e+00 -5.292449711018532099e+01
4.048577326981146740e+01 8.372112905491240653e+00 9.356433900145539440e+00 8.372112905491240653e+00 7.881954412066811244e+00 2.536330794159951552e+01 9.356433900145539440e+00 2.536330794159951552e+01 8.211468354062514408e+00
-3.936380564909490953e+00 1.108968131026622839e+00 1.198732781739239428e+01 1.108968131026622839e+00 -1.418808323044209274e+01 1.562188779904805314e+00 1.198732781739239428e+01 1.562188779904805314e+00 -2.369775362498318927e+01
4.101908321307714544e+01 2.604359201205303975e+01 6.722293694921548379e+00 2.604359201205303975e+01 1.963326369078641420e+01 -4.626416323562379418e+00 6.722293694921548379e+00 -4.626416323562379418e+00 -2.521706625505047761e+00
-1.907993550721718634e+01 1.158024511489188590e+01 -2.554435841403444929e+00 1.158024511489188590e+01 -1.881485101440568997e+01 4.637067966036963362e+00 -2.554435841403444929e+00 4.637067966036963362e+00 -2.368804540558679506e+01
-1.547427515610616666e+01 -2.475419628928432036e+00 1.016899473681239208e+01 -2.475419628928432036e+00 -3.400165024405112923e-01 -1.406157083667672403e+01 1.016899473681239208e+01 -1.406157083667672403e+01 -6.884755628637901737e+01
-5.878447463289159458e+01 1.133821542436177587e+01 4.221325213784929531e+00 1.133821542436177587e+01 -4.732510259687589382e+01 7.696703176376063382e+00 4.221325213784929531e+00 7.696703176376063382e+00 -7.721031840112104305e+01
-3.404123310003235048e+01 -8.694220446742953357e+00 -3.937825343405960132e-01 -8.694220446742953357e+00 -1.893260336454620330e+01 -2.358295161252399552e+01 -3.937825343405960132e-01 -2.358295161252399552e+01 -4.535482050063402681e+01
2.912018901832614404e+01 -3.888842130813544018e-01 6.652118536137560767e+00 -3.888842130813544018e-01 3.887737797057685185e+01 4.592888817058093931e-01 6.652118536137560767e+00 4.592888817058093931e-01 1.137668626516577852e+01
3.006645320312696157e+01 2.887416068933357227e+00 2.041812073112314163e+00 2.887416068933357227e+00 2.412263467072749279e+01 5.018922661401612473e+00 2.041812073112314163e+00 5.018922661401612473e+00 9.930369619296675054e+00
-5.022570941724518789e+00 -5.069605546180922850e+00 -2.893858507046462236e+01 -5.069605546180922850e+00 -1.248894060009694229e+01 -1.494242249295748781e+00 -2.893858507046462236e+01 -1.494242249295748781e+00 -9.170103153039164567e+00
-1.618783060766293858e+01 1.363289711186404674e+01 1.825155534446982841e+01 1.363289711186404674e+01 -1.514970355804760338e+01 5.895885521077230074e+00 1.825155534446982841e+01 5.895885521077230074e+00 -3.102622986638864688e+01
6.641416203311923949e-01 2.042478564269969876e+00 2.763099701136011443e-01 2.042478564269969876e+00 -8.620778062352457027e+00 -2.317823957810015756e+01 2.763099701136011443e-01 -2.317823957810015756e+01 -3.710409719898546399e+01
-2.538920914864866418e+01 7.784590209718857068e+00 1.498745694370718162e+01 7.784590209718857068e+00 -2.183257670196817912e+01 5.370082651906990634e+00 1.498745694370718162e+01 5.370082651906990634e+00 -1.170253853090655838e+01
2.968549144464055445e+01 2.410133533539239536e+01 1.423992481665801435e+01 2.410133533539239536e+01 1.663812445886220681e+00 -8.831831374655827460e-01 1.423992481665801435e+01 -8.831831374655827460e-01 1.711662224978354985e+01
4.050033041390623367e+01 1.180572251991383048e+01 -1.050894029471467839e+01 1.180572251991383048e+01 4.445606053842793415e+01 4.840291065224127998e+00 -1.050894029471467839e+01 4.840291065224127998e+00 -3.145978029936319587e+00
2.109307687915925200e+01 2.173622453000842558e+00 -3.865248819962703752e+00 2.173622453000842558e+00 1.580092149926526446e+01 9.677169082895352048e+00 -3.865248819962703752e+00 9.677169082895352048e+00 -2.752376418890770182e+01
-3.620490188318842950e+00 5.131847398287719741e+00 -3.373827991074713761e+00 5.131847398287719741e+00 1.633198626430035771e+00 5.444673707172606569e+00 -3.373827991074713761e+00 5.444673707172606569e+00 -4.488561666268350292e-01
4.289415857456278047e+01 -1.103548331778029024e+01 -3.792573178770161091e-01 -1.103548331778029024e+01 2.986301254623289125e+01 -3.896823639328858668e+00 -3.792573178770161091e-01 -3.896823639328858668e+00 -2.592052884868857099e+00
-6.120067639558980588e+00 7.574172258911367805e+00 -2.680415413124633162e+00 7.574172258911367805e+00 -1.840414198643006571e+01 7.788444110136976128e+00 -2.680415413124633162e+00 7.788444110136976128e+00 -3.754634860784625516e+01
-1.339232740069371097e+01 -1.329186594773725583e+00 -6.461575705888525922e-01 -1.329186594773725583e+00 -1.958443586140480619e+01 -1.632280549807174630e-01 -6.461575705888525922e-01 -1.632280549807174630e-01 -2.725838040948360685e+01
1.372518861219597497e+01 9.477169954374238259e+00 -3.355670861224065771e+00 9.477169954374238259e+00 -1.632608219794749127e+00 -1.264117874842141731e+01 -3.355670861224065771e+00 -1.264117874842141731e+01 -2.483024102743708283e+01
1.378676896718058309e+01 5.518313083616443571e+00 -5.405626557918217223e+00 5.518313083616443571e+00 -9.020306697067740132e+00 -5.278534272928989246e+00 -5.405626557918217223e+00 -5.278534272928989246e+00 -2.200987584505036665e+01
3.340121722696509465e+01 9.874626224757724557e+00 -1.136047014705168046e+01 9.874626224757724557e+00 3.340772933598150018e+01 -5.349046346080156278e-01 -1.136047014705168046e+01 -5.349046346080156278e-01 5.381778262452118433e+00
2.607608209057663373e+01 -4.319506924272866755e+00 -5.369302354548812772e+00 -4.319506924272866755e+00 4.747082474031656396e+00 -1.200044249291226706e+01 -5.369302354548812772e+00 -1.200044249291226706e+01 -9.244699637167494544e+00
-1.268260453517267372e+01 1.397696396133752472e+01 -2.316954013631653098e+01 1.397696396133752472e+01 -1.884752290051257440e+00 -1.179929816512099627e+01 -2.316954013631653098e+01 -1.179929816512099627e+01 -5.193067938185897248e+01
4.771775346582057153e+01 -1.289107922547810370e+00 2.383857095531672243e+01 -1.289107922547810370e+00 2.959102942056011187e+01 1.608741032702355511e+01 2.383857095531672243e+01 1.608741032702355511e+01 2.166961702777052423e+01
3.074847104973466472e+01 9.567926555126259558e+00 5.592519404700218466e+00 9.567926555126259558e+00 2.049052355088138455e+01 -1.057565799671680296e+01 5.592519404700218466e+00 -1.057565799671680296e+01 6.666712418525299277e+00
-1.824997733547603218e+01 -1.045650217874762689e+01 1.543857352834217878e+00 -1.045650217874762689e+01 -1.672080932757211613e+01 -1.104049724829784118e+01 1.543857352834217878e+00 -1.104049724829784118e+01 -3.469085383289594660e+01
-4.055805924860377587e+01 9.452075156104472242e+00 1.562210894475992973e+01 9.452075156104472242e+00 -3.671697369690410540e+01 1.262142535922737174e+01 1.562210894475992973e+01 1.262142535922737174e+01 -3.976095114757156779e+01
7.176286782309921897e+00 1.369123420335570351e+01 1.611703956023761464e+01 1.369123420335570351e+01 -2.332866111382543650e+01 1.373282953369404424e+01 1.611703956023761464e+01 1.373282953369404424e+01 -2.725793899598574299e+01
2.220113668796824591e+00 -5.919409463944057315e+00 3.814094019940298619e+00 -5.919409463944057315e+00 1.264505246052322107e+01 -5.732624352335633056e+00 3.814094019940298619e+00 -5.732624352335633056e+00 1.323130039495273635e+01
5.204125424867832805e+01 -3.159851619695975611e+00 -7.544665861431914422e+00 -3.159851619695975611e+00 3.313156319743936251e+01 1.205521856075917242e+01 -7.544665861431914422e+00 1.205521856075917242e+01 2.749767664092353670e+01
1.606847398470752353e+01 5.330689182077215982e+00 -4.008970281386673662e+00 5.330689182077215982e+00 1.542293540009262776e+00 -1.034516374995687293e+01 -4.008970281386673662e+00 -1.034516374995687293e+01 -2.806994379010204099e+01
-2.911658195369561497e+01 1.160476198370656853e+00 -1.296390317306294060e+00 1.160476198370656853e+00 -4.921556498277293024e+00 5.508025708697615208e+00 -1.296390317306294060e+00 5.508025708697615208e+00 -2.641040715253339499e+01
-2.791649412978673528e+00 -1.826603155795350597e+00 2.123205963707631039e+00 -1.826603155795350597e+00 -2.146594919964145198e+00 -2.511419569098648719e+00 2.123205963707631039e+00 -2.511419569098648719e+00 -1.243030288898889069e+01
-5.199128910437033291e+00 2.336274104200262602e+00 -5.158158198502363234e+00 2.336274104200262602e+00 4.285775978285636945e-01 -1.208291978734277095e+01 -5.158158198502363234e+00 -1.208291978734277095e+01 -1.895647705861026822e+01
2.107256121545056260e+00 1.410554816456079941e+01 3.320686372346341120e+00 1.410554816456079941e+01 1.695386407240734883e+01 8.942900655254051756e+00 3.320686372346341120e+00 8.942900655254051756e+00 9.119963781870149555e-01
4.502799313830180061e+00 -7.465324681096682902e+00 1.849924170524910494e+01 -7.465324681096682902e+00 -1.139192717981489578e+00 -1.590501117219106808e+00 1.849924170524910494e+01 -1.590501117219106808e+00 -2.509883428154099150e+01
-1.293255746654926952e+01 5.818114841010164184e+00 6.140278117189358120e+00 5.818114841010164184e+00 -1.362385623608352958e+01 1.989482772482494255e+01 6.140278117189358120e+00 1.989482772482494255e+01 -3.840178021449228396e+01
-2.696164365091068404e+01 9.014816994064001054e-01 -2.163107088927369581e+00 9.014816994064001054e-01 -3.108410035892331180e+01 -1.918569708050508282e+01 -2.163107088927369581e+00 -1.918569708050508282e+01 -3.252841196360378717e+01
5.503515183677787093e+01 -4.586523239539762820e+00 1.713643257000437359e+01 -4.586523239539762820e+00 4.620814263064205107e+01 8.531119553859282334e+00 1.713643257000437359e+01 8.531119553859282334e+00 1.426851487280715425e+01
-9.192519184143449484e-01 1.025489832462814555e+01 -2.067271768410762878e+00 1.025489832462814555e+01 1.392585926881639624e+00 7.751587809910036597e+00 -2.067271768410762878e+00 7.751587809910036597e+00 -2.526328540172601578e+01
-2.080760044359008276e+01 -4.544141070462813126e+00 -3.582843905825030095e+00 -4.544141070462813126e+00 -1.785044888184043899e+01 1.386028538316525616e+00 -3.582843905825030095e+00 1.386028538316525616e+00 -6.745307932196729439e+01
-1.029208662774169625e+01 -5.405434178729342065e+00 -2.086884654424763230e+00 -5.405434178729342065e+00 -2.599936774487407476e+01 7.748530646301690972e+00 -2.086884654424763230e+00 7.748530646301690972e+00 -2.071102802778200580e+00
4.640228579382983831e+00 -1.986795420185630157e+00 -1.967585457572707597e+01 -1.986795420185630157e+00 1.407406974506810116e+01 8.143550026399029917e+00 -1.967585457572707597e+01 8.143550026399029917e+00 -4.045996730539776109e+01
-2.215145636640371052e+01 -4.000607967474725690e+00 1.119172446969219514e+01 -4.000607967474725690e+00 -3.058561338729151302e+01 -6.368818145624665306e+00 1.119172446969219514e+01 -6.368818145624665306e+00 -2.676676086455804437e+01
-3.787416061088188002e+01 2.771629173740723928e+01 -1.405767691892232918e+01 2.771629173740723928e+01 -3.214319698118692514e+01 6.241450542889075415e+00 -1.405767691892232918e+01 6.241450542889075415e+00 -7.540716861542065885e+01
-9.417819816453862458e+00 7.760097034063008437e+00 1.839541704273231204e+01 7.760097034063008437e+00 -1.236605456102049239e+01 8.199360057103259880e-01 1.839541704273231204e+01 8.199360057103259880e-01 -1.001348522688402021e+01
4.666435042365223751e+01 -8.166392982638429388e+00 -3.815450077399792916e-02 -8.166392982638429388e+00 4.950667217517288066e+01 1.283862232217338972e+00 -3.815450077399792916e-02 1.283862232217338972e+00 2.220685230717030478e+01
1.193213838988960340e+01 1.155805063268602595e+01 -2.773300704046531617e+00 1.155805063268602595e+01 1.020449355286545234e+01 -4.095454380883274403e+00 -2.773300704046531617e+00 -4.095454380883274403e+00 -3.384271511901329177e+01
-2.867711334168438952e+01 2.025072649255220014e+00 2.039001383641883880e+00 2.025072649255220014e+00 -4.278929150118450764e+01 -1.228191758835249203e+01 2.039001383641883880e+00 -1.228191758835249203e+01 -2.540243423602559858e+01
3.651124711311860338e+00 8.542919139696774522e+00 6.740483958824101229e+00 8.542919139696774522e+00 -3.465797128999526855e+00 -1.421382942430387786e+01 6.740483958824101229e+00 -1.421382942430387786e+01 -7.054023901062116408e+01
-1.045604835727921689e+01 8.803284288758382203e+00 -2.585541006278885973e-02 8.803284288758382203e+00 -1.327925438394149893e+01 -1.581760073551436641e+01 -2.585541006278885973e-02 -1.581760073551436641e+01 -2.766112111613773195e+01
-2.257180224081893338e-01 5.961080353036869894e+00 -4.957435744852057624e+00 5.961080353036869894e+00 -6.010719984938061033e-01 5.288945691629264978e+00 -4.957435744852057624e+00 5.288945691629264978e+00 -4.718391532655591192e+01
3.670637393769959544e+01 -6.411781825353168429e+00 4.902608742487490012e+00 -6.411781825353168429e+00 4.408856551497488852e+01 -9.176333038072739257e+00 4.902608742487490012e+00 -9.176333038072739257e+00 2.587739526727940742e+01
2.672513335956621994e+00 9.127611227136808836e+00 1.380002935599558445e+00 9.127611227136808836e+00 5.581094624203090326e+00 2.550051941897980345e+00 1.380002935599558445e+00 2.550051941897980345e+00 -2.015162843476984733e+01
-1.528161200171935796e+01 4.011787849190413979e+00 -7.516824213600065363e+00 4.011787849190413979e+00 -2.001527010143111340e+01 -3.930215991762354921e+00 -7.516824213600065363e+00 -3.930215991762354921e+00 -2.600335857623494462e+01
-1.487613902337605509e+01 1.804646032985408866e+01 5.456637487308664269e+00 1.804646032985408866e+01 -1.110345888793291635e+01 6.997953324726656099e+00 5.456637487308664269e+00 6.997953324726656099e+00 -2.481933715700331078e+01
-2.785053108995703131e+00 -1.683929832910203483e+00 -1.041443409462934433e+01 -1.683929832910203483e+00 4.181412093458405366e+01 9.700983182994427523e+00 -1.041443409462934433e+01 9.700983182994427523e+00 -2.726267916035043726e+01
7.799261697255869308e+01 2.005010361123214224e+01 -7.363366362154914135e+00 2.005010361123214224e+01 5.638157309504805426e+01 -2.138189206047364976e+01 -7.363366362154914135e+00 -2.138189206047364976e+01 1.200296945487938949e+01
1.269906170894014252e+01 1.195523553925285398e+01 -8.228398516269976426e+00 1.195523553925285398e+01 7.025609666361132710e+00 -1.206385064697178677e+01 -8.228398516269976426e+00 -1.206385064697178677e+01 -8.880677982033155615e+00
9.211573884391460965e+00 -4.587937408764495295e+00 1.415993644377054217e+01 -4.587937408764495295e+00 8.259677882142733907e+00 1.306003660585148607e+00 1.415993644377054217e+01 1.306003660585148607e+00 -2.432192643166711576e+01
-1.997387177943738124e+01 3.163923439508684599e-01 -1.472018080679308127e+01 3.163923439508684599e-01 -3.374099835501948519e+01 1.220960122669158920e+01 -1.472018080679308127e+01 1.220960122669158920e+01 -7.344025778674966887e+01
-1.106054138318129887e+01 1.044318937780894530e+01 -7.957476013993651343e+00 1.044318937780894530e+01 -1.036981533734245353e+01 3.988972134469953801e+00 -7.957476013993651343e+00 3.988972134469953801e+00 -4.417152588373723887e+01
7.585716403550184062e+00 -1.481123981398559586e+01 -2.411224795315129654e+01 -1.481123981398559586e+01 4.573449831642871111e+00 -2.011681723002029543e+01 -2.411224795315129654e+01 -2.011681723002029543e+01 -2.426305410454811806e+01
1.557502307093522198e+01 -5.284443783390115890e-01 6.621538794234175462e+00 -5.284443783390115890e-01 1.554448550413635610e+00 -8.658448322888250281e-01 6.621538794234175462e+00 -8.658448322888250281e-01 -1.650934372265313854e+01
4.641841857669391658e+01 1.279308012067397193e+01 6.757190380381205230e+00 1.279308012067397193e+01 6.202593115600155471e+01 8.331651015010624883e-01 6.757190380381205230e+00 8.331651015010624883e-01 3.718573802025856878e+01
3.494625224569811905e+01 4.565833609892173683e+00 4.192477174832714759e+00 4.565833609892173683e+00 2.562202605557429891e+01 -3.381547768661850739e+01 4.192477174832714759e+00 -3.381547768661850739e+01 1.340513320879786896e+01
1.636112417244127926e+01 -2.180613558320667167e+00 4.132786756065091716e+00 -2.180613558320667167e+00 -4.626026861887884145e+00 1.989395186538790483e+01 4.132786756065091716e+00 1.989395186538790483e+01 -1.927699636029921137e+01
1.388013601813215203e+01 6.456119956555139261e+00 2.825208234862608858e+00 6.456119956555139261e+00 2.259399703675028093e+01 7.253489515809024013e+00 2.825208234862608858e+00 7.253489515809024013e+00 4.239878867722986833e+00
3.257510892304799910e+01 -7.992152382239122721e-01 -1.013489670391448350e+01 -7.992152382239122721e-01 3.134819258305297751e+01 4.053855329951735698e+00 -1.013489670391448350e+01 4.053855329951735698e+00 3.212335762135690054e+00
-3.035955137690713812e+01 -4.497873972997529779e-01 1.881261396019679344e+00 -4.497873972997529779e-01 -1.510257273964935543e+01 9.913576892266137364e+00 1.881261396019679344e+00 9.913576892266137364e+00 -3.087827529111326896e+01
3.636661299103554512e+01 3.032809986754434473e+00 1.477309628716818501e+01 3.032809986754434473e+00 3.922172860422796958e+01 -1.473742865834251070e+01 1.477309628716818501e+01 -1.473742865834251070e+01 3.825895602498750492e+01
2.884914634215098062e+01 2.549615624860187424e+01 -1.223970805208094870e+00 2.549615624860187424e+01 1.437273696761164743e+01 -9.917013782082864992e+00 -1.223970805208094870e+00 -9.917013782082864992e+00 -3.938940030778403667e+01
1.811572621177359110e+01 1.367582542433388859e+01 -1.903950506928280362e+01 1.367582542433388859e+01 9.963414865144622823e+00 -1.054032798938410620e+00 -1.903950506928280362e+01 -1.054032798938410620e+00 8.540453956645890798e+00
2.845603958271264844e+01 -2.177048623724297194e+00 -8.883717225862579170e+00 -2.177048623724297194e+00 2.105204913268705624e+01 -1.315708576696442300e+01 -8.883717225862579170e+00 -1.315708576696442300e+01 -7.859810437599384692e+00
-5.422890216220389448e+01 5.163947685349126182e+00 8.971661689162178988e+00 5.163947685349126182e+00 -5.473149351708104859e+01 6.008972164945079797e+00 8.971661689162178988e+00 6.008972164945079797e+00 -7.846222124068992798e+01
-2.032512488923786975e+01 3.283304137528945787e+00 2.643640037707388313e+00 3.283304137528945787e+00 -2.836006634787452896e+01 -4.914072412035477844e-01 2.643640037707388313e+00 -4.914072412035477844e-01 -1.649281444174700439e+01
2.231650743176697560e+01 3.033685017532982808e+00 -9.677736487121966213e-01 3.033685017532982808e+00 2.696747681470995772e+01 -8.943154019957422207e+00 -9.677736487121966213e-01 -8.943154019957422207e+00 -5.798578773066854097e+00
-8.818188530716740914e+00 1.363149153862369189e+01 7.841993884541796689e+00 1.363149153862369189e+01 -2.068381708901863192e+01 1.554335013700602630e+01 7.841993884541796689e+00 1.554335013700602630e+01 -6.857918818982834352e+01
2.008183742497304358e+00 6.316386465156834440e+00 -9.380529828718810137e+00 6.316386465156834440e+00 -2.435261870411635332e+00 -1.973555046183317341e+00 -9.380529828718810137e+00 -1.973555046183317341e+00 -2.541276060101574430e+01
6.428969111521459112e+00 1.726853595071250069e+01 5.003394168155080202e+00 1.726853595071250069e+01 1.471100580337713559e+01 -4.365270904877573410e-01 5.003394168155080202e+00 -4.365270904877573410e-01 -3.471278710472223139e+01
8.855071346691337553e+00 7.747635066829290373e+00 -9.987128196966169602e-01 7.747635066829290373e+00 1.302703096142876049e+01 -2.832697022646021856e-01 -9.987128196966169602e-01 -2.832697022646021856e-01 -3.508365072407666929e+01
-2.167388600549050537e+01 1.813425416584337313e+01 -4.659043910345533668e+00 1.813425416584337313e+01 -1.863864545316449650e+01 -5.963691864720872537e-01 -4.659043910345533668e+00 -5.963691864720872537e-01 -5.084975000075722562e+01
1.450605527372932180e+01 1.101889306148163072e+01 -9.971596565113220123e+00 1.101889306148163072e+01 6.632264812527594700e+00 1.372490692872531781e+00 -9.971596565113220123e+00 1.372490692872531781e+00 -2.254603194672928979e+01
-5.501025585213952240e+00 -6.439599696257578998e+00 -1.366781580181867817e+01 -6.439599696257578998e+00 -1.791423476143080951e+00 -2.636016890918105204e+00 -1.366781580181867817e+01 -2.636016890918105204e+00 -1.715255408267402260e+01
1.624400189145105244e+01 -2.467908139686973978e+00 5.955100239741726753e+00 -2.467908139686973978e+00 1.545590534178591646e+01 -5.446872951678684238e+00 5.955100239741726753e+00 -5.446872951678684238e+00 -4.472708421373360110e+00
1.742704561509022909e+01 6.591013259205555030e+00 -2.589952950142172128e+01 6.591013259205555030e+00 -7.122543047386038495e+00 1.647296171389234232e+01 -2.589952950142172128e+01 1.647296171389234232e+01 1.358532940805585554e+01
1.844577874499621117e+01 2.206523994921608178e+01 -1.029484893179577298e+01 2.206523994921608178e+01 2.032582537279925816e+01 -2.837384132506333856e+01 -1.029484893179577298e+01 -2.837384132506333856e+01 -1.388028704726127671e+01
-1.777455627732850374e+01 3.315838896381506640e+00 -8.026667128708452337e-01 3.315838896381506640e+00 -3.253468014102628558e+01 1.115616813669672025e+00 -8.026667128708452337e-01 1.115616813669672025e+00 -3.846809981771543363e+01
1.738413091074570715e+01 2.947881667004936812e+00 -6.950197476859412582e+00 2.947881667004936812e+00 1.047206063408482457e+01 2.618127848045256112e+00 -6.950197476859412582e+00 2.618127848045256112e+00 1.759014123018873121e+01
-3.575096896894920206e+01 8.219613388428442802e-01 6.342391182648699832e+00 8.219613388428442802e-01 -2.560938453431763762e+01 -1.197683145844026520e-01 6.342391182648699832e+00 -1.197683145844026520e-01 -3.631061627923850210e+01
1.047355192884592689e+01 -1.284159369477830204e+01 5.444237482690225782e+00 -1.284159369477830204e+01 1.750887861957472202e-01 -6.902572283570118650e-01 5.444237482690225782e+00 -6.902572283570118650e-01 4.297449609217190769e+00
2.264020690225640564e+01 1.152551966242640624e+01 1.301129228825050177e+01 1.152551966242640624e+01 -1.010463237188457519e+01 -2.838756826007261758e+00 1.301129228825050177e+01 -2.838756826007261758e+00 -2.231698300650798217e+01
3.304579335540913121e+01 7.234949803512224165e+00 -8.811046088153491329e-01 7.234949803512224165e+00 2.983875325035562653e+01 6.829494344051879828e+00 -8.811046088153491329e-01 6.829494344051879828e+00 -2.569773368896751453e+00
3.801766247439409341e+01 3.446806496495675720e+00 3.465084768899493906e+00 3.446806496495675720e+00 2.358367271681754218e+01 -1.260374945240085331e+01 3.465084768899493906e+00 -1.260374945240085331e+01 1.938534908711781668e+01
1.233153348524143844e+01 8.386408836026028268e+00 4.419107815350211688e+00 8.386408836026028268e+00 9.725326525431176705e+00 7.406389731866711568e-01 4.419107815350211688e+00 7.406389731866711568e-01 -6.383804042311033378e+00
2.540249022332917406e+01 -4.142144458544023244e+00 -6.692769823332127110e+00 -4.142144458544023244e+00 6.332499045965994888e+00 -4.700536670712031073e-01 -6.692769823332127110e+00 -4.700536670712031073e-01 -1.311043127833452537e+01
-4.853660805789139943e+00 1.190831728466135964e+01 -8.201366503680450393e+00 1.190831728466135964e+01 -6.408793477505361658e+00 -1.030533200416048345e+01 -8.201366503680450393e+00 -1.030533200416048345e+01 -6.134114175219936627e+00
-8.111299080506146453e+00 3.230330349850077276e+00 -3.700340595026426538e+00 3.230330349850077276e+00 -1.105021331020878250e+01 2.708492345827004932e+00 -3.700340595026426538e+00 2.708492345827004932e+00 -4.149701845651060239e+01
3.119342825887292392e+01 8.445143809028447635e+00 8.899942233024143334e+00 8.445143809028447635e+00 1.937267842186916056e+01 -6.576697467719668566e+00 8.899942233024143334e+00 -6.576697467719668566e+00 -2.030051060375367911e+01
-5.460604263077210030e-01 3.386166559657461050e+00 -1.161766450212697244e+01 3.386166559657461050e+00 -8.770274313355210793e+00 2.553019643074128098e+00 -1.161766450212697244e+01 2.553019643074128098e+00 -3.579237899802961920e+01
-1.272667340141198977e+01 3.455240521590019487e-02 -1.994931858179279871e+00 3.455240521590019487e-02 1.244494012497406032e+01 2.087975910533744539e+01 -1.994931858179279871e+00 2.087975910533744539e+01 -4.206468392067597506e+01
-1.036651844105081821e+00 2.922789734833225239e+00 1.271436867720261876e+00 2.922789734833225239e+00 1.250547241596405712e+01 3.383739607844373332e+00 1.271436867720261876e+00 3.383739607844373332e+00 -2.585058933648599933e+01
1.978671901659969734e+01 -7.550308466827626575e+00 3.365228626189360916e+00 -7.550308466827626575e+00 2.529430042721600103e+01 -4.236646626718078679e+00 3.365228626189360916e+00 -4.236646626718078679e+00 -1.281826861359802372e+01
-2.940625980904477288e+01 4.496275294542876999e+00 -1.331165140125320967e+01 4.496275294542876999e+00 -3.661703517361087279e+01 7.518674282300321643e+00 -1.331165140125320967e+01 7.518674282300321643e+00 -2.657969872623943886e+01
-3.337481009631539308e+01 5.434183310329056660e+00 -3.778304305885411551e+00 5.434183310329056660e+00 -3.795391727808376459e+01 9.769990215954987178e+00 -3.778304305885411551e+00 9.769990215954987178e+00 -3.735559401381776468e+01
-1.572278517754240212e+00 -3.605663274768620141e+00 -8.299985213465435052e+00 -3.605663274768620141e+00 7.451394004338459887e+00 -4.158894524927332803e+00 -8.299985213465435052e+00 -4.158894524927332803e+00 -1.965245348628882383e+01
-1.024446973295917829e+01 -9.647296076793836050e+00 3.471159871727504120e-02 -9.647296076793836050e+00 -2.250445307621133928e+00 1.063612330336611400e+01 3.471159871727504120e-02 1.063612330336611400e+01 -5.146800564904985720e+01
-2.140664424123323073e+01 7.636814161451398242e+00 9.257339798604101944e+00 7.636814161451398242e+00 -2.398467486087668377e+01 8.457316737657114558e+00 9.257339798604101944e+00 8.457316737657114558e+00 -6.615318727823763822e+01
4.736626618940915634e+00 -1.743329284069169205e+01 1.189207799542396238e+01 -1.743329284069169205e+01 6.402135754113245092e+00 1.480180184348621308e+00 1.189207799542396238e+01 1.480180184348621308e+00 -2.589883286241366633e+01
1.046304766867227976e+01 9.609686698619272605e+00 2.338908677964378313e+01 9.609686698619272605e+00 -6.988260929728863147e+00 -1.026336719633416728e+01 2.338908677964378313e+01 -1.026336719633416728e+01 -4.024179990482544156e+01
7.279821939012916410e+00 2.300873616261997157e+01 -2.435615262166603401e+00 2.300873616261997157e+01 1.861263569849941035e+01 -9.521409402384954035e+00 -2.435615262166603401e+00 -9.521409402384954035e+00 -3.077834927720160194e-02
8.314863353314791539e+00 -8.932691396900297676e+00 -1.771492550407889333e+00 -8.932691396900297676e+00 5.640461235668142059e+00 2.008620679680318266e-01 -1.771492550407889333e+00 2.008620679680318266e-01 -4.332621266596289189e+01
1.060675558218538228e+01 2.691242708369719683e+00 -1.051798328854193798e+01 2.691242708369719683e+00 1.810381329583123033e+00 1.500099125013214296e+00 -1.051798328854193798e+01 1.500099125013214296e+00 -9.077690983567313410e+00
-1.857896354942177553e+01 -9.778046284055590398e-01 -6.799601872589180473e+00 -9.778046284055590398e-01 -1.598590513873864438e+01 1.622998243316002842e+01 -6.799601872589180473e+00 1.622998243316002842e+01 -5.046235245640734490e+01
2.035734753506491757e+01 8.024624052742296954e+00 1.323344738193381076e+01 8.024624052742296954e+00 2.630664617156423191e+01 1.725780926174232377e+01 1.323344738193381076e+01 1.725780926174232377e+01 -2.199355329964638628e+01
4.196210844775536231e+01 -9.006159226960125608e+00 -7.122933478126888041e+00 -9.006159226960125608e+00 4.320525776838158549e+01 -6.653857168068960659e-01 -7.122933478126888041e+00 -6.653857168068960659e-01 3.743666076183105673e+01
-4.060486462593467394e+01 2.366678267215552722e+01 1.359004584441085628e+00 2.366678267215552722e+01 -2.496735965386123368e+01 5.371637676979379883e+00 1.359004584441085628e+00 5.371637676979379883e+00 -7.763471391775520658e+01
-1.792810116257065323e+00 1.719893026101731337e+00 2.297204864533442414e+00 1.719893026101731337e+00 -9.645946526772481988e+00 -2.249770554682768520e+01 2.297204864533442414e+00 -2.249770554682768520e+01 -3.827224582019235299e+01
8.593377108615627424e-01 -1.396529860461343731e+01 1.047630263426645003e+00 -1.396529860461343731e+01 -4.234188359935256329e+00 1.991635320835985112e+01 1.047630263426645003e+00 1.991635320835985112e+01 6.550866106424598989e+00
-3.806309768027435325e+01 -3.455580583035348763e+00 1.681998547056319282e+01 -3.455580583035348763e+00 -3.381502358213071346e+01 1.377300017471955629e+00 1.681998547056319282e+01 1.377300017471955629e+00 -5.113247633348930776e+01
-3.776822083911175554e+01 -8.373679693313807348e+00 3.862290023416146578e+00 -8.373679693313807348e+00 -4.515978376229123370e+01 -6.581592075340933157e+00 3.862290023416146578e+00 -6.581592075340933157e+00 -7.200580260055680526e+01
3.989356215615092793e+01 4.142911788971319176e+00 4.003896344458584444e+00 4.142911788971319176e+00 1.502824635400076225e+01 6.997001844368284651e+00 4.003896344458584444e+00 6.997001844368284651e+00 -1.131941213192267703e+00
-1.348187110113939902e+01 7.733880686557420558e-01 6.025905041353557756e+00 7.733880686557420558e-01 1.099456992817628098e+01 5.602397328145036326e+00 6.025905041353557756e+00 5.602397328145036326e+00 -2.484040225882503350e+01
-3.109683141491288083e+01 1.897049355495690648e+01 -3.275504844402994831e+00 1.897049355495690648e+01 -1.079332124273041948e+01 -2.242910700239293842e+00 -3.275504844402994831e+00 -2.242910700239293842e+00 -5.826289645257920569e+01
8.643880893943482135e+00 1.199728653226944708e+01 -1.764342042687295498e-01 1.199728653226944708e+01 1.146884560827824551e+01 3.700577326364339559e+00 -1.764342042687295498e-01 3.700577326364339559e+00 -1.566540007446914196e+01
3.223817242115621440e+01 1.263704731829862205e+00 -2.789548659143913589e+00 1.263704731829862205e+00 2.812550798046183331e+01 -6.749398506519809438e+00 -2.789548659143913589e+00 -6.749398506519809438e+00 -5.231928642478443692e+00
1.590773163589897266e+01 -5.369114479241718030e+00 1.369246680311031383e+01 -5.369114479241718030e+00 7.843703626664944473e+00 2.300875431325937015e+01 1.369246680311031383e+01 2.300875431325937015e+01 -3.806163463449723139e+01
1.773209712968525409e+01 -9.591134573693514298e+00 -4.739918341522933787e+00 -9.591134573693514298e+00 2.158161865540759194e+01 5.874596879794277804e+00 -4.739918341522933787e+00 5.874596879794277804e+00 1.138739175993970321e+01
-1.330330357698415966e+01 3.724482271813034373e+00 1.455052834653025595e+00 3.724482271813034373e+00 -6.716446062773179904e+00 2.021680979087487273e+01 1.455052834653025595e+00 2.021680979087487273e+01 -1.578669219762465481e+01
3.002939272407128612e+01 4.812642582625143106e+00 -8.374469737272161041e+00 4.812642582625143106e+00 2.370645480363761948e+01 2.595766147082796405e+00 -8.374469737272161041e+00 2.595766147082796405e+00 3.142909221903954631e+01
-1.124583699643963186e+01 -1.219895965410009708e+01 7.899868627221973583e+00 -1.219895965410009708e+01 -2.784558498756889477e+01 1.691318871846414496e+01 7.899868627221973583e+00 1.691318871846414496e+01 -3.187347305841562672e+01
-3.217889112499472049e+01 4.869588207280476588e+00 -5.997475223001083933e+00 4.869588207280476588e+00 -2.668516047491246823e+01 1.253055218492073841e+01 -5.997475223001083933e+00 1.253055218492073841e+01 -3.913458259928941629e+01
1.642704547440267282e+00 -1.250052753170838749e+01 2.558265483691410047e+00 -1.250052753170838749e+01 8.576782186838469713e+00 3.245195897574708166e+00 2.558265483691410047e+00 3.245195897574708166e+00 -4.980781770207787673e+01
3.062732348560570017e+01 1.477078079420043899e+01 3.628784435220728355e+00 1.477078079420043899e+01 2.003617056043085043e+01 1.722563436962857575e-01 3.628784435220728355e+00 1.722563436962857575e-01 1.277109158006756040e+01
-9.632293243499701063e+00 -9.566135098704258155e-01 5.767010030724325276e+00 -9.566135098704258155e-01 -3.122977882366571478e+01 -1.107089883255076845e+00 5.767010030724325276e+00 -1.107089883255076845e+00 -3.802462827412242774e+01
9.326007902124327842e+00 4.293940207168730261e+00 2.879363683170395039e+00 4.293940207168730261e+00 -3.007356974506329106e+00 3.844746635594360917e+00 2.879363683170395039e+00 3.844746635594360917e+00 -4.069497726175831787e+01
-3.195684296885093545e+01 4.446290102814798750e+00 9.959263380553670331e+00 4.446290102814798750e+00 -2.020775527617522371e+01 -2.314942036704257688e+01 9.959263380553670331e+00 -2.314942036704257688e+01 -2.419675889892972265e+01
-7.599680861020491562e+00 -8.264958153903553040e+00 5.052295179215354537e+00 -8.264958153903553040e+00 -6.194447216178650351e+00 6.502953828833022420e+00 5.052295179215354537e+00 6.502953828833022420e+00 -2.647910456388134648e+01
-6.839307008771616125e+00 7.916358044699923546e+00 6.686412852466210310e+00 7.916358044699923546e+00 -9.965356532485875718e+00 -9.457477079145981236e+00 6.686412852466210310e+00 -9.457477079145981236e+00 -1.026077169763488328e+01
-2.159481581700027775e+01 -1.155129368607764029e+01 7.114555962483224860e+00 -1.155129368607764029e+01 -9.657042481083520258e+00 -2.337207217559714501e+00 7.114555962483224860e+00 -2.337207217559714501e+00 -5.912154933852618655e+01
3.722099381323716472e+01 2.896136381998767551e+00 -2.427340508776836359e+01 2.896136381998767551e+00 1.051433007993301239e+01 -9.452015958833051457e+00 -2.427340508776836359e+01 -9.452015958833051457e+00 -2.742231249198489351e+01
-2.215482507340538376e+01 7.970085007527110132e-01 3.363850675833355730e+00 7.970085007527110132e-01 -2.313494832444504112e+01 -2.925303214291031573e+00 3.363850675833355730e+00 -2.925303214291031573e+00 -3.150577190586911769e+01
-1.205590026490215827e+01 1.731192358058913427e+01 1.624072898956709476e+00 1.731192358058913427e+01 -1.302114838074759717e+01 5.262569207745945832e+00 1.624072898956709476e+00 5.262569207745945832e+00 -2.460754132894976820e+01
-1.809547776670792985e+01 2.279826550914930916e+00 -4.442089339467029774e+00 2.279826550914930916e+00 -3.341150708795159119e+01 -1.532806223959611103e+01 -4.442089339467029774e+00 -1.532806223959611103e+01 -4.978213310551477377e+01
9.597352375773608557e+00 -2.627909516841433035e+00 -5.881378012409538059e+00 -2.627909516841433035e+00 -8.149652541584405441e+00 1.031606916598417634e+01 -5.881378012409538059e+00 1.031606916598417634e+01 -3.489341602872835324e+01
-1.641163285819847673e+01 1.201599831104541849e+01 -2.083660423214010127e+00 1.201599831104541849e+01 -3.495043935754159747e+01 7.989057563453657584e-01 -2.083660423214010127e+00 7.989057563453657584e-01 -6.445499960702539965e+01
6.658322223012967278e+00 -9.327960003413421575e+00 -1.824383228164251136e+01 -9.327960003413421575e+00 4.899043467153560982e+00 -6.473636961007654733e+00 -1.824383228164251136e+01 -6.473636961007654733e+00 -2.253116975013372780e+01
-9.178658302552610948e+00 3.279299231757096589e+00 7.562245824212306289e+00 3.279299231757096589e+00 -1.314835372792182433e+01 9.497752747937804330e+00 7.562245824212306289e+00 9.497752747937804330e+00 -3.340591178596068289e+01
-2.019397118076899034e+01 1.280420954968475833e+01 -1.345590021807118219e+01 1.280420954968475833e+01 -9.756883881796300173e+00 -2.098563951902433189e+01 -1.345590021807118219e+01 -2.098563951902433189e+01 -5.639678121272324773e+01
5.129340652551162094e+01 8.743887446966496668e+00 1.160452142128856501e+01 8.743887446966496668e+00 4.307718278495807596e+01 -1.165827819162666046e+01 1.160452142128856501e+01 -1.165827819162666046e+01 7.499832356016213453e+00
-2.641176853076010467e-01 1.753157430167555830e+01 -1.450015706977402008e+00 1.753157430167555830e+01 -2.138345494419611370e+01 -4.034587265114088495e-01 -1.450015706977402008e+00 -4.034587265114088495e-01 -4.238810024665497167e+01
-4.205259068471399075e+01 1.184763094974455022e+01 -4.530116839122033667e+00 1.184763094974455022e+01 -4.680578507857114090e+01 7.957847287906290035e+00 -4.530116839122033667e+00 7.957847287906290035e+00 -6.373140423925959652e+01
