2.181769529893451676e+01 -1.149547504153517785e+01 -1.195080888211884940e+01 -1.149547504153517785e+01 1.014315218117694606e+01 -4.930005544820964758e+00 -1.195080888211884940e+01 -4.930005544820964758e+00 -3.718542659767361869e+01
-9.481373540541559564e+00 2.598430791334870094e+00 -1.493839176347017128e+00 2.598430791334870094e+00 -7.404338983498327309e+00 -4.172543031405893998e+00 -1.493839176347017128e+00 -4.172543031405893998e+00 1.660604148146313719e+01
-1.939913037490424941e+01 -9.437881140607425223e+00 -1.106462637531748783e+01 -9.437881140607425223e+00 2.339642213193887699e+01 -2.075286860549789125e+01 -1.106462637531748783e+01 -2.075286860549789125e+01 -3.896962654949501115e+01
3.553566909104777949e+01 1.747425321532281117e+01 -3.273379292864074586e+00 1.747425321532281117e+01 1.237434133036181372e+01 -4.382282610837629377e+00 -3.273379292864074586e+00 -4.382282610837629377e+00 -2.331675404136206708e+01
1.030753278690681896e+01 1.768718181401827394e+01 5.734388962733710571e+00 1.768718181401827394e+01 6.936331490213768269e+00 6.666219330281294653e+00 5.734388962733710571e+00 6.666219330281294653e+00 -1.904040964058468122e+00
-2.079538715259011639e+01 1.190609663310867816e+01 -6.112897589498094142e+00 1.190609663310867816e+01 -3.143264922586109478e+01 -4.567382072081723976e+00 -6.112897589498094142e+00 -4.567382072081723976e+00 -5.106070244022475890e+01
4.018206964142912341e+00 -2.095066857424614959e+00 7.879000571425947896e+00 -2.095066857424614959e+00 8.300335788062906950e-01 -2.071829044783670071e+01 7.879000571425947896e+00 -2.071829044783670071e+01 -2.833522335910986456e+01
1.449663842654959289e+01 -1.035762731824771876e+01 -2.977190404077276309e+00 -1.035762731824771876e+01 2.381448449354824959e+01 2.268679280499956974e+01 -2.977190404077276309e+00 2.268679280499956974e+01 2.275875696203954135e+01
1.886490662423648601e+01 4.028731979683198183e+00 4.721039900000884693e+00 4.028731979683198183e+00 -4.260487695461028679e+00 -1.137928628542765175e+01 4.721039900000884693e+00 -1.137928628542765175e+01 1.685392106525600653e+01
-4.232845528556732972e+01 8.796849890822102225e+00 2.338335122442759584e+01 8.796849890822102225e+00 -3.397178692081251228e+01 -2.435872515772668834e+00 2.338335122442759584e+01 -2.435872515772668834e+00 -4.003051526595650245e+01
3.752506985538597206e+01 1.338549620548021846e+00 1.876811269451080832e+01 1.338549620548021846e+00 3.143364792150581977e+01 -1.896580877328715076e+01 1.876811269451080832e+01 -1.896580877328715076e+01 -5.409468430570238517e+00
-2.879398823898698279e+00 -8.414922851225101752e+00 1.995738978601946556e+01 -8.414922851225101752e+00 -1.825159747667580135e+01 1.831094047237530731e+01 1.995738978601946556e+01 1.831094047237530731e+01 7.786794649546162184e+00
4.308970893803273583e+00 1.050506864399435081e+01 -3.584260129902215652e+00 1.050506864399435081e+01 -4.633017891715812020e+00 1.340934940098784622e+01 -3.584260129902215652e+00 1.340934940098784622e+01 -2.739736950118115999e+01
-3.219082415261837582e+01 -1.164503100800031099e+01 9.158102231667315962e+00 -1.164503100800031099e+01 -4.096757869599595381e+01 8.717519316675268470e+00 9.158102231667315962e+00 8.717519316675268470e+00 -6.966650601001251175e+01
-4.272081825231309438e+01 7.234814893298270988e+00 -6.784311027072472911e+00 7.234814893298270988e+00 -1.310647888105597403e+01 -1.278202848156573523e+01 -6.784311027072472911e+00 -1.278202848156573523e+01 -3.877315963545930089e+01
5.535604314660340641e-01 2.833226561448528802e+00 1.094278787116193996e+01 2.833226561448528802e+00 -4.372204469661539861e+00 7.526913258148981711e+00 1.094278787116193996e+01 7.526913258148981711e+00 5.853657883087704406e+00
1.216794060685410095e+01 -4.914728903205968891e+00 2.032626730150073335e+00 -4.914728903205968891e+00 1.556254744876311946e+01 -2.945799255282804907e+01 2.032626730150073335e+00 -2.945799255282804907e+01 -3.033488415923614312e+01
4.763795084973601490e+01 7.128978524457457056e+00 -1.925550370281632340e+01 7.128978524457457056e+00 3.837541892100099972e+01 1.450382313738820095e+01 -1.925550370281632340e+01 1.450382313738820095e+01 -4.272242044152521068e+00
1.646925809928023199e+01 -3.480490123961815385e+01 -2.841430310881649657e+00 -3.480490123961815385e+01 5.362027515843966974e+00 -1.223478663376185693e+01 -2.841430310881649657e+00 -1.223478663376185693e+01 -4.787224697331194534e+01
4.961748334882032196e+01 -2.555170023635810583e+00 9.577718887775021894e-01 -2.555170023635810583e+00 5.012262010001916224e+01 -3.685179594006114723e+00 9.577718887775021894e-01 -3.685179594006114723e+00 -8.282937556033946436e+00
1.724074691256529235e+01 1.120525295892407946e+01 8.111132296345292758e+00 1.120525295892407946e+01 3.480259704880169380e+01 1.088141318345273234e+01 8.111132296345292758e+00 1.088141318345273234e+01 2.707492226357575582e+00
-1.890001786128273764e+01 -1.076732339624639145e+01 -1.883045677352312541e+00 -1.076732339624639145e+01 5.780739877674844429e+00 2.946484395460515326e+00 -1.883045677352312541e+00 2.946484395460515326e+00 -5.675308963263864115e+01
1.346384525853061653e+01 2.342472214430575050e+01 1.268477325392292165e+01 2.342472214430575050e+01 2.865986328979644782e+01 -1.011634017008499065e+01 1.268477325392292165e+01 -1.011634017008499065e+01 -1.714583036040536257e+01
2.307400209348410769e+01 -1.007973258793903426e+01 3.826188823143465534e+00 -1.007973258793903426e+01 1.033130576817656454e+01 -2.157958490339759550e+01 3.826188823143465534e+00 -2.157958490339759550e+01 -5.415058330006187859e+00
2.225259009284162559e+01 2.382032334542149954e+01 -3.252058822842603281e+00 2.382032334542149954e+01 -1.262205254975252089e+01 2.116649037056784088e+00 -3.252058822842603281e+00 2.116649037056784088e+00 -4.084771079771491742e+01
-1.432872833122026712e+01 1.419424732641855869e+00 1.736950999462722356e+00 1.419424732641855869e+00 -1.449662642097746001e+01 -5.663748181747908506e-01 1.736950999462722356e+00 -5.663748181747908506e-01 -1.238843049459542733e+01
-7.006767553056111986e+00 1.359350288614878721e+01 2.928593994785160604e+01 1.359350288614878721e+01 6.911620333809797678e+00 3.304341822455588495e+00 2.928593994785160604e+01 3.304341822455588495e+00 -1.986586538443327399e+01
2.695474629829098134e+01 5.878248313392961499e+00 1.651750718347664515e+00 5.878248313392961499e+00 2.477697560128286725e+01 1.906511897953727441e+00 1.651750718347664515e+00 1.906511897953727441e+00 1.946358143124916396e+01
-1.197040146136522765e+01 6.043342459931201560e+00 -2.746515543170030327e+01 6.043342459931201560e+00 -2.923473392891575151e-01 -1.060619137532235889e+01 -2.746515543170030327e+01 -1.060619137532235889e+01 -2.567310021567698897e+01
-3.672991366447287476e+01 -1.140066696554476522e+01 -8.241652990946205293e+00 -1.140066696554476522e+01 -4.567855345010225676e+01 2.685371651705978735e+01 -8.241652990946205293e+00 2.685371651705978735e+01 -6.291909806457776000e+01
-4.498813517077316959e+01 8.082335573743977264e+00 -2.640529270427270703e+00 8.082335573743977264e+00 -2.145207449304710856e+00 -1.514906008865280818e+00 -2.640529270427270703e+00 -1.514906008865280818e+00 -4.866359207493556482e+01
-1.184708158404196077e+01 6.161352221887957725e+00 -1.347796086677849026e+01 6.161352221887957725e+00 -3.087750520749423444e+01 6.413578328408581442e+00 -1.347796086677849026e+01 6.413578328408581442e+00 -4.180033401401086479e+01
-6.293805662623863206e+00 -1.613765149893281858e+01 -3.501432115381140964e+00 -1.613765149893281858e+01 2.749377376883345381e+00 6.557116680061696457e+00 -3.501432115381140964e+00 6.557116680061696457e+00 -5.014660331343614530e+01
-6.888053956689835999e+00 1.272672399493994888e+01 1.062604906120956549e+01 1.272672399493994888e+01 -4.041759196470319182e+01 -5.278200632009673043e+00 1.062604906120956549e+01 -5.278200632009673043e+00 -5.681767908673912615e+01
3.022878665986254987e+01 8.403168163613907726e-01 2.683340227631147101e+00 8.403168163613907726e-01 5.221932001511171961e+01 8.221148381089015800e+00 2.683340227631147101e+00 8.221148381089015800e+00 3.832534300625597012e+01
3.829436989062684660e+01 4.066799963894029979e+00 2.595952533490970993e+00 4.066799963894029979e+00 4.769447812041767065e+01 -1.454106418206052354e+01 2.595952533490970993e+00 -1.454106418206052354e+01 1.230674938527449847e+01
-2.622656121942827667e+01 1.709823899996972685e+01 1.294158034712712180e+01 1.709823899996972685e+01 -8.541137717479726277e+00 -2.195684420113442670e+00 1.294158034712712180e+01 -2.195684420113442670e+00 -6.263699130155687556e+01
-6.003043275612354535e+01 9.242501632393379296e+00 -7.321540752386241024e+00 9.242501632393379296e+00 -1.737552041150550508e+01 1.839846615753896586e+01 -7.321540752386241024e+00 1.839846615753896586e+01 -6.705111791631009055e+01
1.587979790042281891e+01 -2.127273144004604788e+01 1.211498323448532588e+01 -2.127273144004604788e+01 2.087115130608836822e+01 7.280091512354968097e-01 1.211498323448532588e+01 7.280091512354968097e-01 -1.461503562237183118e+01
1.838441620177305680e+01 4.149576582154695714e+00 6.494269349118074963e+00 4.149576582154695714e+00 1.140541282727901695e+01 9.214736831330981204e+00 6.494269349118074963e+00 9.214736831330981204e+00 -3.259002060208420204e+01
-2.782769728962357547e+01 9.454970479139790385e+00 -3.785180528609446871e+00 9.454970479139790385e+00 -1.295567831477904797e+01 -4.078542993234957059e+00 -3.785180528609446871e+00 -4.078542993234957059e+00 -5.779236119321220855e+01
-1.952277320333041910e+00 9.405834221000946016e+00 -5.751908985582319112e+00 9.405834221000946016e+00 -1.358841461829119446e+01 -8.265236939652682580e+00 -5.751908985582319112e+00 -8.265236939652682580e+00 -2.451984427250116738e+01
-3.219470220931707871e+01 -2.785564145833560801e+01 -9.942470320988691768e+00 -2.785564145833560801e+01 -5.433775072786376370e+01 -1.117475973643375120e+01 -9.942470320988691768e+00 -1.117475973643375120e+01 -2.301229535891022948e+01
1.761571192468381852e+01 7.114590285800775682e+00 -7.107965225788097641e+00 7.114590285800775682e+00 1.898195847281777660e+01 1.728576386011302901e+01 -7.107965225788097641e+00 1.728576386011302901e+01 7.463890121988683291e+00
5.681224151500707364e+00 6.350242515556042910e+00 1.177558778277153273e+00 6.350242515556042910e+00 8.487685499044053117e+00 6.505731440144126410e+00 1.177558778277153273e+00 6.505731440144126410e+00 -1.288874986729124927e+01
-1.198011828325474148e+01 -1.094046000139775288e+01 5.588075587864469007e+00 -1.094046000139775288e+01 -1.783752288985094125e+01 -1.067373301323063650e+01 5.588075587864469007e+00 -1.067373301323063650e+01 -5.685028000913830226e+01
1.033431031283416762e-01 -1.701156355679941612e+01 -1.434258231094245595e+01 -1.701156355679941612e+01 -6.869243837898682870e+00 -6.622822620345352185e+00 -1.434258231094245595e+01 -6.622822620345352185e+00 -2.359891551763835338e+01
-2.233122259265528697e+01 -1.540808477040787362e-02 -2.700392783817906306e+01 -1.540808477040787362e-02 -1.604594143524900707e+00 -9.783776209463711737e+00 -2.700392783817906306e+01 -9.783776209463711737e+00 -4.803616899091608161e+01
8.364054278026456402e+00 -5.458556331467994127e+00 1.492696960395510919e+00 -5.458556331467994127e+00 -5.051567334409708820e+01 7.285984257296322930e+00 1.492696960395510919e+00 7.285984257296322930e+00 -8.000194448600363728e+01
-2.848402431175383498e+01 1.681650428559249022e+01 -1.224725865048697848e+01 1.681650428559249022e+01 -4.566470388631999100e+01 -1.539382772823340018e+00 -1.224725865048697848e+01 -1.539382772823340018e+00 -5.387695376711005935e+01
1.821764269541095871e+01 -1.293428680597505043e+01 1.026937967370317928e+01 -1.293428680597505043e+01 -1.295443895806190326e+01 -5.443182271144396900e+00 1.026937967370317928e+01 -5.443182271144396900e+00 -1.175722166152402259e+01
-2.342280198412938930e+01 4.365228863342426990e+00 -2.044094160890592704e+01 4.365228863342426990e+00 -8.883347580198622140e+00 -2.060002195386413959e+01 -2.044094160890592704e+01 -2.060002195386413959e+01 -5.302061918409410879e+01
1.636215189776468648e+01 -3.651413380381265950e-01 -7.725552693179939645e+00 -3.651413380381265950e-01 -1.568202165805331560e+01 3.178271667417366331e+00 -7.725552693179939645e+00 3.178271667417366331e+00 -4.080673906060741984e+01
-1.205409603390435080e+01 -1.121143083179147837e+01 9.401756108054108552e+00 -1.121143083179147837e+01 -1.405714006640165081e+01 -1.161415679784422572e+01 9.401756108054108552e+00 -1.161415679784422572e+01 -2.449642852914741908e+01
-3.390012085566988631e+00 -8.357882241100446308e+00 -1.658842425029608236e+01 -8.357882241100446308e+00 -1.868757004415252965e+01 1.228679427426111026e+01 -1.658842425029608236e+01 1.228679427426111026e+01 -3.178700981372515244e+01
2.160376667726401934e+01 1.208342364742832942e+01 7.939594814836837600e+00 1.208342364742832942e+01 1.850933738952263496e+01 -9.038761603179434445e+00 7.939594814836837600e+00 -9.038761603179434445e+00 -5.056496104659736979e+00
-2.012970049896631508e+01 -1.125276603782678464e+01 -2.536692073450582535e-02 -1.125276603782678464e+01 -2.604229082237805670e+01 9.126780032925195130e+00 -2.536692073450582535e-02 9.126780032925195130e+00 -1.540969020416228474e+01
-3.220862736550871830e+01 8.429199356774550012e+00 -1.203576978195431124e+01 8.429199356774550012e+00 -1.685425280242118617e+01 -8.305697919654315697e+00 -1.203576978195431124e+01 -8.305697919654315697e+00 -8.295610509128302112e+00
6.226342044417960864e+01 2.022147994650006808e+01 9.712410745049565586e-01 2.022147994650006808e+01 5.389686158204641941e+01 -8.360785726934350848e+00 9.712410745049565586e-01 -8.360785726934350848e+00 6.087519347529548952e+01
-4.394766282696019744e+01 5.235683434254312374e+00 -7.115257988958036073e+00 5.235683434254312374e+00 -4.724560569167073254e+01 1.143167478679143656e+01 -7.115257988958036073e+00 1.143167478679143656e+01 -5.994617237451794267e+01
-5.761713812252396849e+01 4.447278598568597197e+00 7.030989502246665079e-01 4.447278598568597197e+00 -5.196971398066774128e+01 3.050262555077313920e+00 7.030989502246665079e-01 3.050262555077313920e+00 -6.699360698367239308e+01
-1.868274937835385074e+01 -2.160965804323974560e+00 3.343515557066934374e+00 -2.160965804323974560e+00 -3.522193992559463283e+01 -2.256506661718547591e+01 3.343515557066934374e+00 -2.256506661718547591e+01 -3.492090380296377816e+01
2.957735133384626991e+01 1.181210386492072395e+01 1.039557924976169900e+01 1.181210386492072395e+01 3.618907196440031981e+01 -8.344751224204079776e+00 1.039557924976169900e+01 -8.344751224204079776e+00 -2.341296590745581341e+01
-4.110367091878735124e+01 6.469906496445262611e+00 -4.723022319993662954e+00 6.469906496445262611e+00 -1.816251660089777431e+01 1.411451737672895490e+01 -4.723022319993662954e+00 1.411451737672895490e+01 -5.144789533851346874e+01
4.613218286935604340e+01 3.156992402399362962e+00 1.874573886401216782e+01 3.156992402399362962e+00 5.725000423521446180e+01 1.185646117242804642e+01 1.874573886401216782e+01 1.185646117242804642e+01 8.520528327515796363e+00
-1.989508205214377323e+00 1.087964901483840618e+00 -1.256181743851677446e+01 1.087964901483840618e+00 -2.074287287595012685e+01 -7.388901532778963777e+00 -1.256181743851677446e+01 -7.388901532778963777e+00 -4.825675038634025071e+01
-1.072329135792733901e+01 -1.829223548113944986e+01 1.705600791773791514e+01 -1.829223548113944986e+01 -1.056010805334452662e+01 7.530792237831517966e+00 1.705600791773791514e+01 7.530792237831517966e+00 -1.722467335256021670e+01
1.978270517860300970e+01 4.826690324424372847e+00 1.109715522495548612e+01 4.826690324424372847e+00 2.897945546357095736e+01 4.065156819365106089e-01 1.109715522495548612e+01 4.065156819365106089e-01 -1.064754266371767066e+01
1.540384979673458510e+01 -1.659848812239536731e+00 1.538312472455725377e+01 -1.659848812239536731e+00 -4.400533813916912784e+00 -9.475910944657593760e+00 1.538312472455725377e+01 -9.475910944657593760e+00 -1.575243895449544951e+01
5.821389517806624170e+00 1.138386030561220608e+01 6.965682758238804340e+00 1.138386030561220608e+01 3.787818854067424468e+01 -3.977356110451436333e+00 6.965682758238804340e+00 -3.977356110451436333e+00 -3.574197236155237078e+01
-1.506847879728494100e+01 7.593559009771878365e+00 7.021109279998809516e-01 7.593559009771878365e+00 -1.771676103374689504e+01 9.872667718059082720e-01 7.021109279998809516e-01 9.872667718059082720e-01 -1.634218423819348232e+01
-2.164398651467456958e+01 8.007464582372517015e+00 1.840460720175880382e+01 8.007464582372517015e+00 6.084830261198688639e+00 -7.614071153750945342e-01 1.840460720175880382e+01 -7.614071153750945342e-01 -4.556460868564793998e+01
-2.703609333761248834e+01 2.364916078407744493e+01 -8.347897672009812808e+00 2.364916078407744493e+01 -3.006401713811432330e+01 -1.630018456777942859e+01 -8.347897672009812808e+00 -1.630018456777942859e+01 -2.500577280241529365e+01
1.677087140023499146e+01 -6.623282072265348930e+00 -4.789096050462708365e-01 -6.623282072265348930e+00 2.940819925207924257e+01 8.659706040957192152e-02 -4.789096050462708365e-01 8.659706040957192152e-02 -1.540439358637799927e+01
3.288632717388784954e+01 1.025506722723252295e+01 -9.048061897546336496e+00 1.025506722723252295e+01 5.244020733133767465e+01 -3.081155628730377405e+00 -9.048061897546336496e+00 -3.081155628730377405e+00 -1.262876462423847279e+01
4.226681899814994203e+00 -4.099046167199744239e+00 5.545940456512989947e+00 -4.099046167199744239e+00 -1.033710453215002723e+01 -2.719191908227421184e+00 5.545940456512989947e+00 -2.719191908227421184e+00 1.985482847742616741e+01
-5.186114264016676145e+01 6.796542685720401877e+00 -1.102241611957142542e+00 6.796542685720401877e+00 -5.232858699812592818e+01 1.148660256718043549e+01 -1.102241611957142542e+00 1.148660256718043549e+01 -6.107601438024335749e+01
-9.147378215807711044e+00 -1.419191983756125808e+01 -4.357784051197665320e+00 -1.419191983756125808e+01 -1.901845288774538290e+01 4.339747685000115318e+00 -4.357784051197665320e+00 4.339747685000115318e+00 -4.000221461719092275e+01
5.706406787129208169e+01 -3.768768898986306626e-01 -2.727646402492075595e+01 -3.768768898986306626e-01 6.066985935878489045e+01 -1.882374646270633944e-01 -2.727646402492075595e+01 -1.882374646270633944e-01 3.083023334268539628e+01
-2.373354697024063142e+01 2.574399548884286570e+00 -3.472933031111260505e+00 2.574399548884286570e+00 -1.305848871545645373e+01 -1.526833743539218524e+00 -3.472933031111260505e+00 -1.526833743539218524e+00 -3.767677014887054554e+01
-3.415487183698656004e+00 1.984284787562566876e+00 -6.919728737718645606e-01 1.984284787562566876e+00 -2.197018964186281664e+01 3.790733622728865715e+00 -6.919728737718645606e-01 3.790733622728865715e+00 -5.368007708496048735e+01
6.490135073419471823e+00 -1.285607344865017687e+01 -7.790992504014936593e+00 -1.285607344865017687e+01 3.429828963606723846e+01 8.353645314103676611e+00 -7.790992504014936593e+00 8.353645314103676611e+00 -3.137744968675322355e+01
-1.668466295719926507e+01 1.649044623162288659e+01 7.249467832857978244e+00 1.649044623162288659e+01 -1.362642484147379029e+01 -7.573837687587807288e+00 7.249467832857978244e+00 -7.573837687587807288e+00 -1.304203706394151219e+01
1.340056743631051006e+01 -5.898830848989328857e+00 2.709968611534137750e+01 -5.898830848989328857e+00 3.455427545007226797e+01 1.130475139916376159e+00 2.709968611534137750e+01 1.130475139916376159e+00 -1.293732136762041662e+01
5.190291051690654456e+01 1.436774372382825238e+00 1.684208916464105954e+01 1.436774372382825238e+00 7.002211038774916574e+01 6.034394983958280001e-01 1.684208916464105954e+01 6.034394983958280001e-01 9.793928476414361484e+00
-3.397205775878309453e+01 6.819023913468380549e+00 -5.411065174279930723e+00 6.819023913468380549e+00 -3.995378471288101707e+01 -1.277762145171851316e+01 -5.411065174279930723e+00 -1.277762145171851316e+01 -8.414384639981233249e+01
1.581217656523524795e+01 2.472917274135539856e+01 9.251787016218630200e+00 2.472917274135539856e+01 2.897312501138758734e+01 1.142690826549778649e+01 9.251787016218630200e+00 1.142690826549778649e+01 -5.531972408011835540e+00
2.059840306722287906e+01 3.765773271504693209e+00 -9.172917020051135850e+00 3.765773271504693209e+00 3.022889184238983873e+01 7.170905897722984257e+00 -9.172917020051135850e+00 7.170905897722984257e+00 1.224558415932366628e+01
1.572672113701858265e+01 -4.318404083683555217e-01 -1.959422140584103289e+01 -4.318404083683555217e-01 1.269258562311870620e+01 -7.399950210489260272e+00 -1.959422140584103289e+01 -7.399950210489260272e+00 -8.474722505754993307e+00
2.011162334514644989e+00 -1.087538494086030028e+01 -4.213475725219002932e+00 -1.087538494086030028e+01 -1.141936863381081135e+00 1.160538716646242419e+00 -4.213475725219002932e+00 1.160538716646242419e+00 -8.817781775270933764e+00
-4.494751409423656696e+00 -2.726692715259471811e+01 1.228689450123594362e+01 -2.726692715259471811e+01 -1.254622813428206918e+00 -7.900918286886033037e+00 1.228689450123594362e+01 -7.900918286886033037e+00 -2.793144260547649793e+01
-1.090419546828632402e+00 -2.187720921898796078e+00 -1.024587963427693715e+01 -2.187720921898796078e+00 -9.922866980476381826e+00 1.201420620086445901e+01 -1.024587963427693715e+01 1.201420620086445901e+01 -1.635116613207115988e+00
-4.677790945791249300e+01 -3.535773463653941739e+00 -4.570493218673609803e+00 -3.535773463653941739e+00 -1.376153166915362647e+01 -8.841946468077823695e-01 -4.570493218673609803e+00 -8.841946468077823695e-01 -6.076510707520077403e+01
-3.272767620212277251e+01 5.191096726899913527e+00 1.412548744538354306e+01 5.191096726899913527e+00 -2.112571409109594001e+01 5.324498604950728797e+00 1.412548744538354306e+01 5.324498604950728797e+00 -3.891680855202184119e+01
1.362995176781573647e+01 -8.559936749643357601e+00 2.142999408332337907e+01 -8.559936749643357601e+00 4.557640473470666365e+00 -2.329961468564647920e+00 2.142999408332337907e+01 -2.329961468564647920e+00 1.837345618817458259e+01
3.763359954727147283e+01 1.443640904741518760e+01 -1.629316658781151839e+00 1.443640904741518760e+01 2.671198866751304024e+01 -7.002839861023705481e+00 -1.629316658781151839e+00 -7.002839861023705481e+00 3.654031655360156350e+01
-1.659653196516271478e+01 -1.942000630564514552e+00 2.900719192148363268e-01 -1.942000630564514552e+00 -3.002214615681206666e+01 1.191141574747434539e+01 2.900719192148363268e-01 1.191141574747434539e+01 -1.779369967373172301e+01
-2.314437748432511821e+00 -1.671564473155546793e+01 -1.626141553794466432e+01 -1.671564473155546793e+01 4.285142923330884202e+00 9.968876466510000256e+00 -1.626141553794466432e+01 9.968876466510000256e+00 -2.113330183222282344e+01
8.018710046588509499e+00 2.448522730891160748e+01 1.581853026993850087e+01 2.448522730891160748e+01 1.664977797230365653e+01 7.278392499428880669e-01 1.581853026993850087e+01 7.278392499428880669e-01 -1.631060856709229157e+01
7.058070198791507721e+01 5.812262049630228411e+00 -1.155456283777104076e+00 5.812262049630228411e+00 4.591014725701474219e+01 -7.463337001331528775e+00 -1.155456283777104076e+00 -7.463337001331528775e+00 4.346204407733050346e+01
