-3.164907531340311220e+00 1.659060592460272821e+00 -5.816310423091313631e+00 1.659060592460272821e+00 -3.763781020425520207e+00 -3.944716965740204362e+00 -5.816310423091313631e+00 -3.944716965740204362e+00 -4.875384929292687985e+01
4.150862381836601500e+00 1.408314793223788541e+01 1.071098321812683807e+01 1.408314793223788541e+01 -1.100193998764452097e+01 8.915170669763337941e+00 1.071098321812683807e+01 8.915170669763337941e+00 -4.227414882716450961e+01
2.180899836237139411e+01 1.041318095885692863e+01 7.880303343520089321e+00 1.041318095885692863e+01 1.791038414372921883e+00 9.047172962288446030e+00 7.880303343520089321e+00 9.047172962288446030e+00 -3.174851237389625780e+01
3.043153350158204873e+01 9.382135016002679961e+00 -1.327515368879373803e+01 9.382135016002679961e+00 4.005301384140607013e+01 1.055318973256314408e+01 -1.327515368879373803e+01 1.055318973256314408e+01 1.396234976423656171e+01
3.553160715341643794e+01 5.395796494916551111e+00 2.363063074464473168e-01 5.395796494916551111e+00 3.391034217199980105e+01 -8.092024301235980488e+00 2.363063074464473168e-01 -8.092024301235980488e+00 -5.078208966201886554e+00
2.807053797557327002e+01 -1.712961932600492077e+01 9.410746178004384177e+00 -1.712961932600492077e+01 2.808924646703382777e+01 -7.678650560955593285e-01 9.410746178004384177e+00 -7.678650560955593285e-01 4.461419449280458416e+00
5.598347316669035401e+00 -1.300625314872968907e+01 -2.846276285773376458e+01 -1.300625314872968907e+01 -1.477266344257122732e+01 -2.312622598607137370e+00 -2.846276285773376458e+01 -2.312622598607137370e+00 -5.804396424098884921e+01
-3.247189239779981307e+01 -1.028128882651877163e+01 8.977060269292785222e+00 -1.028128882651877163e+01 -2.203984381418536920e+00 -1.463859001365909229e+01 8.977060269292785222e+00 -1.463859001365909229e+01 -3.511420389618735527e+01
2.986806005704233602e+00 2.488481822335259164e+00 -4.017468299662377618e+00 2.488481822335259164e+00 8.857725792445622304e+00 -1.008182418050987827e+01 -4.017468299662377618e+00 -1.008182418050987827e+01 1.766726931218170193e+01
2.600021177247839788e+01 3.737108738725133605e+00 -7.732619079912212534e+00 3.737108738725133605e+00 3.437222016315651274e+01 1.229574125285196118e+01 -7.732619079912212534e+00 1.229574125285196118e+01 -1.049478331263379083e+01
-1.711565556867816795e+01 3.098350292604297174e+00 1.890061649793917331e+00 3.098350292604297174e+00 -2.036594720888618326e+01 -4.783550591209903224e+00 1.890061649793917331e+00 -4.783550591209903224e+00 -5.866668675697699342e+01
-1.355152528700928194e+01 1.745445470484742412e+00 -2.069717777605607711e+00 1.745445470484742412e+00 -9.457354739010536804e+00 1.206719263227323502e+01 -2.069717777605607711e+00 1.206719263227323502e+01 -2.771785795157622800e+01
2.641897453939848983e+00 4.209456864248669383e+00 1.275264255538825386e+00 4.209456864248669383e+00 -5.162390070547147936e+00 2.524834657340736754e+00 1.275264255538825386e+00 2.524834657340736754e+00 -9.752023615584962002e+00
-3.617073620433144754e+01 -3.842176724822088829e+00 -9.625760164904356486e+00 -3.842176724822088829e+00 -1.907485775529248784e+01 2.773455163906801246e+00 -9.625760164904356486e+00 2.773455163906801246e+00 -6.127058799029290981e+01
-2.923612044164469381e+01 5.453070331668707027e+00 1.049147513827350497e+00 5.453070331668707027e+00 -6.575612666816292418e+00 -3.284267869358380665e+00 1.049147513827350497e+00 -3.284267869358380665e+00 -4.298901204844319146e+00
-1.880617424343678934e+01 8.668344596528180901e+00 -6.319670466392603991e+00 8.668344596528180901e+00 -4.217585798089654503e+00 -4.097376003274805889e+00 -6.319670466392603991e+00 -4.097376003274805889e+00 -3.267878833397449778e+00
-3.799303413988364753e+01 1.588239657986944442e+00 3.430639693681020397e+00 1.588239657986944442e+00 -1.778047528753542039e+01 -3.516770431720485757e+00 3.430639693681020397e+00 -3.516770431720485757e+00 -1.223952171211657181e+01
-2.102629256894215093e+00 1.394419548970370926e+01 -1.742036721545025557e+01 1.394419548970370926e+01 1.404303027154031547e+01 -2.193662218454873525e+00 -1.742036721545025557e+01 -2.193662218454873525e+00 2.603079093821318324e+01
-1.227742306363305325e+01 -3.669754095603016353e+00 1.816676159972564619e+01 -3.669754095603016353e+00 -2.822432849503337238e+01 5.727751049766801827e+00 1.816676159972564619e+01 5.727751049766801827e+00 -4.455786083242301743e+00
2.727682876450882254e+00 1.862888098539414061e+00 1.454763721661796350e+00 1.862888098539414061e+00 1.183650526446490581e+01 4.993729355910555334e+00 1.454763721661796350e+00 4.993729355910555334e+00 -2.681653627669854600e+01
-2.689329205348380114e+01 5.689654080790741197e+00 -2.789145268024962321e-01 5.689654080790741197e+00 -5.475861871129324498e+01 9.055499232093477957e+00 -2.789145268024962321e-01 9.055499232093477957e+00 -4.018440946557303306e+01
-2.728861915764826662e+01 -2.187088290706526994e+00 -7.398743965989124760e+00 -2.187088290706526994e+00 -1.757002161403563800e+00 -5.724820184135617218e+00 -7.398743965989124760e+00 -5.724820184135617218e+00 -2.423775944265174065e+00
-1.167879011175503123e+01 1.788889819034316986e+01 -4.705589612396050114e+00 1.788889819034316986e+01 8.771149840564060440e+00 -5.629955779215842782e+00 -4.705589612396050114e+00 -5.629955779215842782e+00 1.533223062332548814e+01
1.588248550596406261e+01 3.450435201884661129e+00 -2.933899774168125862e+00 3.450435201884661129e+00 2.581159849287605823e+01 2.794708763272548691e+00 -2.933899774168125862e+00 2.794708763272548691e+00 1.546447666327211756e+01
-1.683403051195138289e+01 1.024551309054786508e+01 -5.050255315159279057e+00 1.024551309054786508e+01 -1.071224105124603021e+01 -2.580459538131837594e+00 -5.050255315159279057e+00 -2.580459538131837594e+00 -1.306555119703253176e+01
-2.949448777064757010e+01 -2.959157426641928268e+00 -9.475504890075146847e+00 -2.959157426641928268e+00 -1.637267963510178603e+01 7.588830341622524678e+00 -9.475504890075146847e+00 7.588830341622524678e+00 -5.456347650103445801e+00
8.698247743698127366e+00 -5.237814453679765947e+00 1.302065498285703171e+01 -5.237814453679765947e+00 6.696843980616726810e+00 -4.684711016404545347e+00 1.302065498285703171e+01 -4.684711016404545347e+00 -3.964878062786596047e+01
-2.121549193918089493e+00 -9.347169991403203593e-01 -1.988740854333527430e+00 -9.347169991403203593e-01 3.058635870146995561e+00 1.351731212324557418e+01 -1.988740854333527430e+00 1.351731212324557418e+01 -1.701289090709815710e+01
-1.479139351394676005e+01 1.488952147665326109e+01 -6.713495454204090329e-01 1.488952147665326109e+01 -2.917420776561018769e+01 4.817443608225702167e-02 -6.713495454204090329e-01 4.817443608225702167e-02 1.887045200109575438e+00
-2.485914046688175816e+01 1.634896477784228530e+00 8.035902969045066513e+00 1.634896477784228530e+00 -2.070899373222246709e+00 -2.045320461609606788e+00 8.035902969045066513e+00 -2.045320461609606788e+00 8.231264194088771191e+00
-4.084714069114113499e+00 1.190391395138618691e+01 6.404005881854980764e+00 1.190391395138618691e+01 1.598350829386997241e+01 3.035691821170444893e+00 6.404005881854980764e+00 3.035691821170444893e+00 2.636375403685900309e+01
3.109890428396599305e+01 8.878454082716531914e+00 3.278199241987991730e+00 8.878454082716531914e+00 3.808320183798587522e+01 -3.011571614308643063e+00 3.278199241987991730e+00 -3.011571614308643063e+00 -6.021257629806270328e-01
1.800545162618838546e+01 3.094991093484123823e+00 3.074647721547402179e-01 3.094991093484123823e+00 1.394698928864558773e+01 -3.569952318840087457e+00 3.074647721547402179e-01 -3.569952318840087457e+00 -6.146173973326735762e+00
-4.118186215820659868e+01 8.547646324251781280e+00 2.485505869617394836e-01 8.547646324251781280e+00 -3.213440994105079795e+01 -1.942635324773215322e+00 2.485505869617394836e-01 -1.942635324773215322e+00 -2.217654349844520922e+01
3.946014220076523316e+01 -1.178044613187030798e+00 4.989225878965339867e+00 -1.178044613187030798e+00 3.265018810158646545e+01 8.174124713719889357e+00 4.989225878965339867e+00 8.174124713719889357e+00 8.365818812190184417e+00
-5.914950736606682469e+00 -8.920513946966552865e+00 -3.164589265549848651e+00 -8.920513946966552865e+00 8.875919416232671111e+00 -9.263998533084613074e-01 -3.164589265549848651e+00 -9.263998533084613074e-01 -5.316686093326414664e+01
-1.468706504429944104e+01 6.135807107027980045e+00 -2.823829619469023111e+00 6.135807107027980045e+00 5.052170840204163405e+00 -4.111810295456888475e+00 -2.823829619469023111e+00 -4.111810295456888475e+00 9.624938042233656788e+00
7.999667116794801025e+00 5.060980678791373144e+00 -6.086814090189513138e+00 5.060980678791373144e+00 1.475333937492078640e+01 1.411632969911174484e+00 -6.086814090189513138e+00 1.411632969911174484e+00 2.603314693200456276e+00
3.768336647765010383e+01 -5.129066930891817755e+00 3.426640552391352124e+00 -5.129066930891817755e+00 2.877189373108514658e+01 -1.704820182912571624e+01 3.426640552391352124e+00 -1.704820182912571624e+01 -2.038853320673987835e+00
-6.569411541777082419e+00 3.328530260682159625e+00 7.203691120403479253e+00 3.328530260682159625e+00 -2.002725734808396396e+01 1.466123939699051082e+00 7.203691120403479253e+00 1.466123939699051082e+00 9.732285580377664225e-01
-3.165201348382164426e+01 -5.206657087547072571e+00 2.853790641740751699e+00 -5.206657087547072571e+00 -2.036476490154532115e+01 -6.585074294632059733e+00 2.853790641740751699e+00 -6.585074294632059733e+00 -2.211961808794191597e+01
1.406738340312673152e+01 -8.937628791920570137e+00 -8.686982546376038172e+00 -8.937628791920570137e+00 3.340064784653367091e+00 5.510660589687347510e+00 -8.686982546376038172e+00 5.510660589687347510e+00 -1.983047545832144110e+01
-1.415965278018725115e+01 -4.923345622910984432e+00 3.966787545361398770e+00 -4.923345622910984432e+00 -1.420781592808071991e+01 -6.257471364454050722e+00 3.966787545361398770e+00 -6.257471364454050722e+00 -3.935648394028192598e+01
2.178647078734866582e+01 -9.931899214952348842e+00 1.146457879413542535e+01 -9.931899214952348842e+00 2.332883695895769938e-01 1.380434525424949488e+00 1.146457879413542535e+01 1.380434525424949488e+00 -3.807207719907616195e+01
-6.691595318173156670e+00 -3.340088527741483126e+00 -1.309272976877670125e+01 -3.340088527741483126e+00 9.542101163986638213e+00 3.231417679496195294e+00 -1.309272976877670125e+01 3.231417679496195294e+00 -4.802153365696575094e+01
9.274388887135501802e-01 8.025603210851613767e+00 1.822992513632729938e+01 8.025603210851613767e+00 -5.311377516611625715e+00 -2.235706254578064822e+00 1.822992513632729938e+01 -2.235706254578064822e+00 1.567838258453856781e+01
-2.254168707981087039e+01 2.535991543337784648e+00 -6.358753794472150611e-01 2.535991543337784648e+00 -9.488959597128648227e+00 -4.534770530970334557e-01 -6.358753794472150611e-01 -4.534770530970334557e-01 3.808732706832499204e+00
1.538444681128797598e+01 1.105822908227813350e+01 5.396327716136988251e+00 1.105822908227813350e+01 1.634975585525748443e+01 5.834016578281103760e-01 5.396327716136988251e+00 5.834016578281103760e-01 -2.420848778228823406e+01
6.377646916779153408e+00 3.259554322572187246e+00 -9.188396866753434367e+00 3.259554322572187246e+00 2.253154692519824209e+01 7.435228709898336952e+00 -9.188396866753434367e+00 7.435228709898336952e+00 -3.778011456897370390e+00
2.119683562503550078e+01 -6.105134764293977057e+00 6.140392531657025366e+00 -6.105134764293977057e+00 4.501954553169820628e+00 7.907410187879025942e-01 6.140392531657025366e+00 7.907410187879025942e-01 -1.807511502029475992e+01
5.927949342589179338e+01 4.462617672348032083e-01 -1.666929357263466027e+00 4.462617672348032083e-01 6.259563899171225643e+01 -5.375371925211047675e+00 -1.666929357263466027e+00 -5.375371925211047675e+00 8.639702716565567542e+00
6.590243136567939253e+00 8.274083633971835994e+00 -1.299065214594338080e+01 8.274083633971835994e+00 -1.213128177894605919e+01 3.830585232203144730e-01 -1.299065214594338080e+01 3.830585232203144730e-01 6.830875489395824118e+00
-1.919766973804859944e+01 4.639549895104438271e+00 1.036705998221648217e+00 4.639549895104438271e+00 -2.536033011263115355e+01 8.412065517412710136e+00 1.036705998221648217e+00 8.412065517412710136e+00 -2.856649428502108279e+01
-5.304269272698329019e+01 2.434607211410189542e+00 -1.083153928745828409e+01 2.434607211410189542e+00 -3.604924378192736611e+01 -5.126608050330924371e+00 -1.083153928745828409e+01 -5.126608050330924371e+00 -5.484408449433649935e+01
3.253207645027838435e+00 3.759842065279277001e+00 5.848101811214923451e+00 3.759842065279277001e+00 2.381226636349382986e+01 2.449902872432508094e-01 5.848101811214923451e+00 2.449902872432508094e-01 3.130862958860699408e+01
-1.650991685856296343e+01 -9.959316604787508354e+00 -1.395160666530938087e+01 -9.959316604787508354e+00 -2.148330969675447832e+01 -2.022631159358090258e+01 -1.395160666530938087e+01 -2.022631159358090258e+01 -6.425029383821338058e+01
-3.154308161338930550e+00 5.720229626194304196e+00 -7.632991130595042861e+00 5.720229626194304196e+00 -1.155983136304293701e+01 -2.248958696986179717e+01 -7.632991130595042861e+00 -2.248958696986179717e+01 -5.885083408324960885e+01
3.589752212191843483e+01 -3.091214607988338692e+00 -9.888873462975587003e+00 -3.091214607988338692e+00 3.918521342107248984e+01 -7.595565417563340915e+00 -9.888873462975587003e+00 -7.595565417563340915e+00 -6.330280059376288015e+00
-6.851513348517499935e+00 9.900984094914583977e+00 -2.018979473997781682e+01 9.900984094914583977e+00 -1.430377601612000760e+01 3.008417636611813162e+00 -2.018979473997781682e+01 3.008417636611813162e+00 1.207241553177512472e+01
8.696953760027502867e+00 5.869005825305491975e+00 7.203365759528141954e-01 5.869005825305491975e+00 1.177219178254044785e+01 -5.847601530694154226e-01 7.203365759528141954e-01 -5.847601530694154226e-01 -1.974356515279053426e+01
5.274834193609124355e+01 1.065731544794705332e+00 -5.475698269337033075e+00 1.065731544794705332e+00 5.009306642921250585e+01 2.677541163114947054e+00 -5.475698269337033075e+00 2.677541163114947054e+00 1.591893538787117812e+01
2.053024830065701778e+01 1.186082805140031482e+01 -1.572183256939177198e+01 1.186082805140031482e+01 4.244650141920078390e+00 -2.283045317676247521e+00 -1.572183256939177198e+01 -2.283045317676247521e+00 8.688941151279276909e+00
-9.106419295119762225e+00 1.008307900873824181e+01 -5.959730911033540579e+00 1.008307900873824181e+01 -1.653437335531410213e+01 9.914598406473442704e-01 -5.959730911033540579e+00 9.914598406473442704e-01 -5.131682759230109525e+01
4.586605880151426895e+00 -3.439817304906554463e-01 -5.054639047824442066e+00 -3.439817304906554463e-01 1.749637123710798647e+01 -6.656745552284275558e-01 -5.054639047824442066e+00 -6.656745552284275558e-01 -6.136754589122916492e+00
-1.886748646267502139e+01 1.069807586271459066e+01 -1.044621880772119482e+00 1.069807586271459066e+01 -1.210975370324978151e+00 7.587137916698225570e-01 -1.044621880772119482e+00 7.587137916698225570e-01 6.767777814487363486e+00
4.972535032295348856e+01 1.610961161276288189e+00 3.058973307741477132e-01 1.610961161276288189e+00 3.360268555273889035e+01 8.928399472970626860e+00 3.058973307741477132e-01 8.928399472970626860e+00 5.882207520011730612e-02
-1.768206146207950580e+00 -1.780188182048662480e-04 -1.064600461008463173e+00 -1.780188182048662480e-04 3.908601713138913691e+00 6.993476120055793999e+00 -1.064600461008463173e+00 6.993476120055793999e+00 1.817736458934642974e+00
2.784905728048107321e+01 -2.717434816100995132e+00 1.604823210709061954e+01 -2.717434816100995132e+00 8.287196977094023254e+00 -7.440243724931696612e+00 1.604823210709061954e+01 -7.440243724931696612e+00 -5.914799714668084185e+00
-1.987134937369192222e+00 1.593226562910318611e+00 -9.835475306199369383e-01 1.593226562910318611e+00 -2.274943379335937266e+01 4.386843116232552187e-01 -9.835475306199369383e-01 4.386843116232552187e-01 -3.601331446662685210e+01
4.593009323389898668e+01 2.329160686251543932e+00 7.947899248654697324e+00 2.329160686251543932e+00 3.262115736776399189e+01 -5.161385768280617903e+00 7.947899248654697324e+00 -5.161385768280617903e+00 5.017871499002969138e+00
-1.635968227850067436e+01 -7.382654448118596946e+00 3.844345670270264748e+00 -7.382654448118596946e+00 -1.761208573286351253e+01 8.491084741981818951e+00 3.844345670270264748e+00 8.491084741981818951e+00 -3.296379993466494795e+01
-1.177449913697874884e+01 1.230860212204048132e+01 -6.465472755695385487e+00 1.230860212204048132e+01 -1.287725529074524644e+01 -1.265536649389309076e+01 -6.465472755695385487e+00 -1.265536649389309076e+01 -4.633721434588437660e+01
4.504085973632747653e+00 5.839733013920671567e+00 -2.646434076481792186e+00 5.839733013920671567e+00 -2.261492687900501508e+01 -1.175883026196110182e+00 -2.646434076481792186e+00 -1.175883026196110182e+00 1.869038759342772593e+01
1.059339745932094523e+01 9.617063024302729968e-01 8.739513461955035825e-03 9.617063024302729968e-01 3.322433643064449882e+00 2.975918507962056925e+00 8.739513461955035825e-03 2.975918507962056925e+00 -2.808779291798873601e+01
6.017303997933660220e+00 1.265163294785546011e+00 3.676021339536535981e-01 1.265163294785546011e+00 6.596117637774604248e+00 4.913673922052656629e+00 3.676021339536535981e-01 4.913673922052656629e+00 -9.677023754256133259e-01
3.167814652796147357e+01 -6.756132760842741725e+00 6.337455877199905885e+00 -6.756132760842741725e+00 3.632972799844615253e+01 1.259371283367207939e+00 6.337455877199905885e+00 1.259371283367207939e+00 6.829525647303433367e+00
1.761029214605975213e+01 -4.151930944216718267e+00 -2.342462971243645664e-01 -4.151930944216718267e+00 9.235339934645146798e+00 2.310184233521295205e+00 -2.342462971243645664e-01 2.310184233521295205e+00 1.641087097586275023e+00
-4.881751589851371165e+01 1.899036699835119180e+01 -6.909230842722921651e+00 1.899036699835119180e+01 -4.341205633057116131e+01 -8.922818074334648131e+00 -6.909230842722921651e+00 -8.922818074334648131e+00 -4.464350526525475260e+01
1.185525524768416972e+01 -1.350780895024954376e+01 1.240773346564249735e+01 -1.350780895024954376e+01 2.100302477926028644e+01 1.052276264489509572e+01 1.240773346564249735e+01 1.052276264489509572e+01 3.815554024912052977e+00
1.714367712463449989e+00 8.400974605483570556e+00 8.059694859571836290e+00 8.400974605483570556e+00 -4.907878089275588884e+00 -2.867223242850442944e+00 8.059694859571836290e+00 -2.867223242850442944e+00 -6.721089200243086736e+01
3.799967157644914550e+01 2.567200289418964054e+00 -6.325061570458543336e+00 2.567200289418964054e+00 2.835058903773673933e+01 -4.229893121743846102e-02 -6.325061570458543336e+00 -4.229893121743846102e-02 -5.038472407789251761e+00
-1.416693026395743793e+01 6.682188519231214485e+00 7.561041343269826243e+00 6.682188519231214485e+00 -1.805345923387553952e+01 1.222598787903769768e+01 7.561041343269826243e+00 1.222598787903769768e+01 -1.420403423191382508e+01
-1.048608908338643353e+01 2.175742591193954745e+00 6.985502063597857081e+00 2.175742591193954745e+00 -1.335950360747579602e+01 6.281038708209416122e+00 6.985502063597857081e+00 6.281038708209416122e+00 -2.636801224690887935e+01
4.198373173100255684e+01 6.273533296572198381e+00 -7.421484799589075365e+00 6.273533296572198381e+00 3.873751829343274977e+01 -4.370824722081917413e-01 -7.421484799589075365e+00 -4.370824722081917413e-01 1.238549616973089762e+01
-4.089005329171853731e+01 -5.392876355573894109e+00 1.677165388452434458e+00 -5.392876355573894109e+00 -4.857742250406836604e+01 -8.611531582767741000e+00 1.677165388452434458e+00 -8.611531582767741000e+00 -6.294319576407320227e+01
2.327969224528239067e+01 5.342769312989761765e+00 5.835688410539013660e+00 5.342769312989761765e+00 1.816620697512981764e+01 7.194579000399135893e+00 5.835688410539013660e+00 7.194579000399135893e+00 -5.428393217367768475e-01
1.835691076728443116e+00 -1.776466317461706246e-01 9.716143488662060790e+00 -1.776466317461706246e-01 -1.102250248020418510e+01 7.185817658129892926e+00 9.716143488662060790e+00 7.185817658129892926e+00 1.297630441130411327e+01
-2.483832684907711652e+01 -3.779354313435707713e+00 3.905000999301760256e+00 -3.779354313435707713e+00 -1.831085202175135507e+01 -7.124174088420561546e+00 3.905000999301760256e+00 -7.124174088420561546e+00 -3.331411628646334577e+01
2.210272687966304161e+01 2.140656920462890245e+00 9.054044650007497808e+00 2.140656920462890245e+00 3.355690570950859808e+01 1.151519207508927334e+00 9.054044650007497808e+00 1.151519207508927334e+00 -1.781225868210986008e+01
-6.602655566184754576e+00 6.974026793079795006e+00 -4.745867878403411844e+00 6.974026793079795006e+00 -7.426260944105141926e-01 -1.800148048609318430e+00 -4.745867878403411844e+00 -1.800148048609318430e+00 -3.175841721364718850e+01
-6.919637012773414142e+00 6.418327070055694250e+00 7.658253610414322843e-01 6.418327070055694250e+00 -2.023669153771096774e+01 6.205090550004168648e+00 7.658253610414322843e-01 6.205090550004168648e+00 -7.460876309621552593e+01
8.530086156033895861e+00 9.299833518972409507e+00 4.154707697855242188e+00 9.299833518972409507e+00 -2.212873708069460221e+01 -1.984161968815546118e+01 4.154707697855242188e+00 -1.984161968815546118e+01 -3.098869913396476861e+01
1.527157296077423787e+01 1.012926517682141636e+01 4.954418441198163769e+00 1.012926517682141636e+01 -9.421912975678342975e-03 -2.878422207323349191e+00 4.954418441198163769e+00 -2.878422207323349191e+00 -4.295363966525547639e+00
1.138446706672271436e+00 3.943409936571907082e+00 -3.323228612121524428e+00 3.943409936571907082e+00 3.970253474279485939e-01 6.698211890401660540e+00 -3.323228612121524428e+00 6.698211890401660540e+00 -1.809297157905923470e+01
2.085131965614167271e+01 -5.899161184135403246e+00 -4.806669229031053092e+00 -5.899161184135403246e+00 9.907658934579769650e+00 5.581764658548205915e+00 -4.806669229031053092e+00 5.581764658548205915e+00 -8.135438878083254721e+00
1.382191455353757270e+01 3.469061340407280536e+00 2.347145917904888801e+00 3.469061340407280536e+00 2.278622284689337718e+01 -2.180249242449937341e+00 2.347145917904888801e+00 -2.180249242449937341e+00 -8.104024658281305804e+00
4.132745163408620215e+01 1.962669266141879865e+00 1.929933845851830032e+00 1.962669266141879865e+00 2.985157669951306758e+01 -4.961539715758856772e+00 1.929933845851830032e+00 -4.961539715758856772e+00 -2.511581678047084765e+01
6.742851592816769823e+01 1.276012391772929000e+01 -5.469606509572434661e+00 1.276012391772929000e+01 4.340922176695451640e+01 -1.278884346422350937e+01 -5.469606509572434661e+00 -1.278884346422350937e+01 1.776913018449148396e+01
2.995574296381264823e+00 1.534190829673265810e+01 -2.705337026131083622e+00 1.534190829673265810e+01 1.880087556368975399e+00 3.092398250105757196e+00 -2.705337026131083622e+00 3.092398250105757196e+00 -3.499374173548469713e+01
5.861782223847037621e+00 -2.240606785010333279e+00 -2.172553476713023013e+00 -2.240606785010333279e+00 7.999974837408102779e+00 -8.715196029848895076e-01 -2.172553476713023013e+00 -8.715196029848895076e-01 -1.544765537148499845e+01
