6.622288096349043940e+01 8.694160798284611413e-01 6.470826971082042078e+00 8.694160798284611413e-01 4.646009836640446622e+01 1.226388453925821409e+01 6.470826971082042078e+00 1.226388453925821409e+01 -6.091819333964670236e+00
2.359688736894853989e+01 -1.756060166358566121e+01 9.465039878363416648e+00 -1.756060166358566121e+01 -2.443409884741122795e+01 -9.931425295210493331e+00 9.465039878363416648e+00 -9.931425295210493331e+00 -3.062570263849924146e+01
-2.281775835844626243e+01 -4.891611594847943500e+00 1.425592997710153631e-01 -4.891611594847943500e+00 4.308008170237095591e+00 -8.040394088138224760e+00 1.425592997710153631e-01 -8.040394088138224760e+00 2.940273506826819983e+00
-2.186117372702380734e+01 2.814783519967727798e+00 6.166510143169538161e+00 2.814783519967727798e+00 -4.576636274558604889e+00 -4.372932774353491148e+00 6.166510143169538161e+00 -4.372932774353491148e+00 1.732502750328037422e+01
1.674971084408319300e+01 -3.613322884057876383e+00 4.223456333499630011e-01 -3.613322884057876383e+00 1.336652876174842319e+01 -6.059410279169444857e-01 4.223456333499630011e-01 -6.059410279169444857e-01 1.664847339248978386e+01
4.270883839598062082e+01 -7.386144774978058436e-01 -5.052764461026042486e-01 -7.386144774978058436e-01 -1.271198337627527941e+01 2.508274907845288393e+00 -5.052764461026042486e-01 2.508274907845288393e+00 -4.380122067220221993e+01
-2.392700358738544253e+00 2.971459629795934276e+01 2.478372142419079383e-01 2.971459629795934276e+01 8.787295407508331380e+00 6.221675924191978346e+00 2.478372142419079383e-01 6.221675924191978346e+00 6.648885855454062188e+00
4.602403569999559352e+01 -7.379155906603089843e-01 -3.526078387686689464e+00 -7.379155906603089843e-01 4.084032284871756957e+01 5.539467424896435510e+00 -3.526078387686689464e+00 5.539467424896435510e+00 4.846638098082379287e+01
-2.436707181414461942e+01 2.405931684238063806e+00 3.016271568113065626e+00 2.405931684238063806e+00 -2.117491327751329422e+01 -8.335843189734992720e+00 3.016271568113065626e+00 -8.335843189734992720e+00 -2.626951384600918615e+01
-2.200493748399687988e+01 5.566113213958159278e+00 -5.090931468218254707e+00 5.566113213958159278e+00 -3.075021259745874502e+01 -7.368413657090274071e+00 -5.090931468218254707e+00 -7.368413657090274071e+00 -2.597483470246353221e+01
4.461957162829723700e+01 1.257061805674321242e+01 -5.228197334254287121e+00 1.257061805674321242e+01 3.340348537280373620e+01 -6.310296864417644258e+00 -5.228197334254287121e+00 -6.310296864417644258e+00 1.987719242777340867e+01
-2.981468032600847806e+01 -2.233779410953068645e+00 2.355047522752367506e+00 -2.233779410953068645e+00 -8.443786782468368557e+00 -3.531713106937864666e+00 2.355047522752367506e+00 -3.531713106937864666e+00 -1.262746338051570127e+01
-1.931264463210017723e+01 -1.023642496161686744e+01 -1.144887480519214407e+00 -1.023642496161686744e+01 -5.685353902009230076e+00 -2.659262878610298309e+00 -1.144887480519214407e+00 -2.659262878610298309e+00 -9.946089401457030021e+00
5.334926414946372830e+01 6.638060264590670556e+00 1.642219822340214241e+00 6.638060264590670556e+00 5.089446579480656396e+01 4.137054005737377693e+00 1.642219822340214241e+00 4.137054005737377693e+00 1.299341743016396045e+01
-5.930067124491984920e+00 6.173107518458488485e+00 1.967721104199644522e+00 6.173107518458488485e+00 -9.245843452019864017e+00 -1.070947354809695540e+01 1.967721104199644522e+00 -1.070947354809695540e+01 -1.218493853344720712e+01
-8.386260255448036105e+00 -3.265023798609575145e+00 -8.505778232896075153e+00 -3.265023798609575145e+00 -1.531225651830130596e+00 2.095714249796584827e+00 -8.505778232896075153e+00 2.095714249796584827e+00 -1.437907954278487566e+01
1.796473673999406628e+01 4.681751488136682404e+00 1.083109791038051384e+01 4.681751488136682404e+00 3.587635023990806360e+01 1.062370314968403484e+01 1.083109791038051384e+01 1.062370314968403484e+01 3.028507993888416649e+01
4.456483980636317455e+01 -2.020511296355864772e+01 8.857937000994258625e+00 -2.020511296355864772e+01 -1.451979019762487511e+01 2.501198796886254794e+00 8.857937000994258625e+00 2.501198796886254794e+00 -7.028514437792074432e+01
1.114884840233504093e+00 6.424446483920988271e+00 1.924773960597018663e+00 6.424446483920988271e+00 -2.757836175572211612e+00 1.005558679881604300e+00 1.924773960597018663e+00 1.005558679881604300e+00 -6.485210430161467698e+00
-4.298120331493067603e+00 2.055973005700059003e-02 1.353822437692638836e+01 2.055973005700059003e-02 -4.908470652250072064e+00 -1.429083680252149380e+00 1.353822437692638836e+01 -1.429083680252149380e+00 -9.381531130518252937e+00
-3.774986801664197600e+01 7.292160919252909101e-01 -6.763372516602562001e+00 7.292160919252909101e-01 -4.211853513595373499e+01 9.411433788721860205e-01 -6.763372516602562001e+00 9.411433788721860205e-01 -5.576325831766270369e+01
1.396861363648061527e+01 5.063375543443690674e+00 1.706523214055220095e+01 5.063375543443690674e+00 2.290778406218715535e+00 -5.560765711936028310e+00 1.706523214055220095e+01 -5.560765711936028310e+00 -3.060460431787501179e+01
-4.972864465415201884e+00 -1.407850714550214555e+01 -6.583500135133327547e+00 -1.407850714550214555e+01 -3.291960483659523362e+01 1.500691839468429478e+01 -6.583500135133327547e+00 1.500691839468429478e+01 -1.641953546025689548e+01
5.622661041287374317e+00 1.657382353632257943e-01 1.636113663732984724e+00 1.657382353632257943e-01 -2.069447823904319606e+01 -7.470058013703241961e+00 1.636113663732984724e+00 -7.470058013703241961e+00 -2.425805797342900760e+01
1.816436957645657380e-01 -9.645377181389283905e+00 1.364011427039811153e+01 -9.645377181389283905e+00 -3.946245828010200540e+01 -1.952155221463837131e+00 1.364011427039811153e+01 -1.952155221463837131e+00 -2.541717268389276541e+01
3.271303157397446171e+01 -5.985315586148300504e+00 -1.411648710846426624e+01 -5.985315586148300504e+00 9.795401147580806267e+00 -6.750477831029228604e+00 -1.411648710846426624e+01 -6.750477831029228604e+00 7.185247800398941287e+00
-2.376051993274164609e+00 -7.226262713612885413e+00 -1.259617111039625037e+00 -7.226262713612885413e+00 -1.810913478262681409e+01 -1.136949839572865528e+01 -1.259617111039625037e+00 -1.136949839572865528e+01 -3.889364936457122468e+01
-2.436417696482420681e+01 -4.447496827550527776e+00 1.540591969877537881e+00 -4.447496827550527776e+00 -3.120881993875701710e+01 -9.735932392671026392e+00 1.540591969877537881e+00 -9.735932392671026392e+00 -3.640720578143251629e+01
-3.340191063714040354e+01 5.850967483155272930e+00 3.360031670033190476e+00 5.850967483155272930e+00 -2.525184504401683583e+01 -4.322475683026085314e+00 3.360031670033190476e+00 -4.322475683026085314e+00 -5.235397416442083340e+01
2.121604125303296584e+01 -1.345832245120557680e+01 9.219692111113060307e+00 -1.345832245120557680e+01 2.215268686521979191e+01 4.237127728899347190e+00 9.219692111113060307e+00 4.237127728899347190e+00 2.015058210640750858e+01
-2.345576681229205462e+01 -5.821535439365765008e+00 -5.516268152236435185e+00 -5.821535439365765008e+00 -2.530076354713112607e+01 -5.952812157496113477e-01 -5.516268152236435185e+00 -5.952812157496113477e-01 -2.329877877216564741e+01
-1.846353768556824093e+01 -3.840367650172517688e+00 -5.302227477889115193e+00 -3.840367650172517688e+00 -9.941096326533926941e+00 -4.806209159420613553e+00 -5.302227477889115193e+00 -4.806209159420613553e+00 -1.597181079403643977e+01
-7.349389020075215440e-01 1.650441824073720909e+01 -8.090277313188458663e+00 1.650441824073720909e+01 -1.997960450209379246e+01 3.918154067339508106e+00 -8.090277313188458663e+00 3.918154067339508106e+00 -1.686514189681363352e+00
4.902423421856489938e+00 1.421295630047908887e+01 -1.014433293465383201e+01 1.421295630047908887e+01 -1.725579476855099870e+01 -2.277812528922817048e+00 -1.014433293465383201e+01 -2.277812528922817048e+00 -1.569427643548150897e+01
-5.440210362057341875e+00 -9.286189427869327773e+00 3.369145389377254940e+00 -9.286189427869327773e+00 -2.103706660553871011e+00 1.574436179261736291e+00 3.369145389377254940e+00 1.574436179261736291e+00 -4.005534712175260914e+00
2.800370556714976189e+01 6.674799416217695125e+00 3.694855564685471938e-01 6.674799416217695125e+00 4.515065730127503230e+01 -5.720937473476691792e+00 3.694855564685471938e-01 -5.720937473476691792e+00 2.147544305853914537e+01
1.415830394260717773e+00 -2.138688411386860277e+00 -8.873024909419076067e+00 -2.138688411386860277e+00 -1.167490087697542123e+01 8.694942501864508344e+00 -8.873024909419076067e+00 8.694942501864508344e+00 -3.863499596229304700e+01
-1.964188263280890023e+00 5.051241563213828556e+00 1.314100996746442007e+01 5.051241563213828556e+00 6.739304788782261468e+00 -5.700790773354307284e+00 1.314100996746442007e+01 -5.700790773354307284e+00 -4.100705923622874138e+01
-7.847942155829144895e+00 -4.447346109001156123e+00 -1.547132072018579052e+01 -4.447346109001156123e+00 -2.003016449398167609e+01 4.327568309218444931e+00 -1.547132072018579052e+01 4.327568309218444931e+00 -1.758904977123892266e+01
5.313241188868653708e+00 -9.147775730336364930e+00 1.722583503584318665e+00 -9.147775730336364930e+00 -2.032844474020949832e+01 1.408093678747521693e+01 1.722583503584318665e+00 1.408093678747521693e+01 -9.105881936830305889e+00
-4.972043679990970588e+01 1.731371472912598852e+00 3.469327575263947416e+00 1.731371472912598852e+00 -5.122775213603514999e+01 2.982865733492626514e+00 3.469327575263947416e+00 2.982865733492626514e+00 -4.310422115827172007e+01
-1.235630883878725150e+01 1.961726812461368707e+00 6.218933750019727924e+00 1.961726812461368707e+00 8.547832464467996161e+00 -6.781213360331379114e+00 6.218933750019727924e+00 -6.781213360331379114e+00 6.154383070239295428e+00
-4.882267979790090529e+00 -5.092147318549923085e+00 -1.254567019797307204e+01 -5.092147318549923085e+00 -1.622113715766801523e+00 -2.714306436702315306e+00 -1.254567019797307204e+01 -2.714306436702315306e+00 -5.385188609702800555e+00
1.257983282381230872e+01 2.544352566550476258e+00 -7.183075797996828493e-01 2.544352566550476258e+00 7.729745572830015732e+00 1.537624561585889671e+00 -7.183075797996828493e-01 1.537624561585889671e+00 -1.977179055790183071e+01
1.799658015572380521e+01 -6.483297765363068343e+00 1.089639509885100388e+01 -6.483297765363068343e+00 2.777822356703007856e+01 -2.396758485123471338e+00 1.089639509885100388e+01 -2.396758485123471338e+00 3.304178601295998163e+01
1.408406147449922097e+00 -1.066160814261707834e+01 -4.526939793804651835e-01 -1.066160814261707834e+01 1.684115914541034442e+01 4.584747837934171066e+00 -4.526939793804651835e-01 4.584747837934171066e+00 1.644670744898854409e+01
-5.625713146488503291e+00 -3.877072480703982915e+00 -2.288198337229976342e+00 -3.877072480703982915e+00 -1.394871937811238860e+00 -8.504028181211567006e-01 -2.288198337229976342e+00 -8.504028181211567006e-01 -1.627349218357301197e+01
3.082019002276468456e+01 1.368354372518297390e+00 -7.948995364888570281e-01 1.368354372518297390e+00 2.257681544369848226e+01 -5.705151706990777782e+00 -7.948995364888570281e-01 -5.705151706990777782e+00 3.196478868043188726e+01
-2.584278933491433250e+01 3.647343695592785151e-01 6.083908421987898052e+00 3.647343695592785151e-01 -3.668612420376509675e+01 1.644550471740128028e+00 6.083908421987898052e+00 1.644550471740128028e+00 -5.471434285948029697e+01
-1.682843667338889304e+01 -9.800862003070497153e+00 8.975976959210177309e-04 -9.800862003070497153e+00 -1.421682550626901786e+01 1.663524324672408738e+01 8.975976959210177309e-04 1.663524324672408738e+01 -9.159267856455468149e+00
