-4.197148626906953339e+00 5.514338811001760376e+00 6.484257543710757687e+00 5.514338811001760376e+00 -2.110490540042109942e+01 3.775774579191730762e+00 6.484257543710757687e+00 3.775774579191730762e+00 -1.421012177347524208e+01
-1.678082556496034172e+01 1.733145635869137724e+00 6.655288669857757355e+00 1.733145635869137724e+00 -2.349317578998747180e+01 -5.057050864009786650e+00 6.655288669857757355e+00 -5.057050864009786650e+00 -4.434059247219429345e+00
4.317510219488851675e+01 1.232054290631769433e+01 3.018595990138340568e+01 1.232054290631769433e+01 2.861362665805046035e+01 -7.506514397144246509e+00 3.018595990138340568e+01 -7.506514397144246509e+00 5.267458213991251625e+01
1.039040818249582721e+01 7.493350173912134871e+00 4.088457196200991461e+00 7.493350173912134871e+00 -5.009375871369886823e+00 -3.460995982001163984e+00 4.088457196200991461e+00 -3.460995982001163984e+00 2.421799739879106639e+01
1.500013312207845040e+01 1.817760415188163670e+00 7.491702097512736636e+00 1.817760415188163670e+00 2.489978287524292178e+00 5.747088025253739296e+00 7.491702097512736636e+00 5.747088025253739296e+00 1.974645907094387143e+00
-2.782275818608465734e+00 -6.946961804792881168e+00 9.072341470464431623e+00 -6.946961804792881168e+00 -1.742600150124282976e+01 7.420361640822092930e-02 9.072341470464431623e+00 7.420361640822092930e-02 -1.498363738068715278e+01
1.174241378355599608e+01 -4.503252527305917852e+00 4.842319294881527902e+00 -4.503252527305917852e+00 -1.155702568127679264e+01 1.695728871268070748e+01 4.842319294881527902e+00 1.695728871268070748e+01 6.168691946479650134e+00
-6.461540716512958582e+00 -5.637279380528239514e+00 8.700540251480259002e+00 -5.637279380528239514e+00 -1.035022930099090566e+01 -5.245871353518008484e-02 8.700540251480259002e+00 -5.245871353518008484e-02 3.027336442682813100e+00
1.952934887167214839e+01 1.025390334121317437e+01 9.659934726818661943e-01 1.025390334121317437e+01 -1.364665398646266503e+01 -8.300929184836164376e-01 9.659934726818661943e-01 -8.300929184836164376e-01 3.579024869125141173e+00
1.048752893265879571e+01 1.442767063647678150e+01 3.121821482788350721e+01 1.442767063647678150e+01 -2.492911808201298385e+01 -1.183827050076451037e+01 3.121821482788350721e+01 -1.183827050076451037e+01 -1.105133634069324877e+01
-1.513219118280880693e+01 1.112053467057884681e+01 7.092131249169070450e+00 1.112053467057884681e+01 -3.138601222405634417e+01 2.837488751777531792e+00 7.092131249169070450e+00 2.837488751777531792e+00 -3.021891715220603558e+01
7.902578427791115701e+01 4.449274562009186695e-01 1.777275433055394771e+01 4.449274562009186695e-01 6.560090596229598248e+01 1.346370183540380872e+01 1.777275433055394771e+01 1.346370183540380872e+01 6.077890907794403574e+01
-2.515365364476999588e+01 -2.218852528102321919e+00 2.481988050819911251e+00 -2.218852528102321919e+00 -3.199632604801286107e+01 2.176080799526992404e+00 2.481988050819911251e+00 2.176080799526992404e+00 -2.505020307144226166e+01
-8.123595865409470207e+00 -2.151988989593609070e+00 1.770119993082853505e+00 -2.151988989593609070e+00 -1.662061369940463962e+01 2.387216992169160168e+00 1.770119993082853505e+00 2.387216992169160168e+00 -5.424729938861544198e+00
4.372103304550822145e+01 -6.265008888947142474e+00 -9.944411950935107214e+00 -6.265008888947142474e+00 -1.459469991027659219e+01 8.478656669912689736e+00 -9.944411950935107214e+00 8.478656669912689736e+00 2.044508631876455240e+01
-7.631682643162773338e+00 1.489660907004674906e+00 1.376645706597346575e+01 1.489660907004674906e+00 -1.399806579002061646e+01 -9.097980596207008830e+00 1.376645706597346575e+01 -9.097980596207008830e+00 2.091786163473665994e+01
4.046359969114616817e+00 2.386695167900333647e+00 6.910555406305250337e+00 2.386695167900333647e+00 -1.886240212872074551e+01 5.797886319221501772e+00 6.910555406305250337e+00 5.797886319221501772e+00 1.609432743152934009e+01
-8.915478431777017931e+00 1.790872830645279024e+01 1.310075228833794903e+00 1.790872830645279024e+01 -6.180678554921875012e+00 -6.381797255864554153e+00 1.310075228833794903e+00 -6.381797255864554153e+00 7.712710011257797760e+00
3.912263262257251029e+01 -8.654928994613928950e+00 3.369837808882029151e+01 -8.654928994613928950e+00 4.324902033917433108e+00 1.495489842852273377e-01 3.369837808882029151e+01 1.495489842852273377e-01 4.271699584113861903e+01
4.575546153687144368e+01 -3.920946766296776520e+00 1.250776000687337586e+01 -3.920946766296776520e+00 3.918579234343395257e+01 9.872505902718177850e+00 1.250776000687337586e+01 9.872505902718177850e+00 6.198754716931384934e+01
-5.014103020062413485e+00 2.190034786398830491e+01 -2.442983737351305695e+00 2.190034786398830491e+01 -5.414400979772179268e-01 4.755178555470042645e-01 -2.442983737351305695e+00 4.755178555470042645e-01 1.513379623453599443e+01
7.601973878917489102e+00 -8.427148547576624793e+00 6.023081876252106781e+00 -8.427148547576624793e+00 -1.125492497972432560e+01 9.257582012480868316e-01 6.023081876252106781e+00 9.257582012480868316e-01 -8.864483371398497624e+00
-5.628398702060456671e+00 2.993297699227852604e+00 4.479834819994459316e+00 2.993297699227852604e+00 4.553060118979589177e+00 -3.062046157368569221e-01 4.479834819994459316e+00 -3.062046157368569221e-01 -2.919316845084437340e+00
1.604834320846230256e+01 -4.928764428989979574e-01 1.691674556638011495e+01 -4.928764428989979574e-01 2.285834323044784711e+01 1.547925442237572558e+00 1.691674556638011495e+01 1.547925442237572558e+00 1.567922642682309231e+01
3.431250790671690254e+01 1.014387383790821673e+01 1.289180843696534673e+01 1.014387383790821673e+01 1.050931136179369751e+01 -6.360911264814214094e-01 1.289180843696534673e+01 -6.360911264814214094e-01 1.491857762966989398e+01
1.074292060047267050e+01 -3.292747403692136698e-01 1.438754987968908949e+01 -3.292747403692136698e-01 -1.592667328040396946e+01 4.951767706515276812e-02 1.438754987968908949e+01 4.951767706515276812e-02 -1.436810617598969220e+00
7.141173618635176190e+00 -1.429790584797459019e+01 4.089812100254345495e+00 -1.429790584797459019e+01 -1.628524725166972686e+01 -3.898350448472900798e+00 4.089812100254345495e+00 -3.898350448472900798e+00 -1.691325740436309033e+01
3.226518471770252461e+01 -2.178525477833154511e+01 1.820527591706090931e+01 -2.178525477833154511e+01 3.055195204853481883e+01 -1.272413616892813515e+01 1.820527591706090931e+01 -1.272413616892813515e+01 2.770815900673948562e+01
1.128208838835427663e+01 1.436658314248771617e+01 1.102663511611056890e+01 1.436658314248771617e+01 1.223583903965790043e+01 6.837969656819065989e+00 1.102663511611056890e+01 6.837969656819065989e+00 8.510412901988905432e+00
3.367760365329090178e+01 -6.022156884572814617e-01 5.122294843860538016e+00 -6.022156884572814617e-01 3.022618147447839831e+01 9.218092984078017693e+00 5.122294843860538016e+00 9.218092984078017693e+00 2.809062274247950342e+01
1.248578480682233760e+01 4.738448951314991220e+00 1.497786656951816475e+01 4.738448951314991220e+00 -1.112294883784525901e+01 1.266566410666462916e+00 1.497786656951816475e+01 1.266566410666462916e+00 1.335561355365694958e+01
-2.148122697194533970e+01 3.596478168710351753e+00 2.477656736572045659e+00 3.596478168710351753e+00 -3.420030527431036660e+01 4.062907414302180387e-01 2.477656736572045659e+00 4.062907414302180387e-01 -1.370600962263342915e+01
4.113809614803613357e+01 5.225968991870304947e+00 1.155521933507732335e+01 5.225968991870304947e+00 4.356607518471815865e+01 -2.905856729342370937e+00 1.155521933507732335e+01 -2.905856729342370937e+00 2.664791261464283068e+01
-2.401326616187820662e+01 1.638348742865458973e+01 8.896580460418672232e+00 1.638348742865458973e+01 -3.482421611846447718e+01 4.777810973512831794e+00 8.896580460418672232e+00 4.777810973512831794e+00 3.818386821376264173e+00
1.575038607610777497e+01 -5.972371618094158841e+00 1.469449439091453202e+00 -5.972371618094158841e+00 5.218885224862234828e+00 7.947401028487639074e+00 1.469449439091453202e+00 7.947401028487639074e+00 1.292205845198783898e+01
-3.701482768693462155e+00 4.958423603776062727e+00 8.239787463648216459e+00 4.958423603776062727e+00 -1.171796526605804978e+01 9.158590783061257290e-02 8.239787463648216459e+00 9.158590783061257290e-02 -1.101934401641475070e+01
3.426061898133580286e+01 4.918527160511550811e+00 1.063667670781107510e+01 4.918527160511550811e+00 2.123352138900078145e+01 7.391177879937339767e+00 1.063667670781107510e+01 7.391177879937339767e+00 2.045434204094536312e+01
-1.038352253897610034e+01 -2.423212384050877244e+00 8.885039046494778603e+00 -2.423212384050877244e+00 -2.626903811692492496e+01 -1.608464200290441681e+00 8.885039046494778603e+00 -1.608464200290441681e+00 -3.631568814125780698e+00
-1.903332165716565072e+01 1.059425971552125390e+01 3.652330962388002256e+00 1.059425971552125390e+01 -2.960881398930360930e+01 -2.691726679857557869e+00 3.652330962388002256e+00 -2.691726679857557869e+00 -4.293336900883508278e+00
-3.514184505384805135e+01 -5.680538852290665908e+00 3.397571507471204733e+00 -5.680538852290665908e+00 -4.066679672462208117e+01 -5.103517514491667129e+00 3.397571507471204733e+00 -5.103517514491667129e+00 -3.057840889829411068e+01
2.618828898848139630e+01 1.515388696539556612e+01 6.420436265425760958e+00 1.515388696539556612e+01 4.705268209878398444e+00 2.187259166736900351e+00 6.420436265425760958e+00 2.187259166736900351e+00 2.880029778132276874e+01
-2.851949541006407784e+01 1.615285842337909505e+00 1.437194039147671809e+01 1.615285842337909505e+00 -4.435530546353835035e+01 3.147741001890277612e+00 1.437194039147671809e+01 3.147741001890277612e+00 -2.331343819935904804e+01
-1.725929398952171923e+01 -3.125352679646446141e+00 4.190433877084188907e+00 -3.125352679646446141e+00 -3.591271811560697813e+01 1.436319846119212151e+00 4.190433877084188907e+00 1.436319846119212151e+00 -2.481691248934674832e+01
3.971571832501189281e+00 2.618741275810263058e+00 1.066041804481793953e+01 2.618741275810263058e+00 -1.144094309471360127e+01 -3.532718279712077081e+00 1.066041804481793953e+01 -3.532718279712077081e+00 9.904398711839942138e+00
4.822558696784675081e-01 -4.023531229626402528e+00 8.696798270006285136e+00 -4.023531229626402528e+00 -9.723679988267502239e+00 6.946603767472077529e+00 8.696798270006285136e+00 6.946603767472077529e+00 4.326212410555752896e+00
-1.312989044104122982e+01 9.195304770473045508e+00 -2.805054453036380568e+00 9.195304770473045508e+00 -2.209632970448021538e+01 3.267294000572212642e+00 -2.805054453036380568e+00 3.267294000572212642e+00 -5.413219526531086956e+00
-2.142605740658116531e+01 -1.043340781053274435e+00 1.135184072488440599e+01 -1.043340781053274435e+00 -1.468741890441414277e+01 -5.870684298943182888e+00 1.135184072488440599e+01 -5.870684298943182888e+00 -6.005670431109437324e+00
-2.185228893208833156e+01 6.876003187483266110e-01 4.743093129166637389e+00 6.876003187483266110e-01 -3.091068275688511946e+01 1.746572739963449639e+00 4.743093129166637389e+00 1.746572739963449639e+00 -1.264585684425860101e+01
-2.246623960673230158e+01 8.663548328904504103e+00 8.335299853333809850e+00 8.663548328904504103e+00 -2.442703012814538255e+01 7.625558338695092253e+00 8.335299853333809850e+00 7.625558338695092253e+00 -3.022460833002518754e+01
2.223262991264642885e+00 6.912786208625751883e+00 4.860482510166521664e+00 6.912786208625751883e+00 -1.353791485617348478e+01 -8.929695962606711390e+00 4.860482510166521664e+00 -8.929695962606711390e+00 9.517627899467939745e-01
