2.740895728834186418e+00 6.131956573284208289e+00 1.262665066006566406e+01 6.131956573284208289e+00 -2.487040726600750418e+01 1.361980512998310822e+01 1.262665066006566406e+01 1.361980512998310822e+01 1.176769324536175887e+01
-2.483166038619573257e+01 -6.179708706961055398e-02 2.799708512759043977e+00 -6.179708706961055398e-02 -3.424127393723149027e+01 3.158567333649375808e+00 2.799708512759043977e+00 3.158567333649375808e+00 -6.362329224528650018e-01
1.054211424069000991e+01 9.491033179243211215e-01 3.820711646446595999e+00 9.491033179243211215e-01 2.106408576428400892e+01 -3.237012861472688408e-01 3.820711646446595999e+00 -3.237012861472688408e-01 2.827505975157937712e+01
1.231066038795390227e+01 -1.558783691262894955e+01 4.899870666885843384e+00 -1.558783691262894955e+01 -1.625100884033870585e+01 1.767508034716554155e+00 4.899870666885843384e+00 1.767508034716554155e+00 2.681924847852981131e+01
1.108312283386788977e+01 -6.714642832793997762e+00 7.516677020367943385e+00 -6.714642832793997762e+00 2.560763614532719945e+00 4.712908954338645984e+00 7.516677020367943385e+00 4.712908954338645984e+00 7.576609680503683109e+00
1.406400928971407005e+01 -6.524673142622019473e-01 5.911515828709254627e+00 -6.524673142622019473e-01 -1.419181865572736356e+01 2.506261116000417566e+00 5.911515828709254627e+00 2.506261116000417566e+00 1.389055883139333147e+01
9.195284831590663899e+00 2.758120057765435007e+00 6.364724596634300013e+00 2.758120057765435007e+00 -1.642515957202847687e+01 -1.170583389651865536e-01 6.364724596634300013e+00 -1.170583389651865536e-01 1.537650591122194577e+01
1.811092030445983880e+00 3.796347094429297631e+00 2.378976782159454828e+01 3.796347094429297631e+00 -2.070423803288937492e+01 -8.714810266107559045e+00 2.378976782159454828e+01 -8.714810266107559045e+00 6.254509471586311875e+00
-8.953096837808802277e+00 -3.640153361098307006e+00 -1.500319720261225620e-01 -3.640153361098307006e+00 -3.975355498960892930e+01 -1.260924747483046637e+01 -1.500319720261225620e-01 -1.260924747483046637e+01 1.033132136587422600e+01
4.253454082507475142e+00 -9.121308475829389195e+00 3.789103838089630027e+00 -9.121308475829389195e+00 -1.479653478224717134e+01 5.340444170156045445e+00 3.789103838089630027e+00 5.340444170156045445e+00 2.255278356047835331e+01
3.565989868832144083e+01 -2.748156184330201035e-01 1.919949992961130292e+01 -2.748156184330201035e-01 2.535374384579303975e+00 6.299212257697671014e+00 1.919949992961130292e+01 6.299212257697671014e+00 6.264809081777430322e+01
8.912193449894125763e+00 -1.982123907575469701e+01 8.126886676917209229e+00 -1.982123907575469701e+01 -1.753315066004670442e+01 5.855370410913149914e-01 8.126886676917209229e+00 5.855370410913149914e-01 1.327065412389147214e+00
-4.355590290143414478e+00 -2.161175075494569775e+00 6.668150213944685767e+00 -2.161175075494569775e+00 -8.428179497721330904e+00 2.047141162606221698e+00 6.668150213944685767e+00 2.047141162606221698e+00 4.406377373763975314e+00
4.772055734977305974e+01 4.317902363191213233e+00 9.502678340842946270e+00 4.317902363191213233e+00 2.841620595783996706e+01 -2.410937824671605334e+00 9.502678340842946270e+00 -2.410937824671605334e+00 4.921633886304670114e+01
1.904270809383084284e+01 4.443305546730931255e+00 1.202944631742456316e+01 4.443305546730931255e+00 -1.197527421779810730e+01 9.690658131575752288e-01 1.202944631742456316e+01 9.690658131575752288e-01 1.087788779161348707e+01
-1.869838784039198343e+00 5.474240629766952360e+00 7.805084645394057219e+00 5.474240629766952360e+00 -1.447950794237798711e+01 6.401408869226029807e+00 7.805084645394057219e+00 6.401408869226029807e+00 1.491263800101926940e+01
-5.378521662324620145e+00 -7.735521680139450851e+00 1.405659867167759147e+00 -7.735521680139450851e+00 -6.054742135952142235e+01 2.012372652147304652e+00 1.405659867167759147e+00 2.012372652147304652e+00 -1.588202118514630889e+01
1.703807999213393032e+01 -1.413746488487784703e+01 2.329441417213419019e+00 -1.413746488487784703e+01 -7.256308445769684923e+00 9.545493678106641511e+00 2.329441417213419019e+00 9.545493678106641511e+00 1.809173156599046450e+01
3.438461278900877716e+01 1.120402047686199687e+01 1.705983449244195072e+01 1.120402047686199687e+01 2.117806500882268850e+01 -5.252653073666354588e-01 1.705983449244195072e+01 -5.252653073666354588e-01 5.124819678724882266e+01
-1.007641516811656679e+01 -6.776518376935579013e+00 4.642209953415976642e+00 -6.776518376935579013e+00 -5.195167066215610419e+01 4.178714722646916790e+00 4.642209953415976642e+00 4.178714722646916790e+00 -5.074320164204720207e+00
1.673899751453644669e+00 -2.810038916552142219e+00 -2.239560301033676204e+00 -2.810038916552142219e+00 -8.605422919186683117e+00 7.496994636236997689e-01 -2.239560301033676204e+00 7.496994636236997689e-01 3.881428317600116085e+00
5.706725969117685082e+01 5.200401199115172624e+00 1.563677293926926204e+01 5.200401199115172624e+00 5.028793838144973449e+01 -8.345791804458409402e+00 1.563677293926926204e+01 -8.345791804458409402e+00 8.511643122224168678e+01
3.103117133371971548e+01 5.858163235772979149e+00 1.568910554566000926e+01 5.858163235772979149e+00 1.105087929245260092e+01 9.974931555473803613e+00 1.568910554566000926e+01 9.974931555473803613e+00 3.300233933241143092e+01
-2.613215044723041203e+01 1.477107235657926010e+00 8.064610700150982581e+00 1.477107235657926010e+00 -3.992605116617592387e+01 4.601517499212613771e+00 8.064610700150982581e+00 4.601517499212613771e+00 -8.288872448946893456e+00
4.744720805188727297e+01 -8.134957210726389221e+00 9.439524869717999422e+00 -8.134957210726389221e+00 7.686073715159382758e+00 8.278628565761249058e-01 9.439524869717999422e+00 8.278628565761249058e-01 4.977517450904026219e+01
-9.175491967849119135e+00 1.042867412632008772e+01 -2.551807632172510498e+00 1.042867412632008772e+01 -1.494515329488097599e+01 2.749396133995621216e+00 -2.551807632172510498e+00 2.749396133995621216e+00 5.987613935031619761e+00
1.066199729574983301e+01 2.423523038913955041e+00 1.216346683618187763e+00 2.423523038913955041e+00 8.030530865957203446e+00 -2.657334545129928394e+00 1.216346683618187763e+00 -2.657334545129928394e+00 -1.588343353450931070e-02
3.389579188195861548e+01 1.550539746848950351e+01 1.311353485140373287e+01 1.550539746848950351e+01 8.845422572447755982e+00 2.080873505524969413e+00 1.311353485140373287e+01 2.080873505524969413e+00 2.415792104929350614e+01
-1.574847876465863328e+00 5.267618249759006055e+00 1.248004000791797985e+01 5.267618249759006055e+00 -7.378872688851916273e+00 -1.578184852540885785e+01 1.248004000791797985e+01 -1.578184852540885785e+01 -1.515645839012107388e+01
3.506021480599841311e+01 -4.565995679039876798e+00 1.089196379578221219e+01 -4.565995679039876798e+00 6.507687829424095405e+00 1.482670618673105567e+00 1.089196379578221219e+01 1.482670618673105567e+00 4.936495302726318357e+01
2.603748427878303318e+01 -2.753125508348123862e+00 9.182599927374985427e+00 -2.753125508348123862e+00 6.018888321559448862e+00 8.325672191662664146e-02 9.182599927374985427e+00 8.325672191662664146e-02 3.350950115194855528e+01
1.920327000717539434e+01 -5.026068200991517188e+00 1.916257711260376695e+01 -5.026068200991517188e+00 -2.107002556306150254e+01 -1.198597472674196496e+01 1.916257711260376695e+01 -1.198597472674196496e+01 1.736827707071755000e+01
-1.535073397117887595e+01 4.689317814974311105e+00 2.036205198946898065e+01 4.689317814974311105e+00 -4.278508979030328163e+01 4.868067642498059122e+00 2.036205198946898065e+01 4.868067642498059122e+00 -2.904457434766202084e+01
2.185854444425554632e+01 1.644831456103537448e+01 2.877923566101474862e+01 1.644831456103537448e+01 -5.754716166969347846e+00 5.308786596570685745e+00 2.877923566101474862e+01 5.308786596570685745e+00 1.515455475586401235e+01
4.007513213040164857e+01 4.172527551567336346e+00 2.949896849886340888e+01 4.172527551567336346e+00 -1.409427928632586458e+01 -4.629899182336924213e+00 2.949896849886340888e+01 -4.629899182336924213e+00 1.366503213730706179e+01
2.563228350577799119e+01 8.530716464874178229e+00 9.563408662950198647e+00 8.530716464874178229e+00 7.234118533232145154e+00 3.175186606200489425e+00 9.563408662950198647e+00 3.175186606200489425e+00 2.269411881120596064e+01
1.350592295486497108e+01 -1.134918093233199876e+01 9.641660814284511716e+00 -1.134918093233199876e+01 -2.211537117062299984e+01 9.050592489721900336e+00 9.641660814284511716e+00 9.050592489721900336e+00 6.839302617117891891e+00
1.682434847896052466e+00 -9.850624536779546858e+00 1.387428416065965786e+00 -9.850624536779546858e+00 -4.934099969428126897e+00 2.848315396867429516e+00 1.387428416065965786e+00 2.848315396867429516e+00 -1.884897151524364878e+00
-1.229076950068541452e+00 -8.470969997074922375e+00 2.003689060654786758e+01 -8.470969997074922375e+00 -3.520032781910662578e+01 6.292852122913764390e+00 2.003689060654786758e+01 6.292852122913764390e+00 -2.440889354208827466e+00
-2.584017275473126318e+00 -5.811643290368475157e+00 -1.731306355418354981e-01 -5.811643290368475157e+00 -1.139554610704777815e+01 -3.567095304524729560e+00 -1.731306355418354981e-01 -3.567095304524729560e+00 1.349174481643503221e+01
-3.844115594731513763e+00 -2.396381707356725954e+00 3.814441378931977766e+00 -2.396381707356725954e+00 -4.536500505693110341e+01 9.220232672271567509e+00 3.814441378931977766e+00 9.220232672271567509e+00 -1.255300074485809425e+01
3.794838821131028794e+01 1.260712502247443023e+00 -1.987200992501266805e+00 1.260712502247443023e+00 3.282488290960374400e+01 3.078706295290670747e-01 -1.987200992501266805e+00 3.078706295290670747e-01 4.252202224911375339e+01
3.297934373200124014e+01 1.290861424223781917e+01 4.494352406027854130e+00 1.290861424223781917e+01 -1.481863426298566999e+01 -3.520482169373221559e+00 4.494352406027854130e+00 -3.520482169373221559e+00 2.900013775039258235e+01
-1.958443471601367847e+01 -9.768003085504176397e+00 5.384223937462695453e+00 -9.768003085504176397e+00 -4.570260493419125680e+01 1.379006562729840724e+01 5.384223937462695453e+00 1.379006562729840724e+01 2.903983109426409914e+00
-6.873772810069908701e+00 3.878388342120325127e+00 6.325485490187450210e+00 3.878388342120325127e+00 -4.351923360068486346e+00 -1.059788543287614537e+01 6.325485490187450210e+00 -1.059788543287614537e+01 5.720704977860114893e-01
-1.259281339676181588e+01 3.225889625206842748e+00 7.140681937735261720e+00 3.225889625206842748e+00 -2.959043774606447030e+01 2.965976747407724989e+00 7.140681937735261720e+00 2.965976747407724989e+00 -6.761784741637675289e+00
-8.448492310954485163e+00 -1.826853537109294878e+00 2.027851870144531077e+01 -1.826853537109294878e+00 -3.919858319965372573e+01 5.036882764243227895e-01 2.027851870144531077e+01 5.036882764243227895e-01 1.177831315175117410e+01
-3.763257818796647669e+00 9.740054446358072937e+00 1.192201708493415246e+01 9.740054446358072937e+00 -3.183801358989502717e+01 -2.702199943382509240e+00 1.192201708493415246e+01 -2.702199943382509240e+00 -9.071731347483003915e+00
7.569802660045881204e+00 9.307892641280536949e+00 1.006593517588229458e+00 9.307892641280536949e+00 -8.901250261658452345e+00 3.483361096873695217e+00 1.006593517588229458e+00 3.483361096873695217e+00 1.806702456316530103e+01
5.335584450481286822e+00 -2.798522594130706587e+00 6.915619304729577088e+00 -2.798522594130706587e+00 -1.445749064575877263e+00 8.723223058692665788e+00 6.915619304729577088e+00 8.723223058692665788e+00 2.415782828473290067e+01
1.209195565591084254e+01 4.931577041086753432e+00 5.761547240019542215e+00 4.931577041086753432e+00 -1.027599025331276117e+01 6.431728251818975117e+00 5.761547240019542215e+00 6.431728251818975117e+00 9.781580193622705366e+00
3.196387350410622119e+01 -1.141865362085795965e+01 1.221023169852965573e+01 -1.141865362085795965e+01 3.620163323222724472e+01 5.609648713708362600e+00 1.221023169852965573e+01 5.609648713708362600e+00 4.333131764753760251e+01
3.123969309674765782e+01 2.912944868176791768e+00 3.201839552829790136e+01 2.912944868176791768e+00 1.832407101727605081e+01 7.903539498594778223e+00 3.201839552829790136e+01 7.903539498594778223e+00 1.749064032837891602e+01
-2.468226847273948366e+01 -1.012130910950561402e+00 2.424713124608858550e+01 -1.012130910950561402e+00 -7.048442993380159294e+01 -4.931190242273145508e+00 2.424713124608858550e+01 -4.931190242273145508e+00 -1.649713198745211429e+01
-3.945691745725891764e+01 3.306455040435737902e-01 -2.155453853739787817e+00 3.306455040435737902e-01 -3.744607921140251250e+01 5.431584962777099790e+00 -2.155453853739787817e+00 5.431584962777099790e+00 -3.850198554876151036e+01
1.905284875906204789e+01 -3.123232502504149632e+00 1.339425538829543250e+01 -3.123232502504149632e+00 -5.143318613662165717e+01 1.377054407298395056e+01 1.339425538829543250e+01 1.377054407298395056e+01 -2.685283223109724560e+00
3.030849871054200051e+01 -7.853750316348493854e+00 9.312836152665898481e+00 -7.853750316348493854e+00 3.471393939013935181e+01 1.212732517416757055e-01 9.312836152665898481e+00 1.212732517416757055e-01 4.337532894762180291e+01
1.793768375497040424e+01 1.320802303197760530e+01 1.183653072279396490e+01 1.320802303197760530e+01 -2.910732174889849233e+01 -5.538665868886869070e+00 1.183653072279396490e+01 -5.538665868886869070e+00 2.723016400326648068e+01
-1.536317393674980814e+01 -8.413790065646065131e+00 4.500339493731436491e+00 -8.413790065646065131e+00 -3.080920022175338246e+01 -1.235754009650213842e-01 4.500339493731436491e+00 -1.235754009650213842e-01 1.094531710887835452e+01
1.093559940821870846e+01 1.002844724317504799e+01 1.897599951699159604e+01 1.002844724317504799e+01 -2.712454901852186495e+01 6.704438783411718283e+00 1.897599951699159604e+01 6.704438783411718283e+00 -7.789870861251420919e+00
3.258434704051250463e+00 -3.443764738304698092e+00 2.953494609747823407e+00 -3.443764738304698092e+00 -4.161459526143448073e+01 -1.448985523528487995e+01 2.953494609747823407e+00 -1.448985523528487995e+01 -1.352578892177162118e+01
-4.096173332851892113e+00 2.978583443854542434e+00 -9.212285272021272786e-02 2.978583443854542434e+00 -3.944408476919944206e+01 -1.254974020485697572e+01 -9.212285272021272786e-02 -1.254974020485697572e+01 -1.690694467321811700e+01
4.022882769746228604e+00 1.333716778671523606e+00 5.548614037053181125e-01 1.333716778671523606e+00 -2.637013943503259483e+01 3.358584332201250522e+00 5.548614037053181125e-01 3.358584332201250522e+00 -2.348898792224512810e+00
-1.823244450030171748e+01 3.181032875776800273e-01 -9.719018153442366970e-01 3.181032875776800273e-01 -4.012516035694303440e+01 2.206892353317405409e+00 -9.719018153442366970e-01 2.206892353317405409e+00 -1.830417917812704331e+01
-1.592395792835880108e+01 -1.990079585398742879e+01 3.498894214745384534e+00 -1.990079585398742879e+01 -5.066990064704408070e+01 7.169155663248642618e+00 3.498894214745384534e+00 7.169155663248642618e+00 -1.621588185326861975e+01
-3.467245432753008227e+00 -2.726730017426296726e+00 9.211591942372907127e+00 -2.726730017426296726e+00 -2.338951834369928662e+01 -5.738128221742433865e+00 9.211591942372907127e+00 -5.738128221742433865e+00 -3.328545263611045191e-01
3.297408044435025687e+01 1.091408395611706794e+01 1.590405494599529135e+01 1.091408395611706794e+01 2.369340709214422702e+01 4.618842283425660611e+00 1.590405494599529135e+01 4.618842283425660611e+00 4.097907915715224192e+01
1.171221496196592771e+00 8.770509604859748620e+00 1.530251186683509879e+01 8.770509604859748620e+00 -3.625982670473607783e+01 6.415261001031099752e+00 1.530251186683509879e+01 6.415261001031099752e+00 -5.875889839975815931e+00
-3.889194804325992738e+00 -1.201470020756330470e+01 3.996705009386245067e+00 -1.201470020756330470e+01 3.524702127970069210e+00 4.094831106233074003e+00 3.996705009386245067e+00 4.094831106233074003e+00 -1.648124708921878678e+01
-1.997692159382928656e+00 3.438505278604401916e+00 1.527742144143872327e+00 3.438505278604401916e+00 -1.295402883306416975e+01 7.009681944462221814e+00 1.527742144143872327e+00 7.009681944462221814e+00 -5.382341795055827660e+00
3.917319525539267033e+01 3.383713117401090931e-01 2.251627099846975710e+01 3.383713117401090931e-01 1.540143340488230450e+01 1.308698189613753948e+00 2.251627099846975710e+01 1.308698189613753948e+00 1.934587164680575100e+01
1.952093761603050837e+01 -8.945261401442285987e+00 6.070288915519522099e+00 -8.945261401442285987e+00 1.089555537352250703e+01 -6.877527051440153194e-01 6.070288915519522099e+00 -6.877527051440153194e-01 1.786902114577234713e+01
3.834297455120946552e+01 7.972277809062052745e-01 8.065038341365836416e+00 7.972277809062052745e-01 -8.400084698883166112e+00 1.700643088320929808e+00 8.065038341365836416e+00 1.700643088320929808e+00 2.673827343069285334e+01
1.102120441752069979e+01 -7.978994413588698542e+00 2.188613191803562508e+00 -7.978994413588698542e+00 -1.055572265987705727e+01 2.493548596914318127e-01 2.188613191803562508e+00 2.493548596914318127e-01 7.549926763600034896e+00
1.058211405759223034e+01 -4.862174227809315852e+00 3.210844299017621584e+00 -4.862174227809315852e+00 8.006363117495169490e+00 6.705601685045491145e+00 3.210844299017621584e+00 6.705601685045491145e+00 3.084464124033522836e+01
-1.784945743991627420e+00 -9.229108670080352184e+00 1.527443310087457107e+01 -9.229108670080352184e+00 -3.161440083848759741e+01 -7.638809527298315416e+00 1.527443310087457107e+01 -7.638809527298315416e+00 -8.513634491355151823e+00
-9.886146050256609641e+00 -4.635168821304258557e+00 -8.039522139488846086e-01 -4.635168821304258557e+00 -2.959781029912922179e+01 2.140047258830589438e+00 -8.039522139488846086e-01 2.140047258830589438e+00 -1.021512047157906977e+01
2.799843905306035197e+01 7.083167328264412532e+00 3.788784759675122515e+00 7.083167328264412532e+00 8.734368362689519216e+00 9.054627809074368372e+00 3.788784759675122515e+00 9.054627809074368372e+00 2.228588873517970725e+01
3.032760067655833680e+01 1.175791702467274380e+00 3.937130246580471837e+00 1.175791702467274380e+00 8.194658899474136504e+00 1.399399033201484954e+01 3.937130246580471837e+00 1.399399033201484954e+01 7.610471628292121871e+00
-1.879712339451048431e+00 -3.981192906281367794e+00 4.773694125916541076e+00 -3.981192906281367794e+00 -1.227284380070614134e+01 -2.149093027231091302e+00 4.773694125916541076e+00 -2.149093027231091302e+00 6.840142432303991882e+00
-1.160562761456070824e+01 -5.302868900791335882e+00 1.546100219807029319e+01 -5.302868900791335882e+00 -2.609517036287656211e+01 6.879586093661155921e+00 1.546100219807029319e+01 6.879586093661155921e+00 -8.581416104409136381e+00
3.195664228895211778e+01 -2.478145101994355670e+00 8.483015744062484265e-01 -2.478145101994355670e+00 2.462440163246427716e+01 3.812365841942860101e+00 8.483015744062484265e-01 3.812365841942860101e+00 8.182394723001369385e+00
2.550169509294906689e+01 4.405838522298210158e+00 1.003800521791448297e+01 4.405838522298210158e+00 6.346555347825036719e+00 1.755458314732670644e+01 1.003800521791448297e+01 1.755458314732670644e+01 4.001156711597664639e+01
-1.363883929409829276e+00 -6.726365192015332006e+00 -2.619894544190646268e+00 -6.726365192015332006e+00 -2.260850469271280616e+01 -8.068409301415691459e+00 -2.619894544190646268e+00 -8.068409301415691459e+00 8.342340803629751278e+00
7.811270441533956221e-01 1.986440621697380005e+00 3.773854824386312590e+00 1.986440621697380005e+00 -9.750795233491023950e+00 -2.448590239336552454e-01 3.773854824386312590e+00 -2.448590239336552454e-01 2.674205882034979709e+01
2.344768965838646224e+01 8.763579058426021362e+00 1.044587182834697714e+01 8.763579058426021362e+00 -7.076551296096491583e+00 -4.749429422179348492e+00 1.044587182834697714e+01 -4.749429422179348492e+00 2.277399377831289939e+01
-9.537304759737230242e+00 1.207199688709731378e+00 3.523471526323005421e+00 1.207199688709731378e+00 -1.368005189237602082e+01 -9.801398368635878100e+00 3.523471526323005421e+00 -9.801398368635878100e+00 3.708703029390496120e+00
-4.344367831306468020e+01 1.242490571435253344e+01 1.182653268115971201e+01 1.242490571435253344e+01 -5.439294987175357932e+01 -2.916760984885943486e+00 1.182653268115971201e+01 -2.916760984885943486e+00 -4.243301654136104162e+01
4.022069224254138931e+01 1.007994024139009792e-01 2.479524093322548239e+01 1.007994024139009792e-01 4.914723966661225241e+00 1.178303738601134754e+01 2.479524093322548239e+01 1.178303738601134754e+01 4.945618404194175355e+01
-2.667863135771244032e+01 8.860713423653431065e+00 3.134916457314772753e+00 8.860713423653431065e+00 -3.719119779300802264e+01 -4.026698166599898876e+00 3.134916457314772753e+00 -4.026698166599898876e+00 -2.418334509614588157e+01
-3.936002685512634258e+01 9.743456848445063656e+00 8.587531283584800335e+00 9.743456848445063656e+00 -7.817983113461629330e+01 -3.474313646627615437e+00 8.587531283584800335e+00 -3.474313646627615437e+00 -2.358203923568473925e+01
2.224604907665625220e+01 -1.072365482023691818e+01 2.086977577673614803e+01 -1.072365482023691818e+01 -1.185251521406953401e+01 -1.976443739019685619e+00 2.086977577673614803e+01 -1.976443739019685619e+00 3.137156457939915910e+01
2.614102085333448144e+01 4.660426983471350759e-01 7.158019811665924159e+00 4.660426983471350759e-01 2.045752957906195135e+01 1.020135134695050283e+01 7.158019811665924159e+00 1.020135134695050283e+01 1.912283227799552776e+01
2.628599414363358022e+01 4.073015819617169520e+00 1.019080796028109503e+01 4.073015819617169520e+00 4.683349039701007577e+00 -1.824185778130077873e+00 1.019080796028109503e+01 -1.824185778130077873e+00 3.354814862488402127e+01
-1.783055505037966881e+01 -1.509874509261210473e+00 4.008918820249555814e+00 -1.509874509261210473e+00 -5.852432322498133743e+01 -9.859980040002120916e+00 4.008918820249555814e+00 -9.859980040002120916e+00 -4.044988102847792533e+01
1.087626669843769101e+01 -1.465389586439292069e+00 -3.534771976193838317e+00 -1.465389586439292069e+00 2.070622857125286131e+01 1.156763824736005031e+00 -3.534771976193838317e+00 1.156763824736005031e+00 2.593724167161115446e+01
-1.903287127332671957e+01 9.980361783310382151e+00 9.338751610694860261e+00 9.980361783310382151e+00 -1.849743354228117553e+01 -8.162958169019290722e+00 9.338751610694860261e+00 -8.162958169019290722e+00 9.366037971685695851e+00
3.733396267492008480e+00 -5.286565512834926039e+00 4.316834878099275130e+00 -5.286565512834926039e+00 -3.846005984726227211e+01 -6.442502095058740830e-01 4.316834878099275130e+00 -6.442502095058740830e-01 2.633239737349180842e+01
-6.780992741780567989e+00 -2.988634942983121601e+00 3.474127736319942539e+00 -2.988634942983121601e+00 -4.032587216907395344e+01 1.389799367980531386e+00 3.474127736319942539e+00 1.389799367980531386e+00 1.925411524388727313e+00
-9.572994434498275140e+00 3.229777832133281290e+00 1.328546986437389599e+01 3.229777832133281290e+00 -1.670226338692338430e+01 8.723664528042222699e+00 1.328546986437389599e+01 8.723664528042222699e+00 -6.447336748674225682e+00
