5.182455787416224979e-02 -6.462452597791068856e-03 -1.241690259918591145e-02 -6.462452597791068856e-03 5.590775507630630324e-03 5.966031772833555076e-03 -1.241690259918590972e-02 5.966031772833555076e-03 4.284989377544350109e-02
2.095934917465726299e-01 1.331240814240087188e-02 9.904328897570462142e-02 1.331240814240087188e-02 8.155940518286601548e-02 -6.448976124539909649e-02 9.904328897570460755e-02 -6.448976124539909649e-02 3.802289476183903782e-02
3.900745700954834083e-01 3.590973638817250568e-02 2.151008087728189244e-01 3.590973638817251262e-02 1.785008438315970891e-01 -1.372973727035201874e-01 2.151008087728189244e-01 -1.372973727035202152e-01 5.275226460413516560e-02
6.214385189835153200e-01 6.128098495217049191e-02 3.356444247472014086e-01 6.128098495217047803e-02 3.257226946500772491e-01 -2.120172051299137328e-01 3.356444247472014641e-01 -2.120172051299137050e-01 1.162138896376712499e-01
9.216984791798593646e-01 9.016605677669869978e-02 4.605555224000148495e-01 9.016605677669868590e-02 5.412162802619305824e-01 -2.877282133662223962e-01 4.605555224000149050e-01 -2.877282133662224517e-01 2.453962556406845685e-01
1.138244430512654226e+00 1.218403800144771676e-01 5.891011415847575705e-01 1.218403800144771676e-01 6.712404920078400838e-01 -3.625117671211640080e-01 5.891011415847576815e-01 -3.625117671211640080e-01 2.870503731663421876e-01
1.428171413267223189e+00 1.557031396683990765e-01 7.211565872177606584e-01 1.557031396683990765e-01 8.749091103350100651e-01 -4.390471827271563154e-01 7.211565872177606584e-01 -4.390471827271562599e-01 4.016946711733631603e-01
1.762604019513297926e+00 1.904635866467684069e-01 8.569732671906503674e-01 1.904635866467684346e-01 1.124456276066345239e+00 -5.175227964863353680e-01 8.569732671906502564e-01 -5.175227964863353680e-01 5.626090753203343287e-01
2.096257098325745805e+00 2.284952755503787403e-01 9.946469827841085687e-01 2.284952755503787680e-01 1.373430775145271898e+00 -5.957832892166911032e-01 9.946469827841087907e-01 -5.957832892166909922e-01 7.224409000856345520e-01
2.416070686672042722e+00 2.680824818871918036e-01 1.134344860788404130e+00 2.680824818871918036e-01 1.609692734907258282e+00 -6.725443504708541465e-01 1.134344860788403908e+00 -6.725443504708541465e-01 8.690451606143643204e-01
2.799643377126850297e+00 3.079966042320096964e-01 1.275983884697472481e+00 3.079966042320096964e-01 1.911861595814141168e+00 -7.500320897942414078e-01 1.275983884697472481e+00 -7.500320897942412968e-01 1.083604701613807508e+00
3.140151759738880610e+00 3.490895834671236542e-01 1.418977623152221534e+00 3.490895834671235987e-01 2.172596580095080387e+00 -8.266833109907144594e-01 1.418977623152221756e+00 -8.266833109907144594e-01 1.257003001006535614e+00
3.512904980100919783e+00 3.908046218493770319e-01 1.561589843196706795e+00 3.908046218493770319e-01 2.468204790608324650e+00 -9.011729268008658034e-01 1.561589843196706795e+00 -9.011729268008656923e-01 1.467308758413997882e+00
3.882107309948612084e+00 4.317527739184874869e-01 1.704475813205107215e+00 4.317527739184875979e-01 2.763735415382555516e+00 -9.745676460662326956e-01 1.704475813205106993e+00 -9.745676460662326956e-01 1.679115181451179106e+00
4.267417569603773941e+00 4.726255331603576582e-01 1.846534055935168395e+00 4.726255331603577137e-01 3.078616891814656586e+00 -1.045905510744708833e+00 1.846534055935168395e+00 -1.045905510744709055e+00 1.913234625561921032e+00
4.612249240569361142e+00 5.130050760529920595e-01 1.986906137616364365e+00 5.130050760529921705e-01 3.357037072067370786e+00 -1.114285777799864263e+00 1.986906137616364365e+00 -1.114285777799864263e+00 2.112531573588457334e+00
4.989449684264722684e+00 5.516985631815159996e-01 2.125132070869465650e+00 5.516985631815158886e-01 3.672074379537442201e+00 -1.179925239865994069e+00 2.125132070869466094e+00 -1.179925239865993847e+00 2.352428356999468395e+00
5.318768706296338244e+00 5.894738144121269841e-01 2.260639947369138536e+00 5.894738144121269841e-01 3.944427416674993303e+00 -1.242544475948815341e+00 2.260639947369138536e+00 -1.242544475948815119e+00 2.552180472260771271e+00
5.655869994411492740e+00 6.256831010538224103e-01 2.391923078371110734e+00 6.256831010538224103e-01 4.229495074249953745e+00 -1.300971694913173105e+00 2.391923078371110289e+00 -1.300971694913173327e+00 2.768564252276578319e+00
5.970015611282295076e+00 6.597609349184612171e-01 2.519344141254853842e+00 6.597609349184612171e-01 4.497314318411086198e+00 -1.355967020016930036e+00 2.519344141254853842e+00 -1.355967020016930258e+00 2.971349902099703399e+00
6.276587597537020891e+00 6.919802992856509682e-01 2.641570716046350409e+00 6.919802992856509682e-01 4.762618497026686271e+00 -1.406560913188976691e+00 2.641570716046350409e+00 -1.406560913188976691e+00 3.175657194163679087e+00
6.538638288685842070e+00 7.225997989066854643e-01 2.757905325397047580e+00 7.225997989066853533e-01 4.989653154253574030e+00 -1.452487853820741304e+00 2.757905325397047580e+00 -1.452487853820741526e+00 3.344637395611280706e+00
6.801465384650187573e+00 7.506218559747992458e-01 2.868187468896945092e+00 7.506218559747994679e-01 5.223186120665380905e+00 -1.493706252234695997e+00 2.868187468896945536e+00 -1.493706252234696219e+00 3.524593219423827417e+00
7.016365831855844171e+00 7.773934095417762702e-01 2.971398945879283993e+00 7.773934095417762702e-01 5.415351957400725169e+00 -1.530222925993386385e+00 2.971398945879284437e+00 -1.530222925993386829e+00 3.666243948535854447e+00
7.213700331270261223e+00 8.024058594023504298e-01 3.066688385245621262e+00 8.024058594023504298e-01 5.596274207830388647e+00 -1.561179535554881204e+00 3.066688385245621262e+00 -1.561179535554881426e+00 3.799736118319655187e+00
7.385725285824536357e+00 8.253098289052508418e-01 3.154425389018428394e+00 8.253098289052507308e-01 5.758140198713904034e+00 -1.587601610462408663e+00 3.154425389018428838e+00 -1.587601610462408441e+00 3.917499139355527404e+00
7.529460840368519925e+00 8.469642282336712347e-01 3.233263465982449070e+00 8.469642282336712347e-01 5.897523812936113607e+00 -1.608812362402315399e+00 3.233263465982449070e+00 -1.608812362402315399e+00 4.015369695073319534e+00
7.636074546718651490e+00 8.678157690044090433e-01 3.302749197931576841e+00 8.678157690044090433e-01 6.006116085812348793e+00 -1.624832478574560257e+00 3.302749197931577285e+00 -1.624832478574560479e+00 4.084146205177765943e+00
7.722386671315637940e+00 8.876269449931362132e-01 3.363049914014244912e+00 8.876269449931361022e-01 6.100088846342421434e+00 -1.636171470014261109e+00 3.363049914014244912e+00 -1.636171470014261109e+00 4.140725012817373596e+00
7.771897412378462100e+00 9.072841132884823523e-01 3.413300548515770139e+00 9.072841132884822413e-01 6.163319558557184052e+00 -1.642947649817049438e+00 3.413300548515769695e+00 -1.642947649817049216e+00 4.167658630018147292e+00
7.796913005146125286e+00 9.270176862159190678e-01 3.453221683131983522e+00 9.270176862159191788e-01 6.207367870823282452e+00 -1.644853906573114255e+00 3.453221683131983522e+00 -1.644853906573114255e+00 4.175998196686970587e+00
7.793457119730087257e+00 9.472457498051657376e-01 3.483050614354170182e+00 9.472457498051657376e-01 6.228251083989102987e+00 -1.642929887524997579e+00 3.483050614354170627e+00 -1.642929887524997579e+00 4.161724214517140474e+00
7.765296508020728794e+00 9.683733183938175726e-01 3.502040394032577275e+00 9.683733183938176836e-01 6.229129246612337134e+00 -1.636917089346405563e+00 3.502040394032578163e+00 -1.636917089346405563e+00 4.126874593392970247e+00
7.710373420816647894e+00 9.910627730931461654e-01 3.510470231982173228e+00 9.910627730931461654e-01 6.208056451592352865e+00 -1.627513278348900583e+00 3.510470231982173228e+00 -1.627513278348900583e+00 4.069160251313139298e+00
7.634003893479385461e+00 1.015502412549311284e+00 3.508304830416823172e+00 1.015502412549311284e+00 6.169420896459767434e+00 -1.614774179640486640e+00 3.508304830416823616e+00 -1.614774179640486862e+00 3.992606566229175868e+00
7.535015845327035500e+00 1.042633809507165443e+00 3.495335005062427669e+00 1.042633809507165221e+00 6.112400047722314156e+00 -1.599634563764438466e+00 3.495335005062428113e+00 -1.599634563764438244e+00 3.895419951762339572e+00
7.418683579676886630e+00 1.072087127722340272e+00 3.471783322226161594e+00 1.072087127722340494e+00 6.040956353299639758e+00 -1.581850089577075513e+00 3.471783322226162483e+00 -1.581850089577075513e+00 3.781472365402981595e+00
7.284309715779106575e+00 1.105089720744655502e+00 3.437789626385893804e+00 1.105089720744655502e+00 5.954720939535156354e+00 -1.562620886098097017e+00 3.437789626385894248e+00 -1.562620886098096795e+00 3.649709227362150976e+00
7.137343052083706674e+00 1.141222884952346917e+00 3.393695029204556679e+00 1.141222884952346694e+00 5.857956222893967890e+00 -1.541674602270276973e+00 3.393695029204555791e+00 -1.541674602270276750e+00 3.504086145713953826e+00
6.975963132551815882e+00 1.181895339922550470e+00 3.339779142942393086e+00 1.181895339922550470e+00 5.749407246428256180e+00 -1.520148732420683491e+00 3.339779142942393086e+00 -1.520148732420683491e+00 3.342836892222759371e+00
6.808444076176844106e+00 1.226060600894619101e+00 3.276312911626458657e+00 1.226060600894619101e+00 5.635708275503390041e+00 -1.497519556864012724e+00 3.276312911626459101e+00 -1.497519556864012946e+00 3.172352118051015246e+00
6.631716733211740156e+00 1.275350480957678556e+00 3.203652877566379953e+00 1.275350480957678556e+00 5.514495360988789230e+00 -1.475259597502984299e+00 3.203652877566379509e+00 -1.475259597502984077e+00 2.989916453852051514e+00
6.451913777531131267e+00 1.328327739048041245e+00 3.122551250018058777e+00 1.328327739048041023e+00 5.389925843580971154e+00 -1.452447542519076595e+00 3.122551250018058333e+00 -1.452447542519076373e+00 2.799869455145783448e+00
6.268240293019132992e+00 1.387070549372491080e+00 3.033183530105965531e+00 1.387070549372491302e+00 5.262747792849951978e+00 -1.431239624638632524e+00 3.033183530105965975e+00 -1.431239624638632524e+00 2.602285874191178738e+00
6.087289208290414422e+00 1.449151309558232681e+00 2.936217637584753515e+00 1.449151309558232681e+00 5.136769163102685276e+00 -1.409911985348020202e+00 2.936217637584753515e+00 -1.409911985348019980e+00 2.401450209583869455e+00
5.905021821077236943e+00 1.517338804105165195e+00 2.832046239169812463e+00 1.517338804105165195e+00 5.010882320787512612e+00 -1.390753774057778225e+00 2.832046239169811574e+00 -1.390753774057778225e+00 2.195783520286887391e+00
5.730570586249873699e+00 1.588110105501344904e+00 2.721657467984815781e+00 1.588110105501344904e+00 4.890339071247246316e+00 -1.371566514064779696e+00 2.721657467984816225e+00 -1.371566514064779918e+00 1.991426198069944586e+00
5.558034179778866601e+00 1.665363918554507938e+00 2.605367870479910142e+00 1.665363918554507938e+00 4.772748719519249505e+00 -1.355504822528142084e+00 2.605367870479910586e+00 -1.355504822528142084e+00 1.785431235975341702e+00
5.394877491903827149e+00 1.744349707544883943e+00 2.484109054431134833e+00 1.744349707544883499e+00 4.660774347082673685e+00 -1.339644336847746864e+00 2.484109054431134833e+00 -1.339644336847746864e+00 1.581665377402426964e+00
5.237759515588724213e+00 1.829510340358440956e+00 2.358065670372115896e+00 1.829510340358440956e+00 4.555904396387030708e+00 -1.327502581882015642e+00 2.358065670372115452e+00 -1.327502581882015642e+00 1.380906816983481944e+00
5.091361540508857253e+00 1.915251381954265142e+00 2.228301423867778297e+00 1.915251381954265142e+00 4.457578195506208374e+00 -1.315282851672191722e+00 2.228301423867778297e+00 -1.315282851672191944e+00 1.183855648906818603e+00
4.953375436042090740e+00 2.006496755563631051e+00 2.095399324181403955e+00 2.006496755563630607e+00 4.369070529969851790e+00 -1.307012429219753580e+00 2.095399324181403511e+00 -1.307012429219753802e+00 9.937031695163667244e-01
4.826054599914760601e+00 2.097366090704705144e+00 1.960346125157972130e+00 2.097366090704705144e+00 4.286904400948938765e+00 -1.298643436143031238e+00 1.960346125157971908e+00 -1.298643436143031238e+00 8.084498700521157710e-01
4.708534598399451099e+00 2.192595186985741851e+00 1.823201317424633539e+00 2.192595186985741851e+00 4.215568450188766469e+00 -1.294126171765569655e+00 1.823201317424633761e+00 -1.294126171765569655e+00 6.321804957392117563e-01
4.601945642141375359e+00 2.286275695114287299e+00 1.684979776469604174e+00 2.286275695114287299e+00 4.150888237660779190e+00 -1.289643060870545588e+00 1.684979776469604396e+00 -1.289643060870545588e+00 4.624069683395312658e-01
4.505214115778460204e+00 2.382969182155713739e+00 1.545915391078507950e+00 2.382969182155713295e+00 4.097226293268719566e+00 -1.288495527585300282e+00 1.545915391078507950e+00 -1.288495527585300282e+00 3.030609765752342866e-01
4.418786799175255631e+00 2.477129876556181109e+00 1.407302241833923384e+00 2.477129876556180221e+00 4.049780432659356499e+00 -1.287075427652451864e+00 1.407302241833923384e+00 -1.287075427652452086e+00 1.509843116836540045e-01
4.340390000700553585e+00 2.572119327351869433e+00 1.269401889240479253e+00 2.572119327351869877e+00 4.011811211880744743e+00 -1.288858427161577502e+00 1.269401889240479253e+00 -1.288858427161577724e+00 9.675952628276252021e-03
4.271788537739667824e+00 2.663940967440286745e+00 1.132588241618116109e+00 2.663940967440286745e+00 3.980574309038984460e+00 -1.290250607414918926e+00 1.132588241618116109e+00 -1.290250607414918926e+00 -1.225705209678938507e-01
4.211050718454309560e+00 2.755286610392841506e+00 9.974358978369832762e-01 2.755286610392841951e+00 3.958499695627640147e+00 -1.294176035681026127e+00 9.974358978369832762e-01 -1.294176035681026127e+00 -2.436093224441977789e-01
4.155128061255138228e+00 2.842277733050979638e+00 8.648709754990774323e-01 2.842277733050979638e+00 3.939872054841985882e+00 -1.298178468800509355e+00 8.648709754990773213e-01 -1.298178468800509355e+00 -3.571016721629717838e-01
4.106888160567335966e+00 2.926762747999567260e+00 7.349576046876250546e-01 2.926762747999567704e+00 3.929387255544843249e+00 -1.303381731638006302e+00 7.349576046876249436e-01 -1.303381731638006524e+00 -4.585627417826260710e-01
4.062082486035604845e+00 3.006279155676987447e+00 6.082528146730985519e-01 3.006279155676987447e+00 3.921714519581751546e+00 -1.308508577612898405e+00 6.082528146730985519e-01 -1.308508577612898627e+00 -5.525195607638967443e-01
4.021178857085249803e+00 3.081572923691301202e+00 4.851554053090841867e-01 3.081572923691301646e+00 3.919170953239123456e+00 -1.314752501844956400e+00 4.851554053090841867e-01 -1.314752501844956178e+00 -6.361549829142890689e-01
3.983179645521906398e+00 3.150928155524074015e+00 3.659504090734284620e-01 3.150928155524074015e+00 3.919048713010910401e+00 -1.320710944178278501e+00 3.659504090734284620e-01 -1.320710944178278501e+00 -7.113865377224245501e-01
3.946222636919940463e+00 3.215279233573173912e+00 2.511274528050075339e-01 3.215279233573173467e+00 3.922339299826846482e+00 -1.327507335077737993e+00 2.511274528050075339e-01 -1.327507335077738215e+00 -7.776016395385505486e-01
3.907831328413432725e+00 3.272700650482110785e+00 1.411739513181258510e-01 3.272700650482111673e+00 3.924619181577156279e+00 -1.334304455697312486e+00 1.411739513181258787e-01 -1.334304455697312486e+00 -8.376951586839855857e-01
3.871814748872471235e+00 3.324204075412803938e+00 3.579060048113220927e-02 3.324204075412803938e+00 3.930890593470374839e+00 -1.341409423342627916e+00 3.579060048113220927e-02 -1.341409423342627916e+00 -8.871603576618533049e-01
3.833024663828519696e+00 3.368498675553071919e+00 -6.432543592579678671e-02 3.368498675553071475e+00 3.935495503337112844e+00 -1.348459293772597212e+00 -6.432543592579678671e-02 -1.348459293772596990e+00 -9.310065327319035910e-01
3.793344825158323719e+00 3.405995789515782857e+00 -1.590899073300862110e-01 3.405995789515783301e+00 3.941246019991097693e+00 -1.356221693355150526e+00 -1.590899073300862665e-01 -1.356221693355150748e+00 -9.662903556243311876e-01
3.750633614455494591e+00 3.436242048147696959e+00 -2.482380562148925607e-01 3.436242048147696959e+00 3.945274306589600766e+00 -1.364019845290407096e+00 -2.482380562148925884e-01 -1.364019845290407096e+00 -9.956624893351203598e-01
3.705581742443092796e+00 3.459460658837631986e+00 -3.317487319389984535e-01 3.459460658837632430e+00 3.949324657928278803e+00 -1.372104693441514423e+00 -3.317487319389984535e-01 -1.372104693441514645e+00 -1.018062748817600394e+00
3.657114812481408794e+00 3.475525908385791229e+00 -4.096362141158548242e-01 3.475525908385791674e+00 3.951402023498949756e+00 -1.380699539561070388e+00 -4.096362141158547687e-01 -1.380699539561070166e+00 -1.035242398861372592e+00
3.607060884883465768e+00 3.484911987419062829e+00 -4.816698482393887981e-01 3.484911987419063273e+00 3.953997264361766462e+00 -1.390195259258607763e+00 -4.816698482393887981e-01 -1.390195259258607985e+00 -1.044711366843964706e+00
3.552985387454854482e+00 3.486767851326400880e+00 -5.474456166211194574e-01 3.486767851326400436e+00 3.953963446721506347e+00 -1.399810163160080556e+00 -5.474456166211195685e-01 -1.399810163160080556e+00 -1.049685422829549131e+00
3.497302080677006320e+00 3.482621105730014932e+00 -6.073257657759996153e-01 3.482621105730014488e+00 3.954322131087642411e+00 -1.410660713153444767e+00 -6.073257657759996153e-01 -1.410660713153444767e+00 -1.047904887422553610e+00
3.439159876137900973e+00 3.471788190775004335e+00 -6.611505541314621759e-01 3.471788190775004779e+00 3.953405473260924285e+00 -1.422090703061626771e+00 -6.611505541314621759e-01 -1.422090703061626993e+00 -1.041434341387876383e+00
3.380623850106489137e+00 3.455238442327434267e+00 -7.090103530064019166e-01 3.455238442327433823e+00 3.953530521136427112e+00 -1.435258452258962203e+00 -7.090103530064020276e-01 -1.435258452258962203e+00 -1.028265500590352044e+00
3.319614928404309495e+00 3.432658168342592298e+00 -7.509824322922972195e-01 3.432658168342591853e+00 3.951661949855145739e+00 -1.449445180105475295e+00 -7.509824322922972195e-01 -1.449445180105475073e+00 -1.011627774208487596e+00
3.260172770403855669e+00 3.405295722181797213e+00 -7.868710760474205701e-01 3.405295722181797213e+00 3.952356055403685176e+00 -1.465634718947528281e+00 -7.868710760474204591e-01 -1.465634718947528281e+00 -9.877409338429022911e-01
3.199569529935092138e+00 3.372404919988260641e+00 -8.166351152362528731e-01 3.372404919988260641e+00 3.952040178532229664e+00 -1.482870895874686346e+00 -8.166351152362528731e-01 -1.482870895874686346e+00 -9.604551772127459808e-01
3.141949308222036219e+00 3.335471237877985384e+00 -8.403858375824423410e-01 3.335471237877985828e+00 3.955291970628043607e+00 -1.502667735808886462e+00 -8.403858375824423410e-01 -1.502667735808886462e+00 -9.261718845970143832e-01
3.085149174772245928e+00 3.293671937842857833e+00 -8.582984776058145693e-01 3.293671937842858721e+00 3.958559423364266028e+00 -1.523734250495384579e+00 -8.582984776058146803e-01 -1.523734250495384579e+00 -8.884966253507716738e-01
3.032936724670134865e+00 3.248931788903894002e+00 -8.702677287936488870e-01 3.248931788903894002e+00 3.966280928167730480e+00 -1.547961451421413726e+00 -8.702677287936487760e-01 -1.547961451421413948e+00 -8.437894107756241935e-01
2.983414173867286134e+00 3.199835219544040488e+00 -8.763155759152720936e-01 3.199835219544040044e+00 3.975036569642769635e+00 -1.573437270580040126e+00 -8.763155759152722046e-01 -1.573437270580040348e+00 -7.954321474854515461e-01
2.939769985033731103e+00 3.148321019934590126e+00 -8.764553367853905597e-01 3.148321019934590570e+00 3.988874045408264735e+00 -1.602038647432896923e+00 -8.764553367853905597e-01 -1.602038647432896701e+00 -7.404475047756950978e-01
2.901131698478619292e+00 3.092952724314442570e+00 -8.709811857137710334e-01 3.092952724314441681e+00 4.004987494460670483e+00 -1.632000068771137125e+00 -8.709811857137709223e-01 -1.632000068771137125e+00 -6.814289709704913767e-01
2.869822802032230058e+00 3.035592329239311216e+00 -8.597598624050983851e-01 3.035592329239311216e+00 4.026761869453923559e+00 -1.665205463405955655e+00 -8.597598624050984961e-01 -1.665205463405955433e+00 -6.159853533276727910e-01
2.844670916221606394e+00 2.974908027822289913e+00 -8.430155653169248975e-01 2.974908027822290357e+00 4.051384265741876156e+00 -1.699826631710948277e+00 -8.430155653169247865e-01 -1.699826631710948277e+00 -5.465845638818023211e-01
2.827280960695427670e+00 2.912245704090272724e+00 -8.205244903305480841e-01 2.912245704090272724e+00 4.081576538419842137e+00 -1.737279914465573061e+00 -8.205244903305481952e-01 -1.737279914465572839e+00 -4.714420262086422286e-01
2.817171256277435365e+00 2.846203558297276448e+00 -7.924547856348161945e-01 2.846203558297276892e+00 4.115565789718220735e+00 -1.776330280112352611e+00 -7.924547856348161945e-01 -1.776330280112352389e+00 -3.915332496533063811e-01
2.815137145832881771e+00 2.778239372054165379e+00 -7.590083428091090045e-01 2.778239372054164935e+00 4.154985291670290515e+00 -1.818107946792178575e+00 -7.590083428091092266e-01 -1.818107946792178575e+00 -3.064055842370662086e-01
2.821206108920525590e+00 2.706546941680949114e+00 -7.204441061957226333e-01 2.706546941680949558e+00 4.198075652444449801e+00 -1.860798931393887523e+00 -7.204441061957228554e-01 -1.860798931393887301e+00 -2.164339990258960511e-01
2.835280851499051735e+00 2.632241913890084106e+00 -6.764546367038657415e-01 2.632241913890084550e+00 4.246100670682546152e+00 -1.905805452129097688e+00 -6.764546367038657415e-01 -1.905805452129097688e+00 -1.214943593895970314e-01
2.856635319533594064e+00 2.553943584588196813e+00 -6.274730502123020415e-01 2.553943584588196369e+00 4.297154791823100339e+00 -1.951773956532949938e+00 -6.274730502123019305e-01 -1.951773956532949938e+00 -2.249210586685905858e-02
2.885318574387524038e+00 2.472091321994757784e+00 -5.732756649885638600e-01 2.472091321994757784e+00 4.352340500017170655e+00 -1.999011436305096145e+00 -5.732756649885638600e-01 -1.999011436305096145e+00 8.131880451848108593e-02
2.920220869816154696e+00 2.385604259881371814e+00 -5.143303459413385292e-01 2.385604259881371814e+00 4.409438641641608037e+00 -2.046603972201476385e+00 -5.143303459413385292e-01 -2.046603972201476385e+00 1.887325932560105224e-01
2.961209695279474641e+00 2.294810142839436296e+00 -4.506367884383183364e-01 2.294810142839436296e+00 4.469440320115819709e+00 -2.095123498324309885e+00 -4.506367884383183919e-01 -2.095123498324309885e+00 3.001394481274167192e-01
3.006861576253513135e+00 2.198146764946387943e+00 -3.823070117988255912e-01 2.198146764946387943e+00 4.530070247180737475e+00 -2.143209586752576001e+00 -3.823070117988255356e-01 -2.143209586752576001e+00 4.146127599699270805e-01
3.057344010697744530e+00 2.096157999421502272e+00 -3.093475365244425235e-01 2.096157999421502272e+00 4.592919837857496468e+00 -2.191859782721063965e+00 -3.093475365244425235e-01 -2.191859782721063965e+00 5.330655878319600083e-01
2.013022153179680820e-02 -1.500175868196969037e-03 2.326756723319080549e-03 -1.500175868196969254e-03 1.116634677988915039e-03 -7.793533963244563976e-05 2.326756723319080549e-03 -7.793533963244563976e-05 5.315596641440991504e-02
2.243932301314524869e-01 -2.448514914698878345e-02 5.319760009756541175e-02 -2.448514914698878345e-02 1.348022125763945755e-01 -1.771239758162783395e-02 5.319760009756542563e-02 -1.771239758162783742e-02 8.178350562663773415e-02
4.496370578112334759e-01 -4.550424863182527674e-02 1.048780427833671813e-01 -4.550424863182527674e-02 2.900708985444006016e-01 -3.525758809100610486e-02 1.048780427833671813e-01 -3.525758809100609792e-02 1.310532636703016229e-01
7.386635468996831655e-01 -6.469905602481550166e-02 1.587122519083314087e-01 -6.469905602481547391e-02 5.078271929150416364e-01 -5.357178804256191446e-02 1.587122519083314087e-01 -5.357178804256192139e-02 2.425417616916189789e-01
1.078608559801780942e+00 -8.055531917141063591e-02 2.132929223541317199e-01 -8.055531917141062204e-02 7.756108354568962415e-01 -7.212560193923682472e-02 2.132929223541316921e-01 -7.212560193923682472e-02 4.033192476164552120e-01
1.377725902254715251e+00 -9.538866010101000603e-02 2.711219818759970090e-01 -9.538866010100997828e-02 1.002971691924327668e+00 -9.096638119895129881e-02 2.711219818759970646e-01 -9.096638119895128494e-02 5.221140292041879238e-01
1.695294366384531237e+00 -1.078455379468008235e-01 3.302278436424183616e-01 -1.078455379468008374e-01 1.248778424150075006e+00 -1.100394219893323783e-01 3.302278436424183061e-01 -1.100394219893323783e-01 6.589912604345345981e-01
2.108641238651750793e+00 -1.192204889723932210e-01 3.889269052856675346e-01 -1.192204889723932348e-01 1.592132905352437788e+00 -1.285849326585759289e-01 3.889269052856675346e-01 -1.285849326585759567e-01 8.962215418429936298e-01
2.458576968721394973e+00 -1.289792162842000045e-01 4.494603782580315898e-01 -1.289792162842000045e-01 1.873019820316096817e+00 -1.477803664587387655e-01 4.494603782580315343e-01 -1.477803664587387655e-01 1.070221033591655990e+00
2.858948830568843746e+00 -1.373084306633354235e-01 5.107647003716326850e-01 -1.373084306633354512e-01 2.205419697399000345e+00 -1.665534320766214604e-01 5.107647003716326850e-01 -1.665534320766214327e-01 1.298320754793848009e+00
3.279329890092389732e+00 -1.451547468620677239e-01 5.719770479539301178e-01 -1.451547468620676684e-01 2.560908810397144464e+00 -1.844920116033345048e-01 5.719770479539302288e-01 -1.844920116033345048e-01 1.552628494776060908e+00
3.711146078577485685e+00 -1.525468939502392374e-01 6.338571164432242888e-01 -1.525468939502392096e-01 2.930277713394434436e+00 -2.018197210697317279e-01 6.338571164432243998e-01 -2.018197210697316724e-01 1.824407121873728110e+00
4.124731188263137227e+00 -1.599163118786927906e-01 6.958054417899657285e-01 -1.599163118786927906e-01 3.284628425398144813e+00 -2.182987029221664654e-01 6.958054417899657285e-01 -2.182987029221664932e-01 2.084320638591896202e+00
4.572310227887131262e+00 -1.675417925508208006e-01 7.575873226249442149e-01 -1.675417925508207728e-01 3.676068238264392107e+00 -2.339443955684792631e-01 7.575873226249442149e-01 -2.339443955684792631e-01 2.387662590176578004e+00
4.984687771347992680e+00 -1.756738249669835827e-01 8.189932596521614094e-01 -1.756738249669835827e-01 4.037013193678035350e+00 -2.490065103791347934e-01 8.189932596521614094e-01 -2.490065103791347934e-01 2.665098694621813369e+00
5.409487074266367657e+00 -1.849112929205256051e-01 8.796974364868179741e-01 -1.849112929205256051e-01 4.415191872548579255e+00 -2.629140801563692453e-01 8.796974364868180851e-01 -2.629140801563692453e-01 2.966694476182261120e+00
5.826747422992919034e+00 -1.955536294872310121e-01 9.395191938653582042e-01 -1.955536294872310121e-01 4.791355417534286509e+00 -2.756739055120669968e-01 9.395191938653580932e-01 -2.756739055120669968e-01 3.273445153439696220e+00
6.232717579587558454e+00 -2.077751302437372827e-01 9.982776832090084485e-01 -2.077751302437373104e-01 5.161544023631388534e+00 -2.873211243659153369e-01 9.982776832090081154e-01 -2.873211243659153369e-01 3.582248540525182268e+00
6.611793722887958857e+00 -2.219582705139603873e-01 1.055541624935258271e+00 -2.219582705139603873e-01 5.511967685291251584e+00 -2.977644104055142682e-01 1.055541624935258493e+00 -2.977644104055142682e-01 3.878917875298120599e+00
6.977877049777584162e+00 -2.383333335465531166e-01 1.111087835511880506e+00 -2.383333335465531444e-01 5.855628959617757978e+00 -3.070249565833153560e-01 1.111087835511880506e+00 -3.070249565833154115e-01 4.177417970696112981e+00
7.318926557257738885e+00 -2.570457865353768523e-01 1.164527075305734405e+00 -2.570457865353768523e-01 6.182056126403043805e+00 -3.149142063160880745e-01 1.164527075305734405e+00 -3.149142063160880189e-01 4.467173488065292020e+00
7.638365184530860219e+00 -2.782841148797126629e-01 1.215817312297346797e+00 -2.782841148797126629e-01 6.494156671812725712e+00 -3.215368205380691458e-01 1.215817312297347019e+00 -3.215368205380691458e-01 4.751537802695875001e+00
7.926069344970526842e+00 -3.020895373476798484e-01 1.264631575766940630e+00 -3.020895373476798484e-01 6.782895152926315063e+00 -3.268506943359639760e-01 1.264631575766940630e+00 -3.268506943359639205e-01 5.021259945803284275e+00
8.185907691624807470e+00 -3.285109184552464368e-01 1.310571660053946985e+00 -3.285109184552464368e-01 7.051499617383603535e+00 -3.309251963578215827e-01 1.310571660053946985e+00 -3.309251963578215827e-01 5.279275606294508982e+00
8.413870892199687646e+00 -3.573942390308782469e-01 1.353227143809448751e+00 -3.573942390308782469e-01 7.297153387378149780e+00 -3.337880963251897426e-01 1.353227143809448973e+00 -3.337880963251897426e-01 5.522601501594571083e+00
8.610363020523610800e+00 -3.886978864992931548e-01 1.392401655306305441e+00 -3.886978864992930993e-01 7.519473048057765396e+00 -3.354947681902544221e-01 1.392401655306305663e+00 -3.354947681902543666e-01 5.750213036589850724e+00
8.773522193041273454e+00 -4.221983323924006770e-01 1.427740218597036703e+00 -4.221983323924006770e-01 7.717503439189986381e+00 -3.361636203670405609e-01 1.427740218597036925e+00 -3.361636203670405609e-01 5.960862708067570459e+00
8.902121308049327553e+00 -4.575472384236206613e-01 1.459046004651471717e+00 -4.575472384236206058e-01 7.889138895433588594e+00 -3.358498894439988502e-01 1.459046004651471495e+00 -3.358498894439987947e-01 6.151120657702596084e+00
8.998321284119580099e+00 -4.944652559260319657e-01 1.485992038239485780e+00 -4.944652559260319657e-01 8.037460797187529593e+00 -3.346023533099262148e-01 1.485992038239486002e+00 -3.346023533099261593e-01 6.323831849852878939e+00
9.060915908942533292e+00 -5.325763149382561901e-01 1.508353002362075701e+00 -5.325763149382563011e-01 8.159924244830769169e+00 -3.324830667806287776e-01 1.508353002362075479e+00 -3.324830667806287221e-01 6.474834427588531227e+00
9.091808185931149922e+00 -5.713710137081923213e-01 1.525725184824762826e+00 -5.713710137081920992e-01 8.259519985916877971e+00 -3.296871931897387142e-01 1.525725184824762826e+00 -3.296871931897387142e-01 6.606561979389991457e+00
9.091416883817643679e+00 -6.104109983264460748e-01 1.538196674407130704e+00 -6.104109983264460748e-01 8.334902403734258058e+00 -3.264373336492066846e-01 1.538196674407130926e+00 -3.264373336492066291e-01 6.716106874934227200e+00
9.062523139325268318e+00 -6.492075005999886628e-01 1.545182337370264225e+00 -6.492075005999885517e-01 8.389947431387446031e+00 -3.227122860965347395e-01 1.545182337370264225e+00 -3.227122860965347395e-01 6.806509788609178990e+00
9.005748091712870718e+00 -6.872175740820928302e-01 1.546839778876539784e+00 -6.872175740820929413e-01 8.423302223107555164e+00 -3.185743084001022574e-01 1.546839778876539784e+00 -3.185743084001022019e-01 6.874674920401211864e+00
8.924563261450471074e+00 -7.238480457182083772e-01 1.542646593680835121e+00 -7.238480457182083772e-01 8.439707414086463189e+00 -3.142462274713412884e-01 1.542646593680834899e+00 -3.142462274713412329e-01 6.924346715173217426e+00
8.819548223350505367e+00 -7.585495098956976934e-01 1.532920487003289534e+00 -7.585495098956976934e-01 8.436945827375987861e+00 -3.099440715824697823e-01 1.532920487003289312e+00 -3.099440715824697268e-01 6.952143094374140908e+00
8.696007564437593373e+00 -7.906651570771796589e-01 1.516798060928314928e+00 -7.906651570771795479e-01 8.422546273575450826e+00 -3.054581051409318015e-01 1.516798060928315151e+00 -3.054581051409318015e-01 6.964172983193942734e+00
8.553552860128046831e+00 -8.195697712810182667e-01 1.495223597028158435e+00 -8.195697712810182667e-01 8.392186201973952819e+00 -3.011441153575742935e-01 1.495223597028158435e+00 -3.011441153575742380e-01 6.955010390651391816e+00
8.397927124594414039e+00 -8.449686625666412709e-01 1.467006962858859342e+00 -8.449686625666412709e-01 8.354921733096764669e+00 -2.969943640871052781e-01 1.467006962858859342e+00 -2.969943640871052781e-01 6.932695729173565802e+00
8.228526487301344616e+00 -8.660351253706503050e-01 1.433419100895219289e+00 -8.660351253706501939e-01 8.304777843571379492e+00 -2.933510050896547816e-01 1.433419100895219289e+00 -2.933510050896547816e-01 6.890198980584124833e+00
8.051344307664916045e+00 -8.825572588861676504e-01 1.392915835154607151e+00 -8.825572588861676504e-01 8.252923162764785658e+00 -2.902061362681004342e-01 1.392915835154607374e+00 -2.902061362681003787e-01 6.837729359400487539e+00
7.866844451089409773e+00 -8.938070893561708141e-01 1.347456554275940244e+00 -8.938070893561709251e-01 8.191855641914109754e+00 -2.876582926748871838e-01 1.347456554275940244e+00 -2.876582926748871838e-01 6.767126571346224750e+00
7.678934269919481359e+00 -8.998917347066265338e-01 1.294753865093768219e+00 -8.998917347066265338e-01 8.133636267451009871e+00 -2.854692752746093576e-01 1.294753865093768219e+00 -2.854692752746093576e-01 6.690023549643650647e+00
7.489215828849300038e+00 -8.997154393025837971e-01 1.237706209102031440e+00 -8.997154393025837971e-01 8.069326902650015398e+00 -2.840588688814930096e-01 1.237706209102031440e+00 -2.840588688814930651e-01 6.596661564874045425e+00
7.299112641721814398e+00 -8.940461051765021816e-01 1.173163915124479928e+00 -8.940461051765021816e-01 8.011421268508561511e+00 -2.831951499954092344e-01 1.173163915124479928e+00 -2.831951499954092344e-01 6.499379100900427808e+00
7.113421767242632754e+00 -8.817270078564761748e-01 1.105173491492676074e+00 -8.817270078564762859e-01 7.950311521781911139e+00 -2.829711963160539412e-01 1.105173491492676074e+00 -2.829711963160539967e-01 6.388632049853460337e+00
6.929583621554205486e+00 -8.636147502777715701e-01 1.029270262289161186e+00 -8.636147502777714591e-01 7.898240685097104752e+00 -2.833495652311712187e-01 1.029270262289161186e+00 -2.833495652311712187e-01 6.276189136120946976e+00
6.753484694503405272e+00 -8.386442298873421075e-01 9.506649698256958159e-01 -8.386442298873421075e-01 7.845384658604792172e+00 -2.842500807333334656e-01 9.506649698256958159e-01 -2.842500807333334101e-01 6.153515457554432189e+00
6.583053920430383954e+00 -8.079799290962698111e-01 8.653304872585720897e-01 -8.079799290962698111e-01 7.802069455301561263e+00 -2.856425032881819148e-01 8.653304872585720897e-01 -2.856425032881819148e-01 6.031033462039278703e+00
6.420048105894335499e+00 -7.707353182508649425e-01 7.770935026541403445e-01 -7.707353182508648315e-01 7.759523787540591577e+00 -2.873966434785603652e-01 7.770935026541404556e-01 -2.873966434785603652e-01 5.900266338321379145e+00
6.266546220913112641e+00 -7.278885911679194853e-01 6.829628902380295852e-01 -7.278885911679195964e-01 7.728115198396753982e+00 -2.893366574551434756e-01 6.829628902380295852e-01 -2.893366574551435311e-01 5.772164862731437474e+00
6.120272500850036046e+00 -6.795271018079783731e-01 5.854307646992994441e-01 -6.795271018079783731e-01 7.699135943554391126e+00 -2.914156106285542558e-01 5.854307646992994441e-01 -2.914156106285542558e-01 5.639850847111295806e+00
5.983896319048533918e+00 -6.258725337643208375e-01 4.840952471383357381e-01 -6.258725337643208375e-01 7.677975083450711224e+00 -2.933824021980797059e-01 4.840952471383357381e-01 -2.933824021980797059e-01 5.509083923126450344e+00
5.854497169434591086e+00 -5.673374329853340114e-01 3.795481361254009478e-01 -5.673374329853340114e-01 7.659173957370104979e+00 -2.951891389114297826e-01 3.795481361254008923e-01 -2.951891389114298381e-01 5.376223911033158664e+00
5.736195253844787345e+00 -5.046252918953080258e-01 2.720278701452735759e-01 -5.046252918953079147e-01 7.647835805612607452e+00 -2.962990630661133662e-01 2.720278701452734649e-01 -2.962990630661133662e-01 5.247357394789516682e+00
5.623817868985402590e+00 -4.380152948945464919e-01 1.618764515813047866e-01 -4.380152948945464919e-01 7.638362443779144861e+00 -2.966708483762715010e-01 1.618764515813048144e-01 -2.966708483762715565e-01 5.117959179551069937e+00
5.520446639997069305e+00 -3.681769208970293583e-01 4.945104449028780991e-02 -3.681769208970293028e-01 7.633954440781131723e+00 -2.963402566459329424e-01 4.945104449028780991e-02 -2.963402566459329424e-01 4.993557264437193943e+00
5.421654692451914670e+00 -2.957724415483727332e-01 -6.483009025499072986e-02 -2.957724415483727887e-01 7.629759306893439508e+00 -2.947704075710340099e-01 -6.483009025499071598e-02 -2.947704075710340099e-01 4.869891819304017488e+00
5.330272800297988667e+00 -2.213179328752352126e-01 -1.805963990173121980e-01 -2.213179328752352126e-01 7.628482337977566807e+00 -2.918504417166266629e-01 -1.805963990173122258e-01 -2.918504417166266629e-01 4.751389446149526741e+00
5.241651181547266170e+00 -1.455456216218677934e-01 -2.972821770637428807e-01 -1.455456216218677656e-01 7.625110989343830248e+00 -2.872603668642368380e-01 -2.972821770637428807e-01 -2.872603668642368380e-01 4.634982003687425411e+00
5.158459952749943511e+00 -6.885988553789108846e-02 -4.147541967554903564e-01 -6.885988553789106070e-02 7.622531892703598544e+00 -2.810213896377263265e-01 -4.147541967554903564e-01 -2.810213896377263265e-01 4.524566475616280670e+00
5.076426120696253541e+00 7.999717454443177472e-03 -5.322522517036992751e-01 7.999717454443175738e-03 7.615481556088162129e+00 -2.728413426591422275e-01 -5.322522517036991641e-01 -2.728413426591422275e-01 4.416600290213978930e+00
4.997417447842686045e+00 8.436435345308777867e-02 -6.498932812567940198e-01 8.436435345308779254e-02 7.606958350341870734e+00 -2.627412806450952765e-01 -6.498932812567939088e-01 -2.627412806450952765e-01 4.315364287875612881e+00
4.917767717094283952e+00 1.596268383690737092e-01 -7.668340910396318488e-01 1.596268383690737092e-01 7.591886775714681512e+00 -2.502963941667676329e-01 -7.668340910396318488e-01 -2.502963941667676329e-01 4.216946407048236090e+00
4.839456459850921100e+00 2.335505429852395287e-01 -8.832474292881542510e-01 2.335505429852395287e-01 7.573383522607309182e+00 -2.356255013493030182e-01 -8.832474292881541400e-01 -2.356255013493030459e-01 4.125439230299573268e+00
4.759193904157196897e+00 3.056116215631021205e-01 -9.983459997337802427e-01 3.056116215631021205e-01 7.546554692868879144e+00 -2.186525085996499362e-01 -9.983459997337802427e-01 -2.186525085996499362e-01 4.037251093458141149e+00
4.678938728968856431e+00 3.753921215941645184e-01 -1.112183786623155646e+00 3.753921215941645739e-01 7.515061175137606853e+00 -1.997331493754645471e-01 -1.112183786623155868e+00 -1.997331493754645193e-01 3.956983056550580358e+00
4.595408392360318395e+00 4.423331874807712172e-01 -1.223800314767547137e+00 4.423331874807711062e-01 7.473144231878039001e+00 -1.784703144878811709e-01 -1.223800314767547137e+00 -1.784703144878811432e-01 3.879565518885062847e+00
4.511006910571134121e+00 5.064218912303591891e-01 -1.333953089372305501e+00 5.064218912303591891e-01 7.425921704084160524e+00 -1.553450412626504185e-01 -1.333953089372305278e+00 -1.553450412626504462e-01 3.810590539022284062e+00
4.423755994684110959e+00 5.670781003482854299e-01 -1.441347405931500347e+00 5.670781003482854299e-01 7.368604017866124956e+00 -1.300229944875121724e-01 -1.441347405931500569e+00 -1.300229944875121446e-01 3.745824512930745698e+00
4.335098229264577441e+00 6.247346953150160198e-01 -1.546524907733893395e+00 6.247346953150160198e-01 7.305249298908124800e+00 -1.032642907563221246e-01 -1.546524907733892951e+00 -1.032642907563221107e-01 3.689387785010601384e+00
4.244365599925437493e+00 6.788605458511837165e-01 -1.648469974871483057e+00 6.788605458511836055e-01 7.232225118794016083e+00 -7.461590346679822239e-02 -1.648469974871483057e+00 -7.461590346679820851e-02 3.638009446362517441e+00
4.152491077107189454e+00 7.297422492637885005e-01 -1.748073002493196748e+00 7.297422492637883895e-01 7.153380808172132177e+00 -4.506063106143706753e-02 -1.748073002493196748e+00 -4.506063106143707447e-02 3.595301217490570966e+00
4.059615936117284996e+00 7.770785428187290123e-01 -1.844074905090107519e+00 7.770785428187292343e-01 7.065718204701658678e+00 -1.414535055281113465e-02 -1.844074905090107519e+00 -1.414535055281113292e-02 3.557970876586806774e+00
3.966722402393005442e+00 8.214835476240008871e-01 -1.937233180931820398e+00 8.214835476240009982e-01 6.973623578062935202e+00 1.684009419941339195e-02 -1.937233180931820398e+00 1.684009419941339541e-02 3.530117604051191904e+00
