2.085377784838463811e+01 8.292862360216135542e+00 1.759618080811073071e+01 8.292862360216135542e+00 2.144132556499449649e+01 -1.194544350690835754e+00 1.759618080811073071e+01 -1.194544350690835754e+00 2.680750881124225060e+01
7.101316742399402138e+00 4.854216906174434243e+00 1.516226952185286869e+01 4.854216906174434243e+00 -2.892363540424458090e+00 2.576660766942669767e+00 1.516226952185286869e+01 2.576660766942669767e+00 2.551439927593240142e+01
-3.270702176789287563e+01 -3.061521341193549350e+00 1.587639525570127219e+00 -3.061521341193549350e+00 -7.216492682978109485e+01 -2.568328533096942312e+00 1.587639525570127219e+00 -2.568328533096942312e+00 -2.642090133621297454e+01
-7.187018552824270046e+00 1.277753282800253132e+01 2.563700922891268608e+00 1.277753282800253132e+01 -5.497866898486286402e+01 -1.219032083996826366e+01 2.563700922891268608e+00 -1.219032083996826366e+01 -9.974201261584459965e-01
1.344007044845206700e+01 6.130733296027186086e+00 -3.433867036174274162e-02 6.130733296027186086e+00 -2.923852283223806481e+01 -3.845241224773788602e+00 -3.433867036174274162e-02 -3.845241224773788602e+00 -2.964977959858372536e+00
3.851434322461702919e+00 -1.835154628233794938e+01 1.263286482774115171e+01 -1.835154628233794938e+01 -3.515539711634144737e+01 1.503694968354390760e+00 1.263286482774115171e+01 1.503694968354390760e+00 -2.719516473966369929e+01
-1.724965023218666360e+01 -1.371212342379987170e+01 -4.354745737656909199e+00 -1.371212342379987170e+01 -3.150570051766572632e+01 8.358420494168766979e+00 -4.354745737656909199e+00 8.358420494168766979e+00 -5.193852014412705387e+00
3.797491196996764518e-01 -3.238723487454368222e+00 1.351343342262184244e+01 -3.238723487454368222e+00 2.295259074729905979e+00 -6.131933365913097234e+00 1.351343342262184244e+01 -6.131933365913097234e+00 -7.002325210091847829e+00
1.064926265714877474e+01 -3.691516112443085973e+00 1.427554691587481628e+01 -3.691516112443085973e+00 -3.978384566812686707e+00 1.092587316774448780e+01 1.427554691587481628e+01 1.092587316774448780e+01 1.681806496708154697e+01
1.436347893833335299e+01 -1.199514440680678895e+01 1.221062796525287908e+01 -1.199514440680678895e+01 -1.181482932943983855e+01 9.975955550923141235e-01 1.221062796525287908e+01 9.975955550923141235e-01 6.554959794863549405e+00
-1.610204714787120750e+01 -5.276947987090264469e+00 -6.346090453983576074e-01 -5.276947987090264469e+00 -3.226620138355593781e+01 1.188652576692680540e+00 -6.346090453983576074e-01 1.188652576692680540e+00 -2.461289502019618070e+01
-1.391595466550715798e+01 -8.117526722521705151e-01 -1.808146577187438320e+00 -8.117526722521705151e-01 -6.824594299802944875e+01 -3.615428521359536074e+00 -1.808146577187438320e+00 -3.615428521359536074e+00 -3.456766832720568772e+01
4.165043418940638453e+00 -9.353848876347457875e+00 1.792998325919997171e+01 -9.353848876347457875e+00 -1.333472612170048421e+01 1.865229715068117855e+01 1.792998325919997171e+01 1.865229715068117855e+01 2.067930002289270064e+01
2.891300496228715033e+01 -1.588244768332676493e+01 3.412398590850350910e+00 -1.588244768332676493e+01 1.382521762869092186e+01 -1.868778998639363920e+01 3.412398590850350910e+00 -1.868778998639363920e+01 1.771655551449599386e+01
4.733272122083831590e+01 -3.947744851021552481e+00 4.032868473840196533e-01 -3.947744851021552481e+00 1.233515855479659251e+00 2.526610110333038151e+01 4.032868473840196533e-01 2.526610110333038151e+01 5.194202337582503048e+01
-9.192607556398183277e+00 2.142398298888146702e+00 1.708585871122324207e+01 2.142398298888146702e+00 -4.651013287821891851e+01 -7.970967981685863624e-01 1.708585871122324207e+01 -7.970967981685863624e-01 -9.001126491931027429e-02
-3.734963579489105712e+01 -1.064059741933046643e+00 9.335713593394524779e+00 -1.064059741933046643e+00 -7.964321662155867898e+01 -7.515441747673748951e-01 9.335713593394524779e+00 -7.515441747673748951e-01 -3.343520478930081197e+01
4.582911800416149539e+00 -1.246287632370504639e+01 1.481073548944446472e+01 -1.246287632370504639e+01 -2.456027229659308020e+01 5.190970954626179079e+00 1.481073548944446472e+01 5.190970954626179079e+00 1.254623481136624719e+01
1.261053347683903425e+00 -1.028669364063513925e+01 6.980753796227630481e+00 -1.028669364063513925e+01 -8.059320031501178150e+00 1.299345725370010918e+00 6.980753796227630481e+00 1.299345725370010918e+00 -1.085420945729443609e+01
-3.663725920790480473e+01 -1.081255453863731830e+01 1.098627311651535265e+01 -1.081255453863731830e+01 -6.065604774029964119e+01 1.995852407237918083e-02 1.098627311651535265e+01 1.995852407237918083e-02 -3.148260852982444291e+01
5.265215956293015864e+00 -1.943335642102538330e+01 1.230945105742208412e+01 -1.943335642102538330e+01 -3.727655295261316581e+01 3.363996807866077354e+00 1.230945105742208412e+01 3.363996807866077354e+00 -7.959493167951634973e+00
-3.501772438591870706e+00 9.922810422610721659e+00 1.769984830076328919e+01 9.922810422610721659e+00 -1.008276000053156629e+01 -1.202487140969382251e+00 1.769984830076328919e+01 -1.202487140969382251e+00 4.028510682066382742e+00
-1.709062872263370281e+01 6.299989199771728332e-01 1.457031123035078224e+01 6.299989199771728332e-01 -4.099228469531538366e+01 -4.299354808363671232e+00 1.457031123035078224e+01 -4.299354808363671232e+00 -1.643201775702049972e+01
6.458360255410462436e+00 -9.527873747425360307e+00 -4.380190966619205817e+00 -9.527873747425360307e+00 9.054245829288937841e+00 4.509843260864450976e+00 -4.380190966619205817e+00 4.509843260864450976e+00 3.485535245431913065e+00
8.599620978264225224e-01 -9.555217520703386536e-02 2.165929828989866124e+01 -9.555217520703386536e-02 -4.761803311708531794e+01 -1.263646105158117550e+01 2.165929828989866124e+01 -1.263646105158117550e+01 -9.946393586753284666e+00
6.909185612196049320e+00 1.048343664731781999e+01 2.682327680248068447e+00 1.048343664731781999e+01 4.443733908011466838e+00 -9.107943908460683247e+00 2.682327680248068447e+00 -9.107943908460683247e+00 3.227011412986521499e+00
-1.418903631246550745e+01 -2.015233253904546729e+01 1.214665566386655193e+01 -2.015233253904546729e+01 -3.514076122422066817e+01 1.057538160577193409e+00 1.214665566386655193e+01 1.057538160577193409e+00 -2.585402835458589976e+01
1.968053439959457762e+01 1.345710976330546238e+01 4.989526022726916699e-01 1.345710976330546238e+01 -2.631914130925474282e+01 -9.490757738248857933e+00 4.989526022726916699e-01 -9.490757738248857933e+00 -1.296129808318261567e+01
-1.506484779981080280e+01 -1.084692163093793837e+01 2.236733127276055200e+01 -1.084692163093793837e+01 -2.871392568255028976e+01 4.808554700777550650e+00 2.236733127276055200e+01 4.808554700777550650e+00 -8.189971410004284635e+00
-3.672863268180597629e+01 -1.128045670100569353e+01 2.409384337691993849e+01 -1.128045670100569353e+01 -9.358106330803597928e+01 -5.964713296636668716e+00 2.409384337691993849e+01 -5.964713296636668716e+00 -2.388646892664316823e+01
1.046128599509157198e+01 1.362064601428509469e+01 -1.253076563926348030e-01 1.362064601428509469e+01 -1.278483209672244847e+01 -1.129054570013013503e+01 -1.253076563926348030e-01 -1.129054570013013503e+01 2.045177216603797987e+01
1.688988102156838522e+01 1.261142116110363709e+01 2.855701564681564975e+01 1.261142116110363709e+01 6.491442920030801034e-01 3.927009100513930928e+00 2.855701564681564975e+01 3.927009100513930928e+00 3.251488524469673536e+01
-3.215749104233592703e+01 6.601286929920052060e+00 -1.150744884108495292e+00 6.601286929920052060e+00 -5.138129856680633623e+01 -1.692292198657886493e+00 -1.150744884108495292e+00 -1.692292198657886493e+00 -1.945248123764033821e+01
4.042446220741332752e+00 2.356881744009376445e-01 1.147621906883951226e+01 2.356881744009376445e-01 -1.545554026181791940e+01 -3.218362154106078954e+00 1.147621906883951226e+01 -3.218362154106078954e+00 -3.880025692134816850e+00
-2.582884799231403683e+00 4.632819092110682213e+00 4.638127846105411400e+00 4.632819092110682213e+00 5.461563985406724386e-01 3.269407879707312059e+00 4.638127846105411400e+00 3.269407879707312059e+00 -1.947282495159363336e+01
-4.718852263660951785e+00 2.203442997843886531e+01 8.676778475432117332e+00 2.203442997843886531e+01 -3.977862296491397132e+01 1.087683122361028099e-01 8.676778475432117332e+00 1.087683122361028099e-01 6.949672714406666119e-01
-1.420622515473016811e+01 2.155443192464162383e+00 4.067491221835433990e+00 2.155443192464162383e+00 -7.419514521216467706e+00 2.584319415114545215e+00 4.067491221835433990e+00 2.584319415114545215e+00 -1.040701877421518518e+01
1.379903402376743848e+01 -8.653349443193691926e+00 9.708616360767619469e+00 -8.653349443193691926e+00 2.673284414549412791e+00 5.536443820131459859e+00 9.708616360767619469e+00 5.536443820131459859e+00 1.413012995480437439e+01
-1.953650219858124615e+01 -4.568976886767303291e+00 1.145130450178715398e+00 -4.568976886767303291e+00 -4.350600283237263710e+01 -2.156486751678583147e+01 1.145130450178715398e+00 -2.156486751678583147e+01 -4.037097504862347108e+01
2.807387206762888354e+01 -4.496097764052483292e+00 1.467848550481111047e+01 -4.496097764052483292e+00 8.905817456882623162e+00 2.377865718951674534e+00 1.467848550481111047e+01 2.377865718951674534e+00 4.258901982203343550e+01
1.970454258147894322e+01 3.472454466508331894e+00 5.347696870671653890e+00 3.472454466508331894e+00 7.697858304708979915e+00 9.844014504861860360e+00 5.347696870671653890e+00 9.844014504861860360e+00 3.566570242122128320e+01
-1.621072552300136493e+01 -8.304973414916494434e+00 7.504065168961216337e+00 -8.304973414916494434e+00 -2.796540504054776832e+01 8.233930028202340878e-01 7.504065168961216337e+00 8.233930028202340878e-01 -3.088682491909003502e+01
2.079413450233647964e+01 6.123754705416887489e+00 2.280464346760356165e+01 6.123754705416887489e+00 -8.301419415068087559e+00 -1.146532020189171774e+00 2.280464346760356165e+01 -1.146532020189171774e+00 2.546505774780344211e+01
-1.534891868181732233e-01 -2.366606780244180541e+01 4.106397493473778582e+00 -2.366606780244180541e+01 -3.949637861991190135e+01 3.230641688139967016e+01 4.106397493473778582e+00 3.230641688139967016e+01 -5.547841686902828862e+00
4.908046962883226172e+00 1.793661124275914176e+00 2.903451119580216400e+01 1.793661124275914176e+00 -2.846723783216232562e+01 6.706626301868300111e+00 2.903451119580216400e+01 6.706626301868300111e+00 -3.303121591811666491e+01
-4.426587587618507236e+00 -3.081142088969915704e+00 1.387395745036860539e+01 -3.081142088969915704e+00 -1.441336922114164665e+01 -5.019510476339854144e+00 1.387395745036860539e+01 -5.019510476339854144e+00 -7.412058061122114516e+00
5.436189929825677725e-01 1.711918088828521434e+01 1.485903504866735503e+01 1.711918088828521434e+01 -2.701059512447582023e+01 5.707600995510026642e+00 1.485903504866735503e+01 5.707600995510026642e+00 1.626488004044745495e+01
-4.504755861466160383e+01 -1.122796282678355340e+01 9.451201919962235465e+00 -1.122796282678355340e+01 -3.652260397366116251e+01 3.852713701146949443e+00 9.451201919962235465e+00 3.852713701146949443e+00 -1.949755595174226386e+01
2.547337399448258566e+01 1.509637538734698858e-01 2.750475545992904358e+01 1.509637538734698858e-01 -3.540859874164137278e-01 -1.507684579434912520e-01 2.750475545992904358e+01 -1.507684579434912520e-01 2.126646096771767702e+01
-2.096706210959163030e+01 -8.177367375055508703e+00 1.876264565667342410e+01 -8.177367375055508703e+00 -5.994108663313267016e+01 1.087509131662694806e+01 1.876264565667342410e+01 1.087509131662694806e+01 -1.233328938513017903e+01
