1.905430052374044081e+01 1.048764840521360142e+01 1.899125826869878608e+01 1.048764840521360142e+01 3.874419200719407996e+01 -6.481678793120227766e+00 1.899125826869878608e+01 -6.481678793120227766e+00 3.308162383174400389e+01
1.502432706862961354e+01 5.385847934981366159e+00 5.870818013242337230e+01 5.385847934981366159e+00 6.713785854597268177e+00 -3.674299539648078206e+00 5.870818013242337230e+01 -3.674299539648078206e+00 3.087435764754779211e+00
2.887355890045361662e+01 -4.946706002986301698e+00 2.822664707715196997e+01 -4.946706002986301698e+00 -5.071724520461614816e+00 3.448081018396011443e-01 2.822664707715196997e+01 3.448081018396011443e-01 3.312746851047229057e+01
1.166483322302882719e+01 6.794645348997727652e-01 1.244049378527501659e+01 6.794645348997727652e-01 -1.225775211719102487e+01 -7.193160498083500443e+00 1.244049378527501659e+01 -7.193160498083500443e+00 -4.455901358699577486e+00
-1.009549986489356321e+01 -5.243801004774649499e+00 1.362418950635244030e+01 -5.243801004774649499e+00 -1.653262370706513096e+01 2.868035493455904916e+00 1.362418950635244030e+01 2.868035493455904916e+00 3.103021187718050911e+00
4.081665992637798723e+01 1.675994327780934823e+00 1.085103779385582357e+01 1.675994327780934823e+00 3.718661994674316418e+01 4.948230767211993175e+00 1.085103779385582357e+01 4.948230767211993175e+00 4.217586985498433449e+01
-3.057859263315058840e+01 -9.770591507900679318e+00 -5.604102515737874768e+00 -9.770591507900679318e+00 -6.285929050968436371e+01 1.426850032277881875e+00 -5.604102515737874768e+00 1.426850032277881875e+00 -6.575634837827989188e+00
-1.588655567211553610e+01 7.794049159894538725e+00 9.413864006006908980e+00 7.794049159894538725e+00 -4.935528916500484797e+01 3.349917516060087586e+00 9.413864006006908980e+00 3.349917516060087586e+00 -2.816009660226893629e+01
-3.140953581972697695e+00 -1.219219416326304817e+01 2.712176477188095447e+01 -1.219219416326304817e+01 -3.580099400150413658e+01 1.351439131087014367e+01 2.712176477188095447e+01 1.351439131087014367e+01 -3.564049447292394746e+01
2.920229419503465706e+01 9.071227664534395885e+00 -1.061828929167850211e+00 9.071227664534395885e+00 1.263077920062644566e+01 -3.367933833910584873e+00 -1.061828929167850211e+00 -3.367933833910584873e+00 2.787778548218439312e+01
2.246333002328998063e+01 1.352862985745756852e+01 1.572782688420357955e+00 1.352862985745756852e+01 -9.767729980538961243e+00 -3.931497107748027187e+00 1.572782688420357955e+00 -3.931497107748027187e+00 1.883036403549946058e+01
4.420287723969183347e+00 3.639110189737954748e+00 1.525644479016766031e+00 3.639110189737954748e+00 -1.660262404142931203e+01 -8.206778129315341896e-01 1.525644479016766031e+00 -8.206778129315341896e-01 -1.890312084665013437e+00
-2.913307316653371615e+00 5.650522485289674712e+00 4.593461446378081625e+00 5.650522485289674712e+00 -2.395738540568690667e+01 1.515541895763055091e+00 4.593461446378081625e+00 1.515541895763055091e+00 -5.041679088294716671e+00
1.052718045127591040e+01 1.372095513062291516e+01 3.828771906206311915e-01 1.372095513062291516e+01 -1.539350627909127311e+01 -2.492775203941667961e+00 3.828771906206311915e-01 -2.492775203941667961e+00 3.902778531114888150e+00
6.872838060760106949e+00 2.121364340715214958e+00 5.544588172332960418e+00 2.121364340715214958e+00 -2.205926673607677913e+01 -1.898795542069089848e+01 5.544588172332960418e+00 -1.898795542069089848e+01 1.323918514343185215e+01
-2.921491658594256080e+00 9.438399019311771720e-01 5.293742247941678691e+00 9.438399019311771720e-01 -1.884766453937513475e+01 -1.853866980766486261e+00 5.293742247941678691e+00 -1.853866980766486261e+00 -7.315992451862954660e+00
-1.049871041738796862e+01 2.401721886296416031e+00 1.676288773235334650e+00 2.401721886296416031e+00 -1.095482425923644776e+01 -2.568582196646111981e+00 1.676288773235334650e+00 -2.568582196646111981e+00 -5.609569288343105420e+00
2.541921106536847219e+01 6.952091969390868265e+00 4.487138518279205357e+01 6.952091969390868265e+00 -8.700224326203070291e+00 9.998469999712135348e+00 4.487138518279205357e+01 9.998469999712135348e+00 -3.580377529915614421e+00
1.082376593122591579e+01 -8.973694552647007328e+00 1.378382393047336940e+01 -8.973694552647007328e+00 9.517295512310568029e+00 1.004561533555180297e+01 1.378382393047336940e+01 1.004561533555180297e+01 2.346118144277173201e+01
6.149605669889988135e+00 2.244651193902838404e+00 2.592801644153031759e+01 2.244651193902838404e+00 -4.447215456007876355e+01 3.409639179167458956e+00 2.592801644153031759e+01 3.409639179167458956e+00 -4.281265958675964356e+01
-1.983310937904878202e+01 7.117034510088103616e+00 5.097976578503020662e+00 7.117034510088103616e+00 -3.358205160373568532e+01 7.539020698354415906e+00 5.097976578503020662e+00 7.539020698354415906e+00 -2.332530667887605702e+01
8.260462916509705877e+00 3.317673881984242623e+00 4.159483671332631971e+00 3.317673881984242623e+00 1.858080366887205681e+00 3.374936369613830145e+00 4.159483671332631971e+00 3.374936369613830145e+00 1.476210231578398435e+01
-3.571894396033039598e+00 -1.391166627009362067e+01 7.996568455512911733e+00 -1.391166627009362067e+01 -3.850461693117362305e+00 -4.045936721136108360e+00 7.996568455512911733e+00 -4.045936721136108360e+00 1.612901502141788868e+01
-3.324246865008917240e+01 3.184589483053889225e+00 8.242332933944549467e+00 3.184589483053889225e+00 -5.625480262515758767e+01 -1.677314355185773431e+00 8.242332933944549467e+00 -1.677314355185773431e+00 -2.005725516534063146e+01
4.933846957863509353e+00 3.881751550369695103e+00 4.565573260443092529e+00 3.881751550369695103e+00 -5.709752863734542494e+00 -5.269463254947381436e+00 4.565573260443092529e+00 -5.269463254947381436e+00 9.867455591706532303e+00
5.777998967891770832e+01 -4.121965189719404066e+00 5.182308166695304408e+01 -4.121965189719404066e+00 3.093307006900436562e+01 1.659763749629359797e+00 5.182308166695304408e+01 1.659763749629359797e+00 2.075230735593357423e+01
2.964910814832099106e+01 -2.400444146574504778e+00 -6.631871590777990155e-01 -2.400444146574504778e+00 2.052813966380184496e+01 -2.741608467680527461e+00 -6.631871590777990155e-01 -2.741608467680527461e+00 3.235275117884380336e+01
-9.813332944247854517e-01 -1.348241716017532710e+01 4.839038731967588092e+01 -1.348241716017532710e+01 -2.907224043912845346e+01 -4.186439122455745121e+00 4.839038731967588092e+01 -4.186439122455745121e+00 -1.743640366353114501e+01
4.603725242108784954e+01 -2.958799978529135011e+00 2.139514571676690480e+01 -2.958799978529135011e+00 1.789685569410413279e+01 9.720171588472622526e-01 2.139514571676690480e+01 9.720171588472622526e-01 2.224224585743470683e+01
3.369668019198438458e+01 -2.697820151172528824e+00 1.700730082274286659e+01 -2.697820151172528824e+00 5.496141974383522033e+00 1.621534850247381199e+00 1.700730082274286659e+01 1.621534850247381199e+00 3.147985524076500852e+01
4.749584185339082154e+01 -4.093330155216429844e+00 1.000526830303140535e+01 -4.093330155216429844e+00 1.773035520483508165e+01 -1.468076192737980179e+01 1.000526830303140535e+01 -1.468076192737980179e+01 4.136198739469674024e+01
4.766459030292005394e+01 1.812898384922727502e+01 1.294720026310302963e+01 1.812898384922727502e+01 9.878702770056047910e+00 -9.862938601651794812e+00 1.294720026310302963e+01 -9.862938601651794812e+00 1.093550782547461608e+01
-8.221458948657891952e+00 9.003927619807514660e+00 -3.621722655913802491e+00 9.003927619807514660e+00 -1.980236640050093300e+01 -8.494505655711978021e-01 -3.621722655913802491e+00 -8.494505655711978021e-01 -1.864859117523640464e+01
-1.795609898508939040e+01 -7.092938064636573614e+00 7.883300911106497111e+00 -7.092938064636573614e+00 -3.158357032647408147e+01 -9.047914691307000767e-01 7.883300911106497111e+00 -9.047914691307000767e-01 -1.058232198617696795e+01
-5.898899848838537352e+00 1.222502310885249521e+01 1.214947179566395441e+01 1.222502310885249521e+01 -2.911954484636143903e+01 -1.080203639217511125e+01 1.214947179566395441e+01 -1.080203639217511125e+01 1.639818771076849702e+00
6.183772674548859527e+01 1.129757071333175489e+01 8.524150845718988734e+00 1.129757071333175489e+01 4.065301679590462669e+01 6.378189121849800358e+00 8.524150845718988734e+00 6.378189121849800358e+00 4.913077500652013185e+01
-2.346133203512763998e+01 7.866045264442494300e+00 -5.481891389473392967e-02 7.866045264442494300e+00 -3.875434058308757557e+01 -4.654388216766954578e+00 -5.481891389473392967e-02 -4.654388216766954578e+00 -2.524453511128360361e+01
1.631329963666872374e+01 3.802009415193532416e+00 1.407250557858411000e+01 3.802009415193532416e+00 2.133677984694017127e+01 -5.046274089539662278e+00 1.407250557858411000e+01 -5.046274089539662278e+00 4.803444857589503414e+01
4.895326009713552473e+00 4.098547879411894357e+00 -3.727142610498712205e+00 4.098547879411894357e+00 -8.925718465211904373e+00 -7.287863304052022428e+00 -3.727142610498712205e+00 -7.287863304052022428e+00 3.000311976678682768e+00
-1.032731304670794081e+01 -3.681227268683615605e-01 8.932749455245087233e+00 -3.681227268683615605e-01 -3.881016174739203706e+01 -6.764422788769517414e-01 8.932749455245087233e+00 -6.764422788769517414e-01 -8.424400832477239476e+00
-4.702062425933852374e+00 1.640454460988978846e+00 2.832981603810446458e+01 1.640454460988978846e+00 -2.286168408622543424e+01 -1.372183603969263199e+00 2.832981603810446458e+01 -1.372183603969263199e+00 -1.664107874709738866e+01
3.541585333162124982e+00 7.495038792563940788e+00 1.231158907326203966e+01 7.495038792563940788e+00 -2.414176700245537077e+01 8.045646610318089031e+00 1.231158907326203966e+01 8.045646610318089031e+00 2.177205872559419220e+00
2.609992992827263336e+01 7.648620306524497536e+00 1.718405789958088548e+01 7.648620306524497536e+00 -2.653164407727063523e+00 -6.773183115021665479e+00 1.718405789958088548e+01 -6.773183115021665479e+00 3.109452207834916138e+01
1.505662462689237557e+01 5.437854315211205325e+00 1.180930933313951847e+01 5.437854315211205325e+00 3.410341700740195137e+01 -4.246135218846841752e+00 1.180930933313951847e+01 -4.246135218846841752e+00 3.674529483633381233e+01
-4.683965361744495404e+00 -9.693664161199242457e-01 8.944109773478610137e+00 -9.693664161199242457e-01 -2.224356005082201548e+01 -1.860329766610565150e+00 8.944109773478610137e+00 -1.860329766610565150e+00 -1.285562440305719001e+01
4.980589868484020855e+00 1.603367254387450869e+00 2.730977309482910176e+00 1.603367254387450869e+00 -1.414083151146359718e+01 -1.424981491092352170e+00 2.730977309482910176e+00 -1.424981491092352170e+00 1.432044437247453228e+00
1.272408663581857269e+01 1.306149419050188221e-01 -6.776901047028017544e+00 1.306149419050188221e-01 1.365620627902383966e+01 2.879035714727413264e+00 -6.776901047028017544e+00 2.879035714727413264e+00 -6.294557493401227610e+00
5.731295239609424996e+00 2.763676480785217215e+00 5.755449224982011280e+00 2.763676480785217215e+00 -1.114061864331375240e+01 -5.692097919717586940e+00 5.755449224982011280e+00 -5.692097919717586940e+00 5.618803809663615922e+00
2.269134595503529184e+01 -8.549012552231138429e+00 3.824484466556911144e+01 -8.549012552231138429e+00 1.519781872181964033e+00 1.544612837672551642e+01 3.824484466556911144e+01 1.544612837672551642e+01 6.414039367923794366e+00
-2.590846949407888644e+01 1.883289586536328741e+01 6.261844291862835199e+00 1.883289586536328741e+01 -4.202378389540284331e+01 1.278609060458530067e+00 6.261844291862835199e+00 1.278609060458530067e+00 -1.756327287253673575e+01
1.212475659891718571e+01 6.694874797722233595e+00 -1.015380835858825215e+00 6.694874797722233595e+00 -2.318185297984804716e-01 5.785570833514061206e+00 -1.015380835858825215e+00 5.785570833514061206e+00 1.650652999318889513e+01
-8.791462062326463878e-01 1.235651872439060206e+01 1.557887426430995248e+01 1.235651872439060206e+01 -1.361186832978697936e+01 3.904467061942352046e+00 1.557887426430995248e+01 3.904467061942352046e+00 8.710534670289261427e+00
-1.800034818633422518e+01 1.682390482823159772e+01 5.681882593887610078e+00 1.682390482823159772e+01 -3.481034609672277469e+01 3.478089443264715808e+00 5.681882593887610078e+00 3.478089443264715808e+00 -7.138825998895052649e+00
-1.186418063450666338e+01 2.078179487821687044e+00 2.704912504181112620e+00 2.078179487821687044e+00 -3.450043476145475552e+01 4.031292105052358465e+00 2.704912504181112620e+00 4.031292105052358465e+00 -1.925276286346098331e+01
-1.862378914121187989e+01 8.301709780129394645e+00 2.251856494925987917e+01 8.301709780129394645e+00 -3.775197960680453235e+01 -1.097213009023382035e+01 2.251856494925987917e+01 -1.097213009023382035e+01 -4.151558595458651979e+01
1.768795567338777275e+01 1.779787326156557770e+00 9.306965634534449805e+00 1.779787326156557770e+00 -3.951103050072140022e+00 -5.408336474207799505e+00 9.306965634534449805e+00 -5.408336474207799505e+00 2.674550560595535487e+01
-9.657744983394875860e+00 -3.124018451051676859e+00 9.171535208188306143e+00 -3.124018451051676859e+00 -3.930738737273087224e+01 4.316081065501503389e+00 9.171535208188306143e+00 4.316081065501503389e+00 -2.907549315491332109e+00
-4.833826513473153952e+00 -9.894636968265604793e+00 -2.314261775446122861e-03 -9.894636968265604793e+00 -2.294784719067260070e+01 -6.546867440308642649e+00 -2.314261775446122861e-03 -6.546867440308642649e+00 -1.077106151593161254e+00
3.680316571821696137e+00 -1.520313363891793834e+00 8.475963213481866987e+00 -1.520313363891793834e+00 -1.465952756539546087e+01 -1.860959158341053632e+00 8.475963213481866987e+00 -1.860959158341053632e+00 6.621785018844806636e+00
-2.008344008362442068e+01 9.323914823878364899e+00 1.556930310460090716e+01 9.323914823878364899e+00 -4.945271828218520938e+01 1.943820608712902631e+00 1.556930310460090716e+01 1.943820608712902631e+00 -4.949753613846617384e+01
7.470785821235222279e+00 -8.675481494940203930e+00 5.034880070282437003e+00 -8.675481494940203930e+00 5.693401826838559110e+00 3.210451175026884485e+00 5.034880070282437003e+00 3.210451175026884485e+00 3.354243016916147457e+00
-5.924613811751597403e+00 5.865624112426189640e+00 2.366305411312728779e+01 5.865624112426189640e+00 -2.928163828820497372e+01 1.265260661975922396e+01 2.366305411312728779e+01 1.265260661975922396e+01 -1.122737452406774850e+01
-3.166809888502331205e+01 -7.307996843219607186e+00 1.224786128671334318e+01 -7.307996843219607186e+00 -3.505765048405063311e+01 -2.960717921710205314e+00 1.224786128671334318e+01 -2.960717921710205314e+00 -3.018084657788727654e+01
1.781946884776951379e+01 1.655734633997176886e+01 1.178433610760202832e+01 1.655734633997176886e+01 5.487259395642553272e+00 -1.130921519101932421e-01 1.178433610760202832e+01 -1.130921519101932421e-01 1.414296629836903563e+01
-3.840004381300604308e+01 1.584002388525056837e+01 5.898659830497745560e+00 1.584002388525056837e+01 -6.684326816123102333e+01 1.180700327988615905e+00 5.898659830497745560e+00 1.180700327988615905e+00 -4.512066722411285724e+01
6.040251873637745739e+00 -1.340381564521806235e+00 2.651833876759438269e+01 -1.340381564521806235e+00 -1.879345968309793946e+01 2.443082762572505473e+01 2.651833876759438269e+01 2.443082762572505473e+01 -1.836246534261701413e+01
6.711616018222386071e-01 -2.267341820141403019e+01 6.502097030960684698e+00 -2.267341820141403019e+01 -2.579433911773701382e+01 1.523312057350204896e+01 6.502097030960684698e+00 1.523312057350204896e+01 1.906520952252924417e+01
2.885503420073038683e+01 -2.923820438560052359e+00 8.309004448555937783e-01 -2.923820438560052359e+00 -1.233554295030876524e+01 -4.477880813707368901e+00 8.309004448555937783e-01 -4.477880813707368901e+00 3.383411934813937449e+01
4.590808051667833212e+01 -5.376818257417009583e+00 2.138314651031417668e+01 -5.376818257417009583e+00 2.813098288594463625e+01 -5.153953163112156233e+00 2.138314651031417668e+01 -5.153953163112156233e+00 4.351326399142315893e+01
1.525811837391600478e-01 3.640048858978028878e-01 1.020996418453314547e+01 3.640048858978028878e-01 -1.444699050324860679e+01 -6.030821384301846555e-01 1.020996418453314547e+01 -6.030821384301846555e-01 2.449752452689257254e+01
6.688129884594097518e+00 3.400417643612073437e+00 1.775827613832773011e+01 3.400417643612073437e+00 -6.045861365752314143e+00 -2.210144454601032482e+00 1.775827613832773011e+01 -2.210144454601032482e+00 1.706671084758655610e+01
-1.266874910424239431e+01 3.648630510350166389e+00 6.656711692453587403e+00 3.648630510350166389e+00 -2.374935482867489256e+01 6.682356859266093352e+00 6.656711692453587403e+00 6.682356859266093352e+00 3.674635326038977023e+00
1.995687325438805004e+01 -5.080718815395829147e+00 4.402176851103758892e+00 -5.080718815395829147e+00 8.697753113836858674e+00 1.295396418222038770e+00 4.402176851103758892e+00 1.295396418222038770e+00 3.326588822432299963e+01
3.799799877222646671e+01 9.149264280783924619e+00 4.490327574785983700e+01 9.149264280783924619e+00 2.285577275301547218e+01 1.618571461684463308e+00 4.490327574785983700e+01 1.618571461684463308e+00 1.849042039982639807e+01
3.372982250366782608e+01 -3.610017765445061033e-01 7.537834213537009553e+00 -3.610017765445061033e-01 2.590764641100464161e+01 1.108647355506085619e+00 7.537834213537009553e+00 1.108647355506085619e+00 3.900538437763258059e+01
-8.781840385462237109e+00 -1.257793155385699801e+00 -4.316872409250719578e+00 -1.257793155385699801e+00 -5.297078177667076915e+01 -5.582666191172576120e+00 -4.316872409250719578e+00 -5.582666191172576120e+00 -3.199843712369070303e+01
-8.615503660028890565e+00 -1.761845364680415926e+01 2.018657428417921551e+01 -1.761845364680415926e+01 -5.344309995362088017e+01 -6.973167326528971977e+00 2.018657428417921551e+01 -6.973167326528971977e+00 -1.377048325880922341e+01
1.605690268444905300e+01 4.506238421998843613e+00 1.992666100970581411e+01 4.506238421998843613e+00 1.769568907662243973e+01 7.129509526677744624e+00 1.992666100970581411e+01 7.129509526677744624e+00 2.825707320456821847e+01
1.011948537217623034e+01 6.605641511132062327e+00 6.395366360895457625e+00 6.605641511132062327e+00 -1.447537724413942684e+01 -3.881410436883756532e+00 6.395366360895457625e+00 -3.881410436883756532e+00 -2.191936260689910931e-01
-3.187756158999504308e+01 8.829473780097222502e+00 -1.359377950527740797e+00 8.829473780097222502e+00 -3.565352298485149873e+01 -3.971186116941198385e+00 -1.359377950527740797e+00 -3.971186116941198385e+00 -1.529928944173590999e+01
1.174076882995755078e+01 1.147737072553716331e+01 2.957934069393523302e+01 1.147737072553716331e+01 -1.698648380676407044e+01 -7.396787161402911259e+00 2.957934069393523302e+01 -7.396787161402911259e+00 9.321103107692580991e+00
-2.979490142118068619e+00 -4.668549031851036979e+00 7.161403297078926755e+00 -4.668549031851036979e+00 -8.694964920083165794e+00 5.123857542791860453e+00 7.161403297078926755e+00 5.123857542791860453e+00 4.497373926085294293e+00
3.837592411255528191e+01 8.740668906370123281e+00 3.022222247678352680e+00 8.740668906370123281e+00 3.312479925343664888e+01 -7.260943853568692319e+00 3.022222247678352680e+00 -7.260943853568692319e+00 4.532063782841185429e+01
-1.815316144320076575e+01 3.320068509104470600e+00 -3.338895207331360915e+00 3.320068509104470600e+00 -3.162768397286707156e+01 -2.195802639674205858e-01 -3.338895207331360915e+00 -2.195802639674205858e-01 -1.821451854923164149e+01
-8.345157238971053104e+00 1.139046624215765746e+01 4.799415525802651850e+00 1.139046624215765746e+01 -1.883037865562645763e+01 -1.178209826065840460e+01 4.799415525802651850e+00 -1.178209826065840460e+01 -4.593379173267029714e+00
1.404050662068227240e+01 1.019154162384467455e+01 1.629001212579962399e+01 1.019154162384467455e+01 -1.040319368219460117e+01 -6.305038629699755148e+00 1.629001212579962399e+01 -6.305038629699755148e+00 8.628394916238823598e+00
-8.864817107868264046e+00 -2.418989852871730406e+00 6.912562142723824188e+00 -2.418989852871730406e+00 -3.083368064403245956e+00 -1.596651230863718318e+01 6.912562142723824188e+00 -1.596651230863718318e+01 -8.486946111259745962e+00
4.005476193177509003e+01 1.880204426442144339e+01 1.009868171924452973e+01 1.880204426442144339e+01 2.835925295984756289e+01 -2.547497111753298960e+00 1.009868171924452973e+01 -2.547497111753298960e+00 3.081549173840283018e+01
-1.054140454304572572e+01 7.822849811657700769e+00 7.969936830689808183e+00 7.822849811657700769e+00 -3.053036249068709651e+01 -6.140189305893903438e+00 7.969936830689808183e+00 -6.140189305893903438e+00 -2.188119601269347925e+01
2.590632143774555729e+01 -4.808369402974883577e+00 4.571667309634887744e+01 -4.808369402974883577e+00 -1.478828613474722964e+01 6.196930933371269656e-02 4.571667309634887744e+01 6.196930933371269656e-02 4.004892229156048700e+00
5.576975913605440383e+01 -5.761978354166151783e-01 8.885118963381163582e+00 -5.761978354166151783e-01 1.206676731436610339e+01 -8.234680855703218061e-01 8.885118963381163582e+00 -8.234680855703218061e-01 3.807907530216647984e+01
7.952490961032910377e+01 -1.069084167148980491e+01 1.400256588814422543e+01 -1.069084167148980491e+01 2.860005770506660028e+01 -3.328100669292000902e+01 1.400256588814422543e+01 -3.328100669292000902e+01 3.638629216292351032e+01
-2.224775714796165005e+01 -6.386457287795287208e+00 7.206962490887632633e+00 -6.386457287795287208e+00 -5.336415615382752264e+01 -1.783991069354449177e+00 7.206962490887632633e+00 -1.783991069354449177e+00 -1.592302553231060891e+01
5.629946166420222653e+01 -1.088692251645032583e+00 9.341211812630328737e+00 -1.088692251645032583e+00 4.590436762651165026e+01 -6.269966484083327352e+00 9.341211812630328737e+00 -6.269966484083327352e+00 5.380478842670245854e+01
-8.143083561776272017e-01 3.599806545610360065e+00 -2.894992468855620782e+00 3.599806545610360065e+00 -1.520239371707590870e+01 7.396691367698284836e+00 -2.894992468855620782e+00 7.396691367698284836e+00 -1.404793322621838669e+01
2.439194588876758996e+00 3.284408354711408240e+00 8.475610530726264358e+00 3.284408354711408240e+00 -3.440785567663188260e+01 -5.453254904716314577e+00 8.475610530726264358e+00 -5.453254904716314577e+00 -1.618932647455794127e+00
-9.010108248595914304e+00 1.117840270580615325e+01 2.536943473880937550e+00 1.117840270580615325e+01 -2.278211677617131414e+01 -1.755401256356782680e+00 2.536943473880937550e+00 -1.755401256356782680e+00 -7.411423645277536387e+00
3.744202425678510693e+00 2.047321841835211931e+00 6.514762187282358674e+00 2.047321841835211931e+00 -1.778023290525457867e+01 -2.956683814912313135e+00 6.514762187282358674e+00 -2.956683814912313135e+00 -2.242172909049474416e+00
3.404142973784679072e+01 -1.794787102810665402e+01 3.896835178977799075e+01 -1.794787102810665402e+01 -6.101088716071818574e+00 8.193064622264538244e+00 3.896835178977799075e+01 8.193064622264538244e+00 1.881480643656828278e+01
-1.331822185495722444e+01 4.735602662328792789e+00 -1.836756505994423305e+00 4.735602662328792789e+00 -3.509983705028269441e+01 1.057387593842471674e+01 -1.836756505994423305e+00 1.057387593842471674e+01 -1.569720285072367005e+01
