2.014817875380664258e+00 1.611500140388361046e+01 -1.041673733556028214e+00 1.611500140388361046e+01 -7.189080168728784415e+00 8.299811565461787666e+00 -1.041673733556028214e+00 8.299811565461787666e+00 1.537526484100643387e+01
-2.200781275810098236e+01 2.741509025107484288e+00 -2.061448131642113601e+00 2.741509025107484288e+00 -8.522994873204646993e+00 -2.214598399789915462e+00 -2.061448131642113601e+00 -2.214598399789915462e+00 -3.679536533723497627e+01
-7.064447589647516956e+00 1.080356208541883412e+01 -2.931220916019855682e+00 1.080356208541883412e+01 6.633686589198796391e+00 7.276093291618594527e+00 -2.931220916019855682e+00 7.276093291618594527e+00 -2.554233876133287495e+01
-1.223793600417022454e+01 -4.611859421506459888e+00 9.562215916805334004e+00 -4.611859421506459888e+00 -3.467883720763216360e+01 -2.017252202912861847e+01 9.562215916805334004e+00 -2.017252202912861847e+01 -1.026226978958665192e+01
-3.702503072482829616e+00 -8.836203061893331823e-01 2.432849223275745931e+00 -8.836203061893331823e-01 -5.010916634539151460e+01 -2.456280561584498034e+00 2.432849223275745931e+00 -2.456280561584498034e+00 -1.779867500245049428e+01
-2.678024515284067064e+01 -3.651832488054877590e+00 -5.449410655733344377e+00 -3.651832488054877590e+00 3.760257362460040387e+00 -9.516366725734723531e+00 -5.449410655733344377e+00 -9.516366725734723531e+00 -4.211361173856468554e+01
3.939891455758839101e+01 -1.869921298381209018e+00 4.719004974803587160e+00 -1.869921298381209018e+00 -1.434240656112712919e+01 1.812355380957207274e+01 4.719004974803587160e+00 1.812355380957207274e+01 3.585223884141244355e+01
3.172938568409811921e+00 2.303441655970989288e+01 1.812834564854219677e+00 2.303441655970989288e+01 -3.047379217357315184e+01 8.170096674531647452e+00 1.812834564854219677e+00 8.170096674531647452e+00 -4.386023733010619097e+00
4.604478178333248195e+01 -3.960682109978945764e+00 -3.077661717793287899e+00 -3.960682109978945764e+00 -1.087923977613960780e+01 -7.318020274451808582e-01 -3.077661717793287899e+00 -7.318020274451808582e-01 4.472507126727487758e+01
-5.132226095386725717e+01 6.933967777572699887e-02 -9.097779251540178080e+00 6.933967777572699887e-02 -3.236307248076925447e+01 1.350462222750261176e+01 -9.097779251540178080e+00 1.350462222750261176e+01 -5.862736215692773811e+01
5.909608323207073965e+00 -5.102218465351645804e+00 5.788681430046792364e+00 -5.102218465351645804e+00 1.664508356234572162e+01 -5.241366646194713930e+00 5.788681430046792364e+00 -5.241366646194713930e+00 1.208327893409559595e+00
-3.929459725258003999e+01 -1.616647638919479046e+00 -1.563889269911792113e+00 -1.616647638919479046e+00 6.973406317554166733e+00 -4.903794723465765060e+00 -1.563889269911792113e+00 -4.903794723465765060e+00 -7.125179903119901326e+01
1.187229521541415167e+01 -9.220045721657955440e+00 -2.552953673990933581e+01 -9.220045721657955440e+00 -1.017473661707550114e+01 -7.926281849166661786e+00 -2.552953673990933581e+01 -7.926281849166661786e+00 1.808830359040995361e+01
1.765623815673723840e+01 1.426412531520744409e+01 -5.629306351049799595e+00 1.426412531520744409e+01 -1.428952752361701073e+01 1.021351644470579956e+01 -5.629306351049799595e+00 1.021351644470579956e+01 1.151908672592194094e+01
-2.635659879915045423e+01 2.431791395159801539e+01 2.864925430900907344e+00 2.431791395159801539e+01 9.139411536509921774e+00 1.088487142432932597e-01 2.864925430900907344e+00 1.088487142432932597e-01 -3.628507103567365988e+01
7.306062105636882187e+00 5.617376928248581258e+00 2.333618678128465795e+00 5.617376928248581258e+00 -5.428863251195931383e+01 6.439131650287210906e-01 2.333618678128465795e+00 6.439131650287210906e-01 4.909855443469465897e+00
-1.142640644207283707e+01 1.201051835523562428e+00 2.079533429748726014e+00 1.201051835523562428e+00 -3.199160324644385867e+01 -3.544131922872157947e+00 2.079533429748726014e+00 -3.544131922872157947e+00 -1.429267157532519761e+01
-8.668306416540836778e+00 5.599647878333200879e+00 -2.562783981269067368e+00 5.599647878333200879e+00 5.906636046746440272e+00 4.663605059588308066e+00 -2.562783981269067368e+00 4.663605059588308066e+00 -2.727710545777072326e+01
-1.291855571671871061e+01 -1.208853507866993304e+01 1.060578785346308806e+01 -1.208853507866993304e+01 -3.972530164575216105e+01 -1.359209010264907036e+01 1.060578785346308806e+01 -1.359209010264907036e+01 -1.354864443056104939e+01
1.312956260928173080e+01 -1.576579207638246327e+00 -8.362528746935071755e-01 -1.576579207638246327e+00 -4.918978581001150729e+01 -8.618362093020699888e+00 -8.362528746935071755e-01 -8.618362093020699888e+00 1.267396086962512491e+01
-5.145928237848205100e+01 1.012732365158347525e+00 -2.782664290069702506e+00 1.012732365158347525e+00 -5.462628027178910628e+01 1.257884010812378772e+00 -2.782664290069702506e+00 1.257884010812378772e+00 -3.456014589967603001e+01
-1.117460853094026652e+00 -4.902647536132330508e+00 4.536354960430695193e+00 -4.902647536132330508e+00 -3.048875993666950635e+01 -5.153957948189846761e-01 4.536354960430695193e+00 -5.153957948189846761e-01 -4.036334437038600953e+01
1.989279391274424214e+01 3.127740698980947087e+00 -1.378492656511717707e+00 3.127740698980947087e+00 -2.440883582892362469e+01 3.651431655645860364e+00 -1.378492656511717707e+00 3.651431655645860364e+00 2.617368591248519394e+01
-1.111054340925496220e+01 -2.986788857245185280e+00 1.019055001030378715e+00 -2.986788857245185280e+00 1.246972803399219920e+01 8.465631255563037527e+00 1.019055001030378715e+00 8.465631255563037527e+00 -7.526796941587798884e+00
-1.504658367602669244e+01 1.500722110763243400e+01 3.013626009440882214e+00 1.500722110763243400e+01 -5.926326068513628087e+01 -1.133854700467688437e+00 3.013626009440882214e+00 -1.133854700467688437e+00 -1.544185654569867339e+01
-4.917233443630363965e+00 -5.360861968055408155e+00 -5.398881702664253268e+00 -5.360861968055408155e+00 2.394724370160161442e+01 1.622940356953215968e+01 -5.398881702664253268e+00 1.622940356953215968e+01 3.714047411769226148e+00
-1.067406852473843593e+01 1.113377017948337944e+01 9.833906556515467301e+00 1.113377017948337944e+01 2.331053771871663827e+01 -2.806549066034013773e+00 9.833906556515467301e+00 -2.806549066034013773e+00 -5.100467041081650876e+01
-5.288405977734895735e-01 -1.667284485229546531e+00 5.784747343726530211e+00 -1.667284485229546531e+00 2.104428131056429407e+01 -1.449430963437632158e+01 5.784747343726530211e+00 -1.449430963437632158e+01 -2.746045264975291644e+01
-1.180905340527628589e+01 -6.714037672353463826e+00 -1.286911494363393693e+01 -6.714037672353463826e+00 -2.119881005832064957e+01 7.683214562138120485e+00 -1.286911494363393693e+01 7.683214562138120485e+00 2.239368202427226606e+01
-1.523909948824778304e+01 1.581135499719571591e+01 -1.341614114309809702e+00 1.581135499719571591e+01 1.285201649760765008e+01 -7.113026530616200382e+00 -1.341614114309809702e+00 -7.113026530616200382e+00 -3.064510172292456502e+01
3.452463865882531735e+01 -1.430294777616594359e+01 -1.565688175613288990e+00 -1.430294777616594359e+01 -1.882492516078040268e+01 1.129994535472132711e+01 -1.565688175613288990e+00 1.129994535472132711e+01 4.307479046382847088e+01
-1.475259707672590892e+01 4.498318622948280221e-01 -1.340102039171856774e+01 4.498318622948280221e-01 -6.446169253624237427e+00 8.079652491569573769e+00 -1.340102039171856774e+01 8.079652491569573769e+00 -2.403305033672473812e+01
4.835871376105045272e+01 -4.985432125097685407e+00 1.075637261125402055e+01 -4.985432125097685407e+00 1.666978929803162757e+01 -5.939020658013657084e+00 1.075637261125402055e+01 -5.939020658013657084e+00 6.378455945209393718e+01
2.361184595900391159e+01 -2.584072263017423321e+00 9.153589715418405603e+00 -2.584072263017423321e+00 2.254064511549250582e+01 6.242610838729864220e+00 9.153589715418405603e+00 6.242610838729864220e+00 -3.460882476639429495e+00
-2.753323528772391882e+01 1.228395289238705956e+01 -1.050485542023312924e+01 1.228395289238705956e+01 -1.256139282714518934e+01 1.021862723654028082e+00 -1.050485542023312924e+01 1.021862723654028082e+00 -3.318645435886539730e+01
2.002682519823659035e+01 -6.357384402921244515e+00 -8.527362203271030339e+00 -6.357384402921244515e+00 -1.099498987021303797e+01 1.597605699774056198e+01 -8.527362203271030339e+00 1.597605699774056198e+01 1.721640243519221158e+01
5.706740715725008073e+01 2.683320074420897927e-01 -8.177796701548162517e+00 2.683320074420897927e-01 -1.976698689826197253e+01 8.378291005559233895e+00 -8.177796701548162517e+00 8.378291005559233895e+00 1.684424843034035391e+01
6.248964815862902356e+01 4.244678337643550847e+00 5.189403988367480736e+00 4.244678337643550847e+00 -1.018754734254428307e+01 2.339675834545385058e+01 5.189403988367480736e+00 2.339675834545385058e+01 5.768915899459050678e+01
-1.557123130285645907e+01 3.631867584011678751e+00 8.916654894543732723e+00 3.631867584011678751e+00 -3.319919508831137733e+01 5.048253471114820812e+00 8.916654894543732723e+00 5.048253471114820812e+00 -9.975490456250316385e+00
-2.450930372208093289e+01 -6.545014560437908413e-01 4.563207092752010752e+00 -6.545014560437908413e-01 -5.005792284070353304e+01 3.205336543512038006e+00 4.563207092752010752e+00 3.205336543512038006e+00 -1.731342837662778678e+01
-1.730433649246519767e+00 -8.490108354270901714e+00 -1.641581696158490189e+01 -8.490108354270901714e+00 -2.412564302227099589e+01 -3.564811275140712166e+00 -1.641581696158490189e+01 -3.564811275140712166e+00 2.264245697003293145e+00
-3.193747211961885668e+01 1.089102507576580336e+01 -9.666202923749581899e+00 1.089102507576580336e+01 -4.219694771083332796e+01 1.719181246645355099e+00 -9.666202923749581899e+00 1.719181246645355099e+00 -4.374092091266961546e+01
-2.402697549282068223e+01 -1.318767793303370262e+01 3.129585047846154211e+00 -1.318767793303370262e+01 -2.074873013986398007e+01 9.027430285574656210e+00 3.129585047846154211e+00 9.027430285574656210e+00 -1.267545898827754591e+01
3.745067840420646377e+01 -3.568758586464547022e+00 -4.483100190288285880e+00 -3.568758586464547022e+00 -2.004165024888288471e+01 1.067378942661336794e+01 -4.483100190288285880e+00 1.067378942661336794e+01 3.494730810560024992e+01
-1.498312729622223394e+01 -7.382447990712371677e+00 -4.038691481711426334e+00 -7.382447990712371677e+00 3.636777460759433467e+01 1.099151504441277893e+01 -4.038691481711426334e+00 1.099151504441277893e+01 -3.390370857962789586e+01
-2.275237634110881313e+00 3.567284669440789813e+00 -2.719491682862485504e+01 3.567284669440789813e+00 -3.764803596684402720e+01 9.210714355498527794e+00 -2.719491682862485504e+01 9.210714355498527794e+00 1.525579369035865085e+01
-1.141398881917764641e+01 -4.383533030564619182e+00 -3.240698302224453098e+00 -4.383533030564619182e+00 1.276951271954542122e+01 1.645187172279241850e+01 -3.240698302224453098e+00 1.645187172279241850e+01 1.465440419599866928e+01
-3.119848121094447535e+00 -9.407577684905739090e+00 -1.042809446019629860e+01 -9.407577684905739090e+00 -2.851486953884314701e+01 6.124358877539526347e+00 -1.042809446019629860e+01 6.124358877539526347e+00 -6.767790532348373134e+00
6.788030397928933368e+00 1.362282745995009670e+01 -2.646888749513098205e+01 1.362282745995009670e+01 -2.315101848017745922e+01 -3.469397904399438737e+00 -2.646888749513098205e+01 -3.469397904399438737e+00 1.572250878591811762e+01
6.480161626353539361e+01 -1.432201846493163977e+01 9.407958914732560629e+00 -1.432201846493163977e+01 -1.025551679612722422e+00 -3.573560802229981181e+00 9.407958914732560629e+00 -3.573560802229981181e+00 5.657838530046857528e+01
-3.319139821849567085e+01 5.038593425979818186e+00 1.311045169821545286e+01 5.038593425979818186e+00 -4.110666253624283684e+01 4.742699006954870455e+00 1.311045169821545286e+01 4.742699006954870455e+00 -7.558805763544468981e+00
-3.460562020617459922e+01 -9.510779188793186734e+00 1.078237099742262561e+00 -9.510779188793186734e+00 -1.455393622877407545e+01 -4.662171774488288456e+00 1.078237099742262561e+00 -4.662171774488288456e+00 -1.053356356330599120e+01
4.277758563473717857e+00 1.158862089524821215e+01 -6.674805506746856132e+00 1.158862089524821215e+01 -3.939622485573620025e+01 -2.125820855365310180e+00 -6.674805506746856132e+00 -2.125820855365310180e+00 -1.931573501277772831e+00
-1.782909668378314194e+01 1.522346756470730256e+01 9.094848920172276863e+00 1.522346756470730256e+01 2.015777220007463288e+00 6.744809135049094628e+00 9.094848920172276863e+00 6.744809135049094628e+00 -5.574456765563036242e+01
-2.348823913452662637e+01 1.029098939058647666e+01 1.937914871456458021e+00 1.029098939058647666e+01 -8.255106207375527561e+01 -6.363103263700960355e+00 1.937914871456458021e+00 -6.363103263700960355e+00 -2.074689117764648572e+01
1.999190188852044514e+01 -2.603001056726256035e+00 1.802407886388127434e+00 -2.603001056726256035e+00 2.505489973058714881e+01 -3.384590938878447641e+00 1.802407886388127434e+00 -3.384590938878447641e+00 1.190459747459076567e+01
1.265884393081288373e+01 -4.284165782334292127e-01 -2.107508796656908601e+00 -4.284165782334292127e-01 -6.151409211018698642e+00 2.611815904336845406e+00 -2.107508796656908601e+00 2.611815904336845406e+00 3.193766835062447740e+01
-2.035066119794910122e+01 4.496464100971810929e+00 -4.976723250298989321e+00 4.496464100971810929e+00 -5.689590871966285590e+01 -1.473027286273854264e+00 -4.976723250298989321e+00 -1.473027286273854264e+00 -1.176977968440241895e+01
-1.110482710998974198e+01 5.833380677414332638e-01 1.902494920860180017e+01 5.833380677414332638e-01 -4.545923221588794405e+01 7.983436270040442650e+00 1.902494920860180017e+01 7.983436270040442650e+00 -1.308529351685762565e+00
-2.167706709619632477e+01 -3.485744156748377787e+00 5.123822588615302431e-02 -3.485744156748377787e+00 7.631086707090179111e+00 3.868734855762313352e+00 5.123822588615302431e-02 3.868734855762313352e+00 -3.727131234047114106e+01
1.122055585723341942e+01 2.671784915171650177e+00 -7.694812367207305215e+00 2.671784915171650177e+00 3.058267241060299924e+01 -8.216051223864003106e+00 -7.694812367207305215e+00 -8.216051223864003106e+00 -3.527545736329853465e+00
-2.241087234152828600e+01 9.002104586804343000e+00 8.589584753369431169e+00 9.002104586804343000e+00 -2.370080636345890390e+00 1.674500994531772924e-01 8.589584753369431169e+00 1.674500994531772924e-01 -6.602611873136901011e+01
3.953147500732859498e+01 1.667379427514239865e+01 -1.623976794871884977e+01 1.667379427514239865e+01 2.260584863413308554e+00 -3.763442712710810545e-01 -1.623976794871884977e+01 -3.763442712710810545e-01 4.137956667702135860e+01
-1.450052689940363315e+01 5.851700658399785482e+00 6.474383813929490472e+00 5.851700658399785482e+00 1.770633828885719518e+00 -1.759008505752664764e+00 6.474383813929490472e+00 -1.759008505752664764e+00 -4.498043177000832671e+00
-8.585214909870067856e+00 6.708932572749630729e+00 6.736638130386975121e+00 6.708932572749630729e+00 -5.131631278493745185e+01 1.776027098337833721e+01 6.736638130386975121e+00 1.776027098337833721e+01 2.874151601408096468e+01
3.396995351665724527e+00 1.928122022869235286e+00 1.000428153405460030e+01 1.928122022869235286e+00 -1.096676937691018239e+01 1.220709627047445167e+01 1.000428153405460030e+01 1.220709627047445167e+01 7.051298447446140649e+00
2.398211568108245828e+01 -1.545610275670243450e+00 -8.369421584156132354e+00 -1.545610275670243450e+00 2.029167477094372884e+01 1.266079332197526419e+01 -8.369421584156132354e+00 1.266079332197526419e+01 1.891691669597423342e+01
9.684709551598511337e-03 -1.161916318073754084e+01 -1.197331160837045161e+01 -1.161916318073754084e+01 1.318580097191016698e+01 3.806344760021140305e-01 -1.197331160837045161e+01 3.806344760021140305e-01 -2.995947851796402617e+01
9.293730967885144523e+00 1.610189860408362961e+01 2.452436944436953148e-01 1.610189860408362961e+01 -2.441402229288477699e+01 1.275678684486398096e+00 2.452436944436953148e-01 1.275678684486398096e+00 1.060115982798141765e+01
-2.891886758306323468e+00 -2.405514627957817009e+00 2.477480230090141955e+00 -2.405514627957817009e+00 -3.016195088280791126e+01 1.125661661149380421e+01 2.477480230090141955e+00 1.125661661149380421e+01 -5.642998383806006935e+00
1.118994720668735621e+00 -5.042143403369618859e+00 1.325237776493551145e+01 -5.042143403369618859e+00 2.800105058662084190e+01 -1.130088033951593651e+01 1.325237776493551145e+01 -1.130088033951593651e+01 -2.528223482624081342e+01
-8.797737640327344621e+00 1.300634491987096908e+01 7.724320588229238282e+00 1.300634491987096908e+01 3.131656949739826334e+00 -2.322259521006685645e+00 7.724320588229238282e+00 -2.322259521006685645e+00 -4.102164556743881718e+01
-4.075928627391322578e+01 3.952022590800629676e+00 -1.179845460284577285e+01 3.952022590800629676e+00 1.189756927618312154e+01 6.413552877037188793e+00 -1.179845460284577285e+01 6.413552877037188793e+00 -4.897141174988350443e+00
1.431533796260838542e+01 -1.021801986743674640e+01 -8.117979029269523750e+00 -1.021801986743674640e+01 -1.420034505677709014e+01 -1.967459770612927095e+00 -8.117979029269523750e+00 -1.967459770612927095e+00 5.780415619304235975e+00
2.134747605582188346e+00 -5.671367705465358178e+00 -1.057088491012160780e+01 -5.671367705465358178e+00 -3.142032854420583021e+01 -4.889728504358688888e+00 -1.057088491012160780e+01 -4.889728504358688888e+00 1.085497251274570374e+01
8.373409388698946909e-01 -2.099443106774134371e+00 1.277831545803479152e+01 -2.099443106774134371e+00 -1.508978853110506257e+01 7.161141345968363048e+00 1.277831545803479152e+01 7.161141345968363048e+00 7.385030235099942608e+00
1.349799602139329124e+01 3.082128139183853754e+00 -1.064697902928371143e+01 3.082128139183853754e+00 1.802982381203427664e+01 2.794367202814749263e+00 -1.064697902928371143e+01 2.794367202814749263e+00 1.576361609701254274e+01
-2.575407305088313237e+01 8.404574646079916889e+00 1.052830323486770681e+01 8.404574646079916889e+00 -3.396337556262474777e+01 3.659613804419738603e+00 1.052830323486770681e+01 3.659613804419738603e+00 -8.877637162957851658e+00
1.434951183160475274e+01 -1.340379996667212481e+01 7.432070884532757660e+00 -1.340379996667212481e+01 -8.829331996748519984e+00 5.483328396213242861e+00 7.432070884532757660e+00 5.483328396213242861e+00 4.078795227674854473e+00
-2.836254703719630399e+01 9.298738880940611296e+00 1.670268482227257545e+00 9.298738880940611296e+00 -1.202172501677552141e+01 -1.496867403678086816e+01 1.670268482227257545e+00 -1.496867403678086816e+01 -2.035072430175873492e+01
-2.924897177383049751e+01 1.415241210608471256e+01 3.757781916604260530e+00 1.415241210608471256e+01 -5.380458384705047337e+01 6.029013473585411731e-01 3.757781916604260530e+00 6.029013473585411731e-01 -3.012137659653606647e+01
-2.997395573936847768e+01 1.153295823120981112e+01 -1.271212996164572218e+01 1.153295823120981112e+01 -6.547066659808417910e+01 7.498965919851994677e+00 -1.271212996164572218e+01 7.498965919851994677e+00 -2.550763792849207690e+01
1.763381009970925106e+01 1.151322894449690715e+00 3.128974126368032405e+00 1.151322894449690715e+00 -2.198770866394481516e+01 -9.118123452928214689e+00 3.128974126368032405e+00 -9.118123452928214689e+00 2.645650308906628112e+01
1.309533412034788036e+01 1.775286295927174862e+01 -7.113859093187108407e+00 1.775286295927174862e+01 -4.031220173864844725e+01 -2.008483528644929805e+01 -7.113859093187108407e+00 -2.008483528644929805e+01 -4.971660994699722558e+00
-2.806665002674682796e+01 6.410328860107845195e+00 1.171055783045377119e+01 6.410328860107845195e+00 -9.230956290173181200e-01 -2.061190783448104025e+00 1.171055783045377119e+01 -2.061190783448104025e+00 -3.635187684279707554e+01
4.100491585175323195e+01 -1.914443122397095465e+01 7.264706062144113297e+00 -1.914443122397095465e+01 -2.847195958908975300e+01 -2.154446024802965987e+00 7.264706062144113297e+00 -2.154446024802965987e+00 6.365275214505178303e-01
2.281500286657777465e+01 -8.358049603248003834e+00 -1.197484546394281590e+00 -8.358049603248003834e+00 1.705828469513645729e+01 1.052138921517268777e+01 -1.197484546394281590e+00 1.052138921517268777e+01 2.008344685595706736e+01
6.580534618540163194e+00 -2.333517239890256167e+00 -1.396523095466440800e+01 -2.333517239890256167e+00 -5.744807756980516444e+01 4.452460206794670583e+00 -1.396523095466440800e+01 4.452460206794670583e+00 -1.073700094931263038e+01
3.628946107752067718e+01 8.914695776518672954e-01 -2.659880585565682853e+00 8.914695776518672954e-01 3.360234856894950894e+01 5.834046896445701513e-01 -2.659880585565682853e+00 5.834046896445701513e-01 3.005894411283712131e+01
-2.888856878071533885e+01 2.236430284232663546e+00 3.257489106498852038e+00 2.236430284232663546e+00 -5.192130330972469565e+00 -2.749706614933480342e+00 3.257489106498852038e+00 -2.749706614933480342e+00 -6.379972041000332439e+01
-2.017330613124450878e+01 -2.143231589905267409e+00 1.414783630788714675e+01 -2.143231589905267409e+00 -1.169498608010722140e+00 -5.962487306214376837e+00 1.414783630788714675e+01 -5.962487306214376837e+00 -2.725856688136048689e+01
2.186889019518976074e+00 -8.090701631647926328e-01 -2.039984313880368383e+00 -8.090701631647926328e-01 5.515852162497336231e+00 2.939498500941750692e+00 -2.039984313880368383e+00 2.939498500941750692e+00 -1.618220882605303146e+01
-4.172804440563945150e+01 -1.023931101257006482e+01 -2.706731341641101629e+00 -1.023931101257006482e+01 -1.991798469501163993e+01 -8.602404665148630780e-01 -2.706731341641101629e+00 -8.602404665148630780e-01 -6.025841857312351380e+01
-1.901459293069695633e+01 1.682308217072803558e+01 -1.488394805767755003e+01 1.682308217072803558e+01 2.297433632927157277e+01 3.279042862637724820e+00 -1.488394805767755003e+01 3.279042862637724820e+00 -2.091272098736570229e+01
-1.546346392358911892e+01 6.882085406257693272e+00 3.611663638831936751e+00 6.882085406257693272e+00 -7.337502377160878275e+00 -1.838131401050979497e+00 3.611663638831936751e+00 -1.838131401050979497e+00 1.620020098133763575e+00
2.593395824829786367e+00 1.662839949021964259e+01 2.812872861180769846e+00 1.662839949021964259e+01 -3.422017937603255433e+01 -1.378235807370608690e+01 2.812872861180769846e+00 -1.378235807370608690e+01 2.072637744206002886e+00
1.121836628294576421e+00 -1.712851428912986762e+01 -8.361976336759537887e+00 -1.712851428912986762e+01 -4.151804813993133791e+01 -7.328539280887951257e+00 -8.361976336759537887e+00 -7.328539280887951257e+00 7.275023812246831589e+00
2.819265864605353400e+01 -9.731623420901851063e+00 -5.428141671890464259e+00 -9.731623420901851063e+00 -1.351730924319479854e+01 -2.717214788479619614e+00 -5.428141671890464259e+00 -2.717214788479619614e+00 2.628299153099689178e+01
-4.034543715988003498e+01 1.280344348590225501e+00 -9.147466288505130549e+00 1.280344348590225501e+00 -9.877251343986721110e+01 -3.919595549628772657e-01 -9.147466288505130549e+00 -3.919595549628772657e-01 -3.238704803691170042e+01
1.855485876899875564e+01 3.052225123066625301e+00 7.734491032093474772e+00 3.052225123066625301e+00 -1.611126040510888657e+01 5.643684011987966542e+00 7.734491032093474772e+00 5.643684011987966542e+00 1.888730057817912922e+01
