-7.932855179000969370e-01 -6.821056039589513453e+00 1.709699019097303108e+01 -6.821056039589513453e+00 -2.956020578143409594e+01 -2.636749705563900203e+00 1.709699019097303108e+01 -2.636749705563900203e+00 5.061818383882727090e+00
3.557007221045882961e+00 -2.032882568849397131e+01 1.420762307951304848e+01 -2.032882568849397131e+01 -3.931862384046259962e+01 -1.162434230714279870e+01 1.420762307951304848e+01 -1.162434230714279870e+01 -3.583405001680600321e+01
8.075174948888212612e+01 -1.636598950502757077e+01 1.036703860400653987e+01 -1.636598950502757077e+01 -6.530633373395368757e+00 -1.423503403586447824e+01 1.036703860400653987e+01 -1.423503403586447824e+01 4.200844051710135574e+01
-5.755743666988001905e+01 -1.128052395862726165e+01 6.563239077417303946e+00 -1.128052395862726165e+01 -8.326054016613377939e+01 5.476491315200006760e+00 6.563239077417303946e+00 5.476491315200006760e+00 -4.983068581190001112e+01
-1.174242745164806223e+01 2.823742166170694734e+00 1.756348741480054798e+01 2.823742166170694734e+00 -2.483637840034046462e+01 -8.002583672357140188e+00 1.756348741480054798e+01 -8.002583672357140188e+00 -3.677256434290835330e+01
-2.319723922263006699e+01 7.415530334888087438e+00 2.075509190636066492e+01 7.415530334888087438e+00 -6.704240561482234284e+01 -1.136585195204050969e+01 2.075509190636066492e+01 -1.136585195204050969e+01 -3.289235289517863947e+01
-1.922118006232075160e+01 8.419391360506081057e+00 4.425620872147066898e+00 8.419391360506081057e+00 -4.767496713572971601e+01 1.096543219354506249e+01 4.425620872147066898e+00 1.096543219354506249e+01 6.046839445624101472e-01
4.879819586353980299e+01 -1.231097149039497474e+01 1.599437329643034289e+01 -1.231097149039497474e+01 2.145697094925058224e+01 9.665196650565253123e+00 1.599437329643034289e+01 9.665196650565253123e+00 2.824473317119439386e+01
1.572465961967310655e+01 -1.879928401577394226e+01 2.473115330615860330e+01 -1.879928401577394226e+01 -7.538064308657734358e+00 1.239264390245558012e+01 2.473115330615860330e+01 1.239264390245558012e+01 3.372137298274605843e+00
5.469488105895004537e+01 -1.831845924802443903e+01 3.454407563588768681e+01 -1.831845924802443903e+01 2.736400413102198925e+01 -7.168176186766230806e+00 3.454407563588768681e+01 -7.168176186766230806e+00 3.701179711001499584e+01
-2.842603846331927531e-01 -8.460675926798508328e+00 1.298558663001216651e+01 -8.460675926798508328e+00 -3.587423398303214839e+01 3.260041776701970040e+00 1.298558663001216651e+01 3.260041776701970040e+00 -9.934208395590264473e+00
-2.481301541966004720e+01 5.827008031132915100e+00 4.162635532458343612e-01 5.827008031132915100e+00 -3.527200828944422994e+01 -1.104524518453829884e+01 4.162635532458343612e-01 -1.104524518453829884e+01 -1.066958394910162333e+01
-1.012181600106504042e+01 1.913158329547468339e+00 7.885542818189987813e+00 1.913158329547468339e+00 -2.510328234430517114e+01 -3.894352088179492632e+00 7.885542818189987813e+00 -3.894352088179492632e+00 -1.943114260429417328e+01
1.249139486188217418e+01 -9.308446265405061482e+00 9.177487086831408902e+00 -9.308446265405061482e+00 -2.797314513752887066e+01 6.785293943650315462e+00 9.177487086831408902e+00 6.785293943650315462e+00 -9.663996585910172854e+00
5.649576271063285304e+00 -1.940604342319336340e+01 3.216574549130466920e+01 -1.940604342319336340e+01 -3.000352641718489366e+01 -3.321533446021116553e+00 3.216574549130466920e+01 -3.321533446021116553e+00 1.188872579067896851e+01
-7.870164574471664842e+00 2.330312064608582645e+01 9.249917515982831517e+00 2.330312064608582645e+01 -8.651383574456209757e+00 -5.593400738446734355e-01 9.249917515982831517e+00 -5.593400738446734355e-01 -2.275403957085106654e+01
1.776807883475051852e+01 -6.826474874246261315e+00 2.719157774425096008e+01 -6.826474874246261315e+00 -1.083720349008752315e+01 3.821271570538779638e+00 2.719157774425096008e+01 3.821271570538779638e+00 1.669715344180460193e+00
9.795793156140302216e+00 1.000087353270098411e+01 -1.542755322387635797e+00 1.000087353270098411e+01 1.885245289688258907e+01 3.222085618745233582e+00 -1.542755322387635797e+00 3.222085618745233582e+00 1.459076456169330704e+01
-2.255491808557109579e+01 7.942370849996264193e-01 8.366595234926849756e+00 7.942370849996264193e-01 -3.489750060831079992e+01 -1.269389638007228704e+00 8.366595234926849756e+00 -1.269389638007228704e+00 1.021531241859503680e+01
9.917622587066137640e+00 -6.221890079423607389e+00 8.404968917713553367e+00 -6.221890079423607389e+00 -1.688612559901751098e+01 8.001713767108205033e+00 8.404968917713553367e+00 8.001713767108205033e+00 3.396705717047018513e+00
-2.457799784991355541e+00 -2.566812856533633180e+01 1.657510319949831157e+01 -2.566812856533633180e+01 -6.262874336392727059e+01 2.978699683493865269e+00 1.657510319949831157e+01 2.978699683493865269e+00 -5.458236674799692878e+00
-1.339922781787054440e+01 -4.529146460111850736e+00 2.192986964886305401e+01 -4.529146460111850736e+00 -2.834042223406407501e+01 1.253971017613369909e+01 2.192986964886305401e+01 1.253971017613369909e+01 -4.466419230512088667e+00
-8.678397853525101624e+00 1.126160243009614703e+01 4.266729850473841168e+01 1.126160243009614703e+01 -2.903120100826550853e+01 2.469063585022725249e+01 4.266729850473841168e+01 2.469063585022725249e+01 2.406897456087285114e+00
-2.712175689707791193e+01 1.108998811683618158e+01 1.465227927752981607e+00 1.108998811683618158e+01 -3.854954829791265070e+01 -1.011940382976641795e+00 1.465227927752981607e+00 -1.011940382976641795e+00 -5.972591356458258005e+00
3.304959735448398561e+01 -1.246872480882110423e+01 1.172281277787041098e+01 -1.246872480882110423e+01 2.755699996910870908e+01 2.831238383169616402e+00 1.172281277787041098e+01 2.831238383169616402e+00 3.977361748553402521e+01
-3.877458028516537780e+01 -3.518577504195556371e-01 1.403268985613995490e+01 -3.518577504195556371e-01 -5.805008051642607114e+01 -9.775139943706298240e+00 1.403268985613995490e+01 -9.775139943706298240e+00 -2.666199243046345302e+01
5.961287912624007923e+00 7.685938076072560854e+00 1.479279541106834550e+01 7.685938076072560854e+00 -3.205445592008442190e+01 1.102102248040625510e+00 1.479279541106834550e+01 1.102102248040625510e+00 7.515508910511295326e+00
2.097210424406994633e+01 1.559905464028070066e+00 2.952801494866626086e+01 1.559905464028070066e+00 -1.387369997278948475e+01 -1.071506051471366661e+01 2.952801494866626086e+01 -1.071506051471366661e+01 -6.533275339797711467e+00
-4.015525502407719216e+00 4.409540555216101332e+00 9.441759304040823864e+00 4.409540555216101332e+00 -2.780069606891107981e+01 1.813477319203883775e+00 9.441759304040823864e+00 1.813477319203883775e+00 1.308624350932713121e+01
-3.838557489885838692e+01 -4.372701741907718542e+00 -4.318061121298937266e+00 -4.372701741907718542e+00 -5.072044051072901283e+01 -6.916933707816051324e+00 -4.318061121298937266e+00 -6.916933707816051324e+00 -3.662950768767389320e+01
7.605903688963877585e+00 -1.130475259235267649e-01 4.853441254495668211e+00 -1.130475259235267649e-01 4.995266076152008239e+00 -1.106161307753551526e+01 4.853441254495668211e+00 -1.106161307753551526e+01 9.578250860478176421e+00
-9.242575227954713313e+00 4.671803839969484784e+00 1.317945716928954170e+01 4.671803839969484784e+00 -2.821457925991292370e+01 7.097281492319592600e-01 1.317945716928954170e+01 7.097281492319592600e-01 6.117012931618470262e+00
3.782126236360792149e+01 -9.504795329941348569e+00 1.646137209015829583e+01 -9.504795329941348569e+00 2.187250192185523545e+01 -1.344591816084523828e+01 1.646137209015829583e+01 -1.344591816084523828e+01 2.089858930472742404e+00
3.346887086316658610e+01 -3.274414327490056675e-01 1.889871063061285383e+01 -3.274414327490056675e-01 -2.299705114465105726e+00 -1.049612579774759524e+01 1.889871063061285383e+01 -1.049612579774759524e+01 1.453124591766300533e+01
-7.384009365716768691e+00 -2.923086423619006169e+00 5.723419125457783529e+00 -2.923086423619006169e+00 -1.397221722098193730e+01 -1.153793345422430683e+01 5.723419125457783529e+00 -1.153793345422430683e+01 1.100044025368934308e+00
-2.668069863710145029e+01 1.271056775205050648e+01 4.840320865286325436e+00 1.271056775205050648e+01 -4.561663517049569094e+01 -3.447130354764395554e-01 4.840320865286325436e+00 -3.447130354764395554e-01 -7.661559592996963985e+00
6.124501010444923566e+00 -1.190261047412947093e+01 1.605644264595294501e+01 -1.190261047412947093e+01 -4.605670921445205579e+01 4.707037822878556987e+00 1.605644264595294501e+01 4.707037822878556987e+00 -3.816720841076900683e+00
2.745758089798906099e+01 1.315842882654144341e-01 9.170792346051827693e+00 1.315842882654144341e-01 -1.717647900362007363e+01 7.008735245122895918e+00 9.170792346051827693e+00 7.008735245122895918e+00 2.248192955677250637e+01
2.387398313678357198e+01 1.288635847638736820e+01 8.632374413870525842e+00 1.288635847638736820e+01 1.388945571088927267e+01 -7.680829394389731668e+00 8.632374413870525842e+00 -7.680829394389731668e+00 2.363226640999110018e+01
9.067511012404075643e+00 -1.242188334079754064e+01 1.224109713814014633e+01 -1.242188334079754064e+01 -4.000226248836409582e+01 1.776861686688768538e+00 1.224109713814014633e+01 1.776861686688768538e+00 -1.156048202384068802e+01
-3.145114513692830371e+01 -9.972446075832147372e+00 7.218994457078976801e+00 -9.972446075832147372e+00 -3.063662294594410440e+01 -4.624885465093771408e+00 7.218994457078976801e+00 -4.624885465093771408e+00 -2.282002657509015719e+01
-4.722530561636469315e+01 -8.311788703444334958e-01 1.357567072280088327e+00 -8.311788703444334958e-01 -4.809063373042361178e+01 1.243418300856734504e+01 1.357567072280088327e+00 1.243418300856734504e+01 -2.187294101802959645e+01
5.449841739047388245e+01 1.251389717651306555e+01 3.803082862414097320e+01 1.251389717651306555e+01 1.724180168948059944e+01 -6.684503963234992518e+00 3.803082862414097320e+01 -6.684503963234992518e+00 3.055622838918652917e+01
1.891516636057009748e+01 5.040670582401926225e+00 5.352945105836642625e+00 5.040670582401926225e+00 2.283777141025362667e+01 7.428281219572332894e+00 5.352945105836642625e+00 7.428281219572332894e+00 1.195075984656932455e+01
-1.950985425379185401e+01 -6.917935393106671604e+00 2.636281749984087952e+01 -6.917935393106671604e+00 -5.247231305320632089e+00 1.116557629081219893e+01 2.636281749984087952e+01 1.116557629081219893e+01 1.539550605893801105e+01
-2.383379175346766488e+01 4.865169106354226614e+00 1.834412880337789176e+01 4.865169106354226614e+00 -4.751482023492320650e+01 5.535767078963504950e+00 1.834412880337789176e+01 5.535767078963504950e+00 -1.797068234418811272e+01
1.713081017745891188e+01 -1.090556619678057082e+01 4.984506635679398556e+00 -1.090556619678057082e+01 -3.456113589735730329e+01 -1.387891118874100727e+01 4.984506635679398556e+00 -1.387891118874100727e+01 9.904751054934047616e+00
-3.171872223589175022e+01 1.491503690207797206e+01 6.544733941495330498e+00 1.491503690207797206e+01 -4.253864219587195805e+01 -6.455185479336192245e+00 6.544733941495330498e+00 -6.455185479336192245e+00 -1.733587230840720039e+01
2.548464225343177603e+01 1.408077231164092424e+01 5.217651513035375999e+00 1.408077231164092424e+01 1.422647733645975698e+01 1.446339109647645227e+00 5.217651513035375999e+00 1.446339109647645227e+00 1.613822963402644461e+01
-4.185418342419677806e-01 6.195996379399402620e+00 1.791676464835903104e+01 6.195996379399402620e+00 -1.757266456091833717e+01 1.614408081910647663e+00 1.791676464835903104e+01 1.614408081910647663e+00 9.489869604577320317e+00
