6.838765187900325948e+00 1.581464659039259368e+00 -7.410875680039702429e-02 1.581464659039259368e+00 4.223261306478089061e+00 -6.207035430143710286e-01 -7.410875680039702429e-02 -6.207035430143710286e-01 1.100745811935391494e+01
4.246342923072784714e+00 -3.099728304604981055e+00 -5.448734429578420801e+00 -3.099728304604981055e+00 4.450462454107849908e+00 -1.617902865337692342e+00 -5.448734429578420801e+00 -1.617902865337692342e+00 -3.040661244991091028e+00
2.837924403743492974e+00 1.530654359879345616e+00 1.609218956014606183e+00 1.530654359879345616e+00 2.146657857359082300e+01 1.128259609557164866e+00 1.609218956014606183e+00 1.128259609557164866e+00 7.346710231753330156e+00
-1.528434251233378482e+01 5.190366735547569110e-01 1.072464100695929234e+00 5.190366735547569110e-01 -1.387284295598259476e+01 1.382928042622670883e+00 1.072464100695929234e+00 1.382928042622670883e+00 -1.708937668169790669e+01
-3.963885153830190244e+00 5.781140234820328350e-02 -4.130515237199643863e+00 5.781140234820328350e-02 -3.296770219673714752e+00 -1.723666285533737463e+00 -4.130515237199643863e+00 -1.723666285533737463e+00 -4.652621930847144149e+00
-1.485777582969696375e+01 -2.226723636588121835e-01 -3.231293496731279191e+00 -2.226723636588121835e-01 -9.561396939127721595e+00 1.903229172084558093e-02 -3.231293496731279191e+00 1.903229172084558093e-02 -1.182105584073742222e+01
-9.418976330160184318e+00 -6.441602267299810780e-01 6.196455224188952560e-01 -6.441602267299810780e-01 -7.073049655133027969e+00 -2.657275656735173186e+00 6.196455224188952560e-01 -2.657275656735173186e+00 -1.155658920332924744e+01
-1.038375993787581031e+01 -4.511173771906535457e+00 1.466914534227024891e+00 -4.511173771906535457e+00 -5.685832976020711804e+00 -2.809242760346482459e+00 1.466914534227024891e+00 -2.809242760346482459e+00 -1.346312967623495283e+01
-1.838297287245634948e+01 -1.469449715645048338e+00 5.121387991411596730e+00 -1.469449715645048338e+00 -1.656481615069288083e+01 2.683614339696306361e-01 5.121387991411596730e+00 2.683614339696306361e-01 -1.597399579337279540e+01
5.366688931584672417e+00 -2.408399123787508422e+00 -3.806226578145042172e+00 -2.408399123787508422e+00 1.382918750009383801e+00 -1.648674994530760607e+00 -3.806226578145042172e+00 -1.648674994530760607e+00 9.928240459619384950e+00
9.390827203760685471e-01 -7.415247383986731666e-01 -1.742042019303480460e+00 -7.415247383986731666e-01 7.363770437513342815e-01 -2.316442324788093199e+00 -1.742042019303480460e+00 -2.316442324788093199e+00 -1.186739525850399046e-01
-8.106804743273615443e+00 6.080401579833832892e-01 1.473531011680843772e+00 6.080401579833832892e-01 -6.147822369761165362e+00 1.836325845001893331e+00 1.473531011680843772e+00 1.836325845001893331e+00 -3.945809519718414649e+00
-3.486292406065160332e+00 -1.383424806153729980e+00 4.171801779998049575e+00 -1.383424806153729980e+00 2.508032632619666469e+00 -3.348753468831238700e-01 4.171801779998049575e+00 -3.348753468831238700e-01 -7.525122687137708155e+00
-7.172348440931417546e-01 2.566894290173099780e+00 -1.961320430120071956e+00 2.566894290173099780e+00 -3.875392152492059150e+00 -1.426248709775647550e+00 -1.961320430120071956e+00 -1.426248709775647550e+00 2.831847185020230917e+00
-5.913033298174513064e+00 8.880968402653137694e-01 -3.786381390209585973e+00 8.880968402653137694e-01 -1.663465940772017815e+00 -1.080659344623819518e+00 -3.786381390209585973e+00 -1.080659344623819518e+00 -6.244364095313525986e+00
-6.365395909454758083e+00 5.911753762732944173e-01 1.523178653872400590e+00 5.911753762732944173e-01 9.930350457702743494e-01 1.854066108444897720e+00 1.523178653872400590e+00 1.854066108444897720e+00 -6.240628734220415197e+00
-2.709713555899060378e+00 1.381616765990923312e+00 -9.684930080834251998e-01 1.381616765990923312e+00 -8.199733880415401188e+00 -2.656922109866303838e+00 -9.684930080834251998e-01 -2.656922109866303838e+00 -2.828922658159584547e+00
9.783431726315372501e+00 -2.510368855334550897e+00 1.467711764530300389e+00 -2.510368855334550897e+00 2.537088998229457992e+00 -4.660163703868606788e+00 1.467711764530300389e+00 -4.660163703868606788e+00 1.303102505767208186e+01
-1.300928024404930206e+01 -2.980373772403723809e+00 7.176950257744258543e+00 -2.980373772403723809e+00 -6.004601452607757350e-01 1.992674442222725162e+00 7.176950257744258543e+00 1.992674442222725162e+00 -1.605024255354982898e+01
-5.387633806157714922e+00 -8.292582808297116470e-01 -5.410474932434724549e-01 -8.292582808297116470e-01 -5.753314305092573910e+00 1.270554503590704876e+00 -5.410474932434724549e-01 1.270554503590704876e+00 -4.346306319847004218e+00
-3.347089343007904283e+00 -1.613214365860937693e-01 -3.142335211956323260e+00 -1.613214365860937693e-01 -2.957806958342941162e-01 -9.758665514087797588e-01 -3.142335211956323260e+00 -9.758665514087797588e-01 -2.814222786732659132e-01
-4.849312761790653958e+00 -3.204979920001750582e+00 5.410611951707626766e+00 -3.204979920001750582e+00 -9.742387741505069698e+00 -2.673733404181866113e+00 5.410611951707626766e+00 -2.673733404181866113e+00 -1.713110745855658701e+00
-1.278273809712279352e+01 -3.620339912647758673e-01 -2.355190404868094944e+00 -3.620339912647758673e-01 -1.286889779232110165e+01 2.889094790091817799e+00 -2.355190404868094944e+00 2.889094790091817799e+00 -1.483031151837642980e+01
-1.474473508744598149e+00 -2.282320592114986724e+00 5.267287094636576406e+00 -2.282320592114986724e+00 7.658470817962679256e-01 -5.519505321332538017e+00 5.267287094636576406e+00 -5.519505321332538017e+00 -5.307173116589333439e+00
9.465180493307716603e+00 -2.451492920039673340e+00 3.341400988486373791e+00 -2.451492920039673340e+00 7.082859156573298343e+00 1.684888677738703433e-01 3.341400988486373791e+00 1.684888677738703433e-01 1.036404916701351375e+01
1.720220875581164988e+00 1.701159400616893524e+00 2.944574741415236119e+00 1.701159400616893524e+00 4.049663416643045188e+00 8.586731031738263908e-01 2.944574741415236119e+00 8.586731031738263908e-01 9.404554279121850158e+00
-1.288393105274474948e+01 -4.559993814933645528e-01 2.709328300264957079e+00 -4.559993814933645528e-01 -2.135898233920234190e+01 -2.579041786846891782e+00 2.709328300264957079e+00 -2.579041786846891782e+00 -1.442579710610284138e+01
2.358579094467601889e-01 7.067696213678648753e+00 2.221126637960024741e-01 7.067696213678648753e+00 3.080335815135416322e+00 6.346720702464773156e-01 2.221126637960024741e-01 6.346720702464773156e-01 -2.112107511750095146e+00
9.812455900910322271e+00 -1.344098086649555102e+00 -4.557299503084983883e+00 -1.344098086649555102e+00 1.017104638452938659e+01 6.543124249628662348e-01 -4.557299503084983883e+00 6.543124249628662348e-01 6.643971125027808178e+00
2.349402898049391286e+00 4.867148768854565155e+00 -1.644717230231064198e+00 4.867148768854565155e+00 -4.156056311815610749e-01 3.448523937015901986e+00 -1.644717230231064198e+00 3.448523937015901986e+00 -7.488762077204754064e+00
-8.732747067526792861e+00 -6.917026025655144128e-01 7.562089767243467264e-01 -6.917026025655144128e-01 -1.069447962121395257e+01 -5.117106651260368011e+00 7.562089767243467264e-01 -5.117106651260368011e+00 -1.536229903443061984e+00
3.022903133286345412e+00 2.993505304261482980e+00 1.114269715089373003e+00 2.993505304261482980e+00 -8.614456797388815312e-01 -1.579392614670257711e+00 1.114269715089373003e+00 -1.579392614670257711e+00 9.941350065110146073e-01
-3.753522448908644726e+00 -1.605742083739514658e+00 1.234043285656709621e+00 -1.605742083739514658e+00 -6.813818210461776381e+00 1.351748018800354556e+00 1.234043285656709621e+00 1.351748018800354556e+00 -1.238532800527513800e+01
-5.662840403421977697e+00 -2.356859438769479009e+00 4.297947717075362384e+00 -2.356859438769479009e+00 -6.338361172486871808e+00 -7.368567374137244830e-01 4.297947717075362384e+00 -7.368567374137244830e-01 -7.442969953010934780e+00
-3.775391428943699168e+00 -2.368370059801265803e+00 1.277763486478974198e+00 -2.368370059801265803e+00 -1.293924127637229660e+01 4.697586751687819806e+00 1.277763486478974198e+00 4.697586751687819806e+00 -1.039363206675530371e+01
9.876005050746401892e+00 -1.421179893996820098e+00 1.783233032313388922e+00 -1.421179893996820098e+00 1.315079380217748373e+01 7.899833431762816049e-01 1.783233032313388922e+00 7.899833431762816049e-01 1.168262093224983644e+01
-1.214473732959968544e+01 -3.537855403064563919e+00 -5.010145584535163898e+00 -3.537855403064563919e+00 -7.834242279396949726e+00 -4.801764505522345239e+00 -5.010145584535163898e+00 -4.801764505522345239e+00 -1.583270835293960488e+01
-1.057376031860749066e+01 4.450766928398378064e-02 -1.190827418175921526e-01 4.450766928398378064e-02 -8.893730519837234283e+00 2.939313763909251698e+00 -1.190827418175921526e-01 2.939313763909251698e+00 -1.034281155744011471e+01
3.512962987987097829e+00 -8.342180003107488862e-01 4.044731500796196144e+00 -8.342180003107488862e-01 4.250228234265284177e-01 -1.321002321095985144e+00 4.044731500796196144e+00 -1.321002321095985144e+00 6.514726668501357842e+00
-3.394226166732918770e+00 1.556901854831286292e+00 1.716468546012738017e+00 1.556901854831286292e+00 -8.786676329431745813e+00 -3.576974754445099602e+00 1.716468546012738017e+00 -3.576974754445099602e+00 -9.117806647740059889e-01
-5.726630228728276428e+00 6.106238543194633661e-02 2.472844676159500654e+00 6.106238543194633661e-02 -1.147018704233903508e+00 9.875638058823719978e-02 2.472844676159500654e+00 9.875638058823719978e-02 4.659197469576773720e+00
-6.817238672041654901e+00 -4.531686225009538660e+00 -3.147981387468748338e+00 -4.531686225009538660e+00 -7.472914247275663335e+00 5.478995183639628896e-01 -3.147981387468748338e+00 5.478995183639628896e-01 -1.198788491711535720e+01
-7.988847556447116638e+00 -2.025816002411476191e+00 -2.305866019016297841e+00 -2.025816002411476191e+00 -6.196181041187800886e+00 -1.863402960069990844e+00 -2.305866019016297841e+00 -1.863402960069990844e+00 3.576936672028911524e+00
-1.524181636462645928e+00 2.826102527350390137e+00 2.085258114553326436e+00 2.826102527350390137e+00 3.315626725469550951e-01 -6.288031906181793529e-01 2.085258114553326436e+00 -6.288031906181793529e-01 -1.436456719518778957e+00
-5.009445439426445823e+00 -2.300739395724898717e+00 3.102458014037461798e+00 -2.300739395724898717e+00 -5.284951000651249231e+00 -4.683803778716663757e+00 3.102458014037461798e+00 -4.683803778716663757e+00 -1.334998516563593141e+00
8.522015754308657876e+00 3.138773356607476028e+00 -2.736054410768284928e+00 3.138773356607476028e+00 6.174080470144060584e+00 1.626246837875721107e+00 -2.736054410768284928e+00 1.626246837875721107e+00 1.421125748690993085e+01
7.093106482746977193e+00 6.153253496929387278e-01 -1.553616390992949681e+00 6.153253496929387278e-01 4.264849110135956245e+00 -1.047135683609146106e+00 -1.553616390992949681e+00 -1.047135683609146106e+00 8.012384889057134529e+00
3.968899112279994368e-01 1.063259205547820052e+00 -1.268502813434932541e+00 1.063259205547820052e+00 1.577273811154862870e-01 -2.440635068803673757e+00 -1.268502813434932541e+00 -2.440635068803673757e+00 -4.775512573569632657e+00
-1.068524186420855138e+01 2.159376278011324590e+00 7.087198627007678109e-01 2.159376278011324590e+00 -8.086823767054909240e+00 1.376361097052508864e+00 7.087198627007678109e-01 1.376361097052508864e+00 -1.173817230238564591e+01
-1.168517546256686934e+01 -2.838416765192266933e+00 1.468333690519242563e+00 -2.838416765192266933e+00 -1.148271903078478218e+01 3.537809859415293190e-02 1.468333690519242563e+00 3.537809859415293190e-02 -1.491654715819004373e+01
