1.923255977368368619e+00 9.491322076292829646e-01 1.174050351454880570e+01 9.491322076292829646e-01 -2.138367520949519474e+01 5.171012988883290085e+00 1.174050351454880570e+01 5.171012988883290085e+00 -6.827543192355807378e+01
5.613365684590229421e+01 -8.684372835873036323e+00 4.450789658699923379e+00 -8.684372835873036323e+00 5.856271322017387604e+01 -8.076587392583270741e+00 4.450789658699923379e+00 -8.076587392583270741e+00 1.386423284134120770e+01
-1.330734074281583013e+01 -1.025589505522910194e+01 -3.800699661860478251e+00 -1.025589505522910194e+01 -1.620212391258359119e+01 -1.646716250704199025e+00 -3.800699661860478251e+00 -1.646716250704199025e+00 -4.633326849901671807e+01
2.958820083266494905e+01 9.073311600675522115e+00 -4.452807354226783865e+00 9.073311600675522115e+00 4.026787659524737251e+01 -2.391965629311897601e+00 -4.452807354226783865e+00 -2.391965629311897601e+00 -4.282146247757399493e+00
-4.915478320683061675e+00 -1.195243406875220060e+01 -2.293663202338081852e+00 -1.195243406875220060e+01 -6.912415147689896067e+00 4.941567714442909320e-01 -2.293663202338081852e+00 4.941567714442909320e-01 -1.577046126655236691e+01
-7.857070463874256561e+00 1.314256596590347659e+00 9.323106834560414669e+00 1.314256596590347659e+00 -1.363078378621929598e+00 -1.995953625861017144e+01 9.323106834560414669e+00 -1.995953625861017144e+01 -3.192623072653958971e+01
8.734396869754236903e+00 -4.788898224625230959e+00 7.472741312606447472e+00 -4.788898224625230959e+00 6.043741997285758671e+00 -4.249622760025376422e+00 7.472741312606447472e+00 -4.249622760025376422e+00 -5.396346690247399991e+00
1.984061121268423378e+01 -9.621292981861396143e+00 8.471735862201274614e+00 -9.621292981861396143e+00 8.135096830745792928e+00 1.967070321954425438e+00 8.471735862201274614e+00 1.967070321954425438e+00 -1.278351702455630168e+01
5.717431276605574908e+01 -9.566404868113311366e+00 -2.629752279670515058e+00 -9.566404868113311366e+00 5.896533959659899438e+01 -5.326324224867687862e-01 -2.629752279670515058e+00 -5.326324224867687862e-01 -1.725518924969364676e+01
-1.372097291413572506e+01 -9.891893589044894242e+00 -2.823446801156463515e+00 -9.891893589044894242e+00 -1.142834955034050815e+01 3.517076757886977045e+00 -2.823446801156463515e+00 3.517076757886977045e+00 -7.329171960013522380e+01
-1.389138993868449745e+01 -5.212621700129470348e+00 -5.973397412004946894e+00 -5.212621700129470348e+00 -3.278779854066490884e+01 1.497840105614380057e+01 -5.973397412004946894e+00 1.497840105614380057e+01 -4.756229164288060929e+01
-2.827706341552668423e+00 7.672000387348714145e-01 2.155616073647390962e+01 7.672000387348714145e-01 -5.849418892642279211e+00 -1.740876909618429780e+00 2.155616073647390962e+01 -1.740876909618429780e+00 -5.563956804700984549e+01
9.332903094542333022e+00 -7.894785606027713065e+00 1.189973719839642818e+01 -7.894785606027713065e+00 1.993376107525121199e+01 -6.803216861832154905e+00 1.189973719839642818e+01 -6.803216861832154905e+00 -2.523306567467263051e+01
2.378901157064904481e+01 1.487671763719549212e+01 1.986072913704394871e+00 1.487671763719549212e+01 1.603376397544486665e+01 -5.843901264279090846e+00 1.986072913704394871e+00 -5.843901264279090846e+00 -1.529295608723937150e+01
-1.787365060925728599e+01 -1.316957446433690837e+00 -5.946572037586744131e+00 -1.316957446433690837e+00 -3.337667018128865237e+01 1.549348950968913119e+00 -5.946572037586744131e+00 1.549348950968913119e+00 -5.111095016902962129e+01
-2.238923853392587660e+01 -4.049308023438439541e+00 -5.308319661914746135e+00 -4.049308023438439541e+00 -2.320197468932716944e+00 -4.112864399107682596e-03 -5.308319661914746135e+00 -4.112864399107682596e-03 -3.964963122696305931e+01
4.959317223012435960e+01 1.377461477724329919e+00 -5.878342460231126276e-01 1.377461477724329919e+00 3.607094633135624662e+01 1.327939442239138934e+01 -5.878342460231126276e-01 1.327939442239138934e+01 1.838018064256939965e+01
-7.896941908623580808e+00 -1.094043010067309218e+01 2.738094352146316801e+00 -1.094043010067309218e+01 -2.057532919156537687e+01 -1.387843536366838038e+01 2.738094352146316801e+00 -1.387843536366838038e+01 -4.652682894550677162e+01
1.592969987333174231e+01 1.666066913713788722e+01 1.989276335398809792e+01 1.666066913713788722e+01 9.955855957371074538e+00 6.200305091362414700e+00 1.989276335398809792e+01 6.200305091362414700e+00 -2.396746951452306718e+01
3.094673683075705384e+01 -6.583991413339305154e+00 3.104101567347183277e+01 -6.583991413339305154e+00 -6.879359099384297904e-01 7.134361063915046763e+00 3.104101567347183277e+01 7.134361063915046763e+00 -3.782584934206101934e+01
1.141767422951166644e+01 -6.646590924272938183e-01 -5.549937560830134231e+00 -6.646590924272938183e-01 1.444393140101622208e+01 1.321405745951991939e+01 -5.549937560830134231e+00 1.321405745951991939e+01 -8.093212349415622953e+00
2.389682808309771289e+01 6.608933714381033830e+00 -9.192301456014999317e-02 6.608933714381033830e+00 1.774970929651837537e+01 -4.491907119783925317e+00 -9.192301456014999317e-02 -4.491907119783925317e+00 1.155415153017387020e+01
5.170344793755799628e+01 5.217470858140990098e-01 -6.783015034235060803e+00 5.217470858140990098e-01 3.537565466866717401e+01 -4.588941581814053983e+00 -6.783015034235060803e+00 -4.588941581814053983e+00 2.290086548287029800e+01
-3.370595703332253379e+01 3.365682738217448566e+00 6.274337595539512868e+00 3.365682738217448566e+00 -5.733482523258042818e+01 -1.335253133553725569e+01 6.274337595539512868e+00 -1.335253133553725569e+01 -6.193847512533295685e+01
2.881162648027993711e+01 9.060689820424585150e+00 5.777759376248536860e+00 9.060689820424585150e+00 2.090325458322783092e+01 9.646831520886772537e+00 5.777759376248536860e+00 9.646831520886772537e+00 4.726442062614012229e+00
1.445442409784581983e+01 2.342849734164041298e+00 -7.369684469028589646e+00 2.342849734164041298e+00 3.887790295654413342e+01 1.657910082714136379e+01 -7.369684469028589646e+00 1.657910082714136379e+01 1.011425480055985027e+01
1.597294976741242678e+01 1.996079235445256117e-01 4.475912459939823229e+00 1.996079235445256117e-01 2.798053636177318282e+01 -5.738625529775955858e-01 4.475912459939823229e+00 -5.738625529775955858e-01 1.071511233494026349e+01
-8.639303123568321752e+00 8.368412386249698187e+00 2.433520993330897664e+00 8.368412386249698187e+00 -2.657020872436986281e+01 3.951365839100490884e+00 2.433520993330897664e+00 3.951365839100490884e+00 -3.153916607910461778e+01
-3.425514794373430760e+01 6.776412486636303356e+00 2.095728745623596367e+01 6.776412486636303356e+00 -3.417366691516240707e+01 -3.573867985426310234e+00 2.095728745623596367e+01 -3.573867985426310234e+00 -6.420813818524021599e+01
2.178940719332823406e+00 9.149973309941023203e+00 1.158721182591871290e+01 9.149973309941023203e+00 2.250075106797262947e+01 3.435918172635638701e+00 1.158721182591871290e+01 3.435918172635638701e+00 -5.323821056043360045e+01
6.455832767001788852e+01 -4.463808507526120017e+00 -1.677601233679672177e+01 -4.463808507526120017e+00 3.117903281453548914e+01 8.887525727177303381e+00 -1.677601233679672177e+01 8.887525727177303381e+00 -8.885279468030359951e+00
2.481402139517480876e+01 -1.209939271408833328e+01 1.193184507880201117e+01 -1.209939271408833328e+01 1.221194930902037434e+01 1.520786702211469610e-01 1.193184507880201117e+01 1.520786702211469610e-01 -2.934081236337316412e+01
-1.068198894920050890e+01 -1.784686468753972743e+00 -9.018583694939219519e-01 -1.784686468753972743e+00 -1.771509511954802329e+00 -1.844164815198688023e+00 -9.018583694939219519e-01 -1.844164815198688023e+00 -6.928096607077611324e+00
-1.010542185704253271e+01 1.312349024499160466e+00 4.412167958380350363e+00 1.312349024499160466e+00 -2.027716853862928659e+01 -1.376204000394194882e+00 4.412167958380350363e+00 -1.376204000394194882e+00 -2.749934541249366049e+01
9.638653850571488491e+00 -8.747679638830852866e+00 1.564623665041656952e+00 -8.747679638830852866e+00 -1.910517286159904771e+01 2.434669078841949830e+00 1.564623665041656952e+00 2.434669078841949830e+00 -4.556606427999513897e+01
3.163681478500488353e+01 -5.823810079038774568e+00 -2.728483735248956599e+00 -5.823810079038774568e+00 5.383163561453247326e+01 -4.641113896832338881e+00 -2.728483735248956599e+00 -4.641113896832338881e+00 1.700390684620666804e+01
4.780551821512747068e+01 1.171004423686043694e+01 6.684495351214398084e+00 1.171004423686043694e+01 4.029963350002221034e+01 -1.161752608226710670e+01 6.684495351214398084e+00 -1.161752608226710670e+01 -3.639981581578412673e+00
1.175931513079091673e+01 1.708619036501757904e+01 -1.689022585825006217e+01 1.708619036501757904e+01 2.550978929972015052e+01 1.774480243168014226e+01 -1.689022585825006217e+01 1.774480243168014226e+01 -4.051828307399626539e+01
-1.425912546596898522e+01 7.562760074851636816e+00 2.507386423360728589e+00 7.562760074851636816e+00 -1.836464599067938153e+01 2.325929609917827179e+01 2.507386423360728589e+00 2.325929609917827179e+01 -4.719120997753417868e+01
1.650132562764633803e+01 -7.780637449125028304e+00 5.490113442541370681e+00 -7.780637449125028304e+00 1.230785921976361585e+01 -5.878831311572935370e+00 5.490113442541370681e+00 -5.878831311572935370e+00 5.216049348361479154e+00
-2.140359152511836882e+01 -4.687760947685949198e+00 9.065510728490609793e+00 -4.687760947685949198e+00 -3.206298237101243842e+01 4.164492684436452485e+00 9.065510728490609793e+00 4.164492684436452485e+00 -2.140006287261729767e+01
2.743113836110586234e+01 -5.333034535602727999e+00 2.355383610229773161e+00 -5.333034535602727999e+00 3.019923638032662172e+00 -8.451895077070183504e+00 2.355383610229773161e+00 -8.451895077070183504e+00 -2.414034474224395410e+01
-3.511055072497602936e+01 -1.105405787264250961e+01 1.028288506772432243e+01 -1.105405787264250961e+01 -2.734679207913443832e+01 -2.591441905043472360e+01 1.028288506772432243e+01 -2.591441905043472360e+01 -4.428916333047809673e+01
-1.605710105104170538e+01 -3.398851736760067688e+00 1.003959769312420214e+01 -3.398851736760067688e+00 -5.165294713496992873e-01 -1.305412059222187082e+01 1.003959769312420214e+01 -1.305412059222187082e+01 5.202163080251746230e+00
-3.786343408164266400e+00 -1.009869886449904719e+01 -8.309031015029170186e-01 -1.009869886449904719e+01 9.034344870787800019e+00 -7.857132755305223704e+00 -8.309031015029170186e-01 -7.857132755305223704e+00 -2.062878787830011440e-01
-2.626056874893470283e+00 -2.498841245437590786e-01 6.265076443179857790e+00 -2.498841245437590786e-01 -9.279805702594273953e+00 3.293270743761387731e+00 6.265076443179857790e+00 3.293270743761387731e+00 -1.941221645466324830e+01
-1.510931166553926630e+01 -2.137224540480681778e+00 -1.136224766562881605e+01 -2.137224540480681778e+00 -2.289435983805692842e+01 1.146254397418605686e+00 -1.136224766562881605e+01 1.146254397418605686e+00 -4.479145628212789632e+01
2.263439532744221694e+01 -4.422502941376418306e+00 -6.803566487812036101e+00 -4.422502941376418306e+00 -9.513998176551343278e+00 1.703557240760824243e+01 -6.803566487812036101e+00 1.703557240760824243e+01 -3.513483015062523407e+01
1.245417200976263494e+01 -4.433142106751729372e+00 2.187339559426934699e+01 -4.433142106751729372e+00 1.030027617037809939e+01 -5.304807526563604547e+00 2.187339559426934699e+01 -5.304807526563604547e+00 -4.095260592766027941e+00
-3.970215414608509263e+01 -2.385168473260102928e+01 1.332280455458514545e+01 -2.385168473260102928e+01 -3.559809246921684434e+01 7.651780393520712931e-01 1.332280455458514545e+01 7.651780393520712931e-01 -4.853148522489095029e+01
2.254648699428135572e+01 1.875838531248201324e+00 -1.716379152918896622e+01 1.875838531248201324e+00 1.789499263844861687e+01 3.023520881105928737e+01 -1.716379152918896622e+01 3.023520881105928737e+01 -1.042262366421713971e+01
3.424868997313038221e+01 1.119630306766806971e+00 4.826404233202142291e-01 1.119630306766806971e+00 3.016745533886406960e+01 -1.039533219458922852e+00 4.826404233202142291e-01 -1.039533219458922852e+00 -1.189851576502140418e+01
3.023451064620032991e+00 6.427796773653899898e+00 1.150225275961355642e+01 6.427796773653899898e+00 1.254324152080281785e+01 1.578632825662275962e+01 1.150225275961355642e+01 1.578632825662275962e+01 -5.331569583601341122e+01
-1.121335117404419535e+01 -3.480305480766853865e+00 6.210786174033914975e+00 -3.480305480766853865e+00 1.208812488592539580e+01 -7.332949569305506898e+00 6.210786174033914975e+00 -7.332949569305506898e+00 -6.128338257711775583e+01
-5.395062821809576548e+01 1.105350219252538757e+01 -2.905690169171170734e+00 1.105350219252538757e+01 -3.798001353049646411e+01 5.745034292494713313e+00 -2.905690169171170734e+00 5.745034292494713313e+00 -2.550631384072162078e+01
-3.239299729810293371e+01 -6.680069129703757547e+00 -2.618255066294374434e+00 -6.680069129703757547e+00 -2.231421020862109827e+01 -1.472935090215141329e+01 -2.618255066294374434e+00 -1.472935090215141329e+01 -5.969652766116395526e+01
3.297797707001084433e+01 5.219823067127612681e+00 2.121649379760495790e+01 5.219823067127612681e+00 4.250719006663427280e+01 -4.416977330666735195e-03 2.121649379760495790e+01 -4.416977330666735195e-03 3.740142530681364708e+00
2.058246165585885024e+01 1.381914488603958091e+01 7.972662888706365081e+00 1.381914488603958091e+01 2.620808391135058812e+01 -1.470672852388553231e+01 7.972662888706365081e+00 -1.470672852388553231e+01 -2.575198080811673051e+01
-2.912858629491393847e-01 6.654104293773703382e+00 -4.867345622331991528e+00 6.654104293773703382e+00 9.797863143595611390e+00 1.433844840249849928e-01 -4.867345622331991528e+00 1.433844840249849928e-01 -3.384413121569816951e+01
3.867815262608829840e+01 -8.056548808265271422e-01 -8.717792174240047487e+00 -8.056548808265271422e-01 3.486237556709350116e+01 -7.564667051475582937e+00 -8.717792174240047487e+00 -7.564667051475582937e+00 3.339175588330742528e+01
-1.405726700974160615e+01 1.481579841681903917e-02 -5.782160783396649961e+00 1.481579841681903917e-02 -8.572265311614588157e+00 8.299909717663384257e+00 -5.782160783396649961e+00 8.299909717663384257e+00 -4.508112373303023190e+01
-5.518133664189143417e+00 2.807720461538358858e+00 1.214041734150928065e+01 2.807720461538358858e+00 1.530964442088077249e+01 -8.271574518268396403e+00 1.214041734150928065e+01 -8.271574518268396403e+00 -3.740599119043153564e+01
-1.430615368456264491e+01 -1.179184329963528066e+00 1.163722451609839004e+00 -1.179184329963528066e+00 1.229432803763516446e+01 4.583526134543427943e+00 1.163722451609839004e+00 4.583526134543427943e+00 -4.329486045016871998e+01
-5.323509220089148286e+00 -1.247454778861359870e+01 -4.441388299083921076e+00 -1.247454778861359870e+01 -1.727466283551672177e+01 5.465029991194581882e+00 -4.441388299083921076e+00 5.465029991194581882e+00 -8.561228673058355554e+00
-2.134813463936713163e+01 4.362058633554497966e+00 -3.989948410096983977e+00 4.362058633554497966e+00 2.691030690140437387e-01 1.463416613317250992e+01 -3.989948410096983977e+00 1.463416613317250992e+01 -1.072481805625453610e+01
5.605139749670620120e+00 -7.232380106648429674e+00 -1.176693247901694495e+00 -7.232380106648429674e+00 -3.137744027052448814e+00 -9.116552784433196166e-01 -1.176693247901694495e+00 -9.116552784433196166e-01 -1.021523090796530298e+01
6.488993633707386266e+01 8.258486021647236441e+00 6.171709520219991418e+00 8.258486021647236441e+00 5.037780134347654837e+01 -2.585266402032632804e+00 6.171709520219991418e+00 -2.585266402032632804e+00 1.730897372176011118e+01
1.723865951465183066e+00 8.076326613074741090e+00 2.699625329218722669e+00 8.076326613074741090e+00 1.170202457215041791e+00 -5.025456600612243641e+00 2.699625329218722669e+00 -5.025456600612243641e+00 5.852603171085048572e+00
5.352819728570715085e+00 -8.888239427583963348e+00 1.279971810892092776e+01 -8.888239427583963348e+00 9.607025066700568772e+00 1.736767613578187408e+01 1.279971810892092776e+01 1.736767613578187408e+01 -1.708616968671713821e+01
6.001119162279697328e+00 -1.666585194135165082e+01 1.575416695450213034e+01 -1.666585194135165082e+01 -1.544437550366862411e+01 1.048708558990458561e+00 1.575416695450213034e+01 1.048708558990458561e+00 1.240187175817201215e+01
2.134085130590863244e+01 -1.290987599164622424e+01 2.389802227645283939e+00 -1.290987599164622424e+01 6.595490596828512686e-01 -7.988670770307722435e+00 2.389802227645283939e+00 -7.988670770307722435e+00 3.015803674768843123e+01
-8.216951319614263838e+00 6.809306308275499653e+00 -1.011239284144510897e+01 6.809306308275499653e+00 -2.493740470541754917e+01 1.904271309439832649e+01 -1.011239284144510897e+01 1.904271309439832649e+01 -3.251644861328730229e+01
-1.434909571616475432e+01 2.536785175248305269e+00 -7.822707765370106037e-01 2.536785175248305269e+00 -2.195384699030597275e+01 1.496168931260378443e+01 -7.822707765370106037e-01 1.496168931260378443e+01 -2.133959844708464004e+01
-1.506628690579361773e+01 4.904070225964474616e+00 1.010885786616763227e+01 4.904070225964474616e+00 -3.113850017899474909e-01 -6.592610858491916304e-01 1.010885786616763227e+01 -6.592610858491916304e-01 -7.233222802372817561e+00
-1.179332065469936097e+01 -1.112198412661232716e+01 -4.136736570816445635e+00 -1.112198412661232716e+01 -1.021485532545873909e+01 3.381616130503432238e+00 -4.136736570816445635e+00 3.381616130503432238e+00 -2.050326125092803053e+01
-4.234931030444237621e+01 -1.148149820376098162e+01 4.800633964431194833e+00 -1.148149820376098162e+01 -1.613156821238920458e+01 3.753925143727666613e-01 4.800633964431194833e+00 3.753925143727666613e-01 -6.999866940383509473e+01
4.030196121174641100e+00 2.090325186390249002e+00 3.038011887906320041e-01 2.090325186390249002e+00 1.394966479081103294e+01 8.540232033428207359e+00 3.038011887906320041e-01 8.540232033428207359e+00 -3.388875271787830457e+01
2.078653202869735139e+01 -1.004705082523256898e+01 -4.394504980036485486e-01 -1.004705082523256898e+01 4.778894409703509538e+00 2.443255200127661908e+01 -4.394504980036485486e-01 2.443255200127661908e+01 -3.036336904155398031e+00
-1.492417457668551606e+01 -1.723492745401363635e+01 -6.954891408766935790e+00 -1.723492745401363635e+01 -2.681286115397020708e+01 -1.105796713145385901e+01 -6.954891408766935790e+00 -1.105796713145385901e+01 -3.741224460697554832e+01
-5.225462247225656398e+01 6.950951954145337730e+00 -4.518513545588453084e+00 6.950951954145337730e+00 -5.667247012173706366e+01 5.350505432444172538e-01 -4.518513545588453084e+00 5.350505432444172538e-01 -4.491108303595031970e+01
-1.128007720930390434e+01 -2.036238528241321344e+00 1.779266051496581724e+01 -2.036238528241321344e+00 -9.298096724628209131e+00 1.115134264093785887e+01 1.779266051496581724e+01 1.115134264093785887e+01 -7.496483221030982236e+01
5.600488047759522203e+01 -1.047208331958356053e+00 -2.833710102882711190e+00 -1.047208331958356053e+00 5.972005044345044666e+01 -6.607064242551944133e+00 -2.833710102882711190e+00 -6.607064242551944133e+00 2.225189215639117180e+01
4.402351257049432576e+01 4.368500633221715113e+00 -2.060627320870334955e+01 4.368500633221715113e+00 1.711631711688936974e+01 -1.046944190813347930e+01 -2.060627320870334955e+01 -1.046944190813347930e+01 7.442270773852968091e+00
-1.322768885778430770e+00 1.058965571700818131e+01 -4.970174866563507265e+00 1.058965571700818131e+01 2.280930391776237087e+01 -1.323584477802136128e+01 -4.970174866563507265e+00 -1.323584477802136128e+01 -3.351098142125695745e+01
4.192152521049272451e+01 1.242958697871357288e+01 -3.034746999152188041e-01 1.242958697871357288e+01 3.105286320732649585e+01 -1.732830730505646244e+01 -3.034746999152188041e-01 -1.732830730505646244e+01 5.041916499254087469e+00
-3.412415555046220739e+00 -1.050991558433259776e+01 2.920184183825100810e+00 -1.050991558433259776e+01 2.151284120613883033e+01 -7.343158516363352817e+00 2.920184183825100810e+00 -7.343158516363352817e+00 -5.379840857242376018e+01
5.926866508615126428e+00 -9.643486592752702202e-02 -4.521788648164443813e+00 -9.643486592752702202e-02 8.275384827336830895e+00 -3.987684150100271108e+00 -4.521788648164443813e+00 -3.987684150100271108e+00 -1.162127452464436272e+00
7.549560705377035674e+01 -1.784887703618895571e+01 -3.409535415679060932e+00 -1.784887703618895571e+01 5.043093304304059643e+01 -1.363093980162644936e+00 -3.409535415679060932e+00 -1.363093980162644936e+00 8.338429602588201206e+00
-1.546701097061686170e+01 5.276146520258832018e-01 -6.764535802827116306e+00 5.276146520258832018e-01 -2.208133471557225747e+01 6.462426129929281338e+00 -6.764535802827116306e+00 6.462426129929281338e+00 -2.758249958967188675e+01
-7.007235834511623018e+00 4.596689218201578386e-01 5.597257335950910351e-01 4.596689218201578386e-01 -1.073211382348029908e+01 -3.929646280939887770e+00 5.597257335950910351e-01 -3.929646280939887770e+00 -4.299032452298576601e+01
-7.386793969872464061e+00 2.096668957258618349e+00 -2.211251820074829766e+01 2.096668957258618349e+00 -7.524709470589548310e+00 -3.400750377508570921e+01 -2.211251820074829766e+01 -3.400750377508570921e+01 2.604015437612048345e-01
-2.599616468923044721e+01 1.045967527169125511e+01 -6.360004729009093971e+00 1.045967527169125511e+01 6.106425421350414329e-01 -3.377030533172738824e+00 -6.360004729009093971e+00 -3.377030533172738824e+00 -2.909081862912947969e+01
-9.464081937760472130e+00 5.760064731511901570e+00 3.255163642328766205e+00 5.760064731511901570e+00 -2.084983704365753354e+01 8.089945529965500981e+00 3.255163642328766205e+00 8.089945529965500981e+00 -5.304957007410387604e+01
4.385329112767265514e+01 -5.069654327782142644e+00 1.348100099813320440e+01 -5.069654327782142644e+00 4.037009644223390836e+01 1.426519739495707384e+01 1.348100099813320440e+01 1.426519739495707384e+01 1.978366093540395099e+01
-2.951451256917372845e+01 5.111321971720677038e-01 9.921094499468202654e-01 5.111321971720677038e-01 -5.023723919619628475e+01 -5.961888706583811093e+00 9.921094499468202654e-01 -5.961888706583811093e+00 -5.582477517630082531e+01
-2.920862019988146940e+01 -2.768575085230939425e+00 2.110991654044129362e+01 -2.768575085230939425e+00 -2.489500208101439738e-01 -7.670587268877387288e+00 2.110991654044129362e+01 -7.670587268877387288e+00 -3.708010703720930223e+01
-5.233267246616545521e+01 1.203874182895696521e+01 3.064594578309859374e-01 1.203874182895696521e+01 -5.051554940086399625e+01 2.617868154056570873e+01 3.064594578309859374e-01 2.617868154056570873e+01 -5.221211703032702900e+01
1.718376004580881755e+01 6.536651280422855592e+00 6.191637681542929705e+00 6.536651280422855592e+00 4.379100958931030796e+00 -6.476834767733413045e+00 6.191637681542929705e+00 -6.476834767733413045e+00 -4.752899682997286135e+01
-1.428295699429732402e+01 6.978158276795338288e+00 6.529840163194115199e+00 6.978158276795338288e+00 -3.641513071455332806e+01 -1.423027639559217850e-01 6.529840163194115199e+00 -1.423027639559217850e-01 -7.510093885381773759e+01
4.110826756241980462e+00 5.317672404695976240e+00 2.864042320842086209e+00 5.317672404695976240e+00 -9.811630997360826001e+00 3.529824353764943634e+00 2.864042320842086209e+00 3.529824353764943634e+00 -1.633909449221707888e+01
