2.790145745032862834e+00 -1.193958191031361871e+01 2.605326749233304318e-01 -1.193958191031361871e+01 -1.294320776729849909e+00 2.634370037801875064e+00 2.605326749233304318e-01 2.634370037801875064e+00 9.716994855642575146e+00
-1.887731023060200464e+00 3.682380780712306123e+00 1.933413160093291694e+01 3.682380780712306123e+00 -2.114894419269188575e+01 2.432213465113521322e-01 1.933413160093291694e+01 2.432213465113521322e-01 -1.169058448951372142e+01
1.923888221399507614e+01 7.416420065318054533e+00 3.853855288365386045e+00 7.416420065318054533e+00 7.325287360585668317e+00 3.001260427591862179e+00 3.853855288365386045e+00 3.001260427591862179e+00 -5.680344896095407847e+01
3.935714329557746538e+01 -7.009371893561160860e+00 -1.495582926763509679e+00 -7.009371893561160860e+00 3.721468263017884226e+01 1.440454387324832730e+01 -1.495582926763509679e+00 1.440454387324832730e+01 -5.855422969821571400e+00
5.603440630420633006e+00 9.626782623622704982e-01 -1.065691847374418133e+00 9.626782623622704982e-01 -4.930040265774117358e+01 -4.637442161531065032e+00 -1.065691847374418133e+00 -4.637442161531065032e+00 3.619426155017547586e+01
-1.109662103101245556e+01 -3.070874993340367620e+00 -4.018168002471325551e+00 -3.070874993340367620e+00 -4.830355323897815190e+00 5.393362573336911936e+00 -4.018168002471325551e+00 5.393362573336911936e+00 -2.455054648178467502e+01
-2.354978724914412780e+01 -1.960906951096932804e+00 -5.537417514327303891e+00 -1.960906951096932804e+00 7.841348669641459601e+00 1.384567867152995646e+01 -5.537417514327303891e+00 1.384567867152995646e+01 3.659284986740031087e+01
-1.832090992426139486e+00 -1.678359011556263658e+00 -5.786842790100038547e-01 -1.678359011556263658e+00 6.507200569847801042e+00 6.166418918376490588e+00 -5.786842790100038547e-01 6.166418918376490588e+00 1.046359608568450561e+01
4.001838364341795540e+01 -5.393839311894863542e+00 5.860350314576852959e+00 -5.393839311894863542e+00 1.571071203229711166e+01 1.753959611734180024e+00 5.860350314576852959e+00 1.753959611734180024e+00 -2.006424716699845234e+01
9.027835381565177286e+00 -1.493210196968849601e+00 -5.072706452986854408e+00 -1.493210196968849601e+00 1.781389772743302125e+00 8.340267071173435909e+00 -5.072706452986854408e+00 8.340267071173435909e+00 9.154361777475084949e+00
3.140451471317642529e+01 -4.198773112092275994e+00 -1.663385200158310928e+00 -4.198773112092275994e+00 4.083897874672590689e+01 -5.016975167235186994e-01 -1.663385200158310928e+00 -5.016975167235186994e-01 4.491468470755644660e+01
-2.762477246997641700e+01 -3.470758616121991103e-01 -1.582225152208174279e+01 -3.470758616121991103e-01 -3.414403389312673909e+01 8.098699479240105692e-01 -1.582225152208174279e+01 8.098699479240105692e-01 -2.046562530303794603e+01
-1.182260859794503016e+00 5.625661746716165368e+00 7.321525037498179955e+00 5.625661746716165368e+00 -1.577569944904410626e+01 -2.931676189052056181e+00 7.321525037498179955e+00 -2.931676189052056181e+00 -4.303596802094355667e+01
4.158361768918224755e+01 6.729749451197918120e+00 1.558479805221862868e+01 6.729749451197918120e+00 2.052954866777852416e+01 -1.089583553906637547e+01 1.558479805221862868e+01 -1.089583553906637547e+01 -1.688584582669144396e+01
2.952104634135918815e+01 6.117301487291044282e+00 6.269743263504728326e+00 6.117301487291044282e+00 2.003975514269199465e+01 4.624225814159484749e+00 6.269743263504728326e+00 4.624225814159484749e+00 6.904483440362362501e+00
2.047035467207151882e+01 -1.442258927814781977e+01 -1.937823025316117054e+01 -1.442258927814781977e+01 -5.155006257307236162e+00 1.633993573873357263e+01 -1.937823025316117054e+01 1.633993573873357263e+01 -5.154995413200790466e+01
-2.635776282586883568e+01 -1.768465461192255450e+00 2.879355202071555375e+00 -1.768465461192255450e+00 -4.553927128887751863e+00 5.629760306397155745e+00 2.879355202071555375e+00 5.629760306397155745e+00 1.049009742945267831e+01
-2.594101108634384900e+01 7.609879215490268356e-01 1.732568731661410510e-01 7.609879215490268356e-01 -2.008615025575831581e+01 -1.261725835674558382e+01 1.732568731661410510e-01 -1.261725835674558382e+01 -1.845164952944517722e+01
1.566799720668437779e+01 -7.831481933765471304e+00 4.346177382097291542e+00 -7.831481933765471304e+00 1.273593037391518656e+01 6.522133572905469912e+00 4.346177382097291542e+00 6.522133572905469912e+00 -1.732615668685744836e+01
4.322961877769706263e+01 -6.210275700145532873e+00 -6.886249800500486629e+00 -6.210275700145532873e+00 4.894925026581901051e+01 -2.826935948867596249e+00 -6.886249800500486629e+00 -2.826935948867596249e+00 -9.992660613942809800e-01
2.955778706756422025e+01 9.193484742127091991e+00 1.649853920577155186e+00 9.193484742127091991e+00 4.035618849503777028e+01 3.531534839607892162e-01 1.649853920577155186e+00 3.531534839607892162e-01 3.800637875378326669e+01
3.442837650030899255e+01 -4.497656455237890039e-01 -8.395329718962953436e+00 -4.497656455237890039e-01 3.056776876929139775e+01 7.970104197704517723e+00 -8.395329718962953436e+00 7.970104197704517723e+00 2.605823871066444042e+01
3.758659535668365415e+00 -5.287053746364273721e+00 3.300399095168734309e+00 -5.287053746364273721e+00 1.669661983488377999e+01 -2.601198035249865370e+00 3.300399095168734309e+00 -2.601198035249865370e+00 4.296051063330293829e+01
3.873023879733564456e+01 -7.763374116670486158e-01 1.083021764024471167e+01 -7.763374116670486158e-01 2.194420471449582877e+01 1.479139873011617823e+01 1.083021764024471167e+01 1.479139873011617823e+01 6.335228990263196636e+00
-1.508709550713877512e+01 1.376132603953035449e+01 1.657364737893338935e+00 1.376132603953035449e+01 -9.831277374037602712e+00 2.068210011376569923e+01 1.657364737893338935e+00 2.068210011376569923e+01 3.585174186126356943e+01
-3.441826486909519645e+01 -7.223759526800178854e+00 -5.967984149112007586e+00 -7.223759526800178854e+00 -2.426525622920124547e+01 -8.832657498148341446e+00 -5.967984149112007586e+00 -8.832657498148341446e+00 -4.666267147047192765e+01
-1.887761382343598271e+01 -3.426201145735856546e+00 1.277205527443003419e+00 -3.426201145735856546e+00 -6.671868160230682854e+00 5.027621500713727265e+00 1.277205527443003419e+00 5.027621500713727265e+00 -8.848833952561491190e-01
1.002459136990359934e+00 -2.391103503500245697e+00 5.030249808188805183e+00 -2.391103503500245697e+00 1.414354588626914833e+01 -2.840718399287511797e+00 5.030249808188805183e+00 -2.840718399287511797e+00 1.493086438827845974e+01
-4.534049481649309854e+01 -2.768860461893732694e+00 -4.800859001768015055e+00 -2.768860461893732694e+00 -2.140047166425055281e+01 -4.313361381647940362e+00 -4.800859001768015055e+00 -4.313361381647940362e+00 -1.266184017072784229e+01
1.518258253526632728e+01 5.835736346624558202e+00 2.404635601243819032e+00 5.835736346624558202e+00 -5.204059987178193403e+00 -1.271148366996219359e+00 2.404635601243819032e+00 -1.271148366996219359e+00 -5.718651433686712693e+00
7.514752071722083038e+00 -1.960915865058796781e+00 6.055267380462503013e+00 -1.960915865058796781e+00 1.120402604153196435e+01 -3.849677185888573661e+00 6.055267380462503013e+00 -3.849677185888573661e+00 1.738468867532658990e+01
-8.376934173231230574e+00 -1.354256154998211947e+00 -1.308290071740180194e+00 -1.354256154998211947e+00 1.416895295375031338e+01 -1.162207701767531853e+00 -1.308290071740180194e+00 -1.162207701767531853e+00 1.940292747715935917e+01
4.174528461724535333e+01 -1.078024948959432194e+01 -3.472179791905552548e+01 -1.078024948959432194e+01 3.049744572436194190e+01 2.466947767371921785e+00 -3.472179791905552548e+01 2.466947767371921785e+00 -8.392862284827504737e+00
-6.450619139005182134e+00 -2.235883224239181288e+00 1.709249765244665653e+01 -2.235883224239181288e+00 9.819542813393848490e+00 -4.100462012054497229e+00 1.709249765244665653e+01 -4.100462012054497229e+00 -8.644454762973393258e+01
-6.204953777118420533e+01 -4.766871859363631891e+00 7.982429428284627093e+00 -4.766871859363631891e+00 -2.093230663766038546e+01 5.449531942040093391e+00 7.982429428284627093e+00 5.449531942040093391e+00 1.491889565297034181e+01
8.149843953622192316e+01 5.307916259228621314e+00 -1.864345174568695640e+01 5.307916259228621314e+00 6.233552831655331516e+01 4.293158530936269202e+00 -1.864345174568695640e+01 4.293158530936269202e+00 3.622771746445197039e+01
-2.870580247367344384e+01 -3.057187825189807473e+00 1.474316807773714544e+00 -3.057187825189807473e+00 -3.747754662346894605e+01 1.005219120664262711e+01 1.474316807773714544e+00 1.005219120664262711e+01 -3.136756168923073673e+01
-1.105310514432573221e+01 5.189281041712466847e-01 1.789094237171796886e-01 5.189281041712466847e-01 -7.557740683136219495e+00 -3.475953542902719740e+00 1.789094237171796886e-01 -3.475953542902719740e+00 -3.279837746119083963e+00
-7.043313355752407290e+01 1.111707577813193071e+00 1.145662477780041577e+01 1.111707577813193071e+00 -3.368335965615253258e+01 -1.171636582818224603e+01 1.145662477780041577e+01 -1.171636582818224603e+01 1.542375335163432837e+01
-1.791069272629525599e+01 -1.420433212580397964e+01 -6.223421894625175810e+00 -1.420433212580397964e+01 -2.002662409698541524e+01 5.787667189041876270e+00 -6.223421894625175810e+00 5.787667189041876270e+00 -5.800976226353540710e+01
-6.241858174162621120e-01 -8.775138085373462848e-01 -6.014111289426288032e+00 -8.775138085373462848e-01 1.804150162961781323e+00 1.965788647171552994e-01 -6.014111289426288032e+00 1.965788647171552994e-01 1.500117008171938382e+00
9.497466135739029980e+00 -1.299489795539127135e+00 -1.436152068958191697e+00 -1.299489795539127135e+00 3.198200470734920309e+00 8.428409458249485064e-01 -1.436152068958191697e+00 8.428409458249485064e-01 8.109837703390103680e-01
-6.228362007470742867e+00 9.140993424925905941e+00 1.938089514958148074e+00 9.140993424925905941e+00 -2.218588964090729476e+01 -1.089514802126619841e+01 1.938089514958148074e+00 -1.089514802126619841e+01 -4.866481150477596884e+01
-4.920903448233593735e+01 8.839866784939607314e+00 6.407980249763780556e+00 8.839866784939607314e+00 -2.348330503958451132e+01 4.828487325475067093e-01 6.407980249763780556e+00 4.828487325475067093e-01 2.341980820310340405e+01
-1.108896424607787168e+01 -2.508802115755089268e+00 -1.057473494606429654e+01 -2.508802115755089268e+00 -1.240972259376460229e+01 8.024504633278022325e+00 -1.057473494606429654e+01 8.024504633278022325e+00 5.238537774946000702e+00
1.670115267387872038e+01 5.609815039935252268e-02 -6.074093483867709864e+00 5.609815039935252268e-02 1.512104542360872905e+01 -2.343213853347371511e+01 -6.074093483867709864e+00 -2.343213853347371511e+01 -2.553328837711174870e+01
-9.442148888507299276e+00 -4.607756989423059668e-01 7.046307888864647428e-02 -4.607756989423059668e-01 -2.266280298448450914e+00 -4.943381949440999179e+00 7.046307888864647428e-02 -4.943381949440999179e+00 6.894284587341271475e+00
-7.934229126270622601e+00 -2.851771110436660539e+00 -9.349743942164680632e+00 -2.851771110436660539e+00 -4.870204046789648800e+01 -1.805326700025375652e+00 -9.349743942164680632e+00 -1.805326700025375652e+00 2.079160326887389232e+01
-9.531049059427321168e+00 1.341581403623917756e+00 -5.918689485410343759e-02 1.341581403623917756e+00 7.680590487775321051e+00 4.511817914108916305e+00 -5.918689485410343759e-02 4.511817914108916305e+00 2.688406812808155522e+01
-1.085902531439709051e+01 1.328658670939200537e+00 2.840481427210551857e+00 1.328658670939200537e+00 -3.177897562078953797e+00 -1.638144225257958331e+00 2.840481427210551857e+00 -1.638144225257958331e+00 2.528167373397381734e+00
6.687447275745677544e+00 2.862852477043885457e+00 -9.331005273462680272e-01 2.862852477043885457e+00 1.488408370388743585e+01 -8.863522739459135380e+00 -9.331005273462680272e-01 -8.863522739459135380e+00 1.466493212731192841e+01
1.463912196356693762e+01 1.128177583049919797e+01 1.434494022866912033e+01 1.128177583049919797e+01 -5.887247337267412561e+00 -1.745905789378862094e+00 1.434494022866912033e+01 -1.745905789378862094e+00 -2.207009523643676374e+01
-4.645425490796938561e+01 5.417104892640738356e+00 6.771413978518024734e+00 5.417104892640738356e+00 -1.982615755833860760e+01 7.508385969407170180e+00 6.771413978518024734e+00 7.508385969407170180e+00 3.524972611791168475e+01
-6.708870466791823617e+01 1.310716370648240980e+00 -6.241646355229001353e-01 1.310716370648240980e+00 -4.488692335574135228e+01 -2.420854376173500633e+00 -6.241646355229001353e-01 -2.420854376173500633e+00 7.246962589010936817e+00
1.640256021601972591e+01 3.658452103693568880e+00 -4.192550027795681977e+00 3.658452103693568880e+00 1.031887630184128390e+01 1.176235331806767981e+00 -4.192550027795681977e+00 1.176235331806767981e+00 1.517794818860723716e+01
1.101562146799577846e+01 7.227405700241202879e-01 -7.073479010781437815e+00 7.227405700241202879e-01 1.166566532571337866e+01 -6.091118776628970943e-01 -7.073479010781437815e+00 -6.091118776628970943e-01 1.208370785727794505e+01
-6.681416162106142309e+00 3.076633870818260341e+00 2.725659237136741186e+00 3.076633870818260341e+00 5.921378123876810839e+00 -6.143877476969712426e-01 2.725659237136741186e+00 -6.143877476969712426e-01 2.413797214474009412e+00
9.100443279106784189e+01 -6.789571133094796984e+00 -5.216091174047841061e-01 -6.789571133094796984e+00 7.942999733184863942e+01 8.248162187403025314e+00 -5.216091174047841061e-01 8.248162187403025314e+00 2.856203713598219807e+01
4.061981741305022808e+01 -8.023414600334234592e+00 -6.415651636731815044e-01 -8.023414600334234592e+00 1.607552639822949558e+01 -1.682442021003611954e+00 -6.415651636731815044e-01 -1.682442021003611954e+00 -1.998364570808593044e+01
-3.893871949390210574e+01 7.616048062177465106e+00 -5.941736317418059299e-01 7.616048062177465106e+00 -1.907319297103301636e+01 5.200759472720847931e+00 -5.941736317418059299e-01 5.200759472720847931e+00 1.276450328703733383e+01
3.048892978413396193e+01 7.281227736443183218e-01 8.128285466490813960e+00 7.281227736443183218e-01 2.814020250485612351e+01 -4.159306683354078160e+00 8.128285466490813960e+00 -4.159306683354078160e+00 1.996023225023238368e+01
-2.112431631551798006e+01 1.018420173669034590e+01 1.557796408605611749e+00 1.018420173669034590e+01 -2.985017312503062570e+01 1.197897573595693599e+00 1.557796408605611749e+00 1.197897573595693599e+00 -4.470562252630293187e+01
1.113534753634769103e+01 3.538329886704000060e+00 9.321314962824748918e+00 3.538329886704000060e+00 -1.639850790496889488e+01 -6.941975426560487605e+00 9.321314962824748918e+00 -6.941975426560487605e+00 -3.555340931435587493e+01
8.338988126074720242e+01 2.430833903824848985e+00 3.317287222267085167e-01 2.430833903824848985e+00 7.403709484834013210e+01 -1.129824824245771175e+01 3.317287222267085167e-01 -1.129824824245771175e+01 2.452238421752175768e+01
-2.726266346440585409e+01 4.234316578964506306e+00 5.011037588334436244e+00 4.234316578964506306e+00 1.066887610541028319e+00 -1.099860237440473476e+01 5.011037588334436244e+00 -1.099860237440473476e+01 3.526917464496381172e+01
2.789861964304851583e+01 2.081321519147191523e+01 2.760967411527261550e+00 2.081321519147191523e+01 3.328993620243377194e+01 9.839669411425433498e-01 2.760967411527261550e+00 9.839669411425433498e-01 -5.365177689526844595e+00
1.830351972153169982e+01 5.712594195150940024e+00 1.259072578682153727e-02 5.712594195150940024e+00 1.650679105075167996e+01 -9.482806779513175854e+00 1.259072578682153727e-02 -9.482806779513175854e+00 3.349525404857291111e+00
-4.612835677162167514e+01 3.260866443010030924e+00 1.854506521571889666e+00 3.260866443010030924e+00 -1.793674434977353016e+01 3.648527450276322970e+00 1.854506521571889666e+00 3.648527450276322970e+00 7.856263407220082762e+00
1.436044882886355012e+01 -5.133758829239203791e+00 1.639869021552165407e+01 -5.133758829239203791e+00 -8.764615900434554518e+00 7.823831240639603557e+00 1.639869021552165407e+01 7.823831240639603557e+00 1.231539372626923701e+01
-6.106481570751044252e+00 -7.942516937255452714e-01 -1.749794317129751198e+00 -7.942516937255452714e-01 -6.509924241206539008e+00 6.228866609665441700e+00 -1.749794317129751198e+00 6.228866609665441700e+00 -4.704194587891019630e+00
2.947249801152377913e+01 1.142803912465504279e+00 1.462210632300471325e+01 1.142803912465504279e+00 1.825852849909531983e+01 -6.185173269282324249e+00 1.462210632300471325e+01 -6.185173269282324249e+00 -4.526227345679341596e+01
-2.463821132079623411e+01 -7.258458444290732281e+00 -8.073896290587486035e+00 -7.258458444290732281e+00 -1.352759949622569380e+01 -3.891634112821930280e+00 -8.073896290587486035e+00 -3.891634112821930280e+00 9.436385163331379999e+00
4.365330959361040897e+01 1.916918794395340342e+01 -1.363852952243737704e+01 1.916918794395340342e+01 2.297322784537804097e+01 -4.683786633141107991e+00 -1.363852952243737704e+01 -4.683786633141107991e+00 -1.774861023456634257e+01
-1.181229235141224798e+01 5.123305316273903287e+00 1.204289618246315197e+00 5.123305316273903287e+00 -6.010428266194632840e+01 -4.730721309355078397e+00 1.204289618246315197e+00 -4.730721309355078397e+00 3.752681514906308280e+01
1.135748357260738572e+01 1.201297235099840499e+01 4.119380559288914334e+00 1.201297235099840499e+01 2.388792483615602791e+01 1.155865695927250059e+01 4.119380559288914334e+00 1.155865695927250059e+01 2.326665242699450786e+01
-2.039318502968194480e+01 -5.702404832223758824e+00 -7.042965808379952897e+00 -5.702404832223758824e+00 -3.267859438239694470e+01 -1.329463085768398045e+01 -7.042965808379952897e+00 -1.329463085768398045e+01 -1.326651796046474630e+01
-5.502729972745902387e+01 -2.611574092894171528e+00 -9.668771746499056352e-01 -2.611574092894171528e+00 -1.616466028733137961e+01 6.370770975939056946e+00 -9.668771746499056352e-01 6.370770975939056946e+00 3.180042775549721412e+01
-2.049278942701387862e+01 2.585720298505189252e+00 -5.047859069458567660e+00 2.585720298505189252e+00 -8.280599961732614256e-01 7.487203076945834646e+00 -5.047859069458567660e+00 7.487203076945834646e+00 1.990359623541382206e+01
5.387046457080679573e+01 -7.230512868397270809e-02 -5.197160352376474890e+00 -7.230512868397270809e-02 5.705040352418681238e+01 -1.809141123324498501e+00 -5.197160352376474890e+00 -1.809141123324498501e+00 4.942328654595378623e+01
3.601734989005391441e+01 -7.172720792849437643e+00 -1.354517361584955459e+01 -7.172720792849437643e+00 1.706018583608542372e+01 -1.454229827622804194e+01 -1.354517361584955459e+01 -1.454229827622804194e+01 -1.587023391952602047e+01
-1.131818752010042850e+01 -5.191430159813570810e+00 -4.352737090864533975e+00 -5.191430159813570810e+00 -1.553929743871292501e+01 7.071841890903661110e+00 -4.352737090864533975e+00 7.071841890903661110e+00 -4.297885983447154246e+01
-3.971185893991546578e+01 -2.265858097496432855e+00 7.582004557483591478e-01 -2.265858097496432855e+00 -1.986910218132283745e+01 1.103516978347487232e+01 7.582004557483591478e-01 1.103516978347487232e+01 1.020826601469336303e+01
2.163284788736687503e+00 4.536489475663851856e+00 6.370933831189948826e+00 4.536489475663851856e+00 -1.538728917171879296e+01 -1.135592173281379935e+01 6.370933831189948826e+00 -1.135592173281379935e+01 -4.122063787265793877e+01
-4.104681913995355202e+00 -5.046907021243582925e+00 1.136458674326877727e+01 -5.046907021243582925e+00 -2.568110256472869501e+00 -2.805353247582910381e+00 1.136458674326877727e+01 -2.805353247582910381e+00 -2.745449463950313174e+01
3.626776327087426921e+01 -6.518454111909653292e+00 -1.659419514427423747e+00 -6.518454111909653292e+00 4.032417901778221392e+01 -1.104039291800725575e+00 -1.659419514427423747e+00 -1.104039291800725575e+00 2.903153655247107423e+01
-1.528500785678666851e+01 -4.288501637515834908e+00 -8.247495752639474986e+00 -4.288501637515834908e+00 -1.885363609728058165e+00 -6.891853090693599526e+00 -8.247495752639474986e+00 -6.891853090693599526e+00 3.236219920572522568e+01
-3.100799899820880867e+01 1.379246638735379227e+00 4.860329584772094869e+00 1.379246638735379227e+00 -8.091335710211509991e+00 2.371391927732201810e-01 4.860329584772094869e+00 2.371391927732201810e-01 2.719359124045845633e+01
-2.963573613066601453e+01 -7.391167495368820006e+00 -4.251297852003545902e-02 -7.391167495368820006e+00 -5.427795036063337797e+00 -5.846394885358922267e+00 -4.251297852003545902e-02 -5.846394885358922267e+00 1.506744912712213447e+00
4.941601091471129692e+00 1.935538482598324705e+01 -9.461850852500171882e+00 1.935538482598324705e+01 -3.177263229796101207e-01 -5.514507285706242712e+00 -9.461850852500171882e+00 -5.514507285706242712e+00 -6.626940605656416849e+00
-1.288401081667033132e+01 -4.063447170183165924e-01 -6.166791854976146903e-01 -4.063447170183165924e-01 -7.403435848189437785e+00 -5.558166200861264228e-01 -6.166791854976146903e-01 -5.558166200861264228e-01 -6.376982876331579675e+00
-1.820803954288557236e+01 3.882018057636750008e+00 1.150310827772376676e+01 3.882018057636750008e+00 -1.852133071469006076e+00 -9.503175410387996180e+00 1.150310827772376676e+01 -9.503175410387996180e+00 -6.126926404397604387e+01
7.242447014160719121e+00 -6.913109235036952072e+00 -7.443622187868324858e+00 -6.913109235036952072e+00 -2.395850350025282083e+01 -1.200055236107050866e-01 -7.443622187868324858e+00 -1.200055236107050866e-01 -1.484879559411180239e+01
2.939600174264493937e+00 1.033038202645789916e+01 7.603884102349577567e+00 1.033038202645789916e+01 8.725927959264680567e+00 4.816815042359086640e-01 7.603884102349577567e+00 4.816815042359086640e-01 1.059419404474749271e+01
-5.293721432036100794e+01 1.807200675655576738e+00 6.068163166367662037e-02 1.807200675655576738e+00 -7.955102212744646017e+00 1.013430799187958087e+00 6.068163166367662037e-02 1.013430799187958087e+00 5.003587152036433139e+01
-2.267722583383528345e+01 -1.796949562102738085e+01 9.965593094088638360e-01 -1.796949562102738085e+01 -5.824912754525959357e-01 1.393696325662330437e+01 9.965593094088638360e-01 1.393696325662330437e+01 3.847484897659348491e+01
6.709750521977982274e+00 -2.139837358377031151e+00 -4.822550851219937207e-01 -2.139837358377031151e+00 8.690045274166593003e+00 2.429244675642808460e+01 -4.822550851219937207e-01 2.429244675642808460e+01 -2.431311075133988808e+01
-1.600172651917097255e+01 -1.162225908537043040e+01 7.333047290022927100e+00 -1.162225908537043040e+01 -1.357597312851097904e+01 1.141107418424704534e+01 7.333047290022927100e+00 1.141107418424704534e+01 7.894677633159385088e+00
1.525195519796769794e+01 5.443185991266703105e+00 1.974989829412204045e+01 5.443185991266703105e+00 2.077744653781573803e+00 3.759020612449485821e+00 1.974989829412204045e+01 3.759020612449485821e+00 -3.444206068241719976e+01
1.945159610433608677e+01 7.359816012917159256e+00 -2.530554376310870879e+00 7.359816012917159256e+00 -2.586290138525996429e+00 1.667207632954812979e+01 -2.530554376310870879e+00 1.667207632954812979e+01 -3.171113820862889288e+00
1.334752117137081129e+01 1.495957163366896214e+00 -5.599806428363242716e+00 1.495957163366896214e+00 -1.115354593908751468e+00 1.390714891157754707e+01 -5.599806428363242716e+00 1.390714891157754707e+01 2.352949117259940603e+00
