1.700125323441492853e+01 2.395221403028180873e+00 1.056433560674619798e+01 2.395221403028180873e+00 2.107651565965149487e+01 5.357442026560502946e+00 1.056433560674619798e+01 5.357442026560502946e+00 6.139631654962322216e+00
-5.397473288312649942e+00 -9.991412435331538333e+00 6.413193625339681958e+00 -9.991412435331538333e+00 -1.022078257716261795e+01 -4.669469070682367828e+00 6.413193625339681958e+00 -4.669469070682367828e+00 -1.393929513686540922e+01
-1.735538218183387116e+01 2.044240364819501998e+00 -4.663876821910180048e+00 2.044240364819501998e+00 -6.484299901069353389e+00 4.111067666656075481e+00 -4.663876821910180048e+00 4.111067666656075481e+00 5.565162144054648152e+00
2.206847242638666984e+01 -1.496296860452077215e+00 -1.220788698941303174e+01 -1.496296860452077215e+00 1.621708942044293877e+01 -5.229786655237878890e+00 -1.220788698941303174e+01 -5.229786655237878890e+00 1.657869512192567640e+01
-1.838257641456701563e+01 -5.604815563812977075e-01 -2.570199436329684950e+00 -5.604815563812977075e-01 -2.482076563942264613e+01 2.713799403213015715e+00 -2.570199436329684950e+00 2.713799403213015715e+00 -1.238667091430540168e+01
-2.750691446024084996e+01 -9.553817623124482239e+00 -4.106564069931566863e+00 -9.553817623124482239e+00 -1.595781204875664905e+01 -1.393356425318736846e+01 -4.106564069931566863e+00 -1.393356425318736846e+01 2.051330273043643793e+00
5.369818477287230607e+00 -6.924112882335075270e+00 -2.331550748837295295e+00 -6.924112882335075270e+00 2.613533579519693362e+01 -8.945900255615542918e+00 -2.331550748837295295e+00 -8.945900255615542918e+00 6.426756135322249541e+00
1.924737642112756930e+01 1.027253132275016867e+01 1.106752566629011092e+01 1.027253132275016867e+01 1.627110831507851429e+01 -6.036115763448580473e+00 1.106752566629011092e+01 -6.036115763448580473e+00 7.941886298859127002e+00
1.326857442684574551e+01 5.039131425658923691e-01 -2.946343623245694765e+00 5.039131425658923691e-01 1.647486324037512873e+01 2.197798504087104643e+00 -2.946343623245694765e+00 2.197798504087104643e+00 7.686894484963397112e+00
2.673395721590959440e+01 8.942138795074376034e+00 -1.527114487175088797e+01 8.942138795074376034e+00 3.724115260453701381e+01 -1.031364439975926572e+01 -1.527114487175088797e+01 -1.031364439975926572e+01 5.078478217994466348e+01
1.048776111000030475e+01 -1.021172825194774925e+00 9.591149016099084434e+00 -1.021172825194774925e+00 1.243332399333054106e+01 -6.838305679190561648e+00 9.591149016099084434e+00 -6.838305679190561648e+00 2.437406846367660762e+01
2.340026020320183875e+01 -5.944915154969305782e+00 1.003523676500135187e+00 -5.944915154969305782e+00 3.301135132538441042e+01 6.518622201587448428e-01 1.003523676500135187e+00 6.518622201587448428e-01 3.756239544048592194e+01
5.853081887030759489e+00 2.288250002442679065e+00 -5.089956074135080222e+00 2.288250002442679065e+00 1.609222832037878748e+00 3.348195347790311249e+00 -5.089956074135080222e+00 3.348195347790311249e+00 3.629305035088834952e+00
3.969021486212286476e+01 3.868631049870852934e+00 1.660745048196974882e-01 3.868631049870852934e+00 3.802819905737497663e+01 -4.809291866203918353e+00 1.660745048196974882e-01 -4.809291866203918353e+00 3.370728568645675693e+01
-4.995480369980913160e+00 2.315253838964768385e-01 -1.914328447193958463e-02 2.315253838964768385e-01 1.498670505943836107e+00 -4.513751702353037132e+00 -1.914328447193958463e-02 -4.513751702353037132e+00 -5.681394810590333577e+00
4.239527544578481866e+01 -3.329154168964587157e+00 9.732982884348157171e+00 -3.329154168964587157e+00 8.021568273083829581e+00 3.706958638269072459e+00 9.732982884348157171e+00 3.706958638269072459e+00 4.105675254304555821e+00
-3.339846473228686818e+01 6.129668145624572517e+00 1.083233836705342412e+01 6.129668145624572517e+00 -3.606856884067342861e+01 1.355237189478125104e-01 1.083233836705342412e+01 1.355237189478125104e-01 -2.560350526278605088e+01
-2.050531046720133688e+01 1.524946539900127629e+00 2.945309255380575308e+00 1.524946539900127629e+00 -1.203557219219059604e+01 -6.209268002407062781e+00 2.945309255380575308e+00 -6.209268002407062781e+00 1.141937504095471567e+01
2.541197750666610844e+01 -4.398154891238955422e+00 -9.667505499853008555e-01 -4.398154891238955422e+00 1.818988868656586888e+01 -4.243922069511897099e+00 -9.667505499853008555e-01 -4.243922069511897099e+00 1.169662998949552346e+01
4.748719679026097928e+00 1.657525935119194216e+01 -3.574666246284328164e+00 1.657525935119194216e+01 -5.992921002390765750e+00 -3.177586077716446411e+00 -3.574666246284328164e+00 -3.177586077716446411e+00 -1.137879402792859018e+01
-1.018941031866913605e+01 -2.156059801272470988e+00 7.032116545035838051e-01 -2.156059801272470988e+00 2.017459964381279836e+00 1.964977242787413259e+00 7.032116545035838051e-01 1.964977242787413259e+00 1.567985579420611586e+01
8.067181490621308626e+00 -5.451233496827040170e+00 -1.449878245154430978e+00 -5.451233496827040170e+00 -5.279361805502287730e+00 -5.311614665530613344e+00 -1.449878245154430978e+00 -5.311614665530613344e+00 -1.160625037959199801e+01
3.209813757136770640e+00 3.983656802151068099e+00 -6.542075967541218340e+00 3.983656802151068099e+00 8.061235424387283022e-01 -7.822485556018539121e+00 -6.542075967541218340e+00 -7.822485556018539121e+00 4.075780322972791248e-01
1.531650475851038529e+01 2.085883612880671034e+00 4.732554892916282618e+00 2.085883612880671034e+00 5.974730086857717559e+00 5.782442364161812343e+00 4.732554892916282618e+00 5.782442364161812343e+00 1.889610617587300112e+01
-1.291960364353855262e+01 -2.180443570545035126e+00 -4.961853310935307348e+00 -2.180443570545035126e+00 -2.587121274144542404e+00 -2.438393271540089557e+00 -4.961853310935307348e+00 -2.438393271540089557e+00 -5.891430752623908695e+00
6.272887149358972181e+00 -1.134659168645818816e+01 -3.343787364335975898e+00 -1.134659168645818816e+01 -3.542302103884315656e+00 3.635698053295967347e-02 -3.343787364335975898e+00 3.635698053295967347e-02 -2.215859511312235952e+01
-1.308574040587614817e+01 1.059451696651029451e+01 -2.241819582121848509e+00 1.059451696651029451e+01 -4.243075812618710252e+00 5.456137115164088058e-01 -2.241819582121848509e+00 5.456137115164088058e-01 -1.102526760422171748e+01
1.294238909247761526e+01 -4.982449790692969671e+00 2.382033923019752475e+00 -4.982449790692969671e+00 -1.087951303119217838e+00 1.886050703324733957e-01 2.382033923019752475e+00 1.886050703324733957e-01 7.688255182378274100e+00
-2.338059803268660986e+01 -2.219431241457740178e+00 3.222787989113096607e+00 -2.219431241457740178e+00 -2.371270595167027651e+01 -9.914987982119654930e+00 3.222787989113096607e+00 -9.914987982119654930e+00 -2.256366176158807946e+01
-1.466262580047391850e+00 -1.874332635827827431e+01 -9.037941262059698388e+00 -1.874332635827827431e+01 -2.989288918894126290e+00 1.236616367628046831e+01 -9.037941262059698388e+00 1.236616367628046831e+01 -1.826783420516836287e+01
-2.511526003394429551e+01 -5.785530531247246699e+00 -5.665600317133063335e+00 -5.785530531247246699e+00 -1.683502601599422022e+01 1.513436238500207143e+00 -5.665600317133063335e+00 1.513436238500207143e+00 -1.122210140426579095e+01
-1.669623017714898694e+01 7.813080219612198896e+00 -1.698855798297244313e+00 7.813080219612198896e+00 -1.359875407445518647e+01 -4.140631954881846433e+00 -1.698855798297244313e+00 -4.140631954881846433e+00 -1.514936846757830757e+01
9.165389912081863599e+00 -8.534514863638696269e+00 4.830275926581487078e-01 -8.534514863638696269e+00 1.277042985659667806e+01 1.299166651806106820e+01 4.830275926581487078e-01 1.299166651806106820e+01 3.356255257717656804e+01
-2.089630144478771268e+00 9.265676968945170122e-01 6.528253297884147877e+00 9.265676968945170122e-01 -3.467955587760897629e+00 -1.969875955436663606e+00 6.528253297884147877e+00 -1.969875955436663606e+00 -4.453479927370461944e+00
4.914879753782742888e+00 -3.542704577849996039e-01 2.732201393933336941e+00 -3.542704577849996039e-01 -8.032500849190791214e+00 1.010095162654456757e+00 2.732201393933336941e+00 1.010095162654456757e+00 -8.961954309109103178e+00
3.991877390245435198e+00 -8.784481586928740704e-01 -6.090900395809679679e+00 -8.784481586928740704e-01 6.155912243603258283e+00 -4.730878323306709987e+00 -6.090900395809679679e+00 -4.730878323306709987e+00 4.251392299424676224e+00
2.554235748341029932e+01 6.957514752547091952e+00 -9.927662625526654239e-01 6.957514752547091952e+00 3.035647769692370090e+01 1.286226727850219964e+00 -9.927662625526654239e-01 1.286226727850219964e+00 -1.388009898053474345e+01
2.005374537639785260e+01 2.358029494539511273e+00 -3.683953018816404357e-01 2.358029494539511273e+00 2.990625604897453726e+01 -1.100972059853611462e+00 -3.683953018816404357e-01 -1.100972059853611462e+00 2.337783729602528382e+01
-2.859104030892950377e+01 3.283323338525821811e+00 1.192112191323075265e+01 3.283323338525821811e+00 -3.873033559942036419e+01 4.431074753473637884e+00 1.192112191323075265e+01 4.431074753473637884e+00 -2.714794331820309026e+01
-3.226351725371957002e+01 8.519155403880848354e+00 9.003311982745794140e+00 8.519155403880848354e+00 -6.835517600197917876e-01 7.933474028428748603e+00 9.003311982745794140e+00 7.933474028428748603e+00 -5.531849583499680989e+01
6.137765375056260808e+01 -4.777999296174407995e+00 -1.743507691214752020e+00 -4.777999296174407995e+00 5.115843298536760386e+01 -1.027156386231405261e+00 -1.743507691214752020e+00 -1.027156386231405261e+00 2.117300834253216735e+01
2.229900356233753911e+01 -4.531069267271105594e-01 -3.420775572127151332e+00 -4.531069267271105594e-01 1.233061056547796852e+01 -4.495110118964219303e+00 -3.420775572127151332e+00 -4.495110118964219303e+00 1.388031246418450548e+00
3.883632128231886327e+01 2.420825819631860387e+00 1.406472796843608819e+00 2.420825819631860387e+00 3.548931738115010859e+01 -3.066280435040388053e+00 1.406472796843608819e+00 -3.066280435040388053e+00 3.153446356564297659e+01
-9.040865356646689222e+00 -7.422158758266051315e+00 -7.228006126217906058e+00 -7.422158758266051315e+00 -8.279690216415552584e+00 1.739645708765364285e+00 -7.228006126217906058e+00 1.739645708765364285e+00 -6.822249479464182365e+00
5.575826790866048555e+01 -1.033764362120042257e+01 -1.109183473391583341e+01 -1.033764362120042257e+01 4.233204985271245135e+01 3.361216642221091622e+00 -1.109183473391583341e+01 3.361216642221091622e+00 -2.365800613350294679e+00
3.543171239807062278e+01 -9.509184163072864848e+00 5.799025046054592458e+00 -9.509184163072864848e+00 2.613163743383859128e+01 -2.087863199589495178e+00 5.799025046054592458e+00 -2.087863199589495178e+00 3.948568070295318222e+01
-4.470705088172223896e+01 -4.011021703384093584e+00 1.048660619144779638e+01 -4.011021703384093584e+00 -3.926765245823584394e+01 -8.009506917243953694e+00 1.048660619144779638e+01 -8.009506917243953694e+00 -3.125203035388154760e+01
1.675693993975235330e+00 -1.670007628311504888e+01 2.639875974231959965e+00 -1.670007628311504888e+01 -1.215028810904446566e+01 -6.076153081375110787e+00 2.639875974231959965e+00 -6.076153081375110787e+00 -1.626675262835737934e+00
1.451496945306781505e+01 1.239512938932692210e+00 1.336381618379394842e+00 1.239512938932692210e+00 2.281657466585171790e+01 4.822902686188252019e+00 1.336381618379394842e+00 4.822902686188252019e+00 1.435176163605453681e+01
-3.418458193842474913e+01 1.663488561082529626e+00 7.724549526390420695e+00 1.663488561082529626e+00 -3.306395408194708807e+01 -3.634241124240973342e+00 7.724549526390420695e+00 -3.634241124240973342e+00 -3.121538135640289813e+00
