-2.714819577279430973e+01 -8.324927686270266136e+00 3.049418215145422550e+01 -8.324927686270266136e+00 -2.125487393980613504e+01 -1.837289442967521680e+01 3.049418215145422550e+01 -1.837289442967521680e+01 -3.735975322568266677e+01
8.479330584975885543e+00 1.280246773258028714e+00 6.416831009078314274e-01 1.280246773258028714e+00 1.173567382944231063e+01 5.556201659221557065e+00 6.416831009078314274e-01 5.556201659221557065e+00 6.718756952721611775e+00
-2.034782715723889979e+01 8.593088503674291445e+00 -5.867079877494217888e-01 8.593088503674291445e+00 -4.090698434814829199e+01 3.020117877597004785e+00 -5.867079877494217888e-01 3.020117877597004785e+00 -2.176937140764854561e+01
-2.160711931278580522e+00 -1.373684983568885354e+00 2.608083292374841733e+01 -1.373684983568885354e+00 -1.266484856034784556e+01 -3.463302658852209226e-01 2.608083292374841733e+01 -3.463302658852209226e-01 -1.230974775985085312e+00
4.144627276201955368e+01 2.443837341275863650e+01 4.396568473036101210e+00 2.443837341275863650e+01 2.461458166093682109e+01 1.237513715478575271e+01 4.396568473036101210e+00 1.237513715478575271e+01 2.433877808672704646e+01
4.634308445549774547e+01 9.038886142263602430e-02 2.589630457186032331e+01 9.038886142263602430e-02 2.173217059090604053e+01 2.735774331045802032e+00 2.589630457186032331e+01 2.735774331045802032e+00 3.896663456530787784e+01
3.554957013764719420e+01 3.123602141981701052e+01 7.528348149228683894e+00 3.123602141981701052e+01 2.067984869598937792e+01 -8.073927158196976706e+00 7.528348149228683894e+00 -8.073927158196976706e+00 2.787561989931823803e+01
-2.622433881372515785e+01 -1.500735219457864211e+01 1.538653389344199418e+01 -1.500735219457864211e+01 -1.973297215165697338e+01 4.111885152001089949e+00 1.538653389344199418e+01 4.111885152001089949e+00 -6.813914848862486906e+01
3.949293262354949263e+01 9.925243899785903823e-01 1.152469467816433912e+01 9.925243899785903823e-01 1.087571446926405727e+01 -2.377981584297115258e+00 1.152469467816433912e+01 -2.377981584297115258e+00 6.220579152556469893e+01
6.061087422311945971e+01 6.062394713913199951e+00 4.119593331106471368e+01 6.062394713913199951e+00 4.582203373711739403e+01 -1.835417656133575903e+01 4.119593331106471368e+01 -1.835417656133575903e+01 4.420135792984996215e+01
1.609747892726230489e+01 1.252126046102343260e+01 6.158635899304618633e+00 1.252126046102343260e+01 1.699491363310952963e+01 -1.517866438058411926e+00 6.158635899304618633e+00 -1.517866438058411926e+00 1.039045655679161051e+01
-2.276034347402699964e+01 -1.212172742922447277e+01 2.877493701180762997e+01 -1.212172742922447277e+01 -5.646422856359064468e+01 -1.298129003584927998e+00 2.877493701180762997e+01 -1.298129003584927998e+00 -2.863670509488498084e+01
5.936389189770320485e+00 9.010594872298243629e+00 3.299847657058563755e+01 9.010594872298243629e+00 -3.195521385150311477e+00 -8.423136850086365257e+00 3.299847657058563755e+01 -8.423136850086365257e+00 4.276344880922764879e+00
5.314698226839161777e+01 1.718994751466885162e+01 1.379664561367993159e+01 1.718994751466885162e+01 1.344765365484053987e+01 -5.830221190049732272e+00 1.379664561367993159e+01 -5.830221190049732272e+00 3.088130115049942859e+01
2.068731446021776677e+01 -7.201593712758778132e+00 2.201753402760095923e+01 -7.201593712758778132e+00 -1.836260582212617676e-01 -1.744638702512477657e+00 2.201753402760095923e+01 -1.744638702512477657e+00 2.558954666803456135e+01
-8.260685822660125410e+00 -5.460816975648963734e+00 1.915636844735492517e+01 -5.460816975648963734e+00 -4.678271501764545093e+01 -1.330711130391211139e+00 1.915636844735492517e+01 -1.330711130391211139e+00 -1.102262409810176713e+01
-9.025385595554363816e-01 2.710689903066395345e+00 2.789347515963264357e+01 2.710689903066395345e+00 -1.509800103995495313e+01 8.053363595189210855e+00 2.789347515963264357e+01 8.053363595189210855e+00 -6.746198903246685141e+00
-2.678394841433791029e+01 -2.386852754189227355e+01 1.922757233496793461e+01 -2.386852754189227355e+01 -4.062475395356521801e+01 1.216378707818492266e+01 1.922757233496793461e+01 1.216378707818492266e+01 -3.050661844787983767e+01
-1.367163950105269876e+01 2.167647317937821949e-01 2.214046043460216051e+00 2.167647317937821949e-01 -4.223077436384841832e+01 -2.913311020241646343e+00 2.214046043460216051e+00 -2.913311020241646343e+00 -1.156037397297609814e+01
4.835604150487088759e+01 8.429777166671110322e+00 1.707444704436904459e+01 8.429777166671110322e+00 -4.604709971417604852e-01 -1.986245998939268009e+00 1.707444704436904459e+01 -1.986245998939268009e+00 5.106604332957306980e+01
6.159472569456646340e+00 2.149121803189129043e+00 7.631035021467250878e+00 2.149121803189129043e+00 -1.236634708527056503e+01 1.510772113567334873e+00 7.631035021467250878e+00 1.510772113567334873e+00 2.172939809007772993e+01
-7.679079585047098533e+00 1.355037092176608127e+01 2.192100896350368089e+01 1.355037092176608127e+01 -2.716584304203909994e+01 -2.802416182041559178e+00 2.192100896350368089e+01 -2.802416182041559178e+00 -5.708797483332512357e+00
1.232403429948558937e+01 2.643627991450507864e-01 9.692447485430319531e+00 2.643627991450507864e-01 -7.141690201059044618e+00 -3.841421433054488688e+00 9.692447485430319531e+00 -3.841421433054488688e+00 2.272696842002967088e+01
-3.532949260714994466e+01 9.754297887556485636e-01 2.904360928684048559e+01 9.754297887556485636e-01 -2.015013912317239431e+01 3.749537654347557147e+00 2.904360928684048559e+01 3.749537654347557147e+00 -4.191257297161698148e+01
1.284142277652018116e+01 -8.389788891865732623e+00 2.509081576492595644e+01 -8.389788891865732623e+00 -4.730440877434060809e+01 -2.252200829254462988e+01 2.509081576492595644e+01 -2.252200829254462988e+01 -4.357597978682818507e+01
6.723945787918735562e+01 1.517263757712804839e+01 1.728429643885369416e+01 1.517263757712804839e+01 -5.014284729182151956e+00 -2.658508971511739816e+00 1.728429643885369416e+01 -2.658508971511739816e+00 2.926181658287113052e+01
3.978282652941399533e+01 2.369345697329224176e+00 1.596157316237212775e+01 2.369345697329224176e+00 2.497418607147729475e+01 -1.969880972327678892e+00 1.596157316237212775e+01 -1.969880972327678892e+00 6.966715788853757374e+01
7.424396854865580764e+00 -5.940288632332741514e+00 3.110607168495195918e+00 -5.940288632332741514e+00 -1.690909670256845843e+01 -1.030577464128515697e+00 3.110607168495195918e+00 -1.030577464128515697e+00 1.101836720999754782e+01
-1.411518881903055522e+01 -2.240904834209460184e+00 -4.783957232432605622e+00 -2.240904834209460184e+00 -1.871805088749592016e+01 -1.157636090859472722e+00 -4.783957232432605622e+00 -1.157636090859472722e+00 1.237097367392784975e+01
-7.116351804898950473e-01 -1.336467200164198310e+01 1.958189782231937315e+01 -1.336467200164198310e+01 -1.675387023625234661e+01 8.315748575309092616e-02 1.958189782231937315e+01 8.315748575309092616e-02 -1.782620461693089098e+01
3.615089613230350096e+01 7.230764082007909543e+00 6.592157524982753536e+00 7.230764082007909543e+00 3.538187375081652419e+01 -7.795978230424233324e+00 6.592157524982753536e+00 -7.795978230424233324e+00 2.831810681523521822e+01
-3.772424828332116675e+01 -6.145363476034194861e+00 -6.222298193089550900e+00 -6.145363476034194861e+00 -8.010688491837518654e+01 6.760239028523076676e+00 -6.222298193089550900e+00 6.760239028523076676e+00 -6.108297910280369081e+01
4.300221161162244954e+01 8.173394834102858386e-01 3.873956431502595166e+01 8.173394834102858386e-01 2.080476320763644438e+01 -8.957650594447789771e+00 3.873956431502595166e+01 -8.957650594447789771e+00 1.959613165867419227e+01
1.706979710036831932e+01 -2.568014851032620616e+00 1.341396534732471046e+01 -2.568014851032620616e+00 1.216770252960308341e+01 1.319564867442250566e+01 1.341396534732471046e+01 1.319564867442250566e+01 3.120455284851885480e+01
2.296722851748865324e+01 -1.656381699777406791e+00 1.451272413311530407e+01 -1.656381699777406791e+00 -1.094196849882232137e+01 2.136209037447186709e+00 1.451272413311530407e+01 2.136209037447186709e+00 7.036215206418519941e+00
-2.969505504479769087e+01 5.329022765029024278e+00 -3.924373811296027470e-01 5.329022765029024278e+00 -4.573467059631951770e+01 -2.148865789118414860e+00 -3.924373811296027470e-01 -2.148865789118414860e+00 -1.846804467895548996e+01
1.425264801525369718e+00 7.245885171702113325e+00 4.752406700510166893e+00 7.245885171702113325e+00 -3.075405339907738878e+01 3.862637348066936038e+00 4.752406700510166893e+00 3.862637348066936038e+00 4.871221853738973984e+00
-1.636585041974241506e+01 1.390458646485401317e+01 3.928967937909001051e+01 1.390458646485401317e+01 -4.967704615179354732e+01 -1.701827291360472572e+01 3.928967937909001051e+01 -1.701827291360472572e+01 -3.076074297787122092e+01
-9.780169217729273612e+00 1.122796834511896158e+01 1.658726447954262539e+01 1.122796834511896158e+01 -5.512842898925792667e+01 5.667073597002262986e+00 1.658726447954262539e+01 5.667073597002262986e+00 -1.787521435777199841e+01
-2.609914748407269514e+01 -1.960218907071224592e+01 2.659300687993686019e+00 -1.960218907071224592e+01 -2.958670125858478883e+01 -2.631001797753360183e+00 2.659300687993686019e+00 -2.631001797753360183e+00 -2.570417374642460118e+01
1.969090796590315051e+01 -7.204373816491999705e+00 3.154947675007642971e+01 -7.204373816491999705e+00 7.324926861998323879e+00 -1.045319181290683241e+00 3.154947675007642971e+01 -1.045319181290683241e+00 -8.181723882065982778e+00
3.271998319428682578e+01 -1.431149458068231617e+01 7.571666503859241892e+00 -1.431149458068231617e+01 3.109965416784085335e+01 4.740634780180209340e+00 7.571666503859241892e+00 4.740634780180209340e+00 4.837556549793104210e+01
-2.875743872139068458e+01 1.723740943958037519e+01 3.887636981442757644e+01 1.723740943958037519e+01 -6.705360190439911605e+01 6.060934907407408367e+00 3.887636981442757644e+01 6.060934907407408367e+00 -5.271934704976391117e+01
2.317255408567908237e+00 1.791921761440591254e+01 1.831084771577465631e+01 1.791921761440591254e+01 6.997403415584495967e+00 3.546861538378018874e+00 1.831084771577465631e+01 3.546861538378018874e+00 -1.144130594115820854e+00
5.078486675002233142e+01 -1.570027701750016469e+01 4.200402317511597516e+01 -1.570027701750016469e+01 5.959958638051717550e+00 -5.581563683219173955e-01 4.200402317511597516e+01 -5.581563683219173955e-01 3.809902387192706641e+01
4.952987099275155458e+00 -2.059499044088783481e+00 5.663882568375086635e+00 -2.059499044088783481e+00 -2.912056903486282522e+01 6.287041779368506944e+00 5.663882568375086635e+00 6.287041779368506944e+00 8.353855869038946835e+00
6.973740600402990708e+01 -8.808391756930394223e+00 3.466345872094520075e+01 -8.808391756930394223e+00 6.659273402607561287e+00 1.064016523957011628e+01 3.466345872094520075e+01 1.064016523957011628e+01 4.898816185879906193e+00
7.127894078130681521e+01 2.895559357607675022e+00 5.201938621919522632e+01 2.895559357607675022e+00 3.351597115437611052e+01 1.466441431778258586e+00 5.201938621919522632e+01 1.466441431778258586e+00 6.414104838938814623e+01
-1.314327504833139315e+01 -1.292020594015488477e+01 2.617508496242147586e+01 -1.292020594015488477e+01 -4.885552083652321187e+01 -1.209257481158533665e+01 2.617508496242147586e+01 -1.209257481158533665e+01 -4.576483355088051752e+01
-5.686570178573093770e+00 -2.631536650170678726e+00 4.513746757786394426e+01 -2.631536650170678726e+00 -4.505891987376219276e+01 -5.066221319416479574e+00 4.513746757786394426e+01 -5.066221319416479574e+00 -1.658300124607618642e+01
-6.370609848100448058e-01 1.810079818906614513e+00 2.807902491482584750e+00 1.810079818906614513e+00 -1.332778765588700587e+01 4.776874347275576582e+00 2.807902491482584750e+00 4.776874347275576582e+00 3.666049748038185285e+00
8.318565669937681761e+00 1.233342706414087253e+01 2.989335553678060364e+01 1.233342706414087253e+01 -1.979814195986305236e+01 -8.828937255368392911e+00 2.989335553678060364e+01 -8.828937255368392911e+00 -1.879644596072582274e+01
5.092505894331051941e+00 3.227738234540689533e+00 1.352761778542560833e+01 3.227738234540689533e+00 -2.822371097647081584e+01 1.598291902367114403e+01 1.352761778542560833e+01 1.598291902367114403e+01 1.170641728422306516e+00
3.960686660353488264e+01 -2.059073929809088099e+01 2.378599715926407399e+01 -2.059073929809088099e+01 4.284915606895256524e-01 3.308342724528412049e+01 2.378599715926407399e+01 3.308342724528412049e+01 8.314281663939306899e-01
-5.367538139454286750e+01 1.520491017125529787e+01 1.666635248443048312e+01 1.520491017125529787e+01 -5.591895761429741185e+01 -1.052469965524346307e+01 1.666635248443048312e+01 -1.052469965524346307e+01 -5.135476702083336420e+01
-3.991421701918490328e+01 -7.825671605318413881e-01 9.819949341747673088e+00 -7.825671605318413881e-01 -6.506230740587385242e+01 -5.774106951672106192e+00 9.819949341747673088e+00 -5.774106951672106192e+00 -1.703163777171734949e+01
3.596717663431795842e+01 8.543270047165882897e-01 1.222249968619193261e+01 8.543270047165882897e-01 3.059474287155637739e+00 -2.227631621668346895e+01 1.222249968619193261e+01 -2.227631621668346895e+01 1.602574779693539497e+01
-2.185612388056634359e+01 -1.536260648624153191e+01 1.551816594751839595e+01 -1.536260648624153191e+01 -1.058876836617011108e+01 1.438094025073575999e+01 1.551816594751839595e+01 1.438094025073575999e+01 -1.988544830781469486e+01
-2.224402712732738152e+01 1.267110705017021388e+01 2.673235111255921836e+01 1.267110705017021388e+01 -2.873007075125159560e+01 -6.281610199242298798e+00 2.673235111255921836e+01 -6.281610199242298798e+00 -1.147705819268527883e+00
9.233339472849037222e+00 1.053457174855223677e+01 1.245822462855768187e+01 1.053457174855223677e+01 -4.111396861369116529e+00 6.737475811436181239e+00 1.245822462855768187e+01 6.737475811436181239e+00 -1.801036283989570386e+00
-1.240033726683517479e+01 -3.100346297351932456e+00 3.204360097839143773e+00 -3.100346297351932456e+00 -3.613984049257000919e+01 -4.121509418499586630e+00 3.204360097839143773e+00 -4.121509418499586630e+00 -2.493995841388523704e+00
-3.092599732157772507e+01 -2.770505678660377225e+00 1.466797649202785614e+01 -2.770505678660377225e+00 -5.005747051681137094e+01 4.127237173580775575e-01 1.466797649202785614e+01 4.127237173580775575e-01 -2.053500068309763193e+01
2.560252085481500472e+01 -2.029969101794031783e+00 -3.175644344920647733e+00 -2.029969101794031783e+00 3.153986701545554183e+01 -9.956404879355812199e+00 -3.175644344920647733e+00 -9.956404879355812199e+00 2.953885002157264239e+01
-1.368552141619763063e+01 -1.346833002329864115e+01 3.089919973812835607e+01 -1.346833002329864115e+01 -3.136565591487068261e+01 -3.647617892408563378e+00 3.089919973812835607e+01 -3.647617892408563378e+00 -3.798420798401372167e+01
-1.262527182282566862e+01 -9.695601553269044270e-01 3.512924531450381238e+01 -9.695601553269044270e-01 -4.725863777925283671e+01 -6.812723113125580987e+00 3.512924531450381238e+01 -6.812723113125580987e+00 -1.908991085904784413e+01
-2.105710891666958418e+01 1.933687781587007493e+01 2.069945705332173702e+01 1.933687781587007493e+01 -5.800802545855609083e+01 -9.105539066373575352e+00 2.069945705332173702e+01 -9.105539066373575352e+00 -4.076266362250119357e+01
-5.427063111133496598e+00 1.067285782234165659e+01 2.991182359688164638e+01 1.067285782234165659e+01 -2.392846757753683562e+01 -5.237387953241911198e+00 2.991182359688164638e+01 -5.237387953241911198e+00 2.499200036932145963e+01
4.663920121403995367e+00 1.196721348362940063e+01 1.423509059202609883e+01 1.196721348362940063e+01 -3.270308731987773143e+01 1.017393512280858481e+01 1.423509059202609883e+01 1.017393512280858481e+01 -2.160199696987943696e+01
-2.148440184564126554e+01 5.321707851837452763e-01 1.157191095350980881e+01 5.321707851837452763e-01 -3.686033526078227140e+01 -7.438969367713888836e+00 1.157191095350980881e+01 -7.438969367713888836e+00 -1.778301126437758484e+01
2.674753809410405836e+01 -8.165657238699247644e-01 3.422963662515415706e+01 -8.165657238699247644e-01 -1.405823910844765123e+01 8.016296485805729510e-01 3.422963662515415706e+01 8.016296485805729510e-01 4.034986887439750092e+01
-2.116097668678767008e+01 1.527020656494702777e+01 2.313664159981154711e+01 1.527020656494702777e+01 -2.422090851738257111e+00 -2.030734901466649944e+01 2.313664159981154711e+01 -2.030734901466649944e+01 7.662998686384712599e+00
4.352763169406574661e+01 1.467577636350748627e+01 1.056687634939908094e+01 1.467577636350748627e+01 2.836745653740240769e+01 -1.400288709718705604e+01 1.056687634939908094e+01 -1.400288709718705604e+01 4.390899994934896711e+01
-8.249231747537288939e+00 6.655353549989341033e+00 4.632265216664604779e+00 6.655353549989341033e+00 -3.599686891358167173e+01 -1.640805998534610621e+00 4.632265216664604779e+00 -1.640805998534610621e+00 -1.249360129138114139e+01
1.676792865366585161e+01 1.037188431319552961e+01 2.755131668544314572e+00 1.037188431319552961e+01 1.894835908084291987e+01 2.585158755975978107e+00 2.755131668544314572e+00 2.585158755975978107e+00 -3.583831349750892059e+01
3.631323884770247190e+01 1.761733254126637283e+00 1.479371494555975275e+01 1.761733254126637283e+00 1.728933002381678108e+01 6.957017129724596849e+00 1.479371494555975275e+01 6.957017129724596849e+00 2.794652605127675571e+01
1.533312992954944498e+00 8.204960051749209171e+00 7.340093497401073641e+00 8.204960051749209171e+00 -2.110614242583052658e+01 8.131378267504791424e+00 7.340093497401073641e+00 8.131378267504791424e+00 1.431748581425873290e+01
-3.027272546300289946e+01 9.059465451441871764e+00 -3.648065545355654304e+00 9.059465451441871764e+00 -3.238454493303372317e+01 -5.485110601757773097e+00 -3.648065545355654304e+00 -5.485110601757773097e+00 -2.933975093195725492e+01
6.704521550244005823e+01 -8.868070565491022350e+00 7.804313649973984468e+01 -8.868070565491022350e+00 4.059520533866184877e+01 4.324038565914745114e+00 7.804313649973984468e+01 4.324038565914745114e+00 2.241119219514432004e+01
2.162091259836516954e+01 4.909822661890395068e+00 3.810963587857298052e+01 4.909822661890395068e+00 -3.794923247020381307e+00 1.022460527031597444e+01 3.810963587857298052e+01 1.022460527031597444e+01 5.890740678268435282e+00
1.870213903443505998e+01 1.019219529686763792e+01 1.244983179819637797e+01 1.019219529686763792e+01 -5.018477117722845549e+00 -3.647567947980560277e+00 1.244983179819637797e+01 -3.647567947980560277e+00 8.823154982400673418e+00
-3.173055813255222546e+01 -8.785501465985401381e+00 1.249654850972842546e+01 -8.785501465985401381e+00 -7.376237801943834427e+01 -8.043471048215886654e+00 1.249654850972842546e+01 -8.043471048215886654e+00 -2.581504164494958076e+01
2.801658321441127342e+01 8.178504270033675638e+00 4.756767484158879000e+01 8.178504270033675638e+00 -6.699473221894661989e+00 5.034894590760253585e+00 4.756767484158879000e+01 5.034894590760253585e+00 2.580906931873980792e+00
-8.993307946349929693e+00 2.644553491523937705e+00 1.354774148238853648e+01 2.644553491523937705e+00 -3.857596516199819092e+01 1.987682820957957786e+00 1.354774148238853648e+01 1.987682820957957786e+00 -2.429685063895009023e+01
3.103600919875033615e+00 -4.954347713545696585e+00 -4.129993027656973403e+00 -4.954347713545696585e+00 -2.929236648951971489e+01 2.189668478494029458e+01 -4.129993027656973403e+00 2.189668478494029458e+01 2.181759381647003782e+00
5.231136843604517139e+01 4.121631735731448920e+00 1.597806949756963313e+01 4.121631735731448920e+00 4.178820917678878288e+01 1.587245934725015184e+00 1.597806949756963313e+01 1.587245934725015184e+00 5.848648596917086451e+01
1.438408473730733306e+01 1.736661751628317063e+01 8.683271509074781846e+00 1.736661751628317063e+01 -4.114135589070847487e+01 1.340824858480955006e+00 8.683271509074781846e+00 1.340824858480955006e+00 -8.252851092344151596e+00
4.075232643764127261e+01 -1.342934233353027640e+00 3.298399564170397724e+01 -1.342934233353027640e+00 -1.073618820385553896e+01 -1.410254640513833557e+01 3.298399564170397724e+01 -1.410254640513833557e+01 -5.872112153226832554e+00
7.771846858726217278e+00 1.430230536085813497e+01 7.244545914329995284e+00 1.430230536085813497e+01 -2.265103722049513735e+01 4.937419958624351679e+00 7.244545914329995284e+00 4.937419958624351679e+00 3.074709814227650995e+01
-7.746802814207508270e+00 9.854330006869975733e+00 1.545978684999108133e+01 9.854330006869975733e+00 -2.687133337423364665e+01 1.814307401144946041e+01 1.545978684999108133e+01 1.814307401144946041e+01 -1.826965394986396518e+01
2.993317347883405688e+01 -3.660297064226817554e+00 3.160839646573050743e+01 -3.660297064226817554e+00 -7.457438408403113783e+00 1.192405930501188394e+01 3.160839646573050743e+01 1.192405930501188394e+01 1.710767554924672851e+01
-1.682227029688791475e+01 -7.848360480337502887e-01 8.744162647373851627e+00 -7.848360480337502887e-01 -1.975311301091561944e+01 1.206532390674207988e+01 8.744162647373851627e+00 1.206532390674207988e+01 -9.514099407367019978e+00
2.158804658183630920e+01 -1.541065609081940124e+01 3.955962846017514067e+01 -1.541065609081940124e+01 1.262479504453637880e+01 -4.345637291971934602e+00 3.955962846017514067e+01 -4.345637291971934602e+00 1.860312884930651478e+01
5.873077033226242527e+00 6.824573068797021413e+00 1.702877130363530611e+01 6.824573068797021413e+00 -1.316181686775800230e+01 -5.412259411119741515e+00 1.702877130363530611e+01 -5.412259411119741515e+00 3.023045308574404544e+01
2.268570106812675036e+01 -7.172652800643522397e+00 2.194545788935293729e+01 -7.172652800643522397e+00 -2.658321376487247889e+01 -8.490541346250855881e+00 2.194545788935293729e+01 -8.490541346250855881e+00 8.404541347935845508e+00
-2.178331328703337988e+01 -1.473726683697728745e+00 2.300307770476176472e+01 -1.473726683697728745e+00 -4.708193625802802273e+01 2.553144132764215257e+00 2.300307770476176472e+01 2.553144132764215257e+00 -1.507715612833423968e+01
9.623961343232389609e+00 -1.472807947095065018e+01 8.807655139718717052e+00 -1.472807947095065018e+01 -1.612553866325690066e+01 -4.578289716104260165e+00 8.807655139718717052e+00 -4.578289716104260165e+00 1.091952300254831343e+01
4.629915149496575566e+01 -2.292161328434940248e+00 4.763652787922914200e+01 -2.292161328434940248e+00 2.555817319820086198e+01 1.714657393102422844e+01 4.763652787922914200e+01 1.714657393102422844e+01 5.992512075712429720e+00
4.345546645125081398e+01 6.470199320775129159e+00 7.051332286905156899e+00 6.470199320775129159e+00 3.841703681045313346e+01 -3.154660760446028611e+00 7.051332286905156899e+00 -3.154660760446028611e+00 4.230104519018224352e+01
8.467018357172971577e+00 5.472794751436819150e-01 2.577240425698964721e+00 5.472794751436819150e-01 -2.022568418613998986e+01 -2.308181605431971661e+01 2.577240425698964721e+00 -2.308181605431971661e+01 1.556411178852849098e+01
2.261785359621310221e+01 4.714068666516417316e+00 2.067792410939420833e+01 4.714068666516417316e+00 -1.790275912786791324e+01 7.441246492989056271e+00 2.067792410939420833e+01 7.441246492989056271e+00 3.650141203110686661e+01
2.695559580903863406e+01 -4.815990561940711956e+00 9.210113211495333019e+00 -4.815990561940711956e+00 1.427902893479021529e+01 -2.016253252893543291e+00 9.210113211495333019e+00 -2.016253252893543291e+00 3.417404473673452259e+01
-1.052319612358620127e+01 -3.553023606546191981e+00 2.178934997105013238e+01 -3.553023606546191981e+00 -2.339385707269739356e+01 1.155909037711823739e+00 2.178934997105013238e+01 1.155909037711823739e+00 1.832679787714372122e+00
-2.587998939737360971e+01 1.130247916054065715e+00 1.605818432927546269e+01 1.130247916054065715e+00 -3.915448563332851961e+01 1.458258012194065678e+01 1.605818432927546269e+01 1.458258012194065678e+01 -1.096603913779020267e+01
2.507763855831376532e+01 3.806615815382989432e+00 7.690503649359738958e+00 3.806615815382989432e+00 -4.580935685529737178e+00 -5.517638045488836518e+00 7.690503649359738958e+00 -5.517638045488836518e+00 1.009196412671804310e+01
3.872210090220079337e+00 -8.239108198886339052e-01 1.279483835991162222e+00 -8.239108198886339052e-01 -2.981889877732992034e+01 5.506429050077838561e+00 1.279483835991162222e+00 5.506429050077838561e+00 -8.208808667220136357e+00
1.125468795327345539e+01 -5.494052980324985569e+00 1.140590660113095822e+01 -5.494052980324985569e+00 -1.386642750430769944e+01 -7.265561523074223871e+00 1.140590660113095822e+01 -7.265561523074223871e+00 9.555004684876250209e+00
2.211053568872952724e+01 3.669810056127379205e+00 9.611636115713389827e+00 3.669810056127379205e+00 -5.923373386795994122e+01 -2.119195193309773906e+00 9.611636115713389827e+00 -2.119195193309773906e+00 -2.059330121487828791e+01
4.050581338953689325e+00 1.881943006226332571e+01 1.810282484646053547e+01 1.881943006226332571e+01 -7.349593875385926012e+00 -1.287869303904571439e+01 1.810282484646053547e+01 -1.287869303904571439e+01 -5.255764080019325490e+00
-1.036586008389109637e+00 5.818305674499439029e+00 3.081869353721948812e+01 5.818305674499439029e+00 -2.203983798693444740e+01 6.588369404050926192e+00 3.081869353721948812e+01 6.588369404050926192e+00 -5.114641013560798477e+00
1.875089710998782166e+01 -2.064839763547731355e+00 -6.202886252546105261e+00 -2.064839763547731355e+00 -6.353506441397461124e+00 1.669656625059014843e+01 -6.202886252546105261e+00 1.669656625059014843e+01 4.856259061444880287e-01
-7.560137203979351739e+00 -2.811725286667207513e+01 2.776474527610419329e+01 -2.811725286667207513e+01 -4.338824081637348939e+01 1.495901229719191150e+01 2.776474527610419329e+01 1.495901229719191150e+01 -2.389856066926035894e+01
1.576259430328457789e+01 -2.562473004066554871e+00 5.341605576571583747e+00 -2.562473004066554871e+00 1.114436665257301229e+01 -4.526928993309248916e+00 5.341605576571583747e+00 -4.526928993309248916e+00 2.506224528153630615e+01
-3.337165778973423613e+01 -2.031986256927044376e+00 -3.490315252748926733e-01 -2.031986256927044376e+00 -5.382679889006663387e+01 1.325911317353996699e+00 -3.490315252748926733e-01 1.325911317353996699e+00 -3.004525962918570059e+01
-4.236626415768935772e+01 -5.105434440560596698e+00 1.074069278584129883e+01 -5.105434440560596698e+00 -4.796844627979042741e+01 8.835508226634384954e+00 1.074069278584129883e+01 8.835508226634384954e+00 -2.664745975473918804e+01
-4.799059875385002782e-01 -2.680323135111499777e+00 1.342290560653080611e+01 -2.680323135111499777e+00 -2.743490527374604326e+01 6.595273410241676793e+00 1.342290560653080611e+01 6.595273410241676793e+00 3.334253062008056379e+00
3.429428956011926211e+00 5.391346713702132476e+00 6.165091022268508247e+00 5.391346713702132476e+00 -3.025847644971960193e+01 -6.376645184788421794e+00 6.165091022268508247e+00 -6.376645184788421794e+00 -7.840572670330948846e+00
3.625079390227433151e+01 -4.559862166710615838e+00 1.360940566294842924e+01 -4.559862166710615838e+00 1.889564054187839304e+01 4.898665726735869974e+00 1.360940566294842924e+01 4.898665726735869974e+00 3.724326866454442353e+01
-1.471790793613186388e+01 -1.398980517400056911e+01 1.185882393596266304e+01 -1.398980517400056911e+01 -4.655842284380819507e+01 -6.125104948468608868e+00 1.185882393596266304e+01 -6.125104948468608868e+00 -1.273609801062686131e+01
-7.373129132420426224e+00 1.318638370079739053e+00 9.096861415111334281e+00 1.318638370079739053e+00 -2.689454720635822937e+01 -4.026914269069177266e+00 9.096861415111334281e+00 -4.026914269069177266e+00 4.424663188845181061e+00
-3.551688099297240342e+01 -2.377339971443983124e+00 4.519161389103865112e+00 -2.377339971443983124e+00 -6.078517894122925469e+01 -9.086092799183719038e+00 4.519161389103865112e+00 -9.086092799183719038e+00 -3.933553992797818211e+01
4.948509790145936282e-01 1.437909006954698032e+00 5.681447062718219598e+01 1.437909006954698032e+00 -6.196734968538144539e-01 8.683377682442358747e+00 5.681447062718219598e+01 8.683377682442358747e+00 -1.386147851823800181e+01
-4.458732070468203545e+01 2.324929476072632006e+00 2.805704600891282752e+01 2.324929476072632006e+00 -5.989358427478472890e+01 1.263407305332655994e+01 2.805704600891282752e+01 1.263407305332655994e+01 -6.325429215885578316e+01
-7.149191459905750001e+00 5.904387061751103616e+00 1.239866643286120862e+01 5.904387061751103616e+00 9.095279592212573760e+00 -5.213209506176551322e+00 1.239866643286120862e+01 -5.213209506176551322e+00 3.201496088726580780e+01
-7.956356269667826275e+00 3.521675501812304709e+00 9.530605926634306613e+00 3.521675501812304709e+00 -2.625891786136333650e+01 6.970450700062166938e+00 9.530605926634306613e+00 6.970450700062166938e+00 4.434507875817788047e+00
1.165472837946993678e+01 -5.950477041579529391e+00 3.160351753010448306e+01 -5.950477041579529391e+00 -4.465009946176621281e-01 5.108691320809408687e+00 3.160351753010448306e+01 5.108691320809408687e+00 6.064695780507868506e+00
8.970258223764433936e+00 -3.436337334452023384e+00 2.886278167141659079e+00 -3.436337334452023384e+00 -2.364295723304786989e+01 -8.187301262562902693e+00 2.886278167141659079e+00 -8.187301262562902693e+00 1.173102708924914861e+00
-1.667479109262868420e+01 -7.212853435244666045e+00 1.436303785703710467e+01 -7.212853435244666045e+00 -3.743262902374527101e+01 1.586801088088527933e+01 1.436303785703710467e+01 1.586801088088527933e+01 -1.936806619094280890e+01
1.129257170393767495e+01 -2.011035046797001513e+01 1.134439747872627891e+01 -2.011035046797001513e+01 -1.459701034045889045e+01 -1.616396240906730242e+01 1.134439747872627891e+01 -1.616396240906730242e+01 -1.923015568406032472e+01
5.513291837881484803e+00 8.404919181821794538e+00 1.516734028310251858e+01 8.404919181821794538e+00 -1.433422065998725969e+01 4.735160193984337518e+00 1.516734028310251858e+01 4.735160193984337518e+00 1.352662752656203971e+01
5.180543605149950537e+01 -1.106167987594428403e+01 4.449896118974506010e+01 -1.106167987594428403e+01 6.118930802817330772e+01 -5.460233655175207090e+00 4.449896118974506010e+01 -5.460233655175207090e+00 6.180453147623882870e+01
-2.229317294932820559e+01 8.793028470646278905e+00 4.614880914318347571e+00 8.793028470646278905e+00 -7.587692544997000255e+01 1.357605960013377278e+01 4.614880914318347571e+00 1.357605960013377278e+01 -7.908071161947935579e+00
5.201701105398922387e+00 8.795883742323631793e+00 2.718332350209413661e+01 8.795883742323631793e+00 -1.525890585935625587e+01 5.671804711228750406e+00 2.718332350209413661e+01 5.671804711228750406e+00 -1.845070483404807504e+01
-1.322481297711706461e+01 1.939235063029831707e+01 4.388152428419963336e+00 1.939235063029831707e+01 -3.706817246744471817e+01 -1.081415993382720231e+01 4.388152428419963336e+00 -1.081415993382720231e+01 -1.427280316678492866e+01
-1.727715221527723699e+01 -3.659515707432247633e-01 2.254062760818404065e+00 -3.659515707432247633e-01 -5.529141908420396589e+01 -5.109717097814693076e+00 2.254062760818404065e+00 -5.109717097814693076e+00 -1.963125880982544302e+01
1.410665464632162980e+01 -8.015067953244987109e+00 1.521422467135189827e+01 -8.015067953244987109e+00 -1.163436326036426394e+01 3.698796605557426176e+00 1.521422467135189827e+01 3.698796605557426176e+00 1.598508989095044264e+01
5.799771636166011035e+01 9.183673324355634549e+00 1.353427321848292841e+01 9.183673324355634549e+00 6.211292936017224520e+01 -5.850143875028371632e+00 1.353427321848292841e+01 -5.850143875028371632e+00 6.554509580194947205e+01
5.840979128179711211e+01 -4.831094706096586755e+00 2.561217375798706897e+01 -4.831094706096586755e+00 1.866089396937977440e+01 2.809467360935920421e+00 2.561217375798706897e+01 2.809467360935920421e+00 1.146966025815111578e+01
4.488604313333350149e+01 1.884351036969557214e+01 3.230625835046169669e+01 1.884351036969557214e+01 1.887027179348993400e+01 -3.190847592051775816e+00 3.230625835046169669e+01 -3.190847592051775816e+00 4.416758649506492418e+01
-6.130144116226124318e+00 8.234670195116141400e+00 1.086198722900993729e+01 8.234670195116141400e+00 -5.053987873217342752e+01 1.145694180541538998e+01 1.086198722900993729e+01 1.145694180541538998e+01 -3.283323028751005523e+01
3.373573738355614182e+01 -7.765438359468103791e+00 2.428746568897335223e+01 -7.765438359468103791e+00 -2.016690523567816484e+01 -1.121634671139580597e+01 2.428746568897335223e+01 -1.121634671139580597e+01 -1.840150634067585500e+01
4.013458811629875100e+01 -3.332363749075637482e+00 6.174020987926111204e+00 -3.332363749075637482e+00 1.484034243493676186e+01 -7.536789696298775709e+00 6.174020987926111204e+00 -7.536789696298775709e+00 5.440001117617610049e+01
-1.059574386810401947e+01 1.079930518664540706e+01 1.315451442665152904e+01 1.079930518664540706e+01 -2.444341200315272999e+01 3.800792711698826931e+00 1.315451442665152904e+01 3.800792711698826931e+00 -1.448108206180488633e+00
6.785963494707314680e+01 -2.485253782734083927e+00 1.301935710351409803e+01 -2.485253782734083927e+00 2.702470331660735425e+01 -1.610138653223480532e+01 1.301935710351409803e+01 -1.610138653223480532e+01 6.655262563549715082e+01
-1.031974330811017104e+01 -1.884525978437454086e+01 1.960458809118479095e+01 -1.884525978437454086e+01 6.296567153196018785e-01 1.850916554615310572e+00 1.960458809118479095e+01 1.850916554615310572e+00 -3.982785812619335175e+00
-7.841241274510023507e-01 -1.905680071484768590e+01 1.068333067499967726e+01 -1.905680071484768590e+01 -1.818913530055323591e+01 3.861957187092027954e+00 1.068333067499967726e+01 3.861957187092027954e+00 7.271463251004796291e+00
-1.705381172392804956e+01 -2.344097461163868967e+00 4.291061113925407788e+00 -2.344097461163868967e+00 -5.677645418430647339e+01 4.031222455244411196e-02 4.291061113925407788e+00 4.031222455244411196e-02 -2.157160771368551977e+01
-9.610024648744593279e+00 -2.354502113455556866e+01 -8.368938280099097682e+00 -2.354502113455556866e+01 -3.296763325999339145e+01 4.361287171124373252e+00 -8.368938280099097682e+00 4.361287171124373252e+00 -1.069282484340168615e+01
-1.919527053956771567e+01 1.724285619858637375e+01 4.283224670105169452e+01 1.724285619858637375e+01 -1.068783356815234420e+01 3.680077963670932428e-01 4.283224670105169452e+01 3.680077963670932428e-01 -3.550142259457508942e+01
4.834375650058326812e+00 7.189368878620530090e-01 7.858024437891728553e+00 7.189368878620530090e-01 -3.937526723598234213e+01 -5.996716730598864231e+00 7.858024437891728553e+00 -5.996716730598864231e+00 -6.866138184460976568e+00
1.399328845499079677e+01 -8.714454460837393057e+00 2.995927191776443621e+01 -8.714454460837393057e+00 7.106695664582832528e+00 -3.276928000165804633e+01 2.995927191776443621e+01 -3.276928000165804633e+01 1.389569503871819478e+01
2.927507946546623785e+01 1.661004124658749603e+01 1.515491782506456353e+01 1.661004124658749603e+01 6.537579356619843018e+00 4.191032331000144495e+00 1.515491782506456353e+01 4.191032331000144495e+00 2.830831005900719077e+01
9.239440250524815212e+00 -2.575315386624085079e+01 1.344243783506360401e+01 -2.575315386624085079e+01 5.785377737175637636e-01 2.185323866406032600e+00 1.344243783506360401e+01 2.185323866406032600e+00 -1.803525663137954993e+01
1.695779647870227436e+01 -7.555163530992334842e+00 7.514873215361884462e+00 -7.555163530992334842e+00 8.836678685293339441e+00 1.603314559141661633e+01 7.514873215361884462e+00 1.603314559141661633e+01 -6.709519602928506465e-01
1.916763031142828666e+01 -5.765726728742338603e-01 3.435364774859757375e+01 -5.765726728742338603e-01 -5.850193527547115302e+00 5.958130169478656590e+00 3.435364774859757375e+01 5.958130169478656590e+00 2.917057309945480181e+00
-3.042165891731103411e+00 1.087528460490680615e+01 2.068326677201896047e+01 1.087528460490680615e+01 -9.338249519826609557e+00 4.053770515506871064e+00 2.068326677201896047e+01 4.053770515506871064e+00 -1.103242360860454774e+01
3.364786165053165856e+00 -5.095726828296300859e+00 1.337190565349412097e+01 -5.095726828296300859e+00 -2.645121993690512952e+01 -8.654579293543473995e+00 1.337190565349412097e+01 -8.654579293543473995e+00 5.393797082310306301e+00
3.032688888279961859e+01 -7.302334840465301902e+00 4.694771625836712303e+01 -7.302334840465301902e+00 -8.052579164140386325e+00 1.680835344415084087e+00 4.694771625836712303e+01 1.680835344415084087e+00 5.064773878581137367e+00
-7.399322758903825736e+00 5.159537809265774655e+00 6.913176622536027160e+00 5.159537809265774655e+00 -9.784241686811427030e+00 4.536095456363333778e-01 6.913176622536027160e+00 4.536095456363333778e-01 -9.924062672532382834e+00
1.573358459749880112e+01 -7.579073878118175456e-01 1.980474264290302244e+01 -7.579073878118175456e-01 -3.444260619703894832e+01 -1.666943630469055648e+01 1.980474264290302244e+01 -1.666943630469055648e+01 -2.113147334335286942e+01
3.802044750169531540e+01 -3.618386980537678710e+00 1.917902762079063095e+01 -3.618386980537678710e+00 2.042314507619266806e+01 6.266617688868024949e+00 1.917902762079063095e+01 6.266617688868024949e+00 4.030749819041832893e+01
-4.644193155179702615e+01 9.556319633101195699e-01 -1.092587125741169007e+00 9.556319633101195699e-01 -8.191748843890958653e+01 -2.316558316226189973e+01 -1.092587125741169007e+00 -2.316558316226189973e+01 -6.027430800892761908e+01
3.878932237631677538e+01 1.495915459754056975e+01 6.395565055415391775e+00 1.495915459754056975e+01 3.582278602612890772e+00 -2.199745548218224656e+00 6.395565055415391775e+00 -2.199745548218224656e+00 3.047372008160193957e+01
3.263930440680272227e+01 1.089198643967336366e+01 3.387794731888471489e+01 1.089198643967336366e+01 9.449402465108949656e+00 3.013852450118115645e+00 3.387794731888471489e+01 3.013852450118115645e+00 1.888070693741267547e+01
1.529390616752622201e+01 4.596580057293553345e+00 1.229276990326606800e+01 4.596580057293553345e+00 9.631199997597324369e+00 7.975139400055044625e+00 1.229276990326606800e+01 7.975139400055044625e+00 3.704119218687120707e+01
-2.012183227134594077e+01 8.475351035688456491e+00 2.430789588160981651e+01 8.475351035688456491e+00 -5.358569663022585416e+01 -1.549460108093128596e+01 2.430789588160981651e+01 -1.549460108093128596e+01 -1.573910230426664825e+01
3.109650176936073507e+01 -1.471462485193132608e+01 9.321729673892509282e+00 -1.471462485193132608e+01 -9.833053788493623770e+00 1.074022148303892799e+01 9.321729673892509282e+00 1.074022148303892799e+01 3.100031968936347582e+01
-3.661903806938323669e+01 7.873802723269035297e+00 3.937442470366702696e-01 7.873802723269035297e+00 -3.757972708525425531e+01 1.147059819360093691e+01 3.937442470366702696e-01 1.147059819360093691e+01 -3.153020767192393592e+01
-1.339663429933309935e+01 -2.768372666524506087e+00 4.093065817134672102e+00 -2.768372666524506087e+00 -1.423482483610562532e+01 8.111387585979712433e-01 4.093065817134672102e+00 8.111387585979712433e-01 -7.615179202797015101e+00
-2.374698095307383738e+00 5.651406029314884449e+00 1.607229705810425813e+01 5.651406029314884449e+00 -4.555272078363640986e+01 -5.758010641663793727e+00 1.607229705810425813e+01 -5.758010641663793727e+00 -4.351198797517248806e+00
-3.496369251815902857e+01 6.501326801990355619e+00 -8.543514048561526408e+00 6.501326801990355619e+00 -4.034287174107333840e+01 -6.649098735559043405e+00 -8.543514048561526408e+00 -6.649098735559043405e+00 -5.419566263287586594e+01
-3.669604686560604456e+00 8.017373739041792291e+00 1.869246297741930718e+01 8.017373739041792291e+00 -5.011758615657292637e+01 1.322199257309456222e+01 1.869246297741930718e+01 1.322199257309456222e+01 -2.641721034095991527e+01
1.516587474599202068e+01 -1.373338845632965466e+01 1.686637393149081987e+01 -1.373338845632965466e+01 -1.061393786538574169e+01 -6.855662927722184108e+00 1.686637393149081987e+01 -6.855662927722184108e+00 -1.124578767887212560e+00
1.710498174449007536e+00 3.637409597594548405e+00 2.932927010296917558e+01 3.637409597594548405e+00 -5.923680442730332629e+01 2.695521137763160713e+00 2.932927010296917558e+01 2.695521137763160713e+00 -1.709937762599769329e+01
-1.853931536575318262e+01 3.483206601184960505e+00 6.505007781872587991e+00 3.483206601184960505e+00 -4.566580065292467339e+01 2.420200471529998953e+00 6.505007781872587991e+00 2.420200471529998953e+00 -5.827144052401663998e+00
