-1.049292057309518889e+01 1.373429868846828761e+01 7.491919830448273032e+00 1.373429868846828761e+01 -4.071996082587241972e+01 -1.743762478785310677e+01 7.491919830448273032e+00 -1.743762478785310677e+01 8.305465118338146269e+00
-7.248152271362514831e+00 2.305073253137774358e+01 3.508094067362369373e+01 2.305073253137774358e+01 -1.192484025301981987e+01 -1.155530609918809759e+01 3.508094067362369373e+01 -1.155530609918809759e+01 -2.545235275778328443e+01
2.485995240605427981e+01 -1.263116485763021712e+00 7.560099808304913127e-01 -1.263116485763021712e+00 1.787591171777309640e+01 5.036737839760641045e-01 7.560099808304913127e-01 5.036737839760641045e-01 2.693752528117526168e+01
-1.887732765636843002e+00 -6.536397474050134271e+00 -4.396645957345399758e+00 -6.536397474050134271e+00 -1.852530661264474787e+01 2.025153951835908739e+00 -4.396645957345399758e+00 2.025153951835908739e+00 -2.518072253836447061e+00
-1.365759026749480798e+00 -8.705151121020000105e+00 8.826725348418732464e-01 -8.705151121020000105e+00 -4.414391635269978309e+01 -6.749422364657754470e-01 8.826725348418732464e-01 -6.749422364657754470e-01 -6.951715665337589556e+00
6.178398776315631835e+00 5.112829308624307068e-01 -9.950089332464329139e-01 5.112829308624307068e-01 -1.163264642323625075e+01 7.776665728205712780e-01 -9.950089332464329139e-01 7.776665728205712780e-01 1.179858827167752722e+01
1.587491089094799745e+00 3.417718290905490397e-01 -4.110919177187469131e+00 3.417718290905490397e-01 -2.524096233525230204e+01 7.459155957774121770e-01 -4.110919177187469131e+00 7.459155957774121770e-01 6.958699588450348195e+00
5.536110188805801613e+01 -8.507036769367903872e+00 2.817498440475104715e+01 -8.507036769367903872e+00 3.157535045506541138e+01 2.872626636699336711e+00 2.817498440475104715e+01 2.872626636699336711e+00 5.557351493244326690e+01
4.400757411875630964e+01 2.681441868892950442e+00 3.751515584664191660e+00 2.681441868892950442e+00 2.903341438445729850e+01 -5.117125247147726874e-01 3.751515584664191660e+00 -5.117125247147726874e-01 4.192414549799232759e+01
-2.915335914485317481e-01 -9.097732039429785589e-01 2.274322095244903252e+01 -9.097732039429785589e-01 -3.536478053037589575e+01 1.507040581600877838e+00 2.274322095244903252e+01 1.507040581600877838e+00 8.625798173945907976e+00
1.943159888792301970e+01 3.876369720578628275e+00 3.316129096570751500e+00 3.876369720578628275e+00 -1.298835257586104497e+01 -5.322133475720294271e+00 3.316129096570751500e+00 -5.322133475720294271e+00 2.296668586378550714e+01
-8.820758062335604777e+00 5.640221794756258511e+00 9.447814758014343894e+00 5.640221794756258511e+00 -3.519313780188616647e+01 -4.555457145179215850e+00 9.447814758014343894e+00 -4.555457145179215850e+00 -1.922240994674614001e+01
-5.937179810210398756e+01 -2.585382577558643202e+00 -1.767889655627316614e+01 -2.585382577558643202e+00 -2.030791008111747686e+01 -1.402182653090946829e+01 -1.767889655627316614e+01 -1.402182653090946829e+01 -4.918052348015497444e+01
5.580945706889874458e+00 -3.343229744006719795e+00 -6.149080567704948846e-02 -3.343229744006719795e+00 -2.168307855938192930e+01 1.342217906164409336e-01 -6.149080567704948846e-02 1.342217906164409336e-01 1.214883535390968561e+01
4.090666087633329084e+01 -3.897573393751582738e-01 2.096799697508068550e-01 -3.897573393751582738e-01 2.665207808040300463e+01 1.068591808895576589e+00 2.096799697508068550e-01 1.068591808895576589e+00 4.460636533544557381e+01
-3.232200140358459350e+01 4.814505371578996495e+00 1.442558065756087249e+00 4.814505371578996495e+00 -4.988229319196585720e+01 -9.397632251488865052e+00 1.442558065756087249e+00 -9.397632251488865052e+00 3.501001240777986023e+00
3.733687565154498511e+00 -1.462286858902661457e+01 2.497058542933668335e+01 -1.462286858902661457e+01 -5.263014579580176822e+00 3.158935281933776373e+00 2.497058542933668335e+01 3.158935281933776373e+00 2.004968548455416411e+01
1.437808400947712073e+01 8.672562265280470584e+00 8.948822678922593865e-02 8.672562265280470584e+00 -2.765900698767770116e+00 1.576612775991145687e+00 8.948822678922593865e-02 1.576612775991145687e+00 7.042949821692102041e+00
-3.854093453760489041e+01 -2.073769444022436570e+00 1.274876400756626182e+01 -2.073769444022436570e+00 -4.739802961444562612e+01 -1.141254084029057481e+01 1.274876400756626182e+01 -1.141254084029057481e+01 -3.151346069664236182e+01
-2.241554307245645816e+01 -1.736874932428670304e-01 -3.056113149516118455e+00 -1.736874932428670304e-01 -6.564935899718105539e+00 2.813956819064323511e+01 -3.056113149516118455e+00 2.813956819064323511e+01 -5.307905670850926327e+01
3.538690294914147660e+00 -1.162912990123199597e+00 1.119595290809895083e+01 -1.162912990123199597e+00 2.157741634231658523e+01 2.608845271870775306e+01 1.119595290809895083e+01 2.608845271870775306e+01 1.085909785062639799e+01
2.428239232722310703e+01 2.671364146851507915e+00 2.226422520083987067e+01 2.671364146851507915e+00 -1.690356722423207714e+01 3.942655804972061140e-01 2.226422520083987067e+01 3.942655804972061140e-01 1.204752852985990863e+01
-3.887495586064896091e+00 2.289419149343493998e-01 -4.453476586517267077e-01 2.289419149343493998e-01 -2.623927041662450321e+01 -7.007078455885653590e-01 -4.453476586517267077e-01 -7.007078455885653590e-01 9.436403812841156480e+00
-1.383839714781262487e+01 7.624701256398955351e+00 -5.145894390664309093e+00 7.624701256398955351e+00 -1.361147109154979873e+01 2.101427090500634254e+00 -5.145894390664309093e+00 2.101427090500634254e+00 2.931776468272013325e+00
4.078763721096550832e+00 -4.068403601566214611e+00 7.797502830788972439e+00 -4.068403601566214611e+00 1.721292726247086691e+01 5.504081915431563665e+00 7.797502830788972439e+00 5.504081915431563665e+00 2.453696008145354313e+01
-4.648390408799241413e+01 4.520112230325482372e+00 -2.318339719129120624e+00 4.520112230325482372e+00 -3.956272127325743071e+01 2.182692099925140461e+00 -2.318339719129120624e+00 2.182692099925140461e+00 -2.655933574231606187e+01
2.541601190510453989e+01 4.599732725173468206e-01 9.711332004049303634e+00 4.599732725173468206e-01 -1.028133393918695182e+00 4.692260574003710438e+00 9.711332004049303634e+00 4.692260574003710438e+00 2.983387806535158049e+01
3.627622697734711466e+01 -9.476503502757618325e-01 1.517863064023432962e+00 -9.476503502757618325e-01 2.640362156543492489e+01 4.255166383709836353e+00 1.517863064023432962e+00 4.255166383709836353e+00 4.251469843665053361e+01
4.873704580348859139e+01 -3.799900040379748933e+00 3.116335028701474830e+00 -3.799900040379748933e+00 1.590592109943121990e+01 5.985203691760391465e+00 3.116335028701474830e+00 5.985203691760391465e+00 3.611965756261874105e+01
-9.904219572131843563e+00 2.501961282106088191e+01 -2.803503154817175602e+00 2.501961282106088191e+01 1.578545178515741831e+00 -1.373081437190579379e+01 -2.803503154817175602e+00 -1.373081437190579379e+01 3.364245762559846309e+00
-1.197614553727422582e+01 -6.114817772924905803e+00 1.859959664062436602e+01 -6.114817772924905803e+00 -2.552371126120153377e+01 1.317806565870087043e+00 1.859959664062436602e+01 1.317806565870087043e+00 -7.318568900173756830e+00
3.195993064530009065e+01 1.131023293805652763e+01 1.740970809834884747e+01 1.131023293805652763e+01 1.692074574030634793e+01 1.653104332061109183e+00 1.740970809834884747e+01 1.653104332061109183e+00 -2.523020750394818101e+00
-7.142133430855266418e+00 1.697091995325903602e+00 1.802232277606985900e+00 1.697091995325903602e+00 -2.625395917032320270e+01 -4.869901155152829286e-01 1.802232277606985900e+00 -4.869901155152829286e-01 -7.155895210263458317e+00
-2.129418329109011410e+01 3.987115491533876011e+00 2.744484181935154421e+00 3.987115491533876011e+00 -3.878956985119334888e+01 -2.603194912312270848e+00 2.744484181935154421e+00 -2.603194912312270848e+00 -5.313041637528384875e+00
-1.528832467633814041e+01 3.623034398206539386e+00 2.175731371149273397e+00 3.623034398206539386e+00 -2.726842596978009325e+01 -1.038889487720505578e+01 2.175731371149273397e+00 -1.038889487720505578e+01 3.399592583542322188e+00
-3.646156418793970744e+01 6.427334424586598871e+00 3.934603357643271693e+01 6.427334424586598871e+00 -1.918001256137048571e+01 -3.824193732095386156e-01 3.934603357643271693e+01 -3.824193732095386156e-01 -2.294595091897032546e+01
9.081630510244577792e+00 -1.814027403280355166e+00 1.716217700978325267e-01 -1.814027403280355166e+00 -1.054807904696770215e+01 1.017421639309621373e+00 1.716217700978325267e-01 1.017421639309621373e+00 1.426406012692256198e+01
6.981109906412175548e+00 2.675508256153114051e+00 1.266974079877973280e-01 2.675508256153114051e+00 -7.572693980019652216e+00 -5.057169945329660354e-01 1.266974079877973280e-01 -5.057169945329660354e-01 4.861129683069655982e+00
-9.870161779490475240e+00 1.621184456732189716e+01 2.998544272376357966e+01 1.621184456732189716e+01 7.200555193482598426e+00 8.912987665798397074e+00 2.998544272376357966e+01 8.912987665798397074e+00 -2.397677328002017205e+01
1.738635389048808833e+01 -3.743588087961426059e+00 5.703054630429091887e+00 -3.743588087961426059e+00 9.704486568783872613e+00 2.980969748929156449e+00 5.703054630429091887e+00 2.980969748929156449e+00 2.616274233168620000e+01
4.003698694576335271e+01 7.008568143654807514e+00 5.046728912313760418e+01 7.008568143654807514e+00 -9.583261304699457542e-03 3.759391070327579687e+00 5.046728912313760418e+01 3.759391070327579687e+00 3.489584397610332189e+01
-1.629091037388349150e+01 1.786060460958601936e+01 -9.061969333450621278e+00 1.786060460958601936e+01 -7.463608102444895565e+01 -9.710677235593006884e+00 -9.061969333450621278e+00 -9.710677235593006884e+00 -6.986006945269771506e+01
5.304528200007509042e+01 -8.612599328534752630e+00 5.119172457437117352e+00 -8.612599328534752630e+00 4.203633458533809630e+01 4.284949725988803415e+00 5.119172457437117352e+00 4.284949725988803415e+00 5.719907262544004567e+01
2.246197133483755337e+01 -2.215489790144677684e+01 1.146922168352305071e+01 -2.215489790144677684e+01 -1.034477582778685401e+00 1.197631825044605947e+01 1.146922168352305071e+01 1.197631825044605947e+01 3.872729267943801545e+01
-1.376497866163743922e+00 2.318007187933356139e+00 1.958322495951308539e+01 2.318007187933356139e+00 -4.040059577703593874e+01 -1.768482604121639312e+01 1.958322495951308539e+01 -1.768482604121639312e+01 2.762102705905224198e+01
-3.912741995484027768e+01 1.135961379387518910e+01 8.069103856202552549e+00 1.135961379387518910e+01 -3.774208640849973762e+01 6.383604747459283857e-01 8.069103856202552549e+00 6.383604747459283857e-01 -3.701712940383391270e+01
3.081354242217530626e+01 -1.607374939454895468e+01 3.771713887028550705e+00 -1.607374939454895468e+01 2.867847194273431555e+01 -1.133163840344256279e+01 3.771713887028550705e+00 -1.133163840344256279e+01 -3.547139468230422921e+01
-4.452593169132673268e+01 -1.811264468507511438e+01 2.843231849166424041e+01 -1.811264468507511438e+01 -3.426449666642781722e+01 -1.915044736967299954e+01 2.843231849166424041e+01 -1.915044736967299954e+01 -2.852825415292663180e+01
2.221841649898523396e+00 9.416738696070199310e+00 1.796685444360693396e+01 9.416738696070199310e+00 3.919211400739191475e+01 1.499955455569627460e+01 1.796685444360693396e+01 1.499955455569627460e+01 -2.329782528515252338e+01
-4.443528169970321962e+00 -8.509397047880918663e+00 -1.366666381718406820e+00 -8.509397047880918663e+00 -8.506185962733505690e+00 4.201433757089636956e+00 -1.366666381718406820e+00 4.201433757089636956e+00 -2.420530255610075621e+00
4.210896677994644932e+01 -1.513722385014603544e+00 6.172843524973546936e-01 -1.513722385014603544e+00 3.246203531976470202e+01 3.804506127023792317e-01 6.172843524973546936e-01 3.804506127023792317e-01 4.748004586555830997e+01
-1.235970524088934042e+01 1.830312784932084824e+01 1.313502823671448994e+01 1.830312784932084824e+01 -2.297838946606754718e+01 6.427856409409357319e+00 1.313502823671448994e+01 6.427856409409357319e+00 -6.801074698117903772e+00
8.709171668913022302e+00 -7.884038137231777377e+00 2.220273711158732066e+00 -7.884038137231777377e+00 -5.201616010465418327e+00 6.671810168883320458e+00 2.220273711158732066e+00 6.671810168883320458e+00 2.188800603952114798e+01
-2.824998333323352639e+01 7.877965460115808893e-01 -9.117338152103538818e+00 7.877965460115808893e-01 -5.222547336709430255e+01 -2.901301008863490960e+00 -9.117338152103538818e+00 -2.901301008863490960e+00 -2.070630687328550934e+01
-9.508594226904149238e+00 -1.038052612427191335e+01 -7.264846906216646971e+00 -1.038052612427191335e+01 6.329495953074802728e+00 2.322371282028977912e+00 -7.264846906216646971e+00 2.322371282028977912e+00 -5.258879204485121051e+01
1.561355656974332540e+01 -2.818977872226279047e+01 -1.477011430157145089e+00 -2.818977872226279047e+01 3.348478970787095932e+01 1.503464277130183291e+01 -1.477011430157145089e+00 1.503464277130183291e+01 -6.909846570793644061e-01
5.572175934323630564e+00 4.954421195831521629e+00 4.902784403402182356e+00 4.954421195831521629e+00 3.763341191935741126e+00 5.523452431457363865e+00 4.902784403402182356e+00 5.523452431457363865e+00 -5.734358692009787539e+00
-4.646011502244929403e+01 -7.482046589938939896e+00 9.082509911815909831e+00 -7.482046589938939896e+00 -3.275897523839005032e+01 2.980776357401895726e+00 9.082509911815909831e+00 2.980776357401895726e+00 -3.594251357557278226e+01
6.446832391534003115e+00 -1.567422223761367306e+00 1.691998759817131770e+01 -1.567422223761367306e+00 -5.311361186552630897e+01 -9.791725856468625366e+00 1.691998759817131770e+01 -9.791725856468625366e+00 1.868007942487815853e+01
-2.906534445868488348e+01 1.032782779414768370e+01 2.922701999984155563e+01 1.032782779414768370e+01 -1.704620373030142488e+01 2.255099109526492729e+00 2.922701999984155563e+01 2.255099109526492729e+00 -9.473896445029531321e+00
-1.419009855598857506e+01 -1.051606498654797495e+00 5.622222409778303565e+00 -1.051606498654797495e+00 -3.233127901778166802e+01 -6.152061394068747413e-01 5.622222409778303565e+00 -6.152061394068747413e-01 -5.472817265382306395e+00
2.877362116880070531e+01 -2.083671050672304847e+00 2.111507835014682755e+00 -2.083671050672304847e+00 1.876339652908789546e+01 1.669333074977402909e+00 2.111507835014682755e+00 1.669333074977402909e+00 4.114955268927325704e+01
-3.944065382990851276e+01 -1.087912829874930587e+01 1.774554336988757441e+01 -1.087912829874930587e+01 -8.395055168561297876e+01 1.072128693460100912e+01 1.774554336988757441e+01 1.072128693460100912e+01 -5.220023413683301783e+01
3.409298019702761451e+01 1.161207013239222485e+00 1.813754307328197424e+00 1.161207013239222485e+00 2.036207397508142947e+01 2.006957883456352842e+00 1.813754307328197424e+00 2.006957883456352842e+00 3.877628957105750374e+01
2.228078395047800342e+01 1.955384542512659474e+00 1.417421968801456522e+01 1.955384542512659474e+00 -3.672923499172609496e+01 -9.638682583948694926e+00 1.417421968801456522e+01 -9.638682583948694926e+00 -7.495522054143199941e-01
-8.539905521585726689e+00 2.258436986946078662e+01 3.626212326855377910e+01 2.258436986946078662e+01 -3.184991593570040891e+01 3.689568055233329424e+00 3.626212326855377910e+01 3.689568055233329424e+00 -3.849453307971326410e+01
1.821122783378274690e+01 -7.514851309114047417e+00 8.460695809646228582e+00 -7.514851309114047417e+00 3.031280296629236481e+00 3.324058819254885666e+00 8.460695809646228582e+00 3.324058819254885666e+00 1.763473018694364214e+01
6.697321718645347310e+00 1.461102691678854448e+01 1.960882242795414854e+01 1.461102691678854448e+01 -1.797434680028873544e+01 6.669065326637432456e+00 1.960882242795414854e+01 6.669065326637432456e+00 1.059632518305439319e+01
5.693364477271713575e+00 2.319226932530004248e+01 2.844322246056590231e+01 2.319226932530004248e+01 -2.550900043288046248e+01 -2.926314914284807145e+01 2.844322246056590231e+01 -2.926314914284807145e+01 -2.673355581069849762e+01
3.828966879691917846e+00 -1.083770066197207704e+01 3.951213820101295848e+00 -1.083770066197207704e+01 -5.249226182939682417e+01 -1.013539755413603949e+01 3.951213820101295848e+00 -1.013539755413603949e+01 3.573133227295109737e+00
-3.282876881484372689e+01 1.684948235588674947e+01 7.628046740612604459e+00 1.684948235588674947e+01 -4.848554095371321893e+01 -3.110932202794113532e+00 7.628046740612604459e+00 -3.110932202794113532e+00 -5.959730560669109423e+01
2.910288037478006729e+01 9.467516926823494217e+00 6.045852085982098778e+00 9.467516926823494217e+00 1.190260355646277013e+01 -9.304221024943162277e+00 6.045852085982098778e+00 -9.304221024943162277e+00 6.017975675803045732e+01
6.179498087378572535e+00 -2.807012842865852953e+00 -3.650460284772564457e+00 -2.807012842865852953e+00 -1.334140672058575916e+01 1.877676157209819952e+00 -3.650460284772564457e+00 1.877676157209819952e+00 1.230428991667704608e+01
-3.462744587250963235e+01 -1.952750361089686848e+01 1.080994865684570705e+01 -1.952750361089686848e+01 -2.702722159537046664e+01 6.122770083645551864e+00 1.080994865684570705e+01 6.122770083645551864e+00 -3.266233935587417392e+01
2.980676195003141871e+01 -4.594533751766800123e+00 8.266692275474968099e+00 -4.594533751766800123e+00 -2.403943143441074071e+00 1.498009124144949133e+00 8.266692275474968099e+00 1.498009124144949133e+00 2.362600279991359997e+01
1.823074589370684961e+01 -2.152836953426657818e+00 5.959448898379381632e+00 -2.152836953426657818e+00 9.531823028661653652e+00 5.140132520281169626e+00 5.959448898379381632e+00 5.140132520281169626e+00 2.659262941688304238e+01
-2.954286479875178983e+01 1.251759729890573603e+01 1.196917856155372206e+01 1.251759729890573603e+01 -6.621031111891625187e+01 -2.056020914963265867e+01 1.196917856155372206e+01 -2.056020914963265867e+01 -3.908873848766867098e+01
4.640736897535547634e+00 -4.392316370266671766e-02 -1.084770101497226191e+00 -4.392316370266671766e-02 -1.230371861066322481e+01 -1.276105187281373565e+00 -1.084770101497226191e+00 -1.276105187281373565e+00 1.172008616711986839e+01
-2.363548185997997564e+01 1.844687023257004199e+01 2.287667194653537450e+01 1.844687023257004199e+01 -3.848253032144811669e+01 1.407679885349005389e+01 2.287667194653537450e+01 1.407679885349005389e+01 -3.483487333642989370e+01
3.229126365583664438e+01 8.385818553879472503e+00 2.077714498416433031e+01 8.385818553879472503e+00 -3.599004271257103760e+00 -1.235769960975579984e+01 2.077714498416433031e+01 -1.235769960975579984e+01 2.308282920959598172e+01
1.413038336835497955e+00 -2.540567444226048632e+00 -2.219750977244338674e+00 -2.540567444226048632e+00 -1.261091243123026651e+01 -1.153976292851685459e+00 -2.219750977244338674e+00 -1.153976292851685459e+00 1.749119847725074095e+01
-1.826202100674416684e+01 -4.351319918289669353e+00 3.574398730203889585e+01 -4.351319918289669353e+00 -3.997237192825591734e+01 1.472926154985282121e+00 3.574398730203889585e+01 1.472926154985282121e+00 -2.035526257181399501e+01
3.643297099256462701e+01 -4.696088379923698319e+00 8.356422969000746548e+00 -4.696088379923698319e+00 1.786770344464535043e+01 -3.774400893951196378e-01 8.356422969000746548e+00 -3.774400893951196378e-01 4.782005218526032309e+01
1.273091282776395161e-01 -1.214343473612443214e+00 2.612053007697033635e+01 -1.214343473612443214e+00 -6.549442481252704340e+01 2.685617492466404688e+00 2.612053007697033635e+01 2.685617492466404688e+00 -2.478505402926586854e+01
2.101568280975106617e+00 3.562945647940477745e+00 2.403949280976758018e+01 3.562945647940477745e+00 -2.070812798305112779e+01 -6.740786717942000017e+00 2.403949280976758018e+01 -6.740786717942000017e+00 -8.207790650266373333e+00
-3.887820783580247053e+01 -3.733539903941907934e+00 1.927793704155531529e+01 -3.733539903941907934e+00 -1.508950332061464472e+01 8.752165060378473527e+00 1.927793704155531529e+01 8.752165060378473527e+00 -1.598319432028339548e+01
-2.615304237855141167e+01 1.213888429731338192e+01 4.540556685392472147e+00 1.213888429731338192e+01 -4.079053293520097156e+01 -4.947299999601326270e+00 4.540556685392472147e+00 -4.947299999601326270e+00 -1.469410116091504293e+01
3.077753039799007606e+00 1.073333262832364854e+00 8.716378494341926242e+00 1.073333262832364854e+00 -3.214253450787870037e+01 -6.761516607885402763e+00 8.716378494341926242e+00 -6.761516607885402763e+00 -9.641104955361262441e+00
-6.615390589255186526e+00 6.874517186219722298e+00 2.138963944079139523e+01 6.874517186219722298e+00 -2.480241918037277227e+00 -9.051318421522243085e+00 2.138963944079139523e+01 -9.051318421522243085e+00 -2.737794538815240930e+00
2.065910155144833382e+01 -5.657245231147811637e+00 1.436548471568042906e+01 -5.657245231147811637e+00 1.284546257776082889e+01 7.594334222857425765e+00 1.436548471568042906e+01 7.594334222857425765e+00 1.987890634644848475e+01
-1.873031444786689548e+01 -8.741902302896152888e-01 8.492774615117324899e+00 -8.741902302896152888e-01 -2.834552837619304100e+01 -8.961351870785508211e+00 8.492774615117324899e+00 -8.961351870785508211e+00 -1.431332296143862060e+01
-3.125124238160718448e+01 3.069595153450006553e+00 -3.946278541753400049e+01 3.069595153450006553e+00 1.142000273062248361e+01 6.569420337492031692e+00 -3.946278541753400049e+01 6.569420337492031692e+00 -3.026826845379099407e+00
4.382479649059476401e+00 -2.453130618131712026e+01 5.316168076682041033e+01 -2.453130618131712026e+01 3.826080814105522876e+01 -1.162160897678063165e+01 5.316168076682041033e+01 -1.162160897678063165e+01 5.182105029740942115e+00
7.326315393355972105e+01 -5.674159247271036932e+00 9.278712735361489550e+00 -5.674159247271036932e+00 5.410144779499671586e+01 2.039694335689592108e+01 9.278712735361489550e+00 2.039694335689592108e+01 2.506592344505832770e+01
2.872943326904809247e+00 1.770120129122943614e-02 -4.105883139956634231e+00 1.770120129122943614e-02 -2.383142847451972912e+01 -7.302526885819154989e-01 -4.105883139956634231e+00 -7.302526885819154989e-01 1.532291135738988963e+01
-9.143657419853916224e+00 -7.977394028952056182e+00 1.302850983010820229e+01 -7.977394028952056182e+00 -3.388968229959387202e+01 2.026224538664261221e+00 1.302850983010820229e+01 2.026224538664261221e+00 9.684034178610296806e-01
-2.289910081523967023e+00 -1.951481802980151503e+00 -1.031858396264225819e+00 -1.951481802980151503e+00 -2.486670230299444739e+01 4.968082592454626578e+00 -1.031858396264225819e+00 4.968082592454626578e+00 9.050710120139726200e+00
7.767216616093878256e-01 -3.188744798444411721e+00 1.337060667782464307e+01 -3.188744798444411721e+00 -1.282348043645784053e+01 1.070792418781756261e+01 1.337060667782464307e+01 1.070792418781756261e+01 3.996417693000026805e+00
2.888036296949199055e+00 -1.083778592087538684e+00 -3.429251431891613855e+00 -1.083778592087538684e+00 -1.400968246518459814e+01 1.026939475811670777e+00 -3.429251431891613855e+00 1.026939475811670777e+00 8.160926222597147728e+00
-1.646379748388880415e+01 -1.180605002395627423e+01 1.746266120896510898e+01 -1.180605002395627423e+01 -4.967096807953564763e+01 -1.028792659347265648e+01 1.746266120896510898e+01 -1.028792659347265648e+01 -1.638109270568936182e+01
