-8.987296567138225001e+00 1.628920532500726326e+00 -6.892584878307621565e+00 1.628920532500726326e+00 -1.175609524419925656e+01 5.436565216766730657e+00 -6.892584878307621565e+00 5.436565216766730657e+00 -2.225191837503184900e+01
-1.124379363187567593e+00 -6.756121931266465097e+00 7.946469216629488130e+00 -6.756121931266465097e+00 4.055219163098882085e-01 -3.236791016373311347e+00 7.946469216629488130e+00 -3.236791016373311347e+00 -3.453999094681867277e+00
2.658661581927871254e+01 5.464691149207709930e-01 -5.284636454357624302e+00 5.464691149207709930e-01 4.557466229801147506e+01 -8.728190780734556009e-01 -5.284636454357624302e+00 -8.728190780734556009e-01 2.902614544083930781e+01
-1.367155583695388543e+01 -2.840499177332505454e+00 -9.263935722182134569e+00 -2.840499177332505454e+00 -7.505444153585154154e+00 5.984992418195103525e+00 -9.263935722182134569e+00 5.984992418195103525e+00 -1.740496456678193127e+01
2.685652375987212537e+01 2.283521869519223202e+00 7.724499515796646953e+00 2.283521869519223202e+00 4.014906845401583269e+01 1.323735830898646659e+00 7.724499515796646953e+00 1.323735830898646659e+00 4.402085807577424248e+01
-3.167904627118928573e+01 4.286247551828267888e+00 -1.952089889790119548e+00 4.286247551828267888e+00 -2.343209436264109868e+01 -3.749029512661090635e+00 -1.952089889790119548e+00 -3.749029512661090635e+00 -3.716559913499988710e+01
3.686335571368113762e+01 -7.573417449360819731e+00 -1.468668248393530362e+01 -7.573417449360819731e+00 3.627373504055056941e+01 -9.723869769819540210e+00 -1.468668248393530362e+01 -9.723869769819540210e+00 4.160154717307825223e+01
-1.447968049779525224e+01 2.152418358194618797e+00 -7.862273391697459424e+00 2.152418358194618797e+00 1.230651735492596988e+00 -1.187413124173464229e+00 -7.862273391697459424e+00 -1.187413124173464229e+00 -4.755544761034760093e+00
1.626295195037372565e+01 -3.731719968081758321e+00 -2.270713886748292776e+00 -3.731719968081758321e+00 2.468308364462255611e+01 -6.765557354966737158e+00 -2.270713886748292776e+00 -6.765557354966737158e+00 2.026405833823923075e+01
-3.296228273904977613e+01 -4.143761272454685063e+00 3.409061191353449427e+00 -4.143761272454685063e+00 -3.725563191707859545e+01 -8.947653494017737685e+00 3.409061191353449427e+00 -8.947653494017737685e+00 -1.975564553125913037e+01
-1.800884060218868266e+00 -8.904919558152846193e+00 6.987863480333147415e+00 -8.904919558152846193e+00 -3.248453719303039389e+00 1.264203903871985091e+01 6.987863480333147415e+00 1.264203903871985091e+01 6.350097650761100887e+00
-1.361104067813210783e+01 1.084908629498605492e+01 3.751755078338593341e-01 1.084908629498605492e+01 1.147633198035334257e+00 -1.290598476850406628e+00 3.751755078338593341e-01 -1.290598476850406628e+00 -2.187509532963781211e+01
8.445759161483494815e-01 6.073013045101387952e+00 -1.644420107633227657e+00 6.073013045101387952e+00 -3.215931516499316078e+00 4.700691328198696617e+00 -1.644420107633227657e+00 4.700691328198696617e+00 9.484772110324626304e-01
-2.895336800601013394e+01 -2.248835809977273392e+00 1.209821269035307090e+01 -2.248835809977273392e+00 -6.758918735044558446e+01 2.924021169452498903e+00 1.209821269035307090e+01 2.924021169452498903e+00 -1.689685252310579244e+01
2.156782170498421181e+01 -6.263980281680775475e-01 -7.244238898062399734e+00 -6.263980281680775475e-01 -6.033276752590897907e+00 -1.006428463079846480e+01 -7.244238898062399734e+00 -1.006428463079846480e+01 3.573390004317371194e+01
7.024778979615803109e+00 -5.427741278839807393e+00 -4.103076879262546051e+00 -5.427741278839807393e+00 2.324152286502383813e+00 1.881019048850273379e+00 -4.103076879262546051e+00 1.881019048850273379e+00 1.509441275996694820e+01
-2.119503618934885480e+01 -1.472901285564317986e+00 3.788257233021183445e+00 -1.472901285564317986e+00 -2.373395656734406245e+01 8.953281497172145276e-01 3.788257233021183445e+00 8.953281497172145276e-01 -3.399643435567826089e+01
2.439641873828850294e+01 3.207939056426098445e-01 2.108918520440473454e+00 3.207939056426098445e-01 2.120784416501805225e+01 -3.468498409999632326e+00 2.108918520440473454e+00 -3.468498409999632326e+00 1.448232344114827619e+01
-3.450005451821805025e+01 1.948812614070311922e+00 5.047913506918479953e+00 1.948812614070311922e+00 -3.349727516034237595e+01 5.530730072144628195e+00 5.047913506918479953e+00 5.530730072144628195e+00 -3.389736014294667399e+01
-1.859678039106618996e+01 5.442881118470198842e+00 1.383392488902601336e+01 5.442881118470198842e+00 -1.697070462591318218e+01 -5.043213143844416990e+00 1.383392488902601336e+01 -5.043213143844416990e+00 -3.335605284990359820e+01
-2.356328273994222045e+01 -3.764297956055630223e+00 -1.234835554023493565e+01 -3.764297956055630223e+00 -2.712103879022552988e+01 -6.357572431322915385e-01 -1.234835554023493565e+01 -6.357572431322915385e-01 -2.999079167153423242e+01
1.295077698880162842e+01 -5.030076523540370381e+00 -1.057043036939341896e+01 -5.030076523540370381e+00 1.634767902861029754e+01 -6.643199147830846307e+00 -1.057043036939341896e+01 -6.643199147830846307e+00 2.565167910373247651e+00
-7.651889251232057987e+00 -3.444657158346399850e+00 -2.231775257750228558e+00 -3.444657158346399850e+00 -5.760099575494578517e+00 -6.484065848258158127e+00 -2.231775257750228558e+00 -6.484065848258158127e+00 -2.438090771943979007e+01
1.604845751156905820e+01 8.533782504436416838e-01 2.451284461304580109e+00 8.533782504436416838e-01 1.793042419981139801e+01 4.311440974727148046e+00 2.451284461304580109e+00 4.311440974727148046e+00 2.216784965177493305e+01
1.481028170205654781e+01 1.924420319881727126e+00 -9.531341579035663703e-01 1.924420319881727126e+00 1.479752443075633295e+01 4.665018194652879480e+00 -9.531341579035663703e-01 4.665018194652879480e+00 1.647880695564775166e+01
-2.019412108314302401e+00 -1.384560632573259831e+01 1.362616464241010572e+00 -1.384560632573259831e+01 -5.120923786756102203e+01 -2.186482163195911266e+00 1.362616464241010572e+00 -2.186482163195911266e+00 6.546193977045895451e+00
-3.570321802854947180e+01 1.522831052966440168e+01 7.465376838329214948e+00 1.522831052966440168e+01 -1.506651448056144815e+01 -7.982192482716626181e+00 7.465376838329214948e+00 -7.982192482716626181e+00 -3.046974196812724145e+01
4.161441599940550162e+01 9.690259036047686791e+00 -2.907187939819186329e-01 9.690259036047686791e+00 2.569097890777067406e+00 -3.856293693134635436e+00 -2.907187939819186329e-01 -3.856293693134635436e+00 4.361059523518847669e+01
1.623892161423001568e+01 2.707981093175588772e+00 -1.114841706513091424e+01 2.707981093175588772e+00 -2.654622498594665814e+01 8.897367784386956302e+00 -1.114841706513091424e+01 8.897367784386956302e+00 2.735349758975348777e+01
-1.038458797929576072e+01 -1.175204954981670102e+00 -4.036291071495975658e+00 -1.175204954981670102e+00 -1.209865204706379416e+01 -1.486759479089870273e-01 -4.036291071495975658e+00 -1.486759479089870273e-01 6.612060004618270703e+00
2.010210555447337910e+01 -7.060344723181597004e+00 -9.374376427978942772e+00 -7.060344723181597004e+00 7.136542890897677793e+00 6.674345971310062353e+00 -9.374376427978942772e+00 6.674345971310062353e+00 2.170791037307109050e+01
-2.221672108719277006e+01 8.882240300472100003e+00 5.487146150250944210e+00 8.882240300472100003e+00 -3.735668692819811554e+01 -1.428692565927912606e+00 5.487146150250944210e+00 -1.428692565927912606e+00 -1.816085094238465203e+01
-5.508988392865341588e-01 1.552371152510704455e+00 5.020633607224274098e-01 1.552371152510704455e+00 -1.807111963510264729e+01 1.745826113443143424e+00 5.020633607224274098e-01 1.745826113443143424e+00 3.949759432378650459e+00
2.849135666654872168e+01 8.011076584355384611e+00 1.416808473339088881e+00 8.011076584355384611e+00 2.774808566931228171e+01 -3.015579944723078221e+00 1.416808473339088881e+00 -3.015579944723078221e+00 2.705463867062104910e+01
5.968980926640776374e+01 7.858830500038448186e+00 2.881664782954285187e+00 7.858830500038448186e+00 5.074326082567007035e+01 1.222163621270935030e+00 2.881664782954285187e+00 1.222163621270935030e+00 5.985343418290865714e+01
3.687613775088496482e+01 -1.471125784393091940e-01 1.368804999741772166e+00 -1.471125784393091940e-01 6.250032024702333322e-01 2.293835404918083576e+00 1.368804999741772166e+00 2.293835404918083576e+00 4.096051862783846786e+01
5.851180762129780888e+00 -9.601944506437977367e+00 -2.134596814692451439e+00 -9.601944506437977367e+00 -5.043034066454110231e+00 8.612107424970425029e+00 -2.134596814692451439e+00 8.612107424970425029e+00 2.367927147649851705e+01
-7.550324960583549405e+00 5.499150668893490135e+00 -8.286384240953758251e+00 5.499150668893490135e+00 4.827928090558719632e+00 4.421974771136489402e+00 -8.286384240953758251e+00 4.421974771136489402e+00 -1.150815609273388596e+01
2.462062616191199993e+01 4.089396207854657739e+00 2.549682566297917230e+00 4.089396207854657739e+00 1.784323380847046892e+01 2.743989042296346881e+00 2.549682566297917230e+00 2.743989042296346881e+00 1.423676537887019755e+01
1.287902430427923051e+01 -8.260511550995152774e+00 -2.907845434836241694e+00 -8.260511550995152774e+00 -1.160828914067437712e+00 -6.052194542695736423e+00 -2.907845434836241694e+00 -6.052194542695736423e+00 7.025371659645843536e+00
-2.156543078238007993e+01 1.731451381030390424e+00 8.767989467193628705e-01 1.731451381030390424e+00 -2.223137307539431973e+01 1.288352958450331087e+01 8.767989467193628705e-01 1.288352958450331087e+01 -2.880023727713072290e+01
-1.977599509277551348e+01 -5.071236932697827271e+00 -6.808246817039809606e+00 -5.071236932697827271e+00 -1.835609652467453756e+01 -1.218274370700573606e+01 -6.808246817039809606e+00 -1.218274370700573606e+01 -3.237349512976138044e+01
-1.491935395767859873e+01 -5.512538927304934333e+00 2.343949547728985949e-01 -5.512538927304934333e+00 -1.945433643374770583e+01 5.952578422493383314e+00 2.343949547728985949e-01 5.952578422493383314e+00 -2.360282635531749662e+01
-3.457073937234539329e+01 5.415894331046583687e+00 -1.265631875897405401e+01 5.415894331046583687e+00 -4.677720133934418811e+01 -5.574173699436331120e+00 -1.265631875897405401e+01 -5.574173699436331120e+00 -1.617493529157340859e+01
-1.501186300040254018e+01 9.555742345924976178e+00 2.669084764082723105e+00 9.555742345924976178e+00 9.026530604733932206e-01 2.775149620987376053e+00 2.669084764082723105e+00 2.775149620987376053e+00 -1.704427151510064320e+01
-3.259535594782101953e+01 1.150313036092158514e+00 7.070282380577081582e+00 1.150313036092158514e+00 6.839547366171583320e-01 -1.099112180477434420e+00 7.070282380577081582e+00 -1.099112180477434420e+00 -1.326971826247875974e+01
-1.497285201951992839e+01 1.977780541250345525e+00 2.755506063002296280e+00 1.977780541250345525e+00 -8.716559223538570933e+00 1.922421335498324807e-02 2.755506063002296280e+00 1.922421335498324807e-02 -3.115152845147202498e+01
-2.356743485368541968e+01 1.815141104423788176e+00 -8.276098568588766136e-02 1.815141104423788176e+00 2.481269915201360712e-02 4.790509842510503269e+00 -8.276098568588766136e-02 4.790509842510503269e+00 -2.794893925271674107e+01
3.887616803736399618e+01 -5.454731430250979507e+00 -5.785160273227619498e+00 -5.454731430250979507e+00 5.075563357370236162e+01 -7.386118739481014606e-01 -5.785160273227619498e+00 -7.386118739481014606e-01 4.626695626108491410e+01
1.673191728507561393e+01 -4.720348336252073729e+00 1.067526781328646646e+00 -4.720348336252073729e+00 2.296416922601980559e+01 -1.469791524850757973e-02 1.067526781328646646e+00 -1.469791524850757973e-02 2.058952889679337517e+01
