-2.635036542234213996e+01 -1.212426353336247331e+01 1.734098613622808571e+01 -1.212426353336247331e+01 -5.561266285297816125e+01 -3.862468003140137607e-02 1.734098613622808571e+01 -3.862468003140137607e-02 -2.406832915882446855e+01
-1.366371093057887620e+00 9.190083783574529264e+00 6.456700655794631594e+00 9.190083783574529264e+00 -1.387936595027158049e+01 -1.743339476125036258e+00 6.456700655794631594e+00 -1.743339476125036258e+00 4.230054747782377333e+00
-1.604148134892940192e+01 -4.184702393545361332e+00 5.183948640972324995e+00 -4.184702393545361332e+00 -4.921844330741431150e+01 -1.543207418512796192e+00 5.183948640972324995e+00 -1.543207418512796192e+00 -5.730416815811375741e+00
5.498072851515765969e+00 3.545671476789947985e+00 5.263811284673179935e-01 3.545671476789947985e+00 -3.228771800759806077e+00 -1.785052483350196617e+00 5.263811284673179935e-01 -1.785052483350196617e+00 1.721408689089836841e+01
4.984712752778847289e+00 -5.461220436693602132e+00 2.073364469890308204e+00 -5.461220436693602132e+00 -9.504631255299671011e+00 -1.004927340309432537e+00 2.073364469890308204e+00 -1.004927340309432537e+00 2.711254509899595178e+01
-3.471115909288359802e+01 6.646190892868939493e+00 2.229276814012657759e+00 6.646190892868939493e+00 -5.301308936468482358e+01 3.607280606101126885e+00 2.229276814012657759e+00 3.607280606101126885e+00 -2.217004799046367225e+01
-9.628107463667230803e+00 1.779020488372405140e+01 1.822417480005714552e+01 1.779020488372405140e+01 -2.284853314865390672e+01 -1.080342058066318556e+00 1.822417480005714552e+01 -1.080342058066318556e+00 3.877289453313629841e-01
-2.607332356966601594e+01 -1.306759338028318673e+01 3.212175605827627844e+00 -1.306759338028318673e+01 -4.245902357892767753e+01 5.522258914457914614e+00 3.212175605827627844e+00 5.522258914457914614e+00 -1.775617667851821224e+01
-8.537143392269912923e+00 1.226801547538556392e+01 -3.986820208728256265e+00 1.226801547538556392e+01 -4.106762546839603800e+01 -1.928601403722067231e-01 -3.986820208728256265e+00 -1.928601403722067231e-01 2.296886084293745967e+00
3.136202190154505587e+01 -9.312135472139281944e+00 8.290856990246803448e+00 -9.312135472139281944e+00 8.254502906273127882e-01 5.635870781934266383e+00 8.290856990246803448e+00 5.635870781934266383e+00 4.160514115793399270e+01
1.371029058918408516e+01 1.652422020711877337e+01 1.452481678379395191e+01 1.652422020711877337e+01 -1.123785215949173022e+01 -7.217145611440679842e-02 1.452481678379395191e+01 -7.217145611440679842e-02 -1.160403147521151190e+01
-2.270528394397581806e+01 -1.587206237341259429e+00 1.186013678809533367e+01 -1.587206237341259429e+00 -4.619036711193402311e+01 9.764837181712415770e+00 1.186013678809533367e+01 9.764837181712415770e+00 -2.303807193996899016e+01
-1.788007436151454854e+01 -2.280411051235749831e+00 1.412229333267125853e+00 -2.280411051235749831e+00 -2.080608167483331172e+01 -5.416288035077457153e+00 1.412229333267125853e+00 -5.416288035077457153e+00 -2.029812379726959648e+01
1.368792891223546349e+01 -9.538330331174726950e+00 7.101653609953481272e+00 -9.538330331174726950e+00 9.794119469579390724e+00 -2.042323426036354750e+00 7.101653609953481272e+00 -2.042323426036354750e+00 2.308349468283036998e+01
1.046992125849174293e+01 -9.810922913080826646e+00 7.795153335336921785e-01 -9.810922913080826646e+00 -1.123160072508100127e+00 3.020073121537074634e+00 7.795153335336921785e-01 3.020073121537074634e+00 3.138964125892253065e+01
-5.253947618089541471e+00 7.776302575561500952e+00 4.774568781440107212e-01 7.776302575561500952e+00 -2.663081782334884196e+01 -2.973291731371925817e+00 4.774568781440107212e-01 -2.973291731371925817e+00 -1.957250925219002013e+01
-3.422804843845021594e+01 6.683461535726168412e-01 7.275833077957174488e+00 6.683461535726168412e-01 -6.259480935169103333e+01 -7.277807111614171376e+00 7.275833077957174488e+00 -7.277807111614171376e+00 -3.426503405046236139e+01
3.623965494078827021e+01 1.754143541086890323e+01 -6.585135415424995919e+00 1.754143541086890323e+01 1.170375193193300056e+01 -1.135998232534236507e+01 -6.585135415424995919e+00 -1.135998232534236507e+01 3.183701975288973429e+01
5.104370344590777364e+01 1.154257756640856281e+00 2.640154739946706997e+01 1.154257756640856281e+00 3.893934272134452357e+01 2.800709075487003652e+00 2.640154739946706997e+01 2.800709075487003652e+00 5.606762983659290711e+01
1.932856499429075781e+00 2.640439940599393687e+00 5.861349966040390491e+00 2.640439940599393687e+00 1.518431351815297647e+00 -7.482290940508453225e+00 5.861349966040390491e+00 -7.482290940508453225e+00 2.125825256130715601e+01
-4.062697076266045570e+01 1.616747324310205158e+01 8.145750581375276411e+00 1.616747324310205158e+01 -6.551458457677816227e+01 -9.888559810896730973e-01 8.145750581375276411e+00 -9.888559810896730973e-01 -1.498329438174960337e+01
-3.771357870768182963e+00 -6.528797463003963131e+00 9.956953623811326537e+00 -6.528797463003963131e+00 -6.237318033200985212e+00 -8.824561723186658213e+00 9.956953623811326537e+00 -8.824561723186658213e+00 -7.916082823350369502e+00
1.405179878103314728e+01 -1.262890706213262781e+01 1.041933405852233285e+01 -1.262890706213262781e+01 -1.817325350356433944e+01 -6.394000882518089846e+00 1.041933405852233285e+01 -6.394000882518089846e+00 1.901937933951545645e+01
-2.410518222629597318e+01 -6.645659657594160663e+00 7.529313487089914325e+00 -6.645659657594160663e+00 -5.418910614798693359e+01 8.484471938425224735e+00 7.529313487089914325e+00 8.484471938425224735e+00 -2.312158366376921848e+01
-4.015928478061128004e+01 1.318638875156495915e+00 4.493606042512658938e+00 1.318638875156495915e+00 -5.521606356974903207e+01 5.053651929795875297e+00 4.493606042512658938e+00 5.053651929795875297e+00 -3.904902214382279624e+01
-4.659973290389890721e+00 1.448270157273843317e+01 1.511844679635554733e+01 1.448270157273843317e+01 -1.214335804705430633e+01 4.716782403429712112e+00 1.511844679635554733e+01 4.716782403429712112e+00 -1.924176052540708426e+01
-2.143543334955819191e+01 1.307631059362925185e+01 8.454656695781814335e+00 1.307631059362925185e+01 -5.527807416926099648e+01 -1.238265630693550534e+01 8.454656695781814335e+00 -1.238265630693550534e+01 -3.175681397955096230e+01
2.542764081165587164e+00 -1.647997701772686341e+00 8.236359771877053149e+00 -1.647997701772686341e+00 5.698920701200353101e+00 7.609812166773228803e+00 8.236359771877053149e+00 7.609812166773228803e+00 -2.585922432305364227e-01
1.061041157084856223e+01 2.071187821588675426e+00 2.549377460555502850e+00 2.071187821588675426e+00 7.311335161048807763e+00 -6.440535504747519902e-01 2.549377460555502850e+00 -6.440535504747519902e-01 1.902799801943338665e+01
7.744111829771031630e+00 1.543057177870237950e+01 3.338621520353116523e+01 1.543057177870237950e+01 -1.153472849961553948e+01 9.717075890374287539e+00 3.338621520353116523e+01 9.717075890374287539e+00 -1.712240310299969082e+01
-7.175503905670366223e+00 -1.273570341222411084e+00 9.722847101472529729e+00 -1.273570341222411084e+00 -2.217125638582782443e+01 9.225951648755055245e+00 9.722847101472529729e+00 9.225951648755055245e+00 -1.534363426497096938e+01
2.311805035638585082e+01 1.847178925565240348e+01 2.056480627352399537e+01 1.847178925565240348e+01 1.239978069574694253e+00 -1.663996646066194529e+01 2.056480627352399537e+01 -1.663996646066194529e+01 3.163195631531654328e+01
-1.755447398692088967e+01 6.055132699192562029e+00 1.505677411442714053e+00 6.055132699192562029e+00 -5.745519533231821185e+01 2.671685096486307032e+00 1.505677411442714053e+00 2.671685096486307032e+00 -1.737943148944719240e+01
2.269106718022992464e+00 -1.083829246229911059e+00 8.812441928678703462e+00 -1.083829246229911059e+00 -7.059939796591652161e+00 -5.303943408485840116e+00 8.812441928678703462e+00 -5.303943408485840116e+00 8.457290625975131704e+00
8.613830137652326968e+00 1.959972723821195473e+01 6.489597626123890350e+00 1.959972723821195473e+01 -5.939117605444740100e+00 8.011958175883222566e+00 6.489597626123890350e+00 8.011958175883222566e+00 5.649083509729799779e+00
4.264803533563868854e+01 5.166192787719632307e+00 8.388864175746032714e+00 5.166192787719632307e+00 4.086555321842296706e+01 2.337341528073197505e+00 8.388864175746032714e+00 2.337341528073197505e+00 3.255447749442546268e+01
-8.973477003994634771e+00 -8.673635390163955350e+00 2.675914348610800531e+01 -8.673635390163955350e+00 -4.036255301025543218e+01 -5.501913788746917611e+00 2.675914348610800531e+01 -5.501913788746917611e+00 -8.595163588173221569e+00
4.325201775045755426e+01 8.946828854587842272e+00 7.500458671592107329e+00 8.946828854587842272e+00 3.390880196393342771e+01 -6.859787412588364219e+00 7.500458671592107329e+00 -6.859787412588364219e+00 2.452800609881514049e+01
8.867160047586676086e+00 -2.838983454702955100e+00 1.242680814775759757e+01 -2.838983454702955100e+00 -1.910000689976234156e+01 4.507175797643100168e+00 1.242680814775759757e+01 4.507175797643100168e+00 2.978632222779992844e+00
-1.716917456016554766e+01 -9.174202346297681832e-01 1.805674464865832363e+01 -9.174202346297681832e-01 -3.906536055861753454e+01 -4.916283368075758275e+00 1.805674464865832363e+01 -4.916283368075758275e+00 -3.139597132752337671e+01
-1.589524099301718785e+01 9.301944701508799707e-01 5.421628021462272962e+00 9.301944701508799707e-01 -3.398092935095830569e+01 7.284491934027716553e+00 5.421628021462272962e+00 7.284491934027716553e+00 -1.183901491385582094e+00
4.475482176433316539e+01 6.623361770954202754e+00 1.082238322450691470e+01 6.623361770954202754e+00 3.134765960073629643e+01 6.324331249844473923e+00 1.082238322450691470e+01 6.324331249844473923e+00 4.410600500167931415e+01
-1.101468668622233160e+01 7.582999291962150501e+00 4.465599401057724016e+00 7.582999291962150501e+00 -3.322208897102727576e+01 -1.205965030009505590e+01 4.465599401057724016e+00 -1.205965030009505590e+01 -1.878765775625503398e+00
1.835432324705673324e+01 -8.045981044386929071e+00 -2.908957097861255559e+00 -8.045981044386929071e+00 9.850747308582643580e-01 -4.270868685142832355e+00 -2.908957097861255559e+00 -4.270868685142832355e+00 -7.637296870919338510e+00
-1.497971661472779381e+01 9.341599253644883305e+00 3.219824837017081887e+00 9.341599253644883305e+00 -3.351429266027172815e+01 -4.245305330380571895e+00 3.219824837017081887e+00 -4.245305330380571895e+00 -4.589847124072876206e+00
3.149840402375202331e+01 -9.887386590599859915e+00 1.223582131086637048e+01 -9.887386590599859915e+00 1.591739661846142617e+01 1.263253128259608005e+01 1.223582131086637048e+01 1.263253128259608005e+01 3.600073777559621391e+01
4.075482851688794739e+01 -5.272592475470732509e+00 -1.156354405127198781e+00 -5.272592475470732509e+00 2.920078254894703207e+01 -7.137451405821617634e+00 -1.156354405127198781e+00 -7.137451405821617634e+00 4.504838069404768675e+01
7.231614815061299772e+00 7.681555796258836111e+00 8.626836472076693241e+00 7.681555796258836111e+00 -2.184894882955016016e+01 3.048812825942680327e+00 8.626836472076693241e+00 3.048812825942680327e+00 1.538640983830574882e+01
-2.571620472061615814e+01 -6.029729677316253422e+00 5.636794493239995596e+00 -6.029729677316253422e+00 -4.714799887835702208e+01 6.233598924508871875e+00 5.636794493239995596e+00 6.233598924508871875e+00 -3.346635569821551570e+01
3.086080136123265039e+00 -1.530711970239689190e+00 1.029510371413769931e+01 -1.530711970239689190e+00 -1.412912749531579060e+01 9.586779822890687530e-01 1.029510371413769931e+01 9.586779822890687530e-01 -7.870099521908223927e+00
