-7.090770572169864749e+01 -6.307132514746607299e+00 -1.183250476191182798e+01 -6.307132514746607299e+00 -3.253796007543765967e+01 2.006573241889370607e+01 -1.183250476191182798e+01 2.006573241889370607e+01 3.202038722261512049e+01
2.417046500519698427e+01 8.134421601871083540e-01 -1.189041539130879777e+01 8.134421601871083540e-01 1.839881599422412251e+01 -7.472343859339739325e+00 -1.189041539130879777e+01 -7.472343859339739325e+00 7.643288406766178156e+00
2.924276575679256140e+00 -5.812817489643548718e+00 1.335385329798474174e+01 -5.812817489643548718e+00 5.814258794199949065e+00 -3.297407872848178378e+00 1.335385329798474174e+01 -3.297407872848178378e+00 8.773438116900770467e+00
-3.036159773438489307e+00 -5.579418337456090171e+00 1.117070048107970415e+01 -5.579418337456090171e+00 9.266966287450266293e+00 -8.811884166127338602e+00 1.117070048107970415e+01 -8.811884166127338602e+00 -3.006507585880187605e+01
1.450378136374154181e+01 -3.374438329584897200e+00 -1.163905945408098574e+01 -3.374438329584897200e+00 -1.018902337108236722e+01 7.622997260437975875e+00 -1.163905945408098574e+01 7.622997260437975875e+00 -3.977409451077656399e+01
-4.224895745617290643e+00 1.071847264795573373e+01 -6.471703313927565482e+00 1.071847264795573373e+01 -7.409995962716579676e+00 -2.887856580986742028e+00 -6.471703313927565482e+00 -2.887856580986742028e+00 -1.177948455713353582e+01
1.747867889193194912e+01 1.542512188691622654e+01 1.986544676400506360e+00 1.542512188691622654e+01 2.828684068588319889e+01 -2.721060731264512089e+00 1.986544676400506360e+00 -2.721060731264512089e+00 -2.666868585763381105e+01
1.084024448936400198e+01 -1.726502833059958419e+01 8.050407863703272326e+00 -1.726502833059958419e+01 1.911713960793959899e+01 7.746362828460915395e+00 8.050407863703272326e+00 7.746362828460915395e+00 5.627639325467229447e+00
-2.145603498543880150e+01 1.009523519613299491e+01 -1.281466806053359608e+00 1.009523519613299491e+01 -1.880407251824136594e+01 -4.038066128217792539e+00 -1.281466806053359608e+00 -4.038066128217792539e+00 -6.398899678967020321e+01
4.199868353593871007e+01 1.126222243240422394e+01 -4.590747104720610317e+00 1.126222243240422394e+01 4.563723073026493182e+01 1.533996339366363060e+01 -4.590747104720610317e+00 1.533996339366363060e+01 3.608160435855840564e+00
9.416040436265030067e+00 1.240005859261893484e+01 2.616482072532000380e+00 1.240005859261893484e+01 2.090693267433804348e+00 -6.252112514961484457e+00 2.616482072532000380e+00 -6.252112514961484457e+00 -5.679285117931673454e+00
-1.840704787378697915e+01 -9.419950396286081329e+00 1.313917327746220032e+01 -9.419950396286081329e+00 -3.123333099062104523e+01 1.229251778714907761e+00 1.313917327746220032e+01 1.229251778714907761e+00 -4.421035496950472066e+01
2.163298752501910016e+01 7.911962345161829724e+00 -1.109087885139482133e+01 7.911962345161829724e+00 1.710274581809798988e+01 -9.170282747283612368e-01 -1.109087885139482133e+01 -9.170282747283612368e-01 -2.778407686194720450e-01
-5.026288085641731129e+01 -1.587327064592332171e+01 1.156225096375950123e+01 -1.587327064592332171e+01 -1.956609143403330009e+01 1.503766018181962494e+01 1.156225096375950123e+01 1.503766018181962494e+01 1.275641939674543934e+01
4.709344293210023835e+01 5.309193075283422658e+00 5.769511524183632112e+00 5.309193075283422658e+00 2.864675228710403943e+01 2.244831642300014085e+00 5.769511524183632112e+00 2.244831642300014085e+00 4.601873964385063687e+01
-5.413496698910726224e+01 1.134977018775673585e-01 -1.009669543379832746e+01 1.134977018775673585e-01 -3.869830514246685738e+01 -9.483047969520711717e+00 -1.009669543379832746e+01 -9.483047969520711717e+00 -4.327676587765095206e+01
2.313215211762048540e+01 8.709387183299035939e+00 -1.479362308861662001e+01 8.709387183299035939e+00 2.027603483533715689e+01 -2.304085244870335281e+00 -1.479362308861662001e+01 -2.304085244870335281e+00 -6.094454016354220016e+00
-1.352395305751889376e+00 1.541642199705297145e+01 1.723756874905733705e+00 1.541642199705297145e+01 8.465159431602883089e+00 -4.979436876532863376e-01 1.723756874905733705e+00 -4.979436876532863376e-01 -1.538889160519791588e+01
-1.981372300579501200e+01 2.244951945129091353e+00 5.464443979144347097e+00 2.244951945129091353e+00 -2.371971530205157208e+01 -2.333709294584850547e+00 5.464443979144347097e+00 -2.333709294584850547e+00 -1.707209084190661841e+01
-1.736774457387694426e+01 -1.128106899163012855e+01 -3.836215960964939331e+00 -1.128106899163012855e+01 -9.444516992375143971e+00 5.961589034831952461e+00 -3.836215960964939331e+00 5.961589034831952461e+00 -2.744748745657441091e+01
-6.339282990970326992e+00 2.413688949582952326e+00 -1.103355137749795745e+01 2.413688949582952326e+00 -8.767963305897970017e+00 -9.297502354419435733e+00 -1.103355137749795745e+01 -9.297502354419435733e+00 -1.948806278630880584e+01
-1.948338533320275445e+01 -1.292924994741301958e+00 7.630700027896645921e+00 -1.292924994741301958e+00 4.387526953916675687e+00 1.927668360548342674e+00 7.630700027896645921e+00 1.927668360548342674e+00 9.506197504829698275e+00
3.270665743814097226e+01 7.956207406868837317e+00 -1.102359489767657941e+01 7.956207406868837317e+00 3.861119119266784594e+01 2.092863981065831158e+00 -1.102359489767657941e+01 2.092863981065831158e+00 1.677401061655096370e+01
-1.303544834909197192e+01 5.148875707561805903e+00 -3.773604728489498683e+00 5.148875707561805903e+00 -3.621406641342701960e+01 9.550488823096893176e-01 -3.773604728489498683e+00 9.550488823096893176e-01 -4.112472798420357378e+01
-4.748326280937999577e+00 1.672744599213501271e+00 1.127871128141446810e+01 1.672744599213501271e+00 -6.820201026280689582e+00 1.067826090398753713e+01 1.127871128141446810e+01 1.067826090398753713e+01 -1.558890708389159840e+01
-3.076555155007454800e+01 -5.398467608438163312e-01 -3.604285132288015614e+00 -5.398467608438163312e-01 -1.416839316896039414e+01 1.301157037345098111e+01 -3.604285132288015614e+00 1.301157037345098111e+01 2.720449806636505130e+01
-1.194473289909731584e+01 -2.469421182289638139e+01 9.869877354835550065e+00 -2.469421182289638139e+01 -2.540145730440948255e-02 -1.402676536304191401e+01 9.869877354835550065e+00 -1.402676536304191401e+01 -3.923803063042235806e+00
6.965180249027421056e+00 1.478701054997957876e+01 1.960375072759521276e+00 1.478701054997957876e+01 2.915065141228336820e+00 1.193604406094404347e+01 1.960375072759521276e+00 1.193604406094404347e+01 -3.268205972765526468e+01
4.138018450550399763e+01 -5.971880810574600185e-01 -1.996766893459183123e-01 -5.971880810574600185e-01 4.613280907802480613e+01 -2.662108492787552017e+00 -1.996766893459183123e-01 -2.662108492787552017e+00 3.575031032069154691e+01
1.216194355590769760e+01 -2.225982677763022721e+00 7.452830505356308421e+00 -2.225982677763022721e+00 1.272434041423171003e+01 4.096695232044017310e+00 7.452830505356308421e+00 4.096695232044017310e+00 -1.662411290188483903e+01
1.206325168918434620e+01 3.575491285479017289e+00 8.272117221231651385e+00 3.575491285479017289e+00 3.565196588211207551e+00 2.794406159309798188e+00 8.272117221231651385e+00 2.794406159309798188e+00 5.342098621253133395e+00
5.392689315944045880e+00 7.480930316499049937e+00 -2.280488961112338231e+00 7.480930316499049937e+00 1.071170609801597529e+01 6.802806323491011220e+00 -2.280488961112338231e+00 6.802806323491011220e+00 -3.445186191584186730e+01
-7.321512732370892840e-01 1.007062142982903197e+01 -1.017432862102044666e+01 1.007062142982903197e+01 3.710122697894621346e+00 9.546036117383371433e+00 -1.017432862102044666e+01 9.546036117383371433e+00 -4.811649883101084768e+00
-3.317090729468242216e+01 -2.465870652652415451e+00 -9.834667364765795838e+00 -2.465870652652415451e+00 -8.578463491468161450e+00 -1.853260268430316060e+01 -9.834667364765795838e+00 -1.853260268430316060e+01 -2.939142733943344510e+01
4.118529490243464514e-02 -1.629316406409819251e+01 1.136665677380586104e+01 -1.629316406409819251e+01 2.990203669869507586e+00 -6.511762994154184803e+00 1.136665677380586104e+01 -6.511762994154184803e+00 -8.359968706172763220e+00
-2.267506070264986917e+01 5.673767804299108874e+00 -3.829268345469746482e+00 5.673767804299108874e+00 -2.040507489518898865e+01 -8.267693307920872314e+00 -3.829268345469746482e+00 -8.267693307920872314e+00 -4.163383014757623357e+01
1.337439139449979031e+01 4.621114157004768686e+00 -1.050836353972761827e+01 4.621114157004768686e+00 1.334039212085403037e+01 -2.263748710042699841e+01 -1.050836353972761827e+01 -2.263748710042699841e+01 -5.728991366812993036e+00
-2.600708985001778828e+01 5.250164539323272983e+00 -1.413251869994437371e+01 5.250164539323272983e+00 -2.913668995710860798e+01 -5.969656174772025592e-01 -1.413251869994437371e+01 -5.969656174772025592e-01 -1.779109931681752954e+01
4.297557619099289639e+01 6.964322034428022112e-01 -8.859773423275171922e+00 6.964322034428022112e-01 3.488490715789490793e+01 -4.347016118009380037e+00 -8.859773423275171922e+00 -4.347016118009380037e+00 -1.947918004390567503e+01
5.175909189304055502e+01 -2.734149590260624318e+00 -2.054609921816485940e+00 -2.734149590260624318e+00 4.666500581934569425e+01 -8.142759703719914199e+00 -2.054609921816485940e+00 -8.142759703719914199e+00 6.097986086358960733e+01
-2.394187235882078824e+00 -1.122753442022600368e+01 1.182396225845287807e+00 -1.122753442022600368e+01 1.035913273046798366e+01 1.452466696519236677e+01 1.182396225845287807e+00 1.452466696519236677e+01 -6.077609026655805025e+01
1.290636601920157389e+01 -1.277408519200700088e+00 -3.951072780013567431e+00 -1.277408519200700088e+00 4.129182182805686807e+01 9.759389423849597733e+00 -3.951072780013567431e+00 9.759389423849597733e+00 -1.765394702394895532e+01
4.792567352984784179e+01 -8.793152486011427627e+00 -1.944011906115065136e+00 -8.793152486011427627e+00 4.630304088272715290e+01 9.811273470172291455e-01 -1.944011906115065136e+00 9.811273470172291455e-01 8.935782229658968401e-01
-2.671839031236161688e+01 1.254481473680132275e+01 -9.188189282430937466e-01 1.254481473680132275e+01 -1.233695637370141363e+01 1.663248711644746436e+01 -9.188189282430937466e-01 1.663248711644746436e+01 -5.232524733217289992e+01
1.876345993688437375e+01 -8.487637975481231445e-01 9.781815688012684973e+00 -8.487637975481231445e-01 -1.851744863202868174e+01 -1.519213254326984242e+01 9.781815688012684973e+00 -1.519213254326984242e+01 -1.087072121841088723e+01
2.742453181881957391e+01 -1.423444869714815830e+01 -1.140415517721072725e+01 -1.423444869714815830e+01 2.772408030482017693e+01 -1.298718413169002517e+01 -1.140415517721072725e+01 -1.298718413169002517e+01 1.189807328699059497e+01
3.348675732210760003e+01 -1.382947775447525451e+01 -1.697464638367322254e-01 -1.382947775447525451e+01 5.062577597875134217e+01 1.559867948724208198e+01 -1.697464638367322254e-01 1.559867948724208198e+01 3.038220838682725855e+00
9.495857788597120930e+00 -8.495885400142766386e+00 -1.468366117072580579e+00 -8.495885400142766386e+00 1.123265456702496001e+00 1.657528280377501773e+00 -1.468366117072580579e+00 1.657528280377501773e+00 -3.183177737589250356e+01
-2.204681608085214606e+01 1.940440951451988694e+00 2.774410757750287004e+00 1.940440951451988694e+00 -2.242484524823306202e+01 1.666550244791419999e+01 2.774410757750287004e+00 1.666550244791419999e+01 -4.654774020313799276e+00
-6.538353948302635388e+00 -3.561238006325200267e+00 3.354715706195691372e+00 -3.561238006325200267e+00 -2.041161736272697169e+01 1.898304692421928763e+01 3.354715706195691372e+00 1.898304692421928763e+01 -3.277710235613093914e+01
1.141605898240799633e+01 -1.723114902325344033e+00 2.002410503858557345e+00 -1.723114902325344033e+00 3.032515938645615705e+01 2.210530472274807323e+01 2.002410503858557345e+00 2.210530472274807323e+01 1.906066465369379870e+01
-1.383140167116909325e+01 9.657030118819022846e+00 1.209668605476719616e+00 9.657030118819022846e+00 -6.200765648674613217e+00 5.995325530591636642e+00 1.209668605476719616e+00 5.995325530591636642e+00 -3.164143998949434433e+01
-2.098420392835465620e+01 -9.352810150439241355e+00 9.454305808374099840e+00 -9.352810150439241355e+00 -2.718304746485515011e+01 -4.686387960241244599e+00 9.454305808374099840e+00 -4.686387960241244599e+00 -9.829244146354307432e+00
4.405965809039193992e+00 -4.874835071427549238e+00 6.461382242846074320e+00 -4.874835071427549238e+00 1.283149496656623612e+01 1.709162740755828835e+01 6.461382242846074320e+00 1.709162740755828835e+01 -3.223393314948739885e+01
4.690141672078693347e+01 8.014029184387458926e+00 -3.200582348199825589e+01 8.014029184387458926e+00 3.531280754338421701e+01 5.821881322919445489e-01 -3.200582348199825589e+01 5.821881322919445489e-01 9.673003165724409769e+00
3.558475828132174712e+01 -9.380624834797867351e+00 -6.949581941830001774e+00 -9.380624834797867351e+00 5.459716141016709656e+01 2.582677556686721054e+00 -6.949581941830001774e+00 2.582677556686721054e+00 -1.176040046946200590e+01
4.385655955921139793e+01 5.174779353684847427e-01 -3.091904444354021120e+00 5.174779353684847427e-01 4.314161805236260250e+01 -1.209268136406543404e+00 -3.091904444354021120e+00 -1.209268136406543404e+00 1.067563774928538045e+01
-1.392397107777779031e+00 2.291677071322274628e+01 7.376759087796690151e-02 2.291677071322274628e+01 1.193096607167767775e+00 1.616086629534483876e+01 7.376759087796690151e-02 1.616086629534483876e+01 -1.817713899669362121e+01
8.752567200755271073e-03 7.965803916215184799e+00 6.157117925766427469e+00 7.965803916215184799e+00 1.134571092145708704e+01 -7.175845588851409218e+00 6.157117925766427469e+00 -7.175845588851409218e+00 -1.956049335294643976e+00
1.250902499682232261e+01 1.263602403679053943e+01 -4.415210552356020557e+00 1.263602403679053943e+01 1.432392103450655618e+01 -2.058350493461539088e+00 -4.415210552356020557e+00 -2.058350493461539088e+00 2.689269549942133963e+00
2.350151376709646911e+00 3.851448383127674013e+00 -8.799923173835555446e+00 3.851448383127674013e+00 -1.146143942053279741e+00 1.163068612114059164e+01 -8.799923173835555446e+00 1.163068612114059164e+01 4.688235083311685258e+00
-3.350929363554969598e+01 1.252564329153439360e+01 1.215763028323266326e+01 1.252564329153439360e+01 -2.075371930537142973e+01 4.556381948426833084e+00 1.215763028323266326e+01 4.556381948426833084e+00 -6.446662953750821146e+01
-3.674845731865431731e+00 1.592688399913903474e+01 -1.484717162812047597e+01 1.592688399913903474e+01 -7.258424696529936604e+00 -1.578002260013147584e+01 -1.484717162812047597e+01 -1.578002260013147584e+01 -4.394512227630603007e+01
4.545527265330752797e+00 -6.201740792842126204e+00 -5.480598615932731121e+00 -6.201740792842126204e+00 5.101719903834173842e+00 8.784860122613858957e-01 -5.480598615932731121e+00 8.784860122613858957e-01 1.796831643526155986e+01
-4.386411066555118055e+01 9.294452417327622840e+00 1.080906978950197583e+01 9.294452417327622840e+00 -3.902785261895031965e+01 -1.672505274696602040e+00 1.080906978950197583e+01 -1.672505274696602040e+00 -6.066167239349707074e+01
-6.584265508752394247e+00 1.290544670105858316e+01 1.138533770976201120e+00 1.290544670105858316e+01 -2.198602378292648396e+01 -1.124104963121445477e+00 1.138533770976201120e+00 -1.124104963121445477e+00 -2.214530163183889755e+01
1.940433720461778222e+01 6.423167460130100537e+00 1.610268762900641137e+00 6.423167460130100537e+00 8.655464466505520704e+00 -4.218550744428292809e+00 1.610268762900641137e+00 -4.218550744428292809e+00 2.804371461710590552e+01
2.770509839200750335e+01 8.442172216583069044e+00 -1.460131448684453481e+01 8.442172216583069044e+00 5.251772047072576083e-02 -1.206743894296235453e+01 -1.460131448684453481e+01 -1.206743894296235453e+01 2.555980440118073460e+00
6.573600270963608772e+00 -6.142285355471763797e-01 1.159701400001573957e+00 -6.142285355471763797e-01 1.423454206157383828e+00 2.621504123737648850e+00 1.159701400001573957e+00 2.621504123737648850e+00 -8.439397197071725643e+00
-2.092534369914801218e+01 1.293262867032383312e+01 1.720313345899201041e+00 1.293262867032383312e+01 -9.209834486200579207e+00 4.986117306760514012e+00 1.720313345899201041e+00 4.986117306760514012e+00 -3.389309551772443996e+01
-3.725359735149265106e+01 -7.560333485298106559e+00 2.646231427777891110e+00 -7.560333485298106559e+00 -2.244052296571275207e+01 -9.038860170009561656e+00 2.646231427777891110e+00 -9.038860170009561656e+00 2.030922052113400156e+00
2.708338289605000782e+01 -7.966233005951603552e+00 2.980813765955210748e+00 -7.966233005951603552e+00 2.376056722883300409e+01 7.241498910869709427e+00 2.980813765955210748e+00 7.241498910869709427e+00 2.356565491118184497e+01
6.449395519898621920e-01 -4.051402030941089194e+00 -4.485752115888930192e+00 -4.051402030941089194e+00 -1.256437005798351825e+00 1.030271961321273633e+00 -4.485752115888930192e+00 1.030271961321273633e+00 -1.520120325301942721e+01
5.634867157498534063e+00 4.016571517292370608e+00 -2.858551694601455306e+00 4.016571517292370608e+00 5.601011480656710617e+00 1.759046992597585302e+01 -2.858551694601455306e+00 1.759046992597585302e+01 -4.366485397807058888e+01
-1.645295359915780153e+01 6.116953583482144907e+00 -4.047390263681212019e+00 6.116953583482144907e+00 -2.521264996300313399e+01 1.184755300033287329e+00 -4.047390263681212019e+00 1.184755300033287329e+00 -5.273806536859783023e+01
-9.506435143643077623e+00 -4.994988459765237754e-01 5.753268430400468425e+00 -4.994988459765237754e-01 3.281128211881681800e+00 -9.086175561713574211e+00 5.753268430400468425e+00 -9.086175561713574211e+00 1.117780703290265620e+01
4.096586705026035702e+01 -7.430363737906849064e-02 4.812153330277659791e+00 -7.430363737906849064e-02 2.803968832517948329e+01 1.011000133828742165e+01 4.812153330277659791e+00 1.011000133828742165e+01 4.110488719023339144e+01
4.164467039900610246e+01 -1.095340957898891965e+01 5.565454245586846760e+00 -1.095340957898891965e+01 5.997659406533018256e+01 -2.143471860637987092e+01 5.565454245586846760e+00 -2.143471860637987092e+01 1.248357596950299353e+01
4.030840283806890056e+01 -1.379897676555218888e+00 1.104744638470886642e+01 -1.379897676555218888e+00 3.610565778567303141e+01 -9.311988536491563551e+00 1.104744638470886642e+01 -9.311988536491563551e+00 1.942220569889711967e+01
-2.757234295812098779e+01 1.127692052255702393e+01 1.419462108716481730e+01 1.127692052255702393e+01 -1.890203100246283130e+00 5.324000888341779536e+00 1.419462108716481730e+01 5.324000888341779536e+00 -1.076148810276236389e+01
1.356523443362866210e+01 3.906573940720409421e+00 2.275698078977181016e+00 3.906573940720409421e+00 1.720536508342211945e+01 -3.399675070955034517e+00 2.275698078977181016e+00 -3.399675070955034517e+00 -2.109821221598970620e-01
-1.048833242399970800e+01 3.425930016235486431e+00 -2.447270539088941987e+00 3.425930016235486431e+00 3.310294724879158323e+00 -3.898259111469350113e+00 -2.447270539088941987e+00 -3.898259111469350113e+00 -1.042241672440599665e+01
-3.149429416369806134e+01 8.347250055957744053e+00 3.432803767435101516e+00 8.347250055957744053e+00 -3.304867729789886255e+01 6.969255165595998669e+00 3.432803767435101516e+00 6.969255165595998669e+00 -2.672114430130105589e+01
1.939576298595464721e+01 2.756936007651803244e+00 1.291394375295047858e+00 2.756936007651803244e+00 9.887709728823253386e+00 -3.388657427257286248e+00 1.291394375295047858e+00 -3.388657427257286248e+00 2.447218928551606254e+01
-2.253737384515553899e+01 -6.557003518487792171e+00 7.488350373310312946e-01 -6.557003518487792171e+00 -2.467662000042667714e+01 6.460883439321292165e+00 7.488350373310312946e-01 6.460883439321292165e+00 -4.376810354907877354e+01
-6.116028685948335486e+00 5.953549649633930407e+00 -6.845443607917265361e+00 5.953549649633930407e+00 -1.961746274908014698e+01 -1.323536615874043498e+01 -6.845443607917265361e+00 -1.323536615874043498e+01 -5.089322416305729035e+01
-2.452006860651019338e+01 4.407430590718434793e+00 -1.298509434515883676e+01 4.407430590718434793e+00 -2.487491320005851136e+01 -1.831061039672714275e+00 -1.298509434515883676e+01 -1.831061039672714275e+00 -6.428352968428166037e+01
1.094294484242834820e+01 5.274962817015600436e-01 2.837356001895312119e+00 5.274962817015600436e-01 2.696562548455944253e+01 -1.145307576236258029e+01 2.837356001895312119e+00 -1.145307576236258029e+01 -2.545700787963676959e+01
1.643655846212427818e+01 -3.643643577044640036e+00 -3.442995195349323745e-01 -3.643643577044640036e+00 9.536372662675237422e+00 -1.070881883576701199e+01 -3.442995195349323745e-01 -1.070881883576701199e+01 -1.646838511104235891e+01
8.770747601492679735e+00 6.098310853432879597e+00 5.613474140872413365e+00 6.098310853432879597e+00 -1.316750038220070085e+00 -1.677913190438126634e+01 5.613474140872413365e+00 -1.677913190438126634e+01 -3.593860462260347077e+01
1.247649411979195477e+01 -4.908395963373147985e+00 -1.978650531960722825e+00 -4.908395963373147985e+00 8.002237731536062881e+00 5.622011031527532898e-01 -1.978650531960722825e+00 5.622011031527532898e-01 -2.518491521127689836e+01
-1.260288205071918810e+01 8.605989875491660612e+00 -1.369649533849990553e+00 8.605989875491660612e+00 -5.450953290845886201e+00 -2.276900570582397254e+00 -1.369649533849990553e+00 -2.276900570582397254e+00 1.237853561837378713e+01
-1.694679222210069724e+01 1.024180483003065856e+00 4.550973830290269362e+00 1.024180483003065856e+00 -1.188040267472704059e+01 -3.232362265561558701e+00 4.550973830290269362e+00 -3.232362265561558701e+00 2.126229158296543797e+00
3.759043313963374544e+00 1.292474689975735380e+01 4.641692422665927964e+00 1.292474689975735380e+01 1.324311152051096485e+01 -1.766798889634400993e+01 4.641692422665927964e+00 -1.766798889634400993e+01 -4.182545132059497206e+01
3.994645476555334795e+01 4.264060428714616435e+00 8.060074766528370349e-02 4.264060428714616435e+00 2.685056809983983328e+01 -4.139909943286215643e+00 8.060074766528370349e-02 -4.139909943286215643e+00 2.464617757981888957e+01
-3.306569729566924565e+01 -1.488821052685243096e+01 4.173341288190652421e+00 -1.488821052685243096e+01 -1.081797136474932408e+01 -1.164289085337620877e+00 4.173341288190652421e+00 -1.164289085337620877e+00 -3.871381988661003959e+01
2.227776822222205411e+01 1.051439079492677742e+01 -1.720168910790551209e+01 1.051439079492677742e+01 1.685456778143209178e+01 -1.064718354728112271e+00 -1.720168910790551209e+01 -1.064718354728112271e+00 2.768142206628696034e+00
1.263359844102526708e+01 -4.213523647407713568e+00 9.779523533947430680e-01 -4.213523647407713568e+00 1.383822120606289019e+01 4.380418192053117110e+00 9.779523533947430680e-01 4.380418192053117110e+00 -4.005716787650317201e+01
-1.667962899535559274e+01 3.509224028107671423e+00 -1.139063920309534161e+01 3.509224028107671423e+00 -2.535926925902814588e+01 1.006794481431120758e+01 -1.139063920309534161e+01 1.006794481431120758e+01 -4.907203098015073550e+01
-1.544176314980767906e+01 7.983360676975165937e+00 9.723398398424807354e+00 7.983360676975165937e+00 -5.804374084456163096e+00 -4.406942472517872744e+00 9.723398398424807354e+00 -4.406942472517872744e+00 -1.354657372269516635e+01
