-2.126254037659697715e+01 -9.016549948347323706e+00 -5.540948731272424155e+00 -9.016549948347323706e+00 -7.185192787893808486e+01 -1.831089437804402920e+01 -5.540948731272424155e+00 -1.831089437804402920e+01 -3.560153035243390462e+01
-2.737339641676212665e+01 -7.026961288889904900e+00 8.205639162154694688e+00 -7.026961288889904900e+00 -2.741522588799696436e+01 -9.027713108036179435e-01 8.205639162154694688e+00 -9.027713108036179435e-01 -1.127956171722633272e+01
1.103805601692718774e+01 -1.131892933400317069e+01 -6.830031149072857133e+00 -1.131892933400317069e+01 1.060813323090884097e+01 1.994233900505351187e+01 -6.830031149072857133e+00 1.994233900505351187e+01 4.021442975121186691e+01
9.461740526422332209e+00 1.089849690027359408e+01 -6.645317007788642094e+00 1.089849690027359408e+01 -2.387202600210273573e+01 -5.308745154963424362e+00 -6.645317007788642094e+00 -5.308745154963424362e+00 1.838164701452620164e+01
-2.796057271035668990e+01 -1.314804559006600115e+01 -1.392282976323650878e+01 -1.314804559006600115e+01 -1.962068799570980460e+00 2.109550163262844169e+00 -1.392282976323650878e+01 2.109550163262844169e+00 -2.043330434478387758e+01
1.844270835315045431e+01 -1.600980606555308494e+00 -5.414152379738929710e+00 -1.600980606555308494e+00 5.526034665826041525e+00 -5.770687308912748392e+00 -5.414152379738929710e+00 -5.770687308912748392e+00 -1.004065127460758156e+00
-2.627664891275492920e+01 -6.032020623730755204e+00 -2.141515498940668394e+01 -6.032020623730755204e+00 -2.678940517493824203e+01 -1.554923243138915012e+01 -2.141515498940668394e+01 -1.554923243138915012e+01 -2.963692599641546366e+01
6.563496275093854138e+00 -3.314194675867560225e+00 5.967806230482297636e+00 -3.314194675867560225e+00 -2.245899903962048327e+01 -6.373215955508586994e+00 5.967806230482297636e+00 -6.373215955508586994e+00 2.603369557548570512e+01
-3.910927823642710166e+01 -1.049538149312004087e+01 1.674095175803642022e+01 -1.049538149312004087e+01 -7.401706281580776192e+01 5.317810148605260245e+00 1.674095175803642022e+01 5.317810148605260245e+00 -4.540246969952393385e+01
-3.581510406690322412e+01 9.570452415755505982e+00 -2.136610922380164368e+01 9.570452415755505982e+00 -4.139714774318540691e+01 4.900575990316302644e-01 -2.136610922380164368e+01 4.900575990316302644e-01 -2.390979133486286656e+01
-3.325546047868350286e+00 -2.414859104498048126e+01 9.597999919344051278e+00 -2.414859104498048126e+01 -4.700652626599158168e+01 -7.969294195859813357e+00 9.597999919344051278e+00 -7.969294195859813357e+00 -5.787855431580383403e+00
-2.006895375976017704e+01 2.231704145506376413e+00 -4.297347216748804044e+00 2.231704145506376413e+00 -1.234200851492517437e+01 -3.060408004156633943e+00 -4.297347216748804044e+00 -3.060408004156633943e+00 3.971382997217655308e+00
-2.327681458471613141e+01 1.969956939218923120e+00 -8.606181714067819399e+00 1.969956939218923120e+00 -4.852566380137864854e+01 9.522852325096140547e+00 -8.606181714067819399e+00 9.522852325096140547e+00 -4.313996517753773219e+01
-8.725513284836239336e-01 3.278084130737688895e+00 5.413452783703638360e+00 3.278084130737688895e+00 -9.069487920745444853e+00 -1.650006378774345306e+00 5.413452783703638360e+00 -1.650006378774345306e+00 9.202879844311183888e+00
1.489230050326063726e+01 -2.402510832927192919e+00 -3.828201372728224250e+00 -2.402510832927192919e+00 -1.505988316306721586e+01 2.420751660387771409e+01 -3.828201372728224250e+00 2.420751660387771409e+01 3.312113296243394789e+00
2.461020264860135853e+01 -6.778986977614657405e+00 -4.587177541460752295e+00 -6.778986977614657405e+00 -4.484777233361605830e+00 -6.673208573552159351e+00 -4.587177541460752295e+00 -6.673208573552159351e+00 3.226721070307694816e+01
6.314918452290092965e+00 1.853249539640096799e+01 2.601856041224425908e+01 1.853249539640096799e+01 -5.000480366999083515e+01 2.141282443715396155e+01 2.601856041224425908e+01 2.141282443715396155e+01 -7.797956173473171937e+00
-4.309109664588525135e+01 -4.746715340745989664e+00 2.756152844323556561e+00 -4.746715340745989664e+00 -5.141763608522593643e+01 -9.994775132201348944e-01 2.756152844323556561e+00 -9.994775132201348944e-01 -4.090529860869170875e+01
-1.363868060136711158e+01 2.343502563117911208e+01 -2.184150250205425792e+01 2.343502563117911208e+01 -4.501849674695525039e+01 -1.953798184778730018e+01 -2.184150250205425792e+01 -1.953798184778730018e+01 -8.917776512568993397e+00
4.113573120405398242e+01 3.755500549035379443e+00 -1.421350105901219152e+01 3.755500549035379443e+00 4.052653742616394794e+01 3.853687073688937925e+00 -1.421350105901219152e+01 3.853687073688937925e+00 4.521261628058864801e+01
-1.243370897391552887e+01 1.402372194340203215e+01 1.828376757096179617e+01 1.402372194340203215e+01 -3.323040617189199253e+01 -1.574915952283585341e+01 1.828376757096179617e+01 -1.574915952283585341e+01 7.279246885977698867e+00
-5.116958736091579141e+01 -4.025579720005201700e+00 -3.491588608761764245e+00 -4.025579720005201700e+00 -9.774833925897539189e+00 -4.053816850357453205e+00 -3.491588608761764245e+00 -4.053816850357453205e+00 -4.077558911049268175e+01
-1.489972911837470093e+01 1.426272261194267443e+01 4.201674690093484266e+00 1.426272261194267443e+01 -3.919416685967693326e+01 1.828677137444761058e+01 4.201674690093484266e+00 1.828677137444761058e+01 -1.758475934229647564e+01
-7.229542870403045107e+00 7.094909670784333322e+00 9.521826799782731499e+00 7.094909670784333322e+00 -2.212882616186614637e+00 -1.215553491550430287e+01 9.521826799782731499e+00 -1.215553491550430287e+01 3.951045562117707277e+01
-2.862326147887142724e+01 -1.924766007001224022e+00 5.628516434904162757e+00 -1.924766007001224022e+00 -3.516218894643965598e+01 1.845536062370053632e+00 5.628516434904162757e+00 1.845536062370053632e+00 -1.012776423531908954e+01
-6.298978169102061209e+00 -7.885544960566159389e+00 -1.240555120824173851e+00 -7.885544960566159389e+00 -4.147905870447567978e+00 -3.726811063969184712e+00 -1.240555120824173851e+00 -3.726811063969184712e+00 -7.275860194235061584e+00
-2.615841332182283452e+01 -6.916795530779022982e+00 1.038010366549800834e+00 -6.916795530779022982e+00 -3.403438030092895161e+01 -3.549290787163106753e+00 1.038010366549800834e+00 -3.549290787163106753e+00 -2.726017127846306565e+01
-4.912014723371451730e+00 1.352164535369572285e+01 -3.466567908901251105e+00 1.352164535369572285e+01 -4.033176064684015927e+01 3.695127359965482583e+01 -3.466567908901251105e+00 3.695127359965482583e+01 -1.037998916523424953e+01
-1.775482858722493518e+01 1.537843981592638132e+00 6.019899559373619979e+00 1.537843981592638132e+00 -4.920836191945156202e+01 -1.427098233433556018e+00 6.019899559373619979e+00 -1.427098233433556018e+00 -2.582119827948716662e+01
4.377467545864398346e+01 4.064670043953297451e+00 1.944886783417149489e+00 4.064670043953297451e+00 3.432136401094727063e+01 -2.686892009945653026e+00 1.944886783417149489e+00 -2.686892009945653026e+00 4.830073171457675585e+01
7.192556141736517361e+01 4.269443510270699349e+00 -1.019103490769490250e+01 4.269443510270699349e+00 4.986860672365405200e+00 -8.384274103018261926e+00 -1.019103490769490250e+01 -8.384274103018261926e+00 8.084411004141151125e+01
1.615036484091998048e+01 -6.118650383603635667e+00 7.962479269022594508e+00 -6.118650383603635667e+00 2.103672162345883390e+00 -1.281406068366017514e+01 7.962479269022594508e+00 -1.281406068366017514e+01 4.586771667984297807e+01
1.902438132276875749e+00 6.685713105825788816e+00 1.520859366151633552e+01 6.685713105825788816e+00 -5.518724401569463112e+01 -1.194387335423099650e+01 1.520859366151633552e+01 -1.194387335423099650e+01 -6.557445265470475348e+00
-6.691892314211952630e+00 8.656382291080838343e+00 -1.520811987410315069e+01 8.656382291080838343e+00 -1.805290903659184920e+01 -1.384187128259954491e+01 -1.520811987410315069e+01 -1.384187128259954491e+01 -2.368643727221828144e+00
5.816874958963951306e-04 -6.687447609467930931e+00 -1.869190181433760367e+00 -6.687447609467930931e+00 -3.585734519245017538e+01 9.707650082623468180e+00 -1.869190181433760367e+00 9.707650082623468180e+00 -1.791575397962318572e+00
-1.512245578488402842e+01 2.888606300648842407e+01 1.100797650535410677e+00 2.888606300648842407e+01 -3.896344934312564590e+01 7.770921580577117016e-01 1.100797650535410677e+00 7.770921580577117016e-01 5.965160612306506849e+00
-2.514272828545299632e+01 -5.064618931079433395e+00 -2.054881364870574600e+01 -5.064618931079433395e+00 -7.351131714885278257e+01 2.222953812847594435e+01 -2.054881364870574600e+01 2.222953812847594435e+01 -1.544875885018281991e+01
-1.200238478500396866e+01 -2.495982712059852671e-01 -1.215695505042585722e+00 -2.495982712059852671e-01 -4.305850580377703807e+01 7.975105396862520735e-01 -1.215695505042585722e+00 7.975105396862520735e-01 -5.965713996344522485e+00
3.210433362790340084e+01 5.902846248218038383e+00 -2.652533631386010171e+00 5.902846248218038383e+00 -4.659720993062084915e+01 6.800950927900418996e+00 -2.652533631386010171e+00 6.800950927900418996e+00 7.393601658447754410e+00
-1.810411044372946421e+01 5.392560131953438862e+00 -6.355563660633845480e+00 5.392560131953438862e+00 -1.811075431188622531e+01 -2.611768750293537167e+01 -6.355563660633845480e+00 -2.611768750293537167e+01 3.842391809951009662e+01
-1.609081960795460020e+01 4.208872500426314112e+00 1.760086940799944699e+01 4.208872500426314112e+00 -4.290393452723598955e+01 -5.915174205473137548e+00 1.760086940799944699e+01 -5.915174205473137548e+00 -2.247331459977053569e+01
-1.567321904966944146e+01 1.165829285153549399e+01 -1.588854778148354896e+01 1.165829285153549399e+01 -5.241318790835213548e+01 -1.658966829527827969e+01 -1.588854778148354896e+01 -1.658966829527827969e+01 -1.389483463440470423e+01
-3.443054406311352977e+01 -1.288521462461122802e+01 -1.010224683144489433e+00 -1.288521462461122802e+01 -3.198302255792200199e+01 2.188246105337368963e+00 -1.010224683144489433e+00 2.188246105337368963e+00 -1.832657585121266308e+01
1.462834941926039178e+01 -2.339575443987219838e+00 -5.584310412914716082e+00 -2.339575443987219838e+00 8.751661032916477012e+00 1.154736934309760876e+01 -5.584310412914716082e+00 1.154736934309760876e+01 2.531772587275394315e+01
-2.559484968624422052e+01 1.139980300635208188e+01 6.834302255522223035e+00 1.139980300635208188e+01 -6.422984242470189997e+01 -2.041749252663226599e+01 6.834302255522223035e+00 -2.041749252663226599e+01 -2.984087807567438944e+01
-1.445868558797154790e+01 -2.833006059653762509e+00 2.841641214690496575e+00 -2.833006059653762509e+00 -3.318015184601450951e+00 7.051763193881952496e+00 2.841641214690496575e+00 7.051763193881952496e+00 -2.021541560015847061e+00
2.091103293720989953e+01 -1.630841202966977477e+01 -1.499675114566139911e+01 -1.630841202966977477e+01 2.551268186010127437e+01 -1.055826604580792605e+01 -1.499675114566139911e+01 -1.055826604580792605e+01 1.452084586197144134e+01
3.198003108198870947e+01 -3.680931151269972723e+00 2.087862182465017113e+01 -3.680931151269972723e+00 7.557989843741556690e+00 5.508668304119386683e+00 2.087862182465017113e+01 5.508668304119386683e+00 4.862451281121769142e+01
-1.904042814052862198e+01 1.560246561413038791e+01 1.705301978199049939e+00 1.560246561413038791e+01 -2.448760668753422820e+01 -5.736720357518929614e-01 1.705301978199049939e+00 -5.736720357518929614e-01 -1.148432988052973691e+01
1.089171036194468201e+01 1.430330224458743693e+01 8.317403597198090637e+00 1.430330224458743693e+01 -4.048042735381159218e+01 1.045796242193327430e+01 8.317403597198090637e+00 1.045796242193327430e+01 1.271391527279482858e+01
-7.777970541304947361e+00 9.308044709806718942e+00 8.051262973809272694e+00 9.308044709806718942e+00 -3.699867081122121704e+01 3.867485763981173275e+00 8.051262973809272694e+00 3.867485763981173275e+00 4.772470554648259089e+00
-7.148349805941425217e-01 -9.763813844083440330e+00 1.210293806998673949e+00 -9.763813844083440330e+00 -1.180265566442130343e+01 -3.292249437992887384e-01 1.210293806998673949e+00 -3.292249437992887384e-01 2.077098541655857389e+00
-3.866594937284917677e+01 5.068595659934310937e+00 -3.251540823524321944e+00 5.068595659934310937e+00 -3.932262718540164315e+01 1.288825981251007846e+01 -3.251540823524321944e+00 1.288825981251007846e+01 -4.284454541377986203e+01
-1.060125960468991480e+01 3.444533726427270892e+01 1.798816220251299569e+01 3.444533726427270892e+01 -6.702085938072332283e+01 1.906791717563602973e+01 1.798816220251299569e+01 1.906791717563602973e+01 -9.342484698926456943e+00
-2.110113867829781498e+01 -2.550524156615351146e+01 4.855400521179199735e+00 -2.550524156615351146e+01 -2.071980416420683824e+01 -1.212375917994981656e+01 4.855400521179199735e+00 -1.212375917994981656e+01 -2.950136683581964547e+01
5.184829097328952230e+01 -1.226321388745772367e+01 -7.420299873803910540e-01 -1.226321388745772367e+01 4.508371703913624629e+01 1.189611769925175544e+01 -7.420299873803910540e-01 1.189611769925175544e+01 5.680408603995176975e+01
3.824247013869011624e+01 1.259539812953372717e+01 -1.342211689323955515e+00 1.259539812953372717e+01 5.023186425346137440e+01 -1.639906668539261503e+01 -1.342211689323955515e+00 -1.639906668539261503e+01 1.999511848117991519e+01
-4.473841625631989416e+01 -8.447165959731886886e+00 -8.024577683803334693e+00 -8.447165959731886886e+00 -3.466690543131375790e+01 -1.030750474623990831e+00 -8.024577683803334693e+00 -1.030750474623990831e+00 -2.704785044171955377e+01
-1.342266164694143615e+00 9.170455776345752541e-02 1.128206527959589600e+01 9.170455776345752541e-02 -1.543967517089680364e+01 -1.604063316208360135e+01 1.128206527959589600e+01 -1.604063316208360135e+01 2.242375858223658724e+01
-8.650769903010205653e+00 8.295494297603116962e+00 4.175264661183549109e+00 8.295494297603116962e+00 -4.264719529456505853e+01 3.959162802789133906e+00 4.175264661183549109e+00 3.959162802789133906e+00 1.301094269296811312e+01
-2.373894618044142391e+01 5.482858669040365784e-01 1.022041343499884958e+00 5.482858669040365784e-01 -6.039570328163333102e+01 2.839235517869040493e+00 1.022041343499884958e+00 2.839235517869040493e+00 -2.087569464996505175e+01
3.153117131595300648e+01 -3.747855377103791241e+00 -1.214331051143465956e+00 -3.747855377103791241e+00 -1.347485212714920699e+01 7.530923260557377930e+00 -1.214331051143465956e+00 7.530923260557377930e+00 4.015760103907274470e+01
6.753942400550186242e+00 6.283132746372058541e+00 1.370566231087938647e+01 6.283132746372058541e+00 -5.242653148944688013e+01 5.354765025577316706e+00 1.370566231087938647e+01 5.354765025577316706e+00 2.393619503956604788e+01
-2.527839014678285068e+01 -1.415784465124349900e+01 -1.021531377321916523e+01 -1.415784465124349900e+01 -4.687707588821145577e-01 -2.755563982870800732e+00 -1.021531377321916523e+01 -2.755563982870800732e+00 -4.418039347872637990e+01
6.609403139301552876e+00 -1.156131114850243335e+01 2.166176090602503213e-01 -1.156131114850243335e+01 -7.469100565814660975e+00 -2.950762933978547498e+00 2.166176090602503213e-01 -2.950762933978547498e+00 1.285780486010637880e+01
-3.023219006720756852e+01 -9.077896163309471689e+00 -4.434413094253473631e+00 -9.077896163309471689e+00 -5.872738953434074460e+01 2.436699488362005450e+00 -4.434413094253473631e+00 2.436699488362005450e+00 -1.712831911857884393e+01
3.911918188515360839e+01 -4.664871256134658140e+00 -5.261335838588384384e+00 -4.664871256134658140e+00 3.364854421601395273e+01 2.719574891563760755e+00 -5.261335838588384384e+00 2.719574891563760755e+00 3.490085878231130323e+01
3.239706360268819907e+01 -1.292063795792034320e+01 -6.456610568179848464e+00 -1.292063795792034320e+01 3.120585450645572934e+01 2.955842644225242122e+00 -6.456610568179848464e+00 2.955842644225242122e+00 9.071463081946308193e+01
-2.296890159136109233e+01 -8.746885164291738624e-02 -5.993277424594122493e+00 -8.746885164291738624e-02 -2.401525836988989582e+01 2.103365607373952617e-01 -5.993277424594122493e+00 2.103365607373952617e-01 -2.057483444957592766e+01
-3.518565244186699914e+00 -4.148455798129455196e+00 1.030582309551165032e+01 -4.148455798129455196e+00 -5.017575307318606548e+01 -1.322554904546985455e+01 1.030582309551165032e+01 -1.322554904546985455e+01 -1.083973975590279437e+01
1.015976691519873576e+01 -1.316193347870503239e+00 4.017066141609707763e+00 -1.316193347870503239e+00 -3.187199676432832973e+01 1.807409395174487443e+01 4.017066141609707763e+00 1.807409395174487443e+01 1.619076623063915576e+01
9.165913627987974266e+00 -6.191568282899223341e+00 -3.398190124782892063e+00 -6.191568282899223341e+00 -1.333451341181338812e+01 -5.827303198758068348e+00 -3.398190124782892063e+00 -5.827303198758068348e+00 1.269912370005554259e+01
3.191023198979747377e+01 5.474656165953720510e+00 -4.955944942291372612e+00 5.474656165953720510e+00 -3.071991319751256055e-01 1.793108661365867551e-01 -4.955944942291372612e+00 1.793108661365867551e-01 2.835008632425862629e+01
1.592825477509379084e+01 -5.287987636827500282e+00 1.030777656196003811e+01 -5.287987636827500282e+00 -1.218990668104380326e+01 -3.537430548904461514e+00 1.030777656196003811e+01 -3.537430548904461514e+00 5.584375465799240601e+01
-1.606613219740737009e+01 -1.012502831108177048e+01 -3.199443299566019761e+01 -1.012502831108177048e+01 -3.082986465707276480e+01 -1.155202014476066097e+01 -3.199443299566019761e+01 -1.155202014476066097e+01 -3.696128166978596141e+00
2.201059858298571825e+01 1.167312454473783312e+01 -1.477290064344322040e+01 1.167312454473783312e+01 -1.349446482486339782e+01 -1.064450127762045817e+01 -1.477290064344322040e+01 -1.064450127762045817e+01 2.923588536987994502e+01
5.673800674609929651e+00 -7.553159541226182050e+00 3.070689731224992514e+01 -7.553159541226182050e+00 -1.106949863443989557e+01 7.947980542328936249e-01 3.070689731224992514e+01 7.947980542328936249e-01 1.927784507257458912e+01
-1.305893654942468807e+01 -6.662942920437728844e+00 -1.281242248799522088e+01 -6.662942920437728844e+00 -6.225748793391866087e+01 -3.052332596844458124e+00 -1.281242248799522088e+01 -3.052332596844458124e+00 -1.552809108784990677e+01
1.156707141590611698e+01 -7.468575236163673914e+00 2.402757422009868904e+01 -7.468575236163673914e+00 -1.893576082756704082e+01 6.312739160340314015e+00 2.402757422009868904e+01 6.312739160340314015e+00 2.953028421445827689e+01
-5.448127687530826080e+01 1.495263081636579949e+00 -1.451567032298550330e+01 1.495263081636579949e+00 -5.570675759633840585e+01 1.953550547723937569e+01 -1.451567032298550330e+01 1.953550547723937569e+01 -4.369941391023078125e+01
-7.395501421841716549e+00 2.774920600712290053e+01 2.661583977719625338e+01 2.774920600712290053e+01 -2.003987045409724743e+01 1.374010151408017499e+01 2.661583977719625338e+01 1.374010151408017499e+01 -1.559409979864456552e+01
2.569564240718336379e+01 2.119923482739902099e+01 -1.210326336409888803e+01 2.119923482739902099e+01 -3.701913609700826413e+01 5.312819120496971026e-01 -1.210326336409888803e+01 5.312819120496971026e-01 2.871799634996199657e+01
-1.286786921578036313e+01 -6.572755579225774802e+00 8.466166953845746690e+00 -6.572755579225774802e+00 -4.651560036630409911e+01 6.456789708523860583e+00 8.466166953845746690e+00 6.456789708523860583e+00 -3.881668272860080204e+00
-3.650286230819897781e+01 -4.543051439002574909e+00 -5.557707094578336893e-01 -4.543051439002574909e+00 -3.045548045491935696e+01 1.266855594139169838e+01 -5.557707094578336893e-01 1.266855594139169838e+01 -2.268286222632327664e+01
-5.599055057550661729e+01 7.588392207173925819e+00 -9.516338092743584554e+00 7.588392207173925819e+00 -3.002405390195549018e+01 5.729781847138706308e-01 -9.516338092743584554e+00 5.729781847138706308e-01 -3.070375193431194560e+01
5.169829961216692737e+01 1.136390369481417029e+00 1.916707291660404167e+01 1.136390369481417029e+00 -3.017972098835662820e+01 1.431529690293722179e-01 1.916707291660404167e+01 1.431529690293722179e-01 3.958524328232491740e+01
1.782843492661346119e+01 -8.700826007653535754e+00 1.673521963798548340e+00 -8.700826007653535754e+00 2.656128376982485051e+01 -4.262782657281794840e+00 1.673521963798548340e+00 -4.262782657281794840e+00 1.885394479149055158e+01
-3.409604414100137149e+01 1.888173196293130474e+01 2.547029538999042941e+00 1.888173196293130474e+01 -3.175144869097379896e+01 -6.114168399157930089e+00 2.547029538999042941e+00 -6.114168399157930089e+00 -2.751913504240826924e+01
-4.759482774254392012e+01 1.956548150456341517e+01 5.351519331702676574e+00 1.956548150456341517e+01 -5.997135699210138426e+01 -8.482260878349286770e+00 5.351519331702676574e+00 -8.482260878349286770e+00 -7.286262351157322570e+00
3.072633820501732416e+01 2.023122935952574863e+00 -1.276910340905065411e+01 2.023122935952574863e+00 -2.039246174854070048e+01 -2.277465353348990362e+01 -1.276910340905065411e+01 -2.277465353348990362e+01 3.231365856589510344e+01
1.352527682430552503e+01 1.517453634097683057e+01 -2.231625165213432904e+00 1.517453634097683057e+01 -6.004439319037291511e+01 -7.125646333077354733e+00 -2.231625165213432904e+00 -7.125646333077354733e+00 2.865298665331994599e+01
-5.432140770692759446e+01 1.006086667424004766e+00 4.258011889971289321e-01 1.006086667424004766e+00 -5.760397631182001277e+01 -3.457889187290470012e+00 4.258011889971289321e-01 -3.457889187290470012e+00 -1.472034308372412426e+01
1.597197899521722952e+01 -1.824868217450570995e+01 -1.173005872838059815e+01 -1.824868217450570995e+01 -4.892007893281748920e+01 6.785034353411282027e+00 -1.173005872838059815e+01 6.785034353411282027e+00 1.363435242168385031e+01
8.036549761079191612e+00 -1.913141836612875935e+01 -5.138855105636980225e-01 -1.913141836612875935e+01 -2.024318885545962843e+01 3.447443964557274310e+00 -5.138855105636980225e-01 3.447443964557274310e+00 4.056431026830619402e+00
-2.301931283276110740e+00 -3.590596327691873313e+00 1.587766132720949130e+01 -3.590596327691873313e+00 -2.824900708507727742e+01 2.610791432097100184e+00 1.587766132720949130e+01 2.610791432097100184e+00 9.751651218366092166e+00
-2.709802100063306085e+01 -1.240688691867498505e+01 1.369463823769917532e+01 -1.240688691867498505e+01 -5.518102110028209495e+01 1.543599174612034552e+00 1.369463823769917532e+01 1.543599174612034552e+00 -1.800794126357064329e+01
-3.073292838306586106e+01 -8.185270011984588479e+00 6.887515112156474828e+00 -8.185270011984588479e+00 -4.825304149388131947e+01 -3.425685893497382395e+00 6.887515112156474828e+00 -3.425685893497382395e+00 -8.353633303227002926e+00
-2.809288041068960240e+01 -3.629501207192830758e+00 -1.246053987141597208e+00 -3.629501207192830758e+00 -5.047965714069946586e+01 -2.847956590403101895e+00 -1.246053987141597208e+00 -2.847956590403101895e+00 -1.888603673476086442e+01
3.817066674027219619e+01 -7.093953010516618640e+00 -7.185042325090121196e+00 -7.093953010516618640e+00 2.889034935741072374e+01 2.547057355938979306e+00 -7.185042325090121196e+00 2.547057355938979306e+00 3.173572421857792847e+01
1.102009493161950537e+01 -1.135074290078122594e+01 3.799416664849533110e+00 -1.135074290078122594e+01 1.905113053786602606e+01 -1.315291783641533918e+01 3.799416664849533110e+00 -1.315291783641533918e+01 2.055725277350727609e+01
-2.836759436231683651e+01 -8.557154489521261453e+00 -7.812476905880060052e+00 -8.557154489521261453e+00 -6.138487802414137207e+01 -1.270150965012746269e+01 -7.812476905880060052e+00 -1.270150965012746269e+01 -2.034075349168384150e+01
-2.715843906847637967e+01 -3.070904261204898233e+00 -6.480474984492692769e+00 -3.070904261204898233e+00 -5.532426615003846138e+01 3.977290702222919805e+00 -6.480474984492692769e+00 3.977290702222919805e+00 2.379671514655536768e+01
-3.053734682932887878e+01 1.044338426291925259e+01 -1.382586982681333154e+01 1.044338426291925259e+01 -4.834466010171507833e+01 9.859154119885641387e-01 -1.382586982681333154e+01 9.859154119885641387e-01 -2.898827074438468898e+01
-7.047853826954224132e+01 -4.490025952239553142e+00 -1.376140983079615232e+01 -4.490025952239553142e+00 -6.855227753029002713e+01 -1.636585332656924408e+01 -1.376140983079615232e+01 -1.636585332656924408e+01 -4.043981065875578906e+01
6.093589973289583739e+00 -9.240624685535166805e+00 1.105501181998470583e+00 -9.240624685535166805e+00 1.611604662069404670e+00 -1.360181799354846177e+01 1.105501181998470583e+00 -1.360181799354846177e+01 -1.174324346224581817e+01
2.805620348016266696e+00 2.102000105329739466e+00 6.520608215086736159e+00 2.102000105329739466e+00 -1.175006095230348713e+01 -1.332505291714636542e+01 6.520608215086736159e+00 -1.332505291714636542e+01 1.814183209631758942e+01
1.729006852450904574e+01 -7.715997831413959673e+00 -1.606560001749571587e+00 -7.715997831413959673e+00 -2.757475479011603525e+01 3.285945911483062254e+00 -1.606560001749571587e+00 3.285945911483062254e+00 3.436958260188498926e+00
-2.201968362005290203e+01 7.791752227790919028e-01 -9.599940371778499681e+00 7.791752227790919028e-01 -4.166845074079730438e+01 -4.980295238381824974e-01 -9.599940371778499681e+00 -4.980295238381824974e-01 -1.338753843226498574e+01
-5.424146977279828086e+00 -5.646332328952767377e+00 -1.331529330941744149e+01 -5.646332328952767377e+00 -4.633961307567700771e+01 -7.932032905158379776e+00 -1.331529330941744149e+01 -7.932032905158379776e+00 1.730384379628747471e+00
-2.836354229474052691e+00 -1.481616984005451876e+01 4.610735817862241959e+00 -1.481616984005451876e+01 -6.080296534089799110e+01 -1.640476842629187360e+01 4.610735817862241959e+00 -1.640476842629187360e+01 -1.626242278038222633e+00
-1.418351094578223659e+01 1.845331965498728355e+00 -8.893694939591759052e+00 1.845331965498728355e+00 -1.182404794005083026e+01 -2.915951037791957301e+00 -8.893694939591759052e+00 -2.915951037791957301e+00 8.055146517755561453e-01
1.568954686041557167e+01 1.368711282715054267e+00 -1.052899050721651975e+01 1.368711282715054267e+00 -4.926332323330000662e+01 -1.453423832042763841e+01 -1.052899050721651975e+01 -1.453423832042763841e+01 1.754684320138342812e+01
2.875573983866804184e+01 9.615745530776829142e+00 -1.357632008315512628e+01 9.615745530776829142e+00 -1.204112443405605681e+01 -6.579880355645795653e+00 -1.357632008315512628e+01 -6.579880355645795653e+00 2.789856618677604416e+01
-8.589309689584130325e+00 -1.297746246543968596e+01 2.470643909037587793e+00 -1.297746246543968596e+01 -3.401012425520611515e+01 -7.911655732806646135e+00 2.470643909037587793e+00 -7.911655732806646135e+00 -1.903386497308817127e+01
-2.404711672052699711e+01 3.325511596794589853e+00 4.416328728131592385e+00 3.325511596794589853e+00 -2.737017245230952511e+01 8.342498343075565259e+00 4.416328728131592385e+00 8.342498343075565259e+00 -8.146750130003900026e+00
-8.218720274130884462e+00 -1.741972217952571356e+01 -8.808613268555948395e+00 -1.741972217952571356e+01 -2.156826712708306104e+01 5.026000923318179048e+00 -8.808613268555948395e+00 5.026000923318179048e+00 3.065995395908528920e+01
-5.910581046714632691e+00 1.453459404989199832e+01 -8.551310105657590199e+00 1.453459404989199832e+01 -4.529681170384797184e+01 -1.788389432255031775e+00 -8.551310105657590199e+00 -1.788389432255031775e+00 -9.204735231480526636e+00
2.496623693475823025e+00 -1.082221079661548124e+00 5.781145345003164682e-01 -1.082221079661548124e+00 -4.859537957158993748e+01 1.062487327118224911e+01 5.781145345003164682e-01 1.062487327118224911e+01 6.493971875161028251e+00
5.880495510582620433e+00 2.679942313673838505e+00 -9.692409333267431037e+00 2.679942313673838505e+00 1.659099474637140759e+01 1.236741435426277125e+00 -9.692409333267431037e+00 1.236741435426277125e+00 3.867411583390204299e+00
1.004202986058733238e+01 3.477949834964106657e+01 -6.045585740673185882e+00 3.477949834964106657e+01 -2.513867133023567391e+01 1.029336549122021971e+01 -6.045585740673185882e+00 1.029336549122021971e+01 -8.166057747931311894e+00
1.341532942888323632e+01 -1.061663455844001192e+01 1.709339456375359489e+01 -1.061663455844001192e+01 -4.504849886371578549e+01 1.307149435170714291e+01 1.709339456375359489e+01 1.307149435170714291e+01 2.726380685525636949e+01
-5.796654544671699227e+01 -2.221467117637578781e+01 2.183785822454529679e+00 -2.221467117637578781e+01 -6.428114235543208110e+01 -3.797350345978254271e-01 2.183785822454529679e+00 -3.797350345978254271e-01 -4.002089348443060146e+01
9.087112800458388762e+00 8.083421484211951169e-01 1.074254922987428174e+01 8.083421484211951169e-01 -2.771233342986309012e+01 -7.787368490461668014e-01 1.074254922987428174e+01 -7.787368490461668014e-01 1.827571259672795634e+01
-1.232901181998366269e+01 4.932341243977526268e+00 -5.470051062979760736e+00 4.932341243977526268e+00 -2.962968117018676750e+01 -1.734100309151578090e+00 -5.470051062979760736e+00 -1.734100309151578090e+00 -5.692190358131056449e+00
-2.330577869562238646e+01 -1.578662007043754123e+01 -9.947498471343555693e+00 -1.578662007043754123e+01 -5.013608307318141044e+01 1.129901230813633362e+00 -9.947498471343555693e+00 1.129901230813633362e+00 -1.385895938324957477e+01
-1.741583250125078663e+01 -7.306037014916265449e+00 1.212584539433502862e+00 -7.306037014916265449e+00 -2.457560391241921849e+01 -8.987034032302007036e-01 1.212584539433502862e+00 -8.987034032302007036e-01 7.162808120912047549e+00
2.683723455071944386e+01 2.175514695966006684e+01 -1.016732529972879640e+01 2.175514695966006684e+01 7.492519100660651965e+00 -4.454259173630731539e+00 -1.016732529972879640e+01 -4.454259173630731539e+00 1.973766767754080931e+01
3.242700499161765748e+01 -1.032119315140993798e+01 1.005157735675476505e-01 -1.032119315140993798e+01 1.239154250252944500e+01 -9.087256873673723589e+00 1.005157735675476505e-01 -9.087256873673723589e+00 4.740497209511078580e+01
-3.933163842845019786e+01 6.152780776698614673e+00 5.544405890984687169e+00 6.152780776698614673e+00 -4.140751757241793030e+01 2.059859207429575623e+00 5.544405890984687169e+00 2.059859207429575623e+00 -8.698404567212012495e+00
2.047073969923442505e+01 1.254834101988775075e+01 -1.921595596964763786e+01 1.254834101988775075e+01 3.939704716139172280e+00 7.516814490651475111e+00 -1.921595596964763786e+01 7.516814490651475111e+00 2.347250309429342252e+01
-1.898813245355972867e+01 -8.293293173486619096e+00 1.018923924013198423e+01 -8.293293173486619096e+00 -6.209655453872277775e+01 -1.270130036767382364e+01 1.018923924013198423e+01 -1.270130036767382364e+01 -7.940794759332066022e+00
4.533261401577133398e+01 -4.988745362115893478e+00 1.427646177841421782e+01 -4.988745362115893478e+00 1.813441865102835848e+01 9.794304601009299560e+00 1.427646177841421782e+01 9.794304601009299560e+00 5.909617132581910681e+01
-1.844704840226070530e+01 1.526082098395669551e+00 1.139155050531596558e+01 1.526082098395669551e+00 -1.634787932698351653e+01 8.359946958860424715e+00 1.139155050531596558e+01 8.359946958860424715e+00 -1.124550853519062574e-02
-4.019855947287257436e+01 2.738505256302391722e+00 2.203909956258145186e+01 2.738505256302391722e+00 -3.780177346351358381e+01 1.552339096979290645e+01 2.203909956258145186e+01 1.552339096979290645e+01 1.007589353218631878e+01
-5.020794793596285110e+00 -7.492999451841881431e+00 -3.125355204884607385e+00 -7.492999451841881431e+00 -8.669029381873626150e+00 -8.819276040469830047e-01 -3.125355204884607385e+00 -8.819276040469830047e-01 6.096794038185058717e+00
-1.877169133045614657e+01 1.286130944433864975e+01 -1.052061391811293234e+01 1.286130944433864975e+01 -5.209797201695838709e+01 -3.014876075689804757e+00 -1.052061391811293234e+01 -3.014876075689804757e+00 -7.344670154088856151e+00
3.803408834590094045e-01 1.947940646207298698e+01 -1.887179003095288365e+01 1.947940646207298698e+01 -2.121805898261628087e+01 1.839387502791078077e+01 -1.887179003095288365e+01 1.839387502791078077e+01 -1.098557315914865562e+01
3.408851448566794318e+01 9.728409955816633925e+00 -1.013133031275380347e+01 9.728409955816633925e+00 2.520568566824940238e+00 -4.169699221659616484e+00 -1.013133031275380347e+01 -4.169699221659616484e+00 4.734717846977261502e+01
3.040339379527847896e+01 -9.471829154116816696e+00 -1.017358913793992237e+01 -9.471829154116816696e+00 6.375209316494526490e+00 1.529620164684641992e+01 -1.017358913793992237e+01 1.529620164684641992e+01 3.713213904979659219e+01
-2.426874438696573577e+01 2.072715094379359613e+01 2.848668740048326598e+00 2.072715094379359613e+01 -6.728329523062821238e+01 6.434397418914216793e+00 2.848668740048326598e+00 6.434397418914216793e+00 -1.588957897522725382e+01
-4.163194750423906498e+01 -8.654230131261186898e+00 -1.080984240351078185e+01 -8.654230131261186898e+00 -3.641642177026875871e+00 3.747034472295834195e+00 -1.080984240351078185e+01 3.747034472295834195e+00 -5.244661029988746748e+01
-1.123871150920225759e+01 3.371541201901175011e+00 6.056277775180646250e-01 3.371541201901175011e+00 -2.509460503804906395e+01 5.037074036059839166e+00 6.056277775180646250e-01 5.037074036059839166e+00 8.819120538034896484e+00
-1.883506978849761637e+01 -3.073981042166451516e-01 -9.251479599146506416e+00 -3.073981042166451516e-01 -5.890591380662370824e+01 -1.351463792585370527e+01 -9.251479599146506416e+00 -1.351463792585370527e+01 -1.153457752457506125e+01
5.530937603954589221e+00 -3.218237266827324916e+00 7.951933916681108272e+00 -3.218237266827324916e+00 -4.543929044840193399e+01 -3.727022317583941646e+00 7.951933916681108272e+00 -3.727022317583941646e+00 -1.788954470299804811e+01
-2.828809988884471949e+01 6.962282678909445188e+00 -1.204461016674312646e+01 6.962282678909445188e+00 -1.557765952177180324e+01 -2.720731124769420473e-01 -1.204461016674312646e+01 -2.720731124769420473e-01 -1.128251141313281813e+01
-4.721690520026181304e+01 -1.675561198496200666e+00 -1.790581070335325764e+00 -1.675561198496200666e+00 -3.380759227216864105e+01 1.821314599888517805e+01 -1.790581070335325764e+00 1.821314599888517805e+01 -3.231965289898548832e+01
1.441474303428716075e+00 -8.760011545258146626e+00 1.349917137798366795e+01 -8.760011545258146626e+00 -1.219129765773062779e+01 1.559896326716715187e+01 1.349917137798366795e+01 1.559896326716715187e+01 1.639654019415868635e+00
-7.619406996857356340e-01 -1.894494335949782027e+01 -2.389309454599073845e+01 -1.894494335949782027e+01 -9.600777286949767841e+00 -5.753729450588484617e+00 -2.389309454599073845e+01 -5.753729450588484617e+00 1.564729268543135454e+01
-2.595359217991173750e+01 -1.382915583243333524e+00 -1.027539360288819148e-01 -1.382915583243333524e+00 -6.424143639855732602e+01 -1.956926833078684425e+01 -1.027539360288819148e-01 -1.956926833078684425e+01 -2.984008251817066792e+01
-2.698847327862816226e+00 1.725538933836000055e+01 1.595776253883001772e+01 1.725538933836000055e+01 -5.064911261429748635e+01 -3.309408596736257646e+00 1.595776253883001772e+01 -3.309408596736257646e+00 -6.897181192440512421e-01
-1.663842236646687311e+01 -1.858049570921139759e+00 -5.106951035971111885e+00 -1.858049570921139759e+00 -5.052021700198377374e+01 5.178396671566172671e+00 -5.106951035971111885e+00 5.178396671566172671e+00 -2.172808890262392367e+01
-3.117426763567722414e+00 2.677314181700735096e-01 1.109170630116360812e+01 2.677314181700735096e-01 -1.387991672671132370e+01 1.608143701369098455e+00 1.109170630116360812e+01 1.608143701369098455e+00 -5.468829839593325470e-01
2.379474568196329543e+01 -2.324093161899604354e+01 -3.873215425497515962e+00 -2.324093161899604354e+01 -9.459854847672598765e+00 -2.443543024351083659e+01 -3.873215425497515962e+00 -2.443543024351083659e+01 2.089068657351103653e+01
-3.207302232749979964e+01 8.302420812768934510e+00 -1.299253195858432974e+01 8.302420812768934510e+00 -8.347729988667342127e+01 4.060847897182648047e+00 -1.299253195858432974e+01 4.060847897182648047e+00 -6.098669374017647193e+00
4.330000882409923868e+00 -7.805615268630377912e+00 -1.262224815702066572e+01 -7.805615268630377912e+00 7.496594471656517378e+00 -2.655441965727106179e+01 -1.262224815702066572e+01 -2.655441965727106179e+01 1.980104287287697673e+01
3.330415219572197216e+00 4.085435492257966317e+00 -5.915506049896069207e+00 4.085435492257966317e+00 -5.270527834224598251e+01 7.342454703620678869e-01 -5.915506049896069207e+00 7.342454703620678869e-01 -1.647173266592451890e+00
2.197802954793275987e+01 5.772991368801737799e+00 -9.278182011042360955e+00 5.772991368801737799e+00 4.344450329451487569e+00 -3.200471799472096368e+00 -9.278182011042360955e+00 -3.200471799472096368e+00 1.503600637862032663e+01
5.775034838148092575e+01 6.057478653467980756e+00 1.360946221556875457e+01 6.057478653467980756e+00 -2.259516895042719131e+00 -1.416714655196846806e+01 1.360946221556875457e+01 -1.416714655196846806e+01 5.483472361300417930e+01
1.757397866522529384e+00 -9.761567863146851209e+00 -8.281910242278629042e+00 -9.761567863146851209e+00 7.572946424550108802e-01 2.477385640743218431e+01 -8.281910242278629042e+00 2.477385640743218431e+01 3.667862709780544606e+01
3.799810707462820147e+01 -2.111312253948466999e+00 1.447083784440035537e+01 -2.111312253948466999e+00 -1.957632098503274065e+01 -2.732899618724742652e+01 1.447083784440035537e+01 -2.732899618724742652e+01 4.065706174751485236e+01
-1.239054205063169967e+01 -3.683054865676658185e+00 -1.753221159665703155e+01 -3.683054865676658185e+00 -3.078094357973125028e+01 -1.651428500994854431e+01 -1.753221159665703155e+01 -1.651428500994854431e+01 -9.029564936016241106e+00
9.283848315512237548e+00 -1.075959118025209804e+01 -2.761347829744939375e+01 -1.075959118025209804e+01 -2.251017796976649166e+01 -1.145557940435830879e+01 -2.761347829744939375e+01 -1.145557940435830879e+01 1.055084352794828106e+01
2.655618047485793909e+01 -2.183622966426255196e-01 -1.275886268791681433e+00 -2.183622966426255196e-01 -3.510241188264268430e+01 4.401125085639340462e+00 -1.275886268791681433e+00 4.401125085639340462e+00 1.836259560791932799e+01
1.605859594728236672e+01 -6.907074013010502611e+00 7.591352345813432656e+00 -6.907074013010502611e+00 -9.444854742478227649e+00 -1.214395427627509072e+01 7.591352345813432656e+00 -1.214395427627509072e+01 1.462552375167905083e+01
2.606994143202956238e+01 1.860146709001048038e+01 8.289802487458358682e-01 1.860146709001048038e+01 -1.973795862055758832e+01 8.983225044825950967e-01 8.289802487458358682e-01 8.983225044825950967e-01 2.668631225750805314e+01
-1.007739057455980358e+01 4.075503117053082214e+00 -1.105567115785683008e+00 4.075503117053082214e+00 -4.370708768557184953e+01 -9.102358060158991293e+00 -1.105567115785683008e+00 -9.102358060158991293e+00 -5.684324516888623613e+00
2.872996229173519822e+01 6.981552733613855644e+00 -4.924086776355386164e+00 6.981552733613855644e+00 -7.286984922164324807e+00 1.192636865900102094e+00 -4.924086776355386164e+00 1.192636865900102094e+00 4.647853820895237931e+01
4.448983521947155850e+01 -1.938823943565854746e+00 -1.268936458973536929e+01 -1.938823943565854746e+00 -2.459651254895304717e+01 6.901411073692097276e+00 -1.268936458973536929e+01 6.901411073692097276e+00 4.622798435235799275e+01
1.277380020079551848e+01 2.097826805194657496e+01 9.990811949420881355e-01 2.097826805194657496e+01 -4.192199368480829236e+01 -1.542705003237334793e+01 9.990811949420881355e-01 -1.542705003237334793e+01 9.992885705518439465e+00
4.502780322327146934e+01 -6.462176722372770854e+00 -1.524901209680752068e+01 -6.462176722372770854e+00 1.794776339393940390e+01 5.802973548141543425e+00 -1.524901209680752068e+01 5.802973548141543425e+00 5.307983523338153020e+01
4.958711753567860825e+01 3.708508249947235935e+00 3.971074251049436565e+00 3.708508249947235935e+00 1.151667020963593480e+01 -3.964696301709554227e+00 3.971074251049436565e+00 -3.964696301709554227e+00 5.829821287002481967e+01
2.884763735289611830e+01 7.155405006261347900e+00 -1.021160360429582603e+01 7.155405006261347900e+00 -4.404191310701890671e+01 -5.548594140472046021e+00 -1.021160360429582603e+01 -5.548594140472046021e+00 1.596245117989413664e+01
-2.391886597524302260e+01 -3.166769830729512680e+00 -6.382981008808743972e+00 -3.166769830729512680e+00 -6.697113929909698982e+01 -7.578379422090447280e-06 -6.382981008808743972e+00 -7.578379422090447280e-06 -3.936998423293675220e+00
