1.075950618046024054e+01 -7.343946407697422352e+00 1.210420198823902815e+01 -7.343946407697422352e+00 6.278507676944674820e+00 1.443683785591917346e+00 1.210420198823902815e+01 1.443683785591917346e+00 -3.576609035343023635e+01
-9.045869503089473129e-01 -1.472361052361746525e+00 -1.010648608108066782e+00 -1.472361052361746525e+00 2.926175544705847731e+00 2.988483041732611145e+00 -1.010648608108066782e+00 2.988483041732611145e+00 1.432965367074721463e+01
4.471186685442456898e+00 7.162579819352638211e+00 -7.781213640823535727e+00 7.162579819352638211e+00 1.481467963373572694e+01 -1.508210587225818955e+01 -7.781213640823535727e+00 -1.508210587225818955e+01 9.167313173875637489e+00
1.734207870132789608e+01 8.113808204055686701e+00 -7.497315258488007395e+00 8.113808204055686701e+00 -5.676713815932960649e+00 -1.362867884239722160e+00 -7.497315258488007395e+00 -1.362867884239722160e+00 1.766506038948756441e+01
-1.361777654117237546e+01 2.335524438858950447e+00 -4.652552707339036253e+00 2.335524438858950447e+00 -2.920512067516470012e+01 3.956930524563003981e+00 -4.652552707339036253e+00 3.956930524563003981e+00 -1.725056890491234185e+01
6.750643366147644997e+01 -3.325841949710975687e+00 4.041177044978293553e-01 -3.325841949710975687e+00 6.088383637600087894e+01 9.983340492363112162e+00 4.041177044978293553e-01 9.983340492363112162e+00 1.214260959567170772e+01
-3.334572362033685522e+01 9.434808969437034065e+00 -1.981006515900523723e+01 9.434808969437034065e+00 -3.818469372081910507e+01 -7.807846983639079141e+00 -1.981006515900523723e+01 -7.807846983639079141e+00 -6.610625505807165325e+01
-1.678953237308257185e-01 -3.263045898696041114e+00 -2.501369615643751487e-01 -3.263045898696041114e+00 -1.390190340731555452e+01 1.159422391677696140e+01 -2.501369615643751487e-01 1.159422391677696140e+01 -4.476717034712562082e+01
4.489706524647785812e+01 -8.840458602534420507e+00 8.706251788140177084e+00 -8.840458602534420507e+00 3.129100139649030154e+01 -1.563124802948120973e+01 8.706251788140177084e+00 -1.563124802948120973e+01 -1.137553514794977616e+01
1.822603728529755429e+01 1.923620103078036436e+01 4.464002196953132717e+00 1.923620103078036436e+01 2.559899007710064467e+01 -4.426696105781545931e+00 4.464002196953132717e+00 -4.426696105781545931e+00 -1.593970050109695080e+01
-4.738677610394685047e+01 7.263521536627730590e+00 1.246938498786843219e+01 7.263521536627730590e+00 -5.563260086153342598e+01 1.309222833105445183e+01 1.246938498786843219e+01 1.309222833105445183e+01 -6.919385122815069167e+01
-4.065354940378691140e+01 4.062760962666476239e+00 1.813801284322345353e+01 4.062760962666476239e+00 -4.939475011236933000e+01 9.038507089299651298e+00 1.813801284322345353e+01 9.038507089299651298e+00 -5.249193757981610275e+01
-3.754361748400915388e+01 1.014876137533855704e+01 1.321590525093896318e+01 1.014876137533855704e+01 -1.304352632189648808e+01 -4.623317066496273497e+00 1.321590525093896318e+01 -4.623317066496273497e+00 -6.727226745004939801e+01
-6.429842784252898014e+00 5.780088681039420528e+00 4.991393862478552101e+00 5.780088681039420528e+00 -8.426546482629211354e+00 1.137348833588730024e+01 4.991393862478552101e+00 1.137348833588730024e+01 -3.254801535494950571e+01
1.464495857555631098e+01 3.960653159889572894e+00 7.776588015928041386e+00 3.960653159889572894e+00 2.346269193512347684e+01 -2.288762342859341992e+00 7.776588015928041386e+00 -2.288762342859341992e+00 2.121511243008000491e+01
3.289880788565267000e+00 -1.837659326563329287e+01 3.470720442711813902e+00 -1.837659326563329287e+01 -7.561587899780703559e+00 4.179770111610104699e+00 3.470720442711813902e+00 4.179770111610104699e+00 -3.818456387059674739e+01
-1.203183828952563150e+00 1.644537133454013755e+01 1.845554083624269648e+00 1.644537133454013755e+01 -1.186505962146517668e+01 7.394297474762941746e+00 1.845554083624269648e+00 7.394297474762941746e+00 -3.219731684007859229e+01
4.204671835480863251e+01 1.127458218941122414e+00 -7.446568011523897702e-04 1.127458218941122414e+00 4.460848804847583438e+01 1.107515763269159770e+01 -7.446568011523897702e-04 1.107515763269159770e+01 -2.089362834873015728e+01
-4.874483908033235835e+00 -7.874837905620466927e+00 -1.098737446683234031e+00 -7.874837905620466927e+00 -2.433889422381415457e+01 -1.024074110507404850e-01 -1.098737446683234031e+00 -1.024074110507404850e-01 -4.119746510830307784e+01
6.989620617644810352e+00 5.618108858767303815e+00 1.018840254096242859e+01 5.618108858767303815e+00 1.013924214555346204e+01 -2.014510198716714218e+00 1.018840254096242859e+01 -2.014510198716714218e+00 -8.026748153692990329e+00
-2.363277512404238934e+01 2.095893670081865068e+01 3.585862804022536210e+00 2.095893670081865068e+01 -4.219914676896072336e+01 -9.993769397530593679e+00 3.585862804022536210e+00 -9.993769397530593679e+00 -7.458994750154599274e+01
-6.359626028050181290e+00 3.601507655472579561e+00 1.217001366914149951e+00 3.601507655472579561e+00 1.705959734683962381e+01 -1.316906889214698451e+00 1.217001366914149951e+00 -1.316906889214698451e+00 1.799277023614255100e+01
1.389062146416163657e+01 2.570600957468667502e+01 -7.341471797562441282e+00 2.570600957468667502e+01 1.188389216630065448e+01 2.725566442863997185e+00 -7.341471797562441282e+00 2.725566442863997185e+00 -5.163115838984678874e+01
-1.600000631321458755e+01 4.463401959651426831e-01 7.186373632214319684e+00 4.463401959651426831e-01 -2.712775625816489011e+01 -1.338539814097283731e+00 7.186373632214319684e+00 -1.338539814097283731e+00 -7.349616004703345595e+01
-1.360990858061477837e+01 -1.966056152935095058e+00 2.292033157127920440e+00 -1.966056152935095058e+00 -2.389420202981607488e+01 -6.724868766560459399e+00 2.292033157127920440e+00 -6.724868766560459399e+00 -5.860274228684361475e+01
-1.316131434426390889e+01 7.742710588997085530e+00 2.719293790003933964e+01 7.742710588997085530e+00 -9.164051280345319128e+00 4.902014450070500295e+00 2.719293790003933964e+01 4.902014450070500295e+00 -6.038416351708279706e+01
5.611498429526125875e+01 -1.214005431818677927e+01 -8.308326828372210926e+00 -1.214005431818677927e+01 5.888724184911843906e+01 -1.021253053635247809e+01 -8.308326828372210926e+00 -1.021253053635247809e+01 -2.390685751881363785e+01
-1.395775514803708717e+01 -6.112053198766321138e+00 -4.829989436911716894e+00 -6.112053198766321138e+00 -1.322739660301813558e+01 -2.838968347218572941e+00 -4.829989436911716894e+00 -2.838968347218572941e+00 -4.292518567901338855e+01
3.697329723068962437e+01 -1.590432134438248157e+00 1.895250793888913377e+00 -1.590432134438248157e+00 2.410585641094172971e+01 -1.015547488663372278e+01 1.895250793888913377e+00 -1.015547488663372278e+01 -1.775375422265618397e+01
2.969651296720678957e+01 8.378344157357171085e+00 3.794303924921220705e+00 8.378344157357171085e+00 2.255359850237756802e+01 -4.893148819719396414e+00 3.794303924921220705e+00 -4.893148819719396414e+00 -3.684151988924264209e+00
-1.957858080105875231e+01 -2.328753034121514354e+00 -5.444682657456370478e+00 -2.328753034121514354e+00 -2.336893362367722204e+01 -1.439850874351591870e+01 -5.444682657456370478e+00 -1.439850874351591870e+01 -6.479972342931101537e+01
5.764200431580460027e+00 1.281158329702472898e+01 1.405295321715860091e+01 1.281158329702472898e+01 -1.930945567702419652e+00 -3.018946020680219000e+00 1.405295321715860091e+01 -3.018946020680219000e+00 -3.581349587183620287e+01
2.631262298166824110e+00 9.898619787923336188e-01 8.960882252963971339e+00 9.898619787923336188e-01 1.769498566327528000e+00 -4.448342573225014362e+00 8.960882252963971339e+00 -4.448342573225014362e+00 2.126220969995238619e+01
-1.881403509925740991e+01 3.284529838020123993e+00 8.567482711476138491e+00 3.284529838020123993e+00 -4.576361193745968947e+00 -1.532835753229986331e+01 8.567482711476138491e+00 -1.532835753229986331e+01 1.551971812199517631e+00
3.612047943791019833e+01 -4.703079471791807187e+00 2.464747719551935834e+00 -4.703079471791807187e+00 2.418116570082369776e+01 -5.139647876902496471e+00 2.464747719551935834e+00 -5.139647876902496471e+00 -1.198946582893053225e+01
1.191276821912921591e+01 1.150271823770463797e+01 -3.353425666459591170e+00 1.150271823770463797e+01 7.383211509583127885e+00 -4.785659224616416907e+00 -3.353425666459591170e+00 -4.785659224616416907e+00 -5.534690259381353883e+01
6.478446432936841859e+01 -1.187858257349858837e+00 8.050184916771128130e+00 -1.187858257349858837e+00 3.437747068251982796e+01 -5.916461485797091413e+00 8.050184916771128130e+00 -5.916461485797091413e+00 9.380641731082731027e+00
1.424913445909607645e+01 -1.788940777038419938e+01 -1.592204948386581220e+00 -1.788940777038419938e+01 8.415662069746323581e+00 1.346429300740565438e+01 -1.592204948386581220e+00 1.346429300740565438e+01 -4.689818124079641493e+00
-2.381385022958187392e+01 9.853825625369413643e+00 5.895109213879056176e-01 9.853825625369413643e+00 -2.301389056907369390e+00 4.570992955202632047e+00 5.895109213879056176e-01 4.570992955202632047e+00 -2.105331773323276323e+01
-2.054591419405844732e+01 -3.604338760537511899e+00 -1.611378511611423869e+00 -3.604338760537511899e+00 -6.902124363876436242e+00 1.204679699846383789e+00 -1.611378511611423869e+00 1.204679699846383789e+00 -5.430681834493288562e+00
-1.215202898842930779e+01 -1.092909996594531252e+00 1.402488723536227111e+00 -1.092909996594531252e+00 -2.787592045896377257e+01 2.741522391829756877e+00 1.402488723536227111e+00 2.741522391829756877e+00 -5.296273264461136421e+01
1.273150218976824810e+01 -1.614112165577361369e+00 9.486374397301549521e+00 -1.614112165577361369e+00 1.083243163103503548e+01 -8.074573518999441646e+00 9.486374397301549521e+00 -8.074573518999441646e+00 -1.682500603520400517e+01
9.297004899740171524e+00 -6.714258190247739400e+00 2.537490174324497971e+00 -6.714258190247739400e+00 5.360410991599384722e+00 -1.501824446878649333e+01 2.537490174324497971e+00 -1.501824446878649333e+01 -1.352127176858589230e+01
9.858979442059027321e+00 1.840479078604277774e+01 5.327819187752659502e+00 1.840479078604277774e+01 -1.693085313642042422e+01 1.143072369013568590e+01 5.327819187752659502e+00 1.143072369013568590e+01 -5.808579315332814730e+01
3.098111307665567793e+01 -6.327914804467752674e+00 5.298074285322133647e+00 -6.327914804467752674e+00 2.663875102357543412e+01 -1.223192598191819336e+01 5.298074285322133647e+00 -1.223192598191819336e+01 -1.046756886738778647e+01
-4.005227746668581545e+01 2.078616570414687459e+01 -1.918423298521472020e+01 2.078616570414687459e+01 -5.306346081731349074e+01 -6.726433157404803964e+00 -1.918423298521472020e+01 -6.726433157404803964e+00 -2.888587083767492558e+01
4.627003316139419731e+00 3.232588766034254490e+01 -3.257330060459708410e+00 3.232588766034254490e+01 8.135566141157369868e-01 -9.112694984566218181e+00 -3.257330060459708410e+00 -9.112694984566218181e+00 -6.719005314700500264e+01
5.962701174598743847e+01 -1.063827055269009669e+01 2.387377769639289493e-01 -1.063827055269009669e+01 4.853382321244881581e+01 -1.059935908531567827e+00 2.387377769639289493e-01 -1.059935908531567827e+00 4.507360366680715491e-02
-7.246803532561990835e+00 1.535278444837480727e+01 2.214508944197971285e+00 1.535278444837480727e+01 -1.728449976152966627e+01 -8.797047541307149388e+00 2.214508944197971285e+00 -8.797047541307149388e+00 -3.924677191337022464e+01
1.672610944268400601e+01 5.327073463741954562e+00 1.018818654019064773e+01 5.327073463741954562e+00 9.152510489492220458e+00 -8.724022441037229569e+00 1.018818654019064773e+01 -8.724022441037229569e+00 -2.381735944578846897e+01
6.165682761469096107e+01 8.005477512527559014e-01 8.660701823728302884e+00 8.005477512527559014e-01 6.572587040195030283e+01 4.485652438638243922e+00 8.660701823728302884e+00 4.485652438638243922e+00 2.972945393047253404e+01
-4.964460237261515196e+00 5.012785743646309022e+00 -1.046887014705635899e+01 5.012785743646309022e+00 -3.556439329577874275e+01 -1.693809355222378521e+00 -1.046887014705635899e+01 -1.693809355222378521e+00 -8.631082291693298103e+00
2.679384990883078288e+01 -9.404569006394565278e+00 -3.274566082424691382e-01 -9.404569006394565278e+00 2.124947137910746875e+01 4.908556573034514869e+00 -3.274566082424691382e-01 4.908556573034514869e+00 -1.550245572774361591e+01
-3.165004409048276912e+01 -7.539120115431875213e+00 1.050960243503180358e+01 -7.539120115431875213e+00 -9.898185010125649441e+00 -1.156390018741637826e+00 1.050960243503180358e+01 -1.156390018741637826e+00 5.139834688175924926e-01
-2.130042384072735118e+01 1.052156463700422684e+01 -2.330967926124025258e+00 1.052156463700422684e+01 -4.156293490415066572e+01 8.503397205427589256e+00 -2.330967926124025258e+00 8.503397205427589256e+00 -7.335573931909594592e+01
-1.611290066487700345e+00 1.996503794607989235e+01 -1.083684540865438528e+01 1.996503794607989235e+01 -6.166874481566952504e+00 -8.329094013596549662e-01 -1.083684540865438528e+01 -8.329094013596549662e-01 -4.929719167383154144e+01
-4.616017001910633688e+00 3.740292161322520847e+00 1.026070713638047849e+01 3.740292161322520847e+00 -1.702129130719626815e+01 -3.752514106450881570e+00 1.026070713638047849e+01 -3.752514106450881570e+00 -3.817098315070157355e+01
2.503648151447634262e+01 5.915301742461068990e+00 1.202794894026629891e+01 5.915301742461068990e+00 6.249083219567410197e+00 -5.265712063731594617e-01 1.202794894026629891e+01 -5.265712063731594617e-01 -1.656394740620651618e+01
1.387002971361929227e+01 9.080175536459176300e+00 6.624984816264053222e+00 9.080175536459176300e+00 1.852715797467311631e+01 -7.686361762653489693e-01 6.624984816264053222e+00 -7.686361762653489693e-01 1.371282579504925714e+01
4.231821900866262354e+01 8.868883563658162217e+00 8.914311491098885654e+00 8.868883563658162217e+00 4.168340141441889557e+01 -1.405390945342752573e+01 8.914311491098885654e+00 -1.405390945342752573e+01 -2.843435558607868430e+01
5.279915638450119530e+01 -6.305626719695806237e+00 -1.106533196009573006e+00 -6.305626719695806237e+00 3.437390112489546823e+01 1.070443701291012140e+01 -1.106533196009573006e+00 1.070443701291012140e+01 2.348705811131473453e+01
-3.492427038653845983e+01 4.089895229447899072e-01 -2.699151887795953897e+01 4.089895229447899072e-01 -3.300020387743547445e+01 1.145505548996020195e+00 -2.699151887795953897e+01 1.145505548996020195e+00 -5.249414476322014167e+01
3.902676131898290635e+01 -9.358353904358313713e+00 7.223137842132751896e-01 -9.358353904358313713e+00 2.881810562084810101e+01 -3.824424416210246758e+00 7.223137842132751896e-01 -3.824424416210246758e+00 4.540823880835994864e+00
4.615959114525178109e+01 -2.859781503756856580e+00 1.403001757880324440e+01 -2.859781503756856580e+00 3.814434413402899082e+01 -9.710637321734569838e+00 1.403001757880324440e+01 -9.710637321734569838e+00 -2.831801392106755699e+01
4.663072323654570539e+01 1.140389790636445433e+01 1.929708061282390252e+00 1.140389790636445433e+01 5.794711123968087918e+01 -1.302097298613957577e+01 1.929708061282390252e+00 -1.302097298613957577e+01 -8.556657120569237662e+00
3.894399912608209746e+01 1.099217790614136270e+01 9.123463949730943323e-01 1.099217790614136270e+01 3.985955017962709945e+01 -1.617323245225598338e+00 9.123463949730943323e-01 -1.617323245225598338e+00 -5.625033571690498668e-01
3.663383719460617272e+01 -9.034405799277598348e+00 1.988964675849241104e+01 -9.034405799277598348e+00 1.565488425892598734e+00 -6.219226564029701088e+00 1.988964675849241104e+01 -6.219226564029701088e+00 -2.555685348573155835e+01
1.929611500426703685e+01 -6.311573443625402291e+00 -9.430917795049071017e+00 -6.311573443625402291e+00 -6.343778652959364273e+00 -1.351668303145473971e+01 -9.430917795049071017e+00 -1.351668303145473971e+01 -2.400558895532183268e+00
-3.318599638496524307e+01 1.130102283307506639e+01 5.741262954216791670e+00 1.130102283307506639e+01 -1.610075882885862120e+00 -1.397860169350379778e+01 5.741262954216791670e+00 -1.397860169350379778e+01 1.591641245725712928e+01
-2.079294085930391489e+01 1.247183607546231343e+01 1.473275523424700495e+01 1.247183607546231343e+01 -3.671333183758295604e+01 3.235166569415538262e+00 1.473275523424700495e+01 3.235166569415538262e+00 -4.078654889345312284e+00
2.188849743966069283e+01 -5.406811718975220726e-01 2.442685340618381673e+01 -5.406811718975220726e-01 2.674661008472197921e+01 -3.709641947496047809e+00 2.442685340618381673e+01 -3.709641947496047809e+00 -3.352964196339321745e+01
-2.567802834537773649e+01 1.391181052894009840e+00 6.836356545238741589e+00 1.391181052894009840e+00 -7.740876658106795816e+00 6.993886042967786487e+00 6.836356545238741589e+00 6.993886042967786487e+00 5.410774608752802806e+00
-3.987952517071809666e+01 2.821779454755418914e+00 9.111056030208072087e+00 2.821779454755418914e+00 -3.800506659326744341e+01 5.440817644396531705e+00 9.111056030208072087e+00 5.440817644396531705e+00 -6.052172371201832135e+01
2.264843634921959392e+01 -1.613775887533779541e+00 -4.641495649931467460e-01 -1.613775887533779541e+00 9.096892512331569591e+00 -3.662311820205701451e+00 -4.641495649931467460e-01 -3.662311820205701451e+00 -3.006963849477803663e+01
4.233805786980501296e+01 -4.733856419334321330e+00 3.523123018348445878e+00 -4.733856419334321330e+00 1.423443524928598691e+01 -1.061568084886328656e+01 3.523123018348445878e+00 -1.061568084886328656e+01 -8.900153015528124101e+00
5.157261501102578194e+01 1.173872329063714837e+01 -2.102220236271608034e+00 1.173872329063714837e+01 5.305369362557195245e+01 -2.181950894693557963e+00 -2.102220236271608034e+00 -2.181950894693557963e+00 4.141838487240880085e+01
7.321708331269066505e+00 -9.278545080024136027e+00 -4.526027797004475994e-01 -9.278545080024136027e+00 -6.556005016057354418e+00 -2.315044191517257044e+00 -4.526027797004475994e-01 -2.315044191517257044e+00 -2.178541357712392923e+01
2.649336200418656517e+01 -8.109433447634097902e+00 -4.178397877789570281e+00 -8.109433447634097902e+00 1.954961680602070828e+01 -8.034069054797688736e+00 -4.178397877789570281e+00 -8.034069054797688736e+00 -3.895088691231737954e+01
-9.341714267523341775e+00 5.977460156436007033e+00 -3.509752077768592549e-01 5.977460156436007033e+00 -3.477466201855108352e+01 -6.174938174792131917e+00 -3.509752077768592549e-01 -6.174938174792131917e+00 -3.431679216947350852e+01
-1.271682148880155339e+01 -1.540593636369657560e+01 1.333280754371156007e+01 -1.540593636369657560e+01 9.912925454221305444e+00 -1.010919796310882290e+01 1.333280754371156007e+01 -1.010919796310882290e+01 -1.700912153447799113e+00
3.399378955012591064e+01 3.183793816459428605e+00 -5.885817987323072042e-01 3.183793816459428605e+00 5.002772454025360105e+01 6.925879215751226781e+00 -5.885817987323072042e-01 6.925879215751226781e+00 2.387977191545567734e+01
-6.088340308825015867e+00 -1.560502270118010060e+01 -1.067097154129135461e+01 -1.560502270118010060e+01 1.639851738884547272e+00 4.136038447275987018e+00 -1.067097154129135461e+01 4.136038447275987018e+00 -7.256952479846123083e+01
2.202195511698604946e+00 9.253483997051919374e+00 -3.097255618188647364e-01 9.253483997051919374e+00 1.876463576751579154e+01 6.994153907193195074e+00 -3.097255618188647364e-01 6.994153907193195074e+00 1.884873389342768135e+01
1.387572829495296745e+01 1.181559634161279426e+01 1.950828632911866833e+01 1.181559634161279426e+01 -8.008022047076591932e+00 -1.053530465709219222e+01 1.950828632911866833e+01 -1.053530465709219222e+01 -5.154493403455323630e+01
4.597102007353912256e+01 -1.446835197268860895e+01 -1.307206662620762216e+01 -1.446835197268860895e+01 3.773739264318927411e+01 -3.986164842615660397e+00 -1.307206662620762216e+01 -3.986164842615660397e+00 7.609451343336047779e-01
-2.627580824560048001e+01 -1.498345714464960210e+01 -7.232296543385615450e+00 -1.498345714464960210e+01 -6.650595158089914527e+00 8.281625396511712367e+00 -7.232296543385615450e+00 8.281625396511712367e+00 -5.777240623125324959e+01
5.695269350227658567e-01 -7.921408268507907913e+00 -7.732395526305008815e+00 -7.921408268507907913e+00 -6.126927576767221773e+00 5.434729550348904148e+00 -7.732395526305008815e+00 5.434729550348904148e+00 -3.650202975057463561e+01
-4.787362149461418803e-01 -4.602836289302041806e+00 6.775486811254781416e-02 -4.602836289302041806e+00 -4.223481454999708617e+00 -1.054837922141923912e+01 6.775486811254781416e-02 -1.054837922141923912e+01 1.789646638528310518e+01
3.996368592159740274e+01 6.727917140389305217e+00 2.134272840600509369e+01 6.727917140389305217e+00 5.438506130857303589e+01 -1.689625087241028467e+01 2.134272840600509369e+01 -1.689625087241028467e+01 -7.003926849154150425e+00
2.395464442253913973e+01 1.541718983608459581e+01 1.144215563319516704e+01 1.541718983608459581e+01 1.494365511962960191e+01 3.912550159651603909e+00 1.144215563319516704e+01 3.912550159651603909e+00 -8.935162530331908215e+00
1.293692073742835014e+01 -4.633613897031218620e+00 6.210072333464479177e-01 -4.633613897031218620e+00 1.732559915054636335e+01 8.430265504199848658e-01 6.210072333464479177e-01 8.430265504199848658e-01 2.465975629706425210e+01
-4.008042596117628165e+01 5.053728795606180491e-01 -7.545649074713670634e-01 5.053728795606180491e-01 -3.616113774821720028e+01 -5.689969238845962174e+00 -7.545649074713670634e-01 -5.689969238845962174e+00 -5.189904186998791857e+01
-7.426538178706032500e-01 -3.642879474402492157e+00 8.861439511075920095e+00 -3.642879474402492157e+00 -1.981846703742367666e+01 -1.227089114943719222e-01 8.861439511075920095e+00 -1.227089114943719222e-01 -5.329379944502990440e+01
-2.667887322440029152e+01 -6.663774149288199666e+00 -7.325341453912113110e+00 -6.663774149288199666e+00 -2.115212587821196166e+01 3.375667478763253015e+00 -7.325341453912113110e+00 3.375667478763253015e+00 -2.804998475769159683e+01
-2.836593249235062331e+01 -4.890410321437421715e+00 6.556593574377112432e+00 -4.890410321437421715e+00 -3.946071058188130820e+01 4.328079360311559931e+00 6.556593574377112432e+00 4.328079360311559931e+00 -6.590028793183232381e+01
2.622247812906871811e+00 8.172392891123440251e+00 2.191929290478115133e-01 8.172392891123440251e+00 -3.910247781923125387e+01 -1.635268580617313505e+00 2.191929290478115133e-01 -1.635268580617313505e+00 -4.754913829975763662e+01
-4.585183071110683528e+01 -4.958833343185148124e+00 -8.005174078125760317e+00 -4.958833343185148124e+00 -4.712464130454824840e+01 4.522878035463846480e+00 -8.005174078125760317e+00 4.522878035463846480e+00 -2.969444862435892674e+01
1.626328655969662051e+01 9.139608578742237199e+00 -5.990520150307456326e+00 9.139608578742237199e+00 4.835510067605651052e+00 -1.358726602061362065e+01 -5.990520150307456326e+00 -1.358726602061362065e+01 -4.406192119145026709e+01
-1.438449770274231732e+01 7.339957113127796973e+00 6.992344465578802293e+00 7.339957113127796973e+00 -1.411197293910804795e+01 1.381199262117692284e+00 6.992344465578802293e+00 1.381199262117692284e+00 -3.244686779784782971e+01
1.270963158510899049e+01 5.822908139400166938e+00 -2.239873847254317596e+00 5.822908139400166938e+00 4.880606715584812072e+00 1.410370948889859921e+00 -2.239873847254317596e+00 1.410370948889859921e+00 -1.278665448409911365e+00
