-2.439933407296154400e+01 4.262995126906866439e+00 1.061920264349815790e+00 4.262995126906866439e+00 -2.348338047992822197e+01 6.389928423678204794e+00 1.061920264349815790e+00 6.389928423678204794e+00 -5.248781625749121105e+01
6.052212986101368131e+01 1.765454244749065094e+00 2.592170877357262526e+01 1.765454244749065094e+00 3.333302593648240730e+01 -7.449499196062354223e+00 2.592170877357262526e+01 -7.449499196062354223e+00 6.582918966922913739e+01
2.025625414111705069e+01 5.786663368205713809e+00 -8.443132296760701649e+00 5.786663368205713809e+00 1.488646949963921173e+01 2.378979071024362124e+00 -8.443132296760701649e+00 2.378979071024362124e+00 3.252253694729111544e+01
-3.695297573163408344e+00 -1.059630034256158382e+01 5.555275053034760546e+00 -1.059630034256158382e+01 -7.170514239569823189e+01 1.152481201448724413e+01 5.555275053034760546e+00 1.152481201448724413e+01 -2.152616569200865015e+01
-3.249712408222738702e+01 -9.654294804950307451e+00 -2.120686613999872705e+01 -9.654294804950307451e+00 -5.077348559247118231e+01 -2.087129162686519024e+01 -2.120686613999872705e+01 -2.087129162686519024e+01 1.035435797208831499e+00
-9.342877347474310312e+00 -2.704652088940056487e+00 -9.202701848435198784e+00 -2.704652088940056487e+00 -5.435284811031732488e+01 -1.382959664141158385e+01 -9.202701848435198784e+00 -1.382959664141158385e+01 -5.533439618729317999e+00
4.721696864132147198e+01 4.130989695324359445e+00 2.210969260795548674e+00 4.130989695324359445e+00 1.380152863230658866e+01 -1.593448320142298691e+01 2.210969260795548674e+00 -1.593448320142298691e+01 5.957682120066808551e+01
-3.200817826704781766e+01 -2.862342005998431027e+00 -3.875571839686251074e+00 -2.862342005998431027e+00 -2.212570812116861063e+01 -2.900406870608660537e+00 -3.875571839686251074e+00 -2.900406870608660537e+00 -2.798995086634338136e+01
5.290777076036827964e+01 4.691306254062743264e+00 -1.610655970317197117e+01 4.691306254062743264e+00 3.079944666961747846e+00 -7.709044848798456862e+00 -1.610655970317197117e+01 -7.709044848798456862e+00 4.027668587297768710e+01
-1.912152335266671832e+00 -1.454019240470159069e+00 -8.120366965650131164e+00 -1.454019240470159069e+00 -1.737180544383872061e+01 -1.778358127845258263e+00 -8.120366965650131164e+00 -1.778358127845258263e+00 2.345141511234360099e+00
-1.436331610475977705e+01 -2.517236529249326615e+00 -6.598609467630412340e+00 -2.517236529249326615e+00 -3.444424027726368820e+01 6.753317351212341890e+00 -6.598609467630412340e+00 6.753317351212341890e+00 -6.226415699584868513e+00
-1.897794847715510258e+01 -2.282248484774355823e+00 -1.700136563730663042e+01 -2.282248484774355823e+00 -1.100654570107211239e+00 9.031756252709946864e+00 -1.700136563730663042e+01 9.031756252709946864e+00 -2.287556923573819567e+00
-7.777864532870053083e+00 5.196593124564265587e+00 -1.443186818569654761e+01 5.196593124564265587e+00 8.068883554334341568e+00 -2.005348083836923756e+00 -1.443186818569654761e+01 -2.005348083836923756e+00 -2.131190853544182584e+00
-3.991659977296153983e+01 -2.810983344072960355e-01 3.941539788394463617e+00 -2.810983344072960355e-01 -4.510475181789325205e+01 -2.510670618213139971e-01 3.941539788394463617e+00 -2.510670618213139971e-01 -2.900929927949541565e+01
-2.976234698659969169e+01 1.074942499684956765e+01 -2.949230036845216674e+00 1.074942499684956765e+01 -3.420122358956915321e+01 4.361777060130584971e+00 -2.949230036845216674e+00 4.361777060130584971e+00 -6.795955428060622694e+00
-2.866446386639510990e+01 -6.883399073864144846e+00 -4.636064487292241409e+00 -6.883399073864144846e+00 8.298170680089350881e+00 1.185712082131488376e+00 -4.636064487292241409e+00 1.185712082131488376e+00 -5.925460567620937269e+01
2.428448413203670242e+01 -2.346360042808553481e-01 1.372617711757626502e+01 -2.346360042808553481e-01 7.889278766485053218e+00 -9.961913798463974956e+00 1.372617711757626502e+01 -9.961913798463974956e+00 3.399851376096694366e+01
-4.954689777745728918e+01 -3.111513045049746129e+00 7.050025787275768785e-01 -3.111513045049746129e+00 -3.433322119075069168e+01 7.397140311161495951e+00 7.050025787275768785e-01 7.397140311161495951e+00 -2.221631735960515286e+01
5.921296349436835982e+01 4.542702731398195581e+00 -1.883625911528857344e+01 4.542702731398195581e+00 1.023706857472618914e+01 3.848800478293808336e+00 -1.883625911528857344e+01 3.848800478293808336e+00 4.044348799352590618e+01
2.681696481363617490e+00 -1.319761719640466069e+01 9.377040526697095757e+00 -1.319761719640466069e+01 -2.158996319636048256e+01 2.120678834815751301e+01 9.377040526697095757e+00 2.120678834815751301e+01 -1.781230093752707688e+01
1.581021944512019495e+01 1.823165430420472433e+01 -5.395024857455076983e+00 1.823165430420472433e+01 -8.161889556284792846e+00 -1.272629378880954576e+01 -5.395024857455076983e+00 -1.272629378880954576e+01 -6.151755805073388927e+00
7.938938412303130576e+00 9.705568634797494543e-01 9.220042448976703553e-02 9.705568634797494543e-01 -3.667453390874547381e+01 -2.451738478368867824e+00 9.220042448976703553e-02 -2.451738478368867824e+00 2.222890547272773532e+01
3.559326448026404677e+01 -1.153943975880826933e+01 4.166542310614907763e+00 -1.153943975880826933e+01 -8.319587652629417462e+00 -2.008059243736211030e+01 4.166542310614907763e+00 -2.008059243736211030e+01 4.047110352158270530e+01
1.571318239345654000e+01 4.665420540060235766e+00 1.513887918193948856e+01 4.665420540060235766e+00 1.379059757040114675e+01 -1.379888018646061276e+01 1.513887918193948856e+01 -1.379888018646061276e+01 3.249761101819986209e+01
-1.887361640768812521e+01 8.979293369989514773e+00 -9.992265249330420929e-01 8.979293369989514773e+00 -6.175855974801353199e+01 4.360696813528512905e+00 -9.992265249330420929e-01 4.360696813528512905e+00 -4.023939379950579820e+00
-5.551680363043892186e+01 -2.301475217236599846e+01 9.553758500504429207e+00 -2.301475217236599846e+01 -3.327192972309565988e+01 8.023202475751245899e+00 9.553758500504429207e+00 8.023202475751245899e+00 -6.061783323534873347e+01
1.540530808560036391e+01 1.070009637507743250e+00 6.591286393779212105e+00 1.070009637507743250e+00 -1.345880732051839779e+01 -1.357544900389190090e+01 6.591286393779212105e+00 -1.357544900389190090e+01 2.648441880866402087e+01
-5.538222367478187635e+00 -3.942866040153757634e+00 -4.263805257258541204e+00 -3.942866040153757634e+00 -3.777534373329702078e+01 4.069861327184921329e+00 -4.263805257258541204e+00 4.069861327184921329e+00 -2.414770179664351346e+01
3.352592040173183818e+01 -5.584908279685499188e+00 1.176102549071413250e+01 -5.584908279685499188e+00 -3.210379430654195687e+01 -9.800874664725652607e+00 1.176102549071413250e+01 -9.800874664725652607e+00 2.379453049441671908e+01
-2.506993541280396087e+01 2.016136816599484760e+01 -1.101800739525150163e+01 2.016136816599484760e+01 -7.772761091526602328e+00 -3.924478405495035904e+00 -1.101800739525150163e+01 -3.924478405495035904e+00 4.498893382904364913e+00
4.395689160025028741e+01 -1.464970567343296359e+01 -2.225826389852969101e+01 -1.464970567343296359e+01 1.137176421770293100e+00 7.342141787340776382e+00 -2.225826389852969101e+01 7.342141787340776382e+00 3.734244627868613975e+01
-2.430355835885673343e+01 2.533047687302617135e+01 1.661306033153288908e+01 2.533047687302617135e+01 -2.835647663058659873e+01 1.733150647827313051e+01 1.661306033153288908e+01 1.733150647827313051e+01 -3.412925858969643400e+00
-7.330394170233930140e+00 2.759541850820160125e+00 -1.111788110097403504e+01 2.759541850820160125e+00 -4.004647797119033470e+01 1.772382683822592453e+00 -1.111788110097403504e+01 1.772382683822592453e+00 6.141213593302985885e+00
4.850190751725254934e+00 -1.604850090634972659e+01 1.138989181516685711e+01 -1.604850090634972659e+01 -3.777169595139355351e+01 -1.702531134769630938e+01 1.138989181516685711e+01 -1.702531134769630938e+01 6.970939018855683678e+00
-3.674023937983915289e+01 -7.706519173978153781e+00 7.227734267199004137e+00 -7.706519173978153781e+00 -4.165930768017540231e+01 1.657446100851449700e+01 7.227734267199004137e+00 1.657446100851449700e+01 -2.203530032297063102e+01
1.654156278313287132e+01 -9.601828376093786588e+00 2.286090915377795341e+01 -9.601828376093786588e+00 1.614911721141420742e+01 -3.108563945162167386e+00 2.286090915377795341e+01 -3.108563945162167386e+00 6.882111209386509998e+00
1.859514841869075674e+00 -8.183904764670710819e+00 7.549970071907302627e-01 -8.183904764670710819e+00 4.352048494334866291e+00 3.114511395367967506e+00 7.549970071907302627e-01 3.114511395367967506e+00 2.655210190945738802e+01
4.336353897991267559e+01 1.014134274531262481e+00 -5.248280421421059216e+00 1.014134274531262481e+00 -9.579156422872613375e-01 -4.583261775993772602e+00 -5.248280421421059216e+00 -4.583261775993772602e+00 4.156620445312191947e+01
-9.976377817473174758e+00 -3.017560340708931865e-01 6.512358253665117225e+00 -3.017560340708931865e-01 1.455899915946628198e+01 -2.069009494207025013e-01 6.512358253665117225e+00 -2.069009494207025013e-01 -4.091806516659825377e+01
2.356279541209856632e+01 -1.528524694960338692e+01 2.109131112892602022e+00 -1.528524694960338692e+01 -1.900488783134041526e+01 -5.201167989565578686e+00 2.109131112892602022e+00 -5.201167989565578686e+00 3.596348298402421051e+01
-5.401865466044670328e+00 4.311787671639156549e+00 -7.823465164625518220e-01 4.311787671639156549e+00 -5.897923297208109972e+01 -2.085012617079993902e+01 -7.823465164625518220e-01 -2.085012617079993902e+01 4.331684154092372729e+00
4.098264193259413446e+01 -2.604743598462033738e+00 1.094636161336679514e+01 -2.604743598462033738e+00 4.970256069212111161e-01 -5.800764580506927004e+00 1.094636161336679514e+01 -5.800764580506927004e+00 4.937404026785075217e+01
-3.054314780383627359e-01 -7.162577518971604995e+00 3.561639547634658065e+00 -7.162577518971604995e+00 2.852955065773207011e+01 -1.898987647752320740e+01 3.561639547634658065e+00 -1.898987647752320740e+01 -1.926522714215423093e+01
-4.092963947993021634e+01 -4.188010957752738683e+00 -5.966525853921197609e+00 -4.188010957752738683e+00 -6.381993753155882843e+01 -4.052446101349473473e+00 -5.966525853921197609e+00 -4.052446101349473473e+00 -5.882920217794111295e+01
3.439881907574541930e+00 -5.442172317114599700e+00 4.181467723914849444e+00 -5.442172317114599700e+00 -3.286289259042328048e+00 1.707632939074454015e+01 4.181467723914849444e+00 1.707632939074454015e+01 -1.211124317499365155e+01
3.544618272750965104e+01 7.287360228609119694e+00 6.007916279672900650e+00 7.287360228609119694e+00 -7.675984414002416045e+00 4.700289158143013957e+00 6.007916279672900650e+00 4.700289158143013957e+00 5.316673718984556984e+01
-1.722013340820925364e+01 -2.323762139747264754e+00 3.157461784480643519e-01 -2.323762139747264754e+00 -1.732793971232610986e+01 -8.391928243584301228e+00 3.157461784480643519e-01 -8.391928243584301228e+00 8.682899105690671249e+00
-5.685067046975711946e+01 2.204564266300776398e-01 -1.236100811043437053e+00 2.204564266300776398e-01 -3.623265004339679507e+01 6.521254365513987850e+00 -1.236100811043437053e+00 6.521254365513987850e+00 -3.181899043864297028e+01
-1.739519111590781719e+01 1.402512835055268070e+01 7.413215720511688644e+00 1.402512835055268070e+01 -3.979473905636336895e+01 -7.444499697649618497e+00 7.413215720511688644e+00 -7.444499697649618497e+00 2.360236545581269940e+00
-4.744873275755901787e+00 -1.098678463065162703e+01 -2.687772206076047610e+01 -1.098678463065162703e+01 -4.625018591564869297e+01 2.040469679250964230e+00 -2.687772206076047610e+01 2.040469679250964230e+00 2.633234462468303860e+01
