3.805348013600020618e+00 -1.535820037716486475e+01 -5.458200216672493887e+00 -1.535820037716486475e+01 7.822116986776213032e+00 -2.551235976942420880e+00 -5.458200216672493887e+00 -2.551235976942420880e+00 -1.191034813752287214e+01
2.718272825191040099e+01 -4.968468398324493163e-01 -2.047803493657007756e+00 -4.968468398324493163e-01 3.760482013810890578e+01 -5.739204341133244958e-01 -2.047803493657007756e+00 -5.739204341133244958e-01 5.166308577269435887e+01
-4.011407127288469354e+01 -2.412103429401240007e+00 4.902261187529025399e+00 -2.412103429401240007e+00 -3.706328107708650066e+01 -6.965443274133580331e+00 4.902261187529025399e+00 -6.965443274133580331e+00 -7.348626294765843170e+01
5.808616353811946631e+00 -2.433929918615898469e+00 -1.466663200365101005e+00 -2.433929918615898469e+00 1.645384784937074585e+01 1.312992200434954881e+01 -1.466663200365101005e+00 1.312992200434954881e+01 4.307040892331112758e+00
1.242107206795539831e+01 3.043811362997586922e+00 3.288005133065620811e+00 3.043811362997586922e+00 1.960061550100942540e+01 5.513887330523646879e-01 3.288005133065620811e+00 5.513887330523646879e-01 3.347604008306706902e+01
-1.945691226299400611e+00 5.785414930761392682e+00 -9.386967298697642681e-01 5.785414930761392682e+00 -3.424677605692241666e+00 1.953559822930580170e+00 -9.386967298697642681e-01 1.953559822930580170e+00 -2.596175649466654178e+01
3.335167347735122245e+00 -5.910288532125617778e+00 6.847674387534892659e+00 -5.910288532125617778e+00 -1.357696296562406602e+01 -8.708273926221873351e-01 6.847674387534892659e+00 -8.708273926221873351e-01 -4.961980469745611799e+01
-2.267753265030135523e+01 -1.341298245361953745e+00 -7.842175049946169096e+00 -1.341298245361953745e+00 4.282464928849166519e+00 -2.178981572174261583e+00 -7.842175049946169096e+00 -2.178981572174261583e+00 -4.960802770973276665e+01
-1.010297080407585035e+01 -6.623595988319009642e+00 -4.197927635542056279e+00 -6.623595988319009642e+00 -2.272417834931223179e+00 -2.405679748018763497e+00 -4.197927635542056279e+00 -2.405679748018763497e+00 2.159137704552468229e+00
-3.026564836158923910e+01 5.364970025173682266e+00 -5.160420493811997744e+00 5.364970025173682266e+00 -2.438296015322920951e+01 6.163793738799657085e+00 -5.160420493811997744e+00 6.163793738799657085e+00 -2.893560950716990021e+01
-1.336839570081725448e+01 1.174516868149687809e+01 -1.793988940368302210e+01 1.174516868149687809e+01 -2.159555362841046744e+01 1.119603069374668891e+01 -1.793988940368302210e+01 1.119603069374668891e+01 -5.776697100845396449e+01
-2.732900869647743392e+01 3.005254874890374683e+00 1.632240995250145232e+01 3.005254874890374683e+00 -1.026652612109606366e+01 1.063172484161441922e+01 1.632240995250145232e+01 1.063172484161441922e+01 -5.889775613748836491e+01
7.332966566282278498e-01 3.183567469659895011e+00 -5.387314936242224128e+00 3.183567469659895011e+00 4.486609259686394680e+00 -1.259357026089772802e+01 -5.387314936242224128e+00 -1.259357026089772802e+01 -2.800400817704568723e+01
3.314553978657800570e+01 -5.510389311655153222e+00 -9.984654796683965827e+00 -5.510389311655153222e+00 2.031959246456157686e+01 -1.058074994969907401e+01 -9.984654796683965827e+00 -1.058074994969907401e+01 -3.487312245924220377e+01
2.017278869000371344e+01 -4.467970211937420721e+00 5.242539877716370533e+00 -4.467970211937420721e+00 3.831912558491742615e+00 2.318324528379960725e+00 5.242539877716370533e+00 2.318324528379960725e+00 1.140334571070729908e+01
-6.700254506573794622e+00 9.851550524822727084e+00 1.855726015309776855e+01 9.851550524822727084e+00 -2.614555225362401814e+01 -2.590029851840862651e+00 1.855726015309776855e+01 -2.590029851840862651e+00 -2.378144575498604141e+01
-6.082937536864196204e+01 -1.752558939108683234e+01 1.086173257765433320e+01 -1.752558939108683234e+01 -4.854541356759345661e+01 6.190926873573989742e-01 1.086173257765433320e+01 6.190926873573989742e-01 -9.377526568359382964e+01
-4.832603641535715866e+01 1.356774723816353045e+01 -4.990326306058366690e+00 1.356774723816353045e+01 -6.852867557642042584e+01 -1.785660794562875608e+01 -4.990326306058366690e+00 -1.785660794562875608e+01 -7.549013069290096212e+01
-5.018417431577982768e+01 -6.755598397284868106e+00 -1.493129388031427141e+00 -6.755598397284868106e+00 -5.534613917851352483e+01 5.579290128299227991e-01 -1.493129388031427141e+00 5.579290128299227991e-01 -7.087712201674469270e+01
-3.519370383060426377e+01 1.088007985460597071e+00 -3.802110568552750536e+00 1.088007985460597071e+00 -3.022473163792233208e+01 -9.451644728555340436e+00 -3.802110568552750536e+00 -9.451644728555340436e+00 -5.878589720158701937e+01
2.345445278220381979e+01 6.123280888965592972e+00 -1.834465277017426343e+00 6.123280888965592972e+00 1.501058580227753936e+01 1.235864945287949723e+01 -1.834465277017426343e+00 1.235864945287949723e+01 2.736454345275579669e+01
-1.072471723447065095e+01 7.443495402745130107e+00 1.622703186414860888e+00 7.443495402745130107e+00 -1.089042161939178222e+01 9.032207032686573100e+00 1.622703186414860888e+00 9.032207032686573100e+00 -1.240872776598166460e+01
5.619648158398322657e+00 1.539805278394702714e+00 2.789600517896028697e-01 1.539805278394702714e+00 2.223162840025713649e+01 3.725424223557925463e-01 2.789600517896028697e-01 3.725424223557925463e-01 1.369193924277417018e+01
-3.127985998172470250e+00 1.307003228725315935e+01 -1.780651114438819960e+01 1.307003228725315935e+01 -1.581511161917137542e+01 -3.246411057794928112e+00 -1.780651114438819960e+01 -3.246411057794928112e+00 -4.870518902190229937e+01
-3.898889982498931150e+00 -4.988965777055676121e+00 -6.149696150257181415e+00 -4.988965777055676121e+00 8.864608677994105790e+00 -4.840279691601386824e-01 -6.149696150257181415e+00 -4.840279691601386824e-01 -1.803060975758975815e+01
6.507919173286701664e+00 1.075786991580888063e+01 -4.293703580953991406e+00 1.075786991580888063e+01 8.483138003330459753e+00 3.541145690414635894e+00 -4.293703580953991406e+00 3.541145690414635894e+00 -1.511854428642331172e+01
3.976766732595735476e+01 1.227117115831489746e+00 2.060534839368985072e+00 1.227117115831489746e+00 5.508716575398073445e+01 1.655227538204026017e+00 2.060534839368985072e+00 1.655227538204026017e+00 5.833514643597434457e+01
-1.146044966749339622e+01 -4.494344484266292739e+00 7.165930402256383225e+00 -4.494344484266292739e+00 -1.187409403720951495e+01 -7.640469050009598639e+00 7.165930402256383225e+00 -7.640469050009598639e+00 -5.395957033246502732e+01
-1.912051961051486160e+01 -8.413628585202521659e-01 1.065788004983659221e+01 -8.413628585202521659e-01 -2.178641327511877890e+01 -3.749650804691369577e-01 1.065788004983659221e+01 -3.749650804691369577e-01 -4.338677933142763976e+01
3.620216662736737590e+01 -3.992334647550656035e-01 -1.684063927201548339e+01 -3.992334647550656035e-01 4.307712209024365535e+01 -2.143649493852600507e+00 -1.684063927201548339e+01 -2.143649493852600507e+00 -2.015962711519457784e+01
-4.684359098349310102e+01 -2.363534723656273329e+01 5.807564685045351283e+00 -2.363534723656273329e+01 -3.165708702390796603e+01 -2.324494591948396138e+00 5.807564685045351283e+00 -2.324494591948396138e+00 -4.498376182953301594e+01
-3.767176140495393355e+01 7.567105350292519184e+00 7.104982437610009249e+00 7.567105350292519184e+00 -1.352945913920570931e+01 2.905904685493799100e+00 7.104982437610009249e+00 2.905904685493799100e+00 -2.650574512642715153e+00
7.944773571715431970e+00 5.620933822470936647e+00 3.733774716861014920e+00 5.620933822470936647e+00 -8.358190938553459404e+00 3.112671533814459490e+00 3.733774716861014920e+00 3.112671533814459490e+00 -4.966539725285581852e+01
-3.073188058085906249e+01 -1.251324119984707472e+01 1.394817966010004007e+01 -1.251324119984707472e+01 -1.052371022617911045e+01 8.027103814687054140e+00 1.394817966010004007e+01 8.027103814687054140e+00 -2.821538095807034097e+01
-1.763057467470715522e+01 -1.320344631723011375e+01 4.312179121141305194e-01 -1.320344631723011375e+01 -6.445886613728488257e+00 -6.342824825147035384e+00 4.312179121141305194e-01 -6.342824825147035384e+00 -4.384606897273769732e+01
-6.578004606083538874e+01 -1.404293666585418876e+01 7.304156955622850056e+00 -1.404293666585418876e+01 -5.466326611085896303e+01 -3.267453302200033249e+01 7.304156955622850056e+00 -3.267453302200033249e+01 -7.782101945119239872e+01
-1.109570305051139982e+01 4.203614232257228522e+00 6.346900583715928690e-01 4.203614232257228522e+00 5.806712960545805657e-01 9.301289138968958647e-02 6.346900583715928690e-01 9.301289138968958647e-02 1.145852856409311116e+01
-3.551816644828784320e+01 -3.480050979233486608e+00 7.698848135609972498e-01 -3.480050979233486608e+00 -2.482732289433176831e+01 3.479195896386528375e+00 7.698848135609972498e-01 3.479195896386528375e+00 -1.492748394354608088e+01
-3.400755831606686286e+01 3.512669742953119734e+00 1.034479223639177192e+01 3.512669742953119734e+00 -2.138618672271718424e+01 -1.468893805340095327e+01 1.034479223639177192e+01 -1.468893805340095327e+01 -6.419588747995608458e+01
5.293068141933438397e+01 -5.408534254429942401e+00 -7.152774630481312457e+00 -5.408534254429942401e+00 5.519727638650870460e+01 -7.986762677232383645e+00 -7.152774630481312457e+00 -7.986762677232383645e+00 2.746350336861481978e+01
3.679618065971504848e+01 1.763948383632246042e+00 -1.945751609257075465e+00 1.763948383632246042e+00 3.518736362737645607e+01 2.309447149501160368e+00 -1.945751609257075465e+00 2.309447149501160368e+00 -1.286944663177693648e+01
-3.184436369440233605e+01 -1.233072284996483248e+01 5.066032793944208024e+00 -1.233072284996483248e+01 -1.686576945098605051e+01 3.269962839288776735e+01 5.066032793944208024e+00 3.269962839288776735e+01 -3.523176821339610854e+01
-4.519878206145117616e+01 -1.278820516435518506e+01 -1.115261358959649307e+01 -1.278820516435518506e+01 -4.794983123085064847e+01 4.604418580181447673e+00 -1.115261358959649307e+01 4.604418580181447673e+00 -6.352286144578267368e+01
1.811801158122430877e+01 -1.725659983344353776e+00 -1.361439073474556416e+01 -1.725659983344353776e+00 -5.540064821284502727e+00 1.612872423718082970e+01 -1.361439073474556416e+01 1.612872423718082970e+01 -4.327469902898206655e+00
-3.780240052928089511e+01 -1.934878288766208954e+01 -6.181834317789821398e+00 -1.934878288766208954e+01 -5.108023284229602723e+01 4.766666324454400083e+00 -6.181834317789821398e+00 4.766666324454400083e+00 7.363565922640835204e+00
-1.243421339526093838e+01 -1.205723090169611211e+01 -7.088848028323599948e+00 -1.205723090169611211e+01 -2.512750830947183900e+01 -1.666585302678677394e+01 -7.088848028323599948e+00 -1.666585302678677394e+01 -2.163058760938223557e+01
1.067369665072772733e+01 1.184441759843267761e+01 -7.906423066181461401e+00 1.184441759843267761e+01 2.159456626196316975e+01 2.306739228560310551e+01 -7.906423066181461401e+00 2.306739228560310551e+01 -2.320966675201193752e+01
1.824019870465956217e+01 7.330610970542590366e+00 1.934870651493010030e+01 7.330610970542590366e+00 1.317918503472880154e+01 -2.277225347157305180e+01 1.934870651493010030e+01 -2.277225347157305180e+01 -1.552530007625584751e+01
-2.605875698318340383e+01 1.088772947817966141e+01 5.210606034824442290e+00 1.088772947817966141e+01 -7.105267096139581895e+01 -1.238931657157238142e+01 5.210606034824442290e+00 -1.238931657157238142e+01 -3.047026450278834275e+01
1.066156470546629365e+01 1.157251595198582628e+01 1.408715423243750742e+01 1.157251595198582628e+01 2.445698309837910855e+01 -2.204688032894785987e+00 1.408715423243750742e+01 -2.204688032894785987e+00 8.027311528767192783e+00
2.321620183261821424e+01 5.800774165757720091e+00 9.647364083661612355e+00 5.800774165757720091e+00 2.126190112481510042e+01 1.044625193342471059e+00 9.647364083661612355e+00 1.044625193342471059e+00 7.486401770557309376e+00
-1.448599573385885186e+01 -5.519339767478010472e+00 -2.271193766001940784e+00 -5.519339767478010472e+00 -3.367059956128966292e+01 3.440066738073181529e+00 -2.271193766001940784e+00 3.440066738073181529e+00 -1.839751299534118445e+01
-3.982310323910944305e+01 -6.919553109601762841e+00 -1.372740881809640889e+01 -6.919553109601762841e+00 -6.945346277845096061e+00 -1.118871349644832769e+01 -1.372740881809640889e+01 -1.118871349644832769e+01 -4.195779683487945988e+01
3.600446336960734328e+01 -4.972766675754052734e+00 5.156265204649732148e+00 -4.972766675754052734e+00 1.990156436160386377e+01 -1.703649123107911612e+00 5.156265204649732148e+00 -1.703649123107911612e+00 3.294098041765231955e+01
-1.051046945227793117e+01 1.427197477683168003e+01 1.032426107690997874e+01 1.427197477683168003e+01 -1.654739872672876189e+01 -3.334768275395934900e+00 1.032426107690997874e+01 -3.334768275395934900e+00 -1.340374837927829965e+01
6.560110486859940693e+00 -1.819016663162751901e-01 -1.119649636245402480e+00 -1.819016663162751901e-01 3.241326491876509408e+01 1.691539682313980109e+01 -1.119649636245402480e+00 1.691539682313980109e+01 -1.958375688003406001e+00
-5.230956536428669423e+00 1.004355989131744842e+01 4.870381461585431282e+00 1.004355989131744842e+01 -1.708992438468303732e+01 3.723711202725223490e+00 4.870381461585431282e+00 3.723711202725223490e+00 -1.607540341767829517e+01
1.611793231708578134e+01 -1.149926967428830515e+01 -4.620492842966336333e+00 -1.149926967428830515e+01 -8.415512028938815448e+00 6.717673461458120165e-01 -4.620492842966336333e+00 6.717673461458120165e-01 -1.712333752818063104e+01
9.019627519996422649e+00 3.159824910709078782e+00 -9.289109485955734158e+00 3.159824910709078782e+00 2.131728379311091714e+01 -1.507279083718885637e+01 -9.289109485955734158e+00 -1.507279083718885637e+01 -1.169222231472717688e+01
3.285911642100477792e+01 8.055652983645959608e+00 -6.707153934832858155e+00 8.055652983645959608e+00 3.598342963790275917e+01 -1.402943144147327459e+01 -6.707153934832858155e+00 -1.402943144147327459e+01 4.990826639580146384e+00
-3.389868396296684239e+01 1.363427833008683310e+00 8.642730415135773114e+00 1.363427833008683310e+00 -1.223963015550328315e+01 1.159531706051299516e+01 8.642730415135773114e+00 1.159531706051299516e+01 -1.119797501333103718e+01
3.185421468437476733e+01 2.522276953909131869e+00 -1.248149408803322835e+01 2.522276953909131869e+00 3.436081052129225100e+01 3.413737991806077510e+00 -1.248149408803322835e+01 3.413737991806077510e+00 1.922849212210837422e+01
-2.580957128481619733e+01 -3.591528423197314357e+00 -8.122234010291563777e+00 -3.591528423197314357e+00 1.734145207844629999e+00 2.707963973568823679e+00 -8.122234010291563777e+00 2.707963973568823679e+00 -4.449054953467482676e+01
-3.595287668973277562e+01 -1.591934379898017893e+00 -1.498741065652565574e+01 -1.591934379898017893e+00 7.709407424968131473e+00 -1.450204514057530680e+01 -1.498741065652565574e+01 -1.450204514057530680e+01 -5.632650156944186470e+00
4.280947320007587109e+01 1.312033092018519298e+01 -1.451647619681620816e+00 1.312033092018519298e+01 4.436977637738762326e+01 -5.252048920727304449e+00 -1.451647619681620816e+00 -5.252048920727304449e+00 1.931514332262282707e+01
3.900345297171595949e+00 1.969917899837088537e+00 7.900267301496236350e+00 1.969917899837088537e+00 1.238713530353341419e+01 5.142336391328147904e+00 7.900267301496236350e+00 5.142336391328147904e+00 -1.220239518311825044e+01
1.089451233595458479e+00 2.475547234323851598e+00 8.866453273860431139e+00 2.475547234323851598e+00 -4.916409870800166004e+00 -6.074373974842635526e+00 8.866453273860431139e+00 -6.074373974842635526e+00 -2.303002492260579714e+01
-3.355786563078584095e+01 -1.988588223534942045e+01 -1.475948076815673993e+01 -1.988588223534942045e+01 -3.180124162013886036e+01 7.239133931044210435e+00 -1.475948076815673993e+01 7.239133931044210435e+00 -3.580816118542838211e+01
-3.262836977081392575e+01 -2.031925260453502968e+00 -1.236697659807014027e+01 -2.031925260453502968e+00 -1.233620014219911987e+01 -3.268821330340518916e+00 -1.236697659807014027e+01 -3.268821330340518916e+00 -3.483520877910270741e+01
5.674712866579183945e+00 -2.135463901070617343e+00 -6.721587279011891347e-01 -2.135463901070617343e+00 9.541502430439708249e+00 1.537000307795878307e+01 -6.721587279011891347e-01 1.537000307795878307e+01 -2.938248117598764608e+01
1.815807112456877803e+01 -4.267107634695504470e-01 1.542807940484319396e+01 -4.267107634695504470e-01 4.659805713863016052e+01 -2.050509713760775909e+01 1.542807940484319396e+01 -2.050509713760775909e+01 1.175983798689298476e+00
3.368894076248173519e+01 -1.432128663165913629e+01 -2.695155972226236929e-01 -1.432128663165913629e+01 4.877743048010903948e+01 -8.888780407642556725e+00 -2.695155972226236929e-01 -8.888780407642556725e+00 2.173301280938486713e+01
2.119069476655037221e+01 6.335159542841751090e+00 5.794025210035415263e+00 6.335159542841751090e+00 1.582942973365658190e+01 1.537268039065766700e+00 5.794025210035415263e+00 1.537268039065766700e+00 -3.769640023118927274e+01
-3.468523733663522535e+01 6.669524096196021823e+00 8.534984796784476302e+00 6.669524096196021823e+00 -3.512496671714587393e+01 -1.534679588884788437e+01 8.534984796784476302e+00 -1.534679588884788437e+01 -4.720889032981722266e+01
2.945233053279818947e+01 2.900765978517932719e+00 4.891715290856525122e+00 2.900765978517932719e+00 3.845199430636889559e+01 -2.138604507305268854e+00 4.891715290856525122e+00 -2.138604507305268854e+00 4.946171446755004553e+01
3.665312022664356562e+01 -8.932367087336025691e+00 -9.370222821557572246e+00 -8.932367087336025691e+00 4.638663911298879583e+01 -1.601876746055874179e+01 -9.370222821557572246e+00 -1.601876746055874179e+01 -1.551503209513620751e+00
2.434857666137979848e+01 -3.984933357458444014e+00 6.365550129728632989e+00 -3.984933357458444014e+00 1.577074606243558996e+01 -1.901826947626812014e+01 6.365550129728632989e+00 -1.901826947626812014e+01 -8.167081338633039422e+00
3.167593208260010940e+01 -1.015208927646733272e+01 1.733610633432299153e+01 -1.015208927646733272e+01 3.205112607238638134e+01 2.884780912354754978e+00 1.733610633432299153e+01 2.884780912354754978e+00 -3.863585012080181968e+01
2.776510464958436586e+01 1.025250636312576802e+01 -1.657293608298489573e+01 1.025250636312576802e+01 3.113344729711112180e+01 -6.281253740477371617e-01 -1.657293608298489573e+01 -6.281253740477371617e-01 -1.830866800415280693e+01
1.459099240651120155e+01 -2.062054049418018842e+00 3.316630022334383199e+00 -2.062054049418018842e+00 1.959748030999057988e+01 1.570934137421658328e+01 3.316630022334383199e+00 1.570934137421658328e+01 -3.920985741821827730e+01
-5.765269937423643576e+00 -2.709993592778626059e+00 -6.001503942916868617e+00 -2.709993592778626059e+00 1.003112146439279861e+01 4.691518740969445211e+00 -6.001503942916868617e+00 4.691518740969445211e+00 -3.741289939296226663e+01
2.671337874488140685e+01 7.090635289701596733e+00 -9.536893214401240826e+00 7.090635289701596733e+00 2.818785612460430912e+01 4.527849573052840526e+00 -9.536893214401240826e+00 4.527849573052840526e+00 2.185307920028907347e+01
3.138356402541728585e+01 -1.526639481446992352e+00 1.990934969920885145e+00 -1.526639481446992352e+00 3.749415649434723008e+01 2.957353085020046013e+00 1.990934969920885145e+00 2.957353085020046013e+00 4.576987467411367305e+01
-4.793846059544307536e+01 -4.864206041259401481e+00 -1.434843698892638564e+01 -4.864206041259401481e+00 -8.443705715342220586e+00 6.890503858489923417e+00 -1.434843698892638564e+01 6.890503858489923417e+00 1.014461491959826844e+01
1.507791598273489697e+01 -4.065409550736704958e+00 1.259097641039884508e+01 -4.065409550736704958e+00 7.736093997821821056e+00 -1.237717799187645618e+01 1.259097641039884508e+01 -1.237717799187645618e+01 -1.792204209067807241e+01
-8.997477421816705956e+00 -5.454549655159025789e+00 -2.472731036578832864e+00 -5.454549655159025789e+00 3.274341749622904918e-01 1.207914045153947846e+01 -2.472731036578832864e+00 1.207914045153947846e+01 -1.310718848225200439e+01
2.896595386010230300e+01 -1.255847219047142893e+01 -2.110515895484926929e+01 -1.255847219047142893e+01 1.645875019419334606e+01 -7.359461102277348843e+00 -2.110515895484926929e+01 -7.359461102277348843e+00 -1.885558788691382404e+01
-4.282416595449070940e+01 -3.836137984465440187e+00 6.814916543253582981e-01 -3.836137984465440187e+00 -9.368570885407583759e+00 -1.173788891070436868e+01 6.814916543253582981e-01 -1.173788891070436868e+01 -6.167410584239380711e+01
-3.088407846769089193e+00 1.210672108632848776e+01 -3.131087078809717372e+00 1.210672108632848776e+01 -2.194079586522855863e+01 -1.064789842576026579e+01 -3.131087078809717372e+00 -1.064789842576026579e+01 -1.653736646212461636e+01
-7.961485043907445380e+00 1.135040451843160270e+01 3.008008551996196100e+00 1.135040451843160270e+01 -1.122507113145010393e+01 -4.851592717934808618e+00 3.008008551996196100e+00 -4.851592717934808618e+00 -1.372469236407423310e+01
-2.622514887370494208e+01 -1.504980569502284027e+01 -2.157332859070728137e+00 -1.504980569502284027e+01 1.046532536744136266e+01 -2.151687217722375589e+00 -2.157332859070728137e+00 -2.151687217722375589e+00 -4.921012303655657405e+01
1.875631062278552363e+01 -1.614929075263269898e+00 -4.999148675416348553e+00 -1.614929075263269898e+00 2.178418256674954989e+01 2.746343317519708283e+00 -4.999148675416348553e+00 2.746343317519708283e+00 3.444662432230996529e+01
-1.418666979687046670e+01 1.610287451409345749e+01 2.740581629337254466e+00 1.610287451409345749e+01 -2.734340811778142211e+01 -1.024724736574344774e+01 2.740581629337254466e+00 -1.024724736574344774e+01 5.890009876730475824e+00
-1.241434974730732677e+01 1.953989050969739960e+00 -1.345034711000125505e+01 1.953989050969739960e+00 4.387952559399653119e+00 1.249681417381157900e+01 -1.345034711000125505e+01 1.249681417381157900e+01 -2.651041873128481541e+01
-5.838858798073276013e+00 -1.867083336070670674e+00 4.531277180419540640e-01 -1.867083336070670674e+00 -7.841372093658934839e-01 4.534478200912033685e+00 4.531277180419540640e-01 4.534478200912033685e+00 -3.343282586054734828e+00
1.833810341001997246e+00 -8.837741828685491186e+00 -9.350323894085953214e+00 -8.837741828685491186e+00 1.863304677005245824e-01 2.098060420272704718e+01 -9.350323894085953214e+00 2.098060420272704718e+01 -3.746982566604736320e+01
-4.222844753709161836e+01 1.153877386598743948e+00 -2.544190560022117609e+01 1.153877386598743948e+00 -5.576074391278231701e+01 -1.229180797754527932e+00 -2.544190560022117609e+01 -1.229180797754527932e+00 -5.360577193105056892e+01
-2.372440589660910248e+01 1.203727636491613573e-01 -3.023541609078506998e+00 1.203727636491613573e-01 -2.459926826476537087e+01 -3.879621621308260160e-01 -3.023541609078506998e+00 -3.879621621308260160e-01 -8.197537663216113657e+00
9.299643868443071781e+00 -3.082751436039169235e+00 2.835842460234712092e+00 -3.082751436039169235e+00 9.909733234462919427e+00 4.549657382412983786e+00 2.835842460234712092e+00 4.549657382412983786e+00 3.788230619858270476e+00
3.624419693182731095e+01 -1.305953905479403099e-01 1.882813774111074068e+01 -1.305953905479403099e-01 2.047836996661077791e+01 -7.309019764962434884e+00 1.882813774111074068e+01 -7.309019764962434884e+00 -1.465930433994929238e+01
