5.360660419596280590e+00 -3.030129388338462793e-01 5.455647374863563215e+00 -3.030129388338462793e-01 2.430594694418117818e+00 -1.187767585717476093e+00 5.455647374863563215e+00 -1.187767585717476093e+00 1.808848528171357883e-01
-1.289193240667538198e+01 -3.899116422388350656e-01 7.205981710209342916e-02 -3.899116422388350656e-01 -1.998084434623757488e+01 1.081923749652513811e+00 7.205981710209342916e-02 1.081923749652513811e+00 -6.564465985091491262e+00
-1.169690039535359327e+00 1.328543251384544766e+00 -3.042638095203119564e-01 1.328543251384544766e+00 -4.439749916190794288e+00 1.521248814507630553e-01 -3.042638095203119564e-01 1.521248814507630553e-01 1.108397618463299761e+00
1.580944847942893583e+00 -1.061934473376980881e+00 9.315485788352363405e-01 -1.061934473376980881e+00 -5.555082639980874148e+00 -1.368670853706542401e+00 9.315485788352363405e-01 -1.368670853706542401e+00 -4.238529451448340701e+00
-3.891129739198716742e+00 -2.706470179628273964e+00 5.843116567272894635e+00 -2.706470179628273964e+00 -4.362540198945444203e+00 7.109899779931205810e-01 5.843116567272894635e+00 7.109899779931205810e-01 -2.776608522817379798e-01
8.188308195638722253e+00 4.036558841766150429e+00 4.927095529006972341e-02 4.036558841766150429e+00 1.182221855711501313e+01 -2.844781954990629913e+00 4.927095529006972341e-02 -2.844781954990629913e+00 1.425114029161586160e+01
-3.686142101031535390e-01 5.649430199873265446e-01 -1.538918413380868100e-01 5.649430199873265446e-01 1.781791899701448800e+00 -3.849728413380398173e+00 -1.538918413380868100e-01 -3.849728413380398173e+00 5.056441208436832646e+00
-1.956922922116221031e+01 1.144549811755495972e+00 -3.689740946473579752e-01 1.144549811755495972e+00 -2.209397418451101203e+01 2.484045509019378040e-01 -3.689740946473579752e-01 2.484045509019378040e-01 -1.442846735686364745e+01
-5.267301556059530654e+00 4.483918497932900316e+00 1.418738138022221706e+00 4.483918497932900316e+00 -1.813891117159404587e+01 3.134566246228629005e+00 1.418738138022221706e+00 3.134566246228629005e+00 -1.911142603618775482e+01
-1.955416085572079465e+00 3.172345355145964163e+00 1.510961385778019972e+00 3.172345355145964163e+00 -3.606619229024920603e+00 -3.642572692446905958e+00 1.510961385778019972e+00 -3.642572692446905958e+00 -3.567657313931137386e-01
-1.008086811076541522e+01 5.447223424971646466e+00 5.995289154279532795e+00 5.447223424971646466e+00 -1.008874950848812624e+01 -1.528373983046368956e+00 5.995289154279532795e+00 -1.528373983046368956e+00 -4.425514777795062749e+00
8.274628429273816366e+00 -6.337206803994412496e+00 6.901988262787513762e+00 -6.337206803994412496e+00 2.412416846100145396e+00 2.529999573493995069e+00 6.901988262787513762e+00 2.529999573493995069e+00 4.550810667037863411e+00
-1.478176993925917726e+00 -2.956318760282439229e+00 -2.441946928498729186e+00 -2.956318760282439229e+00 -1.868822556475804308e+00 -5.324139837257391150e+00 -2.441946928498729186e+00 -5.324139837257391150e+00 -1.168075746043821361e+00
-5.800680357756658800e+00 -2.060372849564397146e+00 6.432045714373519019e+00 -2.060372849564397146e+00 -1.544879172165966175e+01 5.324016452146590694e+00 6.432045714373519019e+00 5.324016452146590694e+00 2.870431897342347050e+00
-4.000797854320072844e+00 -1.678651837028783733e+00 -2.850125254068637481e+00 -1.678651837028783733e+00 1.010930905518603096e+00 1.913563048519402177e+00 -2.850125254068637481e+00 1.913563048519402177e+00 -6.914208314872299255e+00
-7.170354388409620583e+00 3.517829960741962747e+00 3.690721471293272327e+00 3.517829960741962747e+00 -1.172866420207911453e+01 -4.959833582392654816e-01 3.690721471293272327e+00 -4.959833582392654816e-01 -1.024018527776339837e+01
4.319052772073985302e+00 3.138374641508435037e+00 6.735711752681774023e+00 3.138374641508435037e+00 -3.569618713558889933e+00 -1.946017807263681343e+00 6.735711752681774023e+00 -1.946017807263681343e+00 -3.229489700061836555e+00
-3.810698271001944804e+00 3.483200807014712463e+00 -6.690751770426405232e-01 3.483200807014712463e+00 -9.353843027974901858e+00 -3.761118940118491238e+00 -6.690751770426405232e-01 -3.761118940118491238e+00 -6.622913762447062425e-01
-9.126026282490597552e+00 9.184501970978244501e+00 1.839258445144373644e+00 9.184501970978244501e+00 -1.000162837980852082e+01 -1.006565492874740952e+00 1.839258445144373644e+00 -1.006565492874740952e+00 -1.201456061352138560e+00
-5.418710146143154383e+00 -8.440722728286159660e-01 1.563164505826478257e+00 -8.440722728286159660e-01 -2.803979502980566529e+00 9.438397551192547752e-01 1.563164505826478257e+00 9.438397551192547752e-01 -1.035636385072127652e+01
9.486049764122272521e+00 1.789225649718781508e+00 -2.107401793483799413e+00 1.789225649718781508e+00 6.655860741221538035e+00 1.392843137005505882e+00 -2.107401793483799413e+00 1.392843137005505882e+00 1.413406885625260934e+01
1.460825046388703363e+01 -6.030272012492454259e+00 1.255283645918263247e+00 -6.030272012492454259e+00 6.548156010665158178e+00 3.618186916301334932e+00 1.255283645918263247e+00 3.618186916301334932e+00 1.389963609572967940e+01
1.936046456435974450e-01 -1.328990693057793049e+00 1.020661534255504321e+00 -1.328990693057793049e+00 -3.029352789648704025e+00 1.934956854748499211e+00 1.020661534255504321e+00 1.934956854748499211e+00 -1.157585803085466658e+00
-1.182175264824090277e+01 -3.144217190903196291e-01 2.182959465341081984e+00 -3.144217190903196291e-01 -1.094448612318740288e+01 -1.526671890041567892e+00 2.182959465341081984e+00 -1.526671890041567892e+00 -9.883355173321028531e+00
-3.850717488350060780e+00 -3.606497661956662881e+00 -1.238042494716977027e+00 -3.606497661956662881e+00 -8.708500814161480363e+00 2.127040440003730826e+00 -1.238042494716977027e+00 2.127040440003730826e+00 -3.106027093939323525e+00
2.533197681368585918e+00 4.180202839517723312e+00 2.447415138484252406e+00 4.180202839517723312e+00 -1.320169034384166551e-01 -1.048557090633893241e+00 2.447415138484252406e+00 -1.048557090633893241e+00 -9.507155477387194686e-01
-3.484438512281584632e-01 3.026795952562243208e+00 3.314662469122892752e+00 3.026795952562243208e+00 7.078481494159642118e+00 -1.195470158523303406e+00 3.314662469122892752e+00 -1.195470158523303406e+00 -5.445272057719638958e+00
4.312226324897961760e+00 -4.788540488276143314e+00 4.324258097148095281e+00 -4.788540488276143314e+00 4.393966871759415582e+00 2.980034384542381343e+00 4.324258097148095281e+00 2.980034384542381343e+00 4.301662694526112496e+00
-5.197111859280910018e+00 1.236540284916785026e+00 3.078028793565307897e+00 1.236540284916785026e+00 -1.340609015182144681e+01 9.803143249507738632e-01 3.078028793565307897e+00 9.803143249507738632e-01 7.636498504087614769e+00
1.130325793334972850e+01 -1.239812007469706767e+00 3.714030828440740173e+00 -1.239812007469706767e+00 8.451261387873849174e+00 3.703562188251659837e+00 3.714030828440740173e+00 3.703562188251659837e+00 1.634894024561582171e+01
-7.542633166182764803e+00 -2.816740595713979722e+00 -1.508175734106669719e+00 -2.816740595713979722e+00 -1.222435331405638159e+01 -1.744504184232989141e+00 -1.508175734106669719e+00 -1.744504184232989141e+00 -1.242091319612924671e+01
2.378714837295064388e+00 1.870097036238825616e+00 1.450688176182475697e+00 1.870097036238825616e+00 -2.658630790871651328e+00 4.598488373390011152e-01 1.450688176182475697e+00 4.598488373390011152e-01 -4.869004269518426575e-01
6.473722352368996624e+00 1.155065949569154538e-01 -2.010452917965484421e+00 1.155065949569154538e-01 2.244572967282045806e+00 9.215126921706588980e-01 -2.010452917965484421e+00 9.215126921706588980e-01 9.576292329842909012e+00
-5.251974456224677290e+00 3.125220309310435152e+00 7.881384541654281595e-01 3.125220309310435152e+00 -1.010527592464949009e+01 -5.097314886772784881e+00 7.881384541654281595e-01 -5.097314886772784881e+00 -7.960938654873736198e+00
-4.814703189477574696e+00 -1.101311642404140034e+00 1.960611645234759060e+00 -1.101311642404140034e+00 1.694902974108475346e+00 -2.614228435530077999e+00 1.960611645234759060e+00 -2.614228435530077999e+00 -1.680860288743875053e+00
-1.907072362458262660e+01 5.217773728549268242e+00 6.772738002538756241e+00 5.217773728549268242e+00 -6.824028493628982339e+00 4.585415218091079659e+00 6.772738002538756241e+00 4.585415218091079659e+00 -1.168766842836699738e+01
-2.335846077648206620e+00 -4.967943033206339010e+00 7.243668402756578972e-01 -4.967943033206339010e+00 -1.341009897083139180e+01 2.247053181136447753e-01 7.243668402756578972e-01 2.247053181136447753e-01 -9.298082536922692709e-01
-1.598856092101214044e+00 3.678006898299468030e+00 -2.050107962102936110e-01 3.678006898299468030e+00 -3.768958524971786517e+00 -1.721307763496551235e+00 -2.050107962102936110e-01 -1.721307763496551235e+00 -7.509747251343483754e+00
7.153968133712632849e+00 -7.071331261600799500e-01 2.945659588667703499e+00 -7.071331261600799500e-01 5.186929908115168075e+00 -1.592079352940654280e+00 2.945659588667703499e+00 -1.592079352940654280e+00 1.433616378296667726e+01
-3.527264084121671139e+00 -3.650678539740008777e+00 1.203979231412108053e+00 -3.650678539740008777e+00 -3.845773392242068045e+00 -3.665490802823270083e-02 1.203979231412108053e+00 -3.665490802823270083e-02 -6.916982715316553509e+00
1.213872145165011185e+00 -3.180450112608989022e-01 -2.067542625194597417e+00 -3.180450112608989022e-01 -4.631019366679526961e+00 1.070039417994113284e+00 -2.067542625194597417e+00 1.070039417994113284e+00 -1.969071443713248160e+00
1.335788099581433519e+00 -1.255828977479039044e-01 -7.844651468594484589e-01 -1.255828977479039044e-01 7.835109974687383128e-01 -8.074278744755876147e-01 -7.844651468594484589e-01 -8.074278744755876147e-01 7.689819682538703738e+00
8.831055927633393310e+00 3.221554862069384573e+00 1.809075576675848618e+00 3.221554862069384573e+00 1.240169494596262112e+01 1.481685086539418439e+00 1.809075576675848618e+00 1.481685086539418439e+00 6.666576157902480482e+00
1.221235329756308374e+01 6.235692053621210817e+00 -1.149894894679827306e+00 6.235692053621210817e+00 9.793625497702656446e+00 1.534106684552360156e-01 -1.149894894679827306e+00 1.534106684552360156e-01 1.012857165776275714e+01
-4.555750127965764840e+00 4.990812027550119545e+00 7.620758002168459555e-01 4.990812027550119545e+00 -1.250651885903497451e+01 -8.169988481732558538e-01 7.620758002168459555e-01 -8.169988481732558538e-01 -8.697782824977814187e+00
2.372502472418433150e+00 4.845954251432232240e+00 2.767400489319200130e+00 4.845954251432232240e+00 -7.522248819464485869e+00 -2.598181633508890087e+00 2.767400489319200130e+00 -2.598181633508890087e+00 -6.182449227749845511e-01
1.612201507230749398e+00 -1.756942761128629016e+00 -2.039853172625410327e+00 -1.756942761128629016e+00 -7.192129864832735642e+00 -1.883441511673014768e+00 -2.039853172625410327e+00 -1.883441511673014768e+00 -8.826459310031502525e+00
8.875640130860174004e-01 -2.647882976500500085e+00 3.083929168490242567e+00 -2.647882976500500085e+00 -4.641086963003761667e+00 -3.903566033649306100e+00 3.083929168490242567e+00 -3.903566033649306100e+00 8.771744088477347878e-01
-1.035019346499863957e+01 -1.563779045761221509e+00 -2.755712449652897300e-01 -1.563779045761221509e+00 -1.644984652330444774e+01 3.864397356404896122e+00 -2.755712449652897300e-01 3.864397356404896122e+00 -1.169244038358146298e+01
-4.573494208972563868e+00 1.871095264406637426e+00 5.773214078110870950e+00 1.871095264406637426e+00 -1.335510273810658788e+01 2.068708977195651832e-01 5.773214078110870950e+00 2.068708977195651832e-01 -7.307421247142540821e+00
