2.953425451275948888e+01 1.483578585978995612e+00 1.303504403920980259e+01 1.483578585978995612e+00 2.821910704340146125e+01 3.200133637431915368e+00 1.303504403920980259e+01 3.200133637431915368e+00 -2.103302461705866833e+01
-1.654899362092064763e+01 -6.342244023933671926e+00 4.528020838576762852e-01 -6.342244023933671926e+00 -1.342920563599139960e+01 -1.039874233405216586e+01 4.528020838576762852e-01 -1.039874233405216586e+01 -1.802111291794555115e+01
-7.826508297341377762e+00 -1.359954180799403645e+01 -5.909282356467959296e+00 -1.359954180799403645e+01 -1.815881476613254364e+01 1.298719500819836092e+01 -5.909282356467959296e+00 1.298719500819836092e+01 -2.866170783752682283e+01
4.525244872803658325e+01 4.463430833690471999e+00 9.348454116412968418e+00 4.463430833690471999e+00 2.512961253087884828e+01 -1.157611430574950084e+01 9.348454116412968418e+00 -1.157611430574950084e+01 2.119117557442539024e+01
2.652734105406881326e+01 -4.768475759901000366e+00 9.475333085417167567e+00 -4.768475759901000366e+00 3.388762881271518523e+01 2.190705102515950387e+01 9.475333085417167567e+00 2.190705102515950387e+01 3.990213704960074637e+01
-9.844181347669733739e+00 1.183246692663298560e+01 -5.091274959829378943e+00 1.183246692663298560e+01 -8.004824078168024215e+00 2.701010196311408151e+00 -5.091274959829378943e+00 2.701010196311408151e+00 -7.152398708632713209e+00
-3.790954475660069534e+01 2.705212409853292588e+00 -5.618706045932958304e+00 2.705212409853292588e+00 -2.818522969363290542e+01 -8.039120437422702992e+00 -5.618706045932958304e+00 -8.039120437422702992e+00 -5.360973114302382925e+01
-4.115201382931865481e+01 1.339000892492510530e+01 -7.531368439610949261e-01 1.339000892492510530e+01 -7.407763042853484636e-01 -7.089888410730552648e-01 -7.531368439610949261e-01 -7.089888410730552648e-01 -8.467818244704879760e+00
1.717978621864329369e+01 7.864533791998045587e+00 1.018244372850075763e+01 7.864533791998045587e+00 1.636299458518661964e+01 7.746382948415797998e+00 1.018244372850075763e+01 7.746382948415797998e+00 1.593211861711302646e+01
6.493310617948354846e+00 1.966984137441542302e+01 -8.296510986427501066e+00 1.966984137441542302e+01 -5.825150059689769400e+00 1.340207932769394539e+01 -8.296510986427501066e+00 1.340207932769394539e+01 -3.901584895886854198e+00
1.427910550607493967e+01 1.749648651136612543e+01 1.237067263066511913e+01 1.749648651136612543e+01 1.476280352951153141e+01 1.432677282039368727e+01 1.237067263066511913e+01 1.432677282039368727e+01 1.131454237134016161e+01
1.873568893860297013e+00 -1.246209012466525046e+00 -2.807777718982769066e-01 -1.246209012466525046e+00 3.970789947677954679e+00 -4.828521002440417376e-01 -2.807777718982769066e-01 -4.828521002440417376e-01 5.006553860923765420e+00
9.411809080789485193e+00 1.902495854809137299e+01 -7.009983900439345383e+00 1.902495854809137299e+01 1.457119954342184265e+01 1.961305533075123009e+01 -7.009983900439345383e+00 1.961305533075123009e+01 -2.224521345398353489e+01
2.919216974244231366e+01 8.070164119550144122e+00 -1.397430502353906867e+00 8.070164119550144122e+00 3.146699212098488019e+01 -2.014560001270957912e+01 -1.397430502353906867e+00 -2.014560001270957912e+01 1.595905683402518527e+01
1.400341712326047983e+01 -1.907773639110558195e+00 -1.241892733178601160e+00 -1.907773639110558195e+00 7.196108052671000621e+00 -2.952631297690800682e+00 -1.241892733178601160e+00 -2.952631297690800682e+00 -4.374737457406150831e+00
8.122763876387175230e+01 -4.797200061216664452e-02 2.698214519848078918e+00 -4.797200061216664452e-02 8.056390051863266422e+01 -9.202368146993793463e-01 2.698214519848078918e+00 -9.202368146993793463e-01 2.633455801217818149e+01
4.166508761718459652e+01 6.579075619060060554e+00 8.749030100021975009e-01 6.579075619060060554e+00 4.745484747792666269e+01 7.741256272434306140e+00 8.749030100021975009e-01 7.741256272434306140e+00 2.577032862033380667e+00
-2.522680989929766326e+01 1.957563378314356450e+00 7.538258422725802044e-01 1.957563378314356450e+00 -1.875456495264324275e+01 2.363000540750585632e+00 7.538258422725802044e-01 2.363000540750585632e+00 -2.790461764702765635e+01
-3.912104162326310863e+00 -7.393888968583163468e+00 9.741938082097381102e-01 -7.393888968583163468e+00 1.210820470626645218e+01 -4.320215299594298841e+00 9.741938082097381102e-01 -4.320215299594298841e+00 -4.855099132893804637e+01
7.076164541047804235e+00 -1.833216320037756253e+00 2.915721981239239202e+00 -1.833216320037756253e+00 -4.517384970152908075e+00 3.256476970996263098e+00 2.915721981239239202e+00 3.256476970996263098e+00 4.698882708283074194e+00
-1.529640942427897166e+01 -1.759011576234086149e+01 1.772574931016974986e+01 -1.759011576234086149e+01 -1.840134627368297160e+01 5.711933129475570414e-01 1.772574931016974986e+01 5.711933129475570414e-01 -4.201566541438160884e-01
3.280738941473937853e+00 1.007495559933008522e+01 9.844000518524493870e+00 1.007495559933008522e+01 -2.650347399973044560e+01 -1.001902457719748263e+01 9.844000518524493870e+00 -1.001902457719748263e+01 -3.252008884346197704e+01
-8.948205838630814313e+00 -7.192860351720506529e+00 -9.482773792143209590e+00 -7.192860351720506529e+00 -1.541633081620897094e+01 5.503846797249034140e+00 -9.482773792143209590e+00 5.503846797249034140e+00 -2.010166509987579531e+01
1.745376754558438392e+01 -4.982101488306794224e+00 -3.663262699009582679e+00 -4.982101488306794224e+00 2.816796182851551933e+01 -1.747818276394633941e+00 -3.663262699009582679e+00 -1.747818276394633941e+00 1.296427245132169404e+01
1.112888493906156739e+00 1.538731160129727371e+01 1.251637779409653095e-01 1.538731160129727371e+01 3.943756933017082744e+00 5.647597007075687792e+00 1.251637779409653095e-01 5.647597007075687792e+00 -1.330747622652156359e+01
-3.046564027263261210e+01 1.312538535850394927e+00 -7.317957379170047183e+00 1.312538535850394927e+00 -4.719564581778347900e+01 4.519701332281123030e+00 -7.317957379170047183e+00 4.519701332281123030e+00 -6.086381534374678637e+01
9.986952022917019889e+00 -2.108124095595292502e+01 4.875813563575730036e+00 -2.108124095595292502e+01 -9.722115093968768385e-01 -1.543250067239548073e+01 4.875813563575730036e+00 -1.543250067239548073e+01 1.359560516075695613e+00
3.753044950521671552e+01 9.892912727281881757e+00 -3.687535702365762891e+00 9.892912727281881757e+00 4.853865949202506158e+01 -2.957123596838737711e+00 -3.687535702365762891e+00 -2.957123596838737711e+00 1.180285529005109879e+01
-9.856845683387602364e+00 3.945073518384815792e+00 1.214968950256192493e+01 3.945073518384815792e+00 -2.252815118152378560e+01 1.097525707413358553e+01 1.214968950256192493e+01 1.097525707413358553e+01 -3.220342352639482897e+01
1.970005448552277727e+01 -1.652277733177191976e+01 -3.572414873569603522e+00 -1.652277733177191976e+01 7.448045271822165247e+00 1.169716533120823065e+01 -3.572414873569603522e+00 1.169716533120823065e+01 1.641871823886961579e+01
1.056272534744939051e+01 1.679408444940754919e+01 1.310054707336243496e+01 1.679408444940754919e+01 3.567090387912317806e-01 8.400714574896634090e+00 1.310054707336243496e+01 8.400714574896634090e+00 -1.547840094019624324e+01
-6.914721571610970230e+00 -6.837477500143588571e+00 7.548898203049343891e+00 -6.837477500143588571e+00 -1.740622983656146161e+01 2.274115516949847038e+00 7.548898203049343891e+00 2.274115516949847038e+00 3.603826792838389359e+00
5.991309479021472484e+00 -1.081891319387167627e+01 -1.323174310727155323e+01 -1.081891319387167627e+01 7.756388001118285302e+00 -4.827075484401712302e+00 -1.323174310727155323e+01 -4.827075484401712302e+00 -2.441335341322254138e+01
1.944984958962945498e+01 -7.938050397698268590e+00 7.723048684016442067e+00 -7.938050397698268590e+00 -1.043063775493778778e+01 -6.153660393800013395e+00 7.723048684016442067e+00 -6.153660393800013395e+00 -6.948862359932004296e+00
1.930006809784653754e+01 6.076161198712871858e+00 -1.471752906102629588e+01 6.076161198712871858e+00 2.029718026965867139e+01 -1.474368018050831353e+01 -1.471752906102629588e+01 -1.474368018050831353e+01 -1.116884160085902167e+01
2.585649013178806399e+01 -1.493829924955408650e+01 3.241250257989277017e+00 -1.493829924955408650e+01 1.173051996152490872e+01 -5.973894202049773172e-01 3.241250257989277017e+00 -5.973894202049773172e-01 -1.090198819468846203e+01
-2.399285770516431526e+01 1.295787433424925972e+01 -1.533893166355594317e+01 1.295787433424925972e+01 6.906927708635578256e+00 1.419126532378404271e+01 -1.533893166355594317e+01 1.419126532378404271e+01 -3.933230703833218200e+01
-2.792486620390979724e+01 5.043627474288046031e+00 8.460004987151485523e+00 5.043627474288046031e+00 -5.688843075814328465e+00 -2.537053379611478032e+00 8.460004987151485523e+00 -2.537053379611478032e+00 -3.103048737268469282e+01
-4.455115238045307535e+01 5.095294227103139839e+00 -1.013905803098290370e+00 5.095294227103139839e+00 -5.843921734062551110e+01 2.728370202852900661e+00 -1.013905803098290370e+00 2.728370202852900661e+00 -5.504205879208767982e+01
5.556694618259815144e+01 -1.824044902048744365e+00 1.159962432833177903e+00 -1.824044902048744365e+00 5.267898992391363322e+01 -9.095735256555130377e+00 1.159962432833177903e+00 -9.095735256555130377e+00 2.657432990221306568e+01
1.101466146071348540e+01 -4.644996620631499873e+00 1.545276922129878194e+01 -4.644996620631499873e+00 1.708562970987992022e-02 -1.210411367397719218e+01 1.545276922129878194e+01 -1.210411367397719218e+01 -2.510672544854788057e+01
4.644249575472266400e+01 -1.010774824674252503e+00 -1.788211100376489782e+00 -1.010774824674252503e+00 5.194698290563372467e+01 -8.350674493358450690e+00 -1.788211100376489782e+00 -8.350674493358450690e+00 4.464116654422166164e+01
3.461676806193402456e+01 1.130325535579054375e+01 7.799962574989855568e+00 1.130325535579054375e+01 5.209598749944259310e+01 1.175317969137617879e+00 7.799962574989855568e+00 1.175317969137617879e+00 1.663711715866629248e+01
-1.668789184159399852e+01 -4.786533506716385666e+00 4.240639153194481814e+00 -4.786533506716385666e+00 -1.486218293027856419e+01 -1.699651762635780994e+00 4.240639153194481814e+00 -1.699651762635780994e+00 -4.638539257100138968e+01
6.540526987766894784e+00 -7.286506159371022306e+00 4.311159965932207960e+00 -7.286506159371022306e+00 3.243643023270905701e+01 -2.431476993229173544e+01 4.311159965932207960e+00 -2.431476993229173544e+01 -4.467318243664459487e+01
2.238610254874728422e+00 2.372474750261272547e+01 -7.700953112200614292e+00 2.372474750261272547e+01 8.073686206810359423e+00 -1.394996192188993511e+01 -7.700953112200614292e+00 -1.394996192188993511e+01 -1.353707819781575239e+01
-4.526570469230349403e+01 -1.062636318517505707e+01 -9.540262114128342796e-01 -1.062636318517505707e+01 -4.032786374043132582e+01 1.238826749172199371e+00 -9.540262114128342796e-01 1.238826749172199371e+00 -1.839575485065347493e+01
2.560214551789805171e+01 9.856643064147933231e+00 4.239346703611977851e+00 9.856643064147933231e+00 2.190586336169065618e+01 4.772699390536791597e+00 4.239346703611977851e+00 4.772699390536791597e+00 1.285740975116206464e+01
1.396040712819363927e+00 -6.880425222818538522e+00 -1.040744930743441721e+01 -6.880425222818538522e+00 2.246113333859788508e+00 4.849292130542036006e+00 -1.040744930743441721e+01 4.849292130542036006e+00 -2.883497665698417123e+01
2.881137357435246571e+00 -2.073521461880798000e+01 -1.358265390235135328e+01 -2.073521461880798000e+01 5.865490452595639503e+00 2.114165412024529545e+01 -1.358265390235135328e+01 2.114165412024529545e+01 -2.482052137186524232e-01
