-1.034459965898877343e+01 1.001871977898723731e+00 9.691191191387826365e+00 1.001871977898723731e+00 -5.085623973658842090e+01 -1.413499308168466140e+00 9.691191191387826365e+00 -1.413499308168466140e+00 6.143436233974036931e+00
2.384809249149452270e+01 -1.733214989619350277e+01 2.679419797981686102e+01 -1.733214989619350277e+01 2.631826214191248425e+01 -1.121273609540102356e+01 2.679419797981686102e+01 -1.121273609540102356e+01 2.741465955623423767e+01
-5.152288716547484881e+01 1.226396560630827359e+00 1.271094854576501021e+01 1.226396560630827359e+00 -4.852226970628541380e+01 3.263645750177442295e+00 1.271094854576501021e+01 3.263645750177442295e+00 -2.373363130311043179e+01
-4.924157466786930115e+01 1.184832227145601280e+01 -8.087298494632159773e+00 1.184832227145601280e+01 -3.967114824321438959e+01 -6.156041628540965149e+00 -8.087298494632159773e+00 -6.156041628540965149e+00 -5.071040694729529008e+01
3.383632789633227134e+01 1.517373917632508196e+01 2.668443106179096969e+00 1.517373917632508196e+01 2.332972214355518048e+01 -9.142448539414415265e+00 2.668443106179096969e+00 -9.142448539414415265e+00 4.925398250387427623e+01
-3.696208985169290862e-01 9.565736192218248224e-01 9.117626139840076860e+00 9.565736192218248224e-01 -2.992606825978985086e+01 1.388382305683091644e+01 9.117626139840076860e+00 1.388382305683091644e+01 2.067514664964376969e+00
1.616512710487193871e+01 5.780126376218359674e+00 7.005784520927637260e+00 5.780126376218359674e+00 -1.673309400537644009e+01 3.497178118307105787e+00 7.005784520927637260e+00 3.497178118307105787e+00 6.457762801030977329e+00
-3.595621014011306471e+01 -9.769403969904960405e+00 3.602864872473757085e+00 -9.769403969904960405e+00 -7.023284354827016784e+01 8.116775915980140255e+00 3.602864872473757085e+00 8.116775915980140255e+00 -3.292201020314248439e+01
-2.246289676827196402e+01 -2.261186107271458745e+00 1.429374974401928355e+01 -2.261186107271458745e+00 -5.199791135885958226e+01 7.685591072650544753e+00 1.429374974401928355e+01 7.685591072650544753e+00 -1.686956918878986045e+01
-4.284698469987946901e+00 1.353062013154159438e+01 1.471070639324295826e+01 1.353062013154159438e+01 -2.795915223739343602e+01 1.139711426030527974e+01 1.471070639324295826e+01 1.139711426030527974e+01 9.456631809548634138e+00
-1.277165012966114288e+00 -2.035016529149635378e+00 1.992954998455932625e+01 -2.035016529149635378e+00 -4.045974256342504560e+01 1.669967408550134813e+00 1.992954998455932625e+01 1.669967408550134813e+00 -1.322726453035383010e+01
-1.937863689097125075e+01 2.899735704600472808e+00 2.936209576372249774e+00 2.899735704600472808e+00 -3.373489785744700953e+01 2.491041864479706103e+00 2.936209576372249774e+00 2.491041864479706103e+00 -1.605538544218044805e+01
1.002312777220960349e+01 -4.466794052499374890e-01 1.820386517240043744e+01 -4.466794052499374890e-01 1.761226651132601262e+01 -2.127551046354003272e+00 1.820386517240043744e+01 -2.127551046354003272e+00 2.991955557511763431e+01
3.726713587462515687e-01 -1.782444703018763732e-01 5.471062931958737607e+00 -1.782444703018763732e-01 -1.703705165013685274e+01 1.997061771069882363e+00 5.471062931958737607e+00 1.997061771069882363e+00 -1.181564486622508703e+01
-1.670007365507230901e+01 7.389375252265579785e-01 1.498578493046903581e+01 7.389375252265579785e-01 -2.416840102565018356e+01 1.562022027797619295e+01 1.498578493046903581e+01 1.562022027797619295e+01 6.787801575159595480e+00
-1.561349560696015493e+00 -7.895530100302370791e+00 1.726008626969863258e+01 -7.895530100302370791e+00 2.268182135843774816e+00 -3.537689646099975604e+00 1.726008626969863258e+01 -3.537689646099975604e+00 8.671614309413385513e+00
1.670337850116276890e+00 -1.257348565333910706e+01 9.355263286911448262e+00 -1.257348565333910706e+01 -3.874048255344258962e+01 6.998274486882390732e+00 9.355263286911448262e+00 6.998274486882390732e+00 -2.401891018997077687e+00
-2.684141365323679196e+01 -4.658109515074542628e+00 1.836176750737070407e+01 -4.658109515074542628e+00 -3.647430436490717653e+01 -1.132407728515765299e+01 1.836176750737070407e+01 -1.132407728515765299e+01 -6.956184964971471096e+00
1.262798899347179749e+01 -2.672705572306194810e+01 8.212257521180662323e+00 -2.672705572306194810e+01 1.543161929940163013e+01 6.291941964077317984e+00 8.212257521180662323e+00 6.291941964077317984e+00 5.000438725894332492e+01
-7.995008616064707141e+00 -5.569017467545601896e+00 9.913531017216428154e+00 -5.569017467545601896e+00 -2.747048230723554951e+01 1.274187354094932001e+00 9.913531017216428154e+00 1.274187354094932001e+00 -6.974724551992427912e+00
8.924272263333085098e-01 5.334627288685600099e+00 3.249335913534573184e+00 5.334627288685600099e+00 -9.483949670634576279e+00 -7.917876577555548190e-01 3.249335913534573184e+00 -7.917876577555548190e-01 -5.249779091349224380e+00
-9.803936198494588083e+00 -7.871852996996454799e+00 3.097163325993170346e+01 -7.871852996996454799e+00 -4.461352352960010137e+01 3.582374477031702753e+00 3.097163325993170346e+01 3.582374477031702753e+00 9.178741013070169430e+00
-1.440735847623254884e+01 3.237911387078885039e-01 7.711957679158315315e+00 3.237911387078885039e-01 -1.670036885386360126e+01 9.323645997271624353e+00 7.711957679158315315e+00 9.323645997271624353e+00 -1.977459589432093434e+00
3.162333547177388127e+01 -1.491428022668243969e+01 1.059510632609908853e+01 -1.491428022668243969e+01 2.746604734589650221e+01 4.595140629590526160e-01 1.059510632609908853e+01 4.595140629590526160e-01 2.361654463643939295e+01
1.191369179388034460e+01 -8.332255432133010231e+00 1.333865353028993006e+01 -8.332255432133010231e+00 -9.231283259001655139e+00 2.867668913084628457e+00 1.333865353028993006e+01 2.867668913084628457e+00 -2.566601878199128439e+00
2.398458510832582391e+01 -7.997077283702873629e-01 9.221001910283826319e+00 -7.997077283702873629e-01 2.560295237692337977e+01 -3.980632545992608406e+00 9.221001910283826319e+00 -3.980632545992608406e+00 2.006191101340906613e+01
-2.749988732304628059e+01 -3.504274548426165592e-01 6.605494424258463226e+00 -3.504274548426165592e-01 -3.050775680239342691e+01 -4.169808484312844676e-01 6.605494424258463226e+00 -4.169808484312844676e-01 5.796934898690216720e+00
2.673573394615627485e+00 1.554370196456797437e+01 2.475388102520649625e+01 1.554370196456797437e+01 -4.475762364555527029e+01 -1.118462918025010211e+01 2.475388102520649625e+01 -1.118462918025010211e+01 6.354403180486846381e+00
1.569254226393699980e+01 5.627622502500646107e+00 1.426167803024710956e+01 5.627622502500646107e+00 -1.815144002513355659e+01 1.812629480925919134e+00 1.426167803024710956e+01 1.812629480925919134e+00 2.056149664656261677e+01
1.943576159112603108e+01 -4.060483519279604714e+00 9.185243370619380343e+00 -4.060483519279604714e+00 -1.013389995859900949e+01 -1.853708836315338671e+00 9.185243370619380343e+00 -1.853708836315338671e+00 1.722418109214499893e+01
-1.234974029056171219e+01 -6.738392653125052867e+00 1.305861346112457788e+01 -6.738392653125052867e+00 -4.532024723496640206e+01 -9.829683131606429924e+00 1.305861346112457788e+01 -9.829683131606429924e+00 1.986595641581094807e+00
-2.319718997753915346e+01 -7.859953380982641846e+00 9.787469760596041013e+00 -7.859953380982641846e+00 -5.257845205232820973e+01 8.469702545644969049e+00 9.787469760596041013e+00 8.469702545644969049e+00 -1.993461105910443720e+01
7.706238295421327322e+00 -5.031285366988020868e+00 8.618817333090349919e+00 -5.031285366988020868e+00 -8.669286911518071292e+00 -9.639769256295432909e-01 8.618817333090349919e+00 -9.639769256295432909e-01 1.601426775031607619e+01
3.203463896632099761e+01 1.310163791763189955e+01 2.420189665730599060e+01 1.310163791763189955e+01 1.218111332444063954e+01 7.910558901085003924e+00 2.420189665730599060e+01 7.910558901085003924e+00 5.072271073059721402e+01
6.081901800671613678e+00 -3.362572242577011594e-01 9.289411636440714659e+00 -3.362572242577011594e-01 -9.134450266293667298e+00 4.231776202176039448e+00 9.289411636440714659e+00 4.231776202176039448e+00 -1.960835797946196024e+01
-4.029914679092071594e+01 6.801087606983095002e-01 6.933381627943896675e+00 6.801087606983095002e-01 -5.243687144344607987e+01 1.133414910167661915e+01 6.933381627943896675e+00 1.133414910167661915e+01 -4.445810002045778475e+01
-1.102055202349342444e+01 -1.249806397728222507e+01 1.336168413149494505e+01 -1.249806397728222507e+01 -5.317989396185973305e+01 -1.143847761547413855e+00 1.336168413149494505e+01 -1.143847761547413855e+00 -1.317106010256236193e+00
-1.115266548184516182e+01 1.775719703565812679e+01 8.190195073008675664e+00 1.775719703565812679e+01 -3.874262320193847842e+01 -9.212849794125604674e+00 8.190195073008675664e+00 -9.212849794125604674e+00 -1.733455231262347951e+01
-2.463812256873180573e+01 -7.976347556928054416e+00 1.587541793164633930e+01 -7.976347556928054416e+00 -1.979026586783949782e+01 2.215543871231042405e-01 1.587541793164633930e+01 2.215543871231042405e-01 -3.036729348092724123e+01
-3.048230178834463544e+01 1.675147607106565673e+01 1.349143516882841176e+01 1.675147607106565673e+01 -4.695917600086589516e+01 1.856104878033418615e+00 1.349143516882841176e+01 1.856104878033418615e+00 -1.181556673558189274e+01
-7.394375228859404459e+00 -8.301536885328523852e+00 1.469202909705484839e-01 -8.301536885328523852e+00 -4.773302826065018678e+01 2.168002608052767233e+00 1.469202909705484839e-01 2.168002608052767233e+00 -8.771717110833792574e+00
-2.084862373717048456e+01 -9.035376109416024093e+00 2.216191643050995363e+00 -9.035376109416024093e+00 -5.043405131743192982e+01 -1.028742721309167507e+01 2.216191643050995363e+00 -1.028742721309167507e+01 -2.668959332529485451e+01
-1.354713928279268842e+01 2.068080720089160440e+00 3.817232739229497351e+00 2.068080720089160440e+00 -3.080581630083765887e+01 -5.559946596321822199e+00 3.817232739229497351e+00 -5.559946596321822199e+00 -1.307697645914216800e+01
-5.126759050572017529e+00 -4.889739786632951279e+00 3.570079515289217653e+01 -4.889739786632951279e+00 2.331467618659591068e+01 1.516911980364604506e+00 3.570079515289217653e+01 1.516911980364604506e+00 4.924606370667405919e+00
-1.555232673325548731e+01 4.027905264476596692e+00 1.984587373685445399e+01 4.027905264476596692e+00 -4.509948941663073896e+01 1.596572871209978040e+00 1.984587373685445399e+01 1.596572871209978040e+00 -2.469507758747976567e+01
3.611142064163792043e+01 -1.097794972501702304e+01 3.887234500371742740e+01 -1.097794972501702304e+01 4.849985540187463862e+00 1.057901959550540383e+01 3.887234500371742740e+01 1.057901959550540383e+01 5.697083861904062907e+00
-3.452362706261101977e+00 9.320494706062627088e+00 1.653384752358149612e+01 9.320494706062627088e+00 -5.427922109678461737e+01 -4.500607143751496508e+00 1.653384752358149612e+01 -4.500607143751496508e+00 -2.232944981500151727e+01
4.816978625366783895e+00 1.128539904080506062e+01 6.082757361064745627e-01 1.128539904080506062e+01 -2.349372417259467838e+01 -4.019876463840089897e+00 6.082757361064745627e-01 -4.019876463840089897e+00 3.606358759567580563e+00
3.143715060838380815e+00 -3.859961201622448712e+00 2.112967488293829987e+01 -3.859961201622448712e+00 -4.260691183853012376e+00 6.666421142926679533e-01 2.112967488293829987e+01 6.666421142926679533e-01 2.490799340238701731e+01
-9.613824886139475723e+00 -2.298753507753428238e+00 -2.123161191503079692e+00 -2.298753507753428238e+00 -2.864645316256702046e+01 8.582913795820402925e+00 -2.123161191503079692e+00 8.582913795820402925e+00 2.125976800990030835e+00
