3.905578689352102373e+01 1.419568107920882660e+01 7.987405630436405168e+00 1.419568107920882660e+01 1.210865717146048404e+01 -1.851862791538584929e+01 7.987405630436405168e+00 -1.851862791538584929e+01 2.602811242607339182e+01
5.262697782550654324e+01 3.840613792680216410e+00 2.182695060889944472e+01 3.840613792680216410e+00 4.690206872592409582e+01 3.433672152234279906e+00 2.182695060889944472e+01 3.433672152234279906e+00 4.384449082373809148e+01
-5.731985364986970310e+00 5.666947042214514951e+00 1.042549585281007118e+01 5.666947042214514951e+00 -3.903462714206081330e+01 -3.532682219215247610e+00 1.042549585281007118e+01 -3.532682219215247610e+00 -1.146762675248638175e+01
6.043703524270174654e+00 1.127152450506740067e+01 2.546421019247178563e+00 1.127152450506740067e+01 -1.728303806677893206e+01 -5.616789672709956882e+00 2.546421019247178563e+00 -5.616789672709956882e+00 -1.239604217705802469e+01
6.023831454212903225e+00 1.462722417367016414e-01 3.717730664849168676e+01 1.462722417367016414e-01 -5.622851643953901402e+01 -1.177339428657818132e+01 3.717730664849168676e+01 -1.177339428657818132e+01 -1.035712029464624351e+01
-3.056467335886031478e+00 -5.534996616974428851e-02 2.066765170319233036e+01 -5.534996616974428851e-02 -1.761728683652851757e+01 -7.463170148663277992e+00 2.066765170319233036e+01 -7.463170148663277992e+00 -8.699497619441643792e+00
1.442326085185735796e+00 1.217827920623104276e+01 -4.788683310169136398e+00 1.217827920623104276e+01 -4.061799922222650849e+01 -9.401395056483655921e+00 -4.788683310169136398e+00 -9.401395056483655921e+00 -1.737274858144567702e+01
7.272652563486680322e+00 -3.882261307394799577e+00 4.317291662244219452e+00 -3.882261307394799577e+00 -1.473810723955259405e+01 1.516292366036569561e+01 4.317291662244219452e+00 1.516292366036569561e+01 1.379798091743471744e+01
1.477438169921134836e+01 1.358087363824811966e+01 1.044443679758715104e+00 1.358087363824811966e+01 -7.545562071014371597e+00 -4.274779953217557882e+00 1.044443679758715104e+00 -4.274779953217557882e+00 2.002567913183245096e+01
-9.465461289354308860e+00 -4.879225374515867131e+00 1.820291915918171100e+01 -4.879225374515867131e+00 -4.334659723525402342e+01 1.089360117126580185e+01 1.820291915918171100e+01 1.089360117126580185e+01 -6.059270540591998611e+01
-8.478467273581696162e+00 4.000500474904469250e+00 5.251437591767357027e+00 4.000500474904469250e+00 -3.981717821464952323e+01 -1.471423181051002338e+00 5.251437591767357027e+00 -1.471423181051002338e+00 -1.849541392015077834e+00
-1.637344306997889376e+01 2.446002099218749670e+00 3.116651309035858475e+01 2.446002099218749670e+00 -5.967677516222360623e+01 -1.088503136606340682e+01 3.116651309035858475e+01 -1.088503136606340682e+01 -2.787666374159546123e+01
1.581476092762751229e+01 7.514283390101438975e+00 -2.830609365516006726e+00 7.514283390101438975e+00 -8.794530891840651066e+00 -7.923999554055919603e+00 -2.830609365516006726e+00 -7.923999554055919603e+00 -1.142804304506244373e+00
3.592347099432461732e+01 5.899048644072253822e+00 4.798164469573091395e+00 5.899048644072253822e+00 1.943555943407459807e+01 -5.764808299273325165e-01 4.798164469573091395e+00 -5.764808299273325165e-01 3.854127175619281331e+01
5.075728453143646401e-01 -5.339784814741213914e+00 2.044017794184989611e+01 -5.339784814741213914e+00 -6.415675735616672171e+01 2.058947727269481831e+01 2.044017794184989611e+01 2.058947727269481831e+01 -2.622501089716936562e+01
6.134605700960922725e+00 1.524039460704780069e+01 1.334554996404999727e+01 1.524039460704780069e+01 -2.436059270055340420e+01 4.635999113004030114e+00 1.334554996404999727e+01 4.635999113004030114e+00 1.693867136352134040e+01
-1.924989173479832871e+01 -4.497246097608618598e+00 1.272771758103095152e+01 -4.497246097608618598e+00 -4.363228363886335615e+01 3.492075053789985617e+00 1.272771758103095152e+01 3.492075053789985617e+00 -1.759525743687222032e+00
1.237016079295002946e+01 8.289644857008509504e+00 1.105386923720577386e+01 8.289644857008509504e+00 -2.476144119187855708e+01 3.271087798308093042e+00 1.105386923720577386e+01 3.271087798308093042e+00 1.395156610700804656e+01
-1.309258390838894170e+00 1.502788413648769783e+01 1.119469484136666887e-01 1.502788413648769783e+01 -2.524395972329297066e+01 2.107186586451599553e+01 1.119469484136666887e-01 2.107186586451599553e+01 1.858053380581444758e+00
4.569917879022200591e-01 3.325342611930576453e+00 -2.887761739450056542e+00 3.325342611930576453e+00 -1.427919716004511130e+01 3.437616943362492794e+00 -2.887761739450056542e+00 3.437616943362492794e+00 -4.455219031117200856e+00
2.476067271920951995e+01 2.403268384347091313e+01 1.396089373997333460e+01 2.403268384347091313e+01 -3.810702221582558114e+00 7.450405996601413783e+00 1.396089373997333460e+01 7.450405996601413783e+00 3.980026349637033434e+01
4.182609352398857538e+01 -3.092251991816130641e+00 2.693996173228338620e+01 -3.092251991816130641e+00 -1.906356880928729902e+00 -6.847601635453519631e-01 2.693996173228338620e+01 -6.847601635453519631e-01 3.366157453464482074e+01
2.961733670553690345e+01 1.014498539595163562e+00 2.275385799526685560e+01 1.014498539595163562e+00 2.403247249311995049e+01 -4.740194516759158039e-01 2.275385799526685560e+01 -4.740194516759158039e-01 3.372260396520074721e+01
-8.696232484786293071e+00 1.273068856073625810e+01 3.447792696646311494e+00 1.273068856073625810e+01 -3.887926434103628281e+01 -1.161215618797680804e+01 3.447792696646311494e+00 -1.161215618797680804e+01 -1.660781926990253510e+01
-2.912076886777829277e+00 -1.619395411928898554e+01 1.101262651652251456e+01 -1.619395411928898554e+01 -4.399893839963866782e+01 -4.817834296646752001e+00 1.101262651652251456e+01 -4.817834296646752001e+00 -2.230194803313172969e+01
1.218261578930019695e+01 5.909970363304047902e-01 1.904430842395722223e+01 5.909970363304047902e-01 4.578757544649111111e+00 3.795759412144947831e-01 1.904430842395722223e+01 3.795759412144947831e-01 2.834398302914674161e+01
-2.171993709080405210e+01 3.381434628020475230e+00 1.961053589346446557e+01 3.381434628020475230e+00 -2.882621145771560478e+01 -1.098978369988915205e+01 1.961053589346446557e+01 -1.098978369988915205e+01 -2.887309433011897042e+01
-1.056087420399390409e+00 1.745533949534737284e+00 2.853761279929419103e+01 1.745533949534737284e+00 -3.016778422042673569e+01 4.897852096023100010e+00 2.853761279929419103e+01 4.897852096023100010e+00 -3.707050918267519979e+00
3.441492464108095106e+01 -7.047593387990092495e+00 2.167275490146708350e+01 -7.047593387990092495e+00 2.053780603265061089e+01 -2.945598570036474406e+00 2.167275490146708350e+01 -2.945598570036474406e+00 3.890937083252947559e+01
-4.006900978047497119e+01 -4.354556653233231600e+00 2.393152110841741020e+01 -4.354556653233231600e+00 -3.287451257308307362e+01 9.458565849575849782e+00 2.393152110841741020e+01 9.458565849575849782e+00 -1.305614207628869927e+01
2.507525271374900910e+01 -6.593067105684873752e+00 2.153294946612923155e+01 -6.593067105684873752e+00 -3.407516236374126350e+01 2.245229527046843199e+00 2.153294946612923155e+01 2.245229527046843199e+00 9.076571956201179958e+00
-4.584343406717485081e+00 5.456166375406601432e-01 1.916317477432663807e+01 5.456166375406601432e-01 -3.687664372089523113e+01 -3.343422921328951691e+00 1.916317477432663807e+01 -3.343422921328951691e+00 -1.064430898846170948e+01
3.542209898044801264e+01 1.498296847712503244e+01 1.072531505947780950e+01 1.498296847712503244e+01 1.735538203059003592e+01 -1.483359815473846766e+01 1.072531505947780950e+01 -1.483359815473846766e+01 2.086182003464512746e+01
-3.000632617852850714e+01 2.787409645489443033e+00 1.631819786801836969e+01 2.787409645489443033e+00 -4.301029886044057804e+01 -2.063424459374454401e+00 1.631819786801836969e+01 -2.063424459374454401e+00 -2.863030238982659625e+01
-1.630096902256632063e+01 1.259477510977651171e+01 6.624946525788864449e+00 1.259477510977651171e+01 -4.081361017395904867e+01 -7.287370120347015368e-01 6.624946525788864449e+00 -7.287370120347015368e-01 -1.024231791265852820e+01
-2.093681549944858666e+00 -1.195070400656696918e+01 1.651851298011040825e+01 -1.195070400656696918e+01 -1.181984890969541624e+01 2.235956727997929772e+00 1.651851298011040825e+01 2.235956727997929772e+00 6.725504981070804966e+00
-6.275580582774343164e+00 -7.242675939049060929e+00 1.375963039349728589e+01 -7.242675939049060929e+00 -4.826929644031842059e+01 1.072801024900035927e+01 1.375963039349728589e+01 1.072801024900035927e+01 -1.208469965215686770e+01
1.698600886514192254e+01 -1.632639173199603722e+00 1.068651975270834953e+01 -1.632639173199603722e+00 2.233400157768927841e+01 3.639151370832955479e+00 1.068651975270834953e+01 3.639151370832955479e+00 3.087308279995429317e+01
5.785261265293813793e+00 1.190932448113575681e+01 1.313248275356707406e+00 1.190932448113575681e+01 -3.975437508711213042e+01 -3.272059829171791279e+00 1.313248275356707406e+00 -3.272059829171791279e+00 -1.527673755464866368e+01
-1.583458199558802804e+01 6.789248826891037147e+00 1.085713787703351585e+01 6.789248826891037147e+00 -3.059631067978216024e+01 -1.286313548542569229e+01 1.085713787703351585e+01 -1.286313548542569229e+01 -2.482504409091514219e+01
-4.142052471833824079e+00 6.569521919857232994e+00 -1.119081679129666496e+00 6.569521919857232994e+00 -2.493748235872703489e+01 1.409710994790957850e+00 -1.119081679129666496e+00 1.409710994790957850e+00 -1.776109668626925853e+01
2.455952118882918001e+01 -1.826198521621173798e+00 8.586617228995406137e+00 -1.826198521621173798e+00 5.857269704082763262e+00 1.675805370220905033e+01 8.586617228995406137e+00 1.675805370220905033e+01 1.041676622506585659e+01
2.038836166536781747e+01 -5.380621150154688337e+00 1.853727683129296011e+01 -5.380621150154688337e+00 -6.849968248235525969e+00 6.664562551220785558e+00 1.853727683129296011e+01 6.664562551220785558e+00 2.079289290534266144e+01
-2.203256686331506398e+00 -1.252667851926256937e+01 2.896130902919095718e+01 -1.252667851926256937e+01 -3.147097191718103915e+01 -1.010892561613606411e+01 2.896130902919095718e+01 -1.010892561613606411e+01 -1.465125913036562366e+01
1.305746557470741642e+01 -7.368217263094707370e+00 2.790496139377730245e+01 -7.368217263094707370e+00 -1.338516964434288958e+01 1.295322711086448031e+01 2.790496139377730245e+01 1.295322711086448031e+01 3.734089086113687017e+01
4.741000525695708490e+01 8.893115909885549897e+00 2.207867640611199178e+01 8.893115909885549897e+00 1.632972787877806198e+01 -1.437446419856301461e+01 2.207867640611199178e+01 -1.437446419856301461e+01 5.081983828299624406e+01
2.685149968878806348e+01 8.975266376061911799e+00 -2.318352922098402047e+00 8.975266376061911799e+00 1.706978062035914068e+00 8.864931987248938938e+00 -2.318352922098402047e+00 8.864931987248938938e+00 3.554454803294429865e+01
-4.318431480972828496e+01 7.440632676929947564e+00 2.389120358470396610e+00 7.440632676929947564e+00 -3.293016225727616586e+01 -9.470861353494786083e-01 2.389120358470396610e+00 -9.470861353494786083e-01 -1.116851736119125249e+01
9.314686015386874018e+00 7.606906017379327700e+00 1.278334447881720948e+01 7.606906017379327700e+00 -1.862609026049164385e+01 -1.609585976672016017e+01 1.278334447881720948e+01 -1.609585976672016017e+01 1.292033679750101527e+01
6.321720739720598559e+00 4.301185311388748822e+00 9.474250675145794887e+00 4.301185311388748822e+00 -4.056950633774834358e+01 2.242067583143773746e+00 9.474250675145794887e+00 2.242067583143773746e+00 -8.426904716826067343e+00
3.453687246140475509e+01 8.515822217392338800e+00 1.245821333557795896e+01 8.515822217392338800e+00 3.203108942884190213e+01 4.815122468936844369e-01 1.245821333557795896e+01 4.815122468936844369e-01 3.721942402095812952e+01
1.076602720493380794e+01 1.717716312592219907e+01 1.441996886658193411e+01 1.717716312592219907e+01 -2.015718318942118614e+01 5.614177155549993081e+00 1.441996886658193411e+01 5.614177155549993081e+00 4.067128204745058540e+00
2.570597072944265093e+01 1.457128061280505271e+01 1.086263186993544849e+01 1.457128061280505271e+01 -1.214097859970894588e-01 -4.106495648179133262e+00 1.086263186993544849e+01 -4.106495648179133262e+00 2.902972211274424197e+01
2.525766029824780290e+01 -5.242263257876021321e+00 3.518577471364544351e+00 -5.242263257876021321e+00 4.138536407761306712e+00 1.245153100483535091e+01 3.518577471364544351e+00 1.245153100483535091e+01 9.938161177969618620e+00
-1.466422158222369454e+01 1.657448759111992131e-01 2.711637034183035766e+01 1.657448759111992131e-01 -4.807554016647571871e+01 -7.209967499063215435e+00 2.711637034183035766e+01 -7.209967499063215435e+00 -2.991155122240976993e+01
1.059130716121420512e+00 -7.514795320739017015e+00 7.083086837579266160e+00 -7.514795320739017015e+00 -2.138035337307951167e+01 -1.072487538926047090e+00 7.083086837579266160e+00 -1.072487538926047090e+00 2.779068463073249173e+00
3.263950860927257480e+01 -9.466879829752684827e+00 1.195390049697155632e+01 -9.466879829752684827e+00 1.137366877117368702e+01 -2.551667549318016537e+00 1.195390049697155632e+01 -2.551667549318016537e+00 1.707520718194875187e+01
-3.348182041430051470e+01 8.525411321468583381e+00 6.265440536842770136e-01 8.525411321468583381e+00 -3.671812628467182549e+01 4.720529548932499431e-01 6.265440536842770136e-01 4.720529548932499431e-01 -9.366389592729085223e+00
-8.843506531828190020e+00 2.021632821606356600e+00 1.208261483159055416e+01 2.021632821606356600e+00 -3.112283411372213848e+01 8.795895841503901247e-01 1.208261483159055416e+01 8.795895841503901247e-01 -1.012620193126344503e+01
-4.792047080078612709e+01 1.313191611501744482e+01 5.806662037239138208e+00 1.313191611501744482e+01 -4.066200246547575858e+01 -7.515155887161236725e-01 5.806662037239138208e+00 -7.515155887161236725e-01 -2.508467448340134709e+01
3.130942526905598200e+01 -1.346236070812925512e+00 -1.842289254102627283e-01 -1.346236070812925512e+00 1.876287423978074997e+01 5.084358059107330519e+00 -1.842289254102627283e-01 5.084358059107330519e+00 2.203605202842938127e+01
1.959773013041453282e+01 5.315222033072620533e+00 1.492652658677765842e+01 5.315222033072620533e+00 -1.156003534403364785e+00 -1.481446842279407150e+01 1.492652658677765842e+01 -1.481446842279407150e+01 3.888008954957274455e+01
1.680865810743204847e+01 6.879526349391877460e+00 2.064815386848476919e+01 6.879526349391877460e+00 -9.256186378968857653e+00 -1.278464772964932106e+00 2.064815386848476919e+01 -1.278464772964932106e+00 8.784872493444257913e+00
8.728128082988844127e+00 8.268367262881926028e-02 3.499979195072927318e+00 8.268367262881926028e-02 -2.449905224283422456e+01 8.838813785982693183e-01 3.499979195072927318e+00 8.838813785982693183e-01 5.927614314277911411e-01
1.884922883263906002e+01 6.188605180348320189e+00 1.138928779209776643e+01 6.188605180348320189e+00 -1.853253675220984320e+01 -9.368381452283442101e+00 1.138928779209776643e+01 -9.368381452283442101e+00 1.045283651102473854e+01
-1.567487776826215828e+01 8.634634447747794539e+00 1.288534943103721186e+00 8.634634447747794539e+00 -1.861234397299426746e+01 -3.517993264768598305e+00 1.288534943103721186e+00 -3.517993264768598305e+00 -6.920362882724949039e+00
-1.221548285927988431e+01 4.601773663143886139e+00 -1.930314022586183675e+00 4.601773663143886139e+00 -2.460450433672200177e+01 3.389884185644497006e+00 -1.930314022586183675e+00 3.389884185644497006e+00 -8.111227585323184996e+00
2.071308450658125366e+01 -1.274714043694727117e+01 1.834223790412456623e+01 -1.274714043694727117e+01 -1.161200499752112947e+01 -2.090566624222535697e-01 1.834223790412456623e+01 -2.090566624222535697e-01 -1.549963708170841059e+01
2.962182360304132089e+01 5.028917786769987686e+00 1.323531538294915499e+01 5.028917786769987686e+00 3.797514659777960766e+00 -1.993725322710919956e+00 1.323531538294915499e+01 -1.993725322710919956e+00 2.764758931360451655e+01
-1.185359608064692161e+01 -2.551724293076546246e+00 9.079526535557752354e+00 -2.551724293076546246e+00 -3.660352749774763481e+01 9.782179442949867632e-01 9.079526535557752354e+00 9.782179442949867632e-01 -9.815802207253240041e+00
-1.699076578186345898e+01 -2.801801201853900913e+00 7.962272677119845099e+00 -2.801801201853900913e+00 -3.334730019196199891e+01 -9.009063035745454862e-01 7.962272677119845099e+00 -9.009063035745454862e-01 -1.959488170107158567e+01
4.354244509029046384e+01 2.475680179113078250e+00 1.962256323783478607e+01 2.475680179113078250e+00 9.766818669853474688e+00 -7.027943069430857115e+00 1.962256323783478607e+01 -7.027943069430857115e+00 3.168630595937826300e+01
2.409932179728791368e+01 -2.947160864537742064e+00 1.723857956444827266e+01 -2.947160864537742064e+00 6.887798023094563682e+00 -1.867035822755739038e-01 1.723857956444827266e+01 -1.867035822755739038e-01 1.973148832761116012e+01
7.539621319434089308e+00 8.320196391282323134e+00 2.068913534434570067e+01 8.320196391282323134e+00 -4.037354651838153075e+01 -2.657677628314555562e+00 2.068913534434570067e+01 -2.657677628314555562e+00 -4.352524245648793588e+00
3.690755311748698375e+01 1.280926517854873481e+01 1.482184659525484527e+01 1.280926517854873481e+01 -9.202491405723504103e-01 -2.331659710041582567e+00 1.482184659525484527e+01 -2.331659710041582567e+00 4.255455247258252172e+01
1.365277421694132798e+01 -1.331644617826326460e+01 5.108589543513622822e+00 -1.331644617826326460e+01 -2.625337864779348962e+01 1.384837777989136764e+00 5.108589543513622822e+00 1.384837777989136764e+00 3.176524338483182941e+00
-4.140001667310460221e+01 4.567203399121522622e+00 -2.470062156479452486e+00 4.567203399121522622e+00 -4.914702440367885572e+01 -1.276359058853544681e+01 -2.470062156479452486e+00 -1.276359058853544681e+01 -5.398673009381980847e+01
9.317369406127652409e-01 5.023117016993862372e+00 5.692331614867889300e+00 5.023117016993862372e+00 -1.200900647956184564e+01 -4.066763407445550982e+00 5.692331614867889300e+00 -4.066763407445550982e+00 -1.983808376595151968e+00
1.911564573063160566e+01 -9.860537409653074903e+00 4.474400496355217527e+00 -9.860537409653074903e+00 3.162410643237700825e+01 -3.507007079790549042e+00 4.474400496355217527e+00 -3.507007079790549042e+00 1.327720570274368939e+01
-4.094060639324776041e+00 1.171494884649708901e+01 1.716295194159537374e+01 1.171494884649708901e+01 -1.868846677433637993e+01 5.460388793317241252e+00 1.716295194159537374e+01 5.460388793317241252e+00 1.709465656347703533e+00
-5.560413883418212855e+00 2.762562474652202393e+00 6.061334324586697520e+00 2.762562474652202393e+00 -3.384871023892012687e+01 2.167183582474827830e+01 6.061334324586697520e+00 2.167183582474827830e+01 -2.853379359067375276e+01
1.858507202981188300e+01 -1.747285795520372886e+00 6.964115301422572735e+00 -1.747285795520372886e+00 1.946541984806359693e+01 4.541506760425121136e+00 6.964115301422572735e+00 4.541506760425121136e+00 1.271639954276210460e+01
-1.658992699724515063e+01 6.082327735505062449e+00 1.741924046453592467e+01 6.082327735505062449e+00 -4.629126599059017622e+01 1.850118260657725600e+01 1.741924046453592467e+01 1.850118260657725600e+01 -1.362928676817376328e+01
-1.080953456106051647e+01 7.534174959418458606e+00 1.973255309094089682e+01 7.534174959418458606e+00 -2.028897329873892375e+01 -6.304529857432628059e-02 1.973255309094089682e+01 -6.304529857432628059e-02 -8.297837498170149928e+00
3.204687151612933604e+01 2.292793177566521123e+00 2.146243503230443750e+01 2.292793177566521123e+00 -2.175517385993502195e+00 -2.931369620879091809e+00 2.146243503230443750e+01 -2.931369620879091809e+00 4.692248066592500066e+01
-2.912134197727297202e+00 -1.839889492097234402e+00 1.160547507259984990e+01 -1.839889492097234402e+00 -3.061664412611601449e+01 -9.562055783664840547e+00 1.160547507259984990e+01 -9.562055783664840547e+00 -5.094911891543696392e+00
-4.758829593940809843e+01 5.036543220006839405e+00 1.602980985375162604e+01 5.036543220006839405e+00 -7.705846088467446009e+01 -6.307377959270934475e+00 1.602980985375162604e+01 -6.307377959270934475e+00 -3.695052583141401215e+01
-7.809507885565470708e+00 6.396823993901393557e+00 1.554076465756788217e+01 6.396823993901393557e+00 -3.342316759052589248e+01 9.606902068929032978e+00 1.554076465756788217e+01 9.606902068929032978e+00 -7.810428315019255940e+00
1.334029332726860595e+01 1.368099319376032419e+01 9.197518629214597397e+00 1.368099319376032419e+01 2.295344271427313121e+00 -2.601739861101994844e+00 9.197518629214597397e+00 -2.601739861101994844e+00 8.942205289870521767e+00
-9.693994831192263462e+00 2.532795095446064071e+00 2.476353000315643982e+01 2.532795095446064071e+00 -1.855866339265110554e+01 -7.569581448500845688e+00 2.476353000315643982e+01 -7.569581448500845688e+00 3.622327222835831417e+00
-2.892952733239912977e+00 -1.583526494893059677e+01 3.131261922361078831e+01 -1.583526494893059677e+01 -4.641636265868267941e+01 5.331065260306482756e+00 3.131261922361078831e+01 5.331065260306482756e+00 -2.163799149440587399e+01
-1.736922135146737034e+01 -6.625753196765625574e+00 1.255749644606262017e+01 -6.625753196765625574e+00 -4.390347085844321384e+01 -1.435972818118782257e+01 1.255749644606262017e+01 -1.435972818118782257e+01 -3.608976393217186285e+01
6.934150029366156787e+01 3.576860530124128079e+00 2.688050392328986860e+01 3.576860530124128079e+00 2.408580226037543426e+01 -9.139535128012127529e+00 2.688050392328986860e+01 -9.139535128012127529e+00 4.093440877368834663e+01
2.047677482537156379e+01 -7.386927655292964801e+00 1.306980295697909966e+01 -7.386927655292964801e+00 -2.640597219158120179e+00 8.417722664287051515e+00 1.306980295697909966e+01 8.417722664287051515e+00 2.871554206615373861e+00
-2.452631448669554359e+01 1.631034549886388874e+01 1.754016005789637234e+01 1.631034549886388874e+01 -5.752771036385918535e+01 -1.106058353307199837e+01 1.754016005789637234e+01 -1.106058353307199837e+01 -3.218332016867854151e+01
-1.763301421277865444e+01 -1.760699100113548354e+00 1.040667789275577348e+01 -1.760699100113548354e+00 -5.468562424405363487e+01 -2.467324828220594402e+00 1.040667789275577348e+01 -2.467324828220594402e+00 -2.114069727698891654e+01
3.752402298717117191e+01 -5.076000989480867531e+00 1.289601870002982054e+01 -5.076000989480867531e+00 5.404495920199482129e+01 -1.807895798078082095e+00 1.289601870002982054e+01 -1.807895798078082095e+00 3.870331219507644249e+01
-4.601753275104663032e+00 7.466617001067091586e+00 3.329488805848833444e+00 7.466617001067091586e+00 -1.458360752430937701e+01 -4.043516834731232912e+00 3.329488805848833444e+00 -4.043516834731232912e+00 -1.130683658179793305e+01
-3.210345419052813298e+01 -5.261431198002003207e+00 7.305446687931327787e+00 -5.261431198002003207e+00 -3.787101532073111798e+01 -5.576135045091954012e+00 7.305446687931327787e+00 -5.576135045091954012e+00 -2.456759713196887063e+01
-1.852869604603868936e+01 2.339352200382906144e+00 8.153410845509695193e+00 2.339352200382906144e+00 -4.097773156345775192e+01 3.653862408307705589e+00 8.153410845509695193e+00 3.653862408307705589e+00 -1.384993166169087075e+01
