9.531049551462443148e+00 4.852615279058381859e+00 -6.876573741939601137e-01 4.852615279058381859e+00 1.332699400899815600e+01 -1.339422736422909566e+01 -6.876573741939601137e-01 -1.339422736422909566e+01 3.279727976983667759e+01
-1.574498690935629330e+00 4.759087833980752968e+00 -7.436362831801944573e+00 4.759087833980752968e+00 1.585771870879285039e+01 -1.116548557463976632e+00 -7.436362831801944573e+00 -1.116548557463976632e+00 -1.600994312081519411e+01
-5.116502291889324994e+01 -9.779050252069339422e+00 6.666035785177185424e+00 -9.779050252069339422e+00 -3.026117314571246997e+00 2.120073019153615235e+01 6.666035785177185424e+00 2.120073019153615235e+01 -2.843626020534248511e+01
2.379495898467753179e+01 -2.036804792467286962e+00 1.476175286985416690e+01 -2.036804792467286962e+00 1.974220932134252138e+01 2.081568982863207573e+00 1.476175286985416690e+01 2.081568982863207573e+00 1.729984424031566448e+01
2.985462485745702210e+01 -7.396172215219622981e-01 1.116001760856471492e+01 -7.396172215219622981e-01 3.443714819521435544e+01 3.435027995508700971e-01 1.116001760856471492e+01 3.435027995508700971e-01 1.944324120921087840e+01
1.145103002184297836e+00 -4.213819054770152839e+00 8.262916442981472542e+00 -4.213819054770152839e+00 4.173540968105380244e+01 6.300558210450681429e+00 8.262916442981472542e+00 6.300558210450681429e+00 -3.047258303355501141e+01
-1.563849057171073831e+01 6.772981614313885457e-01 5.106903683105141312e+00 6.772981614313885457e-01 3.325186025588944005e+01 1.482813717193809389e+00 5.106903683105141312e+00 1.482813717193809389e+00 -4.029430832876680313e+01
9.521368754246292809e+00 -2.767230610372495292e+00 -1.485415389305550615e+00 -2.767230610372495292e+00 5.850904205822915927e+00 -9.651043865648492925e+00 -1.485415389305550615e+00 -9.651043865648492925e+00 3.888184603231775327e+01
-2.145772252824727500e-01 8.290958442810630658e+00 8.477082059647294443e+00 8.290958442810630658e+00 6.128623751409419285e+00 -3.094813938305276935e+01 8.477082059647294443e+00 -3.094813938305276935e+01 1.438340924078804051e+01
-3.681484034607957057e+01 1.273648804961290537e+01 1.680657439624714700e+00 1.273648804961290537e+01 -1.305422110568168215e+01 -6.654876643682305470e+00 1.680657439624714700e+00 -6.654876643682305470e+00 -8.497295093271368671e-01
6.525955763367305984e+00 -3.779993787564020380e+00 -1.060535764539924486e+01 -3.779993787564020380e+00 -3.296787352585013320e+00 -1.061775620955922372e+00 -1.060535764539924486e+01 -1.061775620955922372e+00 2.844659610025620111e+01
2.788743138029227353e+01 -6.467711460053686690e-01 7.149366211026463525e+00 -6.467711460053686690e-01 6.513921717059156791e+00 6.112791301306784497e+00 7.149366211026463525e+00 6.112791301306784497e+00 3.486612522546870707e+01
-2.305365666192533070e+01 -1.095225802126335424e+01 -1.371960108543177626e+01 -1.095225802126335424e+01 1.921635444492538269e+01 -1.385948955765960555e+00 -1.371960108543177626e+01 -1.385948955765960555e+00 -5.014928487422108105e+01
-1.616910714467853083e+01 -1.280678744557157600e+01 -4.632062356588549257e+00 -1.280678744557157600e+01 -7.220417463583221718e+01 -1.671849417393649517e+01 -4.632062356588549257e+00 -1.671849417393649517e+01 -1.647411133028154140e+01
2.526943505975260962e+01 4.297739871628412978e+00 -1.833284508837575988e+00 4.297739871628412978e+00 3.719071335995837302e+01 -4.263865864508658454e+00 -1.833284508837575988e+00 -4.263865864508658454e+00 2.961048307166429794e+01
2.369023949366889426e+01 1.167817585279284254e+00 -1.134012561052220569e+01 1.167817585279284254e+00 6.413001213533708444e+00 -7.212066069837793414e+00 -1.134012561052220569e+01 -7.212066069837793414e+00 2.486817893213244446e+01
-3.156305668486731264e+01 2.368404681296125691e+00 2.736503011550826425e+00 2.368404681296125691e+00 9.385821678044003136e+00 3.701190848918357368e+00 2.736503011550826425e+00 3.701190848918357368e+00 -4.361003713658369918e+01
-2.911722369946574673e+01 6.543280656200447076e+00 -6.449096228544853204e+00 6.543280656200447076e+00 -4.149785472041658707e+00 5.399612606096789946e+00 -6.449096228544853204e+00 5.399612606096789946e+00 -1.504416722421005836e+01
-8.445226167327808398e+00 6.186587908472543695e+00 -8.562647432940408976e+00 6.186587908472543695e+00 4.767692535368573914e+01 1.264772071272439735e+00 -8.562647432940408976e+00 1.264772071272439735e+00 -6.610463007302384142e+01
3.987573202184698573e+01 -1.039577210133047735e+01 8.249774651844711926e+00 -1.039577210133047735e+01 -1.255139877331712306e+01 2.096066579990353507e+00 8.249774651844711926e+00 2.096066579990353507e+00 5.374423912827365513e+01
-2.879214670146019728e+01 1.049064640430764861e+01 -2.069596568607785958e+00 1.049064640430764861e+01 -2.536209204711611598e+00 -2.680329642824479386e+00 -2.069596568607785958e+00 -2.680329642824479386e+00 -4.102883057162507185e+01
-2.634627514474193788e+01 -1.637502822345817677e+01 -6.959282052428933163e+00 -1.637502822345817677e+01 4.671836074308772346e+00 -4.609642456438210800e+00 -6.959282052428933163e+00 -4.609642456438210800e+00 -5.543919983103982219e+01
3.926925694938805389e-01 7.914512988118990400e+00 -1.535027334826021850e+01 7.914512988118990400e+00 4.158659968646661298e+01 -6.720262724787307462e+00 -1.535027334826021850e+01 -6.720262724787307462e+00 -1.904844594914866818e+01
1.586281192879067170e+01 -5.352031674982828058e+00 -2.996835589320665072e+00 -5.352031674982828058e+00 1.840557844310969671e+01 -1.328625674602999496e+01 -2.996835589320665072e+00 -1.328625674602999496e+01 1.906597363592120686e+01
-2.622986060515249207e+01 9.710914848340183037e-01 -1.313358116635294159e+01 9.710914848340183037e-01 -1.026567447052453197e+01 -1.433935016025295539e+01 -1.313358116635294159e+01 -1.433935016025295539e+01 -2.175599244777046692e+00
-2.354120317824989073e+01 7.373901422814213902e+00 -9.883906776411002681e+00 7.373901422814213902e+00 -3.633740957835130558e+01 2.635030812834616043e+00 -9.883906776411002681e+00 2.635030812834616043e+00 -9.603844100544311146e+00
2.875337675026328554e+01 -8.068724446583176446e-01 -1.752020733964359778e+01 -8.068724446583176446e-01 3.218785339023121139e+01 5.997753917712722149e+00 -1.752020733964359778e+01 5.997753917712722149e+00 4.154798124910295343e+01
-3.675225681489977347e+01 -4.839016878963399826e+00 -6.472116691604807848e+00 -4.839016878963399826e+00 -1.551769178946964622e+01 3.055763719919570853e+00 -6.472116691604807848e+00 3.055763719919570853e+00 -9.712502287796290545e+00
-1.146983043667380819e+01 -3.320257226075057133e+00 -1.936741587863799552e+01 -3.320257226075057133e+00 1.459095641913692099e+01 9.727865072531892920e+00 -1.936741587863799552e+01 9.727865072531892920e+00 1.124249626881866604e+01
4.940233460891928274e+01 2.241664956013541765e+00 3.273818212331016109e-01 2.241664956013541765e+00 1.699747457538406437e+01 8.299854147841802643e+00 3.273818212331016109e-01 8.299854147841802643e+00 5.315987043336286888e+01
-1.212198263101531914e+01 3.168806612485527197e+00 1.364462481738914512e+01 3.168806612485527197e+00 2.798525133938033349e+01 -1.508213642018087164e+00 1.364462481738914512e+01 -1.508213642018087164e+00 -3.002400538080710035e+01
-2.130766914966326553e+01 -2.418072401392572790e-01 6.608149351846154929e+00 -2.418072401392572790e-01 3.691374874969231001e+01 -6.005377282923991977e+00 6.608149351846154929e+00 -6.005377282923991977e+00 -4.152125037499798310e+01
-2.392430835749987139e+01 4.643878476405010503e+00 1.429594928213603033e+01 4.643878476405010503e+00 -9.847395168624776929e+00 2.296343278716087255e+01 1.429594928213603033e+01 2.296343278716087255e+01 1.315813351379999041e+01
1.557910781431862457e+00 -4.911814523122713716e+00 2.225323393719999032e+01 -4.911814523122713716e+00 -5.931230715535865272e+01 1.668437508012055659e+01 2.225323393719999032e+01 1.668437508012055659e+01 -1.492447470788084019e+01
3.853188978715946433e+01 -1.860415122175480107e+01 -5.654068893281508856e+00 -1.860415122175480107e+01 4.704918342998991676e+01 9.905950978363155246e-02 -5.654068893281508856e+00 9.905950978363155246e-02 5.414641450068283746e+01
-6.645754630183561495e+00 1.347558496402302275e+01 -2.294867887640939408e+00 1.347558496402302275e+01 4.151579053937627606e+01 -1.418252483029001532e+00 -2.294867887640939408e+00 -1.418252483029001532e+00 -1.457182069398570512e+01
1.570878467529559686e+01 1.848016590468070319e+01 1.227604196947399728e+01 1.848016590468070319e+01 7.273664583573223297e+01 -1.300083217959037007e+01 1.227604196947399728e+01 -1.300083217959037007e+01 -2.193410316177728347e+01
-4.712097925718121161e+01 -1.483055216434121082e+00 -4.546438531838713715e+00 -1.483055216434121082e+00 -1.180388804962266214e+01 1.268436888306656840e+01 -4.546438531838713715e+00 1.268436888306656840e+01 -3.231091664681758857e+01
5.076654680803719799e+01 2.247828978979771719e+01 1.093549759833906698e+01 2.247828978979771719e+01 3.960044616877036816e+01 1.074636613962240084e+01 1.093549759833906698e+01 1.074636613962240084e+01 5.709858110160939049e+01
-1.067512807747487713e+01 -4.044348559851617786e+00 -1.438204703831300613e+00 -4.044348559851617786e+00 -1.762840231329042950e+01 1.362985262407968889e+01 -1.438204703831300613e+00 1.362985262407968889e+01 -3.597968719138636029e+00
-2.943920648385408967e+01 -2.612611212793651827e+00 -5.989425998360585979e+00 -2.612611212793651827e+00 -1.872289921634158416e+00 1.483059513376603888e+01 -5.989425998360585979e+00 1.483059513376603888e+01 -1.004989961402551479e+01
-6.425639944253320301e+00 2.060160758587982421e+00 2.880880416169177849e+01 2.060160758587982421e+00 -5.871356709899943382e+01 8.072014412006540240e+00 2.880880416169177849e+01 8.072014412006540240e+00 1.131223371715110915e+01
-7.134029955756961527e+00 -9.994579571247715677e+00 6.170040375885534445e+00 -9.994579571247715677e+00 -1.090882159921211070e+01 -1.251495269533212529e+01 6.170040375885534445e+00 -1.251495269533212529e+01 -5.112483554693634247e+00
3.975357492750175936e+01 4.875957274839170630e+00 6.614387488484476663e+00 4.875957274839170630e+00 3.676477575808803522e+01 -5.032672405251948256e+00 6.614387488484476663e+00 -5.032672405251948256e+00 4.630524680633585177e+01
-6.574483685746508321e+00 -6.763560699170988677e+00 -1.672105725004197074e+00 -6.763560699170988677e+00 1.898276188991593472e+01 -4.152214927537890787e+00 -1.672105725004197074e+00 -4.152214927537890787e+00 -1.921724182618665111e+01
1.891210393325444272e+01 -6.497587356817184912e+00 2.254235183544525345e+00 -6.497587356817184912e+00 -2.371362996581956040e+01 1.270105645018709595e+01 2.254235183544525345e+00 1.270105645018709595e+01 2.445046048817393469e+01
-1.622473652305681924e+01 -8.783225382677500193e+00 -5.717112103708601012e+00 -8.783225382677500193e+00 -4.801576160553729267e+01 3.275143908437717855e+00 -5.717112103708601012e+00 3.275143908437717855e+00 -1.201005057873517146e+01
-3.405374692263175262e+01 -9.205244786790025557e+00 -3.367531544227323259e+00 -9.205244786790025557e+00 1.102270015440370265e+01 -4.906093578436553138e+00 -3.367531544227323259e+00 -4.906093578436553138e+00 1.469713919159263860e+00
-3.493275466906445814e+01 2.824270054386176554e+01 -1.026818685346414384e+01 2.824270054386176554e+01 1.389162925605219634e+01 -6.853253754992778113e+00 -1.026818685346414384e+01 -6.853253754992778113e+00 -5.435405364580752519e+01
-2.682024221707002454e+01 5.969154906143896433e+00 1.590545329765748939e+01 5.969154906143896433e+00 -5.173951234536227872e+01 -2.836762188535219220e+00 1.590545329765748939e+01 -2.836762188535219220e+00 -1.396625214819152383e+01
-3.027001130697353215e+00 2.027619476717284375e+00 4.715566110481812068e+00 2.027619476717284375e+00 -3.930185315021469705e+01 -1.579571317067985881e+01 4.715566110481812068e+00 -1.579571317067985881e+01 -5.776032140961482320e+00
-3.282543081677648900e+01 1.022198338272588991e+01 1.235242797882459520e+01 1.022198338272588991e+01 -1.264017387691081851e+00 -1.162352342552388862e+01 1.235242797882459520e+01 -1.162352342552388862e+01 -1.335772117374871293e+01
-1.322093006663224601e+00 -9.865126721910492336e+00 -4.371761018322610326e+00 -9.865126721910492336e+00 -7.255446010911317245e+00 -2.136782860844642418e+00 -4.371761018322610326e+00 -2.136782860844642418e+00 -1.012223234455715470e+01
3.510196099599099284e+00 2.587964302633522617e+00 -3.982232021311938652e+00 2.587964302633522617e+00 -1.857704607549641196e+01 6.683315478258695208e+00 -3.982232021311938652e+00 6.683315478258695208e+00 4.826720878889955380e+00
3.083044052051174688e+01 3.023653123761850914e+00 1.077735130471001668e+01 3.023653123761850914e+00 2.515865637916311570e+01 -2.597777722896637886e+00 1.077735130471001668e+01 -2.597777722896637886e+00 3.726819555511055881e+01
-2.513207830963587242e+01 -5.927483779981486123e+00 1.485688930155737886e+00 -5.927483779981486123e+00 2.816172427020048019e+01 3.818132786665433542e+00 1.485688930155737886e+00 3.818132786665433542e+00 -5.594345106521328859e+01
1.556511100276809501e-01 -1.016012294590595033e+01 -1.122957753241330536e+01 -1.016012294590595033e+01 2.727774470381931238e+01 -7.109975735137235908e+00 -1.122957753241330536e+01 -7.109975735137235908e+00 -1.933344336368362093e+01
-1.372741027792422308e+01 -2.035172267938636992e+01 9.420594316277881575e+00 -2.035172267938636992e+01 1.508992344371976557e+01 -1.287965564449663702e+01 9.420594316277881575e+00 -1.287965564449663702e+01 -3.885194865786667151e+01
3.740501476720939422e+01 4.122153558996623168e+00 6.700717624085774649e-01 4.122153558996623168e+00 2.922971043495294197e+01 5.787328031590323718e+00 6.700717624085774649e-01 5.787328031590323718e+00 4.085259316749473157e+01
-1.186641511226629397e+01 7.322340347133656557e+00 -5.957858130329213076e+00 7.322340347133656557e+00 2.812780806181704563e+00 -1.625619172259844758e+00 -5.957858130329213076e+00 -1.625619172259844758e+00 -4.017616297693631111e+01
-2.677889457366224235e+01 -1.766006429984606108e+00 -6.507864816940479358e+00 -1.766006429984606108e+00 -4.485889438733710932e+01 -8.006560767371887266e+00 -6.507864816940479358e+00 -8.006560767371887266e+00 -3.460765927971355893e+01
-3.951842183727435298e+01 -1.460185756496104270e+00 5.855672494122754479e+00 -1.460185756496104270e+00 2.834315395871961485e+01 -5.827436651326049599e+00 5.855672494122754479e+00 -5.827436651326049599e+00 -7.544750333823154165e+01
-1.827054488340113636e+01 -3.036231190913338610e-02 4.324169115654308726e+00 -3.036231190913338610e-02 3.689388306448354626e+01 -1.058226805756888211e+01 4.324169115654308726e+00 -1.058226805756888211e+01 -4.748707863839140231e+01
-1.514396291954778739e+01 -2.309627022429819210e+00 7.754665034262301582e+00 -2.309627022429819210e+00 3.017749236661201451e+01 4.340964891590556540e+00 7.754665034262301582e+00 4.340964891590556540e+00 -4.242894416194338447e+01
-1.169733370607692535e+01 1.943293650902933578e+01 -6.752116988972136191e+00 1.943293650902933578e+01 2.923629852766784509e+01 7.641225471614220943e+00 -6.752116988972136191e+00 7.641225471614220943e+00 -4.286939642414282048e+01
-1.297121080570190443e+01 -2.178222226083073920e+00 2.664245353194957477e+00 -2.178222226083073920e+00 4.717959447186247957e+01 2.729550236014417930e+00 2.664245353194957477e+00 2.729550236014417930e+00 -5.294060427115505973e+01
-1.953030963734099501e+01 6.139887731311813646e+00 1.213087039576973974e-01 6.139887731311813646e+00 4.279702195578771295e+01 1.514984154720630638e+00 1.213087039576973974e-01 1.514984154720630638e+00 -5.741100332941311990e+01
2.280996704899403937e+01 -5.699150440233927917e+00 -8.121698931343370731e+00 -5.699150440233927917e+00 1.870157806227502206e+01 2.444855680075123772e+00 -8.121698931343370731e+00 2.444855680075123772e+00 2.873570906328448160e+01
-3.109674772891816374e+01 2.968698900262078055e+00 5.909673748809890270e+00 2.968698900262078055e+00 -4.311575305507134459e+01 -2.403924614024852247e+00 5.909673748809890270e+00 -2.403924614024852247e+00 -1.656999958810595786e+01
-2.614427824588163674e+01 1.775712760407488489e+01 6.140138000339701918e+00 1.775712760407488489e+01 -2.543792722970647446e+01 3.948891684453106787e+00 6.140138000339701918e+00 3.948891684453106787e+00 -7.375472447735205606e+00
3.017429414335816418e+01 5.756586032734912983e+00 -3.107194962613770706e+00 5.756586032734912983e+00 3.228948983412704621e+01 1.121211437982958437e+01 -3.107194962613770706e+00 1.121211437982958437e+01 2.676499853901648862e+01
-7.909349125731324648e+00 4.639117400868801866e+00 -1.540951358428406692e+01 4.639117400868801866e+00 -3.810670115652199996e+01 9.990945413930889529e+00 -1.540951358428406692e+01 9.990945413930889529e+00 2.042510764986347382e+01
-2.426726460283344267e+01 -1.232459177883322932e+00 -2.744121977866495143e+00 -1.232459177883322932e+00 -9.304687575940056021e+00 -5.883753052159223174e+00 -2.744121977866495143e+00 -5.883753052159223174e+00 -3.249419007456335606e+01
3.366263377033011039e+01 4.099486550999004386e+00 1.021778957563136458e+01 4.099486550999004386e+00 4.876189082980545919e+01 9.513140430817848880e+00 1.021778957563136458e+01 9.513140430817848880e+00 -1.327434660719825921e+01
-4.894648652043767356e+01 -2.638061296286109858e+00 2.011275764371804797e+01 -2.638061296286109858e+00 -5.617891391246387656e+01 -1.478693587275170174e+01 2.011275764371804797e+01 -1.478693587275170174e+01 -1.392161912660689005e+01
-9.270770141602356773e+01 -3.113365919763443124e+00 8.836048285298206295e+00 -3.113365919763443124e+00 -1.146871591550064728e+01 -1.333519151129313851e+00 8.836048285298206295e+00 -1.333519151129313851e+00 -3.302182845047153847e+01
-1.678893181634420140e+00 -1.283855227544768063e+01 2.018411864280222456e+00 -1.283855227544768063e+01 3.946717165634461111e+01 1.002129728997948632e+01 2.018411864280222456e+00 1.002129728997948632e+01 -1.710351439111603966e+01
5.260872962806388387e+01 9.681452493772324530e+00 -3.895741752235966970e+00 9.681452493772324530e+00 5.874041424519754884e+01 -2.928917362741062735e+00 -3.895741752235966970e+00 -2.928917362741062735e+00 5.603327415858656479e+01
-1.914280956080888529e+01 8.810621288864787459e+00 1.559445246817878861e+01 8.810621288864787459e+00 -4.192173905226481878e+01 -8.594454554284110870e+00 1.559445246817878861e+01 -8.594454554284110870e+00 2.135602742475782279e+01
-8.275393152525126084e+00 6.069940299459326560e+00 7.432227569358396124e+00 6.069940299459326560e+00 4.088043014665989006e+01 -6.078266004784703469e+00 7.432227569358396124e+00 -6.078266004784703469e+00 -1.897688824628352222e+01
-3.960792457449968396e+01 8.632269525408927890e+00 -1.571754941912407499e+00 8.632269525408927890e+00 -1.568129542829984757e+01 2.597759136319887574e+01 -1.571754941912407499e+00 2.597759136319887574e+01 -2.620021317928112481e+01
2.425773378126849167e+01 9.178302734027933951e+00 -5.509889423970023792e+00 9.178302734027933951e+00 -2.347872314182423992e+01 -9.994514838316986172e+00 -5.509889423970023792e+00 -9.994514838316986172e+00 3.395442065514887275e+01
-1.928813028374495886e+01 -4.069095196150699922e-01 1.665085661427748320e+01 -4.069095196150699922e-01 4.751828071871790371e+01 1.308032943410762261e+00 1.665085661427748320e+01 1.308032943410762261e+00 -5.665650247922907567e+01
-2.318635062980663264e+01 1.327862807617441554e+01 7.410542007590641411e+00 1.327862807617441554e+01 -1.300662507767036757e+01 4.826955523935051673e+00 7.410542007590641411e+00 4.826955523935051673e+00 -3.200115167812843708e+01
-4.877019634209229793e+00 6.273504036167370401e+00 -2.088834509838465081e+00 6.273504036167370401e+00 5.023213548124640937e+00 -9.091660079641902925e+00 -2.088834509838465081e+00 -9.091660079641902925e+00 -4.864251001763804538e+00
-9.038841020985817210e+00 -1.633085110169480547e+00 -1.365590306002823828e+00 -1.633085110169480547e+00 -4.383640197947845962e+01 4.316526919659515293e+00 -1.365590306002823828e+00 4.316526919659515293e+00 4.035496553077469351e+00
-3.841921482961597745e-01 1.527999430044368445e+01 -1.012255106456138343e+01 1.527999430044368445e+01 -3.240253646941081911e+01 3.730443827925135736e+00 -1.012255106456138343e+01 3.730443827925135736e+00 -1.429718231463536959e+01
-2.335472033732783004e+00 -1.840958133110596751e-01 -3.405815220295705381e-01 -1.840958133110596751e-01 1.116329444487714362e+01 -5.744487807111086752e+00 -3.405815220295705381e-01 -5.744487807111086752e+00 -1.483712398030963797e+01
6.158134739943542435e+00 -1.973585363591985598e+01 3.826441290248459026e-01 -1.973585363591985598e+01 -2.698651867701832430e+01 -7.578942637211555144e+00 3.826441290248459026e-01 -7.578942637211555144e+00 1.941043474951856496e+01
3.402586774600001718e+01 5.883000874094913790e+00 1.943032830996851423e+00 5.883000874094913790e+00 3.940619277485351546e+01 -2.034268290385636035e+01 1.943032830996851423e+00 -2.034268290385636035e+01 3.561037745976634028e+01
-1.235135626277347320e+01 3.823954814176990791e+00 2.202969394946132198e+00 3.823954814176990791e+00 -2.331529606539585853e+00 -7.290906022927253538e+00 2.202969394946132198e+00 -7.290906022927253538e+00 -2.747600632427368694e+01
-2.099279872791938573e+01 1.204973797645055189e+00 7.568846741093389952e+00 1.204973797645055189e+00 -2.770169253202769255e+01 9.127608679501955535e+00 7.568846741093389952e+00 9.127608679501955535e+00 -7.208208471468494416e+00
-2.113046602371761296e+01 4.498564641330103919e-01 -7.304060951289704562e+00 4.498564641330103919e-01 3.672190094368004054e+01 -6.224118498968116420e+00 -7.304060951289704562e+00 -6.224118498968116420e+00 -4.159243876850180754e+01
1.364933541581226351e+01 3.214584465464361163e+00 1.790677963117360250e+01 3.214584465464361163e+00 -2.082454592975533103e+01 -9.571328704707669388e+00 1.790677963117360250e+01 -9.571328704707669388e+00 2.029844730245308426e+00
2.813373989887382720e+01 1.600467045093715290e+00 -7.237207689603311955e+00 1.600467045093715290e+00 2.555536907706789762e+01 -2.442531347616687665e-01 -7.237207689603311955e+00 -2.442531347616687665e-01 3.586093925410970229e+01
-1.451003596349325342e+01 3.249343363292308773e+00 -4.655289359642995173e+00 3.249343363292308773e+00 2.002364271174873878e+01 2.975365817764063614e+00 -4.655289359642995173e+00 2.975365817764063614e+00 -3.568651303769591010e+01
-1.989817916403549347e+01 -3.268898661424502361e+00 -1.133678072234624423e+01 -3.268898661424502361e+00 -5.092819244903594011e+01 4.534172975218702994e+00 -1.133678072234624423e+01 4.534172975218702994e+00 2.639955434115039523e+00
-1.044140751531125133e+01 -3.229648463269977121e+00 4.992140251959081176e+00 -3.229648463269977121e+00 4.910223478726766899e+01 1.460087170955517211e+00 4.992140251959081176e+00 1.460087170955517211e+00 -4.971387885404068641e+01
5.059905024424526943e+01 1.338334851510108869e+01 4.560493946429450496e+00 1.338334851510108869e+01 1.925498038191443229e+01 1.364812080870843580e+01 4.560493946429450496e+00 1.364812080870843580e+01 6.677477896613595476e+01
-1.429639854112130948e+01 -1.141276880953360795e+01 4.344539331786384295e+00 -1.141276880953360795e+01 -3.245472830060628411e+01 -2.138143477474260479e+01 4.344539331786384295e+00 -2.138143477474260479e+01 -2.987775124709914021e+00
