-2.435410420174028445e+01 -2.737432333173910770e+00 2.097408583597466514e+00 -2.737432333173910770e+00 -1.771029147619348976e+01 -7.010039261124345167e+00 2.097408583597466514e+00 -7.010039261124345167e+00 -2.338772044923106463e+01
-8.177798195131213532e+00 7.047017921590105483e-02 -8.012709785581382249e+00 7.047017921590105483e-02 -2.316421682741809818e+01 2.150132148292347001e+00 -8.012709785581382249e+00 2.150132148292347001e+00 -1.504153645433618358e+01
4.441119319798493592e+01 9.872988638407916184e+00 8.063798015379953554e+00 9.872988638407916184e+00 3.298866243549042565e+01 -8.110274733696128280e+00 8.063798015379953554e+00 -8.110274733696128280e+00 -1.287218222499906028e+00
2.159836845542153227e+01 2.070717899241816440e+01 -5.892060161366916127e+00 2.070717899241816440e+01 2.077415627453411240e+00 -5.617835177449674866e+00 -5.892060161366916127e+00 -5.617835177449674866e+00 -1.985290389603535033e+01
3.110359442491792947e+01 5.603971601075923736e+00 -2.108261424895862213e+00 5.603971601075923736e+00 5.500798381265278891e+01 -1.439861207509673113e-01 -2.108261424895862213e+00 -1.439861207509673113e-01 8.943319745078705196e+00
3.500786163088724123e+01 -9.444542827095418147e+00 1.150320547232144186e+01 -9.444542827095418147e+00 2.610951509237170853e+01 3.190248725104835592e-01 1.150320547232144186e+01 3.190248725104835592e-01 2.293429570803108675e+01
2.567356094366715169e+01 4.264560348715106031e+00 1.021254808719434237e+01 4.264560348715106031e+00 3.090613959971376801e+01 -3.463266132268109310e+00 1.021254808719434237e+01 -3.463266132268109310e+00 2.295389173256195647e+01
5.395472193536757111e+00 5.682151799275776405e+00 -2.618749400489766010e+00 5.682151799275776405e+00 1.355972293993679578e+01 -4.356463520194739480e+00 -2.618749400489766010e+00 -4.356463520194739480e+00 -1.552329697726201196e+01
2.646221809716958973e+01 3.422167131108025284e+00 -7.790675400631542402e+00 3.422167131108025284e+00 2.476342157692482360e+01 1.148347800086788162e+00 -7.790675400631542402e+00 1.148347800086788162e+00 -1.875301767123292151e+01
1.123411316478278543e+01 -8.275540070460872144e+00 2.687830980774049028e+00 -8.275540070460872144e+00 -3.214459626456311447e+00 4.919015798469041023e+00 2.687830980774049028e+00 4.919015798469041023e+00 3.759586730306039470e+01
-7.670609071508245336e+00 2.740523665218539850e+00 1.556141022842385813e-01 2.740523665218539850e+00 5.713519442027292783e-01 -3.226763812025186695e+00 1.556141022842385813e-01 -3.226763812025186695e+00 -4.011721347498221490e+01
5.362879023006412638e+01 1.269151697854714200e+01 8.207026565158269449e+00 1.269151697854714200e+01 5.078072138307097561e+01 -9.971541913014403846e+00 8.207026565158269449e+00 -9.971541913014403846e+00 2.317614579463503333e+01
2.169139238677878723e+01 6.921529721326601381e-01 3.779858270529081299e+00 6.921529721326601381e-01 2.720623372518810612e+01 5.143654664828373413e+00 3.779858270529081299e+00 5.143654664828373413e+00 -6.181731596107865379e+00
-5.730467867000633930e+00 2.022591261156536646e+00 1.341039347063289977e+00 2.022591261156536646e+00 -4.993692538216511601e+00 -1.242064388882061721e+01 1.341039347063289977e+00 -1.242064388882061721e+01 2.639719314326143818e-01
-1.884553281630885024e+01 1.225166493930622025e+01 -9.572441108698243051e-01 1.225166493930622025e+01 -6.203390070823279201e-01 5.323571608654678045e-01 -9.572441108698243051e-01 5.323571608654678045e-01 7.894553813967709388e+00
2.684061943142108930e+01 3.838538563024735506e+00 -1.504427226921974814e+01 3.838538563024735506e+00 2.345820638552251935e+01 -1.413932990464057937e+01 -1.504427226921974814e+01 -1.413932990464057937e+01 -3.881128046955076183e+00
-1.949473562750001676e+01 1.509709423731500522e+01 -6.578304541226161817e+00 1.509709423731500522e+01 -3.663991894130705873e+01 -8.262868572680783785e+00 -6.578304541226161817e+00 -8.262868572680783785e+00 -3.287289922199104808e+01
3.028638911583640336e+01 -9.340531563969688422e-01 -6.359600145449682884e+00 -9.340531563969688422e-01 1.481691180897823656e+01 -8.726504701613558845e-01 -6.359600145449682884e+00 -8.726504701613558845e-01 -2.728049525205203096e+01
2.055194092190169641e+01 2.238683602146089413e+00 -5.880079418048580919e+00 2.238683602146089413e+00 1.897772906212133748e+01 1.038236675814488486e+01 -5.880079418048580919e+00 1.038236675814488486e+01 -1.901918391716095869e+01
3.462254515606765892e+01 5.621562746372543273e+00 3.813790684730558489e+00 5.621562746372543273e+00 3.289549930118322152e+01 1.244629343099517982e+01 3.813790684730558489e+00 1.244629343099517982e+01 -9.314812922147215346e+00
3.223830181800496320e+01 4.836771459872406531e+00 1.486716784417678916e+01 4.836771459872406531e+00 2.774969108697548137e+01 1.112341069755788325e+01 1.486716784417678916e+01 1.112341069755788325e+01 -3.432241992146966569e-01
2.185137792237797427e+01 5.061837497208848902e+00 -2.165948418120021923e+00 5.061837497208848902e+00 2.084979608607654455e+01 3.404583809010927720e+00 -2.165948418120021923e+00 3.404583809010927720e+00 -1.093058662232937728e+01
-1.066486262417175146e+00 2.113125106246875440e+00 -2.134110482034032330e+01 2.113125106246875440e+00 2.957055840906501754e+00 -1.397100760831539557e+00 -2.134110482034032330e+01 -1.397100760831539557e+00 -2.898587961243078936e+01
3.087650425621191985e+01 -4.476327965565988443e+00 -1.085670609069740777e+01 -4.476327965565988443e+00 3.449319316390925394e+01 -3.819159163847728466e-01 -1.085670609069740777e+01 -3.819159163847728466e-01 1.579450732861313611e+01
1.230094977558266933e+01 1.824293634187494106e+01 -4.438823246211354601e+00 1.824293634187494106e+01 1.377674726837760932e+00 -1.731979946961828665e+00 -4.438823246211354601e+00 -1.731979946961828665e+00 -1.292216030129559634e+01
-1.155886946876053401e+01 8.904448985120570370e+00 9.249087773441575067e+00 8.904448985120570370e+00 -1.424342537982154511e+01 6.066388486607483088e+00 9.249087773441575067e+00 6.066388486607483088e+00 -4.681077025313583562e+01
-7.909172759193687785e-01 1.078755470980168063e+01 -4.822782251389328145e+00 1.078755470980168063e+01 9.761542991409976722e+00 2.550395646551637974e+00 -4.822782251389328145e+00 2.550395646551637974e+00 1.434001365467874756e+01
-3.026397695707657221e+01 8.849135821726553885e+00 2.864820967635327009e-01 8.849135821726553885e+00 -1.677015770302699593e+01 -6.677519666403977094e-01 2.864820967635327009e-01 -6.677519666403977094e-01 -2.146527904466614789e+00
4.873858482174026108e+01 9.938531064973690765e-02 -4.395953939702833324e+00 9.938531064973690765e-02 4.316759639459163367e+01 -1.114727939321571881e+01 -4.395953939702833324e+00 -1.114727939321571881e+01 6.390115417467890246e+00
-3.863619952085339548e+01 7.820820788554867953e+00 2.966055383549572877e+00 7.820820788554867953e+00 -1.163987215904536932e+01 3.970519148674290566e+00 2.966055383549572877e+00 3.970519148674290566e+00 -6.343304910343969816e+00
-1.076848691695734939e+00 5.744440476242483662e+00 9.149919050701910805e+00 5.744440476242483662e+00 2.852285643444382401e+00 7.654990072343286656e+00 9.149919050701910805e+00 7.654990072343286656e+00 -2.748286048998701148e+01
-5.925346092790756636e+00 -1.635972456101422445e-01 6.064569695270198402e+00 -1.635972456101422445e-01 -1.080080754890652805e+01 4.373162879380043666e-01 6.064569695270198402e+00 4.373162879380043666e-01 -1.433136393163260180e+01
2.758167801140360353e+01 1.825097310210274992e+00 5.726193947677159279e+00 1.825097310210274992e+00 3.935898549141973035e+01 8.077948541080870015e+00 5.726193947677159279e+00 8.077948541080870015e+00 3.229630522857902086e+00
-1.091949861109243791e+01 2.034249278469233602e+01 5.956761591160953273e+00 2.034249278469233602e+01 -1.102913004636838146e+01 1.671910315687058457e+01 5.956761591160953273e+00 1.671910315687058457e+01 -4.628057019672144179e+01
1.964502245108017320e+01 1.539701369588372515e+01 5.089851047999641942e+00 1.539701369588372515e+01 2.269516986316552476e+01 7.169704590354765372e+00 5.089851047999641942e+00 7.169704590354765372e+00 2.319387643120987264e+01
-2.490152611184687004e+01 1.257086117388917224e+01 9.135353046968944568e+00 1.257086117388917224e+01 -3.365101874657698033e+01 -5.423139996484039882e-01 9.135353046968944568e+00 -5.423139996484039882e-01 -6.694059934765708419e+01
1.363285219585867125e+01 1.246939694810274091e+01 8.701336482191713628e+00 1.246939694810274091e+01 -1.436323108867081644e-01 7.948262259252590667e+00 8.701336482191713628e+00 7.948262259252590667e+00 -2.077168959254938585e+01
-1.577529390301175916e+01 3.568264165323530301e-01 2.573043964835829911e+01 3.568264165323530301e-01 -2.113262690235864483e+01 -2.077231447737552639e+00 2.573043964835829911e+01 -2.077231447737552639e+00 4.093066892093699671e-02
3.005423293552373565e+01 9.973795824741489291e-01 4.810753111598869758e+00 9.973795824741489291e-01 3.204904122452005311e+01 4.254844330995521062e+00 4.810753111598869758e+00 4.254844330995521062e+00 2.325764018255350063e+00
-4.638480019133094601e+00 9.340660001913683175e+00 1.639516710148142042e+00 9.340660001913683175e+00 4.075892961237982171e+00 4.874164401524566870e+00 1.639516710148142042e+00 4.874164401524566870e+00 -1.864546735589966531e+01
-1.576458432593457637e+01 5.322763250814953828e+00 -6.665510106207065411e-01 5.322763250814953828e+00 -3.850751487975595300e+00 -9.309990206574154215e+00 -6.665510106207065411e-01 -9.309990206574154215e+00 6.743066211872131177e+00
6.197728526608884891e+01 4.876689383332140970e+00 3.263901440863218317e-01 4.876689383332140970e+00 5.903249802178120831e+01 -2.165875547969729809e+00 3.263901440863218317e-01 -2.165875547969729809e+00 2.439829421647629459e+01
3.188873588537824988e-01 4.146884709340660891e+00 1.184125690847590917e+01 4.146884709340660891e+00 1.168641192413263141e+01 6.260970534921858066e-01 1.184125690847590917e+01 6.260970534921858066e-01 2.360786670225616035e+01
2.268975340075281011e+01 -4.874021523684937129e+00 1.089469991945010596e+00 -4.874021523684937129e+00 2.849934049924328860e+01 -3.971411554080837569e-01 1.089469991945010596e+00 -3.971411554080837569e-01 9.667073495622394930e+00
2.149587730817652442e+01 -4.557081565587151495e+00 -1.664953754422431542e+00 -4.557081565587151495e+00 1.200102538008130537e+01 1.751941978351158946e+00 -1.664953754422431542e+00 1.751941978351158946e+00 -1.070845048537791833e+01
-2.325977647879467725e+01 1.309047608902132431e+01 9.676665203889497135e+00 1.309047608902132431e+01 -6.395722818274038879e+00 -3.718628107610194355e+00 9.676665203889497135e+00 -3.718628107610194355e+00 1.032860342269962395e+01
-8.677393846174247471e+00 1.470902697405409398e+01 1.569238563880912540e+00 1.470902697405409398e+01 -2.140982415704647757e+00 1.069641310529863709e+01 1.569238563880912540e+00 1.069641310529863709e+01 -2.886028714918953852e+01
2.107655296340522355e+01 2.586988639579211657e+00 -3.281368913595728465e+00 2.586988639579211657e+00 5.534367841605052796e+00 -1.113790282468835491e+00 -3.281368913595728465e+00 -1.113790282468835491e+00 -5.093625215796242856e+01
-7.453231151756507522e+00 1.221637986737983184e+01 6.463177584610441118e-01 1.221637986737983184e+01 8.805012620206563057e+00 -1.019450149845157805e+00 6.463177584610441118e-01 -1.019450149845157805e+00 3.017077186090239849e+01
5.990178227322675752e+01 3.282834778173218115e+00 -9.853245599233739771e-01 3.282834778173218115e+00 4.413580885935579801e+01 -3.687019465308518651e+00 -9.853245599233739771e-01 -3.687019465308518651e+00 -5.848158162947977523e+00
-9.627476004328864079e+00 5.756841370790891643e-01 3.928988845014883546e-01 5.756841370790891643e-01 -1.745153544251617106e+01 -2.647810768961843753e+00 3.928988845014883546e-01 -2.647810768961843753e+00 -3.170936220267411088e+01
-1.555726388256136739e+00 8.405021024843972732e-01 4.255894096193532761e+00 8.405021024843972732e-01 -2.190181601123443755e+01 -8.389591867095367306e+00 4.255894096193532761e+00 -8.389591867095367306e+00 -1.803627309588748062e+01
-2.445561948513712114e+00 1.582928586893998713e+01 -5.757375423601590825e+00 1.582928586893998713e+01 7.920605643288489262e+00 -8.580483256942390113e+00 -5.757375423601590825e+00 -8.580483256942390113e+00 8.155965415507729688e+00
-1.092066910547167780e+01 1.181067171222958301e+01 1.021225205178127027e+01 1.181067171222958301e+01 -1.033838776128472858e+00 7.799198081748766498e+00 1.021225205178127027e+01 7.799198081748766498e+00 -3.007690844067722225e+01
6.352945717848426099e+00 2.228260752705746750e+00 -1.678504268651770204e+01 2.228260752705746750e+00 6.799837370380531709e+00 -1.676993625600291526e+00 -1.678504268651770204e+01 -1.676993625600291526e+00 -8.762822563057314440e+00
-1.585856879711280421e+01 5.081403985761236974e-01 -2.117745587827404297e+00 5.081403985761236974e-01 -2.823377942931722018e+01 3.422936874478814673e+00 -2.117745587827404297e+00 3.422936874478814673e+00 -6.311515405373727106e+01
-8.970328746900843697e+00 6.234884060761753943e-01 -2.757289525295219423e+00 6.234884060761753943e-01 -1.504970940271568125e+01 -2.960096873543142770e+00 -2.757289525295219423e+00 -2.960096873543142770e+00 -3.350347481897166801e+01
-5.368287817951769902e+00 2.187798179039250890e+00 -2.976002553519728089e+00 2.187798179039250890e+00 -2.543033912294879517e+00 -1.155101836168599583e+01 -2.976002553519728089e+00 -1.155101836168599583e+01 -4.208782096754535473e+01
5.192539419395684064e+01 -1.131128447972971074e+00 9.477331000782222015e-01 -1.131128447972971074e+00 5.208270410833826958e+01 2.288681187612394030e+00 9.477331000782222015e-01 2.288681187612394030e+00 2.694761489615428118e+01
8.726932456244488989e+00 -1.223450836397653774e+01 -1.204238404737826684e+01 -1.223450836397653774e+01 -5.542968983587992504e+00 -3.882705710844551183e-01 -1.204238404737826684e+01 -3.882705710844551183e-01 -2.297684120846689027e+01
1.925513345482182004e+01 1.526027972485254791e+00 -9.168472560924637582e-01 1.526027972485254791e+00 1.878424265072803578e+01 2.256465542246548772e-01 -9.168472560924637582e-01 2.256465542246548772e-01 -2.001571069054780594e+01
-2.351277869103316220e+01 1.104966695924853504e+01 -2.545251585844245934e+00 1.104966695924853504e+01 -1.097692630162032401e+01 -4.590396591400858900e-02 -2.545251585844245934e+00 -4.590396591400858900e-02 5.677005126629206977e+00
5.482547047801340057e+00 2.866245076157503568e+00 2.140222543103178776e-01 2.866245076157503568e+00 -5.807379682435930057e+00 2.723200736413217804e+00 2.140222543103178776e-01 2.723200736413217804e+00 -3.403802179546676854e+01
1.114128045610441653e+01 -1.032598957376848858e+01 -3.342521088722946399e+00 -1.032598957376848858e+01 1.994068356547755627e+01 1.504436868854352127e+00 -3.342521088722946399e+00 1.504436868854352127e+00 4.573454182334155682e+00
-2.509641674472305439e+01 5.567013447910393431e+00 3.111524360691645619e+00 5.567013447910393431e+00 -1.234750856311018552e+01 -2.294993406719390450e+00 3.111524360691645619e+00 -2.294993406719390450e+00 -1.102834400869707032e+01
2.333997623785339570e+01 2.894833344236560357e+00 5.754838877994751911e+00 2.894833344236560357e+00 1.789757022806293918e+01 -4.829431008358386457e+00 5.754838877994751911e+00 -4.829431008358386457e+00 -1.983493639858209079e+01
-4.706554380220180356e+00 -1.140125524969674409e+01 -3.061487159041226258e-01 -1.140125524969674409e+01 -2.564830821016573381e+01 8.188730583028682730e+00 -3.061487159041226258e-01 8.188730583028682730e+00 -3.906938224938875237e+01
-7.308202423090677691e+00 9.345197515786797027e+00 -2.315756022144965787e+00 9.345197515786797027e+00 -4.171516623967907123e+00 1.324935811130940388e+00 -2.315756022144965787e+00 1.324935811130940388e+00 1.008736113888653030e+01
1.884681698384319404e+01 1.021810476637313947e+01 8.770177595002055071e+00 1.021810476637313947e+01 1.505060178406031568e+01 5.441169148060797767e+00 8.770177595002055071e+00 5.441169148060797767e+00 -2.059529429409393231e+01
2.075036917968136407e+01 8.112188359611163690e+00 -1.160497471108961953e+01 8.112188359611163690e+00 6.612037917665555931e+00 -1.708774290008215013e+00 -1.160497471108961953e+01 -1.708774290008215013e+00 3.155500675008683231e+01
5.676040631191034436e+01 -1.339708906540921785e+00 2.169374830912660368e+00 -1.339708906540921785e+00 5.780682802467232762e+01 -1.208414185823937004e+01 2.169374830912660368e+00 -1.208414185823937004e+01 2.312851748727087298e+01
1.834296956892809760e+01 -9.704306496839880225e+00 1.476967002026029796e+01 -9.704306496839880225e+00 2.554664653323921542e+01 4.323562261489058756e+00 1.476967002026029796e+01 4.323562261489058756e+00 -2.236656882451390160e+01
-1.893423214551054201e+01 5.704038644604164432e+00 -8.478313028255749728e+00 5.704038644604164432e+00 -1.747859363614103856e+01 1.170720550452293018e+01 -8.478313028255749728e+00 1.170720550452293018e+01 -3.238835164330711081e+01
-6.307624071515042452e+00 4.230602722342166722e+00 -9.905155572864980940e-01 4.230602722342166722e+00 1.087722626541397908e+01 -1.454660702764771996e+00 -9.905155572864980940e-01 -1.454660702764771996e+00 8.256860909550033156e+00
-9.329574132457461033e+00 -2.601070305973269381e+00 -5.771726307267836198e+00 -2.601070305973269381e+00 -1.310580736897473564e+01 3.226115165014526109e+00 -5.771726307267836198e+00 3.226115165014526109e+00 -3.370749096744442852e+01
4.370293450641115385e+01 6.306131458298574799e+00 -9.171543310764686652e+00 6.306131458298574799e+00 4.397864340911950620e+01 6.197749967286640072e+00 -9.171543310764686652e+00 6.197749967286640072e+00 4.087260470029292492e+00
-1.363499860443994649e+01 6.172334547042036768e+00 -4.527661279814338968e+00 6.172334547042036768e+00 -1.053182886801716123e+00 -6.566242580913234761e+00 -4.527661279814338968e+00 -6.566242580913234761e+00 8.482518155703692386e+00
6.218612307755341106e+01 -3.581213234139447366e+00 2.710402078729506670e+00 -3.581213234139447366e+00 6.391785357613138530e+01 -7.636140869133719589e-01 2.710402078729506670e+00 -7.636140869133719589e-01 4.468279218949395215e+01
-3.854547751588690119e+00 1.186645260545623515e+01 2.008141848399981555e+00 1.186645260545623515e+01 1.265797329278885464e+01 -1.295917292679937738e+01 2.008141848399981555e+00 -1.295917292679937738e+01 7.821410440917455631e+00
3.751316480401160192e+01 8.260452437484662624e+00 -1.090225300043124734e-01 8.260452437484662624e+00 5.055970899661777906e+01 1.213721672957711384e+01 -1.090225300043124734e-01 1.213721672957711384e+01 -1.026683926817361936e+01
3.944917605096528490e+01 -2.908167048638432117e+00 1.278720177163795990e-01 -2.908167048638432117e+00 3.278679246803816483e+01 4.887715290853762440e+00 1.278720177163795990e-01 4.887715290853762440e+00 1.752929649918865707e+01
-5.852896777801236183e+00 2.100545058308881163e+00 -3.836998558376093493e-01 2.100545058308881163e+00 -1.190348643140051443e+01 -2.061775422151144355e+01 -3.836998558376093493e-01 -2.061775422151144355e+01 -2.405877390729827781e+01
6.376400511962931006e+00 -7.433352269459170714e+00 1.073005145927186810e+01 -7.433352269459170714e+00 -6.707789729898933295e+00 2.908591487033692857e+00 1.073005145927186810e+01 2.908591487033692857e+00 -3.174594323546111951e+01
1.389490541693582593e+01 -1.107234987439149343e+01 -3.614461485809279395e+00 -1.107234987439149343e+01 1.147685968917739530e+01 4.479208484971452187e+00 -3.614461485809279395e+00 4.479208484971452187e+00 -1.954697092684451221e+01
-1.528007275759310390e+00 -9.173908961455838451e+00 -1.444523236829689194e+00 -9.173908961455838451e+00 -1.919683338924280447e+00 -9.768826689104583849e+00 -1.444523236829689194e+00 -9.768826689104583849e+00 -3.407441263142427346e+00
-2.534745459888938157e+01 7.503509580322125672e+00 1.207063332809805711e+00 7.503509580322125672e+00 -1.242935111707356377e+01 1.894408265128841640e+00 1.207063332809805711e+00 1.894408265128841640e+00 -1.385499865028423372e+01
8.812812419386608198e+00 7.523318508782085523e+00 -1.745238105139755413e+00 7.523318508782085523e+00 -1.313690544715820785e+01 -2.136379601830930675e+00 -1.745238105139755413e+00 -2.136379601830930675e+00 2.868061112210545716e+01
4.406594160631802026e+01 6.914640340433509280e+00 -1.024088773297636035e+00 6.914640340433509280e+00 4.459294536804809894e+01 -3.464267607768350743e+00 -1.024088773297636035e+00 -3.464267607768350743e+00 2.482145999961386096e+01
5.377183554554022038e+01 2.066566319520151573e+00 1.518426834778781398e+01 2.066566319520151573e+00 3.766165651236126877e+01 -5.139256838203232647e+00 1.518426834778781398e+01 -5.139256838203232647e+00 4.659563595159983862e+00
5.622400963501992699e+00 7.063899216587395280e+00 1.054564894267806707e+01 7.063899216587395280e+00 9.136633382687657345e+00 -1.237768274296983106e+00 1.054564894267806707e+01 -1.237768274296983106e+00 -3.308924669141878638e+01
5.394407934943991023e+01 6.612335861176032559e+00 5.645884881857669235e+00 6.612335861176032559e+00 5.164075150832341166e+01 -9.885498172254119087e-01 5.645884881857669235e+00 -9.885498172254119087e-01 3.114759884323331818e+01
3.481271621557952756e+01 -1.173268842804609413e+00 -7.639123871911707830e+00 -1.173268842804609413e+00 3.874998478818428538e+01 -7.690815339406469775e+00 -7.639123871911707830e+00 -7.690815339406469775e+00 1.553916816047016880e+01
4.725176404373903694e+01 1.062811582605113792e+01 1.396443702669339648e-01 1.062811582605113792e+01 5.097013518563068146e+01 -2.741586754047868335e-01 1.396443702669339648e-01 -2.741586754047868335e-01 2.268334248436792677e+01
2.010948130817851620e+01 1.029733689266157626e+01 4.595308060604745837e-01 1.029733689266157626e+01 1.201835848427539588e+01 7.771762258311770921e+00 4.595308060604745837e-01 7.771762258311770921e+00 -4.550557030326559449e+00
2.595270436534726599e+01 9.348111509563786115e+00 7.840307584479425884e+00 9.348111509563786115e+00 4.272944755947829520e+00 8.472752261258031936e+00 7.840307584479425884e+00 8.472752261258031936e+00 -3.997406878246911788e+01
3.620993259432255229e+01 3.507413590326228459e+00 6.388950513275309717e+00 3.507413590326228459e+00 3.130664784077409735e+01 -2.845239248206174576e+00 6.388950513275309717e+00 -2.845239248206174576e+00 1.132343514072615243e+01
1.572153958454549105e+01 1.839295178625308891e+00 -2.943482070148002450e+00 1.839295178625308891e+00 2.729092498509289655e+01 3.978697049494930305e+00 -2.943482070148002450e+00 3.978697049494930305e+00 -1.753176395721241843e+00
-2.860924806032529943e+01 1.393566138148576528e+01 -7.129315614309657434e+00 1.393566138148576528e+01 -7.622096609020209357e+00 -1.590473119322018680e-01 -7.129315614309657434e+00 -1.590473119322018680e-01 1.981928897829164371e-01
-1.523917373363556749e+01 2.642272011163063539e+00 2.763095154146220089e+00 2.642272011163063539e+00 -1.956506523180032175e+01 1.185729208517435040e+01 2.763095154146220089e+00 1.185729208517435040e+01 -4.541031311294132422e+01
7.094452096705772703e+01 1.035845243401425009e+01 4.881181394098494053e+00 1.035845243401425009e+01 5.735346488425860656e+01 -6.727147832659777116e+00 4.881181394098494053e+00 -6.727147832659777116e+00 2.528258939012024697e+00
