3.761704313116511855e+01 2.822714303125124502e+00 -1.131980531697399961e+01 2.822714303125124502e+00 3.866898218783487096e+01 -1.454335983315368841e+00 -1.131980531697399961e+01 -1.454335983315368841e+00 2.642678345824603170e+01
-3.500053940421521759e+01 -4.329877860322151939e+00 -8.635173977006971313e+00 -4.329877860322151939e+00 -2.797705299502823451e+01 7.622065320138030620e-01 -8.635173977006971313e+00 7.622065320138030620e-01 -3.215405904072338927e+01
1.653429607511483468e+01 2.036395888078617933e+00 5.343355503238059079e+00 2.036395888078617933e+00 1.646499320757791907e+01 2.586970156475759008e+00 5.343355503238059079e+00 2.586970156475759008e+00 2.351380566904838432e+01
-6.194506411995980288e-01 1.686134886583465220e-01 7.020336542996309603e+00 1.686134886583465220e-01 7.405970507940789815e+00 5.069452826841105875e+00 7.020336542996309603e+00 5.069452826841105875e+00 5.370433943941899990e+00
9.930729012051877191e+00 -3.441808351592763771e+00 -1.147381627826827888e+01 -3.441808351592763771e+00 2.748811533573720212e+01 5.479897237757849204e+00 -1.147381627826827888e+01 5.479897237757849204e+00 1.446516239213724120e+01
-7.541545046289778398e+00 5.326907319145913533e+00 2.219298040334040323e+00 5.326907319145913533e+00 -8.604231927870339192e+00 2.193557938411561548e+00 2.219298040334040323e+00 2.193557938411561548e+00 -3.566636580622053465e+00
2.539444760008244373e+00 -1.165127981830660797e+00 1.375347031135647713e+00 -1.165127981830660797e+00 1.666027480869443356e-02 4.123187563832305003e+00 1.375347031135647713e+00 4.123187563832305003e+00 4.998401007667730767e+00
8.051737072838962561e+00 -8.435656143389342887e-01 -3.717953468131335537e+00 -8.435656143389342887e-01 -4.146338405750178424e+00 1.612509871535923178e-01 -3.717953468131335537e+00 1.612509871535923178e-01 -1.107993728303780578e+01
9.281395976215247146e+00 -5.989063608106277137e+00 -1.320100779968924876e+01 -5.989063608106277137e+00 1.499489630387652284e+01 1.306659870427400838e+00 -1.320100779968924876e+01 1.306659870427400838e+00 -3.326980755398364575e+00
-1.921185614181252443e+00 -1.467957466237547415e+00 -5.466486993331140631e+00 -1.467957466237547415e+00 -7.085795163719968315e+00 5.454229670039845601e+00 -5.466486993331140631e+00 5.454229670039845601e+00 -5.644408850528326305e+00
2.729228267392761254e+01 3.511534218928979101e+00 -6.369409919895862693e+00 3.511534218928979101e+00 2.747002157786118204e+01 -2.490790758700052621e+00 -6.369409919895862693e+00 -2.490790758700052621e+00 1.894358869042686777e+01
2.404317122040994548e+01 -2.749903882878532269e+00 5.848812749116793164e+00 -2.749903882878532269e+00 2.919586775489714014e+01 1.350766021891683044e+00 5.848812749116793164e+00 1.350766021891683044e+00 2.113901446641236248e+01
1.144078638597374820e+01 1.559755194866100370e+00 5.205742157726421127e+00 1.559755194866100370e+00 1.157801770584676682e+01 -7.169540481407106647e+00 5.205742157726421127e+00 -7.169540481407106647e+00 2.179743191065599106e+01
2.422686158209405960e+01 -2.496910237011157552e+00 2.304234893832337150e+00 -2.496910237011157552e+00 1.967876496597266822e+01 1.128564067601642229e+01 2.304234893832337150e+00 1.128564067601642229e+01 1.309772060733139121e+01
-1.318166452716650028e+01 1.034741942299252671e+01 -5.223489116322758141e-01 1.034741942299252671e+01 -4.736026247787076926e+00 8.839478755513704655e+00 -5.223489116322758141e-01 8.839478755513704655e+00 -9.341562929054479270e+00
1.785894395519263611e+01 -5.285842947938860448e+00 -8.686794979889186363e-01 -5.285842947938860448e+00 1.342265952918442551e+01 5.218452917249700729e-01 -8.686794979889186363e-01 5.218452917249700729e-01 1.198816398761583812e+01
5.042581928960195192e+00 1.834016377442434509e+00 -1.589210380106903386e+01 1.834016377442434509e+00 4.448584883034842896e+00 1.880738443912665536e+00 -1.589210380106903386e+01 1.880738443912665536e+00 -9.350875668713232614e+00
-4.438605668274982818e+00 -1.270385654513108697e-01 -1.112209263092357903e+00 -1.270385654513108697e-01 -1.716459211908210492e+00 4.914129747166655626e+00 -1.112209263092357903e+00 4.914129747166655626e+00 -1.584741905767190762e+00
-6.134411474353846927e+00 -5.702135240868898336e+00 1.654020804893504248e+01 -5.702135240868898336e+00 -1.233201191368920924e+01 -2.296454130652903824e+00 1.654020804893504248e+01 -2.296454130652903824e+00 -9.921977618132823196e+00
1.567687418670849198e+01 -3.431561957247651229e+00 -1.605307007356303162e+00 -3.431561957247651229e+00 2.017012575142843289e+01 -1.610678286716038743e+00 -1.605307007356303162e+00 -1.610678286716038743e+00 2.059202077593345948e+01
-2.343991354527171822e+01 2.522382231166817035e-01 8.530166914194248218e-01 2.522382231166817035e-01 -8.436488438867879580e+00 1.438143162268444020e-01 8.530166914194248218e-01 1.438143162268444020e-01 -1.301551841092973838e+01
-6.785554878558898828e+00 2.693502542780394471e+00 5.048724825910943181e+00 2.693502542780394471e+00 3.960986743391355369e-01 5.736954676414535825e+00 5.048724825910943181e+00 5.736954676414535825e+00 -1.556227085957306677e+01
7.351722555508327872e+00 3.151172751464123234e+00 -6.531390438810972476e+00 3.151172751464123234e+00 4.713157011191622558e+00 -4.340524355484848940e+00 -6.531390438810972476e+00 -4.340524355484848940e+00 -2.370218046131651768e+00
9.522687812265063556e+00 4.467615980036301337e+00 1.822122506713086398e-01 4.467615980036301337e+00 1.176532432604439471e+01 1.958332062309675603e+00 1.822122506713086398e-01 1.958332062309675603e+00 5.444655232810251100e+00
-3.543299326958813822e+01 -3.668821345389191024e-01 3.430328668657371960e+00 -3.668821345389191024e-01 -2.530879992736138462e+01 9.963432962884487765e+00 3.430328668657371960e+00 9.963432962884487765e+00 -3.004158297005553280e+01
2.299975903005228517e+01 1.483116846461412175e+00 2.749241813195558493e+00 1.483116846461412175e+00 2.511676715289634743e+01 -1.673481686835694315e+00 2.749241813195558493e+00 -1.673481686835694315e+00 3.652806487418209969e+01
7.265562156345787059e+00 7.687525311756864710e+00 -1.582156528927588068e+00 7.687525311756864710e+00 -2.911782225752154396e+00 4.771311354320807219e+00 -1.582156528927588068e+00 4.771311354320807219e+00 -3.541478202207839132e+01
3.399130196107229551e+01 -2.874326826908664700e-01 1.904942926301259831e+00 -2.874326826908664700e-01 3.770999059563083478e+01 4.369105408555865822e+00 1.904942926301259831e+00 4.369105408555865822e+00 4.348523031236527459e+01
-2.311992649873644723e+00 -3.872384309567974636e+00 -2.493436615475945473e-02 -3.872384309567974636e+00 -7.285706269773720933e+00 -3.697788073883698790e+00 -2.493436615475945473e-02 -3.697788073883698790e+00 -1.832579877138164548e+01
5.428957623690325640e+00 9.178484409609744432e+00 2.950428793715159426e+00 9.178484409609744432e+00 2.563391155936936561e-01 5.792635706786112060e+00 2.950428793715159426e+00 5.792635706786112060e+00 -4.363473101220876949e+00
1.439663893399876216e+01 -2.140308814301359330e+00 -1.169399156396908612e+00 -2.140308814301359330e+00 5.852015878761182677e+00 6.165373828228775999e+00 -1.169399156396908612e+00 6.165373828228775999e+00 2.773056926298800740e+00
-1.053683354663997385e+01 1.417243090336754774e+00 -6.631419143810268757e+00 1.417243090336754774e+00 -5.117172383612972331e-01 4.768476635119455409e+00 -6.631419143810268757e+00 4.768476635119455409e+00 -9.807912588398700393e+00
1.345271586954893239e+00 9.043937036098812499e-01 3.384249714595084946e+00 9.043937036098812499e-01 4.785933361464203450e+00 4.399971430360186453e+00 3.384249714595084946e+00 4.399971430360186453e+00 1.382579502734000432e-01
2.257629150228076753e+01 4.623797014963394680e+00 2.884904803408962604e+00 4.623797014963394680e+00 3.458601435846225058e+01 7.596751777144970852e+00 2.884904803408962604e+00 7.596751777144970852e+00 2.502346357456594461e+01
2.634297556686258446e+01 -5.837386787523255016e+00 6.509938752914850468e+00 -5.837386787523255016e+00 2.987463062107165257e+01 9.453632581264844736e-01 6.509938752914850468e+00 9.453632581264844736e-01 3.048593801231520573e+01
7.454223912151527465e+00 5.526050748376160726e+00 3.609741034990196606e+00 5.526050748376160726e+00 1.099613121481807632e+01 3.746147001118041331e+00 3.609741034990196606e+00 3.746147001118041331e+00 8.427270752828466271e+00
1.370555403306976494e+01 -5.126317432138527863e+00 -2.683594848183660009e+00 -5.126317432138527863e+00 2.189372148292861198e+01 8.108769972154298955e+00 -2.683594848183660009e+00 8.108769972154298955e+00 3.290872507638432154e+01
2.966367075728173930e+00 -1.210583164711129589e+00 2.321239545548421379e+00 -1.210583164711129589e+00 5.101463131033309395e+00 1.557751682032726404e+00 2.321239545548421379e+00 1.557751682032726404e+00 5.259132358119062545e+00
5.297660624795278439e-01 -5.311516563522779677e+00 -2.516772346223665302e+00 -5.311516563522779677e+00 8.616350584731089057e+00 5.593334248773340178e+00 -2.516772346223665302e+00 5.593334248773340178e+00 8.187525104679513888e-01
2.368988602155382139e+01 -1.278819824242160941e+01 8.440954385075282174e-01 -1.278819824242160941e+01 1.102823631557213524e+01 7.039363735079704476e+00 8.440954385075282174e-01 7.039363735079704476e+00 2.609346978299495134e+00
1.307235109716958776e+00 5.124387009454747677e+00 1.745379132970906966e+01 5.124387009454747677e+00 4.411076780491875127e+00 -1.396335781047133739e+00 1.745379132970906966e+01 -1.396335781047133739e+00 1.644255328938957872e+00
3.250322910230654117e+01 1.062761182817250649e+01 7.806964290539648132e+00 1.062761182817250649e+01 4.086233282354021412e+01 -1.150955853719604072e+01 7.806964290539648132e+00 -1.150955853719604072e+01 3.201817477945316170e+01
2.904255007146850076e+01 -1.598809364101126107e+01 1.351664070025986986e+00 -1.598809364101126107e+01 1.274649177875028094e+01 2.965217418101820712e+00 1.351664070025986986e+00 2.965217418101820712e+00 2.156917327868972478e+01
1.002706533125163668e+00 -1.114118213552908898e+01 -7.757391977921153980e+00 -1.114118213552908898e+01 -1.801195664599037372e+01 7.960856121841358934e+00 -7.757391977921153980e+00 7.960856121841358934e+00 -2.410937715736835685e+01
1.069959742171104206e-01 -7.585313749050436982e+00 5.170620727265974104e+00 -7.585313749050436982e+00 -4.833076034701365487e+00 -2.082166992532445082e+00 5.170620727265974104e+00 -2.082166992532445082e+00 -1.096344555630407847e+01
9.088459335004449358e+00 -6.037102172133497646e+00 -4.481743079398366469e-01 -6.037102172133497646e+00 -1.601469836622634091e+01 -6.515515001937643991e-01 -4.481743079398366469e-01 -6.515515001937643991e-01 -1.953775810527586287e+01
-3.038049694543402168e+01 8.521264304860459049e+00 -1.826063217209149769e+01 8.521264304860459049e+00 -1.325265884372431735e+01 -2.155595415844297147e+00 -1.826063217209149769e+01 -2.155595415844297147e+00 2.436043747349664557e+01
2.003996170714253111e+01 -4.461450254746915367e-01 1.674632585799836204e-01 -4.461450254746915367e-01 2.703230531403724868e+01 -5.845841733921029792e+00 1.674632585799836204e-01 -5.845841733921029792e+00 2.816332783970910825e+01
2.756761802382789384e+01 -8.642603520804410522e+00 7.734034275634559030e+00 -8.642603520804410522e+00 3.715749160955678576e+01 -7.070004301165901062e+00 7.734034275634559030e+00 -7.070004301165901062e+00 1.563984264430620641e+01
2.334481324718121087e+01 2.613111407675855258e+00 1.145714637194462204e+00 2.613111407675855258e+00 2.722792723278046267e+01 4.046737171583489889e-01 1.145714637194462204e+00 4.046737171583489889e-01 2.330292523292505891e+01
1.069132130288410565e+01 -1.961239156204351186e+00 -1.005145983735494930e+01 -1.961239156204351186e+00 5.888416624523243215e+00 -8.541291132169911648e+00 -1.005145983735494930e+01 -8.541291132169911648e+00 -4.480756054901207541e+00
3.183441134915921111e+01 -7.123229952313475444e+00 8.341695037174522653e+00 -7.123229952313475444e+00 2.031811716251247191e+01 -8.797331076269593098e+00 8.341695037174522653e+00 -8.797331076269593098e+00 5.491700094318376024e+00
4.605915407783634663e+01 1.094007794173215697e-01 7.151838016960617495e+00 1.094007794173215697e-01 4.154262041843530540e+01 1.175006073052847633e+01 7.151838016960617495e+00 1.175006073052847633e+01 3.272522027400993494e+01
-2.472243624742885260e+01 1.399731964896861580e+00 -1.583013906622548150e+00 1.399731964896861580e+00 -1.853729531568844990e+01 1.102211110343378930e+00 -1.583013906622548150e+00 1.102211110343378930e+00 -1.968275832551319837e+01
1.348786904222458993e+01 -3.223258875158965253e-01 1.564036455080481058e+00 -3.223258875158965253e-01 -4.030169102105783385e-01 -4.485448598334903281e+00 1.564036455080481058e+00 -4.485448598334903281e+00 -6.449222286080714461e+00
-4.180458609620508525e+00 6.060204956346946226e+00 -4.384395655354905053e+00 6.060204956346946226e+00 -2.200130261109929375e+00 1.408231634289488099e+01 -4.384395655354905053e+00 1.408231634289488099e+01 -3.851114564016845598e+00
-1.839221191270595668e+01 -6.232812154488372336e+00 6.214618342746486057e+00 -6.232812154488372336e+00 -1.458062560136970021e+01 -3.412460859892790799e-02 6.214618342746486057e+00 -3.412460859892790799e-02 -1.621679226254898865e+01
-2.314413062279855282e+01 8.219259330237786987e-01 -4.567129653650447096e+00 8.219259330237786987e-01 -2.647557803825669254e+01 4.996200438004022359e+00 -4.567129653650447096e+00 4.996200438004022359e+00 -2.125795662828726051e+01
-1.042463558157194647e+01 -3.884287398129678159e+00 6.518150446202168879e-01 -3.884287398129678159e+00 -1.482846015942874374e+01 -7.154113897376199738e+00 6.518150446202168879e-01 -7.154113897376199738e+00 -9.610339983373497930e+00
2.422055714914329272e+01 -6.625968845116649852e-01 2.705403817540194655e+00 -6.625968845116649852e-01 2.929788373543783919e+01 4.587885364517807929e+00 2.705403817540194655e+00 4.587885364517807929e+00 4.105414552106058323e+01
-2.719071395184521123e+01 -1.217937078791542782e-01 -6.483954536077119357e+00 -1.217937078791542782e-01 -1.719863375178207221e+01 -1.526391938662149883e+01 -6.483954536077119357e+00 -1.526391938662149883e+01 -3.512783759107090020e+01
3.274581551726664941e+01 -1.092646267395547710e+01 -5.446766595558590218e+00 -1.092646267395547710e+01 1.958502820704409686e+01 -3.332632879488774069e+00 -5.446766595558590218e+00 -3.332632879488774069e+00 1.555066229491859175e+01
-2.104505579686781402e+01 -3.740824871904858462e+00 3.230780879233082770e-01 -3.740824871904858462e+00 -3.419853481363612779e+00 5.562804195527289330e+00 3.230780879233082770e-01 5.562804195527289330e+00 -2.675827958063819167e+01
9.392927540725702684e+00 -4.447573712513991140e+00 8.244811919773176179e-01 -4.447573712513991140e+00 -2.672438732067151435e+00 -2.093096799498012750e+00 8.244811919773176179e-01 -2.093096799498012750e+00 -3.138156568885135833e+00
1.858649219443990219e+01 1.152690611160096745e+00 7.601607427301161124e+00 1.152690611160096745e+00 1.072974825443321834e+01 -5.113617889896073798e+00 7.601607427301161124e+00 -5.113617889896073798e+00 1.329385709354140310e+01
1.821048608591809526e+01 -5.072746248575572103e+00 5.536851725451191975e+00 -5.072746248575572103e+00 1.905081061250277230e+01 2.574156520057563569e+00 5.536851725451191975e+00 2.574156520057563569e+00 1.106699170251045672e+01
-3.877047656636522510e-01 -2.229135500630979039e-01 -1.604227681861401411e+00 -2.229135500630979039e-01 -2.297312412269952586e-01 -3.153468762584900609e-01 -1.604227681861401411e+00 -3.153468762584900609e-01 -5.525310475293422563e+00
2.042133460723347937e+01 -2.151873739920744821e+00 4.396339242496575039e+00 -2.151873739920744821e+00 1.595948410234971249e+01 9.474232442045915192e+00 4.396339242496575039e+00 9.474232442045915192e+00 2.739878529302743004e+01
-5.813875631985851555e+00 3.720961484298932476e+00 -5.949561080613482211e+00 3.720961484298932476e+00 1.515816145658230862e+00 3.747490475314549485e+00 -5.949561080613482211e+00 3.747490475314549485e+00 4.069125387555521667e-01
-7.354608737805045093e-01 -5.388221927340826056e+00 1.233240106200633290e+00 -5.388221927340826056e+00 6.635216964190831845e+00 5.871712189992291719e+00 1.233240106200633290e+00 5.871712189992291719e+00 7.225343884315663656e-01
1.898579127170723524e+01 4.772576350610544527e-01 4.456421946635986231e+00 4.772576350610544527e-01 2.083780186429767411e+01 -2.368266640491910824e+00 4.456421946635986231e+00 -2.368266640491910824e+00 1.781723240823778909e+01
2.876761508418617108e+00 -1.737075345000459903e+00 -6.934918943080090159e+00 -1.737075345000459903e+00 -1.002029933073697521e+01 -1.303316232460322688e+00 -6.934918943080090159e+00 -1.303316232460322688e+00 -2.372183380469959246e+01
-1.963870793901065781e+01 -3.691914523582206620e+00 -2.515444732130048155e+00 -3.691914523582206620e+00 -2.748801219003850704e+01 8.339960203050329923e+00 -2.515444732130048155e+00 8.339960203050329923e+00 -4.316117055530057200e+01
1.715347222204701083e+01 -8.103065342793805970e-01 -6.054072033379750195e+00 -8.103065342793805970e-01 7.815427858246141390e+00 -1.345210482175202671e+00 -6.054072033379750195e+00 -1.345210482175202671e+00 3.437882101852310690e+00
-1.076541084116165514e+01 5.750177661922909245e+00 -1.339385984671808316e+01 5.750177661922909245e+00 -1.327272956944346838e+01 4.922172787060907773e+00 -1.339385984671808316e+01 4.922172787060907773e+00 -2.987026540004022124e+01
-3.126394463263281409e+01 -2.433482720035446523e+00 -7.461123368296507685e+00 -2.433482720035446523e+00 -1.511012231475145562e+01 2.529087747393058905e+01 -7.461123368296507685e+00 2.529087747393058905e+01 2.281989478554776341e+01
4.211177513570519437e+01 -1.574225679036152847e+01 4.944190357160873184e+00 -1.574225679036152847e+01 3.398583316598352155e+01 8.929179733409421615e+00 4.944190357160873184e+00 8.929179733409421615e+00 5.892839685364718250e+00
2.711782276871218755e+01 4.645094361396571614e+00 -4.230487241131132059e+00 4.645094361396571614e+00 2.005709156833545492e+01 7.023912156429424236e+00 -4.230487241131132059e+00 7.023912156429424236e+00 2.333754091015715559e+01
-1.106731154117587684e-01 7.733752629455973526e+00 6.292484000961473534e-01 7.733752629455973526e+00 6.042027101951140011e+00 -7.571049729007843787e+00 6.292484000961473534e-01 -7.571049729007843787e+00 -1.832311791500192300e+01
-1.769105956136896296e+01 -4.336727319931966917e+00 -1.117679370368169084e-01 -4.336727319931966917e+00 -1.169096315986764978e+01 6.777518484607302440e+00 -1.117679370368169084e-01 6.777518484607302440e+00 -1.231514904771080765e+01
1.319506746673271635e+01 -5.810723596272297620e+00 -1.999599616228168175e+00 -5.810723596272297620e+00 1.213503834661522873e+01 -6.559402044715748836e+00 -1.999599616228168175e+00 -6.559402044715748836e+00 8.594489218471723646e+00
-9.586784752786942088e-01 7.741492471214056259e+00 5.311071336439953328e+00 7.741492471214056259e+00 -7.470999308775463810e+00 -4.497071577205238313e-01 5.311071336439953328e+00 -4.497071577205238313e-01 3.159198620128726542e+00
1.126819953166912391e+01 -5.044266505303554027e+00 -8.471087972979336911e+00 -5.044266505303554027e+00 2.140255384928348192e+01 -1.158417815110635241e+00 -8.471087972979336911e+00 -1.158417815110635241e+00 1.932241453887147742e+01
1.625521355596837125e+01 5.474193313334149380e+00 -6.643564643280117643e+00 5.474193313334149380e+00 6.132290749550324271e+00 -1.036884878052707215e+01 -6.643564643280117643e+00 -1.036884878052707215e+01 -8.614604969602128293e+00
-8.628539431602968435e+00 4.862590193817996287e+00 7.064931123247311540e+00 4.862590193817996287e+00 2.600424143675998057e+00 -2.272977983941394609e+00 7.064931123247311540e+00 -2.272977983941394609e+00 -2.158264667322465247e+00
2.123097368958303832e+01 -5.518144971716383296e+00 -4.357492232393056497e+00 -5.518144971716383296e+00 1.941746260925360090e+01 -1.036257466846507658e+00 -4.357492232393056497e+00 -1.036257466846507658e+00 2.661384443358410579e+01
4.144829319183784122e+01 1.670064020399169680e+00 -1.078482841983298179e+01 1.670064020399169680e+00 3.273503657304284076e+01 -5.853057379626893209e+00 -1.078482841983298179e+01 -5.853057379626893209e+00 2.755740247504720486e+01
-6.729986354600887566e+00 -5.757345851134482162e-01 8.074308364409711558e+00 -5.757345851134482162e-01 -7.125862287498573977e+00 1.789848698527145565e+00 8.074308364409711558e+00 1.789848698527145565e+00 -4.617997768020276617e+00
-5.068660086811371812e+00 -3.640752661419682568e+00 4.421030493436993503e+00 -3.640752661419682568e+00 -1.367179980679632756e+00 1.047125397287307802e+00 4.421030493436993503e+00 1.047125397287307802e+00 -1.821588328030775195e+00
2.888992220272406897e+01 7.783942243782577819e-01 -3.896879760172462070e+00 7.783942243782577819e-01 3.752175604022237110e+01 -7.404937464968163185e-01 -3.896879760172462070e+00 -7.404937464968163185e-01 4.990932325750514309e+01
1.057539440529303221e+01 -7.502137740367086138e+00 4.220012062784949114e-01 -7.502137740367086138e+00 1.605120530727804962e+01 4.917032080237892622e+00 4.220012062784949114e-01 4.917032080237892622e+00 2.156921163032134814e+01
9.952144318421607849e+00 1.712338869127633556e+00 -1.532768818902305163e+01 1.712338869127633556e+00 4.019941392942155467e+00 -9.127390005464203426e+00 -1.532768818902305163e+01 -9.127390005464203426e+00 -2.548691322345998245e+01
3.441390974447980255e+01 2.178259932614527106e+00 -6.684171820879062587e+00 2.178259932614527106e+00 2.839229603060293528e+01 2.974372553623526372e+00 -6.684171820879062587e+00 2.974372553623526372e+00 3.377882964870445193e+01
4.050429430261829999e+00 -5.746880751488423478e+00 3.431264522705272935e+00 -5.746880751488423478e+00 4.289692953814160603e+00 -3.676728217213161454e+00 3.431264522705272935e+00 -3.676728217213161454e+00 9.197644946051761750e+00
2.052815269442079682e+01 -3.332881566096907111e+00 -1.460505610604179716e-01 -3.332881566096907111e+00 2.375198808691572339e+01 2.128170017278783632e+00 -1.460505610604179716e-01 2.128170017278783632e+00 3.323463044937039967e+01
4.307853660104807147e+01 -9.069005946579768107e+00 2.209969751563149121e+00 -9.069005946579768107e+00 4.742552672556360704e+01 -1.395185325161380607e+00 2.209969751563149121e+00 -1.395185325161380607e+00 4.538102228935494509e+01
5.522633232228593592e+00 -1.267393274858194374e+01 -1.881452123223349204e+00 -1.267393274858194374e+01 8.695072524275140324e+00 2.255549362913329414e+00 -1.881452123223349204e+00 2.255549362913329414e+00 1.547438152115468668e+01
-3.570169789865096988e+01 -2.972100262055390019e+00 -1.477511135830708477e+00 -2.972100262055390019e+00 -2.277936832069849515e+01 1.024750081438910304e-01 -1.477511135830708477e+00 1.024750081438910304e-01 -3.179644832779525032e+01
3.129118878353669686e+01 -1.104034360522895142e+01 1.795264847942278433e-02 -1.104034360522895142e+01 3.176338903047577489e+01 5.339409710435025769e-01 1.795264847942278433e-02 5.339409710435025769e-01 3.784301346249925047e+01
3.313948681514023331e+00 -1.610854952289849873e+00 -1.179434386779153021e+00 -1.610854952289849873e+00 -1.194579589807537090e+00 -2.663603049586293015e+00 -1.179434386779153021e+00 -2.663603049586293015e+00 1.471506837633814069e+00
