2.338933935398136299e+01 1.144084488223373341e+01 -4.002458650335862345e+00 1.144084488223373341e+01 1.155977563627132731e+01 1.005572330163270323e+01 -4.002458650335862345e+00 1.005572330163270323e+01 7.145201264824200926e+00
-2.374894309871037024e+01 6.981441463141945247e-01 7.889706450759350176e+00 6.981441463141945247e-01 -1.841817706309448255e+01 9.972935556869327201e+00 7.889706450759350176e+00 9.972935556869327201e+00 -3.245954166989845646e+01
-2.137940699459192828e+01 6.437603291705580766e+00 -1.423225642632529286e+01 6.437603291705580766e+00 -5.691618089040066053e+01 4.078157826936223529e+00 -1.423225642632529286e+01 4.078157826936223529e+00 -2.727302006035997906e+01
6.012095338709815451e+01 1.407532364975478956e+01 -8.819090953021142099e+00 1.407532364975478956e+01 4.010338584955020735e+01 -1.740136710308175694e+01 -8.819090953021142099e+00 -1.740136710308175694e+01 1.699241489602625554e+00
1.241159724341568626e+01 1.518199119648987327e+01 -2.789090012795329976e+00 1.518199119648987327e+01 -2.076319362857300455e+00 -8.078124020690765406e+00 -2.789090012795329976e+00 -8.078124020690765406e+00 -7.217397335762696287e+01
-2.564138735037915140e+01 -7.265497549605109739e+00 -1.001983212925129685e+01 -7.265497549605109739e+00 2.837255269207110242e+00 6.734799104722923424e+00 -1.001983212925129685e+01 6.734799104722923424e+00 -7.890217259720209597e+01
6.205444944808685470e+00 4.344504406926817275e+00 -7.366106737469769072e+00 4.344504406926817275e+00 -4.953239464775109346e-01 6.559038034435255682e+00 -7.366106737469769072e+00 6.559038034435255682e+00 -2.423594715941084132e+01
3.006178967668533986e+01 9.612906498018242374e+00 1.892191097290722102e+00 9.612906498018242374e+00 4.830568573022953416e+01 -1.086708889059979366e-01 1.892191097290722102e+00 -1.086708889059979366e-01 4.011590065592230303e+01
1.848803272580081369e+01 3.508969006095384202e+00 3.865383378355874644e+00 3.508969006095384202e+00 1.555404586046597792e+01 -1.373215120159563041e+00 3.865383378355874644e+00 -1.373215120159563041e+00 1.596683076885763697e+01
6.478958507226022512e+00 1.061213940903991571e+00 9.944498506966283902e-01 1.061213940903991571e+00 1.099687754198279066e+01 4.148710794795242407e+00 9.944498506966283902e-01 4.148710794795242407e+00 -9.378885630203871671e+00
1.853570025012852085e+01 -5.752826980672929302e+00 9.587920963067992020e+00 -5.752826980672929302e+00 3.070148995764464317e+01 -3.022709749995232009e+00 9.587920963067992020e+00 -3.022709749995232009e+00 2.781894161560396839e+01
1.355416677469985132e+01 -5.745815652243588367e+00 1.288271045423271977e+00 -5.745815652243588367e+00 8.320452508155452565e-01 2.296181007042158218e+00 1.288271045423271977e+00 2.296181007042158218e+00 1.403322148754625687e+01
1.845792455998210357e+01 5.268358550530445328e+00 8.726665575815971465e+00 5.268358550530445328e+00 -9.863543259165995281e+00 1.383716797575852420e+00 8.726665575815971465e+00 1.383716797575852420e+00 4.624360674071553490e+00
-3.129033415328863299e+01 1.712982222151117639e+01 1.443886585998469663e+01 1.712982222151117639e+01 -3.608324581886406435e+01 4.538824916803712584e-01 1.443886585998469663e+01 4.538824916803712584e-01 -5.353408621172971493e+01
1.511527013749620707e+01 -9.677537378197312634e+00 2.772540456329638658e+01 -9.677537378197312634e+00 1.152363713945517709e+01 1.462324466402149525e+01 2.772540456329638658e+01 1.462324466402149525e+01 -2.935132296091224546e+01
4.078219286401915866e+01 1.769591422049972707e+01 -2.332068244162685655e+00 1.769591422049972707e+01 2.341715738521597245e+01 -4.844442187223946483e+00 -2.332068244162685655e+00 -4.844442187223946483e+00 -1.234654934117176772e+01
3.969068918188980888e+00 -9.708339150478368040e+00 1.547396675303977531e+01 -9.708339150478368040e+00 -1.600222386614438008e+01 -9.024621422511215130e+00 1.547396675303977531e+01 -9.024621422511215130e+00 -3.148511905143645961e+01
2.008317371683006947e+00 3.077497600262669053e+00 -5.379921349504281025e+00 3.077497600262669053e+00 -2.310011740849057915e+01 -1.043854810186018334e+01 -5.379921349504281025e+00 -1.043854810186018334e+01 -2.043788548190268983e+01
1.958771976717509489e+01 -1.928046753076807107e+01 1.210567376093138137e+01 -1.928046753076807107e+01 1.161311203048841456e+01 8.315974481352909065e-01 1.210567376093138137e+01 8.315974481352909065e-01 -4.109413929828500756e+01
3.998888911409824942e+01 -3.936014594854280180e+00 1.305478394894208094e+01 -3.936014594854280180e+00 4.639176945278345698e+01 2.574129385962071193e-01 1.305478394894208094e+01 2.574129385962071193e-01 4.698585821088114756e+01
-1.364539016323819798e+00 -9.545816624939988060e+00 -1.538685496194077018e+01 -9.545816624939988060e+00 -2.998222972872091319e+01 -1.155781669038658643e+00 -1.538685496194077018e+01 -1.155781669038658643e+00 -4.134448100717084174e+01
-1.874452137452753686e-01 6.291912495002097039e+00 -6.142897564845958058e+00 6.291912495002097039e+00 1.002076521741390991e+01 1.657927339996471616e+01 -6.142897564845958058e+00 1.657927339996471616e+01 -2.660120587497651812e+01
-6.674679891646133179e+00 1.260723640647168864e+01 2.644252811975304152e+00 1.260723640647168864e+01 -2.384657802430369067e+00 -9.614565867500768803e+00 2.644252811975304152e+00 -9.614565867500768803e+00 -5.140527666192633660e+01
2.007712739746126474e+01 -9.984485717564353990e+00 1.368963237710648428e+00 -9.984485717564353990e+00 -1.137042607520812432e+01 -1.032833825572704711e+01 1.368963237710648428e+00 -1.032833825572704711e+01 2.469409906961831158e+00
-4.303208330059390363e+01 -4.883425343128194207e+00 -4.987944976646535800e+00 -4.883425343128194207e+00 -5.632159512181078753e+01 4.059109840772116229e+00 -4.987944976646535800e+00 4.059109840772116229e+00 -6.524090203581189940e+01
-3.217030418775058820e+01 -1.192072692105808507e+01 -1.332891030931569132e+00 -1.192072692105808507e+01 -3.831509836653488321e+01 6.905169947191254209e+00 -1.332891030931569132e+00 6.905169947191254209e+00 -2.828164357022634690e+01
4.942601282873180679e+00 4.721408906100033054e-01 1.071395194452186317e+01 4.721408906100033054e-01 3.112174658407451133e+01 3.999881594709481902e+00 1.071395194452186317e+01 3.999881594709481902e+00 -8.319034182220807594e+00
-1.133887588919007250e+01 5.411112861121187834e-01 -2.422752899274573490e+00 5.411112861121187834e-01 -3.368418795766804141e+00 -1.343004857949088748e+00 -2.422752899274573490e+00 -1.343004857949088748e+00 -9.647197844126260691e+00
-4.128099890664933014e+01 -1.187496864842449540e+01 1.030876816791407968e+01 -1.187496864842449540e+01 -6.550059708550379867e+01 2.952666503842662493e+00 1.030876816791407968e+01 2.952666503842662493e+00 -3.267496269078201010e+01
-3.658134761482345620e+00 1.514395745928749193e+01 -4.714474028519354931e+00 1.514395745928749193e+01 -2.407183365601186864e+01 -1.110895973485672705e+01 -4.714474028519354931e+00 -1.110895973485672705e+01 -3.520275737821135209e+01
9.751293647282228250e+00 -3.267843411095086470e+00 -7.699457262444921568e+00 -3.267843411095086470e+00 1.046853877182147308e+01 -9.016015685026529169e+00 -7.699457262444921568e+00 -9.016015685026529169e+00 -3.179841696954419206e+01
-7.661201561516164382e+00 -3.222489890844157490e+00 -3.172293314503849881e+00 -3.222489890844157490e+00 2.459550796797828287e+00 -3.344567475840522164e+00 -3.172293314503849881e+00 -3.344567475840522164e+00 -3.663664586875662543e+00
4.767978092276173641e+01 -6.002364538332438659e-01 -1.061807919435438841e+01 -6.002364538332438659e-01 -6.187976668666101965e-01 -1.079682024390027584e+00 -1.061807919435438841e+01 -1.079682024390027584e+00 -2.556710571318492242e+01
3.253315047111181713e+01 -2.199735404715132514e+00 -2.325236068080200980e+01 -2.199735404715132514e+00 1.686796940236415310e+01 2.081683824106730807e+00 -2.325236068080200980e+01 2.081683824106730807e+00 -7.854967239857666428e+00
1.270190252176437973e+01 -1.478181465275522122e+01 4.423664633428967541e+00 -1.478181465275522122e+01 2.284746495669080346e+01 1.219121464294087254e+01 4.423664633428967541e+00 1.219121464294087254e+01 -5.247702368853555299e+01
6.850103319644341049e+00 -1.926265265921361447e+01 -2.522417964603327789e+00 -1.926265265921361447e+01 -2.218429681139756582e+01 -5.645265377088088066e+00 -2.522417964603327789e+00 -5.645265377088088066e+00 -5.710616137945515192e+01
-2.556822712971932976e+00 -8.440045729834532162e-01 1.088226605869083485e+01 -8.440045729834532162e-01 1.934008325463666189e+00 3.100816787885082304e-01 1.088226605869083485e+01 3.100816787885082304e-01 -2.982552156235559693e+00
3.775714777783280596e+01 1.819365774500510291e+00 -4.434975199915966115e+00 1.819365774500510291e+00 4.697831813674567591e+00 5.516309469010379551e+00 -4.434975199915966115e+00 5.516309469010379551e+00 -3.428861445455957835e+01
3.483687878707093688e+01 -3.917641397212149990e+00 -7.808935005713335542e+00 -3.917641397212149990e+00 2.897473194147440978e+01 -1.694597888953029141e+01 -7.808935005713335542e+00 -1.694597888953029141e+01 -4.835800293598347821e+01
5.855343001824426352e+01 1.359310933950677835e+01 -4.898882435315550232e+00 1.359310933950677835e+01 3.040541011196337351e+01 -5.602466615792707216e+00 -4.898882435315550232e+00 -5.602466615792707216e+00 -2.563323538508044308e+01
2.293730066768588927e+01 -1.082714068145238606e+01 3.716429333731483986e+00 -1.082714068145238606e+01 4.570428357586034274e+00 -7.367863388194752616e+00 3.716429333731483986e+00 -7.367863388194752616e+00 -3.055863462265032382e+01
-1.281849120323339797e+01 -7.518798948764032986e+00 -1.421045519108524724e+00 -7.518798948764032986e+00 -1.290790187910125830e+01 2.038788900983476093e+00 -1.421045519108524724e+00 2.038788900983476093e+00 -1.089682789606352387e+01
-2.055827463812564204e+01 -3.067671964362590931e+00 -6.160031891846751151e+00 -3.067671964362590931e+00 -1.243462545487759741e+01 1.263315140676329440e+00 -6.160031891846751151e+00 1.263315140676329440e+00 -2.734222723155011536e+01
1.420092793377058804e+01 3.037762272099513883e+00 1.382787257234784839e+01 3.037762272099513883e+00 -4.244267420413462943e+00 9.276670726859395089e+00 1.382787257234784839e+01 9.276670726859395089e+00 -3.034000417780252690e+01
4.914212426472804651e+01 8.044829734415637645e+00 -1.935085604434699791e+00 8.044829734415637645e+00 3.988309777165234493e+01 3.375234093201871399e+00 -1.935085604434699791e+00 3.375234093201871399e+00 3.965298623280242651e+01
-1.507105081573707217e+01 1.293788539045019093e+01 -6.575878514374867478e+00 1.293788539045019093e+01 -2.774056560693122719e+01 -1.331168703116392393e+01 -6.575878514374867478e+00 -1.331168703116392393e+01 -5.187901295207178798e+00
-2.644967702581316971e+01 -2.370641490417541419e+01 -6.527218083368325985e+00 -2.370641490417541419e+01 -2.968101707252768051e+01 -1.493877445179148111e+00 -6.527218083368325985e+00 -1.493877445179148111e+00 -5.162952184372019815e+01
-1.901336846383142998e+01 1.238621093330931267e+01 -7.017998367431250273e+00 1.238621093330931267e+01 -1.516044929580555056e+01 -1.046646488494265670e+00 -7.017998367431250273e+00 -1.046646488494265670e+00 5.798846896959166664e+00
3.598639119877355341e+01 -3.306632702968928528e-01 8.782370854983698294e+00 -3.306632702968928528e-01 2.955697738784470019e+01 7.729781240616643956e+00 8.782370854983698294e+00 7.729781240616643956e+00 3.354824837519713299e+01
-3.263423310481529427e+01 -5.480748984564900894e+00 -1.033453667598447900e+01 -5.480748984564900894e+00 -3.247955771371163536e+01 -8.434858921030832235e+00 -1.033453667598447900e+01 -8.434858921030832235e+00 3.019406683268497815e+01
1.048469592702024578e+01 2.863000742903722085e+00 9.498637909429952231e+00 2.863000742903722085e+00 2.034057207650589838e+00 2.941123766249169158e+00 9.498637909429952231e+00 2.941123766249169158e+00 3.868953173757251562e+01
-1.159316950853562123e+00 4.933765292762248400e+00 2.409156507230539646e+00 4.933765292762248400e+00 2.234329186596808370e+01 -1.110988107062120989e+01 2.409156507230539646e+00 -1.110988107062120989e+01 -5.691479161836289791e+01
1.028695219086345425e+01 5.496097684905190128e+00 -1.068679875706117777e+00 5.496097684905190128e+00 -2.360476009770810535e+01 9.285766320322863976e+00 -1.068679875706117777e+00 9.285766320322863976e+00 -7.003487850369685930e+01
3.034303243347807566e+01 -4.613066176505337346e+00 6.501028028475532849e+00 -4.613066176505337346e+00 2.434588216564823782e+01 -2.502213366605186895e+00 6.501028028475532849e+00 -2.502213366605186895e+00 1.256918355557098899e+01
1.258023468857765259e+01 6.566201112601086187e+00 -4.673910452706731000e+00 6.566201112601086187e+00 1.323157836801521015e+01 7.778348790139498981e+00 -4.673910452706731000e+00 7.778348790139498981e+00 2.111676091908477559e+01
9.908386023121288133e+00 -1.432125433397905034e+01 -2.462223433440365206e+00 -1.432125433397905034e+01 -8.455217395847638429e-01 7.475818055953691754e+00 -2.462223433440365206e+00 7.475818055953691754e+00 -4.880679664174395782e+01
1.154510836107562000e+01 9.521277307877070939e+00 -2.538320407511929777e-01 9.521277307877070939e+00 -1.066769128372317965e+01 -1.097167676226387911e+01 -2.538320407511929777e-01 -1.097167676226387911e+01 -2.570820878553335120e+01
1.237650127639549780e+01 -5.603489408281120632e+00 8.653608409086007702e-01 -5.603489408281120632e+00 -1.703813185801323238e+00 -6.891798535932695202e+00 8.653608409086007702e-01 -6.891798535932695202e+00 7.055489610173448334e+00
-1.418623382810716826e+01 -1.216711832976592156e+01 1.311064674291057841e+01 -1.216711832976592156e+01 3.188255410712735216e+00 -7.933683883029875261e+00 1.311064674291057841e+01 -7.933683883029875261e+00 -2.264857306405665582e+01
-1.614677029521334362e+01 -5.287733279878723103e+00 -5.453098570051670535e+00 -5.287733279878723103e+00 -1.895247868623814824e+01 -6.882272964482276656e+00 -5.453098570051670535e+00 -6.882272964482276656e+00 -3.593565350335689601e+01
8.532814618303213194e+00 -2.225991232676536313e+01 1.108785348352372502e+01 -2.225991232676536313e+01 1.659456064425305077e-01 -1.578251617260110073e+01 1.108785348352372502e+01 -1.578251617260110073e+01 -3.632480301863180472e+01
9.378107702427069370e+00 2.293597228489203665e+00 3.230116928037178425e+00 2.293597228489203665e+00 1.047830947984375705e+01 -3.839279231380164914e-01 3.230116928037178425e+00 -3.839279231380164914e-01 1.820044664820059888e+00
-2.623787096330364221e+01 -3.902869897279807709e+00 -9.655214989216961641e+00 -3.902869897279807709e+00 -1.705837271202805994e+01 1.439404180080124007e+01 -9.655214989216961641e+00 1.439404180080124007e+01 3.325751405017616791e-01
7.514942678812455590e+00 6.817440063388263027e+00 -2.691853537864950852e+01 6.817440063388263027e+00 2.063817355689385380e+01 1.039138716137708229e+01 -2.691853537864950852e+01 1.039138716137708229e+01 1.508955429816721150e+00
-3.216017175635896308e+01 1.413429956725398284e+01 -9.388941773512820888e+00 1.413429956725398284e+01 -2.454334323086224856e+01 6.174093954772833293e+00 -9.388941773512820888e+00 6.174093954772833293e+00 9.931168442469068935e+00
1.895031127147648320e+01 -6.452951197893914248e+00 9.130644025069841518e+00 -6.452951197893914248e+00 -1.366392951932288158e+00 -1.560763583824607670e+00 9.130644025069841518e+00 -1.560763583824607670e+00 3.241610323151245421e+00
-1.081432221026759066e+01 -1.077722499042682136e+00 9.649453077422919245e-01 -1.077722499042682136e+00 -6.903608461192625612e+00 -2.920952530293221994e+00 9.649453077422919245e-01 -2.920952530293221994e+00 1.478316338020765341e+00
1.405309759777753520e+01 -2.639613940761659450e+00 7.775420370340228260e+00 -2.639613940761659450e+00 -6.520229817391053118e+00 1.291130683827156389e+01 7.775420370340228260e+00 1.291130683827156389e+01 -3.896702130292803190e+01
2.882731649621736381e+01 5.603023382523573126e+00 -8.483695689578486521e-01 5.603023382523573126e+00 2.241013128815930244e+01 4.802974864102250052e+00 -8.483695689578486521e-01 4.802974864102250052e+00 1.804704925866503373e+01
1.198389383362366978e+01 -1.434235722623797926e+01 8.379585733596293551e+00 -1.434235722623797926e+01 2.655577401361752266e+01 1.497921814785769135e+00 8.379585733596293551e+00 1.497921814785769135e+00 -9.666925179019466796e+00
6.289206762619642177e+00 3.067181356882788368e+00 1.900705587872949565e+01 3.067181356882788368e+00 1.036250930771775458e+01 5.432321236655859309e-01 1.900705587872949565e+01 5.432321236655859309e-01 -5.677967839587746113e+01
3.271406408474780392e+01 -5.910689815160404592e+00 4.390131172829964790e+00 -5.910689815160404592e+00 6.366312855775376534e+00 7.984471430746160614e+00 4.390131172829964790e+00 7.984471430746160614e+00 -2.481281583307878336e+01
7.437648756113138582e+00 -2.340093620909274197e+00 1.239614484457207766e+01 -2.340093620909274197e+00 -1.319067573653621928e+01 1.169230240237125784e+01 1.239614484457207766e+01 1.169230240237125784e+01 -5.422913980091337294e+00
1.400258664184582535e+01 -4.928570126080824565e+00 -8.312193416242534383e+00 -4.928570126080824565e+00 3.520878840952235578e+00 4.652113885955634132e+00 -8.312193416242534383e+00 4.652113885955634132e+00 8.462174556522521485e+00
4.999920589627851797e+01 -5.560036162789699254e+00 -5.034883036957126023e+00 -5.560036162789699254e+00 3.482757865800851249e+01 5.183005402251609439e+00 -5.034883036957126023e+00 5.183005402251609439e+00 2.124281262376715773e+01
-2.405114190494216930e-01 -2.369105638195784014e+00 2.944981133967373488e+00 -2.369105638195784014e+00 3.797178829516720810e+00 -4.510110023365752951e+00 2.944981133967373488e+00 -4.510110023365752951e+00 -2.374071117259298447e+01
-1.211185280149279464e+01 -7.144125446551556458e+00 -1.914697187756118524e+01 -7.144125446551556458e+00 3.792099743885668062e+00 4.792891990888198173e+00 -1.914697187756118524e+01 4.792891990888198173e+00 3.422521422639832878e+01
-1.739551357264108233e+01 -1.107556481981531116e+00 -6.965366190989207701e-03 -1.107556481981531116e+00 -1.081185085464284512e+01 -1.298749106731569958e+00 -6.965366190989207701e-03 -1.298749106731569958e+00 -2.353571932889554219e+01
2.783286668464559810e+01 2.275034935219588661e+00 6.111628008463260819e+00 2.275034935219588661e+00 2.532283918118122301e+01 -2.445183564121881759e+00 6.111628008463260819e+00 -2.445183564121881759e+00 2.087983519371608665e+01
-2.730585242113555111e+01 3.994046099539627193e+00 1.177105383311717368e+01 3.994046099539627193e+00 -4.046668119438992761e+01 3.285416151248259364e+00 1.177105383311717368e+01 3.285416151248259364e+00 -2.906133541462449088e+01
-6.408927903857835062e+00 -2.621132823779683374e+00 -2.065879225514729800e+00 -2.621132823779683374e+00 -3.998819524948718396e+00 3.406935654079879860e+00 -2.065879225514729800e+00 3.406935654079879860e+00 -1.187747663449429947e+00
3.734450693007646294e+01 -1.223782003242123650e+01 -1.196211236691888447e+00 -1.223782003242123650e+01 4.392872774828485660e+01 5.989107316534212799e+00 -1.196211236691888447e+00 5.989107316534212799e+00 -7.815422712174934894e+00
7.758778535397905785e+01 -1.802938405316837134e+01 2.797668281727472284e-01 -1.802938405316837134e+01 5.836685607195686032e+01 -1.116056319699373800e+00 2.797668281727472284e-01 -1.116056319699373800e+00 2.417785936583524364e+00
1.670371318006161587e+01 -5.398525400560544085e+00 -1.446976493804433694e+01 -5.398525400560544085e+00 -2.125646903495280782e+01 3.294155980986534615e+00 -1.446976493804433694e+01 3.294155980986534615e+00 2.477689779661703451e+00
1.232304667793359698e+01 2.762906111607318360e-01 2.196560050067824024e-02 2.762906111607318360e-01 1.855465170812539810e+01 5.473207010073430467e+00 2.196560050067824024e-02 5.473207010073430467e+00 3.166916988036921410e+01
2.719002742810209483e+00 1.844608464602117470e+00 1.160960026142603141e+01 1.844608464602117470e+00 -3.230117362829592054e+01 1.428083617447951426e+01 1.160960026142603141e+01 1.428083617447951426e+01 -1.602845771707712075e+01
-4.900933337816609736e+01 1.393131181424566911e+01 1.093621528561571798e+00 1.393131181424566911e+01 -3.805120117346042719e+01 9.042700605787067358e-01 1.093621528561571798e+00 9.042700605787067358e-01 -1.770230150059748908e+01
1.783741155579939175e+01 -4.413477330045608049e+00 -1.779314692649788254e+00 -4.413477330045608049e+00 5.308025311399458879e+00 1.359323784354474007e+01 -1.779314692649788254e+00 1.359323784354474007e+01 -7.483414830595071621e+00
1.951007668324488620e+01 -4.436878391332048088e-01 -1.988444616234301965e-01 -4.436878391332048088e-01 -6.308553209992745714e+00 8.625368389438834882e+00 -1.988444616234301965e-01 8.625368389438834882e+00 -1.015874947716488208e+01
1.121241057424344589e+01 4.043764738288640359e+00 -6.460506197514197524e+00 4.043764738288640359e+00 1.671133212754619990e+01 2.106147487478680080e+00 -6.460506197514197524e+00 2.106147487478680080e+00 2.422076716155754639e+01
3.072635452290441105e+00 -1.486434767780587585e+01 -8.378802995456881675e+00 -1.486434767780587585e+01 3.071004703132101721e+00 1.937896616340402667e-01 -8.378802995456881675e+00 1.937896616340402667e-01 2.642884679389536640e+00
3.722293682081081556e+01 -2.512338679815125708e+00 -1.977132775260248110e+00 -2.512338679815125708e+00 4.069992110775228866e+01 -7.112597976042332348e+00 -1.977132775260248110e+00 -7.112597976042332348e+00 2.715394663003307585e+01
-3.366565566780718655e+01 -4.775507431734717478e+00 1.003358266064621418e+01 -4.775507431734717478e+00 -1.272342156606351082e+01 -7.040281408746130509e+00 1.003358266064621418e+01 -7.040281408746130509e+00 1.269572832855834399e+01
-2.170390947611601717e+01 -1.030328152662833618e+00 -6.558561544143628019e+00 -1.030328152662833618e+00 7.229698963534375800e+00 7.696693206117815045e+00 -6.558561544143628019e+00 7.696693206117815045e+00 -5.563177495800610473e+01
1.739558705881268708e+01 -4.392415266814254871e+00 1.089891259413405589e+00 -4.392415266814254871e+00 1.733274123270457656e-02 -1.949203627572465791e+01 1.089891259413405589e+00 -1.949203627572465791e+01 -4.304354986737218525e+01
2.105982852797412264e+01 -7.363616023106505537e+00 -4.114991414427571215e+00 -7.363616023106505537e+00 4.081454634850204855e+01 -5.030092573884381579e+00 -4.114991414427571215e+00 -5.030092573884381579e+00 3.959915130892581914e+01
4.298740908972595776e+01 -5.335475296280535851e+00 -5.656519428006121508e+00 -5.335475296280535851e+00 3.906430426282364010e+01 -2.269533466588519399e+00 -5.656519428006121508e+00 -2.269533466588519399e+00 4.110802357375557392e+01
4.149234801319461319e+00 -3.259571226028522339e+00 -1.520326419030112319e+01 -3.259571226028522339e+00 -1.454650468346677883e+01 1.405893123176822179e+01 -1.520326419030112319e+01 1.405893123176822179e+01 -2.341963794980878077e+01
4.114301033850497724e+00 -1.603613298424177547e+00 -1.277503247009301290e+01 -1.603613298424177547e+00 -9.505700920352985195e-01 3.944433931513504188e+00 -1.277503247009301290e+01 3.944433931513504188e+00 -2.245666282943151870e+01
2.700126431485280776e+01 2.469160638959214393e-01 -1.131132082855408427e+01 2.469160638959214393e-01 2.776923590203648828e+01 -2.642921322888130753e+00 -1.131132082855408427e+01 -2.642921322888130753e+00 2.161212467353843181e+01
