-1.520996102677815998e+01 -1.886817715654031336e+00 -6.789118963372739124e+00 -1.886817715654031336e+00 -1.529363022782837866e+01 -1.212725981221620408e+01 -6.789118963372739124e+00 -1.212725981221620408e+01 -5.185023476392428421e+01
4.753751141697443217e+01 8.071845092132079458e+00 8.335948385591160914e+00 8.071845092132079458e+00 2.992068520710886048e+01 -1.252988691624794981e+00 8.335948385591160914e+00 -1.252988691624794981e+00 3.380641605659622684e+01
3.449897210180994822e+00 4.505816276316440216e+00 5.781353121872071732e+00 4.505816276316440216e+00 1.502932919239901288e+01 1.423655504217588019e+00 5.781353121872071732e+00 1.423655504217588019e+00 -7.114485683426194029e+00
1.957702938945432791e+01 -9.482877024523494569e+00 -3.200597209756598005e+00 -9.482877024523494569e+00 3.469054345042686549e+01 3.489073284635273442e+00 -3.200597209756598005e+00 3.489073284635273442e+00 9.534568661187787342e+00
-9.203034680650739929e+00 8.740265419712434536e+00 -1.037870860721761446e+01 8.740265419712434536e+00 -2.224629071792468693e+01 -1.662051472891677406e+01 -1.037870860721761446e+01 -1.662051472891677406e+01 -2.351448939602901334e+01
-7.235815079577106346e+00 -1.679727631292747247e+01 -3.141774016778159151e+00 -1.679727631292747247e+01 -1.805297578790349888e+01 8.335872828134115453e-01 -3.141774016778159151e+00 8.335872828134115453e-01 -2.713813919110124573e+01
3.098469816909801722e+00 -9.118911348109038917e-01 5.730384434654201442e+00 -9.118911348109038917e-01 -4.330559130077107355e+00 1.065203398992609429e+01 5.730384434654201442e+00 1.065203398992609429e+01 -3.389773354627045165e+01
-1.959548146720989337e+01 -5.786757553270781784e+00 -1.179329700757213040e+01 -5.786757553270781784e+00 -2.714115877394698018e+01 -2.263411814500819741e+00 -1.179329700757213040e+01 -2.263411814500819741e+00 -4.645436918119758474e+01
-2.411073950549217670e+01 -9.566557655428205464e+00 9.010800729853434277e+00 -9.566557655428205464e+00 3.553570222453847460e+00 3.501720283031534375e+00 9.010800729853434277e+00 3.501720283031534375e+00 -7.084202229773882209e+01
3.488774200992282459e+01 -1.523542437355938972e+01 -2.248934978250832728e+01 -1.523542437355938972e+01 3.373675975368960422e+01 -1.274606459103553036e+01 -2.248934978250832728e+01 -1.274606459103553036e+01 3.765377486476398872e+01
5.077580105249057141e+01 -2.298312085723641651e-02 4.604097556122845880e+00 -2.298312085723641651e-02 6.979146243101790503e+01 1.278352004513462070e+01 4.604097556122845880e+00 1.278352004513462070e+01 5.411346953786248548e+01
4.862452697153084813e+00 2.812965526180838083e+01 1.491909105202593722e+01 2.812965526180838083e+01 2.778760298881425328e+01 -1.451158799106110786e+00 1.491909105202593722e+01 -1.451158799106110786e+00 8.405138521448291655e+00
-4.214608457323147661e+01 -6.568487691203233503e+00 2.577917537453134678e+00 -6.568487691203233503e+00 -2.354514737424229054e+01 -3.401793505821482988e+00 2.577917537453134678e+00 -3.401793505821482988e+00 -3.201421975679320298e+01
2.432099492829644305e+01 3.247951577536888124e+00 1.129340761569660856e+01 3.247951577536888124e+00 1.911339452002480144e+01 1.154188600170702239e+00 1.129340761569660856e+01 1.154188600170702239e+00 2.782498456190438674e+01
-3.117528853897301744e+01 1.211239576036775922e+01 2.622333361634999527e+00 1.211239576036775922e+01 1.346548182959230955e+00 -1.585125983696769580e+01 2.622333361634999527e+00 -1.585125983696769580e+01 4.445529649246174841e+01
-9.828423342226653148e+00 2.809880663623029662e+01 -1.770506803246756178e+01 2.809880663623029662e+01 2.109047140822483790e+00 -7.480214591935492763e+00 -1.770506803246756178e+01 -7.480214591935492763e+00 -1.737179066913060765e+01
4.687283300738053882e+00 -5.717723610870384832e+00 -1.093843263617801576e+01 -5.717723610870384832e+00 5.453527112902539109e+00 -1.067019690211640359e+01 -1.093843263617801576e+01 -1.067019690211640359e+01 1.916446384711428408e+01
1.987558869963986297e+01 2.196177755710107427e+00 9.955716663948599887e+00 2.196177755710107427e+00 2.150064299944624224e+01 -3.043500963974526963e-01 9.955716663948599887e+00 -3.043500963974526963e-01 -7.930187396040291326e+00
1.465060254161280007e+01 2.253988428067885152e+01 9.950253812737212655e+00 2.253988428067885152e+01 -2.411895876964577745e+00 -6.981617066100941571e+00 9.950253812737212655e+00 -6.981617066100941571e+00 -3.714948079159399441e+01
-2.260394686008358178e+01 -3.264339291383164809e+00 3.605233928498579932e+00 -3.264339291383164809e+00 -3.004057546761957909e+01 -4.539574140383295209e+00 3.605233928498579932e+00 -4.539574140383295209e+00 -2.766968223042715991e+01
-5.399803912795070104e+00 1.420128461660139152e+01 -1.225777554285642701e+01 1.420128461660139152e+01 1.951169241865686466e-01 1.295333679687123940e+01 -1.225777554285642701e+01 1.295333679687123940e+01 -4.560690958292458674e+01
-3.035681288695058200e+01 -1.028059076714709619e+01 1.068925816288038533e+01 -1.028059076714709619e+01 -4.095373659867080107e+01 5.797122924905323771e+00 1.068925816288038533e+01 5.797122924905323771e+00 -5.744652561293317916e+01
3.889007141043136073e+01 1.334378538859857022e+00 6.462533092461741013e+00 1.334378538859857022e+00 2.889875301369302463e+01 9.357884648382295723e+00 6.462533092461741013e+00 9.357884648382295723e+00 -2.250467848677762461e+01
-1.684695603693176480e+01 -2.988285335365247875e+00 -5.317313265100236386e+00 -2.988285335365247875e+00 -1.863702609970739843e+01 -3.465402354880888769e+00 -5.317313265100236386e+00 -3.465402354880888769e+00 -5.544772289745650795e+01
6.074208194369902003e+01 -1.623996516380769606e+01 7.680272177783933785e+00 -1.623996516380769606e+01 2.791296452890773239e+01 -2.550468707355521225e+00 7.680272177783933785e+00 -2.550468707355521225e+00 -8.963299214167831153e+00
-3.861143833430353833e+00 1.338176514588134225e+01 3.851629146164134099e+00 1.338176514588134225e+01 4.637067301894004956e+00 1.623755738034142304e+00 3.851629146164134099e+00 1.623755738034142304e+00 -2.920809745381537681e+01
-1.589170093657376448e+01 -5.761650697874821425e+00 -1.013709454423592504e+01 -5.761650697874821425e+00 -2.140566173873526878e+01 6.345282587328727963e+00 -1.013709454423592504e+01 6.345282587328727963e+00 -3.511225803248664334e+01
-2.235573214667102704e+01 4.224084874230864095e+00 -7.922567872079076423e+00 4.224084874230864095e+00 -1.915747156406022711e+01 -1.347623654449911612e+01 -7.922567872079076423e+00 -1.347623654449911612e+01 1.341421419970733986e+01
-4.365286676592464943e+01 1.445364124602938460e+01 -2.230031253786841461e+01 1.445364124602938460e+01 -4.057326953610358089e+01 1.071747019940236534e+01 -2.230031253786841461e+01 1.071747019940236534e+01 -3.462360871309545018e+01
-2.300854315680445694e+01 1.752236776248981442e+01 1.229057540701852691e+00 1.752236776248981442e+01 -3.206530780247993562e+01 9.078999618446378150e+00 1.229057540701852691e+00 9.078999618446378150e+00 -3.391106704346896095e+01
-1.186363024010163336e+01 4.580292801074550724e+00 7.899135129819833123e-01 4.580292801074550724e+00 8.416722983532137548e+00 -4.789307591642971040e+00 7.899135129819833123e-01 -4.789307591642971040e+00 -1.569635769157830296e+01
-2.965537816734143206e+01 7.168639100829623523e+00 -2.484882170566513437e+01 7.168639100829623523e+00 -2.042326272981069835e+01 -1.201803748119721860e+01 -2.484882170566513437e+01 -1.201803748119721860e+01 -4.170201683862391207e+01
5.546294240884856208e+01 1.945653180265641069e+01 2.271100644897325438e+00 1.945653180265641069e+01 6.550660743920923323e+01 -1.849834128571869485e+01 2.271100644897325438e+00 -1.849834128571869485e+01 1.602907209377964293e+01
8.232862591055743806e+00 -1.741018247498480420e+01 -1.895813881079982011e+01 -1.741018247498480420e+01 -2.143370301497665054e+01 -5.201112998455533543e+00 -1.895813881079982011e+01 -5.201112998455533543e+00 -2.926979547525815661e+01
-2.657096940167186894e+00 -8.897863461881472702e+00 -1.273332821737905363e+01 -8.897863461881472702e+00 -9.920322903176614915e-01 -5.069111216844654599e+00 -1.273332821737905363e+01 -5.069111216844654599e+00 -1.323593377410130856e+01
-1.958389589578148460e+01 -5.501004373558335381e+00 -1.622740678061894570e+01 -5.501004373558335381e+00 -2.879893094093818107e+01 -9.704510837343214291e+00 -1.622740678061894570e+01 -9.704510837343214291e+00 -2.008386384463563346e+01
1.684752364986441719e+01 1.559749959339985459e+01 9.710223099096103316e-02 1.559749959339985459e+01 4.490576627432456114e+00 4.246911800032854067e+00 9.710223099096103316e-02 4.246911800032854067e+00 -2.426459014167482220e+00
3.113040243106826921e+01 -6.583483075422766895e-01 -2.563443105057458204e+00 -6.583483075422766895e-01 2.982017653773569776e+01 -9.091138256629454517e+00 -2.563443105057458204e+00 -9.091138256629454517e+00 8.615254423528517336e+00
2.814339004296097713e+01 -1.599069045415740353e+00 2.535690804272998644e+00 -1.599069045415740353e+00 3.096082028627287031e+01 -5.902172709472048417e+00 2.535690804272998644e+00 -5.902172709472048417e+00 4.764566635203596690e+00
3.247950448953725644e+00 -3.841388952450869976e+00 1.221924941036937184e+01 -3.841388952450869976e+00 -2.086633877933215331e+01 1.072249307366001519e-01 1.221924941036937184e+01 1.072249307366001519e-01 -2.638678805415576178e+01
-1.928811613800261782e+01 6.426147541584817269e+00 1.165090714751031697e+01 6.426147541584817269e+00 -2.967296694792425171e+01 8.939410982422254293e+00 1.165090714751031697e+01 8.939410982422254293e+00 -5.794996866490791376e+01
4.021318246012823039e+01 7.209197801135218242e+00 1.645967629680941613e+01 7.209197801135218242e+00 5.136409422686401882e+01 -1.612152303584855062e+01 1.645967629680941613e+01 -1.612152303584855062e+01 2.396408285309817288e+01
-3.423967584483317950e+01 -2.750757825346192398e+00 -8.840685168391234638e-01 -2.750757825346192398e+00 -2.300306369391015338e+01 4.274048933786993132e+00 -8.840685168391234638e-01 4.274048933786993132e+00 -6.712794629001773217e+01
5.947966648892599295e+00 5.813014208576141151e+00 6.844959036994006318e+00 5.813014208576141151e+00 1.337686944745653506e+01 -7.768588556190977990e+00 6.844959036994006318e+00 -7.768588556190977990e+00 -4.952198164872503305e+00
-4.683550286094736670e+00 -5.048342974827075835e+00 1.452878051352151267e+01 -5.048342974827075835e+00 -2.006997521908565218e+01 1.065006671798553839e+01 1.452878051352151267e+01 1.065006671798553839e+01 -1.343317746373525701e+01
-1.255087662230874557e+01 8.535632158644379075e+00 -1.132040630885066967e+01 8.535632158644379075e+00 -1.671355013265062084e+01 -5.007601459752044626e-01 -1.132040630885066967e+01 -5.007601459752044626e-01 6.828265980972385130e+00
-1.048776840813634692e+01 -3.321296523450558702e+00 -1.278242482981139894e+01 -3.321296523450558702e+00 -8.852000848358358098e+00 1.050235833133813834e+01 -1.278242482981139894e+01 1.050235833133813834e+01 -2.124784778349041048e+01
-9.511619689325188531e+00 -2.118978929135575484e+01 4.831690966296258161e+00 -2.118978929135575484e+01 1.281760809959730629e+01 8.488065607904442089e+00 4.831690966296258161e+00 8.488065607904442089e+00 -2.936954026606992940e+01
4.453953340446022757e+00 -1.281199705034110892e+01 -4.264583399756112669e+00 -1.281199705034110892e+01 -4.447176989704885131e+01 -3.125943104809015605e+00 -4.264583399756112669e+00 -3.125943104809015605e+00 3.377920345961998549e+01
-5.336670111787454651e+00 6.150446072979453227e+00 7.587165311351808938e+00 6.150446072979453227e+00 -3.356104069957621672e+00 7.471133243358075937e+00 7.587165311351808938e+00 7.471133243358075937e+00 -5.102514398062201195e+01
