9.346564334110702532e+00 -1.182974633008715948e+01 1.291622258819326952e+01 -1.182974633008715948e+01 -2.572148230001131686e-01 -3.341621931348805585e+00 1.291622258819326952e+01 -3.341621931348805585e+00 2.312736561944733182e+01
-1.768587626671845570e+01 1.429000646501024541e+00 6.934474959409613781e+00 1.429000646501024541e+00 -3.337907659265035676e+01 -3.873393722841033782e+00 6.934474959409613781e+00 -3.873393722841033782e+00 -2.203125503550442588e+01
2.454094776814537937e+01 5.208136284857007858e+00 6.977020881541835529e+00 5.208136284857007858e+00 3.860993127206638675e+00 -4.951132580611329881e-01 6.977020881541835529e+00 -4.951132580611329881e-01 2.388492723636865733e+01
4.939396462707095736e+01 8.542289135751979234e-02 1.296993996135562099e+01 8.542289135751979234e-02 2.162640611448695083e+01 5.574580771358337294e+00 1.296993996135562099e+01 5.574580771358337294e+00 5.407937199749787283e+01
-1.263784879607130707e+00 7.560207615304142870e+00 1.425549091526898238e+01 7.560207615304142870e+00 1.306935291353221451e-01 8.981377796309180539e+00 1.425549091526898238e+01 8.981377796309180539e+00 4.899550981085102896e-01
2.268513925424656819e+01 1.019263059363078838e+01 9.378414022620833457e-01 1.019263059363078838e+01 1.962654273032058327e+01 -2.006475594960439868e-01 9.378414022620833457e-01 -2.006475594960439868e-01 3.611932559229048678e+01
2.300895697144499863e+01 1.010628085425178746e+01 1.278991818756938059e+01 1.010628085425178746e+01 1.885737895866515856e+01 -6.271850175496614277e+00 1.278991818756938059e+01 -6.271850175496614277e+00 2.109792439067459568e+01
2.617824265957329644e+01 5.045588838719495151e+00 4.408546011531663922e+00 5.045588838719495151e+00 6.296194547262750518e+00 -8.691106867866826846e+00 4.408546011531663922e+00 -8.691106867866826846e+00 2.159035117309734275e+01
3.776177083970744697e+00 5.942756046419241045e+00 1.810727922421341418e+01 5.942756046419241045e+00 -2.222352253634491603e+01 2.248077418438197306e+00 1.810727922421341418e+01 2.248077418438197306e+00 -5.810369867732154248e+00
4.007792892325330314e+01 6.579170192635571013e+00 1.902760884670963437e-01 6.579170192635571013e+00 1.997725208192285251e+01 -6.286184328493670925e+00 1.902760884670963437e-01 -6.286184328493670925e+00 4.430217989935572120e+01
-1.370313637785817029e+01 9.021354596463419639e+00 5.483835831833497210e+00 9.021354596463419639e+00 -2.640109462794107031e+01 -2.953202240039619841e+00 5.483835831833497210e+00 -2.953202240039619841e+00 -9.883405209707705197e+00
-2.734014812792635851e+01 1.142314837272086159e+01 1.207474386069755745e+01 1.142314837272086159e+01 -3.680555869158648363e+01 -9.078359592195916150e+00 1.207474386069755745e+01 -9.078359592195916150e+00 -3.955392011755764514e+01
5.425359558206030641e+01 -1.001468476848755351e+01 9.792014583999055333e+00 -1.001468476848755351e+01 4.108193405781519658e+01 -3.457405325457657774e+00 9.792014583999055333e+00 -3.457405325457657774e+00 6.153061731199915130e+01
2.607311444390458632e+01 4.332862888886354291e+00 -3.659238717107121674e-01 4.332862888886354291e+00 9.488724585804856559e+00 -4.246501531692173925e-01 -3.659238717107121674e-01 -4.246501531692173925e-01 2.246839181354434345e+01
5.482074022663629087e+00 1.755381599492163325e+00 1.796001405334482470e+01 1.755381599492163325e+00 -3.724718547021382165e+00 -1.001348083528151101e+01 1.796001405334482470e+01 -1.001348083528151101e+01 1.561442210725758351e+01
5.275089824212197520e+00 1.225767416432877788e+01 9.860762800298358499e+00 1.225767416432877788e+01 1.793021525903762026e+01 -3.545848423796616800e+00 9.860762800298358499e+00 -3.545848423796616800e+00 1.565033518110013055e+01
7.064592688941575993e+00 -3.823667990714820775e+00 2.441086803558866691e+01 -3.823667990714820775e+00 -1.402496740719507429e+01 -1.273858910282541856e+01 2.441086803558866691e+01 -1.273858910282541856e+01 2.384798114992043594e+01
7.577026724107288835e+00 2.041058743016620980e+01 1.043211636283540855e+01 2.041058743016620980e+01 -5.448589139227545175e+00 -1.813109530798302060e+01 1.043211636283540855e+01 -1.813109530798302060e+01 2.042991947770364192e+01
-2.241397910706752583e+01 7.959625190061133004e+00 1.253472250606583671e+01 7.959625190061133004e+00 -4.133029953607073992e+01 2.692602761120404864e+00 1.253472250606583671e+01 2.692602761120404864e+00 -2.341754879426932234e+01
-3.002782610815098341e+00 -9.978906453148024269e+00 1.007436830467773525e+01 -9.978906453148024269e+00 -3.601605673332391433e+01 -1.473855470564852999e+00 1.007436830467773525e+01 -1.473855470564852999e+00 -1.523073853451453630e+01
1.693683722975492500e+01 7.512816677822715228e+00 9.853190834976444989e+00 7.512816677822715228e+00 8.819613339996029922e+00 -1.786016729439231066e+00 9.853190834976444989e+00 -1.786016729439231066e+00 1.607002734309680037e+01
-1.465542136962584863e+01 -3.588479705613847770e+00 1.152028594907003045e+00 -3.588479705613847770e+00 -2.576529555203134336e+01 -3.208839252805440800e+00 1.152028594907003045e+00 -3.208839252805440800e+00 -6.340739388543717325e+00
9.942251507310352565e+00 6.707615520058051395e+00 9.865489694014865307e+00 6.707615520058051395e+00 -7.586475339453643052e+00 -3.551512280179859538e+00 9.865489694014865307e+00 -3.551512280179859538e+00 2.519975184214803487e+00
-2.017121841331924870e+01 1.076903915220261609e+01 -6.203526782222450464e-01 1.076903915220261609e+01 -5.257202783046616901e+01 -6.211226285906103151e+00 -6.203526782222450464e-01 -6.211226285906103151e+00 -4.040637937151607417e+01
-6.699243562652413608e+00 1.173871428612087442e+01 2.980430200907079996e+00 1.173871428612087442e+01 -8.644541603781767947e+00 -1.738332354708201688e+00 2.980430200907079996e+00 -1.738332354708201688e+00 -5.309209149906159553e+00
5.171106702339251626e+01 9.182033787696560756e-01 1.192818490236100004e+01 9.182033787696560756e-01 3.050027690335927488e+01 -5.000259952399964014e+00 1.192818490236100004e+01 -5.000259952399964014e+00 5.291259940807513829e+01
-1.376752103714208531e+00 -4.652096672518650777e+00 -6.942343027545092582e-01 -4.652096672518650777e+00 1.053888812639144357e+00 -3.023299462829264872e+00 -6.942343027545092582e-01 -3.023299462829264872e+00 7.468294688353307897e+00
-4.501169931976140681e+00 1.041888591096357608e+01 1.196957316366381541e+01 1.041888591096357608e+01 -3.102300235322672961e+01 -6.408826100141565618e+00 1.196957316366381541e+01 -6.408826100141565618e+00 8.208105180437062387e+00
3.298847704580937545e+01 2.463519701656248451e+00 6.245678555229884132e+00 2.463519701656248451e+00 2.884185915723306071e+00 -4.658346442363570539e+00 6.245678555229884132e+00 -4.658346442363570539e+00 1.548382676471136854e+01
3.234288532510758785e+01 4.188402828646093035e+00 9.040923741100149513e+00 4.188402828646093035e+00 1.541682468838499886e+01 8.069295267228471236e-01 9.040923741100149513e+00 8.069295267228471236e-01 3.338762056773016695e+01
2.670352786246840537e+01 2.177211678557604557e+00 6.627357089644160482e+00 2.177211678557604557e+00 -4.578392515439356103e+00 -7.830762653790395156e+00 6.627357089644160482e+00 -7.830762653790395156e+00 1.314031915380350135e+01
-6.261757179935202089e+00 6.911716306287631006e+00 1.937115674324424575e+01 6.911716306287631006e+00 -1.037756146954516545e+01 3.722744365534771394e+00 1.937115674324424575e+01 3.722744365534771394e+00 -1.885810727355815075e+01
1.012352059147813321e+01 -4.778164605067155790e+00 8.973658352368643065e+00 -4.778164605067155790e+00 -1.009588833697268662e+01 -5.515010478110313308e+00 8.973658352368643065e+00 -5.515010478110313308e+00 -4.351214573155849585e+00
3.700379968872197889e+00 1.479226561271432594e+00 1.304575885326740847e+00 1.479226561271432594e+00 -1.726883087992457533e+01 5.404351877351035505e+00 1.304575885326740847e+00 5.404351877351035505e+00 -1.792669455211559626e+00
4.167576890139994994e+00 -2.944902993034914651e+00 6.836324900312429342e+00 -2.944902993034914651e+00 4.365930838086669041e+00 1.037034763788774683e+00 6.836324900312429342e+00 1.037034763788774683e+00 1.972390056587347473e+01
1.779995284338200889e+01 6.532704974019612365e+00 1.565279991383160230e+01 6.532704974019612365e+00 -7.443231215663231204e+00 -8.205561264351517448e-01 1.565279991383160230e+01 -8.205561264351517448e-01 -9.810764329406744366e+00
4.132636881305521825e+01 1.421046211902641687e+00 6.673267896813920963e+00 1.421046211902641687e+00 2.625041696120202062e+01 5.550005229814258811e+00 6.673267896813920963e+00 5.550005229814258811e+00 4.991913647034181167e+01
1.941353409477119385e+01 -4.975714306272987386e+00 2.095424451267307475e+01 -4.975714306272987386e+00 -1.083856787200545213e+01 -1.335521453551382898e+01 2.095424451267307475e+01 -1.335521453551382898e+01 4.043414933930160515e+01
3.483266729764056180e+01 3.453975025385504605e+00 1.085404235350517688e+01 3.453975025385504605e+00 4.176243162594932556e+01 -6.221093621006696495e+00 1.085404235350517688e+01 -6.221093621006696495e+00 4.606839129580641412e+01
3.080981386455072979e+01 -2.215190759155036382e+00 8.223061435095383231e+00 -2.215190759155036382e+00 -9.205281688063649881e+00 -3.482484224613530355e+00 8.223061435095383231e+00 -3.482484224613530355e+00 2.210890119272702137e+01
-5.317981289865685746e+00 6.232265257474208120e+00 1.412773530307471681e+01 6.232265257474208120e+00 -1.738730324924597781e+01 -3.371659407976296041e+00 1.412773530307471681e+01 -3.371659407976296041e+00 -6.812476917116015329e+00
-7.058035232875011999e+00 7.076269465234083178e+00 2.123345410531226829e+00 7.076269465234083178e+00 -1.854225073206687924e+01 -8.307780918838341133e-01 2.123345410531226829e+00 -8.307780918838341133e-01 -4.177019405731828172e+00
-5.872947511395568476e+00 -5.741846207792562495e+00 1.676323824856532951e+01 -5.741846207792562495e+00 -3.805978702986715945e+01 2.750633263974171072e+00 1.676323824856532951e+01 2.750633263974171072e+00 -2.366744260154722834e+00
1.977207957771638647e+01 1.136377943926978745e-01 1.080657960137779128e+01 1.136377943926978745e-01 7.980460689045794531e+00 -1.334933038099209934e+00 1.080657960137779128e+01 -1.334933038099209934e+00 2.877838740107189253e+01
-2.685262557520779580e+01 8.195581572904073298e+00 5.683491073595858367e+00 8.195581572904073298e+00 -3.398707146369230259e+01 -1.167086825175265963e+00 5.683491073595858367e+00 -1.167086825175265963e+00 -3.009935015985935536e+01
1.102909040117922856e+01 -1.372848657115712179e+01 6.156516215940378345e+00 -1.372848657115712179e+01 -6.394994617697074002e-01 -8.279881288640643433e+00 6.156516215940378345e+00 -8.279881288640643433e+00 1.139389736709040646e+00
-8.734193139674029993e+00 2.370083569284284764e+00 9.035540325178771370e-01 2.370083569284284764e+00 -2.252627567412209686e+01 2.857005330103183027e+00 9.035540325178771370e-01 2.857005330103183027e+00 -2.360662885001994393e+00
1.088714586368215720e+00 8.870107839337997291e+00 2.022839956107215187e+01 8.870107839337997291e+00 -2.834773757382965442e+01 5.404388538058424452e+00 2.022839956107215187e+01 5.404388538058424452e+00 6.013501648884997941e+00
1.550687178200260696e+01 -8.354919818006708354e+00 8.593352911964233343e+00 -8.354919818006708354e+00 5.560977378228881829e-01 -1.239439263088306475e+01 8.593352911964233343e+00 -1.239439263088306475e+01 1.651704239571752808e+01
9.267904567412655226e+00 7.430317168235492709e+00 7.321783020636256190e+00 7.430317168235492709e+00 -2.397031398709912509e+01 -1.265487725252523177e+00 7.321783020636256190e+00 -1.265487725252523177e+00 5.865148522917615459e+00
2.961330810940236447e+01 1.321835728570394153e+01 2.490461866383949641e+01 1.321835728570394153e+01 1.618586907241953909e+01 -4.068079352727897557e+00 2.490461866383949641e+01 -4.068079352727897557e+00 4.191623336962968693e+01
3.051798620976743592e+00 8.798061531920505773e-01 9.346219970869634741e-01 8.798061531920505773e-01 -6.892242497811976065e+00 -1.587316485524949528e+00 9.346219970869634741e-01 -1.587316485524949528e+00 -1.319146481580789754e+01
1.750995157537506008e+00 8.770319952766870486e+00 9.244699105582062870e+00 8.770319952766870486e+00 -9.908802837392673979e+00 5.515062101717307375e-01 9.244699105582062870e+00 5.515062101717307375e-01 1.272289990693908024e+00
-1.435333085223901683e+01 1.082470432485618161e+01 7.912200367569050208e+00 1.082470432485618161e+01 -1.793654629766923492e+01 -1.783214339552896988e+00 7.912200367569050208e+00 -1.783214339552896988e+00 8.330223486039999514e+00
1.519521743388254009e+01 3.363427253973218178e+00 7.411524108427660629e+00 3.363427253973218178e+00 2.839417055027193015e+01 -2.186474031834295673e+00 7.411524108427660629e+00 -2.186474031834295673e+00 2.602205625974598746e+01
4.035886678711797515e+01 1.447329150497903960e+01 4.635124135885581254e+00 1.447329150497903960e+01 3.354143724424478989e+01 -1.006310795522344925e+01 4.635124135885581254e+00 -1.006310795522344925e+01 4.597374284149361756e+01
2.411052911274923360e+01 -1.978129986967952947e+00 1.130487944300654490e+01 -1.978129986967952947e+00 -8.187784456589998427e+00 -9.829914162016088142e+00 1.130487944300654490e+01 -9.829914162016088142e+00 1.962785247707646619e+01
2.287050151741201987e+01 2.389668707851561713e+00 3.896562619499532865e+00 2.389668707851561713e+00 2.153666037324375448e+00 -1.149496851514224760e+00 3.896562619499532865e+00 -1.149496851514224760e+00 2.042826495320363023e+01
2.270579407797385585e+01 3.802267179722188306e+00 1.449511559969545793e+01 3.802267179722188306e+00 2.141911859720260480e+01 -3.672704331988100535e+00 1.449511559969545793e+01 -3.672704331988100535e+00 4.662858776989699550e+01
-9.036543605364409260e+00 5.157984695401395925e+00 1.339543172641757041e+00 5.157984695401395925e+00 -2.969687841370337367e+01 1.339252750481354282e+00 1.339543172641757041e+00 1.339252750481354282e+00 -1.480810319904874639e+01
5.041289502909717868e+01 6.065930342447730439e+00 5.824955315391906474e+00 6.065930342447730439e+00 5.109878092921670145e+01 8.743362089658685221e+00 5.824955315391906474e+00 8.743362089658685221e+00 6.441470890633139845e+01
1.248364448261739312e+01 4.101453332879167135e+00 1.597790278196670322e+01 4.101453332879167135e+00 -1.415651013848064110e+01 1.021334208117627762e+00 1.597790278196670322e+01 1.021334208117627762e+00 1.851451591837810540e+01
2.250252754275981104e+01 1.288716316849366450e+01 6.287825740431857824e+00 1.288716316849366450e+01 -4.960810646437949778e-01 -1.343332940808431530e+01 6.287825740431857824e+00 -1.343332940808431530e+01 2.566570906866862956e+01
4.620232396201888747e+01 5.867368097641771918e+00 1.319934187868405040e+01 5.867368097641771918e+00 3.022010064542978469e+01 -3.332907876305239103e+00 1.319934187868405040e+01 -3.332907876305239103e+00 4.238848416171416034e+01
-2.929496358402606138e+00 3.709970785047810971e+00 4.516281676050430072e+00 3.709970785047810971e+00 -1.515382463321668638e+01 -8.297754714144256027e+00 4.516281676050430072e+00 -8.297754714144256027e+00 5.741010758016684257e+00
3.983743920202477362e+00 1.408606782367676935e+01 1.618971945401932899e+01 1.408606782367676935e+01 -2.112635413031242138e+00 -5.342152841840449362e+00 1.618971945401932899e+01 -5.342152841840449362e+00 1.225080936013141120e+01
-3.315597356737970358e+01 6.526912307801287838e+00 1.220040493382192892e+01 6.526912307801287838e+00 -5.650760141044771245e+01 -1.460156811750655592e+01 1.220040493382192892e+01 -1.460156811750655592e+01 -3.745643847411841421e+01
3.136532048398024841e+01 -7.231380042093196181e+00 1.012262670543425358e+01 -7.231380042093196181e+00 2.512857666532692136e+01 -4.234466544031386670e-01 1.012262670543425358e+01 -4.234466544031386670e-01 4.955222069364874216e+01
-1.213313645990171530e+01 4.016934733288063164e+00 1.284254927843873695e+01 4.016934733288063164e+00 -4.134003709202369947e+01 -1.257354195630386151e+01 1.284254927843873695e+01 -1.257354195630386151e+01 1.861603052351169518e+00
-8.549105531438168981e+00 2.192487944057860627e+00 1.407203417466497619e+01 2.192487944057860627e+00 -4.131689559418994406e+01 -2.808236419475365064e+00 1.407203417466497619e+01 -2.808236419475365064e+00 -6.569182370410339367e+00
3.505900280106330058e+01 -5.660008907346685270e-01 1.040376344118108065e+01 -5.660008907346685270e-01 2.458247641819940199e+01 -1.826879823218846122e+00 1.040376344118108065e+01 -1.826879823218846122e+00 4.030243634104068207e+01
4.411624211521652938e+01 1.573551875866080474e+00 6.023239032352535993e+00 1.573551875866080474e+00 2.467922514203263873e+01 9.910611805151049225e+00 6.023239032352535993e+00 9.910611805151049225e+00 5.371730889254916974e+01
6.359184329006851044e+01 -1.247662906560594998e+01 1.932957311695764702e+01 -1.247662906560594998e+01 6.851412180959829357e+01 -1.214455866483711866e+01 1.932957311695764702e+01 -1.214455866483711866e+01 7.993807873314848678e+01
-8.409265523086322247e+00 9.789350542508783448e+00 1.232326621319553972e+01 9.789350542508783448e+00 -3.289145538572945782e+01 -5.720639140314461635e+00 1.232326621319553972e+01 -5.720639140314461635e+00 -8.589446327124958813e+00
-5.448304733548140710e+00 6.314221938828614711e+00 -8.068826300740749247e+00 6.314221938828614711e+00 -2.793707180953985159e+01 -6.971342166547167096e+00 -8.068826300740749247e+00 -6.971342166547167096e+00 -3.952006060214692251e-01
9.219346405087840424e+00 9.882359516681051836e-01 8.178950676228064154e+00 9.882359516681051836e-01 -1.008539194306977826e+01 -8.089984263400463504e+00 8.178950676228064154e+00 -8.089984263400463504e+00 7.184840049816764385e+00
9.138373823648089811e+00 -2.430783548574598107e+00 1.511235229662200119e+01 -2.430783548574598107e+00 -7.991746243316372400e+00 -2.528504802750465519e+00 1.511235229662200119e+01 -2.528504802750465519e+00 4.003768897342338207e+00
-8.099428237765406990e+00 -3.809383659532292743e+00 1.368803365040183628e+01 -3.809383659532292743e+00 -2.326525548613015104e+01 -9.880321258718634425e+00 1.368803365040183628e+01 -9.880321258718634425e+00 -2.073139201962865741e+01
1.066026563578631325e+01 -5.005678720045612984e+00 2.873142674016511577e+00 -5.005678720045612984e+00 -1.222726718320913974e+01 -7.839865002511115399e+00 2.873142674016511577e+00 -7.839865002511115399e+00 1.428639675305077184e+01
-5.250632250501879206e+00 -7.036562603092062773e-02 4.050733734955715981e-01 -7.036562603092062773e-02 -3.106150747046287464e+01 -5.048088453960617450e+00 4.050733734955715981e-01 -5.048088453960617450e+00 -2.559454553386997788e-01
-5.056631201809092424e+00 1.130484922398104430e+01 1.505812086710101383e+01 1.130484922398104430e+01 -1.653836561136841254e+01 -4.504968351613017674e+00 1.505812086710101383e+01 -4.504968351613017674e+00 -1.722209711990375069e+01
2.543714383789493549e+00 -9.763325107048477225e-01 -2.859395015739702561e+00 -9.763325107048477225e-01 -1.040623349592175195e+01 -5.442163552668157323e+00 -2.859395015739702561e+00 -5.442163552668157323e+00 6.164487737662433631e+00
-2.707320177148885776e+01 2.713659114491938418e+00 7.352998670677900250e+00 2.713659114491938418e+00 -4.734512339457084096e+01 3.033033035734269856e+00 7.352998670677900250e+00 3.033033035734269856e+00 -3.190587708351549523e+01
-3.415081868849287616e+01 1.111173505962390706e+01 1.216869580256927641e+01 1.111173505962390706e+01 -5.915418170422088195e+01 -1.026001279225491203e+01 1.216869580256927641e+01 -1.026001279225491203e+01 -3.187669282899639711e+01
9.709254841354525212e+00 9.266044991474007730e+00 4.369360376819113156e+00 9.266044991474007730e+00 -1.493632534543076673e+01 -2.517187933876138040e+00 4.369360376819113156e+00 -2.517187933876138040e+00 -4.524255868121083601e+00
-9.780591466933769240e+00 7.589430201287533428e+00 8.232812408665052928e+00 7.589430201287533428e+00 -3.122770435776325471e+01 -7.805372560330810394e+00 8.232812408665052928e+00 -7.805372560330810394e+00 -5.164460085456601846e+00
1.295464887154974676e+01 1.923926530661084877e+00 1.471967077578375260e+01 1.923926530661084877e+00 -2.772939988426772828e+01 3.208228985031569724e+00 1.471967077578375260e+01 3.208228985031569724e+00 -4.711665281675502470e+00
-6.682334399875530018e+00 3.365821645607945278e+00 1.227101027149020140e+01 3.365821645607945278e+00 -2.198735545201274277e+01 -1.902321496429665582e-01 1.227101027149020140e+01 -1.902321496429665582e-01 1.274338104358218260e+01
1.887553175063936450e+01 -7.242772457292652177e-01 4.897468734874431462e+00 -7.242772457292652177e-01 -1.565424871602299284e+01 4.865337493029660010e+00 4.897468734874431462e+00 4.865337493029660010e+00 1.463631677272675269e+01
-3.726217043364459691e+00 5.608198295148453028e+00 6.547811614061638252e+00 5.608198295148453028e+00 -3.024750249665466484e+01 -5.148061780479934235e+00 6.547811614061638252e+00 -5.148061780479934235e+00 -2.372308335428052217e+01
1.587371215913458933e+01 -3.567393466695533810e+00 -1.061014206955920969e+00 -3.567393466695533810e+00 1.415824714716150012e+01 -4.568694932911586903e+00 -1.061014206955920969e+00 -4.568694932911586903e+00 1.362462486813138796e+01
2.558478487868686102e+01 1.646525793622390665e+01 -5.043234038308053169e-02 1.646525793622390665e+01 1.360269547034871884e+01 -1.537975522029808495e+01 -5.043234038308053169e-02 -1.537975522029808495e+01 3.591193220080439374e+01
1.007653370269498261e+01 -3.540554729741776097e+00 -3.008551620051212350e+00 -3.540554729741776097e+00 7.518796442532409419e-01 -5.456146815326261112e+00 -3.008551620051212350e+00 -5.456146815326261112e+00 2.218992609415821349e+01
-1.389797227505582455e+01 4.344801913777628144e+00 9.561807475795715661e+00 4.344801913777628144e+00 -3.434249332161361679e+01 -4.538412400277686665e+00 9.561807475795715661e+00 -4.538412400277686665e+00 -1.270160873405514401e+01
-2.874328652938313056e+01 8.870560749050513394e+00 4.209334331896677384e+00 8.870560749050513394e+00 -4.431203207739993388e+01 -1.658499217901368894e+00 4.209334331896677384e+00 -1.658499217901368894e+00 -2.801965164388158769e+01
1.280078224717937019e+01 2.015391070732574175e+00 1.660021144075114208e+01 2.015391070732574175e+00 -1.401954726265225304e+01 -1.425807084493222376e+01 1.660021144075114208e+01 -1.425807084493222376e+01 -9.877120343566345717e-01
4.536598477645476635e+00 9.984358640000930762e+00 1.294062749629747699e+01 9.984358640000930762e+00 -1.174262736877093793e+01 -6.352124591784564345e+00 1.294062749629747699e+01 -6.352124591784564345e+00 9.701946650043774767e+00
4.511312407733741026e+01 -9.025703695172145657e+00 2.225880416968284337e+01 -9.025703695172145657e+00 2.447154971110815680e+01 -2.441641091857707391e+00 2.225880416968284337e+01 -2.441641091857707391e+00 4.016740439443407240e+01
-1.684539596391683247e+01 1.206158382990097877e+01 1.063816019113774303e+01 1.206158382990097877e+01 -3.862799712851272460e+01 -6.745439190931520335e-01 1.063816019113774303e+01 -6.745439190931520335e-01 -2.068278342534950553e+01
4.392780810623137455e+01 1.753719548446564502e+01 7.397912087382040980e+00 1.753719548446564502e+01 4.049723699126267462e+01 -7.167400941075613652e+00 7.397912087382040980e+00 -7.167400941075613652e+00 5.149550227704235539e+01
