2.395816895140246316e+01 1.927943837696319163e+00 -8.901294411012948160e+00 1.927943837696319163e+00 2.347982084909740408e+01 6.176486295604880716e+00 -8.901294411012948160e+00 6.176486295604880716e+00 -4.669860862437285043e+00
1.611919839705282342e+01 7.234505515492942962e+00 -3.620197986926630751e+00 7.234505515492942962e+00 1.393078403363199058e+01 4.620969136428510815e+00 -3.620197986926630751e+00 4.620969136428510815e+00 1.023812113708518190e+01
2.275063310603659517e+00 7.124570691431284075e+00 -1.107521737631225101e+01 7.124570691431284075e+00 6.310070655255512584e+00 2.451146627014139057e+01 -1.107521737631225101e+01 2.451146627014139057e+01 -4.307820186876692503e+01
-3.162028148165098784e+01 6.823747146134341302e-01 6.047669810329604267e+00 6.823747146134341302e-01 -3.252592036591411073e+01 1.342238549805781567e+01 6.047669810329604267e+00 1.342238549805781567e+01 -3.712027005797045121e+01
3.917287126848194845e+01 9.432394436974352203e+00 1.797882829072425892e+01 9.432394436974352203e+00 2.482688937573094989e+01 -6.286297951729227229e+00 1.797882829072425892e+01 -6.286297951729227229e+00 -1.376620501123530893e+01
1.655598461969360358e+01 1.150482619533518225e+01 -1.350794631529520284e+00 1.150482619533518225e+01 1.170104071625828368e+01 1.519674134206768912e+01 -1.350794631529520284e+00 1.519674134206768912e+01 1.030695955896612936e+01
-2.956681139547816173e+01 -9.080013001685435015e+00 -1.055188063125237719e+01 -9.080013001685435015e+00 -3.956816459486915249e+01 -1.260459944321290937e+00 -1.055188063125237719e+01 -1.260459944321290937e+00 -2.602882832508485578e+01
3.444631445383981827e+01 -8.541128062819829836e+00 1.728080609485286345e+01 -8.541128062819829836e+00 3.699433607524556322e+01 -7.431653580907364720e+00 1.728080609485286345e+01 -7.431653580907364720e+00 1.320101085887065118e+01
2.743701771258306366e+01 6.185063447345164889e-01 -4.156676368670872534e+00 6.185063447345164889e-01 1.818140341118621350e+01 -4.829602187811213199e+00 -4.156676368670872534e+00 -4.829602187811213199e+00 3.649132762127830221e-01
-1.964899135847203127e+01 4.979923665895920060e+00 6.125269019671621074e+00 4.979923665895920060e+00 -2.745836410418881002e+01 -7.696095596529492155e+00 6.125269019671621074e+00 -7.696095596529492155e+00 -2.767228834462968834e+01
2.727326310104132290e+01 -6.678864628197050957e-01 -3.015402556267928968e+00 -6.678864628197050957e-01 1.461316072820469891e+01 -1.713562985887844903e+01 -3.015402556267928968e+00 -1.713562985887844903e+01 -2.500461774315822794e+01
-1.198455976882934815e+00 -5.944684061332751845e+00 -1.331266026916901346e+01 -5.944684061332751845e+00 -1.592655468104736904e+01 -1.045916937272074954e+01 -1.331266026916901346e+01 -1.045916937272074954e+01 -4.343884192397878508e+01
-8.065892543016849103e+00 1.579272899218797477e+01 4.112464393044032440e-01 1.579272899218797477e+01 -1.526618846762915815e+01 5.779507142110245077e-01 4.112464393044032440e-01 5.779507142110245077e-01 -3.054922134919867105e+01
1.419053317616348586e+01 3.495500943691446594e+00 1.837958485279531873e+00 3.495500943691446594e+00 8.765017987398305621e+00 1.469050225770202012e+01 1.837958485279531873e+00 1.469050225770202012e+01 -1.354498931127815453e+01
-5.072301558780996089e+00 1.254086919779541454e+01 1.858127739309805193e+01 1.254086919779541454e+01 -1.882864466774449186e+00 -6.324873034104043334e+00 1.858127739309805193e+01 -6.324873034104043334e+00 -7.013410993431595797e-01
-1.231543079972711752e+01 6.495432336498708992e+00 6.340712550982547491e+00 6.495432336498708992e+00 -2.636519984708329289e+01 7.295751920505173516e+00 6.340712550982547491e+00 7.295751920505173516e+00 4.302511514648162283e+00
2.245596624032853583e+01 7.559829262128217486e+00 -2.182929318050618184e-01 7.559829262128217486e+00 1.445530928992256747e+01 5.397108572421442041e+00 -2.182929318050618184e-01 5.397108572421442041e+00 -2.111182177359806289e+01
-8.260927553382037658e+00 1.397560048884777473e+01 3.873741310322569298e+00 1.397560048884777473e+01 4.982477164504302003e+00 1.259811544021066076e+01 3.873741310322569298e+00 1.259811544021066076e+01 -2.976761520759919222e+01
-2.496412153675945689e+01 1.823705049651464183e+00 -1.236487429003792826e+01 1.823705049651464183e+00 -3.156945847707923392e+01 -1.508316250727480545e+00 -1.236487429003792826e+01 -1.508316250727480545e+00 1.743632095458639730e+00
1.471755260022207956e+01 5.552592262940440726e+00 -1.083357741768886306e+01 5.552592262940440726e+00 -2.687130447756882745e+01 -4.523914369665768653e+00 -1.083357741768886306e+01 -4.523914369665768653e+00 -4.576441502154240482e+01
1.186246730261789217e+01 3.770334163618722201e+00 -3.346158579686535184e+00 3.770334163618722201e+00 -1.322541527616543888e+01 -1.820094764393259723e+01 -3.346158579686535184e+00 -1.820094764393259723e+01 -5.180503143785351483e+01
1.462140872104724920e+01 -1.470756955985056402e+00 3.624081325046813795e+00 -1.470756955985056402e+00 2.914189011289495568e+01 1.216622390948776911e+01 3.624081325046813795e+00 1.216622390948776911e+01 -5.767856455110326408e+00
-3.273454781979177142e+01 3.314195513158517237e+00 -2.128755164720340876e+00 3.314195513158517237e+00 -1.862452564636385333e+01 -1.413476048825249265e+01 -2.128755164720340876e+00 -1.413476048825249265e+01 -3.274426644347285276e+01
6.881012454937928347e+00 4.956290493908850792e+00 3.147610617509082331e+00 4.956290493908850792e+00 4.658968734784003196e+00 5.252615682181337453e-01 3.147610617509082331e+00 5.252615682181337453e-01 3.553895371760266819e+00
3.917235485267215722e+01 -1.152840550104264317e+01 -2.320392133273514734e-01 -1.152840550104264317e+01 2.932630180666964037e+01 -1.391947266961695995e+01 -2.320392133273514734e-01 -1.391947266961695995e+01 6.895331873856324734e+00
1.457813163803350420e+01 1.285589574364359855e+01 5.649401548131520734e+00 1.285589574364359855e+01 -6.960766704351526890e+00 2.145884129136075846e-01 5.649401548131520734e+00 2.145884129136075846e-01 -8.360651748633291191e+00
-8.812337353617778035e+00 1.205360207776170256e+01 1.372067207617838847e+01 1.205360207776170256e+01 -1.763130143662533911e+01 -1.643016703210055951e+01 1.372067207617838847e+01 -1.643016703210055951e+01 -2.888597837798839407e+01
-2.431105673865411987e+00 7.961950448879171915e+00 -3.623820260261892745e+00 7.961950448879171915e+00 -2.500734082639715083e+01 2.056767130797263032e+00 -3.623820260261892745e+00 2.056767130797263032e+00 -1.141826860875434058e+01
5.986711079920257639e+00 -6.159457877721237207e-01 -2.723897131619712031e+00 -6.159457877721237207e-01 -1.531844848409973459e+01 1.699599133633169279e+00 -2.723897131619712031e+00 1.699599133633169279e+00 -2.408248508815550437e+01
8.612546233863431766e+00 8.984478448085159386e+00 -6.431180509923375865e+00 8.984478448085159386e+00 1.865998634045903515e+01 -3.555741036924434884e+00 -6.431180509923375865e+00 -3.555741036924434884e+00 1.298702495345349384e+01
-7.203090914434739922e+00 -1.189804940633646524e+01 2.182873616317005627e+01 -1.189804940633646524e+01 -1.931700393642931601e+01 3.468693619852536436e+00 2.182873616317005627e+01 3.468693619852536436e+00 -5.390395942216285619e+01
-2.641784858017531690e+01 -1.144742271167038616e+01 1.886126909701968168e+00 -1.144742271167038616e+01 -3.310696727730880440e+01 1.647149752485985630e+01 1.886126909701968168e+00 1.647149752485985630e+01 -4.801216860498932704e+01
4.982331047455660911e-01 1.831872952978570446e+00 -6.204176925130825637e+00 1.831872952978570446e+00 -8.254402616697231743e-01 -1.124075670894119838e+01 -6.204176925130825637e+00 -1.124075670894119838e+01 -6.303995719852913737e+00
3.521975981932526878e+01 1.239252768237382174e+00 -9.641458304396920198e+00 1.239252768237382174e+00 2.978021982289547509e+01 1.500579511206492134e+00 -9.641458304396920198e+00 1.500579511206492134e+00 -7.656010831905574188e-01
4.077551845031320710e+01 4.704987278641344695e+00 5.264108129916581502e-01 4.704987278641344695e+00 3.268646469259600451e+01 1.106336012934622737e+01 5.264108129916581502e-01 1.106336012934622737e+01 -1.757263651668476356e+01
2.467953266865792017e+01 -1.092647390475613456e+01 4.694222386661823343e+00 -1.092647390475613456e+01 1.949131373543739443e+01 -4.362152963445508486e-02 4.694222386661823343e+00 -4.362152963445508486e-02 -2.540698126178601157e+01
-1.340552218067900547e+01 4.293383789449189969e+00 -4.386940162049421055e+00 4.293383789449189969e+00 -1.466006942480057695e+01 9.987560830361488229e-01 -4.386940162049421055e+00 9.987560830361488229e-01 -3.908479553477087087e+00
1.091869587862920632e+01 -2.662494151149707392e-03 -1.079789294632936780e+01 -2.662494151149707392e-03 2.418133602678916816e+01 -3.152902182370000084e+00 -1.079789294632936780e+01 -3.152902182370000084e+00 8.887281639600459471e+00
-2.376433319727122040e+01 -5.890052533285900616e+00 2.471597953463890995e+00 -5.890052533285900616e+00 -2.372267484637428225e+01 8.518404665244775353e-01 2.471597953463890995e+00 8.518404665244775353e-01 -3.100042301127755806e+01
1.527136873271127371e+01 2.913379749190678769e+00 6.053833375692619923e-01 2.913379749190678769e+00 5.945617906810191755e+00 1.607335979813056781e+01 6.053833375692619923e-01 1.607335979813056781e+01 -1.211284856932737775e+01
-1.515006634262826246e+01 1.170898422852614829e+01 -1.164238724938252467e+01 1.170898422852614829e+01 -2.347318883548807733e+01 -3.431990738536455421e+00 -1.164238724938252467e+01 -3.431990738536455421e+00 -1.563169699759504283e+01
-3.381371097938286496e+00 3.692816482363627362e+00 -1.380482726487802836e+01 3.692816482363627362e+00 -1.085254608012901967e+00 2.873702975982670993e-01 -1.380482726487802836e+01 2.873702975982670993e-01 -2.066703190901928622e+01
-2.407879225892363095e+01 4.871479241280271211e+00 -5.225868934997507154e+00 4.871479241280271211e+00 -2.141137268655689496e+01 3.687696278990339138e+00 -5.225868934997507154e+00 3.687696278990339138e+00 -7.095635887034121936e+01
2.944197419981751551e+00 2.647061014548529823e+00 1.488853257473685332e+01 2.647061014548529823e+00 5.712416612759954937e+00 2.301210789153540048e+00 1.488853257473685332e+01 2.301210789153540048e+00 -4.548581532559180829e+01
-2.008963923773224280e+01 2.955568717729565864e-01 2.860102887475233668e+00 2.955568717729565864e-01 -1.018113232840426363e+01 1.347419013617336070e+00 2.860102887475233668e+00 1.347419013617336070e+00 -3.400457233473796492e+01
2.688640292165150925e+01 8.044114114941843141e+00 -2.629399246661641598e+00 8.044114114941843141e+00 1.663066016552174275e+01 6.772803558183150940e+00 -2.629399246661641598e+00 6.772803558183150940e+00 5.593696087188052779e+00
7.099176448459789235e+00 4.382609856138237170e+00 7.541914829823756605e+00 4.382609856138237170e+00 -1.354740126254652388e+01 2.360003728520445598e+00 7.541914829823756605e+00 2.360003728520445598e+00 -2.283300342575796549e+01
-5.375025849039858628e+01 -1.383400264393859658e+00 -9.604476226155350460e+00 -1.383400264393859658e+00 -5.081614568035027446e+01 -1.060732336470421089e+01 -9.604476226155350460e+00 -1.060732336470421089e+01 -4.927441353755764908e+01
1.701460353050104857e+01 2.021415071684671716e+01 1.899908464921158169e+00 2.021415071684671716e+01 8.830777215229735688e+00 -2.784597392157254214e-01 1.899908464921158169e+00 -2.784597392157254214e-01 -1.082253900887181430e+01
-1.800938710789246855e+01 1.586087987104343355e+01 -1.254230178713322319e+00 1.586087987104343355e+01 -4.764242932961708021e+01 1.026983883206470161e+01 -1.254230178713322319e+00 1.026983883206470161e+01 -1.854975588092402106e+01
