-4.014397823351695038e+00 1.764099228589386614e+00 -4.189891175573860593e+00 1.764099228589386614e+00 -8.231624726280543314e+00 1.732204184347146680e-01 -4.189891175573860593e+00 1.732204184347146680e-01 -4.677744807166051011e+00
2.938402333177410242e+01 3.705184909002900984e+00 -1.362736858119919736e+00 3.705184909002900984e+00 3.032848929643475344e+01 1.681922728458784322e+00 -1.362736858119919736e+00 1.681922728458784322e+00 2.091121202726643347e+01
1.316651570221108125e+00 2.962068907858733446e+00 -2.439990700015502778e+00 2.962068907858733446e+00 4.469683822346772750e+00 -4.675206178056705575e+00 -2.439990700015502778e+00 -4.675206178056705575e+00 -3.029909997241075015e+00
-2.928159057643382024e+00 9.300877303692804077e+00 -2.494648410856004084e+00 9.300877303692804077e+00 -1.033655567230059269e+01 -5.581834735835292660e-01 -2.494648410856004084e+00 -5.581834735835292660e-01 1.194590511660396004e+01
1.114582883283610037e+01 7.154605870643967691e+00 -6.741668246248264218e+00 7.154605870643967691e+00 1.066579948996366056e+01 -1.418729995299137459e+00 -6.741668246248264218e+00 -1.418729995299137459e+00 3.309076213030842695e+01
2.858667686368900451e+00 8.425153417352680307e+00 -5.206335424749273244e-01 8.425153417352680307e+00 9.396610768099479261e-01 -2.041780817943200876e+00 -5.206335424749273244e-01 -2.041780817943200876e+00 2.729743943301972120e+00
1.307705788455834295e+01 1.154703459337366400e+00 -6.096354906506717963e-01 1.154703459337366400e+00 1.192469852755634996e+01 -5.472073842763569118e+00 -6.096354906506717963e-01 -5.472073842763569118e+00 4.807436388958397977e+00
2.389810197383708701e+00 6.118951833564477916e+00 -5.915479907776864721e+00 6.118951833564477916e+00 1.257072981444105730e+00 2.793276640848958436e+00 -5.915479907776864721e+00 2.793276640848958436e+00 1.687397879918319532e+01
-1.038236154131719768e+00 1.321131520545502314e+00 5.083800694839540890e-01 1.321131520545502314e+00 -1.893583047549813436e+00 -8.988977224141315725e-01 5.083800694839540890e-01 -8.988977224141315725e-01 1.727968119208707876e+01
-6.159776492059494402e+00 -1.975786301814948853e+00 5.079992125902717426e+00 -1.975786301814948853e+00 -8.131577525795373518e+00 -8.924767664405232059e-01 5.079992125902717426e+00 -8.924767664405232059e-01 1.134385245303916001e+01
3.555906968782332367e+00 5.107379217276565297e-01 -9.268563319816273127e-01 5.107379217276565297e-01 -1.220183509170383651e+00 -1.745201348683389719e+00 -9.268563319816273127e-01 -1.745201348683389719e+00 1.617951488991943521e+01
2.705797148811801023e+01 5.539665447422071232e+00 -3.005529719219169227e+00 5.539665447422071232e+00 2.670278783402160272e+01 2.647433045252268968e+00 -3.005529719219169227e+00 2.647433045252268968e+00 1.930299736484971618e+01
5.729450474754114175e+00 4.872888022364025851e+00 -1.027011806371435299e+00 4.872888022364025851e+00 -4.683051604059185191e-01 8.740061193220100000e-01 -1.027011806371435299e+00 8.740061193220100000e-01 1.519356792511078424e+01
-5.831344124484842517e+00 -2.708875241649987498e+00 1.362390826232042773e+00 -2.708875241649987498e+00 -1.934927255475405339e+00 2.447363063858891408e-01 1.362390826232042773e+00 2.447363063858891408e-01 -2.541406347794952669e+00
6.755381769043616202e+00 6.355980518360374809e+00 1.621396183692588311e-01 6.355980518360374809e+00 5.618626404625793214e+00 4.822630280712159490e+00 1.621396183692588311e-01 4.822630280712159490e+00 3.732832311887197818e+01
-1.195235515188871922e+01 1.966693089249843540e+00 -6.452327977635645695e+00 1.966693089249843540e+00 -1.017188206179089605e+01 1.449134753826570865e+00 -6.452327977635645695e+00 1.449134753826570865e+00 2.390675211510544518e+00
2.649628962012955569e+01 -3.643029011984709964e+00 4.865695107329824909e-01 -3.643029011984709964e+00 2.410941786884344040e+01 -1.681827719275171606e+00 4.865695107329824909e-01 -1.681827719275171606e+00 2.927132490559559841e+01
-5.561184162710191003e+00 -1.357916709675704769e+00 -3.498333638207518970e+00 -1.357916709675704769e+00 -2.090820991326851341e-01 -4.639423719687600922e+00 -3.498333638207518970e+00 -4.639423719687600922e+00 -1.324724909617085444e+00
2.808146192570236721e+01 5.338248384580433381e+00 -1.300510412817386330e+00 5.338248384580433381e+00 2.900479606123252907e+01 1.630232329781906353e+00 -1.300510412817386330e+00 1.630232329781906353e+00 1.948397490606493676e+01
-8.975551410101830996e+00 9.990439373586713856e+00 6.012688165497857895e+00 9.990439373586713856e+00 -1.248959921272641793e+01 -4.770586680231136967e+00 6.012688165497857895e+00 -4.770586680231136967e+00 2.276668828870894501e+00
-6.215168794126338936e-01 2.574093196507063031e+00 -3.458874794983052503e+00 2.574093196507063031e+00 3.327823141767809467e+00 -4.610942419846610352e-01 -3.458874794983052503e+00 -4.610942419846610352e-01 2.757717233121137035e+00
2.398665713138495192e+01 7.626846838837810338e+00 1.014639684780341611e+01 7.626846838837810338e+00 2.403518014051814689e+01 3.527639877361188780e+00 1.014639684780341611e+01 3.527639877361188780e+00 1.290525770403768391e+01
-3.816284644474164267e+00 7.603286126820584023e+00 -6.224996547390554413e-01 7.603286126820584023e+00 -4.927710689796636068e+00 -1.896620415371356838e+00 -6.224996547390554413e-01 -1.896620415371356838e+00 3.568826427193090844e-01
9.422734333548873353e-01 1.050723911213895079e+00 -2.344572074159863906e+00 1.050723911213895079e+00 8.661540578505545485e-01 1.443321621413607703e-01 -2.344572074159863906e+00 1.443321621413607703e-01 2.706187768899916524e+00
4.999544918788699022e+01 4.913186381439814454e+00 -4.037257409333815161e+00 4.913186381439814454e+00 4.895944868809699813e+01 -6.564740437676246820e+00 -4.037257409333815161e+00 -6.564740437676246820e+00 3.179221795538186157e+01
3.185436145749600811e+01 5.360515269532609040e+00 2.755583617710951616e-01 5.360515269532609040e+00 2.970619206836276049e+01 -7.077818985650886852e+00 2.755583617710951616e-01 -7.077818985650886852e+00 1.118374822944982760e+01
-1.241700517456918229e+00 5.778745805221797482e+00 -5.325924457657706057e+00 5.778745805221797482e+00 2.040899103640273493e-01 -6.206485610464170577e+00 -5.325924457657706057e+00 -6.206485610464170577e+00 -8.286102627952930177e+00
-3.583940656907907307e+00 -3.574395452705977583e+00 -4.830784643409547385e+00 -3.574395452705977583e+00 -1.487674753904795755e-01 1.178825968440360805e+00 -4.830784643409547385e+00 1.178825968440360805e+00 -5.931932631120339083e-01
1.323027195933563327e+01 -2.081692484818104205e+00 7.737537488276405639e+00 -2.081692484818104205e+00 2.715528189076763077e+00 -5.730605112165733317e+00 7.737537488276405639e+00 -5.730605112165733317e+00 3.103576492461786529e+01
7.212617684484865066e+00 5.786194003275562103e+00 -3.742257087989779407e+00 5.786194003275562103e+00 5.742090212904514601e+00 3.451500994761460550e+00 -3.742257087989779407e+00 3.451500994761460550e+00 7.255698603865042007e-02
4.049610321770018562e-01 -3.474435278249918380e+00 -4.303833702033318609e+00 -3.474435278249918380e+00 6.877189522311232039e+00 -2.314735200102203017e+00 -4.303833702033318609e+00 -2.314735200102203017e+00 6.693308594832453329e-01
-3.897475713604878322e+00 3.641196005775392486e+00 3.107872024337604344e+00 3.641196005775392486e+00 -1.123324291582950663e+00 1.222942584586588000e+00 3.107872024337604344e+00 1.222942584586588000e+00 -2.573624267647634412e+00
4.640637116567259413e-01 1.358091762652273715e+00 -4.513359148955039757e+00 1.358091762652273715e+00 -1.745306250274014093e-01 -2.014817932995715211e+00 -4.513359148955039757e+00 -2.014817932995715211e+00 2.786700678826579569e+00
-1.734678204790529810e+00 1.683232790949305446e+00 4.341699300755488267e+00 1.683232790949305446e+00 -4.314659984539685134e+00 1.189884808706508812e+00 4.341699300755488267e+00 1.189884808706508812e+00 1.260822774690950965e+01
6.441200882864436927e+00 4.520122846763373836e+00 2.365435760446073399e+00 4.520122846763373836e+00 7.695988931257090826e+00 8.713269002316550438e-01 2.365435760446073399e+00 8.713269002316550438e-01 5.349674575765808626e+00
5.395091345997138355e+00 1.450482901744967279e+01 1.998802112921502561e+00 1.450482901744967279e+01 1.887319568190044983e+00 -6.448267801095640683e-01 1.998802112921502561e+00 -6.448267801095640683e-01 7.907370251244477899e+00
3.718481510259437783e+01 1.582059923116086120e+00 -5.305312216981045159e-01 1.582059923116086120e+00 3.771875030056651212e+01 4.431755393859763692e-01 -5.305312216981045159e-01 4.431755393859763692e-01 2.225327969758094326e+01
-1.401345610595128477e+01 4.155177958458946996e+00 6.508337301905637418e+00 4.155177958458946996e+00 -3.544036999820388445e+00 -2.182629886292501986e+00 6.508337301905637418e+00 -2.182629886292501986e+00 1.908485945189836741e+01
-2.007027950256807802e+00 5.761141128771225084e+00 -1.888813145922027883e-02 5.761141128771225084e+00 -2.957846582019357573e+00 9.117974388471510316e-01 -1.888813145922027883e-02 9.117974388471510316e-01 -6.259253684166913301e-01
9.445254722633642519e-01 5.655563357412772163e+00 7.810875951087300706e+00 5.655563357412772163e+00 4.882698162304281553e+00 -4.237997354423108654e+00 7.810875951087300706e+00 -4.237997354423108654e+00 2.960577815909268651e+01
6.921374937886401568e+00 8.722037484691378850e+00 6.118833769350966456e+00 8.722037484691378850e+00 4.570111803396128103e+00 2.359803607593026209e-01 6.118833769350966456e+00 2.359803607593026209e-01 2.422146360698267031e+01
-7.244728104506886091e+00 1.139518594330127366e+00 -7.453993812535418817e-01 1.139518594330127366e+00 -6.201129965028158608e+00 3.247092001395258110e-01 -7.453993812535418817e-01 3.247092001395258110e-01 -3.406006700135953968e-01
-7.421489157047572505e+00 -4.133230515943985495e+00 1.866639079106265919e+00 -4.133230515943985495e+00 -7.890047671329114110e+00 -2.255063102580317391e+00 1.866639079106265919e+00 -2.255063102580317391e+00 -7.478247691355522697e+00
3.112001867678807088e+01 2.407861377203241560e+00 -1.163294628995143354e+00 2.407861377203241560e+00 3.068219895978297629e+01 -2.714439105976317546e+00 -1.163294628995143354e+00 -2.714439105976317546e+00 1.506440236017278345e+01
3.354321771206421943e+01 3.583373942128311729e+00 2.480252251358564752e+00 3.583373942128311729e+00 3.352312598821613676e+01 -3.645122419834018412e+00 2.480252251358564752e+00 -3.645122419834018412e+00 2.150302728874752489e+01
2.386419653902675364e+01 4.231259627240496535e+00 4.615510413910800303e+00 4.231259627240496535e+00 1.960522282710720532e+01 3.840925906770322751e+00 4.615510413910800303e+00 3.840925906770322751e+00 2.030781160961092624e+01
2.925742293735043376e+01 1.937754717065020227e+00 -3.412174123651113611e+00 1.937754717065020227e+00 3.243191581552746072e+01 -1.855218847600314802e-01 -3.412174123651113611e+00 -1.855218847600314802e-01 2.043626730468577435e+01
-5.919185636935723416e+00 6.551825706525277404e+00 -3.589049221280185442e+00 6.551825706525277404e+00 -2.442614827825026591e+00 -8.668201638566804812e-01 -3.589049221280185442e+00 -8.668201638566804812e-01 2.116573907958766654e+01
-1.457574117602358044e+01 4.085169718025650987e+00 -6.779902405416144973e+00 4.085169718025650987e+00 -9.498513500787133523e+00 -3.904834074588651172e-01 -6.779902405416144973e+00 -3.904834074588651172e-01 -7.235957438797971264e+00
1.554621792960806559e+01 8.525894342497429834e-01 -1.188549239913869293e+00 8.525894342497429834e-01 1.576385838586095822e+01 1.031205555143112207e+01 -1.188549239913869293e+00 1.031205555143112207e+01 2.694785466700627907e+01
