-1.307101515130308655e+01 -1.475785822649272028e+01 -7.294305257519062557e+00 -1.475785822649272028e+01 5.072973802772267504e+01 -9.790769287887675532e+00 -7.294305257519062557e+00 -9.790769287887675532e+00 -3.692007912521965096e+01
-3.319658013992496137e+01 2.739151629360937701e+00 -1.805897856155009584e-01 2.739151629360937701e+00 -1.972871356386846031e+01 9.644383666915029352e+00 -1.805897856155009584e-01 9.644383666915029352e+00 -2.357152067525301931e+01
7.964749754755164446e+00 -8.509525588370481231e+00 -5.906785352883789031e+00 -8.509525588370481231e+00 5.440105484753792098e+01 6.041653892747062216e+00 -5.906785352883789031e+00 6.041653892747062216e+00 -1.690219824432297457e+01
-2.571105538141057067e+01 9.867184681178089445e-01 -7.316304311760890577e-01 9.867184681178089445e-01 -1.861487835420067682e+01 -1.459133158502188721e+01 -7.316304311760890577e-01 -1.459133158502188721e+01 -2.028187026356901868e+01
-6.829689843734228383e+00 3.131856546317420609e+00 -1.222172281658750137e+00 3.131856546317420609e+00 3.763751588153074579e+01 -5.188993358216565710e+00 -1.222172281658750137e+00 -5.188993358216565710e+00 -3.191955281315141946e+01
-3.886750024713731211e+00 1.406373716734671042e+01 -2.102951330621642523e+00 1.406373716734671042e+01 3.674870677758647020e+01 -1.263593988135125734e+01 -2.102951330621642523e+00 -1.263593988135125734e+01 -1.890509046588606878e+01
-3.057977897348499852e+01 -2.976709628203747471e+01 5.953972660982167042e+00 -2.976709628203747471e+01 1.774562228684995446e+01 -4.733025653007643996e+00 5.953972660982167042e+00 -4.733025653007643996e+00 -5.060182437262375288e+01
-1.549770521624274977e+01 4.294244986052882851e+00 -9.601611417614057231e+00 4.294244986052882851e+00 -1.404462687483701799e+01 -3.378008369034652958e+00 -9.601611417614057231e+00 -3.378008369034652958e+00 -1.224416344501974763e+01
2.245167381971349840e+01 1.601864645507204976e-01 -6.452133039763253919e+00 1.601864645507204976e-01 3.213051158589744460e+01 3.184123856274718278e+00 -6.452133039763253919e+00 3.184123856274718278e+00 1.794962982299378851e+01
3.759937981346276814e+01 -1.890796259720999961e+00 1.087253863423485711e+01 -1.890796259720999961e+00 3.953016524183792058e+01 5.952533551605010409e-02 1.087253863423485711e+01 5.952533551605010409e-02 3.807137746520381683e+01
-4.037187081574325020e+01 -2.019482872423925102e+00 3.813051062676233172e-01 -2.019482872423925102e+00 2.662418160131455380e+01 5.144937234883568689e-01 3.813051062676233172e-01 5.144937234883568689e-01 -7.004993799198925331e+01
1.086817362789124708e+01 -5.727918549945855142e-01 -2.122738027377244041e+00 -5.727918549945855142e-01 7.721096029169006947e+00 7.149528175574082489e-02 -2.122738027377244041e+00 7.149528175574082489e-02 8.336326732692942443e+00
-3.810665947045927648e+00 1.976786168896116358e+00 1.360765302454299963e+01 1.976786168896116358e+00 4.854196518274694938e+01 -1.286821293577891190e+01 1.360765302454299963e+01 -1.286821293577891190e+01 -3.638405949935128803e+01
-2.568824985325827726e+01 -1.746301600718629032e+01 -5.227919208951322005e+00 -1.746301600718629032e+01 2.475291052750321086e+01 3.187757589726362806e+00 -5.227919208951322005e+00 3.187757589726362806e+00 -4.906268075646922000e+01
-1.137687399085453244e+01 -1.688207149961008824e+01 -7.745701884934569570e+00 -1.688207149961008824e+01 5.287051011468190609e+01 -5.256468044408943108e+00 -7.745701884934569570e+00 -5.256468044408943108e+00 -3.431323579376894628e+01
9.838114730547550479e+00 -8.382312101162915141e+00 -9.895957852990953096e-01 -8.382312101162915141e+00 7.962731393241107014e+00 -2.247165781701150333e+00 -9.895957852990953096e-01 -2.247165781701150333e+00 1.125148226056188960e+01
2.962177005672718622e+01 -1.453583862026042839e+00 -1.470489001046409561e+00 -1.453583862026042839e+00 2.030135360260389632e+01 -8.207176712752360936e-01 -1.470489001046409561e+00 -8.207176712752360936e-01 1.244384634432543635e+01
-3.103246041191224336e+01 1.081691451216065047e+01 6.490193956728744773e+00 1.081691451216065047e+01 3.712226476645377460e+01 2.813745452088721954e+00 6.490193956728744773e+00 2.813745452088721954e+00 -6.817685215078728334e+01
5.725780749920764023e+00 -1.535828521828884075e+00 -1.683651618029118779e+01 -1.535828521828884075e+00 6.619655846450822878e+01 -4.055349944748667390e+00 -1.683651618029118779e+01 -4.055349944748667390e+00 -2.358024800959998402e+01
-6.781963339712952177e+00 -1.506171587626365493e+01 2.062430592157598497e+00 -1.506171587626365493e+01 4.011444532913018435e+01 -4.537663179937153402e+00 2.062430592157598497e+00 -4.537663179937153402e+00 -3.712894006982251938e+01
-2.256679187617632110e+01 1.052162880702764980e+01 -1.630258774866478433e+01 1.052162880702764980e+01 2.670219302996665434e+01 1.159533160435689103e+00 -1.630258774866478433e+01 1.159533160435689103e+00 -7.049736994276973689e+01
-1.967308687819724256e+01 -1.163582243275177142e+01 1.623119415280929090e+01 -1.163582243275177142e+01 5.685679846408702076e+01 -1.188343941440524176e+01 1.623119415280929090e+01 -1.188343941440524176e+01 2.543016901002816610e+01
-2.567019304709887706e+01 -1.686362322379613943e+01 5.556307016871941507e+00 -1.686362322379613943e+01 2.271409926057105366e+01 -5.133632622290295267e+00 5.556307016871941507e+00 -5.133632622290295267e+00 -5.388048486998373221e+01
-1.519335932714507820e+01 1.175166691864693647e+01 -2.967557515507366350e+00 1.175166691864693647e+01 3.001159722508447203e+01 -7.736414271485253735e+00 -2.967557515507366350e+00 -7.736414271485253735e+00 -4.469064846512243605e+01
1.084314820205074525e+01 -1.180041218813150161e+00 -4.490897212990811127e+00 -1.180041218813150161e+00 1.161946442154324011e+01 3.329989239561190306e+00 -4.490897212990811127e+00 3.329989239561190306e+00 1.083885505335161348e+01
5.154152263894999209e+01 -3.413075800558894368e+00 6.902573883484024897e+00 -3.413075800558894368e+00 3.590457962282374638e+01 6.058073016373661801e+00 6.902573883484024897e+00 6.058073016373661801e+00 5.938683010692653141e+01
3.143683844262675109e+01 8.994512006477879851e+00 -3.609759737650404698e+00 8.994512006477879851e+00 1.364588659052942532e+01 7.715258551304311041e+00 -3.609759737650404698e+00 7.715258551304311041e+00 3.028660094659893787e+01
2.488309485826074408e+01 9.315699191231169962e+00 2.563871634589676152e+00 9.315699191231169962e+00 3.755956525612484853e+01 -6.767369065705449493e+00 2.563871634589676152e+00 -6.767369065705449493e+00 1.499853824641178512e+01
-3.738810939063860417e+01 9.118173758580651267e+00 9.183420631400888823e+00 9.118173758580651267e+00 1.489615332408899206e+01 6.150558936809840560e+00 9.183420631400888823e+00 6.150558936809840560e+00 -5.657988885901360732e+01
-2.063754626136796444e-01 -3.132164036061234835e+00 4.035002453068886052e-01 -3.132164036061234835e+00 4.569970449426769221e+01 4.625060527932484788e+00 4.035002453068886052e-01 4.625060527932484788e+00 -4.461351436570438267e+01
-1.226574696542776399e+00 3.558838957426663452e+00 -7.092455062841782620e+00 3.558838957426663452e+00 4.451195485028674881e+01 6.171154506948592022e+00 -7.092455062841782620e+00 6.171154506948592022e+00 -4.472196951471271120e+01
-1.590317253605327608e+01 2.889132883721561740e+00 5.798762447307723722e-01 2.889132883721561740e+00 3.808887950694131064e+01 2.243883737130709832e+01 5.798762447307723722e-01 2.243883737130709832e+01 1.875126890914065925e+01
4.933078950367152160e+00 -4.829732236886785657e+00 -4.927570464124709559e+00 -4.829732236886785657e+00 3.229460646666191082e+01 -6.389134614974532944e+00 -4.927570464124709559e+00 -6.389134614974532944e+00 -9.928566546003791515e+00
-2.089256407183228959e+01 3.503950925474916378e+00 4.607029426254693583e+00 3.503950925474916378e+00 1.133225375923601952e+01 -1.516517262281977807e+01 4.607029426254693583e+00 -1.516517262281977807e+01 -4.394589199728861217e+01
-3.852074522537046875e+01 -2.717458806817161943e+01 -3.107560690827457339e+00 -2.717458806817161943e+01 1.770644803711834214e+01 -4.486556279860175245e+00 -3.107560690827457339e+00 -4.486556279860175245e+00 -4.573373216721645207e+01
-6.227334483351592809e+01 1.263171304076972135e+01 -1.077664109636535361e+00 1.263171304076972135e+01 1.197359681570257273e+01 -3.447581828347980348e+01 -1.077664109636535361e+00 -3.447581828347980348e+01 -2.088198325906427044e+01
-1.048845978997655060e+01 -1.040556270618154677e+01 -2.497448202332388068e+00 -1.040556270618154677e+01 2.131046804322284416e+01 1.863020077288469079e+00 -2.497448202332388068e+00 1.863020077288469079e+00 -6.476880945818649593e+01
4.250361973350197786e+01 2.978943033837812226e+00 -2.266842233036073129e+00 2.978943033837812226e+00 3.323276870318527898e+01 4.405940633649509941e+00 -2.266842233036073129e+00 4.405940633649509941e+00 2.478280277538579668e+01
-2.504819526951384034e+01 7.274641060807617299e-01 -9.642264866767414899e-01 7.274641060807617299e-01 -2.055313377577192124e+00 4.611118913213191894e-01 -9.642264866767414899e-01 4.611118913213191894e-01 -4.779345351971770128e+01
-1.733662739588268664e+01 -1.286638070369966691e+01 1.870886575169546262e+00 -1.286638070369966691e+01 -1.581478238079655041e+00 5.403427015869014527e-01 1.870886575169546262e+00 5.403427015869014527e-01 -1.653083293223576433e+01
-2.738236596302223091e+01 1.008701299491108649e+01 -9.419418526893027277e+00 1.008701299491108649e+01 1.358173691935955496e+01 5.852927917085716025e+00 -9.419418526893027277e+00 5.852927917085716025e+00 -5.720331311270014396e+01
-7.204294179976465706e+00 1.568395831772177118e+01 -5.883741016082234765e+00 1.568395831772177118e+01 4.749729433115951593e+01 1.478507677869767889e+00 -5.883741016082234765e+00 1.478507677869767889e+00 -3.606139039175312178e+01
1.072942691402056781e+00 -7.224405699339257581e+00 -2.523041571786518666e+00 -7.224405699339257581e+00 4.764870041670591405e+01 5.343473874083122688e+00 -2.523041571786518666e+00 5.343473874083122688e+00 -2.777642295438699449e+01
5.285142196590373764e+00 -4.060827878950671987e+00 6.354937766983379532e-01 -4.060827878950671987e+00 9.310982952063165285e+00 5.923527235680735359e+00 6.354937766983379532e-01 5.923527235680735359e+00 5.765127360346224528e+00
-4.445382389541234858e+01 5.810853123462129233e+00 4.168088095341650146e+00 5.810853123462129233e+00 9.362805686412198014e+00 -4.695133760211746221e+00 4.168088095341650146e+00 -4.695133760211746221e+00 -1.182037556547684432e+01
1.996546340013415577e+00 7.337175441639191220e+00 6.141378294680726491e+00 7.337175441639191220e+00 -3.273482298081297426e+00 -3.880604619543221112e+00 6.141378294680726491e+00 -3.880604619543221112e+00 1.223753579999148577e+01
-3.186118704498342424e+01 1.244206218660882790e+01 -5.192863611355091003e+00 1.244206218660882790e+01 4.540909874966727244e+01 2.306820156292274859e+01 -5.192863611355091003e+00 2.306820156292274859e+01 -5.641927506797586034e+01
-4.576117911958360907e+01 1.415931858507320129e+01 6.642362617071158937e+00 1.415931858507320129e+01 -1.338408065946747350e+01 -6.002884929030253502e+00 6.642362617071158937e+00 -6.002884929030253502e+00 -7.180587357730971121e+01
-8.671818911804679786e+00 -1.991966852231083251e+01 -4.523562296229653334e+00 -1.991966852231083251e+01 2.058300032909365385e+01 -8.519397954283112639e+00 -4.523562296229653334e+00 -8.519397954283112639e+00 -1.493655617606783004e+01
2.218411666913473113e+01 -6.507813351998785301e+00 -4.994383477982132780e-01 -6.507813351998785301e+00 6.225167371319791698e+00 2.375657955559415502e+00 -4.994383477982132780e-01 2.375657955559415502e+00 1.443920580492486927e+01
-1.858317748732586594e+01 -2.258797366464197154e+00 -3.328469380358568941e+01 -2.258797366464197154e+00 4.691602840304876310e+01 1.585676370388510392e+01 -3.328469380358568941e+01 1.585676370388510392e+01 3.120228387796182901e+01
-1.613556485003946506e+01 -4.947007151808911374e+00 6.661533659020475007e+00 -4.947007151808911374e+00 2.428569082488667519e+01 -7.243081638246129828e+00 6.661533659020475007e+00 -7.243081638246129828e+00 9.343624499200279487e+00
-3.238814502539654683e+01 -1.991439124286047857e+01 1.494599941625805428e+01 -1.991439124286047857e+01 9.481381508295539717e+00 -1.039874731808188457e+00 1.494599941625805428e+01 -1.039874731808188457e+00 -5.812229273320573242e+01
-2.853680936601520202e+01 4.377168527542544041e+00 2.194459114235736052e+01 4.377168527542544041e+00 2.659988446746698187e+01 1.225843608278219676e+01 2.194459114235736052e+01 1.225843608278219676e+01 -5.946361370326430063e+01
-2.955062842483315411e+00 8.268737579063197174e+00 -1.153714388935253687e+01 8.268737579063197174e+00 5.205751580434906600e+01 2.958099612739486961e+00 -1.153714388935253687e+01 2.958099612739486961e+00 -2.055842972548836300e+01
-1.650366331414537058e+01 8.506091621664477742e+00 -4.610055383456499456e+00 8.506091621664477742e+00 2.794821546043632310e+01 6.739896416614153729e+00 -4.610055383456499456e+00 6.739896416614153729e+00 -5.030853153112902021e+01
-2.325041007132585591e+01 -1.331019761539577217e+01 -1.403433324546375260e+01 -1.331019761539577217e+01 3.479624428334377484e+01 1.029008325761000719e+01 -1.403433324546375260e+01 1.029008325761000719e+01 -6.865684529505979583e+01
-2.291593575156796447e+01 1.874383544504856403e+01 6.443819728387156331e+00 1.874383544504856403e+01 4.084740263645969094e+01 -7.450335758695409982e-01 6.443819728387156331e+00 -7.450335758695409982e-01 -4.784462108093029542e+01
-2.584188104657475193e+01 9.859251500187836470e+00 9.096260271505762773e+00 9.859251500187836470e+00 1.990446801619278716e+01 1.425224986185800402e+00 9.096260271505762773e+00 1.425224986185800402e+00 4.455349387780889181e+00
-2.370958708137672066e-01 5.021799338962459336e-01 4.883580727912360808e-02 5.021799338962459336e-01 5.433037024426194961e+01 7.549563688400476869e-01 4.883580727912360808e-02 7.549563688400476869e-01 -2.605947570425774273e+01
4.985606391591936415e+01 3.319245164175652629e+00 -3.036345789779974602e+00 3.319245164175652629e+00 5.176934822041373252e+01 1.795300424424783214e+00 -3.036345789779974602e+00 1.795300424424783214e+00 5.148844299538276204e+01
-3.324890074728960343e+01 9.700213417263459093e+00 -8.648600402782406604e+00 9.700213417263459093e+00 2.143919935116472075e+01 -1.089033462578366063e+01 -8.648600402782406604e+00 -1.089033462578366063e+01 2.662373583332857230e+00
1.588153605805161916e+01 -4.915489870132633499e+00 8.944630103302575463e+00 -4.915489870132633499e+00 3.453254009422841619e+01 3.261225489719673742e+00 8.944630103302575463e+00 3.261225489719673742e+00 -7.036114175008481908e+00
-1.310107418788054723e+01 -1.109354650150489086e+01 -8.675602057700114500e+00 -1.109354650150489086e+01 4.242513194402511623e+00 1.347031767530444846e+01 -8.675602057700114500e+00 1.347031767530444846e+01 1.045022935538028541e+01
4.750742567034362906e+01 -2.738032205484206352e-02 -3.563871424038821178e+00 -2.738032205484206352e-02 5.001136928587530406e+01 3.472325053976129894e+00 -3.563871424038821178e+00 3.472325053976129894e+00 5.816654555544452165e+01
-4.526633401644842536e+01 -6.360546963756291694e-01 -6.448187810407461917e+00 -6.360546963756291694e-01 -3.514432783539965044e+01 9.688141537616338894e+00 -6.448187810407461917e+00 9.688141537616338894e+00 -6.262523031621267222e+01
