4.341051672205347245e+01 1.714042653690185602e+01 -2.231541824916661909e+01 1.714042653690185602e+01 -4.260688768055902464e+00 -2.094335823984890865e+01 -2.231541824916661909e+01 -2.094335823984890865e+01 2.732207648007220513e+01
-2.437243852052863247e+01 -2.036379472963910420e+00 -2.596596320973261651e+00 -2.036379472963910420e+00 -3.227584187672295712e+01 -3.570136305460465564e+00 -2.596596320973261651e+00 -3.570136305460465564e+00 -5.326752140149389803e+00
3.579964322466244742e+00 1.178551496422815603e+01 8.292191795112353603e+00 1.178551496422815603e+01 -2.169959282810490819e+01 -1.351841185635065123e+01 8.292191795112353603e+00 -1.351841185635065123e+01 -8.343374746388651175e+00
-3.269717872523714419e+01 4.202664353554570020e+00 -7.474547653866411956e+00 4.202664353554570020e+00 -7.216083874961195477e+01 -1.482154980899177232e+01 -7.474547653866411956e+00 -1.482154980899177232e+01 -3.472213151860692193e+01
3.182453149885470012e+01 1.250120587595360533e+01 5.020754669624614142e-01 1.250120587595360533e+01 3.820238994252434850e+00 -2.212675213230198423e+01 5.020754669624614142e-01 -2.212675213230198423e+01 6.927769665165708091e+01
-1.301036445947830167e+01 -8.956491471583599706e-01 6.590234630701658602e+00 -8.956491471583599706e-01 -5.969266898724039550e+01 9.274317102198123663e+00 6.590234630701658602e+00 9.274317102198123663e+00 -6.364318725297155588e+00
1.665061516709762657e+01 2.394278873948226583e+00 3.299933386244960354e-01 2.394278873948226583e+00 -3.797642333225011413e+01 1.058574764292112036e+01 3.299933386244960354e-01 1.058574764292112036e+01 5.009605048911478065e+00
3.491714906436890686e+01 -6.374823423356022367e+00 1.657636322195795708e+00 -6.374823423356022367e+00 -3.242986036930352611e+01 7.524475116957699328e+00 1.657636322195795708e+00 7.524475116957699328e+00 1.276682729432040020e+01
1.161967353288047100e+01 -2.960920972363383807e+00 1.444910075771717750e+01 -2.960920972363383807e+00 -3.606651128783475002e+01 1.207727985243672464e+01 1.444910075771717750e+01 1.207727985243672464e+01 -7.414260997821917165e+00
2.899123385001731279e+00 8.772696545981357730e+00 -7.689520736889484454e+00 8.772696545981357730e+00 -1.739891705252119536e+01 3.596262317274388387e+00 -7.689520736889484454e+00 3.596262317274388387e+00 -3.823227665517930696e+00
1.904657820550426806e+01 6.699214852762795935e-01 -4.024905266108627977e+00 6.699214852762795935e-01 -5.033579392318304713e+01 -3.720109008754995283e+00 -4.024905266108627977e+00 -3.720109008754995283e+00 -5.652948555919958373e+00
2.618389282209766478e+01 -1.435752722784046043e+01 3.394515845943330667e+00 -1.435752722784046043e+01 -3.473542700225288993e+00 -1.153643717844601113e+01 3.394515845943330667e+00 -1.153643717844601113e+01 1.455597259521208642e+01
1.025400640078556691e+01 2.488834985118515419e+00 1.128262703975123493e+01 2.488834985118515419e+00 -3.609963879404513420e+01 9.685016586388778492e+00 1.128262703975123493e+01 9.685016586388778492e+00 2.976454538135542194e+01
1.891644585241519394e+01 -1.313810832245025573e+01 -1.142857325124662715e+01 -1.313810832245025573e+01 -2.084617224315604744e+01 -6.467855952252477891e+00 -1.142857325124662715e+01 -6.467855952252477891e+00 -8.295918673818073685e+00
1.978243034673294787e+01 -3.820752311184566263e+00 -5.824677926126497596e+00 -3.820752311184566263e+00 2.821455688269340811e+01 -1.729957676847258208e+00 -5.824677926126497596e+00 -1.729957676847258208e+00 2.654003986746962340e+01
-2.212184195544504739e+00 -2.123463550746149231e+00 9.844029707616076763e+00 -2.123463550746149231e+00 7.747138740228261433e+00 1.448950860178748279e+01 9.844029707616076763e+00 1.448950860178748279e+01 1.133750498236383741e+01
-2.043962816640571489e+01 -7.324892950067162900e+00 5.578404418678431398e+00 -7.324892950067162900e+00 -5.027519269623369524e+01 6.151425875067609184e+00 5.578404418678431398e+00 6.151425875067609184e+00 -2.773673048437790278e+00
-1.706914127164984585e+00 3.749327526275197275e+00 9.411931957515712099e+00 3.749327526275197275e+00 -4.290124027182485378e+01 3.616252811179914706e-01 9.411931957515712099e+00 3.616252811179914706e-01 -1.897033601196359553e-01
-1.821270150819954736e+01 -5.280977192057152436e-01 9.459745879886433784e+00 -5.280977192057152436e-01 -5.605789574655762664e+01 -1.033518103459489801e+01 9.459745879886433784e+00 -1.033518103459489801e+01 -1.429373047280529896e+01
2.947687437258946375e+01 -1.208869799378743792e+01 7.477397079025081439e+00 -1.208869799378743792e+01 -2.550338965691103965e+01 7.900894672161076215e+00 7.477397079025081439e+00 7.900894672161076215e+00 3.131596282576967027e+01
4.994108517737721797e+01 8.677766773718166959e+00 -5.453858888413686934e+00 8.677766773718166959e+00 7.905672851625882736e+00 -2.909309521789446240e+00 -5.453858888413686934e+00 -2.909309521789446240e+00 6.491403168614377250e+01
2.726833587648962265e+01 -3.930349911224205517e+00 1.452460818191939218e+01 -3.930349911224205517e+00 8.176651408829023637e+00 -1.405669386885457328e+01 1.452460818191939218e+01 -1.405669386885457328e+01 1.161488600787021674e+01
2.078407465534937870e+01 1.063508505829397421e+01 -8.157045212400763745e+00 1.063508505829397421e+01 -1.265821234434303832e+01 -6.657201178766501748e+00 -8.157045212400763745e+00 -6.657201178766501748e+00 -2.146062557076655164e+00
-6.228724218158975034e+00 -9.514298514898119619e-01 5.763564258859924294e+00 -9.514298514898119619e-01 -2.140810195046066511e+01 -1.416792656399816774e+00 5.763564258859924294e+00 -1.416792656399816774e+00 -1.961802440717154283e+01
2.306680859197837208e+01 1.942441510301568286e+01 -2.102747429663159551e+01 1.942441510301568286e+01 -4.488111844258045124e+01 8.554865255719134254e+00 -2.102747429663159551e+01 8.554865255719134254e+00 1.243504358891218686e+01
-1.066883404813282610e+01 -6.421968207145334340e+00 6.191381974850520997e+00 -6.421968207145334340e+00 -4.106054562345372005e+01 -3.989651714545614070e+00 6.191381974850520997e+00 -3.989651714545614070e+00 1.922873887981796648e-01
2.155214200102500399e+01 1.498754855063789138e-01 -8.009133889586216304e-01 1.498754855063789138e-01 -1.724311944244987416e+01 -5.466892043900209996e-01 -8.009133889586216304e-01 -5.466892043900209996e-01 1.459381574825801664e+01
9.260917496448463737e+00 1.076437217349295672e+01 -6.979196295107289671e+00 1.076437217349295672e+01 -1.710822499526932816e+01 -1.265183051049245222e+00 -6.979196295107289671e+00 -1.265183051049245222e+00 1.081511923174478085e+01
-2.506176317860704117e+01 -7.014369885016489725e+00 4.155790639008610121e+00 -7.014369885016489725e+00 -4.185739687560450051e+01 1.834468750065845910e+01 4.155790639008610121e+00 1.834468750065845910e+01 -1.735584849213014991e+01
-1.200460123596386808e+01 5.386547877881723068e+00 2.409223057824561565e+01 5.386547877881723068e+00 -4.000014947568882917e+01 -8.825769440649517961e+00 2.409223057824561565e+01 -8.825769440649517961e+00 9.942740314633949694e+00
-7.080989635250267256e+00 -1.598471131302743409e+01 2.528204662025169025e+00 -1.598471131302743409e+01 5.880891237758381074e+00 -1.402390257783377336e+00 2.528204662025169025e+00 -1.402390257783377336e+00 1.163606297793567634e+01
3.329786136299792787e+01 1.043107021080419727e+01 7.527810525121682028e-01 1.043107021080419727e+01 -2.128409581308073228e+00 8.910386467357032103e+00 7.527810525121682028e-01 8.910386467357032103e+00 2.885090674496393959e+01
5.165271906927787704e+00 2.812115523874086254e+00 -4.645192716992423421e+00 2.812115523874086254e+00 -1.384064891893763161e+01 1.135264901443353658e+01 -4.645192716992423421e+00 1.135264901443353658e+01 1.019568649555436579e+01
-2.271759032151404512e+01 -1.061352577757680393e+01 2.850033251891392450e+00 -1.061352577757680393e+01 -4.878489424727993651e+01 -8.822252994810479976e-01 2.850033251891392450e+00 -8.822252994810479976e-01 1.242003001448933608e+00
-6.345010013617376821e+00 -1.152979518553837845e+00 -2.213622601469602813e+01 -1.152979518553837845e+00 -4.769704942594039920e+01 4.542771994486709985e+00 -2.213622601469602813e+01 4.542771994486709985e+00 -2.208958377180045574e+01
-2.773890766906323080e+01 2.028038184652881881e+01 -2.486116636758752385e+00 2.028038184652881881e+01 -3.030694811038012304e+01 8.767357001270097427e+00 -2.486116636758752385e+00 8.767357001270097427e+00 -1.110404350440383503e+01
3.320928300262009003e+01 1.808319821536651162e+01 4.250052782049071887e+00 1.808319821536651162e+01 9.081670278459293755e+00 1.118035909516584958e+01 4.250052782049071887e+00 1.118035909516584958e+01 3.486979383415057754e+01
8.201620474523929616e+00 7.541643919571164645e+00 7.934143481676571241e+00 7.541643919571164645e+00 -6.371207292772245978e+01 1.830173512362502253e+00 7.934143481676571241e+00 1.830173512362502253e+00 -1.675325501818875296e+01
-2.545622269095489543e+01 1.650309793214637466e+01 9.410859313925582725e+00 1.650309793214637466e+01 -3.944368068860558907e+01 -1.223830176246714085e+00 9.410859313925582725e+00 -1.223830176246714085e+00 -3.186434537353690644e+01
7.646390065381742041e+00 1.214720036447568674e+01 6.906632161855113416e+00 1.214720036447568674e+01 -4.554899716834886192e+01 6.545312169611190001e+00 6.906632161855113416e+00 6.545312169611190001e+00 -3.838261570627305552e+00
3.671532507641515508e+00 -7.426090165244718377e-02 4.051876277785040337e+00 -7.426090165244718377e-02 -5.445516962501504565e+01 5.503607789837407616e+00 4.051876277785040337e+00 5.503607789837407616e+00 9.219830002936856284e-01
2.508760032770772241e+01 1.207929136857294594e+01 -3.582230961970613414e+00 1.207929136857294594e+01 -4.388674729761970639e+01 -3.922817690949047087e+00 -3.582230961970613414e+00 -3.922817690949047087e+00 -6.766790749388293946e+00
6.170985605686182041e+00 3.261541633195926604e+00 1.519894840513190104e+01 3.261541633195926604e+00 -3.245137416687478549e+01 -2.701279514255810477e-01 1.519894840513190104e+01 -2.701279514255810477e-01 4.994016830777281868e+00
3.016831630533995323e+01 8.013547017934609329e+00 8.903848482086800686e+00 8.013547017934609329e+00 4.306878381426066049e+00 1.524143249616472495e+01 8.903848482086800686e+00 1.524143249616472495e+01 3.109886117641608294e+01
2.305931131602527984e+01 -2.626760652502432070e+00 -1.085409139275010659e+01 -2.626760652502432070e+00 -2.602362045860646589e+01 1.073697498905831438e+01 -1.085409139275010659e+01 1.073697498905831438e+01 7.147065953234183588e+00
4.509209313514752182e+01 1.249851750323112354e+00 1.338260592703471907e+01 1.249851750323112354e+00 -3.193290790337999674e+00 -1.223797612480247210e+01 1.338260592703471907e+01 -1.223797612480247210e+01 4.564177942867189586e+01
-8.298203583652648874e+00 -1.032710736378463068e+01 7.696843613675687479e+00 -1.032710736378463068e+01 -2.438940449431478541e+01 -1.970453314709483372e+00 7.696843613675687479e+00 -1.970453314709483372e+00 -1.085251410127781213e+01
-5.737651731504707087e+00 -1.066661633032641987e+01 -1.123374681320964541e+01 -1.066661633032641987e+01 -2.364289344072941645e+01 5.915775118010920153e+00 -1.123374681320964541e+01 5.915775118010920153e+00 -7.142018664268517725e+00
1.866583395159532799e+01 2.001662286140517555e+00 1.206833539031095981e+01 2.001662286140517555e+00 1.538854147064943767e+01 -1.097783557258840403e+01 1.206833539031095981e+01 -1.097783557258840403e+01 1.868873900823617973e+01
-5.414157154937817573e+00 1.891875782069318390e+00 1.057199139108854880e+01 1.891875782069318390e+00 -1.162038953806654895e+01 -3.221883175497040952e+00 1.057199139108854880e+01 -3.221883175497040952e+00 -1.640605909738951951e+01
2.114347389334802330e+01 -4.224715182569004135e+00 -4.944427808232522814e+00 -4.224715182569004135e+00 2.952434302902131691e+01 2.122834078334573604e+00 -4.944427808232522814e+00 2.122834078334573604e+00 2.449881425730239215e+01
5.621295475581949974e-01 9.874923441705711014e+00 -2.216816623315442492e+00 9.874923441705711014e+00 -4.978564120871200060e+01 -3.939851245469065510e+00 -2.216816623315442492e+00 -3.939851245469065510e+00 6.240464912982370826e+00
-1.495944059623351130e+01 -5.597278492774792724e+00 5.503784720867288094e+00 -5.597278492774792724e+00 -4.620961365628294715e+01 5.331519860005767164e+00 5.503784720867288094e+00 5.331519860005767164e+00 -5.402721989242478706e+00
1.295223876470676494e+01 -8.241784485562765994e+00 -7.738921678145795902e+00 -8.241784485562765994e+00 -5.206662866142899304e+01 -4.146960247722974557e+00 -7.738921678145795902e+00 -4.146960247722974557e+00 1.024062756539573460e+00
4.956550370095943236e+01 -9.652666191360256276e-01 -3.273498984385974975e+00 -9.652666191360256276e-01 3.484469127878446315e+00 2.072246413189005665e+01 -3.273498984385974975e+00 2.072246413189005665e+01 4.680011494933692262e+01
-2.823453443802999629e+01 1.417643725999575643e+01 -5.750385223127898016e+00 1.417643725999575643e+01 -2.705149952990869977e+01 -4.281107080500914819e+00 -5.750385223127898016e+00 -4.281107080500914819e+00 -2.842415551394614681e+01
-1.674604568761187551e+01 5.099113359409477297e-01 8.362223474267405976e+00 5.099113359409477297e-01 -5.109744149832511795e+01 -2.961537536456138486e+00 8.362223474267405976e+00 -2.961537536456138486e+00 -1.437605889281058857e+01
1.791730348909374770e+00 -1.835822046026288845e+01 3.584182866770932563e+00 -1.835822046026288845e+01 -5.537185214120164289e+01 6.765424636767312094e+00 3.584182866770932563e+00 6.765424636767312094e+00 -8.110796216140590431e+00
1.287376497493457883e+01 -7.937439966807837699e+00 -6.103570513023402810e+00 -7.937439966807837699e+00 -1.583684109519141892e+01 -1.018137204503574544e+01 -6.103570513023402810e+00 -1.018137204503574544e+01 3.916297841328727003e+01
-6.436236009556379756e+00 -5.088418584681936530e+00 -4.046135854439143031e+00 -5.088418584681936530e+00 -4.404246233210941597e+01 -4.879092333970556972e+00 -4.046135854439143031e+00 -4.879092333970556972e+00 -1.760748000223959409e+01
1.001981845578302988e+01 3.850347200748934995e+00 3.467256560753969818e+00 3.850347200748934995e+00 2.937393890261589924e+00 1.810806914900660658e+01 3.467256560753969818e+00 1.810806914900660658e+01 -3.798917896268259931e+00
8.971346614286650478e+00 -3.754781335975677647e-01 -1.000071394996767715e+01 -3.754781335975677647e-01 -9.892042688906081960e-01 2.115590405053692002e+00 -1.000071394996767715e+01 2.115590405053692002e+00 1.587975953443435806e+01
1.116866328201656700e+01 -3.430598537879134380e+00 -3.469269249574328473e+00 -3.430598537879134380e+00 -1.235495968261065336e+01 1.135775822924264311e+01 -3.469269249574328473e+00 1.135775822924264311e+01 2.441996257260295167e+01
2.923670984988577715e+01 -1.811198422117291429e+01 1.396645969430713663e+01 -1.811198422117291429e+01 -2.665793572546578716e+01 2.007414636593108881e+01 1.396645969430713663e+01 2.007414636593108881e+01 1.480159575106979375e+01
-1.654840767178735916e+01 -2.020413606546316387e+01 -2.739068139739184726e+00 -2.020413606546316387e+01 -2.264859966385252577e+01 1.835453726087984805e+01 -2.739068139739184726e+00 1.835453726087984805e+01 4.092458054764686715e+00
5.489654922770922241e+01 3.866380296831343433e+00 6.493077108002133890e+00 3.866380296831343433e+00 -1.091140773882174209e+01 1.316993707545279513e+01 6.493077108002133890e+00 1.316993707545279513e+01 4.923555976388470157e+01
2.016120824853523885e+01 2.656115127880693816e+00 -7.086177486745373955e+00 2.656115127880693816e+00 -1.047992887100291259e+00 -1.659274752687274912e+01 -7.086177486745373955e+00 -1.659274752687274912e+01 2.549568745796615232e+01
2.032026592891154948e+01 2.322868173466736152e+01 -1.540131024891032707e+00 2.322868173466736152e+01 -2.839331096445304681e+01 -7.358445372581480903e+00 -1.540131024891032707e+00 -7.358445372581480903e+00 1.418992918630851108e+01
-5.143084625391677100e+00 -1.487506968373840621e+01 -7.576718456093272991e+00 -1.487506968373840621e+01 -8.786057527034212455e+01 1.900882119410672999e+01 -7.576718456093272991e+00 1.900882119410672999e+01 -1.218909158176174934e+01
1.455562989726523782e+01 1.569554945340914109e+01 -1.625908218784403392e+00 1.569554945340914109e+01 -3.402915980300551269e+01 3.157873819994762243e+00 -1.625908218784403392e+00 3.157873819994762243e+00 2.667776478923367112e+00
9.974894076360294903e+00 -3.330536552530016792e+00 1.264285710120861062e+01 -3.330536552530016792e+00 -3.893615815520626455e+01 -5.782408399276506294e+00 1.264285710120861062e+01 -5.782408399276506294e+00 -2.204754342163962022e+01
6.603288860322565235e+00 5.847825005850693536e+00 7.546008584616469506e+00 5.847825005850693536e+00 -2.600832472611341117e+01 -7.026142640936109629e+00 7.546008584616469506e+00 -7.026142640936109629e+00 2.546613500134209573e+01
-1.696970844980693727e+01 -1.512071116017942707e+01 7.898369115732178258e+00 -1.512071116017942707e+01 -9.727769437504926842e+00 -2.486750943326002439e+00 7.898369115732178258e+00 -2.486750943326002439e+00 -3.384369739790858489e+01
-2.277097341553818666e+01 9.049677109051623702e+00 -1.513332115947864231e+01 9.049677109051623702e+00 -5.540721559270666319e+01 6.644119991069591613e+00 -1.513332115947864231e+01 6.644119991069591613e+00 -1.977572321524608512e+01
9.088472457350629696e+00 1.533066110778000102e+01 -1.491242339063307654e+01 1.533066110778000102e+01 -1.334595582102330980e+01 -7.408316267881205341e+00 -1.491242339063307654e+01 -7.408316267881205341e+00 1.806074948738226738e+01
3.587117557032745152e-01 1.673186786287976346e+01 1.872832133865194981e+00 1.673186786287976346e+01 -2.150064124400797994e+01 6.310013031645851811e+00 1.872832133865194981e+00 6.310013031645851811e+00 -2.317127350119013940e+00
3.731238088862246371e+01 1.905104252176474722e+00 -2.209632138775048382e+00 1.905104252176474722e+00 -1.406215126291770368e+00 1.422876144414064825e+01 -2.209632138775048382e+00 1.422876144414064825e+01 4.462064175780246700e+01
2.510817144417864455e+01 -3.757659112872572482e+00 -4.011142180805306268e+00 -3.757659112872572482e+00 -3.187116832541800804e+01 -5.423310477867336665e+00 -4.011142180805306268e+00 -5.423310477867336665e+00 2.392525530715879967e+01
2.195780393615364190e+01 -6.528646071774155679e+00 5.400654479016483656e+00 -6.528646071774155679e+00 -3.184593388897986088e+01 -2.703817961953414084e+01 5.400654479016483656e+00 -2.703817961953414084e+01 9.592614095947109121e+00
-2.175706916671254376e+01 -1.635501951877537385e-01 2.575395174081015703e+00 -1.635501951877537385e-01 -3.324688958986493503e+01 -2.495333060235569445e+00 2.575395174081015703e+00 -2.495333060235569445e+00 -3.405353869644678788e+00
5.230323497439757574e+01 -6.073402349184197746e+00 -5.581637730266159281e+00 -6.073402349184197746e+00 -9.517630461334565695e+00 1.940307925856799898e+00 -5.581637730266159281e+00 1.940307925856799898e+00 6.051522620027411392e+01
-2.299541450324268155e+01 1.424483754227143173e+01 1.433991032798147458e+01 1.424483754227143173e+01 -2.776340098570073067e+01 -8.372614223519391219e-01 1.433991032798147458e+01 -8.372614223519391219e-01 -4.299509057740785778e+01
4.862904675057809811e+01 -2.209725654480265788e+01 -1.312635105887487619e+01 -2.209725654480265788e+01 -2.000216925500081189e+01 -1.610814922460161824e+01 -1.312635105887487619e+01 -1.610814922460161824e+01 2.845248735692053899e+01
3.543796247495599516e+01 1.479293145707826662e+00 -5.321456030089158240e+00 1.479293145707826662e+00 -1.912373161861077975e+01 -2.703514425829165013e+00 -5.321456030089158240e+00 -2.703514425829165013e+00 2.201377193002316446e+01
-5.090291066161113065e+01 5.098318511696654731e+00 -1.944996617464094157e+01 5.098318511696654731e+00 -8.543788553751149095e+01 5.854125604000793182e+00 -1.944996617464094157e+01 5.854125604000793182e+00 -4.047060516619141168e+01
4.823208224585251003e+00 -3.449710266025250149e+01 1.692279895083296282e+01 -3.449710266025250149e+01 -5.241048091577362555e+01 -1.570609918026136320e+01 1.692279895083296282e+01 -1.570609918026136320e+01 2.772860028218351047e+01
-2.241951204962867905e+01 7.768105872762414599e+00 -5.921120925712486383e+00 7.768105872762414599e+00 -6.295685707296193812e+00 1.618475392531087564e+01 -5.921120925712486383e+00 1.618475392531087564e+01 8.885712466766253925e+00
3.414229966700339247e+01 -4.411682956348734308e+00 2.809759663142746167e+00 -4.411682956348734308e+00 4.074035258829122341e+01 1.245967264674646274e-01 2.809759663142746167e+00 1.245967264674646274e-01 2.932487176735220658e+01
2.393259175891938284e+01 -8.619050808730336355e-01 6.626604924906923877e+00 -8.619050808730336355e-01 -8.660796936908248256e+00 5.554001202282202954e+00 6.626604924906923877e+00 5.554001202282202954e+00 1.590101443831385986e+01
8.120973296007917952e+00 5.236803338943850861e+00 -2.143063325138013653e+01 5.236803338943850861e+00 -4.031640471119595048e+01 -3.666529979920054139e+00 -2.143063325138013653e+01 -3.666529979920054139e+00 9.714687558816081037e+00
8.020820829175094957e+01 -1.127667646820491310e-01 -7.924309203387495337e+00 -1.127667646820491310e-01 1.001375739954576005e+01 -5.244196197517529967e+00 -7.924309203387495337e+00 -5.244196197517529967e+00 7.546864204511290097e+01
-1.330264461326135539e+01 6.535695741456339469e+00 -1.631998661907265458e+01 6.535695741456339469e+00 -4.972768841082795177e+01 1.416657287713901425e+00 -1.631998661907265458e+01 1.416657287713901425e+00 5.552427529675703077e+00
-2.835718602673210853e+01 -8.686066162911952659e+00 9.507674401352087523e-01 -8.686066162911952659e+00 -8.766425464497766029e+01 1.870808017963251357e+00 9.507674401352087523e-01 1.870808017963251357e+00 -4.047596535894417968e+01
3.635478853245307107e+01 4.665235193127287516e+00 6.920273145953157012e+00 4.665235193127287516e+00 -2.475610826717744928e+01 8.967694458173246730e+00 6.920273145953157012e+00 8.967694458173246730e+00 4.206972921642852725e+01
1.777247733797559803e+01 -3.914457487044411099e+00 1.171992416472552812e+01 -3.914457487044411099e+00 -4.156426619475169643e-02 -1.721935823427743628e+01 1.171992416472552812e+01 -1.721935823427743628e+01 3.125212505041110589e+01
6.297560917649075662e+00 1.603257062789952503e+00 -5.302777286048454997e+00 1.603257062789952503e+00 -2.730657470277156662e+01 -7.303244618556378853e+00 -5.302777286048454997e+00 -7.303244618556378853e+00 1.237118229692938698e+01
3.595838099197364812e+01 4.704403712262459791e+00 1.060001423607027604e+01 4.704403712262459791e+00 9.683944216017801310e+00 1.834894468495866571e+00 1.060001423607027604e+01 1.834894468495866571e+00 3.484680220118394089e+01
3.315338349679666408e+01 3.771555236190525573e+00 2.016939482117233062e+00 3.771555236190525573e+00 -4.772096905047122029e+00 -4.844945800771914612e+00 2.016939482117233062e+00 -4.844945800771914612e+00 3.183577987295049994e+01
1.097877153274473905e+01 -8.918923342626440487e+00 -4.358595269406992045e+00 -8.918923342626440487e+00 -1.421188678376271164e-01 1.009884484726885523e+00 -4.358595269406992045e+00 1.009884484726885523e+00 4.491676153117604287e+01
-4.610737462318964752e+00 -4.910320972385817662e+00 -6.221664070186302631e+00 -4.910320972385817662e+00 -1.532128562887540824e+01 7.621003851719492239e+00 -6.221664070186302631e+00 7.621003851719492239e+00 -9.988655904644287986e+00
4.975740952703634434e+01 -1.534113064191050846e+01 9.860105059222759039e+00 -1.534113064191050846e+01 -3.100592106770876555e+01 -1.535731877782042565e+00 9.860105059222759039e+00 -1.535731877782042565e+00 4.348798261049766722e+01
3.154107313988850336e+01 -2.315947990821558378e+01 -6.973195193739758047e+00 -2.315947990821558378e+01 -2.835655454698077893e+00 7.909521615926619731e+00 -6.973195193739758047e+00 7.909521615926619731e+00 3.099966182747721177e+01
-2.098434168420702406e+01 1.792621931965065230e+01 5.215097819205760210e+00 1.792621931965065230e+01 -4.553788446691295633e+01 5.510021778033738826e+00 5.215097819205760210e+00 5.510021778033738826e+00 -6.051394684969770843e+00
-1.466616515105989649e+01 2.483383895390163687e+00 -1.137903349587529966e+01 2.483383895390163687e+00 -4.983984087883653302e+01 -1.763004957285421526e+01 -1.137903349587529966e+01 -1.763004957285421526e+01 -1.115282383247074804e+01
5.219780432238942502e+00 1.005617507616428874e+01 -4.702420300887005133e+00 1.005617507616428874e+01 -3.847944760203443337e+01 -5.615771544297510687e+00 -4.702420300887005133e+00 -5.615771544297510687e+00 2.351625099449134026e+01
-8.748876803565153182e+00 -1.053800217430714881e+01 7.672122060525316201e+00 -1.053800217430714881e+01 -3.818388764353773013e+01 6.820329436483851815e-01 7.672122060525316201e+00 6.820329436483851815e-01 -5.256335669008685763e+00
2.982381779294540181e+01 -1.495326707007968636e+01 1.484328238596859428e+01 -1.495326707007968636e+01 5.714137403816404337e+00 -1.710226317330726786e+01 1.484328238596859428e+01 -1.710226317330726786e+01 4.449154232044346458e+01
1.623889152607422659e+01 2.641619682459217078e+00 8.540153414572603907e+00 2.641619682459217078e+00 6.193346784963702500e-01 3.174920299695983827e-02 8.540153414572603907e+00 3.174920299695983827e-02 2.659470760567310066e+01
6.841609133603758153e+01 1.809983044225345949e+01 -2.681557822622101384e+01 1.809983044225345949e+01 1.317553848635101943e+01 -6.672732978771469092e+00 -2.681557822622101384e+01 -6.672732978771469092e+00 7.663139338067070128e+01
1.456207692868083114e+01 6.621808330950302413e+00 1.638111674524904515e+01 6.621808330950302413e+00 -8.079525771082510133e+00 6.777523918013702797e+00 1.638111674524904515e+01 6.777523918013702797e+00 1.425582779939820099e+01
-3.183159930277496485e+01 -4.141914029315449941e-01 -3.763858304052657644e+00 -4.141914029315449941e-01 -8.182518078769128067e+01 -1.514302706693468004e+00 -3.763858304052657644e+00 -1.514302706693468004e+00 -3.567499693751876322e+01
8.788254941886467719e+00 -1.710097203615222483e+01 -1.310499436732852274e+01 -1.710097203615222483e+01 -2.175328429216008530e+01 1.023265503053830372e+01 -1.310499436732852274e+01 1.023265503053830372e+01 1.315762486679570575e-01
3.904463175307339995e+00 5.746703484501682446e+00 -3.294306952856492554e+00 5.746703484501682446e+00 -5.200368747455515717e+01 -7.508698992537914840e+00 -3.294306952856492554e+00 -7.508698992537914840e+00 9.966223978441388076e-02
-2.760393104734100334e+01 -1.898020664772447930e+01 1.567124434278328415e+01 -1.898020664772447930e+01 -4.009202250792789357e+01 -2.127750370831802229e+01 1.567124434278328415e+01 -2.127750370831802229e+01 -3.211390655014803741e+01
-1.759867682856771864e+00 -6.343291920787752503e+00 3.586357813120388816e+00 -6.343291920787752503e+00 -5.040187916585438899e+01 3.658596231881336425e-02 3.586357813120388816e+00 3.658596231881336425e-02 -1.923741278886659245e+01
4.785055894095971496e+01 6.599064465598974749e+00 7.959484365040995435e+00 6.599064465598974749e+00 1.583258040631444885e+01 -1.199352864206107405e+01 7.959484365040995435e+00 -1.199352864206107405e+01 5.873099358418882332e+01
-2.035096463219452190e+01 8.836655193571115730e-01 3.609540301606684043e-01 8.836655193571115730e-01 -3.483436596847605671e+01 1.502490454634923189e+01 3.609540301606684043e-01 1.502490454634923189e+01 -5.773099537769859069e+00
-5.180283990024245888e+00 -1.066786123141899090e+01 -1.041782505281692295e+01 -1.066786123141899090e+01 -6.606575388453100217e+00 -6.669448431154850754e-01 -1.041782505281692295e+01 -6.669448431154850754e-01 5.482255338852570326e+00
-3.089570301963098675e+00 5.757125624202753755e+00 -5.128404586647667074e+00 5.757125624202753755e+00 -2.989465595856198732e+01 5.211273899585769698e+00 -5.128404586647667074e+00 5.211273899585769698e+00 -6.312603657052568984e+00
-2.225001860562109002e+01 3.735140964040052136e+00 -2.726570109648929208e+00 3.735140964040052136e+00 -1.853504154506813606e+01 9.795661882035036072e+00 -2.726570109648929208e+00 9.795661882035036072e+00 -4.244199695081520218e+01
3.301251470782822395e+01 -1.793314366600331056e+01 -6.152532508984023707e+00 -1.793314366600331056e+01 -3.944505436183165870e+01 3.858517163110414927e+00 -6.152532508984023707e+00 3.858517163110414927e+00 1.699859188732297000e+01
2.533722384621698964e+01 -4.883063723516104737e+00 -4.966039408958166645e-01 -4.883063723516104737e+00 -7.248888755616623492e+00 2.131207084507907634e+00 -4.966039408958166645e-01 2.131207084507907634e+00 3.257737568721496757e+01
3.951886367928558186e-01 -5.654519466658660676e-01 -1.350813279862519867e+00 -5.654519466658660676e-01 -4.379611884710023872e+01 1.011640377361850440e+01 -1.350813279862519867e+00 1.011640377361850440e+01 -1.130091369654674338e+01
2.246227699320304794e+01 6.090882570685158370e+00 -1.423624147130812645e+01 6.090882570685158370e+00 -5.028901587143870699e+00 -9.470522988851699964e+00 -1.423624147130812645e+01 -9.470522988851699964e+00 1.312497159712380679e+01
8.031917600701582671e+01 3.094134212333174982e+00 -8.049286113402621012e+00 3.094134212333174982e+00 2.837954282719551102e+01 -1.734498198535413138e+01 -8.049286113402621012e+00 -1.734498198535413138e+01 5.270748648009772808e+01
6.112228576077278319e+00 -1.546682627232333829e+01 -6.919346294613629711e-01 -1.546682627232333829e+01 -5.842080410549998248e+01 4.628651319957833188e+00 -6.919346294613629711e-01 4.628651319957833188e+00 -7.175990792289598019e+00
-1.197148861775676387e+01 4.658895254151953047e+00 3.471106585830080249e+00 4.658895254151953047e+00 -4.110645710060943969e+01 1.451743335982231464e+01 3.471106585830080249e+00 1.451743335982231464e+01 -1.474471461493030766e+01
-1.938880914023190627e+01 -1.325125388240490842e+01 1.824428450781154565e+00 -1.325125388240490842e+01 -3.823157890963736349e+01 1.870912887639271460e+01 1.824428450781154565e+00 1.870912887639271460e+01 -1.312773255740328260e+01
-3.453942681554924121e+01 2.203582370769160192e+00 -7.533072833323262607e+00 2.203582370769160192e+00 -4.146980232587008430e+01 1.120229653502309297e+01 -7.533072833323262607e+00 1.120229653502309297e+01 -2.831513630164532103e+01
-1.964783871162681095e+01 -5.194768378038382650e+00 1.985269527060696149e+00 -5.194768378038382650e+00 -3.539202308612610182e+01 -1.064920513484537645e+00 1.985269527060696149e+00 -1.064920513484537645e+00 -1.201390463952440690e+01
8.906990862502911455e+01 6.998683504232137587e+00 -8.500493784991020263e+00 6.998683504232137587e+00 6.641664882858990815e+00 1.151821808201719932e+01 -8.500493784991020263e+00 1.151821808201719932e+01 6.942188473613799715e+01
1.583344566151185440e+01 4.477201894504028168e+00 -7.842441615926034615e+00 4.477201894504028168e+00 -2.125300955138087033e+01 -1.563919384639484811e+01 -7.842441615926034615e+00 -1.563919384639484811e+01 7.208726822212179641e+00
-1.439435901970603027e+01 -9.632828139743249807e+00 -1.176976251233316439e+01 -9.632828139743249807e+00 -1.253643119139616324e+01 7.821987004125236176e+00 -1.176976251233316439e+01 7.821987004125236176e+00 -2.587056677404447314e+01
-1.735822898497431055e+01 -9.010489308037669787e+00 8.925305784483245075e-01 -9.010489308037669787e+00 -3.977262856162965932e+01 1.940808801218224033e+01 8.925305784483245075e-01 1.940808801218224033e+01 -1.542110032003788156e+01
9.439108381753232635e+00 -1.020063554350366708e+01 -2.682287757745765777e+00 -1.020063554350366708e+01 -3.042375295104733723e+01 -2.885365924503574764e+00 -2.682287757745765777e+00 -2.885365924503574764e+00 9.829790674053787924e+00
2.978594800205695847e+01 -8.203287828325430908e+00 1.131286754676382778e+01 -8.203287828325430908e+00 -4.384183996252195215e+01 1.762671870865612433e+01 1.131286754676382778e+01 1.762671870865612433e+01 4.016962101600292101e+01
2.739164232103874497e+01 7.148051882393490430e+00 -2.815759135635336641e+00 7.148051882393490430e+00 -5.779727261994046295e+00 5.445184935025340955e+00 -2.815759135635336641e+00 5.445184935025340955e+00 2.664943649714805929e+01
3.216002347478898571e+01 1.044194365677488534e+01 2.869869610435436869e+00 1.044194365677488534e+01 -5.230218074926870031e+01 -8.570967800992287167e+00 2.869869610435436869e+00 -8.570967800992287167e+00 -3.704430606400515025e+00
4.009221999297709260e+01 -1.049444916888931090e+01 -3.435059298863060717e-02 -1.049444916888931090e+01 -2.152474495675670951e+00 -1.912996334426336276e+01 -3.435059298863060717e-02 -1.912996334426336276e+01 2.592094190996502689e+01
-4.247153784520015796e-01 -5.421617098188593643e-03 -1.055833482959554459e+01 -5.421617098188593643e-03 -6.705863750276711244e+01 -4.683623346382724151e+00 -1.055833482959554459e+01 -4.683623346382724151e+00 -1.028649729912905109e+01
2.890342656545957567e+01 1.635161094266224691e+00 -2.128414397985002893e+01 1.635161094266224691e+00 -1.833158413505345763e+01 6.291160293771759449e+00 -2.128414397985002893e+01 6.291160293771759449e+00 1.916618262562857211e+01
-2.054321916643240797e+01 -8.818042391318122952e+00 -6.820091229431901603e+00 -8.818042391318122952e+00 -5.404774045136556282e+01 -5.351954842944340873e-01 -6.820091229431901603e+00 -5.351954842944340873e-01 -9.680265405166798232e+00
1.711306614055155606e+01 -2.323157771763306201e+01 5.428494418826309342e+00 -2.323157771763306201e+01 -1.616378074373711016e+01 6.755518500687039740e+00 5.428494418826309342e+00 6.755518500687039740e+00 1.825223180644193022e+01
-2.711061862627223107e+01 -1.261979503984859363e+00 7.201195649017816613e+00 -1.261979503984859363e+00 -3.804531247622252010e+01 -1.859129598857875765e+00 7.201195649017816613e+00 -1.859129598857875765e+00 -4.334991807634003891e+01
7.303854701140696193e+01 6.631381378921576086e+00 2.049740645480535051e+01 6.631381378921576086e+00 -1.476022040687472092e+01 -8.844214605968983012e-01 2.049740645480535051e+01 -8.844214605968983012e-01 6.826768428508871978e+01
-2.136128364335724683e+01 -2.194770579930427790e+00 -5.543022913683137709e+00 -2.194770579930427790e+00 -4.459998603943520834e+01 -5.155885943522479309e+00 -5.543022913683137709e+00 -5.155885943522479309e+00 -1.998918269349556354e-01
1.526210724758892390e+01 2.767528507624076983e+00 7.192363173258008224e+00 2.767528507624076983e+00 -2.367963782567233721e+01 5.417707166014125164e+00 7.192363173258008224e+00 5.417707166014125164e+00 2.431409353963087128e+01
-2.717545420911054777e+00 3.959409781439048093e+00 4.561778058128618696e+00 3.959409781439048093e+00 -3.600070735089882135e+01 5.679396273090281611e+00 4.561778058128618696e+00 5.679396273090281611e+00 -2.090833647493911940e+01
2.171769550666222415e+01 -9.195634372665439926e+00 8.531021138481266419e+00 -9.195634372665439926e+00 -1.870946582474365627e+01 -3.926864014777508682e+00 8.531021138481266419e+00 -3.926864014777508682e+00 1.567855921761821136e+01
3.385695877982269764e+01 -1.922454130950592477e+00 4.588175456557465282e+00 -1.922454130950592477e+00 -9.025122931640586543e+00 1.399071731622716808e+00 4.588175456557465282e+00 1.399071731622716808e+00 1.358334416987279347e+01
3.043057510500404739e+00 -7.603052136025913121e+00 -1.207241770114803714e+01 -7.603052136025913121e+00 -4.316996545609591607e+01 -2.891029930351683763e+00 -1.207241770114803714e+01 -2.891029930351683763e+00 -3.569086110863606276e+00
-2.920100763160020207e+00 -1.012535425444691839e+01 -7.180446357590183348e-01 -1.012535425444691839e+01 -5.056317610579243116e+00 -5.462760270155309072e+00 -7.180446357590183348e-01 -5.462760270155309072e+00 -2.045411983551509749e+01
-1.704339582087425242e+01 -5.730974457481214479e+00 -1.325431558983420466e+00 -5.730974457481214479e+00 -1.421342696501762859e+01 8.779856112344429420e+00 -1.325431558983420466e+00 8.779856112344429420e+00 -1.664345797510698999e+00
4.874824582924390626e+01 -3.384734509338643615e+00 -1.324794321758971938e+00 -3.384734509338643615e+00 3.491817895958890006e+01 1.583766846146275276e+00 -1.324794321758971938e+00 1.583766846146275276e+00 5.421823549413385024e+01
2.121693813519260985e+01 -1.496561911973972592e+01 1.255907642027832516e+01 -1.496561911973972592e+01 -2.787553945714039472e+01 -7.831291992989038775e+00 1.255907642027832516e+01 -7.831291992989038775e+00 7.733461138197153417e+00
3.534583202795776913e+01 -6.267343179765076044e+00 -8.300012502808014503e+00 -6.267343179765076044e+00 -1.552364617040357153e+01 -1.028170322005319548e+01 -8.300012502808014503e+00 -1.028170322005319548e+01 2.884457146382683490e+01
-2.003151922432322607e+01 1.211710397417774665e+01 1.505623123874748392e+00 1.211710397417774665e+01 -3.972827687838724842e+01 1.863308125985328090e+01 1.505623123874748392e+00 1.863308125985328090e+01 -1.141662369581403524e+01
5.887297458918100546e+01 -1.787485797141524335e+00 1.367461140682876497e+00 -1.787485797141524335e+00 -3.321106495533979963e+00 1.892202425331517945e+00 1.367461140682876497e+00 1.892202425331517945e+00 4.916732163770377895e+01
4.320469470889211294e+01 -1.872556838663163603e+01 6.701472545699323824e+00 -1.872556838663163603e+01 -2.138051152509516939e+01 4.341872885676581362e+00 6.701472545699323824e+00 4.341872885676581362e+00 2.500053984660717177e+01
5.658667510955263680e+01 -8.288349287937065712e-01 -7.541264725184253059e+00 -8.288349287937065712e-01 2.015323511006401347e+01 7.493266358926079285e+00 -7.541264725184253059e+00 7.493266358926079285e+00 5.310023794353895710e+01
6.694834681043554170e+00 7.910905183097879600e+00 1.146090550735979363e+01 7.910905183097879600e+00 -1.210004395546485334e+01 -1.513173814765128355e+00 1.146090550735979363e+01 -1.513173814765128355e+00 8.954416237772941045e+00
3.688918571785194445e+01 3.401940314822168521e+00 3.770220083422723079e+00 3.401940314822168521e+00 -1.105782688016115500e+01 -5.417573528873474764e+00 3.770220083422723079e+00 -5.417573528873474764e+00 5.245798194553053406e+01
3.606481665650162682e+01 -4.387369233785742395e+00 3.334608058302875211e+00 -4.387369233785742395e+00 -1.264890508846434969e+01 -5.525009343437804255e+00 3.334608058302875211e+00 -5.525009343437804255e+00 3.201842623400447252e+01
-6.543974029050977359e-01 -7.885283081313448683e+00 4.489050806190132192e+00 -7.885283081313448683e+00 -4.125948637206937519e+01 -4.116600612859119046e+00 4.489050806190132192e+00 -4.116600612859119046e+00 -4.201127658038850576e+00
5.186421888008015202e+01 1.151807262579895019e-01 8.361088332607977236e+00 1.151807262579895019e-01 2.062037147247335156e+01 1.156216272035578818e+01 8.361088332607977236e+00 1.156216272035578818e+01 5.432450259387517377e+01
-2.584506783592116008e+01 5.609399139279619639e+00 7.836908448718867826e-01 5.609399139279619639e+00 -5.149071175505518738e+01 3.392308051290041426e+00 7.836908448718867826e-01 3.392308051290041426e+00 -2.717669178310928757e+01
6.146323601160842998e+01 1.433337731577785545e+00 6.233536824805504528e-01 1.433337731577785545e+00 -8.499595579348575569e-01 6.390713726484158030e+00 6.233536824805504528e-01 6.390713726484158030e+00 3.939082315034910664e+01
2.686462020390111860e+01 4.485970985775241893e+00 -1.112068089873379684e+01 4.485970985775241893e+00 1.873979605018422845e+01 1.911123385859002433e+00 -1.112068089873379684e+01 1.911123385859002433e+00 2.524715806195480639e+01
-2.320251309759865421e+01 1.506150593678763805e+01 -1.539242676077976268e+00 1.506150593678763805e+01 -4.367676067677728469e+01 8.266216085729357843e+00 -1.539242676077976268e+00 8.266216085729357843e+00 -2.149376616306804522e+01
-3.297117817804291207e+01 1.156030759250449336e+01 -1.697444546436706725e+00 1.156030759250449336e+01 -6.187791104700397682e+01 -1.663708747225786932e-01 -1.697444546436706725e+00 -1.663708747225786932e-01 -4.555190621143369611e+01
7.885109491123390768e+00 2.824004801653655861e+01 2.225427847233381051e+00 2.824004801653655861e+01 -3.002265334250347095e+01 -9.045085157435640844e-02 2.225427847233381051e+00 -9.045085157435640844e-02 5.469490355403586967e+00
-2.230476403102801797e+01 1.079714479065546406e+00 -1.128591405974360917e+01 1.079714479065546406e+00 -1.268282280871329526e+01 1.418771784955189075e+00 -1.128591405974360917e+01 1.418771784955189075e+00 -2.423470533112310576e+01
3.001708964973414595e+01 -1.600275106204191999e+01 7.465785559731328291e+00 -1.600275106204191999e+01 -2.262154233686228011e+01 -6.163428636497161328e-01 7.465785559731328291e+00 -6.163428636497161328e-01 4.162640621478010416e+01
4.033156861593536746e+01 3.840097859530980706e+00 -3.718135284200770219e+00 3.840097859530980706e+00 -1.188367979323906454e+01 8.367756958028977010e+00 -3.718135284200770219e+00 8.367756958028977010e+00 5.184331536410122965e+01
