9.392391338329007411e+00 4.097111229189364656e-01 9.479946595944127807e+00 4.097111229189364656e-01 -5.070765982237831260e+00 -5.163019151374946603e+00 9.479946595944127807e+00 -5.163019151374946603e+00 7.726740693007087657e+00
2.705914825238419397e+01 9.225625553415168767e+00 1.960049476317979611e+01 9.225625553415168767e+00 -1.334305144771226814e+01 -1.079432060783229064e+00 1.960049476317979611e+01 -1.079432060783229064e+00 2.168848674800885590e+01
-3.063713957416919342e+01 -1.517562372850985275e+00 2.468224603835372832e+01 -1.517562372850985275e+00 -3.810482916508725992e+01 -1.527956581539408498e+00 2.468224603835372832e+01 -1.527956581539408498e+00 -6.985474189450832228e+01
-5.121598714198857039e+00 5.051275450323160499e-01 2.435535603712524200e+00 5.051275450323160499e-01 -7.793158266962476155e+00 -1.362511479158323269e+00 2.435535603712524200e+00 -1.362511479158323269e+00 8.688854945470451341e+00
3.720060489047714469e+01 -1.220328202879005985e+01 1.124654045316220952e+01 -1.220328202879005985e+01 2.035180622509736281e+01 3.120882587738534664e+00 1.124654045316220952e+01 3.120882587738534664e+00 3.114470725644197557e+01
2.748782852235031271e+01 7.780556014855913860e-01 7.672867383540920017e+00 7.780556014855913860e-01 3.138493690474254194e+01 1.143852899439851578e+00 7.672867383540920017e+00 1.143852899439851578e+00 1.189158884996509435e+01
-9.976693877510484754e+00 -1.912527494290574281e-01 8.361376838287252866e+00 -1.912527494290574281e-01 -3.078856332938626394e+01 9.807725282277809598e+00 8.361376838287252866e+00 9.807725282277809598e+00 -1.380662849727234409e+01
1.195861705201969549e+01 -4.618518234190070793e+00 1.382539699635590758e+01 -4.618518234190070793e+00 -8.945543053071176587e+00 1.115363938181761050e+01 1.382539699635590758e+01 1.115363938181761050e+01 2.276372514991422236e+00
2.320669292725686006e+01 -3.525862508422260788e+00 9.617285354742254100e+00 -3.525862508422260788e+00 -1.529438246263815770e+01 5.676202498670051888e+00 9.617285354742254100e+00 5.676202498670051888e+00 1.747284181007292148e+01
2.640694142065187933e+00 -1.374404310570251653e+01 2.584262282125686383e+01 -1.374404310570251653e+01 -9.501933382575041165e+00 -6.849032442977255108e+00 2.584262282125686383e+01 -6.849032442977255108e+00 3.718123789324733508e+01
3.989473373198530481e+01 -4.220316791822045666e+00 -2.318490584401112109e+00 -4.220316791822045666e+00 2.921659617524526809e+01 -6.447379958357970509e+00 -2.318490584401112109e+00 -6.447379958357970509e+00 4.786380804709070702e+01
-5.729221324234369028e+00 1.430680338373167793e+01 1.158120653005212386e+00 1.430680338373167793e+01 -3.783389032196079427e+01 -9.963802147652868868e+00 1.158120653005212386e+00 -9.963802147652868868e+00 -1.675859084635217400e+01
5.690598422359432362e+01 1.060212463848652753e+00 7.048394754382125704e+00 1.060212463848652753e+00 2.039639726431065725e+01 -1.405129263617920232e+00 7.048394754382125704e+00 -1.405129263617920232e+00 6.030331424824506570e+01
2.016582222390463741e+01 5.009072788387728181e+00 1.794910406540668912e+00 5.009072788387728181e+00 1.114211097893274172e+01 -4.679225329412311396e+00 1.794910406540668912e+00 -4.679225329412311396e+00 2.159198214702048801e+01
3.027440329402164920e+01 1.449774070295336692e+01 -4.035516701033778020e+00 1.449774070295336692e+01 -2.565364703445615291e+00 6.704295939291640138e+00 -4.035516701033778020e+00 6.704295939291640138e+00 3.745508176269427736e+01
3.289215372884780919e+01 -4.423731994920743205e+00 1.327288274543427526e+01 -4.423731994920743205e+00 2.974435163104936919e+01 -2.347050804213898001e+00 1.327288274543427526e+01 -2.347050804213898001e+00 6.674838179288101969e+01
-1.181605092113533928e+00 2.111059528139750796e+01 1.052155791563389009e+01 2.111059528139750796e+01 -2.874252035043241449e+01 -6.817246430474975583e+00 1.052155791563389009e+01 -6.817246430474975583e+00 1.259453462250023081e+00
-3.354865734472434635e+00 -1.161001713346754949e+00 2.470055764418293975e+01 -1.161001713346754949e+00 -3.255708539417495473e+01 6.082256592302258014e+00 2.470055764418293975e+01 6.082256592302258014e+00 1.419981567876142492e+01
5.299159650126245680e+01 7.781371271116016786e+00 9.242932824448617524e+00 7.781371271116016786e+00 2.650861902743294252e+01 6.289385755356629026e+00 9.242932824448617524e+00 6.289385755356629026e+00 4.227810447291313523e+01
1.956846775885776069e+01 7.219011207005995523e+00 1.059580290888744614e+01 7.219011207005995523e+00 -1.528238779927238511e+01 6.462512525641104233e+00 1.059580290888744614e+01 6.462512525641104233e+00 3.380579605527647402e+01
2.138235715354503697e+01 1.394096262586605128e+01 3.335355376848846021e+01 1.394096262586605128e+01 -1.748384172876740905e+01 1.086187489647377991e+00 3.335355376848846021e+01 1.086187489647377991e+00 1.571463023937966064e+01
5.389555965792044390e+01 1.106947486185885587e+01 1.760049167400795156e+01 1.106947486185885587e+01 5.501710827237705104e+01 2.761746769224056930e+00 1.760049167400795156e+01 2.761746769224056930e+00 8.630788818168765886e+01
2.672423819051117633e+01 1.444872033105931486e+01 1.942216189924749159e+01 1.444872033105931486e+01 -1.631006764057964631e+01 3.938701700494659175e+00 1.942216189924749159e+01 3.938701700494659175e+00 1.492515507181183665e+01
1.373656372313134710e+01 -1.269502253916348700e+01 2.246493537838808052e+01 -1.269502253916348700e+01 -9.699181806170793507e+00 -6.746133532467029958e+00 2.246493537838808052e+01 -6.746133532467029958e+00 1.602838188387076102e+01
1.611736550088097530e+01 3.391315286143185670e+00 -1.911617274377694908e+00 3.391315286143185670e+00 2.886029109518548630e+00 3.747924280730876134e+00 -1.911617274377694908e+00 3.747924280730876134e+00 1.423709629340360117e+01
1.998447795177613395e+00 -1.169328532012156785e+01 9.190033741908397502e+00 -1.169328532012156785e+01 -2.694901500636640534e+01 5.759342928746553625e+00 9.190033741908397502e+00 5.759342928746553625e+00 7.811338954333818307e+00
2.013934717199044755e+01 -5.990625967423293119e+00 7.738146791550688519e+00 -5.990625967423293119e+00 6.406010520367850347e+00 -5.492767865968794183e+00 7.738146791550688519e+00 -5.492767865968794183e+00 3.233395581401571661e+01
2.368124334214587279e+01 3.122945065466824210e-02 3.164994372950252810e+01 3.122945065466824210e-02 -6.591666420221049982e+00 -7.221518093861630128e+00 3.164994372950252810e+01 -7.221518093861630128e+00 4.900419854759072535e+01
-4.781530675161702604e+00 -5.213122618865665414e-01 2.456345326754972191e+01 -5.213122618865665414e-01 -4.975606293140882030e+01 3.218173257398206033e+00 2.456345326754972191e+01 3.218173257398206033e+00 -1.303595593162557620e+01
-5.049595580664745142e+01 3.144679500770897640e+00 3.776336873869339250e+00 3.144679500770897640e+00 -7.079687994032101983e+01 3.683461089031157432e+00 3.776336873869339250e+00 3.683461089031157432e+00 -4.455752518257983041e+01
1.287752846686568375e+01 -3.118529608640303152e+00 9.181847548939453318e+00 -3.118529608640303152e+00 -2.114235662485315359e+01 -4.357590509751739560e+00 9.181847548939453318e+00 -4.357590509751739560e+00 2.065751384336461527e+01
1.568004598644856751e+00 1.313755932744271604e+01 7.271992196904320416e+00 1.313755932744271604e+01 -2.169601079912375852e+01 -4.594992554773873472e+00 7.271992196904320416e+00 -4.594992554773873472e+00 -7.182681213775512497e+00
-1.235296307312089503e+01 -3.061260473020186446e+00 9.085498134441426510e-01 -3.061260473020186446e+00 -3.420092585259875761e+01 1.376256720608172168e+00 9.085498134441426510e-01 1.376256720608172168e+00 -2.036132089073548457e+01
1.105220949970035393e+00 1.954914025061454508e+00 7.673347345364823546e+00 1.954914025061454508e+00 -1.515226616606953236e+01 5.594156166897057858e+00 7.673347345364823546e+00 5.594156166897057858e+00 6.759422906442530632e+00
-1.118033631751844759e+01 6.407944192003964368e+00 4.416129272833581254e+00 6.407944192003964368e+00 -2.292615360317932272e+01 1.397188968274626575e+01 4.416129272833581254e+00 1.397188968274626575e+01 -2.952116972050578880e+00
5.188619081475722261e+00 -1.365400601014146842e+00 -1.869596968002048110e+00 -1.365400601014146842e+00 -1.169043117698862844e+01 -2.145350947153637389e+00 -1.869596968002048110e+00 -2.145350947153637389e+00 1.408430651137600620e+01
2.480599833162974477e+01 -9.316741144312119971e+00 3.145358760620700078e+00 -9.316741144312119971e+00 7.487273933567445638e+00 1.980803731278062862e+00 3.145358760620700078e+00 1.980803731278062862e+00 2.379102335067336682e+01
-2.796658926725684946e+00 -4.929407519986741093e+00 1.456734025858443182e+01 -4.929407519986741093e+00 -1.488610202815698891e+01 -8.350832253986493203e-01 1.456734025858443182e+01 -8.350832253986493203e-01 1.070146431921938834e+01
-4.046801627427054626e+00 3.618131607022649909e+00 2.917514703588932612e+00 3.618131607022649909e+00 -1.674698457646454841e+01 -1.590881168997307249e+00 2.917514703588932612e+00 -1.590881168997307249e+00 7.113075236067207818e+00
-1.906485623692850950e+01 -1.313942530813354992e+00 -1.836855952437930428e+00 -1.313942530813354992e+00 -3.562847291820412465e+01 -2.503025572596289550e+00 -1.836855952437930428e+00 -2.503025572596289550e+00 -2.124942690366713194e+01
2.840684346587954678e+01 7.255885235947229006e+00 4.756114091999767979e+00 7.255885235947229006e+00 3.833376349481164169e+01 -1.951791041902637414e+00 4.756114091999767979e+00 -1.951791041902637414e+00 1.930789435181536007e+01
2.152523726904429680e+01 9.732734514095028544e+00 2.081655947515203309e+01 9.732734514095028544e+00 -7.064482457766500190e+00 -6.979656793073073295e+00 2.081655947515203309e+01 -6.979656793073073295e+00 3.319479351419712998e+01
1.730544512063651297e+01 -9.322059025096713913e-01 1.431786163768833831e+01 -9.322059025096713913e-01 -1.963448106524698389e+01 3.493280194564491570e+00 1.431786163768833831e+01 3.493280194564491570e+00 2.259976861849618501e+01
9.530638117440203061e+00 -5.704190997343397740e+00 -5.426500840518768243e+00 -5.704190997343397740e+00 -5.001839958180812573e+01 -5.192070319793404387e+00 -5.426500840518768243e+00 -5.192070319793404387e+00 1.298923459872801445e+01
-7.621554479998266629e+00 1.107358656331981273e+01 2.417272835084735050e+01 1.107358656331981273e+01 -6.807100861279775472e+01 9.611730110827872764e+00 2.417272835084735050e+01 9.611730110827872764e+00 -1.388100592314049564e+01
-7.487031323074980094e+00 -4.236660592530999914e+00 6.879951737093479736e+00 -4.236660592530999914e+00 -3.171069351135900050e+01 -6.531452882441900698e+00 6.879951737093479736e+00 -6.531452882441900698e+00 -1.324380718885061370e+01
3.038695555410955862e+01 -7.992978343488942983e+00 2.163786612971334122e+00 -7.992978343488942983e+00 1.839687883335515650e+01 -1.034048045454407427e+00 2.163786612971334122e+00 -1.034048045454407427e+00 2.616136681355482807e+01
-7.281640609185614288e+00 -3.972693265185744255e-02 1.457124821520041458e+01 -3.972693265185744255e-02 -1.928737898016269270e+01 7.141411380185848756e+00 1.457124821520041458e+01 7.141411380185848756e+00 1.862268940926196947e+01
-1.006322788093554976e+01 7.359745299251822637e+00 1.521490570806317066e+01 7.359745299251822637e+00 -3.430104758946335863e+01 -2.895899264854066679e+00 1.521490570806317066e+01 -2.895899264854066679e+00 -8.112479897810535689e+00
-7.475301378526611806e+00 -1.286386959834418775e+01 5.847808288295635037e+00 -1.286386959834418775e+01 -2.131487367518810672e+01 2.710008388466234042e+00 5.847808288295635037e+00 2.710008388466234042e+00 5.579260251786815061e+00
-9.419102246128394640e+00 -7.405029258491275357e+00 1.090079267567367793e+01 -7.405029258491275357e+00 -4.257903789241038339e+01 5.382174239363149759e+00 1.090079267567367793e+01 5.382174239363149759e+00 -2.132652168417617133e+01
-8.437821889087048888e+00 7.000287356886525814e+00 2.380185120896550988e+00 7.000287356886525814e+00 1.341521790652554280e+00 3.051487960790703724e+00 2.380185120896550988e+00 3.051487960790703724e+00 7.614562042906175776e+00
2.532823646340102641e+01 1.216569885051064404e+01 1.612369317397327606e+01 1.216569885051064404e+01 -1.342492231977619355e+01 -2.013558445178438916e+01 1.612369317397327606e+01 -2.013558445178438916e+01 2.329565265192474399e+01
1.637714770857335367e+01 -7.036297390479188785e+00 6.631062096981499288e+00 -7.036297390479188785e+00 -1.058416050788678753e+01 -1.035974676353943025e+01 6.631062096981499288e+00 -1.035974676353943025e+01 2.727532613933738759e+01
2.440930436540776682e+01 5.608191574173421401e+00 1.485622314272811018e+01 5.608191574173421401e+00 2.067825446163119807e+01 3.085775911667706595e+00 1.485622314272811018e+01 3.085775911667706595e+00 2.562294960330773108e+01
2.270524988845351544e+01 2.387179294412218766e+00 7.283771353162617146e+00 2.387179294412218766e+00 1.004357478644764612e+01 -9.316612802864638887e-01 7.283771353162617146e+00 -9.316612802864638887e-01 3.313560033110651659e+01
3.646683548193516344e+01 3.241678560462312730e-01 -3.089296268997160144e+00 3.241678560462312730e-01 -4.148894974383855683e+00 2.802444615013952145e+00 -3.089296268997160144e+00 2.802444615013952145e+00 1.774622639209614405e+01
1.861691404832281549e+01 7.713396795624282376e+00 -1.007135137876512099e+00 7.713396795624282376e+00 -7.552545618996709287e+00 3.019185945357431566e-01 -1.007135137876512099e+00 3.019185945357431566e-01 1.249894621078884782e+01
-1.188927859018658140e+01 -1.174641503617863680e+00 9.235819851059900998e-01 -1.174641503617863680e+00 -2.080886816993463029e+01 6.372902700826166722e+00 9.235819851059900998e-01 6.372902700826166722e+00 1.099950829351594095e+01
1.452159263480618989e+01 -9.442083304872163296e+00 -5.649302811076791997e+00 -9.442083304872163296e+00 5.903210255782662230e+00 -2.031653368014928240e+00 -5.649302811076791997e+00 -2.031653368014928240e+00 1.420960174091800532e+01
2.569587341238457867e+01 2.506023814037786401e+00 4.338376405278702719e-01 2.506023814037786401e+00 2.978555268533719769e+01 -3.100882613936081444e+00 4.338376405278702719e-01 -3.100882613936081444e+00 3.187203513000616795e+01
-1.761649923047102817e+01 -1.008676749997621869e+01 1.357949398874890612e+01 -1.008676749997621869e+01 -3.503836611429436232e+01 -2.520854585077476173e+00 1.357949398874890612e+01 -2.520854585077476173e+00 -4.288881102929088307e+00
3.826219142323965627e+01 -9.268034898066183302e+00 4.566015088601561800e+00 -9.268034898066183302e+00 1.504488207056727234e+01 1.112122374699937133e+00 4.566015088601561800e+00 1.112122374699937133e+00 4.508920607051590679e+01
1.612998377115398441e+01 1.762358496865706337e-01 1.230736668074084683e+01 1.762358496865706337e-01 -3.123940049788444639e+01 1.060965645233963883e+01 1.230736668074084683e+01 1.060965645233963883e+01 1.253268705660808102e+01
-1.312636639327912746e+01 -4.254226722741100808e+00 1.587204404117939838e+00 -4.254226722741100808e+00 -3.820592821030587771e+01 3.626918789158552592e+00 1.587204404117939838e+00 3.626918789158552592e+00 5.177288892827530020e+00
-5.257012446873240430e-01 5.864995998069555405e+00 8.242344741856491908e+00 5.864995998069555405e+00 -3.681332844046252717e+01 6.899874673640487899e+00 8.242344741856491908e+00 6.899874673640487899e+00 -2.121576121033652740e+01
9.449481734748632178e+00 2.102900523369800823e+00 1.057952190584349861e+00 2.102900523369800823e+00 -1.278865697730619466e+01 2.649703239098798457e-01 1.057952190584349861e+00 2.649703239098798457e-01 1.646472859210798845e+01
3.450523575815866995e+00 3.598323523064181018e+00 1.057915986748841686e+00 3.598323523064181018e+00 -8.573910805749966002e+00 3.252016213554108859e+00 1.057915986748841686e+00 3.252016213554108859e+00 5.828042030365080173e+00
-2.809042797097556132e+01 7.813581167577715370e+00 4.964707440966752650e+00 7.813581167577715370e+00 -4.271869025298371980e+01 2.347027208958908595e+00 4.964707440966752650e+00 2.347027208958908595e+00 -1.726212708623010528e+01
2.245610830385316614e+00 1.274831779835028378e+01 1.767688329605652697e+01 1.274831779835028378e+01 -3.618029148228853842e+01 -5.207552502305086151e+00 1.767688329605652697e+01 -5.207552502305086151e+00 2.528374160221510625e+00
-2.919052283593687847e+00 -7.019923352073782485e-01 1.077430045386121371e+01 -7.019923352073782485e-01 -3.095204744568518862e+01 3.817594163107728700e-01 1.077430045386121371e+01 3.817594163107728700e-01 -2.383802558737872612e+00
-1.796525762211880561e+01 8.660394815812896496e+00 5.454623372174417284e+00 8.660394815812896496e+00 -4.620591370720835300e+01 8.531606974153610468e-01 5.454623372174417284e+00 8.531606974153610468e-01 -6.210583619979797021e+00
3.767412144066276625e+01 -1.996417625112578254e+00 1.527065820871709967e+01 -1.996417625112578254e+00 3.004602158617404939e+01 -1.213550316620591651e+01 1.527065820871709967e+01 -1.213550316620591651e+01 5.653855029100607510e+01
4.207652108927022283e+01 -6.351571088553645161e+00 4.910335680599790642e+00 -6.351571088553645161e+00 1.424394447397135366e+01 4.032483324456080709e+00 4.910335680599790642e+00 4.032483324456080709e+00 4.320355822720806316e+01
5.192115593881649005e+00 -1.303141393716301266e+01 1.701926993915497022e+01 -1.303141393716301266e+01 -1.321202617979818861e+01 -2.203580533150183207e+00 1.701926993915497022e+01 -2.203580533150183207e+00 -2.061886154897521362e+00
2.617785446869811139e+01 1.703009094460329331e+00 9.808036781249255043e+00 1.703009094460329331e+00 4.223696321782509422e+00 -1.054872408929533734e+01 9.808036781249255043e+00 -1.054872408929533734e+01 3.230961465598492310e+01
1.936669999725729063e+00 5.812241766673041710e+00 1.702953524241982208e+01 5.812241766673041710e+00 -1.287769883462342868e+01 -8.031812393655798132e+00 1.702953524241982208e+01 -8.031812393655798132e+00 -5.488694795853625408e+00
-2.016372970568700040e+01 -3.023024637845922236e+00 8.787923160413905199e-01 -3.023024637845922236e+00 -2.172051624896794308e+01 6.489053564112818862e+00 8.787923160413905199e-01 6.489053564112818862e+00 -9.019679226064056365e+00
-3.759638673733320502e+01 -2.016951756166863774e+01 1.009526472990488699e+01 -2.016951756166863774e+01 -5.856395425046633108e+01 6.914151375178845704e+00 1.009526472990488699e+01 6.914151375178845704e+00 -4.430215684315353286e+01
-2.452706721415328062e+01 -2.271289800350367649e+00 8.164825262988687271e+00 -2.271289800350367649e+00 -1.928903525275819320e+01 1.687326746369269870e+01 8.164825262988687271e+00 1.687326746369269870e+01 1.298663028094052052e+01
-2.419335395462236349e+01 8.276223678716053911e+00 1.037763455708061322e+01 8.276223678716053911e+00 -1.762497677769232496e+01 -8.319519936627596479e+00 1.037763455708061322e+01 -8.319519936627596479e+00 -6.621279357014876688e+00
-8.234675975575491691e+00 -6.663629964228259261e+00 2.648623795402724745e+00 -6.663629964228259261e+00 -3.962364025677794643e+01 -8.267243379049453722e+00 2.648623795402724745e+00 -8.267243379049453722e+00 -9.834394986986188414e+00
7.641087412268090873e+01 -1.673462701337742886e-01 9.083925836175902546e+00 -1.673462701337742886e-01 2.517902602674146451e+01 2.197630002600265975e+00 9.083925836175902546e+00 2.197630002600265975e+00 4.699510135189677840e+01
4.753299642064297892e+00 1.491154567676708231e-01 3.256829500221183782e+00 1.491154567676708231e-01 -2.040304843823141567e+01 7.660580514114584183e+00 3.256829500221183782e+00 7.660580514114584183e+00 -1.149888824507016771e+01
8.264478642257316210e+00 2.073162562249962981e+00 9.925916500435487677e+00 2.073162562249962981e+00 7.070265961263366705e+00 4.084238529147533825e+00 9.925916500435487677e+00 4.084238529147533825e+00 2.295769953034658784e+01
1.894927708488485152e+01 -5.005662378775796562e+00 7.485519473805911872e+00 -5.005662378775796562e+00 7.645703720659049907e+00 1.064601574819940000e+00 7.485519473805911872e+00 1.064601574819940000e+00 2.878765305424855825e+01
-3.003416247458198995e+01 9.048532088496099135e+00 -3.697951947769969383e+00 9.048532088496099135e+00 -2.988823842436292821e+01 1.385468193460553055e+00 -3.697951947769969383e+00 1.385468193460553055e+00 -3.233365979140567248e+01
2.333035629793570820e+01 -3.243672678817700827e+00 3.390579336290737711e+00 -3.243672678817700827e+00 7.596488793904959458e+00 4.820782721614456534e+00 3.390579336290737711e+00 4.820782721614456534e+00 2.872480238914007344e+01
-7.946969171818474287e+00 5.745036010537360127e+00 2.792093582586173639e+01 5.745036010537360127e+00 -4.293021290040983473e+01 1.004284571623736966e+01 2.792093582586173639e+01 1.004284571623736966e+01 -1.115261713639891816e+01
-1.920323670783369963e+01 3.322099950632850351e+00 8.128543955778960717e-01 3.322099950632850351e+00 -2.893699786865262880e+01 -1.389031687506302459e+00 8.128543955778960717e-01 -1.389031687506302459e+00 -2.267247942096354762e+01
5.511205233829162609e+01 9.108802232891097361e+00 3.067891001857541511e+01 9.108802232891097361e+00 2.087309962435810817e+01 -7.458205743756743722e+00 3.067891001857541511e+01 -7.458205743756743722e+00 6.345715434905899599e+01
3.831507402480481517e+01 -1.406120345788530512e+00 -1.269509899510832041e+00 -1.406120345788530512e+00 2.524870320182371231e+01 -2.177660918648562483e+00 -1.269509899510832041e+00 -2.177660918648562483e+00 4.313473810766407013e+01
-1.788578227262750886e+01 1.709562966624337266e+00 -1.763779373623207247e+00 1.709562966624337266e+00 -2.334329768849722697e+01 -5.511667415838100714e-01 -1.763779373623207247e+00 -5.511667415838100714e-01 -1.290935159283210254e+01
1.433585930954538235e+01 2.135244801828567773e+01 7.373193348616862153e+00 2.135244801828567773e+01 -7.622346958795894523e+00 -1.397847318057009325e+01 7.373193348616862153e+00 -1.397847318057009325e+01 2.528452158263248961e+01
-2.741218044575111978e+00 1.574093201161750999e+00 -8.155597902719171621e-01 1.574093201161750999e+00 -2.763919920886479975e+00 6.562260680201778662e+00 -8.155597902719171621e-01 6.562260680201778662e+00 8.717308798159720595e+00
-3.847299775821120704e+01 -7.559940044760734779e+00 2.168368311180262964e+00 -7.559940044760734779e+00 -8.189940816777819066e+01 3.241592721427754675e+00 2.168368311180262964e+00 3.241592721427754675e+00 -5.087026175523872951e+01
-5.701945697845919980e+00 -1.063282895067065503e+01 9.244948989653918758e+00 -1.063282895067065503e+01 -4.623284020815536621e+01 -1.024404266692184207e+00 9.244948989653918758e+00 -1.024404266692184207e+00 -2.082734160310015525e+01
3.523350760408879978e+01 -5.662185569042878619e+00 6.462349119530813368e+00 -5.662185569042878619e+00 1.308222812471387897e+01 -1.092352441508877892e+00 6.462349119530813368e+00 -1.092352441508877892e+00 4.851691346273963035e+01
-9.623586579460928547e+00 -1.491759339351062685e+01 1.269312333195671627e+01 -1.491759339351062685e+01 -2.604943712139347411e+01 -6.510448267208676754e+00 1.269312333195671627e+01 -6.510448267208676754e+00 -2.895123261048154095e+00
-2.406694733779112738e+01 -1.010837469915084608e+00 9.300055789379502613e+00 -1.010837469915084608e+00 -5.521731726944494056e+01 1.650360564857038304e+00 9.300055789379502613e+00 1.650360564857038304e+00 -2.666730604392162007e+01
