6.987412193656004433e+01 6.483840101717049720e+00 -1.985852377376034816e+00 6.483840101717049720e+00 -1.187300831777384857e+01 6.376927671462479630e+00 -1.985852377376034816e+00 6.376927671462479630e+00 4.163772118815955281e+01
3.431600122496571714e+01 -4.977734537669132209e+00 -1.990154116999127476e+00 -4.977734537669132209e+00 2.277711342761027780e+01 -1.353364423676620198e+01 -1.990154116999127476e+00 -1.353364423676620198e+01 4.671851825743399189e+01
-9.591292276511381942e+00 -2.299594063932891075e+01 -9.522889372002968145e+00 -2.299594063932891075e+01 -2.551867574321210341e+01 -1.447940102789596040e+01 -9.522889372002968145e+00 -1.447940102789596040e+01 -1.420697633028757245e+01
-1.577515374403052562e+01 7.896489032644496753e+00 9.724368886130395850e+00 7.896489032644496753e+00 -2.249407884968191240e+01 -1.206491255430360887e+01 9.724368886130395850e+00 -1.206491255430360887e+01 -1.408931055649594377e+01
-3.230931396119234478e+01 9.070679107477939596e+00 -2.238156357573757660e+01 9.070679107477939596e+00 -5.602305671086341476e+01 -6.421659575842706857e+00 -2.238156357573757660e+01 -6.421659575842706857e+00 -3.248778437067486635e+01
2.326960063661522682e+01 -1.151693820224023135e+01 -1.855923480222339217e+00 -1.151693820224023135e+01 3.012406947930602374e+00 7.493641528803027363e+00 -1.855923480222339217e+00 7.493641528803027363e+00 3.682553649550854402e+01
6.835896668389870534e+00 3.019451661700848533e+01 -5.847748743603964350e+00 3.019451661700848533e+01 1.105550289327453939e+01 3.716031586982405877e+00 -5.847748743603964350e+00 3.716031586982405877e+00 1.145312611087416244e+01
1.030574008786005535e+01 -6.949158607187619019e+00 2.370467476366333592e+00 -6.949158607187619019e+00 -7.158619756013288793e+01 -3.035609641326464381e+00 2.370467476366333592e+00 -3.035609641326464381e+00 -7.622744526170684987e-01
5.115754750861923839e+01 -1.077224590040844454e+01 -2.632856551433560810e+01 -1.077224590040844454e+01 -8.329454543350697904e+00 4.172353844753893815e-01 -2.632856551433560810e+01 4.172353844753893815e-01 5.372046769784389397e+01
3.377926840269966924e+00 2.161418272615056146e+00 -1.719834524529846309e-01 2.161418272615056146e+00 -1.089517767293137496e+01 1.562451280140857790e+01 -1.719834524529846309e-01 1.562451280140857790e+01 3.374291724164400108e+01
9.990448222000370748e+00 -1.580379346659986339e+01 -6.866933871919445487e+00 -1.580379346659986339e+01 -3.890655806214809331e+01 8.648178194218401060e+00 -6.866933871919445487e+00 8.648178194218401060e+00 2.123534285831977542e+01
4.837374382486553515e+01 -5.867099487539623404e+00 -9.324729141483528494e+00 -5.867099487539623404e+00 1.664057493685513478e+01 -1.653204498098252628e+01 -9.324729141483528494e+00 -1.653204498098252628e+01 5.061540906629148395e+01
1.904023525792450400e+01 -2.215919607192916985e+01 1.651107618623586504e+01 -2.215919607192916985e+01 -9.842550783135664005e+00 1.237506831256244233e+01 1.651107618623586504e+01 1.237506831256244233e+01 9.298820010549569304e+00
7.571050595795149503e-03 2.551797703289346853e+00 7.693941233063600116e+00 2.551797703289346853e+00 -2.818098040594450637e+01 1.334021280198532189e+01 7.693941233063600116e+00 1.334021280198532189e+01 -4.520826597848970785e+00
6.716609402841895005e+00 1.139034891701968810e+00 1.071695432787632996e+01 1.139034891701968810e+00 -3.326588584228156265e+01 -1.442497018665793718e+01 1.071695432787632996e+01 -1.442497018665793718e+01 -4.960672962407391418e-01
-1.756815192289975158e+01 -1.102890962943241426e+01 1.064065762887279298e+01 -1.102890962943241426e+01 3.278195286406504927e+00 3.820422559654404360e+00 1.064065762887279298e+01 3.820422559654404360e+00 -3.758373501332817312e+01
-2.034954079848469988e+01 -9.123187893631254042e+00 -5.598107536776721460e+00 -9.123187893631254042e+00 -2.167380727830996889e+01 2.723766500014841441e+00 -5.598107536776721460e+00 2.723766500014841441e+00 -2.259973429784601606e+01
-8.742233027275611690e+00 1.420392477937215236e+00 2.108515518449123149e+01 1.420392477937215236e+00 3.558194920724761623e+00 -8.807240483172817491e+00 2.108515518449123149e+01 -8.807240483172817491e+00 2.653468905361463115e+01
1.439989168510687456e+01 8.976714465840187174e+00 7.320154064752435019e+00 8.976714465840187174e+00 6.411532211378872859e+00 -1.462272171641702201e+01 7.320154064752435019e+00 -1.462272171641702201e+01 3.149032664455742747e+01
2.372590697943593341e+01 3.162134651850970535e+00 -3.638830293561070572e+00 3.162134651850970535e+00 -3.813764213088488564e+00 -1.860610364214361490e-01 -3.638830293561070572e+00 -1.860610364214361490e-01 3.515895915321886633e+01
-2.484808548802208961e+01 -2.446238415898594365e+00 1.430463954517619918e+01 -2.446238415898594365e+00 -1.511413383959441070e+01 -6.037866681479076902e+00 1.430463954517619918e+01 -6.037866681479076902e+00 -3.708455908612355501e+01
-9.914747560296836681e+00 -3.784490753164220234e+00 -3.660293477242893001e+00 -3.784490753164220234e+00 -1.262070804559857831e-02 -1.747269315068586071e+00 -3.660293477242893001e+00 -1.747269315068586071e+00 -2.405365042561581035e+01
-1.084528395735885375e+01 2.061775292723633524e-01 -3.641632704744714122e+00 2.061775292723633524e-01 -5.780718312567263695e+01 -8.683056004764560853e+00 -3.641632704744714122e+00 -8.683056004764560853e+00 -3.482865614504192564e+01
1.068253428580833031e+01 -6.249588547778008873e+00 -1.536392377426630773e+01 -6.249588547778008873e+00 2.591023098276145475e+01 -4.928874243451660142e+00 -1.536392377426630773e+01 -4.928874243451660142e+00 2.321642701607413262e+00
-3.247850446619995779e+01 -2.509494237050468590e-01 -8.827128259603050253e+00 -2.509494237050468590e-01 -4.679004861042739094e+01 -1.351387755166217808e+01 -8.827128259603050253e+00 -1.351387755166217808e+01 -3.221388485124506929e+01
7.065538060459273240e+00 -1.182315364496332144e+01 7.206437619775120318e+00 -1.182315364496332144e+01 -2.673473216258467389e+01 -1.555612435019553930e+00 7.206437619775120318e+00 -1.555612435019553930e+00 2.396359918798660615e+01
1.719818606452815146e+00 1.196471450327608110e+01 -2.494253325520238818e+01 1.196471450327608110e+01 -4.067276738929250968e+01 1.770997515172309633e+00 -2.494253325520238818e+01 1.770997515172309633e+00 5.089600247267381583e+00
8.200354799003385153e+01 1.440951469224238224e+01 -1.239355273637040966e+01 1.440951469224238224e+01 2.830320036838178055e+01 5.068027061418233004e+00 -1.239355273637040966e+01 5.068027061418233004e+00 6.813030845860741636e+01
4.061515712691316615e+00 8.623859604495444087e-01 -1.188262452840086603e+01 8.623859604495444087e-01 -1.593034504524893080e+01 4.919752686054095214e+00 -1.188262452840086603e+01 4.919752686054095214e+00 -2.253831089345552652e+00
1.738579410200247466e+01 -5.590155781253529632e+00 -1.638652027527931310e+01 -5.590155781253529632e+00 -3.089179644927533630e+01 2.017307000607930778e+00 -1.638652027527931310e+01 2.017307000607930778e+00 1.037309051457859965e+01
3.569832001060819238e+01 2.247501844739487709e+01 -3.181661897677054096e+00 2.247501844739487709e+01 -7.674423267670730908e+00 -8.340643814872731099e+00 -3.181661897677054096e+00 -8.340643814872731099e+00 2.496896972461864550e+01
-3.112673419730660385e+01 1.420747388960096913e+01 -4.106001064303208103e+00 1.420747388960096913e+01 1.650383748596591360e+01 2.393435150618690610e+00 -4.106001064303208103e+00 2.393435150618690610e+00 -1.006754649184908423e+01
3.421937972368005632e+01 -9.610224746757085157e+00 -2.907647280121746114e+00 -9.610224746757085157e+00 -3.535544186103377484e+01 1.273728613842710722e+01 -2.907647280121746114e+00 1.273728613842710722e+01 1.250870922646030081e+01
1.137065204258038342e+01 3.436487019868412318e+00 -3.893928882576656036e+00 3.436487019868412318e+00 5.071931626504915691e+00 1.088613508749765657e+01 -3.893928882576656036e+00 1.088613508749765657e+01 -1.841169517251189802e+01
-2.116930538752116320e+01 -1.555345874394802408e+01 -7.996831896835941755e+00 -1.555345874394802408e+01 -1.720064294281898754e+01 -6.453494257465470341e+00 -7.996831896835941755e+00 -6.453494257465470341e+00 4.987411074494341179e+00
2.548382303854106823e+01 7.675842401738429466e+00 -7.672741699785908809e-01 7.675842401738429466e+00 2.405301324226132920e+01 -3.177584769406140097e+00 -7.672741699785908809e-01 -3.177584769406140097e+00 1.199164743541501643e+01
-2.678562296327080539e-01 -1.764291873899245644e+01 -3.630098538152402909e+00 -1.764291873899245644e+01 -2.657065221991175719e+01 -4.799572179226401225e+00 -3.630098538152402909e+00 -4.799572179226401225e+00 -6.014097247930844325e+00
-5.952970656864053911e-01 6.223457641403207230e-01 -1.366095397054449911e+01 6.223457641403207230e-01 -3.467851208703134347e+01 1.581372003038829410e+00 -1.366095397054449911e+01 1.581372003038829410e+00 8.442269076037737463e+00
-3.347862391014815842e+01 -9.211076666902489052e+00 -1.822241397964591414e+01 -9.211076666902489052e+00 -5.826167888371141146e+01 2.021967870113636767e+00 -1.822241397964591414e+01 2.021967870113636767e+00 -5.601745087486567343e+01
2.626563028819794710e+01 -1.414685693438215708e+01 -5.946286878507741847e+00 -1.414685693438215708e+01 -5.336617192369387253e-01 5.556392985461592104e+00 -5.946286878507741847e+00 5.556392985461592104e+00 3.166284395348484537e+01
1.023672700304058480e+01 3.099968993841115239e+00 2.793505445664968168e+00 3.099968993841115239e+00 -4.382272644209592016e+01 -4.287209527579183832e-01 2.793505445664968168e+00 -4.287209527579183832e-01 1.492048902531169219e+01
-1.676899680989655295e+01 -1.094006825021147211e+00 3.397959567125605318e+00 -1.094006825021147211e+00 -2.020538284707974697e+01 8.231627434609197991e+00 3.397959567125605318e+00 8.231627434609197991e+00 -8.859562133082439672e+00
-3.331051781389643196e+00 -2.615007831846309028e+00 -6.066904856970391613e+00 -2.615007831846309028e+00 -2.181184888573045555e+01 -1.096806932473816332e+00 -6.066904856970391613e+00 -1.096806932473816332e+00 -1.886321776252679783e+01
1.641103753325750958e+01 3.222417873747406958e+00 -8.884734917026340106e-01 3.222417873747406958e+00 2.063935663290431677e+01 -1.489828701714676029e+01 -8.884734917026340106e-01 -1.489828701714676029e+01 2.933083613645973386e+01
2.252854601591239359e+01 9.917651459268350678e+00 4.094459671679682167e+00 9.917651459268350678e+00 -3.047628470844105664e+01 -1.251845676460049406e+00 4.094459671679682167e+00 -1.251845676460049406e+00 4.312021275417000510e+01
-1.171741735087139169e+01 -5.727275794980153378e+00 -1.025023404658005255e+01 -5.727275794980153378e+00 -6.404855769339561355e+00 9.975813114987037267e+00 -1.025023404658005255e+01 9.975813114987037267e+00 -2.785173402044802060e+01
-8.093025709770061971e-01 -1.160101284165833802e+00 2.887113709377457482e+01 -1.160101284165833802e+00 -5.790566770448175049e+01 -8.125316774105668216e+00 2.887113709377457482e+01 -8.125316774105668216e+00 1.089994201927437878e+01
-1.101820728586150899e+01 -5.258829440715387937e-01 1.547728125909999797e+01 -5.258829440715387937e-01 -6.110907707423807977e+01 -1.216637642224109150e+01 1.547728125909999797e+01 -1.216637642224109150e+01 1.835554145763470046e+01
8.648656279969991090e+00 -4.146088219514682649e+00 -2.454313412545143080e+01 -4.146088219514682649e+00 -6.937284432584139893e+01 -1.189028404056547750e+01 -2.454313412545143080e+01 -1.189028404056547750e+01 5.587568239908410561e+00
2.265652396924265233e+01 -1.033420255116973863e+01 -2.878524615461513836e+00 -1.033420255116973863e+01 -7.892738389611904104e+00 1.312358237446630271e-01 -2.878524615461513836e+00 1.312358237446630271e-01 6.732268727147069853e+01
