1.757556840130790476e+01 -2.927389531978849657e+00 6.110100024575373823e+00 -2.927389531978849657e+00 2.772598398804026942e+01 -7.514806434028939108e+00 6.110100024575373823e+00 -7.514806434028939108e+00 -2.866693387424816919e+01
4.898471557142187294e+01 -1.055730807551893591e+01 1.983702661766123043e+01 -1.055730807551893591e+01 2.315930248181919282e+01 1.019396898007319585e+01 1.983702661766123043e+01 1.019396898007319585e+01 -2.495693942804427934e+01
7.385975986631670764e+01 -1.623242133010719712e+01 -7.492982607063180645e+00 -1.623242133010719712e+01 4.713942810842259235e+01 5.813343505567607927e+00 -7.492982607063180645e+00 5.813343505567607927e+00 2.520983059802698101e+00
1.041204636359915803e+01 -4.885708630578231570e+00 5.749042089976686754e+00 -4.885708630578231570e+00 2.283981109613700511e+01 -1.951075713298172332e+01 5.749042089976686754e+00 -1.951075713298172332e+01 -1.124412368164668763e+01
2.810573519595532943e+01 -1.737833192240950453e+00 -1.270653504929168243e+01 -1.737833192240950453e+00 2.241732876367557026e+01 9.745580855960731981e+00 -1.270653504929168243e+01 9.745580855960731981e+00 6.546262446812894709e+00
-7.299062605563378270e+00 8.301089919978513976e+00 -4.642212489768307471e+00 8.301089919978513976e+00 -1.340913212905489615e+01 1.493668192424255459e+01 -4.642212489768307471e+00 1.493668192424255459e+01 -5.582413460488297829e+01
-2.547983473991661807e+00 1.495658751344192128e+00 8.357922223993274002e+00 1.495658751344192128e+00 -2.332423008146001919e+01 -3.528679844931840393e+00 8.357922223993274002e+00 -3.528679844931840393e+00 -1.043502605255310733e+01
-2.450657528286279785e+01 -9.972498549977956372e+00 1.069364639352091251e+00 -9.972498549977956372e+00 -3.305798549284431687e+01 5.167397878621862617e+00 1.069364639352091251e+00 5.167397878621862617e+00 -4.564604679488321892e+01
3.555321897269528364e+01 1.780245841543409568e+01 6.405306378542062973e+00 1.780245841543409568e+01 4.081260050774672976e+01 -4.963756656538397039e+00 6.405306378542062973e+00 -4.963756656538397039e+00 -8.728128756460929338e+00
-1.144163892148799633e+01 6.223164840386161245e+00 -3.429967245552457022e+00 6.223164840386161245e+00 -6.048232865206816911e+00 3.642389958352110213e+00 -3.429967245552457022e+00 3.642389958352110213e+00 -4.287726901067249230e+01
6.557611938183386613e+00 -1.779908530969372293e+01 9.380071455656983304e+00 -1.779908530969372293e+01 -1.804131774365072260e+01 -1.992234887726888459e+01 9.380071455656983304e+00 -1.992234887726888459e+01 -2.947497926736872031e+01
-1.208418063007874466e-01 2.727965408471655015e-02 2.385492624888301272e+00 2.727965408471655015e-02 -1.230756252018291264e+01 6.104964657760776348e+00 2.385492624888301272e+00 6.104964657760776348e+00 -2.513590992105284627e+01
3.026763090741365403e+01 -2.000847128227805971e+00 4.795745648147792473e+00 -2.000847128227805971e+00 1.851475456925662044e+01 -2.088240389062518076e+00 4.795745648147792473e+00 -2.088240389062518076e+00 -1.331072864560740321e+01
6.494758647831190279e-01 -4.930278342976254891e+00 -9.270859833004438499e+00 -4.930278342976254891e+00 1.698928547463702898e+01 9.408688490158112927e+00 -9.270859833004438499e+00 9.408688490158112927e+00 1.734737599689728071e+01
1.088279213169829873e+01 2.658181247327680463e+00 1.279344160988785895e+00 2.658181247327680463e+00 1.462782005920425554e+01 1.024124165779999274e+01 1.279344160988785895e+00 1.024124165779999274e+01 1.913951459854533255e+01
3.317505708319952618e+01 4.261952421180587258e+00 1.103329339795865449e+00 4.261952421180587258e+00 1.835298468896860413e+01 2.845346251543366733e+00 1.103329339795865449e+00 2.845346251543366733e+00 -1.847915490635752889e+01
3.613745460352596695e+01 1.284753659396017822e+00 3.387649336369274344e+00 1.284753659396017822e+00 4.613113331840263953e+00 -2.765100769696455726e-02 3.387649336369274344e+00 -2.765100769696455726e-02 -4.366520552497890861e+01
6.426033511032013479e+00 1.297986584433791357e+01 4.863321788971313175e+00 1.297986584433791357e+01 -9.146325710683152366e+00 1.153127736399409820e+01 4.863321788971313175e+00 1.153127736399409820e+01 -3.322099867238298287e+01
-1.481562005693898598e+01 -1.058448611465639111e+01 5.028196224438791440e+00 -1.058448611465639111e+01 -3.762223889687780343e+01 3.030152110489213513e+00 5.028196224438791440e+00 3.030152110489213513e+00 -1.233955929476106306e+01
-1.187797466870974716e+01 3.679222399972495783e+00 -8.639391176416582496e+00 3.679222399972495783e+00 7.769251002372850046e+00 -1.280424414403366562e+01 -8.639391176416582496e+00 -1.280424414403366562e+01 -5.192869023510465354e+01
1.050631502784849047e+01 -1.252478139654916056e+01 2.783194475445172511e+00 -1.252478139654916056e+01 1.305493233224660443e+01 -2.024016130131037983e+00 2.783194475445172511e+00 -2.024016130131037983e+00 -1.807115493333964906e+01
4.333593203415296813e+01 -9.756456196605379105e+00 1.820001802100922816e+01 -9.756456196605379105e+00 1.115620443062584677e+01 1.388673023006291629e+01 1.820001802100922816e+01 1.388673023006291629e+01 -9.492161890292241111e+00
4.015290659868334444e+01 -4.288752252252935548e+00 -4.545597575579300553e+00 -4.288752252252935548e+00 2.228275379635147857e+01 -1.164736592176520524e+01 -4.545597575579300553e+00 -1.164736592176520524e+01 -3.285935192291844231e+01
-2.247545887145913568e+01 -1.026706871047618463e+01 -2.594826985950013043e+00 -1.026706871047618463e+01 -1.465800162027218612e+01 -8.505658155609367554e+00 -2.594826985950013043e+00 -8.505658155609367554e+00 -6.146000717521313561e+01
-3.005144948541457950e+01 -4.362373799532207386e+00 3.164065953495159178e+00 -4.362373799532207386e+00 -2.328481648651890268e+01 -1.952472247346854095e+00 3.164065953495159178e+00 -1.952472247346854095e+00 -9.074484701003349585e+01
2.726184705681289699e+01 6.174185946627722466e+00 -6.929686916862560331e+00 6.174185946627722466e+00 2.400256594697692947e+01 -1.662347427039446712e+00 -6.929686916862560331e+00 -1.662347427039446712e+00 -3.103184884258368470e+01
1.569086765681539219e+01 4.215744603010467273e+00 6.453068546318418086e+00 4.215744603010467273e+00 1.169505478458536452e+01 4.040858544884349257e+00 6.453068546318418086e+00 4.040858544884349257e+00 3.785322059127173233e+00
-1.294189031629433373e+01 -3.556382863786704096e+00 -5.492865191408956349e+00 -3.556382863786704096e+00 -1.264724100741165103e+01 -8.408152526515705327e-01 -5.492865191408956349e+00 -8.408152526515705327e-01 -6.146658358678598688e+01
-1.680898204154295428e+01 1.061728389376931503e+01 3.200845061634615130e-01 1.061728389376931503e+01 -3.761745723018054655e+00 -4.289452222174343632e+00 3.200845061634615130e-01 -4.289452222174343632e+00 -1.966838394011230662e+01
1.505117475091618218e+01 -6.508508493487456192e+00 1.079384701480631747e+01 -6.508508493487456192e+00 1.628191810201501255e+01 -1.446382771016053681e+01 1.079384701480631747e+01 -1.446382771016053681e+01 -5.341674051336417151e+00
-1.278314519051220843e+00 -1.912508259636890751e+00 1.460707547627281855e+01 -1.912508259636890751e+00 -1.477287216464985065e+00 -5.072693622944576042e+00 1.460707547627281855e+01 -5.072693622944576042e+00 -2.403013052540768157e+01
1.817291422322524497e+01 1.248029966088388854e+01 5.136141529041114318e+00 1.248029966088388854e+01 1.447218485067571514e+01 2.820885874697667717e+00 5.136141529041114318e+00 2.820885874697667717e+00 -3.788427572539785615e+01
-5.129402945579840889e+00 -3.701306332892551509e+00 7.959634521193042822e+00 -3.701306332892551509e+00 -9.510234340957799404e+00 -5.656047470025535873e-01 7.959634521193042822e+00 -5.656047470025535873e-01 -4.619882319244457847e+01
4.240241314899875391e+01 1.993479382332219441e+00 4.028028576987463083e+00 1.993479382332219441e+00 4.357334710515362275e+01 -2.986604502412147699e+00 4.028028576987463083e+00 -2.986604502412147699e+00 3.035774695483575769e+01
-4.590130139278927324e+00 -2.595088960381504251e+01 4.764296458924400568e+00 -2.595088960381504251e+01 -1.190122840536384352e+01 -4.671738883474866100e+00 4.764296458924400568e+00 -4.671738883474866100e+00 -3.545202766143950868e+01
-1.036161549591997399e+01 -6.805070448789054538e-01 -2.399140028792833057e+00 -6.805070448789054538e-01 -1.545855459098351936e+01 -1.450767458967079371e+00 -2.399140028792833057e+00 -1.450767458967079371e+00 -3.647969098218588613e+01
3.284008281370355320e+01 -7.332491801087296368e-01 -6.107574216117471977e+00 -7.332491801087296368e-01 1.007693496255004817e+01 1.137853229111778930e+01 -6.107574216117471977e+00 1.137853229111778930e+01 -1.279880891855244407e+01
-1.811160789994605169e+00 1.999209806518172705e+00 9.151163422566497729e+00 1.999209806518172705e+00 -9.343794337128749072e-01 -6.963856800290376015e+00 9.151163422566497729e+00 -6.963856800290376015e+00 -1.436183990416847323e+01
1.411517436804867032e+01 5.105853228283379508e+00 -1.221156995530473388e+01 5.105853228283379508e+00 2.068516792018717609e+01 -2.085237035749488399e+01 -1.221156995530473388e+01 -2.085237035749488399e+01 -1.082916886733277018e+01
7.262098391566026656e+00 -9.820928045556597041e+00 2.394044913109737216e+00 -9.820928045556597041e+00 -1.320397732504002519e+01 2.585556380611467198e+00 2.394044913109737216e+00 2.585556380611467198e+00 -5.150174539800513429e+01
3.706326516441028218e+01 -7.679468573454487412e+00 -1.522525385515770502e+01 -7.679468573454487412e+00 5.356079130433914059e+01 7.281132376951979346e+00 -1.522525385515770502e+01 7.281132376951979346e+00 -1.318574428465336901e+01
2.623156737944565720e+01 6.461612973166345419e+00 -3.352919908084401435e+00 6.461612973166345419e+00 7.070796941895026499e+00 3.604686630678853199e+00 -3.352919908084401435e+00 3.604686630678853199e+00 -2.096252503228221542e+01
-4.896645237890879798e+00 -8.048942837355308466e-01 1.038246239520661618e+01 -8.048942837355308466e-01 -5.384380867737549536e+00 -2.085187120017258877e+01 1.038246239520661618e+01 -2.085187120017258877e+01 -2.758487338717022297e+01
4.813580341540272656e+01 -6.705103445305584664e+00 1.183247891555873510e+00 -6.705103445305584664e+00 5.556526190579129576e+01 -5.274866682746623070e+00 1.183247891555873510e+00 -5.274866682746623070e+00 -8.532994213768853697e+00
-7.671528218323193649e+00 -4.040226729766310143e+00 -7.989168437594721617e+00 -4.040226729766310143e+00 -1.410609198409915699e+01 7.373545329793113723e+00 -7.989168437594721617e+00 7.373545329793113723e+00 9.872143935419098071e+00
-1.527140490116291938e+00 6.733564930320384612e+00 8.560403125039865557e+00 6.733564930320384612e+00 -1.419224558165542760e+01 5.126744478443761466e+00 8.560403125039865557e+00 5.126744478443761466e+00 -8.177362094884816912e+00
-1.708114230261513100e+00 -1.093243094141477023e+01 -8.554501289092281135e-01 -1.093243094141477023e+01 -5.463936661887721868e+00 8.058514873994461425e+00 -8.554501289092281135e-01 8.058514873994461425e+00 -2.766854688674049001e+01
8.119884974776130360e-01 -1.989889080258895770e+00 -7.144477690287550864e+00 -1.989889080258895770e+00 2.113045072856115425e+01 2.269852168922789204e+01 -7.144477690287550864e+00 2.269852168922789204e+01 -4.166363243739861844e+01
9.531526755835376008e+00 -8.679518616015437615e+00 6.928642147908884219e+00 -8.679518616015437615e+00 -1.010394391815935755e+01 -1.109157775281124358e+01 6.928642147908884219e+00 -1.109157775281124358e+01 -2.708772932328134786e+01
3.363783849981729190e+00 -1.707309041711791764e+00 -1.653031244081686424e+01 -1.707309041711791764e+00 8.567038746663541149e-01 8.024260770362488415e+00 -1.653031244081686424e+01 8.024260770362488415e+00 -4.494306393102236008e+00
2.328174624537012605e+01 5.015387210258475115e+00 -1.243680445404961699e+00 5.015387210258475115e+00 2.387676580300365003e+01 -2.416255097588971168e+00 -1.243680445404961699e+00 -2.416255097588971168e+00 3.311103859658860671e+01
8.612639215339090981e+01 -1.309007974713763822e+01 1.044266871054491652e+01 -1.309007974713763822e+01 7.739059968190055372e+01 -2.787862970899308124e+01 1.044266871054491652e+01 -2.787862970899308124e+01 2.220010362246662794e+01
1.114192794622855232e+01 1.726789932807722394e+01 1.894786210245069924e+01 1.726789932807722394e+01 3.825332113198822714e+00 -5.096693532309488628e-01 1.894786210245069924e+01 -5.096693532309488628e-01 -5.947710551667451107e+00
-2.295202777108806202e+01 -3.139453630860367106e+00 9.116319383147738264e+00 -3.139453630860367106e+00 -4.137313400144027042e+01 -7.352124126703544427e+00 9.116319383147738264e+00 -7.352124126703544427e+00 -7.467230988672072556e+01
3.507017906078256431e+01 1.740446756009670537e+01 -1.599980790734987934e+01 1.740446756009670537e+01 3.362084758129509510e+01 2.944756962075164797e+00 -1.599980790734987934e+01 2.944756962075164797e+00 -4.748449731319904998e+00
-1.704242987305715928e+01 -2.661175285446021554e+00 1.545509368122909843e-01 -2.661175285446021554e+00 -4.509168540112320045e+01 -5.916537718187282913e+00 1.545509368122909843e-01 -5.916537718187282913e+00 -5.003685007986256039e+01
1.006469118172369370e+01 -2.156581247968050263e+01 -5.135057305377317860e+00 -2.156581247968050263e+01 -1.121394683012716520e+01 1.475957429704885726e+01 -5.135057305377317860e+00 1.475957429704885726e+01 -3.682303402404271964e+01
-2.059798124684583698e+01 -1.032328991985576927e+01 -6.747186726916126531e+00 -1.032328991985576927e+01 -2.371795296713331425e+01 1.655031960617147357e-01 -6.747186726916126531e+00 1.655031960617147357e-01 -6.613865794273107213e+01
-4.120809003896176392e+01 -5.084846466401400811e+00 7.682576896077948803e+00 -5.084846466401400811e+00 -3.668458613587743145e+01 -3.086333740007377369e+00 7.682576896077948803e+00 -3.086333740007377369e+00 -7.651407709920265177e+01
-6.917801261477838359e+00 2.021203363534563646e+00 8.198388491811767764e+00 2.021203363534563646e+00 -4.821538760579589855e+00 -1.628789576525766591e+01 8.198388491811767764e+00 -1.628789576525766591e+01 -2.865468960316881919e+01
-3.275474001660700907e+01 1.859765891000279892e+00 1.090719681223548321e+01 1.859765891000279892e+00 -6.404682656404537511e+01 1.425147286780911315e+01 1.090719681223548321e+01 1.425147286780911315e+01 -7.989200000022758275e+01
-1.480952898061036649e+01 -2.493120594011647650e+00 1.093633457431350919e+01 -2.493120594011647650e+00 -2.976871613327497279e+00 1.389654643242757448e+00 1.093633457431350919e+01 1.389654643242757448e+00 -6.131689133246106849e+01
-1.430603582380708261e+01 1.261253078501529323e+01 -1.263683435835231528e+01 1.261253078501529323e+01 -1.935191315510596510e+01 -1.316718046662978425e+00 -1.263683435835231528e+01 -1.316718046662978425e+00 -5.849576322763131486e+01
-1.507375305777018504e+00 1.510201703580431154e+00 2.819666968545870844e+00 1.510201703580431154e+00 -1.857020754532589635e+01 -5.771400656947536234e+00 2.819666968545870844e+00 -5.771400656947536234e+00 -2.592972588441982396e+01
-3.388418572427009678e+01 7.111207471683805181e+00 4.006675084176848145e+00 7.111207471683805181e+00 -3.070036228901847508e+01 -4.423263179584045801e+00 4.006675084176848145e+00 -4.423263179584045801e+00 -3.780427805299305533e+01
4.791224571362316276e+00 3.490043276088995672e+00 1.103882955996781945e+01 3.490043276088995672e+00 -1.053126332848896674e+01 -9.305400438795793150e+00 1.103882955996781945e+01 -9.305400438795793150e+00 -2.462502499430270575e+01
-1.050227798290416459e+01 -7.299182924103816639e+00 -1.850404839022230741e+00 -7.299182924103816639e+00 7.482599268691681793e+00 -1.308304173928837777e+01 -1.850404839022230741e+00 -1.308304173928837777e+01 1.124326582421943854e+01
-7.884521437661541121e+00 1.247391140426211820e+01 9.175268574804015032e+00 1.247391140426211820e+01 6.815494683705648704e+00 -7.017520280787366893e+00 9.175268574804015032e+00 -7.017520280787366893e+00 -6.133179100775709003e+01
2.671072947362325323e+01 2.386537722349975965e+00 -2.051716346763042598e+00 2.386537722349975965e+00 1.110739175740805607e+01 3.946687556924707518e+00 -2.051716346763042598e+00 3.946687556924707518e+00 -4.777563368765501650e+01
-1.833563624320059304e+01 9.287687620594969218e+00 -5.997402531552363136e+00 9.287687620594969218e+00 4.543802264677302638e+00 1.078042955675130798e+01 -5.997402531552363136e+00 1.078042955675130798e+01 -4.067220394495002012e+01
-1.201742402409889543e+01 -2.558147431612687761e+00 3.247560115172154838e+01 -2.558147431612687761e+00 -3.339608450029547093e+00 -2.302700632954153903e+01 3.247560115172154838e+01 -2.302700632954153903e+01 -3.237957142975002256e+01
-1.223057498145014321e+01 8.628791648941248837e+00 -4.494721535375524546e+00 8.628791648941248837e+00 7.025262731339139144e+00 -9.125212906328048490e+00 -4.494721535375524546e+00 -9.125212906328048490e+00 -5.119376115546926087e+01
-1.856161930511176195e+01 -9.421246192100808381e-01 -5.843451850727499064e+00 -9.421246192100808381e-01 -2.183206082303436446e+01 -7.895393516547004609e+00 -5.843451850727499064e+00 -7.895393516547004609e+00 -3.984108867712463820e+01
-2.112362861658665381e+01 -1.310328522670300799e+01 6.320198427086054060e+00 -1.310328522670300799e+01 4.795318920957838849e+00 -2.114771391474952467e-01 6.320198427086054060e+00 -2.114771391474952467e-01 -6.479369210586735051e+01
3.598690166627649489e+01 -2.380858742848516174e-01 1.529916665706245205e+01 -2.380858742848516174e-01 1.984977321185539978e+01 -1.282917629464927245e+01 1.529916665706245205e+01 -1.282917629464927245e+01 -4.061178000757659845e+01
3.927910040886926168e+01 9.993508463839383182e+00 5.837266703734213247e-02 9.993508463839383182e+00 2.060761891590460948e+01 -7.439320523194401957e+00 5.837266703734213247e-02 -7.439320523194401957e+00 -1.288743611334633599e+01
1.844829016601552496e+01 1.604355822940765108e+01 -4.721967479890038177e+00 1.604355822940765108e+01 5.908574901617084763e+00 -1.622573521782651085e+01 -4.721967479890038177e+00 -1.622573521782651085e+01 -4.175573732887220757e+01
1.345163649023398911e+01 -2.422127198182909336e+00 3.302275434987297587e+00 -2.422127198182909336e+00 1.513482341816825283e+01 -8.814719119278665360e+00 3.302275434987297587e+00 -8.814719119278665360e+00 -5.862109971300224487e+00
4.071749366563042116e+01 1.549463177360617783e+00 8.965349442137254599e+00 1.549463177360617783e+00 2.891084435684047804e+01 -8.283136839443272947e+00 8.965349442137254599e+00 -8.283136839443272947e+00 1.081648074860713038e+01
-1.289904582082994722e+01 1.404101407818452429e+01 1.652797555193504575e+00 1.404101407818452429e+01 -2.329277549874164777e+01 8.033650145699221312e+00 1.652797555193504575e+00 8.033650145699221312e+00 -4.942439110366809274e+01
1.996280708713940655e+01 1.247306535763398783e+00 1.149183237591819839e+01 1.247306535763398783e+00 2.244673516366222898e+01 -4.450606195541173982e+00 1.149183237591819839e+01 -4.450606195541173982e+00 -2.185021010174560985e+01
1.713937299550804649e+00 3.706083973387147568e-01 -1.640108839498870763e+00 3.706083973387147568e-01 8.123650896405749222e+00 7.046865424578792059e+00 -1.640108839498870763e+00 7.046865424578792059e+00 -4.665397369543384087e+01
1.028745414013151205e+01 -1.739891764304029920e+01 1.164448758248587623e+01 -1.739891764304029920e+01 1.137536639555227769e+00 1.187910085173142249e+01 1.164448758248587623e+01 1.187910085173142249e+01 -2.267272371003444320e+01
-8.094067242693085973e+00 2.967284019834037334e+00 1.291425810061311807e+01 2.967284019834037334e+00 8.310777702195435879e+00 -3.097980088580768676e+00 1.291425810061311807e+01 -3.097980088580768676e+00 -2.488432406959585563e+00
-3.641418711765473493e+00 6.968151706358670872e+00 -1.073629806608175663e+01 6.968151706358670872e+00 -2.081216517521863096e+01 -1.286599818806960904e+01 -1.073629806608175663e+01 -1.286599818806960904e+01 -1.344880149622661136e+01
-1.343438276425217559e+01 -9.518779453646587285e+00 -5.615863274996425680e+00 -9.518779453646587285e+00 -1.439904423542398959e+01 -4.126046682051725867e+00 -5.615863274996425680e+00 -4.126046682051725867e+00 -6.262468270942183324e+01
-4.830581790290050037e+01 -7.226404104239443349e+00 1.132503567903662045e+01 -7.226404104239443349e+00 -4.623087777222324490e+01 7.059021085994902078e-01 1.132503567903662045e+01 7.059021085994902078e-01 -4.986278462035226511e+01
-1.063842787137233969e+01 -8.472458889121783798e+00 1.894600067186371417e+00 -8.472458889121783798e+00 -3.107328310162016294e+01 -2.654164129639249836e+01 1.894600067186371417e+00 -2.654164129639249836e+01 -1.616395090946744517e+01
2.059396896955415102e+01 -9.819713914731534876e-01 -3.972040574755642428e+00 -9.819713914731534876e-01 6.610560028276188937e+00 -2.297579019383332977e+00 -3.972040574755642428e+00 -2.297579019383332977e+00 -1.655556532670029313e+01
1.183892944855892582e+00 -1.276189540260454169e+00 2.403306704708554786e+00 -1.276189540260454169e+00 -7.051953153667358976e+00 -3.926933954618569977e+00 2.403306704708554786e+00 -3.926933954618569977e+00 -4.168522234511072355e+01
-7.378826513478490945e+00 9.432547328309215828e+00 -4.669356245491289581e-01 9.432547328309215828e+00 -8.530890053582485422e+00 5.282956772550805091e+00 -4.669356245491289581e-01 5.282956772550805091e+00 -3.156248173960368320e+01
-8.093009594407454266e-01 6.310644975487880171e-01 2.268239192871677190e-01 6.310644975487880171e-01 -2.630415400745472976e+00 2.392248518677314362e+00 2.268239192871677190e-01 2.392248518677314362e+00 -3.628422977442685493e+01
3.491728366520287352e+01 2.073926053203680286e+00 -6.185403501752121613e+00 2.073926053203680286e+00 3.952728552027865305e+01 6.159580593984731678e+00 -6.185403501752121613e+00 6.159580593984731678e+00 -1.224774316782392170e+01
2.193735160448458288e+01 3.014535388395164883e+00 -7.851370634858556130e+00 3.014535388395164883e+00 1.372889665703022821e+01 -9.199932225419864551e+00 -7.851370634858556130e+00 -9.199932225419864551e+00 -2.333340796902443515e+01
-4.669937459490141052e+00 3.708037760201559618e-01 1.138085494836910705e+01 3.708037760201559618e-01 -4.089198464343262174e+00 -4.578198536778160133e+00 1.138085494836910705e+01 -4.578198536778160133e+00 -1.860157934939676849e+01
-6.767711907592657283e+00 1.565625130965999112e+01 -2.396378352960790270e+00 1.565625130965999112e+01 -2.662643568095054647e+01 6.899200107975542728e+00 -2.396378352960790270e+00 6.899200107975542728e+00 -4.416407764083688647e+01
1.180006320252631191e+01 -1.170440613287796694e+00 -1.425774847191259198e+01 -1.170440613287796694e+00 -4.362291842377526763e+00 -2.880095499254746283e+00 -1.425774847191259198e+01 -2.880095499254746283e+00 -5.147297003969042350e+01
-1.664105157893913667e+00 8.994469899757200793e+00 2.235981022871406765e+00 8.994469899757200793e+00 1.651513672905939956e+01 2.313781097237701090e+00 2.235981022871406765e+00 2.313781097237701090e+00 -1.740689715881144650e+01
3.651690614660203948e+01 -2.912482892131243339e+00 5.190108902399922369e-02 -2.912482892131243339e+00 2.257979803493872595e+01 1.778892394462136262e-01 5.190108902399922369e-02 1.778892394462136262e-01 -7.969490046617536017e+00
2.323265150101577348e+01 2.865418775739166701e+00 6.346096882814907580e+00 2.865418775739166701e+00 2.755404289730656231e+01 2.052860644707293680e+00 6.346096882814907580e+00 2.052860644707293680e+00 1.480846998262833836e+01
-2.448643091911029757e+01 1.005266371534013281e+01 -1.413021032658834919e+01 1.005266371534013281e+01 -3.379254314891566224e+01 1.870375601792561326e+01 -1.413021032658834919e+01 1.870375601792561326e+01 -5.147466249947256500e+01
-1.271896600951945722e+01 -1.439504970598230038e+01 -2.035330958069402740e+01 -1.439504970598230038e+01 -2.664097314615481693e+01 6.957873023400473755e+00 -2.035330958069402740e+01 6.957873023400473755e+00 -4.935425406489190436e+01
2.065553587907609412e+01 -1.090385848276089220e+01 5.696594094381296713e+00 -1.090385848276089220e+01 -1.629440027252611722e+00 1.007622168843201660e+00 5.696594094381296713e+00 1.007622168843201660e+00 -2.710235103910301646e+01
-7.618505393975222084e+00 -5.660865544842081043e+00 2.036909553514267834e+00 -5.660865544842081043e+00 -9.577057627779053561e+00 -1.761854311826030894e+01 2.036909553514267834e+00 -1.761854311826030894e+01 -1.511683464014479839e+01
-3.330252487842540887e+01 2.203605322084362106e-01 1.279331910400957895e-01 2.203605322084362106e-01 -2.566347779502605420e+01 7.207444080574318512e+00 1.279331910400957895e-01 7.207444080574318512e+00 -5.883702931519093937e+01
-1.281549158628043905e+01 2.261864385996066040e-01 1.418539571822578260e+01 2.261864385996066040e-01 -3.634031438356935428e+00 2.665394388946624105e+01 1.418539571822578260e+01 2.665394388946624105e+01 -5.157231079397466544e+01
2.982286950695523942e+01 6.348701075390623672e+00 -3.701508179973609813e+00 6.348701075390623672e+00 2.606997704556860285e+01 -7.423304618660113263e+00 -3.701508179973609813e+00 -7.423304618660113263e+00 -3.915374798065789008e+01
-8.168150229864861167e-01 -8.243887256254982532e+00 5.801291271887266454e+00 -8.243887256254982532e+00 6.160308261325710966e-01 -4.683946472163750485e+00 5.801291271887266454e+00 -4.683946472163750485e+00 -1.579218346384151772e+01
3.306573224851265991e+01 -1.347244647997506561e+01 1.522796249095419885e+00 -1.347244647997506561e+01 2.044597014133519153e+01 5.122394644041382783e+00 1.522796249095419885e+00 5.122394644041382783e+00 -1.121478306349303367e+01
-3.910861692721987737e+01 1.542408307625346708e+01 3.890862920561304783e+00 1.542408307625346708e+01 -2.351248832204155903e+01 8.511238509814072373e+00 3.890862920561304783e+00 8.511238509814072373e+00 4.135852432154914382e+00
-3.525312509452439258e+01 2.843452164743463850e+00 -6.011618988629126470e+00 2.843452164743463850e+00 -3.398198195103454822e+01 -5.171560804712123982e+00 -6.011618988629126470e+00 -5.171560804712123982e+00 -3.370619907435793294e+01
2.091355375410688922e+01 4.388885043620890158e+00 6.767470806970947717e-01 4.388885043620890158e+00 6.728658026917369916e+00 1.174322032543416583e+01 6.767470806970947717e-01 1.174322032543416583e+01 -6.681347986996534483e-02
3.828575568435564946e+01 2.048617438974730032e+00 -3.925471119221409566e+00 2.048617438974730032e+00 5.407171796197979319e+01 3.064739228559165252e+00 -3.925471119221409566e+00 3.064739228559165252e+00 1.043123888029742830e+01
-3.142999808761738834e+01 -1.154452858111269187e+01 8.962039825449037711e-02 -1.154452858111269187e+01 -6.998917252833322777e+00 3.307596474953775623e+00 8.962039825449037711e-02 3.307596474953775623e+00 -4.811173490922442397e+01
6.094862892834854051e+00 8.024611798298938226e+00 9.179861495811395544e-01 8.024611798298938226e+00 -2.203961625274963865e+01 -1.401408701876253105e+01 9.179861495811395544e-01 -1.401408701876253105e+01 -4.248080999420302106e+01
-8.962680859261189070e+00 1.358089247309640157e+01 -1.814592438840767130e+01 1.358089247309640157e+01 -3.085292902874039811e+01 2.723804402593868801e+00 -1.814592438840767130e+01 2.723804402593868801e+00 -6.365380824693765760e+01
1.836376457176385912e+01 9.165330612864835302e+00 1.707319464472322856e+00 9.165330612864835302e+00 2.029832411400172631e+01 -4.350758376514008319e+00 1.707319464472322856e+00 -4.350758376514008319e+00 -4.806939036538118160e+01
6.948635995821342703e+01 7.959832070991851971e+00 4.921815019692805104e-01 7.959832070991851971e+00 4.428572516182465080e+01 4.903155082912628693e+00 4.921815019692805104e-01 4.903155082912628693e+00 5.358728609129750353e+00
1.073045405074642211e+01 -2.046534029274146960e+01 -9.311183763350202369e+00 -2.046534029274146960e+01 -2.233054415583089813e+00 1.644818105610139369e+01 -9.311183763350202369e+00 1.644818105610139369e+01 -3.788147072469448062e+01
1.985625466636675540e+01 2.385235854665720634e+00 -8.540884360112191986e-01 2.385235854665720634e+00 9.496619878834756889e+00 -9.031252122411068672e-01 -8.540884360112191986e-01 -9.031252122411068672e-01 -4.153454652563161886e+01
6.240785191741746729e+00 -6.779322421646297947e+00 1.069933229805746855e+01 -6.779322421646297947e+00 2.390037641955570447e+00 1.366875666468025052e+01 1.069933229805746855e+01 1.366875666468025052e+01 1.903424689451990393e+00
-1.911811215953698095e+01 9.845306917981650585e+00 1.702505855355182618e+00 9.845306917981650585e+00 -1.083242048460634654e+00 -1.153780146512490390e+01 1.702505855355182618e+00 -1.153780146512490390e+01 -4.603622168089422928e+00
1.836491012965223035e+01 -1.476708546090479324e+01 1.407689124610113041e+01 -1.476708546090479324e+01 -4.275472855279998541e+00 -1.429995453679946316e+01 1.407689124610113041e+01 -1.429995453679946316e+01 -3.568777147936894778e+01
-1.555447749583147754e+01 -4.405077101778462456e+00 6.800329506132903212e+00 -4.405077101778462456e+00 -2.060897849279551863e+01 -1.009076184953214650e+01 6.800329506132903212e+00 -1.009076184953214650e+01 -3.716501932722040635e+01
-3.831606575425364980e+01 5.388807741460178491e+00 2.250750692743135062e+01 5.388807741460178491e+00 -5.637736046487318475e+01 5.437880230178796737e+00 2.250750692743135062e+01 5.437880230178796737e+00 -8.920056547188623597e+01
-1.066586282712381895e+01 5.020111055176593950e+00 -2.633987411729418415e+00 5.020111055176593950e+00 -1.101158744294432523e+01 6.900305452084254387e-01 -2.633987411729418415e+00 6.900305452084254387e-01 -2.057138814623435152e+01
2.689032160300738639e+01 -1.762663886351584885e+00 1.108513891109860872e+01 -1.762663886351584885e+00 1.610745012780488139e+01 -2.079487114693089822e+01 1.108513891109860872e+01 -2.079487114693089822e+01 -1.350795577237087564e+01
3.406357612159693815e+01 3.880515947902175800e+00 5.234692004218762129e+00 3.880515947902175800e+00 3.407768835865196877e+01 -1.085918110163924410e+01 5.234692004218762129e+00 -1.085918110163924410e+01 9.330326911108217658e-01
7.425549293022626784e+00 -6.739419123618515250e+00 2.379622186510111703e+00 -6.739419123618515250e+00 6.470675265313683866e+00 6.396410583834307495e+00 2.379622186510111703e+00 6.396410583834307495e+00 -1.130318064752147222e+01
-1.213304078589607826e+01 -6.188337602619513156e+00 -2.561083965324173484e+00 -6.188337602619513156e+00 -3.723719352785265357e+01 5.878203034611747313e+00 -2.561083965324173484e+00 5.878203034611747313e+00 -1.628284562979066408e+01
-3.606474952563543468e+01 -8.521205139777405790e+00 -1.175216980582578685e+01 -8.521205139777405790e+00 -5.427805489275755946e+01 -1.259099654882689379e+01 -1.175216980582578685e+01 -1.259099654882689379e+01 -7.203884286614047028e+01
2.927667698183748612e+01 -3.279759462985518237e+00 5.063629429101828450e+00 -3.279759462985518237e+00 2.941882066559740494e+01 -4.374383952881866655e+00 5.063629429101828450e+00 -4.374383952881866655e+00 3.387714800608513155e+00
3.321587858168379981e+00 -1.146073220020376127e+01 2.641102201244253767e+00 -1.146073220020376127e+01 1.391371359168157262e+01 9.781802320809747542e+00 2.641102201244253767e+00 9.781802320809747542e+00 -3.748836745680901572e+01
-3.078297269728741181e+00 7.787706240745970732e+00 2.522215275834438941e+00 7.787706240745970732e+00 -1.323038758096344836e+01 -3.197185843539638306e+00 2.522215275834438941e+00 -3.197185843539638306e+00 -2.342669137666927526e+01
-1.397506494324588822e+01 -6.676655949237592758e+00 -4.278367946738768524e+00 -6.676655949237592758e+00 -1.130504474909637125e+01 1.271033105372760730e+01 -4.278367946738768524e+00 1.271033105372760730e+01 -6.663624934209774153e+01
6.324039588381976884e+00 8.871806717915461604e+00 -7.092572495372765573e+00 8.871806717915461604e+00 1.035687596231922392e+01 -2.184985969530583994e+00 -7.092572495372765573e+00 -2.184985969530583994e+00 -4.735768957681607105e+00
-6.600914129404462649e+00 4.557806565660905029e+00 -3.374882540808698206e+00 4.557806565660905029e+00 -3.794565061297024045e+01 -1.937336631821089172e+00 -3.374882540808698206e+00 -1.937336631821089172e+00 -9.090756199391689663e+00
-2.086913853495860849e+01 9.246428709810492919e+00 -5.976149735419167719e+00 9.246428709810492919e+00 -1.812809655318404722e+01 -7.785587651636054929e+00 -5.976149735419167719e+00 -7.785587651636054929e+00 -6.120094634631634278e+01
5.284603316293077224e-01 -4.968142989698045575e+00 1.729371813696538851e+01 -4.968142989698045575e+00 -6.285352668220196115e+00 6.404481425683923312e+00 1.729371813696538851e+01 6.404481425683923312e+00 -6.517862521685179544e+00
7.809590687701306422e+01 4.639301828751923651e+00 7.669995797648259561e+00 4.639301828751923651e+00 6.662896350531900680e+01 -1.048883859517396822e+01 7.669995797648259561e+00 -1.048883859517396822e+01 1.024383299645356082e+01
1.093096947729185509e+01 -7.629599681991680704e+00 1.134778469063705586e+01 -7.629599681991680704e+00 3.303351177763611979e+00 1.219634107163391157e+01 1.134778469063705586e+01 1.219634107163391157e+01 -3.203022806642820797e+01
2.916309850347211352e+01 -3.510960556063845051e+00 2.659929219011473833e+00 -3.510960556063845051e+00 2.645001492518123598e+01 -1.157817351558977137e+01 2.659929219011473833e+00 -1.157817351558977137e+01 -3.680023288724370190e+01
-1.116174415741206793e+00 2.563922248733233378e+00 -1.641849689809893675e+01 2.563922248733233378e+00 -1.008008922763648840e+01 5.919041764483276680e+00 -1.641849689809893675e+01 5.919041764483276680e+00 -5.401866211316237099e+01
3.691529783155387179e+01 -4.123208642088642684e+00 4.447749487660809464e+00 -4.123208642088642684e+00 3.384137295449075111e+01 -1.983595223980700339e+01 4.447749487660809464e+00 -1.983595223980700339e+01 1.342897988491950123e+01
-2.317711310251554746e+00 -6.562651726645923667e+00 -7.284835280567010685e+00 -6.562651726645923667e+00 -2.930777845907641677e+00 -6.441555835614557246e+00 -7.284835280567010685e+00 -6.441555835614557246e+00 -7.423366932709239308e+00
8.628135915098125608e+00 -3.433381749849456543e+00 4.245905511501912422e+00 -3.433381749849456543e+00 -3.315008366465884149e-01 -7.182471991365595443e-01 4.245905511501912422e+00 -7.182471991365595443e-01 -1.252189012657919953e+01
2.640723222027868644e+01 -6.473900751917148533e+00 -3.177616465222965481e+00 -6.473900751917148533e+00 -1.401297770024050671e+01 -1.172142327695928010e+01 -3.177616465222965481e+00 -1.172142327695928010e+01 1.138032060240435328e+01
-4.446536648770975120e+01 -8.144277350116279734e+00 9.268830321980832565e+00 -8.144277350116279734e+00 -4.972782262163103439e+01 -5.443985948399076236e+00 9.268830321980832565e+00 -5.443985948399076236e+00 -6.712288168260491261e+01
-1.852034401677140352e+01 -2.092185637552880895e+00 -1.537801377563652760e+00 -2.092185637552880895e+00 -3.396795575266467182e+01 -1.506329203488164303e+01 -1.537801377563652760e+00 -1.506329203488164303e+01 -6.288294944280624321e+01
3.013178999579295692e+01 -4.508308523387134059e+00 -1.865520694377008626e+00 -4.508308523387134059e+00 2.545490015990532839e+01 -9.349807968490027932e+00 -1.865520694377008626e+00 -9.349807968490027932e+00 9.811424156019354470e+00
8.280429048079783527e+00 -1.133389284261528074e+00 -1.161905731903261518e+00 -1.133389284261528074e+00 6.145545230700261818e+00 4.406663536492210653e+00 -1.161905731903261518e+00 4.406663536492210653e+00 -3.605818273089970205e+01
2.945744389416156750e+01 7.305951297585425941e+00 -1.109866355084784217e+01 7.305951297585425941e+00 2.717826747542192223e+01 8.929484326560849894e+00 -1.109866355084784217e+01 8.929484326560849894e+00 5.421090664271314807e+00
-3.794069913732184940e+00 4.739078034763006264e-01 -8.949039020565569658e+00 4.739078034763006264e-01 -1.702255345504780593e+01 1.300726340373216239e+01 -8.949039020565569658e+00 1.300726340373216239e+01 -1.492113282642947603e+01
9.514902836161358124e+00 -2.506913248293080709e+00 -1.361094880587265576e+00 -2.506913248293080709e+00 1.286165325606440391e+01 7.678505206468273059e+00 -1.361094880587265576e+00 7.678505206468273059e+00 -4.956837241814343997e+01
3.597024077058942026e+01 1.008738598992784397e+01 3.354418556495553094e-01 1.008738598992784397e+01 2.692212003789312291e+01 -6.004999571168598393e+00 3.354418556495553094e-01 -6.004999571168598393e+00 -2.289015771681524924e+01
4.122594167043988733e+01 1.811547929008924918e+00 -2.841612932443442485e+00 1.811547929008924918e+00 1.792158708908807796e+01 -1.226749789650267353e+01 -2.841612932443442485e+00 -1.226749789650267353e+01 -6.084049330184365445e+00
-4.543796782144425173e+00 -2.081908787215654755e+01 9.352628889942751655e+00 -2.081908787215654755e+01 2.062383906832554814e+01 -1.653334776348373580e+01 9.352628889942751655e+00 -1.653334776348373580e+01 -5.471760220180700962e+00
1.215376085026084318e+01 7.831371324526532618e+00 3.579925619937887493e+00 7.831371324526532618e+00 3.936398616550315310e+00 -1.398947393944523476e+01 3.579925619937887493e+00 -1.398947393944523476e+01 -8.004303545543605125e+00
3.581032555448688726e+01 -8.233577791624615116e+00 3.818948270578453652e+00 -8.233577791624615116e+00 3.089865495712117394e+01 -1.151047151233526966e+00 3.818948270578453652e+00 -1.151047151233526966e+00 -1.729969036432491336e+01
5.009842850044509355e+00 -6.687587948992114839e+00 -2.856611825691508066e+00 -6.687587948992114839e+00 -2.457833570350890184e+01 -6.196931747765650478e+00 -2.856611825691508066e+00 -6.196931747765650478e+00 -5.492342065072652701e+01
-3.477967400652905638e+01 -3.629598841048752078e+00 -6.215215254601502259e+00 -3.629598841048752078e+00 -3.769470437977717836e+01 -6.121704288047266296e+00 -6.215215254601502259e+00 -6.121704288047266296e+00 -7.440796872608601120e+01
3.413919463005313570e+00 -1.218201278838135782e+00 5.730260061528794857e+00 -1.218201278838135782e+00 -1.329241293054357698e+01 -9.742178307483566613e+00 5.730260061528794857e+00 -9.742178307483566613e+00 -1.892001282102869197e+01
-4.145564420298169850e+00 -2.106892567729536037e+00 1.323550430324465843e+00 -2.106892567729536037e+00 -3.717168377125598333e+00 -1.522143893202363252e+01 1.323550430324465843e+00 -1.522143893202363252e+01 -5.430991037883637773e+01
1.658094554686859112e+01 -4.302929453989034592e+00 6.851831766599827844e+00 -4.302929453989034592e+00 6.596113091135397122e-01 -1.655830418765860301e+01 6.851831766599827844e+00 -1.655830418765860301e+01 -1.118712688707244718e+00
-2.452649826652780263e+01 1.268590435257191373e+01 2.725262480031823475e+00 1.268590435257191373e+01 -1.198701779320349736e+01 -6.075472149934556754e+00 2.725262480031823475e+00 -6.075472149934556754e+00 -3.842551194096427736e+01
-4.139628115508561024e+00 6.974090279897472655e+00 -2.510444374121823330e+01 6.974090279897472655e+00 -1.618712925343992026e+01 5.434084073350427424e+00 -2.510444374121823330e+01 5.434084073350427424e+00 -2.543431910307378985e+01
5.326113828766279923e+00 -4.762409854915599539e+00 -2.459495729012761700e+00 -4.762409854915599539e+00 1.555442846054713435e+01 -5.722785765789284440e+00 -2.459495729012761700e+00 -5.722785765789284440e+00 -4.230589177797951095e+01
1.737987326785467701e+01 9.582716064980159487e+00 -1.376385625753511643e+00 9.582716064980159487e+00 4.976201265952776787e+00 4.201039150942994738e+00 -1.376385625753511643e+00 4.201039150942994738e+00 -1.161631725238890489e+01
1.034489257360276504e+01 -3.943540845321146460e+00 -6.401133593584797943e+00 -3.943540845321146460e+00 -9.636536501459504578e+00 -5.180495457114075997e+00 -6.401133593584797943e+00 -5.180495457114075997e+00 -2.084539516876104415e+01
-2.629595521653584100e+01 -1.966167335658629156e+01 8.714047928869025128e+00 -1.966167335658629156e+01 -3.048688971689138683e+01 -4.394927336263776851e+00 8.714047928869025128e+00 -4.394927336263776851e+00 -3.097129102187367167e+01
-1.677113130358526760e+01 6.970650937452921303e-01 -2.080448858059493755e+00 6.970650937452921303e-01 -1.693957540534397666e+01 -4.260777920874181390e+00 -2.080448858059493755e+00 -4.260777920874181390e+00 -4.537345206177369050e+01
6.429902071504861816e+00 -7.686243024098484256e+00 -5.299179514547218695e+00 -7.686243024098484256e+00 8.390813576727671474e+00 -6.113811563278986227e+00 -5.299179514547218695e+00 -6.113811563278986227e+00 -1.755993598263435373e+01
-4.734311040752514543e+01 -1.572315339421046509e+01 -1.763455730436045243e+01 -1.572315339421046509e+01 -4.630034917553872020e+01 1.170641133212004981e+01 -1.763455730436045243e+01 1.170641133212004981e+01 -7.000853384357611731e+01
