6.502046060985871456e+00 4.596227422124638196e+00 9.565010548171263283e-01 4.596227422124638196e+00 6.147020723767242956e+00 3.432350020907079524e-01 9.565010548171263283e-01 3.432350020907079524e-01 6.552033574505911950e+00
-6.746109101433070521e+00 5.206849730960804834e+00 4.902338543023149420e+00 5.206849730960804834e+00 -5.871205181110005888e+00 -2.664119409538137084e+00 4.902338543023149420e+00 -2.664119409538137084e+00 -3.241081210895295772e+00
-5.098006600502846819e-01 3.576438556485510567e-01 3.828354690822172723e-01 3.576438556485510567e-01 -2.115101923068495537e+00 -6.475738440101505011e-01 3.828354690822172723e-01 -6.475738440101505011e-01 -5.378784604805100233e-01
3.425232953668469804e+00 2.700068836473625833e+00 3.115254102011136172e+00 2.700068836473625833e+00 6.027642851508254296e+00 -1.017103155249996949e+00 3.115254102011136172e+00 -1.017103155249996949e+00 8.475464283141834088e+00
-8.117262949973929054e+00 5.171573353766244274e+00 -2.545462325731489450e+00 5.171573353766244274e+00 -5.170204810991828381e+00 1.151223628775067676e+00 -2.545462325731489450e+00 1.151223628775067676e+00 -7.131190433319417821e+00
6.837138793705457296e+00 1.507977985866253867e+00 1.411339197577860638e+00 1.507977985866253867e+00 5.716569981319310934e+00 -2.157302416812413970e+00 1.411339197577860638e+00 -2.157302416812413970e+00 7.267511241722795390e+00
-4.515296015083243297e+00 -3.809399027381201286e+00 -4.703734733281034863e+00 -3.809399027381201286e+00 -2.245134738584201539e+00 -2.037355162836858913e+00 -4.703734733281034863e+00 -2.037355162836858913e+00 1.554917684743269080e+00
-6.782152530031670068e+00 -4.569973150348539903e+00 -1.060558828031761713e+00 -4.569973150348539903e+00 -5.233504496304797193e+00 -1.830371942118763418e+00 -1.060558828031761713e+00 -1.830371942118763418e+00 -1.025728263049256128e+01
8.824778883546601227e-01 -3.001235486765811977e+00 5.996566620209861087e-01 -3.001235486765811977e+00 7.326059450556619002e-01 5.017619435019062823e-01 5.996566620209861087e-01 5.017619435019062823e-01 -3.392233383284154469e-01
-6.362737377049479726e+00 1.260919120170296004e-01 -4.693402249075968591e+00 1.260919120170296004e-01 -2.907068375817425832e+00 3.824783456942666415e+00 -4.693402249075968591e+00 3.824783456942666415e+00 -1.053104500699705431e-01
-1.099966793127419429e+01 -3.032702045477196240e+00 4.645505935557544319e+00 -3.032702045477196240e+00 -1.241073993256822128e+01 -1.594195927138125413e+00 4.645505935557544319e+00 -1.594195927138125413e+00 -8.738964260320370769e+00
-3.093157685477067709e+00 -3.044841697488352983e-01 1.334985470823853104e+00 -3.044841697488352983e-01 -2.295214471572443404e+00 -1.011388687487719151e+00 1.334985470823853104e+00 -1.011388687487719151e+00 -2.556935596991764648e+00
-3.376213016736282935e+00 3.058370331234474548e+00 1.380343258091609515e+00 3.058370331234474548e+00 -1.069505611518939858e+00 3.587739572427132706e-01 1.380343258091609515e+00 3.587739572427132706e-01 -2.131756726514536737e+00
-5.915234308236762217e+00 -5.068984812702609588e+00 7.335953141327483662e-01 -5.068984812702609588e+00 -9.774856285821760693e+00 -8.924235680840474361e-01 7.335953141327483662e-01 -8.924235680840474361e-01 -5.719610244419355283e+00
1.621302968440486714e+00 -2.940802785802888675e+00 4.897750554239498122e+00 -2.940802785802888675e+00 -2.075454381607446219e+00 1.150027924288830938e+00 4.897750554239498122e+00 1.150027924288830938e+00 -2.017019061342260056e+00
-8.538300609756902304e+00 -6.523787392758054970e+00 1.682620468780091194e+00 -6.523787392758054970e+00 -1.130550921965259192e+01 2.580883094505257574e-02 1.682620468780091194e+00 2.580883094505257574e-02 -1.013975043992478753e+01
-9.894227884784303484e+00 5.924846013040928339e-02 2.325079147993450501e+00 5.924846013040928339e-02 -1.109241776201853824e+01 9.260654568095654238e-01 2.325079147993450501e+00 9.260654568095654238e-01 -1.385550479001746460e+01
1.885969160549916257e+00 3.544910498579647018e-01 3.183782710161465079e+00 3.544910498579647018e-01 5.150163189845257117e-01 -1.239103419395043426e+00 3.183782710161465079e+00 -1.239103419395043426e+00 2.977516660408070059e+00
-2.459239999971032375e+01 2.282425512188432037e+00 1.685400987398077977e+00 2.282425512188432037e+00 -1.466852121913142426e+01 3.763086726907672208e+00 1.685400987398077977e+00 3.763086726907672208e+00 -8.321657432592857617e+00
-7.960146132353742132e+00 -2.435699478604304247e+00 -2.844626200901521074e+00 -2.435699478604304247e+00 -4.413972412736512752e+00 -3.676309593389112784e+00 -2.844626200901521074e+00 -3.676309593389112784e+00 -5.649920518589721219e+00
6.021857743181057820e+00 1.549458073566074845e-01 -4.258703801060466532e+00 1.549458073566074845e-01 7.364645215837863468e+00 -4.349924716542148850e+00 -4.258703801060466532e+00 -4.349924716542148850e+00 4.372324900077042109e+00
-3.334104673341590441e+00 4.043149069592738343e+00 1.093301236460167081e+00 4.043149069592738343e+00 3.368250943356652982e+00 -3.987079572088747081e+00 1.093301236460167081e+00 -3.987079572088747081e+00 4.643595915276423014e+00
-6.007428016995516984e+00 -6.528651072871247685e-01 -8.285793038299352764e-01 -6.528651072871247685e-01 -7.899475886349349274e+00 7.212843758329062771e-01 -8.285793038299352764e-01 7.212843758329062771e-01 -8.629017876618101823e+00
7.433949986824424983e+00 -3.489153625475412301e+00 -1.066532362354677588e+01 -3.489153625475412301e+00 4.767438175514093768e-01 1.139238593445369041e+01 -1.066532362354677588e+01 1.139238593445369041e+01 1.110088927070655096e+01
-1.100166409053872840e+01 -6.576687978276906099e-01 9.869998843293842361e-01 -6.576687978276906099e-01 -9.179895665585698694e+00 2.607371698319247422e+00 9.869998843293842361e-01 2.607371698319247422e+00 1.302416914431764550e+00
-2.153094373808774975e+01 -4.100789396453432545e-01 4.406372006248047590e+00 -4.100789396453432545e-01 -2.179425577272939307e+01 8.791495186829095809e-01 4.406372006248047590e+00 8.791495186829095809e-01 -2.479309263033418631e+01
-9.605465753704454102e+00 -2.470843347572769577e+00 3.555674878011434892e+00 -2.470843347572769577e+00 -6.860268418638462151e+00 5.887830419411127281e+00 3.555674878011434892e+00 5.887830419411127281e+00 -4.277993275981368804e+00
6.869778796724347103e+00 1.824264432362301180e+00 2.724102546301010452e+00 1.824264432362301180e+00 7.591201022947621446e+00 5.421651985076746394e-01 2.724102546301010452e+00 5.421651985076746394e-01 5.225733656237837366e+00
-5.142958423169163851e+00 -1.914686123951106822e+00 -2.265112968067035659e+00 -1.914686123951106822e+00 -4.684768661418200253e+00 4.526838735291745242e-02 -2.265112968067035659e+00 4.526838735291745242e-02 -5.173294787685294160e+00
-1.057602694753262540e+01 -6.787194758935355399e-01 1.752666963049254178e+00 -6.787194758935355399e-01 -8.819519189396286762e+00 -2.041073285818593597e+00 1.752666963049254178e+00 -2.041073285818593597e+00 -1.028637661502711609e+01
-6.460586394285755318e+00 2.215120647527280884e+00 -2.765034822815534810e+00 2.215120647527280884e+00 -3.976366009480617247e+00 2.295905386201067544e-01 -2.765034822815534810e+00 2.295905386201067544e-01 2.797965922621738155e+00
7.657191026229431152e+00 -3.705918229038342560e+00 8.283836953959229643e-02 -3.705918229038342560e+00 8.774525959433729483e+00 1.922474229079349950e+00 8.283836953959229643e-02 1.922474229079349950e+00 1.094999776216648080e+01
3.940328119797203432e-01 3.317503798709783069e+00 1.921027718736706857e+00 3.317503798709783069e+00 -6.795511570220650333e-01 -1.433042346458112792e+00 1.921027718736706857e+00 -1.433042346458112792e+00 -1.116468918635413976e+00
-1.326910393675347422e+01 -1.397247136316428717e+00 -1.826972437048575815e+00 -1.397247136316428717e+00 -1.140378474335511605e+01 -7.649215468740258039e-01 -1.826972437048575815e+00 -7.649215468740258039e-01 -9.928110367725944130e+00
7.211527925028041963e+00 -2.183824197756829122e+00 -2.547712338443056002e+00 -2.183824197756829122e+00 1.625363861754209660e+00 8.605154497173193917e+00 -2.547712338443056002e+00 8.605154497173193917e+00 4.931924047530302779e+00
-2.314600420083710475e+00 -4.446064859591064788e+00 -1.767895693216287034e+00 -4.446064859591064788e+00 -7.669887502609292973e+00 6.955064655507990246e+00 -1.767895693216287034e+00 6.955064655507990246e+00 -5.534989434123636087e+00
-1.274185250063910868e-01 4.758107277580585048e+00 -7.792522811140382144e-01 4.758107277580585048e+00 3.710027051760191874e+00 -3.606764786480771257e+00 -7.792522811140382144e-01 -3.606764786480771257e+00 1.904674443155953023e+00
-4.968972777856972556e+00 -3.345600483227292976e+00 2.046001867315824452e+00 -3.345600483227292976e+00 2.410939578499681213e-01 2.320834507270459923e+00 2.046001867315824452e+00 2.320834507270459923e+00 1.713402977103007707e+00
-3.976798584647420753e+00 -3.990968747535347250e-01 -6.135070332070170496e-01 -3.990968747535347250e-01 7.711551803218781587e-02 -1.290908619072319435e-02 -6.135070332070170496e-01 -1.290908619072319435e-02 2.214213380909964002e+00
-4.274474432402016966e+00 2.016280463106192578e+00 -3.708832947224081633e-01 2.016280463106192578e+00 -3.945788408787956669e+00 1.285447170438012154e+00 -3.708832947224081633e-01 1.285447170438012154e+00 -6.616604863704548478e+00
-4.690570790636246379e+00 9.026486749921246444e-01 -9.693659204938444018e-01 9.026486749921246444e-01 -8.721066561333563172e+00 3.394499155149984237e-01 -9.693659204938444018e-01 3.394499155149984237e-01 -5.328485815092030897e+00
8.465749906735501540e+00 5.934347636288476835e+00 3.548344401124539638e-02 5.934347636288476835e+00 3.048739130620116811e+00 2.239476133033358352e+00 3.548344401124539638e-02 2.239476133033358352e+00 4.983880390917391878e+00
5.626587051365881109e+00 -2.966830692808934522e+00 4.507915123081123632e+00 -2.966830692808934522e+00 7.477784949535199566e+00 3.276768175238862213e+00 4.507915123081123632e+00 3.276768175238862213e+00 1.872878630861419680e+01
-2.355836810124688707e+00 -1.508936900206890641e+00 1.708914696036984315e+00 -1.508936900206890641e+00 -1.378897544526191954e+00 2.875980701176756860e+00 1.708914696036984315e+00 2.875980701176756860e+00 7.015224054687257960e-01
-1.835940731438383366e+01 4.871508125237549613e+00 2.529444519546107273e+00 4.871508125237549613e+00 -1.498228073569250185e+01 -7.897283553188940708e-01 2.529444519546107273e+00 -7.897283553188940708e-01 -1.416896434979081043e+01
-3.701573954952900980e+00 -1.763888839754497173e+00 2.313894641825236242e-01 -1.763888839754497173e+00 -5.815671677342076684e+00 -2.943149539192186470e+00 2.313894641825236242e-01 -2.943149539192186470e+00 6.950902089143417006e-01
-5.425043430716018911e+00 -1.238904264654589360e+00 5.595719289376122063e+00 -1.238904264654589360e+00 -5.038915388398754303e+00 5.443426930975859834e-01 5.595719289376122063e+00 5.443426930975859834e-01 -4.425998783532062220e+00
2.172286775017992611e+00 -3.940349436260934257e-01 -2.643613085090230630e-01 -3.940349436260934257e-01 8.337567032066534267e+00 -2.221319639272364199e+00 -2.643613085090230630e-01 -2.221319639272364199e+00 1.025427881196482183e+01
-3.571608869678442932e+00 -2.509766374601678063e+00 2.925546848789109422e+00 -2.509766374601678063e+00 4.947533311735388573e+00 -5.045515213873644988e+00 2.925546848789109422e+00 -5.045515213873644988e+00 -3.912019171618180136e-01
-1.939141985507895738e+00 -1.751919800058344023e+00 9.247772429736317301e-01 -1.751919800058344023e+00 -7.167459804069323148e+00 1.669676203314955920e+00 9.247772429736317301e-01 1.669676203314955920e+00 -6.587332055555772392e+00
