7.069231076504367550e+00 6.163689679461285209e+00 6.089498427635168021e+00 6.163689679461285209e+00 -6.394390948106282480e+01 1.506035769239934652e+01 6.089498427635168021e+00 1.506035769239934652e+01 -8.152824189987908809e+00
2.403267413382597439e+01 1.191532403107800731e+00 -2.505872479365164995e+00 1.191532403107800731e+00 -1.107256258187156739e+01 -8.410927972870430480e+00 -2.505872479365164995e+00 -8.410927972870430480e+00 1.818884511168296925e+01
-1.303566829364322999e+01 7.328796215281097481e+00 -7.059635168455606902e+00 7.328796215281097481e+00 -1.171133015469564320e+01 -2.977047034277384263e+00 -7.059635168455606902e+00 -2.977047034277384263e+00 -2.280998998503242348e+01
-2.394278006672835701e+01 -8.574502227604661186e+00 -2.222255076710964783e+00 -8.574502227604661186e+00 -4.117853566368144413e+01 1.263871874449092836e+01 -2.222255076710964783e+00 1.263871874449092836e+01 2.355895796235047523e+00
4.064808226817277159e+01 1.354989740765067552e+01 -5.834406121981881910e+00 1.354989740765067552e+01 -2.751552713812500883e+01 -3.458889845979351119e+00 -5.834406121981881910e+00 -3.458889845979351119e+00 5.827493116155832809e+01
-9.469602391644176720e+00 -8.819815993419593880e+00 1.414028904698155209e+01 -8.819815993419593880e+00 -4.242634372251065145e+01 -1.282942960137811061e+00 1.414028904698155209e+01 -1.282942960137811061e+00 1.003576531708028519e+01
-3.424511042136228411e+01 -2.554840216981370649e+00 -1.769682123126656137e+01 -2.554840216981370649e+00 -2.258946192549122145e+01 -7.398639970384395248e+00 -1.769682123126656137e+01 -7.398639970384395248e+00 -4.140737025833583118e+01
2.774282428558233349e+01 8.856994619541646685e+00 6.879817768098734909e+00 8.856994619541646685e+00 2.355533516885940770e+01 4.651366080054662788e+00 6.879817768098734909e+00 4.651366080054662788e+00 3.074861430022479070e+01
4.148180318054873084e+01 8.662653460287737417e+00 7.295113260611328698e+00 8.662653460287737417e+00 -1.793722630167561505e+01 1.195334363436151570e-01 7.295113260611328698e+00 1.195334363436151570e-01 5.424125064695677878e+01
1.964685950266388659e+01 -1.876627098021855122e+00 -8.508779561821816273e+00 -1.876627098021855122e+00 -1.717571995404323104e+01 1.147438792043517708e+01 -8.508779561821816273e+00 1.147438792043517708e+01 2.076154846342793903e+01
2.138885751908241417e+01 3.534009751174774561e+00 -5.625536581572886163e+00 3.534009751174774561e+00 -2.395099562869512511e+01 5.358399033831005909e+00 -5.625536581572886163e+00 5.358399033831005909e+00 2.896293826172759012e+01
3.043465059410414852e+01 -4.859431969136333684e+00 -9.041420614694892777e+00 -4.859431969136333684e+00 -2.729971095465179687e+01 5.245839525961426553e-01 -9.041420614694892777e+00 5.245839525961426553e-01 1.478933256806277718e+01
-2.957959895633962688e+01 -1.638356818373164492e+00 4.714785929592625102e+00 -1.638356818373164492e+00 1.382792293822711471e+01 -1.082737410009166723e+01 4.714785929592625102e+00 -1.082737410009166723e+01 -6.096597012987526654e+01
2.551857496759636490e+01 -7.562626423965406630e+00 -7.705732792085403515e-01 -7.562626423965406630e+00 -2.600985857358610320e-01 1.136987196170490577e+01 -7.705732792085403515e-01 1.136987196170490577e+01 3.824011151706093159e+01
3.016298076796420347e+01 2.732569609441907588e+01 -5.900910949500476121e+00 2.732569609441907588e+01 1.381741822952037424e+01 4.377703462818109514e+00 -5.900910949500476121e+00 4.377703462818109514e+00 1.724505490637140781e+01
2.665527336281451198e+01 9.549536416580681752e-01 -1.160160401230529459e+01 9.549536416580681752e-01 -1.020774704321579485e+01 2.556561706817435997e+00 -1.160160401230529459e+01 2.556561706817435997e+00 2.639840312179744686e+01
2.926530009146561540e+01 -2.685281448928957371e+00 3.240019225237904088e+00 -2.685281448928957371e+00 -2.940273814376532613e+01 -4.424673180912094272e-01 3.240019225237904088e+00 -4.424673180912094272e-01 2.714795018979751973e+01
2.547960904020991890e+01 9.756640301870007193e+00 2.959385968891550789e+01 9.756640301870007193e+00 -1.210622793944659925e+01 6.737015719948884040e+00 2.959385968891550789e+01 6.737015719948884040e+00 3.537820807913848142e+01
-3.168808596093243324e+01 1.540902830640310084e+00 -8.532109534191897993e+00 1.540902830640310084e+00 -4.569743629074726421e+00 3.254083724999149663e+00 -8.532109534191897993e+00 3.254083724999149663e+00 -3.284376493143822984e+01
4.288266161685648825e+01 9.915305961218459085e-01 -2.521721844427493586e+00 9.915305961218459085e-01 4.304581680421898682e+01 -4.146947400914596571e+00 -2.521721844427493586e+00 -4.146947400914596571e+00 3.836260105592062075e+01
5.321431292270727198e+01 1.242251614353340372e+01 2.763495743247192937e+00 1.242251614353340372e+01 2.820686317691765410e+01 -1.802171518984122756e+01 2.763495743247192937e+00 -1.802171518984122756e+01 7.089734629342922290e+01
3.767401466510636965e+01 -1.136954817837318465e+01 -7.371260658217180239e-01 -1.136954817837318465e+01 -2.229654324150262212e+01 2.799971908072415250e+00 -7.371260658217180239e-01 2.799971908072415250e+00 4.037927899169741153e+01
-1.018790734161869160e+01 -1.396078208587025138e+01 -3.796882812843975774e+00 -1.396078208587025138e+01 -1.612848367798963523e+01 -4.314236396149775943e-01 -3.796882812843975774e+00 -4.314236396149775943e-01 -1.910746105321732458e+01
-2.949343104871362087e+01 8.097774708201463056e+00 3.761006335205314244e+00 8.097774708201463056e+00 -1.403884519367548300e+01 9.885483427448856775e-01 3.761006335205314244e+00 9.885483427448856775e-01 -1.526546614370545285e+01
-3.971848752326466325e+01 5.633170582320493835e+00 -5.007189732676048166e+00 5.633170582320493835e+00 -4.072911989252792608e+01 6.003209883912021816e+00 -5.007189732676048166e+00 6.003209883912021816e+00 -3.588214189322522429e+01
5.866210439003870647e+01 -1.178019508403982307e+01 7.011059869680972945e+00 -1.178019508403982307e+01 1.473790498662481241e+00 -2.308673862719075931e+00 7.011059869680972945e+00 -2.308673862719075931e+00 5.425783237834326656e+01
-1.223921120269424989e+01 2.347421332249177262e+00 5.786357152039651730e+00 2.347421332249177262e+00 -3.455866649849074435e+01 -3.168208834861720558e+00 5.786357152039651730e+00 -3.168208834861720558e+00 5.185590939026784696e+00
-2.070245083389261609e+01 7.669989010293608800e+00 7.466394385294008451e+00 7.669989010293608800e+00 -4.905494539180168090e+01 3.964638865948336477e+00 7.466394385294008451e+00 3.964638865948336477e+00 -2.232827618653845647e+01
3.055623553626018207e+01 7.257763442133927434e+00 -1.201674236286744701e+01 7.257763442133927434e+00 1.859645866038280460e+01 4.093189553170805683e-01 -1.201674236286744701e+01 4.093189553170805683e-01 6.851259235622266353e+00
5.037584604665538990e+01 5.438881444561358691e+00 3.258958131032113847e+00 5.438881444561358691e+00 -1.438189004509858426e+00 3.554151001945793809e+00 3.258958131032113847e+00 3.554151001945793809e+00 4.870026691062531654e+01
-2.126566617290691497e+01 5.212010971264429138e+00 -1.020486702953290781e+01 5.212010971264429138e+00 -5.979376778954054572e+01 -8.078771792575610178e+00 -1.020486702953290781e+01 -8.078771792575610178e+00 -2.812791467340775142e+01
1.425140758057072299e+00 -4.265809219320436441e+00 7.989681575356650356e+00 -4.265809219320436441e+00 -2.453807162237512784e+01 -1.273640160580270242e-01 7.989681575356650356e+00 -1.273640160580270242e-01 -1.642929139430344243e+00
-1.523525785119243192e+00 -7.797686063627310205e+00 -1.305796731064922334e+01 -7.797686063627310205e+00 -2.466452316209964479e+01 3.257780902129765455e+00 -1.305796731064922334e+01 3.257780902129765455e+00 -8.421870372351095924e+00
-1.055515303924214976e+01 -6.971739148546360454e+00 -1.560799566328290133e+01 -6.971739148546360454e+00 1.419884087998925715e+01 9.886125020949666498e-01 -1.560799566328290133e+01 9.886125020949666498e-01 -3.296315198889516296e+01
1.680145944324284102e+01 5.014979294680552258e+00 8.530790359958270841e+00 5.014979294680552258e+00 -3.777605525669475384e+01 -1.772777952208680929e+01 8.530790359958270841e+00 -1.772777952208680929e+01 1.213009993876072201e+01
-8.560454544379661357e+00 -1.904388966550679463e+00 1.950977097736301236e+00 -1.904388966550679463e+00 -7.070140596858271920e+01 3.597731153030974127e+00 1.950977097736301236e+00 3.597731153030974127e+00 9.925788647204123905e+00
-2.064467389637904271e-01 1.078137650149547611e+01 -8.938534915355168309e+00 1.078137650149547611e+01 -3.195951679426978131e+01 -6.369533758700030468e+00 -8.938534915355168309e+00 -6.369533758700030468e+00 4.492093360998476115e+00
1.323921042111157931e+01 2.200529309910339038e+01 1.749234767659299550e+01 2.200529309910339038e+01 -5.666824086139541805e+01 4.560628773343368692e-01 1.749234767659299550e+01 4.560628773343368692e-01 9.362486077551054109e+00
-2.520150834450451782e+01 5.339142574922347784e+00 4.226481894604177669e-01 5.339142574922347784e+00 -1.730605100658673479e+01 -4.160895089670385794e+00 4.226481894604177669e-01 -4.160895089670385794e+00 -1.031616202120786951e+01
3.197184575058214762e+01 -6.170647585715768990e+00 -6.701687587817351854e+00 -6.170647585715768990e+00 2.803416082732048409e+01 6.629293134902458640e-02 -6.701687587817351854e+00 6.629293134902458640e-02 2.803790479060843666e+01
-2.111358470803939724e+01 -1.554523486327165083e+00 5.426479018889594386e+00 -1.554523486327165083e+00 -2.650647861883403777e+01 1.818056720081155575e+01 5.426479018889594386e+00 1.818056720081155575e+01 -3.231496682797997977e+01
-1.163896039959022488e+01 -1.158318916616496175e+01 4.785534661263664447e+00 -1.158318916616496175e+01 2.137822170953389644e+01 -1.844323805342029887e+00 4.785534661263664447e+00 -1.844323805342029887e+00 -4.316350791149042010e+01
-4.684387699188222598e+01 -4.955730999181355401e+00 -4.270326506432843949e+00 -4.955730999181355401e+00 -8.489155521066058441e+01 8.140405186444922947e+00 -4.270326506432843949e+00 8.140405186444922947e+00 -3.250627474635970771e+01
8.832873594868289047e+00 -4.657571342214234633e+00 4.231921592886984662e+00 -4.657571342214234633e+00 -6.313994153713336033e+01 -8.525614273173825808e+00 4.231921592886984662e+00 -8.525614273173825808e+00 1.600918614325125588e+01
3.871058100090664311e+01 -2.237847610756342576e+01 4.502814497166807151e+00 -2.237847610756342576e+01 1.090425977100497512e+01 2.017579671830509369e+01 4.502814497166807151e+00 2.017579671830509369e+01 6.533137512264234203e+01
-2.815977306708408889e+01 -3.365976241758183551e+00 -4.342542430003824450e+00 -3.365976241758183551e+00 -5.333410199893232573e+01 -6.792089148564430801e+00 -4.342542430003824450e+00 -6.792089148564430801e+00 -2.031888900586453062e+01
1.310050451020085127e+01 1.025297823158675747e+01 -4.249911262085660724e+00 1.025297823158675747e+01 -3.542248021325860208e+01 9.760590081512116711e+00 -4.249911262085660724e+00 9.760590081512116711e+00 1.410244210658095199e+01
-4.288044600859195299e+01 2.469154191045931590e+00 -8.915596621158231594e-01 2.469154191045931590e+00 -2.804079255022619321e+01 -3.644320344814353074e+00 -8.915596621158231594e-01 -3.644320344814353074e+00 -3.129844735388894250e+01
-9.471257395868693862e+00 3.687442212208817072e+00 -4.945274614945495806e+00 3.687442212208817072e+00 -6.941190230880941670e+00 -6.737703926480063110e+00 -4.945274614945495806e+00 -6.737703926480063110e+00 -1.635604496993815005e+01
-4.417575758645268991e+01 -9.548245867531061748e+00 2.184146299232108568e+00 -9.548245867531061748e+00 3.202657309274942410e+00 9.023780217425885652e+00 2.184146299232108568e+00 9.023780217425885652e+00 -8.336841209770297212e+01
7.712144850827122866e+00 -3.640614646000464472e+00 -5.795404909179572961e+00 -3.640614646000464472e+00 -3.760675239260825720e+01 -4.144208783892374015e+00 -5.795404909179572961e+00 -4.144208783892374015e+00 1.838886324799403127e+01
-3.409767200730504300e+01 -2.326081211724210718e+01 -8.688187981674349913e+00 -2.326081211724210718e+01 4.812354602739935316e+00 -1.347952370023400981e+01 -8.688187981674349913e+00 -1.347952370023400981e+01 -5.500079314670539787e+01
1.080609353428251040e+01 3.062374165861472264e+00 -7.502148928075408563e+00 3.062374165861472264e+00 -3.465529397360174357e+01 6.239301929781962741e+00 -7.502148928075408563e+00 6.239301929781962741e+00 -7.148562886001146310e+00
-4.885711130359075227e+00 3.514863561627515232e+00 5.916116398766726014e+00 3.514863561627515232e+00 -1.887310187368500891e+01 -2.215311814116918576e+00 5.916116398766726014e+00 -2.215311814116918576e+00 9.127534296331687003e+00
3.669250619146038872e+01 5.928328609401633642e+00 -8.079989083604846911e+00 5.928328609401633642e+00 -5.503925005631897793e-01 -4.153375748918367805e+00 -8.079989083604846911e+00 -4.153375748918367805e+00 4.917709743311187509e+01
6.539684962708193217e-01 2.039633406540793281e+00 -9.443624493952281762e-01 2.039633406540793281e+00 -2.576086692423200475e+01 -1.572441103973643894e+00 -9.443624493952281762e-01 -1.572441103973643894e+00 7.288234955638206891e+00
-5.990974089527392010e+01 1.111106110808703562e+01 2.544374728565552690e+00 1.111106110808703562e+01 -5.315795225183818218e+01 1.288208720046695355e+01 2.544374728565552690e+00 1.288208720046695355e+01 -4.334215293528103530e+01
2.472625466834330155e+01 -1.357222984352494066e+01 -7.940181685339641859e+00 -1.357222984352494066e+01 -3.981056782513721970e+01 -5.406860586970707594e+00 -7.940181685339641859e+00 -5.406860586970707594e+00 1.706985593188616335e+01
3.252828053670675246e+01 -1.380035748495131109e+00 -5.168807845207470386e+00 -1.380035748495131109e+00 -2.142399583030087129e+01 4.649822092131450368e+00 -5.168807845207470386e+00 4.649822092131450368e+00 3.257560806864448466e+01
4.903839821121555786e+01 -7.087307420558015103e+00 2.849318265030691411e+00 -7.087307420558015103e+00 -6.231896180505942517e+00 -5.702741600347154272e-01 2.849318265030691411e+00 -5.702741600347154272e-01 6.545896863777581132e+01
-5.117231088194822064e+01 -1.215999021941278890e+01 8.764785523542899526e+00 -1.215999021941278890e+01 2.951543959520687821e+00 5.108550951933987783e+00 8.764785523542899526e+00 5.108550951933987783e+00 -6.648866849775924948e+01
6.733946537604523108e+00 -1.059405931246223886e+01 6.985035762775033241e+00 -1.059405931246223886e+01 -2.597249507068775998e+00 3.256891574486595609e+00 6.985035762775033241e+00 3.256891574486595609e+00 -1.355457766682668108e+01
1.228308758373572296e+01 8.556521676088342687e+00 -2.631239066009907202e+00 8.556521676088342687e+00 -4.659507975282146219e+01 -2.855431027722828308e+00 -2.631239066009907202e+00 -2.855431027722828308e+00 1.485885765271424930e+01
1.654223198130988237e+01 -1.608849877299057596e+00 2.376894193707539849e+00 -1.608849877299057596e+00 2.857323993077084623e+01 -2.558112018953660360e+00 2.376894193707539849e+00 -2.558112018953660360e+00 1.063269538687430860e+01
3.092955912379433236e+00 -4.159497138101815317e+00 -3.017471380122215496e+00 -4.159497138101815317e+00 -3.145719693768702996e+01 -1.069737094200237060e+01 -3.017471380122215496e+00 -1.069737094200237060e+01 -1.414706360893974235e+01
-1.598266754413207558e+01 7.987696779373551159e+00 6.556020072098569074e+00 7.987696779373551159e+00 1.850246503357637806e+01 -1.663791446033941357e+00 6.556020072098569074e+00 -1.663791446033941357e+00 -6.391709780932084417e-01
-2.087135530106152270e+00 -4.714601997679226386e+00 -1.533755323081490651e+01 -4.714601997679226386e+00 -5.951774483870122623e+01 -1.144202670584770942e+01 -1.533755323081490651e+01 -1.144202670584770942e+01 -1.626099940589843129e+01
5.602758311573342809e+01 1.235921405912947968e+01 2.960371892121672843e+00 1.235921405912947968e+01 -2.363260395806361558e+01 -4.056989381534649719e-01 2.960371892121672843e+00 -4.056989381534649719e-01 5.263184794931585486e+01
1.034980999211381558e+01 7.467528728980926900e+00 1.517233459380078475e+00 7.467528728980926900e+00 8.259445004991607941e-01 7.123404362847534976e+00 1.517233459380078475e+00 7.123404362847534976e+00 1.050680004255103484e+01
-5.154342031965023807e+01 1.355665291067105871e+00 2.121081013771413559e+00 1.355665291067105871e+00 3.711778806271469477e+01 1.315403997122494317e+01 2.121081013771413559e+00 1.315403997122494317e+01 1.798345131765924698e+00
4.179795517923306392e+01 6.855314963574750564e+00 1.095198919391243209e+01 6.855314963574750564e+00 6.949105971600592113e+01 -1.881822545789507695e+00 1.095198919391243209e+01 -1.881822545789507695e+00 1.266802343757979843e+00
6.671516911167095998e+01 2.411167548491276236e+01 6.815247241955031399e+00 2.411167548491276236e+01 1.399156779210528434e+01 1.104239727986663766e+01 6.815247241955031399e+00 1.104239727986663766e+01 6.992613767813526238e+01
-8.879191272026206727e-01 7.209226896437287202e+00 -3.503306940016241544e+00 7.209226896437287202e+00 2.097374461668184153e+01 5.124664095006619124e-01 -3.503306940016241544e+00 5.124664095006619124e-01 -2.881996004145489820e+01
5.684572147601286929e+00 -5.767892415341026258e+00 2.624854842763511553e-01 -5.767892415341026258e+00 -1.596847704819987257e+01 -6.183691067297941046e+00 2.624854842763511553e-01 -6.183691067297941046e+00 -2.368368749910659599e+00
-1.179595134248648058e+01 -9.128695738061974652e+00 7.208043996404726705e+00 -9.128695738061974652e+00 -2.088681959741463956e+01 2.517079842054307015e+00 7.208043996404726705e+00 2.517079842054307015e+00 8.650766608950346992e+00
6.856961797269088166e+00 1.417594779477876799e+01 -1.017347004720402737e+01 1.417594779477876799e+01 -3.939724977889412116e+01 -5.851882674376907900e+00 -1.017347004720402737e+01 -5.851882674376907900e+00 -9.136360111151008212e+00
-8.563278711925446984e+00 8.385387785941505356e+00 -5.078689179838228540e+00 8.385387785941505356e+00 -6.418941786121541782e+01 1.351325492683758434e+01 -5.078689179838228540e+00 1.351325492683758434e+01 2.723810509177274408e+00
2.965159521609583138e+01 7.384979456757146288e+00 2.964420602458279674e+01 7.384979456757146288e+00 -2.153125007819464898e+01 3.527669505540298012e+00 2.964420602458279674e+01 3.527669505540298012e+00 1.284426033823209501e+01
1.547308801454724048e+00 7.989100372936960071e+00 1.956931316490788664e+00 7.989100372936960071e+00 -5.249275050116492025e+01 5.806252481722846248e+00 1.956931316490788664e+00 5.806252481722846248e+00 -6.441927342948937429e+00
-2.106147842690021577e+01 4.634551784622671811e+00 1.039922932640281239e+01 4.634551784622671811e+00 -6.729800971346178073e+01 -4.758824492351325652e+00 1.039922932640281239e+01 -4.758824492351325652e+00 -1.915790114793664145e+01
4.350263917628961963e+01 2.325466699173220908e-01 -1.472877692995962917e+01 2.325466699173220908e-01 2.229400303204091216e+01 3.332813401621195659e+00 -1.472877692995962917e+01 3.332813401621195659e+00 4.944808971056304614e+01
8.853877138910441147e+00 1.193214641842182289e+01 -9.155802730044645399e-01 1.193214641842182289e+01 -1.474438941251084501e+01 -5.680081079505078456e+00 -9.155802730044645399e-01 -5.680081079505078456e+00 7.548961052661363524e+00
-1.332877257250280678e+01 4.818184383080813760e+00 -3.515078100869214239e+00 4.818184383080813760e+00 2.213456235903420666e+00 1.211373683860891148e+01 -3.515078100869214239e+00 1.211373683860891148e+01 -2.489140305570553124e+01
-1.685106234747063780e+01 1.900997824004039671e+01 -8.293643515650538589e+00 1.900997824004039671e+01 -5.052927850229734474e+01 -5.639090793406616342e+00 -8.293643515650538589e+00 -5.639090793406616342e+00 -2.899712930281981826e+01
2.129137845202375701e+01 2.755725296880767505e+00 -9.007297574454890210e+00 2.755725296880767505e+00 -3.706995216953112404e+00 -1.001460379339313000e+01 -9.007297574454890210e+00 -1.001460379339313000e+01 3.729388796178518817e+01
-7.625662714556342259e+00 1.248699528499356326e+01 -4.953316197934776177e+00 1.248699528499356326e+01 -2.419310828548660908e+01 1.972748102358833355e+00 -4.953316197934776177e+00 1.972748102358833355e+00 -1.224496506153070818e+01
2.605484433873393968e+01 4.620314800261048127e+00 -8.655364887275643682e+00 4.620314800261048127e+00 -1.184671199071398995e+01 1.204465032257610879e+01 -8.655364887275643682e+00 1.204465032257610879e+01 2.590424245465311159e+01
1.545195350776301879e+01 2.283739286716153671e+01 -4.948743949946475595e+00 2.283739286716153671e+01 3.145658150029980504e+01 5.020973421246972990e+00 -4.948743949946475595e+00 5.020973421246972990e+00 5.791789440929917276e+01
2.800528567266064073e+01 9.405394184100014598e+00 2.112286618552638107e+00 9.405394184100014598e+00 -9.479823069051741768e+00 -1.859519933839487393e+01 2.112286618552638107e+00 -1.859519933839487393e+01 3.971853751535804378e+01
-1.963818978095627799e+01 -9.748773490917258755e+00 -1.138593331450454826e+01 -9.748773490917258755e+00 -5.810248363451315790e+00 2.330112977764092097e+00 -1.138593331450454826e+01 2.330112977764092097e+00 -2.839346559836881312e+01
2.259640618493511255e+01 -6.204274670330531372e+00 4.537520612993658276e+00 -6.204274670330531372e+00 -1.732463358717283697e+01 -8.501503488489513316e+00 4.537520612993658276e+00 -8.501503488489513316e+00 4.833303743916680872e+01
-9.021912640454161192e+00 1.878307238072043717e+01 -5.425782091569677057e+00 1.878307238072043717e+01 -4.001708910985320777e+00 -2.723600652130163979e+01 -5.425782091569677057e+00 -2.723600652130163979e+01 -1.085310814417269931e+01
4.865947603223696127e+00 -1.518024500720803260e+01 -2.264381200484274004e+01 -1.518024500720803260e+01 -1.520713855288485661e+01 6.812143130472814612e+00 -2.264381200484274004e+01 6.812143130472814612e+00 1.826675454390657194e+01
8.557291170789692814e+00 -9.174759720609602098e+00 -2.410039042575546353e-01 -9.174759720609602098e+00 -1.307790079269891947e+01 -1.201761496291382336e+01 -2.410039042575546353e-01 -1.201761496291382336e+01 2.481381509301946231e+00
2.378583918808853781e+01 -1.571583741576943183e+01 -3.439504375723791973e+00 -1.571583741576943183e+01 -3.257265436592159347e+01 -1.078264886976451464e+01 -3.439504375723791973e+00 -1.078264886976451464e+01 5.647788770184973828e+00
-3.003515658197941818e+01 1.400532323545684132e+00 7.016673995420054766e+00 1.400532323545684132e+00 1.174345666411796607e+01 -3.641940971969638507e+00 7.016673995420054766e+00 -3.641940971969638507e+00 -4.887367338826513219e+01
-1.297784545872574524e+00 -1.434115072213912079e+01 -1.197503750445314097e+01 -1.434115072213912079e+01 1.469038789696383240e+01 -2.267690849036365108e+01 -1.197503750445314097e+01 -2.267690849036365108e+01 1.136076185442706965e+01
1.711089392033585455e+01 -1.881984156744407999e+00 -1.265176282944430142e+01 -1.881984156744407999e+00 -2.977695134339673189e+01 -2.345346865505821832e+00 -1.265176282944430142e+01 -2.345346865505821832e+00 1.112564212687720655e+01
2.773375099362781171e+01 -1.074928299310025182e+01 1.329780805814016142e+00 -1.074928299310025182e+01 2.465917573313274858e+01 1.751387463693447799e+01 1.329780805814016142e+00 1.751387463693447799e+01 1.669834168420846865e+01
-3.203584469782040145e+01 -4.620792729779213959e-01 -1.161464617841658864e+01 -4.620792729779213959e-01 -1.676390220350029381e+01 -1.223823505921480503e+01 -1.161464617841658864e+01 -1.223823505921480503e+01 -2.964167175521703257e+01
