-3.307750425360752899e+01 5.357958991281323691e+00 -6.560905378497425389e+00 5.357958991281323691e+00 -2.734664194341731758e+01 4.418446474835047155e+00 -6.560905378497425389e+00 4.418446474835047155e+00 -4.308161929506373156e+01
2.353432667316106564e+00 -2.655337376709135278e+00 -1.544688700392840008e+00 -2.655337376709135278e+00 1.083772159614873942e+01 6.418731738830274480e+00 -1.544688700392840008e+00 6.418731738830274480e+00 7.875534836610757594e+00
5.262999592440354490e+01 -1.719441559133989550e+00 8.381823731563304847e+00 -1.719441559133989550e+00 2.065174121415875774e+01 -1.112718783861656391e+01 8.381823731563304847e+00 -1.112718783861656391e+01 6.186795058695113170e+01
-1.277227119126740718e+01 7.670437370563090163e+00 4.518539463696432001e+00 7.670437370563090163e+00 -1.347915746793312053e+01 -2.622736252820992764e+00 4.518539463696432001e+00 -2.622736252820992764e+00 -1.171424826281993958e+01
1.512787164759133951e+01 6.666593152119051346e+00 -1.965095829448941567e+00 6.666593152119051346e+00 -3.528952423454359177e+01 5.845560257440151730e+00 -1.965095829448941567e+00 5.845560257440151730e+00 3.732285444809851693e+00
2.452915702981950474e+01 -2.014464805772990363e+00 -5.342505528162918793e+00 -2.014464805772990363e+00 -3.089303678722096080e+01 3.887931115645004709e+00 -5.342505528162918793e+00 3.887931115645004709e+00 1.588156048825454114e+01
2.586304449554109652e+01 2.508042519423609118e+00 5.997976694618804672e+00 2.508042519423609118e+00 -4.220996068534891776e+01 2.257338183565241518e+00 5.997976694618804672e+00 2.257338183565241518e+00 1.034296578889068563e+01
-2.803989758825320067e+01 -2.620927211354148856e+00 -1.114896241551115885e+01 -2.620927211354148856e+00 -7.455793447472938595e+00 1.415272745423743395e+01 -1.114896241551115885e+01 1.415272745423743395e+01 -1.299184518242031139e+01
-1.027534151370561410e+01 -6.844187753834952703e-01 -7.840590272919827797e+00 -6.844187753834952703e-01 -4.135774796199844872e+01 8.314217664985011913e-01 -7.840590272919827797e+00 8.314217664985011913e-01 -6.388239913927629132e+00
3.462628166274472363e+01 -9.685212012571984275e+00 1.577512910267373059e+00 -9.685212012571984275e+00 -4.303354817190501080e+01 3.355517403905729168e+00 1.577512910267373059e+00 3.355517403905729168e+00 4.637369976199255461e+01
3.472041420559398262e+01 2.171672512632979224e+00 3.275832010766503988e+00 2.171672512632979224e+00 3.037040495442186838e+01 7.815852806461791147e+00 3.275832010766503988e+00 7.815852806461791147e+00 3.518709250796980115e+01
1.564829818776158277e+01 -1.105989934093200411e+01 -9.168121540130620695e-02 -1.105989934093200411e+01 9.410123273566950886e+00 5.945033140165020491e+00 -9.168121540130620695e-02 5.945033140165020491e+00 3.802509028475042907e+00
-1.304561031719458519e+01 -1.084373807197089690e+01 -3.123279011356566159e-01 -1.084373807197089690e+01 -2.022531290770172419e+01 -3.299474007460569958e+00 -3.123279011356566159e-01 -3.299474007460569958e+00 1.495931277760273659e+01
-2.814900999744895316e+01 1.077531917625324809e+01 -6.458080245611401260e+00 1.077531917625324809e+01 -4.305060501070366996e+01 2.967784028062858237e+00 -6.458080245611401260e+00 2.967784028062858237e+00 -1.111082652609648846e+01
-1.985663552736292203e+01 -5.849613539328295531e+00 -7.464872631202115194e+00 -5.849613539328295531e+00 -3.292206405526488311e+01 2.774932840067405149e+00 -7.464872631202115194e+00 2.774932840067405149e+00 -1.700747515505350194e+01
2.088032385797182044e+01 -7.720412105580744644e+00 -2.533449922485887296e+00 -7.720412105580744644e+00 -4.282596474028289180e+01 7.600830937309001278e+00 -2.533449922485887296e+00 7.600830937309001278e+00 1.306654388080311335e+01
4.245957979834342666e+01 -4.510493536789779712e-01 -8.855771227475706553e+00 -4.510493536789779712e-01 -1.458066749525069739e+01 1.594332571575123936e+01 -8.855771227475706553e+00 1.594332571575123936e+01 5.166746038837095512e+01
1.823514584432830432e+01 2.592365337598678821e-01 -1.689060689441404417e+00 2.592365337598678821e-01 5.781120103427591417e+00 1.219328579335052609e+01 -1.689060689441404417e+00 1.219328579335052609e+01 2.242564709931723854e+01
5.729139399627477758e+01 6.636648105721857149e+00 -1.896365434388075855e+01 6.636648105721857149e+00 -1.098922809676630941e+01 -4.145249212639193992e+00 -1.896365434388075855e+01 -4.145249212639193992e+00 5.307891326293286482e+01
8.155106000327622340e+00 8.829765891714194126e+00 -2.279223143707510779e+00 8.829765891714194126e+00 -3.814329483651823693e+01 -9.928001812418864702e+00 -2.279223143707510779e+00 -9.928001812418864702e+00 -1.438196729248131334e+01
-3.825326079929904477e+00 7.897497022037346603e+00 -5.940893222814713326e+00 7.897497022037346603e+00 -4.952435311451333888e+01 7.390121372164412783e+00 -5.940893222814713326e+00 7.390121372164412783e+00 1.297634544701663195e+01
1.667539262466288252e-01 5.095369623208143572e+00 8.573652230327706292e+00 5.095369623208143572e+00 3.771375403947689886e+00 -7.296785011270110033e+00 8.573652230327706292e+00 -7.296785011270110033e+00 4.735915291321831089e-01
-8.716746681937681984e+00 -7.098634559999608129e+00 -5.711047679797759180e+00 -7.098634559999608129e+00 7.205011682916622640e+00 4.124078715834908593e+00 -5.711047679797759180e+00 4.124078715834908593e+00 -3.327976159210065532e+01
1.630864755662362953e+01 7.126278369621250164e+00 2.255321705726272441e+01 7.126278369621250164e+00 5.220735773682412706e+00 1.886297256290543567e+00 2.255321705726272441e+01 1.886297256290543567e+00 1.895054309115113256e+01
2.250898630366681985e+01 3.027599976197173248e+00 -6.336486059140813865e+00 3.027599976197173248e+00 1.780206748471067968e+01 -4.497909936215598314e+00 -6.336486059140813865e+00 -4.497909936215598314e+00 2.077855188481855464e+01
-2.030829474879323371e+01 -1.023866937262689270e+01 6.084697828673735209e+00 -1.023866937262689270e+01 3.158159978734623152e+01 1.378203217978735218e+01 6.084697828673735209e+00 1.378203217978735218e+01 -5.835415599975087275e+01
-8.488176213547911075e+00 -2.563305288791685843e+00 1.737247260152017958e+01 -2.563305288791685843e+00 -1.680569297282516672e+01 -2.180903283739405563e+00 1.737247260152017958e+01 -2.180903283739405563e+00 1.096575187021476516e+01
-4.259024415803668973e+01 -1.326366814622440060e+01 6.609652296754888745e+00 -1.326366814622440060e+01 -2.145774781300794132e+01 9.569342414397940644e+00 6.609652296754888745e+00 9.569342414397940644e+00 -4.798247665722026767e+01
1.268978857013111305e+00 5.118073287687644246e+00 -1.669406010880210189e+01 5.118073287687644246e+00 -4.290598215692317297e+01 1.685381054046810878e-01 -1.669406010880210189e+01 1.685381054046810878e-01 -3.218205507380349939e+00
-5.362011035212566412e+01 1.246578292938328447e+00 -6.934738395311109471e+00 1.246578292938328447e+00 -5.433704836231547119e+01 1.842586551487283286e-01 -6.934738395311109471e+00 1.842586551487283286e-01 -3.813058456837907784e+01
1.484409170442608605e+01 1.239134479678437017e+01 -1.364095920078793878e+00 1.239134479678437017e+01 -2.512767212014911067e+01 -7.893757795220605722e+00 -1.364095920078793878e+00 -7.893757795220605722e+00 6.230287397588964993e+00
-1.588226211123582488e+01 -3.583604154399070651e+00 -9.381693107672911536e-02 -3.583604154399070651e+00 -4.693210610248547709e+01 -1.513116224144004107e+01 -9.381693107672911536e-02 -1.513116224144004107e+01 -7.581688832912599985e+00
3.145166039117051682e+01 -6.607239078389516296e-01 5.774808716218913673e+00 -6.607239078389516296e-01 -8.534527397592768239e+00 7.684714084381429444e+00 5.774808716218913673e+00 7.684714084381429444e+00 3.681543445795816183e+01
2.132638579162995374e-01 -1.063641517580302898e+00 -1.162465818093776626e+01 -1.063641517580302898e+00 4.559075190599093474e+01 -8.635234157078095052e+00 -1.162465818093776626e+01 -8.635234157078095052e+00 -3.699395720227416717e+01
1.663681704461117405e+01 -2.902479066847118006e+01 -3.758292534834024146e+00 -2.902479066847118006e+01 -4.229896362651832931e+01 -1.741435587347818670e+00 -3.758292534834024146e+00 -1.741435587347818670e+00 -8.693241578772278544e+00
3.788601405536838662e+00 1.024997471139866079e+01 -1.423743197917867853e+01 1.024997471139866079e+01 2.238933170479533885e+01 -3.996620838466086401e+00 -1.423743197917867853e+01 -3.996620838466086401e+00 -1.140018355257194216e+01
-3.438579396087902751e+00 5.879358365335747294e+00 -2.814354397472165648e+00 5.879358365335747294e+00 -1.747164722812796711e+01 4.345016108358517037e-01 -2.814354397472165648e+00 4.345016108358517037e-01 2.875645713624458977e-01
4.541335721060362651e+00 2.457796189176503887e+00 2.804333261148615364e+00 2.457796189176503887e+00 6.281697490473606704e-01 -3.367056336826126373e-01 2.804333261148615364e+00 -3.367056336826126373e-01 2.504439180431051959e+00
-7.705253596916047165e+00 -1.017703974398432543e+01 9.688339642565475529e+00 -1.017703974398432543e+01 1.008430231995455628e+01 4.269477165602166835e+00 9.688339642565475529e+00 4.269477165602166835e+00 -4.738472378527055184e+01
-5.889728103123675851e+01 5.320360586264605729e+00 -1.612560006417057323e+01 5.320360586264605729e+00 -5.428201726560230611e+01 6.804829881922396240e+00 -1.612560006417057323e+01 6.804829881922396240e+00 -4.652124004593238737e+01
2.364979083400526250e+01 1.626273049593279563e+00 -1.214803351351666905e+01 1.626273049593279563e+00 -2.598818562428309420e+01 2.595106714948619331e+00 -1.214803351351666905e+01 2.595106714948619331e+00 3.945488578787502831e+01
-4.403042666513168335e+00 5.893207531342724792e+00 5.464572340077356927e+00 5.893207531342724792e+00 3.880579716408892921e+01 5.448529524497935483e+00 5.464572340077356927e+00 5.448529524497935483e+00 -2.151143287210104660e+01
-2.197442584652694109e+01 -1.148386240625368648e+00 -7.597943432958736310e+00 -1.148386240625368648e+00 -6.725420846461916824e+01 6.108730320951530679e+00 -7.597943432958736310e+00 6.108730320951530679e+00 -1.097949369632208771e+01
-3.623687421660916730e+00 -2.128807805833073719e+00 -1.365560121264025106e+01 -2.128807805833073719e+00 -7.234561926197005732e+01 1.171908660281796744e+00 -1.365560121264025106e+01 1.171908660281796744e+00 -1.134074646185810309e+01
4.242694057832542853e+01 -1.360690679097187150e+01 6.546700893397858323e+00 -1.360690679097187150e+01 -2.256751280310346530e+01 -2.485556166395141542e+00 6.546700893397858323e+00 -2.485556166395141542e+00 1.807635686328323388e+01
4.183879140624853932e+01 -4.452095263064371977e+00 -1.253140310719128969e+01 -4.452095263064371977e+00 -1.437752599325713199e+01 -4.179030508088452223e+00 -1.253140310719128969e+01 -4.179030508088452223e+00 3.844387774309890915e+01
-1.280195234891124123e+01 9.463010114814286666e+00 1.752810856576223486e+00 9.463010114814286666e+00 -6.405573966123985485e+01 1.316949356249367398e+01 1.752810856576223486e+00 1.316949356249367398e+01 -2.253630842077712515e+01
4.020020301968885690e+01 -1.650809384557099468e+00 7.348925989818580362e+00 -1.650809384557099468e+00 1.554822600651984033e+01 1.597644520997948625e+01 7.348925989818580362e+00 1.597644520997948625e+01 3.331168839110768687e+01
5.000908538665770919e+01 -4.725496004122685889e+00 -6.776956676018184744e+00 -4.725496004122685889e+00 4.825334982835403963e+01 -1.958060911721845043e+00 -6.776956676018184744e+00 -1.958060911721845043e+00 4.813671093244200705e+01
-8.930628633130282878e+00 -4.128562435359328653e+00 -2.900307605657966026e-02 -4.128562435359328653e+00 2.283681128765116597e+01 2.751483300098464202e+00 -2.900307605657966026e-02 2.751483300098464202e+00 -3.085772463968946866e+01
-2.199403452047423002e+01 6.647059872836708294e+00 1.392179824541700972e+00 6.647059872836708294e+00 -1.921044726994948704e+01 1.780089930585512459e+00 1.392179824541700972e+00 1.780089930585512459e+00 -3.321791678727464614e+01
2.550469895595946568e+01 3.579736459108584512e+00 1.610964174589458064e+00 3.579736459108584512e+00 2.733255699766747782e+01 -1.132412172497845404e+01 1.610964174589458064e+00 -1.132412172497845404e+01 1.082823713191520554e+01
1.684548365853176932e+01 6.791665606226643392e-01 2.445093224984622005e+00 6.791665606226643392e-01 -2.388350519300573893e+01 9.082619727688412414e-01 2.445093224984622005e+00 9.082619727688412414e-01 2.170992825416774252e+01
2.028694031411309950e+01 1.542964582258522555e+01 -3.866866024657826362e+00 1.542964582258522555e+01 -2.780940437985362124e+01 4.729181743688392614e-01 -3.866866024657826362e+00 4.729181743688392614e-01 3.078149786328526005e+01
4.778957622444100828e+00 2.885360216895238139e+00 -1.656183480460066448e+01 2.885360216895238139e+00 -1.616476504823874549e+01 1.277915856825527996e+01 -1.656183480460066448e+01 1.277915856825527996e+01 -9.376900568337953601e-01
-1.671594462140750537e+01 -1.898551597349344533e+01 1.335417968116253640e+01 -1.898551597349344533e+01 -1.202901409792513832e+01 -1.092766921985058648e+00 1.335417968116253640e+01 -1.092766921985058648e+00 -7.752877260795353109e+00
6.078641695938602929e+00 -7.487676736345878048e+00 8.277188335839856137e+00 -7.487676736345878048e+00 -2.077873501138292767e+01 5.843014685977789391e+00 8.277188335839856137e+00 5.843014685977789391e+00 1.232332527003321854e+00
2.946592353666504849e+01 -6.327947639871275953e+00 -9.790869356962826231e+00 -6.327947639871275953e+00 -1.732165467096653089e+01 1.886442775248519865e+01 -9.790869356962826231e+00 1.886442775248519865e+01 4.432874452194839421e+01
-2.388363096898870719e+00 -1.055161018472283940e+00 -1.469546273423197214e+01 -1.055161018472283940e+00 -2.739830642896448509e+01 7.385782410906192474e+00 -1.469546273423197214e+01 7.385782410906192474e+00 2.630370815866877621e+01
-2.176709864279636264e+01 -4.988706937501486749e+00 -1.090750702640713998e-01 -4.988706937501486749e+00 7.047158559464649308e+00 -3.835638163870422890e+00 -1.090750702640713998e-01 -3.835638163870422890e+00 -4.923990882486526033e+01
-1.132223999150729199e+01 -1.581529585865227405e+00 -1.212590559377490784e+01 -1.581529585865227405e+00 -5.507718043437805022e+01 6.625102822695091653e+00 -1.212590559377490784e+01 6.625102822695091653e+00 3.984997875039153481e-02
-9.186399980454991621e+00 -5.617143003740599383e+00 -9.468438987114538463e+00 -5.617143003740599383e+00 2.009168250493207708e+01 -1.330257445773302649e+01 -9.468438987114538463e+00 -1.330257445773302649e+01 -1.148728470057348439e+01
-1.306827120831815492e+01 -1.052126897787798043e+01 5.360561464960412970e+00 -1.052126897787798043e+01 1.307966060133106900e+01 -1.524662022407212436e-02 5.360561464960412970e+00 -1.524662022407212436e-02 -3.999548687088354626e+01
-1.545616154318565982e+01 -1.075585228852705910e+00 -8.177885449466176127e+00 -1.075585228852705910e+00 -6.895609775466323299e+01 6.560432280464016941e+00 -8.177885449466176127e+00 6.560432280464016941e+00 -2.948609442620662335e+01
3.936030900848363956e+01 4.839147749065075388e+00 3.677782581168292264e+00 4.839147749065075388e+00 3.924343731047533623e+01 -5.675706235634364605e-01 3.677782581168292264e+00 -5.675706235634364605e-01 3.825993640458556655e+01
1.644377553263199232e+00 -8.410268291144067376e+00 1.269487867251137736e+01 -8.410268291144067376e+00 -3.093186993763844228e+01 6.991581438139141902e+00 1.269487867251137736e+01 6.991581438139141902e+00 2.731598114504794506e+00
3.544028620724598255e+01 4.328824499296436201e+00 -6.161189937656327942e+00 4.328824499296436201e+00 -1.923783026979916855e+01 -1.230179697295680263e+01 -6.161189937656327942e+00 -1.230179697295680263e+01 5.803442628389740321e+01
3.905563797224066036e+01 4.440725130275023913e-01 -6.930465440894042928e+00 4.440725130275023913e-01 -1.786411897530202353e+01 -1.515267520056851502e+01 -6.930465440894042928e+00 -1.515267520056851502e+01 3.681470600455284625e+01
4.161518480023818967e+01 9.052903186361438426e-01 5.000860981861699806e+00 9.052903186361438426e-01 -2.252455805798697597e+01 1.394260908303800761e+01 5.000860981861699806e+00 1.394260908303800761e+01 4.775714856188303514e+01
-1.044117445481649753e+01 6.654844112309118431e-01 2.228266237545437178e+00 6.654844112309118431e-01 -7.351925535555498925e+01 -6.619673646138696022e+00 2.228266237545437178e+00 -6.619673646138696022e+00 4.684462882178251242e+00
5.513979135824804700e+00 -1.820341903142062012e+00 2.837494922118128482e+00 -1.820341903142062012e+00 1.469198245084850640e+01 -6.662244038404144142e+00 2.837494922118128482e+00 -6.662244038404144142e+00 1.376631912135715563e+00
3.367139838712591260e+00 -1.553510176196610537e+01 1.195068231186173691e+01 -1.553510176196610537e+01 -1.561951181798566246e+01 -8.138209652329848609e+00 1.195068231186173691e+01 -8.138209652329848609e+00 1.347169743642587214e+01
-2.774124691812017485e+00 -8.262047210210567982e+00 -1.668876832509300812e+01 -8.262047210210567982e+00 2.369314136608614518e+01 -1.447742893430889666e+01 -1.668876832509300812e+01 -1.447742893430889666e+01 -1.697423226779574179e+01
-2.750614473729579146e+01 -1.084377576861946757e+01 5.914292303178349641e+00 -1.084377576861946757e+01 -3.248593420186441261e+00 4.555942596465606620e+00 5.914292303178349641e+00 4.555942596465606620e+00 -3.554114817387159064e+01
1.042529901222347100e+01 -1.360532892672106620e+01 1.886840432982922167e+01 -1.360532892672106620e+01 -2.389757720937403818e+01 6.916718179104123232e-01 1.886840432982922167e+01 6.916718179104123232e-01 1.469226327327207393e+01
9.557282573496392430e+00 7.747436015550369648e-01 -1.246157638191398931e+01 7.747436015550369648e-01 -1.641952407394152047e+01 1.585892410261773966e+00 -1.246157638191398931e+01 1.585892410261773966e+00 4.327171471903168509e+01
-2.676384334855219649e+01 8.760437027183129999e+00 5.253179049453787997e+00 8.760437027183129999e+00 2.097009637603276300e+00 1.022479646621843763e+01 5.253179049453787997e+00 1.022479646621843763e+01 -4.198159610594790792e+01
-1.481652957670103810e+01 -5.501881964298294569e+00 8.592500358053376530e+00 -5.501881964298294569e+00 -1.403680237998720592e+01 -1.172652495030383157e+00 8.592500358053376530e+00 -1.172652495030383157e+00 -8.301096462827366906e+00
3.397341497892242046e+01 -1.458105841884352216e+00 -2.228799315086075872e+00 -1.458105841884352216e+00 2.162969163037517006e+01 6.085100660043245568e+00 -2.228799315086075872e+00 6.085100660043245568e+00 3.180695643703154829e+01
-2.526827552523587883e+01 3.958094814936528483e+00 -1.882871588994488476e+00 3.958094814936528483e+00 -6.723482910278195668e+00 2.948673585488430504e+00 -1.882871588994488476e+00 2.948673585488430504e+00 1.339304535687766240e+01
1.576300056169019470e+01 1.885429127457422638e+01 2.689862217655767385e+00 1.885429127457422638e+01 -1.755247544546195115e+01 4.227770157069173251e+00 2.689862217655767385e+00 4.227770157069173251e+00 1.056300872961791271e+01
-1.323730172122795246e+01 -1.467913445278242435e+01 5.370200948998004264e+00 -1.467913445278242435e+01 -7.028994806700335118e+01 -5.173226156550778221e+00 5.370200948998004264e+00 -5.173226156550778221e+00 -3.946779321533566787e+01
2.548389791944038762e+01 -8.635357309984579288e+00 -1.627049643733748496e+00 -8.635357309984579288e+00 -3.535148868935609556e+01 2.229796050328567603e+01 -1.627049643733748496e+00 2.229796050328567603e+01 3.398349711577352394e+01
3.355561257263517949e-01 7.277632414872809541e+00 5.152878507524469853e-01 7.277632414872809541e+00 2.643615712245288574e-01 1.557223868635105424e+00 5.152878507524469853e-01 1.557223868635105424e+00 -1.865381992492542329e+00
-3.353413670477793040e+00 -6.806171819143076007e+00 2.043605444999522902e+00 -6.806171819143076007e+00 -2.280217169392567911e+01 3.360051017808017182e+00 2.043605444999522902e+00 3.360051017808017182e+00 -8.260369315524468403e-02
-3.105795188821717900e+01 2.310140575785778250e+00 -1.321697707269595234e+01 2.310140575785778250e+00 -2.652498125094013304e+01 2.421564862977473087e+00 -1.321697707269595234e+01 2.421564862977473087e+00 -1.897945632604942290e+01
1.055975744540974048e+01 1.363914895726851206e+01 -4.999340304287803960e+00 1.363914895726851206e+01 3.244331756394343902e+00 7.838609407496145209e+00 -4.999340304287803960e+00 7.838609407496145209e+00 6.320148579856312843e+00
4.709730581414349970e+00 -3.206888359797340549e+00 -7.589357148650809570e+00 -3.206888359797340549e+00 2.959681606135816523e+01 8.597212872599326872e-01 -7.589357148650809570e+00 8.597212872599326872e-01 -2.507262146848272977e+01
4.406580459964531826e+01 -7.742415615714709487e-01 -7.449157818825781874e+00 -7.742415615714709487e-01 -8.893954516533788990e+00 -1.009990124998618066e+00 -7.449157818825781874e+00 -1.009990124998618066e+00 5.306508745969968999e+01
-2.332203431761882584e+01 2.355299030607949540e+00 1.140216270515621577e+00 2.355299030607949540e+00 -2.839735324222350243e+01 -3.492223662597970346e+00 1.140216270515621577e+00 -3.492223662597970346e+00 -3.712503038632046071e+01
-1.315120252143835877e+01 1.018973193929385790e+00 4.471826542000544080e+00 1.018973193929385790e+00 -5.788559567449415688e+00 -4.126460083170775839e+00 4.471826542000544080e+00 -4.126460083170775839e+00 -2.068147405420000950e+01
-1.290176903591503610e+01 1.195644162497979224e+01 -2.113170620788153187e+01 1.195644162497979224e+01 -2.616763662687381142e+01 -3.193078470869330943e+00 -2.113170620788153187e+01 -3.193078470869330943e+00 2.539260878099114827e+00
-2.337159967620139511e+01 -1.264991041750587364e+01 2.488608461677091377e+00 -1.264991041750587364e+01 -2.146356578154123085e+01 8.933773987022020080e+00 2.488608461677091377e+00 8.933773987022020080e+00 -3.183237403398354814e+01
2.131640401264694518e+01 5.633942625913619828e+00 2.688121632011970519e+00 5.633942625913619828e+00 2.380577513797627986e+01 7.507385695507206691e+00 2.688121632011970519e+00 7.507385695507206691e+00 1.872622092386365722e+01
2.080726144720388970e-01 7.271181710171580548e+00 -1.602627760109180954e+01 7.271181710171580548e+00 -4.517835498371354674e+01 -1.479866326422705747e+01 -1.602627760109180954e+01 -1.479866326422705747e+01 -4.687324846311772042e+00
-5.845499227306008549e+01 -1.586353630146178473e+00 3.109477221552928050e+00 -1.586353630146178473e+00 -2.009180557881027696e+01 -2.704509053220954584e+01 3.109477221552928050e+00 -2.704509053220954584e+01 -2.205422777637485865e+01
3.218141520182835080e+01 3.112442272945403321e+00 -6.599310364794301442e+00 3.112442272945403321e+00 -2.646628486119694301e+01 7.911307836357580392e+00 -6.599310364794301442e+00 7.911307836357580392e+00 5.276312406468849048e+01
-4.728359703089465960e+00 1.213113783881778762e-01 -7.103280104235904169e+00 1.213113783881778762e-01 1.526024912984629900e+01 1.308716185637931950e+01 -7.103280104235904169e+00 1.308716185637931950e+01 -1.546699571725647537e+01
-5.239294532039543206e+00 -8.817792549114628287e+00 7.262322139263144294e+00 -8.817792549114628287e+00 -4.669544892612135811e+01 1.424932050756124724e+01 7.262322139263144294e+00 1.424932050756124724e+01 -1.900772087645653485e+01
-4.193034053849821419e+01 -2.678193225193216787e+00 -1.082917807600847077e-01 -2.678193225193216787e+00 -1.136200340331891656e+00 -8.658480203921625318e+00 -1.082917807600847077e-01 -8.658480203921625318e+00 -4.983890612107516915e+01
