-3.173828258541378844e+01 -4.278658582276782418e+00 2.133892225059940273e+01 -4.278658582276782418e+00 -2.575095837438330193e+01 -2.068447699988430344e+01 2.133892225059940273e+01 -2.068447699988430344e+01 -4.142900575732748791e+01
-9.263915637824508664e+00 -2.628535676224939888e+00 1.268561675654548004e+01 -2.628535676224939888e+00 -6.297284718401263603e+01 1.050110680586805678e+01 1.268561675654548004e+01 1.050110680586805678e+01 -1.254243657612197538e+01
1.416065443840359528e+01 2.310302246185555575e+01 9.738229727161639815e+00 2.310302246185555575e+01 -1.198221447068019963e+01 -1.231503505881066118e+01 9.738229727161639815e+00 -1.231503505881066118e+01 -2.024637569852684393e+01
3.643611882941277713e+01 1.488406205407893168e+01 3.449154223666010211e+01 1.488406205407893168e+01 1.324544985147915277e+01 -8.133538805993286047e+00 3.449154223666010211e+01 -8.133538805993286047e+00 1.262056499552634925e+01
5.287116385844890232e+01 4.154871365412039275e+00 3.350471888954886879e+01 4.154871365412039275e+00 2.699253684077202564e+01 -2.247822284647391911e+01 3.350471888954886879e+01 -2.247822284647391911e+01 4.233751312822904111e+01
1.472971674252272756e+01 6.604375453792680872e+00 2.717239156904891573e+01 6.604375453792680872e+00 -1.392121978436165719e+01 1.640795637362248627e+01 2.717239156904891573e+01 1.640795637362248627e+01 -3.461125326746073227e+01
1.120498077412817040e+01 4.395319347980887414e+00 3.310036210447993454e+01 4.395319347980887414e+00 -4.005369690661461135e+01 -1.241674862081758057e+01 3.310036210447993454e+01 -1.241674862081758057e+01 -3.103180639444981637e+01
-2.149519199680884540e+01 -1.549703343388508259e+01 1.309332371240843074e+01 -1.549703343388508259e+01 -4.841792960817672054e+01 1.282485513050180437e+01 1.309332371240843074e+01 1.282485513050180437e+01 -1.321447088910665180e+01
5.551759139018915157e+00 -1.701544690817102889e+01 2.756726962677578108e+00 -1.701544690817102889e+01 1.416715130178094206e+01 6.346660833456648554e+00 2.756726962677578108e+00 6.346660833456648554e+00 1.700740829417481947e+01
-2.135927807547481549e+01 3.587336937186873520e+00 1.974207637420317596e+01 3.587336937186873520e+00 -4.797220782469342026e+01 -1.181835338498792076e+01 1.974207637420317596e+01 -1.181835338498792076e+01 -1.510416134157614820e+01
-4.933517807677901601e+01 -1.714517781770791061e+01 6.281748659430340886e+00 -1.714517781770791061e+01 -4.774418820173144695e+01 9.758015820963286124e-01 6.281748659430340886e+00 9.758015820963286124e-01 -4.901629360045928507e+01
3.041901415083824034e+01 -1.062858917939243808e+00 5.455314938035307204e-01 -1.062858917939243808e+00 8.615560034033922676e+00 -1.288548181126806913e+00 5.455314938035307204e-01 -1.288548181126806913e+00 3.086828747271692919e+01
1.971129043224603805e+01 -3.515857238344507474e-01 3.112847639537366717e+01 -3.515857238344507474e-01 -4.730560453931195397e+00 -1.313598040474057171e+01 3.112847639537366717e+01 -1.313598040474057171e+01 7.340193344255100172e+00
1.531945240312732359e+01 -1.657019528218174997e+01 4.057597517741426074e+00 -1.657019528218174997e+01 -1.685895296028481027e+01 -6.435098388352323617e+00 4.057597517741426074e+00 -6.435098388352323617e+00 -4.599940356118392693e+00
-2.067402020907907811e+01 -8.607744302654625201e+00 7.829922210455173115e+00 -8.607744302654625201e+00 -2.020708673173252734e+01 -1.716722998920835241e+00 7.829922210455173115e+00 -1.716722998920835241e+00 -1.727171127013573582e+01
-1.893361370523707565e+00 1.415543718426035902e+01 2.789926948172945131e+01 1.415543718426035902e+01 -3.144273688591298566e+01 1.069231860024278391e-01 2.789926948172945131e+01 1.069231860024278391e-01 -2.056947889433943999e+01
-1.713346337711436007e+01 1.433883302563402751e+01 1.536144841672618000e+01 1.433883302563402751e+01 -4.273087091856420017e+01 1.019449599194030220e+01 1.536144841672618000e+01 1.019449599194030220e+01 -2.823485803540000205e+01
-2.466544452619293182e+01 -2.709382854336197077e+00 3.757928096319111688e+01 -2.709382854336197077e+00 -3.644693272816574847e+01 2.279346271701497528e+01 3.757928096319111688e+01 2.279346271701497528e+01 -1.807816967968630451e+01
9.868638684747708112e+00 -1.289594512922506553e+01 6.032912034777034194e+00 -1.289594512922506553e+01 -2.739509865519731591e+01 -7.198859405851280258e+00 6.032912034777034194e+00 -7.198859405851280258e+00 -2.338091790197169839e+00
4.319320504039549746e+01 1.761567334398752038e+01 8.542740449717703299e+00 1.761567334398752038e+01 9.193401506674547807e-01 3.724082986842682796e+00 8.542740449717703299e+00 3.724082986842682796e+00 3.940966379440206424e+01
-1.222775307763002495e+01 -1.659511725228957246e+01 3.026226424432858408e+01 -1.659511725228957246e+01 -6.004742316720791706e+01 1.246356965849521492e+00 3.026226424432858408e+01 1.246356965849521492e+00 5.318336192418319897e+00
7.357699455707383152e+01 -8.384577894221403316e-01 -4.317391593863848520e-01 -8.384577894221403316e-01 2.263932830796391826e+01 1.760324357792509842e+00 -4.317391593863848520e-01 1.760324357792509842e+00 6.491975812727957873e+01
-2.664595530825631275e+00 9.217952061747873849e-01 6.176095042115290923e+00 9.217952061747873849e-01 2.286114654756523024e+01 -1.822476753386933712e+00 6.176095042115290923e+00 -1.822476753386933712e+00 2.088007949098939164e+01
5.522304264270702845e+01 -1.059502524600209306e+01 3.610916734100218406e+01 -1.059502524600209306e+01 1.349820594090467019e+01 -6.000960496470771233e+00 3.610916734100218406e+01 -6.000960496470771233e+00 1.156850916403775464e+01
-5.814837429643274547e+00 4.063692171908151352e+00 6.897423224846993328e+00 4.063692171908151352e+00 -8.276230248977322290e+00 -4.305624437653452041e+00 6.897423224846993328e+00 -4.305624437653452041e+00 1.859530710944512322e+01
-7.978179085520589631e+00 -1.777665002177104991e+00 1.866895039302722736e+01 -1.777665002177104991e+00 -5.009221350402241058e+01 -1.043232809438283759e+01 1.866895039302722736e+01 -1.043232809438283759e+01 -2.460113896656009302e+01
-2.568217648386112373e+01 -7.814296032755095212e+00 6.010624439306517797e-01 -7.814296032755095212e+00 2.296282858311512243e+00 -1.530772966463861451e+01 6.010624439306517797e-01 -1.530772966463861451e+01 -1.901412779233064043e+01
1.474199750708050871e+01 -2.306799713961002821e-02 6.138255750468153593e+01 -2.306799713961002821e-02 -5.153537071923402380e+00 5.426585613568144950e+00 6.138255750468153593e+01 5.426585613568144950e+00 -1.599933042699981023e+01
7.151597687498556866e+01 1.212121013149689297e+01 5.514496392390969959e+01 1.212121013149689297e+01 3.703887599548290410e+01 3.571177179047830830e+00 5.514496392390969959e+01 3.571177179047830830e+00 4.454405242757326988e+01
2.344962556789285202e+01 -6.444239925162055904e+00 2.030307743432884848e+01 -6.444239925162055904e+00 2.609993638351720602e+00 9.158075735737316592e+00 2.030307743432884848e+01 9.158075735737316592e+00 4.059785276605607152e+01
-4.356639025880000560e+01 1.174418955610742366e+01 8.366443922561686009e+00 1.174418955610742366e+01 -3.063628576989222907e+01 6.709881583536537519e+00 8.366443922561686009e+00 6.709881583536537519e+00 -3.473823612263671379e+01
3.554892173290858892e+01 -1.097945316545697558e+01 3.855718678121102272e+01 -1.097945316545697558e+01 -1.680778461006600466e+01 6.576900534349226390e+00 3.855718678121102272e+01 6.576900534349226390e+00 1.082939537549756892e+01
2.896235456718722645e+01 7.330408267812878798e+00 2.157640656348619501e+01 7.330408267812878798e+00 -4.795097407424846025e+00 -1.200214215586286315e+01 2.157640656348619501e+01 -1.200214215586286315e+01 -3.235350638128071665e+01
3.649880464675582203e+01 -1.752135583701846144e+01 1.665829270897717151e+01 -1.752135583701846144e+01 4.779881089829876117e+01 6.913235628181065628e+00 1.665829270897717151e+01 6.913235628181065628e+00 3.805709577815699163e+01
9.404206398826666202e+00 -6.856337240498898034e+00 3.873072946303280162e+01 -6.856337240498898034e+00 -3.049886067063691364e+00 -1.390393997654843616e+01 3.873072946303280162e+01 -1.390393997654843616e+01 8.343514309241745863e+00
4.167575328484081965e+00 1.767859713241380248e+01 8.622076429806984521e+00 1.767859713241380248e+01 -4.239765249524536017e+01 7.473101763417233201e+00 8.622076429806984521e+00 7.473101763417233201e+00 -5.389265131689393229e+01
1.625160927142291101e+01 1.546145023730817192e+00 2.448002936534381391e+01 1.546145023730817192e+00 1.286162399221307950e+01 -8.293365179573710222e+00 2.448002936534381391e+01 -8.293365179573710222e+00 -1.080784772854226894e+01
5.210599085714429890e+01 6.483081461806205148e+00 -1.552202126989980613e+00 6.483081461806205148e+00 9.774690936486438275e+00 4.043379758285798320e-01 -1.552202126989980613e+00 4.043379758285798320e-01 4.244366853781331628e+01
8.238692272594240862e+00 2.944474814515285477e+00 -5.834544008375133206e-01 2.944474814515285477e+00 -2.298863916107955774e+01 -5.205926726299841434e+00 -5.834544008375133206e-01 -5.205926726299841434e+00 1.708026423903748992e+01
1.866541002420061091e+01 2.899059823754125631e+00 2.236741374830210560e+01 2.899059823754125631e+00 1.778257997116454492e+00 1.229840006700923105e+01 2.236741374830210560e+01 1.229840006700923105e+01 -3.580604236611274871e+01
-1.700438355044036509e+00 6.995101241835454786e+00 4.072028897502048039e+01 6.995101241835454786e+00 -5.325772282223886123e+01 -2.286939560387521997e+00 4.072028897502048039e+01 -2.286939560387521997e+00 -4.270056274590542955e+01
-8.566663343393160490e-01 -1.202090684939331799e+00 1.255391170209395213e+01 -1.202090684939331799e+00 -8.279881542898230862e+00 -1.282473109836093705e+01 1.255391170209395213e+01 -1.282473109836093705e+01 1.090215890325751857e+01
-5.288917246644466275e+00 -1.148247079869253184e+01 2.778742614243473241e+01 -1.148247079869253184e+01 -5.579500195685019293e+01 5.386313227618666488e+00 2.778742614243473241e+01 5.386313227618666488e+00 -4.713259938160383911e+00
2.884777478181742083e+01 -3.099985548979415917e+00 3.478402597651709982e+01 -3.099985548979415917e+00 -2.088244200211633483e+01 4.457104284443766495e+00 3.478402597651709982e+01 4.457104284443766495e+00 8.762258884035622586e+00
8.324536516499914995e+00 2.222562156462172922e+01 2.318039935300525300e+01 2.222562156462172922e+01 2.547185413821714661e+01 -1.639326054439365521e+01 2.318039935300525300e+01 -1.639326054439365521e+01 1.053689966159816827e+01
-2.789418882212667583e+01 7.833184310173193943e+00 7.999381395631203873e+00 7.833184310173193943e+00 -5.141436313130586910e+01 -8.077568327755392019e+00 7.999381395631203873e+00 -8.077568327755392019e+00 -1.122365803185696542e+01
-9.219652104269147941e+00 7.415399232269279217e+00 -8.121936957093939924e+00 7.415399232269279217e+00 -6.507561224462378391e+01 4.968565576470974854e+00 -8.121936957093939924e+00 4.968565576470974854e+00 -1.601505585426138367e+01
2.631799200980025066e+00 -1.828921229855022901e+01 1.646012346037450413e+01 -1.828921229855022901e+01 -4.045320265461955955e+01 -3.477946817516401001e+00 1.646012346037450413e+01 -3.477946817516401001e+00 -5.560383790358573108e+00
-2.671661050983302488e+01 -8.275326559624945899e-01 1.094389076311858489e+01 -8.275326559624945899e-01 -2.321052231602739724e+01 -4.733825844851201836e+00 1.094389076311858489e+01 -4.733825844851201836e+00 -2.648048560038524002e+01
-1.942402604432476210e+01 3.029682239786366527e+00 2.304364303438601524e+01 3.029682239786366527e+00 -6.200441839692099677e+01 -2.056884507943019358e+01 2.304364303438601524e+01 -2.056884507943019358e+01 -3.752835474043536124e+01
-1.968647598015990852e+01 3.587708147288298566e+00 9.308761061533351366e+00 3.587708147288298566e+00 -8.991224450907809640e+00 -1.035015916901528321e+01 9.308761061533351366e+00 -1.035015916901528321e+01 1.117217225758075472e+01
-1.999231948339013343e+01 1.187799226502412964e+01 3.234756801057816045e+00 1.187799226502412964e+01 -3.778611041287005889e+01 3.512894928433251795e+00 3.234756801057816045e+00 3.512894928433251795e+00 2.854935131907975210e-01
6.614183081659330554e+00 -4.188654593268355875e+00 2.301539568135138936e+01 -4.188654593268355875e+00 -5.992112542235597772e+01 2.044246932310998854e+00 2.301539568135138936e+01 2.044246932310998854e+00 -2.669236158416519444e+01
2.973642108712629195e+01 1.708708284377010500e+01 3.161042972658863803e+01 1.708708284377010500e+01 -3.210844571200910735e+01 1.252807986162910225e+01 3.161042972658863803e+01 1.252807986162910225e+01 -5.645438728182445409e+00
-3.775279517586316302e+01 5.702919259841663369e+00 1.473283951302913941e+01 5.702919259841663369e+00 -6.118750431329537776e+01 -2.215306420006342591e+00 1.473283951302913941e+01 -2.215306420006342591e+00 -1.939308703210553375e+01
-6.014582129940769128e+00 -2.290273905824240686e+01 3.460402872007004760e+01 -2.290273905824240686e+01 -2.769497351857582057e+00 2.329240845718056452e+00 3.460402872007004760e+01 2.329240845718056452e+00 1.053119119277054594e+00
-2.598610620963169282e+01 -9.617053802789300221e+00 2.899242437889406787e+01 -9.617053802789300221e+00 -1.724218951279313572e+01 -2.085845815070982212e+01 2.899242437889406787e+01 -2.085845815070982212e+01 -1.769668579661171037e+01
-2.792060533866269978e+01 1.014044400240610599e+00 3.019744593725956960e+01 1.014044400240610599e+00 -2.710492754077604616e+01 1.282350096589488686e+01 3.019744593725956960e+01 1.282350096589488686e+01 5.166266565392217736e+00
-2.553607566980342725e+01 1.833445753251254828e+01 5.603366473046412111e+00 1.833445753251254828e+01 -8.338263560801070184e+01 -1.316771985852553684e+01 5.603366473046412111e+00 -1.316771985852553684e+01 -2.827142575681297743e+01
9.596743270561327588e-01 1.284671461824730621e+01 3.680223477859644277e+01 1.284671461824730621e+01 -6.703424198807000778e+01 1.243422082414156371e+01 3.680223477859644277e+01 1.243422082414156371e+01 -1.714475724242558563e+00
3.242391378393573120e+01 1.850706673199747021e+00 6.548201538774232056e+00 1.850706673199747021e+00 -7.427949307927890210e+00 1.800836736841054941e+00 6.548201538774232056e+00 1.800836736841054941e+00 -2.127040722209869728e+00
-1.717986946113746072e+01 2.901665767039533605e+01 2.575678070816067944e+01 2.901665767039533605e+01 -4.924731085091568161e+01 -3.216153932827921835e+00 2.575678070816067944e+01 -3.216153932827921835e+00 5.408919912741796843e+00
6.094491132645214293e+01 2.395621196358547422e+00 9.309114282861859380e+00 2.395621196358547422e+00 3.436178978342081791e+01 -5.953562175045259863e+00 9.309114282861859380e+00 -5.953562175045259863e+00 6.906220291055876714e+01
-1.614710979966107374e+01 8.906091433036078087e+00 9.397390088066391201e+00 8.906091433036078087e+00 -3.545247426930986734e+01 -9.200160102531108608e-01 9.397390088066391201e+00 -9.200160102531108608e-01 -2.731706949094565218e+01
4.952135726047827369e+00 -6.165401770133174253e+00 1.692046488396503179e+01 -6.165401770133174253e+00 -2.188033634378250269e+01 1.228465992492328240e+01 1.692046488396503179e+01 1.228465992492328240e+01 3.592438901606318069e+01
-2.280125289149079038e+01 8.958031561201134085e-01 2.612696359466110607e+01 8.958031561201134085e-01 -8.556512582938968592e+01 4.721543761067240830e+00 2.612696359466110607e+01 4.721543761067240830e+00 -5.434262053911900381e+01
-4.401118581612543323e+01 7.982595206764087070e-01 7.877166811252529044e+00 7.982595206764087070e-01 -8.797767465131478559e+01 5.544467832597314683e+00 7.877166811252529044e+00 5.544467832597314683e+00 -5.696949712376832764e+01
-1.116370702722295505e+01 4.146796449649201577e+00 1.164471052547129659e+01 4.146796449649201577e+00 -3.024877743990650458e+01 3.713908969335117494e+00 1.164471052547129659e+01 3.713908969335117494e+00 1.410120894767072031e+01
6.856917043341888984e+01 1.513893688312593078e+01 5.278690164898963388e+01 1.513893688312593078e+01 3.830862399620042424e+01 2.182989559793770340e+01 5.278690164898963388e+01 2.182989559793770340e+01 2.616051847944209641e+01
3.591607681092418147e+01 1.288053393337093055e+01 1.433913482964941588e+00 1.288053393337093055e+01 -1.456552877754664443e+01 -3.392077635746993530e-02 1.433913482964941588e+00 -3.392077635746993530e-02 -2.158593493128581731e+00
-2.304927126250158409e+01 1.015776034967068497e+01 -3.537815643107739549e-01 1.015776034967068497e+01 -4.228346438634870452e+01 -1.622374880872079572e+01 -3.537815643107739549e-01 -1.622374880872079572e+01 -2.999131697879058578e+01
4.260857372897971374e+01 2.125453677287866050e+00 2.229989926267619182e+01 2.125453677287866050e+00 1.035453666287211050e+01 -5.180210818001850903e+00 2.229989926267619182e+01 -5.180210818001850903e+00 2.403394337698186689e+01
-3.541863892821863402e+01 -3.870236169502942580e+00 1.726663659774281356e+01 -3.870236169502942580e+00 -4.720994315368731975e+01 6.865848041813091385e+00 1.726663659774281356e+01 6.865848041813091385e+00 -3.054243823706548966e+01
4.021630281846344701e+01 2.307799721085798783e+00 3.236282092364899654e+01 2.307799721085798783e+00 -1.373674895049966338e+01 1.738270504668079042e+01 3.236282092364899654e+01 1.738270504668079042e+01 1.511946752158044838e+01
9.525591214543997154e+00 -7.424658346894237759e+00 2.878510947385270313e+01 -7.424658346894237759e+00 1.365124926926003113e+01 4.466598476662934303e+00 2.878510947385270313e+01 4.466598476662934303e+00 -1.662040562943411359e+01
9.868630558341166648e+00 1.758423565955422774e+01 1.100022307099184715e+01 1.758423565955422774e+01 -4.439986958837619824e+01 1.253017816700269016e+01 1.100022307099184715e+01 1.253017816700269016e+01 -1.265123152591145228e+01
1.889661434430710329e+01 3.504420190680168079e-01 3.390686051245416621e+01 3.504420190680168079e-01 -1.999280753692489654e+01 7.792403213314443633e+00 3.390686051245416621e+01 7.792403213314443633e+00 1.167607966126366925e+01
1.253319670999431601e+01 -4.910797616718189040e+00 1.419341312114578457e+01 -4.910797616718189040e+00 2.867962500200992437e+01 -4.354950655291932549e+01 1.419341312114578457e+01 -4.354950655291932549e+01 6.358569024792292801e+00
1.357600196288148986e+00 1.054258322608636789e+01 1.877525562059290465e+01 1.054258322608636789e+01 -4.900876082783013743e+01 -6.569329930421742070e+00 1.877525562059290465e+01 -6.569329930421742070e+00 -1.232231680647597116e+01
2.161585477885636664e+01 1.206422154548976167e+01 1.234042408134103397e+01 1.206422154548976167e+01 -7.751602707850013374e+00 -1.493422599073707424e+01 1.234042408134103397e+01 -1.493422599073707424e+01 4.067158462107689054e+00
-1.575386588635481466e+01 -7.858513637067534141e+00 1.492953063255574619e+01 -7.858513637067534141e+00 -5.211499474905944851e+01 4.871381057981668761e+00 1.492953063255574619e+01 4.871381057981668761e+00 -1.746114191233350965e+01
4.749044397911775661e+01 -1.650979034341082041e+01 2.793427788256859756e+01 -1.650979034341082041e+01 3.528824093672446338e+01 1.178241718043508612e+01 2.793427788256859756e+01 1.178241718043508612e+01 4.235964006086013001e+01
1.270143592985678183e+01 -2.403914248411830545e+00 1.057369714305706587e+01 -2.403914248411830545e+00 -1.464739039255364439e+01 -1.387733528324798549e+01 1.057369714305706587e+01 -1.387733528324798549e+01 -4.621216472405563103e+00
2.718823299620438405e+01 -7.243900992076276246e+00 9.767319359515402866e+00 -7.243900992076276246e+00 -2.635889377753912299e+01 3.032843424873702176e+00 9.767319359515402866e+00 3.032843424873702176e+00 1.031372660347498105e+01
1.941706225126171148e+01 -5.838113976195788979e+00 9.883542309750584565e+00 -5.838113976195788979e+00 -5.370943239301769090e+00 2.388437204115860357e+00 9.883542309750584565e+00 2.388437204115860357e+00 3.165756098472218838e+01
2.578725861016473075e+01 -4.262869980548639859e+00 3.594835153327152000e+01 -4.262869980548639859e+00 -1.917924401698059711e+01 1.886553734283730410e+00 3.594835153327152000e+01 1.886553734283730410e+00 -7.759738691370106523e+00
9.792781380067783203e-01 2.006034232184192234e+01 4.352109873232351767e+00 2.006034232184192234e+01 -2.643564620720344038e+01 -1.022180202664374526e+01 4.352109873232351767e+00 -1.022180202664374526e+01 6.028245860482784657e+00
-9.859230256955399341e+00 3.246983012287600889e+00 2.895205821229525522e+00 3.246983012287600889e+00 -1.377897185121434376e+01 -9.353627024445538396e+00 2.895205821229525522e+00 -9.353627024445538396e+00 6.558281756665701678e+00
5.189338920449291237e+00 2.361882750414476817e+01 2.863444351992837156e+01 2.361882750414476817e+01 -2.219571636933445191e+01 9.712539253902535918e+00 2.863444351992837156e+01 9.712539253902535918e+00 -1.933445804072502838e+01
-3.454088093261715642e+01 1.463392441879529393e+01 2.199633202959242695e+01 1.463392441879529393e+01 -5.490028657429309078e+01 -1.843008950056082185e+01 2.199633202959242695e+01 -1.843008950056082185e+01 -7.397018733783947653e+01
-6.081701649666688247e+00 1.535870762424748470e+01 2.781871359206028416e+01 1.535870762424748470e+01 -3.728592464565945619e+01 -2.830894250777608701e+00 2.781871359206028416e+01 -2.830894250777608701e+00 -1.146766681248307940e+00
1.416423937871722138e+01 -6.758257552165620297e+00 -1.124702197990196417e+01 -6.758257552165620297e+00 -7.369544542749117966e+00 -1.670656911325864868e+01 -1.124702197990196417e+01 -1.670656911325864868e+01 -1.004409762929425831e+01
3.435658251725674006e+01 2.212033548068429667e+01 5.017169378473199970e+01 2.212033548068429667e+01 9.082664585639401267e+00 8.871656803467803387e-01 5.017169378473199970e+01 8.871656803467803387e-01 2.874229472943012809e+01
-1.799923329993633914e+01 2.025769717796566560e+00 3.217519633072964069e+01 2.025769717796566560e+00 -9.301783212588789596e+00 -1.606753062945812971e+01 3.217519633072964069e+01 -1.606753062945812971e+01 1.353306816486140818e+01
-2.256468260505426926e+01 -1.795379474573270073e+01 1.776741154707975312e+01 -1.795379474573270073e+01 -4.943871170733159204e+01 -8.894645342935053378e+00 1.776741154707975312e+01 -8.894645342935053378e+00 6.538251452130081631e+00
-5.351401023395676049e+01 -2.479915580553279320e+00 1.175019121177299297e+01 -2.479915580553279320e+00 -4.103903628979858809e+01 7.264639924265829052e+00 1.175019121177299297e+01 7.264639924265829052e+00 -4.140979322799952911e+01
-1.773190036177843254e+01 9.857055900984692087e+00 1.820886143432749904e+01 9.857055900984692087e+00 -2.510438460347679168e+01 -1.501826330023504141e+01 1.820886143432749904e+01 -1.501826330023504141e+01 -7.213923768068025311e+01
3.407782580635656533e+00 4.509883995405189694e+00 1.466581662932358121e+01 4.509883995405189694e+00 -4.088262440883392657e+01 1.674448123512748410e+00 1.466581662932358121e+01 1.674448123512748410e+00 -8.439833562724416538e+00
-2.588626033886295374e+01 -1.313433446129589655e+01 5.713271295245720083e+00 -1.313433446129589655e+01 -6.478122646343516067e+01 1.059366199739242020e+01 5.713271295245720083e+00 1.059366199739242020e+01 -3.717982856932631819e+01
8.679085454084277274e+01 -3.120718125329249748e+00 5.958514604444620488e+01 -3.120718125329249748e+00 5.389826136016973379e+01 -2.405545816448618979e+01 5.958514604444620488e+01 -2.405545816448618979e+01 5.308681772994064829e+01
