-3.194603586552392116e+01 7.256868105942028357e+00 1.252277358321263279e+01 7.256868105942028357e+00 -4.506057348542526597e+01 -6.867634428088630116e+00 1.252277358321263279e+01 -6.867634428088630116e+00 -4.136875384148369506e+01
-9.542953938834832783e-01 6.508550983618057728e+00 1.045562238733929838e+01 6.508550983618057728e+00 -2.161077667017770665e+01 4.153593794119466165e-01 1.045562238733929838e+01 4.153593794119466165e-01 -3.749320123865953480e+00
1.123685674152828184e+01 -6.637642313759994916e-01 1.196035438239502469e+01 -6.637642313759994916e-01 5.363938794092262263e-01 -4.527754770309081467e-01 1.196035438239502469e+01 -4.527754770309081467e-01 2.602613879934634511e+01
9.296100517313128364e+00 1.095335718578649420e+01 5.937758072684175659e+00 1.095335718578649420e+01 1.693821680527258522e+01 -3.538046101430409873e-01 5.937758072684175659e+00 -3.538046101430409873e-01 1.478283736539075299e+01
-5.125408066563304388e+00 4.567359673809433751e+00 1.274858366530937381e+01 4.567359673809433751e+00 -3.361406847902963335e+01 7.882383306641764786e-01 1.274858366530937381e+01 7.882383306641764786e-01 -1.311194097999655206e+01
-2.313746834699204946e+00 -6.351021703002166952e+00 9.349887987419247537e+00 -6.351021703002166952e+00 -3.307821904476399766e+01 1.767284923355105786e+00 9.349887987419247537e+00 1.767284923355105786e+00 5.619917003406717626e+00
-1.656609611812805483e+01 1.319315183425394888e+00 1.722109778713300443e+01 1.319315183425394888e+00 -4.269246123748244770e+01 -6.329991295338600388e+00 1.722109778713300443e+01 -6.329991295338600388e+00 -1.747818697033918411e+01
-1.291970527625772647e+01 -6.097223620556366797e+00 1.080351357872477891e+01 -6.097223620556366797e+00 -2.819510142263748875e+01 -4.186792690850738019e+00 1.080351357872477891e+01 -4.186792690850738019e+00 -1.116682720565198395e+01
1.103614039339469954e+01 -4.011834138253803639e-01 8.360725114459839347e+00 -4.011834138253803639e-01 1.050219487248259043e+01 -7.016921509386485845e+00 8.360725114459839347e+00 -7.016921509386485845e+00 1.406035709631813191e+01
3.094756433087871628e+00 2.534346061561100871e+00 1.185422471718115567e+01 2.534346061561100871e+00 -2.102143818903859707e+00 2.245125135715746723e+01 1.185422471718115567e+01 2.245125135715746723e+01 2.624954177154955914e+01
-1.479768512399671643e+01 2.824583269136342611e+00 5.085603973925324262e+00 2.824583269136342611e+00 -3.374380214396597921e+01 -9.909766726634443579e-01 5.085603973925324262e+00 -9.909766726634443579e-01 -1.817109823418894621e+01
2.765013036254594425e+01 -3.568942344971559599e+00 2.897314684028548371e+01 -3.568942344971559599e+00 -1.718999730879388466e+01 -1.124431350170548960e+00 2.897314684028548371e+01 -1.124431350170548960e+00 -2.932655598170672206e+01
-3.118873942900525886e+00 5.799409587083888873e+00 1.794756986267661558e+00 5.799409587083888873e+00 -1.376024102475737898e+01 -4.255474341895322254e+00 1.794756986267661558e+00 -4.255474341895322254e+00 -4.711452292708179002e+00
-4.833332608947484843e+00 -2.559891546427929043e+00 2.668237099007321689e+01 -2.559891546427929043e+00 -3.686008604807238243e+01 -1.143548032342043008e+01 2.668237099007321689e+01 -1.143548032342043008e+01 -8.801318634751794434e+00
3.394886591112368013e+00 4.348236057717919323e+00 1.865200784966064118e+00 4.348236057717919323e+00 -2.220977627062953985e+01 -8.446865334660230928e+00 1.865200784966064118e+00 -8.446865334660230928e+00 -1.106567334402006075e+01
1.414556690012648055e+01 3.778455565424680085e+00 2.523251707479276629e+00 3.778455565424680085e+00 -2.280068436626671691e+00 -1.132884419433947354e+00 2.523251707479276629e+00 -1.132884419433947354e+00 2.058118994069867469e+01
1.832282195072807696e+01 3.118262894908689908e+00 4.342397407985738589e+00 3.118262894908689908e+00 -1.223244858833592907e+01 5.198227803951196435e+00 4.342397407985738589e+00 5.198227803951196435e+00 2.570038415917215247e+01
4.286801378854909750e+00 3.393027205053929851e+00 7.695892906418629886e-01 3.393027205053929851e+00 -1.554174099471243586e+01 5.267026123592103204e+00 7.695892906418629886e-01 5.267026123592103204e+00 1.233162197937727811e+01
-8.464281771874901938e-01 -5.560002185525103613e+00 4.322439508246001871e+00 -5.560002185525103613e+00 -6.558248880391294833e+00 -8.109843843624037207e-01 4.322439508246001871e+00 -8.109843843624037207e-01 2.968572486956861045e+00
2.113738613042124825e+01 2.270199738452870264e+00 8.064338658640595625e+00 2.270199738452870264e+00 6.045234128272018559e+00 1.763671316578411474e+00 8.064338658640595625e+00 1.763671316578411474e+00 1.934562239104019454e+01
5.391239977116427440e+00 8.643608332081140766e-01 8.762668666666440842e+00 8.643608332081140766e-01 -1.018698095152250360e+01 -4.635643092271929611e+00 8.762668666666440842e+00 -4.635643092271929611e+00 5.628733419474070132e+00
1.767378618326249651e+01 6.071098936705004334e+00 7.865471370980655408e+00 6.071098936705004334e+00 -1.538045192657407689e+01 -1.846350910559245495e+00 7.865471370980655408e+00 -1.846350910559245495e+00 1.366748542984120895e+01
3.753278230003448623e+00 5.694839832687975445e+00 2.333008627011667890e+00 5.694839832687975445e+00 -6.108656273858360741e+00 -5.436919816749890444e+00 2.333008627011667890e+00 -5.436919816749890444e+00 1.031397158512311663e+01
1.553265480831509393e+01 7.181072574587702206e+00 3.375338875488058932e+01 7.181072574587702206e+00 1.043139325373626924e+01 -1.935325673570297411e+01 3.375338875488058932e+01 -1.935325673570297411e+01 -1.067806133780057998e+01
5.719862770735146285e+01 -2.678013831641684828e+00 8.790658980562737312e+00 -2.678013831641684828e+00 6.371394269600125426e+01 -1.845479585126968969e+00 8.790658980562737312e+00 -1.845479585126968969e+00 6.548878791816878220e+01
2.120039917536712171e+00 -6.341341650354062054e+00 9.107692681160671100e+00 -6.341341650354062054e+00 -2.222055035545385948e+01 7.960307228076254349e-01 9.107692681160671100e+00 7.960307228076254349e-01 -3.673392429361494571e+00
-1.912253186758664469e+01 8.186006367807321382e+00 8.455387181449234291e-01 8.186006367807321382e+00 -3.342277220447639507e+01 1.339949622484380987e+00 8.455387181449234291e-01 1.339949622484380987e+00 -1.411036962952864116e+01
-4.555370988685666589e+00 5.857989762794712618e+00 1.482490005921201970e+01 5.857989762794712618e+00 -4.666171685131817526e+01 -6.195594884870409658e+00 1.482490005921201970e+01 -6.195594884870409658e+00 -2.603325479650342889e+00
3.046583723087753981e+01 -7.408134737295246630e+00 1.886529001597816091e+01 -7.408134737295246630e+00 -2.668232249749020180e-01 -7.547453362649780395e+00 1.886529001597816091e+01 -7.547453362649780395e+00 4.313275159320790664e+01
5.157564251066962813e-01 7.125905636070440252e+00 8.884820960998072170e-01 7.125905636070440252e+00 -1.437587697282654453e+01 -1.086639771216194994e+01 8.884820960998072170e-01 -1.086639771216194994e+01 -1.076183972901195496e+01
3.143124133260607422e+01 8.736697164530301762e+00 4.917414413284954655e+00 8.736697164530301762e+00 1.001294441810074254e+01 -5.620159479646930301e+00 4.917414413284954655e+00 -5.620159479646930301e+00 4.964754137855096872e+01
2.941319560150722623e+01 -4.793477242921561299e+00 1.803081829927112167e+01 -4.793477242921561299e+00 3.230616396879413799e+01 7.764976922426412465e+00 1.803081829927112167e+01 7.764976922426412465e+00 3.514236845567157275e+01
-4.005901579212484798e+00 1.070928452858448665e+01 -6.296159513626482518e-01 1.070928452858448665e+01 -1.183566084988934364e+01 -1.415181847915036073e+01 -6.296159513626482518e-01 -1.415181847915036073e+01 -2.471949924134297927e+00
-1.120433567710917089e+01 1.199265197640265068e+00 9.587100256901363693e+00 1.199265197640265068e+00 -1.517380103902702970e+01 1.575057117025129960e+00 9.587100256901363693e+00 1.575057117025129960e+00 -2.184275693841325250e+01
-8.489445505127842795e-01 3.910036155368131983e+00 1.671210031389284012e+01 3.910036155368131983e+00 -2.692386934773102425e+01 2.209139740165976473e+00 1.671210031389284012e+01 2.209139740165976473e+00 1.969518970729296470e+01
-6.710291493284721298e+00 8.218064239419119232e+00 5.128597707641177728e+00 8.218064239419119232e+00 -3.248611422742651200e+01 2.356959176774734432e-01 5.128597707641177728e+00 2.356959176774734432e-01 -6.669315643272770266e+00
1.946979905408656286e+00 8.142428101290512643e+00 1.350168867601791334e+01 8.142428101290512643e+00 -2.596661265870773505e+01 -7.096981159643926951e+00 1.350168867601791334e+01 -7.096981159643926951e+00 3.213624258985301463e+00
1.369267414375278591e+01 2.956304016879270913e-01 1.235041110297973965e+01 2.956304016879270913e-01 -1.532949816330539861e+01 3.815997196084440990e+00 1.235041110297973965e+01 3.815997196084440990e+00 7.333921659784831348e+00
-1.891043539279358399e+01 2.087159214739255919e+00 -6.328161956656143339e+00 2.087159214739255919e+00 -2.269681688058869540e+01 1.855834279916311891e+00 -6.328161956656143339e+00 1.855834279916311891e+00 -8.815304636640986402e+00
-1.239015683651908617e+01 1.581459049973488407e+00 1.837388095770741003e+01 1.581459049973488407e+00 -1.939004810439558568e+01 -1.030290081794203338e+01 1.837388095770741003e+01 -1.030290081794203338e+01 -5.349027462361545027e+00
-4.194129857130206140e+00 2.162672184254105456e+00 2.217195633864385940e+01 2.162672184254105456e+00 -1.249393741605912211e+01 7.308864408576647875e+00 2.217195633864385940e+01 7.308864408576647875e+00 -7.605389109742288767e+00
-2.446977787004709803e+00 1.054999857268830432e+01 1.673331722897288643e+01 1.054999857268830432e+01 -1.770708756655129790e+01 -6.681663351186154287e+00 1.673331722897288643e+01 -6.681663351186154287e+00 1.851516502120579943e+01
-3.832231214760133842e+00 2.084837087373465625e+00 1.623982846457407980e+00 2.084837087373465625e+00 -1.161908974957845331e+01 -1.434244391245930395e+00 1.623982846457407980e+00 -1.434244391245930395e+00 -9.894824588670589449e+00
-5.657196198715359614e+00 -1.630896933258841841e+01 9.292455497801842768e+00 -1.630896933258841841e+01 -2.070221811068021722e+01 6.885817887459258380e+00 9.292455497801842768e+00 6.885817887459258380e+00 -1.214182233506941655e+00
3.716493237117079929e+01 -3.192169337883979718e+00 7.389239737468388469e+00 -3.192169337883979718e+00 2.247116823326782864e+01 -6.239905745211622445e-01 7.389239737468388469e+00 -6.239905745211622445e-01 4.166016565331639754e+01
2.796191016637047255e+01 -3.159043311252863084e+00 1.874494359085674944e+01 -3.159043311252863084e+00 1.265237163234291806e+01 -5.086953062707750384e+00 1.874494359085674944e+01 -5.086953062707750384e+00 3.827659985045546165e+01
7.144425188360999712e+00 2.771436502868714236e+00 1.271821937062468777e+01 2.771436502868714236e+00 -2.325599156933743217e+01 -3.217307937376796545e+00 1.271821937062468777e+01 -3.217307937376796545e+00 5.881756033178880294e+00
9.388023800223406212e+00 5.236065110318259386e+00 -2.872628023366372574e+00 5.236065110318259386e+00 -6.477119302944640111e+00 -4.449490686004821782e+00 -2.872628023366372574e+00 -4.449490686004821782e+00 -6.043108199212729126e+00
-1.980480998564943640e+00 9.068646260812295301e-01 1.198499749190794894e+01 9.068646260812295301e-01 -8.914564289574238742e+00 -1.187007273066278223e+01 1.198499749190794894e+01 -1.187007273066278223e+01 2.113500006662998842e+01
-2.112978059766178252e+00 4.175196077596196709e+00 3.857621339888298362e+00 4.175196077596196709e+00 -6.562414537187089891e+00 -7.710114901333136928e+00 3.857621339888298362e+00 -7.710114901333136928e+00 9.678805928383200197e+00
4.216616558520419034e+01 -2.072902122461772745e+00 5.504594335989269283e+00 -2.072902122461772745e+00 1.469618425846916487e+01 -3.560829063374524317e+00 5.504594335989269283e+00 -3.560829063374524317e+00 3.550236506099741263e+01
8.063795178886847381e+00 7.530832516339557081e+00 2.721816569178238332e+00 7.530832516339557081e+00 -6.563750963457501975e+00 -7.347359169470892404e+00 2.721816569178238332e+00 -7.347359169470892404e+00 6.108861768744462850e+00
-6.416875252024141218e+00 -6.918536247379488024e+00 1.251683292913816814e+01 -6.918536247379488024e+00 -4.127965150021938712e+01 -7.583963748349260570e+00 1.251683292913816814e+01 -7.583963748349260570e+00 -1.610999486444080731e+01
1.105134750007862043e-01 -2.357836680719713840e+01 1.314306433123991091e+00 -2.357836680719713840e+01 -2.623388843985217633e+01 -3.570325197258035654e+00 1.314306433123991091e+00 -3.570325197258035654e+00 -6.533545884354886368e+00
1.264966844801114654e+01 1.154865566156883894e+01 2.943009587795330617e+01 1.154865566156883894e+01 -2.333400486601058788e+01 -1.940161963810107792e+01 2.943009587795330617e+01 -1.940161963810107792e+01 -2.086934372194425080e+01
5.136260187501438423e+01 4.484602623111936248e-01 1.928116959236126249e+01 4.484602623111936248e-01 1.987669269814535511e+01 -7.534673302255350258e+00 1.928116959236126249e+01 -7.534673302255350258e+00 6.671386952347484112e+01
1.504251634184692499e+01 1.021436858080770982e+01 3.680195835498043966e+00 1.021436858080770982e+01 -6.327079823083563426e+00 -3.510200024886977133e+00 3.680195835498043966e+00 -3.510200024886977133e+00 1.537133823876292738e+01
9.264203387087597719e+00 -5.135983599159946067e+00 8.858214130864492830e+00 -5.135983599159946067e+00 -3.451547833361961892e+01 -9.249404534949844603e+00 8.858214130864492830e+00 -9.249404534949844603e+00 1.627644184368330249e+00
3.527964538451922039e+00 4.209047542043954593e+00 6.817055851532422217e+00 4.209047542043954593e+00 -1.926734286553791264e+01 -1.178056612390553681e+01 6.817055851532422217e+00 -1.178056612390553681e+01 2.264000160362988723e+01
-4.979733576185446431e+00 4.814241328401518416e+00 2.365616099075343592e-01 4.814241328401518416e+00 -3.107687459772372307e+01 -4.097927297304717609e-01 2.365616099075343592e-01 -4.097927297304717609e-01 -1.529980766635172529e+01
-2.827342582133659832e+01 1.790539031401662484e+01 -3.682240199659401636e+00 1.790539031401662484e+01 -3.012414437990539895e+01 -6.756972019937231622e+00 -3.682240199659401636e+00 -6.756972019937231622e+00 -2.057529409459726821e+01
-1.950823203176015097e+00 1.353064903584697776e+00 3.889411481009019234e+00 1.353064903584697776e+00 -2.418934210932561868e+01 -3.133653886901924590e+00 3.889411481009019234e+00 -3.133653886901924590e+00 -1.862242925615344546e+01
-2.865447500861317565e+01 3.064151117759490894e+00 8.925173911276560901e+00 3.064151117759490894e+00 -1.936642546242788043e+01 -8.843430486127225043e-01 8.925173911276560901e+00 -8.843430486127225043e-01 -3.173555965860832018e+01
2.588271404494023997e+01 -1.004688981348417443e+01 1.604858657815670142e+01 -1.004688981348417443e+01 1.816556663786418824e+01 1.238515258835954036e+01 1.604858657815670142e+01 1.238515258835954036e+01 1.953286712501681066e+01
3.418101536186519240e+01 -1.208567993337069701e+01 2.641566008191194470e+01 -1.208567993337069701e+01 -5.700088163961734899e+00 -2.113348621941950967e+01 2.641566008191194470e+01 -2.113348621941950967e+01 4.326707477349017061e+00
-9.697663048947763542e+00 5.042184902949954584e+00 4.273976869464430450e+01 5.042184902949954584e+00 -3.292124431842822219e+01 1.850102876112905648e+01 4.273976869464430450e+01 1.850102876112905648e+01 -2.841701904700103398e+01
-7.358040632302668138e-01 4.901065163124546764e+00 1.196364271646593558e+01 4.901065163124546764e+00 -2.229074222647866321e+01 4.578110535020301630e-01 1.196364271646593558e+01 4.578110535020301630e-01 2.443791181778895982e+00
-6.425050467771270313e+00 7.938934768273209208e+00 5.155458840250094488e-01 7.938934768273209208e+00 -4.045972447869750255e+01 -7.863838708427549840e+00 5.155458840250094488e-01 -7.863838708427549840e+00 -5.895777503111352402e+00
-1.371657102315508636e+00 1.031605098788673835e+01 2.347219568721386551e+01 1.031605098788673835e+01 -2.573634250420611380e+01 5.193672304054728350e+00 2.347219568721386551e+01 5.193672304054728350e+00 -5.583208752012114306e-01
5.269960026661593133e+01 -6.403270272303433153e+00 2.964912012303807032e+01 -6.403270272303433153e+00 3.222037238202661058e+01 1.225239823427270913e+01 2.964912012303807032e+01 1.225239823427270913e+01 5.423419466941939504e+01
-3.482059372999350089e+00 -2.500231387730044386e+00 1.250651388588442892e+01 -2.500231387730044386e+00 -3.621905537501880445e+01 3.385277678198757467e+00 1.250651388588442892e+01 3.385277678198757467e+00 -8.183704935551389781e+00
-3.189621889854770131e+01 6.211096183716448671e+00 -1.324646093562598326e+00 6.211096183716448671e+00 -3.957335133449706177e+01 4.764603042357438700e-01 -1.324646093562598326e+00 4.764603042357438700e-01 -2.848825501972790875e+01
7.032931796727761586e+00 -1.859844934000298489e+00 1.324703591257519442e+01 -1.859844934000298489e+00 -1.460523591369208063e+01 -5.260208452449817607e+00 1.324703591257519442e+01 -5.260208452449817607e+00 1.271470585055917368e+01
1.549599483185180837e+01 2.898671615181110273e+00 1.148095576442079313e+01 2.898671615181110273e+00 9.528591658966906408e+00 -2.496412961011062748e-01 1.148095576442079313e+01 -2.496412961011062748e-01 1.011858409977066131e+01
-2.350130874198509190e+01 -2.840478527369781681e+00 1.797308922013167987e+01 -2.840478527369781681e+00 -4.353483052358604510e+01 -6.950087409385072412e+00 1.797308922013167987e+01 -6.950087409385072412e+00 -1.801171498924089320e+01
3.365237823127436911e+01 8.804109996623630252e-01 3.460818914771165655e+00 8.804109996623630252e-01 2.393323510589632264e+01 -1.482126626914400447e+00 3.460818914771165655e+00 -1.482126626914400447e+00 2.687866253390030380e+01
2.804994890239996153e+01 -8.344671351290468664e+00 1.365893083829809385e+01 -8.344671351290468664e+00 -4.617612839091652432e+00 -9.117427747079717149e-01 1.365893083829809385e+01 -9.117427747079717149e-01 2.370845351427239578e+01
-2.249696748520678469e+01 1.798844197669134948e+00 1.211314784758657126e+01 1.798844197669134948e+00 -3.897052443247656583e+01 3.345874145369692521e+00 1.211314784758657126e+01 3.345874145369692521e+00 -8.155211858612446463e+00
-1.063615471327163142e+01 7.291578246497948390e-01 1.253387379793020173e+01 7.291578246497948390e-01 -2.983928599099114365e+01 -3.141887436775338216e+00 1.253387379793020173e+01 -3.141887436775338216e+00 -7.216014832663848466e+00
1.102882917778052096e+01 1.209705253426591121e+01 7.093332144238623016e+00 1.209705253426591121e+01 -4.206377069702227800e+00 -1.092153313514392821e+01 7.093332144238623016e+00 -1.092153313514392821e+01 8.503653716948564423e+00
-1.633442501791580737e-01 -1.654962356764361653e+00 8.138288968780910793e+00 -1.654962356764361653e+00 -1.175870528520002622e+01 -5.027928844115665541e+00 8.138288968780910793e+00 -5.027928844115665541e+00 9.324161241817403578e+00
4.819501784594925198e+01 -1.321711692618649359e+01 1.484178309394550865e+01 -1.321711692618649359e+01 2.942685783293215707e+01 5.749287210843962548e+00 1.484178309394550865e+01 5.749287210843962548e+00 4.877911343733554617e+01
-1.289462325868816706e+01 -1.566522010637571327e+01 1.213952866154229859e+01 -1.566522010637571327e+01 -4.167501974134626863e+01 9.929351859629440114e+00 1.213952866154229859e+01 9.929351859629440114e+00 -1.495713394317981049e+01
1.299850838041716727e+01 -1.144030072998411418e+00 3.049551834955896989e+00 -1.144030072998411418e+00 6.923240265661704251e-01 1.375403421926848058e+00 3.049551834955896989e+00 1.375403421926848058e+00 1.785376362879473433e+00
3.124613876170023374e+01 -2.489808034705432327e+00 1.837978397906338657e+01 -2.489808034705432327e+00 2.871282336976924032e+00 -6.635229398807367396e+00 1.837978397906338657e+01 -6.635229398807367396e+00 3.140772149820029568e+01
7.636882490867774820e+00 4.818121717418195060e-01 1.956030189680159737e+01 4.818121717418195060e-01 -1.254773930278793692e+01 1.675742676329205594e+00 1.956030189680159737e+01 1.675742676329205594e+00 -2.181012880502656071e+00
3.449678984629072431e+01 -3.473382336630929323e+00 8.204471429584938136e+00 -3.473382336630929323e+00 -1.320995480557321855e+00 -4.651967627807327560e-02 8.204471429584938136e+00 -4.651967627807327560e-02 1.591754357896980565e+01
8.105171738997047015e+00 5.063197215631116244e+00 8.125523945216940547e+00 5.063197215631116244e+00 -1.091114045484982142e+01 -2.828151694560772533e+00 8.125523945216940547e+00 -2.828151694560772533e+00 6.672987628429656759e+00
2.249563336717126827e+00 4.635476034815295243e+00 8.114011401229927145e+00 4.635476034815295243e+00 8.705159734898249013e-01 -2.963758482923092963e+00 8.114011401229927145e+00 -2.963758482923092963e+00 1.465093330226054391e+01
-2.394339973103192687e+00 -2.016451132587563588e+00 8.207351642259876456e+00 -2.016451132587563588e+00 7.562687310340290736e+00 -2.478385342264188385e+00 8.207351642259876456e+00 -2.478385342264188385e+00 9.320717178843755946e+00
-5.364549758281528469e+00 -3.033004639331907892e+00 1.568872258278086207e+01 -3.033004639331907892e+00 -1.712961755332594294e+01 3.607988937500202997e+00 1.568872258278086207e+01 3.607988937500202997e+00 4.416964726611716685e+00
4.974301536566208881e+00 1.010756098529738622e+01 1.771946895432623137e+01 1.010756098529738622e+01 -1.610602400079940821e+01 1.058970597032980443e+01 1.771946895432623137e+01 1.058970597032980443e+01 6.578823123078426649e-01
-2.013759930444723167e+01 3.227383723267402971e+00 1.435470462522201807e+01 3.227383723267402971e+00 -2.518392844597009983e+01 3.309916859907018338e+00 1.435470462522201807e+01 3.309916859907018338e+00 -2.143948144759691843e+01
3.643799797666147811e+01 -1.034923968970574926e+01 9.031220383744143376e+00 -1.034923968970574926e+01 2.560500152025865717e+01 5.930936732894842578e+00 9.031220383744143376e+00 5.930936732894842578e+00 2.428221950909310678e+01
2.377067152967399011e+01 -4.104684222018950557e+00 1.379095590948941386e+01 -4.104684222018950557e+00 1.202457305809491928e+01 9.189885091164274655e+00 1.379095590948941386e+01 9.189885091164274655e+00 1.464408279121071388e+01
1.994777202446914188e+01 -9.874790672140459691e+00 6.037873335841898559e+00 -9.874790672140459691e+00 1.952988553257814885e+01 -5.143015124898379753e+00 6.037873335841898559e+00 -5.143015124898379753e+00 2.043975492326298848e+01
-1.272315519912889670e+01 1.230288609278057166e+00 6.875650530695534002e+00 1.230288609278057166e+00 -2.441192093743446989e+01 -1.061911243280885708e+00 6.875650530695534002e+00 -1.061911243280885708e+00 -1.379985128380259107e+00
6.280172052735339072e+00 -1.390881849043836160e+00 1.403112580765617068e+01 -1.390881849043836160e+00 -2.746387814856512399e+00 -1.215522660666725230e+01 1.403112580765617068e+01 -1.215522660666725230e+01 1.243901417799032316e+01
2.739228401641566535e+01 1.859018610145994066e-01 1.250433031187655253e+01 1.859018610145994066e-01 1.376884278896632452e+01 1.055828318389727682e+00 1.250433031187655253e+01 1.055828318389727682e+00 1.745667007762540734e+01
6.034659022914782289e-01 -1.242619793608024992e+00 1.218175797237726421e+01 -1.242619793608024992e+00 -2.644741558979212925e+01 -5.624460308809880793e+00 1.218175797237726421e+01 -5.624460308809880793e+00 5.898041730244815817e+00
