-3.773203131708496016e+01 1.395242837272065373e+01 1.420599358276097668e+01 1.395242837272065373e+01 -9.064778702315457792e+00 -3.473918704605902352e+00 1.420599358276097668e+01 -3.473918704605902352e+00 1.082944764929320680e+00
2.681721575132861446e+01 3.047692600958490150e+00 2.370868015407521234e+00 3.047692600958490150e+00 1.929658873602628333e+01 3.993822692636370686e+00 2.370868015407521234e+00 3.993822692636370686e+00 2.463987495635781855e+01
2.151030830899002311e+01 -3.427729104186066245e+00 -4.407362401414678388e+00 -3.427729104186066245e+00 2.196481893766544147e+01 -8.224307058089557643e+00 -4.407362401414678388e+00 -8.224307058089557643e+00 3.029393923194752247e+01
1.196976820825053345e+01 -3.754714096324793804e+00 1.326106232474439395e+01 -3.754714096324793804e+00 -1.184922877226454041e+01 1.447615884189584756e+00 1.326106232474439395e+01 1.447615884189584756e+00 2.927699023218485053e+01
7.239628570590165069e+00 -1.144173322209819332e+01 -1.134125865814854173e+01 -1.144173322209819332e+01 9.432053186270561440e+00 1.531231096213806175e+01 -1.134125865814854173e+01 1.531231096213806175e+01 7.536284404617409116e+00
-1.367422367412710749e+01 1.026105553204107856e+01 2.340289377738313803e+00 1.026105553204107856e+01 6.323334778253373756e+00 -1.175284522629965300e+00 2.340289377738313803e+00 -1.175284522629965300e+00 -2.440613865307561525e+01
2.374758468370616882e+01 -3.453752787234415589e+00 2.817495597224001447e+00 -3.453752787234415589e+00 2.248234047183031947e+01 -5.797687219528109281e+00 2.817495597224001447e+00 -5.797687219528109281e+00 2.166530246174203356e+01
-1.650545450408381143e+01 1.788624602165974053e+01 1.022672072961315415e+01 1.788624602165974053e+01 -1.696159344564125870e+00 -2.333167142539496908e+01 1.022672072961315415e+01 -2.333167142539496908e+01 -1.476385660944457001e+01
2.406133803973905572e+01 -5.030537492530669397e+00 3.402534363499770897e+00 -5.030537492530669397e+00 3.454833262573492192e+01 5.039150444919359151e-01 3.402534363499770897e+00 5.039150444919359151e-01 3.924473882512877765e+01
1.460576682720930286e+01 2.593268594813001648e+00 -1.787924990428628291e+00 2.593268594813001648e+00 1.662064638594040389e+01 -1.015639803048361678e+01 -1.787924990428628291e+00 -1.015639803048361678e+01 1.020392796190619222e+01
1.435480572472189076e+00 -6.752472668031797021e+00 -4.718816161670584819e+00 -6.752472668031797021e+00 1.476370094840752323e+00 -3.490574910958359478e+00 -4.718816161670584819e+00 -3.490574910958359478e+00 1.346250717859173740e+01
3.071991491233195504e+01 8.963631493293485519e+00 5.723934690847372941e+00 8.963631493293485519e+00 4.290468079961389236e+01 8.243506832368591164e-01 5.723934690847372941e+00 8.243506832368591164e-01 2.012437463734823240e+01
-7.619776229925072641e+00 6.910256682604706491e+00 4.353169098069476384e+00 6.910256682604706491e+00 3.355529932495749268e+00 1.203700614183095396e+01 4.353169098069476384e+00 1.203700614183095396e+01 -1.728844527147381527e+01
1.853517915159766716e+01 -4.985357598909864407e+00 -6.089990196274976952e+00 -4.985357598909864407e+00 3.514857130596965362e+01 5.439235961017424792e+00 -6.089990196274976952e+00 5.439235961017424792e+00 2.415246734284834318e+01
-1.379064308152671181e+01 4.513950771504788406e+00 -5.189015449516035439e+00 4.513950771504788406e+00 -1.181773335168163186e+01 -3.268151442952031971e+00 -5.189015449516035439e+00 -3.268151442952031971e+00 2.344274946671886184e+00
-1.891425395206141147e+01 8.773874389971986432e+00 6.211148725028363238e+00 8.773874389971986432e+00 -1.652163382497735356e+01 -1.715707714575113840e+01 6.211148725028363238e+00 -1.715707714575113840e+01 3.620964261437876086e+00
4.636553254912563915e+01 -1.213360096620081130e+01 1.155996665680403046e+00 -1.213360096620081130e+01 3.027982499788006265e+01 5.305402684030354088e+00 1.155996665680403046e+00 5.305402684030354088e+00 3.183131819322088418e+01
-5.132264041607870553e+01 5.554738285911292373e+00 -6.905534458596910286e-01 5.554738285911292373e+00 -3.893750995699034689e+01 -1.551433295067436990e+00 -6.905534458596910286e-01 -1.551433295067436990e+00 -5.174218423523588939e+01
-4.067457954889225391e+01 1.049238391843838691e+01 -2.214339882248330227e+00 1.049238391843838691e+01 -9.638965840591241729e+00 -6.089808810988077248e+00 -2.214339882248330227e+00 -6.089808810988077248e+00 -5.213172996088749045e+01
-2.831550553618539112e+01 3.955091001010897056e+00 -1.220432260390647561e-01 3.955091001010897056e+00 -1.159433155487265665e+01 -1.638189929927744704e+00 -1.220432260390647561e-01 -1.638189929927744704e+00 -3.690209863124348288e+01
2.935982844205738118e+01 -4.383469124928772054e+00 3.373260666237141603e+00 -4.383469124928772054e+00 3.452029528863109675e+01 -1.784028985665899114e+01 3.373260666237141603e+00 -1.784028985665899114e+01 4.193084894015238717e+01
-2.809408830088536391e+01 -2.159740968059186805e+00 6.078617450527085353e+00 -2.159740968059186805e+00 -4.857464091015303076e+00 7.120905368472423724e+00 6.078617450527085353e+00 7.120905368472423724e+00 -1.631064698841506733e+00
-2.847508152724711294e+01 -4.300582625888144328e+00 -7.837861168412269208e+00 -4.300582625888144328e+00 -2.254778610271985073e+01 -1.552841866810938320e+01 -7.837861168412269208e+00 -1.552841866810938320e+01 -1.259673699040458139e+01
-2.866429025537707620e+00 -5.519807763692933911e+00 -7.329130711184576263e+00 -5.519807763692933911e+00 -1.021226474425937703e+01 -7.055509850025314833e+00 -7.329130711184576263e+00 -7.055509850025314833e+00 -3.727133648849649372e+00
2.733389402031289706e+01 1.311640162817249822e+00 7.712983080297444172e-01 1.311640162817249822e+00 2.357336047912479415e+01 -3.221235799383641574e+00 7.712983080297444172e-01 -3.221235799383641574e+00 2.846937358240172600e+01
3.122783695965820172e+01 9.170421406170418954e-02 6.844206395435400658e+00 9.170421406170418954e-02 3.686878757171876941e+01 -8.039400494539220565e-01 6.844206395435400658e+00 -8.039400494539220565e-01 3.054676433827387783e+01
-1.062752876784155198e+01 -1.459599265388032308e+01 4.459829290469470298e-01 -1.459599265388032308e+01 -1.177177474989393069e+00 -8.676687147933098032e+00 4.459829290469470298e-01 -8.676687147933098032e+00 -1.193560492987148791e+01
4.102636563454743168e+01 -1.759929964452294215e-01 -1.441370590865300727e+00 -1.759929964452294215e-01 2.970984252639888723e+01 -3.162670834405525877e+00 -1.441370590865300727e+00 -3.162670834405525877e+00 5.258777581947680346e+01
2.869866917600955603e+01 -4.945415667139716476e-01 6.150587967876209206e+00 -4.945415667139716476e-01 3.413509086707262696e+01 -6.451797499988720652e-01 6.150587967876209206e+00 -6.451797499988720652e-01 4.113774464748748727e+01
1.945468536833043061e+01 1.206526650935995981e+01 1.776351040859015518e+00 1.206526650935995981e+01 8.993510810402773892e-01 -8.263862430890608124e+00 1.776351040859015518e+00 -8.263862430890608124e+00 3.315481030294016307e+01
-1.242294861035778553e+01 -6.774254514076610612e+00 1.395679129234909865e+01 -6.774254514076610612e+00 -1.060106548353592615e+01 2.529532912682801893e+00 1.395679129234909865e+01 2.529532912682801893e+00 -1.314298980945773820e+01
-2.501460139787225145e+01 2.765428069500033281e+00 -7.318185427289845002e-01 2.765428069500033281e+00 -3.267205056811387465e+01 1.298334701321863793e-01 -7.318185427289845002e-01 1.298334701321863793e-01 -7.931153148784026108e+00
-2.558230091175353937e+00 -4.313816398933233209e+00 -1.883796260391432753e+01 -4.313816398933233209e+00 -4.068415835600153940e+01 1.173398347369180250e+01 -1.883796260391432753e+01 1.173398347369180250e+01 9.505818073303519355e+00
-1.919198808281517010e+00 2.247808026609781962e+00 -9.722355461974944157e-01 2.247808026609781962e+00 1.231211452622901525e+01 1.427129707754673182e+00 -9.722355461974944157e-01 1.427129707754673182e+00 1.718654369422344119e-01
2.220563872129569916e+01 3.872574468276838378e+00 2.353603146507172728e+00 3.872574468276838378e+00 2.508218047377754800e+01 -1.769816875365208597e+00 2.353603146507172728e+00 -1.769816875365208597e+00 2.564712926335905863e+01
-1.938232949171900188e+01 -1.013638688749632699e+01 -7.644093390711982572e+00 -1.013638688749632699e+01 -1.838643997234910188e+01 -7.660767228931578687e-01 -7.644093390711982572e+00 -7.660767228931578687e-01 -1.466050875597699843e+01
2.866338677385328282e+01 -4.312824637928190374e-01 5.436306143304888039e+00 -4.312824637928190374e-01 1.604067532176706834e+01 -9.586483181901480632e-01 5.436306143304888039e+00 -9.586483181901480632e-01 1.840906217099040987e+01
2.341993715516110797e+01 3.887728849468894410e+00 2.304842853114686729e+00 3.887728849468894410e+00 2.367657909699490304e+01 5.972666059419055706e+00 2.304842853114686729e+00 5.972666059419055706e+00 1.484754816022316959e+01
1.114291641568007130e+01 -4.077914359795384414e+00 -3.874133403455674585e-01 -4.077914359795384414e+00 5.657873043139551861e+00 9.412489403610798888e+00 -3.874133403455674585e-01 9.412489403610798888e+00 2.233563388992201837e+01
-2.432830810134021959e+01 3.007971586704802913e+00 -2.985885044883719530e+00 3.007971586704802913e+00 -3.172486917064442125e+01 1.375042762399307072e+01 -2.985885044883719530e+00 1.375042762399307072e+01 -6.593140967333822822e+00
1.308961636382254490e+01 -1.566542402334044848e+00 1.016854029558935224e+00 -1.566542402334044848e+00 1.419233133984377027e+01 -5.823788413150741583e+00 1.016854029558935224e+00 -5.823788413150741583e+00 1.624263379101315508e+01
6.564939832884914672e+00 4.619568301461788984e+00 2.054123031568070523e+00 4.619568301461788984e+00 5.585039340227986038e-02 1.362122531057626595e+00 2.054123031568070523e+00 1.362122531057626595e+00 9.911188073341536509e+00
1.771725781737859506e+01 7.987714307168300998e+00 -6.185278237030461312e+00 7.987714307168300998e+00 6.321985611853111031e+00 1.042704745581520420e+01 -6.185278237030461312e+00 1.042704745581520420e+01 3.918909516397386739e+01
3.361776844302639677e+00 -7.155821753146626385e+00 2.104387217124548570e+00 -7.155821753146626385e+00 4.550206695737182727e+00 9.227674316628567963e-01 2.104387217124548570e+00 9.227674316628567963e-01 -4.484026823847167553e-01
2.279730694532841540e+01 -2.911692975064112954e+00 -1.898714238433589552e+00 -2.911692975064112954e+00 1.024769818533416732e+01 -1.890184313541388494e+00 -1.898714238433589552e+00 -1.890184313541388494e+00 3.619362662779327877e+01
3.422973849966661763e+00 3.325551780153094494e+00 -1.772151524114777832e+00 3.325551780153094494e+00 5.125990046245280318e+00 -4.070996761470254022e+00 -1.772151524114777832e+00 -4.070996761470254022e+00 -6.669873332569399293e-01
1.267142500124044346e+01 2.406628514622647597e+00 2.942990187323082374e+00 2.406628514622647597e+00 2.149681867228562027e+01 -1.580297924798945708e-01 2.942990187323082374e+00 -1.580297924798945708e-01 1.989011366237610190e+01
-4.234155280698262658e+01 -6.337262109231097895e+00 -2.997776672556855981e+00 -6.337262109231097895e+00 -5.306282719636503487e+01 2.748965153245031434e+00 -2.997776672556855981e+00 2.748965153245031434e+00 -2.328501567954252138e+01
1.952113617112501487e+01 -4.705336726809385972e+00 -1.610057779238761455e+01 -4.705336726809385972e+00 2.216089516460380437e+00 -6.018522032152725743e+00 -1.610057779238761455e+01 -6.018522032152725743e+00 2.789349544880703036e+01
-2.042769805781300363e+01 -5.596998277260235577e-01 9.681410237715326161e+00 -5.596998277260235577e-01 -2.612415402658329278e+00 2.804158697400181754e+00 9.681410237715326161e+00 2.804158697400181754e+00 -2.383343163697567491e+01
