-3.873520689365142289e+01 -6.495097787267418710e+00 1.848770427389812454e+01 -6.495097787267418710e+00 -6.803501132417959241e+01 3.133477478495663604e+00 1.848770427389812454e+01 3.133477478495663604e+00 -2.407974675319223579e+01
-1.716172221643519435e+01 1.270865516550812657e+01 2.993119154023129003e+00 1.270865516550812657e+01 -5.150772539945963047e+01 -4.219990195482905548e+00 2.993119154023129003e+00 -4.219990195482905548e+00 -1.235373082975119052e+00
-4.865396350075134713e+00 -6.973889603324660236e+00 1.084992683317009643e+01 -6.973889603324660236e+00 -1.565309101160337413e+01 6.788094900202063187e+00 1.084992683317009643e+01 6.788094900202063187e+00 1.206287086540899267e+01
-9.398200270264640110e+00 -3.915449608664637093e+00 8.377863297319670721e+00 -3.915449608664637093e+00 -1.822403837573341434e+01 4.853048303052088563e+00 8.377863297319670721e+00 4.853048303052088563e+00 -8.157053380522526709e+00
-1.660582397030699298e+01 -5.141009480595222669e+00 3.569673329150000018e+00 -5.141009480595222669e+00 -4.177895601454047636e+01 1.129960818017197433e+01 3.569673329150000018e+00 1.129960818017197433e+01 -2.546259031921841398e+01
-1.150382480543344244e+01 5.468123908692771096e+00 1.523026334498250911e+01 5.468123908692771096e+00 -2.984430658036332673e+01 -3.500013751009854790e+00 1.523026334498250911e+01 -3.500013751009854790e+00 1.852518078645713606e+00
-4.986540403126612730e+00 3.857599453886890295e+00 5.800002196471781168e+00 3.857599453886890295e+00 -1.208569620275673095e+01 -1.159863388547272045e+01 5.800002196471781168e+00 -1.159863388547272045e+01 -2.692806612404598621e+00
-2.739782816193471859e+01 -9.584787171563259989e+00 2.642171124443315477e+01 -9.584787171563259989e+00 -2.663814555882991897e+01 1.805869209678394327e+01 2.642171124443315477e+01 1.805869209678394327e+01 -1.966739473789725068e+01
-5.593205571532092080e+00 -1.133330935813450324e+01 1.276392295847917779e+01 -1.133330935813450324e+01 -1.007104544693758896e+01 -3.849311684936441491e+00 1.276392295847917779e+01 -3.849311684936441491e+00 -4.929881610697418814e+00
1.132127592234177982e+01 4.533934489750838459e+00 3.342074630764596765e+00 4.533934489750838459e+00 -1.001818415908070925e+01 -2.229424497839214148e+00 3.342074630764596765e+00 -2.229424497839214148e+00 8.532121887305954999e+00
3.145546129145432701e+01 3.366169566698418603e+00 -1.036276314628232553e+00 3.366169566698418603e+00 1.524954627065338020e-01 -1.540384628474352269e+01 -1.036276314628232553e+00 -1.540384628474352269e+01 2.956140705809472990e+01
1.131141972680611474e+01 -6.419820090360853548e+00 1.709310474013619441e+01 -6.419820090360853548e+00 -1.970001709841924020e+00 -6.914682180843499670e-02 1.709310474013619441e+01 -6.914682180843499670e-02 -4.044933239427491500e+00
3.201103560259220870e+01 1.220079329883738595e+01 1.048839155135349444e+01 1.220079329883738595e+01 2.589751780723607055e+01 -9.934246549602884002e+00 1.048839155135349444e+01 -9.934246549602884002e+00 1.722113523230997956e+01
-2.291072600483461841e+01 1.026454461572378740e+01 4.661213018324534829e+00 1.026454461572378740e+01 -2.714277980715163707e+01 -2.267785674028045317e+00 4.661213018324534829e+00 -2.267785674028045317e+00 -4.798681853453105717e+00
-2.192096316427426572e+01 2.337817527164301468e-01 6.748309239052224129e+00 2.337817527164301468e-01 -4.489751599291765416e+01 4.104282053261094632e+00 6.748309239052224129e+00 4.104282053261094632e+00 -2.127714577336228885e+01
-7.945999916908127680e+00 -1.806162872442974887e+01 3.319464553926910089e+00 -1.806162872442974887e+01 -2.594268143723900977e+01 5.963974078407906276e+00 3.319464553926910089e+00 5.963974078407906276e+00 -5.341998204168794118e+00
-2.495607195207614737e+01 -2.046190128705466793e-01 1.009261319101018728e+01 -2.046190128705466793e-01 -4.085070834802367301e+01 -4.265699852059824160e+00 1.009261319101018728e+01 -4.265699852059824160e+00 -2.280075218117493563e+01
2.028778715631992213e+01 9.501499146822826702e+00 1.888754165551787523e+01 9.501499146822826702e+00 -3.137363064529159828e+01 1.037568959504571176e+01 1.888754165551787523e+01 1.037568959504571176e+01 4.595671742204401333e+00
-1.440393463827835063e+01 -1.873380796029669781e+00 1.570169684098243224e+01 -1.873380796029669781e+00 -1.312944724787509898e+01 -9.511682084386915648e+00 1.570169684098243224e+01 -9.511682084386915648e+00 1.572986300636340928e+00
5.644965159662112875e+00 -1.346693793423139773e+01 1.169076233926574915e+01 -1.346693793423139773e+01 -1.050270743377230254e+01 8.322777032893824867e+00 1.169076233926574915e+01 8.322777032893824867e+00 6.477599212472626711e+00
-1.868221751207429193e+01 2.024733587153144754e+01 1.695694392541167606e+00 2.024733587153144754e+01 -4.694272675715727416e+01 -1.495970172118004982e+01 1.695694392541167606e+00 -1.495970172118004982e+01 -3.721220346279319813e+01
1.809705856032254090e+01 -3.879457278017936162e+00 2.719375051575923052e+01 -3.879457278017936162e+00 3.408928070770590324e+01 -3.820791098880208292e+00 2.719375051575923052e+01 -3.820791098880208292e+00 7.417914193079263363e+00
2.605208533583520847e+01 8.187481077067090274e-01 4.886899783241748452e+00 8.187481077067090274e-01 -3.144770611519194858e+01 -1.410362914103684639e+00 4.886899783241748452e+00 -1.410362914103684639e+00 1.897362396482996871e+01
-2.922127363341552986e+00 1.930354179978335694e+01 -1.460812482388950340e+00 1.930354179978335694e+01 -1.403000445319502631e+01 2.132910937343079905e+00 -1.460812482388950340e+00 2.132910937343079905e+00 -1.338094245002718807e+01
-9.939783650448266172e+00 1.584526781176385013e+00 6.840440190918714691e+00 1.584526781176385013e+00 -4.494183276897080503e+01 4.806397418096757690e+00 6.840440190918714691e+00 4.806397418096757690e+00 -1.912143175430472652e+01
1.424396319349172835e+01 -2.892461813531420067e-01 3.202349630525906576e+01 -2.892461813531420067e-01 -6.477029027910355730e+00 6.917655137145574784e+00 3.202349630525906576e+01 6.917655137145574784e+00 1.797396788894239350e+01
3.244891670425987140e+00 -4.940564957100722410e+00 6.845155816954007655e+00 -4.940564957100722410e+00 1.326741627589137096e+01 -5.301980563673873270e+00 6.845155816954007655e+00 -5.301980563673873270e+00 2.588267684162815385e+01
-1.938474845601987795e+01 2.137480395553673773e+01 1.713114458729304124e+00 2.137480395553673773e+01 -8.970065631426167840e+01 1.077872859990905852e+01 1.713114458729304124e+00 1.077872859990905852e+01 -3.017242604061734568e+01
1.732233333075346238e+01 8.426563724861747318e+00 -6.853734292256062233e+00 8.426563724861747318e+00 -1.455205383304984679e+01 1.574423999466996982e+01 -6.853734292256062233e+00 1.574423999466996982e+01 1.202463969817247680e+01
-1.303630511887877574e+01 -2.652193695776335680e+00 1.151748810084241015e+01 -2.652193695776335680e+00 -2.954305801959990063e+01 -3.448604303642192614e-01 1.151748810084241015e+01 -3.448604303642192614e-01 -2.877617521698007153e+01
-3.154786766375184115e+01 2.888168335663001240e+00 -1.169150594244525498e+00 2.888168335663001240e+00 -5.092100657904870786e+01 2.140208804260493647e+00 -1.169150594244525498e+00 2.140208804260493647e+00 -1.140280424049826280e+01
-5.923516233847149870e+00 1.117250594051161272e+01 5.900918135302707590e+00 1.117250594051161272e+01 -4.685217190389998621e+01 1.791412902795768369e+00 5.900918135302707590e+00 1.791412902795768369e+00 -2.542728566500948517e+01
-4.431347231981668244e+01 -2.344979300802602751e+00 8.365731137203077594e+00 -2.344979300802602751e+00 -7.582364367067620492e+01 -2.350187237563528819e-01 8.365731137203077594e+00 -2.350187237563528819e-01 -2.617069764654345221e+01
-8.048453832006591924e+00 3.419210285091529133e+00 1.748108106822323293e+01 3.419210285091529133e+00 -4.432235390216187199e+01 -1.199129754262660619e+01 1.748108106822323293e+01 -1.199129754262660619e+01 3.749490273080911429e+00
3.231672975237486156e+01 -1.421258755107186644e+01 2.352595421869222392e+01 -1.421258755107186644e+01 -1.587797198052766134e+01 -1.025279443513212563e+01 2.352595421869222392e+01 -1.025279443513212563e+01 3.183036379464457610e+01
-1.243410171989190616e+01 2.055502734036844359e+01 4.518590570260561634e+01 2.055502734036844359e+01 -6.489999029792456042e+01 3.880075238678220906e+00 4.518590570260561634e+01 3.880075238678220906e+00 -7.547238417628785001e+00
-3.918453893866814752e+01 -8.433542253171772529e+00 7.893535952278410761e+00 -8.433542253171772529e+00 -6.706842047256769490e+01 -1.170439710722464355e+01 7.893535952278410761e+00 -1.170439710722464355e+01 -4.054749119740774432e+01
-9.775831434224700800e+00 5.009756913728110383e+00 1.202182739161435876e+01 5.009756913728110383e+00 -3.600535909049474981e+01 -2.622772141460822048e+00 1.202182739161435876e+01 -2.622772141460822048e+00 -8.262827279609072373e-02
-2.077204430960330583e+01 -1.853689662848650954e+01 2.721968152748715752e+01 -1.853689662848650954e+01 -5.189916916845387362e+01 -8.532477386983968515e+00 2.721968152748715752e+01 -8.532477386983968515e+00 -1.240179569247474056e+01
3.488241637985179722e+01 -8.589860534470357578e+00 6.191575652995251922e+00 -8.589860534470357578e+00 -1.627760900411243483e+01 1.463378933797267756e+01 6.191575652995251922e+00 1.463378933797267756e+01 1.148062888712124519e+01
-4.016261942416074504e+01 1.275845255996625127e+01 3.441131369327598222e+00 1.275845255996625127e+01 -5.823972158453850767e+01 6.740201370546857085e+00 3.441131369327598222e+00 6.740201370546857085e+00 -4.020864885251569376e+01
1.677466054323297939e+01 8.318666924888796999e+00 1.643998811691850293e+01 8.318666924888796999e+00 1.987664123976783870e+01 -3.743225088362642783e+00 1.643998811691850293e+01 -3.743225088362642783e+00 -3.477064613389149628e+00
-3.883397683311110882e+01 1.446072397763293793e+01 1.609253053688312107e+01 1.446072397763293793e+01 -5.578530336988490745e+01 -2.053864752272882654e+01 1.609253053688312107e+01 -2.053864752272882654e+01 -5.005587787082993145e+01
2.604428631031079533e+01 1.275010302247289173e+00 3.370185777826526419e+01 1.275010302247289173e+00 -2.817388949236562468e+00 4.448854134300364471e+00 3.370185777826526419e+01 4.448854134300364471e+00 2.175219983743743413e+01
-2.681615672067428235e+01 1.532534922244850506e+01 1.612173079227972394e+01 1.532534922244850506e+01 -4.741848904219735772e+01 2.322412599100025954e+00 1.612173079227972394e+01 2.322412599100025954e+00 -1.204829464793092164e+01
2.765850655095099242e+01 1.126847711856260759e+00 1.266871865818953502e+01 1.126847711856260759e+00 -3.629738853685922351e+01 1.849833454726597104e+00 1.266871865818953502e+01 1.849833454726597104e+00 1.204146481949786995e+01
-2.568311584187204488e+01 1.816491986906533285e+01 3.516535048259325613e+00 1.816491986906533285e+01 -3.775699596639635303e+01 -1.546005458207170946e+00 3.516535048259325613e+00 -1.546005458207170946e+00 -3.196025344330701401e+01
-4.813868598031112356e+01 1.572651834620361511e+00 1.393562642687738773e+01 1.572651834620361511e+00 -7.172893881788863268e+01 3.819580970327958624e+00 1.393562642687738773e+01 3.819580970327958624e+00 -3.145722255977117854e+01
-1.671841908188696380e+01 -1.686965100158416275e-01 3.973299596484847651e+00 -1.686965100158416275e-01 -1.595455009275642411e+01 2.766573123305409165e+00 3.973299596484847651e+00 2.766573123305409165e+00 -5.546248450028160804e+00
1.635817455637490170e+01 8.307763541177114464e-01 1.472359915811078501e+01 8.307763541177114464e-01 -3.432354345898861681e+01 3.623797816755098378e+00 1.472359915811078501e+01 3.623797816755098378e+00 -5.732278297230797293e+00
