2.065521442569345467e+01 -6.259056089315366833e+00 -1.373064634707733056e+01 -6.259056089315366833e+00 6.536006087363234407e+00 1.203895297559936406e+00 -1.373064634707733056e+01 1.203895297559936406e+00 -2.151877565004834025e+01
2.935119959767330400e+01 1.373692052961216170e+01 -7.822642297829854208e+00 1.373692052961216170e+01 2.637254145981553677e+01 -1.987581270834641956e+01 -7.822642297829854208e+00 -1.987581270834641956e+01 -1.758554006152292404e+00
-1.211931105175514922e+01 -1.099459509594680462e+01 8.476568257424892394e-01 -1.099459509594680462e+01 -2.631062959652678757e+01 7.758612464809957032e+00 8.476568257424892394e-01 7.758612464809957032e+00 -8.041255760908832428e+01
-2.863513096973833427e+01 9.061700165373396842e+00 1.554259447607638345e+00 9.061700165373396842e+00 -1.663992794773633932e+01 -1.618912840213640347e+00 1.554259447607638345e+00 -1.618912840213640347e+00 -1.549009980280119159e+01
8.510127020400016562e+00 -3.190687203741803035e+00 -7.227301848584287924e+00 -3.190687203741803035e+00 6.504857471480566922e+00 2.493372738107574094e+00 -7.227301848584287924e+00 2.493372738107574094e+00 -1.096323262151098099e+01
-3.126583880397226878e+01 3.160189991667501808e+00 -7.989372893837111356e+00 3.160189991667501808e+00 -1.484150722674484690e+01 5.146690369062876691e+00 -7.989372893837111356e+00 5.146690369062876691e+00 -6.497368192156778832e+01
3.887378013802917476e+00 1.771690278843084698e+01 -7.326244442178460936e+00 1.771690278843084698e+01 2.063212485152318809e+00 -5.549343186088322000e+00 -7.326244442178460936e+00 -5.549343186088322000e+00 5.181869833532195990e+00
-7.292946327501231174e+00 8.364343097975050156e+00 -1.121401164182008969e+01 8.364343097975050156e+00 -3.676618982032413996e+00 4.128065659413432620e+00 -1.121401164182008969e+01 4.128065659413432620e+00 -3.580459887554312104e+01
5.113567624933288869e+01 -4.932923887387483664e-01 -1.282579107709314492e+00 -4.932923887387483664e-01 4.536534581136936595e+01 3.214168538888526161e+00 -1.282579107709314492e+00 3.214168538888526161e+00 2.155472853032605585e+01
-4.808747332823426923e+00 -4.300163654621265152e+00 -3.848193046680281615e+00 -4.300163654621265152e+00 -1.140049037935005849e+01 3.496815620516943390e+00 -3.848193046680281615e+00 3.496815620516943390e+00 2.183655021173035671e+00
-1.429831969862814667e+01 9.796169074309709623e-01 1.956223627590245151e+00 9.796169074309709623e-01 -1.804323711138127351e+01 -1.307408840835747199e+01 1.956223627590245151e+00 -1.307408840835747199e+01 -3.205632934367802722e+00
1.269028501366645756e+01 -2.005762782642270814e+00 -2.063532703133378998e+00 -2.005762782642270814e+00 -4.871424846529231800e+00 2.635468062821183732e+00 -2.063532703133378998e+00 2.635468062821183732e+00 -1.110370531322226739e+01
4.364922492643598417e+01 -7.687581271336147104e+00 -1.683741090796747830e+00 -7.687581271336147104e+00 4.062788919799442056e+01 1.208820639577750278e+01 -1.683741090796747830e+00 1.208820639577750278e+01 -1.171827732353437490e+01
4.627734993305461586e+01 8.014629573008036800e+00 -5.911238889702004506e+00 8.014629573008036800e+00 4.076436415260762658e+01 7.664583749738532070e+00 -5.911238889702004506e+00 7.664583749738532070e+00 1.682529349243067429e+01
-6.409846672584787797e+00 7.041428308698645111e+00 6.781935333349145445e+00 7.041428308698645111e+00 -9.005057932887497785e+00 -8.685526593123087835e+00 6.781935333349145445e+00 -8.685526593123087835e+00 -1.348893355448518960e+01
-3.748566975929463041e+01 1.377157651203980038e+00 -8.786565294296567075e+00 1.377157651203980038e+00 -4.203298219187444573e+01 1.447983227336535894e-01 -8.786565294296567075e+00 1.447983227336535894e-01 -2.455332683837412588e+01
2.272433124023541140e+01 6.051968021200105241e+00 -3.371862290263169637e+00 6.051968021200105241e+00 2.015629156835029434e+01 -9.177158051288651919e+00 -3.371862290263169637e+00 -9.177158051288651919e+00 8.739342179692830115e+00
1.639131511376489314e+01 -3.508991373940098857e+00 2.088946761570361410e+00 -3.508991373940098857e+00 4.335652487420296808e+01 1.868224303747587456e+01 2.088946761570361410e+00 1.868224303747587456e+01 -7.472081505909954124e+00
3.213443450636884080e+01 -2.874134438811420278e+00 -1.813880579287993910e+01 -2.874134438811420278e+00 3.287341075631820786e+01 5.678698732190235354e+00 -1.813880579287993910e+01 5.678698732190235354e+00 -1.833253101357679382e+00
4.509838431497322553e+00 6.208827986051887571e+00 2.359753705131732548e+00 6.208827986051887571e+00 -7.562356140874954002e-01 1.952818902299772175e-01 2.359753705131732548e+00 1.952818902299772175e-01 -1.431576682841235382e+01
-1.590484782894422411e+00 -1.317712614951313810e-01 1.845184317896504833e+00 -1.317712614951313810e-01 -2.707054148638306046e+01 2.734566939768496852e+00 1.845184317896504833e+00 2.734566939768496852e+00 -5.962358515884071863e+01
6.270628931317288490e+00 1.232201760636185917e+01 -2.138704597364317905e+01 1.232201760636185917e+01 -2.374238091005929974e+01 6.002441912578344585e+00 -2.138704597364317905e+01 6.002441912578344585e+00 -1.833238299691198137e+01
4.042978616486438881e+01 3.243922555629472626e+00 -9.479343958145430848e-01 3.243922555629472626e+00 2.714306649845217478e+01 4.649390578590067769e+00 -9.479343958145430848e-01 4.649390578590067769e+00 1.039587347867210632e+01
-2.680469232649671341e+01 3.611801843235699305e+00 -2.213094867265682275e+00 3.611801843235699305e+00 -2.772165128525679023e+01 -6.524498007503216179e+00 -2.213094867265682275e+00 -6.524498007503216179e+00 -1.511264017962464479e+01
1.582191980591484715e+01 -3.554080788106378286e+00 1.064280994658577484e+01 -3.554080788106378286e+00 3.102764258595007973e+01 1.770203366853500526e+01 1.064280994658577484e+01 1.770203366853500526e+01 3.994251810511712364e+01
-1.022374700117312657e-01 3.950130487908942278e+00 -1.725442133613081808e+01 3.950130487908942278e+00 -2.475979224154393865e+00 7.143641848952084317e+00 -1.725442133613081808e+01 7.143641848952084317e+00 -1.164499598373702227e+01
1.701965163234544220e-01 6.426769438764524445e+00 7.377582310096735263e+00 6.426769438764524445e+00 -1.595195708913644772e+01 1.937156380815574508e+00 7.377582310096735263e+00 1.937156380815574508e+00 -4.352005306398793749e+01
4.908959488800118720e+01 2.298450590545801919e+00 3.768168837598036003e-01 2.298450590545801919e+00 4.745187600522127269e+01 -7.527103252125709965e+00 3.768168837598036003e-01 -7.527103252125709965e+00 4.375553269844780147e+01
7.257120745265497774e+00 6.666349363877979606e+00 1.048213895395651107e+01 6.666349363877979606e+00 -2.167663402829843378e+00 3.349734040348955944e+00 1.048213895395651107e+01 3.349734040348955944e+00 -3.869952431284789895e+01
4.845045967052767111e+01 -1.441741189972972670e+01 -2.647354864203829372e+00 -1.441741189972972670e+01 5.212826970469353682e+01 -1.905164883887587868e+00 -2.647354864203829372e+00 -1.905164883887587868e+00 1.602363584131893504e+01
1.469824433457352697e+01 2.270805837443285924e+01 -9.775871867935844506e+00 2.270805837443285924e+01 1.848607738273887335e+01 7.656692392451810214e+00 -9.775871867935844506e+00 7.656692392451810214e+00 -2.285777932675107493e+01
4.068345217696612792e+01 1.328939476996498037e+01 -9.809327932251032944e-01 1.328939476996498037e+01 3.832376736563418262e+01 5.782096195364474944e+00 -9.809327932251032944e-01 5.782096195364474944e+00 3.354645622560849461e+01
1.559265592151808377e+01 -7.233641998191985500e+00 -6.622718073130262617e+00 -7.233641998191985500e+00 -1.066389631711212083e+01 7.278409449867490721e+00 -6.622718073130262617e+00 7.278409449867490721e+00 -1.370370747941823453e+01
3.248544923320809907e+00 5.269868933596513649e+00 3.061680746488325777e+00 5.269868933596513649e+00 -7.101799215874105897e+00 -3.312927499510327500e+00 3.061680746488325777e+00 -3.312927499510327500e+00 -5.492017049774951687e+01
1.828631612909470183e+00 -4.135738237074615853e+00 4.107684372970091147e+00 -4.135738237074615853e+00 -1.221603075991698484e+00 6.545934110253135430e+00 4.107684372970091147e+00 6.545934110253135430e+00 2.802118796603626194e+01
-2.104876628840187891e+01 -6.511347746729666264e-02 -9.432361362241090674e-01 -6.511347746729666264e-02 -2.004531119641841386e+01 -8.772858305170515791e+00 -9.432361362241090674e-01 -8.772858305170515791e+00 -1.468844543791427526e+01
2.241279867054831954e+01 -2.881700775557203720e+00 -2.966118575709661975e+00 -2.881700775557203720e+00 1.875554934292630804e+01 -1.922243735881310256e+00 -2.966118575709661975e+00 -1.922243735881310256e+00 2.155786120040353637e+01
-1.352531646090116801e+01 -1.265245196099258562e+00 -6.130308093767627753e+00 -1.265245196099258562e+00 -9.706425289254449140e+00 5.418856973112299968e+00 -6.130308093767627753e+00 5.418856973112299968e+00 -3.714585694848027231e+01
1.327437258358748728e+01 2.632765550751656392e+01 -6.534538834315393174e+00 2.632765550751656392e+01 -6.301338399739054630e+00 9.766858334542353859e+00 -6.534538834315393174e+00 9.766858334542353859e+00 -1.774879286606205397e+01
-1.526187268748707737e+01 8.227832371930133837e-01 1.341043652737904779e+01 8.227832371930133837e-01 -2.466750048480524526e+01 5.383474893988056564e+00 1.341043652737904779e+01 5.383474893988056564e+00 -3.872716984392014439e+01
-7.208522702694208029e+00 1.002598608556670534e+01 8.874795658740220361e+00 1.002598608556670534e+01 -1.895217706419567216e+00 3.267454764482049523e+00 8.874795658740220361e+00 3.267454764482049523e+00 -1.968797533805709321e+01
-3.731726436668199653e+01 -7.528934443984255154e+00 1.486842665626206994e+01 -7.528934443984255154e+00 -5.593548878305413297e+01 8.910756221936310340e+00 1.486842665626206994e+01 8.910756221936310340e+00 -4.182721168924175714e+01
-3.679187273951797454e+00 5.269072917468236916e+00 -8.745590975115606014e+00 5.269072917468236916e+00 -1.398247288076103167e+01 2.657054874367888342e+00 -8.745590975115606014e+00 2.657054874367888342e+00 -2.433999870895946671e+01
2.351831438360548177e+01 8.775713928008560316e+00 -2.564887689209285337e+00 8.775713928008560316e+00 2.914806026782600767e+01 -5.932485852426220285e-01 -2.564887689209285337e+00 -5.932485852426220285e-01 -1.613858055501548705e+01
-2.690794766299653773e+01 7.883879833852284413e+00 -4.911422250772562670e+00 7.883879833852284413e+00 -2.570978946165250889e+01 -9.564094864607518787e+00 -4.911422250772562670e+00 -9.564094864607518787e+00 -3.351556726740689385e+01
1.361731409750347233e+01 3.583457799982141978e+00 1.294799273236386306e+01 3.583457799982141978e+00 5.089927295529732554e+00 5.914097484655604475e+00 1.294799273236386306e+01 5.914097484655604475e+00 1.670775905596049782e+01
4.513533125208132901e+01 -7.382609302016343911e+00 -7.521748644338254186e-01 -7.382609302016343911e+00 5.109369245505286017e+01 -7.866673787181100330e+00 -7.521748644338254186e-01 -7.866673787181100330e+00 2.693293870475237028e+01
-4.337086132414920137e+00 7.359374437346757780e+00 -2.655653191488836828e+00 7.359374437346757780e+00 -2.134279478276301134e+01 1.756733218094636584e+01 -2.655653191488836828e+00 1.756733218094636584e+01 -4.572047782572102648e+01
4.889468253711741208e-01 1.858930568076835854e+01 -2.641709992865077794e+00 1.858930568076835854e+01 9.063744979209490182e+00 6.198536727958128267e+00 -2.641709992865077794e+00 6.198536727958128267e+00 -2.990241765609984270e+01
-1.932785196835203223e+01 -5.885678793043693346e+00 1.008182324238332583e+01 -5.885678793043693346e+00 -1.515713181670495935e+01 -9.698507428441908829e+00 1.008182324238332583e+01 -9.698507428441908829e+00 -2.379789479640582073e+01
