-1.692112797814709069e+01 4.675847157331384452e+00 1.188319483936105314e+01 4.675847157331384452e+00 -4.060835542376618434e+01 1.729891549515668459e+01 1.188319483936105314e+01 1.729891549515668459e+01 -2.740129126352671562e+01
-8.132624305586048763e+00 -9.448838344826448576e+00 -8.689711867934802214e+00 -9.448838344826448576e+00 4.631253312070319339e+01 -1.330974873179607698e+01 -8.689711867934802214e+00 -1.330974873179607698e+01 -6.000155493342310820e+01
-2.535324395518175677e+01 -4.299916841456193350e-01 1.328174073226265151e+01 -4.299916841456193350e-01 -4.712918580165663940e+01 1.169703615267898655e+01 1.328174073226265151e+01 1.169703615267898655e+01 4.988804769399934003e+00
3.597802354996539265e+01 -9.030209339836488880e+00 6.137602882390882364e+00 -9.030209339836488880e+00 6.587222479890833426e+01 8.933855458282481621e+00 6.137602882390882364e+00 8.933855458282481621e+00 -5.190400834421188492e+00
5.760115453576773348e+00 1.204932958457480119e+01 -6.370811363690530804e+00 1.204932958457480119e+01 8.200554058342401476e+00 4.294704081169475191e-02 -6.370811363690530804e+00 4.294704081169475191e-02 1.339750347151012022e+01
1.659232312850902247e+01 -1.315186091008770042e+01 1.135696448056341090e+01 -1.315186091008770042e+01 -4.450406511000777776e+00 -1.211308681347408012e+01 1.135696448056341090e+01 -1.211308681347408012e+01 4.703545566886587537e+00
2.854791656483608264e+01 2.004145060032235470e+00 1.655851664600236584e+00 2.004145060032235470e+00 -3.674744237185552009e+01 2.776602560563477695e+01 1.655851664600236584e+00 2.776602560563477695e+01 3.830375682891924782e+01
5.014741760991608288e+01 -2.079785882149350940e+01 1.475319761689424247e+01 -2.079785882149350940e+01 -3.037004990966591489e+00 -1.181641785271854772e+01 1.475319761689424247e+01 -1.181641785271854772e+01 4.045559763206836124e+01
-4.449095276270143273e+01 -2.794569691588035099e+01 1.883991717715729930e+00 -2.794569691588035099e+01 -5.695726043011634232e+01 -1.612604031716219311e+01 1.883991717715729930e+00 -1.612604031716219311e+01 -4.547769828731663466e+01
-1.266724202011843303e+01 -1.913198139554631361e+00 -2.887902339443773769e+01 -1.913198139554631361e+00 -5.949886532528074667e+01 -1.535914335675603937e+01 -2.887902339443773769e+01 -1.535914335675603937e+01 -3.416010273802837816e+01
-5.479032959183671281e+00 1.903532981593504658e+01 1.770185132174115239e+01 1.903532981593504658e+01 -4.788424732370651782e+01 -9.572204321408067651e-01 1.770185132174115239e+01 -9.572204321408067651e-01 -9.887954999061062678e-01
-2.779016228333751215e+01 1.051385156820022537e+01 -6.134461590147449961e+00 1.051385156820022537e+01 -1.924553469419966234e+01 1.019214152678178209e+01 -6.134461590147449961e+00 1.019214152678178209e+01 -3.867391002741224781e+01
-2.323514322558279588e+01 8.920922576066185883e+00 -5.890522660534474042e+00 8.920922576066185883e+00 1.227382713000176473e+01 8.034559009626848436e+00 -5.890522660534474042e+00 8.034559009626848436e+00 -5.004085047792619179e+01
-5.753810000040797235e+00 1.948182972723472162e+01 4.708450997586962061e-01 1.948182972723472162e+01 -2.068385932484248713e+01 -1.764148888553461703e+01 4.708450997586962061e-01 -1.764148888553461703e+01 -5.837163951739206880e+00
1.344414313306242903e+01 -3.715989847290759762e+00 -1.992151665551864514e+00 -3.715989847290759762e+00 -8.525544241795047995e+00 -1.590185314919383197e+00 -1.992151665551864514e+00 -1.590185314919383197e+00 1.283783320487926360e+01
1.853912600327552340e+01 7.745497796079892971e+00 -2.622566691567963293e+00 7.745497796079892971e+00 2.620415671718387784e+01 -1.154313010471878442e+01 -2.622566691567963293e+00 -1.154313010471878442e+01 2.087394982257590570e+01
1.276375589594952409e+01 -3.035012080287160785e+01 -1.114793440431451366e+01 -3.035012080287160785e+01 -2.616166221564339622e+01 3.607457288877544688e+00 -1.114793440431451366e+01 3.607457288877544688e+00 -1.672405724042798880e+01
2.829388873184304387e+01 -5.160550496872896353e+00 8.871976794111525733e-01 -5.160550496872896353e+00 4.659662962345962711e+01 4.070880039682092111e+00 8.871976794111525733e-01 4.070880039682092111e+00 2.886558170442485860e+01
1.298410174304092335e+00 -9.750975750620025195e+00 -1.799660764672254842e+01 -9.750975750620025195e+00 -5.776766890032677537e+01 6.866272233231058841e+00 -1.799660764672254842e+01 6.866272233231058841e+00 8.954763092112750789e-01
4.561846747825086368e+01 -1.051244507002792261e+01 -7.980517789431522679e+00 -1.051244507002792261e+01 2.352441823483346894e+01 -7.694599709252917030e+00 -7.980517789431522679e+00 -7.694599709252917030e+00 4.481135669335730398e+01
-2.428488766150626077e+01 1.304090334144577668e+01 -7.775795809223993160e+00 1.304090334144577668e+01 -4.356804311301836918e+01 -2.101852714631401042e+01 -7.775795809223993160e+00 -2.101852714631401042e+01 -1.889625471167435578e+01
2.445490164680848366e+01 -2.517421834832158645e+00 2.892400029109431614e+00 -2.517421834832158645e+00 3.181838867641707225e+01 2.375522420427609305e+00 2.892400029109431614e+00 2.375522420427609305e+00 1.978734062211800548e+01
2.313364689289029386e+01 8.002048389485508784e-01 -1.818944184091623484e+01 8.002048389485508784e-01 -1.117568547089998177e+01 1.825146336837420691e+01 -1.818944184091623484e+01 1.825146336837420691e+01 2.491440008983186871e+01
4.903227202451342492e+01 1.613297547273722898e+01 -8.210151251745038792e+00 1.613297547273722898e+01 1.253212827298205134e+01 -6.182086997437795661e-01 -8.210151251745038792e+00 -6.182086997437795661e-01 4.414698834873055944e+01
3.400853876506566564e+01 1.529349459485193075e+00 -6.843319452669436309e+00 1.529349459485193075e+00 2.895516594633170016e+01 -9.132944278797452853e+00 -6.843319452669436309e+00 -9.132944278797452853e+00 2.448091353661470038e+01
2.286643890223086828e+01 1.728567768282869732e+00 6.009201247154608572e-01 1.728567768282869732e+00 -3.287531393881246711e+00 -2.275518155878743620e+00 6.009201247154608572e-01 -2.275518155878743620e+00 5.241181164333768017e+00
-3.778426740823699959e+01 2.536382538737636860e+00 2.046456438634713382e-01 2.536382538737636860e+00 -3.172513298921763081e+01 1.033065399816898911e+01 2.046456438634713382e-01 1.033065399816898911e+01 -3.540511090428464236e+00
3.468153072262953884e+01 -5.256785921369020009e+00 -1.189844433912091048e+00 -5.256785921369020009e+00 1.694642823776650320e-01 3.577110417658134534e+00 -1.189844433912091048e+00 3.577110417658134534e+00 2.180586847485357893e+01
4.782099097560378098e+00 6.621110921799741256e+00 9.275142316735998094e+00 6.621110921799741256e+00 -2.892586971335190427e+01 1.420211621159163862e+01 9.275142316735998094e+00 1.420211621159163862e+01 -1.748985363084151423e+00
-1.577354441912363647e+01 -1.194813336905418311e+01 1.377230254081258742e+01 -1.194813336905418311e+01 -5.007685874372750590e+01 7.805354750989630830e+00 1.377230254081258742e+01 7.805354750989630830e+00 -1.809409504280059977e+01
3.333315791234906555e+01 7.922425711725186837e+00 8.223946498179293130e+00 7.922425711725186837e+00 1.919943493453453343e+01 5.283002485115009250e-01 8.223946498179293130e+00 5.283002485115009250e-01 2.939316570154080921e+01
-3.184443951523658889e+00 -4.123299925242396746e+00 -6.784203625747371014e+00 -4.123299925242396746e+00 2.665898118697143104e+00 -3.862578190723830129e+00 -6.784203625747371014e+00 -3.862578190723830129e+00 -1.810291670138998654e+01
-9.155405057247440581e+00 2.196270139074901806e+01 -2.305565654399454711e+00 2.196270139074901806e+01 1.502027008613919179e+01 -4.030995052803533873e+00 -2.305565654399454711e+00 -4.030995052803533873e+00 3.723792250247964120e+00
1.732184910441670311e+01 -7.711257093544884533e+00 3.874735836067183747e+00 -7.711257093544884533e+00 -3.971077277821416374e+01 6.918041678170259168e+00 3.874735836067183747e+00 6.918041678170259168e+00 -9.600824633924871065e+00
-9.864061505708646038e+00 -3.004459637727926458e-01 1.774484140694130829e+01 -3.004459637727926458e-01 -3.446657723536385731e+01 2.991742270105470780e+00 1.774484140694130829e+01 2.991742270105470780e+00 1.518866528528949367e+01
4.075195506544240942e+01 -4.722154418150243060e+00 -8.221524062452731485e+00 -4.722154418150243060e+00 -1.344184697329927758e+01 -3.707552941996364648e+00 -8.221524062452731485e+00 -3.707552941996364648e+00 4.713950652387273976e+01
-3.043203708971498500e+00 3.601276217860818196e+00 1.614602892734743556e+00 3.601276217860818196e+00 -2.578637434611323442e+01 1.191510581799112956e+01 1.614602892734743556e+00 1.191510581799112956e+01 1.431979592524409384e+01
-6.841711997603999862e+01 1.206522753560270900e+01 1.413045411431105869e+01 1.206522753560270900e+01 -6.054448975300544333e+01 1.874449181283583599e+01 1.413045411431105869e+01 1.874449181283583599e+01 -5.218160937517283315e+01
-1.843991393977520232e+01 3.191993114448003599e+00 1.043588079331907892e+01 3.191993114448003599e+00 -3.616337428129782694e+01 3.962558116514224960e+00 1.043588079331907892e+01 3.962558116514224960e+00 -1.442438095724945590e+01
-5.877743557746035741e+00 -1.240202491188514999e+00 -1.430515615405015417e+01 -1.240202491188514999e+00 -4.318701462972369853e+01 -2.765315969422841746e+00 -1.430515615405015417e+01 -2.765315969422841746e+00 3.850357595945115730e+00
3.324254918201571485e+01 1.958795952800595686e+01 1.007505010236369714e+01 1.958795952800595686e+01 7.905184572356911410e+00 -4.619472526741954077e+00 1.007505010236369714e+01 -4.619472526741954077e+00 5.182169930736725405e+01
-2.268954668372824912e+01 -7.213939034294857278e-01 3.537075272017171645e+00 -7.213939034294857278e-01 1.575030862576478441e+01 -8.063943006439661332e+00 3.537075272017171645e+00 -8.063943006439661332e+00 4.263927389091772824e+00
-2.060791837473269439e+01 -9.226299530296552476e+00 -1.096121118717193532e+01 -9.226299530296552476e+00 -3.619008684400057518e+01 5.673185987486291104e-01 -1.096121118717193532e+01 5.673185987486291104e-01 -8.492483371774900647e+00
1.960934781566090734e+01 2.048380460308930839e+00 -8.029217826243932876e+00 2.048380460308930839e+00 3.386508382060716826e+01 -2.194146851552979616e+00 -8.029217826243932876e+00 -2.194146851552979616e+00 2.616266744865066940e+01
4.031871345720435329e+01 5.732323370140705698e+00 1.995459526686145679e+01 5.732323370140705698e+00 4.217017504121700178e+00 -6.188781784563190946e+00 1.995459526686145679e+01 -6.188781784563190946e+00 4.539764312134564506e+01
8.461525321191983195e+00 6.669266309081366195e+00 -3.103493034725840261e+01 6.669266309081366195e+00 -3.512273813609457562e+01 -2.023271131007138379e+01 -3.103493034725840261e+01 -2.023271131007138379e+01 3.152482104138496499e+00
-4.169892757835665376e-01 1.003239674896059697e+00 -1.594567907708420940e+00 1.003239674896059697e+00 5.091860119649643579e+00 9.286096807972059608e-01 -1.594567907708420940e+00 9.286096807972059608e-01 -1.488998868436933076e+00
-1.464328950301595533e+01 -3.145888740986265919e+00 -8.578197155504845295e-01 -3.145888740986265919e+00 -8.163381420216941464e+00 -5.787792260066300543e+00 -8.578197155504845295e-01 -5.787792260066300543e+00 -1.158421936245076189e+01
-3.126999740928845029e+01 -4.299259863539725224e+00 5.303318652358123053e+00 -4.299259863539725224e+00 -1.164488511417670757e+01 -3.259881775828615602e+00 5.303318652358123053e+00 -3.259881775828615602e+00 -1.563378119015275836e+01
1.605012043522810572e+01 -6.250754215825169879e+00 -1.846358887796798598e+01 -6.250754215825169879e+00 -4.014846277236004113e+01 -1.621594770242518990e+01 -1.846358887796798598e+01 -1.621594770242518990e+01 1.747164214911620306e+01
-1.048300935008090207e+01 -4.094725481073177242e+00 2.887788445373650870e+00 -4.094725481073177242e+00 -1.537912283109797862e+01 -5.566598309823627133e+00 2.887788445373650870e+00 -5.566598309823627133e+00 -2.295886465334431392e+01
-2.443425143638577879e+01 -2.170897872860250377e+00 -9.362177756282365593e+00 -2.170897872860250377e+00 -5.410261726524291248e+01 -3.836528786840186722e+00 -9.362177756282365593e+00 -3.836528786840186722e+00 -3.060199216959331991e+01
-8.424413223832397435e+00 -4.697546811129159394e+00 1.240588978600476677e+00 -4.697546811129159394e+00 -3.509283572756329761e+01 1.542635870563476708e+01 1.240588978600476677e+00 1.542635870563476708e+01 -1.441262293621998936e+01
-4.134617825875772468e+01 2.373387454943786778e+00 -6.095036709546054254e+00 2.373387454943786778e+00 -1.639326223513977254e+01 7.292782614726822210e+00 -6.095036709546054254e+00 7.292782614726822210e+00 -1.610577947370795471e+01
1.008854596192971087e+01 8.433084639453692688e+00 9.673346827962815198e+00 8.433084639453692688e+00 -6.506959632684802841e+01 2.011900223706877355e+01 9.673346827962815198e+00 2.011900223706877355e+01 1.761655392305350176e+00
-1.405910385491752024e+01 -3.844696326760085991e+00 -4.409765337092679260e+00 -3.844696326760085991e+00 -1.386346253066650469e+01 9.247085394743888020e-01 -4.409765337092679260e+00 9.247085394743888020e-01 -1.184647163166373041e+01
2.311455616879201713e+01 2.806428465313201670e+00 8.137646467904771086e+00 2.806428465313201670e+00 1.472254179426644427e+01 -1.716404977440462720e-01 8.137646467904771086e+00 -1.716404977440462720e-01 2.915540258382502969e+00
-1.496194954254137288e+00 -7.152955968056531333e+00 3.355235594023811441e+00 -7.152955968056531333e+00 -2.945976748518185673e+01 -2.941840071321755179e+00 3.355235594023811441e+00 -2.941840071321755179e+00 -1.302426547603642737e+00
4.716113532195044655e+01 -4.527849939820448810e+00 7.646999430381088203e+00 -4.527849939820448810e+00 9.245009199940232847e+00 -6.620224871973276137e+00 7.646999430381088203e+00 -6.620224871973276137e+00 6.076490496024723598e+01
-3.105355908003663856e+01 9.571926291449768254e-01 1.174045151153935151e+01 9.571926291449768254e-01 -5.671099620994907298e+01 -1.123672942847682821e+00 1.174045151153935151e+01 -1.123672942847682821e+00 -1.805261486275847460e+01
-1.501641182886667636e+01 -5.491701603534722587e+00 -3.006634618195197284e+00 -5.491701603534722587e+00 -1.021687942628035195e+01 1.212974760876561930e+01 -3.006634618195197284e+00 1.212974760876561930e+01 3.775329546925911384e+00
-5.449348182770464888e+01 -1.747359563667403393e+01 -4.168294769269165201e+00 -1.747359563667403393e+01 -3.855941720885579826e+01 -1.358028413618428187e+00 -4.168294769269165201e+00 -1.358028413618428187e+00 -3.382760988999989848e+01
-1.747921175693543105e+01 1.688715519854243396e+00 -8.459844630492005635e+00 1.688715519854243396e+00 -6.320336930187115598e+01 -3.904676003395281203e+00 -8.459844630492005635e+00 -3.904676003395281203e+00 -3.085652107443132763e+01
1.000915005659865109e+01 1.453057488932600272e+01 2.101128022155490171e+01 1.453057488932600272e+01 -2.325312416100474877e+01 1.061836209573914225e+01 2.101128022155490171e+01 1.061836209573914225e+01 2.442933950316033176e+01
1.419539464908772430e+01 -8.654060289050521604e+00 5.784290758364485363e+00 -8.654060289050521604e+00 3.834225789226765602e-01 -4.810503387332133229e+00 5.784290758364485363e+00 -4.810503387332133229e+00 2.576500410838753297e+01
-3.886634638649847062e+01 -5.242840124284276371e+00 -7.777574473767325358e+00 -5.242840124284276371e+00 -2.794981652451524567e+01 1.205193642615877181e+01 -7.777574473767325358e+00 1.205193642615877181e+01 -4.034083710166444092e+01
-3.739616167970762461e+01 -2.117567835512701446e+00 -8.402168110209899510e+00 -2.117567835512701446e+00 2.403623057756216141e+01 -4.803909258707337315e+00 -8.402168110209899510e+00 -4.803909258707337315e+00 -7.250494907704458569e+01
-2.227207163522206201e+01 1.168467857264458054e+01 -1.299507237909788415e+01 1.168467857264458054e+01 -3.802432451187466711e+01 -3.415485179322973242e+00 -1.299507237909788415e+01 -3.415485179322973242e+00 -2.000067145459269113e+01
-2.898411942618029613e+01 3.715161644251273376e+00 -7.996311588758763245e-01 3.715161644251273376e+00 -5.585377172779117672e+01 -6.044101007854983720e+00 -7.996311588758763245e-01 -6.044101007854983720e+00 -1.939719094694581969e+01
-2.035864575643105923e+01 5.592795803068367766e-01 -4.270701495636908263e+00 5.592795803068367766e-01 -2.547060167711969214e+01 8.635077220127804765e+00 -4.270701495636908263e+00 8.635077220127804765e+00 -1.551167696941408281e+01
-7.821707510358273385e-01 6.579913499783489605e+00 4.962824667967266734e+00 6.579913499783489605e+00 -2.314090028382135245e+01 1.212895501867667747e+01 4.962824667967266734e+00 1.212895501867667747e+01 2.791544203117097922e+01
5.733321967245626816e+00 -2.322427320243988191e+01 -2.362604383194317315e+00 -2.322427320243988191e+01 4.893435155397986591e+01 -2.630917677236886409e-01 -2.362604383194317315e+00 -2.630917677236886409e-01 -2.058705096251852495e+01
-4.380847310210509882e+00 -2.205276939377988299e+01 -9.364305141178723702e+00 -2.205276939377988299e+01 -3.142960122323635730e+01 -2.061364051554981092e-01 -9.364305141178723702e+00 -2.061364051554981092e-01 -4.332365481286482911e+00
4.000016133015072484e+01 6.600046897223446063e-01 5.826404469283156251e-01 6.600046897223446063e-01 2.102302960559579148e+01 5.043498095292489936e+00 5.826404469283156251e-01 5.043498095292489936e+00 3.495595643008550013e+01
1.779855504255987153e+00 8.853501461346406032e+00 1.099195324634011683e+01 8.853501461346406032e+00 3.657551764627581026e+00 4.552677756969750078e+00 1.099195324634011683e+01 4.552677756969750078e+00 6.109379255197710634e+00
-1.402964647916976126e+01 9.530188108676368230e+00 5.670924511706365578e+00 9.530188108676368230e+00 3.429589595957032611e+00 1.771937181627425772e+01 5.670924511706365578e+00 1.771937181627425772e+01 -2.041694935386183829e+01
-2.010022718184841750e+01 1.268943382764286021e+01 1.053568756895735170e+01 1.268943382764286021e+01 -1.728345049500766706e+01 1.277289857570990117e+00 1.053568756895735170e+01 1.277289857570990117e+00 -2.580921886568781787e+01
7.333167851697616202e-01 1.194948550092625261e+01 3.461318823412482981e+00 1.194948550092625261e+01 -6.063919545672079892e+01 5.350295669164462531e+00 3.461318823412482981e+00 5.350295669164462531e+00 -6.868163789467822689e+00
-1.610944158165975537e+01 -4.006979437739850880e+00 5.308379696754393251e+00 -4.006979437739850880e+00 1.999543903447283100e+01 -1.103629562841737588e+01 5.308379696754393251e+00 -1.103629562841737588e+01 1.880781131373858628e+01
-3.366183181519955880e+00 -1.636841788342972670e+00 -2.036646693450719070e+01 -1.636841788342972670e+00 -2.050205346149160235e+01 -1.109197216459370416e+00 -2.036646693450719070e+01 -1.109197216459370416e+00 1.346113787836939757e+01
-2.958202651805170191e+01 2.514958781677433031e+00 1.226276592603375093e+01 2.514958781677433031e+00 -5.485746867160519713e+01 6.926155145886847997e+00 1.226276592603375093e+01 6.926155145886847997e+00 -2.383956433333528580e+01
-1.525391052325881169e+01 -7.397282366265233833e+00 -8.563824504787415748e+00 -7.397282366265233833e+00 -3.463356023971720532e+01 -7.490068487291845933e+00 -8.563824504787415748e+00 -7.490068487291845933e+00 -8.737709228153205387e+00
-3.410830998762428123e+01 -1.981934786547258298e+01 -8.011027507658852187e+00 -1.981934786547258298e+01 -4.316244174798980282e+01 -7.294128484327488948e+00 -8.011027507658852187e+00 -7.294128484327488948e+00 -1.297471989413663174e+01
3.598361611177169550e+01 1.600310279964605797e+01 1.219953765731445472e+01 1.600310279964605797e+01 -9.380046915565857901e+00 6.820641902026756576e+00 1.219953765731445472e+01 6.820641902026756576e+00 3.980716007784377553e+01
4.444200553234826856e+01 -3.806583953302287160e+00 -4.588203257502653010e+00 -3.806583953302287160e+00 5.801041357190006131e+00 -1.370079216639721764e+01 -4.588203257502653010e+00 -1.370079216639721764e+01 3.894491639563202057e+01
-2.754356345676115581e+01 -1.418022198999213579e+01 -7.762387988140784678e+00 -1.418022198999213579e+01 2.643479565053100089e+01 1.553714171677424316e+00 -7.762387988140784678e+00 1.553714171677424316e+00 -6.111173183632183026e+01
-2.633380756392023514e+01 7.945456829057923720e+00 -1.076315584637114853e+01 7.945456829057923720e+00 2.604273943087009968e+01 2.230756321020880062e+00 -1.076315584637114853e+01 2.230756321020880062e+00 -5.267234906285619900e+01
1.576009493522602867e+01 3.757900289602430277e+00 -3.994177398502366305e+00 3.757900289602430277e+00 -1.918374782100022458e+01 5.246946185816297792e+00 -3.994177398502366305e+00 5.246946185816297792e+00 3.609323407482984436e+01
-3.085992772336430434e+01 -1.142221567314894060e+01 4.754933948789170195e+00 -1.142221567314894060e+01 -2.114377184165198642e+01 3.516842063169991039e+00 4.754933948789170195e+00 3.516842063169991039e+00 -3.992351800044697541e+01
-2.631463304011912641e+01 -2.652185145934542909e+00 -1.943448300358039393e+00 -2.652185145934542909e+00 -2.778430719591581166e+01 -4.244117487210911754e+00 -1.943448300358039393e+00 -4.244117487210911754e+00 -6.196525478350897487e+01
-4.263617222041258259e+00 5.303179152488804782e+00 1.359579733396138579e+01 5.303179152488804782e+00 -5.351055751568473084e+01 -7.795758951890626953e+00 1.359579733396138579e+01 -7.795758951890626953e+00 -3.468466608774949389e+00
-1.675659289010476982e+01 -1.250120751076153169e+01 3.308743785658982972e+01 -1.250120751076153169e+01 -2.615764485298852904e+01 1.370923817506232156e+00 3.308743785658982972e+01 1.370923817506232156e+00 -2.480410450238437292e+01
-2.080227610667294158e+01 1.038948116518102482e+00 -1.088160792181588477e+01 1.038948116518102482e+00 -1.367183205886372299e+01 -2.814630632034511581e+00 -1.088160792181588477e+01 -2.814630632034511581e+00 1.838385499932295053e+00
-3.156871259646116101e+01 -1.431193747361080248e+01 9.357824560500183964e+00 -1.431193747361080248e+01 1.771374365909051818e+01 8.172549320181946797e+00 9.357824560500183964e+00 8.172549320181946797e+00 -6.787427444851147129e+01
-8.343536725233288820e+00 2.279005441047616376e+00 -2.483874815357594468e+00 2.279005441047616376e+00 3.089522317892691206e+01 3.532190130154620800e+00 -2.483874815357594468e+00 3.532190130154620800e+00 -4.025123703023338351e+01
-4.320534635113661892e+01 -4.042389319949469595e+00 5.500285024731228489e+00 -4.042389319949469595e+00 -7.106863903057883647e+01 -8.837039449770639488e-01 5.500285024731228489e+00 -8.837039449770639488e-01 -2.522274310360435834e+01
1.933105755297442130e+01 -6.924531674908534384e+00 -9.702533234870010403e+00 -6.924531674908534384e+00 -4.519343418830276704e+01 -1.319205008505796961e+01 -9.702533234870010403e+00 -1.319205008505796961e+01 5.233781882503498295e+00
7.512005095734350490e+00 -1.263216334672795682e+01 4.241362388892655488e+00 -1.263216334672795682e+01 -3.320111691080728633e+01 -1.154879555144946579e+01 4.241362388892655488e+00 -1.154879555144946579e+01 -2.115365091368890393e+00
-1.302493937399441926e+01 -2.388715567082743974e+01 -3.889155618870726805e+00 -2.388715567082743974e+01 -1.791615042753031162e+01 2.107777677822134521e+01 -3.889155618870726805e+00 2.107777677822134521e+01 6.401829704314720537e+00
-2.955598930172493866e+01 -1.649312683621093711e+01 -8.219091382321326300e-01 -1.649312683621093711e+01 -4.224095970263924471e+01 -5.407928117270641266e+00 -8.219091382321326300e-01 -5.407928117270641266e+00 -4.388621890273449111e+01
