4.715234715169458468e+01 6.039481931970197337e+00 9.489521026008638671e+00 6.039481931970197337e+00 3.851480206353743796e+01 2.606876724170853254e+00 9.489521026008638671e+00 2.606876724170853254e+00 4.890085689341482578e+01
8.249969018267405474e+00 -1.105746725818241494e+01 5.971914655496230573e+00 -1.105746725818241494e+01 2.350664794157988879e+01 8.082496900898012981e+00 5.971914655496230573e+00 8.082496900898012981e+00 3.905100108449067164e+01
-3.665074815883615855e+01 4.022351015677608110e+00 1.284220978721272166e+00 4.022351015677608110e+00 -3.241683268799386752e+01 -1.619981335334245431e-01 1.284220978721272166e+00 -1.619981335334245431e-01 -2.982033734199853470e+01
-6.538620364998199541e+00 -1.346540396366681236e+01 1.367519726997802820e+01 -1.346540396366681236e+01 -4.593353174477577738e+01 2.081310529381874375e+01 1.367519726997802820e+01 2.081310529381874375e+01 -2.950125827327816364e+00
-1.331538975047487128e+01 -8.829931784241321635e-01 1.047040175539623696e+01 -8.829931784241321635e-01 -2.066497366959199056e+01 -3.250648311152421588e+00 1.047040175539623696e+01 -3.250648311152421588e+00 -6.574485896452297418e+00
-2.943730858394510008e+01 2.499896614379506499e+00 -3.418394050898199144e+00 2.499896614379506499e+00 -5.214142937077566842e+01 -4.679385712992878865e+00 -3.418394050898199144e+00 -4.679385712992878865e+00 -2.117581599474215182e+01
-2.585213413664349957e+01 4.668829176821727156e-01 1.388892422795884318e+00 4.668829176821727156e-01 -3.659325583436952911e+01 -4.073636992395527123e+00 1.388892422795884318e+00 -4.073636992395527123e+00 -3.270581486435973773e+01
9.042026491308822855e+00 1.889634203074555430e+00 5.502781557993854378e+00 1.889634203074555430e+00 -2.149167915212239777e+01 -2.695040182523625649e+00 5.502781557993854378e+00 -2.695040182523625649e+00 1.674824497611303187e+01
-3.117982342643084337e+01 9.902201194284343089e+00 1.189903347899113406e+01 9.902201194284343089e+00 -6.937454224061374930e+01 4.476885626424275122e-01 1.189903347899113406e+01 4.476885626424275122e-01 -3.908767394687765062e+01
1.495548814697454709e+01 -1.069178143867177244e+00 1.064063075097296185e+01 -1.069178143867177244e+00 -2.235880260440330147e+01 -5.562240243446016308e+00 1.064063075097296185e+01 -5.562240243446016308e+00 1.439687971364952546e+01
-5.953915731708464421e+01 -8.062642701888414365e+00 1.492234829423910902e+01 -8.062642701888414365e+00 -7.380987910263421270e+01 1.851813374162016856e+00 1.492234829423910902e+01 1.851813374162016856e+00 -3.683142718968852591e+01
3.093496292900460176e+01 5.032042262030616442e+00 2.332693823328177096e+00 5.032042262030616442e+00 1.936432360722494295e+01 7.592014662268750769e+00 2.332693823328177096e+00 7.592014662268750769e+00 2.933954712077121130e+01
2.889628883077810073e+01 1.189395704151310440e+01 2.028174141535498265e+01 1.189395704151310440e+01 3.152162330580550176e+01 -1.112315740796981700e+01 2.028174141535498265e+01 -1.112315740796981700e+01 3.715497188967214015e+01
2.157866787777586559e+00 1.931776720498223554e+01 4.394406406193967385e+00 1.931776720498223554e+01 -1.390790453500559209e+01 8.309817736222724349e+00 4.394406406193967385e+00 8.309817736222724349e+00 -2.819654815122862956e+01
-4.040353455811831473e+00 8.034795112777587178e+00 -6.013545981982807653e+00 8.034795112777587178e+00 -2.238738194524315883e+00 -1.691999851908972508e+00 -6.013545981982807653e+00 -1.691999851908972508e+00 7.604272135574939862e-01
2.564795158698973676e-01 1.197733455460540331e+00 5.843682676419263977e+00 1.197733455460540331e+00 -1.955280706352883868e+01 5.191486949730422573e+00 5.843682676419263977e+00 5.191486949730422573e+00 -1.262152659340824457e+01
-1.124838098465662561e+01 4.718216020827823431e-01 4.292855012977644158e+00 4.718216020827823431e-01 -2.686822070780679539e+01 1.661096111459095637e+00 4.292855012977644158e+00 1.661096111459095637e+00 -7.974286044081542180e+00
1.362387426648811761e+01 -2.459731577084145915e+00 1.081357168732044371e+01 -2.459731577084145915e+00 -3.149674275692369818e+01 1.068628886346194573e+00 1.081357168732044371e+01 1.068628886346194573e+00 7.026501149573757488e+00
7.097579527308241154e+00 1.499621058532876283e+01 6.438305930879662853e+00 1.499621058532876283e+01 -1.849930248462084137e+01 -9.442376859478993634e-01 6.438305930879662853e+00 -9.442376859478993634e-01 3.219635992522821510e+01
3.519492388189049592e+01 -5.482111976727081781e-02 1.097363142282446091e+01 -5.482111976727081781e-02 1.969652757917371133e+01 1.353151593528075569e+00 1.097363142282446091e+01 1.353151593528075569e+00 4.759552811511851900e+01
1.442314962468647366e+01 -1.090586948237740295e+01 5.759012834391656899e-01 -1.090586948237740295e+01 -1.297903199987921319e+01 2.760831746737739678e+00 5.759012834391656899e-01 2.760831746737739678e+00 1.252893537377479127e+01
1.836145927805851130e+01 6.143208336530652236e-01 -6.226063636871351781e-01 6.143208336530652236e-01 5.618077157129951260e+00 -2.319558174315073273e+00 -6.226063636871351781e-01 -2.319558174315073273e+00 2.381692681084445695e+01
4.997212967346158052e+00 -3.354404453400389868e-02 -3.235443762472114404e+00 -3.354404453400389868e-02 4.444250317508794623e+00 5.899867640405610736e+00 -3.235443762472114404e+00 5.899867640405610736e+00 6.295184705043681550e-01
8.209088716472111358e+00 8.859087086615447859e+00 8.244883630245107398e+00 8.859087086615447859e+00 -1.568120351355907083e+01 -4.986858526607603537e+00 8.244883630245107398e+00 -4.986858526607603537e+00 2.711273023821388861e+01
1.018533381162503737e+01 9.328851866064944431e+00 8.851921978204551067e+00 9.328851866064944431e+00 -2.162580610365767697e+01 2.761605341565843141e-01 8.851921978204551067e+00 2.761605341565843141e-01 -1.780752149707650034e+01
2.939758591249761466e+01 -4.170568649083706281e-01 1.839733884284021315e+01 -4.170568649083706281e-01 4.969487105528495263e+00 -5.747423764386158318e+00 1.839733884284021315e+01 -5.747423764386158318e+00 1.394369047778731918e+01
-1.890111306028786631e+00 1.124083185200332480e+01 5.063515367672423828e+00 1.124083185200332480e+01 -4.775212165462814795e+01 1.552129493865123244e+01 5.063515367672423828e+00 1.552129493865123244e+01 -1.485088861593910359e+01
3.591677383567358106e+01 -1.165680487930413234e+00 3.469904232934328259e-01 -1.165680487930413234e+00 -1.462177004545399672e+00 -2.801713925985835463e+00 3.469904232934328259e-01 -2.801713925985835463e+00 2.901385909797948059e+01
1.637919688024588538e+01 1.428587973503207920e+01 1.201282193046222346e+01 1.428587973503207920e+01 -1.497339916286695782e+01 1.967424362013077754e+01 1.201282193046222346e+01 1.967424362013077754e+01 5.552629452068527982e+00
-1.123616888955764637e+01 7.352418233961490301e+00 6.365662924384221988e+00 7.352418233961490301e+00 -2.963154079485278203e+01 6.985271667063801537e+00 6.365662924384221988e+00 6.985271667063801537e+00 -8.633821029661556068e+00
9.899790816145157990e+00 1.111122605166317001e-01 1.193483063407771816e+01 1.111122605166317001e-01 1.532803194155276927e+01 -6.073350836801019170e+00 1.193483063407771816e+01 -6.073350836801019170e+00 2.958844431276099840e+01
3.601633731701728180e+01 -6.138644163035739787e+00 1.631192531017744329e+01 -6.138644163035739787e+00 4.923888858492337306e+01 4.420917566026485446e+00 1.631192531017744329e+01 4.420917566026485446e+00 3.593938208451804428e+01
-1.049318366584912399e+00 -5.187221742955920867e+00 1.018359640543899580e+01 -5.187221742955920867e+00 -3.954543841293541817e+01 -3.267881802585544726e+00 1.018359640543899580e+01 -3.267881802585544726e+00 -3.761592513738537313e+00
1.248413301806314379e+01 4.387809086630782285e-01 -2.283073789606722137e+00 4.387809086630782285e-01 -1.739343253595135419e+00 -1.780322125797872412e-01 -2.283073789606722137e+00 -1.780322125797872412e-01 1.803914039110173562e+01
-1.260925984720786097e+01 4.902975509969627055e+00 2.565606254317831514e+00 4.902975509969627055e+00 -4.962022382567064938e+01 1.654577954906443082e+01 2.565606254317831514e+00 1.654577954906443082e+01 -4.049611902573693634e+00
-1.912136543672183553e+00 -1.733189110759503215e+00 5.590233502242072383e+00 -1.733189110759503215e+00 -2.050660040648455507e+01 5.289192101717049788e+00 5.590233502242072383e+00 5.289192101717049788e+00 1.800324249048240688e+01
9.413962017433455287e+00 -2.692085484935423434e+00 8.968977686482405787e+00 -2.692085484935423434e+00 2.594596832623416116e+00 -4.767775955300805890e+00 8.968977686482405787e+00 -4.767775955300805890e+00 1.101330620044594966e+01
2.080756270710292100e+01 3.741284864539091259e+00 1.849330105412192538e+01 3.741284864539091259e+00 -3.394014695088744649e+00 -8.402690288204304192e-01 1.849330105412192538e+01 -8.402690288204304192e-01 3.422425719946934208e+01
-1.445009192204879156e+01 1.787754867481417209e+00 -8.850120282761120283e-01 1.787754867481417209e+00 -2.345614238769283233e+01 -5.835690471351958841e+00 -8.850120282761120283e-01 -5.835690471351958841e+00 -2.342486108533178069e+00
3.950277897363885238e-01 -1.034501196037281545e+01 9.318772139679110111e+00 -1.034501196037281545e+01 -2.691458327945634110e+01 8.006091069175051089e+00 9.318772139679110111e+00 8.006091069175051089e+00 -1.570282677351239187e+01
3.791707586313724931e+01 -1.122140047394890772e+01 7.828543142532405241e+00 -1.122140047394890772e+01 2.343166335211102691e+01 1.118552621956483151e+01 7.828543142532405241e+00 1.118552621956483151e+01 1.808561124658000452e+01
1.284948802409613222e+01 -6.443482508387488039e+00 4.319861696214190999e-02 -6.443482508387488039e+00 -6.572830822994661482e+00 -2.692897674733338409e+00 4.319861696214190999e-02 -2.692897674733338409e+00 6.973981044686326847e+00
-1.026531489447843626e+01 5.273962930937143412e+00 2.614856594615879229e-02 5.273962930937143412e+00 -3.580110878912219619e+01 -7.498226684772618889e+00 2.614856594615879229e-02 -7.498226684772618889e+00 -1.058537130618584143e+01
2.735902104951052038e+01 1.739916671587919961e+00 -3.460301592405647941e+00 1.739916671587919961e+00 1.419698278139136072e+01 -1.406902773813260232e+00 -3.460301592405647941e+00 -1.406902773813260232e+00 1.735594036541255392e+01
6.390897044508042413e+00 -2.049151414544265748e+00 3.837895815310170988e+00 -2.049151414544265748e+00 -2.839425676730383596e+00 2.863370176738271322e+00 3.837895815310170988e+00 2.863370176738271322e+00 1.381107620198764607e+01
-1.803507407220543968e+01 1.226791876609710208e+01 9.447386776645691597e+00 1.226791876609710208e+01 -2.373096293868776741e+01 -5.320498070701283666e+00 9.447386776645691597e+00 -5.320498070701283666e+00 1.699381520410963375e+01
-1.685312498671034831e+01 2.855738201529738785e+00 8.135133040490210021e+00 2.855738201529738785e+00 -1.951858919867063946e+01 -2.443849711158838645e+00 8.135133040490210021e+00 -2.443849711158838645e+00 9.252982865808807134e+00
-1.108925380023860363e+01 1.174305672264458345e+01 2.391435402105387809e+01 1.174305672264458345e+01 -4.403028294535252485e+01 -2.219607490199597777e+01 2.391435402105387809e+01 -2.219607490199597777e+01 -7.077065627425556116e+00
-3.063106546773621264e-01 8.466545587067001222e+00 1.397222177547286215e+01 8.466545587067001222e+00 -1.350110068700241328e+01 -2.687867227520038815e-01 1.397222177547286215e+01 -2.687867227520038815e-01 1.071984231172460333e+01
-1.864510641700017146e+01 3.232738922682114602e+00 1.164002237163788323e+01 3.232738922682114602e+00 -4.085817350359611311e+01 6.494159412482188642e+00 1.164002237163788323e+01 6.494159412482188642e+00 -1.448320589913477896e+01
3.295233427927320324e+00 8.487226763310868449e+00 -1.430429901772291901e+00 8.487226763310868449e+00 -2.414514526273092798e+01 6.178546075687916250e+00 -1.430429901772291901e+00 6.178546075687916250e+00 1.364392862518630167e+01
2.159069758990295895e+01 2.554574908297449820e+00 3.685242284868412987e+00 2.554574908297449820e+00 1.295383645337849221e-01 -6.195096197967377094e+00 3.685242284868412987e+00 -6.195096197967377094e+00 1.951272451419562515e+01
-1.751869810509671410e+01 6.973018591988368264e+00 1.263874787337526584e+01 6.973018591988368264e+00 -4.704411735960514562e+01 -7.953225028246357908e-01 1.263874787337526584e+01 -7.953225028246357908e-01 -2.707422574246136193e+01
-3.826573667600156270e+00 -2.234749131738611450e+00 1.517263090906102185e+01 -2.234749131738611450e+00 -4.848924971121262217e+01 -3.022020924245874873e+00 1.517263090906102185e+01 -3.022020924245874873e+00 -1.086480472768181293e+01
2.140273187854625192e+01 -3.543355826582634260e-01 7.308578419416204675e+00 -3.543355826582634260e-01 8.151924452724816916e+00 -9.308550955333207977e-01 7.308578419416204675e+00 -9.308550955333207977e-01 3.473014497425495506e+01
3.924374710563572677e+01 -2.218193854954610700e+01 1.100202669449693715e+01 -2.218193854954610700e+01 4.801222774699820839e+00 -8.851381945606160428e+00 1.100202669449693715e+01 -8.851381945606160428e+00 4.392608973545841877e+01
-1.063151602039215149e+01 -1.286963795222477813e+01 8.721068124991539605e+00 -1.286963795222477813e+01 -6.518156206427418908e+01 1.096316812729460288e+01 8.721068124991539605e+00 1.096316812729460288e+01 -1.364965949719681504e+01
-2.107064230481168821e+01 -6.307378991058822493e+00 1.434269197449245858e+01 -6.307378991058822493e+00 -5.207249914173505090e+01 2.730830793205523133e+00 1.434269197449245858e+01 2.730830793205523133e+00 -1.006183320496047706e+01
1.786790583945019151e+01 5.075955441347034913e+00 2.496112785532272671e+00 5.075955441347034913e+00 1.692017235486147442e+01 -1.844633449915770385e+00 2.496112785532272671e+00 -1.844633449915770385e+00 2.129719460855101332e+01
3.528428589197289966e+01 -3.795343187616453950e-01 1.292762575727369523e+01 -3.795343187616453950e-01 1.327859373427054379e+01 4.893741923814658001e+00 1.292762575727369523e+01 4.893741923814658001e+00 2.872099451467743592e+01
1.607070792887891386e+01 -5.499566291087355729e+00 1.155112554147291526e+01 -5.499566291087355729e+00 -1.802474116671313453e+01 -5.847550446271506885e+00 1.155112554147291526e+01 -5.847550446271506885e+00 2.761997581537396940e+01
1.369603444462822139e+01 1.056103217357232715e+01 1.457701562844509580e+00 1.056103217357232715e+01 -7.862048778305331886e+00 -3.292967501768011562e+00 1.457701562844509580e+00 -3.292967501768011562e+00 5.438449452537811091e+00
2.984761176407520367e+01 7.336500391405169630e-01 6.391115394123043636e+00 7.336500391405169630e-01 2.344586912399874379e+01 -2.241015253611253755e+00 6.391115394123043636e+00 -2.241015253611253755e+00 3.902185065660427199e+01
-4.445056795967073526e+01 -1.871244293478862675e+00 1.108416682399479747e+01 -1.871244293478862675e+00 -4.232851337948110881e+01 3.653639977141854178e+00 1.108416682399479747e+01 3.653639977141854178e+00 -1.966046109335829328e+01
5.037209666318712920e+01 -1.636041991791298278e+00 1.268935284598681612e+01 -1.636041991791298278e+00 1.886709680796709421e+01 -1.206670425832978788e+00 1.268935284598681612e+01 -1.206670425832978788e+00 2.468197713095165469e+01
3.073730798078504911e+00 -5.033225152008053982e+00 7.994535267681635915e+00 -5.033225152008053982e+00 -3.200346039988504998e+01 -3.718365209865836518e-01 7.994535267681635915e+00 -3.718365209865836518e-01 1.263227106776322328e+00
-4.009492851764442634e+01 8.443737230660277149e+00 3.660901358430818675e+01 8.443737230660277149e+00 -6.024213700775952418e+01 7.142273826544420778e+00 3.660901358430818675e+01 7.142273826544420778e+00 -2.334221871017146199e+01
-1.139368131365216463e+01 -4.953510568986322582e+00 -6.067973240234012522e+00 -4.953510568986322582e+00 -5.185484597596105516e+01 7.336849459947218932e+00 -6.067973240234012522e+00 7.336849459947218932e+00 -2.052942579348641416e+01
1.426970454174985470e+00 6.536825194388594440e+00 8.895627992381916371e+00 6.536825194388594440e+00 -1.459466325469596626e+01 -7.355350869632420796e+00 8.895627992381916371e+00 -7.355350869632420796e+00 9.370482722842591317e-01
2.668320734357963531e+01 1.951344828620940719e+00 6.118013605292321522e+00 1.951344828620940719e+00 2.759577406716215009e+01 2.535928526128453098e-01 6.118013605292321522e+00 2.535928526128453098e-01 3.667709490331881739e+01
-1.091550845503837408e+01 9.326738244484394258e+00 1.362422505048724020e+01 9.326738244484394258e+00 -4.488984759361688504e+01 -7.685779936363516640e+00 1.362422505048724020e+01 -7.685779936363516640e+00 -4.436115654320081703e+00
-1.013031527917220398e+00 7.532827838550449684e+00 1.278840349753901817e+00 7.532827838550449684e+00 -2.662943235588431534e+01 -4.041906516874071542e+00 1.278840349753901817e+00 -4.041906516874071542e+00 -1.063306256755022661e+00
-9.579823566090052367e+00 3.676466025821770067e+00 1.717769142534072913e+01 3.676466025821770067e+00 -9.145729914522750192e+00 -4.125676933882499675e+00 1.717769142534072913e+01 -4.125676933882499675e+00 -6.459817588880924610e+00
-1.585241800463399642e+01 4.129027996071603646e+00 3.814038935738233715e-01 4.129027996071603646e+00 -1.901734552047789251e+01 -3.269190654529663842e+00 3.814038935738233715e-01 -3.269190654529663842e+00 -9.545886414221001814e+00
-1.872567956625320562e+01 -1.765438027464612203e+00 4.395541072255362280e+00 -1.765438027464612203e+00 -2.839496453932103393e+01 -1.135994270992328303e+00 4.395541072255362280e+00 -1.135994270992328303e+00 -5.457385384590024202e+00
-2.708640215414822094e+01 -2.294990582288580683e+01 6.940360240634335653e+00 -2.294990582288580683e+01 -4.528225926622594244e+01 -5.445231843948925565e+00 6.940360240634335653e+00 -5.445231843948925565e+00 -1.638293290869368235e+01
-4.097172753178443649e+00 -3.832382067268241155e+00 6.162327941662300468e+00 -3.832382067268241155e+00 -2.097251488424521426e+01 1.090402459098943400e+00 6.162327941662300468e+00 1.090402459098943400e+00 -9.007249231746650153e+00
-2.330089908095877860e+01 -2.078307784531003399e+00 6.187657729257587391e+00 -2.078307784531003399e+00 -5.190892043092157593e+01 8.561741434349166013e+00 6.187657729257587391e+00 8.561741434349166013e+00 -2.575335957674866094e+01
9.528807549978367319e+00 1.009738245690555480e+00 -2.852951498348945680e+00 1.009738245690555480e+00 -6.282415428984077899e+00 3.820256388542618287e-01 -2.852951498348945680e+00 3.820256388542618287e-01 1.127541157168696628e+01
8.618107695099189058e+00 7.897925409279912046e+00 -1.792728909424542882e+00 7.897925409279912046e+00 -2.892249240759319662e+01 1.029397647724749909e+01 -1.792728909424542882e+00 1.029397647724749909e+01 1.670383301114209473e+01
1.600617427929902803e+01 -2.743544722318761675e+00 1.926120329523035934e+01 -2.743544722318761675e+00 -7.790925071888516129e+00 -4.132028454934960848e+00 1.926120329523035934e+01 -4.132028454934960848e+00 1.934285210543385602e+01
-4.297668371906450346e+00 8.832821632334500350e+00 4.915448227086020694e+00 8.832821632334500350e+00 -3.933826209586107581e+01 -2.410467226590247147e+00 4.915448227086020694e+00 -2.410467226590247147e+00 -5.762112158803067707e+00
-1.107888364701733686e+01 -2.784896073902518054e+01 8.227191420223121554e+00 -2.784896073902518054e+01 -3.672338667480426722e+01 6.797778421532276738e+00 8.227191420223121554e+00 6.797778421532276738e+00 -5.385366937534753617e+01
3.404528350890733179e+01 1.276095779766619698e+00 6.914502078806804342e+00 1.276095779766619698e+00 2.649922969412428131e+01 -1.659655201640055866e+00 6.914502078806804342e+00 -1.659655201640055866e+00 3.234946649884779646e+01
-3.603264895466930628e+00 4.291975577310076062e+00 1.020600195803572952e+01 4.291975577310076062e+00 -2.611836178036123357e+01 3.684974757980632898e+00 1.020600195803572952e+01 3.684974757980632898e+00 1.248686889408517153e+01
1.353004670745066740e+01 6.124915597636081399e-01 -1.638887647913639611e+00 6.124915597636081399e-01 -1.229118851149535097e+01 4.284923945639549814e+00 -1.638887647913639611e+00 4.284923945639549814e+00 1.554476702769801655e+01
-1.015609646216736550e+01 5.258966117709364063e+00 -2.622557510868043451e+00 5.258966117709364063e+00 -2.540358864011468754e+01 -1.528692386942359094e-01 -2.622557510868043451e+00 -1.528692386942359094e-01 -3.843625556916544284e+00
5.077254663371812171e+01 -1.116735913670559910e+01 1.578964663097620935e+01 -1.116735913670559910e+01 2.900165656693611638e+01 1.917330663596819207e+01 1.578964663097620935e+01 1.917330663596819207e+01 4.719819982242479028e+01
2.082257866749467468e+01 9.138004913862909362e+00 2.933086646245714846e+01 9.138004913862909362e+00 -3.016565913494407880e+01 -8.726760469796595032e+00 2.933086646245714846e+01 -8.726760469796595032e+00 1.031066115221297430e+01
-1.193713704462714631e+01 6.081134621283836417e+00 -1.872805171531599200e+00 6.081134621283836417e+00 -3.701224493925661818e+01 -1.088917042117610379e+01 -1.872805171531599200e+00 -1.088917042117610379e+01 -1.752320237708229556e+01
-1.752364071756736763e+01 5.179416804648846018e+00 1.667868733410237780e+01 5.179416804648846018e+00 -3.056494730358386391e+01 4.287948507907308748e-01 1.667868733410237780e+01 4.287948507907308748e-01 3.244063373523028204e+00
-8.060063333737881308e+00 8.441273622039965119e+00 6.492475831041715217e+00 8.441273622039965119e+00 -3.204657036410058168e+01 1.281408564650108062e+01 6.492475831041715217e+00 1.281408564650108062e+01 3.343034632557966290e+00
4.133043043885603396e+01 -5.783305464817035002e+00 1.684203591255394272e+01 -5.783305464817035002e+00 1.925728440348103376e+01 1.298342456748216378e+01 1.684203591255394272e+01 1.298342456748216378e+01 4.324119419544432930e+01
-9.914731987424850956e+00 5.526001907141705694e+00 -5.814997894704990955e+00 5.526001907141705694e+00 -7.497770646068627087e+00 -2.099734146413924307e+00 -5.814997894704990955e+00 -2.099734146413924307e+00 2.595513273338335924e+00
-3.482792322282597297e+01 -1.176402599381651903e+01 2.705086778425255289e+01 -1.176402599381651903e+01 -5.989933731893138713e+01 1.613187867170222489e+01 2.705086778425255289e+01 1.613187867170222489e+01 -1.886990999884793396e+01
-5.338886169314863039e+00 -8.169555554084252380e-01 1.094778872162096794e+00 -8.169555554084252380e-01 -2.869899049656443779e+01 -3.365972609589708231e+00 1.094778872162096794e+00 -3.365972609589708231e+00 1.470663233215638677e+01
-1.994224006428234830e+00 -8.546333294536070824e+00 1.406458712312053194e+01 -8.546333294536070824e+00 -7.453328398999016002e+00 -1.875410248586323902e+01 1.406458712312053194e+01 -1.875410248586323902e+01 2.099248226064249678e+01
-1.016107950530005866e+01 9.853814578718292694e+00 2.149571199272541833e+01 9.853814578718292694e+00 -1.842355995484159692e+01 5.061780366411112730e-01 2.149571199272541833e+01 5.061780366411112730e-01 1.659932572389296723e+01
-3.110057979012942564e+00 1.079682301703985914e+01 4.399325787714350788e+00 1.079682301703985914e+01 -1.483721675086886549e+01 4.272318282749909102e+00 4.399325787714350788e+00 4.272318282749909102e+00 -8.019242012504271599e+00
-1.972538101951592537e+01 3.976568040180075592e+00 -1.246164193585569624e+00 3.976568040180075592e+00 -1.667534209178579019e+01 -2.536787958462989323e+00 -1.246164193585569624e+00 -2.536787958462989323e+00 -1.232599487650606918e+01
