-7.136140593724353387e+00 -1.490880164052253321e+01 1.285405650945914680e+01 -1.490880164052253321e+01 -3.803895967266259959e+01 1.196998529778097176e-01 1.285405650945914680e+01 1.196998529778097176e-01 -1.431446197111072927e+01
-5.419826673487587243e+01 -6.429017675733843085e+00 4.765571386963342704e+00 -6.429017675733843085e+00 -1.778005486093099918e+01 -7.713558715074995575e+00 4.765571386963342704e+00 -7.713558715074995575e+00 -5.120328981966616766e+01
7.793623284628812264e+00 1.137347043182928674e+00 1.077657439334040212e+01 1.137347043182928674e+00 2.405944808911300470e+01 -9.771172713598687665e+00 1.077657439334040212e+01 -9.771172713598687665e+00 -4.047069603794066239e+01
-3.002920918990513499e+01 -6.342817132099062505e+00 -1.719293240621021113e+01 -6.342817132099062505e+00 -1.551567456947440604e+01 1.982193285478730616e+01 -1.719293240621021113e+01 1.982193285478730616e+01 -6.183365660027753563e+01
-5.363265886179043207e+00 -1.115001276660782992e+01 3.192844639567181453e+00 -1.115001276660782992e+01 -2.536871813554004618e+01 8.729157457562376488e-01 3.192844639567181453e+00 8.729157457562376488e-01 -7.015316634353780501e+01
1.331167918523150284e+01 -1.872188746525671910e+00 -1.004250027052924210e+01 -1.872188746525671910e+00 1.422112506342187999e+00 1.002195281212678957e+01 -1.004250027052924210e+01 1.002195281212678957e+01 1.232833140317490805e+00
1.327495527637471717e+01 -9.087690280807132481e+00 -7.954063460920868245e+00 -9.087690280807132481e+00 -4.259003593397644671e+00 -5.282853610020460167e+00 -7.954063460920868245e+00 -5.282853610020460167e+00 -3.325923891317490444e+01
-2.930896646084430657e+01 -6.022315574946213168e-01 2.333191092803456712e+00 -6.022315574946213168e-01 -1.492545438427984017e+01 1.001298688385662672e+01 2.333191092803456712e+00 1.001298688385662672e+01 1.720248710416570859e+01
6.202768293475860162e+01 1.134917734102200981e+01 2.614070818652584283e+00 1.134917734102200981e+01 2.694330344691888612e+01 7.501822503276944776e-01 2.614070818652584283e+00 7.501822503276944776e-01 -1.151971603223034535e+01
-1.968488503195400341e+01 -5.839384605155387709e-01 -2.098365694273345028e+01 -5.839384605155387709e-01 -1.472987046924850318e+01 7.536799154495443354e+00 -2.098365694273345028e+01 7.536799154495443354e+00 -3.995021210367094966e+01
1.455760211123103609e+01 -2.018193826825453741e+01 -9.106115781375120122e+00 -2.018193826825453741e+01 -1.498258148380749510e+01 2.029922403570584066e+01 -9.106115781375120122e+00 2.029922403570584066e+01 -4.429175161885991230e+01
3.160472620564048096e+00 1.041302323056919477e+01 -1.592196430623328718e+00 1.041302323056919477e+01 9.029169499401573873e+00 -1.103366547057232161e+01 -1.592196430623328718e+00 -1.103366547057232161e+01 -2.518881414648266315e+01
-1.075925257619200881e+00 5.685974679943833543e+00 4.170974863851109049e+00 5.685974679943833543e+00 -1.835607115563207259e+01 3.290148463010932556e+00 4.170974863851109049e+00 3.290148463010932556e+00 -7.035643826326500516e+01
-1.001777764583694719e+01 6.070864693911842691e-01 -1.303145492521065663e+01 6.070864693911842691e-01 -3.234809842719861450e+01 -8.190293032073496349e+00 -1.303145492521065663e+01 -8.190293032073496349e+00 -4.277275403696985734e+01
-6.516884361361579181e+01 1.082709454599792132e+01 3.967506521925926233e+00 1.082709454599792132e+01 -1.680014403016636493e+01 1.704063887876694938e+00 3.967506521925926233e+00 1.704063887876694938e+00 1.992142146301049976e+01
-1.632577701633067235e+01 8.309511573721826139e+00 8.983544446558070717e+00 8.309511573721826139e+00 -3.378189748733360087e+00 -6.957887670827548554e+00 8.983544446558070717e+00 -6.957887670827548554e+00 1.830022757735243388e+01
-1.211298630362435125e+00 -6.670201906335162079e+00 -9.818099067629722398e+00 -6.670201906335162079e+00 1.938600448861012282e+01 -1.025183376931086343e+01 -9.818099067629722398e+00 -1.025183376931086343e+01 4.500918532743887113e+01
6.242544182912947548e+00 1.453963327925362758e+00 6.725192099891173392e+00 1.453963327925362758e+00 7.631800737636464937e+00 1.084103739334498862e+01 6.725192099891173392e+00 1.084103739334498862e+01 -3.316567626765453269e+01
-1.950632965261853702e+00 4.054039541046150497e+00 1.339500675493438564e+01 4.054039541046150497e+00 1.449258215718183251e+01 -1.591487608538679321e+00 1.339500675493438564e+01 -1.591487608538679321e+00 1.739187446603038012e+01
-5.051853186299076981e+01 1.471703196681963099e+01 2.060871734734226024e+00 1.471703196681963099e+01 -2.207575268106116084e+01 1.650408352595270634e+00 2.060871734734226024e+00 1.650408352595270634e+00 1.331647565888421525e+01
-1.389949310001942528e+01 -1.229137560858227829e+01 -1.166780323227396288e+01 -1.229137560858227829e+01 -3.329139801365221274e+01 2.337389885292405545e+00 -1.166780323227396288e+01 2.337389885292405545e+00 -3.915037766574058509e+01
5.947412496244485425e+01 1.927773024393484302e+00 5.699909909211110737e+00 1.927773024393484302e+00 5.229240561684764543e+01 1.056347641277236526e+01 5.699909909211110737e+00 1.056347641277236526e+01 1.300363341920345661e+01
5.029984824299165069e+01 1.478958276928995508e+00 1.631327882388990957e+01 1.478958276928995508e+00 4.779222669400996182e+01 1.853898499946546319e-01 1.631327882388990957e+01 1.853898499946546319e-01 -1.753093680645755015e+01
1.951715848258199060e+01 -7.993695302852413809e-01 -5.832441460800620980e+00 -7.993695302852413809e-01 7.305875885549351523e+00 -2.906265383274642122e+00 -5.832441460800620980e+00 -2.906265383274642122e+00 -5.278777790104339829e+01
1.629152074603813105e+01 -2.217799948597012349e+00 5.476230849443158633e+00 -2.217799948597012349e+00 -3.381033633989000808e+00 5.147914628551141902e+00 5.476230849443158633e+00 5.147914628551141902e+00 -1.581218584327459098e+01
-7.551898854944199435e+00 9.800647449398443456e+00 5.792167695263582772e+00 9.800647449398443456e+00 -4.244064790353750283e+01 5.024363112854873137e+00 5.792167695263582772e+00 5.024363112854873137e+00 1.372302060778990018e+01
2.160982012213423786e+01 -1.718282753537109997e+01 -3.398429126147581858e+00 -1.718282753537109997e+01 2.100384296632644698e-01 -9.123416209708267388e+00 -3.398429126147581858e+00 -9.123416209708267388e+00 -2.801311966677854315e+01
1.920178362520876192e+01 5.089941888182508478e+00 7.108922639881904537e+00 5.089941888182508478e+00 1.101111374264037046e+01 -4.087668339832589481e+00 7.108922639881904537e+00 -4.087668339832589481e+00 1.353978378835629570e+01
-3.024490460050712670e+01 -1.353427922676318929e+01 -2.116899372941772217e+00 -1.353427922676318929e+01 -4.901407348531310504e+01 -2.585380591963379882e-01 -2.116899372941772217e+00 -2.585380591963379882e-01 -8.173917718469874671e+01
-1.005854359491693550e+01 1.370134878615353990e+01 -1.593874178363967165e+00 1.370134878615353990e+01 2.436566511866427476e+01 4.728873782681218607e+00 -1.593874178363967165e+00 4.728873782681218607e+00 2.733640433897895150e+01
5.857513280214492113e+01 -5.467360396132471934e+00 -1.003500238805904665e+01 -5.467360396132471934e+00 4.778893248596871501e+01 3.485884655064119375e+00 -1.003500238805904665e+01 3.485884655064119375e+00 1.187392717034510703e+01
-2.575206377786600243e+01 9.944515952081410148e+00 -2.994475689358269133e-01 9.944515952081410148e+00 -3.011378863524080529e+01 3.383489997800115390e+00 -2.994475689358269133e-01 3.383489997800115390e+00 -2.542668741720570935e+01
2.570338117194762262e+01 5.235784229258565681e+00 -3.213883019716242018e+00 5.235784229258565681e+00 1.930718633608065815e+01 -2.913120737035347352e-01 -3.213883019716242018e+00 -2.913120737035347352e-01 -3.415291877906642348e+00
-2.601789477975068543e+00 3.873580806923190845e-01 -5.786171805091623987e+00 3.873580806923190845e-01 -1.730949722816042069e+01 -1.786425456744948903e+01 -5.786171805091623987e+00 -1.786425456744948903e+01 -4.409183380571147381e+01
6.558607687592159152e+01 -7.253623347918304320e-01 -7.593668372064812822e+00 -7.253623347918304320e-01 5.168532491904499437e+01 2.699421676291306138e+00 -7.593668372064812822e+00 2.699421676291306138e+00 2.855614777215199851e+01
-3.489584867879952412e+01 8.626582567244817312e+00 1.147772038191944288e+00 8.626582567244817312e+00 -2.920839414959480251e+01 -2.535863899112452913e+00 1.147772038191944288e+00 -2.535863899112452913e+00 -4.297331168032413728e+01
2.963001126286442855e+01 2.797433700634952114e+00 -4.887522252471946937e-01 2.797433700634952114e+00 3.502607447924285822e+01 -4.234049582155222424e+00 -4.887522252471946937e-01 -4.234049582155222424e+00 -2.780740214077428263e+01
-2.181221855405434695e+01 -3.334478495347119154e+00 2.268005500763668358e+00 -3.334478495347119154e+00 -3.318125247555337864e+01 -1.263469172653656614e+01 2.268005500763668358e+00 -1.263469172653656614e+01 -4.973178836184342089e+01
-2.720589267516504961e+01 7.897916116540480758e+00 -3.416690297989891434e+00 7.897916116540480758e+00 -1.673496547819974012e+01 -8.503467172802257890e-02 -3.416690297989891434e+00 -8.503467172802257890e-02 -3.022809047335952215e+01
-2.213978402298304360e+01 1.156473822022921638e+01 9.029611692380482779e+00 1.156473822022921638e+01 3.017566887543515719e+01 -4.571221501769043627e+00 9.029611692380482779e+00 -4.571221501769043627e+00 -4.085980605028434098e+01
4.118757381012235896e+01 2.837093978853583831e+00 9.398694540475822645e-01 2.837093978853583831e+00 1.160565324048861235e+01 -6.025164312409037395e-03 9.398694540475822645e-01 -6.025164312409037395e-03 -3.648798778045947699e+01
-3.901472889864718496e+01 3.164821973995589399e+00 -7.647990035961508504e+00 3.164821973995589399e+00 -4.673403901418539874e+01 -2.479285155716965150e+01 -7.647990035961508504e+00 -2.479285155716965150e+01 -4.491139394176252608e+01
-5.652277901936214732e+01 6.226139615417189077e+00 -2.499416186020511521e+00 6.226139615417189077e+00 -3.089294726749666253e+01 -5.096046785217611230e+00 -2.499416186020511521e+00 -5.096046785217611230e+00 -4.645209541682601140e-01
-1.886468869842527951e+01 3.204678118208391435e+00 4.932480015570783749e+00 3.204678118208391435e+00 -4.107168317934977608e+00 -1.243445684175690502e+01 4.932480015570783749e+00 -1.243445684175690502e+01 -6.816823826591846114e+01
1.119693416231936567e+01 1.373716450762607799e+01 -1.574809990038213314e+00 1.373716450762607799e+01 -5.060114595602203558e+00 1.149933124219840153e+01 -1.574809990038213314e+00 1.149933124219840153e+01 -7.491943615029440195e+01
-1.579046897615470435e+01 -2.279172168774934892e+00 2.908126417161556176e+00 -2.279172168774934892e+00 -4.926054439907139937e+01 1.574770413774327915e+00 2.908126417161556176e+00 1.574770413774327915e+00 -1.576121307177132280e+01
5.960572458476707247e+00 8.840120340749187733e+00 -8.334943607011947364e+00 8.840120340749187733e+00 6.423167381424944367e+00 -7.037637192678692699e+00 -8.334943607011947364e+00 -7.037637192678692699e+00 -4.178189374571238801e+01
-1.090306930989606293e+00 1.418117030143165280e+01 1.186263953670656157e+01 1.418117030143165280e+01 -8.891720760919088917e+00 9.554223995650461987e+00 1.186263953670656157e+01 9.554223995650461987e+00 -5.202507656032018701e+01
-1.845686230972007991e+01 6.223915990385330943e+00 1.010718114956099711e+01 6.223915990385330943e+00 -6.723638515901333790e+01 -1.375446820746624788e+01 1.010718114956099711e+01 -1.375446820746624788e+01 4.185136924402934611e+00
-1.885142239895817085e+01 -8.401697004408956726e-01 7.012643311916024302e+00 -8.401697004408956726e-01 -6.449388706537964921e+00 2.317411152707259703e+01 7.012643311916024302e+00 2.317411152707259703e+01 3.913876857695857581e+01
-2.674653406974597303e+01 1.640857237292827264e+01 5.281029197617880255e-01 1.640857237292827264e+01 -1.431002743438132541e+01 -1.025936854192226022e+00 5.281029197617880255e-01 -1.025936854192226022e+00 -3.148420244543355295e+01
-4.761320451777751828e+01 -1.438805750343037637e+01 -1.991014016205732373e+00 -1.438805750343037637e+01 -4.352868712896960091e+01 -4.562946228395383524e-02 -1.991014016205732373e+00 -4.562946228395383524e-02 -5.417161338218882349e+01
4.525821772079326877e+01 7.853019138500245688e+00 -9.044133776489262644e+00 7.853019138500245688e+00 4.267488715321192672e+01 2.517683337664503807e+00 -9.044133776489262644e+00 2.517683337664503807e+00 1.510547468043820629e+01
-6.619697175948102696e+00 7.530243926907990826e+00 -1.094719991474061960e+00 7.530243926907990826e+00 4.757567901630700646e+00 4.331529305199361524e+00 -1.094719991474061960e+00 4.331529305199361524e+00 1.306205673959911628e+01
5.120354152859232499e+01 -6.348996112419983184e+00 8.095466197627921190e+00 -6.348996112419983184e+00 3.165437180140330042e+01 1.466091463398780492e+00 8.095466197627921190e+00 1.466091463398780492e+00 -3.994763701431742930e+01
-1.946834101370044934e+01 -8.487413829269765841e+00 6.213277213483213712e-01 -8.487413829269765841e+00 -1.145188378421235242e+01 -8.116946847691579592e+00 6.213277213483213712e-01 -8.116946847691579592e+00 -5.241038097383543004e+01
1.777295183828189806e+01 -5.334596906835842312e-01 -2.143894101774085925e+01 -5.334596906835842312e-01 1.640684479525210193e+01 -1.648204270548527139e+00 -2.143894101774085925e+01 -1.648204270548527139e+00 -6.253964203909788466e+00
1.021686321299137568e+01 -5.339852552258580687e+00 1.158636936748552060e+00 -5.339852552258580687e+00 3.232195514341226783e+01 5.069040195007154637e+00 1.158636936748552060e+00 5.069040195007154637e+00 -1.239946823797189346e+01
-5.676466458509326074e+00 2.373203134347104726e+00 1.876267721739155903e+01 2.373203134347104726e+00 -6.549649294816596523e+00 2.639137623677730193e+00 1.876267721739155903e+01 2.639137623677730193e+00 -1.468430452481323201e+00
-3.832968119536520391e+01 -1.204406270838340287e+00 7.104801608245605138e+00 -1.204406270838340287e+00 6.740726531155550871e-01 -6.018100304931772726e+00 7.104801608245605138e+00 -6.018100304931772726e+00 3.215989207512467374e+01
2.659220777140189185e+01 6.470669510739935681e+00 4.881229536723811435e+00 6.470669510739935681e+00 1.010771342799387895e+01 -9.351408165091932290e+00 4.881229536723811435e+00 -9.351408165091932290e+00 -4.057407741700816928e+01
1.595191591835578393e+01 3.593528048225046678e+00 -3.152683082539796677e-01 3.593528048225046678e+00 9.755421847961574855e+00 3.358515820251462891e+00 -3.152683082539796677e-01 3.358515820251462891e+00 -3.782413714594175502e+01
-2.098110296709670308e+01 7.482687932606627790e+00 -8.337799901499498567e-01 7.482687932606627790e+00 -2.444145829829805905e+01 3.721132043723505145e-01 -8.337799901499498567e-01 3.721132043723505145e-01 -4.023633030249195741e+01
2.543276563020759884e+00 1.771065882210964837e+00 2.635008750052538673e+01 1.771065882210964837e+00 -4.161439981632867102e+01 -5.462954399908864112e+00 2.635008750052538673e+01 -5.462954399908864112e+00 3.799680344936469822e+01
3.293054054566832090e+00 8.386266353342401558e+00 1.379583947159169632e+01 8.386266353342401558e+00 -6.884080238289493003e+00 -3.045314965409672947e+00 1.379583947159169632e+01 -3.045314965409672947e+00 6.811620126538191933e+00
1.068012721782571894e+01 4.020144372366411645e+00 2.149639153626830446e+00 4.020144372366411645e+00 1.225194789858318245e+01 1.522824652845765137e+01 2.149639153626830446e+00 1.522824652845765137e+01 -2.732331152158376852e+01
-1.317551356561972931e+01 -9.735915466404502894e+00 2.198949805613570163e+01 -9.735915466404502894e+00 -1.542138008792168113e+00 -1.289883568963591243e-01 2.198949805613570163e+01 -1.289883568963591243e-01 -1.657222425919179543e+01
3.358793673409639524e+01 -2.928187647354576484e+01 7.301752854270927351e+00 -2.928187647354576484e+01 1.852068436411571284e+01 8.078272943157042363e+00 7.301752854270927351e+00 8.078272943157042363e+00 8.621051547317410524e+00
1.009385918855395836e+01 1.313874869123434586e+01 1.922079628016850894e-01 1.313874869123434586e+01 -2.744491214267445756e+01 -1.159220332399933540e+01 1.922079628016850894e-01 -1.159220332399933540e+01 -6.707525729894831557e+01
4.919111897638541109e+01 -3.464494274687739850e+00 1.156455517688752721e+01 -3.464494274687739850e+00 2.327596484583920500e+01 -9.075114403471188140e+00 1.156455517688752721e+01 -9.075114403471188140e+00 -1.818991627248517773e+01
2.646463216014087649e+01 9.075452924583020664e-01 7.096097618286655084e+00 9.075452924583020664e-01 2.122351469374117272e+01 -5.456095241469409718e-01 7.096097618286655084e+00 -5.456095241469409718e-01 3.275541760770979494e+01
7.667981262767817441e+01 -9.337369604544868196e+00 -3.914353213360127981e+00 -9.337369604544868196e+00 7.214035086818766729e+01 1.602994799849139440e+01 -3.914353213360127981e+00 1.602994799849139440e+01 3.637043270329996147e+01
2.427542796720891616e+01 1.140815710543065364e+01 -2.754248433687005004e+00 1.140815710543065364e+01 3.189809663348598789e+01 -1.380867126544779033e+01 -2.754248433687005004e+00 -1.380867126544779033e+01 -1.901877505385891354e+01
-7.547527543753079549e+00 2.513896272058653381e+01 -8.584320405124413966e+00 2.513896272058653381e+01 -3.487765884339027167e+01 2.192530317709826981e+00 -8.584320405124413966e+00 2.192530317709826981e+00 2.027713334990975369e+01
-8.866540932246817164e+00 4.561714268047663445e+00 -4.523287663241577938e+00 4.561714268047663445e+00 -1.900094601428029861e+01 -1.401439363250641357e+01 -4.523287663241577938e+00 -1.401439363250641357e+01 -2.802490921548711711e+01
3.607601594806745027e+01 1.222300575526975130e+01 8.772396581201483912e+00 1.222300575526975130e+01 2.801545485483940823e+01 -1.029231810550347603e+01 8.772396581201483912e+00 -1.029231810550347603e+01 -4.496151530182263656e+00
4.515773748349527494e+00 -1.793120991039592838e+01 5.097677714812280492e+00 -1.793120991039592838e+01 1.589831808080250042e+01 1.017504105244907286e+01 5.097677714812280492e+00 1.017504105244907286e+01 1.696731358928492739e+01
3.191495908228856315e+00 -9.221121555782877621e+00 6.745106725009813786e+00 -9.221121555782877621e+00 -1.191659108706668135e+01 -7.868083224112282004e+00 6.745106725009813786e+00 -7.868083224112282004e+00 -1.279582512640571323e+01
4.085230771016276741e+00 4.352580893652054250e+00 3.855150172137352449e+00 4.352580893652054250e+00 7.126545941901515357e-01 1.600673188331904839e+01 3.855150172137352449e+00 1.600673188331904839e+01 7.798411940607534731e+00
6.422802636564421164e+01 -5.222070761533246674e+00 -7.599235699701111457e+00 -5.222070761533246674e+00 4.347943865964159471e+01 1.844080705823511135e+00 -7.599235699701111457e+00 1.844080705823511135e+00 6.594901162638893588e+00
2.149916260662542200e+01 1.008748414351560641e+01 1.421375818307884309e+01 1.008748414351560641e+01 2.771291657287147459e+01 3.789603483652254301e+00 1.421375818307884309e+01 3.789603483652254301e+00 -7.964150322947307181e+00
4.330926131216096309e+01 -1.909747284643347420e+00 -8.150297329637640198e-01 -1.909747284643347420e+00 2.411458840377447643e+01 -1.084258668608844900e+01 -8.150297329637640198e-01 -1.084258668608844900e+01 4.056204832519751946e+00
-8.981208848733711392e+00 1.103256869993034961e+01 -1.724068539859296223e+01 1.103256869993034961e+01 -2.793581611388169961e+01 1.545412566114874942e+01 -1.724068539859296223e+01 1.545412566114874942e+01 -2.590582522304114477e+01
7.010454766378606095e+00 -1.107220497516288454e-01 1.488023737949438008e+01 -1.107220497516288454e-01 -1.087346573600128075e+01 -1.109648380379514876e+01 1.488023737949438008e+01 -1.109648380379514876e+01 -3.716859923348288408e+00
-1.409940604422560106e+01 3.868023479627478167e-01 7.114916092427876482e-01 3.868023479627478167e-01 -2.604016494932604431e+01 -2.811972470114735057e+00 7.114916092427876482e-01 -2.811972470114735057e+00 -9.146105514274259463e+01
-4.843770595670733314e+01 3.679688660106642750e+00 3.486932689660384277e+00 3.679688660106642750e+00 -3.047236375723867141e+01 1.184683051901476425e+01 3.486932689660384277e+00 1.184683051901476425e+01 4.334398039954349002e+01
3.713691442601503212e+01 6.589779385646308718e+00 -1.314984891893794838e+01 6.589779385646308718e+00 3.891191389452693983e+01 1.523233187684173728e+01 -1.314984891893794838e+01 1.523233187684173728e+01 5.808297569022555251e+01
4.943244222825276069e+01 1.844885672072485860e+01 3.638024464363026844e+00 1.844885672072485860e+01 4.940382945841007256e+01 4.702601389610206795e+00 3.638024464363026844e+00 4.702601389610206795e+00 2.094629060954590472e+01
1.274580396680693184e+01 -7.019180059759159152e-01 -1.438189902722061708e+00 -7.019180059759159152e-01 4.139895488331114315e+00 -1.564711874361797861e+01 -1.438189902722061708e+00 -1.564711874361797861e+01 -8.894429392839104054e+00
-1.655124407279183529e+01 1.029224369323011201e+00 -2.627979866930886033e+01 1.029224369323011201e+00 1.572309892361867867e+01 4.223175549935319850e+01 -2.627979866930886033e+01 4.223175549935319850e+01 -4.105237087063569845e+01
-3.122052662223056885e+01 -3.237429736556487470e+00 4.842077760595330460e+00 -3.237429736556487470e+00 -3.486002852978936062e+01 -2.493707321853409375e+00 4.842077760595330460e+00 -2.493707321853409375e+00 -2.033078428468791188e+01
-2.331486386500044716e+01 9.349804196842587345e+00 1.056717451218020543e+01 9.349804196842587345e+00 -3.205025495215150499e+01 -2.456555976994915014e+01 1.056717451218020543e+01 -2.456555976994915014e+01 -4.879045713012578744e+01
-1.049254880360407327e+01 1.291533204050399419e+01 1.834940783958483479e+01 1.291533204050399419e+01 -3.145173617790587173e+01 7.047296602774259178e+00 1.834940783958483479e+01 7.047296602774259178e+00 -4.340358106162376828e+01
6.009953068833175038e+00 6.793005908765199052e+00 -1.446168829968614489e+01 6.793005908765199052e+00 -1.180397718017800734e+01 1.332601961224687237e+01 -1.446168829968614489e+01 1.332601961224687237e+01 -4.475523707796354245e+01
6.020066260148828974e+01 3.987951208924134239e+00 -2.740572170335524138e+00 3.987951208924134239e+00 5.167599450503718117e+01 -9.717442260392456177e+00 -2.740572170335524138e+00 -9.717442260392456177e+00 1.857485262524355463e+01
4.497785067527421177e+01 -3.170976966920294959e+00 -9.517282126712997226e+00 -3.170976966920294959e+00 4.175226582265491260e+01 -1.540095371430701521e+00 -9.517282126712997226e+00 -1.540095371430701521e+00 -3.114352077449302314e+01
2.822561796908813037e+01 -1.152666126440365346e+01 -5.925891688109760302e+00 -1.152666126440365346e+01 2.660370393702189773e+01 -1.314253165424653425e+01 -5.925891688109760302e+00 -1.314253165424653425e+01 7.008564972772457224e+01
-2.807733231324075618e+01 -1.277297916300170399e+01 6.113934869179851184e-01 -1.277297916300170399e+01 -6.375709825680551290e+01 -1.081511030998985712e+00 6.113934869179851184e-01 -1.081511030998985712e+00 -2.414228791654736028e+01
-2.881612185849601104e+01 -9.241542112736489401e+00 5.412740598364281119e+00 -9.241542112736489401e+00 -2.721605797762331136e+01 2.790878698464358099e+00 5.412740598364281119e+00 2.790878698464358099e+00 -1.958065876554266893e+01
-2.819028769003290336e+01 -7.003936453269758111e+00 1.486924240742015346e+00 -7.003936453269758111e+00 -1.114906797992655108e+01 1.099986771372400085e+01 1.486924240742015346e+00 1.099986771372400085e+01 2.913899305238984283e+01
