-2.272203295586125549e+00 -4.383115834539234257e+00 -1.160256657391396606e+00 -4.383115834539234257e+00 -1.288202471093964085e+01 8.606690955758816486e+00 -1.160256657391396606e+00 8.606690955758816486e+00 -4.879598710666941841e+00
3.361237751099694293e+01 -1.684976212516293037e+00 -8.746039910583803589e+00 -1.684976212516293037e+00 1.842502590042584032e+01 -1.058546959359794926e+00 -8.746039910583803589e+00 -1.058546959359794926e+00 4.877629366836697500e+01
-1.089589978101668954e+01 1.108281552879217813e+01 2.382764463724255322e+00 1.108281552879217813e+01 -4.084601938889522188e+01 5.976551709041526550e+00 2.382764463724255322e+00 5.976551709041526550e+00 -7.061357883837389160e+00
-2.262230895223327209e+01 3.031214791589916135e+00 -7.679245438814330527e+00 3.031214791589916135e+00 -4.335009050769259886e+01 -8.630223042589632243e+00 -7.679245438814330527e+00 -8.630223042589632243e+00 -2.203607098340878778e+01
-4.419847449083558644e+00 -3.412436306439631029e+00 8.826575989654612542e+00 -3.412436306439631029e+00 3.322814925996792113e+01 -1.267028650762229169e+01 8.826575989654612542e+00 -1.267028650762229169e+01 -2.018029609873121544e+01
4.860646712174150963e+01 -3.287491314255679864e+00 -1.724773838882348898e+01 -3.287491314255679864e+00 5.643231691977534581e+01 1.707279095046609685e+00 -1.724773838882348898e+01 1.707279095046609685e+00 4.720724837257400708e+01
-3.103756558693619283e+01 3.621974184606617353e+00 3.841375579427415143e+00 3.621974184606617353e+00 -2.945653695057279720e+01 5.831875844815448851e+00 3.841375579427415143e+00 5.831875844815448851e+00 -2.901388085159524621e+01
2.219329792957703162e+01 -5.538954308089671486e+00 1.097959216473856792e+01 -5.538954308089671486e+00 1.344209321478319730e+00 -1.993249705294489971e+01 1.097959216473856792e+01 -1.993249705294489971e+01 1.811772288747754800e+01
1.584414418271610714e+01 -7.565110577097192923e+00 8.183405095000798823e+00 -7.565110577097192923e+00 -1.547552383022227218e+01 -5.604740574485663984e+00 8.183405095000798823e+00 -5.604740574485663984e+00 3.187942966618970786e+01
-8.281927149832412072e-01 -1.863197246654891615e+01 2.841242794096379143e+00 -1.863197246654891615e+01 9.333482009059478557e+00 3.637120829003036793e+00 2.841242794096379143e+00 3.637120829003036793e+00 6.559474253218938067e+00
8.499752042877585012e+00 -1.217431460635774343e+01 9.795355334387965129e+00 -1.217431460635774343e+01 5.750173824815639989e+00 -8.870471597141575515e+00 9.795355334387965129e+00 -8.870471597141575515e+00 1.693679644951915364e+01
2.634608645787560732e+01 4.933840659604494805e-01 1.267479195586233232e+01 4.933840659604494805e-01 1.347021756784182855e+01 3.756568209835805749e+00 1.267479195586233232e+01 3.756568209835805749e+00 4.335250256579853101e+01
-2.250461418859290319e+01 -4.764697996857831797e+00 3.117132841929475706e+00 -4.764697996857831797e+00 -2.228694176788284764e+01 -6.205301323843958272e+00 3.117132841929475706e+00 -6.205301323843958272e+00 -9.272184468862704421e+00
-4.349430914030826756e+01 -1.777852144620793240e+01 -2.795351268425020574e+00 -1.777852144620793240e+01 -2.173480672914935852e+01 -3.240643664815622493e+00 -2.795351268425020574e+00 -3.240643664815622493e+00 -8.432838608554336091e+00
2.599598802479369652e+01 -4.819485065266575496e+00 -2.398788558336266696e-01 -4.819485065266575496e+00 4.012175469669556094e+01 3.852912592153550086e+00 -2.398788558336266696e-01 3.852912592153550086e+00 2.169633173545400950e+01
5.334217280856632470e+01 -1.002729077104749233e+00 1.014595729103325894e+01 -1.002729077104749233e+00 5.665608672071390828e+01 3.963291487336634944e+00 1.014595729103325894e+01 3.963291487336634944e+00 5.303139805759291647e+01
6.268627575373961491e+01 1.570365091331808571e+00 3.748670012642796756e+00 1.570365091331808571e+00 1.895356856304175963e+01 -3.820677733386959596e-01 3.748670012642796756e+00 -3.820677733386959596e-01 6.239067298092824387e+01
-3.216630779378187555e+01 1.450379760147928465e+00 1.320530507613328020e+01 1.450379760147928465e+00 3.157201427727335030e+01 -9.364039259897676715e+00 1.320530507613328020e+01 -9.364039259897676715e+00 -6.617229012209287475e+01
4.318358877423587927e+01 1.496030054698597844e+01 9.871847913344105052e-01 1.496030054698597844e+01 6.619291545974371616e+01 8.478018775997066214e+00 9.871847913344105052e-01 8.478018775997066214e+00 4.273939619365668108e+01
2.645159561936712578e+01 -6.429205743523603189e+00 1.570685419452126119e+01 -6.429205743523603189e+00 -2.048721735536537736e+01 -1.402230295259096771e+01 1.570685419452126119e+01 -1.402230295259096771e+01 3.119279491653928460e+01
7.555000744593608708e+00 1.657949863970101134e+01 2.588031368147469280e+01 1.657949863970101134e+01 -1.477607024631655364e+01 1.822302736063035056e+00 2.588031368147469280e+01 1.822302736063035056e+00 -4.807649662400827140e+00
1.739082367705245602e+01 8.027526109288205092e+00 1.072151866831260314e+01 8.027526109288205092e+00 -1.380443476392776869e+00 -6.625641484709321460e+00 1.072151866831260314e+01 -6.625641484709321460e+00 3.186493389176276736e+01
2.559566062896231031e+01 1.187566320155189814e+01 3.820450170984340144e+00 1.187566320155189814e+01 2.726505975072612387e+01 -7.795301725291971628e+00 3.820450170984340144e+00 -7.795301725291971628e+00 2.664933918943762592e+01
-3.555753022102862815e+01 1.217183896019027101e+00 -1.099130343705214763e+01 1.217183896019027101e+00 -3.326833999488705729e+01 3.325640253680727465e+00 -1.099130343705214763e+01 3.325640253680727465e+00 -4.303968793682026472e+01
-2.772604007315178087e-01 -4.643107411672836804e+00 -1.100224321196983368e+01 -4.643107411672836804e+00 -3.444231030057174081e+01 2.530323377427943665e+00 -1.100224321196983368e+01 2.530323377427943665e+00 1.415504200342057572e+01
6.315011153339037620e+00 4.700734110467537641e-01 2.993414411365894257e+00 4.700734110467537641e-01 1.951224082308220176e+01 -1.104855800519510128e-01 2.993414411365894257e+00 -1.104855800519510128e-01 4.512458993717934241e+00
4.634862183465100038e+00 -7.048381802874256863e+00 9.277870434982196102e+00 -7.048381802874256863e+00 -1.592870550551572428e+01 1.514730573871077901e+01 9.277870434982196102e+00 1.514730573871077901e+01 9.446418166398997229e+00
3.321560639298636630e+01 8.211747927264125835e-01 1.031589540020523543e+01 8.211747927264125835e-01 -2.477091096226063627e+01 -3.383450254721790618e+00 1.031589540020523543e+01 -3.383450254721790618e+00 4.658943065609138046e+01
2.577238299363849094e+01 8.211534416944124004e+00 8.633894680074748251e+00 8.211534416944124004e+00 9.858238996144681465e-01 4.178604931414441559e+00 8.633894680074748251e+00 4.178604931414441559e+00 2.494379585820171030e+01
1.430255378829531487e+01 -5.327618888717009504e+00 9.457730991145365529e-01 -5.327618888717009504e+00 1.773126989118318519e+01 1.260636505147352082e+01 9.457730991145365529e-01 1.260636505147352082e+01 3.000979335069736109e+01
-6.914464981981255143e+00 1.159817206518090726e+00 1.495889147913239370e+01 1.159817206518090726e+00 -4.663692603497621292e+01 3.806894502126191959e+00 1.495889147913239370e+01 3.806894502126191959e+00 1.673217555615328322e+01
-1.127471853822318160e+01 -9.606182958143405060e+00 -7.523487709710781068e+00 -9.606182958143405060e+00 -3.309743987862901804e+01 1.868669971870367208e+00 -7.523487709710781068e+00 1.868669971870367208e+00 -1.236463589773109994e+01
1.229546806134059977e+01 3.234792943452191594e-02 -1.212226016943590423e+01 3.234792943452191594e-02 5.876921403708840197e-01 4.631384152474306681e+00 -1.212226016943590423e+01 4.631384152474306681e+00 2.755944556480887542e+01
9.450315741214343035e+00 4.305336580466208041e+00 1.204902632468687429e+01 4.305336580466208041e+00 -2.197366543299019703e+00 -7.397597858037874730e+00 1.204902632468687429e+01 -7.397597858037874730e+00 2.792959408602048654e+01
2.728928542648008104e+01 -8.734132222352792851e+00 1.273993069570245318e+01 -8.734132222352792851e+00 1.808920794060938420e+01 1.598698150874895418e+01 1.273993069570245318e+01 1.598698150874895418e+01 2.919498226336276758e+01
3.393475597764998497e+01 4.098208418015258481e+00 6.056920644008375376e+00 4.098208418015258481e+00 -1.275850304794302126e+01 9.651006324202084097e-02 6.056920644008375376e+00 9.651006324202084097e-02 4.192173642799640731e+01
-2.491178238435557901e+01 1.698369627702198414e+01 4.839659301342519093e+00 1.698369627702198414e+01 -1.457146931445333315e+01 2.129934242403245470e+00 4.839659301342519093e+00 2.129934242403245470e+00 -2.224587155418053186e+01
-1.366502414834141099e+01 -3.559416178870504766e+00 -7.121719263982017045e-01 -3.559416178870504766e+00 2.348223458063966262e+01 -2.391677258729678179e+00 -7.121719263982017045e-01 -2.391677258729678179e+00 2.167076685896673638e+01
-3.629630519282159185e+01 -1.215947824621808948e+00 1.334233112642200147e+01 -1.215947824621808948e+00 -8.553034124741961008e+00 -7.151636524692257524e+00 1.334233112642200147e+01 -7.151636524692257524e+00 -6.749603495308771528e+01
1.702756438647077175e+01 1.028896965933066454e+00 5.241223484669715660e+00 1.028896965933066454e+00 3.661035228431662070e+00 -3.184562958311333958e+00 5.241223484669715660e+00 -3.184562958311333958e+00 3.322648816505417813e+01
-6.069304579383649312e+00 2.703755813355807902e+01 -1.508315032372935605e+01 2.703755813355807902e+01 -2.058420627542333747e+01 4.538627309957451672e+00 -1.508315032372935605e+01 4.538627309957451672e+00 -4.969669490164873338e+01
-3.592893743173445387e+01 4.941433761154423010e+00 -2.595670253898191948e+00 4.941433761154423010e+00 -3.963176179996599302e+01 -7.845627609739999286e+00 -2.595670253898191948e+00 -7.845627609739999286e+00 -1.223040427645650041e+01
-3.832001558297658317e+00 2.966932632297628825e+00 8.838240525302778039e+00 2.966932632297628825e+00 1.525208433221536630e+01 1.401270195154747888e+01 8.838240525302778039e+00 1.401270195154747888e+01 1.409481561055172349e+01
-2.375293935807318846e+01 -7.361232736517064446e+00 9.101152411309962886e+00 -7.361232736517064446e+00 -3.061123367187565236e+01 -9.288568252499098676e+00 9.101152411309962886e+00 -9.288568252499098676e+00 -1.024072513626890846e+01
2.457242058962134124e+01 7.858485880162685788e+00 9.280638259842886484e+00 7.858485880162685788e+00 -2.460939758512146724e+01 7.515753096483464013e+00 9.280638259842886484e+00 7.515753096483464013e+00 2.760675015009582722e+01
-7.769567204047734599e+00 1.144685007135107568e+01 1.007594811890474951e+00 1.144685007135107568e+01 -7.793987122733648221e+01 -6.023384016497656646e+00 1.007594811890474951e+00 -6.023384016497656646e+00 1.747367786456892702e+01
9.217705052232313179e+00 -2.058225630590600375e+00 1.274266120244936218e+01 -2.058225630590600375e+00 -2.771245775651292931e+01 -7.860648925324352554e+00 1.274266120244936218e+01 -7.860648925324352554e+00 1.948213690184558544e+01
-3.030020471866337939e+00 7.103284460301271253e+00 -5.403152227029764276e+00 7.103284460301271253e+00 3.826960809609025915e+01 5.673062593351124505e+00 -5.403152227029764276e+00 5.673062593351124505e+00 -2.459600810304330665e+01
1.218287259411065371e+01 -3.204153849734466153e+00 -1.576993660183118884e+01 -3.204153849734466153e+00 9.139863256500118993e+00 8.437367478375099594e+00 -1.576993660183118884e+01 8.437367478375099594e+00 1.341473815122607327e+01
-3.365546946985456422e+00 -6.549080564929859349e+00 -2.732308378256401227e+01 -6.549080564929859349e+00 1.274926460284449981e+01 -8.966857735402403051e+00 -2.732308378256401227e+01 -8.966857735402403051e+00 1.694936084482031902e+01
-6.377042514999646805e+00 -1.330502617661965381e+01 -6.327722615651190097e+00 -1.330502617661965381e+01 2.890853073990741962e+01 -1.199099374414182861e+01 -6.327722615651190097e+00 -1.199099374414182861e+01 -3.227906260431941377e+01
-1.372192683509929445e+01 -5.706954895155700314e-01 -1.367732063156580047e+01 -5.706954895155700314e-01 -5.485186373160800599e+01 -5.068886765169404285e+00 -1.367732063156580047e+01 -5.068886765169404285e+00 -1.238514926801286364e+01
4.163870777117981703e+01 1.405986522588530718e+01 1.020070775852301159e-01 1.405986522588530718e+01 3.189515219154255021e+01 -9.245446375352276647e+00 1.020070775852301159e-01 -9.245446375352276647e+00 2.865566503483512051e+01
3.573390396998893603e+00 2.873217974786566487e+00 -4.114520317802107030e+00 2.873217974786566487e+00 -2.328036806127557767e+01 -2.366680600989860661e+00 -4.114520317802107030e+00 -2.366680600989860661e+00 -5.269980003548914382e+00
1.959974158962137780e+00 -4.592804629891604762e+00 6.793606090792670749e+00 -4.592804629891604762e+00 1.071253435540040932e+01 -7.610683369527891706e+00 6.793606090792670749e+00 -7.610683369527891706e+00 -1.467048694546075360e+01
2.438257517406586317e+01 7.125433532749344545e-01 -6.797914088949448264e+00 7.125433532749344545e-01 -6.461083983901760064e+01 -9.819998947926793065e+00 -6.797914088949448264e+00 -9.819998947926793065e+00 7.905881326952057364e+00
-2.514143669460824881e+01 8.251636608746576229e+00 2.257328533264490744e+01 8.251636608746576229e+00 -2.873619247368967677e+01 3.197761761940577152e+00 2.257328533264490744e+01 3.197761761940577152e+00 -1.352579969970840423e+01
6.198336173718614894e+00 -4.173288214361492443e+00 4.397172437521585486e+00 -4.173288214361492443e+00 1.902513994085601468e+01 8.440099375680322424e+00 4.397172437521585486e+00 8.440099375680322424e+00 -1.791749908369330058e+01
-4.179617186432228237e+01 -1.510406243104610979e+01 -2.171699880606574595e+00 -1.510406243104610979e+01 -1.822389233062222402e+01 1.538051227199967919e+01 -2.171699880606574595e+00 1.538051227199967919e+01 -7.147731250440585882e+01
-3.744268617168210511e+01 -6.330039976357380915e+00 -6.134284708702020694e+00 -6.330039976357380915e+00 -3.061859537250044028e+01 2.948503721676873912e+00 -6.134284708702020694e+00 2.948503721676873912e+00 -6.500699196232839761e+00
2.473033118896541538e+01 2.545556232881847070e+00 -2.448757387520607676e+00 2.545556232881847070e+00 3.064357499999089995e+01 -4.252932446314610648e-01 -2.448757387520607676e+00 -4.252932446314610648e-01 1.759346888453586644e+01
-8.165463164817850839e+00 3.243152370186537325e+01 -7.538246275478963199e+00 3.243152370186537325e+01 2.778415128159924308e+00 -2.088307994866323292e-01 -7.538246275478963199e+00 -2.088307994866323292e-01 5.582113509443760613e+00
4.513174593181006600e+01 2.435267280020710079e-01 -1.696625723736366220e+00 2.435267280020710079e-01 4.565388967524306452e+01 3.626085198196787873e-01 -1.696625723736366220e+00 3.626085198196787873e-01 5.258445795377719634e+01
3.880143680204858470e+01 4.370099771584536441e+00 1.503636406972371553e+00 4.370099771584536441e+00 2.006063441663090785e+01 2.688154442118451115e+01 1.503636406972371553e+00 2.688154442118451115e+01 8.317327326175363567e+01
2.715003762009487787e+01 -7.407021236815432452e+00 -4.033588639744634996e+00 -7.407021236815432452e+00 -4.198949261110177389e+01 -1.179501432013205253e+01 -4.033588639744634996e+00 -1.179501432013205253e+01 4.253473346109344533e+01
5.266648370811156354e+01 -5.855112278200756748e+00 -3.146083244160787107e+00 -5.855112278200756748e+00 3.064395019859801650e+01 -2.439717386657253684e+00 -3.146083244160787107e+00 -2.439717386657253684e+00 6.931204785405229529e+01
-3.633361419715789520e+00 -1.282343518683358163e-01 -1.283493971055134075e+00 -1.282343518683358163e-01 -3.675921309540723048e+00 -1.459663838414143600e+00 -1.283493971055134075e+00 -1.459663838414143600e+00 -9.735874394425382050e+00
5.487428829502292160e+01 6.399418893639897910e+00 -2.175464323872101602e+01 6.399418893639897910e+00 3.619861899147799988e+01 -1.345824453472161331e+01 -2.175464323872101602e+01 -1.345824453472161331e+01 6.092701146136554513e+01
6.339425193645758405e+00 8.788781443651066283e+00 8.752369020438949265e-01 8.788781443651066283e+00 1.607708890686521030e+01 8.936871107139769066e+00 8.752369020438949265e-01 8.936871107139769066e+00 1.700083012201969623e+01
-2.063182627285650717e-01 3.289311391243541771e-01 2.233516596555672962e+01 3.289311391243541771e-01 -5.561662122865880065e+01 1.837676898162322559e+01 2.233516596555672962e+01 1.837676898162322559e+01 9.391640182442646534e+00
-7.826129452074119364e+00 8.640896034967333605e+00 -1.549619803965858722e+01 8.640896034967333605e+00 4.273062409371857484e+01 -6.751937016522782109e+00 -1.549619803965858722e+01 -6.751937016522782109e+00 -2.565308484354164875e+01
-1.184572845505340943e+01 -5.203270546010362096e+00 -2.475051877801746514e+01 -5.203270546010362096e+00 2.476400646359558522e+01 -1.262764770538929859e+01 -2.475051877801746514e+01 -1.262764770538929859e+01 1.383668677271751690e+01
-5.560379150014034622e+01 -8.525738370780567621e+00 8.886128549604105586e+00 -8.525738370780567621e+00 -5.703525031332382866e+00 -2.821568063762700529e+00 8.886128549604105586e+00 -2.821568063762700529e+00 -8.941889269184171596e+00
-2.345246861249755810e+01 3.442905191117334063e+00 1.479021181775540983e+00 3.442905191117334063e+00 -2.983850920252888983e+01 1.217086305222293774e+01 1.479021181775540983e+00 1.217086305222293774e+01 -6.194642525555166479e+00
4.535554241467863790e+01 4.110424986466465036e+00 3.264816108078542722e+00 4.110424986466465036e+00 2.866813963299991386e+01 -5.128649925442427815e+00 3.264816108078542722e+00 -5.128649925442427815e+00 3.715441672512208271e+01
-1.210535311421729965e+01 1.697589145739953054e+01 8.570198774490249249e+00 1.697589145739953054e+01 3.905628696559217161e+01 1.760231553124906645e+00 8.570198774490249249e+00 1.760231553124906645e+00 -4.963297779195518444e+01
4.606044859300236993e+01 -9.867798700491665187e+00 5.551917753012393320e+00 -9.867798700491665187e+00 3.100119730467559265e+01 1.508126681351640030e+01 5.551917753012393320e+00 1.508126681351640030e+01 2.649393042547532673e+01
4.850449111812020675e+01 4.064207994041689531e+00 -1.393889321145538140e+01 4.064207994041689531e+00 2.622038755533666432e+01 -1.260488409427624212e+01 -1.393889321145538140e+01 -1.260488409427624212e+01 5.398424879581519065e+01
-2.871355268466978217e+01 -6.908047457357332277e+00 -7.357692767509167453e+00 -6.908047457357332277e+00 -2.755696315238664695e+01 1.473766296298376410e+01 -7.357692767509167453e+00 1.473766296298376410e+01 6.225683740285473000e+00
3.218221340322865132e+01 4.305186343623791601e+00 -1.263985757877376592e+01 4.305186343623791601e+00 1.567327967986037329e+01 1.363025057663912953e+01 -1.263985757877376592e+01 1.363025057663912953e+01 3.798722256908709483e+01
-5.017691498719053556e+01 -3.032038855104896680e+00 7.414178440962827521e-01 -3.032038855104896680e+00 -2.871062496662350938e+01 -1.183857017434222669e+01 7.414178440962827521e-01 -1.183857017434222669e+01 -1.849859101818933027e+01
-1.721459470170704620e+01 4.354633261100860686e+00 2.546674080024166620e-01 4.354633261100860686e+00 1.315450473223732253e+01 -4.772010157013350629e+00 2.546674080024166620e-01 -4.772010157013350629e+00 2.882049158819287982e+01
-1.358659645616488332e+00 -2.339559359776064795e+01 6.098781774171794012e+00 -2.339559359776064795e+01 -4.135548692239406421e+01 -1.445458425483604259e+00 6.098781774171794012e+00 -1.445458425483604259e+00 -1.706752376280396177e+01
5.321583361489257591e+00 1.289865493896743942e+01 1.449935324219848276e+01 1.289865493896743942e+01 -1.126781233330717313e+01 2.589767374799533783e+00 1.449935324219848276e+01 2.589767374799533783e+00 2.953774761732111998e+01
-3.090317969187687552e+01 1.149912789021340664e+01 2.475695915708342021e+00 1.149912789021340664e+01 -5.272508188929361950e+01 -9.268039291637418131e+00 2.475695915708342021e+00 -9.268039291637418131e+00 -3.658565311020252508e+00
-3.086317815932102349e+01 5.653608138563546603e+00 -4.490125680342765158e+00 5.653608138563546603e+00 -7.723786214663890348e+01 8.293466576576273397e+00 -4.490125680342765158e+00 8.293466576576273397e+00 -7.352107278952061620e+00
3.896879063129395604e+01 1.319429358796282692e+01 1.108834835472968905e+01 1.319429358796282692e+01 -4.880264300358872376e+00 5.430937170940497438e+00 1.108834835472968905e+01 5.430937170940497438e+00 3.520994037708508273e+01
-1.428857112398288898e+01 1.169600860646843365e+01 -7.213816952905793833e+00 1.169600860646843365e+01 4.205161574350089637e+01 -4.156481447578181943e+00 -7.213816952905793833e+00 -4.156481447578181943e+00 -5.204603608243165525e+01
-9.495444324483962362e+00 3.235784619008498453e+00 1.095551002112204309e+01 3.235784619008498453e+00 -3.362630959959785315e+01 4.121714350833541651e+00 1.095551002112204309e+01 4.121714350833541651e+00 2.238390112369532758e+01
-2.578295078461508538e+01 2.080098348179095424e+01 1.158893794092635865e+01 2.080098348179095424e+01 -3.137912183306581682e+01 -8.982049824764040125e+00 1.158893794092635865e+01 -8.982049824764040125e+00 -2.256198525326796300e+01
3.035102243343557760e+01 1.454102300417653870e+00 1.049297737453658064e+00 1.454102300417653870e+00 6.590306819460764132e+01 7.358601084592821806e+00 1.049297737453658064e+00 7.358601084592821806e+00 -2.391736913972783896e+01
-1.253285260239531596e+01 6.735883755954909624e+00 1.645710432586236394e+01 6.735883755954909624e+00 -1.149272870234838528e+01 1.012417565699185218e+01 1.645710432586236394e+01 1.012417565699185218e+01 -1.441121981429441057e+01
-3.900908517455717117e+01 1.317181973616167667e+01 -5.550517980358102843e-01 1.317181973616167667e+01 -3.908905526060340918e+01 7.648194285891373845e+00 -5.550517980358102843e-01 7.648194285891373845e+00 -1.506175511593036731e+01
2.692039977716844845e+01 1.334604472846660173e+00 -2.221981660552417637e+00 1.334604472846660173e+00 -1.661214170792115086e+00 1.379126531671856526e+01 -2.221981660552417637e+00 1.379126531671856526e+01 2.297206181778401657e+01
1.066810393316676731e+01 4.234662228329695743e+00 4.728353328166324587e+00 4.234662228329695743e+00 -7.535544555318238302e+00 6.062412608625542543e-01 4.728353328166324587e+00 6.062412608625542543e-01 2.022311324496319784e+01
-3.659765578388496010e+01 4.382918889357275916e+00 -2.024192836074132273e+01 4.382918889357275916e+00 -1.317559875199578556e+01 8.503124560897925122e+00 -2.024192836074132273e+01 8.503124560897925122e+00 -8.553522780618622789e+01
-3.129932721830940068e+01 -8.166853245187187582e+00 -1.365240026684830710e+01 -8.166853245187187582e+00 4.341043979344489046e+00 1.899013993979309589e+01 -1.365240026684830710e+01 1.899013993979309589e+01 -4.253520400405196256e+01
6.049441108393336819e+00 -8.857408200873736481e-01 9.049200700761652172e+00 -8.857408200873736481e-01 -1.878498325495733212e+01 7.054410086496940124e+00 9.049200700761652172e+00 7.054410086496940124e+00 4.439914562468836756e+00
-1.151915562509441493e+01 -4.642459882206290800e+00 4.228656109138298369e+00 -4.642459882206290800e+00 6.248282530877665053e+00 -2.373183069648520327e+00 4.228656109138298369e+00 -2.373183069648520327e+00 -3.870384595521429816e+01
1.990410982789217442e+01 -2.029531445786189714e+00 -4.980071602704237321e+00 -2.029531445786189714e+00 2.979329156962285197e+01 1.869549798478676195e+00 -4.980071602704237321e+00 1.869549798478676195e+00 7.443886926326861442e-01
