2.025386893639845809e+01 4.934545269481072083e-01 -3.717335841662066542e+00 4.934545269481072083e-01 2.832231462276203260e+01 -1.092920555921602777e+01 -3.717335841662066542e+00 -1.092920555921602777e+01 3.913867878796807531e+01
-2.464680181100710854e+01 9.250619314905501156e+00 3.576738683561800913e-01 9.250619314905501156e+00 -3.072904133797014126e+01 6.863550309886115919e+00 3.576738683561800913e-01 6.863550309886115919e+00 -2.153859870993974024e+00
4.424604241966895302e+01 3.553922636085429687e+00 1.321280620284054663e+01 3.553922636085429687e+00 2.771205550969694542e+01 6.518284107455469822e-01 1.321280620284054663e+01 6.518284107455469822e-01 7.986742358505297013e+00
3.722956359240334478e+01 4.055026865174641060e+00 -3.577157301206378981e-01 4.055026865174641060e+00 3.666663831624558156e+01 4.256156377461595142e-01 -3.577157301206378981e-01 4.256156377461595142e-01 -1.285056137771960483e+00
-4.272160833460219465e+01 -4.581911390357181979e+00 -9.502270663112238225e+00 -4.581911390357181979e+00 -2.977389275795386325e+01 1.256672534211183745e+01 -9.502270663112238225e+00 1.256672534211183745e+01 -1.335935072586095451e+01
-1.349180624025936304e+01 -6.121280205491976822e+00 -1.249921209006680378e+01 -6.121280205491976822e+00 -9.640923874129271098e+00 1.060297462182995787e+01 -1.249921209006680378e+01 1.060297462182995787e+01 -1.407583624962784263e+01
-1.061437185355910096e+01 -1.421922529005831848e+01 7.138833638049277397e+00 -1.421922529005831848e+01 -2.923331629639687534e+01 4.364037797341417946e-01 7.138833638049277397e+00 4.364037797341417946e-01 2.048016225863432993e+01
-1.734799469092877189e+01 4.180432799108380948e+00 2.014383586988657715e+00 4.180432799108380948e+00 -9.287049241852692205e+00 4.549315876513010615e+00 2.014383586988657715e+00 4.549315876513010615e+00 -4.118958888338811164e+01
-1.724325967740058374e+01 1.811651686129026118e+01 3.686718121375877733e+00 1.811651686129026118e+01 -1.865454214210965844e+01 -1.725060550982729923e-01 3.686718121375877733e+00 -1.725060550982729923e-01 -2.983580308851259488e+01
-2.957416570681246881e+01 4.568760689456748736e+00 6.339183705465594176e-01 4.568760689456748736e+00 -3.012408846294037446e+01 -5.469584153721360309e+00 6.339183705465594176e-01 -5.469584153721360309e+00 -1.776826564169804357e+01
-2.168703479333702333e+01 6.860315191057152262e+00 7.821003347562345276e+00 6.860315191057152262e+00 -1.573597390473835667e+01 1.459080268883466314e+00 7.821003347562345276e+00 1.459080268883466314e+00 -3.204508835599025218e+01
-2.680432566390075522e+01 6.911873307746586370e+00 5.784345866217448506e-01 6.911873307746586370e+00 -1.223322315543131644e+01 -1.734200797084834322e+00 5.784345866217448506e-01 -1.734200797084834322e+00 1.312781362300708299e+00
2.423016063668446574e+00 4.220974577165501063e-01 7.685247829573042290e-03 4.220974577165501063e-01 -6.858808966365189441e+00 4.455308563701070312e+00 7.685247829573042290e-03 4.455308563701070312e+00 1.061065654208240083e+01
4.126210794479006627e-01 5.277353073874101241e+00 1.262165342717312022e+01 5.277353073874101241e+00 -1.103207467295828970e+01 -8.750898470679182140e+00 1.262165342717312022e+01 -8.750898470679182140e+00 -4.176186056601555663e+01
-2.171336565889598091e+01 3.130853989804680548e+00 -9.810961495693202750e+00 3.130853989804680548e+00 -4.363345896907469523e+01 -7.997029600592036047e+00 -9.810961495693202750e+00 -7.997029600592036047e+00 -3.140353241779391791e+00
-8.351446144356106771e+00 -3.535530960008640200e+00 2.771026282955740783e+01 -3.535530960008640200e+00 2.077729495935218385e+00 2.245360022482814633e-01 2.771026282955740783e+01 2.245360022482814633e-01 -2.388050594644561286e+01
-8.944320443905777296e+00 -1.262606074291388758e+01 -1.769539207110568313e+01 -1.262606074291388758e+01 -2.273690222119189031e+01 2.695939668314892401e+00 -1.769539207110568313e+01 2.695939668314892401e+00 -6.792020097750757657e+00
-1.030230860837351159e+01 -9.659597194635518136e+00 5.885439045674769609e+00 -9.659597194635518136e+00 -4.283586845338748006e+00 6.143174259057941455e+00 5.885439045674769609e+00 6.143174259057941455e+00 -2.971000541036286080e+01
3.207310639742157576e+01 -2.135625699717830450e+00 -1.022309432852834821e+00 -2.135625699717830450e+00 3.425407824812597113e+01 5.867046429808321584e+00 -1.022309432852834821e+00 5.867046429808321584e+00 1.424688262714029463e+01
6.007482627849728196e+00 -9.233380084184430459e+00 5.469043789686096169e+00 -9.233380084184430459e+00 1.343640517098402398e+01 1.220248547614436463e+00 5.469043789686096169e+00 1.220248547614436463e+00 -3.540486057349865234e+01
5.773493079264027728e+01 -1.946166238917906188e+00 -5.656418558287363396e+00 -1.946166238917906188e+00 5.213077478386365016e+01 4.875439859792257913e+00 -5.656418558287363396e+00 4.875439859792257913e+00 1.257706027893703826e+01
-2.146818358015486083e+01 -2.502748331154210248e+00 -1.681273715492421061e+01 -2.502748331154210248e+00 -3.320488015622776601e+01 4.201636140018395471e-01 -1.681273715492421061e+01 4.201636140018395471e-01 -2.346173987979654285e+01
-2.985544518407868253e+01 -5.680298796585566912e+00 1.286265662764458817e+01 -5.680298796585566912e+00 -2.085242629905777889e+01 1.644987270625366760e+00 1.286265662764458817e+01 1.644987270625366760e+00 -3.157461158355580011e+01
-2.540926094845905325e+01 -3.879303005193779352e+00 3.723320466261524242e+00 -3.879303005193779352e+00 -3.556919746113234737e+01 -3.471645720059294504e+00 3.723320466261524242e+00 -3.471645720059294504e+00 -8.714517663854947216e+01
-2.358522435840897558e+01 2.715349296755441788e+00 9.693693456150706211e+00 2.715349296755441788e+00 6.375484740659520533e-01 -6.692801575617474796e+00 9.693693456150706211e+00 -6.692801575617474796e+00 -1.020039319738208405e+01
2.444664913056898214e+01 1.651897599830925856e+01 1.313593393628883277e+00 1.651897599830925856e+01 2.802643083005368396e+01 -1.817662166886526265e+01 1.313593393628883277e+00 -1.817662166886526265e+01 6.428176124873007602e+00
2.213661418262106650e+01 1.488577768800974965e+01 6.171184407881883383e-01 1.488577768800974965e+01 2.245783681205113425e+01 -1.283752564841819321e+01 6.171184407881883383e-01 -1.283752564841819321e+01 -1.291159080586573715e+01
-1.011878229537013674e+01 2.459295998630090185e+00 1.719879732437870512e+00 2.459295998630090185e+00 -1.729072381260604274e+01 7.037135003342211093e+00 1.719879732437870512e+00 7.037135003342211093e+00 -1.571660696897272480e+01
4.242417253583454340e+00 2.662213661340900206e+00 5.146855640458789516e+00 2.662213661340900206e+00 -1.568601864122871836e+00 -5.203261597343846745e-01 5.146855640458789516e+00 -5.203261597343846745e-01 6.991530411488283692e-02
1.178674563143009335e+00 -1.257542410783601072e+00 -6.672681142894776762e+00 -1.257542410783601072e+00 -1.023005684162415996e+01 1.160610836024515891e+01 -6.672681142894776762e+00 1.160610836024515891e+01 -2.693154759163689604e+01
7.326246120000382556e-01 -6.349913551739290174e-01 3.961452406173532559e+00 -6.349913551739290174e-01 1.894872364717635449e+01 -3.565673856587472823e+00 3.961452406173532559e+00 -3.565673856587472823e+00 3.470739105960762316e+01
-1.235929187089704762e+01 -3.701838970183170652e+00 -5.869671905481374630e+00 -3.701838970183170652e+00 5.254316374835310555e+00 4.472906556853982529e+00 -5.869671905481374630e+00 4.472906556853982529e+00 -9.258126802296761326e+00
1.646881837940230753e+01 -2.686345405531031627e+00 -5.067375082889598481e+00 -2.686345405531031627e+00 9.156515097485108612e+00 -6.255840517068917528e+00 -5.067375082889598481e+00 -6.255840517068917528e+00 8.622534872694400221e+00
4.509497959821304192e-01 -5.647487514460682867e+00 -5.129512604569628209e-01 -5.647487514460682867e+00 3.307123042971343807e+01 1.573011004068180441e+01 -5.129512604569628209e-01 1.573011004068180441e+01 -3.959638327878250408e+01
-3.039681999818261460e+01 -3.376729620407528554e+00 3.941250190995547964e+00 -3.376729620407528554e+00 -2.424142561426302933e+01 -2.090417959623185773e+00 3.941250190995547964e+00 -2.090417959623185773e+00 -7.084447616837870498e+00
1.472456499963046728e+00 4.053048015139692595e+00 -3.283788701111931108e+00 4.053048015139692595e+00 6.252116667375192449e+00 4.782553191250516811e+00 -3.283788701111931108e+00 4.782553191250516811e+00 -5.149871022118278319e+01
3.118773189797423484e+01 -3.636219756286104055e+00 5.640583311362465047e+00 -3.636219756286104055e+00 2.515345745965690938e+01 -4.053252388501556780e+00 5.640583311362465047e+00 -4.053252388501556780e+00 3.369657730613770497e+01
-6.594093745826192787e-01 2.004132545385616471e+00 6.665653277833817114e+00 2.004132545385616471e+00 3.487991688823719905e+00 1.194387977386279154e+01 6.665653277833817114e+00 1.194387977386279154e+01 -1.006776493164828645e+00
-8.470303693709333448e-01 6.695725879041988016e+00 -3.149400214960914823e+00 6.695725879041988016e+00 9.354580057385931013e+00 -7.430800575861036261e-01 -3.149400214960914823e+00 -7.430800575861036261e-01 2.087916764010025616e+01
-3.347663555114066014e+01 1.788969677963775951e+01 -2.379005687738595665e+00 1.788969677963775951e+01 -1.586903205000650274e+01 7.397434773404198971e+00 -2.379005687738595665e+00 7.397434773404198971e+00 -1.811012530758756967e+01
-3.365355374354646045e+01 4.416196633591422671e-01 -1.669626808430637510e+01 4.416196633591422671e-01 -1.652137141601166803e+01 -4.968665487308726370e+00 -1.669626808430637510e+01 -4.968665487308726370e+00 -4.547889673458679738e+01
7.167100815438211647e+00 -7.590832640222807903e+00 -5.987572254469058386e+00 -7.590832640222807903e+00 1.631373805410191835e+00 1.224574227867672249e+01 -5.987572254469058386e+00 1.224574227867672249e+01 1.657196424452782324e+01
-1.130828081188597167e+01 1.312134083214051339e+00 -1.372781863221039877e+01 1.312134083214051339e+00 -1.137965542490605309e+01 -1.882038097561957102e+01 -1.372781863221039877e+01 -1.882038097561957102e+01 -4.046032351595101773e+01
-3.609283951606660423e+01 -9.362840398844278766e+00 -1.334151645063340119e+01 -9.362840398844278766e+00 -1.849012671132106433e+01 1.617175130760532298e+01 -1.334151645063340119e+01 1.617175130760532298e+01 2.018101272907594446e+00
-3.216897082374515104e+00 -6.835422696729097858e+00 -6.081516412641375879e+00 -6.835422696729097858e+00 -1.160504935182602537e+01 4.808872717977639155e+00 -6.081516412641375879e+00 4.808872717977639155e+00 -3.274525434729512341e+01
-1.873264504419730869e+01 1.313697094468770477e+00 1.214326476238522190e+01 1.313697094468770477e+00 -2.666189786639920456e+01 1.284610893414045130e+01 1.214326476238522190e+01 1.284610893414045130e+01 -6.578498754674168225e+00
-2.786698413523308204e+01 1.043861364241521539e+00 5.240740072611979272e+00 1.043861364241521539e+00 -1.278444406530016586e+01 4.901882675661367372e+00 5.240740072611979272e+00 4.901882675661367372e+00 -2.363776083313832999e+01
6.054931559274947972e+00 9.695580773735002822e+00 -2.193305936221483421e+01 9.695580773735002822e+00 1.873506360988466568e+01 4.903813956515013395e+00 -2.193305936221483421e+01 4.903813956515013395e+00 1.664469642869835653e+01
-2.545816151253118775e+01 -1.768011504439088305e-02 -6.459623272529869453e+00 -1.768011504439088305e-02 -3.535091413909279368e+01 1.414758912188975870e+01 -6.459623272529869453e+00 1.414758912188975870e+01 -1.932086865714218504e+01
-3.794035694712962226e+01 9.036950378822579566e+00 -8.955844544913071914e+00 9.036950378822579566e+00 -5.028432974385614074e+01 -7.413201228181878655e+00 -8.955844544913071914e+00 -7.413201228181878655e+00 -2.351324143085485474e+01
