1.577787933750062876e+01 5.196662898628463090e+00 7.501185441948416077e+00 5.196662898628463090e+00 4.371920694576867383e+00 -4.126185288806888174e+00 7.501185441948416077e+00 -4.126185288806888174e+00 4.154558299392890319e+01
6.644449458326456615e+00 -5.712595370932758598e+00 1.817661263044200393e+00 -5.712595370932758598e+00 -9.175216388242812826e+00 3.895614063873333865e+00 1.817661263044200393e+00 3.895614063873333865e+00 -5.706797466675477715e+00
1.404382390635089450e+01 -9.017496179195306993e+00 1.674566527312924435e+01 -9.017496179195306993e+00 -5.439897948895530355e+00 -1.372999663092112854e+00 1.674566527312924435e+01 -1.372999663092112854e+00 1.718290728985504501e+01
1.307118181146818969e+01 4.809187573981449582e+00 1.070197742187851198e+01 4.809187573981449582e+00 3.543097295399878277e+00 8.856431458122058231e+00 1.070197742187851198e+01 8.856431458122058231e+00 9.726607781416088727e+00
4.005376020782595958e+01 1.969067258789361574e+01 2.733418762794949330e+00 1.969067258789361574e+01 3.641389460983764081e+01 -7.413418717939958213e+00 2.733418762794949330e+00 -7.413418717939958213e+00 2.289420308478528909e+01
9.474600655152666917e+00 1.324437007424216617e+01 9.330425533677251693e+00 1.324437007424216617e+01 1.039943871996456881e+00 -7.000867089554853706e+00 9.330425533677251693e+00 -7.000867089554853706e+00 9.137092900124905270e+00
3.141198243477310470e+01 3.484499535781073742e-01 1.367571675670708586e+01 3.484499535781073742e-01 -1.499674882500878503e+01 8.690489723231266339e+00 1.367571675670708586e+01 8.690489723231266339e+00 4.571160252323570816e+00
-2.394511289888503569e+01 2.033762690133906759e+01 3.983940272850237996e+00 2.033762690133906759e+01 -2.736914410167650402e+01 -2.875910072960489394e+00 3.983940272850237996e+00 -2.875910072960489394e+00 -1.664647474976376174e+01
-1.338270176574767945e+01 1.191657313651346195e+00 8.050088541341141379e+00 1.191657313651346195e+00 -1.428314435068136312e+01 -7.786312751230497042e+00 8.050088541341141379e+00 -7.786312751230497042e+00 -1.293337797385145471e+01
3.624209837187709837e+01 1.243872372982583574e+00 1.961454492692242013e+01 1.243872372982583574e+00 2.934506907682114374e+01 4.164872829943379706e+00 1.961454492692242013e+01 4.164872829943379706e+00 3.729748161828722175e+01
3.029605376653426774e+01 -6.470194764283814237e+00 9.354431622613859076e+00 -6.470194764283814237e+00 1.429854472311901326e+01 -8.076444321497291412e+00 9.354431622613859076e+00 -8.076444321497291412e+00 3.440218194921690298e+01
-4.088431986096851545e-01 3.656927600771907372e+00 1.612782959067043365e+01 3.656927600771907372e+00 -1.550645928012727381e+01 -1.765831591007318124e+00 1.612782959067043365e+01 -1.765831591007318124e+00 1.795220495907028990e+01
-3.379801735586469391e+01 4.521821012419318997e+00 4.778108915929817790e+00 4.521821012419318997e+00 -3.160716844349194687e+01 -9.199754524060804073e+00 4.778108915929817790e+00 -9.199754524060804073e+00 -8.875342683602627236e-02
-2.114081070932574491e+01 8.710731845084630720e+00 -1.471138815687213386e+00 8.710731845084630720e+00 -1.427482499371025604e+01 -1.926520653917019654e+00 -1.471138815687213386e+00 -1.926520653917019654e+00 -2.259358949244477888e+00
-2.266790726131632638e+01 1.333528110902445896e+01 1.173811184170060251e+00 1.333528110902445896e+01 -3.228330436170465134e+01 -3.412700504428938797e-01 1.173811184170060251e+00 -3.412700504428938797e-01 -1.346060226862693199e+01
9.014426883480055608e+00 2.797286888314539866e+00 1.341589403226984167e+00 2.797286888314539866e+00 8.737093055625921423e+00 -4.877280136266939792e+00 1.341589403226984167e+00 -4.877280136266939792e+00 2.941164751927843568e+01
1.086721527099132345e+01 1.906113102618601118e+01 2.093536080506123298e+01 1.906113102618601118e+01 5.541410481242369457e+00 1.574498064007562093e+00 2.093536080506123298e+01 1.574498064007562093e+00 2.208362648881239920e+01
4.336662689486098543e+01 6.687338031016112794e+00 4.064255009846662325e+00 6.687338031016112794e+00 3.152999085212435304e+01 5.202195206060213906e-01 4.064255009846662325e+00 5.202195206060213906e-01 5.341015032342080815e+01
1.992796094470920565e+01 -3.003815071293461703e+00 1.482014095108424812e+01 -3.003815071293461703e+00 -7.404375070083329291e+00 2.647468748953238915e+00 1.482014095108424812e+01 2.647468748953238915e+00 2.174538471081917379e+01
-3.509789103746160066e+01 1.983803300250582158e+00 3.121508744275448777e+00 1.983803300250582158e+00 -5.558569692730512202e+01 8.656293181393563074e+00 3.121508744275448777e+00 8.656293181393563074e+00 -2.749100463165459729e+01
1.679022639928815153e+01 9.523140989406385870e+00 7.981634664847884864e+00 9.523140989406385870e+00 -2.829501696005809208e+01 -4.813303804603169311e+00 7.981634664847884864e+00 -4.813303804603169311e+00 2.670517645751705516e+01
3.084683296472300107e+00 1.470644007854961544e+01 1.340907521027905958e+01 1.470644007854961544e+01 7.534328190655455337e+00 -5.913009856265002639e+00 1.340907521027905958e+01 -5.913009856265002639e+00 3.238844535658954804e+00
1.721898616541517057e+01 5.101205884203967145e+00 2.779278593136601572e+01 5.101205884203967145e+00 -1.766252271707061539e+01 2.146128034417180430e+01 2.779278593136601572e+01 2.146128034417180430e+01 -1.809083826998428179e+00
3.211008163724711295e+01 1.195726825793692782e+01 7.696281412790332510e+00 1.195726825793692782e+01 3.506141003799846345e+01 -4.374694173872242686e+00 7.696281412790332510e+00 -4.374694173872242686e+00 2.041610052898722927e+01
-1.644713569019115695e+01 4.366624277497570539e+00 1.558431578422185160e+00 4.366624277497570539e+00 -3.440175258142539860e+01 -6.087432650390589117e+00 1.558431578422185160e+00 -6.087432650390589117e+00 -2.187354226093800946e+01
6.224503481383740322e+00 -6.133548742500760653e+00 9.180879326380594563e+00 -6.133548742500760653e+00 8.161549213809552228e+00 -9.433032759685438862e+00 9.180879326380594563e+00 -9.433032759685438862e+00 3.486742482979731506e+01
-4.675783703025325089e+00 -3.226082588494679548e+00 -8.597171673762765698e-01 -3.226082588494679548e+00 -2.341503451390435941e+01 -8.755957530457969540e+00 -8.597171673762765698e-01 -8.755957530457969540e+00 -7.544065931535955727e+00
2.141392397179018658e+01 3.874324256556658685e+00 2.248198908763674808e+01 3.874324256556658685e+00 -1.104998062941236592e+00 2.483010819985257189e+00 2.248198908763674808e+01 2.483010819985257189e+00 3.855475840214155170e+01
4.822232548570066513e+01 -9.403515692299249551e+00 3.793230333024236955e+01 -9.403515692299249551e+00 2.147018257001314723e+01 -8.967529606211138926e+00 3.793230333024236955e+01 -8.967529606211138926e+00 4.368899839498203619e+01
1.640499060285502253e+01 8.485414101187167546e+00 4.400481353682986985e+00 8.485414101187167546e+00 1.834393622837785998e+01 -6.066945556419773844e+00 4.400481353682986985e+00 -6.066945556419773844e+00 1.717942316889402932e+01
3.388655851083866577e-01 -3.561085043506382330e+00 2.366933674931314613e+01 -3.561085043506382330e+00 -1.234560473115059409e+01 1.220083130593378584e+01 2.366933674931314613e+01 1.220083130593378584e+01 2.857304549171201202e+01
-5.878282934808083837e+00 9.571547295016202384e+00 2.559583284000360948e+01 9.571547295016202384e+00 -7.756515175994389999e+00 -3.151253988930406980e+00 2.559583284000360948e+01 -3.151253988930406980e+00 -1.417761003756010751e+01
-2.853649209495779004e+01 3.915895402716978335e+00 1.020735536999184845e+01 3.915895402716978335e+00 -3.326956301847423703e+01 1.239384928853982881e+00 1.020735536999184845e+01 1.239384928853982881e+00 -2.440085103888900431e+00
1.848185962960629425e+01 -5.393372209714694110e-01 1.394788436910955731e+01 -5.393372209714694110e-01 -7.433190155629079143e+00 -2.375923076118366672e-01 1.394788436910955731e+01 -2.375923076118366672e-01 -5.538186856482408160e+00
-2.618463345232959938e+01 1.756022461443494365e+01 -3.095457927058447439e-02 1.756022461443494365e+01 -5.035381707729326450e+01 9.286760899530818847e+00 -3.095457927058447439e-02 9.286760899530818847e+00 -2.275077452591480309e+01
1.279901548276435008e+01 7.225671282722048616e+00 4.015521887334091211e+00 7.225671282722048616e+00 3.530143967635931412e-01 -4.784172525805574061e+00 4.015521887334091211e+00 -4.784172525805574061e+00 -5.941642789302796324e+00
-1.422570498307945641e+01 8.827480930971846718e+00 3.863194159751804690e+00 8.827480930971846718e+00 -2.083421200016117325e+01 -4.861021420650057046e+00 3.863194159751804690e+00 -4.861021420650057046e+00 -1.126303321565130133e+01
-1.664416098656930387e+01 6.700937662694372854e+00 1.382897316063002435e+01 6.700937662694372854e+00 -4.415621683654666896e+01 -1.941779457530897979e+00 1.382897316063002435e+01 -1.941779457530897979e+00 -4.450121006451910333e+00
3.086685407037804296e+01 -1.420387011012590905e+00 2.376700157878822850e+01 -1.420387011012590905e+00 -2.435759081609911192e+01 4.390229872343935469e+00 2.376700157878822850e+01 4.390229872343935469e+00 3.213884233163445714e+01
-6.836666181868806369e+00 1.208161914085510702e+01 8.210972028213019414e+00 1.208161914085510702e+01 -1.784375606724473684e+01 4.331889041573136478e-01 8.210972028213019414e+00 4.331889041573136478e-01 -1.252905561580497640e+01
2.929633090383265070e+01 7.907920495302971364e-01 2.352351579600725273e+01 7.907920495302971364e-01 -1.022664907880680474e+01 6.368312248404619513e-01 2.352351579600725273e+01 6.368312248404619513e-01 2.249273076108026714e+01
-1.161434280634091287e+01 -1.114987488241097946e+00 -5.786621306505350670e-01 -1.114987488241097946e+00 -5.357320852346658668e-02 2.713399024361994871e-01 -5.786621306505350670e-01 2.713399024361994871e-01 -6.099711857505336177e+00
-5.874823780545263219e+00 1.491162777763679159e+01 1.656206978038058253e+01 1.491162777763679159e+01 -5.995754326500705389e+00 -6.783718292933130556e+00 1.656206978038058253e+01 -6.783718292933130556e+00 -1.654056813632776901e+00
-6.403340531735889130e+00 1.971837784227377321e+00 -7.866685782282123895e+00 1.971837784227377321e+00 1.025023108457546961e+01 4.069044908328912413e+00 -7.866685782282123895e+00 4.069044908328912413e+00 3.667809940681541647e+00
7.662486535704773338e+00 3.093921210922670362e+00 4.134969013529695481e+00 3.093921210922670362e+00 -3.141041299611210036e+00 -3.764398900067560949e-01 4.134969013529695481e+00 -3.764398900067560949e-01 6.548742184021731916e+00
3.177074048677154039e+01 -5.658922584208089468e+00 1.163416318786294035e+01 -5.658922584208089468e+00 1.672259120094211582e+01 2.442144137182542973e+00 1.163416318786294035e+01 2.442144137182542973e+00 3.560591628067950154e+01
-3.171172640121863839e+00 -4.431256052993322925e+00 1.720751760754738413e+01 -4.431256052993322925e+00 -3.394574462500474965e+01 8.363589279874288351e+00 1.720751760754738413e+01 8.363589279874288351e+00 5.851911340521509075e+00
3.042065731519933536e+01 -3.792889136753816004e+00 2.478813905851829347e+01 -3.792889136753816004e+00 3.465134194194798400e+00 4.985420047449033554e+00 2.478813905851829347e+01 4.985420047449033554e+00 -1.488133907445981841e+00
4.229773775770328825e+01 1.623667816799309804e+01 2.895236180162279638e+01 1.623667816799309804e+01 1.098072641477195255e+01 -6.249160760117158930e-02 2.895236180162279638e+01 -6.249160760117158930e-02 3.063714698266161207e+01
3.369832751573822094e+01 3.229495737939624078e+00 2.035510725213832472e+01 3.229495737939624078e+00 1.703381884924195688e+01 2.070810000675714591e+01 2.035510725213832472e+01 2.070810000675714591e+01 4.123038957976532970e+00
