1.143452815864654326e+01 8.607279689513401166e+00 1.235839748030323193e+01 8.607279689513401166e+00 1.783342453478304002e+00 -2.476573144141672955e+00 1.235839748030323193e+01 -2.476573144141672955e+00 1.831100673287666680e+01
5.600789477762205815e-01 2.815186920840285989e+00 5.404270926464590730e+00 2.815186920840285989e+00 -2.070205698574280007e+01 1.260802047746592880e+00 5.404270926464590730e+00 1.260802047746592880e+00 -5.008628505067233228e+00
4.679205626291917941e-01 -8.435116962035010602e+00 1.117882240868455490e+01 -8.435116962035010602e+00 -3.138049188483671159e+01 -2.167343864492922378e+00 1.117882240868455490e+01 -2.167343864492922378e+00 -8.836055611133577514e+00
3.598155669861642281e+01 2.400400173250678559e+00 7.403513388758195646e+00 2.400400173250678559e+00 2.524338957604190981e+01 -3.264331575583425238e+00 7.403513388758195646e+00 -3.264331575583425238e+00 4.493593056916350292e+01
4.229019709165570617e+01 2.375418853866298363e+00 -1.354335058556975335e+00 2.375418853866298363e+00 2.430327636162006399e+01 3.905955018669706735e+00 -1.354335058556975335e+00 3.905955018669706735e+00 5.633207039514025638e+01
-2.740574946736947126e+01 -1.216549950758549237e+01 -1.142965620892283152e+00 -1.216549950758549237e+01 -5.425901010994480345e+01 -3.169326158577959518e+00 -1.142965620892283152e+00 -3.169326158577959518e+00 -1.179463808937384783e+01
1.820312530003160489e+01 -3.489798154323318080e+00 8.511166329051395252e+00 -3.489798154323318080e+00 2.269413519815208247e+01 -2.054357764131558017e+00 8.511166329051395252e+00 -2.054357764131558017e+00 2.714876584419940286e+01
1.122186874614034835e+01 6.501711244110611077e+00 -4.437063129784254656e+00 6.501711244110611077e+00 1.725930438080450458e+01 2.847883801086439348e+00 -4.437063129784254656e+00 2.847883801086439348e+00 2.278490214645523082e+01
2.733106236445271975e+01 -5.288402058077518397e+00 9.418206084328017980e+00 -5.288402058077518397e+00 -1.023570784408012102e+01 7.813075566809172479e+00 9.418206084328017980e+00 7.813075566809172479e+00 2.562254824805157227e+01
2.020010733871880149e+01 -4.478643638984629027e-01 2.076901340850735522e+00 -4.478643638984629027e-01 1.322459258671489479e+01 1.304608873986867756e+01 2.076901340850735522e+00 1.304608873986867756e+01 1.774002693046763568e+01
1.458995552383905725e+01 2.333705670445257230e+00 1.870580836825860160e+01 2.333705670445257230e+00 -5.616239630113074588e-01 -4.092197181178535814e+00 1.870580836825860160e+01 -4.092197181178535814e+00 1.473083571797943492e+01
2.959696565705576887e+01 -8.460329746605423917e-01 3.320077760954522450e+00 -8.460329746605423917e-01 2.829363965165079708e+00 4.328855330616856456e+00 3.320077760954522450e+00 4.328855330616856456e+00 2.501632286537029159e+01
2.037263163943817901e+01 -2.111958795736587646e+01 1.088864227546732799e+01 -2.111958795736587646e+01 1.129724831935905094e+01 1.344880849727823779e+01 1.088864227546732799e+01 1.344880849727823779e+01 3.507213438877737133e+01
-1.830283960172164726e+01 -1.378779051906402042e+00 7.332075792653778734e+00 -1.378779051906402042e+00 -4.665983433914452405e+01 -1.841699340636766991e+00 7.332075792653778734e+00 -1.841699340636766991e+00 -2.246438247666303312e+01
-1.669928276996250816e+01 1.147839664336792964e+01 6.338911145397397640e+00 1.147839664336792964e+01 -3.624336754026428764e+01 1.073145637747414671e+00 6.338911145397397640e+00 1.073145637747414671e+00 4.649764371259973217e+00
6.966203640379706741e+00 7.241972824058120040e+00 4.206538287879790339e+00 7.241972824058120040e+00 6.903169687888389028e+00 1.294180002118460404e+00 4.206538287879790339e+00 1.294180002118460404e+00 2.029962449395809898e+01
2.290011834739710039e+01 2.342073672845156607e-01 -1.278231397551844228e+00 2.342073672845156607e-01 1.348840793770963664e+01 6.762513316832649002e-01 -1.278231397551844228e+00 6.762513316832649002e-01 2.973106293961732050e+01
-2.803715696316953654e+01 4.747439437186529609e+00 3.035694741390190288e+01 4.747439437186529609e+00 -9.803390336954991824e+01 2.721821934652967734e+00 3.035694741390190288e+01 2.721821934652967734e+00 -2.957025489300061238e+01
-1.232476834270998189e+01 1.333402631069538558e+01 1.145563969078844302e+01 1.333402631069538558e+01 -4.701020128422650401e+01 4.179583430688438850e-01 1.145563969078844302e+01 4.179583430688438850e-01 -1.070252836469752644e+01
6.848412854230315538e+00 1.742407256744872068e+00 -3.923654567136744209e+00 1.742407256744872068e+00 2.178480373854231189e+01 -9.895401997426518381e-01 -3.923654567136744209e+00 -9.895401997426518381e-01 1.558585820868855265e+01
-9.620701506825748428e-01 -7.572120483625372600e+00 9.072378463596844966e+00 -7.572120483625372600e+00 -1.627879811485798101e+01 1.574138545918708054e+00 9.072378463596844966e+00 1.574138545918708054e+00 2.649862189303795468e+00
-1.394226986882457631e+01 -3.522047390314441140e-01 -3.280607314222458548e+00 -3.522047390314441140e-01 -9.550032352460338103e+00 -5.637765557470083344e+00 -3.280607314222458548e+00 -5.637765557470083344e+00 -2.003402756253891859e+00
9.494153708456595231e-01 3.627247113222857866e+00 6.390553329009574846e+00 3.627247113222857866e+00 -1.752041047866152468e+01 1.412604374063327395e+00 6.390553329009574846e+00 1.412604374063327395e+00 -1.128354071517883250e+00
5.785216054121121232e+01 -9.181382432697164475e+00 -5.847456341540413494e-01 -9.181382432697164475e+00 2.611143136485187100e+01 1.513893467332314380e+01 -5.847456341540413494e-01 1.513893467332314380e+01 6.781637209685420942e+01
7.834233988543704896e+00 -9.185018692237415294e+00 1.672560601693481885e+01 -9.185018692237415294e+00 -3.297220746391725044e+01 4.803763950504395197e+00 1.672560601693481885e+01 4.803763950504395197e+00 1.138482027804539243e+01
-3.521505830359234146e+00 -6.398281194024941776e+00 1.867051041977267456e+00 -6.398281194024941776e+00 -2.157303631306998071e+01 2.025557790987544493e+01 1.867051041977267456e+00 2.025557790987544493e+01 -1.432450402825047853e+01
1.653079539630825323e+01 1.156963070809760019e+01 7.091191115670728351e+00 1.156963070809760019e+01 -4.771199303605840214e+00 3.780993435616504694e+00 7.091191115670728351e+00 3.780993435616504694e+00 1.559193018792229424e+01
2.812634207780034146e+01 1.567191596424099842e+01 -1.071769944771623129e+00 1.567191596424099842e+01 -2.069577476632707658e+01 -2.558762803498979999e+00 -1.071769944771623129e+00 -2.558762803498979999e+00 9.361248924986384168e+00
4.284022705715894119e+01 1.764569248378420996e+00 1.012470387974315145e+01 1.764569248378420996e+00 2.256803890279801905e+01 1.228256240355342088e+00 1.012470387974315145e+01 1.228256240355342088e+00 5.087305724412350827e+01
3.739891544081269670e-02 -1.167173510897028699e+00 4.987403197694203705e+00 -1.167173510897028699e+00 -1.841856753152720216e+01 2.413837822700013944e-02 4.987403197694203705e+00 2.413837822700013944e-02 -1.531009048061154898e+00
1.334023529668960784e+01 -1.858879114139819100e+00 2.038993926656437861e+00 -1.858879114139819100e+00 -7.584140367496964075e+00 1.188410971153574858e+00 2.038993926656437861e+00 1.188410971153574858e+00 2.578918159236290819e+01
5.542347731887037554e+00 -9.136618049677601716e-01 1.886396667259412352e+00 -9.136618049677601716e-01 -4.155837736093287305e+01 -2.024611619666216278e+00 1.886396667259412352e+00 -2.024611619666216278e+00 -1.845991555402096296e+01
4.847697871725476659e+01 1.100309537834224649e+01 5.357552677196421698e+00 1.100309537834224649e+01 3.573083031914877949e+01 1.983958223503419882e+00 5.357552677196421698e+00 1.983958223503419882e+00 5.558385546090951834e+01
6.795424223037274558e+00 -1.223942325899515815e+01 2.026880122994976219e+01 -1.223942325899515815e+01 -1.624656134327865331e+01 -1.169758314374994335e+01 2.026880122994976219e+01 -1.169758314374994335e+01 4.092997195682979594e+00
-1.033691073644301639e+01 7.048911937861739752e+00 -9.397584808062212858e+00 7.048911937861739752e+00 -4.170729075754790216e+01 1.856271970403037264e+00 -9.397584808062212858e+00 1.856271970403037264e+00 -3.204099541350168501e+00
4.352822157403257286e+00 9.670697805198214425e+00 1.894789660095720141e+00 9.670697805198214425e+00 -1.658556981523930318e+01 8.113740637109667642e-01 1.894789660095720141e+00 8.113740637109667642e-01 5.227837617411234206e+00
3.474426359878476589e+00 -1.242865549093966848e+00 -7.654576407815580019e+00 -1.242865549093966848e+00 -1.588027905994891142e+01 4.747844528952395393e+00 -7.654576407815580019e+00 4.747844528952395393e+00 2.484596630980509424e+00
2.013904544973476973e+01 -1.055849600768126173e+00 1.356668539285526087e+01 -1.055849600768126173e+00 -9.695274835028508065e+00 -5.802494349554929709e-01 1.356668539285526087e+01 -5.802494349554929709e-01 1.407658710531059931e+01
4.281493528602291043e+00 -1.545225367743785938e+00 -8.829859244250205796e-03 -1.545225367743785938e+00 -1.710933103832962132e+01 -4.495550076094343428e-01 -8.829859244250205796e-03 -4.495550076094343428e-01 1.075341777587645353e+01
-1.583150167819501464e+00 -7.076191236254358863e+00 1.019531760226627171e+01 -7.076191236254358863e+00 -1.205610301338622925e+01 -5.620297309525119189e+00 1.019531760226627171e+01 -5.620297309525119189e+00 -1.163553108423349158e+01
2.374443360511541812e+01 1.388421114309407400e+01 2.297513580853889348e+00 1.388421114309407400e+01 3.176886306182107589e+01 -3.079603445374966331e+00 2.297513580853889348e+00 -3.079603445374966331e+00 3.588487233149103872e+01
-3.153338019633629585e+00 8.613531267516333356e-01 2.544709307759087658e+00 8.613531267516333356e-01 -2.912331657142157937e+01 -2.764299821012893066e+00 2.544709307759087658e+00 -2.764299821012893066e+00 1.351900255138922802e+01
3.668421455018739152e+01 -8.059971757031884065e-01 6.176050261924156265e-02 -8.059971757031884065e-01 1.963250512083310895e+01 2.270517885249625056e+00 6.176050261924156265e-02 2.270517885249625056e+00 3.347726130770274011e+01
-1.450882810609884110e+01 -5.530423672614112718e+00 -9.254646860552744325e-01 -5.530423672614112718e+00 -2.303609433894046177e+01 8.128896471963915626e-01 -9.254646860552744325e-01 8.128896471963915626e-01 -8.148157307582192033e+00
-1.486099383273752395e+01 1.623539335536270389e+00 2.431333485799068495e+00 1.623539335536270389e+00 -3.367172521328483725e+01 -4.873593184983278981e+00 2.431333485799068495e+00 -4.873593184983278981e+00 -1.243806171912243919e+01
2.503754585350693418e+01 4.177474739688732619e+00 9.452151928664189739e+00 4.177474739688732619e+00 -2.310349444315472844e+00 -2.406134398415213482e+00 9.452151928664189739e+00 -2.406134398415213482e+00 1.615156935059582466e+01
-2.901273558509562989e+01 -4.767087778371769780e+00 2.293872679543893955e+00 -4.767087778371769780e+00 -4.474594475571023366e+01 -8.121732345653724039e+00 2.293872679543893955e+00 -8.121732345653724039e+00 -2.315898386334121284e+01
2.369974637698426889e+01 -4.895022030061978668e+00 -2.243676088627135634e+00 -4.895022030061978668e+00 1.300033833029945818e+01 -1.549360551570345468e+00 -2.243676088627135634e+00 -1.549360551570345468e+00 3.279194291783732496e+01
-3.068753016293906555e+01 -9.297405299784589516e+00 1.604149189806207332e+01 -9.297405299784589516e+00 -4.807212791226582738e+01 -1.381476107017759247e+01 1.604149189806207332e+01 -1.381476107017759247e+01 -1.843707682424429350e+01
-2.563617637462307197e+00 -1.108708313039843851e+01 -3.248158107211420731e+00 -1.108708313039843851e+01 -1.734081823262989275e+01 -5.700739862983676076e+00 -3.248158107211420731e+00 -5.700739862983676076e+00 1.233173195043140602e+01
-1.395838425153830364e+01 1.139628126584282519e+01 1.254273147704408009e+00 1.139628126584282519e+01 -1.846167704587823977e+01 -6.549075581765317899e+00 1.254273147704408009e+00 -6.549075581765317899e+00 -2.083996069850315536e+01
1.285269933355224481e+01 4.731352126826167570e+00 4.851019582752703840e+00 4.731352126826167570e+00 -6.490512377119575405e+00 -1.815211406518940362e-01 4.851019582752703840e+00 -1.815211406518940362e-01 1.950823477515167070e+01
-2.427563964135769226e+01 -1.889955869079880779e+00 2.908489352941477257e+00 -1.889955869079880779e+00 -4.636119238212922511e+01 1.114156423880759528e+00 2.908489352941477257e+00 1.114156423880759528e+00 -2.944746656578288579e+01
2.803994917300568268e+00 -6.706312745741847436e+00 5.840067200822161908e+00 -6.706312745741847436e+00 -4.027608914455746714e+01 -7.056596761486883196e+00 5.840067200822161908e+00 -7.056596761486883196e+00 3.056818165795678333e+00
-3.673295403789794022e+01 -2.451807115415690852e+00 3.557301226094136570e+00 -2.451807115415690852e+00 -4.328261435833679371e+01 2.726630173298535964e-01 3.557301226094136570e+00 2.726630173298535964e-01 -3.492680134919989854e+01
-2.796257036727773126e+01 5.436628322156898285e+00 1.212674120935298738e+01 5.436628322156898285e+00 -5.141154632072360897e+01 -7.339843711843795582e+00 1.212674120935298738e+01 -7.339843711843795582e+00 -3.211703626500020192e+01
-1.873299139892832699e+01 6.892491211762412640e-01 -9.897195097382575080e-01 6.892491211762412640e-01 -4.184697963857379222e+01 -4.519758581033721079e+00 -9.897195097382575080e-01 -4.519758581033721079e+00 -7.152424546415032225e+00
-6.037466321686300041e+00 -8.230572710066077491e+00 7.302505605853970572e+00 -8.230572710066077491e+00 -1.609262616229683474e+01 5.488986984570243699e+00 7.302505605853970572e+00 5.488986984570243699e+00 1.406168256702014396e+00
-1.134788052045879958e+01 -5.427526610163356580e+00 9.439029097188814887e+00 -5.427526610163356580e+00 -3.601077551855762238e+01 -9.122906713446649052e-01 9.439029097188814887e+00 -9.122906713446649052e-01 -1.054226657370706421e+00
-1.061713867396072786e+01 8.746491664672371158e-01 1.054215900401849026e+01 8.746491664672371158e-01 -3.414935139407084819e+01 9.324631637136226558e+00 1.054215900401849026e+01 9.324631637136226558e+00 -1.155706861150093134e+00
2.190883264926890561e+01 -6.478132427530721493e+00 5.766718055305463331e+00 -6.478132427530721493e+00 9.502391196254182049e+00 -4.271958009664118983e+00 5.766718055305463331e+00 -4.271958009664118983e+00 3.316117339301461442e+01
-2.426347935953024670e+00 -1.484416786710517044e+01 -4.695945038725852227e-01 -1.484416786710517044e+01 -3.008296309118890122e+01 4.501200500625693657e+00 -4.695945038725852227e-01 4.501200500625693657e+00 -2.208921769652058131e+01
-2.038579951117624489e+01 -5.473250598266703904e+00 3.103406406669646955e+00 -5.473250598266703904e+00 -2.168691912586060866e+01 1.368036511301775837e+00 3.103406406669646955e+00 1.368036511301775837e+00 8.940076906307835358e+00
1.483672900405525130e+00 -1.324967113747745628e+01 8.101172885678742830e+00 -1.324967113747745628e+01 -1.756780910514102345e+01 -7.919799853858218164e+00 8.101172885678742830e+00 -7.919799853858218164e+00 1.590796529983473562e+01
2.271096623196407371e+00 -8.069232309866640751e-01 -1.172925908931300581e-01 -8.069232309866640751e-01 -1.161415207464769672e+01 -1.053532618557059708e+00 -1.172925908931300581e-01 -1.053532618557059708e+00 -1.159932693622208300e+00
1.592723872091763759e+01 2.514005517688123525e+00 4.892365633159059257e+00 2.514005517688123525e+00 -1.817583013238724376e+01 2.386701003769974516e+00 4.892365633159059257e+00 2.386701003769974516e+00 1.385385625332138027e+01
5.934642263476000323e+01 6.059597066809429222e+00 7.738377051520780370e+00 6.059597066809429222e+00 1.574836545534254917e+01 -1.245516799684715537e+01 7.738377051520780370e+00 -1.245516799684715537e+01 4.890590945572247961e+01
1.643550641122445199e+00 -7.204971840669619709e+00 1.217110764875560847e+01 -7.204971840669619709e+00 -1.212017649840146305e+01 -3.330355049079602558e+00 1.217110764875560847e+01 -3.330355049079602558e+00 2.254066993808563524e+01
4.233372020064913244e+01 -2.848892416074953804e+00 2.255077308413526538e+01 -2.848892416074953804e+00 3.937424454307329569e+01 9.715057998560627794e+00 2.255077308413526538e+01 9.715057998560627794e+00 3.226394234876503475e+01
3.492069136077821412e+01 -8.533680654721450765e+00 6.198744488075390358e+00 -8.533680654721450765e+00 8.977535371652423990e+00 4.966689006295720965e+00 6.198744488075390358e+00 4.966689006295720965e+00 4.216202366044506533e+01
-1.176937247722808522e+01 -3.079269729361705732e+00 9.108772009043722306e+00 -3.079269729361705732e+00 -5.524250678131418368e+01 -4.769399840729672491e+00 9.108772009043722306e+00 -4.769399840729672491e+00 -8.847269395156942551e-01
5.048521481280582179e+01 5.302453124733429668e+00 1.305706864513756837e+00 5.302453124733429668e+00 2.668789029112193845e+01 -5.259355820182955998e-01 1.305706864513756837e+00 -5.259355820182955998e-01 3.738631643089868106e+01
7.027374339830171124e+00 -7.504631120474940520e-01 6.661035262987780037e+00 -7.504631120474940520e-01 -1.467931913884340744e+01 -1.211897704645087837e+00 6.661035262987780037e+00 -1.211897704645087837e+00 2.439955080866425519e+01
4.049114144385038117e+01 8.083416073339979580e-01 9.564170743887720150e+00 8.083416073339979580e-01 3.183483166516225893e+01 1.039903482651904909e+00 9.564170743887720150e+00 1.039903482651904909e+00 5.786455740784269608e+01
4.305660034788434842e+00 2.262489407553087140e-01 8.336144055132110875e-01 2.262489407553087140e-01 -5.091390768183670978e+00 5.068005882963511510e+00 8.336144055132110875e-01 5.068005882963511510e+00 5.129996626328257037e+00
3.933962109209670643e+01 4.575577142186962654e+00 8.920763352175496763e+00 4.575577142186962654e+00 2.581122204642106865e+01 2.618028239712888894e+00 8.920763352175496763e+00 2.618028239712888894e+00 3.283778661409275657e+01
5.686846947494961668e+00 1.155360728120628178e+00 1.900066876006873295e+00 1.155360728120628178e+00 -4.355749471331042955e+00 6.840220520775463164e+00 1.900066876006873295e+00 6.840220520775463164e+00 9.191407675579318592e+00
3.911676689515378058e+01 5.050725103393337578e-01 -2.089203905500481628e+00 5.050725103393337578e-01 3.400106311083481359e+01 3.568770878068868724e-01 -2.089203905500481628e+00 3.568770878068868724e-01 4.746522369266395458e+01
5.414770351895576983e-01 -6.199869191941396629e+00 1.000480974512750088e+01 -6.199869191941396629e+00 -2.911823473766823867e+01 -4.186481845092561827e+00 1.000480974512750088e+01 -4.186481845092561827e+00 1.455618853526647349e+01
1.547692636554226375e+01 6.242597798615618032e+00 -2.578394562855808037e-01 6.242597798615618032e+00 -4.494874755602085514e+01 -4.038103054916269308e+00 -2.578394562855808037e-01 -4.038103054916269308e+00 1.679993054721867551e+00
8.843317206408499942e+00 2.580166234906393186e+00 3.845463072774229829e+00 2.580166234906393186e+00 -5.932624508732502022e+00 -3.694979016716904763e+00 3.845463072774229829e+00 -3.694979016716904763e+00 1.994276989960374502e+00
-2.266349561092758336e+01 2.825071560350695510e+00 -2.300148991922089436e+00 2.825071560350695510e+00 -4.079745016923254042e+01 -5.190959517453622718e-01 -2.300148991922089436e+00 -5.190959517453622718e-01 -1.913477524995866474e+01
1.971225543256516843e+01 -5.369256676439767340e+00 -7.112733092146956260e+00 -5.369256676439767340e+00 8.058676009411403385e+00 -1.124922782249212716e+00 -7.112733092146956260e+00 -1.124922782249212716e+00 2.855273404340738708e+01
-6.391060648726305082e+00 -7.388120952998884050e+00 2.015396624220200650e+01 -7.388120952998884050e+00 -4.310591688444512215e+01 8.450926600377067999e+00 2.015396624220200650e+01 8.450926600377067999e+00 6.807057138559432730e+00
-1.642245530549453036e+01 -2.552364031884287066e+00 1.996901013575846262e+00 -2.552364031884287066e+00 -3.026114602024792788e+01 5.385269797219922161e+00 1.996901013575846262e+00 5.385269797219922161e+00 1.605998813845483264e+00
-2.114920692225091159e+01 6.223600747076024398e+00 9.476989197375834451e+00 6.223600747076024398e+00 -3.714933612639347871e+01 -7.287715621280431044e+00 9.476989197375834451e+00 -7.287715621280431044e+00 -1.475050384007535698e+01
-9.348056602398054693e+00 1.256540818007128024e+00 1.445107689055050670e+01 1.256540818007128024e+00 -4.572860708695491638e+01 -1.159935920800970699e+01 1.445107689055050670e+01 -1.159935920800970699e+01 -1.015274411453958336e+01
-2.888006514227571042e+00 -2.858748052934624084e+00 6.460790522709007888e+00 -2.858748052934624084e+00 -8.386804160393511509e+00 -4.085376311872455979e+00 6.460790522709007888e+00 -4.085376311872455979e+00 5.528276684380112549e+00
5.617336284146719372e+00 -1.979098701934961957e+00 7.884171365985174873e+00 -1.979098701934961957e+00 -1.612935972469884405e+01 -1.216674187976246380e+01 7.884171365985174873e+00 -1.216674187976246380e+01 7.382622972556555752e+00
2.194253683759089668e+01 -1.718740378619804332e+01 2.056848730293695482e+01 -1.718740378619804332e+01 3.665533580722351559e+01 8.188216568698212683e+00 2.056848730293695482e+01 8.188216568698212683e+00 3.344389428935595987e+01
-1.374507676818649315e+01 -5.682372668010381211e+00 8.748152592973905683e+00 -5.682372668010381211e+00 -4.655085116431934722e+01 -6.309420634488426494e+00 8.748152592973905683e+00 -6.309420634488426494e+00 -6.257343917655398435e+00
3.569654959009325523e+01 -4.321114144625562759e+00 1.523601150030334495e+01 -4.321114144625562759e+00 6.688399840908999749e+00 -1.199048685088753396e+00 1.523601150030334495e+01 -1.199048685088753396e+00 4.676219040411898931e+01
6.706686128898479637e+01 -8.492585609286724235e+00 9.423513346237701427e+00 -8.492585609286724235e+00 4.226944224452287813e+01 -1.145639070390386260e+00 9.423513346237701427e+00 -1.145639070390386260e+00 5.170506272249955515e+01
2.433205919139254547e+01 -2.972120203410656192e+00 9.910185870343239500e+00 -2.972120203410656192e+00 -3.844646312953718503e+00 -7.628926879569926101e+00 9.910185870343239500e+00 -7.628926879569926101e+00 3.481322267576640428e+01
2.944395073536707130e+01 -7.147248120333981269e+00 2.417845301248772572e+01 -7.147248120333981269e+00 -2.174819294230134759e+00 -1.887417213972298669e+01 2.417845301248772572e+01 -1.887417213972298669e+01 2.484622481686852780e+01
-1.498635398684115749e+01 -1.280822688905930151e-01 1.293393416109770477e+01 -1.280822688905930151e-01 -2.778419208598873524e+01 1.154763538499548226e+01 1.293393416109770477e+01 1.154763538499548226e+01 8.377845107694906091e+00
1.716710202678446429e+00 -7.295261510042961639e+00 -2.933134529221142817e+00 -7.295261510042961639e+00 1.619947472814292633e+00 8.242653745488293993e+00 -2.933134529221142817e+00 8.242653745488293993e+00 2.575015323268773315e+01
4.160621272069298549e+00 5.332756701143822831e+00 -2.973457204619979866e+00 5.332756701143822831e+00 -6.778681742274931921e+00 2.542839992206305411e+00 -2.973457204619979866e+00 2.542839992206305411e+00 1.142650069652519385e+01
-1.139015581322382609e+01 -3.990606905839111818e+00 9.369263041333657505e-01 -3.990606905839111818e+00 -1.779393756365129775e+01 4.129058973238223018e+00 9.369263041333657505e-01 4.129058973238223018e+00 -2.656225987181443671e+01
-2.039264277350376275e+01 -4.380669982727322775e+00 2.722289744071395567e+00 -4.380669982727322775e+00 -4.086325081677226478e+01 5.131056806781586488e+00 2.722289744071395567e+00 5.131056806781586488e+00 -8.887101586661517061e+00
