3.144755988672206826e+01 4.221026505957526376e-01 -1.002626413964112650e+01 4.221026505957526376e-01 1.664453635195221537e+01 -6.856476794682544451e+00 -1.002626413964112650e+01 -6.856476794682544451e+00 -2.628002416961933818e+01
-4.133398210901751968e-01 -2.075021363715648093e+01 1.018500091543580588e+01 -2.075021363715648093e+01 -3.808681047599926472e+01 -7.833180228015210744e+00 1.018500091543580588e+01 -7.833180228015210744e+00 -4.903465773236028724e+01
8.712635162715004711e+00 6.275275816607828183e+00 8.559670521855927916e+00 6.275275816607828183e+00 4.465467246193404627e+00 -2.707488639475679193e+01 8.559670521855927916e+00 -2.707488639475679193e+01 -3.910557279384732254e+01
-1.056683670018299814e+01 -1.100965366188686900e+00 9.720374135449649788e-01 -1.100965366188686900e+00 -1.554547049532801140e+01 1.278051439896556118e+01 9.720374135449649788e-01 1.278051439896556118e+01 -3.192690752617540895e+01
5.672171534192031572e+00 7.300176935398022593e+00 -1.733342552717254570e+00 7.300176935398022593e+00 -1.229776716991995578e+01 7.854703770248147698e+00 -1.733342552717254570e+00 7.854703770248147698e+00 -1.869792869466801566e+00
1.189109375360865606e+01 3.446965689726182447e+00 -6.450631096086171246e-01 3.446965689726182447e+00 2.014648786250790380e+01 2.096487334397601998e+01 -6.450631096086171246e-01 2.096487334397601998e+01 -2.159274326827649659e+01
-9.033657515495777446e+00 1.260096788261937562e+01 -6.765167023344116792e+00 1.260096788261937562e+01 -2.803360112834594275e+01 4.663716853163455411e+00 -6.765167023344116792e+00 4.663716853163455411e+00 -4.407200947362057519e+01
-1.132748924456352313e+01 -2.371532562062581118e+00 1.027338205544316985e+00 -2.371532562062581118e+00 -1.908706066716908012e+01 -9.838926990414497809e+00 1.027338205544316985e+00 -9.838926990414497809e+00 -3.892546208852954948e+01
-3.730445412120678839e+01 -6.381025527070107728e+00 -4.987229881340664583e+00 -6.381025527070107728e+00 -2.990143193346921890e+01 1.222758043668313732e+01 -4.987229881340664583e+00 1.222758043668313732e+01 -9.149741218035334356e+00
-6.979230497399112387e+00 4.010420159775566873e+00 7.911676586304533743e+00 4.010420159775566873e+00 -6.767106442184846138e+00 1.169695071521818175e+00 7.911676586304533743e+00 1.169695071521818175e+00 -1.664758419809310297e+01
9.644390887853077743e+00 2.470408966888445690e+00 7.963558032974078493e-01 2.470408966888445690e+00 1.660834239425444281e+01 1.031345798721899909e+00 7.963558032974078493e-01 1.031345798721899909e+00 -4.520269998569777670e+01
5.467401911233634593e+01 1.422881864062803103e+01 1.692727135688122164e+00 1.422881864062803103e+01 4.321290718084414806e+01 3.964718127758334987e+00 1.692727135688122164e+00 3.964718127758334987e+00 2.055790811178929189e+01
-2.318172965082152714e+01 -1.077309226260730490e+01 7.824886064332777558e+00 -1.077309226260730490e+01 -3.196570014394606574e+01 -2.004500267482906828e-01 7.824886064332777558e+00 -2.004500267482906828e-01 -3.909623521597725304e+00
-2.400808508378194706e+00 7.172587595847909059e-01 -6.134828950564077843e+00 7.172587595847909059e-01 -6.834919379666930972e+00 -1.227673883163796198e+01 -6.134828950564077843e+00 -1.227673883163796198e+01 -1.731005881729737794e+01
2.912581525251622239e+01 -6.933378731442389586e+00 1.301186889917672751e+01 -6.933378731442389586e+00 3.387813074665636304e+00 9.418947857109372990e+00 1.301186889917672751e+01 9.418947857109372990e+00 -2.907079720689417002e+01
4.972301306758039630e+01 2.865202860167010979e+00 6.139182604654394915e+00 2.865202860167010979e+00 4.389101765883672357e+01 1.731289213895225032e+01 6.139182604654394915e+00 1.731289213895225032e+01 -1.405049545192892069e+01
-2.654912041424714531e+01 3.220912028275918715e+00 1.498082422806884573e+01 3.220912028275918715e+00 -1.954269575173709228e+01 2.199143601451067020e+00 1.498082422806884573e+01 2.199143601451067020e+00 -5.848778922017099546e+01
2.342508895263719637e+01 -1.785798747546447629e+01 -1.883145932372893183e+00 -1.785798747546447629e+01 8.917715998633063634e+00 -2.107557056306889276e+00 -1.883145932372893183e+00 -2.107557056306889276e+00 -3.259514392238818914e+01
-2.713190970088651710e+01 -5.099761329017085121e-01 5.819315995631249017e+00 -5.099761329017085121e-01 -2.502376877214280881e+01 5.140698793638461161e+00 5.819315995631249017e+00 5.140698793638461161e+00 1.996998190704435316e+01
-2.597471681725836845e+01 1.433506336149853455e+00 -7.470309965019811926e+00 1.433506336149853455e+00 -2.293579084397453727e+01 2.453113616668411368e+01 -7.470309965019811926e+00 2.453113616668411368e+01 -2.872096048588836226e+01
1.663955555580050261e+00 -1.695460584183408725e+00 1.239237271717812661e+01 -1.695460584183408725e+00 3.214661044877225038e+01 -5.309145104467722476e+00 1.239237271717812661e+01 -5.309145104467722476e+00 -5.331123859267118092e+01
-1.228901764098343818e+01 -2.568263400098528848e+01 -1.814042104939643796e+00 -2.568263400098528848e+01 -4.102686181839416690e+01 8.585707159247469633e+00 -1.814042104939643796e+00 8.585707159247469633e+00 -5.978586215224770939e+01
-2.737790923637842155e+01 -2.500793202326951348e-01 -7.701327993451243970e+00 -2.500793202326951348e-01 -4.316364154359091998e+01 -1.297761755425074170e+01 -7.701327993451243970e+00 -1.297761755425074170e+01 -1.025043616910342337e+02
5.414597102463579148e+01 -1.985914681214058675e+01 -1.937906053526694095e+01 -1.985914681214058675e+01 5.551759336340747808e+01 -1.259872929286698628e+01 -1.937906053526694095e+01 -1.259872929286698628e+01 -4.568927085170562674e-01
2.214819207950464275e+01 1.270587398631888298e+01 2.390802566656044625e+00 1.270587398631888298e+01 2.235622091429788849e+00 4.799975430374664676e+00 2.390802566656044625e+00 4.799975430374664676e+00 -2.041353827984092106e+01
-4.166342784131973787e+01 2.251899790634659482e+01 2.396252227245160515e+00 2.251899790634659482e+01 -2.316252092936118956e+01 -1.658573802633010175e+01 2.396252227245160515e+00 -1.658573802633010175e+01 1.200723457989646015e+01
-6.069025151968986620e+00 5.541154790756428916e+00 -8.057269281552041917e+00 5.541154790756428916e+00 3.003485352243501083e+01 -3.568575930806724639e+00 -8.057269281552041917e+00 -3.568575930806724639e+00 -1.537816230482617819e+01
5.480948758860397874e+01 7.005485001723460670e+00 1.317227224797563601e+01 7.005485001723460670e+00 4.388390103298065270e+01 1.013111899745502953e+01 1.317227224797563601e+01 1.013111899745502953e+01 3.151961112568256240e+01
3.494726305540208688e+00 -3.915730006727949686e+00 -5.407998676137217409e+00 -3.915730006727949686e+00 1.037493752986345363e+01 9.255437335118468667e+00 -5.407998676137217409e+00 9.255437335118468667e+00 -1.654905381005341525e+01
-1.565465812826155911e+01 -1.717002120232389828e+01 -1.731307325107766415e+00 -1.717002120232389828e+01 -8.781314208421814982e+00 -2.844764360778828216e+00 -1.731307325107766415e+00 -2.844764360778828216e+00 -2.352609784544176819e+01
1.935982992175578232e+01 -5.429644022796802361e+00 6.951010938739692335e+00 -5.429644022796802361e+00 1.244900725002489672e+01 -9.931164719704090871e+00 6.951010938739692335e+00 -9.931164719704090871e+00 -1.468846300854209730e+01
7.184228796444654108e+01 -1.498816681818064644e+01 -1.141390528929931669e+01 -1.498816681818064644e+01 4.990917274191536990e+01 2.340291345851113647e+01 -1.141390528929931669e+01 2.340291345851113647e+01 1.675402537654670354e+01
-1.374210214973511945e+01 -7.615385139791849944e+00 -2.923883930856290281e+00 -7.615385139791849944e+00 -1.180165105915251189e+01 2.398652485103616616e+00 -2.923883930856290281e+00 2.398652485103616616e+00 -1.154802252835330734e+01
-7.205944520972056289e+00 -1.554871990739491316e+01 3.376861633675885543e-01 -1.554871990739491316e+01 -3.503966676587727846e+01 -5.823365647337849893e+00 3.376861633675885543e-01 -5.823365647337849893e+00 2.062469862890138828e+01
-2.822010090584250896e+00 -6.977007322352995367e+00 6.412684407950674625e+00 -6.977007322352995367e+00 -3.646849894865165709e+01 -6.354125271355658633e+00 6.412684407950674625e+00 -6.354125271355658633e+00 -4.485717922030153204e+01
1.509483204956030278e+00 -2.178759790154919784e+01 2.070400073327272050e+00 -2.178759790154919784e+01 -6.623044620037853436e-01 5.905278600542317236e+00 2.070400073327272050e+00 5.905278600542317236e+00 -8.134692213910284408e+01
9.724843485088014106e+00 1.314010620813780150e+01 -1.389972066491051317e+00 1.314010620813780150e+01 3.022405263607009474e+01 -1.795373917899934169e+00 -1.389972066491051317e+00 -1.795373917899934169e+00 -3.253575119462048804e+00
3.528309527759179076e+01 -2.128188113071718401e+00 -1.405217722832795424e+01 -2.128188113071718401e+00 2.717108719138863648e+01 1.962140409386162787e+01 -1.405217722832795424e+01 1.962140409386162787e+01 1.443774400581253337e-02
-2.586857163284127026e+01 -1.316663351073205490e+01 -2.182433887697640795e+00 -1.316663351073205490e+01 -1.967324869833081991e+01 2.075587538649766728e+01 -2.182433887697640795e+00 2.075587538649766728e+01 -9.925456972036673875e+00
2.895867485352207993e+01 4.055190132846292705e+00 8.515038803193778705e+00 4.055190132846292705e+00 1.988627997715473228e+01 -2.104413672830636184e+00 8.515038803193778705e+00 -2.104413672830636184e+00 3.373646999704762095e+01
-8.625956093213683573e+01 1.740616499129606254e+01 3.845668412879647224e+00 1.740616499129606254e+01 -5.588078884024032078e+01 6.399510305421379774e-01 3.845668412879647224e+00 6.399510305421379774e-01 -4.530701323777962841e+01
-7.870613852089519469e+00 -8.226565378080573865e+00 2.837112533841967300e-03 -8.226565378080573865e+00 -1.994701519399380629e+01 9.306845094325213452e+00 2.837112533841967300e-03 9.306845094325213452e+00 -4.065724509574106094e+01
1.071233227737246629e+01 -5.067981197580981423e+00 2.167483484991592046e+00 -5.067981197580981423e+00 1.503486704633106896e+01 1.001660771523623517e+01 2.167483484991592046e+00 1.001660771523623517e+01 1.197159907680042146e+01
2.822117416385587418e+01 -3.141151872557573999e+00 6.422335886158689000e+00 -3.141151872557573999e+00 1.492573701666567132e+01 -5.593704552546886255e+00 6.422335886158689000e+00 -5.593704552546886255e+00 -1.599291245555051688e+01
-4.863102010851068258e+01 -8.494661481957219706e+00 -4.810633813139680193e+00 -8.494661481957219706e+00 -5.221230283899267732e+01 -2.320090280470886945e+00 -4.810633813139680193e+00 -2.320090280470886945e+00 -1.598556741293656636e+01
7.823794607330402329e+00 5.519476162299649324e+00 1.586114890335392325e+01 5.519476162299649324e+00 2.023317887947701266e+01 -3.721564839266950475e+00 1.586114890335392325e+01 -3.721564839266950475e+00 -4.325660751573143159e+01
-2.880907674307234956e+01 8.757834293929793290e+00 -1.806763848068450473e+00 8.757834293929793290e+00 -4.363231493196516908e+01 -1.126388496441236953e+01 -1.806763848068450473e+00 -1.126388496441236953e+01 -2.458861700839122832e+01
-4.109865876531949169e+01 4.642323457699825795e+00 -6.035793684357668276e+00 4.642323457699825795e+00 -6.067546407186360113e+01 8.884317854941485848e+00 -6.035793684357668276e+00 8.884317854941485848e+00 -5.130623939289182545e+01
5.087780548562698790e+00 -3.027289474742454800e+01 -3.826772656729529487e+00 -3.027289474742454800e+01 2.226197100761619030e+00 -1.213413741888771114e+01 -3.826772656729529487e+00 -1.213413741888771114e+01 -3.585897656263735911e+00
2.434858349354001206e+01 -1.967448289874634426e+01 1.906449674406066208e+01 -1.967448289874634426e+01 7.830876121697397885e+00 -3.071034953627817643e+00 1.906449674406066208e+01 -3.071034953627817643e+00 -3.900770761236642414e+01
