-1.058591615656275353e+00 -4.761236862827672667e+00 5.779836201635727200e+00 -4.761236862827672667e+00 -6.370909836584391250e+00 -1.418416467313682716e+01 5.779836201635727200e+00 -1.418416467313682716e+01 -1.929360383428019432e+01
2.785118770138010547e+01 2.821427490978173580e+01 -5.491914036915575892e+00 2.821427490978173580e+01 2.052038883167140337e+00 -1.500523891672011834e+00 -5.491914036915575892e+00 -1.500523891672011834e+00 -5.470040800475117315e+00
3.401814623206039112e+00 -5.167295530224833122e+00 3.439718419159537355e+00 -5.167295530224833122e+00 -1.502504720843964492e+01 -2.635189195118083028e+00 3.439718419159537355e+00 -2.635189195118083028e+00 -3.528960849597626037e+01
-1.394973744723342968e+01 8.998913194734216248e+00 2.344266320632860445e+00 8.998913194734216248e+00 -3.057469531692889575e+01 -3.265176556271428332e+00 2.344266320632860445e+00 -3.265176556271428332e+00 -1.028015945598691694e+01
2.080518610678655378e+01 3.276705118815608664e+00 -6.770484603299185444e+00 3.276705118815608664e+00 1.858827112142134297e+01 -2.152290485393427932e+00 -6.770484603299185444e+00 -2.152290485393427932e+00 2.839455724078912269e+01
3.997063737681285289e+01 -1.715945924927103050e+01 9.445252116473245252e+00 -1.715945924927103050e+01 2.477526595420983568e+01 3.712273621352852437e+00 9.445252116473245252e+00 3.712273621352852437e+00 -2.720297662531411831e+01
1.594005974106435097e+01 -3.620835140969808075e-01 7.626514389886271950e+00 -3.620835140969808075e-01 2.485351176649494676e+00 4.329069067288898509e+00 7.626514389886271950e+00 4.329069067288898509e+00 1.833898653437448623e+00
-1.466338215718167604e+01 3.732190808780616820e+00 -9.000137721698175497e+00 3.732190808780616820e+00 -1.987923288889131257e+01 -1.921407641955958212e+01 -9.000137721698175497e+00 -1.921407641955958212e+01 -1.376486683282354129e+01
-3.377619254011793970e+01 3.389683757771583483e+00 1.384151642625475631e+00 3.389683757771583483e+00 -5.102001230835874424e+01 9.888059729408343657e+00 1.384151642625475631e+00 9.888059729408343657e+00 -7.491754750228020043e+01
1.003685934393718959e+01 1.338483144324417751e+01 -2.023664259172104352e+01 1.338483144324417751e+01 1.525882471481265057e+01 -2.641121007338786519e+00 -2.023664259172104352e+01 -2.641121007338786519e+00 8.726447274604758775e+00
-1.407047603868666208e+01 -8.795424650535299094e+00 -1.050156060628533261e+01 -8.795424650535299094e+00 -1.645568343209406592e+01 -8.120750199384851875e-03 -1.050156060628533261e+01 -8.120750199384851875e-03 -1.281084810188743184e+01
3.472413531851822199e+01 -8.378405289185238303e+00 -1.075952005162629632e+01 -8.378405289185238303e+00 1.658521790269064056e+01 -1.827428140737530793e+00 -1.075952005162629632e+01 -1.827428140737530793e+00 6.719733110319836555e+00
-3.208140635799609441e+01 -1.125552530262716466e+01 -4.567074764674880605e+00 -1.125552530262716466e+01 -2.362212695166629572e+01 1.250830878241091426e+01 -4.567074764674880605e+00 1.250830878241091426e+01 -2.524349498036469797e+01
6.680586989444553581e+01 3.668008283416678061e+00 -2.141766060460469490e+01 3.668008283416678061e+00 6.681729105108486522e+01 5.368490087308670944e+00 -2.141766060460469490e+01 5.368490087308670944e+00 2.828640022034566925e+01
-1.661824798079273435e+01 6.424377402523838043e+00 -1.723734101404448893e+01 6.424377402523838043e+00 -4.170898961520180848e+01 -1.680398196596607363e+01 -1.723734101404448893e+01 -1.680398196596607363e+01 -6.421991368582328619e+01
7.437981893752193230e+01 -1.574870062866891729e+01 -1.026292400179559650e+01 -1.574870062866891729e+01 6.440988029828770323e+01 7.452122327145910496e+00 -1.026292400179559650e+01 7.452122327145910496e+00 2.925490787135894166e+01
-1.694440533663853543e+01 2.150842195636238241e+00 1.791291157632464603e+01 2.150842195636238241e+00 1.350436428859529769e+01 8.867029745260410323e+00 1.791291157632464603e+01 8.867029745260410323e+00 -2.364835220022093409e+01
-8.254124624807287702e+00 -7.552066669452617731e+00 7.645204426538771081e+00 -7.552066669452617731e+00 -2.127798224883315115e+01 7.149077098942902886e+00 7.645204426538771081e+00 7.149077098942902886e+00 -7.138127139576688762e+01
4.503027517651472067e+01 -3.040712866633561884e+00 -1.536972652859973465e+01 -3.040712866633561884e+00 1.009286146420025432e+01 5.195479647812443202e-01 -1.536972652859973465e+01 5.195479647812443202e-01 -2.927039643623376008e+01
4.070297534176515342e+01 -5.173513499956813533e+00 -1.131894845273538586e+01 -5.173513499956813533e+00 3.905262652952718128e+01 -1.035790865885817880e+01 -1.131894845273538586e+01 -1.035790865885817880e+01 -2.063985524568177610e+01
2.818426722783244998e+01 4.785110282558696859e+00 5.786250548283177864e+00 4.785110282558696859e+00 2.950739981843726767e+01 8.644860639059294138e-01 5.786250548283177864e+00 8.644860639059294138e-01 2.887266794056562702e+01
2.330362142917057966e+01 2.096928641923509673e+01 8.155721036754105313e+00 2.096928641923509673e+01 -1.087153711628889141e+01 6.123535549939007616e+00 8.155721036754105313e+00 6.123535549939007616e+00 -4.081378307500835945e+01
3.143827410731486083e+01 -7.812410269960318843e+00 -3.368197617662815446e+00 -7.812410269960318843e+00 3.369579610986072282e+01 5.138545159878639135e-01 -3.368197617662815446e+00 5.138545159878639135e-01 3.954789012935781756e+01
1.563853652735602839e+00 1.082204393887977822e+01 1.266004440981143553e+01 1.082204393887977822e+01 -1.440824420992300148e+01 1.295570698231879314e-01 1.266004440981143553e+01 1.295570698231879314e-01 -5.741456656811860171e+01
1.810725848848631969e+01 -9.125363745989719888e+00 4.173605601617046190e+00 -9.125363745989719888e+00 2.932590730925191380e+01 9.107751404291061448e+00 4.173605601617046190e+00 9.107751404291061448e+00 4.947222217278107337e+01
2.909475443453312238e+01 -2.177321817800205728e-01 1.486169763010278544e+01 -2.177321817800205728e-01 5.760404578390023289e+00 2.574541188059754404e+00 1.486169763010278544e+01 2.574541188059754404e+00 -1.080535198028275445e+01
-1.675561722356833982e+01 -6.625986713345002777e+00 1.965240963211094538e+00 -6.625986713345002777e+00 -2.584544532698317454e+01 1.583389168118182477e-01 1.965240963211094538e+00 1.583389168118182477e-01 -2.997963739026735652e+01
-2.655317592310444041e+01 1.191336143827754768e+01 1.404428864589270276e+01 1.191336143827754768e+01 -4.051134432329868673e+01 -4.806643197411861301e+00 1.404428864589270276e+01 -4.806643197411861301e+00 -5.649968062950070369e+00
-3.527389319126453149e+00 -2.118950775584389046e+00 1.533732863240039457e+01 -2.118950775584389046e+00 -3.858898024128557580e+01 7.532451340257394490e-01 1.533732863240039457e+01 7.532451340257394490e-01 -4.719164942269240015e+01
-7.972774371653299497e+00 1.484252396377994287e+01 -2.028953395224842193e+00 1.484252396377994287e+01 -3.778278541371177113e+01 -9.925630937598441950e-01 -2.028953395224842193e+00 -9.925630937598441950e-01 -3.896949192309767085e+01
-1.179033246994979400e+01 1.084653691370390050e+01 4.783310394094408835e-01 1.084653691370390050e+01 -5.634318106895615408e+00 1.225681142050016703e+01 4.783310394094408835e-01 1.225681142050016703e+01 -4.009511304240691487e+01
2.213112764279897959e+01 1.017769212832371117e+01 1.145078777845890450e+01 1.017769212832371117e+01 1.337846220360579608e+01 1.356263496512164268e+00 1.145078777845890450e+01 1.356263496512164268e+00 -1.896979443613218663e+01
-2.026310421297152686e+01 5.512967100832764977e+00 -1.969406637381598557e+01 5.512967100832764977e+00 -2.250115801522769132e+01 6.610815023823262138e+00 -1.969406637381598557e+01 6.610815023823262138e+00 -3.985092769297334314e+01
1.242635054726843435e+01 -2.209064315304016546e+01 2.431981947079741957e+01 -2.209064315304016546e+01 1.909563318885894034e+01 -1.588977855712535359e+00 2.431981947079741957e+01 -1.588977855712535359e+00 4.827132709151105594e+00
5.336156915399839562e+01 1.580647444630879139e+00 -1.451773565813713418e+00 1.580647444630879139e+00 4.036563656408576151e+01 -2.773856820255194311e+00 -1.451773565813713418e+00 -2.773856820255194311e+00 3.025486096249769830e+01
1.298208996612093991e+01 7.901020484190197202e+00 -5.174716363545344144e+00 7.901020484190197202e+00 -5.791100671686696622e+00 -1.996404050834490107e+01 -5.174716363545344144e+00 -1.996404050834490107e+01 1.098250236817576209e+01
1.923870166476649501e+01 4.122905482195309834e-01 -1.657289001704866926e+00 4.122905482195309834e-01 2.172176587839714301e+01 6.274708412776511146e+00 -1.657289001704866926e+00 6.274708412776511146e+00 1.420927829319213131e+01
1.991237129584121135e+00 5.071676779328846862e+00 5.070815272363339288e-01 5.071676779328846862e+00 -1.788148275592154235e+01 -1.395539670480336625e+01 5.070815272363339288e-01 -1.395539670480336625e+01 -5.103524556484519792e+01
1.578417369154810324e+01 4.680880876880922692e+00 4.681579149044504118e-01 4.680880876880922692e+00 2.984068776728663863e+01 4.222565913820806927e+00 4.681579149044504118e-01 4.222565913820806927e+00 2.650908356341901495e+01
6.344752200249468288e+00 2.297986722209745647e+00 -1.359867615426170495e+01 2.297986722209745647e+00 -1.616735876816445838e+01 7.362598542722795791e+00 -1.359867615426170495e+01 7.362598542722795791e+00 -1.018798600845462410e+01
-1.994182438085444931e+00 2.467531959124874330e+00 -2.427520956316394418e+00 2.467531959124874330e+00 -2.632866621330378187e+00 2.409101922466219126e+00 -2.427520956316394418e+00 2.409101922466219126e+00 1.308151658938006445e+00
2.696154210878500734e+01 1.811421547959890077e+00 -4.234827184078948092e-01 1.811421547959890077e+00 1.746426883070622793e+01 1.239708834455200659e+01 -4.234827184078948092e-01 1.239708834455200659e+01 1.831894411849280502e+01
8.739297798935831807e+00 -3.140000331417270640e+00 4.226657290955491142e+00 -3.140000331417270640e+00 9.673656327310672154e+00 -1.867589578234695846e+00 4.226657290955491142e+00 -1.867589578234695846e+00 1.420309968176583126e+01
6.006066281173976762e+01 2.276780274395826975e+00 -4.144581252629633839e-02 2.276780274395826975e+00 3.783264293231413689e+01 -7.422603639565186207e+00 -4.144581252629633839e-02 -7.422603639565186207e+00 9.712448279291814757e+00
-3.898754854827218708e+01 -1.203570554417113136e+01 -2.264355054425435387e+00 -1.203570554417113136e+01 -3.448384990318556476e+01 -3.376070989836884584e-01 -2.264355054425435387e+00 -3.376070989836884584e-01 -5.142930358450102091e+01
6.068474195034913521e+01 1.859225371945820626e+01 1.080767349840932212e+01 1.859225371945820626e+01 3.354321575887768603e+01 3.794599359555800966e+00 1.080767349840932212e+01 3.794599359555800966e+00 1.966194066639246074e+01
-2.564583567680459808e+00 1.399916686069622607e+01 -5.221344979738324454e+00 1.399916686069622607e+01 -1.304489490733959034e+00 -5.608805134128817649e+00 -5.221344979738324454e+00 -5.608805134128817649e+00 -2.935180748738821066e+01
2.287703693804482796e+01 -5.043138090966119869e+00 -7.612698832085306400e+00 -5.043138090966119869e+00 3.948139026151847020e+01 -5.083625266007400612e+00 -7.612698832085306400e+00 -5.083625266007400612e+00 5.002149659778237556e+00
1.433451692289089685e+01 -1.810229798044367655e+01 2.059843947897613159e+00 -1.810229798044367655e+01 2.033146143697660779e+00 1.170706085179572575e+01 2.059843947897613159e+00 1.170706085179572575e+01 -2.152005180772501802e+01
9.309262454844727586e+00 -5.518763933646220643e+00 -2.577855824845270316e+00 -5.518763933646220643e+00 -1.101963126712968233e+01 4.158747715906003783e+00 -2.577855824845270316e+00 4.158747715906003783e+00 -1.740201587892970636e+01
