-1.317507806714269059e+01 -3.266890608922827233e-01 5.608938289048100323e+00 -3.266890608922827233e-01 -6.902996985192429769e+00 3.885859558676637349e+00 5.608938289048100323e+00 3.885859558676637349e+00 -1.734923519685140292e+01
-2.051435964922799560e+00 -9.267489816625422705e+00 -4.409218158272710575e+00 -9.267489816625422705e+00 -2.296667181133804192e+00 4.776555461306658756e+00 -4.409218158272710575e+00 4.776555461306658756e+00 -6.466458534563038540e+00
2.998107904386435862e+01 -1.980490130406635574e+00 1.497403278209449518e+00 -1.980490130406635574e+00 3.004697323233363804e+01 1.367798982270935548e+00 1.497403278209449518e+00 1.367798982270935548e+00 2.731319422886778625e+01
1.982370811005537092e+01 -8.282836739878083776e+00 -3.959829020455039483e+00 -8.282836739878083776e+00 1.370560040043944738e+01 3.932306204258142479e+00 -3.959829020455039483e+00 3.932306204258142479e+00 1.797269835949416006e+01
-1.906776156095907560e+00 5.394435560860835643e+00 -1.206171184749378078e+01 5.394435560860835643e+00 -1.977163156231775076e+00 -1.050869411845392794e-02 -1.206171184749378078e+01 -1.050869411845392794e-02 3.392758973339046413e+00
9.695432371489816958e+00 3.681234638153831451e+00 5.976029018604728016e+00 3.681234638153831451e+00 1.148373710063532904e+01 1.323851737257799144e+00 5.976029018604728016e+00 1.323851737257799144e+00 1.524862285239464654e+00
-2.630869403910444859e+01 4.369284636351189022e+00 8.439146569895520145e+00 4.369284636351189022e+00 -3.415797562168788915e+01 -6.530227842764617208e+00 8.439146569895520145e+00 -6.530227842764617208e+00 -3.480109378240914708e+01
3.265792046063707232e+01 1.132875156305364506e+01 -5.324639333783914630e+00 1.132875156305364506e+01 3.564363288550183029e+01 -1.433863916944639605e-01 -5.324639333783914630e+00 -1.433863916944639605e-01 2.870257230495762713e+01
1.624035225736960442e+01 6.139294084660377848e+00 -1.447389048243692189e+00 6.139294084660377848e+00 2.465236640246838107e+01 -2.484208604964525779e+00 -1.447389048243692189e+00 -2.484208604964525779e+00 1.474302953715669418e+01
-5.046260312279730265e+00 -4.056593475320193320e+00 -1.053259468551160788e-01 -4.056593475320193320e+00 7.006559929237309525e+00 -7.828113421377944192e+00 -1.053259468551160788e-01 -7.828113421377944192e+00 -1.446779224976594413e+01
1.650588847080987875e+01 1.370822496708729465e+00 1.435291956725734952e+00 1.370822496708729465e+00 1.464626662134412172e+01 1.745334453810078568e+00 1.435291956725734952e+00 1.745334453810078568e+00 2.400281680104528803e+01
-2.051823115230256178e+00 7.124983344499852045e+00 2.135330663847248900e+00 7.124983344499852045e+00 -1.422959151608948591e+00 -5.416750867387643886e+00 2.135330663847248900e+00 -5.416750867387643886e+00 7.587159718796470997e+00
1.447596939040067099e+01 7.006630545181433689e+00 -1.224411794603248671e+00 7.006630545181433689e+00 2.397065020249809564e+01 -4.022126379593680134e+00 -1.224411794603248671e+00 -4.022126379593680134e+00 2.203056798571107322e+01
1.265314574273094017e+01 -7.082336343424581848e+00 6.438546022097645150e+00 -7.082336343424581848e+00 1.127728602099364652e+00 9.500258295028238820e+00 6.438546022097645150e+00 9.500258295028238820e+00 6.018211255710247121e-02
-8.315201859772107795e+00 6.038022478064077880e+00 1.534935977663753803e+01 6.038022478064077880e+00 -2.317550809558970748e+00 2.431815141857988305e+00 1.534935977663753803e+01 2.431815141857988305e+00 -1.325647637530283696e+00
-1.852997127897230811e+01 -1.764053674839726416e+00 -3.138021821411416390e+00 -1.764053674839726416e+00 -1.167542964373100567e+01 1.113814385464977352e+00 -3.138021821411416390e+00 1.113814385464977352e+00 -2.246304173468389820e+01
-6.415165240921751000e+00 -9.126076418730635353e+00 2.969024499657425320e+00 -9.126076418730635353e+00 -6.223864361132825707e+00 -8.688676888013244337e+00 2.969024499657425320e+00 -8.688676888013244337e+00 -1.412376834654970459e+01
4.341336891003643395e+00 -6.376876867787137915e-01 2.149658077208167040e+00 -6.376876867787137915e-01 5.418360376377854948e+00 -1.898914201661761281e+00 2.149658077208167040e+00 -1.898914201661761281e+00 -1.029067096521659863e+01
7.381522510767043466e-01 5.111119331899066642e-01 -6.135231424475542816e+00 5.111119331899066642e-01 -2.213598468595265878e+00 1.490469631766923264e+00 -6.135231424475542816e+00 1.490469631766923264e+00 -4.809710366972049123e+00
4.817911536871174683e+00 -5.305813563203198857e-01 -3.428413849100298005e+00 -5.305813563203198857e-01 9.222440512469255225e+00 2.054801665105433717e+00 -3.428413849100298005e+00 2.054801665105433717e+00 -1.198933857225468991e+01
1.060099517956183846e+01 -1.659802256697185951e+00 6.391369770957306962e+00 -1.659802256697185951e+00 7.563207492885412719e+00 5.825002927866596458e+00 6.391369770957306962e+00 5.825002927866596458e+00 -7.567251781130990729e+00
-7.492644617140958196e+00 1.065790843654219833e+00 -1.753777143046646669e+00 1.065790843654219833e+00 1.720173892094802426e+00 4.193568339440822079e+00 -1.753777143046646669e+00 4.193568339440822079e+00 -8.879816024782835271e+00
-1.549869555091300732e+01 -1.099751206895924094e+00 -7.014165420779974625e+00 -1.099751206895924094e+00 -2.274802193129336558e+01 1.164585389229285184e+01 -7.014165420779974625e+00 1.164585389229285184e+01 -2.582944872403442105e+01
2.562055299223337101e+01 -2.093520329722602380e+00 2.807552502981935927e+00 -2.093520329722602380e+00 2.773618839386618617e+01 -1.767739376911510618e+00 2.807552502981935927e+00 -1.767739376911510618e+00 2.963434896893763693e+01
9.420119988313945925e+00 1.362432637953787218e+00 -7.110968663958807667e-01 1.362432637953787218e+00 1.160877984349073166e+01 -6.391442408235109340e+00 -7.110968663958807667e-01 -6.391442408235109340e+00 1.380784775511748741e+01
1.406828405240452939e+00 1.570268077021856667e+00 1.207610490618178156e+00 1.570268077021856667e+00 4.873045426506543265e+00 -1.634159730967060353e+00 1.207610490618178156e+00 -1.634159730967060353e+00 4.101605842224543608e+00
2.800146894557709842e+01 5.648211148465583697e+00 5.922320480464908776e+00 5.648211148465583697e+00 2.482393464414676743e+01 1.806887109880868370e-02 5.922320480464908776e+00 1.806887109880868370e-02 2.904636039537671977e+01
2.785294235178870093e+00 -5.967135639643094125e-01 -6.201053679950631725e+00 -5.967135639643094125e-01 -2.647791639429890598e+00 3.785966741061432828e+00 -6.201053679950631725e+00 3.785966741061432828e+00 -1.484853313162554578e+01
9.788512713406865018e+00 3.875016285702276519e+00 5.120667784734012073e+00 3.875016285702276519e+00 7.654659809756551248e+00 3.776114766266649436e-01 5.120667784734012073e+00 3.776114766266649436e-01 1.209283969941725445e+01
-5.462632972411273435e+00 6.441604224551888969e+00 6.787329785262683490e-01 6.441604224551888969e+00 -1.224904095222159839e+01 1.155937106389216318e+00 6.787329785262683490e-01 1.155937106389216318e+00 -1.812957754535012711e+01
-1.581348845278834858e+01 9.904923025509816625e+00 -9.955126468248666427e+00 9.904923025509816625e+00 -1.631096271102691730e+01 -2.620184485097780236e+00 -9.955126468248666427e+00 -2.620184485097780236e+00 -2.452171359385157956e+01
1.670371653933571565e+01 9.583851448535748219e+00 4.055522582400006293e+00 9.583851448535748219e+00 1.732792614456200297e+01 -5.815903448082148097e-01 4.055522582400006293e+00 -5.815903448082148097e-01 1.216532304170105405e+01
1.046686546224677450e+01 3.215447979622697794e+00 -6.133392298493957284e+00 3.215447979622697794e+00 7.592773758019989216e+00 4.991614178538976709e+00 -6.133392298493957284e+00 4.991614178538976709e+00 1.242939512546594960e+00
-5.205691390788919293e+00 -4.394386429153740892e+00 -4.879397681827245314e+00 -4.394386429153740892e+00 1.094318961635254217e+00 -2.441511928434632495e+00 -4.879397681827245314e+00 -2.441511928434632495e+00 -1.076627915261050106e+01
-3.451120081769366355e+00 -9.655738823404666604e+00 -1.709404945960149247e+00 -9.655738823404666604e+00 -5.135643974188612404e+00 -8.666222014299443943e-01 -1.709404945960149247e+00 -8.666222014299443943e-01 -4.295454874274814649e+00
2.765292174460822849e+01 -9.663901018517746522e+00 -1.913621954765226008e+00 -9.663901018517746522e+00 3.398267781275635713e+01 -1.846275911199987962e-01 -1.913621954765226008e+00 -1.846275911199987962e-01 3.210203338994742950e+01
-1.148724979482147823e+01 -3.077328018852650615e+00 5.632221769053192162e+00 -3.077328018852650615e+00 -1.087657896933995438e+01 -1.524205962740814879e+00 5.632221769053192162e+00 -1.524205962740814879e+00 -1.929081113164765071e+01
-4.370345725203492293e+00 -6.684348673342979552e+00 8.296973690411869606e-01 -6.684348673342979552e+00 -5.322493582779085841e+01 7.573323131206820547e-01 8.296973690411869606e-01 7.573323131206820547e-01 5.716881388752799609e+00
-2.142324054506278941e+01 -5.701004059654100065e-01 -9.186839771903496654e+00 -5.701004059654100065e-01 -1.949722490190152158e+01 4.597157720433747485e+00 -9.186839771903496654e+00 4.597157720433747485e+00 -3.074842226973622417e+01
-2.133515240307676208e+01 -2.852750816383571308e+00 4.564022571769674741e+00 -2.852750816383571308e+00 -3.633630664017163525e+01 1.049513673211433407e+00 4.564022571769674741e+00 1.049513673211433407e+00 -3.329115593112787508e+01
3.216523834723598441e+01 1.011952063325717432e+01 2.314897191355924200e+00 1.011952063325717432e+01 2.095843374544350368e+01 -9.079727088619213404e+00 2.314897191355924200e+00 -9.079727088619213404e+00 2.334121797581340729e+01
7.335382768088409833e+00 -3.032927690816805910e+00 -1.535557046332659548e+00 -3.032927690816805910e+00 3.122406613148267507e+00 -6.002752352578944794e+00 -1.535557046332659548e+00 -6.002752352578944794e+00 8.210076397430244199e+00
-9.579331274755892522e+00 -3.486375270228450951e+00 7.282293678135801862e+00 -3.486375270228450951e+00 -1.121967709187978812e+01 -4.087024741425724805e+00 7.282293678135801862e+00 -4.087024741425724805e+00 -8.068781953009377617e+00
3.119215544267190410e+01 -5.957481289709090078e-01 -4.334613725880060997e-01 -5.957481289709090078e-01 3.522917531805636315e+01 -3.029080263973073617e+00 -4.334613725880060997e-01 -3.029080263973073617e+00 3.142458800230327043e+01
1.606283160899779006e+01 5.305980048550257955e+00 -4.089932465422187469e-01 5.305980048550257955e+00 1.171173907983229867e+01 1.561117333296786480e+00 -4.089932465422187469e-01 1.561117333296786480e+00 1.326338501892125699e+01
-1.392399505113409042e+01 -7.061032106211129200e-01 -3.708018305930256719e+00 -7.061032106211129200e-01 -1.594152546586184016e+01 -3.459685860047263084e+00 -3.708018305930256719e+00 -3.459685860047263084e+00 -1.287592943153199521e+01
-2.560448359421715026e+01 -9.073469194813611693e+00 -7.882272198375412930e-01 -9.073469194813611693e+00 -1.525511611649498711e+01 5.774909016468474654e+00 -7.882272198375412930e-01 5.774909016468474654e+00 -3.307776126798475502e+01
-1.368769855938204216e+01 -2.843534837847844887e+00 7.132087552315676149e+00 -2.843534837847844887e+00 -1.218130200204968894e+01 -3.827770278207122789e+00 7.132087552315676149e+00 -3.827770278207122789e+00 -2.569215946887826973e+01
-3.270218890128741673e+00 3.265310745305380014e+00 1.189172388180617768e+00 3.265310745305380014e+00 1.259651553023201132e+01 1.069947958863766146e+00 1.189172388180617768e+00 1.069947958863766146e+00 -8.367710414418791487e+00
3.038040792421141134e+01 -8.999940474767017307e+00 -8.100325692107734454e+00 -8.999940474767017307e+00 2.882889421940763697e+01 5.666577901673226059e+00 -8.100325692107734454e+00 5.666577901673226059e+00 2.896263281671599188e+01
