-3.965606884295331724e+01 -2.179136004470744581e+01 -7.586745339060019688e+00 -2.179136004470744581e+01 -5.838686008910013925e+01 2.370284381237691562e+01 -7.586745339060019688e+00 2.370284381237691562e+01 6.434160954140893729e+00
5.413002726450784508e+01 5.790732283892020327e+00 1.279863073393292616e+01 5.790732283892020327e+00 9.656417306084231100e+00 8.170808860198723877e+00 1.279863073393292616e+01 8.170808860198723877e+00 7.355934976397232106e+01
-4.285845722094428112e+01 4.830847686500272076e+00 -1.350390891966320162e+01 4.830847686500272076e+00 -4.576305382986277692e+01 -1.814863392939502829e+00 -1.350390891966320162e+01 -1.814863392939502829e+00 -1.600893034581185859e+01
-1.656598629761480268e+01 7.227807804943690684e+00 1.364252592795496355e+01 7.227807804943690684e+00 -6.747139884657835296e+01 2.320185931066298224e+01 1.364252592795496355e+01 2.320185931066298224e+01 -3.787247581834692678e+00
5.145403263698865359e+00 -4.181911571309583353e-01 -1.172551797896734627e+01 -4.181911571309583353e-01 -1.364037536942062800e+01 4.391050586272645440e+00 -1.172551797896734627e+01 4.391050586272645440e+00 7.788232959446224513e+00
3.547326428403414411e+01 -1.217040905839872877e+01 -1.129236389121714090e+00 -1.217040905839872877e+01 -1.860894470038343940e+01 -2.205762193095752277e+00 -1.129236389121714090e+00 -2.205762193095752277e+00 4.201928721677907319e+00
-2.871752908223902878e+01 -8.212515644310364848e+00 5.654657395437899581e+00 -8.212515644310364848e+00 -2.628183650154975837e+01 -1.015691543500693295e-01 5.654657395437899581e+00 -1.015691543500693295e-01 -8.255828794199983278e+00
6.802662477220452253e+00 -2.391056766111756460e+01 -6.068714679983503224e+00 -2.391056766111756460e+01 5.939195765253511006e+00 9.468276773215462683e-01 -6.068714679983503224e+00 9.468276773215462683e-01 4.776619716987129949e-01
-1.098287712876421374e+01 -3.037200742848539914e+00 -1.019963462751918648e+01 -3.037200742848539914e+00 -2.904645605391460350e+01 -8.989197164043996935e+00 -1.019963462751918648e+01 -8.989197164043996935e+00 3.701552772957543169e+01
-2.694810935465481094e+01 1.874697871307835717e+00 2.113376759384513637e+00 1.874697871307835717e+00 -7.797083302604917776e+01 -6.379930020103960153e+00 2.113376759384513637e+00 -6.379930020103960153e+00 -1.033100718132643969e+01
-2.090180185375763244e+01 2.690343497236629577e+00 -2.071572903621887818e+01 2.690343497236629577e+00 -4.629283384117618283e+01 -1.115040120017331882e+00 -2.071572903621887818e+01 -1.115040120017331882e+00 -5.664857689787006656e+00
1.661470895149720306e+01 -4.100732850432295074e+00 5.717201551588843245e+00 -4.100732850432295074e+00 -2.306085496786728228e+01 -1.912636071312414643e+00 5.717201551588843245e+00 -1.912636071312414643e+00 3.115134266590770196e+01
2.662815141631546112e+01 9.496822392827374060e+00 8.555674318182985516e+00 9.496822392827374060e+00 -3.692825081095417517e+01 1.822262519060695807e+00 8.555674318182985516e+00 1.822262519060695807e+00 3.837390899517410503e+01
1.163390130248376764e+01 -1.037227948720468307e+00 -6.744551176472374232e-01 -1.037227948720468307e+00 -1.549890848513226871e+01 1.564932594011759193e+01 -6.744551176472374232e-01 1.564932594011759193e+01 -4.404012427115316264e+00
1.002574553710011251e+01 -1.623113294988043620e+01 -2.687734663533320134e+00 -1.623113294988043620e+01 -3.302144920021508057e+01 1.730458207290864969e+00 -2.687734663533320134e+00 1.730458207290864969e+00 2.315334421534489806e+01
-4.546125795766782574e+01 -1.146584915342278777e+01 1.533948339093972457e+01 -1.146584915342278777e+01 -6.012164037345612400e+01 -1.024487761554708953e+01 1.533948339093972457e+01 -1.024487761554708953e+01 -5.065094396697394785e+01
-8.186953774440565823e+00 4.015700338913515743e+00 -4.796057995723515432e+00 4.015700338913515743e+00 -5.156036866426657639e+01 4.257588691598225061e+00 -4.796057995723515432e+00 4.257588691598225061e+00 -2.495267254102215659e+01
-1.659315189795458778e+01 3.159278536206664434e+00 4.000907283052466568e+00 3.159278536206664434e+00 -4.432413369269109182e+01 7.786226839612080397e-01 4.000907283052466568e+00 7.786226839612080397e-01 -2.268089725533137013e+01
1.333611409405438231e+01 1.143669885092185368e+00 5.251384183813057938e+00 1.143669885092185368e+00 -7.463354471665333278e+00 -7.137805660545027742e+00 5.251384183813057938e+00 -7.137805660545027742e+00 2.808866146994675006e+01
1.870043042948530143e+01 -6.192981192317947858e+00 -4.330201634060009575e+00 -6.192981192317947858e+00 4.847208798804180674e+01 2.264225437819677111e+00 -4.330201634060009575e+00 2.264225437819677111e+00 1.584952859077371023e+01
2.928756808072956019e+01 1.171338637897985535e+01 1.464329254052479001e+01 1.171338637897985535e+01 -1.719525800972482443e+01 1.785306627249646283e+01 1.464329254052479001e+01 1.785306627249646283e+01 2.583409360501846663e+01
2.425498920835384453e+01 1.182673415358396873e+01 -5.276789283799907526e-01 1.182673415358396873e+01 3.614493438924248903e+00 3.097543566287435990e+00 -5.276789283799907526e-01 3.097543566287435990e+00 4.666662712821300829e+01
-2.808053248375487954e+01 -1.772653140151887685e+00 -2.415702831415062946e+01 -1.772653140151887685e+00 -4.854960385036435611e+01 -3.520162684210033976e+00 -2.415702831415062946e+01 -3.520162684210033976e+00 4.280082712440144377e+00
-2.288729506396987290e+01 3.817857228145804971e+00 3.051584605234322289e+00 3.817857228145804971e+00 -3.505724367048748036e+01 -8.863575039837263247e+00 3.051584605234322289e+00 -8.863575039837263247e+00 -9.697354497116204897e+00
-1.360037782028392250e+01 1.118149171492313521e+00 8.336427081230541880e-01 1.118149171492313521e+00 -5.074656546731276308e+01 -1.022982145639628371e+01 8.336427081230541880e-01 -1.022982145639628371e+01 -2.635446768067978063e+00
-6.351059259817424874e+01 -4.254814880567789892e+00 -1.094540565411758770e+01 -4.254814880567789892e+00 -7.937212497978934778e+01 5.114338262635384602e+00 -1.094540565411758770e+01 5.114338262635384602e+00 -5.487451877007952561e+01
1.318022293978030746e+01 5.272414319335498867e+00 2.171844344278780881e+01 5.272414319335498867e+00 -7.569277836397328985e-01 -1.523825869015525925e+01 2.171844344278780881e+01 -1.523825869015525925e+01 -5.267468475712314024e+00
5.260787514861609537e+01 -1.307652342043091309e+01 -1.335799113024656215e+01 -1.307652342043091309e+01 -1.622107113395480127e+01 -4.676409228783500183e+00 -1.335799113024656215e+01 -4.676409228783500183e+00 3.304252502284872151e+01
3.631136946676191002e+01 -4.726242899605646031e+00 4.665311277769502496e+00 -4.726242899605646031e+00 2.408354135850382605e+01 1.594459382590012986e+01 4.665311277769502496e+00 1.594459382590012986e+01 5.520316438246811686e+01
-1.155153804118368477e+01 -5.663553967343754714e+00 7.201290897782215428e-01 -5.663553967343754714e+00 -4.332834879667283445e+01 5.352965613013956236e+00 7.201290897782215428e-01 5.352965613013956236e+00 -4.530595301712128276e+01
-4.994718932532166633e+01 -5.335471621067333636e+00 1.302865679949030797e+00 -5.335471621067333636e+00 -6.494159162023747456e+01 1.033587694467061269e+01 1.302865679949030797e+00 1.033587694467061269e+01 -4.259798121828193018e+01
-1.415983711780590326e+01 1.290292781658147980e+01 3.591714930950359541e+00 1.290292781658147980e+01 -5.903070310051176506e+01 6.982028311807545462e-01 3.591714930950359541e+00 6.982028311807545462e-01 -8.322208700339432497e+00
-1.103972440936278687e+01 8.320068576114344694e+00 -1.545028046052357062e+01 8.320068576114344694e+00 -6.324466042353633100e+01 -8.252906804332617696e+00 -1.545028046052357062e+01 -8.252906804332617696e+00 -2.890891108820870414e+00
-1.220739013981291521e+01 -2.873619715524728946e+00 1.227463257743147373e+01 -2.873619715524728946e+00 -4.136920805736162521e+01 9.563372998312633655e+00 1.227463257743147373e+01 9.563372998312633655e+00 3.062728021408378964e+00
-3.615116982328345330e+01 -2.321406591640882144e+00 -1.351098095721892456e+01 -2.321406591640882144e+00 2.465675902346648485e+01 -7.738195738243718758e+00 -1.351098095721892456e+01 -7.738195738243718758e+00 8.299286499181892651e+00
-3.683854784607090238e+01 -4.845499349098254527e+00 1.079648301972338409e+01 -4.845499349098254527e+00 -2.299203434003047875e+01 1.289845349669730856e+00 1.079648301972338409e+01 1.289845349669730856e+00 -9.002392837258296865e+00
1.737934666521091032e+01 -2.485753020765879562e+00 -7.526346734055375798e+00 -2.485753020765879562e+00 -2.315722995094266423e+01 -2.991484614635698813e-01 -7.526346734055375798e+00 -2.991484614635698813e-01 2.518283969390751409e+01
1.351945417870326072e+00 5.912129989776848227e+00 5.190757041083260859e+00 5.912129989776848227e+00 -2.290819412370600716e+01 7.693064143962639712e+00 5.190757041083260859e+00 7.693064143962639712e+00 -1.781792887402927406e+01
-3.679627557824829154e+01 -1.194441542860180583e+01 1.119262407034160667e+01 -1.194441542860180583e+01 -3.052719221603349453e+01 -7.294209518279948234e+00 1.119262407034160667e+01 -7.294209518279948234e+00 -1.432515970751852663e+01
-2.438343992361305723e+01 9.179638105142345239e+00 3.698142937542900022e+00 9.179638105142345239e+00 -3.966674577269500901e+01 -1.771873639085832064e+00 3.698142937542900022e+00 -1.771873639085832064e+00 -5.024300568059685190e+01
1.520261030054738427e+01 -1.838200546717346739e+01 1.579877582526852287e+01 -1.838200546717346739e+01 -3.904999543460932898e+01 3.992952657872452793e-01 1.579877582526852287e+01 3.992952657872452793e-01 9.801705386295507694e+00
3.658147893030381681e+01 2.523886476129769818e+01 1.603005443612541114e+01 2.523886476129769818e+01 -3.850234411994550499e+01 1.250171273774477854e+01 1.603005443612541114e+01 1.250171273774477854e+01 3.684922700164516129e+01
-3.483806340853038819e+01 5.593558801623922383e-01 -8.190864763915556068e+00 5.593558801623922383e-01 -8.500834748277613073e+01 -7.338077038721392498e+00 -8.190864763915556068e+00 -7.338077038721392498e+00 -5.252277965206885568e+01
1.092698074660259877e+01 -2.363590441591452151e+00 -6.524503254690890153e-02 -2.363590441591452151e+00 -3.571957850572057502e+00 -6.383890101166978859e+00 -6.524503254690890153e-02 -6.383890101166978859e+00 1.821538386968214240e+00
6.346450105602215785e+01 3.468796787771052603e+00 3.357310409443750032e+00 3.468796787771052603e+00 2.219639445475956663e+01 -2.068180512105827162e+01 3.357310409443750032e+00 -2.068180512105827162e+01 2.291202545296877702e+01
5.162537381004310788e+01 4.963227903479525693e+00 -4.759720639507747819e+00 4.963227903479525693e+00 -5.655129833328265576e+00 -5.469004251203952727e+00 -4.759720639507747819e+00 -5.469004251203952727e+00 4.324944513364999921e+01
1.271794505683161702e+01 1.449388747189121318e+01 -1.241381721388155945e+01 1.449388747189121318e+01 -3.495968797751557133e+01 -2.202608184742809527e+01 -1.241381721388155945e+01 -2.202608184742809527e+01 2.919393888139498827e+01
-2.454002939055253307e+01 -6.963033179514093618e+00 -1.729708176539717002e+01 -6.963033179514093618e+00 -6.928772254216636384e+01 4.100037460319290616e+00 -1.729708176539717002e+01 4.100037460319290616e+00 -4.042189320467090852e+01
-2.969134617464527892e+01 1.857247844213289767e+01 -6.225508893825546508e-01 1.857247844213289767e+01 -6.945103947101362962e+01 -8.203597070641001077e-01 -6.225508893825546508e-01 -8.203597070641001077e-01 2.999000581755924433e+00
-1.521988116179969452e+01 -5.005332985327058282e+00 9.241415864652648082e+00 -5.005332985327058282e+00 -7.056362089879657162e+01 -7.634046901352332881e+00 9.241415864652648082e+00 -7.634046901352332881e+00 -3.069423506864127305e+01
1.704340821942942696e+01 2.834927986626760710e+00 -1.007844710441125713e+01 2.834927986626760710e+00 -2.758353900800927150e+01 2.795199831655230227e+00 -1.007844710441125713e+01 2.795199831655230227e+00 1.709712003074479014e+01
-3.218106907575878495e+01 -2.889078821061146218e+00 1.057122276961654173e+01 -2.889078821061146218e+00 -5.186192238261818943e+01 -1.224441187478992354e+01 1.057122276961654173e+01 -1.224441187478992354e+01 -4.049310717340723187e+01
1.369824215772612597e+00 -1.222061375737966848e+01 -2.029345704675000661e+01 -1.222061375737966848e+01 1.416619879081064148e+01 6.623757806702892381e+00 -2.029345704675000661e+01 6.623757806702892381e+00 6.909101226103916638e+00
2.232881900333244474e+01 4.446362631894099637e-01 -7.557262337721842194e+00 4.446362631894099637e-01 -2.719017985871928644e+01 -1.538916175426758182e+00 -7.557262337721842194e+00 -1.538916175426758182e+00 3.991838266440552019e+01
4.536657825454424398e+01 -8.332276684931782640e+00 -6.071235309926501067e+00 -8.332276684931782640e+00 -2.408365623545350331e+01 -6.136427999143654333e+00 -6.071235309926501067e+00 -6.136427999143654333e+00 2.711717376617564312e+01
4.094036032730072883e+00 1.588701796238689568e+01 1.936753109274200746e+00 1.588701796238689568e+01 -3.595603020680528772e+01 -5.617553265920575356e+00 1.936753109274200746e+00 -5.617553265920575356e+00 2.082743127757138168e+01
4.167618308119876502e+01 -4.926162412418795711e+00 -1.415155639668245868e+00 -4.926162412418795711e+00 9.997803150398944183e+00 -1.902307590346805810e+01 -1.415155639668245868e+00 -1.902307590346805810e+01 4.997035996282584591e+01
9.342361397307715754e-01 8.525732828347695857e+00 1.016467648617313380e+01 8.525732828347695857e+00 -2.760453883749806536e+01 -1.876858788558388369e+01 1.016467648617313380e+01 -1.876858788558388369e+01 -3.215132506694862258e+01
-5.680941965709840780e+00 6.269806052389856887e+00 -5.179284131150984294e+00 6.269806052389856887e+00 -2.932354054418626532e+01 -3.741528904405887257e+00 -5.179284131150984294e+00 -3.741528904405887257e+00 1.924825140182030125e+01
7.005940546877220676e+00 1.178012010603140958e+01 -2.335777065267091501e+00 1.178012010603140958e+01 8.903544215063204703e+00 -2.964149590057274963e+00 -2.335777065267091501e+00 -2.964149590057274963e+00 4.849534882937268065e+01
-3.149361433238126295e+01 -1.203642157178600591e+01 -2.038605134476510017e+01 -1.203642157178600591e+01 -3.607996954413412993e+01 -7.465406910271025431e+00 -2.038605134476510017e+01 -7.465406910271025431e+00 -2.281110488538255510e+01
1.650094291823938164e+01 2.430702850758596600e+00 -1.232738589352882386e+00 2.430702850758596600e+00 -2.267626273382230906e+01 -1.259133919698110482e+01 -1.232738589352882386e+00 -1.259133919698110482e+01 1.499737126332404635e+01
1.512977119748167709e+01 -5.779854502280677764e+00 7.962284131235933593e+00 -5.779854502280677764e+00 -6.793912728917442223e+01 -5.618417698086445533e+00 7.962284131235933593e+00 -5.618417698086445533e+00 5.818407585810746463e-01
-2.312037238216407431e+01 -6.167389026058745394e+00 -1.506052825244938198e+01 -6.167389026058745394e+00 -5.061019323672091019e+01 -1.915799798448858393e+00 -1.506052825244938198e+01 -1.915799798448858393e+00 -1.871004383443868591e+01
-5.274869993310567651e+01 -1.917903305488902888e+01 3.960876155387523578e+00 -1.917903305488902888e+01 -5.700744229685660969e+01 9.118733042859304305e+00 3.960876155387523578e+00 9.118733042859304305e+00 -2.344839237115738939e+01
2.481021551727595309e+01 1.273994291600562789e+01 -5.270203492701968528e+00 1.273994291600562789e+01 -2.014244860248873081e+01 1.094563683185320002e+01 -5.270203492701968528e+00 1.094563683185320002e+01 1.769728974753010675e+01
1.296872865846092004e+01 -2.394215508229999012e-01 2.481159616518784006e+01 -2.394215508229999012e-01 5.987319567701232081e+00 2.009390400316789638e+01 2.481159616518784006e+01 2.009390400316789638e+01 2.595685475999933445e+01
-5.747722528417512677e+01 -2.352262303090751239e+00 5.412542228197741778e+00 -2.352262303090751239e+00 -7.204792651042302509e+01 7.687566665329579330e+00 5.412542228197741778e+00 7.687566665329579330e+00 -5.113229902165872431e+01
-4.646320159651099857e+01 8.001815754894309185e-01 8.018645606761687361e+00 8.001815754894309185e-01 -7.671400553880535256e+01 3.652115845857110688e-01 8.018645606761687361e+00 3.652115845857110688e-01 -4.775075744657426213e+01
-1.893772566830053705e+01 -2.485261225312889177e+00 6.359758876045329856e+00 -2.485261225312889177e+00 -1.472907999920494149e+01 -2.604670346149791982e+00 6.359758876045329856e+00 -2.604670346149791982e+00 -2.048895109425184557e+01
3.701744448920587960e+00 -4.767568345541064012e+00 6.178524751305408458e+00 -4.767568345541064012e+00 -2.740906296083850080e+01 -1.164437088469001580e+01 6.178524751305408458e+00 -1.164437088469001580e+01 2.222904745684372241e+00
4.439076810576047194e+01 -2.822357564441494659e+00 -9.276563140614877412e+00 -2.822357564441494659e+00 1.379310737695865589e-02 -4.212723846218128010e+00 -9.276563140614877412e+00 -4.212723846218128010e+00 3.575916083894188802e+01
1.545522346711767625e+01 -2.243017789160477449e+00 2.535033442112879953e+00 -2.243017789160477449e+00 3.105822496838217361e+01 6.990076663657847966e+00 2.535033442112879953e+00 6.990076663657847966e+00 2.295354184780551066e+01
1.306901979523210855e+00 1.105528694975709136e+01 1.379895656292017314e+01 1.105528694975709136e+01 -1.435406561716022011e+01 -2.946911049728488496e+00 1.379895656292017314e+01 -2.946911049728488496e+00 1.883260275381759641e+01
-6.221476466968463015e+00 -3.158667223595349682e+00 -1.519352858292235542e-01 -3.158667223595349682e+00 -9.173313748806485535e+00 -2.503676409774552081e+00 -1.519352858292235542e-01 -2.503676409774552081e+00 5.114530446697783006e+00
-3.775769555682814693e-01 7.098466033351440885e+00 1.388970798149672703e+01 7.098466033351440885e+00 -4.858338151416089801e+01 1.085831670506313351e+01 1.388970798149672703e+01 1.085831670506313351e+01 2.346197451278120383e+01
1.731537495327425091e+01 4.245446317965457794e+00 -8.929962690370485845e+00 4.245446317965457794e+00 -1.704239203238538636e+01 -8.115644252912289858e+00 -8.929962690370485845e+00 -8.115644252912289858e+00 3.686863373442419345e+01
-1.444738505903829129e+01 2.582061979716004707e+00 -1.614828476718708572e+01 2.582061979716004707e+00 -7.867768731268108695e+01 -1.093000740185609443e+00 -1.614828476718708572e+01 -1.093000740185609443e+00 1.131357153801793380e+01
4.870352287179149897e+01 7.497520793255963989e-01 -4.812080604013712737e+00 7.497520793255963989e-01 -5.177779664566805273e+00 1.337540436877113414e+01 -4.812080604013712737e+00 1.337540436877113414e+01 5.378149399611864112e+01
-4.753805002261665180e+01 4.324090699496117018e+00 -2.417332213275682040e+00 4.324090699496117018e+00 -3.980638034890782961e+01 -3.012880981925267765e+00 -2.417332213275682040e+00 -3.012880981925267765e+00 -6.229060630026713596e+01
3.702529673669788934e+01 1.264126152450733676e+00 -2.185321512501710028e+00 1.264126152450733676e+00 1.374400603113979891e+01 5.609320373153146910e+00 -2.185321512501710028e+00 5.609320373153146910e+00 3.480142379035596178e+01
4.575538873638119952e+01 9.171780001908686586e+00 4.627583073995697127e+00 9.171780001908686586e+00 4.758795793904641158e+01 -5.726010888092233131e+00 4.627583073995697127e+00 -5.726010888092233131e+00 3.906297303037298008e+01
5.252861549268587993e+01 3.796943656207782958e+00 3.424472763611858817e+00 3.796943656207782958e+00 -1.325928481502684342e+01 -4.452444251907996531e+00 3.424472763611858817e+00 -4.452444251907996531e+00 6.585438781293369459e+01
5.167597475348345171e+01 5.931404374777323518e+00 -1.198926053466544950e+01 5.931404374777323518e+00 1.208910318973388165e+01 8.468582003447096440e+00 -1.198926053466544950e+01 8.468582003447096440e+00 1.966980628786205543e+01
-3.412821191996302161e+01 -8.922304419626705396e+00 3.133966149929112266e+00 -8.922304419626705396e+00 -5.678782153987799575e+01 -1.000241639300692320e+01 3.133966149929112266e+00 -1.000241639300692320e+01 -2.833795125813531257e+01
5.490889145004751271e+01 6.222536610585519767e+00 -5.423007645628273865e-01 6.222536610585519767e+00 -1.483329658317564892e+01 1.019352209094847694e+01 -5.423007645628273865e-01 1.019352209094847694e+01 2.832548163037711220e+01
-2.928293185129827236e+01 -2.506223157315805139e+00 2.633570220977317788e+01 -2.506223157315805139e+00 -3.252461359011500264e+01 -1.475314161637648835e+00 2.633570220977317788e+01 -1.475314161637648835e+00 -2.604013434655059100e+01
-1.585028091543854956e+01 -5.083521242778959781e+00 9.284000938895879074e+00 -5.083521242778959781e+00 -4.882368561690495312e+01 1.176363350030597665e+00 9.284000938895879074e+00 1.176363350030597665e+00 -1.245386828983854599e+01
-3.131753212684588838e+00 1.857920196225208154e-01 1.048440390400331168e+01 1.857920196225208154e-01 -1.976124599062891463e+01 -9.386035707853157106e+00 1.048440390400331168e+01 -9.386035707853157106e+00 1.842761879035484540e+01
-1.976545500222598761e+01 5.454730456033938246e-01 6.436094773531695346e-01 5.454730456033938246e-01 -8.257833891737790566e+01 -1.588760974961205541e+01 6.436094773531695346e-01 -1.588760974961205541e+01 -2.259703865467960782e+01
-2.360856785134630087e+01 6.089255432076468466e+00 1.550833538721616778e+00 6.089255432076468466e+00 -3.322006154403712230e+01 -4.926676950962431079e+00 1.550833538721616778e+00 -4.926676950962431079e+00 -1.385017992740036519e+01
1.946747561424223960e+01 -2.685587150559396363e+01 1.977237841649388272e+01 -2.685587150559396363e+01 1.477717843745100268e+01 -1.353346331738926978e+01 1.977237841649388272e+01 -1.353346331738926978e+01 1.702148309046057406e+01
1.351639364195761361e+00 1.723769795204717070e+01 1.077882228025879074e+00 1.723769795204717070e+01 -1.047975138690629748e+01 7.932366878527636445e+00 1.077882228025879074e+00 7.932366878527636445e+00 -1.400075244101493865e+00
3.547393188718480417e+01 -1.099233067092030725e+00 7.182274822888969013e+00 -1.099233067092030725e+00 -5.213720290790575262e+01 1.453260809024169431e+00 7.182274822888969013e+00 1.453260809024169431e+00 -1.591019554532131330e+01
1.849618844360482939e+01 5.706502122144854638e+00 -6.923201003088080618e+00 5.706502122144854638e+00 -2.618697463533296954e+01 -9.995703494680524770e+00 -6.923201003088080618e+00 -9.995703494680524770e+00 2.201951936128191178e+01
2.499465827519218664e+01 -4.332256161145197737e+00 1.337253836899827952e+01 -4.332256161145197737e+00 -1.729860432009634508e+01 -4.852304682535256042e+00 1.337253836899827952e+01 -4.852304682535256042e+00 3.307784921791949273e+01
-1.070997382566328504e+01 -3.411658065109095084e+00 -1.106860119236625017e+01 -3.411658065109095084e+00 6.329531324967354600e+00 8.477498445672477789e-01 -1.106860119236625017e+01 8.477498445672477789e-01 -1.267139064443534657e+01
-2.844630463890659300e+01 7.923547020938588759e+00 -1.144921280459796975e+01 7.923547020938588759e+00 -5.075761188503816612e+01 1.584122738819431220e+00 -1.144921280459796975e+01 1.584122738819431220e+00 -3.335033699228275594e+01
-4.188771729481880257e+00 -2.684841354723233597e-01 -1.402467439312093411e+01 -2.684841354723233597e-01 -6.929756825211084958e+01 4.214623389822754973e+00 -1.402467439312093411e+01 4.214623389822754973e+00 -3.194252855815160785e+01
-4.501106353352845701e+00 -9.210621450090052065e+00 -1.181601248461234732e+01 -9.210621450090052065e+00 -2.882391933270816509e+01 7.933890124743217420e+00 -1.181601248461234732e+01 7.933890124743217420e+00 1.282841838381910959e-01
