2.100975660952085988e+01 -1.706721535362702369e+01 3.714922845098061366e+00 -1.706721535362702369e+01 -1.766853667603081846e+01 6.502165079210912246e+00 3.714922845098061366e+00 6.502165079210912246e+00 1.213950879537008198e+00
-9.804767200529541427e+00 -4.653837929379303517e+00 7.253817044785943580e+00 -4.653837929379303517e+00 -1.900787224547462984e+01 6.263458193699207754e+00 7.253817044785943580e+00 6.263458193699207754e+00 -1.450246228740235388e+01
-8.358326919006630717e+00 4.409264705162042830e+00 8.602192753249708446e+00 4.409264705162042830e+00 -1.222378718439735756e+01 -2.443905326643347475e-01 8.602192753249708446e+00 -2.443905326643347475e-01 -1.538741084151264005e+01
-4.938012468406546951e+00 6.732729506549848253e-01 -7.039849929111407612e+00 6.732729506549848253e-01 -7.104661498307009992e-01 2.385639544824098568e+00 -7.039849929111407612e+00 2.385639544824098568e+00 -1.975391644681901937e+01
-5.508361172925747340e+00 5.585065789646628254e+00 6.917368765009323184e+00 5.585065789646628254e+00 -1.091748213426256697e+01 -3.244777351958867961e-01 6.917368765009323184e+00 -3.244777351958867961e-01 -2.627515217706710970e+01
-2.147448567023459631e+01 3.553266468071557549e-01 -4.418065869268928303e+00 3.553266468071557549e-01 -2.395909994433545975e+01 9.010243595436893571e+00 -4.418065869268928303e+00 9.010243595436893571e+00 -2.794635838843659315e+01
2.390259482895656973e+01 -1.027724640000477763e+01 1.309413584288265042e+01 -1.027724640000477763e+01 1.511616101314705851e+01 7.834618368315263481e+00 1.309413584288265042e+01 7.834618368315263481e+00 3.200287030330008520e+01
7.087827789879005635e+00 3.054364619697620853e+00 -7.640682094244759526e+00 3.054364619697620853e+00 -5.300353691715805615e-01 -5.217155936426273399e+00 -7.640682094244759526e+00 -5.217155936426273399e+00 9.327366837770963315e+00
1.197215657878452610e+01 1.695244797257576153e+01 3.229147338509645415e+00 1.695244797257576153e+01 3.643044348225416673e+00 3.875924203965070092e+00 3.229147338509645415e+00 3.875924203965070092e+00 -8.090344276852221572e-01
9.802071579888156805e+00 1.631272401803068206e+00 7.533580980694249085e+00 1.631272401803068206e+00 5.590793722259597587e+00 6.630296780139997459e+00 7.533580980694249085e+00 6.630296780139997459e+00 5.018549506897271861e+00
-7.596199421639203919e+00 -1.185976575558328427e+01 -1.675142312583585813e+00 -1.185976575558328427e+01 -4.620302052700151307e+01 1.146893676233102077e+01 -1.675142312583585813e+00 1.146893676233102077e+01 -1.146411039283644229e+01
4.259510007992606262e+01 3.520484469271873085e+00 5.974133981858895659e-01 3.520484469271873085e+00 4.773187206444855235e+01 9.247902693687062303e-01 5.974133981858895659e-01 9.247902693687062303e-01 3.817346116768099762e+01
-3.406296351905939268e+00 -9.877757231452808373e-01 -8.791396030174469800e-01 -9.877757231452808373e-01 -3.527823363711714233e+00 -4.229591432167429943e+00 -8.791396030174469800e-01 -4.229591432167429943e+00 -1.682593412485018547e+01
-2.401873278528633193e+01 4.466582990980973167e-02 3.338781244507085244e-01 4.466582990980973167e-02 -2.503137673488378923e+01 -4.229260035526680284e+00 3.338781244507085244e-01 -4.229260035526680284e+00 -2.324769987815449568e+01
-4.790847708338572630e+01 3.461231729394147028e+00 9.076971143313384616e+00 3.461231729394147028e+00 -7.067406084535873845e+01 4.465119470681201186e+00 9.076971143313384616e+00 4.465119470681201186e+00 -4.265713278509994666e+01
-2.195597184755138187e+01 2.290687202986562976e-01 1.234144266486015340e+01 2.290687202986562976e-01 -2.773935760486453006e+01 9.250372728030448854e+00 1.234144266486015340e+01 9.250372728030448854e+00 -1.853604792331696416e+01
-7.060183663085834560e+00 7.602445612952410947e-01 1.019241126242882167e+01 7.602445612952410947e-01 -2.361414653803643660e+01 7.794130545149482003e+00 1.019241126242882167e+01 7.794130545149482003e+00 -4.671462536140614574e+00
-1.120452905182109049e+01 1.621057922444418375e+00 -3.073289027782263094e+00 1.621057922444418375e+00 -5.541609513634274009e+00 1.093753323497369090e+00 -3.073289027782263094e+00 1.093753323497369090e+00 -1.538330839769946934e+01
3.125928171537383449e+01 1.485123132863266360e+00 6.143340855994093630e+00 1.485123132863266360e+00 3.812777969217842866e+01 -6.402764593031014861e+00 6.143340855994093630e+00 -6.402764593031014861e+00 3.121860949277094122e+01
1.528888866106234978e+01 7.521825638797155489e-02 9.602419465412675992e-01 7.521825638797155489e-02 1.997667820902891478e+01 4.966958004103977586e+00 9.602419465412675992e-01 4.966958004103977586e+00 5.121119726962541918e+00
8.681404430118245585e+00 4.583032894082546882e+00 -4.612616850711465766e+00 4.583032894082546882e+00 9.776260948084019020e+00 5.733305484869421598e+00 -4.612616850711465766e+00 5.733305484869421598e+00 1.052067472570079509e+01
-1.813309624325752978e+01 3.841288192798765433e+00 9.407133454587421895e+00 3.841288192798765433e+00 -1.567649340969059146e+01 2.697939114598488342e+00 9.407133454587421895e+00 2.697939114598488342e+00 -1.903082037284211481e+01
1.510320283303263800e+01 7.583332933170906509e-01 3.634158526357153196e+00 7.583332933170906509e-01 1.087785405719886889e+01 -1.829711650442835402e-01 3.634158526357153196e+00 -1.829711650442835402e-01 -2.236548425976261356e+00
3.210239348496289580e+01 -2.065851179772154822e+00 3.615515411375533006e+00 -2.065851179772154822e+00 3.249589303789134220e+01 2.650831340243279044e+00 3.615515411375533006e+00 2.650831340243279044e+00 3.244809060886641561e+01
-1.889136876374984553e+01 1.495786911543382125e+01 -2.882310416030640088e+00 1.495786911543382125e+01 -3.394402356262133225e+01 2.397930507078219087e+00 -2.882310416030640088e+00 2.397930507078219087e+00 -2.520706503384612418e+01
-1.676811825700751868e+01 3.225066217185556194e+00 -4.304114414138769384e-01 3.225066217185556194e+00 -2.090134475058884433e+01 -1.732109007966195380e+00 -4.304114414138769384e-01 -1.732109007966195380e+00 -3.628445275193397634e+01
1.372329101516861805e+01 4.088365425971416833e+00 9.510921813657683188e+00 4.088365425971416833e+00 2.994802910071367563e+00 -1.399822533904207056e+01 9.510921813657683188e+00 -1.399822533904207056e+01 1.620111102585937246e+01
1.419555230695933723e+01 -1.043494675509344560e+01 2.004512295637537189e+00 -1.043494675509344560e+01 2.063940126185854496e+01 -8.578808879045185520e+00 2.004512295637537189e+00 -8.578808879045185520e+00 -7.749195673770212345e+00
2.083259351232392476e+01 4.988137480264678736e+00 6.627320841239693117e+00 4.988137480264678736e+00 1.286019551896098889e+01 9.688394447052326441e+00 6.627320841239693117e+00 9.688394447052326441e+00 2.643411183962438571e+01
2.948754241446010838e+01 8.474012850966233801e-01 1.318911610614282282e+01 8.474012850966233801e-01 3.646695574266723838e+01 6.460123334169532328e+00 1.318911610614282282e+01 6.460123334169532328e+00 5.290428225297065978e+01
4.417193388610529325e+01 -5.233369120901103511e-01 -2.696291663579630349e+00 -5.233369120901103511e-01 5.036346466025989344e+01 1.660302607324753321e+00 -2.696291663579630349e+00 1.660302607324753321e+00 4.765558852795235367e+01
-9.511755292490212454e+00 -8.943407686539610602e-01 -9.694267345265306091e+00 -8.943407686539610602e-01 -1.126761692183385932e+01 2.104582630013445213e-02 -9.694267345265306091e+00 2.104582630013445213e-02 -1.548614354187240316e+01
2.142004096898595478e+01 9.616636328965014968e+00 -1.005538933098581555e+00 9.616636328965014968e+00 2.867605101083458763e+01 -4.938410122116492218e+00 -1.005538933098581555e+00 -4.938410122116492218e+00 2.494709028616936664e+01
6.670699282855975909e+00 -1.114092346201886308e+01 9.187086207896873802e+00 -1.114092346201886308e+01 -2.075554075017085154e+01 9.276674801424176664e+00 9.187086207896873802e+00 9.276674801424176664e+00 2.288128111167136680e+01
5.754434961252903769e+00 -7.146970603414939838e+00 -8.883163871932828748e-01 -7.146970603414939838e+00 7.248439842631908547e+00 5.245708832458140236e+00 -8.883163871932828748e-01 5.245708832458140236e+00 4.104538469840890436e+00
-7.871102920813666692e+00 -5.679716805693163728e+00 -3.696400613365091292e+00 -5.679716805693163728e+00 -3.221442977736005187e+00 -2.575916646267371490e+00 -3.696400613365091292e+00 -2.575916646267371490e+00 -3.759688729169999988e+01
2.453364895565454518e+01 1.246922971468172436e+00 -5.867857191977126075e-01 1.246922971468172436e+00 3.038895018087390199e+01 4.697305291041947051e+00 -5.867857191977126075e-01 4.697305291041947051e+00 4.517032931953795583e+01
3.419767029674151360e+00 -8.574128382934208759e+00 -3.045352923587163918e+00 -8.574128382934208759e+00 1.117322993829304068e+01 5.591700063271696663e+00 -3.045352923587163918e+00 5.591700063271696663e+00 4.764176583636205997e+00
1.313417738684529601e+00 2.872423133586105237e+00 4.536884574497719314e+00 2.872423133586105237e+00 1.202512282764027635e-01 8.731803215358166170e+00 4.536884574497719314e+00 8.731803215358166170e+00 -4.600641983260989498e+00
-3.984684575061582024e+01 -1.976614548890224254e-01 1.340985224830004929e+00 -1.976614548890224254e-01 -3.351444434325575372e+01 7.897961452048731346e+00 1.340985224830004929e+00 7.897961452048731346e+00 -4.394932870101507660e+01
-1.094810002542005556e+01 3.252312372724391665e+00 7.713735288615821695e+00 3.252312372724391665e+00 -7.025246567547265286e+00 4.531900902701870848e-01 7.713735288615821695e+00 4.531900902701870848e-01 -2.548901915557806319e+01
2.988122768878753277e+01 -1.241765541543147000e+00 -2.306587530165554956e+00 -1.241765541543147000e+00 2.573554154741544409e+01 1.062013178559059234e+01 -2.306587530165554956e+00 1.062013178559059234e+01 1.995395823072535535e+01
-2.199110102551389900e+01 -2.557102177947514043e+00 -6.602845574164431852e+00 -2.557102177947514043e+00 -1.916298717915283945e+01 -4.394795110337184951e+00 -6.602845574164431852e+00 -4.394795110337184951e+00 -3.106728166133872904e+01
2.029087384487701584e+01 9.755803226346008827e+00 -4.668777937899307950e+00 9.755803226346008827e+00 1.850555574588394592e+01 9.596283224390388611e+00 -4.668777937899307950e+00 9.596283224390388611e+00 1.086825351907186210e+01
4.158004450936708452e+00 7.678730614994702108e+00 -3.886639496879325861e+00 7.678730614994702108e+00 -8.854511206268121271e+00 1.653048589568504978e+00 -3.886639496879325861e+00 1.653048589568504978e+00 -1.824300555433363868e+01
9.803010500401214244e+00 4.487718087448820725e+00 -6.094301795954834233e+00 4.487718087448820725e+00 2.104022673422203482e+01 -3.241995706752035744e+00 -6.094301795954834233e+00 -3.241995706752035744e+00 2.433852065457411129e+01
3.343935751394148070e+01 7.265634563286860192e-01 3.199853821207242710e+00 7.265634563286860192e-01 2.961257202315051273e+01 6.370994269303317026e+00 3.199853821207242710e+00 6.370994269303317026e+00 3.901907305436910889e+01
-1.674887546384777082e+01 -5.593709465739805431e+00 1.338910415388590014e-01 -5.593709465739805431e+00 -2.471370942770489521e+01 2.564861313636494611e+00 1.338910415388590014e-01 2.564861313636494611e+00 -6.150990088458346605e+00
1.094155143467527580e+01 -1.838425616730972045e+00 2.537198611124060310e+00 -1.838425616730972045e+00 1.562158375622798800e+01 -1.150992154782217902e+01 2.537198611124060310e+00 -1.150992154782217902e+01 2.696056577164506751e-01
2.569534206262093079e+01 4.707275535307003267e+00 1.280868914918865453e+00 4.707275535307003267e+00 1.448015240931906789e+01 -7.047382095196917717e+00 1.280868914918865453e+00 -7.047382095196917717e+00 3.660427391907477812e+01
