2.159817781593807950e+01 7.107611494808998565e+00 4.029275277790156373e+00 7.107611494808998565e+00 1.361480259408755167e+01 -6.788163350227465642e+00 4.029275277790156373e+00 -6.788163350227465642e+00 1.596648571729184773e+01
9.905539627738063402e+00 9.635517843935403448e+00 1.771096319860230395e+01 9.635517843935403448e+00 1.483845827713154364e+01 -4.105198536242551377e+00 1.771096319860230395e+01 -4.105198536242551377e+00 1.895554732325459568e+00
-5.526219358814194571e+00 3.465647642790570693e+00 -3.778636173973430878e-01 3.465647642790570693e+00 -8.859176913083251392e+00 -2.444209666224749444e+00 -3.778636173973430878e-01 -2.444209666224749444e+00 -1.248822199764907026e+01
4.069553114186291509e+00 9.643573441609090580e+00 1.004298317194408874e+00 9.643573441609090580e+00 1.020722430285859295e+00 1.194900362552148015e-01 1.004298317194408874e+00 1.194900362552148015e-01 2.127213651668125927e+00
-5.888996436613277652e+00 8.457142988746884527e+00 6.776703082355803431e+00 8.457142988746884527e+00 -2.777296888210071657e+01 -1.659529704226681002e+00 6.776703082355803431e+00 -1.659529704226681002e+00 2.927193835917444531e+00
-1.183118091860180243e+00 4.671214568597958028e+00 3.765482241730276680e+00 4.671214568597958028e+00 -1.354358371903065006e+01 -6.867049553210768931e-01 3.765482241730276680e+00 -6.867049553210768931e-01 4.407291825773571148e+00
1.930512015608671561e+01 1.937051217616411858e+00 7.606774320591449978e+00 1.937051217616411858e+00 5.465354738276369417e+00 -1.877634350669016516e+00 7.606774320591449978e+00 -1.877634350669016516e+00 3.042034821792023536e+01
3.531973498484772378e+00 6.122354940342873419e+00 1.249496472700127114e+01 6.122354940342873419e+00 1.424160213192545266e+00 -4.202332583790035159e+00 1.249496472700127114e+01 -4.202332583790035159e+00 -2.363471264042158460e+00
-7.146222749482229908e+00 1.203998956633324902e+01 2.500887083911222319e+01 1.203998956633324902e+01 3.236547064717432143e-01 -2.089871395911747420e+00 2.500887083911222319e+01 -2.089871395911747420e+00 1.693182219171132763e+00
-5.632936643903993179e+00 9.012265880038327737e+00 -2.368628985348127935e-01 9.012265880038327737e+00 -1.514568599476785948e+01 -3.727214700423939764e+00 -2.368628985348127935e-01 -3.727214700423939764e+00 -1.279754480392352711e+01
3.632203331869086327e+01 1.251455560220454899e+01 7.548618826438144858e+00 1.251455560220454899e+01 2.683214715445788556e+01 -7.522167183364038223e+00 7.548618826438144858e+00 -7.522167183364038223e+00 4.316899254935827912e+01
2.364041443672336840e+01 8.371320457711270535e+00 5.664239360860303663e+00 8.371320457711270535e+00 -1.104776342896539454e+01 -1.598818590101360737e+00 5.664239360860303663e+00 -1.598818590101360737e+00 5.706721685771555030e+00
-1.518135441031964739e+01 9.845435463744854232e+00 2.869418850665725440e+00 9.845435463744854232e+00 -4.332223276532659639e+01 -3.056445815106509034e+00 2.869418850665725440e+00 -3.056445815106509034e+00 -1.611808397428461959e+01
-7.599982429091645564e+00 2.263155782859735066e+00 1.771839891457493721e+01 2.263155782859735066e+00 -2.589892578481337537e+01 -4.556044937119651195e+00 1.771839891457493721e+01 -4.556044937119651195e+00 7.321423465299609745e+00
1.522330508982946640e+01 8.174450265010660743e+00 1.535443461998676895e+01 8.174450265010660743e+00 -1.907462232567804961e+01 -9.073068749711305614e+00 1.535443461998676895e+01 -9.073068749711305614e+00 -2.720096062956590011e+00
-7.237736468981157856e+00 1.019747397579279991e+01 3.238590564969704433e-01 1.019747397579279991e+01 -1.658186697194206261e+01 1.286966175002306034e+00 3.238590564969704433e-01 1.286966175002306034e+00 -4.105290656663466820e+00
-3.540519234755337696e-01 9.987830786990897991e+00 4.921970199033709470e+00 9.987830786990897991e+00 -1.675728000981591848e+01 1.301165172473536025e+01 4.921970199033709470e+00 1.301165172473536025e+01 -2.239413674325916759e+00
-2.602654765571275064e+01 7.103687436527183152e+00 8.644161074906982378e+00 7.103687436527183152e+00 -4.362443618878759821e+01 -5.789645720143330898e+00 8.644161074906982378e+00 -5.789645720143330898e+00 -3.081152537885996168e+01
-2.343951383393544585e+00 -1.300143916621367879e+01 2.714376837937613640e+00 -1.300143916621367879e+01 -2.605919085197902163e+01 -5.545827309526851323e+00 2.714376837937613640e+00 -5.545827309526851323e+00 -1.412281209492362599e+01
-2.499861197535824697e+00 1.677222475318497885e+01 -3.958635001039661816e+00 1.677222475318497885e+01 -4.325438124200955414e+00 1.454016277227726750e+00 -3.958635001039661816e+00 1.454016277227726750e+00 8.848496570640344006e-01
2.628910595936875083e+01 -9.266139739966565259e+00 1.646635116288040734e+01 -9.266139739966565259e+00 2.028340323441462800e+01 1.831887203375889062e+00 1.646635116288040734e+01 1.831887203375889062e+00 1.920610562305480329e+01
2.402087740617475653e-01 1.136756594852115887e+00 6.013323085707353854e+00 1.136756594852115887e+00 -1.660873705621308005e+01 6.706446038813654198e+00 6.013323085707353854e+00 6.706446038813654198e+00 1.314234715089201266e+01
4.964232110329700909e+00 -3.822751937618313889e+00 1.871860203059920735e+01 -3.822751937618313889e+00 -4.492003485821323139e+00 2.218228290531327307e+00 1.871860203059920735e+01 2.218228290531327307e+00 -9.955394732045537154e+00
4.954047548448620830e+01 -5.243676534849043280e-01 5.560344687421372001e+00 -5.243676534849043280e-01 3.768537095958490823e+01 -1.681706217977007922e+00 5.560344687421372001e+00 -1.681706217977007922e+00 4.631447154389076815e+01
8.688715214979643164e+00 1.075856974443329506e+01 4.901693578940989227e+00 1.075856974443329506e+01 1.032086650933303318e+01 2.960316392485067727e+00 4.901693578940989227e+00 2.960316392485067727e+00 1.446640909632098371e+01
-8.964862970303181910e+00 2.894206615282341133e+00 2.139320665004312616e+00 2.894206615282341133e+00 -2.342015750388664230e+01 2.988278255009765294e-01 2.139320665004312616e+00 2.988278255009765294e-01 -4.459331365839167560e+00
2.548076889297281156e+01 2.095968975557406022e+00 1.481137465337209669e+01 2.095968975557406022e+00 -9.276177360457047438e-01 3.367354977015558859e+00 1.481137465337209669e+01 3.367354977015558859e+00 1.036128258152577608e+01
2.966941988874279090e+01 2.064647840097024289e+00 3.009993606640592123e+00 2.064647840097024289e+00 1.477828152715755650e+01 -5.922291486979012198e+00 3.009993606640592123e+00 -5.922291486979012198e+00 3.270607470735307487e+01
-2.873234327909282904e+00 -1.935227664531838698e+00 3.625678865793690253e+00 -1.935227664531838698e+00 -1.873905382251680862e+01 2.972903443006639446e+00 3.625678865793690253e+00 2.972903443006639446e+00 -7.546384040385618164e+00
-1.882163117490456727e+01 -4.448997960369073468e+00 1.213363871952879514e+01 -4.448997960369073468e+00 -4.249769194783053194e+01 -6.540315315136997043e+00 1.213363871952879514e+01 -6.540315315136997043e+00 -1.033647796875085589e+01
3.868251014420069356e-01 9.841962057665221142e-01 1.318783471808494490e+01 9.841962057665221142e-01 -1.421877196744601868e+01 1.277067301707064673e-01 1.318783471808494490e+01 1.277067301707064673e-01 1.562167945674504388e+01
5.025754742036254896e+01 2.109128341274620233e+00 -4.661162403320348591e-02 2.109128341274620233e+00 4.454261381576819190e+01 -1.143170499226245873e+01 -4.661162403320348591e-02 -1.143170499226245873e+01 5.258876844279654961e+01
7.493668053330803325e+00 -1.042945196612954817e+01 5.212432622059647969e+00 -1.042945196612954817e+01 -1.679074924409052016e+01 -1.198973360873543337e+00 5.212432622059647969e+00 -1.198973360873543337e+00 7.466027945118483444e+00
1.515189852306689566e+01 -7.199928504288330977e-01 1.689739932865753858e+01 -7.199928504288330977e-01 -1.571241564369250376e+01 -4.616409005669629195e+00 1.689739932865753858e+01 -4.616409005669629195e+00 1.881916426552852784e+01
2.131671151982977008e+01 -2.500227786895719451e+00 1.651345777007034599e+01 -2.500227786895719451e+00 2.808841620366291636e+01 1.207205511236880291e+01 1.651345777007034599e+01 1.207205511236880291e+01 1.240136074048066916e+01
2.922211926876093990e+00 2.044293631108946574e+00 2.128197542901188566e+00 2.044293631108946574e+00 -1.311888447064499097e+01 -2.765692294883190350e+00 2.128197542901188566e+00 -2.765692294883190350e+00 2.790495019571182400e+00
-7.028730094712367205e+00 1.128888798547554018e+01 1.283361044253468997e+01 1.128888798547554018e+01 -3.097332766011409433e+01 -1.463988356863633911e+01 1.283361044253468997e+01 -1.463988356863633911e+01 7.132712257009828916e-01
-2.531116293737775358e+00 -1.191814942365145624e+00 1.003889150983178524e+01 -1.191814942365145624e+00 -3.620085098484867814e+01 2.771690502849497140e+00 1.003889150983178524e+01 2.771690502849497140e+00 -1.258653459855071155e+01
1.467452686462772782e+01 3.807430397210482376e+00 1.644109895096286422e+01 3.807430397210482376e+00 -2.236057889883462124e+01 -6.326176033133271481e+00 1.644109895096286422e+01 -6.326176033133271481e+00 1.651343786168155958e+01
2.085595675177629715e+01 6.645162710896915570e+00 1.213109533691064534e+01 6.645162710896915570e+00 -9.582755279410477833e-02 -2.837678356594386386e+00 1.213109533691064534e+01 -2.837678356594386386e+00 1.820892777183465938e+01
2.166001144442337889e+01 5.365062936459380261e+00 2.701720658581468726e+01 5.365062936459380261e+00 -9.987296763268139088e+00 -3.731030446595767103e+00 2.701720658581468726e+01 -3.731030446595767103e+00 2.468059915150896799e+01
-1.527543554759422406e+01 1.822620073085863934e+00 5.414072894651743795e+00 1.822620073085863934e+00 -1.950023876927671651e+01 -5.906670012398805625e+00 5.414072894651743795e+00 -5.906670012398805625e+00 -2.628950337336133924e-01
6.271203658259389968e+00 -9.081537561934146296e+00 1.899682401073662419e+01 -9.081537561934146296e+00 -7.199800169517140525e+00 1.334916946633312396e+00 1.899682401073662419e+01 1.334916946633312396e+00 8.728480610215252344e-01
-1.282008799707204183e+01 6.343831373306856314e+00 1.890395975729121325e+00 6.343831373306856314e+00 -2.455884710504274793e+01 -2.542326333393359228e+00 1.890395975729121325e+00 -2.542326333393359228e+00 -4.665614249568362126e+00
1.010308139783573012e+01 3.776159901127210894e+00 1.363003489445021010e+01 3.776159901127210894e+00 2.403213306576561070e+00 -6.994668483901845590e+00 1.363003489445021010e+01 -6.994668483901845590e+00 1.494278751984588816e+01
-2.479228511926271494e+01 1.796654176839399497e+01 1.131956752684049050e+01 1.796654176839399497e+01 -4.330734504668482998e+01 1.685155068244812782e+01 1.131956752684049050e+01 1.685155068244812782e+01 -2.394853814185121266e+01
1.543267005846213236e+00 1.179974449958803850e+00 -7.641771928756641019e-01 1.179974449958803850e+00 2.804322135095445478e+00 -7.390620277163415963e+00 -7.641771928756641019e-01 -7.390620277163415963e+00 -7.411479384830841344e-01
-5.592124254616772205e+00 -6.530910561690550509e-02 2.214046153043267751e+01 -6.530910561690550509e-02 -3.706390385811104693e+01 2.817444350489305638e+00 2.214046153043267751e+01 2.817444350489305638e+00 -1.434760009907392764e+01
-2.132463832567567863e+01 8.166385468729767894e+00 2.760329247030326894e+00 8.166385468729767894e+00 -4.615109489819654698e+01 -1.047590380967695411e+00 2.760329247030326894e+00 -1.047590380967695411e+00 -2.277219473639661018e+01
1.104997603780346438e+01 3.249440332200959958e+00 -1.801987885691755720e+00 3.249440332200959958e+00 -6.403423161219112814e+00 -3.899385801950487007e+00 -1.801987885691755720e+00 -3.899385801950487007e+00 7.064702284360614648e+00
-1.539131226015240905e+01 8.871133455170873816e+00 8.236199617886326152e+00 8.871133455170873816e+00 -2.626557577204224714e+01 -7.284838458909621117e+00 8.236199617886326152e+00 -7.284838458909621117e+00 -4.478807463229405705e+00
3.938455868672735338e+00 1.140024486754990107e+01 6.765253923340514675e+00 1.140024486754990107e+01 -1.305905397459290462e+01 -3.759865205688491585e+00 6.765253923340514675e+00 -3.759865205688491585e+00 -2.822096040338187173e+00
6.281915408896577846e-01 6.461841189259525997e+00 -4.212288306673499960e+00 6.461841189259525997e+00 -2.079990155004756502e+01 5.333404854377270521e-01 -4.212288306673499960e+00 5.333404854377270521e-01 -8.507258878635478583e-01
1.090715943933158449e+01 1.054386494653114070e+01 1.219497367293610246e+01 1.054386494653114070e+01 -5.621706504122094827e+00 -2.582703003639895023e+00 1.219497367293610246e+01 -2.582703003639895023e+00 1.252095637871715539e+01
2.413833127125859068e+00 7.116802954794330949e-02 1.169402228027819035e+01 7.116802954794330949e-02 -2.083823568085443156e+01 -1.660269460302392197e+00 1.169402228027819035e+01 -1.660269460302392197e+00 2.395361707063843770e+00
5.747163775789275064e+00 -1.314657750371959644e+00 9.681501286310048471e+00 -1.314657750371959644e+00 -1.847784325514927772e+01 -1.128165869660537091e+01 9.681501286310048471e+00 -1.128165869660537091e+01 3.700552805019666547e+00
7.045386520048460000e+00 1.077880349283931594e+01 9.957126549768201329e+00 1.077880349283931594e+01 -1.219927019592717166e+01 -5.195731679331569097e+00 9.957126549768201329e+00 -5.195731679331569097e+00 1.061667346355412000e+01
1.171830228785445627e+00 -6.721501946242671721e-01 -1.634880786640972916e+00 -6.721501946242671721e-01 -5.078461954188380645e+00 1.025173206675997983e+00 -1.634880786640972916e+00 1.025173206675997983e+00 7.365501838814341617e+00
-3.260445707323417253e+01 -4.781484330506333258e+00 6.634167713236511332e+00 -4.781484330506333258e+00 -5.158944982627994591e+01 -3.653898692445994634e+00 6.634167713236511332e+00 -3.653898692445994634e+00 -1.444653109394561952e+01
1.774369094397794910e+01 -3.613449912499977046e+00 1.720428909258725625e+01 -3.613449912499977046e+00 -2.136844509963740535e+00 1.779645806047004397e+00 1.720428909258725625e+01 1.779645806047004397e+00 1.848704455166704719e+01
-1.658594660032128854e+00 1.315214283743612889e+01 6.895456590634073457e+00 1.315214283743612889e+01 -8.256474146967997640e+00 -9.594572485526422057e+00 6.895456590634073457e+00 -9.594572485526422057e+00 5.397092509858453013e+00
9.513562498344381169e+00 3.554635089751724930e+00 3.613992177264623074e+00 3.554635089751724930e+00 -1.480229533190508029e+01 -2.068427942004455566e+00 3.613992177264623074e+00 -2.068427942004455566e+00 1.345140842243658819e+00
3.190629428122271349e+01 3.596960451122341480e-03 6.265442339013453932e-01 3.596960451122341480e-03 1.361985919589008498e+00 3.114778436963993702e+00 6.265442339013453932e-01 3.114778436963993702e+00 1.726594304841703220e+01
-1.551461539891884200e+01 3.133625580259115306e+00 1.433238777463882663e+01 3.133625580259115306e+00 -4.234196531913335093e+01 2.142286554065046644e+00 1.433238777463882663e+01 2.142286554065046644e+00 -2.114424027263670425e+01
2.224428928561575347e+01 -8.191811497089661387e+00 8.253576477670002021e+00 -8.191811497089661387e+00 -6.530787396917880905e+00 -6.643203984216382585e-01 8.253576477670002021e+00 -6.643203984216382585e-01 1.528652941147463196e+01
8.303843631896469901e+00 4.260497585570025336e+00 1.219665023801026343e-01 4.260497585570025336e+00 -4.583115958042787597e+00 -1.821906433164422801e+00 1.219665023801026343e-01 -1.821906433164422801e+00 1.233084336467879893e+01
1.561418508123356652e+01 -2.321468724814942597e+00 1.607299275673565120e+01 -2.321468724814942597e+00 -1.580465023257182899e+01 -5.432941434450285989e+00 1.607299275673565120e+01 -5.432941434450285989e+00 3.893512125196802565e+00
-2.651119311774059994e+01 -1.789927759687588349e+01 2.978125467094751855e+01 -1.789927759687588349e+01 -5.242333770834409989e+01 1.328012607946854473e+01 2.978125467094751855e+01 1.328012607946854473e+01 -3.295975979787391452e+01
3.235969714214456161e+01 1.218411420440435045e+01 2.400939691165775614e+01 1.218411420440435045e+01 3.077868956382005194e+00 2.969991043092097716e+00 2.400939691165775614e+01 2.969991043092097716e+00 5.932259998095884868e+01
3.564685683132391603e+01 -1.418757586784754166e+00 7.719393688979645951e+00 -1.418757586784754166e+00 2.763581317092132039e+01 -1.582196303049023145e+00 7.719393688979645951e+00 -1.582196303049023145e+00 3.950149819971065313e+01
5.409643894192678459e+01 1.147585584734906661e+01 2.415692525451576245e+01 1.147585584734906661e+01 5.150479944596418846e+01 8.111832793831334598e+00 2.415692525451576245e+01 8.111832793831334598e+00 4.066385878733142789e+01
-1.072250191353105819e+01 -1.203214537124474859e+01 6.737346629473654147e+00 -1.203214537124474859e+01 -2.987614935500961622e+01 -1.425499975047312518e+00 6.737346629473654147e+00 -1.425499975047312518e+00 5.812962901527842785e-01
1.332735319501730409e+01 -2.476674660884820578e-01 9.085002683924084721e+00 -2.476674660884820578e-01 9.995208784116712541e-01 3.076955332075292926e+00 9.085002683924084721e+00 3.076955332075292926e+00 1.518549240552062507e+01
3.198890138184202669e+01 1.261469291063304610e+01 3.476139385343032906e+00 1.261469291063304610e+01 3.176798761946711380e+01 -4.173783506687614775e+00 3.476139385343032906e+00 -4.173783506687614775e+00 3.240492308767399265e+01
1.515450408665849791e+00 4.667651809515485972e+00 6.196787556773784900e+00 4.667651809515485972e+00 -6.876184986413056421e+00 -2.739386192432699652e+00 6.196787556773784900e+00 -2.739386192432699652e+00 -1.326098034355139532e+01
1.143645568643651522e+01 3.355755075534084586e+00 1.619431438662043421e+00 3.355755075534084586e+00 -5.980306627704792710e+00 -5.379262896460247134e+00 1.619431438662043421e+00 -5.379262896460247134e+00 5.697012308742801956e+00
2.759229177837930180e+01 9.187739690902423817e+00 1.086954544218062502e+01 9.187739690902423817e+00 -6.931312549265387979e+00 -2.269207520043760251e+00 1.086954544218062502e+01 -2.269207520043760251e+00 2.727341956699602221e+01
-2.553094067621071872e+01 -2.297274166870256984e+00 7.012849891569839400e+00 -2.297274166870256984e+00 -4.586608860798752119e+01 -1.152514993912627261e+01 7.012849891569839400e+00 -1.152514993912627261e+01 -2.933283679153826995e+01
-6.716850764398021312e+00 1.221258331194984592e+01 -4.756564356198291321e+00 1.221258331194984592e+01 -1.742875162172600767e+01 -6.949014462426819527e+00 -4.756564356198291321e+00 -6.949014462426819527e+00 -1.244301363659158888e+01
3.208667205066376482e+01 7.667134671448018857e+00 8.201618194448053956e+00 7.667134671448018857e+00 2.490612001377891715e+01 -4.080032643254416058e+00 8.201618194448053956e+00 -4.080032643254416058e+00 4.136259178605002518e+01
-1.062938208381704719e+00 1.042357690656621116e+01 8.471283497178223598e+00 1.042357690656621116e+01 -2.539531709787356917e+01 -4.023218022540669736e+00 8.471283497178223598e+00 -4.023218022540669736e+00 -4.303207770409036570e+00
1.329488796115630089e+00 1.848080038683892257e+00 -1.393330720140938617e+00 1.848080038683892257e+00 -7.248434053298945301e+00 -4.656213669439265068e+00 -1.393330720140938617e+00 -4.656213669439265068e+00 1.190091952256461560e+01
-6.711732941247146034e-01 2.303382258149546669e+00 3.903490093007076833e+00 2.303382258149546669e+00 -2.704013728015439355e+01 2.791117436859579914e+00 3.903490093007076833e+00 2.791117436859579914e+00 -3.890404374285843403e+00
3.525254856781440083e+01 6.490254173594594889e+00 1.459117104436765544e+01 6.490254173594594889e+00 2.604085620156294567e+01 -2.074298037407357409e+00 1.459117104436765544e+01 -2.074298037407357409e+00 2.971335643502747459e+01
3.230693615321666812e+01 1.913041380744545705e+01 1.272343501667366539e+01 1.913041380744545705e+01 2.343672413172154911e+00 2.054533663956558787e+00 1.272343501667366539e+01 2.054533663956558787e+00 9.542937533165618547e+00
3.789834993930949736e+01 1.504177840118462051e+01 9.342809933011453793e+00 1.504177840118462051e+01 2.223964547266494662e+01 -2.445872570034769211e+00 9.342809933011453793e+00 -2.445872570034769211e+00 3.497275722931757258e+01
-3.775110028673740015e+00 4.234803602502823949e+00 6.037245872994838614e+00 4.234803602502823949e+00 -3.754472439650951543e+01 -5.533122947417453474e+00 6.037245872994838614e+00 -5.533122947417453474e+00 -1.882212292086094862e+01
1.502371043498511050e+01 -2.311131829790973313e+00 8.383327070444993367e+00 -2.311131829790973313e+00 7.953381099742694360e+00 -4.592012532479507136e+00 8.383327070444993367e+00 -4.592012532479507136e+00 1.385587217993660758e+01
1.594491232376993928e+01 9.328861593030174149e+00 1.194690135224459659e+01 9.328861593030174149e+00 -1.390905999804025761e+01 5.803027599519638979e-01 1.194690135224459659e+01 5.803027599519638979e-01 7.977366619878575094e+00
1.551951224450620437e+01 1.724600394561915495e+00 4.031445073526760403e+00 1.724600394561915495e+00 3.379410186724000731e+00 2.348585536412905572e+00 4.031445073526760403e+00 2.348585536412905572e+00 1.771969279665891506e+01
-3.244749717658009303e+01 1.806905222491515195e+00 3.418465751277190545e+00 1.806905222491515195e+00 -5.326715346470381718e+01 -4.633494698050513172e+00 3.418465751277190545e+00 -4.633494698050513172e+00 -4.699871470644826843e+01
-1.336099661899418978e+00 -4.058717163213347412e+00 1.102725059169856614e+01 -4.058717163213347412e+00 -2.572195490035787913e+01 -8.328890418418325226e+00 1.102725059169856614e+01 -8.328890418418325226e+00 -1.076739477323640060e+00
1.713480796163487696e+01 -3.870035692133462657e+00 2.278054190481617169e+00 -3.870035692133462657e+00 4.614841624872026316e+00 -1.126395434536574314e+01 2.278054190481617169e+00 -1.126395434536574314e+01 2.222165129210119616e+01
1.859456737436868679e+01 -9.278649689096782893e+00 1.529824739103716169e+01 -9.278649689096782893e+00 1.583778167740477194e+01 -3.921592570780188414e+00 1.529824739103716169e+01 -3.921592570780188414e+00 2.817134689746110254e+01
5.928786214506795105e+00 -4.313979954202819656e+00 9.181609810871906419e+00 -4.313979954202819656e+00 -2.045436746630562652e+01 -2.276857889420612846e+00 9.181609810871906419e+00 -2.276857889420612846e+00 7.415145468758046476e+00
-3.070079678484228580e+01 -1.179642059135263654e+00 1.035256464607646087e+01 -1.179642059135263654e+00 -3.545807229781213010e+01 -6.964907286480968907e+00 1.035256464607646087e+01 -6.964907286480968907e+00 -9.664394281316534219e+00
-2.369081699714652434e+00 3.824534755715084167e+00 2.159245730076233105e+00 3.824534755715084167e+00 -1.808393395143291471e+01 3.358636488417051869e+00 2.159245730076233105e+00 3.358636488417051869e+00 2.022236304034751520e+00
2.252618093528987586e+01 5.663970300561308235e+00 2.185948398902766243e+01 5.663970300561308235e+00 3.855126123648130942e+01 -1.296827323699118928e+01 2.185948398902766243e+01 -1.296827323699118928e+01 2.807132658677410930e+01
-9.081862661251106417e+00 3.008568368816463945e+00 1.585089997975565879e-01 3.008568368816463945e+00 -2.405924611994614182e+01 9.342716054618738220e-01 1.585089997975565879e-01 9.342716054618738220e-01 -5.536673740203943872e+00
3.923422895615326311e+00 -8.351892162672331921e+00 3.033525678222028787e+01 -8.351892162672331921e+00 -3.553020097600075644e+01 -4.350363524736106768e+00 3.033525678222028787e+01 -4.350363524736106768e+00 3.707529552256936256e-01
