2.081448415943922114e+01 -2.035406285334001864e-01 7.278844915433287932e-01 -2.035406285334001864e-01 1.723757676535426953e+01 5.211737145964119300e-01 7.278844915433287932e-01 5.211737145964119300e-01 4.864172465678964841e+01
-9.327360236411720962e+00 3.684174746556194258e+00 6.242903272750084831e+00 3.684174746556194258e+00 -9.075482947785012300e+00 -1.686288245490230320e-01 6.242903272750084831e+00 -1.686288245490230320e-01 6.680666599543727990e+00
-1.683118906794284442e+01 6.485831822363119503e-01 -2.107014638634322701e+00 6.485831822363119503e-01 -1.322419853118999278e+01 3.485494718286322957e+00 -2.107014638634322701e+00 3.485494718286322957e+00 -2.736490680317822832e+00
-1.260530616198908760e+01 -5.471058663909811770e+00 -3.985916756684830253e-01 -5.471058663909811770e+00 -1.423790430895507164e+01 2.289730915432409475e+00 -3.985916756684830253e-01 2.289730915432409475e+00 -5.390350141975134513e+00
4.641609748477980446e+01 6.038697088045169359e+00 -3.124158307411907920e+00 6.038697088045169359e+00 4.485162230111825465e+01 -2.524389648774490347e+00 -3.124158307411907920e+00 -2.524389648774490347e+00 5.230679008156203480e+01
4.069588326332844730e+01 1.247922901625841074e+00 -7.995257205150071655e+00 1.247922901625841074e+00 3.945002228314486814e+01 -1.242984966780304790e+00 -7.995257205150071655e+00 -1.242984966780304790e+00 3.200539152346657801e+01
-2.887438933692562415e+01 6.852484229885836164e+00 9.966706049814941792e-01 6.852484229885836164e+00 -1.529261535066280686e+01 4.935637052877009268e+00 9.966706049814941792e-01 4.935637052877009268e+00 -1.041870160051652761e+01
-9.667201389133325051e+00 4.135203986989669289e+00 -4.595128324501083661e+00 4.135203986989669289e+00 -1.246446064276153187e+01 -5.043343786906758552e+00 -4.595128324501083661e+00 -5.043343786906758552e+00 -1.835354069734728588e+00
-2.593779632102902966e+01 4.438670697196188897e+00 6.368245475394693322e+00 4.438670697196188897e+00 -1.136350706999454196e+01 -2.094533769718010419e+00 6.368245475394693322e+00 -2.094533769718010419e+00 7.208637161329030540e+00
2.472503574032639406e+01 -1.111258268659431891e+00 -4.519850117988091220e-01 -1.111258268659431891e+00 2.207386257959125686e+01 -2.120397036550963898e-01 -4.519850117988091220e-01 -2.120397036550963898e-01 3.252560382694014862e+01
1.151752884150941902e+01 -1.279262489082790744e+01 1.372449738674132780e+00 -1.279262489082790744e+01 1.871249096532809375e+01 -5.410969613480552276e+00 1.372449738674132780e+00 -5.410969613480552276e+00 1.094231671852651822e+01
2.426843737059994691e-02 4.881245738953401414e+00 4.710651497475981664e-02 4.881245738953401414e+00 9.704030630881302244e+00 3.580905675282728406e+00 4.710651497475981664e-02 3.580905675282728406e+00 1.346664648639778328e+01
2.119201939751319230e+01 -1.798245552124647095e-01 -5.032103686822233968e+00 -1.798245552124647095e-01 1.676421438789795815e+01 5.426860184810879062e+00 -5.032103686822233968e+00 5.426860184810879062e+00 3.796480902019892056e+01
4.423371047166987324e+01 -9.806422997721185197e+00 3.247794426541342983e+00 -9.806422997721185197e+00 3.694724011415477349e+01 1.105330054910074367e+01 3.247794426541342983e+00 1.105330054910074367e+01 1.736619339122899675e+01
-7.830999355569805864e+00 4.116898387807480297e+00 7.080469267817659507e+00 4.116898387807480297e+00 -1.552063453384999216e-02 -4.431082447623546638e-01 7.080469267817659507e+00 -4.431082447623546638e-01 -3.041968388670258872e+00
4.716253059685325866e+01 -4.246592259172692785e+00 -7.369016955794741586e-01 -4.246592259172692785e+00 3.891461755477153162e+01 -6.654735713156438859e-01 -7.369016955794741586e-01 -6.654735713156438859e-01 4.846535465584549485e+01
7.961592490650317711e-01 4.217854327077122711e+00 -5.196079766823933355e+00 4.217854327077122711e+00 1.378019537284965423e+01 -6.333317495413859355e+00 -5.196079766823933355e+00 -6.333317495413859355e+00 4.310483305393616149e+01
7.434057543462373907e+00 -7.716693784906016873e+00 6.951742439869363466e+00 -7.716693784906016873e+00 3.460377247967329151e+00 -7.420681501627472088e+00 6.951742439869363466e+00 -7.420681501627472088e+00 8.775433757107913735e+00
1.453088715964495314e+01 -1.342632628673287698e+00 8.419142083996172587e+00 -1.342632628673287698e+00 1.481773772957535229e+01 -2.968818772106899484e+00 8.419142083996172587e+00 -2.968818772106899484e+00 3.058625274235381397e+01
-9.612174412181600403e+00 2.415333164046691738e+00 -3.632087448885216840e+00 2.415333164046691738e+00 6.792557187644421290e+00 2.725553822736447529e+00 -3.632087448885216840e+00 2.725553822736447529e+00 1.461760266779384487e+01
-2.960689172326052443e+01 5.979863110763317113e-01 8.581664308979641831e-01 5.979863110763317113e-01 -2.940163603936351677e+01 -3.111525055978754395e+00 8.581664308979641831e-01 -3.111525055978754395e+00 -1.323140813593987097e+01
-6.034060536386117946e+00 1.938903679015583359e+00 -1.631322014306883394e+00 1.938903679015583359e+00 1.386568976240092965e+01 3.646657564670723328e+00 -1.631322014306883394e+00 3.646657564670723328e+00 2.720357472491400586e+01
1.762318638256856573e+01 8.520600785730021443e+00 -8.857801760995204887e+00 8.520600785730021443e+00 2.211152399528069878e+01 3.806593098039838363e+00 -8.857801760995204887e+00 3.806593098039838363e+00 2.766483906572846507e+01
1.791237078584427067e+01 -8.081732525889231411e+00 -5.147722928353284821e+00 -8.081732525889231411e+00 1.179106279355739417e+01 5.288425134500397640e+00 -5.147722928353284821e+00 5.288425134500397640e+00 1.170631597145564839e+01
-9.132165650106333743e+00 1.892998235808150298e+00 -7.263902162556437503e+00 1.892998235808150298e+00 -1.501391629813477380e+01 2.163065809329158540e-01 -7.263902162556437503e+00 2.163065809329158540e-01 -3.050963927419711563e+00
-1.661649065803943870e+01 3.548305103123416515e+00 4.190164664764908231e+00 3.548305103123416515e+00 -9.663895430377211326e+00 1.133331455812642830e+01 4.190164664764908231e+00 1.133331455812642830e+01 -8.553112526005067551e+00
-1.205381852454603475e+01 -4.343110193666357977e-01 1.544759716930868554e-01 -4.343110193666357977e-01 -5.233405246903913621e+00 -6.950519971867902491e+00 1.544759716930868554e-01 -6.950519971867902491e+00 1.350310446184992585e+01
-2.055253626642583242e+01 3.477436791321221410e+00 -4.109334013881379200e+00 3.477436791321221410e+00 -1.839431478156016198e+01 -3.861273682660550932e+00 -4.109334013881379200e+00 -3.861273682660550932e+00 -5.035731127356433134e+00
-2.830908029384896096e+01 8.537984539568849174e-01 7.915434394488646497e+00 8.537984539568849174e-01 -1.285385616202518655e+01 2.109811968101873880e+00 7.915434394488646497e+00 2.109811968101873880e+00 -6.761164179713888833e-01
3.153656034534754937e+01 -7.780311396632037635e+00 2.314408409437468617e+00 -7.780311396632037635e+00 2.391846300084649002e+01 -1.135674824165827523e+01 2.314408409437468617e+00 -1.135674824165827523e+01 3.541690599116316918e+01
1.557737807548878450e+01 9.581675559039206647e-01 -1.404605102831764762e+00 9.581675559039206647e-01 1.261515470136985506e+01 -1.550040887917478960e+00 -1.404605102831764762e+00 -1.550040887917478960e+00 3.420940739389997987e+01
1.263676098988587349e+01 -4.715707666010701793e+00 -1.753531508937654193e+00 -4.715707666010701793e+00 9.878590930562264560e+00 -1.742288524354743684e+00 -1.753531508937654193e+00 -1.742288524354743684e+00 2.007892302428847842e+01
1.949502988642063173e+01 -8.142152290048025876e-01 9.057097272436351432e+00 -8.142152290048025876e-01 3.122553222640219417e+01 -1.204451185917538680e+01 9.057097272436351432e+00 -1.204451185917538680e+01 1.540200086350607656e+01
-4.116167860459417405e+00 5.268766340363551848e+00 3.631407935895264671e+00 5.268766340363551848e+00 -1.356225936232617535e+01 1.667930155475172649e+00 3.631407935895264671e+00 1.667930155475172649e+00 1.626205338455506677e+01
-1.836528788416343261e+01 2.140938177482490268e+00 1.022377423032773081e+01 2.140938177482490268e+00 -1.131482088906723327e+01 1.550838822093151492e+00 1.022377423032773081e+01 1.550838822093151492e+00 -7.105333547910243297e+00
4.073645628439124522e+01 2.127364641527075051e+00 2.858636441833936281e+00 2.127364641527075051e+00 3.806248679635159959e+01 5.296520333473529796e+00 2.858636441833936281e+00 5.296520333473529796e+00 3.385262711478274866e+01
3.912978588899880350e+01 -6.675995365902241296e+00 4.912963114818297505e+00 -6.675995365902241296e+00 3.476220081153955732e+01 -5.656966073364992909e+00 4.912963114818297505e+00 -5.656966073364992909e+00 5.709118342104368793e+01
-1.451686695747614841e+01 -3.601885289242287680e+00 3.991325594933404108e+00 -3.601885289242287680e+00 -2.026421228204129932e+01 1.647696981584475973e+00 3.991325594933404108e+00 1.647696981584475973e+00 -4.838476032005559979e+00
-1.157818735088006967e+01 1.852609800949351904e+00 -2.860098613425487102e+00 1.852609800949351904e+00 -1.067528582218550959e+01 -1.347011010247072260e+00 -2.860098613425487102e+00 -1.347011010247072260e+00 -3.505375881022770868e-01
2.449664703631993135e+01 -1.070838495184385675e+00 1.596578603601101154e+00 -1.070838495184385675e+00 1.772015956117705215e+01 -2.952058649558495507e+00 1.596578603601101154e+00 -2.952058649558495507e+00 5.259240383273702690e+01
-4.244634222868151596e+01 -3.919925817705598003e+00 9.214367405156962398e-01 -3.919925817705598003e+00 -4.003513854017496953e+01 -2.209986061805422342e+00 9.214367405156962398e-01 -2.209986061805422342e+00 -3.742691691823014821e+01
-1.000080362565780367e+00 -7.744856343157463741e+00 -1.478558376905657035e+01 -7.744856343157463741e+00 2.637332177830421509e-01 -1.513907314610485888e-01 -1.478558376905657035e+01 -1.513907314610485888e-01 3.818110007419509344e+00
-8.655560776793164379e+00 -2.723470233150883768e+00 3.908172572265619649e-01 -2.723470233150883768e+00 -1.377182564481430127e+01 -5.907568703587783077e+00 3.908172572265619649e-01 -5.907568703587783077e+00 -3.868059728359979133e+00
1.986971941400597785e+01 2.354937168174904283e+00 -3.667688974157846893e+00 2.354937168174904283e+00 1.936618641468084689e+01 7.530048446531272255e-01 -3.667688974157846893e+00 7.530048446531272255e-01 3.169163660831187102e+01
3.692621173790203670e+01 -2.947352808295131688e+00 6.668219631237579659e-01 -2.947352808295131688e+00 3.919858717754831190e+01 5.794368601003065500e+00 6.668219631237579659e-01 5.794368601003065500e+00 4.272348914499436745e+01
-2.451335203809761865e+01 -1.988007891211593936e-01 -4.535108294984772748e+00 -1.988007891211593936e-01 -3.688484870146373851e+01 -5.934953223046813164e+00 -4.535108294984772748e+00 -5.934953223046813164e+00 -9.694634319934035460e+00
-3.065873248601146628e+01 3.598133192592832597e+00 -2.761455785632333182e+00 3.598133192592832597e+00 -3.862995852407984643e+01 -2.447281066237647185e+00 -2.761455785632333182e+00 -2.447281066237647185e+00 -1.174132267080461745e+01
-6.578131576541468739e+00 2.435632309980757526e+00 5.201435655480941556e+00 2.435632309980757526e+00 -1.239501500300211889e+00 -8.072764608186625779e+00 5.201435655480941556e+00 -8.072764608186625779e+00 3.219768691545318262e+01
-9.335878841247753357e+00 7.705786137363761945e+00 5.855994197125507839e+00 7.705786137363761945e+00 -1.259895557322053605e+01 -7.641204029409758292e+00 5.855994197125507839e+00 -7.641204029409758292e+00 -1.516369125304532517e+01
-4.372044485230577315e+00 1.243454533018900909e-01 2.355731218140472816e+00 1.243454533018900909e-01 -1.481871389663053940e+01 -4.324527348195227994e+00 2.355731218140472816e+00 -4.324527348195227994e+00 2.730407215137878296e+01
