3.701229186488937728e+01 1.945313123577933290e+00 8.162950798730618018e+00 1.945313123577933290e+00 2.337037805863941031e+01 -5.329420732719721165e+00 8.162950798730618018e+00 -5.329420732719721165e+00 2.634926943427969093e+01
5.238999452302230964e+00 -7.635750711215023578e+00 7.427904009628149673e+00 -7.635750711215023578e+00 -2.530229038904125538e+00 1.342517026956496107e+00 7.427904009628149673e+00 1.342517026956496107e+00 4.227556184685114182e+00
-1.350538923953145520e+01 1.568420149797597318e+01 1.212527086913189445e+00 1.568420149797597318e+01 -7.773659909515687971e+00 6.600262802583144683e+00 1.212527086913189445e+00 6.600262802583144683e+00 2.311640716071813539e+00
-1.416118798952935087e+01 1.475293432765587998e+00 3.042944698791823388e+00 1.475293432765587998e+00 -8.817000738341487676e+00 5.369267062926486034e-01 3.042944698791823388e+00 5.369267062926486034e-01 -1.054244015904397536e+01
-9.001624312556606000e+00 5.971997972941355926e+00 1.679896116784142857e+00 5.971997972941355926e+00 -3.511067496362691442e-01 -2.110693125004432513e+00 1.679896116784142857e+00 -2.110693125004432513e+00 -1.108718704161035262e+01
3.350736362944002877e+01 4.710592652661849122e+00 5.570777285094953513e+00 4.710592652661849122e+00 3.088941842565746398e+01 2.147244557534836229e+00 5.570777285094953513e+00 2.147244557534836229e+00 3.150386333104964010e+01
-6.821613432470035043e+00 -2.210555939970314299e+00 -5.231272225321663250e+00 -2.210555939970314299e+00 -8.534647307493573365e+00 2.876148553258627061e+00 -5.231272225321663250e+00 2.876148553258627061e+00 -3.424646042576735994e+00
-4.284206380448853047e+00 4.169865478443602669e+00 -8.871170330632004442e-01 4.169865478443602669e+00 -1.957548926853892590e+00 3.505367132860119028e+00 -8.871170330632004442e-01 3.505367132860119028e+00 -4.156098152685704150e+00
-2.006190720218532952e+00 -6.231078210537924988e+00 -3.965453564076000248e+00 -6.231078210537924988e+00 -5.586440631533624135e+00 1.718827780157213381e+00 -3.965453564076000248e+00 1.718827780157213381e+00 -8.153962004962611587e+00
-2.786687940288990006e+01 2.484304308270743000e+00 2.855570187380871428e+00 2.484304308270743000e+00 -1.905388471434540421e+01 -5.884319236472375536e+00 2.855570187380871428e+00 -5.884319236472375536e+00 -2.076946752725249468e+01
-4.388120223094631456e+00 -1.869688400886852619e+00 5.878343296605160084e+00 -1.869688400886852619e+00 6.725071572390925567e+00 4.201607843948373389e-01 5.878343296605160084e+00 4.201607843948373389e-01 -4.174450449599190760e-01
2.328711956353809143e+01 -3.584508438164908828e+00 9.262288787638064402e-01 -3.584508438164908828e+00 2.841514646071766137e+01 -4.133177564122609837e+00 9.262288787638064402e-01 -4.133177564122609837e+00 1.999301647558943529e+01
2.325820330987081519e+01 -3.093956685529184458e+00 7.840417536105120933e-01 -3.093956685529184458e+00 2.624426038161455921e+01 -1.117063121597890341e+00 7.840417536105120933e-01 -1.117063121597890341e+00 2.422841007712454697e+01
1.244889197873473385e+01 -2.137134898404054351e+00 3.269884502877130839e+00 -2.137134898404054351e+00 8.581195956594953600e+00 -5.468419667469278878e+00 3.269884502877130839e+00 -5.468419667469278878e+00 -8.125260780563046126e+00
1.108756457894515535e+01 -5.126421367081241964e-01 1.162091783393175648e+00 -5.126421367081241964e-01 1.785771696686999377e+01 -8.918872166274791069e-02 1.162091783393175648e+00 -8.918872166274791069e-02 1.182208086410884107e+01
-7.901888208487792831e+00 -7.304428686800217008e-02 1.854922864546626826e+01 -7.304428686800217008e-02 -3.068354844641479895e-01 1.121063153319726524e+01 1.854922864546626826e+01 1.121063153319726524e+01 5.214086607764130576e+00
3.827512136223743866e+00 -4.004640658145093290e+00 -9.044026522762905529e+00 -4.004640658145093290e+00 -6.996442537007458107e+00 -4.475071899665795883e+00 -9.044026522762905529e+00 -4.475071899665795883e+00 -2.664656960899410976e+01
-9.583601710986730637e+00 -2.307012474441393568e+00 -5.666163282046922767e+00 -2.307012474441393568e+00 -1.362944477488502670e+01 1.668915266187995239e-01 -5.666163282046922767e+00 1.668915266187995239e-01 -8.895529501604675815e+00
3.174857303668422404e+01 -3.743044284262837973e+00 1.913923861801052562e+00 -3.743044284262837973e+00 3.138088149174340558e+01 -2.885265763090932190e+00 1.913923861801052562e+00 -2.885265763090932190e+00 4.584425767786578376e+01
1.029474036581976293e+01 7.086841735503479178e+00 -1.439884081521809023e+00 7.086841735503479178e+00 5.526219722886996699e+00 1.769147021195972336e+00 -1.439884081521809023e+00 1.769147021195972336e+00 5.020243333718802603e+00
1.718714730970037508e+01 5.063904645516123182e+00 2.116966481910310949e-01 5.063904645516123182e+00 1.549572478896868510e+01 6.754587447145813606e+00 2.116966481910310949e-01 6.754587447145813606e+00 1.243897943422146390e+01
7.578119020132024097e+00 1.070492699867169684e+01 6.192591832139463293e+00 1.070492699867169684e+01 6.575039227893972438e+00 7.257323036411750472e+00 6.192591832139463293e+00 7.257323036411750472e+00 -1.035780541200249649e+00
-1.384429664702861891e-02 5.453458087648147545e-01 -1.372245572219726872e+00 5.453458087648147545e-01 6.529659387663626191e+00 7.054332528680545167e+00 -1.372245572219726872e+00 7.054332528680545167e+00 1.701864868715870216e+01
-1.012857202745016671e+01 6.980681223827630566e-01 4.064378985975034553e+00 6.980681223827630566e-01 -7.657884336238118372e+00 4.133613194780705768e+00 4.064378985975034553e+00 4.133613194780705768e+00 -9.957450109533414917e+00
-5.848528246063949609e+00 -2.087895064489870833e+00 4.001050469645706542e+00 -2.087895064489870833e+00 -1.004614874285801740e+01 -2.815765122491503458e+00 4.001050469645706542e+00 -2.815765122491503458e+00 -1.228102573950535437e+01
2.369805824544094719e+01 -7.045462018430234785e+00 3.188820466153794997e-01 -7.045462018430234785e+00 3.220136124851600101e+01 -4.028231640170458761e+00 3.188820466153794997e-01 -4.028231640170458761e+00 3.225602368813400744e+01
-1.608032449442790934e+01 -2.816430790545291885e+00 9.367160265964757926e+00 -2.816430790545291885e+00 -1.588631438628680215e+01 -6.848326852954531585e-01 9.367160265964757926e+00 -6.848326852954531585e-01 -1.451045236947093287e+01
-3.209868317294194640e+01 -1.530023560108823899e+00 -9.405554384021108660e+00 -1.530023560108823899e+00 -2.701239222317680344e+01 -6.803739478935124652e+00 -9.405554384021108660e+00 -6.803739478935124652e+00 -2.608946486294584943e+01
3.139575255819698540e+01 9.358807354617943997e-01 -4.151915470525999297e+00 9.358807354617943997e-01 2.109289163164178404e+01 1.907174849748855427e+00 -4.151915470525999297e+00 1.907174849748855427e+00 2.788116336553643748e+01
-1.753322231831041078e+00 -7.068246269731319753e-01 -3.738027986291807270e-02 -7.068246269731319753e-01 2.871329937296271506e+00 1.811174941184099607e+00 -3.738027986291807270e-02 1.811174941184099607e+00 -2.361260517427681282e+00
-6.907383408187931728e+00 5.089252036980249083e-02 3.604406355619002245e+00 5.089252036980249083e-02 -1.103037275528639860e+01 1.004498532827355017e+00 3.604406355619002245e+00 1.004498532827355017e+00 -4.916740910278752708e+00
-3.355692264316013640e-01 -9.240826874024053339e+00 1.538979859805411632e+00 -9.240826874024053339e+00 1.582122056185105929e+00 5.301729683182195174e+00 1.538979859805411632e+00 5.301729683182195174e+00 -1.139564110290158894e+01
1.441513380920048704e+01 2.437821301810570773e+00 4.989177256865796828e+00 2.437821301810570773e+00 9.332131109507653122e+00 -7.927303130021560840e+00 4.989177256865796828e+00 -7.927303130021560840e+00 2.236287291010499700e+01
2.629522217300693043e+01 -3.126975547926460930e+00 6.749041632608710373e+00 -3.126975547926460930e+00 2.323780700925264853e+01 1.736737044429540466e+00 6.749041632608710373e+00 1.736737044429540466e+00 1.440168649149327074e+01
5.256753111039828674e+00 -2.012048671615043194e+00 2.720757818105378201e-01 -2.012048671615043194e+00 9.940335209455589904e+00 -4.659251644986760255e+00 2.720757818105378201e-01 -4.659251644986760255e+00 1.174960997805110630e+01
-9.262006722200853304e+00 1.238141727507424905e+00 1.108582311617278160e+00 1.238141727507424905e+00 -4.419866704357625409e+00 1.102952275072218491e+00 1.108582311617278160e+00 1.102952275072218491e+00 -6.731425302065683347e-01
6.898310004257665717e+00 2.399867020950168239e-01 6.631713356508056600e-02 2.399867020950168239e-01 3.468664648744543388e+00 -4.760244800818860256e+00 6.631713356508056600e-02 -4.760244800818860256e+00 -1.479111138929368252e+01
-1.486752327267751106e+01 -3.562824072713842716e-01 4.833881566913696304e+00 -3.562824072713842716e-01 -5.838414650206581236e+00 -3.583856293914831070e+00 4.833881566913696304e+00 -3.583856293914831070e+00 -1.832628059886353356e+00
-1.247098347991772904e+01 -3.650307664399745633e+00 3.987984945694722949e+00 -3.650307664399745633e+00 -1.819271842330888234e+01 3.957793707372896375e+00 3.987984945694722949e+00 3.957793707372896375e+00 -2.771255718782911259e+01
-2.144349267846112284e+01 1.356793662192232963e+00 -6.366897459464511577e+00 1.356793662192232963e+00 -1.279101280108670480e+01 -1.830607301518182517e+00 -6.366897459464511577e+00 -1.830607301518182517e+00 -1.722501308450421220e+01
5.850745313429283279e+00 -5.809825497550826334e+00 -4.409417688169790850e+00 -5.809825497550826334e+00 1.224298327756974336e+00 -1.592026179866521396e+00 -4.409417688169790850e+00 -1.592026179866521396e+00 -1.050613724110895930e+01
1.432322578618691367e+01 -4.307489630598522190e+00 7.556383917520694382e+00 -4.307489630598522190e+00 4.195864813742514521e+00 2.736838232966626983e+00 7.556383917520694382e+00 2.736838232966626983e+00 1.282090366249128621e+01
-3.005521345796239086e+00 -1.159532387530458397e+00 6.948081979818756082e+00 -1.159532387530458397e+00 1.747088822979637524e+00 -4.697298774817944000e+00 6.948081979818756082e+00 -4.697298774817944000e+00 -1.142399279840865978e+00
-6.377744236174242687e+00 -1.515417183688308578e+00 8.766251691534813872e+00 -1.515417183688308578e+00 -4.854414736011235298e+00 2.734091725656536132e-01 8.766251691534813872e+00 2.734091725656536132e-01 -7.059338668672332062e+00
-2.161580308285781271e+01 -4.677991240632130676e+00 -8.050536618850692605e+00 -4.677991240632130676e+00 -1.338191689499366532e+01 -7.941128115044816305e+00 -8.050536618850692605e+00 -7.941128115044816305e+00 -8.494608479861067707e+00
1.168981433138240045e-01 -3.720267599051744423e+00 4.634938510109004817e+00 -3.720267599051744423e+00 -1.307851257587736848e-01 -4.648014272787368562e+00 4.634938510109004817e+00 -4.648014272787368562e+00 2.412526337364561346e+00
2.888525469710137372e+01 -3.089489151802337297e+00 5.997956017877011270e+00 -3.089489151802337297e+00 3.458005411370096027e+01 1.793048862810058264e+00 5.997956017877011270e+00 1.793048862810058264e+00 4.195809130024666445e+01
3.928084576022597751e+00 -1.815116760478306279e+00 -5.860654317532552504e+00 -1.815116760478306279e+00 8.699712454482893875e+00 2.820738906765062559e+00 -5.860654317532552504e+00 2.820738906765062559e+00 -2.006391877435150656e-02
2.165769400128631261e+01 8.707568852529540493e+00 -1.755419534028934470e+00 8.707568852529540493e+00 1.465894133146523970e+01 -1.858407680174620213e-01 -1.755419534028934470e+00 -1.858407680174620213e-01 1.660813199376633875e+01
9.025571185463692192e-01 -9.945464023504758444e+00 -8.256679431295461669e+00 -9.945464023504758444e+00 3.346046589671541671e+00 -2.184587535850558981e-01 -8.256679431295461669e+00 -2.184587535850558981e-01 1.562498178883217825e+01
