5.060264787063908898e+01 8.873313416037600376e+00 1.008922369648632333e+01 8.873313416037600376e+00 3.400895338042045069e+01 -2.275291172689973163e+00 1.008922369648632333e+01 -2.275291172689973163e+00 4.730187571473034325e+01
1.352371942188728760e+01 -5.644376158865187065e+00 -6.103420340815841894e-02 -5.644376158865187065e+00 6.088833996260783366e+00 -5.998563253012449970e-01 -6.103420340815841894e-02 -5.998563253012449970e-01 9.784989585125856593e+00
2.378691520599987896e+01 -8.972713314865485401e+00 9.281069008983312330e+00 -8.972713314865485401e+00 2.822451413339612003e+01 -1.459778148426761746e+01 9.281069008983312330e+00 -1.459778148426761746e+01 3.630816694249877230e+01
-1.192689923906374627e+00 7.693305576698963755e+00 2.974047805956648816e+01 7.693305576698963755e+00 -5.785309645636909437e+01 7.529585304633305221e+00 2.974047805956648816e+01 7.529585304633305221e+00 3.685402820790657064e+00
3.876821294379811889e+01 1.977784646039293825e+00 3.477926853581762145e+01 1.977784646039293825e+00 1.947878844394119113e+01 -9.002755075821822217e+00 3.477926853581762145e+01 -9.002755075821822217e+00 1.189090893082773448e+01
2.293059946472216737e+01 6.564564182454536656e+00 -1.071956334245774273e-01 6.564564182454536656e+00 4.468018051737517204e+00 -1.150770990498995339e+01 -1.071956334245774273e-01 -1.150770990498995339e+01 1.744549413514011960e+01
3.737422214250553765e+00 -1.019651122741155191e+01 2.839084679134478861e+01 -1.019651122741155191e+01 -4.959782179724098228e+01 4.189920068779606765e+00 2.839084679134478861e+01 4.189920068779606765e+00 -1.908468973965710447e+01
-2.898498093826123068e+01 1.649753541167522641e+01 2.828260438100385632e-01 1.649753541167522641e+01 -3.385978165094053338e+01 -1.673093249369785873e+00 2.828260438100385632e-01 -1.673093249369785873e+00 -2.030922242870575900e+01
-7.147170258138595855e+00 -5.454758932020440376e+00 1.359209833824423797e+01 -5.454758932020440376e+00 -3.173462790267305067e+01 -1.176402667606807206e+01 1.359209833824423797e+01 -1.176402667606807206e+01 1.025487345020036045e+01
1.092695666537587940e+01 -4.540131353216615651e+00 1.618604321268582336e+00 -4.540131353216615651e+00 9.086151242427521479e-01 -2.693935115768722466e-01 1.618604321268582336e+00 -2.693935115768722466e-01 2.227096188238545338e+01
3.757417824360499736e+01 -1.094212068741572708e+01 1.036733513866949963e+01 -1.094212068741572708e+01 2.199580950210436825e+01 9.249168612124385902e+00 1.036733513866949963e+01 9.249168612124385902e+00 4.706460710614342702e+01
3.815614028760647702e+00 2.138765452910099896e+00 1.926402943310335236e-01 2.138765452910099896e+00 -1.063558814867031188e+01 -2.295022862850408352e+00 1.926402943310335236e-01 -2.295022862850408352e+00 1.062705905769659864e+01
3.860442203665024863e+01 1.721629818999390338e+01 1.461728573469776293e+01 1.721629818999390338e+01 2.579171003552501418e+01 -1.931605147656024535e+00 1.461728573469776293e+01 -1.931605147656024535e+00 1.880377189226954115e+01
3.664096288836893223e+01 -1.132620544014144848e+01 4.124436170389493839e+00 -1.132620544014144848e+01 2.494330858885431113e+01 6.096776811481188219e+00 4.124436170389493839e+00 6.096776811481188219e+00 4.059086924265648122e+01
3.228986142565798190e+01 -1.103239316620669541e+01 2.062623920886031570e+01 -1.103239316620669541e+01 3.180969257775617010e+01 -1.202128663796653463e+01 2.062623920886031570e+01 -1.202128663796653463e+01 3.527074578853250131e+01
4.666348272529165797e+01 1.179576339791152062e+00 -5.212271234468023984e+00 1.179576339791152062e+00 2.833789943421919233e+01 -3.272731745216602040e+00 -5.212271234468023984e+00 -3.272731745216602040e+00 4.170534628830451851e+01
3.189917597206682132e+01 -3.359128316018765936e+00 1.504166447830408870e+01 -3.359128316018765936e+00 1.524193925764412372e+00 8.776604607251233148e+00 1.504166447830408870e+01 8.776604607251233148e+00 4.144951827301737524e+01
7.706422576581888784e+00 -4.419604138325331499e-01 1.435050161256277823e+00 -4.419604138325331499e-01 -8.101589320127901672e+00 1.250538818678938124e+00 1.435050161256277823e+00 1.250538818678938124e+00 1.811391085643547072e+01
-1.190013528062002202e+01 7.669558162544036328e+00 1.220332682880955488e+01 7.669558162544036328e+00 -5.042259692199573351e+01 4.982430581121882973e+00 1.220332682880955488e+01 4.982430581121882973e+00 -3.846456848143511564e+01
3.193064235065015577e+00 -1.174519392760403314e+01 3.507841393495565896e+00 -1.174519392760403314e+01 -2.700374041230807620e+01 8.771365774426382877e-01 3.507841393495565896e+00 8.771365774426382877e-01 -1.228562261806097178e+00
-1.722294784507842280e+01 -1.622240257693254861e+01 1.016924819117206980e+01 -1.622240257693254861e+01 -5.566821576041751740e+01 -6.786601795658214753e-01 1.016924819117206980e+01 -6.786601795658214753e-01 -1.409251682838822717e+01
-2.900441876791236240e+01 2.281865465781450197e+01 3.011834487513948488e+01 2.281865465781450197e+01 -5.407091593713845157e+01 -1.817937330071862689e+01 3.011834487513948488e+01 -1.817937330071862689e+01 -1.367953848949482243e+01
3.756347705937097459e+01 2.301332276392723308e+00 5.450579391639059246e+00 2.301332276392723308e+00 1.030695751973705576e+01 -1.158063757203655619e+01 5.450579391639059246e+00 -1.158063757203655619e+01 3.894562475281542646e+01
1.977290512833605263e+01 5.638756573870085553e+00 1.763973411837229577e+01 5.638756573870085553e+00 3.359228012993406676e+00 -3.689957256425073329e+00 1.763973411837229577e+01 -3.689957256425073329e+00 -1.260033694955113859e+01
1.753469056742309107e+01 4.435053083234002713e+00 2.009720960479447882e+01 4.435053083234002713e+00 -9.110584882445131427e+00 -1.874620931081206265e+01 2.009720960479447882e+01 -1.874620931081206265e+01 7.793387368049023323e+00
-3.032927133399243402e+01 3.707411254359548103e+00 9.333285407199333861e+00 3.707411254359548103e+00 -4.813785635436177301e+01 -7.045958940901827283e+00 9.333285407199333861e+00 -7.045958940901827283e+00 -4.128364797877261338e+01
-1.242758752640824227e+01 -1.198329084453461313e+01 1.451084701760890638e+01 -1.198329084453461313e+01 -3.696693583135019168e+01 -6.748660397044945469e+00 1.451084701760890638e+01 -6.748660397044945469e+00 -9.141977652609638128e+00
-4.006842475778207557e+01 1.988524163119558263e+00 9.660330841989384965e+00 1.988524163119558263e+00 -4.248346128621408013e+01 2.173194487000906250e+01 9.660330841989384965e+00 2.173194487000906250e+01 -3.283999109644533831e+01
-2.536203568441013800e+01 1.972540345848366172e+01 1.747810290612139106e+00 1.972540345848366172e+01 -4.844701743389676096e+01 5.415566321160678598e+00 1.747810290612139106e+00 5.415566321160678598e+00 -3.755206637747787823e+01
-2.159012759521701241e+00 -7.295523640099461637e+00 1.876875056510717243e+01 -7.295523640099461637e+00 -3.833994112795193132e+01 1.168378124034268950e+01 1.876875056510717243e+01 1.168378124034268950e+01 -4.330455447049837980e-01
8.099422189993660481e+00 -8.903278364283755408e-01 6.434999293812575516e+00 -8.903278364283755408e-01 -1.248097576253613994e+01 -2.399168651661452323e+00 6.434999293812575516e+00 -2.399168651661452323e+00 5.813432615381819879e+00
1.057770105624906698e+01 -6.451605014470248811e+00 -1.099143150600588870e+00 -6.451605014470248811e+00 -6.410048883164938260e+00 -1.446298945384454449e+01 -1.099143150600588870e+00 -1.446298945384454449e+01 -6.075947590235569962e+00
-2.031187381080842513e+00 1.396585431280170875e+00 2.211280958450211553e+00 1.396585431280170875e+00 -1.408440320694557712e+01 2.202760478386370568e+00 2.211280958450211553e+00 2.202760478386370568e+00 2.055298707929278379e+01
2.610550092167059333e+01 1.869593818185886880e+00 1.775181342941581031e+00 1.869593818185886880e+00 2.944378380107333104e+00 -3.526414804381658996e+00 1.775181342941581031e+00 -3.526414804381658996e+00 2.763133308627731921e+01
4.505483636019383731e+00 4.636924268340548494e+00 1.238032563386851770e+01 4.636924268340548494e+00 -3.116522670972122100e+01 1.664223461139412441e+00 1.238032563386851770e+01 1.664223461139412441e+00 1.142832803894596516e+00
2.697633710736909052e+01 5.026097034864281277e+00 6.500486159009376763e+00 5.026097034864281277e+00 8.734298431694582643e-01 -4.360807271241136540e+00 6.500486159009376763e+00 -4.360807271241136540e+00 2.860130857326521436e+01
-7.733947128269972993e+00 1.498131853078509579e+01 2.622682254188743300e+01 1.498131853078509579e+01 1.088816660641285239e+01 -9.271316723854940989e+00 2.622682254188743300e+01 -9.271316723854940989e+00 8.066819789584915412e+00
-1.355628794423107353e+00 -5.138464801564148754e-01 5.723924659120078751e+00 -5.138464801564148754e-01 -1.616072625034545851e+01 -1.300816147193217365e+00 5.723924659120078751e+00 -1.300816147193217365e+00 2.555442655489293724e+00
5.358388734963106970e+00 1.812583341997114683e+00 3.317744265169158524e+01 1.812583341997114683e+00 6.190113797652911920e+00 8.487866995545488180e+00 3.317744265169158524e+01 8.487866995545488180e+00 -1.419953092672683681e+01
4.573874622282698255e+00 1.468859601464673759e+01 6.250409471908428216e+00 1.468859601464673759e+01 -5.013977305877848067e+01 -1.492025934315023683e+01 6.250409471908428216e+00 -1.492025934315023683e+01 -1.261646955758698496e+01
-4.693398485617084503e+01 -3.358973356799379140e+00 1.374140616755765976e+01 -3.358973356799379140e+00 -5.712095961162415136e+01 -2.175679870114858261e+01 1.374140616755765976e+01 -2.175679870114858261e+01 -5.877474739169832674e+01
-3.461771866825826294e+01 3.019752829934833294e+00 1.216048869333307181e+01 3.019752829934833294e+00 -5.419115042099311808e+01 -5.788448332363411719e-01 1.216048869333307181e+01 -5.788448332363411719e-01 -3.784728710014664443e+01
1.281619532340326373e+01 -2.639019263639664548e+00 1.400227010290801744e+01 -2.639019263639664548e+00 8.724821820154101459e+00 1.695599047204816756e+01 1.400227010290801744e+01 1.695599047204816756e+01 1.613802672948976991e+01
1.263546677264978335e+01 1.146282295151506858e+01 4.913503134775809578e+00 1.146282295151506858e+01 -2.424167091760979886e+01 -1.221205284523753543e+00 4.913503134775809578e+00 -1.221205284523753543e+00 8.758769234828852612e-01
-1.019321790397305527e+01 -2.086885246428537233e+00 2.952950111688879886e+00 -2.086885246428537233e+00 -3.166045228601160488e+01 4.339090756545933125e+00 2.952950111688879886e+00 4.339090756545933125e+00 -4.866793330455110755e+00
1.214106673024687666e+00 -2.852447855924150399e+00 2.686971006077433799e+01 -2.852447855924150399e+00 -3.556786755317259008e+01 8.339229793856118178e+00 2.686971006077433799e+01 8.339229793856118178e+00 1.292408991015787212e+00
1.716260855221502624e+01 -7.162210446307835099e+00 3.273306063245092545e+00 -7.162210446307835099e+00 -3.657764556365421527e+00 -4.366167354980844628e+00 3.273306063245092545e+00 -4.366167354980844628e+00 3.171860141452089721e+01
-1.115518443166934759e+01 8.236768940163091690e-01 1.499327900782789591e+01 8.236768940163091690e-01 -5.645174837823681457e+01 -2.129160675729388164e+00 1.499327900782789591e+01 -2.129160675729388164e+00 -1.569004319598747621e+01
-2.905454980756168126e+01 9.559657374409115116e-01 2.210834634528776022e+01 9.559657374409115116e-01 -4.844390509543281098e+01 1.263919564812656304e+01 2.210834634528776022e+01 1.263919564812656304e+01 -5.724429565368403416e+00
-4.659346959000449040e+00 -7.523669610544978958e+00 8.104413626218637035e+00 -7.523669610544978958e+00 -1.526828838617370998e+01 5.083361218611994303e+00 8.104413626218637035e+00 5.083361218611994303e+00 -8.651058389190042774e+00
-1.917634556778231314e+01 -9.425930233876348652e+00 2.142940438138614923e+01 -9.425930233876348652e+00 -3.206179062112644118e+01 -7.192334451022970754e+00 2.142940438138614923e+01 -7.192334451022970754e+00 -2.098610366500894742e+01
-7.261027250792563059e+00 6.400608829540534117e+00 6.613075259399261441e+00 6.400608829540534117e+00 -3.848970652833019557e+01 -4.975686723982968296e+00 6.613075259399261441e+00 -4.975686723982968296e+00 -1.839867952674594775e+01
1.290237388090310588e+01 -1.260644573611716623e+01 2.406284007107290535e+01 -1.260644573611716623e+01 -1.469653647156431830e+01 2.029753243084359227e+01 2.406284007107290535e+01 2.029753243084359227e+01 -2.155616124349549967e+00
1.045553953734673591e+01 -5.523098875823901466e+00 1.593665748340553989e+01 -5.523098875823901466e+00 -1.400231265250953250e+01 -7.939312084918769941e+00 1.593665748340553989e+01 -7.939312084918769941e+00 -4.260369274700424036e+00
-4.387485145151240218e+00 -1.823109939251263523e+00 7.418616828682733200e+00 -1.823109939251263523e+00 -2.804075170592127719e+01 7.967949062756223000e-02 7.418616828682733200e+00 7.967949062756223000e-02 2.971833322709042324e+00
1.280196222862250899e+01 -6.734069229449100025e-01 1.060408890297631190e+00 -6.734069229449100025e-01 -7.110093058604994631e+00 -8.876926717507275244e-01 1.060408890297631190e+00 -8.876926717507275244e-01 1.922986724424295346e+01
3.952171096693739116e+01 2.678455304667789605e+01 9.201098125213599488e+00 2.678455304667789605e+01 1.491912000339395661e+01 -9.707694456252195181e+00 9.201098125213599488e+00 -9.707694456252195181e+00 4.415355584495958396e+01
-1.630881132260384092e+01 7.314775502850236144e+00 2.881591121405937628e+01 7.314775502850236144e+00 -2.418784720222797802e+01 -1.479273510048606965e+01 2.881591121405937628e+01 -1.479273510048606965e+01 -4.196114562390683034e+01
4.063807210055686348e+00 -6.463906515093634120e+00 1.387782213332823567e+01 -6.463906515093634120e+00 -2.332353315920601489e+01 9.359650826116383548e-01 1.387782213332823567e+01 9.359650826116383548e-01 1.312383783856173203e+01
1.526141633946352272e+01 -4.883149593708253633e+00 1.180512583086366440e+01 -4.883149593708253633e+00 -9.066422764503614951e-02 -3.798978138367137269e+00 1.180512583086366440e+01 -3.798978138367137269e+00 2.195278715135714620e+01
-2.820373635011943936e+00 4.786416794807698771e+00 3.081070428775039360e+01 4.786416794807698771e+00 -4.655151098808799048e+01 -2.809273738774306750e+00 3.081070428775039360e+01 -2.809273738774306750e+00 -2.125113980486398191e+01
-6.100730384332925915e+00 -1.463104079357853848e+01 3.330435454502294945e+00 -1.463104079357853848e+01 -2.839454030146228902e+01 1.419029239325704772e+01 3.330435454502294945e+00 1.419029239325704772e+01 -7.893479055826547075e+00
1.798451584900775657e+01 -1.478930995190359976e+00 2.734480990700548020e+01 -1.478930995190359976e+00 -1.863717514533708552e+01 -5.252881347893636921e+00 2.734480990700548020e+01 -5.252881347893636921e+00 2.255748271423180285e+01
3.224729238051742186e+01 -2.486754384568726550e+00 7.172560261053727793e+00 -2.486754384568726550e+00 -8.790652245625167893e+00 1.931532862956742980e-01 7.172560261053727793e+00 1.931532862956742980e-01 2.344719019700260532e+01
4.154352899177292358e+01 5.082551940989127992e+00 2.996292244493520585e+01 5.082551940989127992e+00 1.872151176747528467e+01 -1.335475211116990302e+01 2.996292244493520585e+01 -1.335475211116990302e+01 5.592712601609814982e+01
7.805445113364477550e+00 -3.682306887043292676e+00 1.280136181134866646e+01 -3.682306887043292676e+00 -1.474033817597139873e+01 4.779502858847308189e-01 1.280136181134866646e+01 4.779502858847308189e-01 1.116985345787676742e+01
5.161507496513638493e+00 -1.286789720309326057e+01 -4.446162410977961166e+00 -1.286789720309326057e+01 -1.279747363746082023e+01 2.313939452374995653e+00 -4.446162410977961166e+00 2.313939452374995653e+00 5.420351521821467067e-01
-1.565501353966205755e+01 -2.263536301384268423e+00 1.558661004933137084e+00 -2.263536301384268423e+00 -3.045896626486097603e+01 1.000468627783175357e+00 1.558661004933137084e+00 1.000468627783175357e+00 -1.098261325588744874e+01
-1.129845340743796811e+01 -1.177086579237870412e+00 -4.613478102497041156e-01 -1.177086579237870412e+00 -3.347172332488730007e+01 -7.760407010542961892e+00 -4.613478102497041156e-01 -7.760407010542961892e+00 -1.488562332565128798e+01
3.036433851480070611e+00 -9.276195413044812099e+00 -7.600441688772711757e+00 -9.276195413044812099e+00 -1.043043333915422899e+01 -2.764231802094413215e+00 -7.600441688772711757e+00 -2.764231802094413215e+00 -4.712048191870259473e+00
1.073366304877875699e+01 6.833102646260906354e+00 1.474549184937485258e+01 6.833102646260906354e+00 -2.509328382559227677e+01 5.454812128074935096e+00 1.474549184937485258e+01 5.454812128074935096e+00 2.628591876973395713e+01
3.829093814357781156e+01 -1.500777289856044305e+01 1.609690105316285624e+01 -1.500777289856044305e+01 2.177520176074511937e+01 2.273855930232486333e+00 1.609690105316285624e+01 2.273855930232486333e+00 4.153896684147520091e+01
5.017319551116761289e+01 2.050493538635195012e+00 3.532903011379764990e+01 2.050493538635195012e+00 1.751665561050290520e+01 2.237088946666837774e+00 3.532903011379764990e+01 2.237088946666837774e+00 2.648260917653079716e+01
4.324945003137297306e+01 -4.037880300532617484e-01 1.112453202341922065e+01 -4.037880300532617484e-01 1.385761899525216201e+01 9.293996509299444764e-01 1.112453202341922065e+01 9.293996509299444764e-01 5.502314896464704930e+01
-1.924644069229898946e+01 -4.377171891778473878e+00 6.195154380609675826e+00 -4.377171891778473878e+00 -2.969990805512819421e+01 1.313902541918334776e+01 6.195154380609675826e+00 1.313902541918334776e+01 -6.311057429370482907e+01
2.332213911933362382e+01 -4.596050185087375617e+00 1.863156282884125403e+01 -4.596050185087375617e+00 1.721158521741191905e+01 2.059886455783423997e+00 1.863156282884125403e+01 2.059886455783423997e+00 -1.100662702207672483e+00
-4.995207355130941274e+00 2.833231479645559858e+01 3.539403238690120190e+01 2.833231479645559858e+01 -1.705143726594630138e+01 -5.729627419447758108e-01 3.539403238690120190e+01 -5.729627419447758108e-01 -1.072884056632057259e+01
-2.152544475826900339e+01 -1.039186651533530714e+01 7.397773937793036936e+00 -1.039186651533530714e+01 -4.599219858911806114e+01 -1.231395606647392560e+00 7.397773937793036936e+00 -1.231395606647392560e+00 -1.839322062839346827e+01
3.027084517132514918e+00 -7.912066311948384723e-01 7.659259854340323415e+00 -7.912066311948384723e-01 -1.574829921201197891e+01 9.842855739335504284e-01 7.659259854340323415e+00 9.842855739335504284e-01 1.471114906829814473e+01
-8.591581541380739040e+00 7.380834408664138202e+00 -9.346604160545085804e+00 7.380834408664138202e+00 5.474276009153649980e+00 1.404483512100658693e+01 -9.346604160545085804e+00 1.404483512100658693e+01 -2.002753905133926082e+01
-3.904065011850196942e+00 -4.811615964792211209e+00 -5.997348267719564419e+00 -4.811615964792211209e+00 -2.924417654742118344e+01 1.441896135994268491e+01 -5.997348267719564419e+00 1.441896135994268491e+01 -6.484073055553124298e+00
1.521885295712998420e+01 -6.378579310432483496e+00 -8.699211612391959392e-01 -6.378579310432483496e+00 1.454374779638234649e+01 8.610113149630657103e-01 -8.699211612391959392e-01 8.610113149630657103e-01 1.943554126935163495e+01
-1.238328373066224053e+01 -2.063299135423467945e+01 1.749821802278975724e+01 -2.063299135423467945e+01 -4.849081083353873112e+01 1.888980241651914582e+01 1.749821802278975724e+01 1.888980241651914582e+01 -3.935264433014401675e+01
-6.571159836557281808e-02 -7.060678020619529427e+00 1.708830222670144616e+00 -7.060678020619529427e+00 -3.034298251696257864e+01 -2.552020704122394790e+00 1.708830222670144616e+00 -2.552020704122394790e+00 5.356777775428154698e+00
1.068789844542390455e+01 -5.279406460412038316e-01 1.487670050708577740e+01 -5.279406460412038316e-01 -2.102114536498472575e+01 -7.076637322971002231e-01 1.487670050708577740e+01 -7.076637322971002231e-01 -9.896121668439254726e-02
6.674318128308607712e+00 3.249284708097661678e+00 4.167549522638609716e+01 3.249284708097661678e+00 -2.825306814840959291e+01 -2.472051242811414085e+00 4.167549522638609716e+01 -2.472051242811414085e+00 1.971459948528426542e+00
1.010699871472819567e+01 -1.088546820841021656e+01 1.328649329866626871e+01 -1.088546820841021656e+01 -6.282752736396332693e+00 6.179827108962618887e+00 1.328649329866626871e+01 6.179827108962618887e+00 3.966462799851940702e+01
4.308776877418944906e+01 -8.174238956527026811e-01 3.776426438570239519e+00 -8.174238956527026811e-01 2.958134233484887687e+01 -4.612984666787706800e+00 3.776426438570239519e+00 -4.612984666787706800e+00 5.034961120587949779e+01
-2.218728575882436260e+01 9.556257172845288750e+00 1.600498970511806007e+01 9.556257172845288750e+00 -5.276139516163860321e+01 -7.854463036141297039e-01 1.600498970511806007e+01 -7.854463036141297039e-01 -1.810044630065042526e+01
-1.900358146202648868e+01 -4.292272481610319268e+00 9.648010263103733664e+00 -4.292272481610319268e+00 -2.817683617588375355e+01 4.681906055857897542e+00 9.648010263103733664e+00 4.681906055857897542e+00 -8.030831670993487492e+00
1.273838085088849503e+01 -2.970995581436249200e+00 1.656226974589913858e+00 -2.970995581436249200e+00 9.223195122610171381e+00 -3.544847382527409252e+01 1.656226974589913858e+00 -3.544847382527409252e+01 1.143742124968110829e+01
1.767215682789490927e+01 9.223384115694948093e+00 1.431249445453827285e+01 9.223384115694948093e+00 -2.110298821004249348e+01 6.257536030941146521e+00 1.431249445453827285e+01 6.257536030941146521e+00 -2.216197708967121116e+01
4.385402527304085396e+01 1.414326600195873240e+01 2.021547028566733673e+01 1.414326600195873240e+01 9.504368823582986181e+00 1.089870620648660449e+01 2.021547028566733673e+01 1.089870620648660449e+01 3.610245812788016906e+01
-1.513432274981918013e+01 8.058591572773840639e+00 3.993731970926840180e+00 8.058591572773840639e+00 -2.221447970977920860e+01 -9.661885144576447537e-01 3.993731970926840180e+00 -9.661885144576447537e-01 -1.346630389325455468e+01
-6.657959455869562504e+00 -1.451807836142416441e+01 1.546798047908480811e+01 -1.451807836142416441e+01 -2.552959165547363085e+01 1.440149805099367519e+00 1.546798047908480811e+01 1.440149805099367519e+00 -5.766399346402494075e+00
-3.942095343728955648e+00 -1.027103500222056276e+01 7.442175632978910826e+00 -1.027103500222056276e+01 -5.441223440554232127e+01 1.113704873582993393e+01 7.442175632978910826e+00 1.113704873582993393e+01 -2.537405299788182589e+01
-1.249447927051049589e+01 -3.420059897036666463e+00 6.861253934287706358e+00 -3.420059897036666463e+00 -1.854130734534061986e+01 2.209659844208347046e+00 6.861253934287706358e+00 2.209659844208347046e+00 6.272644423449718065e-01
-2.420988613912489029e+01 4.768070252631920525e+00 1.404881758982003515e+00 4.768070252631920525e+00 -3.997996097636563917e+01 -1.289382370131954403e+01 1.404881758982003515e+00 -1.289382370131954403e+01 -5.351507508031298599e+00
-1.612161682173773869e+01 -1.279441848509845059e+01 1.276820018812216162e+01 -1.279441848509845059e+01 -2.315551248388061722e+01 1.758981936454384254e+01 1.276820018812216162e+01 1.758981936454384254e+01 -1.186093372836364779e+01
-1.666853986407743093e+01 8.646502872616913749e+00 4.132801039918590824e+00 8.646502872616913749e+00 -4.046096143048348637e+01 -4.054017135042573550e+00 4.132801039918590824e+00 -4.054017135042573550e+00 -1.299099007688801066e+01
