-9.043448890643716709e+00 8.421563472592382027e+00 -1.349817310385579949e+00 8.421563472592382027e+00 -3.433329941366447713e+01 -2.235066111145729550e+01 -1.349817310385579949e+00 -2.235066111145729550e+01 -2.900567173571382829e-01
2.141608102148808968e+01 -1.674893935793551281e+00 9.278729704044524240e+00 -1.674893935793551281e+00 -9.076010320060245107e+00 -1.721684320034866644e+01 9.278729704044524240e+00 -1.721684320034866644e+01 5.501396334027335655e+01
-1.754272998088909929e+01 9.329736665279652286e+00 -3.822697200331582223e+00 9.329736665279652286e+00 -4.627611611889407328e+01 -1.489628951054279860e+01 -3.822697200331582223e+00 -1.489628951054279860e+01 -1.620382961993237458e+01
-1.173397655935273143e+01 1.695795801088761934e+01 -1.546337900170864543e+01 1.695795801088761934e+01 -3.139793454174708032e+01 -6.654651515347985935e+00 -1.546337900170864543e+01 -6.654651515347985935e+00 -6.223674516547251301e+01
4.997110282678645632e+01 -1.939223242449575224e+01 -1.060199797111467745e+01 -1.939223242449575224e+01 1.295072443076359647e+01 -1.615572396225807950e+00 -1.060199797111467745e+01 -1.615572396225807950e+00 7.224812019088251702e+01
-1.874969617557374946e+01 -7.461445246340977500e-01 -4.904295236234611721e+00 -7.461445246340977500e-01 -6.269948430245321447e+01 2.032642727287639772e+01 -4.904295236234611721e+00 2.032642727287639772e+01 -1.400366270944662039e+00
4.532119453458147262e+01 2.376191656395035068e+01 1.633347772688156496e+01 2.376191656395035068e+01 1.866437439039066604e+01 1.365150183008414508e+00 1.633347772688156496e+01 1.365150183008414508e+00 5.365959062752366293e+01
2.491986944856755759e+00 7.350120927834009166e+00 -1.051571973480676103e+00 7.350120927834009166e+00 -1.493738876099559931e+01 5.030632959469033771e+00 -1.051571973480676103e+00 5.030632959469033771e+00 8.085917514015475760e+00
-5.105745869801099346e+00 -6.334853226879191723e+00 -1.189974122667816658e+01 -6.334853226879191723e+00 1.852082631700125148e+01 6.358081485984600434e+00 -1.189974122667816658e+01 6.358081485984600434e+00 3.418590368104295152e+01
6.053614744658810665e+00 4.207057436293117902e+00 -1.260375251164008503e+01 4.207057436293117902e+00 -2.009393456888132334e+01 -4.243006899709682145e+00 -1.260375251164008503e+01 -4.243006899709682145e+00 3.760101454748058813e+01
-3.730815833957308314e+01 8.202376179866245565e+00 -5.364922476168669796e+00 8.202376179866245565e+00 -6.921495934950836215e+01 -2.337223873311151934e+01 -5.364922476168669796e+00 -2.337223873311151934e+01 -3.558625162948887777e+01
-7.531352380405445501e+01 -5.362764520310691729e+00 9.154932229659594967e+00 -5.362764520310691729e+00 -1.230506300883870807e+02 -3.106847524936183547e+00 9.154932229659594967e+00 -3.106847524936183547e+00 -8.146095718421679521e+01
3.208000991712402161e+00 3.827803081607720759e-01 7.052405579960089987e+00 3.827803081607720759e-01 -4.918819273849497620e+01 -1.565188094663647611e+01 7.052405579960089987e+00 -1.565188094663647611e+01 -4.631092347965032552e+00
-3.287585138553331010e+00 2.110460254056380691e+01 -8.720399507380607318e+00 2.110460254056380691e+01 -4.065571254054759720e+01 7.186806939389303039e+00 -8.720399507380607318e+00 7.186806939389303039e+00 1.413962736602868198e+01
-1.809480678455751956e+01 4.650647172098389959e+00 1.621028028059836146e+01 4.650647172098389959e+00 -4.456299577897219422e+01 4.810508607491523314e+00 1.621028028059836146e+01 4.810508607491523314e+00 5.693531284328209985e+00
-5.763621644029633728e+01 3.913498561714334745e+00 4.206326419241510628e-01 3.913498561714334745e+00 -2.611926869859715694e+01 1.115639947936675647e+01 4.206326419241510628e-01 1.115639947936675647e+01 -6.366658389894092096e+01
-1.583686655620141615e+01 1.144203584341287971e+01 6.368519609530649994e+00 1.144203584341287971e+01 -4.482791377389403920e+01 4.364038470611955489e+00 6.368519609530649994e+00 4.364038470611955489e+00 -4.343512893920591367e+00
-1.570883170924762773e+01 -4.134770520357653467e+00 7.911346572603942029e+00 -4.134770520357653467e+00 2.080589276694249534e+01 1.411258924898541167e+01 7.911346572603942029e+00 1.411258924898541167e+01 -1.797648988448778695e+01
-4.268906199588801087e+01 7.568784153106837387e+00 5.611373604323807385e+00 7.568784153106837387e+00 -4.430590139387132353e+01 9.954800452743729267e+00 5.611373604323807385e+00 9.954800452743729267e+00 -2.041986270154124128e+01
6.110138748186581203e+00 2.005077917617131833e-02 -2.000325449873783867e+01 2.005077917617131833e-02 -3.375437365511574939e+01 -6.281607480451770975e+00 -2.000325449873783867e+01 -6.281607480451770975e+00 -9.304351716233192349e-01
-2.062488425491772759e+01 -2.584207299771648980e+00 7.074534918620026147e+00 -2.584207299771648980e+00 -4.616547274584579696e+01 5.071894178992327085e+00 7.074534918620026147e+00 5.071894178992327085e+00 -8.852057785373183663e+00
2.426867801615160047e+01 -4.170095741822263946e+00 -8.730269426520679943e+00 -4.170095741822263946e+00 2.700458718799920987e+01 -1.081048018960755819e+01 -8.730269426520679943e+00 -1.081048018960755819e+01 3.087822369323560068e+01
3.262505146710073234e+01 -8.679070779518535117e-01 2.208985584395455337e+00 -8.679070779518535117e-01 -3.195145771609250218e+01 1.262518112496404576e+01 2.208985584395455337e+00 1.262518112496404576e+01 3.458560933938427695e+01
3.608493096137748779e+01 -1.555682311716206456e+01 -9.914919614832714556e-01 -1.555682311716206456e+01 1.814304265953891004e+01 -4.737441009244767187e+00 -9.914919614832714556e-01 -4.737441009244767187e+00 5.241284341374819888e+01
7.220221991582375765e+00 2.123497776928340031e+01 -2.450571904945313406e+00 2.123497776928340031e+01 -1.866612677084077276e+01 -3.299104956383771103e+00 -2.450571904945313406e+00 -3.299104956383771103e+00 5.168567207950266251e+00
-3.933127046349078171e+01 3.701015935841872384e+00 -4.579166548935323711e+00 3.701015935841872384e+00 -5.835122141415313735e+01 7.359620577057754964e+00 -4.579166548935323711e+00 7.359620577057754964e+00 -4.335160131336770206e+01
-4.395296685328214892e+01 2.043132116558637179e+01 -1.797019454956299711e+01 2.043132116558637179e+01 -4.162239916109766824e+01 -5.048006815012850979e+00 -1.797019454956299711e+01 -5.048006815012850979e+00 -3.062252882461323011e+01
-2.722648865872717749e+01 2.199204055126362789e+01 -4.109995750775753010e+01 2.199204055126362789e+01 -2.284061384604495970e+01 9.871472060493503564e-01 -4.109995750775753010e+01 9.871472060493503564e-01 -2.131951948389045626e+01
7.255701927742499890e+01 1.369680336224033823e+01 -1.827994145208065646e+01 1.369680336224033823e+01 -4.103281767729431984e-01 6.206391077613347740e+00 -1.827994145208065646e+01 6.206391077613347740e+00 5.252994722651145310e+01
-2.760683542183156192e+01 -1.468740993979084086e+00 1.094475738130740616e+01 -1.468740993979084086e+00 -2.781793732816355202e+01 -7.996769034753122618e+00 1.094475738130740616e+01 -7.996769034753122618e+00 -2.791286207833879374e+01
3.468838316716001735e+00 -8.181407295654842926e+00 -1.320430384762189391e+01 -8.181407295654842926e+00 4.644379566705644002e+00 7.378971516859786028e+00 -1.320430384762189391e+01 7.378971516859786028e+00 1.143337322553000135e+01
-2.586413508001709260e+01 1.622608763267086829e+01 1.912461753484817839e+00 1.622608763267086829e+01 -5.957112714804055997e+01 4.557966007393226882e+00 1.912461753484817839e+00 4.557966007393226882e+00 -2.102395352468183276e+01
1.870129024161341391e+01 -8.429901505228964975e-01 5.767534217260631202e+00 -8.429901505228964975e-01 -3.214258700265412472e+01 -1.881940756716035423e+01 5.767534217260631202e+00 -1.881940756716035423e+01 8.452733293392453717e+00
-1.262315599971125968e+00 8.878515238237095986e+00 2.534895466917305384e+00 8.878515238237095986e+00 -3.440813160349687649e+01 2.221055663781100975e+00 2.534895466917305384e+00 2.221055663781100975e+00 -8.363333814695693702e-01
-1.248798315298716943e+01 3.100386765780541865e+01 9.968077388494426927e+00 3.100386765780541865e+01 -2.519435153382883641e+01 8.421926384750927363e-01 9.968077388494426927e+00 8.421926384750927363e-01 -3.103157798302407500e+01
7.146986661945955888e+00 -2.102591936589379529e+01 -8.811983322392368478e+00 -2.102591936589379529e+01 1.123960838551492003e+01 -1.067975347685159004e+00 -8.811983322392368478e+00 -1.067975347685159004e+00 -2.152764762023434031e+01
3.612982509658284158e+01 8.243959696010890070e+00 -5.410812208090027831e+00 8.243959696010890070e+00 -1.175225694690993095e+01 9.138830027691547286e+00 -5.410812208090027831e+00 9.138830027691547286e+00 3.820291950399690251e+01
-2.105384831766255971e+01 -8.294417044058063126e+00 -1.791614313496699396e+01 -8.294417044058063126e+00 -5.127212618210885609e+01 -4.014583708229557679e+00 -1.791614313496699396e+01 -4.014583708229557679e+00 -2.780754179743843757e+00
2.887966855885164463e+01 9.179084692685858471e+00 6.312933852129280154e+00 9.179084692685858471e+00 -1.174167040637875381e+01 -7.102895867474838809e+00 6.312933852129280154e+00 -7.102895867474838809e+00 3.514030751806875941e+01
-4.493539996641280787e+00 -7.601644006584573177e+00 -1.088742503506819403e+01 -7.601644006584573177e+00 -1.157208838716515942e+01 -4.509558819908068727e+00 -1.088742503506819403e+01 -4.509558819908068727e+00 1.677915577086271526e+01
-4.235584293088002994e+01 1.091969672154704973e+01 4.340787267740103594e+00 1.091969672154704973e+01 -3.074500851288862435e+01 3.404363417610200226e+00 4.340787267740103594e+00 3.404363417610200226e+00 -2.761827852807877548e+01
1.622561913666016054e+01 -1.001479444719337170e-01 8.181646015889580070e+00 -1.001479444719337170e-01 -5.077110019544192276e+00 -7.407191085948284126e+00 8.181646015889580070e+00 -7.407191085948284126e+00 5.470421640946322128e+01
8.370445156144311838e+00 -3.583641019588804433e+00 5.140720762471854277e-01 -3.583641019588804433e+00 -3.623401281736047252e+01 -1.329958155153576627e+01 5.140720762471854277e-01 -1.329958155153576627e+01 1.969420689210390307e+01
1.207031017749130131e+00 -1.711378908609430738e+01 1.194707527929571889e+01 -1.711378908609430738e+01 -5.589331876255396025e+01 -9.184655221034905281e+00 1.194707527929571889e+01 -9.184655221034905281e+00 -2.868349796329912937e+00
-3.252250459375577663e+01 2.009987344478020077e+01 -5.856408055653617772e+00 2.009987344478020077e+01 -6.424353442911254319e+01 -2.595227717425037994e+00 -5.856408055653617772e+00 -2.595227717425037994e+00 -3.731183301843859823e+01
-2.433669570204532207e+01 5.605888734860865696e+00 2.022891222401684530e+01 5.605888734860865696e+00 -4.552270559063197908e+01 1.662461321541439929e+01 2.022891222401684530e+01 1.662461321541439929e+01 -1.496471052658620948e+01
-4.043589213602826504e+01 -7.641349657570709830e+00 -2.209785235809576420e+00 -7.641349657570709830e+00 -1.661746357058107648e+01 6.403692940848198845e+00 -2.209785235809576420e+00 6.403692940848198845e+00 -4.087246650895491484e+01
3.206483587974417304e+01 1.201563008911542241e+01 8.092526792446182782e+00 1.201563008911542241e+01 3.645547655560423816e+00 1.623353964158599894e+01 8.092526792446182782e+00 1.623353964158599894e+01 6.812116064397739024e+01
-3.021819753405452502e+01 3.295739568931647656e-01 2.228345645136000996e+01 3.295739568931647656e-01 -5.996918175541938467e+01 -1.779322148582471996e+01 2.228345645136000996e+01 -1.779322148582471996e+01 -1.107687388831114106e+01
3.021741232941121069e+01 -4.094368647706341235e+00 3.700324695117179097e+00 -4.094368647706341235e+00 1.439030108342006820e+01 -2.496580212500538565e+01 3.700324695117179097e+00 -2.496580212500538565e+01 5.097156511266127410e+01
-5.714855190247697436e+01 1.195355412578842191e+01 1.924315580906858614e+01 1.195355412578842191e+01 -4.905716621327821514e+01 -7.193290643074502277e+00 1.924315580906858614e+01 -7.193290643074502277e+00 -1.884041107689725081e+01
-2.445642132008432768e+01 2.611832709839075672e+00 -1.264451867181882960e+01 2.611832709839075672e+00 -2.632295256237614112e+01 2.200917149148911989e+01 -1.264451867181882960e+01 2.200917149148911989e+01 1.546386111025610255e+01
-7.388339891919673441e+00 6.337721776477578395e-02 -6.112218001292739622e+00 6.337721776477578395e-02 -4.872685425665252978e+01 2.654387002854138977e+00 -6.112218001292739622e+00 2.654387002854138977e+00 4.095244358400638873e+01
-4.337223655991917326e+01 1.394565178701749986e+01 -1.489310431450574868e+01 1.394565178701749986e+01 -6.045999467944580630e+01 1.292846048950824844e+01 -1.489310431450574868e+01 1.292846048950824844e+01 -3.728891512025081401e+00
5.632181360014469007e+00 -2.798776379995303998e+01 -5.760744963204220248e+00 -2.798776379995303998e+01 1.339417101335595461e+01 1.209353084252100707e+01 -5.760744963204220248e+00 1.209353084252100707e+01 -5.903937421433020916e+00
-3.968817832821260794e+01 1.165821030789355639e+01 -9.937619751759646292e+00 1.165821030789355639e+01 -4.540433023775631938e+01 2.157391001363717820e+01 -9.937619751759646292e+00 2.157391001363717820e+01 -1.141030013779350050e+01
1.232892416415352876e+01 4.756854316017928852e+00 -9.190127676709259674e+00 4.756854316017928852e+00 -9.011399450945168255e+00 -8.022173741082580634e+00 -9.190127676709259674e+00 -8.022173741082580634e+00 5.710548653444636358e+01
1.087651706551445230e+01 -1.655482511790266287e+01 8.489236122591165667e+00 -1.655482511790266287e+01 -7.542407676168123132e+00 -6.796243776628748456e+00 8.489236122591165667e+00 -6.796243776628748456e+00 2.852769439170395316e+01
-3.628009974716319164e+01 -1.371037575272506714e+01 -7.050427023632854784e+00 -1.371037575272506714e+01 -1.868703522089365521e+01 -3.577706266860919193e+00 -7.050427023632854784e+00 -3.577706266860919193e+00 -4.529259399212502757e+01
-1.264537541837209034e+01 3.263239342780599461e-01 -1.819030617949973561e+01 3.263239342780599461e-01 -3.482194480369760470e+01 1.352195588660465475e+01 -1.819030617949973561e+01 1.352195588660465475e+01 1.344939132863294340e+01
-2.629722843291790113e+01 1.066186680241132656e+01 1.028485893313563437e+01 1.066186680241132656e+01 -2.406821026108838524e+01 4.321392355725424572e+00 1.028485893313563437e+01 4.321392355725424572e+00 1.537657165072578769e+00
4.581442340953400105e+01 -5.188827133217212229e+00 -6.473264288599644090e+00 -5.188827133217212229e+00 9.319274087729990441e+00 1.066357268603232100e+00 -6.473264288599644090e+00 1.066357268603232100e+00 4.594929463383778057e+00
1.887232220131268079e+01 -7.955040079627797578e-01 4.755261492437160342e+00 -7.955040079627797578e-01 -4.551539888847231197e+01 -1.042698713095527729e+01 4.755261492437160342e+00 -1.042698713095527729e+01 2.637796742797073790e+01
-1.356784741261703608e+01 -1.449065150694880444e+01 9.517158429455715662e+00 -1.449065150694880444e+01 5.748322746486157264e+00 -1.646405742969805885e+01 9.517158429455715662e+00 -1.646405742969805885e+01 1.867119412587875393e-01
2.688578452124718154e+01 -8.419941482191587667e+00 -3.409786558822164526e+00 -8.419941482191587667e+00 2.707082668196474362e+00 -1.563070009282227346e+01 -3.409786558822164526e+00 -1.563070009282227346e+01 6.184154643190970191e+00
2.338354269431843946e+01 8.333032909093082807e+00 -9.753026114308438466e+00 8.333032909093082807e+00 2.260503363056178117e+01 4.748038776221592094e+00 -9.753026114308438466e+00 4.748038776221592094e+00 2.568715703162240516e+01
-1.783495653042552576e+01 7.858233635352940283e+00 -1.100261540214310685e+01 7.858233635352940283e+00 -7.339939016617259426e+01 -1.040812461763263386e+01 -1.100261540214310685e+01 -1.040812461763263386e+01 -3.890659095560799585e+01
-8.067846735794098834e+00 -1.286449273121950299e+01 -2.539447354053022465e+00 -1.286449273121950299e+01 -2.917642525939568188e+01 1.311514467907206871e+01 -2.539447354053022465e+00 1.311514467907206871e+01 -2.179782764370173354e+01
-3.033375826045578805e+01 6.027395699430073250e+00 -1.109197122942864988e+00 6.027395699430073250e+00 -3.060762826021066019e+01 -2.849247823372164135e+01 -1.109197122942864988e+00 -2.849247823372164135e+01 -2.182594076570564212e+01
4.926110304121912975e+00 -3.160410235449887750e+01 -1.879508435196415306e+01 -3.160410235449887750e+01 -4.976937055668970800e+01 1.741031646475407202e+00 -1.879508435196415306e+01 1.741031646475407202e+00 -2.325025411000902764e+01
-5.337036136583360957e+01 4.822507316256236187e+00 1.205645245765809825e+01 4.822507316256236187e+00 -2.216623698917501883e+01 -9.879463004312915686e+00 1.205645245765809825e+01 -9.879463004312915686e+00 -3.073026639911661917e+01
1.020203516454813553e+01 -3.495058092049101006e+00 -8.667119750224513197e+00 -3.495058092049101006e+00 1.114427760737742190e+01 8.071914599625353404e+00 -8.667119750224513197e+00 8.071914599625353404e+00 8.453043320142411332e+00
1.423574992877752976e+01 9.098193123973308261e+00 -1.643627355821650227e+01 9.098193123973308261e+00 1.094194862686492087e+01 5.520099137333159156e+00 -1.643627355821650227e+01 5.520099137333159156e+00 -6.583089215277765360e-01
2.253609388646049538e+01 1.058913979640866421e+00 -9.904550120234695498e+00 1.058913979640866421e+00 1.452508517520474829e+00 1.615714994133062632e+01 -9.904550120234695498e+00 1.615714994133062632e+01 1.474277313008742318e+01
3.820520994877188325e+00 3.341035586986985106e-01 -3.435035583090544797e+00 3.341035586986985106e-01 -5.849620346681492578e+01 9.381956677854098814e+00 -3.435035583090544797e+00 9.381956677854098814e+00 1.413494378888957570e+01
-2.812331628537510042e+01 6.071731621609131047e+00 6.439472377789864588e+00 6.071731621609131047e+00 -8.933896917860546694e+01 -1.050193076728520403e+01 6.439472377789864588e+00 -1.050193076728520403e+01 -1.845590076380674560e+01
-2.461246153171430606e+01 2.415171789113582879e+00 8.535897995703550123e+00 2.415171789113582879e+00 -4.209793305395344731e+01 -7.019457481823686784e+00 8.535897995703550123e+00 -7.019457481823686784e+00 1.080151491041167233e+01
-3.735177863886889327e+01 1.715416761896741349e+01 -1.141025289615650884e+01 1.715416761896741349e+01 -5.999863037183408920e+01 1.462255002217446176e+01 -1.141025289615650884e+01 1.462255002217446176e+01 -3.716524237101278771e+01
-3.343292489854869132e+01 -1.625825418032835090e+00 1.501960077681157557e+01 -1.625825418032835090e+00 -5.277611065942890889e+01 -1.168590355543678738e+00 1.501960077681157557e+01 -1.168590355543678738e+00 -3.973848977925668180e+01
-3.873030219994880241e+01 7.502149785950659400e+00 -2.366198584797413318e+01 7.502149785950659400e+00 -7.103081278500653184e+01 1.696811611856920265e+01 -2.366198584797413318e+01 1.696811611856920265e+01 -5.101590125252229058e+01
3.975083982408203553e+01 2.130862029662701218e+01 1.020379974005044055e+01 2.130862029662701218e+01 -2.326753755617479413e+01 -1.928931791792199135e+01 1.020379974005044055e+01 -1.928931791792199135e+01 5.776500055332961381e+01
6.067704679831407333e+01 1.751942639704658333e+01 3.185941758169946070e+00 1.751942639704658333e+01 1.422379560545010335e+01 6.996221440065800046e+00 3.185941758169946070e+00 6.996221440065800046e+00 3.203139081503989871e+01
6.067124233558467417e+00 2.602663529513709051e+00 7.611034240385234462e+00 2.602663529513709051e+00 -2.865833127078186138e+01 7.452104045585310033e+00 7.611034240385234462e+00 7.452104045585310033e+00 3.627889942483246699e+01
-4.373382644225227978e+01 4.966579510140212150e+00 1.761883417389070416e+01 4.966579510140212150e+00 -5.458114236337873137e+01 3.035534023417377369e+01 1.761883417389070416e+01 3.035534023417377369e+01 -5.502316575800362841e+01
-1.703529740853987562e+01 -5.048322624136877934e+00 7.479321600137108561e+00 -5.048322624136877934e+00 -4.249090694597961004e+01 -9.540560171552936453e+00 7.479321600137108561e+00 -9.540560171552936453e+00 -6.380768459937631754e+00
-2.861369934012370830e+00 -3.375855142864086389e+00 2.477466881382693487e+01 -3.375855142864086389e+00 -8.099537831557977796e+00 2.638994620068517349e+01 2.477466881382693487e+01 2.638994620068517349e+01 1.530559947025153100e+01
-2.133827805029324409e+01 -9.904287582815705093e+00 -1.821676412427950353e+01 -9.904287582815705093e+00 -3.628205429268979287e+01 4.039599489928910714e+00 -1.821676412427950353e+01 4.039599489928910714e+00 -1.547315279206545924e+01
1.688562700204903422e+01 -8.203482620509432444e-01 6.632886487864672276e+00 -8.203482620509432444e-01 3.296068447664556089e+00 -9.744377671202235192e+00 6.632886487864672276e+00 -9.744377671202235192e+00 4.959978520093021537e+00
-2.954782407325919280e+01 -5.411044235093227961e+00 5.924613580132435331e+00 -5.411044235093227961e+00 -4.927633632182512713e+01 -1.255658340957856822e+01 5.924613580132435331e+00 -1.255658340957856822e+01 -3.156288804936474790e+01
4.114660169075639828e+01 1.220716772623924973e+00 -2.216800214798087509e+01 1.220716772623924973e+00 -5.394551522411671840e+01 -2.328880535663591544e+00 -2.216800214798087509e+01 -2.328880535663591544e+00 2.971887627645038421e+01
3.145351996299282415e+00 2.048503369253095485e+01 1.068054410219245742e+00 2.048503369253095485e+01 -1.782082060789561240e+01 1.504282793647458760e+00 1.068054410219245742e+00 1.504282793647458760e+00 4.689191239154075674e+01
-2.847345453792316050e+01 -1.109285881683929631e+01 1.547073514226714508e+01 -1.109285881683929631e+01 -4.505290539018481866e+01 -2.748555545002167122e+01 1.547073514226714508e+01 -2.748555545002167122e+01 -3.404357979128486988e+01
-2.775470091260537231e+01 2.140322341220086599e+01 -6.664115593151143102e+00 2.140322341220086599e+01 -2.583080977147457347e+01 -9.068416707777744890e+00 -6.664115593151143102e+00 -9.068416707777744890e+00 -1.584987470362188589e+01
4.749484895338336088e+01 -4.758510770435901982e+00 3.752455226515502229e+00 -4.758510770435901982e+00 6.668875246656075007e+00 -3.297001952675823411e+00 3.752455226515502229e+00 -3.297001952675823411e+00 4.774378070554876530e+01
1.526152010426146077e+01 6.793414689480220758e+00 -2.419452710084853564e+01 6.793414689480220758e+00 1.501864426508062955e+01 9.999919933257823246e+00 -2.419452710084853564e+01 9.999919933257823246e+00 5.867241708827222624e+00
6.899759570318747315e+00 -1.565135638918351191e+01 -2.594797255238337996e+01 -1.565135638918351191e+01 -1.230598739357429361e+00 -2.581671681647254246e+01 -2.594797255238337996e+01 -2.581671681647254246e+01 9.494877493926059842e+00
3.865033862499364314e+00 4.731897346370986135e+00 -6.850313782162076315e+00 4.731897346370986135e+00 -3.074170587140416444e+01 -1.796384141446123905e+01 -6.850313782162076315e+00 -1.796384141446123905e+01 4.969087575044426330e+00
-6.149635207438224427e+01 -2.460737745116750830e+01 2.482109116341187249e+00 -2.460737745116750830e+01 -6.601173962422964792e+01 -5.358171956617959530e+00 2.482109116341187249e+00 -5.358171956617959530e+00 -5.660713079672634507e+01
-2.741915917629521715e+01 9.321084470505146768e+00 1.434188150797539052e+01 9.321084470505146768e+00 -3.893281715202246573e+01 -1.436422265349051708e+00 1.434188150797539052e+01 -1.436422265349051708e+00 9.274800910814860799e+00
-3.293914848514015148e+01 1.792608797191750725e+01 1.150057958974691630e+01 1.792608797191750725e+01 -5.357959195319818235e+01 1.597633575846659326e+01 1.150057958974691630e+01 1.597633575846659326e+01 -4.001316694156494158e+00
