-2.280198082739102716e+01 9.206678758286658493e+00 -3.999778272384211242e+00 9.206678758286658493e+00 -1.107675223923290542e+00 -1.567791321479957478e+00 -3.999778272384211242e+00 -1.567791321479957478e+00 -1.324861343935994995e+01
7.259663423047319597e+00 -1.796521471700993899e+01 6.811733233783442421e-01 -1.796521471700993899e+01 2.792937016191194388e+00 9.973285205214724058e+00 6.811733233783442421e-01 9.973285205214724058e+00 -3.568800005228990102e+01
3.590177930724348654e-01 1.674733450105378196e+01 -5.741223167776038361e-01 1.674733450105378196e+01 -3.104450151828056548e+01 1.633918001526447839e+01 -5.741223167776038361e-01 1.633918001526447839e+01 -2.024398367900892115e+00
4.943652228903095747e+00 -4.334153578718655808e-01 1.844298906871296140e+01 -4.334153578718655808e-01 1.090469712142613368e+01 -2.890106965465192523e+00 1.844298906871296140e+01 -2.890106965465192523e+00 -1.634264535094284909e+01
1.668105713641119436e+01 1.155701790317950817e+01 -9.522558711554770738e+00 1.155701790317950817e+01 1.074105302223714453e+01 -5.644394268802514603e+00 -9.522558711554770738e+00 -5.644394268802514603e+00 -3.362281645488597803e+01
4.200240686455531858e+01 -7.000667125351030862e+00 4.143449310863746016e-01 -7.000667125351030862e+00 3.766441414764901907e+01 -9.893088737795828536e+00 4.143449310863746016e-01 -9.893088737795828536e+00 -1.835366975445792193e+01
5.114341859901296061e+01 -1.338927171293839713e+01 -6.778723256170190226e+00 -1.338927171293839713e+01 4.267550404693847099e+01 2.747242383045299441e+00 -6.778723256170190226e+00 2.747242383045299441e+00 -5.820157443012128340e+00
6.795247177548525030e+01 -1.351543967032875138e+01 4.246617600502636591e+00 -1.351543967032875138e+01 4.984524794695853700e+01 5.792652576626213801e+00 4.246617600502636591e+00 5.792652576626213801e+00 1.316192425963263268e+01
-2.330766085715503522e+01 -8.399226732164360998e-01 -1.179938434336026987e+01 -8.399226732164360998e-01 -1.118119257222850749e+01 5.912313252975605060e+00 -1.179938434336026987e+01 5.912313252975605060e+00 9.849388263565836965e+00
-6.059421402606504636e-02 -3.326979283532902176e+00 1.632135814464663781e+01 -3.326979283532902176e+00 -2.703218628609771024e+00 -1.612881117664235475e+01 1.632135814464663781e+01 -1.612881117664235475e+01 -2.067987524876059524e+01
4.228654876262223361e+00 3.520218050664974285e+00 6.997737226137759059e+00 3.520218050664974285e+00 5.376488615362414514e+00 4.780040415409636978e+00 6.997737226137759059e+00 4.780040415409636978e+00 1.064538730178661474e+01
2.638706495403215868e+01 4.912512529118180815e+00 -4.971159905920201183e+00 4.912512529118180815e+00 1.404489172519904905e+01 -2.319057260145053423e+00 -4.971159905920201183e+00 -2.319057260145053423e+00 -4.817925102005505167e+00
-1.809011619676078908e+01 -2.844308754572156595e+00 5.023872644517822117e+00 -2.844308754572156595e+00 -9.695353478879139786e+00 -1.009694144387266768e+01 5.023872644517822117e+00 -1.009694144387266768e+01 -1.357633469308870566e+01
-2.914038713139119885e+00 4.141732441211003035e+00 1.138494039428917937e+01 4.141732441211003035e+00 -6.731643003175381779e+00 -1.579054915616326227e+01 1.138494039428917937e+01 -1.579054915616326227e+01 -2.114885158461202863e+01
4.104642449479241151e+01 -1.905880301381721154e+00 2.673979049767682969e+00 -1.905880301381721154e+00 2.588894250343194514e+01 -1.167823425261419423e+01 2.673979049767682969e+00 -1.167823425261419423e+01 -1.611482574084455166e+01
2.094960379832428288e+01 -4.661490394656807035e-01 7.037418771263244111e-01 -4.661490394656807035e-01 1.595849795287293382e+01 -3.211463766540990861e+00 7.037418771263244111e-01 -3.211463766540990861e+00 -2.217889119184757973e+01
-2.797464256844365238e+01 -8.749671698938202624e+00 1.237622439467502744e+01 -8.749671698938202624e+00 -1.771295267579898436e+01 -5.432199630083666797e+00 1.237622439467502744e+01 -5.432199630083666797e+00 -4.951866913487868516e+01
4.517614966911230567e+01 -1.317276606965340591e+01 -7.065017367744652610e+00 -1.317276606965340591e+01 3.505591241216092158e+01 -2.187651547657905038e+00 -7.065017367744652610e+00 -2.187651547657905038e+00 -5.666178438815521190e+00
-6.859477869058162369e+00 -6.415436624358122231e+00 -6.354983314041279030e+00 -6.415436624358122231e+00 -7.594959907604248883e+00 1.437625016584027415e+00 -6.354983314041279030e+00 1.437625016584027415e+00 -2.495884144302745611e+01
3.655138331897283166e+01 1.009843664814820841e+01 9.406339279852209856e+00 1.009843664814820841e+01 3.645629923571416242e+01 1.317922091418994945e+01 9.406339279852209856e+00 1.317922091418994945e+01 2.215924576957578296e+01
1.689537094271981488e+01 -7.447180521460923686e+00 3.593314022295416521e+00 -7.447180521460923686e+00 3.381168208288583443e+00 1.222447885103756882e+01 3.593314022295416521e+00 1.222447885103756882e+01 -1.350816769093131420e+01
-5.633107877303985545e-01 3.378632278626271912e+00 -6.720167879793343957e+00 3.378632278626271912e+00 1.651191052670774084e+01 -1.324072030468718353e+01 -6.720167879793343957e+00 -1.324072030468718353e+01 1.612517526776938936e+01
3.459233768288142841e+01 -7.748082256130845558e+00 7.215325621035119319e+00 -7.748082256130845558e+00 3.211970443103974304e+01 -1.560048213997794164e+01 7.215325621035119319e+00 -1.560048213997794164e+01 2.244667374657337344e+00
1.107317616567955731e+01 5.505886239560801032e-01 2.260627666921297241e+00 5.505886239560801032e-01 2.104667665831474821e+01 -6.140636794164820778e+00 2.260627666921297241e+00 -6.140636794164820778e+00 1.927627296497241360e+01
6.565736751101816537e+01 -6.032737261724354205e+00 7.182032765189929613e+00 -6.032737261724354205e+00 6.321349825937785027e+01 -8.399868390103906179e+00 7.182032765189929613e+00 -8.399868390103906179e+00 -4.525095904712562955e+00
3.510393888637557325e+01 -3.397129931610994902e+01 1.063981667959678634e-01 -3.397129931610994902e+01 3.218480844522856898e+01 3.634134754727213590e+00 1.063981667959678634e-01 3.634134754727213590e+00 -2.621768346116177262e-01
3.635660208354315159e+01 1.309856842584798287e+00 -4.160401419160312031e+00 1.309856842584798287e+00 4.472817861971750375e+01 8.238979645911507887e+00 -4.160401419160312031e+00 8.238979645911507887e+00 2.036277862372906089e+00
-3.399901133436240119e+00 -8.962408768051504104e-01 -1.379896469837995987e+01 -8.962408768051504104e-01 -2.121274177752241386e+01 3.426318342040173270e+00 -1.379896469837995987e+01 3.426318342040173270e+00 -1.329563988637045746e+01
-6.043959285891369326e+00 -1.900080034477376334e-01 6.435720244697037629e+00 -1.900080034477376334e-01 1.480053829128550191e+01 8.982778339698075376e-01 6.435720244697037629e+00 8.982778339698075376e-01 9.223191175684952725e+00
-1.184136126883385920e+01 7.370751465475271047e+00 -2.446912122655313127e+01 7.370751465475271047e+00 -2.288359496291938910e+01 -1.174437385422304025e+01 -2.446912122655313127e+01 -1.174437385422304025e+01 -2.053172138908189126e+01
2.274644800145173917e+01 7.197375944820088023e+00 9.585339890717317957e+00 7.197375944820088023e+00 1.416450492649861381e+01 7.649810177954043944e+00 9.585339890717317957e+00 7.649810177954043944e+00 -2.298236893260022118e+00
-1.669502990586082802e+01 -1.418564972694353887e+00 -2.481738466494480377e+00 -1.418564972694353887e+00 -1.190459587427171506e+01 2.508898376160913823e+00 -2.481738466494480377e+00 2.508898376160913823e+00 -1.580988253054075621e+01
-2.666593307536165725e+01 -2.101354371782330865e+00 -6.804829977704407895e+00 -2.101354371782330865e+00 -6.738829517452701978e+00 7.287031769245298385e+00 -6.804829977704407895e+00 7.287031769245298385e+00 -4.140529250451169929e+00
4.615662970466173576e+00 4.681282242526519255e+00 -1.719771474103088726e+00 4.681282242526519255e+00 1.234927710243743348e+01 7.431003014916004457e-02 -1.719771474103088726e+00 7.431003014916004457e-02 1.475590860732538978e+01
1.168605287352996491e+01 -1.430730579449623541e+01 1.998811091187927325e+00 -1.430730579449623541e+01 -2.243341561173333076e+01 -6.357576212537484395e+00 1.998811091187927325e+00 -6.357576212537484395e+00 -7.751003065538794701e+00
2.527928702044651388e+01 -1.873753600032985034e+01 8.980628569115665982e+00 -1.873753600032985034e+01 -1.573620523754300615e+00 -8.402110626028544971e+00 8.980628569115665982e+00 -8.402110626028544971e+00 -4.640138218174222118e+01
3.137092347754568777e+01 1.898492531179874820e+00 1.885952914125839375e-01 1.898492531179874820e+00 1.402270989010800051e+01 -4.842831678374988513e+00 1.885952914125839375e-01 -4.842831678374988513e+00 -5.187921665161992379e+00
2.207529561677027985e+01 2.097617144459625749e+01 7.764623067442247617e+00 2.097617144459625749e+01 1.599027529033394934e+01 -1.208257404817288183e+01 7.764623067442247617e+00 -1.208257404817288183e+01 -7.223835519627508361e-02
-3.693885157019720644e+00 -4.215159488335291194e+00 1.022277685573135031e+00 -4.215159488335291194e+00 4.761492241579034612e+00 -9.544012096617969121e+00 1.022277685573135031e+00 -9.544012096617969121e+00 2.034497609811279162e+01
-2.106072044845362612e+01 -9.702386284202164646e+00 4.663441456315302602e-01 -9.702386284202164646e+00 -3.037002682086952277e+01 -1.742863656538909733e+00 4.663441456315302602e-01 -1.742863656538909733e+00 -4.515351584481827985e+01
-1.294452679960154740e+01 8.423740200188115423e+00 1.249205820298504754e+01 8.423740200188115423e+00 -1.146030280692981185e+00 -4.980357867708580244e+00 1.249205820298504754e+01 -4.980357867708580244e+00 -3.836463360389368660e+01
3.689614847862354452e+01 6.499125095984003009e-01 3.657483055305919883e+00 6.499125095984003009e-01 2.673886439128619585e+01 -4.918469341002253081e+00 3.657483055305919883e+00 -4.918469341002253081e+00 -2.956863616729471289e+01
4.196062739734882285e+01 -1.050184811037877752e+00 4.565100172482144281e+00 -1.050184811037877752e+00 2.601801538601740305e+01 1.043155442460462723e+01 4.565100172482144281e+00 1.043155442460462723e+01 -1.906659307971751716e+01
-9.317429492787777656e-01 1.254895561088521294e+00 1.790476694424785409e+00 1.254895561088521294e+00 6.020737352331419601e+00 -1.234109100978744067e+01 1.790476694424785409e+00 -1.234109100978744067e+01 1.397406850055703487e+01
1.638050755055406071e+01 -4.824000880592017593e-01 -1.136904646854716638e+01 -4.824000880592017593e-01 1.789422034344850587e+01 1.027875830180765426e+01 -1.136904646854716638e+01 1.027875830180765426e+01 -1.393618950274436941e+01
4.231195946449759049e+01 -6.622960153574124487e-01 -1.524950266815239708e+00 -6.622960153574124487e-01 3.868968336380578421e+01 3.089645437919644966e+00 -1.524950266815239708e+00 3.089645437919644966e+00 3.699294833177200559e+01
5.749777435149965044e+01 -8.543976443722090863e+00 1.875312352938704308e+01 -8.543976443722090863e+00 6.121353508699086632e+01 -5.976457454962850413e+00 1.875312352938704308e+01 -5.976457454962850413e+00 3.235597686391260908e+01
-1.031795021385780231e+01 -2.768680031516457696e+00 2.308925389550546381e+00 -2.768680031516457696e+00 1.465311780465418323e+00 5.508820465780451814e-01 2.308925389550546381e+00 5.508820465780451814e-01 -2.774596946077770632e+00
1.803768396847953870e+00 7.397119615004191795e-01 2.937209445124602247e+00 7.397119615004191795e-01 -5.826728808938741011e+00 3.753371476649859595e+00 2.937209445124602247e+00 3.753371476649859595e+00 -7.564529551750944769e+00
1.402441824414165517e+01 7.015307294163107166e+00 -6.982516834230897196e+00 7.015307294163107166e+00 -2.001147860761862063e+01 -1.212907878927524941e+00 -6.982516834230897196e+00 -1.212907878927524941e+00 -3.840334447850367372e+00
2.138576527538920757e+01 -9.346022067416507539e+00 2.061742551840325177e+00 -9.346022067416507539e+00 3.673279149664251175e+00 7.247291143726450890e+00 2.061742551840325177e+00 7.247291143726450890e+00 -2.593655340367739726e+01
3.753067287118899031e+00 -4.872730897187683929e+00 -4.098462717506711428e+00 -4.872730897187683929e+00 1.068663055937402007e+01 2.392329558187884064e+00 -4.098462717506711428e+00 2.392329558187884064e+00 1.411903143166104257e+01
-1.513264085703290363e+01 -2.063490227807751154e+00 4.131488299412896303e+00 -2.063490227807751154e+00 -5.573383608606628847e+00 -6.048551325250122623e+00 4.131488299412896303e+00 -6.048551325250122623e+00 1.482964733734066165e+01
3.500100073195044104e+01 4.729444818230569503e+00 1.201261461181433710e+01 4.729444818230569503e+00 1.733806813579289852e+01 -5.966332484174050599e+00 1.201261461181433710e+01 -5.966332484174050599e+00 -2.860361789730914239e+01
8.322156482704388125e+00 -4.136387632950285109e+00 -5.168929828871242194e+00 -4.136387632950285109e+00 6.448413645092816449e-01 -4.195861153706524682e+00 -5.168929828871242194e+00 -4.195861153706524682e+00 2.723777088163078375e+01
1.218724320918798476e+01 1.666716077369470472e+00 2.238367616809503691e+00 1.666716077369470472e+00 1.958487560249140813e+01 2.835638668429059539e+00 2.238367616809503691e+00 2.835638668429059539e+00 -5.823392053877282848e+01
-2.187612216400218745e+00 -6.949870216152816305e+00 -6.667845478500302736e-01 -6.949870216152816305e+00 -3.685666453732758363e+00 6.653270482521007168e+00 -6.667845478500302736e-01 6.653270482521007168e+00 -3.754240662177863896e+01
-7.510955714825587393e+01 1.441970351700316577e+01 -1.486523947645135957e+00 1.441970351700316577e+01 -4.752242418875863450e+01 9.989062195959350632e+00 -1.486523947645135957e+00 9.989062195959350632e+00 -3.959814844211224738e+01
-4.180259207074342243e+01 6.928208409424060576e+00 2.560121723048008668e+00 6.928208409424060576e+00 -3.556883832428277969e+01 4.589762314920132980e+00 2.560121723048008668e+00 4.589762314920132980e+00 -5.304009001481311714e+01
-6.537454291405299101e-01 2.457599809726811912e+00 7.915813658469230685e-01 2.457599809726811912e+00 2.116028741970708005e+00 -1.159227474418033843e+01 7.915813658469230685e-01 -1.159227474418033843e+01 1.043441771879209945e+01
1.504082252482531779e+01 -1.109642975768556816e+01 7.904666614094284505e+00 -1.109642975768556816e+01 2.377160440730531121e+00 -4.076484674543618070e+00 7.904666614094284505e+00 -4.076484674543618070e+00 -2.499835695595952245e+01
1.817711444662664988e+00 -1.796987344718248003e-01 2.714889019610049914e+01 -1.796987344718248003e-01 -1.681280742888898772e+01 -1.100911582743996675e+01 2.714889019610049914e+01 -1.100911582743996675e+01 5.121449406770772761e+00
3.760104039760391537e+00 -8.718338588348478524e+00 -1.509405529365875864e+01 -8.718338588348478524e+00 -1.192589415369598527e+01 -8.965673426146823388e+00 -1.509405529365875864e+01 -8.965673426146823388e+00 -2.546902684812374318e+01
-6.964068408689040979e+00 -6.508229469154105828e+00 -9.086632692974720982e-01 -6.508229469154105828e+00 -2.272042655076954354e+00 -1.192201949116307347e+01 -9.086632692974720982e-01 -1.192201949116307347e+01 -1.663948909565327261e+00
1.252915843342494995e+01 1.392182470935559691e+00 -3.105060458476426533e+00 1.392182470935559691e+00 1.983572257903802338e+01 -8.053874875178913539e-01 -3.105060458476426533e+00 -8.053874875178913539e-01 1.628959995288662554e+01
-7.330992599480313565e+00 -3.407530263769881884e+00 7.568304362651806727e+00 -3.407530263769881884e+00 -9.506091260263472620e+00 -6.354957624492399759e+00 7.568304362651806727e+00 -6.354957624492399759e+00 -2.615884167455142872e+01
1.405358119300088582e+01 4.137657227487627765e+00 4.063709859734204066e+00 4.137657227487627765e+00 8.038651197257930647e+00 -5.914611717015529457e+00 4.063709859734204066e+00 -5.914611717015529457e+00 -1.165987521519069681e+01
-3.309785183349135629e+00 8.897143727954842873e+00 -7.420515790961449198e+00 8.897143727954842873e+00 2.027182019705507443e+01 -1.568305309582765927e+00 -7.420515790961449198e+00 -1.568305309582765927e+00 3.822906022842839491e+01
1.554233323764854902e+01 3.903424674337090394e+00 -2.358299294939872226e+00 3.903424674337090394e+00 -2.267631722741771494e+00 3.817434286722661607e+00 -2.358299294939872226e+00 3.817434286722661607e+00 -5.240708536406463480e+01
7.246708000864485655e+01 4.791180320409037741e+00 6.974059273582035701e+00 4.791180320409037741e+00 5.814834893228579205e+01 9.458332362886530120e+00 6.974059273582035701e+00 9.458332362886530120e+00 2.995571015287762151e+00
-1.816969525419590781e+00 -1.262573342384174735e+00 4.499484241620755220e+00 -1.262573342384174735e+00 -2.033206596017240742e+01 -1.391968649255427870e+01 4.499484241620755220e+00 -1.391968649255427870e+01 -2.870528248617570100e+01
-4.255024631151763970e+01 7.383224116604865550e+00 1.397717390692716322e+01 7.383224116604865550e+00 -4.409972760898454425e+01 2.292510128337714281e+00 1.397717390692716322e+01 2.292510128337714281e+00 -5.435415000292030641e+01
-2.780809793558164245e+01 5.956740332499941282e+00 -1.785763397106469696e+00 5.956740332499941282e+00 -8.277641158495899987e+00 -4.600942765624998820e+00 -1.785763397106469696e+00 -4.600942765624998820e+00 -1.401759093902814435e+01
-7.916441709092556955e+00 3.124715955716324878e+00 3.665263335442958681e+00 3.124715955716324878e+00 -2.844327636144718952e+01 -3.976431270758501668e+00 3.665263335442958681e+00 -3.976431270758501668e+00 -1.378645358022562384e+01
-2.492891782323941641e+01 1.160473457432602196e+01 7.226953780040679121e+00 1.160473457432602196e+01 -1.881213008420282762e+01 -4.650609294703211383e+00 7.226953780040679121e+00 -4.650609294703211383e+00 -1.731918693265182441e+01
-6.562113441733957941e+00 -2.255309389353575611e+00 6.354871772218908532e-01 -2.255309389353575611e+00 -7.996234770105495215e+00 3.423461849168052851e+00 6.354871772218908532e-01 3.423461849168052851e+00 -1.667477800869180271e+01
-7.943522841064673656e+00 -1.347032549582348082e+01 2.225031889881503488e+01 -1.347032549582348082e+01 -2.979761846786326984e+01 -2.815638516112941581e+00 2.225031889881503488e+01 -2.815638516112941581e+00 2.663691300096300285e+00
-2.101290623356071308e+01 9.021215320332217402e+00 -9.207969981260204495e-01 9.021215320332217402e+00 -1.189375154427321490e+01 -7.368573182592709436e+00 -9.207969981260204495e-01 -7.368573182592709436e+00 -4.637786164640148456e+01
2.884646364836474319e+01 4.901845667757113389e+00 4.097501575429731563e-02 4.901845667757113389e+00 2.966472229630661417e+01 -2.989461466864750339e+00 4.097501575429731563e-02 -2.989461466864750339e+00 2.227903647601824133e+01
1.468458792642377198e+01 -2.022051428838976594e+00 -4.694125192076941566e+00 -2.022051428838976594e+00 1.850999465114536946e+01 7.916635579837326020e+00 -4.694125192076941566e+00 7.916635579837326020e+00 -3.670254344328570539e+01
-3.478346081040466231e+01 -1.676714839714896854e+01 9.997473668795164414e+00 -1.676714839714896854e+01 -3.779456293800308941e+01 1.544861331958472839e+01 9.997473668795164414e+00 1.544861331958472839e+01 -4.892780408759810484e+01
-1.142365178996568886e+01 4.426413772546036185e+00 1.194334030769124766e+01 4.426413772546036185e+00 -1.508532166256202345e+01 2.106743482320658600e+01 1.194334030769124766e+01 2.106743482320658600e+01 -3.590742836522256454e+01
3.599565891775132531e+00 -5.184267850745740702e-01 -7.484402816846790429e+00 -5.184267850745740702e-01 2.089978263242486634e+01 1.862353354652211479e+01 -7.484402816846790429e+00 1.862353354652211479e+01 -4.812889822881462720e+01
2.526671859919366625e+01 -1.118963895018951327e+01 6.163479863534465863e+00 -1.118963895018951327e+01 5.989510313388458407e+00 3.011983643172127412e+00 6.163479863534465863e+00 3.011983643172127412e+00 1.653437547788268702e+01
2.529021146844389278e+01 -8.221051924596645577e+00 -1.098029379356826318e+01 -8.221051924596645577e+00 9.812107690034800100e+00 -1.702927729369546483e+01 -1.098029379356826318e+01 -1.702927729369546483e+01 1.815573776244806581e+01
6.269768268479783302e+01 -1.395017569817463965e+01 9.396831355330845792e-01 -1.395017569817463965e+01 4.367192832599965158e+01 -4.803379755518036198e+00 9.396831355330845792e-01 -4.803379755518036198e+00 3.320857728056864033e+01
1.613623409508591777e+01 -6.610619935222901589e+00 -2.051344490546324728e+00 -6.610619935222901589e+00 2.119165200219336853e+01 -6.036998871641619857e+00 -2.051344490546324728e+00 -6.036998871641619857e+00 -5.431427181544849248e+01
2.181652460815700323e+01 -2.629271484392997404e+00 4.902873348580711443e+00 -2.629271484392997404e+00 1.805724356682990361e+01 -1.722136727059309891e+01 4.902873348580711443e+00 -1.722136727059309891e+01 -8.909599940061019296e+00
1.955839032255353160e+01 4.961715971628376742e+00 -1.509571944114237230e+00 4.961715971628376742e+00 5.814343858464250836e+00 -1.362629260412324017e+00 -1.509571944114237230e+00 -1.362629260412324017e+00 1.063062546838280653e+01
2.902070678780704327e+01 -5.453722687819133164e+00 5.300786287671123809e+00 -5.453722687819133164e+00 1.783643313640050820e+01 -3.728050222746622566e+00 5.300786287671123809e+00 -3.728050222746622566e+00 -2.515285886655128866e+00
6.064428636786797711e+01 2.331753642921337466e+00 5.568382793444199841e-01 2.331753642921337466e+00 3.096020700118306479e+01 -4.137008018731744841e+00 5.568382793444199841e-01 -4.137008018731744841e+00 4.020538406628902095e+01
5.089280909172305201e+01 -9.298062613510756691e+00 1.935701352751050042e+00 -9.298062613510756691e+00 3.328166745706348451e+01 1.941468734979588273e+00 1.935701352751050042e+00 1.941468734979588273e+00 1.200069041809804382e+01
5.840114262085359087e+01 -1.004955051865592530e+01 -2.470764825406397414e+00 -1.004955051865592530e+01 4.725056580240911330e+01 -1.578493626003026051e+01 -2.470764825406397414e+00 -1.578493626003026051e+01 2.114658235511639361e+01
6.080306111872749852e+01 -7.491009616298866192e+00 1.042947616965091662e+01 -7.491009616298866192e+00 5.259342909701669555e+01 -5.351856120130269012e+00 1.042947616965091662e+01 -5.351856120130269012e+00 3.569588513205988356e+00
-1.364438574581796360e+01 -2.364846945562105507e+00 -8.842234220110428700e-01 -2.364846945562105507e+00 -3.962991609827252404e+01 -1.411842613949777991e+01 -8.842234220110428700e-01 -1.411842613949777991e+01 -2.721235802622912914e+01
-2.002961316127180424e+01 5.518159579802593306e+00 -5.085674288655178010e+00 5.518159579802593306e+00 -5.988512858977356856e+00 -1.031841483552182659e+01 -5.085674288655178010e+00 -1.031841483552182659e+01 -2.345157855026936133e-01
-2.634598390929310807e-01 2.732135031915184697e+00 -1.649040263546116591e+01 2.732135031915184697e+00 2.067434298085077771e+01 -9.424600876209597189e+00 -1.649040263546116591e+01 -9.424600876209597189e+00 -2.339824707259838021e+01
-2.560047937989052835e-01 3.524901249498107791e+00 1.574648394157869058e+00 3.524901249498107791e+00 1.845560239569965688e+01 1.800867105504101007e+00 1.574648394157869058e+00 1.800867105504101007e+00 -4.142219909887789697e+01
-6.568921800691985169e+00 1.297800754527114853e+00 -8.596404774423197503e-01 1.297800754527114853e+00 -2.314682458924439412e-01 -3.241666544274585782e+00 -8.596404774423197503e-01 -3.241666544274585782e+00 -5.735703865587746364e+00
-5.210984982073384231e+01 -4.412735728886252318e+00 6.202112343093816982e+00 -4.412735728886252318e+00 -2.427766756837291950e+01 3.476852111175738447e+00 6.202112343093816982e+00 3.476852111175738447e+00 -3.923372504442914988e+01
