-2.621404469885827737e+01 -1.996394096869360313e+00 7.544144309974330831e+00 -1.996394096869360313e+00 -4.214920130269528897e+01 4.360210401673279890e+00 7.544144309974330831e+00 4.360210401673279890e+00 -1.572031171476980571e+00
-2.767382291122411075e+01 1.646457010894248896e+00 9.163970013479948662e+00 1.646457010894248896e+00 -2.412554687794349206e+01 -8.674631667585099848e+00 9.163970013479948662e+00 -8.674631667585099848e+00 -1.045261896057120587e+01
8.902423414005609104e+00 6.857905538303641357e+00 -8.309143910009645362e-01 6.857905538303641357e+00 1.185502713677618125e+01 3.328009468726611964e+00 -8.309143910009645362e-01 3.328009468726611964e+00 4.478583446947034474e+00
-2.100837845910795210e+01 -1.833194685836230020e+00 -2.430062156130707507e+01 -1.833194685836230020e+00 -2.409984526615271072e+00 1.605223792496699531e+01 -2.430062156130707507e+01 1.605223792496699531e+01 -6.556949027202639968e+01
-1.096293236251846714e+01 7.937733628316911094e+00 4.825313130371656101e+00 7.937733628316911094e+00 -1.872862892775698640e+01 2.186877764247465805e+01 4.825313130371656101e+00 2.186877764247465805e+01 -7.023715344921708237e-01
9.409469774375603279e+00 2.996710080118638597e+00 -1.190893765326492604e+00 2.996710080118638597e+00 -5.176678144269801773e-01 1.171345351699765125e+01 -1.190893765326492604e+00 1.171345351699765125e+01 3.596600875584086765e+01
-1.140511257540122031e-01 -1.024821159032381468e+00 -4.901462035520648186e+00 -1.024821159032381468e+00 -2.510029764587066392e+00 -8.723147442979552579e+00 -4.901462035520648186e+00 -8.723147442979552579e+00 6.541432424838259152e+00
-2.539111918975051907e+01 2.022886961631619229e+01 -1.738027773341518412e+01 2.022886961631619229e+01 -2.225345253552322333e+01 3.202086916944157480e+00 -1.738027773341518412e+01 3.202086916944157480e+00 5.842497648942992505e+00
3.705975665112408990e+01 8.923374118197125782e+00 7.245752732993587131e+00 8.923374118197125782e+00 2.164251103321434755e+01 5.260708203157995477e+00 7.245752732993587131e+00 5.260708203157995477e+00 6.187542490347499324e+01
-9.066207886002297656e-01 1.309780183307857371e+01 1.257434309887844659e+00 1.309780183307857371e+01 -1.306344228991468981e+01 9.072363013195325010e+00 1.257434309887844659e+00 9.072363013195325010e+00 1.321067695439203860e+01
-1.143412752730035642e+01 -9.826668850623189400e+00 3.129464967998179858e+00 -9.826668850623189400e+00 2.728018711149939879e+00 9.879314747797719676e+00 3.129464967998179858e+00 9.879314747797719676e+00 -2.088258866733127306e+01
-2.742686013991933436e+01 -1.479176022233285792e+01 4.127910392171171061e+00 -1.479176022233285792e+01 -1.862294530014619198e+01 2.283492896525029181e+01 4.127910392171171061e+00 2.283492896525029181e+01 -3.006947115235745471e+01
-8.286798993060378038e+00 -6.980467734107110189e+00 -9.061212989818498542e+00 -6.980467734107110189e+00 -5.965278256078207164e+00 7.181440125762263982e+00 -9.061212989818498542e+00 7.181440125762263982e+00 2.553032161633461783e+01
-4.978933154661912397e+01 1.398220993281595526e+01 -1.053145117994113455e+01 1.398220993281595526e+01 -5.157966248864083525e+01 8.095169020139170613e+00 -1.053145117994113455e+01 8.095169020139170613e+00 -1.689359791802824518e+01
3.137549198508938275e+01 1.549055693729573413e+01 -1.840705217036106678e+00 1.549055693729573413e+01 2.835721744918295073e+01 5.938500856980641451e+00 -1.840705217036106678e+00 5.938500856980641451e+00 -3.002369982783832114e+01
-2.890278244195076396e-01 6.993118197989278695e-01 9.145338397641914696e+00 6.993118197989278695e-01 -1.156587316598509751e+01 -1.200515428989881528e+01 9.145338397641914696e+00 -1.200515428989881528e+01 5.564010764159531774e+00
2.552773892458089122e+01 1.126979924898981977e+01 5.612847004557834474e+00 1.126979924898981977e+01 2.803346004608530606e+01 5.079372374513716260e+00 5.612847004557834474e+00 5.079372374513716260e+00 3.729840300445165013e+01
-1.241307174027498483e+01 4.993518401867012457e+00 -9.730644207250858102e+00 4.993518401867012457e+00 -6.426851947915370289e+00 9.721739631976864970e+00 -9.730644207250858102e+00 9.721739631976864970e+00 -4.665450468851015842e+01
-1.707064904216349532e+01 7.116129426431559324e+00 1.513635639994336847e-02 7.116129426431559324e+00 -1.760534101365683668e+01 1.578841144979267774e+01 1.513635639994336847e-02 1.578841144979267774e+01 -3.903510083350195714e+01
-1.117171461164977053e+01 -1.047063605630327920e+01 -7.342999522472513974e+00 -1.047063605630327920e+01 -2.782388304510863364e+01 1.260821519649674372e+01 -7.342999522472513974e+00 1.260821519649674372e+01 -5.413662393038559628e+01
-4.214572308770764941e+00 -8.295613232387436753e+00 8.669091737240525175e-01 -8.295613232387436753e+00 -7.801490764960688828e+00 -5.438014488703130311e+00 8.669091737240525175e-01 -5.438014488703130311e+00 1.162148827889888381e+01
-3.998454865050624107e+01 -3.888992676453960406e+00 -1.679034209769892372e-01 -3.888992676453960406e+00 -4.385049504504081597e+01 9.261574268272034782e-01 -1.679034209769892372e-01 9.261574268272034782e-01 -1.424918167371881239e+01
-2.830430467022967633e+01 -1.641386313763411664e+01 1.118923421949958641e+00 -1.641386313763411664e+01 -1.056324822712536360e+01 6.319989639734442832e+00 1.118923421949958641e+00 6.319989639734442832e+00 9.333949513550892974e+00
-1.862086898824071923e+01 3.534296422181284481e-01 1.476073535954563987e+01 3.534296422181284481e-01 -2.094147741666611395e+01 -1.226825755756020975e+01 1.476073535954563987e+01 -1.226825755756020975e+01 -8.797531657173424335e+00
-3.564357807668619760e+00 2.721393731206052991e+00 -7.580224323009558951e+00 2.721393731206052991e+00 -2.397631159045967308e+01 -4.323633638636970034e+00 -7.580224323009558951e+00 -4.323633638636970034e+00 -6.608612205850312726e+00
6.161492222805624586e+00 -1.694427026215839405e+00 -6.273064920809725997e+00 -1.694427026215839405e+00 2.465752325259873867e+00 -6.830161465006876043e+00 -6.273064920809725997e+00 -6.830161465006876043e+00 -3.795271546123082373e+01
-2.049774937951607257e+01 3.130472183171407519e+00 3.616027597108272928e+00 3.130472183171407519e+00 -3.382526069224865495e+01 5.348567751464630149e+00 3.616027597108272928e+00 5.348567751464630149e+00 -7.449909667840095118e+00
-3.153467594192965251e+01 6.131642885845089097e+00 9.379518734081933928e+00 6.131642885845089097e+00 -3.567558849112059249e+01 6.253718070994553457e+00 9.379518734081933928e+00 6.253718070994553457e+00 -2.155516409482662610e+01
-9.723762331055272767e+00 -1.024879500892995665e+01 4.494751133055745029e+00 -1.024879500892995665e+01 -1.274481689578515109e+01 -7.938266893454838602e+00 4.494751133055745029e+00 -7.938266893454838602e+00 -1.803809393154674012e+01
2.794398017126649592e+00 -2.729601876718550368e+00 -1.503694635766283305e+01 -2.729601876718550368e+00 -3.668859011218423838e+00 -5.102182176750662990e+00 -1.503694635766283305e+01 -5.102182176750662990e+00 -3.813775459396241985e+01
-6.818308855226802301e+00 1.389434254700585569e+01 6.668810358121768367e+00 1.389434254700585569e+01 1.670959839978862860e+01 5.246426221937657175e+00 6.668810358121768367e+00 5.246426221937657175e+00 1.009526163605494631e+01
-4.548382745187144138e+01 -2.345580954058113399e+00 2.410506964649352568e+01 -2.345580954058113399e+00 -3.785920155415918487e+01 7.863254025170330230e+00 2.410506964649352568e+01 7.863254025170330230e+00 -3.652496695622669165e+01
-4.956951751237541970e+01 4.394501424031819425e+00 1.590614534489579457e+00 4.394501424031819425e+00 -3.474999114751215501e+01 -6.650760332059256541e+00 1.590614534489579457e+00 -6.650760332059256541e+00 -4.413957757232308410e+01
-5.264936921855115060e+01 -1.167071049428155760e+01 -2.318277725852085691e+00 -1.167071049428155760e+01 -4.282960497697595770e+01 -7.468027302189263139e+00 -2.318277725852085691e+00 -7.468027302189263139e+00 -8.801735909489802623e+01
2.673141582543379258e+01 -3.975172747916384530e+00 8.022497565346116133e+00 -3.975172747916384530e+00 3.224509573491232572e+01 5.731326095548364030e+00 8.022497565346116133e+00 5.731326095548364030e+00 -3.456013716817745518e+01
-4.773432835971480159e+01 -2.720931830661144524e+00 -1.330373101638718580e+00 -2.720931830661144524e+00 -5.481672567703733279e+01 -3.199025039039226082e-01 -1.330373101638718580e+00 -3.199025039039226082e-01 -4.972286483465344986e+01
1.131669246268676865e+01 2.472205971802841162e+01 -4.799710119311350054e-01 2.472205971802841162e+01 -8.643744266015225719e+00 3.745527145002216507e+00 -4.799710119311350054e-01 3.745527145002216507e+00 -6.099395196568882227e+01
4.878195674860949538e+01 -1.370604757695597620e+01 4.066665920021159231e+00 -1.370604757695597620e+01 4.334433988004259675e+01 1.074572880630451088e+01 4.066665920021159231e+00 1.074572880630451088e+01 9.095566493442740708e+00
1.901211501668829129e+01 -1.382387775084172876e+00 -5.379612089143447351e-01 -1.382387775084172876e+00 2.593335799950558496e+01 -1.017756653420286650e+00 -5.379612089143447351e-01 -1.017756653420286650e+00 4.363735039827328421e+01
2.521122416600455995e+00 2.543514785961850766e+00 -8.717636474049587747e+00 2.543514785961850766e+00 2.970390858037831094e+00 -1.641158999325178414e+01 -8.717636474049587747e+00 -1.641158999325178414e+01 -1.055102606959673395e+01
-9.430203732704095287e+00 -1.048823339961353618e+01 9.219952567052889236e+00 -1.048823339961353618e+01 -8.026559496759876566e+00 7.348608782996271849e+00 9.219952567052889236e+00 7.348608782996271849e+00 1.162851277268276107e+01
-1.034575831048715955e+01 8.253623939110851238e-01 1.812304357048364345e+00 8.253623939110851238e-01 -1.078747847119371528e+01 -2.134840896651023101e+01 1.812304357048364345e+00 -2.134840896651023101e+01 -3.497056122143857948e+01
-2.718063864903695048e+01 5.554426974750849233e+00 6.679036898038013703e+00 5.554426974750849233e+00 -2.576001420981514656e+01 1.009782683305367357e+01 6.679036898038013703e+00 1.009782683305367357e+01 -3.321034420081845440e+01
-9.799467120780413154e+00 -7.434958740360981366e+00 -9.681567735178886025e+00 -7.434958740360981366e+00 6.480617944772595340e-01 -1.260742371012397101e+01 -9.681567735178886025e+00 -1.260742371012397101e+01 9.630371580309363466e+00
-1.802826929146780088e+01 -6.247146062956263179e+00 5.286695758009257062e+00 -6.247146062956263179e+00 -2.120114065937900349e+01 -9.040855490805151717e+00 5.286695758009257062e+00 -9.040855490805151717e+00 -1.525951374322661147e+00
1.074570407482244683e+01 1.228902844718011345e+01 -6.362804299866597901e+00 1.228902844718011345e+01 7.950198500635937471e+00 -1.944028032106535520e+01 -6.362804299866597901e+00 -1.944028032106535520e+01 -1.394747860704940301e+01
-3.349650410177349613e+01 -8.617794602050055985e+00 -6.401548591401781785e+00 -8.617794602050055985e+00 -2.993281254670701230e+01 -1.263139447300328300e+01 -6.401548591401781785e+00 -1.263139447300328300e+01 -5.847446385110391276e+01
3.122024053975090396e+01 2.067289076463327380e+00 -7.126591094712413366e+00 2.067289076463327380e+00 1.256590500487738282e+01 7.679361144856427401e+00 -7.126591094712413366e+00 7.679361144856427401e+00 4.965008506374172903e+00
-6.011424531784737013e+00 1.584595990771808793e+01 8.316019026734620567e+00 1.584595990771808793e+01 -8.157819218708427300e+00 6.400635836149418445e+00 8.316019026734620567e+00 6.400635836149418445e+00 -3.678628851792505117e+01
-1.728917613508559725e+01 6.169355812759599544e+00 5.113488694645222488e+00 6.169355812759599544e+00 -6.461387268556634034e+00 -1.124673402233865183e+01 5.113488694645222488e+00 -1.124673402233865183e+01 2.036914350737789370e+00
