-2.842273230376705229e+01 1.323677356223175838e+00 -6.192756985746416198e+00 1.323677356223175838e+00 -3.013547153726611327e+01 1.030148882748820860e+01 -6.192756985746416198e+00 1.030148882748820860e+01 -1.049706961683083684e+01
3.129686221960148629e+01 9.587794086451678410e+00 -7.128069397928609163e+00 9.587794086451678410e+00 -1.606087587098533476e+01 -2.858409763465432185e+00 -7.128069397928609163e+00 -2.858409763465432185e+00 3.788532416066745157e+01
2.249855739114638808e+01 4.283316652418053039e+00 1.480812453841300602e+01 4.283316652418053039e+00 -2.867271337799941833e+01 1.367359138530667551e+01 1.480812453841300602e+01 1.367359138530667551e+01 2.399522620953879581e+01
2.524343689800436330e+00 -1.068235234041317039e-01 -2.353106982020328886e+01 -1.068235234041317039e-01 -6.862697870115974297e+01 -4.580304372534007129e+00 -2.353106982020328886e+01 -4.580304372534007129e+00 8.504180833540152529e-01
6.628690462372979653e+01 -1.129040534820779129e+01 -1.057227869181471291e+01 -1.129040534820779129e+01 3.156179602263177841e+01 -2.083458225705008360e+01 -1.057227869181471291e+01 -2.083458225705008360e+01 7.215143301873199277e+01
3.745941711189419721e+01 3.556408169939083042e+00 1.933536111020587711e+01 3.556408169939083042e+00 -2.100862218522980385e+01 1.563878381949993235e-01 1.933536111020587711e+01 1.563878381949993235e-01 3.403020586358142197e+01
-2.550647303100560848e+01 -1.271330020918127346e+01 -1.049250832235893505e+01 -1.271330020918127346e+01 -4.152204392453697324e+01 6.462270314996366949e+00 -1.049250832235893505e+01 6.462270314996366949e+00 -2.492083471914828152e+01
2.630155928607272386e+01 -1.389378771699825244e+01 -6.688399784687850680e-01 -1.389378771699825244e+01 -5.127637771772052488e+00 -1.250964108581520229e+01 -6.688399784687850680e-01 -1.250964108581520229e+01 3.399396838799566467e+01
-4.702539712880970946e+00 -2.588151388178633994e+00 -2.514920637681891780e+00 -2.588151388178633994e+00 -2.781352344440525215e+01 -3.151871447498594492e+00 -2.514920637681891780e+00 -3.151871447498594492e+00 1.111132741788058809e+01
2.298199473648335101e+01 -2.085019939190153049e-01 -9.125050267013097738e+00 -2.085019939190153049e-01 -6.445964839758604015e+00 -5.288425192831157418e+00 -9.125050267013097738e+00 -5.288425192831157418e+00 9.482833951365932990e+00
4.912394523360805287e+00 1.814152029551135925e+01 -8.917199278497664139e+00 1.814152029551135925e+01 -4.017549778582292674e+01 1.392645218796721629e+01 -8.917199278497664139e+00 1.392645218796721629e+01 -6.661285644680814855e+00
1.393488260856499394e+01 -9.413707865079310011e+00 1.639613320951889719e+01 -9.413707865079310011e+00 4.990339681422383045e+00 -3.511948125619325900e+00 1.639613320951889719e+01 -3.511948125619325900e+00 3.542504722637381320e+01
-2.650640417518714820e+00 -5.090473811932926473e+00 4.282095062010673026e+00 -5.090473811932926473e+00 -5.236858231685053511e+01 -9.312133756986074928e+00 4.282095062010673026e+00 -9.312133756986074928e+00 2.519124955113279718e+00
9.366681333218251027e+00 1.477088692222968547e+01 -4.885268070567521548e+00 1.477088692222968547e+01 -1.983545834136086938e+01 -1.858109184007156856e+00 -4.885268070567521548e+00 -1.858109184007156856e+00 3.359378561954218867e+01
2.266338601843571965e+01 -3.587097762105228238e+00 -1.398456918727792697e+01 -3.587097762105228238e+00 -6.405879400179068739e+01 9.026541340227854704e+00 -1.398456918727792697e+01 9.026541340227854704e+00 1.481360090594589352e+01
-1.373350584818722098e+01 1.098455701055441303e+01 -9.431825460174888320e+00 1.098455701055441303e+01 -2.588724677559794074e+01 8.735377600625895411e-01 -9.431825460174888320e+00 8.735377600625895411e-01 -4.549889826018399219e+01
-3.863264991925109371e+01 5.303032596998757953e+00 1.301475057188883966e+01 5.303032596998757953e+00 -3.981991757073742377e+01 -1.176064879034271193e+01 1.301475057188883966e+01 -1.176064879034271193e+01 -1.971999015658558818e+01
4.611297672113958868e+01 -8.664138691417283766e+00 -5.607649335115277189e+00 -8.664138691417283766e+00 5.630788787049382238e-01 -4.477073273541728460e-01 -5.607649335115277189e+00 -4.477073273541728460e-01 5.455857221061496887e+01
5.637434383849658559e+00 -2.641982944619381435e+00 3.124584622008526935e+00 -2.641982944619381435e+00 -3.805725002155841707e+01 1.456080605978316811e+01 3.124584622008526935e+00 1.456080605978316811e+01 6.810412894594488620e+00
-7.819880262150271655e+00 -7.392443381978754502e+00 2.200676089224582910e+01 -7.392443381978754502e+00 -5.581704484996959792e+01 -1.240180398761813585e+01 2.200676089224582910e+01 -1.240180398761813585e+01 9.224716767923006877e-01
-3.046398066213188913e-02 -9.366385600194006011e-01 2.945220938317704817e+00 -9.366385600194006011e-01 -8.298635433018995755e+00 4.115270776360452132e+00 2.945220938317704817e+00 4.115270776360452132e+00 -1.459249383781544562e+00
-2.350028990988256794e+01 -8.475595102292952987e+00 -6.721533121432532454e+00 -8.475595102292952987e+00 -8.493802732041024228e+01 -3.406575901647644677e+00 -6.721533121432532454e+00 -3.406575901647644677e+00 3.680813717157510823e+00
-4.352850648302011294e+00 2.398978658936951547e+01 -7.853927100970812702e+00 2.398978658936951547e+01 -7.122631153948539406e+01 3.674999417213856923e+00 -7.853927100970812702e+00 3.674999417213856923e+00 -5.206121851571842285e+01
-1.908857699003077357e+01 -8.170709225193004244e+00 7.255822082918959914e+00 -8.170709225193004244e+00 -3.914471087999621801e+01 9.244259646188190516e+00 7.255822082918959914e+00 9.244259646188190516e+00 -2.115722687084355513e+01
-1.919895279609524508e+01 1.604748106734408486e+00 -2.309291105980744874e+01 1.604748106734408486e+00 -3.633133547322113799e+01 -1.449694123115895295e+01 -2.309291105980744874e+01 -1.449694123115895295e+01 5.828613577963528414e+00
-1.637979712028510093e+01 1.914852448743756952e+01 2.336402593528586280e+01 1.914852448743756952e+01 -5.196767298345983832e+00 1.777955591399553725e+01 2.336402593528586280e+01 1.777955591399553725e+01 -2.512093102225893659e+01
2.791351792203989390e+01 -2.577901379120546288e+00 -1.803909811698423127e+01 -2.577901379120546288e+00 3.483216903883281201e+00 1.274820330567101223e+01 -1.803909811698423127e+01 1.274820330567101223e+01 3.174350185737178975e+01
1.407633168307106786e+01 -9.807278407368452022e+00 -2.387120052089893463e+01 -9.807278407368452022e+00 -2.909202817535531693e+01 2.016313019733599443e+00 -2.387120052089893463e+01 2.016313019733599443e+00 7.210084585516683298e+00
-4.634919335007470664e+01 6.924938169496113183e-01 6.648886397173537910e-01 6.924938169496113183e-01 -5.446268905352952316e+01 -8.877378477756820985e+00 6.648886397173537910e-01 -8.877378477756820985e+00 -1.582462714994162845e+01
1.587383217343523256e+01 2.057582734146114944e+01 -4.792828241211417151e+00 2.057582734146114944e+01 -6.159855349340312536e+00 -6.254801302722778900e+00 -4.792828241211417151e+00 -6.254801302722778900e+00 1.655467729690978018e+01
7.610328474260654730e+01 2.043058279007842160e+01 -1.153473982800171171e+01 2.043058279007842160e+01 1.859656313422049578e+01 4.140621872671589543e+00 -1.153473982800171171e+01 4.140621872671589543e+00 5.577268894848638325e+01
1.406245629330794422e+01 1.604011178873420984e-01 -1.224142275485069931e+01 1.604011178873420984e-01 -3.619098013278620840e+01 -3.761287104717166763e+00 -1.224142275485069931e+01 -3.761287104717166763e+00 1.974237339957534232e+01
3.723627714228751984e+01 7.951647007143780588e-02 -4.765072989490035660e+00 7.951647007143780588e-02 2.241642357416984410e+01 7.788568316953301540e+00 -4.765072989490035660e+00 7.788568316953301540e+00 5.069354064631223622e+01
-1.418449869668905627e+01 -1.664575529897266293e+01 1.124020131272975620e+00 -1.664575529897266293e+01 -3.796147911644072792e+01 1.092753005502582475e+01 1.124020131272975620e+00 1.092753005502582475e+01 -4.669059822877702715e+00
-5.229829001871456029e+01 -2.698448208349006805e+01 7.715383623886388875e+00 -2.698448208349006805e+01 -1.694088628898879278e+01 -4.051938635336619909e-01 7.715383623886388875e+00 -4.051938635336619909e-01 -4.889678210418150428e+01
1.094064045093131377e+01 1.179983302474689566e+01 4.214853897558219487e+00 1.179983302474689566e+01 1.027435152034687427e+01 1.142243547646731905e+01 4.214853897558219487e+00 1.142243547646731905e+01 3.806239063629848118e+01
2.568551599684749220e+01 1.323942720106528359e+00 4.220022823578526427e+00 1.323942720106528359e+00 -1.346825009105685389e+01 -3.085919242592178424e+00 4.220022823578526427e+00 -3.085919242592178424e+00 3.150510188717002080e+01
-1.824292896769449612e+01 -7.862151973733815247e+00 1.646030256832953498e+01 -7.862151973733815247e+00 -6.683096367645835301e+01 1.565186745928259349e+01 1.646030256832953498e+01 1.565186745928259349e+01 -9.937196225559851825e+00
-9.280352603623134300e+00 6.939942606498821220e+00 4.174145026494313626e+00 6.939942606498821220e+00 2.955352624746721801e+01 -6.343969727549589877e+00 4.174145026494313626e+00 -6.343969727549589877e+00 -3.661720248325865867e+01
-9.718987547628552548e+00 2.446139057804389783e+00 -1.164717137241538936e+01 2.446139057804389783e+00 -5.883807177341315509e+01 -3.425075327438989792e+00 -1.164717137241538936e+01 -3.425075327438989792e+00 6.673146714980422445e+00
3.121759241871048474e+01 -2.899652647068938549e+01 2.178078274127168701e+00 -2.899652647068938549e+01 -2.070476130374078139e+01 -6.583198426063684217e+00 2.178078274127168701e+00 -6.583198426063684217e+00 4.216263428147269821e+01
5.419494494154695730e+01 5.893256142045752988e+00 1.134802754308895167e+01 5.893256142045752988e+00 6.651656233657964323e-01 1.924635183609812472e+01 1.134802754308895167e+01 1.924635183609812472e+01 3.738892764549705561e+01
-2.870146487745562150e-02 1.264302486765824973e+01 1.483830966926073103e+01 1.264302486765824973e+01 -2.811269279137538035e+01 3.816495921947276937e+00 1.483830966926073103e+01 3.816495921947276937e+00 -9.383995722677450857e+00
2.617116371910772066e-01 -4.236597361901627501e+00 3.429457750302681074e+00 -4.236597361901627501e+00 -2.884233950652428291e+01 1.660893113973675383e+01 3.429457750302681074e+00 1.660893113973675383e+01 1.686732403528460722e+01
-4.040610866517101130e+01 9.215394531602777661e+00 -2.516692358184300460e+01 9.215394531602777661e+00 -6.362966437595940761e+01 -8.119754468091008093e+00 -2.516692358184300460e+01 -8.119754468091008093e+00 -2.997762788195229078e+01
-3.582607275974902450e+01 -5.134494632725217222e+00 3.942598011769776978e+00 -5.134494632725217222e+00 -2.823571455118975848e+01 -1.149662270081385884e+01 3.942598011769776978e+00 -1.149662270081385884e+01 -2.558568895498638440e+01
3.382370709812296816e+00 -1.930682764073669588e+01 4.205639684515285026e+00 -1.930682764073669588e+01 2.180045513988028461e+01 -9.550814276601229835e+00 4.205639684515285026e+00 -9.550814276601229835e+00 -4.748323273867764982e+00
1.060123305785664449e+01 -1.211543954188031158e+01 -1.102394155610872062e+01 -1.211543954188031158e+01 2.174059058967616309e+01 8.447830558065135165e+00 -1.102394155610872062e+01 8.447830558065135165e+00 2.694288169590311455e+01
-4.849108010439151073e+00 -5.108233803629098624e+00 -9.025438304902458242e+00 -5.108233803629098624e+00 2.384157460727822198e+01 6.998355157778713975e-01 -9.025438304902458242e+00 6.998355157778713975e-01 1.620570623191822435e+01
-2.130223315608994383e+01 -6.386807008438458944e+00 -9.495399995532206594e-01 -6.386807008438458944e+00 -3.733544525404109038e+01 -7.116415853346937048e+00 -9.495399995532206594e-01 -7.116415853346937048e+00 -2.726138172134157145e+01
-3.515545311113294247e+01 1.509669387005389929e+01 3.265001362900378012e+00 1.509669387005389929e+01 -6.052375432792445054e+01 -4.402541731357690225e+00 3.265001362900378012e+00 -4.402541731357690225e+00 -5.546324556543693163e+00
3.126873427886411250e+01 1.019018301287447592e+01 -1.584409479138430665e+00 1.019018301287447592e+01 6.150128943637016121e+00 6.207421192664104304e+00 -1.584409479138430665e+00 6.207421192664104304e+00 3.037836170517187995e+01
1.419028903889677906e+01 -1.287860682910300270e+01 1.034373234474100511e-01 -1.287860682910300270e+01 2.465324426660921020e+01 -8.757157886882115605e+00 1.034373234474100511e-01 -8.757157886882115605e+00 6.392662673966715836e-01
1.007790270805267596e+01 2.935371534960272921e+00 1.127765495030710241e+01 2.935371534960272921e+00 -5.818137172669313628e+01 -7.959929644567014684e+00 1.127765495030710241e+01 -7.959929644567014684e+00 -1.515124464328325971e+01
-5.774506252800444628e+01 6.185940147731335159e+00 -8.231548513972198222e+00 6.185940147731335159e+00 -7.409293384209343003e+01 -1.885624646955697870e+00 -8.231548513972198222e+00 -1.885624646955697870e+00 -5.794433828649660256e+01
-3.569365605534671460e+01 -5.758210598899929700e+00 1.037626757276273848e+00 -5.758210598899929700e+00 -8.867548636796232131e+01 -1.002138186124367181e+01 1.037626757276273848e+00 -1.002138186124367181e+01 -5.630173569080847074e+01
-1.644847718443289253e+01 -1.116937579462598196e+00 -1.041331998536729309e+01 -1.116937579462598196e+00 -6.152797721971706579e+01 -1.275035406953232808e+01 -1.041331998536729309e+01 -1.275035406953232808e+01 -6.446590183516218708e+00
-5.222086148836046959e+01 -5.370275569341298016e+00 3.614245155601311321e+00 -5.370275569341298016e+00 -4.606076501040339366e+01 -3.933354589987691163e+00 3.614245155601311321e+00 -3.933354589987691163e+00 -4.471486275355099593e+01
-3.501706607919167169e+01 -1.930863886555601638e+01 7.277190196172848680e+00 -1.930863886555601638e+01 -5.512746339529149964e+01 -3.662869953437989157e+00 7.277190196172848680e+00 -3.662869953437989157e+00 1.624146413754189666e+01
-2.736845408830103565e+01 -4.579239328690354327e+00 -2.750888949010957596e+00 -4.579239328690354327e+00 -6.067069123925210761e+01 2.209198640460832053e+01 -2.750888949010957596e+00 2.209198640460832053e+01 -2.990709048644751178e+01
5.805153984210200235e+00 -4.140318566749256135e+00 -7.604327898762629268e+00 -4.140318566749256135e+00 -4.074635287987353394e+01 -1.658010496300901693e+01 -7.604327898762629268e+00 -1.658010496300901693e+01 -2.347095211516029423e+01
-2.585581405761753615e+01 1.172964094216486508e+01 3.123042535863800762e+00 1.172964094216486508e+01 -4.745318689122302658e+01 -1.144449305665554739e+01 3.123042535863800762e+00 -1.144449305665554739e+01 -9.453861436484995551e+00
2.623304805793021544e+01 -1.405329555487664983e+01 9.604919217561519673e+00 -1.405329555487664983e+01 -3.679029304166570569e+01 -3.610126962692083996e+00 9.604919217561519673e+00 -3.610126962692083996e+00 1.966668951229121021e+01
5.574753551796132633e+00 -6.497762867454471625e+00 -7.566535013884536198e+00 -6.497762867454471625e+00 -3.635791428674484393e+01 -8.612281468891522351e+00 -7.566535013884536198e+00 -8.612281468891522351e+00 3.729289489155346082e+00
3.714149567087434889e+01 7.663466092985007805e+00 7.004543936590548192e+00 7.663466092985007805e+00 -1.675195322306933576e+01 9.968562705481597064e+00 7.004543936590548192e+00 9.968562705481597064e+00 2.908274090890317964e+01
-2.537869480180356874e+01 1.555377465144725857e+00 -1.398681772980675220e+01 1.555377465144725857e+00 -6.286171410798701231e+01 -9.639392388662497702e-01 -1.398681772980675220e+01 -9.639392388662497702e-01 -1.214369465646552193e+01
3.258766644802331314e+01 -1.199555622831624291e+01 1.418330073005109826e+00 -1.199555622831624291e+01 -2.901898755017856768e+00 6.924578342222980076e+00 1.418330073005109826e+00 6.924578342222980076e+00 2.780531998360019585e+01
-2.396416885402159025e+00 6.885982659688735907e+00 8.944549301012870046e+00 6.885982659688735907e+00 -9.231564000286807570e+00 6.883073872510767188e+00 8.944549301012870046e+00 6.883073872510767188e+00 -1.361463225290695256e+01
2.743704201787437569e+01 -1.886772695286587620e+01 6.386652345777392270e+00 -1.886772695286587620e+01 -7.688995299181676124e+00 4.282165412194456344e+00 6.386652345777392270e+00 4.282165412194456344e+00 1.918575482925999864e+01
-6.694911094933408080e+00 -6.647082226119050752e+00 -1.784764375740033771e+01 -6.647082226119050752e+00 -7.759751719554679461e+00 4.138804637691676724e+00 -1.784764375740033771e+01 4.138804637691676724e+00 1.462981158094846634e+01
-3.205105388294571611e+01 2.181704898724134978e+01 1.005674683260577140e+01 2.181704898724134978e+01 -7.864732708336072520e+00 1.303216701396951649e+01 1.005674683260577140e+01 1.303216701396951649e+01 -3.502067243212104586e+01
2.815744762929125855e+01 -1.681466421922537435e+01 9.626228432114032785e+00 -1.681466421922537435e+01 -8.528446684920250931e+00 -5.626291378338266647e+00 9.626228432114032785e+00 -5.626291378338266647e+00 4.695566387062458347e+01
-1.791998959055576890e+01 3.364069954619480107e+00 -1.780908229403243936e+01 3.364069954619480107e+00 -6.539564353511750028e+01 4.524173838287069316e+00 -1.780908229403243936e+01 4.524173838287069316e+00 -3.488805251231757154e+01
1.109796406725422813e+01 -9.734333330017195252e+00 -4.574401551918861664e+00 -9.734333330017195252e+00 -6.739746225866959151e+01 3.517917574256610891e+00 -4.574401551918861664e+00 3.517917574256610891e+00 7.496386137261830562e+00
3.348760570704832418e+01 7.622004153179705810e+00 1.329322740365969580e+01 7.622004153179705810e+00 -9.377057896484098265e+00 -2.320767807137723793e+01 1.329322740365969580e+01 -2.320767807137723793e+01 1.741657394131827985e+01
-2.322713164932036634e+01 9.996673746446486319e+00 2.095251922980935433e+00 9.996673746446486319e+00 -1.213236188637557689e+01 -1.796536139732411641e+01 2.095251922980935433e+00 -1.796536139732411641e+01 -2.314744763102632774e+01
-3.238937841936325412e+01 -2.087505549146669637e+01 -1.052002938510358376e+01 -2.087505549146669637e+01 -6.098861573627044663e+01 2.669688676272037320e-01 -1.052002938510358376e+01 2.669688676272037320e-01 -2.297765547010580178e+01
-9.900086727519083141e+00 1.328650442757027150e+01 -9.320276726778530474e+00 1.328650442757027150e+01 -6.481149479999680807e+01 1.288973643562778015e+01 -9.320276726778530474e+00 1.288973643562778015e+01 -4.579424676366888747e+01
-1.224581668748281160e+01 2.260250876863559188e+00 1.022095280644958848e+01 2.260250876863559188e+00 -2.089080571455633617e+01 1.093964548200735187e+00 1.022095280644958848e+01 1.093964548200735187e+00 -5.688817091873085374e+00
-2.603063889261721187e+01 -1.253413367263748235e+01 -8.138846299530525741e+00 -1.253413367263748235e+01 -9.254611510734541469e+00 1.849590040793632184e+01 -8.138846299530525741e+00 1.849590040793632184e+01 -3.829090986623423021e+01
-5.238543111011593822e+01 -1.212264919418077191e+01 1.559359611474543161e+00 -1.212264919418077191e+01 -8.057767220521108698e+01 3.180937943858133554e+00 1.559359611474543161e+00 3.180937943858133554e+00 -3.935274167030476633e+01
8.516917953047911993e+00 6.427508799387426031e+00 2.698935735424579541e+00 6.427508799387426031e+00 -1.638824179227437128e+01 4.500946409228498979e+00 2.698935735424579541e+00 4.500946409228498979e+00 1.762788896323091947e+01
4.425191190366899008e+01 -3.142274953564171192e+00 -1.096026493232700183e+01 -3.142274953564171192e+00 -7.928085094141229305e+00 -8.397284095781644808e+00 -1.096026493232700183e+01 -8.397284095781644808e+00 4.684097067301380690e+01
3.768814378696057332e+01 -1.109328492016217194e-01 -9.918093158037009083e-01 -1.109328492016217194e-01 4.040338860279427280e+01 -6.603094618833606155e+00 -9.918093158037009083e-01 -6.603094618833606155e+00 3.222248728136390383e+01
-2.675639816733309218e+01 1.498192715650791262e+00 -1.950450024221332401e-01 1.498192715650791262e+00 -2.166801585194814095e+01 9.931002439968418471e+00 -1.950450024221332401e-01 9.931002439968418471e+00 -1.956234408917323364e+01
-2.579072563316376687e+01 2.542229957582148536e+00 2.813571492866466350e+00 2.542229957582148536e+00 -6.785361486701302169e+01 1.338922091501527767e+01 2.813571492866466350e+00 1.338922091501527767e+01 -3.200936137991916297e+01
-1.454368555694532184e+01 7.086241813604911011e-01 1.444689849629520628e+00 7.086241813604911011e-01 -2.861852502719476021e+01 1.658643416391092984e+01 1.444689849629520628e+00 1.658643416391092984e+01 1.188691747479865946e+00
1.082661943818586536e+01 1.419715377098105691e+01 8.133019684218012912e+00 1.419715377098105691e+01 -1.704671394261991324e+01 -6.428468435545570792e+00 8.133019684218012912e+00 -6.428468435545570792e+00 1.952119817764875620e+01
-5.699655655272855448e+00 -2.063021021068228489e+00 -1.882111868010158950e+00 -2.063021021068228489e+00 -3.146874648443944267e+00 -9.622803847648055964e+00 -1.882111868010158950e+00 -9.622803847648055964e+00 5.053233587559089024e+00
2.459681575548901478e+01 2.820403817423900783e+00 5.623568235824051520e+00 2.820403817423900783e+00 -4.012768510573350156e+00 -1.770388111920049923e+01 5.623568235824051520e+00 -1.770388111920049923e+01 2.425105315925600635e+01
6.136900198331976419e+00 -9.024948823520755781e+00 1.240227341274967721e+01 -9.024948823520755781e+00 -2.519045411494074571e+01 3.483542551932580444e+00 1.240227341274967721e+01 3.483542551932580444e+00 5.230280042332360324e+00
-3.043160171134937286e+01 -5.000669493659360976e-01 1.675179842059120716e+01 -5.000669493659360976e-01 -1.570526504301583337e+01 -7.667254961423641824e+00 1.675179842059120716e+01 -7.667254961423641824e+00 -4.450559123475206746e+01
2.428102041366723185e+01 1.049508280373143343e+01 6.961457070889949250e+00 1.049508280373143343e+01 -2.285071227768739988e+01 1.439945365212184036e+01 6.961457070889949250e+00 1.439945365212184036e+01 1.700221763692833932e+01
1.500614046872374274e+01 1.566436430315001793e+00 -7.460070487231790004e+00 1.566436430315001793e+00 -4.386659306397364588e+01 1.779721693936615168e+01 -7.460070487231790004e+00 1.779721693936615168e+01 9.157841724149577090e+00
-2.387533464616294410e+01 1.063251351148624657e+01 1.420036663779541541e+01 1.063251351148624657e+01 -6.514708776823928815e+01 3.198984992171030606e-01 1.420036663779541541e+01 3.198984992171030606e-01 -2.993043591478677001e+01
-3.167427733894237818e+01 1.261317284736210631e+01 1.010303397151520244e+01 1.261317284736210631e+01 -6.825789061075570885e+01 4.268700288109181784e+00 1.010303397151520244e+01 4.268700288109181784e+00 -2.204394387503230845e+01
4.235820327579200750e+01 -1.312163804550817048e+01 -8.360573073992116022e+00 -1.312163804550817048e+01 -2.971982163816430322e+00 -7.594736455354467175e+00 -8.360573073992116022e+00 -7.594736455354467175e+00 3.903170855209559420e+01
-2.516699222314537820e+01 1.562303373510765869e+00 -5.534754329846155230e+00 1.562303373510765869e+00 -2.287422560580274933e+01 -7.754090464157814111e+00 -5.534754329846155230e+00 -7.754090464157814111e+00 -3.504942788498063067e+01
-4.455744669442770345e+01 1.961271443437301087e+00 -1.578688649729668825e+01 1.961271443437301087e+00 -8.789000380796342426e+01 -6.013077798770294358e-01 -1.578688649729668825e+01 -6.013077798770294358e-01 -2.423454355687741923e+01
1.504081269225209283e+01 -2.523844016888671327e+00 1.398342890267704419e+01 -2.523844016888671327e+00 -4.297044311158330743e+00 -4.234802783861439046e+00 1.398342890267704419e+01 -4.234802783861439046e+00 3.022302997819927484e+01
9.790306226229217312e-01 -8.975138653412262357e+00 -2.011916881309268845e+01 -8.975138653412262357e+00 -2.501730586592879035e+01 -6.530971247986768091e+00 -2.011916881309268845e+01 -6.530971247986768091e+00 -3.734877991808004172e+00
-2.761356172135941378e+01 5.405773169340784001e+00 -2.040320413488888462e+01 5.405773169340784001e+00 -3.161768995892134626e+01 -1.018418071024184890e+01 -2.040320413488888462e+01 -1.018418071024184890e+01 -1.064687971412914358e+01
-4.326233167752287834e+00 -1.503481027019528238e+00 -1.604279825351704858e+01 -1.503481027019528238e+00 -3.378059446210004779e+01 -1.083229439911758440e+01 -1.604279825351704858e+01 -1.083229439911758440e+01 1.549171739994150165e+01
-2.842748841280213767e+00 8.748902330897811552e+00 -1.168888769751385226e+01 8.748902330897811552e+00 -1.803428535291303803e+01 1.630080376333961922e+01 -1.168888769751385226e+01 1.630080376333961922e+01 1.886555464130493220e+01
-1.185180781787985538e+01 -1.902025553123591450e+01 1.504057000046862669e+01 -1.902025553123591450e+01 -3.710559355409513671e+01 -1.421642596425868810e+01 1.504057000046862669e+01 -1.421642596425868810e+01 4.110327835488719828e+00
9.815358307235340973e+00 8.021796458574577571e+00 6.516831078299846425e+00 8.021796458574577571e+00 -1.848788023718103801e+01 1.250145810536613666e+01 6.516831078299846425e+00 1.250145810536613666e+01 -7.440189937813160848e-01
3.614481703665529722e+01 4.191702790309654425e+00 6.145923586553725393e+00 4.191702790309654425e+00 -3.749313861060042541e+01 -6.625313055351553793e-01 6.145923586553725393e+00 -6.625313055351553793e-01 2.224579064614383128e+01
8.310330286782489750e+00 6.355055700950788200e+00 1.141322265689676208e+01 6.355055700950788200e+00 -2.232167191386353977e+01 -6.892855626737750541e+00 1.141322265689676208e+01 -6.892855626737750541e+00 -3.611694484923314713e-02
-5.466269637689224226e+01 2.505070188177415780e+00 7.147477859808304856e+00 2.505070188177415780e+00 -5.361633408686790148e+01 3.088142887522746238e-01 7.147477859808304856e+00 3.088142887522746238e-01 -2.159117607403925021e+01
1.975313237489675444e+01 -8.400802002595620266e+00 4.623610094760866929e+00 -8.400802002595620266e+00 -2.867779287232816188e+01 -9.204213209453792066e-01 4.623610094760866929e+00 -9.204213209453792066e-01 1.487761796124014602e+01
-1.112576942371227062e+01 2.004481841484833993e+01 -1.006812601012773811e+00 2.004481841484833993e+01 9.534787287586912186e-01 -1.059061094801159619e+01 -1.006812601012773811e+00 -1.059061094801159619e+01 -2.839813995427835991e+01
-1.086087071915565438e+01 1.320793130898520040e+01 1.018720482375583103e+01 1.320793130898520040e+01 -6.224970620789179776e+01 -5.914588930218265261e+00 1.018720482375583103e+01 -5.914588930218265261e+00 3.797549321850751003e+00
2.415167312040841785e-01 -3.136927091183415062e+00 2.598644170375992246e+01 -3.136927091183415062e+00 -4.028939557996120868e+01 4.590366460693211970e+00 2.598644170375992246e+01 4.590366460693211970e+00 8.289842605164741585e+00
5.413251403415234364e+01 5.407765342480638893e+00 -6.628419199263553274e+00 5.407765342480638893e+00 3.677978183534484913e+00 -9.141353037433283646e+00 -6.628419199263553274e+00 -9.141353037433283646e+00 6.824224591621252500e+01
-7.219532631579308912e+00 9.748418379384320431e+00 9.647709840020866068e+00 9.748418379384320431e+00 -1.850900446824769841e+00 -6.940420151303225538e+00 9.647709840020866068e+00 -6.940420151303225538e+00 -4.597106135226475487e+00
-2.147410127379484024e+01 -1.883157780787773916e+01 -1.755061350299986245e+01 -1.883157780787773916e+01 -1.067159701555001483e+01 6.227410603300235437e+00 -1.755061350299986245e+01 6.227410603300235437e+00 -3.447335894932589895e+01
-3.602188268965123702e-02 -9.799348462244957148e+00 8.961690345254968548e+00 -9.799348462244957148e+00 -2.821991924710088284e+01 -1.487448376063527755e+00 8.961690345254968548e+00 -1.487448376063527755e+00 -1.752203240054240752e+01
-5.691702686436871161e+00 3.107730059677486611e+00 -1.588990550589307382e+01 3.107730059677486611e+00 -2.426028289263129878e+01 -1.914025233242499269e+01 -1.588990550589307382e+01 -1.914025233242499269e+01 -1.341715592027081883e+01
-2.755696729194264094e+01 2.856830202762296711e+00 -1.682395810341551012e+01 2.856830202762296711e+00 -1.933314804639422402e+00 1.034627020644647466e+01 -1.682395810341551012e+01 1.034627020644647466e+01 -8.829119041842119486e+00
1.760991252297284859e+01 1.364120840183675831e+01 1.381662805168444130e+01 1.364120840183675831e+01 -1.057963380467973558e+01 -8.555874591534346152e+00 1.381662805168444130e+01 -8.555874591534346152e+00 1.700676781696106588e+01
8.513754270000912783e+00 1.906481288037852906e+01 3.770223129861339562e+00 1.906481288037852906e+01 -6.438009644858086133e+00 -3.716314474505328480e+00 3.770223129861339562e+00 -3.716314474505328480e+00 -3.291478597715700261e+01
1.136084324422379499e+00 5.086476294902869455e+00 -1.157117416068864379e+01 5.086476294902869455e+00 -2.080248645864590884e+01 2.775993081911724836e-02 -1.157117416068864379e+01 2.775993081911724836e-02 1.811281284499363053e+01
-2.362134681601177988e+01 -2.780702954775258640e+00 5.247844364286941676e+00 -2.780702954775258640e+00 -4.449104913324757149e+01 1.234770995031185237e+01 5.247844364286941676e+00 1.234770995031185237e+01 -1.780418381668010852e+01
4.142905568871801392e-01 -1.772022834756760545e+01 -4.888237965876637503e+00 -1.772022834756760545e+01 -3.675433861632379262e+01 -1.149388790993501175e+01 -4.888237965876637503e+00 -1.149388790993501175e+01 3.006635991414135844e+00
7.808765660048426760e+00 7.544525610229380064e+00 -2.080057675083197211e+01 7.544525610229380064e+00 -4.201376054343604949e+01 2.360086206757724270e+01 -2.080057675083197211e+01 2.360086206757724270e+01 -4.273992997537043870e+00
-4.807472430656360274e+01 1.847237028101820755e+01 -4.155390241942301444e+00 1.847237028101820755e+01 -8.545884832489073801e+01 -1.162028559358743784e+01 -4.155390241942301444e+00 -1.162028559358743784e+01 -2.573564098419626944e+01
3.062946206973888419e+00 4.741766052460370418e+00 -2.069187840442375759e+01 4.741766052460370418e+00 -4.317203231629766691e+01 -1.460303802976703302e+01 -2.069187840442375759e+01 -1.460303802976703302e+01 -9.345549057633345313e+00
6.306762238188033365e+01 -1.188680434029656929e+01 1.395432884201274426e+01 -1.188680434029656929e+01 2.009519191783913072e+01 -4.688260940601727711e+00 1.395432884201274426e+01 -4.688260940601727711e+00 6.842208443050144240e+01
-1.258308708992843883e+01 -1.192540540337957466e+01 -3.727238462092080429e+00 -1.192540540337957466e+01 -1.300434763525404591e+01 -1.410580235865380416e+01 -3.727238462092080429e+00 -1.410580235865380416e+01 7.816515878145058771e+00
4.167821760445739265e+00 8.713730265830498922e+00 -1.265462991459289377e+01 8.713730265830498922e+00 -9.287239192116269138e+00 8.693134157533496165e+00 -1.265462991459289377e+01 8.693134157533496165e+00 -4.963282582344600846e-01
-4.016530692610977127e+01 4.355118443561020847e+00 -1.288163202212199110e+01 4.355118443561020847e+00 -3.253148606880787952e+01 1.141524178699543057e+01 -1.288163202212199110e+01 1.141524178699543057e+01 -1.906879422828197690e+01
-3.750771814609149146e+01 2.248246693057243917e+01 6.366401817929093099e+00 2.248246693057243917e+01 -8.172313450718662864e+01 -1.898859738097715066e+01 6.366401817929093099e+00 -1.898859738097715066e+01 -2.248475656315861215e+01
2.218772790304711862e+01 1.543741948793570629e+01 -4.933284660293332458e+00 1.543741948793570629e+01 6.905905762806639814e+00 -8.312183715059440203e+00 -4.933284660293332458e+00 -8.312183715059440203e+00 2.143516818531102430e+01
-5.353980525601777174e+01 6.818320066641758714e+00 4.318805397618414865e+00 6.818320066641758714e+00 -6.544944335547756964e+01 5.076437086232795437e+00 4.318805397618414865e+00 5.076437086232795437e+00 -3.056764761979482614e+01
-2.279718676396925758e+01 -1.772050649442137882e+01 6.077006206812800571e+00 -1.772050649442137882e+01 -4.680562340825341749e+01 1.331966897324101229e+00 6.077006206812800571e+00 1.331966897324101229e+00 -4.207916213402729255e+01
5.049948151177844347e-01 -1.121185254324080383e+01 -9.990702016953749265e+00 -1.121185254324080383e+01 -6.719938021649677751e+01 4.956381671760036411e+00 -9.990702016953749265e+00 4.956381671760036411e+00 -2.592735381545280759e+01
4.265157115071713889e+01 1.085773109389400481e+01 4.049217398236136134e+00 1.085773109389400481e+01 -9.783706801321553570e+00 -9.371155469669139038e+00 4.049217398236136134e+00 -9.371155469669139038e+00 4.865449079710348457e+01
-2.456404870355587988e+01 1.244499930175634006e+01 -8.828598329572619363e+00 1.244499930175634006e+01 -4.269724735865457177e+01 -1.891643231760527755e+01 -8.828598329572619363e+00 -1.891643231760527755e+01 -2.066663690302251410e+01
4.815157995938299074e+00 -1.305614314743146309e+01 1.258443520693488304e+00 -1.305614314743146309e+01 3.350725315353392020e+00 -8.379328033103552897e+00 1.258443520693488304e+00 -8.379328033103552897e+00 3.756066695333404226e+01
-5.562969394489590513e+01 -1.246558608252794853e+00 -5.354836849556690481e+00 -1.246558608252794853e+00 -6.786323620909038823e+01 1.837737825247109047e+00 -5.354836849556690481e+00 1.837737825247109047e+00 -6.788478778126159341e+01
-2.366024587773667420e+01 6.758053136074228640e+00 1.785914736578631690e+01 6.758053136074228640e+00 -1.880789297680994210e+01 -8.267505135031703034e+00 1.785914736578631690e+01 -8.267505135031703034e+00 -2.546987887906422543e+01
-4.197384713855427663e+01 -1.241534665020969541e+01 -5.657342544665127981e+00 -1.241534665020969541e+01 -6.510542074171726767e+01 -5.865092234828307660e+00 -5.657342544665127981e+00 -5.865092234828307660e+00 -3.735291826913638857e+01
4.616995792539628241e+01 -4.383441294816273981e+00 -1.020328275577827881e+01 -4.383441294816273981e+00 1.274889536070025287e+01 1.370223249285845668e+01 -1.020328275577827881e+01 1.370223249285845668e+01 5.025023576653104129e+01
-2.523181049742339610e+01 -1.389681089149327953e+01 2.731879510614171558e+00 -1.389681089149327953e+01 -2.829131507879496965e+01 2.560087816016554108e+00 2.731879510614171558e+00 2.560087816016554108e+00 -3.057869088094707877e+01
2.204277757187996301e+01 2.434368987660806116e+00 -1.112363908861992101e+01 2.434368987660806116e+00 -1.928815361103177395e+01 -4.441374462603754125e+00 -1.112363908861992101e+01 -4.441374462603754125e+00 7.279215437459325422e-01
-7.950298159144032262e+00 2.691892180423429703e+00 -1.209323402068861325e-01 2.691892180423429703e+00 -1.044207741280882829e+02 -7.841419532585218732e+00 -1.209323402068861325e-01 -7.841419532585218732e+00 -3.505904695315632580e+01
-6.371730770386157872e+00 1.873309352121675531e+01 2.082855398321076734e+01 1.873309352121675531e+01 -5.760466463776239721e+01 -7.837845377412349990e+00 2.082855398321076734e+01 -7.837845377412349990e+00 -2.062171328868923581e+01
-1.741796093699208825e+01 -5.106585282295294625e+00 -2.820285417431080410e-01 -5.106585282295294625e+00 -1.588906219257036412e+01 -3.390125778966898906e+01 -2.820285417431080410e-01 -3.390125778966898906e+01 3.730369623198838802e+00
-2.320526987626040949e+01 1.456792489662568357e+01 6.600735671493707990e+00 1.456792489662568357e+01 -1.260560735391979925e+01 3.462011194795066693e+00 6.600735671493707990e+00 3.462011194795066693e+00 -3.559839755710446241e+01
-3.776781476608336074e+00 8.720818257446351751e+00 -2.533541439949750895e+00 8.720818257446351751e+00 -3.867807258656331726e+01 2.438114569434380208e+00 -2.533541439949750895e+00 2.438114569434380208e+00 -7.610952487267582889e+00
-4.876405795403164767e+00 -1.560984404366799616e+01 2.435943915034782581e+00 -1.560984404366799616e+01 -6.282738877320440452e+01 3.020168553484498197e+00 2.435943915034782581e+00 3.020168553484498197e+00 -1.570430298555010928e+01
-2.033942059836722294e+01 6.999522590147205570e+00 1.148084786351644659e+01 6.999522590147205570e+00 -6.254101341677748849e+01 -7.423953959201424091e+00 1.148084786351644659e+01 -7.423953959201424091e+00 -2.054018691157453347e+01
7.125021201070066645e+00 -1.447905780137658738e+01 1.365047393377513352e+01 -1.447905780137658738e+01 -1.412882656190412511e+01 -4.369752077386969802e+00 1.365047393377513352e+01 -4.369752077386969802e+00 2.217879643571902193e+01
1.641118086828745326e-01 -4.786938388613570794e+00 4.663722462209453079e-01 -4.786938388613570794e+00 -9.336763775995688519e+00 -9.060839835846573820e+00 4.663722462209453079e-01 -9.060839835846573820e+00 1.890960512526985227e+01
-5.282902516346850064e+01 -3.160622360913693196e+00 1.012180576287407163e+01 -3.160622360913693196e+00 -3.225914056414372766e+01 -7.301812036723946520e+00 1.012180576287407163e+01 -7.301812036723946520e+00 -2.700820622527611192e+01
-6.193483524094051340e+00 1.831340455349497276e+01 1.658697022720659220e+01 1.831340455349497276e+01 -1.002331072848997451e+01 -1.537062048854922303e+01 1.658697022720659220e+01 -1.537062048854922303e+01 -1.570207452579859542e+01
1.185456759309717611e+01 1.573177313964922419e+01 -1.160618168891404167e+01 1.573177313964922419e+01 -3.257314234677025411e+01 -1.563484812309863159e+01 -1.160618168891404167e+01 -1.563484812309863159e+01 2.275272689023746153e+01
3.463427178658486838e+01 -9.740688511962000362e+00 1.647536648449305119e+01 -9.740688511962000362e+00 -3.937119632234779676e+00 2.020870291910540573e+01 1.647536648449305119e+01 2.020870291910540573e+01 5.060080186875116226e+01
3.434282855515567690e+01 -9.282391204139434748e+00 2.413221763619301630e+00 -9.282391204139434748e+00 -4.389494309576091879e+00 -1.324241104210728004e+01 2.413221763619301630e+00 -1.324241104210728004e+01 4.017506384929796326e+01
2.145659822138360262e+00 -1.509367576887970941e+01 1.152193324865693569e+01 -1.509367576887970941e+01 -1.575803673246474723e+01 2.313208246922276246e+01 1.152193324865693569e+01 2.313208246922276246e+01 5.743454825076907966e+00
-9.412160349155390904e+00 1.317097492880052068e+00 9.819781574560094484e+00 1.317097492880052068e+00 8.218044336611695755e+00 3.644856197050842184e+00 9.819781574560094484e+00 3.644856197050842184e+00 -3.110627171451797679e+01
2.076614122592861733e+01 2.728483558912837736e+01 1.072129079660479656e+00 2.728483558912837736e+01 -1.799344528360337492e+01 -1.000414992659926128e+01 1.072129079660479656e+00 -1.000414992659926128e+01 1.187550903599679941e+01
1.690726999466753355e+01 -3.154017738518788416e+00 -7.950651803107453564e-01 -3.154017738518788416e+00 -1.951038971962523760e+01 -1.478407310972111155e+01 -7.950651803107453564e-01 -1.478407310972111155e+01 3.277545380202250414e+01
-3.027950555898006968e+01 7.749472594879518894e+00 -1.881411172044265001e+01 7.749472594879518894e+00 -5.541706527257581882e+01 -9.176508855089632988e+00 -1.881411172044265001e+01 -9.176508855089632988e+00 4.236105306264597026e+00
-1.730687808606621303e+01 6.944660656538794719e-01 -1.959673615975934879e+01 6.944660656538794719e-01 -4.823556026594015123e+01 1.184108858435797629e+01 -1.959673615975934879e+01 1.184108858435797629e+01 -3.587753187954927370e+01
6.643709545762100710e+00 4.667698825839416088e+00 -1.842574867272023198e+01 4.667698825839416088e+00 -4.781347797473184613e+00 1.659457400874476818e+01 -1.842574867272023198e+01 1.659457400874476818e+01 -5.206771991464117511e-01
9.303186417159817978e+00 1.457561051873610403e+00 -7.255704542128453838e+00 1.457561051873610403e+00 -1.648144492139399020e+01 -2.490528607466340461e+01 -7.255704542128453838e+00 -2.490528607466340461e+01 3.780724203105395276e+01
-2.730216184839657245e+01 -9.717961763289965305e+00 -9.059684136759512896e+00 -9.717961763289965305e+00 -1.838022232406463985e+01 2.215914183949086080e+01 -9.059684136759512896e+00 2.215914183949086080e+01 -1.518587043317183571e+01
1.617253014328704808e+01 2.974343040756686207e+00 1.536007315678451279e+00 2.974343040756686207e+00 -1.985345326513188269e+01 -1.666388241843466744e+01 1.536007315678451279e+00 -1.666388241843466744e+01 2.367787854907220435e+01
-5.306771494687555446e+01 -5.478786449599845731e+00 -8.911929447549251648e+00 -5.478786449599845731e+00 -7.784086904901177206e+01 6.896175521106468587e+00 -8.911929447549251648e+00 6.896175521106468587e+00 -5.614338667437856145e+01
-1.110697560564645769e+01 -1.589543271948341108e+01 -3.195754526639719706e-01 -1.589543271948341108e+01 -3.803750596200808332e+01 -1.843469034853997823e-01 -3.195754526639719706e-01 -1.843469034853997823e-01 1.130733936379712823e+01
3.233099563887905870e+00 -1.175899290951114828e+01 1.126973750812758901e+01 -1.175899290951114828e+01 3.583524417338218804e+00 -1.098205228933064070e+01 1.126973750812758901e+01 -1.098205228933064070e+01 2.740258228031919785e+01
-1.257459736267941430e+01 -2.139550289986006959e+01 -8.581370204556264980e+00 -2.139550289986006959e+01 -3.907273111777779917e+01 8.872926490975774350e-01 -8.581370204556264980e+00 8.872926490975774350e-01 1.878737322082161754e+01
