1.840302483460956040e+00 5.402260772637377251e+00 -4.091311335542206606e+00 5.402260772637377251e+00 1.340514068759732602e+01 -4.512098659961925939e+00 -4.091311335542206606e+00 -4.512098659961925939e+00 -8.920795516152596250e+00
-2.531143048533081696e+01 -5.127404958886127240e+00 -9.723136799786113116e+00 -5.127404958886127240e+00 -9.843807895356986748e+00 -1.750847488653668016e+00 -9.723136799786113116e+00 -1.750847488653668016e+00 -3.220739969850316697e+01
-2.595320292778557558e+01 1.634598378808092001e+00 -9.793425346408682897e-01 1.634598378808092001e+00 -1.474410269167736764e+01 4.198741611605242063e+00 -9.793425346408682897e-01 4.198741611605242063e+00 -1.974976867959641069e+01
1.276171401478422140e+01 -5.524247252996388191e+00 5.195594759391645390e+00 -5.524247252996388191e+00 9.729215595593007748e+00 2.517774476948502649e+00 5.195594759391645390e+00 2.517774476948502649e+00 -6.955307630678516873e+00
8.639974157194771465e+00 3.234541156246108606e+00 -1.150252544362759810e+00 3.234541156246108606e+00 -1.929683045061896607e+01 3.342990186293298138e-01 -1.150252544362759810e+00 3.342990186293298138e-01 1.072807822996419169e+01
2.382174259474537692e+01 5.009668687412577093e+00 -8.374499188645630809e+00 5.009668687412577093e+00 2.441122837018838254e+01 -5.494339019195951579e+00 -8.374499188645630809e+00 -5.494339019195951579e+00 2.128197650949537234e+01
-1.982463607438197073e+01 -1.674233583004208992e+00 2.264033078284304334e+00 -1.674233583004208992e+00 -1.029313224206842392e+01 7.454802164198364167e+00 2.264033078284304334e+00 7.454802164198364167e+00 -2.100019406189011306e+01
-1.826808833217943828e+01 -1.367749955738230128e+01 -2.504921220044027397e+00 -1.367749955738230128e+01 -8.667029297595114201e+00 -1.316027715375289731e+01 -2.504921220044027397e+00 -1.316027715375289731e+01 -3.096169339256082154e+01
5.850215291278427543e+01 -3.096593626795125953e+00 -3.041106252044196712e+00 -3.096593626795125953e+00 6.572669518442405945e+01 2.682593655347216721e+00 -3.041106252044196712e+00 2.682593655347216721e+00 5.864881685120906951e+01
2.621429548549982869e+01 5.236146712709283335e+00 2.309716528709374397e-02 5.236146712709283335e+00 2.626413147135751203e+01 1.756505071137123952e+00 2.309716528709374397e-02 1.756505071137123952e+00 1.692598022730728857e+01
5.667092072519908186e+01 2.599836247925012334e+00 -1.032738877410560363e+00 2.599836247925012334e+00 5.303508209884429192e+01 -7.452436737007723799e+00 -1.032738877410560363e+00 -7.452436737007723799e+00 4.237029242465028034e+01
2.047643514724284231e+01 -2.560912081503714965e+00 -6.794885030150553007e+00 -2.560912081503714965e+00 1.725072524289432963e+01 1.406349824394093062e+00 -6.794885030150553007e+00 1.406349824394093062e+00 1.988041775225963192e+01
-1.472350726679571942e+01 -1.679533516867605769e+00 -5.488697730090881244e-01 -1.679533516867605769e+00 -4.834065390882360536e-01 -1.063702658649435140e+00 -5.488697730090881244e-01 -1.063702658649435140e+00 3.252933571026312531e+00
-1.479867232738057048e+01 1.184807729599781645e+01 1.117498229249502018e+01 1.184807729599781645e+01 -1.052728007227375429e+01 6.881113945239202501e+00 1.117498229249502018e+01 6.881113945239202501e+00 -1.959199767543961812e+01
-3.992887350590154227e+01 -6.585108221654074612e-01 1.003064594817770994e+00 -6.585108221654074612e-01 -2.696583589994758157e+01 -5.418765986544221924e+00 1.003064594817770994e+00 -5.418765986544221924e+00 -2.657109608222990715e+01
1.773492233003765861e+01 1.813113188321050950e+00 -3.158154138311033421e+00 1.813113188321050950e+00 1.151485822880105658e+01 -7.041302707901795799e+00 -3.158154138311033421e+00 -7.041302707901795799e+00 9.812702184106056436e+00
-8.890443052250075695e+00 -1.462528783167839963e+00 8.810007922108960443e+00 -1.462528783167839963e+00 -4.152153888283989680e+00 -1.347576076336069129e+00 8.810007922108960443e+00 -1.347576076336069129e+00 -1.642203005115964842e+01
2.532149563562005046e+00 -8.507221744870893332e+00 1.856146301831113954e+00 -8.507221744870893332e+00 -5.341486729972046987e+00 3.855381190130439673e-01 1.856146301831113954e+00 3.855381190130439673e-01 1.927152875382018626e+00
2.393220525449607905e+01 -6.314382965792255664e-01 3.602722650586818176e+00 -6.314382965792255664e-01 3.011272726606578587e+01 3.255316626038259553e+00 3.602722650586818176e+00 3.255316626038259553e+00 2.748348182233882753e+01
-6.405417845689933998e+00 3.637414707470849606e+00 -1.667980169512214061e+01 3.637414707470849606e+00 -4.997396301599127177e+00 -7.401455961397171102e+00 -1.667980169512214061e+01 -7.401455961397171102e+00 1.062293125686949224e+01
-1.655343461201172772e+01 -9.155347026827244106e-01 -9.673451538917069215e+00 -9.155347026827244106e-01 -7.310566857292182696e+00 2.351539531691785978e+00 -9.673451538917069215e+00 2.351539531691785978e+00 -2.479403080832929263e+01
9.110826719909567828e+00 1.438955583114295722e+00 3.567668045980484148e+00 1.438955583114295722e+00 1.446140464404170345e+01 4.494937045853315105e+00 3.567668045980484148e+00 4.494937045853315105e+00 8.876659452376065573e+00
1.036780581522851463e+01 -1.017200529113627638e+01 7.081166850686009262e-01 -1.017200529113627638e+01 1.637481637733751683e+01 6.763940581478390390e-01 7.081166850686009262e-01 6.763940581478390390e-01 -1.174435037009859073e+01
-8.671581154638531075e+00 -3.608269351249437928e+00 -3.305330945146450539e+00 -3.608269351249437928e+00 -5.853551102919547944e+00 5.112168986006540905e+00 -3.305330945146450539e+00 5.112168986006540905e+00 -1.734703830306907335e+01
-2.914560643765335257e+01 8.491304301738029636e+00 4.619867483599691127e-01 8.491304301738029636e+00 -5.393260212487546568e+01 7.393447141128272726e+00 4.619867483599691127e-01 7.393447141128272726e+00 -3.163145577518670137e+01
-1.693357043274707507e+01 -3.894750389830793358e-01 3.043582122209694152e+00 -3.894750389830793358e-01 -1.646163279918639333e+01 -4.540724755866630602e+00 3.043582122209694152e+00 -4.540724755866630602e+00 -1.064950372166287096e+01
2.969839960639180987e+01 3.097219445488324396e+00 -1.794195423587430227e+00 3.097219445488324396e+00 4.823959854654752633e+01 -6.581402225038090137e+00 -1.794195423587430227e+00 -6.581402225038090137e+00 3.276267125586181095e+01
1.297276477189530297e+01 -8.130777210088735885e+00 1.824256810081378077e+00 -8.130777210088735885e+00 9.340106473688351230e+00 2.536288882863654948e+00 1.824256810081378077e+00 2.536288882863654948e+00 1.086644049627181374e+01
-1.107213291996776983e+00 -1.491690889256563857e+01 -4.922307081895310743e-01 -1.491690889256563857e+01 -1.085808606030674284e+01 2.579316627482028501e+00 -4.922307081895310743e-01 2.579316627482028501e+00 -4.782409114556326557e+00
-1.680480119331285138e+01 -9.368522279305510736e+00 9.861739147708700415e+00 -9.368522279305510736e+00 -1.726284878066630668e+01 8.105220171786172045e+00 9.861739147708700415e+00 8.105220171786172045e+00 -8.600224213859032574e+00
-2.921958177733235407e-01 2.913841228528990079e+00 4.434452263406281070e+00 2.913841228528990079e+00 8.820798505136121292e+00 1.079872893629360497e+01 4.434452263406281070e+00 1.079872893629360497e+01 -1.629155673732005383e+01
-4.836846342581012870e+00 -7.252141537330426324e+00 -3.664554249635633809e+00 -7.252141537330426324e+00 -3.215394836632820130e+01 -4.782272521453935776e-01 -3.664554249635633809e+00 -4.782272521453935776e-01 4.942368703267955077e+00
-2.477292072172928172e+01 8.014248076854094904e+00 3.961454971139416692e+00 8.014248076854094904e+00 -2.823894827925557394e+01 2.562717907226179648e+00 3.961454971139416692e+00 2.562717907226179648e+00 -3.072371412089797005e+01
-3.542786182021610220e+00 9.796324138757579902e+00 3.171488002801126527e+00 9.796324138757579902e+00 -3.353902643228969360e+00 2.860061689536026464e+00 3.171488002801126527e+00 2.860061689536026464e+00 -1.077741274588703568e+01
-3.269235903308226909e+01 -7.635737848402185612e+00 6.976814612099677682e+00 -7.635737848402185612e+00 -2.027996623751556271e+01 1.571258252911200970e-01 6.976814612099677682e+00 1.571258252911200970e-01 -1.763661676738296435e+01
1.522580146772044785e+01 -2.343517452901990428e+00 -1.888609606417784859e+00 -2.343517452901990428e+00 2.260434040603979966e+01 -4.767637916234867212e+00 -1.888609606417784859e+00 -4.767637916234867212e+00 2.153891333175323908e+01
-2.547524987313263267e+01 4.518530780205535891e+00 8.509976230166135025e+00 4.518530780205535891e+00 -6.027179881117256777e+00 -8.779856847664357034e+00 8.509976230166135025e+00 -8.779856847664357034e+00 -4.102687516292095182e+01
1.388063638793984111e+01 8.751475744697313486e-01 2.426699731250722358e+00 8.751475744697313486e-01 1.511893387205333816e+01 9.860593970913088535e-01 2.426699731250722358e+00 9.860593970913088535e-01 1.037216260239678967e+01
-6.634779435917010915e+00 -6.416381790357649884e+00 -7.416224067047289203e+00 -6.416381790357649884e+00 -7.836706405349935345e+00 -4.123265566540970539e+00 -7.416224067047289203e+00 -4.123265566540970539e+00 -6.100182851445683063e+00
-2.061207187972758703e+01 1.514506570048356870e+01 -7.771467998626155449e+00 1.514506570048356870e+01 -1.071472403778055593e+01 -1.212847339900103183e+00 -7.771467998626155449e+00 -1.212847339900103183e+00 -2.354222263730473230e+01
4.466605980498352579e+01 1.225872038625965210e+01 6.508615371467003641e-01 1.225872038625965210e+01 2.931798576430180958e+01 -1.854333265357968941e+00 6.508615371467003641e-01 -1.854333265357968941e+00 1.444877458441298401e+01
-2.780512963674690496e+01 -1.943904179914853714e+01 1.298169292471112124e+00 -1.943904179914853714e+01 -2.906850349103204323e+01 7.116366788085927375e+00 1.298169292471112124e+00 7.116366788085927375e+00 -1.107412130173519138e+01
-1.064352582145611947e+01 5.596620281737878067e+00 -3.156498989507409814e+00 5.596620281737878067e+00 -1.390896156150366281e+01 -3.184060367356893018e+00 -3.156498989507409814e+00 -3.184060367356893018e+00 -1.709656824860427360e+00
-2.746901661557863505e+01 -1.365041829018017694e+01 -1.032232144921461092e+01 -1.365041829018017694e+01 -1.022247139359802937e+01 -1.145804378075353824e+01 -1.032232144921461092e+01 -1.145804378075353824e+01 -4.072325235771900509e+01
2.731363716380478479e+01 -2.019962915769257794e+00 4.898413413500290581e+00 -2.019962915769257794e+00 2.844397803246784306e+01 7.136932653090998002e+00 4.898413413500290581e+00 7.136932653090998002e+00 2.794610738198350575e+01
-5.307983354278505317e+00 -3.904470182588767546e+00 2.038380737634738704e+00 -3.904470182588767546e+00 5.916105212842705185e+00 1.553209928389047256e+00 2.038380737634738704e+00 1.553209928389047256e+00 -2.551355909045711456e+01
9.732207579392820662e+00 1.799367860125486163e-01 -8.098365707690332371e+00 1.799367860125486163e-01 -1.855635796077179833e+01 -4.899345592682325723e+00 -8.098365707690332371e+00 -4.899345592682325723e+00 4.443069730298841447e-01
-5.410783515424605561e+00 6.121768629018449204e+00 -9.693731782230605276e+00 6.121768629018449204e+00 -9.387027408666120953e-01 1.095944758691452137e+01 -9.693731782230605276e+00 1.095944758691452137e+01 -1.613502473253310399e+01
-1.283065220919735694e+01 -4.620767899552358671e+00 -1.147171558240475164e+01 -4.620767899552358671e+00 -1.533933872136549637e+00 1.094901708678231245e+01 -1.147171558240475164e+01 1.094901708678231245e+01 -9.704533370391505542e+00
1.688762285542221164e+01 7.942855117861387093e+00 -2.088899061749704078e+00 7.942855117861387093e+00 1.620133335215449932e+01 1.116620849247715874e+00 -2.088899061749704078e+00 1.116620849247715874e+00 3.487741770161101318e-01
