-2.597543007910708024e+00 9.071417192889928316e+00 1.831819523859656407e+00 9.071417192889928316e+00 2.265013123155644958e+00 2.882276131346607428e+00 1.831819523859656407e+00 2.882276131346607428e+00 -9.755028469470676811e+00
-1.625737329467092351e+01 -8.335638702398039612e+00 2.307336032565413309e+00 -8.335638702398039612e+00 -1.881302090180136233e+01 -5.410170574169073987e+00 2.307336032565413309e+00 -5.410170574169073987e+00 -2.056103806139411105e+01
-9.610513774396341802e+00 1.513860799220762443e+00 2.038590689785391152e+00 1.513860799220762443e+00 -3.772987033935682799e+00 -7.486488279297637938e+00 2.038590689785391152e+00 -7.486488279297637938e+00 -1.112987535053447097e+01
4.027246726276597855e+01 -1.038763784705368787e+00 5.825097924098084690e+00 -1.038763784705368787e+00 4.142801392970032737e+01 -5.851221454101106723e+00 5.825097924098084690e+00 -5.851221454101106723e+00 4.960057595971230882e+01
-2.826047282812364969e+01 -6.958918692777729120e+00 9.519609099185704082e-01 -6.958918692777729120e+00 -1.396893879312342257e+01 4.135425071815438613e+00 9.519609099185704082e-01 4.135425071815438613e+00 -3.292349739662513741e+01
6.099315742213860858e+00 1.765977486864102053e+00 -1.089215068052641566e+00 1.765977486864102053e+00 -7.037180071942584769e-01 -1.552384714974220703e+00 -1.089215068052641566e+00 -1.552384714974220703e+00 7.863521725045700350e+00
-1.047228283693806183e+01 -1.290690780284528572e+01 5.848231808409240173e+00 -1.290690780284528572e+01 -9.379492506967570975e+00 3.768550866897534046e+00 5.848231808409240173e+00 3.768550866897534046e+00 -1.403348424850690002e+01
-1.760103137001880569e+01 -1.138674630505117236e+01 -1.458043436070579624e+01 -1.138674630505117236e+01 -5.580543954418631714e+00 3.218607258303479157e-01 -1.458043436070579624e+01 3.218607258303479157e-01 -2.179127653075848059e+01
-4.748663943491129302e+00 9.871653197479320241e+00 -3.465425667474577587e+00 9.871653197479320241e+00 -1.387552977007630473e+00 -8.515826119674066774e+00 -3.465425667474577587e+00 -8.515826119674066774e+00 -1.718885733559293172e+01
-5.523628330763281191e+00 -7.316962034346814470e+00 -8.565670563594754983e-01 -7.316962034346814470e+00 -2.727311942980964465e-01 8.308832601995815859e-01 -8.565670563594754983e-01 8.308832601995815859e-01 -1.897266588954594724e+01
-1.363518822838414657e+01 1.416255385329464378e+00 4.790086525913857862e+00 1.416255385329464378e+00 -1.198337949690547077e+01 5.493206321168046635e+00 4.790086525913857862e+00 5.493206321168046635e+00 -1.753686619198300178e+01
3.062384486492951297e+01 -1.858114456540754134e+00 8.501814629180937999e+00 -1.858114456540754134e+00 2.555936137768664551e+01 -6.219186019400305021e+00 8.501814629180937999e+00 -6.219186019400305021e+00 3.749152609636278299e+01
2.218822938445009285e+01 -1.142572478336456143e+01 6.947032410828553495e+00 -1.142572478336456143e+01 1.700570488183058160e+01 -5.185665159916392319e+00 6.947032410828553495e+00 -5.185665159916392319e+00 2.690941569732665073e+01
-1.461747369149462727e+01 -8.982858898185360985e+00 1.764362417163983787e+00 -8.982858898185360985e+00 -5.928461202109851946e+00 6.085014139213654749e-01 1.764362417163983787e+00 6.085014139213654749e-01 -1.310071403195285100e+01
-8.933819459366704407e+00 4.807040229564846889e+00 4.838522087331608823e+00 4.807040229564846889e+00 -7.461073148375992226e+00 8.051889507147164338e+00 4.838522087331608823e+00 8.051889507147164338e+00 7.786119621499369536e+00
-2.308806298256104483e+01 1.545362912926867560e+00 6.829387893075896443e+00 1.545362912926867560e+00 -1.851482094073839590e+01 4.536881139928230056e+00 6.829387893075896443e+00 4.536881139928230056e+00 -2.370260225879368576e+01
-7.256079384977346614e+00 3.323827670572049975e+00 2.740088295024342813e+00 3.323827670572049975e+00 -6.844273125825671045e+00 -3.408168686868083164e+00 2.740088295024342813e+00 -3.408168686868083164e+00 -9.391389841031736907e+00
-2.459115119001612226e-01 4.197781713755772137e-01 -2.818074210048509443e+00 4.197781713755772137e-01 1.827557794207999819e+01 2.042021067479639740e+00 -2.818074210048509443e+00 2.042021067479639740e+00 -1.297432939288376552e+01
1.433527686897245701e+01 6.678670080840749534e+00 -2.851737058635854805e+00 6.678670080840749534e+00 1.851204818883040204e+01 -6.779270300277164818e-01 -2.851737058635854805e+00 -6.779270300277164818e-01 1.878246597471987300e+01
-7.967400610159522500e+00 -1.056477604970950246e+01 3.241202572636364021e+00 -1.056477604970950246e+01 5.937903343954917812e-01 2.250769107770795419e+00 3.241202572636364021e+00 2.250769107770795419e+00 -7.045093958022773606e+00
1.423952922188779269e+01 9.541581269465689630e+00 2.542196110757569461e+00 9.541581269465689630e+00 1.466909851921076680e+01 3.627957133808459300e-01 2.542196110757569461e+00 3.627957133808459300e-01 1.316078242932076492e+01
-1.722462841728805927e+01 5.987113097962542874e+00 6.638495239615323840e+00 5.987113097962542874e+00 -2.120536753374364380e+01 -3.742786957925819280e+00 6.638495239615323840e+00 -3.742786957925819280e+00 -3.394779195246439230e+01
8.152120640242799254e+00 -6.611434691946438402e-01 1.194641757340306754e+00 -6.611434691946438402e-01 6.436183542969392768e+00 2.579755619389762611e+00 1.194641757340306754e+00 2.579755619389762611e+00 -9.672459154280716120e+00
-8.287013192148789287e+00 2.958715714842819811e+00 -2.489565833929160199e+00 2.958715714842819811e+00 -1.196603411188448263e+01 1.772404648416443518e+00 -2.489565833929160199e+00 1.772404648416443518e+00 -6.477702593162202760e+00
4.799914520670809992e+01 1.351220051875930972e+00 -9.475826689639248457e-01 1.351220051875930972e+00 4.017673408109912714e+01 -9.334676036608172467e+00 -9.475826689639248457e-01 -9.334676036608172467e+00 5.208373494692418859e+01
-1.657301340590956329e+01 -1.105899015044152911e+01 3.836188782136494169e+00 -1.105899015044152911e+01 -9.820024976732103283e+00 7.921025732590575075e+00 3.836188782136494169e+00 7.921025732590575075e+00 -6.075958047128819040e+00
1.406744715674398627e+01 6.284634711765087367e+00 -4.654323348474104449e+00 6.284634711765087367e+00 2.328370740133183681e+00 -2.735031418111864010e+00 -4.654323348474104449e+00 -2.735031418111864010e+00 3.236270066749494134e+01
-4.444047812725947288e+00 2.773393338231726180e+00 5.446095222036509753e+00 2.773393338231726180e+00 1.873098169172478178e+00 3.142096144468070396e+00 5.446095222036509753e+00 3.142096144468070396e+00 -7.496774484801034255e+00
-1.068920892970133529e+01 2.615820832611358338e+00 -7.447460336525518976e+00 2.615820832611358338e+00 -2.140802598540162638e+00 -6.171992126012203705e+00 -7.447460336525518976e+00 -6.171992126012203705e+00 -8.315524354230539927e+00
3.158334984868485851e+00 6.487274571876056051e+00 -3.378105316518797085e+00 6.487274571876056051e+00 7.337428839963870963e+00 7.075907691079266648e+00 -3.378105316518797085e+00 7.075907691079266648e+00 2.805746663134858654e+00
-2.877207321715630783e+01 4.096440187288645340e+00 6.987215117619700600e+00 4.096440187288645340e+00 -3.432615667908400070e+01 8.814214287531664027e+00 6.987215117619700600e+00 8.814214287531664027e+00 -3.118876208498083713e+01
-1.939337326593989275e+01 -4.312269012817748326e+00 -6.747721328248154293e+00 -4.312269012817748326e+00 -2.154559723847038200e+01 -2.009218214700384753e+00 -6.747721328248154293e+00 -2.009218214700384753e+00 -2.392746467075642514e+01
-1.998157328993759307e+01 -1.298800144624560993e+01 -3.178245755841665687e+00 -1.298800144624560993e+01 -1.046443968802993929e+01 5.479536511388939601e+00 -3.178245755841665687e+00 5.479536511388939601e+00 -1.223752864213039082e+01
-3.627707554657493727e+00 -3.254414069238073637e+00 1.529204306171690897e+00 -3.254414069238073637e+00 -3.595856410992793073e+00 -6.155375675223424548e-01 1.529204306171690897e+00 -6.155375675223424548e-01 -1.396897025897388112e+01
1.381366532160737925e+01 -1.162303407557528701e+00 6.146590003085433684e-01 -1.162303407557528701e+00 1.513370334739240164e+01 5.781759582723693391e+00 6.146590003085433684e-01 5.781759582723693391e+00 1.772317832109468938e+01
-1.748580509118137627e+01 1.435054880135763966e+01 -9.584366627103767300e+00 1.435054880135763966e+01 -2.853991176448745559e+00 -7.807197600009719629e+00 -9.584366627103767300e+00 -7.807197600009719629e+00 -3.275685082480813293e+01
2.470641616895918879e+00 8.497876023496353071e+00 -3.697791477152665429e+00 8.497876023496353071e+00 -1.482402951064590857e+00 3.277625622428057550e+00 -3.697791477152665429e+00 3.277625622428057550e+00 -1.182273615810890854e+00
-1.320147875101482171e+01 -1.936404826167497095e+00 -6.409952208794884587e-01 -1.936404826167497095e+00 -1.154277528403231656e+01 -2.665036112401603319e+00 -6.409952208794884587e-01 -2.665036112401603319e+00 -1.284779591184787684e+01
-1.933724256729533408e+01 -7.330076734258064164e+00 -6.466001269717658317e+00 -7.330076734258064164e+00 -2.202714560220955775e+01 3.965575444556362239e+00 -6.466001269717658317e+00 3.965575444556362239e+00 -2.751381534060740108e+01
1.057419972604720471e+01 -8.583302090315521049e-01 2.018182233066587283e+00 -8.583302090315521049e-01 8.779636379702392190e+00 4.554839351628345301e-01 2.018182233066587283e+00 4.554839351628345301e-01 1.343961598165493676e+01
6.206387670021440428e+00 4.034821399426158806e+00 -3.356255830617511648e+00 4.034821399426158806e+00 1.051629872863959747e+01 4.151764617824930781e+00 -3.356255830617511648e+00 4.151764617824930781e+00 3.615534307022390426e+00
-6.910677550489372933e+00 2.631947864950523019e+00 2.685477539532167501e+00 2.631947864950523019e+00 -1.057431448847510502e+01 3.669034599456071910e-01 2.685477539532167501e+00 3.669034599456071910e-01 -8.838770359707659452e+00
-6.119285545182849617e+00 -4.970843821009021113e+00 4.639392872359687559e+00 -4.970843821009021113e+00 9.331477414476468724e+00 -8.353159057473461546e-01 4.639392872359687559e+00 -8.353159057473461546e-01 -5.574991807585632841e+00
-2.983944397058536424e+01 -1.278761014840402588e+01 1.492782927753892963e+01 -1.278761014840402588e+01 -2.064347031114275310e+01 -5.425227505686182283e+00 1.492782927753892963e+01 -5.425227505686182283e+00 -3.103759856800973083e+01
2.466142886007465762e+01 1.297852186851298217e+00 7.033318935159155849e+00 1.297852186851298217e+00 2.244602733595971245e+01 2.354725516878130698e+00 7.033318935159155849e+00 2.354725516878130698e+00 2.445576232182006748e+01
-1.709525566369400806e+01 -8.815114018827992837e+00 -2.098613833545523111e+00 -8.815114018827992837e+00 -4.339618894510986813e+00 -6.751330903708718800e+00 -2.098613833545523111e+00 -6.751330903708718800e+00 -9.836798746792489112e+00
-9.323331325158877192e+00 2.162602321007820461e+00 8.192458132823158934e+00 2.162602321007820461e+00 -5.273830559429743658e+00 -1.824363968475673392e+00 8.192458132823158934e+00 -1.824363968475673392e+00 -2.627704213649772136e+00
-1.124454986191172878e+01 -5.299282779545379185e+00 2.367947728238601446e+00 -5.299282779545379185e+00 -4.554642312735754928e+00 2.616358713220371612e+00 2.367947728238601446e+00 2.616358713220371612e+00 -9.107872299101559932e+00
1.046680269253802464e+01 -7.204957714243661826e+00 -1.782702931103365529e+00 -7.204957714243661826e+00 1.092265792846185946e+01 5.714067206716032521e-01 -1.782702931103365529e+00 5.714067206716032521e-01 1.123250144788448601e+01
-9.151063552134097279e+00 8.530816041774553327e+00 1.005414030805609871e+00 8.530816041774553327e+00 -2.417771241287373751e+00 7.638692732956637865e-01 1.005414030805609871e+00 7.638692732956637865e-01 -8.479524023827195833e+00
