4.406574919134668278e+01 2.496608785473599657e-01 -7.571281781721731496e-01 2.496608785473599657e-01 4.465157661011099322e+01 4.960947646623813156e+00 -7.571281781721731496e-01 4.960947646623813156e+00 3.108811470950352529e+01
1.456511049973494387e+01 1.890502051518504256e+00 -6.824545979965993325e+00 1.890502051518504256e+00 2.114015672462374340e+01 -1.153004311909200297e+01 -6.824545979965993325e+00 -1.153004311909200297e+01 2.745335006673489886e+01
5.446840689238950262e+01 -3.071442342911445689e+00 8.445987353052773372e+00 -3.071442342911445689e+00 4.966453507353473640e+01 6.438292221332127419e+00 8.445987353052773372e+00 6.438292221332127419e+00 3.652103387134929591e+01
-3.055890127163026548e+01 -2.145106309989409876e+00 -1.920905046694759921e+00 -2.145106309989409876e+00 -2.348511282636578201e+01 -9.681160518863042297e-01 -1.920905046694759921e+00 -9.681160518863042297e-01 -2.505714793482650293e+01
2.215875582428329693e+01 2.066203636123985277e+00 -5.217913502493430888e-01 2.066203636123985277e+00 1.349702765199146626e+01 -6.373427357035891028e+00 -5.217913502493430888e-01 -6.373427357035891028e+00 2.645282693060394053e+01
-8.454139474299175561e+00 -6.278025591018060680e+00 -3.452074111774258380e+00 -6.278025591018060680e+00 -1.608732683195551294e+00 9.687373570327636685e+00 -3.452074111774258380e+00 9.687373570327636685e+00 -3.718153481594048237e+00
3.147535696901254099e+01 -8.532516187517904527e-01 1.169599159385449560e+01 -8.532516187517904527e-01 3.509324656470441539e+01 -3.801476064226510410e+00 1.169599159385449560e+01 -3.801476064226510410e+00 1.544929842930486430e+01
1.356318168216495756e+01 -3.821334106107460382e+00 -9.906184552462473647e-01 -3.821334106107460382e+00 -5.950000811331471878e-02 6.270836356938769285e+00 -9.906184552462473647e-01 6.270836356938769285e+00 2.363158808527931143e+01
-4.919554044174368812e+00 -1.126609283935493444e+01 -1.161587617247750082e+01 -1.126609283935493444e+01 -5.525814577397921923e+00 -5.117745782673734034e+00 -1.161587617247750082e+01 -5.117745782673734034e+00 -3.599988128756732131e+00
3.294041898863929418e+01 5.265348614246319947e+00 6.563764444088070249e+00 5.265348614246319947e+00 3.158238164740633636e+01 -2.882942491425414033e+00 6.563764444088070249e+00 -2.882942491425414033e+00 1.098161047435561777e+01
-2.217824620804681146e+01 1.165765414777979458e+01 1.288594690636788220e+00 1.165765414777979458e+01 -1.704110457690098102e+01 1.458285840926053289e+01 1.288594690636788220e+00 1.458285840926053289e+01 -1.085702442900816322e+01
3.855883311771838606e+01 -8.084882514852152369e+00 -1.329529424852274033e+01 -8.084882514852152369e+00 2.431259758334278587e+01 3.933076297059007409e+00 -1.329529424852274033e+01 3.933076297059007409e+00 1.881522499262128001e+00
-7.509884086405306469e+00 3.772106251008989108e+00 -4.197354931122305732e-01 3.772106251008989108e+00 -5.145636674587411363e+00 -2.364009774447158652e+00 -4.197354931122305732e-01 -2.364009774447158652e+00 2.249084268175506907e+01
-6.048200911370895660e+00 6.929411074103022927e-02 -3.892601979414967772e+00 6.929411074103022927e-02 -2.083703637793311358e+01 -1.886208344131248493e+00 -3.892601979414967772e+00 -1.886208344131248493e+00 -2.775640369890625436e+01
5.385908624130572697e+00 -6.664001698030442844e-01 4.111794510791694002e+00 -6.664001698030442844e-01 1.513317794801062988e+01 4.184365794933502691e+00 4.111794510791694002e+00 4.184365794933502691e+00 1.515119341477206838e+01
-2.009018781879275295e+01 -7.382590439641705693e+00 1.017123797860419732e+00 -7.382590439641705693e+00 -1.994488143547612680e+01 5.034554293938574565e-01 1.017123797860419732e+00 5.034554293938574565e-01 -2.494159842616987888e+01
8.661363958536354435e-01 9.009057024702702421e+00 1.313067549382581234e+01 9.009057024702702421e+00 1.823360311326000982e+01 3.021351842609176774e+00 1.313067549382581234e+01 3.021351842609176774e+00 -1.324241657893948876e+01
-3.757472397929945629e+01 1.055169562258426552e+01 -5.964658683330143596e+00 1.055169562258426552e+01 -4.039584853699931699e+01 3.112802410674128106e-01 -5.964658683330143596e+00 3.112802410674128106e-01 -4.254432709052346695e+01
-2.617586232202141261e+01 -3.485174924667922447e+00 1.141873616684288661e+00 -3.485174924667922447e+00 -2.665113202872749198e+01 4.603283294062037179e-01 1.141873616684288661e+00 4.603283294062037179e-01 -1.550805722524776442e+01
-2.217322371903958711e+01 4.646227403099247866e+00 1.087860799784174937e+00 4.646227403099247866e+00 -3.197954787676633615e+01 -5.688251491036866447e+00 1.087860799784174937e+00 -5.688251491036866447e+00 -6.361424528512091392e+00
2.780175304125974023e+01 -6.537309388993113757e+00 -5.440692464628602565e+00 -6.537309388993113757e+00 3.108033715574111611e+01 1.382008022422428439e+01 -5.440692464628602565e+00 1.382008022422428439e+01 7.682595028564475292e+00
1.131370931264472013e+01 4.918767713729007340e+00 4.480243474777743096e+00 4.918767713729007340e+00 6.435957132287570381e+00 -1.017707468686096206e+01 4.480243474777743096e+00 -1.017707468686096206e+01 -4.267734709773587376e+00
1.089659871097557353e+00 -6.500412800199393715e+00 7.625512325980134065e+00 -6.500412800199393715e+00 -1.220882545403872754e+01 -7.282477049651023826e-01 7.625512325980134065e+00 -7.282477049651023826e-01 -2.417150627094986959e+01
3.183681277652342345e+01 -1.296316075935070522e+01 2.048927812746185850e+00 -1.296316075935070522e+01 2.587754715030254360e+01 1.857488588111136707e+01 2.048927812746185850e+00 1.857488588111136707e+01 1.999433170900821111e+01
-6.185706503536609802e+01 2.957041631022559791e+00 4.182022820601546620e+00 2.957041631022559791e+00 -6.130283556971012615e+01 6.076742625683006160e+00 4.182022820601546620e+00 6.076742625683006160e+00 -3.795001353543171518e+01
3.274287559539526882e+01 -1.465826665447693067e+01 1.107636627115516603e+01 -1.465826665447693067e+01 2.710544169461525144e+01 3.405932714408449247e+00 1.107636627115516603e+01 3.405932714408449247e+00 1.783590997247125287e+01
4.394855198145253183e+01 2.553107348954629874e+00 1.247619875882327634e+01 2.553107348954629874e+00 4.241300429312403253e+01 7.813889178918488554e+00 1.247619875882327634e+01 7.813889178918488554e+00 4.235801089204898773e+01
-1.411567692691133225e+01 9.649438386196431239e+00 2.768874534595183512e+00 9.649438386196431239e+00 -1.212299912513274336e+01 -7.533694737271879660e+00 2.768874534595183512e+00 -7.533694737271879660e+00 -1.951529799662937492e+00
-1.635218708851121860e+01 -7.552094011005009655e+00 1.421179368598253223e+00 -7.552094011005009655e+00 -1.704920121311868186e+01 3.880649196544305735e+00 1.421179368598253223e+00 3.880649196544305735e+00 -5.976236599120830384e+00
4.421518673857585924e+01 1.546018094139625765e+00 -4.315517415137390067e+00 1.546018094139625765e+00 4.806698740044107154e+01 5.039738560637576192e+00 -4.315517415137390067e+00 5.039738560637576192e+00 3.341035503233802473e+01
-1.240137752977523711e+01 2.427009405094916694e+00 2.207733292677110937e-01 2.427009405094916694e+00 -6.958959461371795996e+00 6.216395614213023002e+00 2.207733292677110937e-01 6.216395614213023002e+00 -1.369539071605180602e+01
-1.023707871174680939e+01 6.606701742034600811e-01 -1.057380417328499433e+01 6.606701742034600811e-01 -7.754391981371582254e+00 -1.302753988128180884e+00 -1.057380417328499433e+01 -1.302753988128180884e+00 -5.729165019695602545e+00
-1.167148692376973962e+01 3.333242047493653715e+00 7.650842844965990430e+00 3.333242047493653715e+00 -1.901488907274906381e+01 -1.233129360388752538e+01 7.650842844965990430e+00 -1.233129360388752538e+01 -2.018979957456078722e+00
-1.704698668874170409e+01 -4.087463468054617799e+00 -8.727660568019302900e+00 -4.087463468054617799e+00 -5.719608169010528265e+00 -1.092812006505393896e+00 -8.727660568019302900e+00 -1.092812006505393896e+00 -3.021766522129144406e+01
8.140700325606177046e+01 1.273474218063662455e+01 -7.359052114411903212e+00 1.273474218063662455e+01 5.201079078839259040e+01 -9.344141924321007764e+00 -7.359052114411903212e+00 -9.344141924321007764e+00 -2.916597297326676941e+00
2.356770418384963506e+01 -2.493604808212237067e+00 -4.154069509513284686e+00 -2.493604808212237067e+00 2.012218965435947027e+01 -1.198783662866896638e+00 -4.154069509513284686e+00 -1.198783662866896638e+00 2.735723073673952044e+01
-1.747896040958129760e+01 -1.572909680396322063e+00 -3.359135516455173498e+00 -1.572909680396322063e+00 -1.784423938792340891e+01 6.964840511758049857e+00 -3.359135516455173498e+00 6.964840511758049857e+00 1.615260610868004676e+01
-9.002249634613553653e+00 1.808140237032328912e+01 -5.188327202804180693e+00 1.808140237032328912e+01 -7.536990814562646968e+00 -2.667376087534674145e+00 -5.188327202804180693e+00 -2.667376087534674145e+00 -1.566308986814278903e+01
-2.338472154318968421e+01 -1.885019293625504133e+00 1.428594609786706826e+01 -1.885019293625504133e+00 -2.311403474583082129e+01 -1.051693227721790080e+00 1.428594609786706826e+01 -1.051693227721790080e+00 1.204680280342538490e+00
-2.234108632449965270e+01 6.859127262043346995e+00 -4.247747644820837998e+00 6.859127262043346995e+00 -2.846865382051636928e+01 5.583141041174178199e+00 -4.247747644820837998e+00 5.583141041174178199e+00 -6.349101146355490499e+00
-3.598555363645024840e+01 -6.584850108156967252e+00 1.686979332081273819e+00 -6.584850108156967252e+00 -2.342726447054648276e+01 -3.491184869458317408e+00 1.686979332081273819e+00 -3.491184869458317408e+00 -1.796962071610107614e+01
-1.070838435854869886e+01 9.319819239191414084e+00 7.522412028382791327e+00 9.319819239191414084e+00 -4.893282233304898199e+00 8.461811540051042968e+00 7.522412028382791327e+00 8.461811540051042968e+00 -1.259735735845118576e+01
-1.048760542563060127e+01 1.113094554045491513e+01 1.906605898443885616e+00 1.113094554045491513e+01 -1.456862347524771906e+01 2.164764271002222351e+00 1.906605898443885616e+00 2.164764271002222351e+00 -2.948163677835416507e+01
4.607350384409577337e+00 9.452076490810599196e-01 1.084829801167539998e+01 9.452076490810599196e-01 9.176195296634368503e+00 3.125120669183949040e+00 1.084829801167539998e+01 3.125120669183949040e+00 1.643878927846249383e+01
-2.250379914740644338e+01 6.716500604348908610e+00 7.539974803730366659e+00 6.716500604348908610e+00 -2.095673880681924928e+01 8.558546130539941288e+00 7.539974803730366659e+00 8.558546130539941288e+00 -1.304756253335740901e+01
-5.628307039990341210e+00 3.703478928374493773e+00 -5.185475619582696538e+00 3.703478928374493773e+00 -1.941590070165048587e+00 -1.222203642616019881e+00 -5.185475619582696538e+00 -1.222203642616019881e+00 4.760666247131917217e+00
2.251585893572683617e+01 9.673970542196537181e+00 9.511031207706279744e+00 9.673970542196537181e+00 2.552483608879444787e+01 2.522738914902709628e-01 9.511031207706279744e+00 2.522738914902709628e-01 1.712125739376375932e+01
1.493697171300303772e+01 -6.844145968446048833e+00 1.412890037453086167e+00 -6.844145968446048833e+00 1.480339417670387370e+01 8.875080609358906969e+00 1.412890037453086167e+00 8.875080609358906969e+00 1.447758331079175509e+00
-2.176549632179188620e+01 -3.858819566418857594e+00 -2.048454695367059930e+00 -3.858819566418857594e+00 -3.705617745331669965e+01 -3.056103623091599442e-01 -2.048454695367059930e+00 -3.056103623091599442e-01 -5.041293543442740166e+00
1.066453115535761675e+01 2.393697007428462253e+00 5.685936568679326619e+00 2.393697007428462253e+00 -3.344425699101095883e+00 -2.448297328551566565e+00 5.685936568679326619e+00 -2.448297328551566565e+00 1.260002715115533434e+01
