3.230174365655020807e+01 -9.071271455057480892e+00 8.187960234902384116e+00 -9.071271455057480892e+00 2.759675409228426091e+01 -6.885752675405716339e+00 8.187960234902384116e+00 -6.885752675405716339e+00 6.140110108467172090e+00
-2.336073892234490401e+01 -1.033215511600957193e+01 -3.651784684849372464e+00 -1.033215511600957193e+01 -2.184947518568788993e+01 1.316693732109944115e+01 -3.651784684849372464e+00 1.316693732109944115e+01 -6.831528167097727078e+01
3.330594890075489900e+01 3.844197294587267777e+01 8.024973484086677544e+00 3.844197294587267777e+01 1.556742390898653206e+01 -4.863726382750063415e+00 8.024973484086677544e+00 -4.863726382750063415e+00 -1.135469826382031755e+01
9.004647058384108727e-01 -2.321741322247882877e+01 -1.289642987499340920e-01 -2.321741322247882877e+01 -3.007643380557710522e+00 -1.066004312708032309e+01 -1.289642987499340920e-01 -1.066004312708032309e+01 -5.149077697204402426e+01
-1.281374322058973370e+01 5.628529589756904095e+00 -9.598799116101217610e-01 5.628529589756904095e+00 3.596431665637301656e+00 -2.687999739351274009e+00 -9.598799116101217610e-01 -2.687999739351274009e+00 -1.606420593418829412e+01
-2.069183251875378460e+01 -6.166628520812776237e+00 5.100522290802069619e-02 -6.166628520812776237e+00 -4.651475049154671915e+00 -2.041051152019560888e+00 5.100522290802069619e-02 -2.041051152019560888e+00 3.217337514124020004e+01
-4.931554986420501052e+01 -1.031935024108524068e+01 1.169033223648364306e+01 -1.031935024108524068e+01 -3.105791606014000195e+01 -2.126710934336643177e+01 1.169033223648364306e+01 -2.126710934336643177e+01 -5.708979916600406312e+01
-5.216404080377417429e+00 1.758220683727210698e+01 -2.809843412869964752e+00 1.758220683727210698e+01 -2.613764067903926147e+01 3.494259462252816917e+00 -2.809843412869964752e+00 3.494259462252816917e+00 -5.519944990710489918e+01
8.180852156049292034e+01 1.824333925469199968e+01 5.935140269463289320e-01 1.824333925469199968e+01 3.477203914955617137e+01 -1.204176218117508412e+01 5.935140269463289320e-01 -1.204176218117508412e+01 2.654354793146095304e+01
-3.686630121620805056e+00 -1.091461981039470608e+01 4.844366257761667072e+00 -1.091461981039470608e+01 6.303182111635852181e+00 6.488634833405736657e+00 4.844366257761667072e+00 6.488634833405736657e+00 -3.495735428980137982e+01
-3.048640482289946263e+01 -7.550922847858264619e-01 4.350561444085771612e+00 -7.550922847858264619e-01 -1.901141467546091945e+01 7.032727781724138261e+00 4.350561444085771612e+00 7.032727781724138261e+00 -5.291185036638083972e+01
4.647692274404173673e+01 -2.033230972793494740e+00 1.384448846150776191e+01 -2.033230972793494740e+00 2.834162094348679162e+01 2.817626220150731342e+01 1.384448846150776191e+01 2.817626220150731342e+01 3.714889651806415394e+00
1.846544194998514499e+01 2.532745384046708015e+00 6.551484866643362714e+00 2.532745384046708015e+00 1.224850434371462349e+01 7.849299778399778660e+00 6.551484866643362714e+00 7.849299778399778660e+00 -1.453736372456566706e+01
1.354362399473651335e+00 2.411751530800184540e+01 1.414888845432058950e+01 2.411751530800184540e+01 2.149667684930795630e+01 -2.071293687747747114e+01 1.414888845432058950e+01 -2.071293687747747114e+01 -3.116937316664982305e+01
-8.302882387875293091e+00 2.713011241846535171e+01 -7.364381666193254183e+00 2.713011241846535171e+01 -1.189365000116573690e+01 2.355059943117742360e+00 -7.364381666193254183e+00 2.355059943117742360e+00 -1.499044713125444162e+01
-3.040000860458729903e+01 3.300572319615045491e-01 -3.870901244470476232e+00 3.300572319615045491e-01 -2.424443745124234084e+01 -5.772473595780299505e+00 -3.870901244470476232e+00 -5.772473595780299505e+00 -3.649633716665182703e+01
1.570537306034444525e+00 2.178901075545901289e+00 2.134855478046813815e+01 2.178901075545901289e+00 5.048775555830832928e+00 -2.026396630593465531e+01 2.134855478046813815e+01 -2.026396630593465531e+01 -1.171709528875933159e+01
-1.674428488300745954e+01 3.532668659825023705e-02 1.014918467929734369e+01 3.532668659825023705e-02 -3.269694486309176362e+00 -1.031590435855965993e+01 1.014918467929734369e+01 -1.031590435855965993e+01 -4.683654715001715374e+01
3.117608538958393893e+01 1.165797814152087497e+00 5.282803675049068559e+00 1.165797814152087497e+00 2.378124978845862358e+01 2.395249427656121366e+00 5.282803675049068559e+00 2.395249427656121366e+00 -3.330424739581285265e-01
3.304061236059579443e+01 -8.505764067725393174e-01 3.141137875369716781e+00 -8.505764067725393174e-01 1.455583301469306257e+01 -7.878380225447764396e+00 3.141137875369716781e+00 -7.878380225447764396e+00 -2.000765935211731872e+01
-1.313829157664495639e+01 -5.569632844923495085e+00 1.827901100680567481e+01 -5.569632844923495085e+00 -3.207922875736811452e+00 2.209118006996653172e+00 1.827901100680567481e+01 2.209118006996653172e+00 -2.032522688515152964e+01
3.344437725831637565e+00 4.864309308100745466e-01 -1.708926259238949541e+01 4.864309308100745466e-01 1.805539429731174295e+01 1.523395321110388245e+01 -1.708926259238949541e+01 1.523395321110388245e+01 -3.140626147163560589e+01
2.189273493933130510e+01 -5.321290794385818756e+00 2.157987729102549679e+01 -5.321290794385818756e+00 2.767309302154199813e+01 -1.518516334270143098e+01 2.157987729102549679e+01 -1.518516334270143098e+01 -2.107869979115157477e+01
-1.254312636044676843e+01 -8.281123666911895498e+00 -5.905445759496911862e+00 -8.281123666911895498e+00 -2.074099646389103935e+00 -1.284319515311102222e+01 -5.905445759496911862e+00 -1.284319515311102222e+01 -2.924531868391688860e+01
-4.882049975162532007e+01 1.334371945893587252e+01 -6.236136465836915832e+00 1.334371945893587252e+01 -8.026047404064209800e+00 1.030574564418625094e+01 -6.236136465836915832e+00 1.030574564418625094e+01 -6.322656879045018741e+01
2.807405151022862455e+01 -2.512793214688238574e+00 -1.521562073639412560e+01 -2.512793214688238574e+00 1.258692051580459115e+01 -6.123866000228032069e-01 -1.521562073639412560e+01 -6.123866000228032069e-01 -3.230699863620488088e+01
1.381379319863766675e+01 1.902186624726896014e+01 1.609877662546367549e+00 1.902186624726896014e+01 1.431066533883524983e+01 9.406749551655234853e+00 1.609877662546367549e+00 9.406749551655234853e+00 -1.316417327882991195e+01
-3.311160649682230428e+01 -3.197261805584899808e+00 6.180254797352018770e+00 -3.197261805584899808e+00 -4.115222623203549546e+01 -1.388761304602804891e+01 6.180254797352018770e+00 -1.388761304602804891e+01 -5.148671694513246422e+01
-6.166703718452666294e+01 1.077571282242728579e+00 6.417219531294424684e+00 1.077571282242728579e+00 -2.055609945930798332e+01 -2.584995492264345440e+00 6.417219531294424684e+00 -2.584995492264345440e+00 -6.352117492485839989e+01
-2.300727709585385483e+01 1.665144122752737132e+01 -1.077035204287759385e+01 1.665144122752737132e+01 -2.315724734619745107e+01 2.319682821543225870e+01 -1.077035204287759385e+01 2.319682821543225870e+01 -1.011955365046005717e+01
-1.155626000682110366e+01 -1.084242571490738705e+01 -3.193554899528399105e+00 -1.084242571490738705e+01 1.710643472180335323e+01 8.175342577687128909e+00 -3.193554899528399105e+00 8.175342577687128909e+00 -5.202196890974681764e+01
-3.830513459087102746e+01 6.984590336442151326e+00 -9.934351251870205957e+00 6.984590336442151326e+00 -4.140559020116576505e+01 -2.530573313687076720e+00 -9.934351251870205957e+00 -2.530573313687076720e+00 -4.999428580823047952e+01
-7.506322156185696315e+00 1.080238108944867825e+01 1.281693905514118992e+00 1.080238108944867825e+01 -2.039182563982014695e+00 -1.276946202930385610e+01 1.281693905514118992e+00 -1.276946202930385610e+01 4.552670906102651571e+00
-2.378061011088565380e+01 -5.312057251033058813e-01 -2.961910252009491984e+00 -5.312057251033058813e-01 -1.410718595758078564e+01 2.646690395645268268e+01 -2.961910252009491984e+00 2.646690395645268268e+01 -6.194622200301419213e+01
-4.129916242547644600e+01 -5.873043802277025272e+00 1.941021063362808974e+01 -5.873043802277025272e+00 -1.560665207520557551e+01 1.116143962227715569e+01 1.941021063362808974e+01 1.116143962227715569e+01 -5.646213011769251011e+01
-4.791349545450587044e+01 1.453876641566602401e-01 4.300104925006674961e+00 1.453876641566602401e-01 -2.734184806788513811e+01 1.369892646621768328e+01 4.300104925006674961e+00 1.369892646621768328e+01 -8.280716962747010257e+01
1.042433963765760296e+01 -2.658501873636589519e+00 1.076708442047018899e+01 -2.658501873636589519e+00 -1.116478220603983473e+01 -2.325549170199427351e+01 1.076708442047018899e+01 -2.325549170199427351e+01 -2.743982692394034473e+00
-1.202775122274348440e+01 1.111576744745340406e+01 -1.325776165140156060e+01 1.111576744745340406e+01 -3.458083620626737087e+01 -5.231592031875091919e+00 -1.325776165140156060e+01 -5.231592031875091919e+00 -4.707913179812773308e+01
-3.182252613937118113e+01 1.935612554268376329e+01 -4.323960690603489532e+00 1.935612554268376329e+01 1.586006626142646603e+01 3.131876257855476631e+00 -4.323960690603489532e+00 3.131876257855476631e+00 -5.396480509050194740e+01
-8.693620092997269566e+00 7.633696121964904657e-01 -5.000720263124501130e+00 7.633696121964904657e-01 1.457068341881533158e+01 -1.213554961130896359e+01 -5.000720263124501130e+00 -1.213554961130896359e+01 -4.774581341418399205e+01
3.951692980613572104e+00 1.610411645577035644e+00 -1.062336094689278276e+01 1.610411645577035644e+00 4.638992355276302249e+01 -2.399937424132338570e+00 -1.062336094689278276e+01 -2.399937424132338570e+00 1.480907203874259892e+01
2.426857032092282651e+01 -5.344031755296281716e+00 -1.454789136398789573e+01 -5.344031755296281716e+00 8.770233835882100593e+00 -1.395704810256033745e+01 -1.454789136398789573e+01 -1.395704810256033745e+01 2.386055738499455003e+01
1.490627222700742394e+01 -7.714278510583584492e+00 -1.102231282487806219e+01 -7.714278510583584492e+00 2.070868469595419015e+01 -1.752487418148214182e+00 -1.102231282487806219e+01 -1.752487418148214182e+00 -6.654610653387376118e+00
-2.536167577565122500e+01 2.529077879998653700e+01 1.560084741847517442e+01 2.529077879998653700e+01 -1.843211837635087491e+01 -4.412323585893924260e+00 1.560084741847517442e+01 -4.412323585893924260e+00 -5.838597522954577812e+01
8.296277875674908486e+00 -5.616041011627223689e+00 -9.879977531827407233e+00 -5.616041011627223689e+00 4.005380595871155691e+00 7.299765645841663542e+00 -9.879977531827407233e+00 7.299765645841663542e+00 1.571834682196121236e+01
-4.640000885537654085e+01 -3.911824217766415313e+00 1.387526003708959443e+01 -3.911824217766415313e+00 -4.405224287801450345e+01 -3.730444621264382032e+00 1.387526003708959443e+01 -3.730444621264382032e+00 -8.928975097976994846e+01
-2.285775906828725823e+01 1.440119555868549561e+00 8.063205521810804299e+00 1.440119555868549561e+00 -1.025768669168575187e+01 -2.271934102410721579e+01 8.063205521810804299e+00 -2.271934102410721579e+01 -2.856890923631163304e+01
-8.082406984464224342e-01 5.060482115942448011e+00 -2.782078568165101462e+00 5.060482115942448011e+00 -5.070996067670675345e+00 1.159476680942447047e+01 -2.782078568165101462e+00 1.159476680942447047e+01 -1.178451895575156172e+01
-7.554900544303214893e+00 8.204915511484983659e-01 -4.777079983221933723e+00 8.204915511484983659e-01 6.819235542115150928e+00 6.330758592184134059e+00 -4.777079983221933723e+00 6.330758592184134059e+00 -2.383368499242961747e+01
7.950190138836131837e+01 1.017774227628467898e+01 7.068816882017370240e+00 1.017774227628467898e+01 5.220207702320890064e+01 1.146846208116581067e+01 7.068816882017370240e+00 1.146846208116581067e+01 1.601919624518304630e+01
2.791119818700550592e+00 -1.052559803786755843e+01 1.026621672115726192e+01 -1.052559803786755843e+01 1.295874216435827364e+01 4.374289055421398231e+00 1.026621672115726192e+01 4.374289055421398231e+00 -3.604675213592322081e+01
9.802825287984910929e+00 -2.057339615251972376e+01 6.826459411295145330e+00 -2.057339615251972376e+01 -6.892969968395245672e+00 7.556164486113700285e+00 6.826459411295145330e+00 7.556164486113700285e+00 -5.742678221149038365e+00
-1.344273275096853126e+01 -4.726230473452790903e+00 -2.429356698245464408e+00 -4.726230473452790903e+00 -1.883527505873896857e+01 -6.648730921505469738e+00 -2.429356698245464408e+00 -6.648730921505469738e+00 -4.814543411233606918e+01
4.002901068314803013e+01 -7.758191076062380453e+00 1.744378649838737161e+01 -7.758191076062380453e+00 3.772399825015721575e+01 -2.270206786854453540e+01 1.744378649838737161e+01 -2.270206786854453540e+01 1.947135077100714184e+01
-8.433286557908166170e-01 -1.121880092332820267e+00 -1.677250143847758324e+01 -1.121880092332820267e+00 3.231828929557799057e+01 -3.420217508771076220e-01 -1.677250143847758324e+01 -3.420217508771076220e-01 -1.508891681987434952e+00
3.350431557894198442e-01 -6.231189670093447042e+00 -5.658915152434042639e+00 -6.231189670093447042e+00 -1.972554790718098516e+01 1.232344606816091392e+01 -5.658915152434042639e+00 1.232344606816091392e+01 -4.492253651975374851e+01
4.102141219535687355e+01 -4.661842205238063919e+00 -1.170451526034853984e+01 -4.661842205238063919e+00 3.044423250637516176e+01 -9.133235963156321802e+00 -1.170451526034853984e+01 -9.133235963156321802e+00 6.346932529948599466e+00
-4.022248037943812449e+01 3.740145404968152842e+00 4.049615651405064298e+00 3.740145404968152842e+00 -2.456559456054474566e+01 -2.095937249339779651e+00 4.049615651405064298e+00 -2.095937249339779651e+00 -4.110811862019437513e+01
6.515043335824297621e-01 6.113910158992783117e+00 -2.798837720451139877e+00 6.113910158992783117e+00 -2.018067361414363958e+01 8.068105909134160925e+00 -2.798837720451139877e+00 8.068105909134160925e+00 -1.702810146810131542e+01
2.470541795185095069e+01 -4.623415698026767551e+00 9.469132230443615128e-02 -4.623415698026767551e+00 -1.386290086120873788e+01 -6.031455933334919806e+00 9.469132230443615128e-02 -6.031455933334919806e+00 -4.901781980602789446e+01
-2.963347971254688318e+01 1.183950754654276949e+01 -1.910183559790725027e+01 1.183950754654276949e+01 -4.608282250156181448e+01 -1.567535340000749855e+01 -1.910183559790725027e+01 -1.567535340000749855e+01 -1.508307088702116516e+01
-3.666797701487891192e+00 1.795900610924295870e+00 -2.182919959604446181e+00 1.795900610924295870e+00 -4.286603766733431797e+01 5.365836902113270135e+00 -2.182919959604446181e+00 5.365836902113270135e+00 -1.220182492711027500e+01
-7.844457033487008069e+00 1.353251423739309978e+01 -5.314966528547227398e+00 1.353251423739309978e+01 1.337472673161776981e-01 -2.704148095458240419e+00 -5.314966528547227398e+00 -2.704148095458240419e+00 -3.378960309988028143e+01
6.328742069647961266e+00 -7.050779310015142798e+00 -1.380023992443815573e+01 -7.050779310015142798e+00 3.248375056739575495e+00 6.372732630558052946e+00 -1.380023992443815573e+01 6.372732630558052946e+00 -7.964332547789687577e-02
-1.747575730429051433e+01 -6.195230648988262617e-02 -7.894380867245200051e+00 -6.195230648988262617e-02 -2.211680724005372767e+01 7.288911614624573154e+00 -7.894380867245200051e+00 7.288911614624573154e+00 -2.357813466877854580e+01
9.327326284785900867e+00 8.658026489185562724e+00 -6.962832152310060252e+00 8.658026489185562724e+00 1.238164879791703399e+01 1.150612379377445649e+00 -6.962832152310060252e+00 1.150612379377445649e+00 6.246369359647523822e+00
5.819378513276123321e+00 -4.414362891886856599e-01 -4.335988835397159846e+00 -4.414362891886856599e-01 -3.393037865890978111e+00 7.563611016844023816e+00 -4.335988835397159846e+00 7.563611016844023816e+00 -3.854641314543090402e+01
-1.377046028698667435e+01 4.085549332628036545e+00 -7.845785824395880681e+00 4.085549332628036545e+00 -5.504548499985636667e+00 -1.015562663479911265e+01 -7.845785824395880681e+00 -1.015562663479911265e+01 -3.078108432505920788e+01
-3.456709742637892102e+00 -5.549270000648095502e-01 5.973270078624934865e-01 -5.549270000648095502e-01 1.795646678656549255e+01 -1.024867266162762025e+00 5.973270078624934865e-01 -1.024867266162762025e+00 -9.411561921099169226e+00
2.796931495436959292e+00 -2.377737016612935506e+01 5.743372620321026689e-01 -2.377737016612935506e+01 8.135427395205066858e+00 -4.531438734292943415e+00 5.743372620321026689e-01 -4.531438734292943415e+00 -8.295027053287078900e+00
-1.240710335885195370e+01 1.165664773478591654e+00 7.424808891434412361e-01 1.165664773478591654e+00 -2.024146910445484338e+01 1.695316367658849543e+01 7.424808891434412361e-01 1.695316367658849543e+01 -3.456982222265795457e+01
1.796189365349951927e+01 2.706207836107888287e+00 8.499420155232391139e+00 2.706207836107888287e+00 1.999931615170509502e+01 -2.288968137924426927e+01 8.499420155232391139e+00 -2.288968137924426927e+01 1.967361319376270501e+01
-6.161687946489414713e+01 -1.289154329286130363e+01 1.038761290060755371e+01 -1.289154329286130363e+01 -4.354041209929353329e+01 -1.464291128517288954e+01 1.038761290060755371e+01 -1.464291128517288954e+01 -7.287225722859334098e+01
2.167706518579037578e+01 -1.432760947710801602e+01 1.081527669116930390e+01 -1.432760947710801602e+01 -2.321944730744192054e+00 -1.506398152521966338e+01 1.081527669116930390e+01 -1.506398152521966338e+01 -2.198732398623189610e+01
2.810256038359937136e+01 3.513404554170092897e+00 1.780172866884231153e+00 3.513404554170092897e+00 2.089167246935149080e+01 -5.437082280500854736e+00 1.780172866884231153e+00 -5.437082280500854736e+00 -5.278659593678035833e+01
-5.312915486498982887e+01 -1.389984121552219420e+01 -1.180543338746809567e+01 -1.389984121552219420e+01 -5.042406477841135626e+01 -1.287601105535235924e+01 -1.180543338746809567e+01 -1.287601105535235924e+01 -1.342796769076710817e+01
8.216666357713407365e+00 -5.815526145863775476e+00 -7.523524396057132968e+00 -5.815526145863775476e+00 4.242722383185290624e+01 -1.164901232315746960e+01 -7.523524396057132968e+00 -1.164901232315746960e+01 4.468612443649552901e+00
2.126043207128711643e+01 1.045036287525678453e+01 -1.057054244241398422e+01 1.045036287525678453e+01 -7.392549768245219255e+00 -1.494817985750136380e+01 -1.057054244241398422e+01 -1.494817985750136380e+01 5.958365191697722274e+00
9.313563953281256858e+00 4.190763128476801214e+00 -1.113257785877481432e+01 4.190763128476801214e+00 -1.064767382501004356e+01 -5.163865644918534947e+00 -1.113257785877481432e+01 -5.163865644918534947e+00 5.541240659086786202e+00
2.597678816822835898e-02 -2.199563157307065353e+01 -5.814137667867670167e+00 -2.199563157307065353e+01 9.816987446846363596e+00 1.939232308872896482e+01 -5.814137667867670167e+00 1.939232308872896482e+01 -3.110609202789457939e+01
6.669288082623485536e+01 -6.584533075914480449e+00 2.040185653310961555e+01 -6.584533075914480449e+00 3.953902665732265120e+01 -1.256180823939726743e+01 2.040185653310961555e+01 -1.256180823939726743e+01 4.375653089363530057e+01
1.682501895284327142e+00 2.452306884853153957e+00 1.154372346525788195e+01 2.452306884853153957e+00 -1.376071519459066295e+01 -1.143577535103263010e+01 1.154372346525788195e+01 -1.143577535103263010e+01 -3.862233191630214435e+01
1.542261954162927218e+01 1.814550207297718032e+01 -3.336591994757708068e+00 1.814550207297718032e+01 9.715091409585673077e+00 -7.918088563000583058e+00 -3.336591994757708068e+00 -7.918088563000583058e+00 -1.783529347669126253e+01
2.635327357651064517e+01 -9.929031392296355563e+00 5.519458888284777487e+00 -9.929031392296355563e+00 2.043259749466514563e+01 -1.711447663334141467e+01 5.519458888284777487e+00 -1.711447663334141467e+01 -1.363261665840803083e+01
5.569189308573982089e+01 -4.624607737372653737e+00 -1.547462764289658033e+01 -4.624607737372653737e+00 3.444077808735335111e+01 4.615371814328186773e+00 -1.547462764289658033e+01 4.615371814328186773e+00 1.883135930616495202e+01
-4.041870018806081433e+00 -2.404287819751797528e+01 -1.474841065158669196e+00 -2.404287819751797528e+01 -4.836606695074155304e+00 1.044163086479971625e+01 -1.474841065158669196e+00 1.044163086479971625e+01 -3.807238391172428749e+01
-2.299121415991937312e+00 2.176852890949147934e+01 -1.220357332895792801e+01 2.176852890949147934e+01 4.165406034235513033e+00 -7.354568177200380141e+00 -1.220357332895792801e+01 -7.354568177200380141e+00 4.245120041607488126e+00
4.791341915577228860e+01 6.801376817255915697e+00 1.804861747669645355e+00 6.801376817255915697e+00 4.754297815581125519e+01 -8.492588162467626489e+00 1.804861747669645355e+00 -8.492588162467626489e+00 4.077659012967011165e+01
1.824315211732841746e+01 2.756374551337644085e+00 -1.966454829560766271e+01 2.756374551337644085e+00 1.970072470669366282e+01 -6.986175578700643207e+00 -1.966454829560766271e+01 -6.986175578700643207e+00 6.843838239947262814e+00
-1.779248612837260524e+01 -4.139533535692129007e+00 -6.779028489992169781e+00 -4.139533535692129007e+00 -1.396351868100023275e+01 1.615633822887370386e+01 -6.779028489992169781e+00 1.615633822887370386e+01 1.440119556060488826e+01
9.515024679200196900e+00 2.548921186198307876e+00 -1.872358441190596778e+01 2.548921186198307876e+00 -4.594669454587130275e+00 6.606505078488495109e+00 -1.872358441190596778e+01 6.606505078488495109e+00 -4.264966115394405932e+01
3.462656590690691871e+01 -1.457991233569946843e+01 2.742715651829432488e+01 -1.457991233569946843e+01 4.253784132967840748e+01 -7.906841412572684913e-02 2.742715651829432488e+01 -7.906841412572684913e-02 -1.194279907322091461e+01
4.172639007800088784e+00 -9.518480651380277990e+00 -8.523533704180760395e+00 -9.518480651380277990e+00 -3.543033916568086639e+00 5.889614773456664842e+00 -8.523533704180760395e+00 5.889614773456664842e+00 -1.820813270831748198e+01
-3.795609377178115551e+01 -3.648186092641944711e+00 -6.780935794589774801e+00 -3.648186092641944711e+00 -2.863627074201221312e+00 9.808518263418822825e-01 -6.780935794589774801e+00 9.808518263418822825e-01 -8.099687688311816203e+01
-8.169028090256126973e+00 3.691283742701513493e+00 9.590557317532354631e+00 3.691283742701513493e+00 -2.048063009957758140e+00 1.978688923803392896e+01 9.590557317532354631e+00 1.978688923803392896e+01 -5.116165669356058743e+01
-1.661407166981770045e+00 2.019275331729885536e+01 8.902652250448591431e+00 2.019275331729885536e+01 -1.564883861674753796e+01 1.814481817830941779e+01 8.902652250448591431e+00 1.814481817830941779e+01 -1.444707445811888924e+01
2.976564006656145511e-01 9.225888453151595670e+00 9.505332128152227611e+00 9.225888453151595670e+00 -1.770173704612417964e+00 -8.605402273107712219e+00 9.505332128152227611e+00 -8.605402273107712219e+00 -2.137110723821779601e+01
2.636687001338390846e-01 9.159099428581487956e+00 -1.491669411912324605e+01 9.159099428581487956e+00 -2.912636192044613637e+01 2.651800535856640995e+00 -1.491669411912324605e+01 2.651800535856640995e+00 -2.890228443302914840e+01
-6.390895963985443018e+01 -8.195887713607605818e+00 1.865915870859103487e+00 -8.195887713607605818e+00 -5.854839245580585327e+01 -3.088322791445444526e+00 1.865915870859103487e+00 -3.088322791445444526e+00 -4.622893555304091961e+01
-1.995108637715351918e+01 -1.036613693362214583e+01 1.371685508038033774e+01 -1.036613693362214583e+01 -2.109459458959427636e+01 4.061997683471976650e+00 1.371685508038033774e+01 4.061997683471976650e+00 2.958049358477047264e+01
