2.444616903724615398e+01 1.275965527024939661e+01 7.423939320745449599e+00 1.275965527024939661e+01 3.301538104579717015e+01 4.812797260845257163e+00 7.423939320745449599e+00 4.812797260845257163e+00 2.077968806432340187e+01
-6.988334629388143071e+01 5.730177571094174915e+00 -4.542399686619063459e+00 5.730177571094174915e+00 -3.799599365856094124e+01 1.278340265361834538e+00 -4.542399686619063459e+00 1.278340265361834538e+00 1.280262979018752567e+01
-2.938004167395908084e+00 1.248351943799911989e+00 8.829948057937851758e+00 1.248351943799911989e+00 -8.666981453791297696e+00 -1.188084749052887368e+01 8.829948057937851758e+00 -1.188084749052887368e+01 -2.822301537829908469e+01
-3.192334303755837865e+01 -1.783821034675291406e+00 1.682881783584570856e+00 -1.783821034675291406e+00 -3.116596352123292490e+01 7.244794241714113348e+00 1.682881783584570856e+00 7.244794241714113348e+00 -6.069819574332380085e+01
1.987876001198756626e+01 1.797264225918620673e+00 -5.557671239257527596e+00 1.797264225918620673e+00 2.800528958827956316e+01 -3.565608563947896936e+00 -5.557671239257527596e+00 -3.565608563947896936e+00 2.567762886735629468e+00
-1.877573036129962247e+01 3.400786204596664697e-02 1.340973886319472896e+01 3.400786204596664697e-02 -9.585527622675289905e+00 -9.922501943254626866e+00 1.340973886319472896e+01 -9.922501943254626866e+00 -2.430811380074422345e+01
-2.068606714501640464e+00 3.430348139159408172e-01 -7.325027119448049184e+00 3.430348139159408172e-01 6.873340732090650995e+00 1.608886490542171188e+01 -7.325027119448049184e+00 1.608886490542171188e+01 4.234300655771866317e+00
2.839450826756258905e+01 1.948209196102987040e+00 1.452124791743646703e+01 1.948209196102987040e+00 1.403376049719667229e+01 4.000464721347685604e+00 1.452124791743646703e+01 4.000464721347685604e+00 -2.851015301445967154e+01
2.958117730208522289e+01 2.767657015210069460e+00 6.163264817890780733e+00 2.767657015210069460e+00 2.869071162157297650e+01 2.800542454879902388e-01 6.163264817890780733e+00 2.800542454879902388e-01 1.657228494716029132e+01
-6.593780567021207162e+01 7.336543722501306597e+00 1.993212966858798563e+00 7.336543722501306597e+00 -4.208246456770346100e+01 1.656234328949369328e+01 1.993212966858798563e+00 1.656234328949369328e+01 -7.987005047716621675e+00
1.942602098193209414e+01 -4.896694143205458261e+00 4.792538267590626511e+00 -4.896694143205458261e+00 1.517484258181312384e+01 -2.994959883241166576e+00 4.792538267590626511e+00 -2.994959883241166576e+00 1.460922954428855824e+01
-3.834849063301930272e+01 1.034523126757608225e+01 3.373558087123528892e+00 1.034523126757608225e+01 -3.499845519912938574e+00 2.838986968243417053e+01 3.373558087123528892e+00 2.838986968243417053e+01 7.742145489072651543e-01
-5.957385839870099176e+01 2.264249553348153654e+01 -5.729692404708042197e-01 2.264249553348153654e+01 -4.163246330174781207e+01 -1.365830709187320968e+00 -5.729692404708042197e-01 -1.365830709187320968e+00 -1.070526814083613942e+01
1.582749453682731833e+01 -3.543089061036310827e+00 4.295370401002932326e+00 -3.543089061036310827e+00 7.117533874987785225e+00 5.378097940755296236e+00 4.295370401002932326e+00 5.378097940755296236e+00 -1.027308553575462646e+01
-2.759218313202497086e+01 -1.089423535550623878e+00 -1.474515357833753448e+01 -1.089423535550623878e+00 -2.296269290054064527e+01 -5.506511699452980579e+00 -1.474515357833753448e+01 -5.506511699452980579e+00 -2.473533366391403732e+01
3.749188524298147485e+01 -1.640390808097521136e+00 -1.292384288149179161e+00 -1.640390808097521136e+00 2.948951200708836140e+01 -1.226196405737246087e+00 -1.292384288149179161e+00 -1.226196405737246087e+00 4.048415083487574861e+01
2.542343107532402868e+01 -1.306660555416719660e+00 1.042854118923608020e+01 -1.306660555416719660e+00 2.085562847670798803e+01 -3.055401481515522377e+00 1.042854118923608020e+01 -3.055401481515522377e+00 9.659629086789339070e+00
4.219522797333284103e+01 1.300820071857105553e+01 2.180477832876490041e+01 1.300820071857105553e+01 1.836542437392660432e+01 1.445396170333774499e+01 2.180477832876490041e+01 1.445396170333774499e+01 1.004665657195206485e+01
2.733500401922765022e+01 3.500651045477702894e+00 -2.504842808625195261e+00 3.500651045477702894e+00 1.397079835751318377e+01 -7.026288985672227483e+00 -2.504842808625195261e+00 -7.026288985672227483e+00 6.819473021817394454e+00
3.458085770239282652e+01 3.830521792168688933e+00 -1.705751373264231319e+00 3.830521792168688933e+00 3.353209564700417644e+01 -5.231585570423525233e+00 -1.705751373264231319e+00 -5.231585570423525233e+00 3.157153910188574741e+01
3.030220389130525049e+01 7.613290192554801550e+00 4.629527230171206931e+00 7.613290192554801550e+00 1.336673661129334967e+01 5.244131779724647835e+00 4.629527230171206931e+00 5.244131779724647835e+00 1.338187577795906869e+01
1.326108936774277147e+01 4.497320802122964700e+00 -1.083786041384074528e+00 4.497320802122964700e+00 1.449823393072180266e+01 -2.989258825838842504e-01 -1.083786041384074528e+00 -2.989258825838842504e-01 1.306594064901318797e+00
-8.126826171280898237e+00 -7.128570507650182186e+00 -1.573806452978519665e+01 -7.128570507650182186e+00 -1.565538845945003565e+01 3.014729328574451417e-01 -1.573806452978519665e+01 3.014729328574451417e-01 -1.367309838043867387e+01
1.875623281358549832e+01 1.629914448319293108e+00 -1.250108890423143326e-01 1.629914448319293108e+00 4.655233461873174439e-01 3.110544250617412132e+00 -1.250108890423143326e-01 3.110544250617412132e+00 -1.455673410941802715e+01
3.581827872871014051e+01 -1.196409839866611868e+00 4.361793748868013076e-01 -1.196409839866611868e+00 1.229287615926018340e+01 -5.634802025811955772e+00 4.361793748868013076e-01 -5.634802025811955772e+00 -2.728491716110989884e+01
-2.850145145391364565e+01 6.220121085160848828e+00 8.071516059475281057e-01 6.220121085160848828e+00 -4.052817417778724263e+01 -1.310406918815431920e+00 8.071516059475281057e-01 -1.310406918815431920e+00 -4.993210854588237879e+01
-6.592107835827891726e+00 2.980574718276397750e+00 -1.155784900949466953e+00 2.980574718276397750e+00 -6.197747827450776015e+00 1.333457258058917683e+00 -1.155784900949466953e+00 1.333457258058917683e+00 -3.406646932236878200e+00
-1.315824015385853940e+01 9.683509145318056621e-01 -1.741389246452281325e+00 9.683509145318056621e-01 -1.146094755724792691e+01 2.368174489452835374e+00 -1.741389246452281325e+00 2.368174489452835374e+00 -2.098179332610977355e+01
1.707623081711211555e+01 5.993287645015926479e+00 1.191901189483075330e+00 5.993287645015926479e+00 1.582265115127292887e+01 -1.270081487552356059e+01 1.191901189483075330e+00 -1.270081487552356059e+01 -6.633548424979124114e+00
-2.775143258328121121e+01 -1.064627033392772093e+00 -5.195794510755276541e+00 -1.064627033392772093e+00 -2.383585492648009918e+01 -4.512682665859421682e+00 -5.195794510755276541e+00 -4.512682665859421682e+00 -2.893780486488474324e+01
1.046022393712968324e+01 2.591693411445748829e+00 2.406246855379832628e+00 2.591693411445748829e+00 1.470646151809233970e+00 2.217186316131370916e+01 2.406246855379832628e+00 2.217186316131370916e+01 -9.990275261002313556e+00
1.148599868396791557e+01 -2.012028434356314843e+00 4.545293967188611006e+00 -2.012028434356314843e+00 2.123006085093176676e+00 3.824243726298309776e-02 4.545293967188611006e+00 3.824243726298309776e-02 1.186103321364837626e+01
-2.102064228756696451e+01 -5.776439126638650556e+00 -7.111296232184469268e+00 -5.776439126638650556e+00 -5.087392005371492054e+00 1.073958463798743823e+00 -7.111296232184469268e+00 1.073958463798743823e+00 1.269310248802664454e+01
-1.233375215130608771e+00 1.657568582846390726e+01 1.518094370966073470e+01 1.657568582846390726e+01 -1.114970251716480476e+01 6.884847948855906452e+00 1.518094370966073470e+01 6.884847948855906452e+00 -2.259286167511768895e+01
-3.544230418173989428e+00 6.520570420221487584e-01 3.540739772488006309e+00 6.520570420221487584e-01 -2.421273465431649896e+01 -5.067893570205645126e+00 3.540739772488006309e+00 -5.067893570205645126e+00 -2.852182236675421123e+01
1.949418638554658401e+01 7.853903907800465767e+00 -1.388338583886183564e+01 7.853903907800465767e+00 1.557940300722814086e+01 -8.800520496940952953e+00 -1.388338583886183564e+01 -8.800520496940952953e+00 1.187976436699842786e+01
-1.520065454085126078e+01 -6.093525749867805708e+00 -1.083002247154876141e+00 -6.093525749867805708e+00 -2.294557459237990571e+01 -8.952809355810495973e-01 -1.083002247154876141e+00 -8.952809355810495973e-01 -2.522208881440930028e+01
4.644070744310812415e+01 -7.900685144426096151e+00 -1.131735847475896090e-02 -7.900685144426096151e+00 4.728819428354016452e+01 -6.016823156624141689e+00 -1.131735847475896090e-02 -6.016823156624141689e+00 4.470096909315961398e+01
2.913404039082982422e+01 7.189198392254018133e-01 4.683660772471124112e+00 7.189198392254018133e-01 3.845893877443146636e+01 -1.782431448067429969e+01 4.683660772471124112e+00 -1.782431448067429969e+01 3.392173397928315381e+01
1.133622611469439434e+01 -1.690170385555223476e+01 7.155881383197642442e+00 -1.690170385555223476e+01 4.101497316373724722e+00 -7.965093704849843248e-02 7.155881383197642442e+00 -7.965093704849843248e-02 -4.047697871091059341e+01
3.822341443156688712e+01 -3.640174319726675378e+00 2.713882302799828228e+00 -3.640174319726675378e+00 2.879419877448394871e+01 -1.235319436307675467e+01 2.713882302799828228e+00 -1.235319436307675467e+01 2.682897663135761057e+00
2.171314522888270204e+00 -5.578383324889893302e+00 9.859871163899929236e-01 -5.578383324889893302e+00 -1.267222216583532735e+01 5.335043386378115926e+00 9.859871163899929236e-01 5.335043386378115926e+00 -1.261796235544096767e+01
1.672035775842061156e+01 3.594444135378850991e+00 -7.232495814525306876e+00 3.594444135378850991e+00 2.104829910487406863e+00 -1.379555284036213259e+01 -7.232495814525306876e+00 -1.379555284036213259e+01 2.113091865020658844e+01
1.737886025733915218e+01 4.289773746009576172e+00 -2.749596620497765098e+00 4.289773746009576172e+00 1.329098799001516973e+01 -6.302265541195397613e-01 -2.749596620497765098e+00 -6.302265541195397613e-01 2.325553442500384804e+01
3.498309442602648289e+01 1.779599059926288973e+01 -4.863605455148971579e+00 1.779599059926288973e+01 3.509385584598416585e+01 5.217956761494981777e+00 -4.863605455148971579e+00 5.217956761494981777e+00 2.886129525338475332e+01
2.251974654850465640e+01 2.585431945319314750e-01 -2.677662134908377345e-01 2.585431945319314750e-01 7.229794429853531490e+00 3.087073155371037991e+00 -2.677662134908377345e-01 3.087073155371037991e+00 1.041451638733999019e+01
3.337225402212230296e+00 5.863971848183886948e+00 7.164543002898219548e+00 5.863971848183886948e+00 1.665882918198970941e+00 5.092715384542381152e-01 7.164543002898219548e+00 5.092715384542381152e-01 9.445602238690652186e+00
3.279274586940692160e+01 -2.055678433925829829e+00 4.592257523605636216e+00 -2.055678433925829829e+00 2.799794940896777717e+01 1.269390844051553779e+00 4.592257523605636216e+00 1.269390844051553779e+00 3.346652740163526829e+01
-7.673414105150396836e+01 -2.105975304901686052e+00 -9.871322904032831858e+00 -2.105975304901686052e+00 -6.130071295627282524e+01 3.018618463134099539e-01 -9.871322904032831858e+00 3.018618463134099539e-01 -1.109368579787697229e+01
3.484179694569824903e+01 8.452834639347642565e+00 -1.011964406871776800e+00 8.452834639347642565e+00 3.519561407261137731e+01 6.230234514706295634e+00 -1.011964406871776800e+00 6.230234514706295634e+00 3.024054661111595976e+01
3.190477599453442181e+01 -7.649891592234366655e+00 -2.132935773034083837e+01 -7.649891592234366655e+00 2.052021325209211255e+01 7.808392448751797055e+00 -2.132935773034083837e+01 7.808392448751797055e+00 -2.362048662542328259e+00
1.891631522047461900e+01 -8.908032439130742830e+00 1.466882185563122221e+00 -8.908032439130742830e+00 5.998654012301995131e+00 2.189138564092927197e+01 1.466882185563122221e+00 2.189138564092927197e+01 -8.775450960828248270e+00
-3.913560687667601901e+00 -4.223014160249767279e+00 1.697823807965789245e+00 -4.223014160249767279e+00 -1.590357395207086455e+01 -2.746504341722486586e+00 1.697823807965789245e+00 -2.746504341722486586e+00 -1.309257780831630136e+01
-1.814408762556579902e+01 -3.965457553639873289e+00 -1.412429402884060270e+00 -3.965457553639873289e+00 -1.239705611657835682e+01 -5.833636843202849587e-02 -1.412429402884060270e+00 -5.833636843202849587e-02 -2.029022456417637699e+01
-2.531484636230499063e+01 -1.257725970356609935e+01 -5.010119685856932570e+00 -1.257725970356609935e+01 6.890217649580242743e+00 7.468500091990325274e+00 -5.010119685856932570e+00 7.468500091990325274e+00 2.102517070157182033e+01
6.283750118576244148e+01 8.333755409826437699e+00 8.395641631572591024e+00 8.333755409826437699e+00 4.079310636815120716e+01 8.086279654009993934e+00 8.395641631572591024e+00 8.086279654009993934e+00 3.401626090980744976e+01
1.749114746713560109e+01 2.109631356007007685e+00 1.440128634614103564e+00 2.109631356007007685e+00 1.092626344938744154e+01 -4.222534937556897461e+00 1.440128634614103564e+00 -4.222534937556897461e+00 6.668285001073450680e+00
-2.460250411304594920e+01 -1.240171065870632860e+00 7.325802129274329388e+00 -1.240171065870632860e+00 -1.713996224303507532e+01 1.516566060571418895e+01 7.325802129274329388e+00 1.516566060571418895e+01 -2.982351549311827199e+01
2.803625897105100861e+01 3.427218466603195512e+00 8.890005113802340597e-01 3.427218466603195512e+00 1.935801929523015374e+01 7.280613766115688001e+00 8.890005113802340597e-01 7.280613766115688001e+00 1.498030062026407627e+01
6.072984659860053114e+01 4.190943449025166245e-01 -5.919700780061602607e+00 4.190943449025166245e-01 2.808431553957379379e+01 6.539283904561600247e-01 -5.919700780061602607e+00 6.539283904561600247e-01 2.073667953979576950e+01
2.217831006104298197e+01 6.609932442001798414e+00 2.603231903789889223e+00 6.609932442001798414e+00 7.432878983899091629e-01 -7.004512968436824139e+00 2.603231903789889223e+00 -7.004512968436824139e+00 -3.916035193545523896e+01
3.284591766972511095e+01 1.809932774980459058e+01 -4.665452869872159347e+00 1.809932774980459058e+01 1.310116293712316882e+01 -5.095826700456639324e-01 -4.665452869872159347e+00 -5.095826700456639324e-01 1.074227147236067914e+01
1.535812369450371584e+01 -4.710656881854419886e+00 -2.415423914612019551e+00 -4.710656881854419886e+00 1.329328523552118746e+01 -7.944281325100565283e+00 -2.415423914612019551e+00 -7.944281325100565283e+00 1.090693079056113746e+01
-8.420676480355473004e+00 -8.841737271920251828e+00 9.783870999513887057e+00 -8.841737271920251828e+00 -1.784349697137713875e+01 -8.440917122580170462e-01 9.783870999513887057e+00 -8.440917122580170462e-01 1.079220256402079237e+01
2.619431981134590526e+00 1.598696380828045882e+01 5.542256837283596749e-01 1.598696380828045882e+01 -1.810582547966251354e+01 3.205527442686595663e+01 5.542256837283596749e-01 3.205527442686595663e+01 -5.062510605267561203e+01
2.968821145794978733e+01 5.538887355390846423e+00 8.397089342603884177e+00 5.538887355390846423e+00 2.468498314696872953e+01 -5.931610335064213757e+00 8.397089342603884177e+00 -5.931610335064213757e+00 3.360363033760103235e+01
1.836470076098955184e+00 -1.845037687430018281e+00 -5.539067913077043492e+00 -1.845037687430018281e+00 -1.556399370955621464e+01 1.651133201405124495e+01 -5.539067913077043492e+00 1.651133201405124495e+01 -3.891879952541106746e+01
-3.314166193708816710e+00 1.123200188170289326e+00 -6.050162049226758043e+00 1.123200188170289326e+00 -4.266630729174670122e+00 1.048647898231249931e+00 -6.050162049226758043e+00 1.048647898231249931e+00 -2.980910967669037070e+00
5.647644512037110331e+01 -6.713806804846818466e+00 1.034633079467816463e+00 -6.713806804846818466e+00 4.928526998600818843e+01 1.294522329951195649e+00 1.034633079467816463e+00 1.294522329951195649e+00 5.836606165295857629e+00
1.539023501649120007e+01 -1.764503985319422208e+00 5.839488903966020494e+00 -1.764503985319422208e+00 1.280258001600476270e+01 6.688236044449957785e-02 5.839488903966020494e+00 6.688236044449957785e-02 1.004232710529016970e+01
-6.705252793503224673e+00 -2.495257346384987418e+00 -9.459027731006869999e+00 -2.495257346384987418e+00 -1.393318042865569062e+01 1.974849359310575370e+00 -9.459027731006869999e+00 1.974849359310575370e+00 -2.153878664374371965e+01
3.497559085379528199e+01 3.428452876536152161e+00 -1.614146630877167610e+01 3.428452876536152161e+00 1.810242235404808397e+01 1.420544645885925883e+00 -1.614146630877167610e+01 1.420544645885925883e+00 1.638389884400587704e+01
6.498997385323343146e+00 2.801910173378709512e+00 -4.380261679126900454e+00 2.801910173378709512e+00 6.406293362595642193e+00 -8.231946122469639970e-01 -4.380261679126900454e+00 -8.231946122469639970e-01 -1.423163586641186251e+00
-1.015324706776636665e+00 7.745898421785699650e-01 2.616262352930698309e+00 7.745898421785699650e-01 -5.268218676353675356e+00 -2.200309980460506853e+00 2.616262352930698309e+00 -2.200309980460506853e+00 -1.132287745672270773e+01
9.219100954524835245e+00 3.063800894704107769e+00 9.958330573126671581e+00 3.063800894704107769e+00 1.126529382495006359e+01 -4.684500324853814845e+00 9.958330573126671581e+00 -4.684500324853814845e+00 1.802110290564453976e+01
2.914139829942173776e+01 4.774564071316281577e+00 -1.218891418687780615e+00 4.774564071316281577e+00 2.543746862243241225e+01 -7.997287420770849975e-01 -1.218891418687780615e+00 -7.997287420770849975e-01 1.669163579499411654e+01
3.003947028093195826e+01 1.117635650110886836e+01 5.080401193248454739e+00 1.117635650110886836e+01 2.951300589341784963e+00 -5.658946188001699795e+00 5.080401193248454739e+00 -5.658946188001699795e+00 -3.105064948272342207e+01
3.310495709232672112e+01 -5.202735839146418684e+00 -1.230261177185680133e+01 -5.202735839146418684e+00 2.496557224520480744e+01 2.588842577051177329e+01 -1.230261177185680133e+01 2.588842577051177329e+01 3.269538304706861709e+01
2.843655762667834708e+00 -1.097444504838340151e+01 -6.383821190056685246e+00 -1.097444504838340151e+01 -7.294815306799639743e+00 7.581742976800417644e+00 -6.383821190056685246e+00 7.581742976800417644e+00 -8.409251950516399177e+00
-1.524925527839759809e+01 9.742221868556780962e+00 8.905766870987839923e+00 9.742221868556780962e+00 -1.850439456208730249e+01 1.620740218030800150e+01 8.905766870987839923e+00 1.620740218030800150e+01 -5.825493974055758173e+01
2.469481840993339716e+01 8.176379563449380328e+00 5.027255600180500217e+00 8.176379563449380328e+00 3.286328633976299329e+01 -9.530908629244532193e+00 5.027255600180500217e+00 -9.530908629244532193e+00 3.535952289341182819e+01
1.074361788548496932e+01 1.113432757425482222e+01 6.927297217702149901e+00 1.113432757425482222e+01 7.962551211320957556e+00 6.442990433379452320e+00 6.927297217702149901e+00 6.442990433379452320e+00 -3.586290412171675257e+01
1.323751371120319043e+01 7.087859324904693281e+00 1.219541260936291494e+01 7.087859324904693281e+00 1.821158010877118594e+00 1.053039600915813878e+01 1.219541260936291494e+01 1.053039600915813878e+01 1.773052108524975079e+00
-1.947748102110383073e+01 1.171089547385482632e+01 -1.771478704516670533e+01 1.171089547385482632e+01 -2.978410387248162206e+00 1.617625307325261019e+01 -1.771478704516670533e+01 1.617625307325261019e+01 -7.215877885775407208e+01
1.527284945410738537e+01 -1.803370824888024160e+01 -4.468407631862690188e+00 -1.803370824888024160e+01 3.415409278617036026e+00 -1.179915565247281695e+00 -4.468407631862690188e+00 -1.179915565247281695e+00 -1.327086341016371485e+01
2.502726318106584102e+01 1.731488903482567843e-01 6.401428534911814516e+00 1.731488903482567843e-01 1.737916692894909332e+01 -1.638365025324896962e+01 6.401428534911814516e+00 -1.638365025324896962e+01 1.307031550537355713e+01
3.195581757365103215e+01 4.991389913752914076e+00 1.259182140065833178e+00 4.991389913752914076e+00 1.825244682483164382e+01 3.605114436788577681e+00 1.259182140065833178e+00 3.605114436788577681e+00 2.214913820925103138e+01
-1.745222342291456341e+00 4.065165321030209888e+00 -2.473048122332192733e+00 4.065165321030209888e+00 -1.077892079550379556e+01 1.429058186601690705e+00 -2.473048122332192733e+00 1.429058186601690705e+00 -9.156806380009616220e+00
2.447289648409330098e+01 -1.874693805490707277e+01 -2.364901731426165110e+00 -1.874693805490707277e+01 7.238767875227764215e+00 8.780532508043412676e+00 -2.364901731426165110e+00 8.780532508043412676e+00 -2.762113724203737419e+01
3.533523698977020189e+01 -1.895601881725019477e-01 1.946769956264522961e+01 -1.895601881725019477e-01 1.316336145249521117e+01 4.969169161986138228e+00 1.946769956264522961e+01 4.969169161986138228e+00 -1.778340227091464110e+00
1.649019366063093983e+01 -5.990120781292860741e+00 1.750107411558293791e+01 -5.990120781292860741e+00 2.311063140742613342e+01 -2.758171253385387992e-03 1.750107411558293791e+01 -2.758171253385387992e-03 -3.784593682632625189e+01
-1.157458608743525375e+01 9.909497527520079174e+00 -1.199683561811146992e+00 9.909497527520079174e+00 -5.242352349153429003e+01 -9.534941477116458231e+00 -1.199683561811146992e+00 -9.534941477116458231e+00 -4.729121573659667632e+01
6.729603538594706613e+00 -3.129950505324626153e+00 -4.269729060512725383e+00 -3.129950505324626153e+00 1.318030610881508302e+01 5.052005393149858747e+00 -4.269729060512725383e+00 5.052005393149858747e+00 1.072942670513580588e+01
3.201255100303423973e+01 1.593276071637436564e+00 -3.142663997737264125e+00 1.593276071637436564e+00 3.103932923437049851e+01 1.675043356748040280e+00 -3.142663997737264125e+00 1.675043356748040280e+00 3.746083500975364444e+01
-1.660553191494479108e+01 -8.601506921875056833e+00 2.698994506469234889e+00 -8.601506921875056833e+00 -5.601774851211134632e+01 -3.570246859911694770e+00 2.698994506469234889e+00 -3.570246859911694770e+00 -5.610490132274200903e+01
-1.392147498692066243e+01 3.635156513896774300e+00 -3.338728290682867250e+00 3.635156513896774300e+00 -1.934325425007593413e+00 2.845179049561336271e+00 -3.338728290682867250e+00 2.845179049561336271e+00 -1.163617499967252300e+01
-3.347416640641667662e+00 -9.585158957514853029e+00 7.514669562304090444e-01 -9.585158957514853029e+00 8.637332143719319788e+00 9.009249953865989369e+00 7.514669562304090444e-01 9.009249953865989369e+00 -3.444098594018827697e+01
-1.473166860638412601e+01 -9.308550305989871987e+00 -7.677735513878551910e-01 -9.308550305989871987e+00 -1.851796133576986136e+01 4.657168322534134930e+00 -7.677735513878551910e-01 4.657168322534134930e+00 -2.152085389138390070e+01
-1.418948607765969205e+00 -1.893597693081201072e+00 -1.171522197622292971e+01 -1.893597693081201072e+00 -8.723301132506197320e+00 1.581901571868254663e+01 -1.171522197622292971e+01 1.581901571868254663e+01 -2.003542737302516485e+01
1.598604550129642377e+01 1.065905489726439193e+01 1.602271049462012797e+01 1.065905489726439193e+01 -7.016984438821682879e+00 1.339822550237439902e+00 1.602271049462012797e+01 1.339822550237439902e+00 -5.875574214470094603e+01
