-1.373537892752984924e+01 -2.175722243877298734e+00 4.529892589274536974e+00 -2.175722243877298734e+00 -1.424463038068236997e+01 -1.806013817073537142e+00 4.529892589274536974e+00 -1.806013817073537142e+00 -5.499922582339562105e+00
7.616206115461151782e+00 -1.946492323692030402e+00 -2.159581640428518856e+00 -1.946492323692030402e+00 1.001639183435354497e+01 6.928984637151664572e+00 -2.159581640428518856e+00 6.928984637151664572e+00 2.276781439180332356e+01
1.593235988658612889e+01 -4.368108838135698058e+00 3.645647128927564040e+00 -4.368108838135698058e+00 8.616046534602501694e+00 -4.747147440539625229e+00 3.645647128927564040e+00 -4.747147440539625229e+00 1.406883482327356027e+01
-5.771420940645919373e+00 -1.732077924642798417e+00 -4.755896976483465544e+00 -1.732077924642798417e+00 -2.830833159678848965e+00 -8.044983685638549264e-01 -4.755896976483465544e+00 -8.044983685638549264e-01 4.146269754965393517e+00
-1.409245197028304908e+01 -8.492856098674147702e+00 -7.976355784636257162e+00 -8.492856098674147702e+00 -2.003564984023005735e+01 2.632091969619157368e+00 -7.976355784636257162e+00 2.632091969619157368e+00 -1.367839325059967592e+01
-1.729647821839332877e+01 -3.416759561684407642e-01 2.257078326979788385e-01 -3.416759561684407642e-01 -1.526450275672368129e+01 4.242718786444743984e+00 2.257078326979788385e-01 4.242718786444743984e+00 -1.255251645260906557e+01
5.279880752974589342e+01 -3.365551194890504583e+00 2.590792245677409511e+00 -3.365551194890504583e+00 6.257652226887356051e+01 -4.866196996311919598e+00 2.590792245677409511e+00 -4.866196996311919598e+00 5.607258815161736010e+01
-7.175430355799169435e-01 -7.592530018517963386e-01 -2.055511642982113418e+00 -7.592530018517963386e-01 -4.229518125083394864e+00 -4.773857608464046720e+00 -2.055511642982113418e+00 -4.773857608464046720e+00 -5.207103939973841911e+00
-9.905296083797825446e-01 5.686150874762843088e+00 -6.062028351603693244e-01 5.686150874762843088e+00 8.205312691631608146e+00 -1.131788718708768959e+00 -6.062028351603693244e-01 -1.131788718708768959e+00 8.766384252769912067e+00
-1.234636490392714236e+01 9.611484126047018517e-01 3.729120906463868845e+00 9.611484126047018517e-01 3.969687984925638791e+00 -6.444608272585741204e+00 3.729120906463868845e+00 -6.444608272585741204e+00 4.016348260469346232e-01
1.600605423043551312e+01 -6.851084421332545915e+00 -3.112553457083627517e+00 -6.851084421332545915e+00 2.269544136077123753e+01 -1.500235255105313081e+00 -3.112553457083627517e+00 -1.500235255105313081e+00 1.607526274273079636e+01
-1.670793268117967756e+01 -1.466044988393404358e+00 -6.520651561044408240e-01 -1.466044988393404358e+00 -1.296728991001520015e+01 8.378670741247039588e-01 -6.520651561044408240e-01 8.378670741247039588e-01 -1.139184218151670969e+01
-1.124245800588299460e+01 -3.436324810955278530e-01 2.520297060456952565e+00 -3.436324810955278530e-01 -1.623084173432566146e+01 3.978329466035379625e+00 2.520297060456952565e+00 3.978329466035379625e+00 -1.518842317500258687e+01
-3.924932025831896487e-01 -5.385587704564906986e+00 7.289020826044878554e+00 -5.385587704564906986e+00 1.958467605889197438e+00 -2.073977142217554304e-01 7.289020826044878554e+00 -2.073977142217554304e-01 1.079084620472466671e+00
-2.928376642443931144e-01 2.074861153757742827e+00 -3.382731385310616012e+00 2.074861153757742827e+00 6.145327914826345106e-01 1.936326202387180118e+00 -3.382731385310616012e+00 1.936326202387180118e+00 7.922104592886268115e+00
-2.149136737497433725e+00 -6.422368679790959600e-01 -3.132752113251839887e+00 -6.422368679790959600e-01 -8.555483454814168942e-01 -2.848649234787736351e+00 -3.132752113251839887e+00 -2.848649234787736351e+00 -2.429578811479295719e-01
-1.696440194812452873e+01 2.047973807914204025e-01 -1.591924638103864975e+00 2.047973807914204025e-01 -1.270303684054718296e+01 -2.220109005077427256e+00 -1.591924638103864975e+00 -2.220109005077427256e+00 -6.687554650660157307e+00
9.778998780712717220e+00 -6.952110995495068835e-01 -2.224447842649098117e+00 -6.952110995495068835e-01 -1.495837500329951109e+00 -4.947885386567477117e-02 -2.224447842649098117e+00 -4.947885386567477117e-02 3.027655925615631016e+00
3.094660560782654102e+01 -3.347026078971027996e+00 -2.349031678953514390e+00 -3.347026078971027996e+00 3.471915639484720373e+01 -1.977456400465185948e-01 -2.349031678953514390e+00 -1.977456400465185948e-01 3.937909424391995117e+01
4.126589317276961566e+01 -8.646093821448715966e-01 1.115432369920314803e+00 -8.646093821448715966e-01 4.004942981978335581e+01 -3.344039471148527287e+00 1.115432369920314803e+00 -3.344039471148527287e+00 3.678961152396784939e+01
-1.464718096445612261e+01 3.351585126710509233e+00 -7.415132988780406276e-01 3.351585126710509233e+00 -1.057456346940352354e+01 -5.969386519895331311e+00 -7.415132988780406276e-01 -5.969386519895331311e+00 -7.337008427444279279e-01
4.783269704585671178e+01 1.366282713867373433e+00 6.513577289446851326e-01 1.366282713867373433e+00 4.451391495217939109e+01 -7.456724130769083914e+00 6.513577289446851326e-01 -7.456724130769083914e+00 4.195956663833865719e+01
4.793680449164740764e+01 3.334901893116945182e+00 -6.521954831342144487e+00 3.334901893116945182e+00 4.081641467209536955e+01 -5.221531156368890425e-01 -6.521954831342144487e+00 -5.221531156368890425e-01 4.079472927826488871e+01
-1.336516761439299295e+01 -2.747209125000730001e+00 2.489343053476758438e+00 -2.747209125000730001e+00 -1.205428825354256084e+01 2.200473645779637444e+00 2.489343053476758438e+00 2.200473645779637444e+00 -4.429846608910294137e+00
-2.635506223096518164e-01 -2.844960536812954910e+00 -7.362596769276007258e+00 -2.844960536812954910e+00 9.596731080362726374e+00 -5.234466363589477256e-01 -7.362596769276007258e+00 -5.234466363589477256e-01 1.170471047599261638e+01
-1.472575616055282488e+01 1.105420099598666495e+00 -7.820118210590085717e-01 1.105420099598666495e+00 -9.692873602897023488e+00 -2.512841180269617780e+00 -7.820118210590085717e-01 -2.512841180269617780e+00 -1.310670589214895543e+00
2.094176627557915182e+01 4.319238328281388206e+00 -4.591844439860253146e+00 4.319238328281388206e+00 2.246976237486304839e+01 9.739734379967900368e-01 -4.591844439860253146e+00 9.739734379967900368e-01 1.495957959166303652e+01
-1.111018624797842413e+01 2.796331636967661627e+00 3.359719884049716221e+00 2.796331636967661627e+00 -1.193900507606390171e+01 3.898077309150576486e+00 3.359719884049716221e+00 3.898077309150576486e+00 -5.036463785991739606e+00
-4.837782757087105701e+00 -1.865822757363926776e+00 1.349242664490479804e+00 -1.865822757363926776e+00 -2.367197575944155030e+00 7.542821015505432047e-01 1.349242664490479804e+00 7.542821015505432047e-01 3.723709036113059145e+00
-1.780399320030529964e+01 4.472993225198147016e+00 8.635049793253768424e-01 4.472993225198147016e+00 -1.236744994191107594e+01 2.103073280020856917e+00 8.635049793253768424e-01 2.103073280020856917e+00 -2.598523514841273396e+01
-1.562114333228572960e+01 -2.008079249704335378e+00 1.759077035382700105e+00 -2.008079249704335378e+00 -8.711805707063833282e+00 -1.558736707214537276e+00 1.759077035382700105e+00 -1.558736707214537276e+00 -4.364711796249251208e+00
-1.505741906995815249e+01 5.804109549261177170e-01 1.727547714851988880e+00 5.804109549261177170e-01 -1.552490351691616866e+01 3.408350416590404386e+00 1.727547714851988880e+00 3.408350416590404386e+00 -7.498233653209759098e+00
-1.777513595106733035e+01 -2.573567284932906318e+00 -5.355257035062552795e+00 -2.573567284932906318e+00 -2.194897459304090503e+01 2.088896154933830740e+00 -5.355257035062552795e+00 2.088896154933830740e+00 -1.973072413537572700e+01
2.551134871383646363e+00 -8.320830060334644784e+00 -3.397654777842288532e+00 -8.320830060334644784e+00 -1.021449220752002340e-01 -5.862364574341432544e+00 -3.397654777842288532e+00 -5.862364574341432544e+00 -6.757966397440586803e-01
5.704774749501932085e+00 9.472516062260606384e-01 7.748312214666953635e-01 9.472516062260606384e-01 -5.302597801238227326e+00 -8.360387763414618423e-01 7.748312214666953635e-01 -8.360387763414618423e-01 -7.170763300552019937e-01
-2.149495842169046611e+01 3.836471808586173537e+00 -2.004011860286653235e+00 3.836471808586173537e+00 -1.943332264317048086e+01 1.385026358467615681e+00 -2.004011860286653235e+00 1.385026358467615681e+00 -2.733137199968436093e+01
1.950933892464703057e+00 -4.338515421047234533e+00 -6.317128835122610475e+00 -4.338515421047234533e+00 1.148705507195710673e+01 2.208545746099551010e+00 -6.317128835122610475e+00 2.208545746099551010e+00 7.665157049899494979e+00
2.920424655352289278e+01 2.794292943479572244e+00 2.261254473625423422e+00 2.794292943479572244e+00 2.661370759334745983e+01 -5.062355806190488750e+00 2.261254473625423422e+00 -5.062355806190488750e+00 2.761114986608572863e+01
-4.840650946772006691e+00 -5.232058013763588811e+00 -1.037435191815808011e+00 -5.232058013763588811e+00 -3.693960596401169916e+00 5.017663309284164264e+00 -1.037435191815808011e+00 5.017663309284164264e+00 -4.152701000268321785e+00
2.870495030736155417e+00 5.747440292026519515e+00 6.922365726531197749e-01 5.747440292026519515e+00 7.128942668686340411e+00 -1.877939521722086225e+00 6.922365726531197749e-01 -1.877939521722086225e+00 1.251815438347721710e+01
-7.046245787692384077e+00 1.384599370854392220e+00 -5.353126725193513291e-02 1.384599370854392220e+00 -4.540396971453055208e+00 1.281238719443061447e+00 -5.353126725193513291e-02 1.281238719443061447e+00 -7.285312718563988099e+00
-1.669331088895948056e+01 2.692277760003877862e+00 -5.998203272257335961e+00 2.692277760003877862e+00 -1.334896976176585248e+01 -1.573777308643300454e+00 -5.998203272257335961e+00 -1.573777308643300454e+00 -1.877636792398488907e+01
2.384333979739374332e+00 -6.658141204293714033e+00 -8.171424893083438779e-01 -6.658141204293714033e+00 -2.926886602741820109e+00 4.456309736340250183e+00 -8.171424893083438779e-01 4.456309736340250183e+00 3.797333806157216607e+00
3.527109772723433512e+00 -2.704844875594357045e+00 1.831443982513778046e+00 -2.704844875594357045e+00 5.181118835451568039e+00 -1.770945154193443560e+00 1.831443982513778046e+00 -1.770945154193443560e+00 5.063881379959757290e+00
-7.090320301812124804e+00 -5.765634803471387571e+00 1.686832587107698123e+00 -5.765634803471387571e+00 -6.787182384261549295e+00 -4.739323568252477692e+00 1.686832587107698123e+00 -4.739323568252477692e+00 -6.769241791900765470e+00
-9.131238073207592620e+00 6.650199854426896984e-01 9.516451557535784422e-01 6.650199854426896984e-01 -2.522411699450104461e+00 4.079926607253848481e+00 9.516451557535784422e-01 4.079926607253848481e+00 -1.153337946810480297e+01
8.413606215324939797e+00 5.552500999490072253e+00 9.990570595807505283e-01 5.552500999490072253e+00 1.175027120337629327e+01 8.682168036259457766e-01 9.990570595807505283e-01 8.682168036259457766e-01 1.453431938448668248e+01
-1.408912884647222086e+01 -5.440988548488627785e+00 2.266522748823929234e+00 -5.440988548488627785e+00 -2.534120838720778757e+00 1.085105870167942355e+00 2.266522748823929234e+00 1.085105870167942355e+00 -2.345890090036207631e+00
-9.082978390484946374e+00 2.119716645860594273e+00 -4.811020042753864523e+00 2.119716645860594273e+00 4.155115137290675831e-01 1.264499398009952369e+00 -4.811020042753864523e+00 1.264499398009952369e+00 1.464036898116794605e+00
-1.160297160175199416e+01 9.386586358850045997e+00 1.507730149934567443e+00 9.386586358850045997e+00 -5.537347273836304318e+00 -1.562329579248266098e+00 1.507730149934567443e+00 -1.562329579248266098e+00 -5.986400004472125502e+00
