1.546277786091787831e+01 9.917682451388230902e+00 3.345267462020395488e+00 9.917682451388230902e+00 8.754803659854523801e+00 -1.224270921840950699e+01 3.345267462020395488e+00 -1.224270921840950699e+01 5.949465958666627863e+00
5.609826722956953660e+01 -1.054995413487982958e+01 8.147572798535627214e+00 -1.054995413487982958e+01 3.013191985307501142e+01 -1.230941355587277464e+00 8.147572798535627214e+00 -1.230941355587277464e+00 9.470485040388574305e+00
-2.826805247249303821e-01 4.716279113861300942e+00 -2.033442917769072977e+01 4.716279113861300942e+00 -1.124075341775407821e+01 4.857094056231504586e-01 -2.033442917769072977e+01 4.857094056231504586e-01 -2.404428273971027608e+01
-5.148616998318242821e-01 -1.894219531003937251e-01 -7.118892934471297451e+00 -1.894219531003937251e-01 7.429414985199148669e-01 -6.709714392690804274e+00 -7.118892934471297451e+00 -6.709714392690804274e+00 -3.743762723382170066e+01
-2.724981336173388158e+01 2.254915196907476105e+00 8.147211147711582058e+00 2.254915196907476105e+00 -3.817244377333695837e+01 -2.707395167854970808e+01 8.147211147711582058e+00 -2.707395167854970808e+01 -4.825242244551658644e+01
8.700954447626504162e+00 -1.311671013565249844e+01 -6.713545729756488889e+00 -1.311671013565249844e+01 -9.598559358647502648e+00 -2.497566831729483017e+00 -6.713545729756488889e+00 -2.497566831729483017e+00 -6.413322799848462097e+00
-4.191928158376525460e+01 4.833014293897919700e+00 -1.099431555737748312e+01 4.833014293897919700e+00 -2.019140366168052481e+01 9.733611229893178063e+00 -1.099431555737748312e+01 9.733611229893178063e+00 6.070791407446996857e+00
-2.641613439595287360e+01 -2.324203840371555074e+01 1.342696893165328698e+00 -2.324203840371555074e+01 -1.205782168090858875e+01 -2.881405495823642582e+00 1.342696893165328698e+00 -2.881405495823642582e+00 -5.972942702806778925e+01
3.770646274846185975e+01 2.394727215692503108e+01 1.119400744624445565e+01 2.394727215692503108e+01 3.335467945083523489e+01 1.229510044161287219e+01 1.119400744624445565e+01 1.229510044161287219e+01 3.252902177839420972e+01
-4.161893256268152186e+01 1.398086509932873689e+01 -1.512269381128923174e+00 1.398086509932873689e+01 -4.197381266578228320e+01 1.390207770415358901e+01 -1.512269381128923174e+00 1.390207770415358901e+01 -3.929168038444441180e+01
7.561587149295068855e+01 3.734662062253816806e-01 -3.601993242790182848e+00 3.734662062253816806e-01 7.267379066918029196e+01 -4.310147008227097842e+00 -3.601993242790182848e+00 -4.310147008227097842e+00 4.826155443127662181e+01
-6.689459516131964989e+00 7.088679518197324114e+00 3.511578955309558325e-01 7.088679518197324114e+00 7.712330597234231533e+00 -1.345011443902955151e+01 3.511578955309558325e-01 -1.345011443902955151e+01 -1.923561565019346054e+00
5.603395744277351298e+01 -1.132098042333669419e+01 -1.398216439994157767e+01 -1.132098042333669419e+01 5.266296271869558865e+01 1.557273529782182564e+01 -1.398216439994157767e+01 1.557273529782182564e+01 -2.171798867856461257e+00
8.034353976376083395e+00 -1.467609907939138658e+01 4.624496843737542495e-02 -1.467609907939138658e+01 -1.624284659375255657e+01 -6.534905004400134665e+00 4.624496843737542495e-02 -6.534905004400134665e+00 1.270281605668088432e+01
-1.849222349968546908e+01 -1.020427074024822645e+01 -5.028830549184577947e+00 -1.020427074024822645e+01 -2.935768560724041265e+01 -1.197231711330693749e+01 -5.028830549184577947e+00 -1.197231711330693749e+01 -2.171140859867604789e+01
6.513934791941234259e+00 2.018531637040871374e+01 -9.930736414475397567e+00 2.018531637040871374e+01 -4.675755271770638544e+00 1.068658826390257666e+01 -9.930736414475397567e+00 1.068658826390257666e+01 -1.127574367941334721e+01
-1.077523037363781278e+01 6.642501600769762149e+00 1.050187354451541566e+01 6.642501600769762149e+00 -1.999917771755034934e+01 -1.397405138124268920e+00 1.050187354451541566e+01 -1.397405138124268920e+00 8.854263330276976873e+00
-2.800122619830878623e+00 4.957521655872570321e+00 -1.742471060147423856e+01 4.957521655872570321e+00 2.870340104585683250e+01 6.762419881674985866e+00 -1.742471060147423856e+01 6.762419881674985866e+00 -2.835190926742476947e+01
3.410868777258392992e+00 5.271119953801920666e+00 -1.102672323800930876e+01 5.271119953801920666e+00 3.995903000249678261e+00 -4.083271723461941782e+00 -1.102672323800930876e+01 -4.083271723461941782e+00 -4.823073599550936619e-01
4.302543441621165243e+01 1.340048679614800164e+01 -1.184380203364452377e+00 1.340048679614800164e+01 2.371705762649496663e+01 -2.706374888706993276e-01 -1.184380203364452377e+00 -2.706374888706993276e-01 -8.936577754422028619e+00
-1.375154338497972262e+01 1.152188325615625430e+01 1.064972563995292276e+01 1.152188325615625430e+01 1.049698798875404115e+01 -2.218110799664982125e+01 1.064972563995292276e+01 -2.218110799664982125e+01 -2.839280421460262716e+01
1.061273393772495410e+01 8.433162522080365875e+00 1.872677866301505034e+01 8.433162522080365875e+00 -1.069326185387800265e+01 -3.152485790432687285e+00 1.872677866301505034e+01 -3.152485790432687285e+00 2.628573890935019719e+01
2.837256304924061823e+01 1.839753639704884147e-01 2.896027349440007725e+00 1.839753639704884147e-01 -6.885311555642956716e-01 1.285751552816624432e+01 2.896027349440007725e+00 1.285751552816624432e+01 -2.317605761472704362e+00
-1.513480290351323632e+01 -6.975497941672747615e+00 -5.404919729890522717e-01 -6.975497941672747615e+00 -7.219210322542824798e+00 6.336022345765160990e-01 -5.404919729890522717e-01 6.336022345765160990e-01 2.027371574366580376e+01
-1.231388684405174416e+01 2.250198267975337174e+00 -1.289818242478575527e+01 2.250198267975337174e+00 -3.660198685942792451e+01 -7.039177792306076320e+00 -1.289818242478575527e+01 -7.039177792306076320e+00 1.741896472108684790e+01
7.121194159643867927e+00 -3.594686631811008226e+00 -8.383896378357727386e+00 -3.594686631811008226e+00 2.324753673826317524e+01 1.071566606502763719e+01 -8.383896378357727386e+00 1.071566606502763719e+01 1.122176932737320065e+01
2.661460312045972998e+01 -8.485129605205235848e+00 6.331292282021777851e+00 -8.485129605205235848e+00 3.451071918497903823e+01 -8.751174531408071999e+00 6.331292282021777851e+00 -8.751174531408071999e+00 2.361550337281642697e+01
-8.804724648072953741e+00 9.605156111350494186e+00 1.204321233885737641e+01 9.605156111350494186e+00 -2.842103283301551997e+01 -1.583158334019770308e+01 1.204321233885737641e+01 -1.583158334019770308e+01 -3.450565316760581425e+01
1.027226810725971440e+01 1.731858199320773295e+01 3.715025004253224239e+00 1.731858199320773295e+01 1.211005245105257266e+01 6.623301777237021071e+00 3.715025004253224239e+00 6.623301777237021071e+00 -1.959595442664430465e+01
6.755807019630280408e+00 9.231335908465103657e+00 -6.857998667128364367e+00 9.231335908465103657e+00 -6.395984400260200431e+00 4.488224096531344465e+00 -6.857998667128364367e+00 4.488224096531344465e+00 -6.053861129125040819e+00
-4.588810967512778660e+01 -1.213878433164038029e+01 -4.774310109981934613e-01 -1.213878433164038029e+01 -2.563072887980798953e+01 2.032556854726884410e+01 -4.774310109981934613e-01 2.032556854726884410e+01 3.732595352677948952e+00
-6.593835708957349606e-01 1.594014952926813722e+00 -6.252216346457794005e-01 1.594014952926813722e+00 -5.930274907556174036e+00 1.430251309164518858e+01 -6.252216346457794005e-01 1.430251309164518858e+01 -6.936439335999280331e+01
2.414646006559468816e+01 9.151844165586366486e+00 2.259588202096893372e+00 9.151844165586366486e+00 3.932112044501530068e+00 1.109091691922101219e+01 2.259588202096893372e+00 1.109091691922101219e+01 -4.200292604255255213e+01
7.172517131976388782e+01 6.710649766435034635e+00 -1.034704092011667420e+01 6.710649766435034635e+00 5.215237164581110108e+01 2.475063695901712890e+01 -1.034704092011667420e+01 2.475063695901712890e+01 6.032015466463884756e+00
1.085859374751887962e+01 -8.375752549448872486e+00 1.457595780206457858e+00 -8.375752549448872486e+00 -1.037409885309932633e+01 -4.710377624689696674e+00 1.457595780206457858e+00 -4.710377624689696674e+00 -2.634950372390261109e+01
2.991380041488365649e+01 -3.123598515784481933e+01 2.955881814551842623e+00 -3.123598515784481933e+01 1.602040098373208110e+01 7.009324016072744357e-01 2.955881814551842623e+00 7.009324016072744357e-01 -9.089830084447694247e+00
-1.483845869915436033e+01 1.660018713243662347e+01 -2.706891403313302469e+00 1.660018713243662347e+01 -2.833077706840998289e+01 -1.139078250622794108e+00 -2.706891403313302469e+00 -1.139078250622794108e+00 -3.632594671383693452e+01
1.589635588042440695e+01 -6.660672259716410970e+00 -1.608293771743456446e+01 -6.660672259716410970e+00 -1.009261063557521210e+00 1.213751713936764354e+01 -1.608293771743456446e+01 1.213751713936764354e+01 -5.822223551231444638e+00
-5.202979927047741882e+01 6.799882256588724694e+00 -5.859563276858352791e-04 6.799882256588724694e+00 -5.054493401594057644e+01 2.920806864296266792e+00 -5.859563276858352791e-04 2.920806864296266792e+00 -4.568645116484300672e+01
1.101273551215637703e+01 -1.216763078551197097e+01 -1.086918039391414226e+01 -1.216763078551197097e+01 -8.351048165279872038e+00 -1.382211389883547703e+01 -1.086918039391414226e+01 -1.382211389883547703e+01 -2.953646915612628376e+01
-1.535878625842529210e+01 -1.758367137087864407e+01 -5.654478046923903101e+00 -1.758367137087864407e+01 -1.023093681062518989e+01 -5.651923812831652683e+00 -5.654478046923903101e+00 -5.651923812831652683e+00 -4.687208734542125654e+01
1.325244656836892432e+01 1.187805105043744902e+01 -8.183365690026716877e+00 1.187805105043744902e+01 9.761241089024197848e+00 5.964446009220200295e+00 -8.183365690026716877e+00 5.964446009220200295e+00 -3.329986246610437917e+01
-1.933452555972758447e+01 -2.189446122170342690e+01 -1.412517668583244657e+01 -2.189446122170342690e+01 -1.067852649702352963e+01 1.026299806371539391e+00 -1.412517668583244657e+01 1.026299806371539391e+00 -6.331012474562560755e+01
3.200895532739674110e+01 -1.607934587214916533e+01 1.359596957853202071e+01 -1.607934587214916533e+01 2.726144707472845141e+01 5.108476705965676601e+00 1.359596957853202071e+01 5.108476705965676601e+00 2.596104897135403178e+01
9.507709117427447509e+00 1.145534452861350250e+00 -1.006625787292210283e+01 1.145534452861350250e+00 4.595776734803884156e-01 1.516836008212330222e+00 -1.006625787292210283e+01 1.516836008212330222e+00 -3.045711672909669332e+01
-2.457030775942947187e+01 -1.420266252899958737e+01 -1.609282988403534276e+01 -1.420266252899958737e+01 -2.280131572624327774e+01 -9.236180406396835352e+00 -1.609282988403534276e+01 -9.236180406396835352e+00 -3.823059343061778748e+01
4.851915169317405230e+01 3.973396778815217800e+00 1.106134700367207735e+01 3.973396778815217800e+00 5.610906481295551629e+01 -1.897226206178245889e+00 1.106134700367207735e+01 -1.897226206178245889e+00 -1.929743722136702866e+00
-3.797873004150162046e+01 1.283017984900856412e+01 2.203366467865076617e-01 1.283017984900856412e+01 -9.361922612388774212e+00 6.798206051439511732e+00 2.203366467865076617e-01 6.798206051439511732e+00 -4.975067240738392016e+00
-9.813877807727797276e+00 -1.079114840129901154e+01 7.971207139292808108e+00 -1.079114840129901154e+01 -1.575615240134585271e+01 1.274013933064481208e+01 7.971207139292808108e+00 1.274013933064481208e+01 -5.200270774418451225e+01
-3.917402539137163586e+01 2.001448209321513350e+00 -1.584886452902360965e+00 2.001448209321513350e+00 -3.429437489544964990e+01 1.599079879582655739e+00 -1.584886452902360965e+00 1.599079879582655739e+00 -2.320817814368140120e+01
