2.846174069638102111e+01 -1.738734521047367565e+01 3.516802004631431444e+00 -1.738734521047367565e+01 3.489496171550531045e+01 6.059019972568036039e+00 3.516802004631431444e+00 6.059019972568036039e+00 4.612512863703238963e+01
-4.831952783756062075e+01 -5.316149988576231777e+00 1.230428434417198780e+01 -5.316149988576231777e+00 -6.966363188803707374e+01 -6.953728156660520021e+00 1.230428434417198780e+01 -6.953728156660520021e+00 -1.367753623518119177e+01
-3.710161172779076755e-01 -3.358104872025768906e+00 1.404457211029084718e+00 -3.358104872025768906e+00 -3.029363677140167255e+01 -6.670042478448571011e+00 1.404457211029084718e+00 -6.670042478448571011e+00 4.795927165157014116e+00
2.967076972312655059e+01 -9.875770940424624555e+00 -4.575638685166285136e+00 -9.875770940424624555e+00 3.010509693059371727e+01 1.748915760729164548e+00 -4.575638685166285136e+00 1.748915760729164548e+00 4.301810459505022521e+01
2.321770455825655777e+00 3.331197934893287638e+00 -7.472343466629594921e+00 3.331197934893287638e+00 -1.607368119565351350e+01 2.057816379660752482e+00 -7.472343466629594921e+00 2.057816379660752482e+00 -8.783878803333786678e-01
3.647539820377691910e+01 -4.563733190884076585e+00 1.866651442596192112e+01 -4.563733190884076585e+00 3.333055780400342627e+01 -3.095216107112219284e+00 1.866651442596192112e+01 -3.095216107112219284e+00 4.043219644296200954e+01
2.677667872617540823e+01 -4.195137118807643617e+00 1.644596851189481512e+01 -4.195137118807643617e+00 7.752974673751230839e+00 -1.130868205065999810e+01 1.644596851189481512e+01 -1.130868205065999810e+01 4.329766500786314509e+01
-1.164719796072639646e+01 2.510077483973034429e+00 9.325774882036826696e+00 2.510077483973034429e+00 -5.164245138835593707e+01 1.307029739028818582e+00 9.325774882036826696e+00 1.307029739028818582e+00 -8.845457239387492621e+00
6.824579555460400515e-01 -5.525321182166618605e+00 7.098580087548348239e+00 -5.525321182166618605e+00 -2.560901161320504826e+01 2.435071083374833467e+00 7.098580087548348239e+00 2.435071083374833467e+00 8.020514223167301893e+00
-2.624068509037767072e+01 5.480761737784995979e+00 -5.323220130651303179e-03 5.480761737784995979e+00 -3.946149963483642864e+01 -6.780640676222872365e+00 -5.323220130651303179e-03 -6.780640676222872365e+00 -3.080410628408527174e+01
4.079512454433939439e+01 1.898612879965757561e+00 8.969416789414903945e+00 1.898612879965757561e+00 2.231915766272636859e+01 -4.303753136536260904e+00 8.969416789414903945e+00 -4.303753136536260904e+00 3.945625209557203306e+01
-4.137098370803243164e+00 -4.452503224041525876e+00 8.844572874126265916e+00 -4.452503224041525876e+00 -2.053667584574073146e+01 -2.266599953524409905e+00 8.844572874126265916e+00 -2.266599953524409905e+00 -4.534667388977131064e-01
4.926383690144239580e+01 -2.381072912017511978e-01 7.979999118888216891e-01 -2.381072912017511978e-01 3.003014971992695337e+01 5.434484666139539399e+00 7.979999118888216891e-01 5.434484666139539399e+00 4.792843772778882538e+01
3.087852962685741787e+01 -6.151328602516467292e+00 2.205596822362292819e+00 -6.151328602516467292e+00 2.270947994088984601e+01 -7.075064914599300536e+00 2.205596822362292819e+00 -7.075064914599300536e+00 4.266181237483360889e+01
3.886894486210597677e+01 7.844018695297110266e-01 3.915136028382536892e+01 7.844018695297110266e-01 1.883668195536535350e+01 -1.133769739896696649e+01 3.915136028382536892e+01 -1.133769739896696649e+01 3.140086414833399431e+01
3.019746331584681975e+00 -1.186512233469549749e+01 1.325088394701662686e+01 -1.186512233469549749e+01 -3.992165764657112703e+01 6.122045898114734541e+00 1.325088394701662686e+01 6.122045898114734541e+00 2.266514781378654586e+00
3.391045984646221712e+01 -2.561422677493441769e-01 7.271781703424103682e+00 -2.561422677493441769e-01 2.887922196125751384e+01 4.231792907621845679e+00 7.271781703424103682e+00 4.231792907621845679e+00 3.283383840165920731e+01
-2.364186157668085286e+01 -3.805155281943990886e+00 1.377251726342660199e+01 -3.805155281943990886e+00 -4.800597883415029798e+01 -4.443134987206827979e+00 1.377251726342660199e+01 -4.443134987206827979e+00 -4.587973463169611854e+00
2.801976548238617415e+00 -3.068519654977898803e+00 4.741335462400360079e+00 -3.068519654977898803e+00 -1.906358164655390297e+01 -9.004487083495098076e+00 4.741335462400360079e+00 -9.004487083495098076e+00 3.312167242051677452e+00
1.851350428083824218e+00 1.090546741108634343e+01 1.698683209738013034e+01 1.090546741108634343e+01 2.215125522904497402e+01 -5.656702082804854204e-01 1.698683209738013034e+01 -5.656702082804854204e-01 3.390411574776149450e+01
-1.204940387945737434e+01 -7.903711273929059367e-01 5.140379975594896678e+00 -7.903711273929059367e-01 -5.834116062348855536e+01 -6.108987570263695321e-01 5.140379975594896678e+00 -6.108987570263695321e-01 -1.736629597849510986e+01
3.761194888919696666e+01 -2.433691461645652421e+00 9.786238982823681098e+00 -2.433691461645652421e+00 4.501117509870132238e+01 1.690665178173413441e+00 9.786238982823681098e+00 1.690665178173413441e+00 2.483996393173573480e+01
-1.216022793096437304e+01 -2.950619231957395810e-02 6.998340115119119353e+00 -2.950619231957395810e-02 -1.671038062746348629e+01 -4.017003376499158618e-01 6.998340115119119353e+00 -4.017003376499158618e-01 -2.336561239224103304e+00
5.350288755107575156e+01 -5.782073398212684623e+00 2.455867704094443127e+01 -5.782073398212684623e+00 -2.560546263850070892e-01 -1.485170937102228361e+00 2.455867704094443127e+01 -1.485170937102228361e+00 4.347650654216777610e+01
1.309261678761960646e+00 1.120480906307388835e+01 -3.686311346069004458e+00 1.120480906307388835e+01 -3.955374744080460303e+00 -2.990354227980671076e-01 -3.686311346069004458e+00 -2.990354227980671076e-01 9.171512438433705228e+00
-6.531916286207738231e+00 -6.019996669503634656e+00 5.384157093507100811e+00 -6.019996669503634656e+00 -2.788770031185079290e+01 8.054278984392235774e-01 5.384157093507100811e+00 8.054278984392235774e-01 1.089141956548183465e+01
4.139642201358768858e+01 -2.359915313719843866e+00 2.003455919071302826e+00 -2.359915313719843866e+00 1.317411042313098690e+01 -1.249389163367285782e+00 2.003455919071302826e+00 -1.249389163367285782e+00 4.980212075215523981e+01
-3.757837266958176770e+01 6.994201237255139425e+00 2.438263565642353825e+01 6.994201237255139425e+00 -5.350330553023781022e+01 1.227785803860908942e+01 2.438263565642353825e+01 1.227785803860908942e+01 -2.966645790506219882e+01
4.643955179258751542e+01 -2.026536409869106881e-01 1.764839593796279260e+01 -2.026536409869106881e-01 5.797432709680080620e+01 -6.162444824970233492e-01 1.764839593796279260e+01 -6.162444824970233492e-01 6.134354998699816264e+01
7.170430839536660272e+00 1.461366328291783478e+00 1.052612339891850368e+01 1.461366328291783478e+00 -2.559194086006448288e+01 -3.481414704138698357e-01 1.052612339891850368e+01 -3.481414704138698357e-01 2.325877643441215115e-01
2.377659697684831031e+01 3.410521621353323152e+00 8.210039817309256804e+00 3.410521621353323152e+00 1.687074552601036004e+01 9.989048578932298028e+00 8.210039817309256804e+00 9.989048578932298028e+00 2.957748545105501847e+01
7.718921207982086585e+00 6.591836530043276854e-01 1.346705949081862741e+01 6.591836530043276854e-01 -2.337729586673644988e+01 -1.212784549821407154e+00 1.346705949081862741e+01 -1.212784549821407154e+00 1.515275683748900981e+01
-6.052047035379571227e+00 1.498441474152558683e+00 1.311971384420685283e+01 1.498441474152558683e+00 -3.291106647517754169e+01 1.629293270248522107e+00 1.311971384420685283e+01 1.629293270248522107e+00 -8.830442210542187809e+00
-1.804239500755186754e+01 -3.978027433363263032e+00 -1.772755896361932981e+00 -3.978027433363263032e+00 -4.405433120087892718e+01 -3.437228222941898781e-01 -1.772755896361932981e+00 -3.437228222941898781e-01 -2.819976940305337720e+01
2.778743609835309414e+01 1.721066026453320186e+00 1.401783281333135678e+00 1.721066026453320186e+00 7.531865833871924210e+00 -3.713380799795314768e+00 1.401783281333135678e+00 -3.713380799795314768e+00 1.862506336166853060e+01
-4.060541503388993334e+01 1.973528684098564767e+01 3.894061806076037247e+00 1.973528684098564767e+01 -3.063963367455735209e+01 -1.657785474721183094e+00 3.894061806076037247e+00 -1.657785474721183094e+00 -2.555891608089854472e+01
-1.199260621378369684e+01 1.996566080225119721e+00 5.874764086094208082e+00 1.996566080225119721e+00 -3.280213623464553763e+01 -1.835598451660237940e+00 5.874764086094208082e+00 -1.835598451660237940e+00 5.504833224652457835e-01
1.860706992609498656e+01 -9.364302549380486340e+00 2.012840277904335196e+01 -9.364302549380486340e+00 3.854105433571644479e+00 -3.656858630428876378e+00 2.012840277904335196e+01 -3.656858630428876378e+00 2.812611987502882727e+01
-2.763256036632762758e+01 -8.256036497279865216e+00 1.359059945552220405e+01 -8.256036497279865216e+00 -1.882341143808857353e+01 -1.018288349708691420e+01 1.359059945552220405e+01 -1.018288349708691420e+01 -3.664476633566206232e+01
3.941686003847759423e+01 1.307868707166886857e+01 2.210751910079225624e+01 1.307868707166886857e+01 -1.470403210757834422e+00 -6.573525243731573653e+00 2.210751910079225624e+01 -6.573525243731573653e+00 4.551794639696434075e+01
-6.475594964281216726e+00 -3.310656685783220698e+00 3.743609904766989072e+00 -3.310656685783220698e+00 -3.526377375527694369e+01 -4.135667057338332953e+00 3.743609904766989072e+00 -4.135667057338332953e+00 -2.601519481884493246e+01
-2.393400258482321163e+01 1.049695127459315147e+00 -3.611314399328358515e+00 1.049695127459315147e+00 -3.781561315210837648e+01 -2.147675391544458279e+01 -3.611314399328358515e+00 -2.147675391544458279e+01 -2.675852438528999855e+01
-1.680429259122112384e+01 -1.220325722233800292e+01 -1.040839708411800579e+01 -1.220325722233800292e+01 -4.565929321868338775e+01 -1.692770961153760911e+00 -1.040839708411800579e+01 -1.692770961153760911e+00 -1.280232833899642131e+01
2.940446336186296694e+00 6.949017293886119440e+00 7.762919092734219539e+00 6.949017293886119440e+00 -1.178093461509177509e+01 -1.318365841174813369e+00 7.762919092734219539e+00 -1.318365841174813369e+00 2.415995513915570214e+01
1.525084215771792984e+00 -2.368525493937945203e+00 1.737543696572882546e+00 -2.368525493937945203e+00 -1.181647838862035726e+01 2.226926705521754979e+00 1.737543696572882546e+00 2.226926705521754979e+00 4.265372334697925538e+00
1.138229416469901345e+01 -7.135014445311583131e+00 3.433592317461640953e+00 -7.135014445311583131e+00 -7.593565920410612069e-01 5.564442898926184711e+00 3.433592317461640953e+00 5.564442898926184711e+00 2.341173922666619234e+01
1.835149736088142802e+01 -2.387096408566578010e+00 4.345737053252655357e+00 -2.387096408566578010e+00 2.796520956159562488e+01 -3.670472210693335402e+00 4.345737053252655357e+00 -3.670472210693335402e+00 2.123813642966313608e+01
-1.839638955499138362e+01 4.815884965300486265e+00 1.840218010897225653e+01 4.815884965300486265e+00 -3.364220550307226887e+01 -1.359880422502789621e+01 1.840218010897225653e+01 -1.359880422502789621e+01 1.082947178367372132e+01
-6.687516384688867888e+00 -5.100079669916936176e+00 1.526609639804120810e+01 -5.100079669916936176e+00 -1.814514652710075282e+01 8.299611652362179015e+00 1.526609639804120810e+01 8.299611652362179015e+00 4.240484967926934523e+00
-1.217440721761114020e+01 -9.669708113437902597e+00 1.105547577491378597e+01 -9.669708113437902597e+00 -4.963753037302890192e+01 9.341351427237457594e-01 1.105547577491378597e+01 9.341351427237457594e-01 -1.368066982587152403e+01
1.553294924309096992e+01 7.473951619394467727e+00 9.398963384704932977e+00 7.473951619394467727e+00 -3.900037304221624979e+00 2.373097414335317012e-01 9.398963384704932977e+00 2.373097414335317012e-01 -5.258705484501587923e-01
5.361020372167599390e+01 4.726769214467846147e+00 2.020734277142351942e+01 4.726769214467846147e+00 1.518555583738716130e+01 1.302772818277289169e+01 2.020734277142351942e+01 1.302772818277289169e+01 7.262875223992466545e+01
2.819227525991205852e-01 -9.982046589874430609e+00 3.634121142545273742e+00 -9.982046589874430609e+00 -4.415858340572342655e+01 3.182598303700738818e+00 3.634121142545273742e+00 3.182598303700738818e+00 -3.408600226657520693e+01
-5.836619844102166610e+00 5.307084766196554781e+00 -8.359506705367335533e-01 5.307084766196554781e+00 -2.179718046605556481e+01 -8.120534393542831353e+00 -8.359506705367335533e-01 -8.120534393542831353e+00 -4.347742642978740690e+00
-2.354327379563724065e+01 1.092992631933049186e+00 7.143374244427350916e+00 1.092992631933049186e+00 -4.539018436262866629e+01 5.959056628997133842e+00 7.143374244427350916e+00 5.959056628997133842e+00 4.998421398209127453e+00
5.281801765119151781e+01 -9.911093890981931054e+00 9.543027984892450633e+00 -9.911093890981931054e+00 3.403030902015692760e+01 -7.334535736220802349e+00 9.543027984892450633e+00 -7.334535736220802349e+00 6.844988580391790833e+01
2.178563568667600947e+01 -1.897528772110303130e+00 9.176491321564700598e+00 -1.897528772110303130e+00 -1.763273200279776631e+01 -9.226796091352381879e+00 9.176491321564700598e+00 -9.226796091352381879e+00 8.652228005126371357e+00
-1.090823935537503964e+01 4.944201135882010156e+00 7.228307311228030940e+00 4.944201135882010156e+00 -3.342074168559761915e+01 -3.861744598297599751e+00 7.228307311228030940e+00 -3.861744598297599751e+00 -5.303133185902058067e+00
-2.423419166024503824e+01 3.741161752299674847e-01 -1.613519235455356693e+00 3.741161752299674847e-01 -2.680629049537271058e+01 4.789267123536877335e+00 -1.613519235455356693e+00 4.789267123536877335e+00 -1.033029721151508973e+01
3.299744269220229853e+01 8.552389824342132130e+00 1.130586426111857001e+01 8.552389824342132130e+00 3.508172855815914915e+01 6.070354817197828545e+00 1.130586426111857001e+01 6.070354817197828545e+00 3.742767503736966006e+01
-2.437510336314745985e+01 5.432196565405248201e+00 9.350738420833453191e+00 5.432196565405248201e+00 -5.741156842320131659e+01 -1.950986197951537937e+00 9.350738420833453191e+00 -1.950986197951537937e+00 -1.793444769149889240e+01
1.866240785648782108e+01 -4.384628752037024846e+00 6.070107612620791571e+00 -4.384628752037024846e+00 6.636225537199310409e+00 -6.344284740421466395e+00 6.070107612620791571e+00 -6.344284740421466395e+00 4.138241881620920282e+01
2.607560186325443041e+01 -3.253759802993582806e+00 6.227361440435457141e-01 -3.253759802993582806e+00 2.264620888595195325e+01 2.439475729746972910e+00 6.227361440435457141e-01 2.439475729746972910e+00 4.544743695266877381e+01
3.465906852616326717e+01 -1.761446675546014262e+01 7.297135987141463609e+00 -1.761446675546014262e+01 3.186469807012385402e+01 -5.864233178332264096e+00 7.297135987141463609e+00 -5.864233178332264096e+00 4.746535108518732216e+01
-2.272933773324032458e+01 -1.231920037988124550e+00 -5.194514642266260473e+00 -1.231920037988124550e+00 -4.133174371031868333e+01 6.007449904798431106e+00 -5.194514642266260473e+00 6.007449904798431106e+00 -2.072185944910910393e+01
-8.014348058213622394e+00 -5.962372615313216606e+00 1.374204441264253340e+00 -5.962372615313216606e+00 -1.604404976226192403e+01 -7.983329017390257132e-01 1.374204441264253340e+00 -7.983329017390257132e-01 8.552597143017043990e+00
6.118059964698431052e+00 1.178084824007659925e+01 -4.332424603205307534e+00 1.178084824007659925e+01 4.366247286820830631e+00 -1.223256115742543892e+00 -4.332424603205307534e+00 -1.223256115742543892e+00 5.356561687191812915e+00
2.811798499434928544e+01 1.257442566877029932e+00 1.709671483225617195e+01 1.257442566877029932e+00 1.209796147194923499e+01 -7.721898920319967274e+00 1.709671483225617195e+01 -7.721898920319967274e+00 4.155540632445872973e+01
-3.205185307533383376e+00 -3.512355686658860776e+00 2.140776318969342640e+01 -3.512355686658860776e+00 -6.345389535447590390e+01 1.089194676967969677e+01 2.140776318969342640e+01 1.089194676967969677e+01 1.804802505621362352e+00
1.221566774967356750e+01 8.375386494946177152e+00 4.675763572691694847e+00 8.375386494946177152e+00 -1.694222278416122762e+01 -1.644720677399021369e+01 4.675763572691694847e+00 -1.644720677399021369e+01 1.225650239142215092e+01
2.936868531625220324e+00 4.271068168423312189e-02 1.012052079865093290e+01 4.271068168423312189e-02 -3.278159983319026338e+01 7.223230190195565115e+00 1.012052079865093290e+01 7.223230190195565115e+00 1.626457122600625027e+00
5.624808251294084016e+01 -6.242285576596018792e+00 1.367968994562086493e+01 -6.242285576596018792e+00 1.085856446178680912e+01 -3.785740989135212953e+00 1.367968994562086493e+01 -3.785740989135212953e+00 5.307025376623907675e+01
1.913053538015797272e+01 -6.798746573268474869e-01 9.611347116277665137e+00 -6.798746573268474869e-01 -2.636710179117342889e+01 -3.669959337832395807e-02 9.611347116277665137e+00 -3.669959337832395807e-02 1.913672331317867048e+01
4.672315597060901382e+01 -4.700081845849322093e+00 1.059622856344814146e+01 -4.700081845849322093e+00 9.318353946689738265e+00 7.066427831382016134e-01 1.059622856344814146e+01 7.066427831382016134e-01 4.535484620938966316e+01
-2.919576400371901315e+01 6.429095732701606281e+00 -7.498413835262118798e-01 6.429095732701606281e+00 -3.421429239585467741e+01 -1.999578760169679370e+01 -7.498413835262118798e-01 -1.999578760169679370e+01 -1.918511868483434668e+01
4.748789518888315797e+01 -3.567416259037370807e+00 1.353200259242268189e+01 -3.567416259037370807e+00 3.127336934450189787e+01 3.045134251597390929e+00 1.353200259242268189e+01 3.045134251597390929e+00 5.097438565787720677e+01
1.387501856473971174e+01 -2.943544780128015681e+00 -3.439500360349588615e+00 -2.943544780128015681e+00 -6.371630447121114926e+00 1.746210980909289745e+01 -3.439500360349588615e+00 1.746210980909289745e+01 9.869400798379912132e+00
1.157486067774671490e+01 1.103075816608069459e+01 6.649431644914857387e+00 1.103075816608069459e+01 -2.120092417110253180e+01 1.063261000284665059e+01 6.649431644914857387e+00 1.063261000284665059e+01 2.124343577458405186e+00
-1.318502181030101816e+01 9.523896200894933273e+00 2.743633303229774612e+00 9.523896200894933273e+00 -3.701286841288929708e+01 -1.503079505054330189e+00 2.743633303229774612e+00 -1.503079505054330189e+00 8.458196849198591494e+00
3.918505108221811639e+01 -5.838100302248855122e+00 2.457778090997726395e+01 -5.838100302248855122e+00 2.194601283986385809e+01 -5.433765854925467487e+00 2.457778090997726395e+01 -5.433765854925467487e+00 4.488378128338624862e+01
-2.677171554504075246e+01 1.669042733842650561e+00 1.003324373206120690e+01 1.669042733842650561e+00 -5.239663898735649639e+01 7.969423088463148730e+00 1.003324373206120690e+01 7.969423088463148730e+00 -7.861231276763430031e+00
1.998388575578583826e+01 3.607934415943321316e+00 5.910622625791361884e+00 3.607934415943321316e+00 2.045890771810590891e+01 -6.913490052227965421e+00 5.910622625791361884e+00 -6.913490052227965421e+00 2.211040354994826274e+01
-1.078801549360286494e+01 9.687708141236786030e-01 5.740684373807936058e-01 9.687708141236786030e-01 -2.555517181868085785e+01 2.941997276251379301e+00 5.740684373807936058e-01 2.941997276251379301e+00 -9.158707772399933944e+00
6.021544959926835361e+00 -3.056932819168727833e-01 1.340854960137060914e+01 -3.056932819168727833e-01 2.038977566307027089e+00 7.802257349782275142e+00 1.340854960137060914e+01 7.802257349782275142e+00 3.293290420022992038e+01
-3.088159075225652472e+00 -4.778179595102707289e+00 6.656202549925948730e+00 -4.778179595102707289e+00 -2.809472019636083573e+01 -7.055445041140274931e+00 6.656202549925948730e+00 -7.055445041140274931e+00 -5.501462173985286697e+00
1.606465404397830099e+01 -1.920404376540473379e+01 1.936729701331852382e+01 -1.920404376540473379e+01 9.744357018270907167e-01 8.829500097909759759e+00 1.936729701331852382e+01 8.829500097909759759e+00 2.333852297311684865e+01
-1.452826922244974117e+00 -8.576173767345560250e+00 1.406759375912579557e+01 -8.576173767345560250e+00 -8.346446009500095187e+00 1.076547145709233355e+01 1.406759375912579557e+01 1.076547145709233355e+01 4.627486481407611763e+00
2.676634432599750824e+01 3.459087427948758897e+00 1.927807470315355332e+01 3.459087427948758897e+00 4.091952257053549147e+00 4.437844128147716560e+00 1.927807470315355332e+01 4.437844128147716560e+00 1.171662591236619377e+01
-1.478940238846557698e+01 4.736169946719523516e+00 2.247380652622077424e+00 4.736169946719523516e+00 -2.436060155767777147e+01 8.919057825190481736e+00 2.247380652622077424e+00 8.919057825190481736e+00 -6.084749223316395117e+00
4.772828165450921034e+00 1.167569343091045653e+01 5.490308520711190354e+00 1.167569343091045653e+01 -2.410598434228093012e+01 -3.231993083475641626e+00 5.490308520711190354e+00 -3.231993083475641626e+00 5.632466247705886886e+00
-2.259858580094539704e+01 9.132787350703353013e+00 1.801098355855220490e+01 9.132787350703353013e+00 -5.498779260736575480e+01 -1.714551795882885088e+00 1.801098355855220490e+01 -1.714551795882885088e+00 -4.189637947264971629e+00
1.649895897263965461e+00 9.115394766655940395e-02 5.938577617234557238e+00 9.115394766655940395e-02 -1.872549240351246524e+01 3.748078583462739921e+00 5.938577617234557238e+00 3.748078583462739921e+00 1.253110689185794691e+01
-1.137723871296495659e+01 -8.285304835158507686e+00 4.116601781312206221e+00 -8.285304835158507686e+00 -3.613694588170043431e+01 6.168800688888858907e+00 4.116601781312206221e+00 6.168800688888858907e+00 -6.495895612953027864e+00
-2.771477277426664187e+01 4.490040129766200927e+00 1.142647952270670331e+01 4.490040129766200927e+00 -4.043648718565148670e+01 6.484492263910396126e+00 1.142647952270670331e+01 6.484492263910396126e+00 -2.578624761227673190e+01
9.653366562230700776e-01 -1.042688687953959281e+01 4.571146850137762563e+00 -1.042688687953959281e+01 -4.484623359736415438e+01 2.160996060101105343e+00 4.571146850137762563e+00 2.160996060101105343e+00 -2.661457107496428520e+01
-8.883709713876568159e+00 -1.517466716307275121e+01 -3.108296426184669947e+00 -1.517466716307275121e+01 -1.748366641045270242e+01 1.050103968270089538e+01 -3.108296426184669947e+00 1.050103968270089538e+01 1.347734969156467955e+01
2.693011854086268642e+01 7.849302694011581316e+00 3.844825336125476944e+00 7.849302694011581316e+00 2.973207834160238505e+01 1.503320052237920423e+00 3.844825336125476944e+00 1.503320052237920423e+00 4.185583420685163247e+01
-1.466299487736028695e+01 -2.121339596876011591e+00 5.456235386221700345e+00 -2.121339596876011591e+00 -1.970509178547699136e+01 -3.773816441888484086e+00 5.456235386221700345e+00 -3.773816441888484086e+00 -1.457244909691437584e+01
-4.295650957040102469e+00 -9.383502052266873505e+00 1.247855709241288835e+01 -9.383502052266873505e+00 -9.649559362051931544e+00 3.366408631629247972e-01 1.247855709241288835e+01 3.366408631629247972e-01 1.035959167807177650e+01
5.724906716050501387e+01 -7.480861309700411077e+00 -1.388219548592652730e+00 -7.480861309700411077e+00 4.139030115083853190e+01 1.921488246772633746e+00 -1.388219548592652730e+00 1.921488246772633746e+00 7.913951831459779385e+01
