-3.437436741538100193e-01 7.507934922423464386e+00 -1.037264523226178170e+01 7.507934922423464386e+00 -2.144995912199632038e+00 -5.065452175266424106e+00 -1.037264523226178170e+01 -5.065452175266424106e+00 -1.680213854376563276e+01
2.259542548977324472e+01 -6.757442138986624158e+00 3.468496363161040819e+00 -6.757442138986624158e+00 1.410142369075746238e+01 6.122186034522019149e+00 3.468496363161040819e+00 6.122186034522019149e+00 -1.400951256290011138e+01
-3.969153149749304532e+01 1.018431847497803311e+01 -1.595324374507939247e+01 1.018431847497803311e+01 -2.106669386027223467e+01 2.028973332113230832e+00 -1.595324374507939247e+01 2.028973332113230832e+00 -3.566021844746087299e-01
1.152789287254768880e+01 -1.697221319280307483e+01 -2.188836467000883523e+00 -1.697221319280307483e+01 1.545158324249802106e+01 1.617708119857286020e+00 -2.188836467000883523e+00 1.617708119857286020e+00 -2.233257479997027772e+01
6.455821663199378335e+00 -1.168706758245187594e+01 1.586860385529745088e+01 -1.168706758245187594e+01 2.688722699578838871e+01 -8.826002236178940308e+00 1.586860385529745088e+01 -8.826002236178940308e+00 1.900003218425107221e+01
-3.284197065848097452e+01 1.430990985793797954e+01 2.225769104612620009e+00 1.430990985793797954e+01 -1.067234670056656398e+01 4.216840950869201521e+00 2.225769104612620009e+00 4.216840950869201521e+00 1.182304670912879629e+01
2.138068477847259619e+00 -1.011077481786501142e+00 -1.078603390482970248e+01 -1.011077481786501142e+00 -1.182724979841775603e+00 4.939122142645665292e+00 -1.078603390482970248e+01 4.939122142645665292e+00 -1.311669783569437797e+01
3.019192361831349203e+01 -2.309465674646089539e+01 3.808984558259113751e+00 -2.309465674646089539e+01 2.291958879071843924e+01 5.397394462272900206e+00 3.808984558259113751e+00 5.397394462272900206e+00 -2.243449161252818058e+01
1.854975498478837892e+01 -2.766579967487571956e+00 3.143441536462577623e+00 -2.766579967487571956e+00 1.549224695915345684e+01 -4.843155929907773327e+00 3.143441536462577623e+00 -4.843155929907773327e+00 1.930472266318952634e+01
-3.780657056356822920e+01 3.644563129177621263e+00 1.131894521349261318e+01 3.644563129177621263e+00 -2.433774217239345106e+01 5.051306306883786235e+00 1.131894521349261318e+01 5.051306306883786235e+00 -3.181367102287087434e+01
-4.030336756794159925e+00 -9.610242270651392360e+00 -4.259849921387970917e-01 -9.610242270651392360e+00 9.246293794690190637e+00 4.851672525090622301e+00 -4.259849921387970917e-01 4.851672525090622301e+00 6.076142780119763387e+00
-5.333123268687712581e+00 -2.178048797782874857e+01 8.414052583123265094e+00 -2.178048797782874857e+01 -6.343084388065531698e+01 -1.368379711056461279e+00 8.414052583123265094e+00 -1.368379711056461279e+00 7.399627090660076512e+00
-1.764278317979010424e+01 -1.311945548182860044e+01 -4.068497599812515575e-01 -1.311945548182860044e+01 -3.155628314814760671e+01 -3.857595971223393594e+00 -4.068497599812515575e-01 -3.857595971223393594e+00 -4.632929359294593041e+01
2.736881760818775078e+01 -1.000794492960176285e+01 -3.152642896820225804e+00 -1.000794492960176285e+01 5.068856814537568312e+00 1.211799395282475489e+00 -3.152642896820225804e+00 1.211799395282475489e+00 -4.344431808395020767e+01
-5.144804232016906731e+00 9.035583109087069076e+00 1.169647384971606563e+01 9.035583109087069076e+00 -5.321810501057818499e+00 1.178229265275258264e+01 1.169647384971606563e+01 1.178229265275258264e+01 -1.878048993038001413e+01
3.363808165610880252e+01 4.288272829696567534e+00 -2.704726474478931220e+00 4.288272829696567534e+00 2.997637307906589754e+01 -6.647533836263460616e-01 -2.704726474478931220e+00 -6.647533836263460616e-01 4.725540036560411039e+01
9.647740679136185804e+01 -2.295604969273604823e+01 2.349365134650488240e+00 -2.295604969273604823e+01 5.206610313249304056e+01 1.345519019057587329e+01 2.349365134650488240e+00 1.345519019057587329e+01 1.107054428063420204e+01
8.113063972656085809e+00 6.394319360194814728e+00 -6.821570268909218804e+00 6.394319360194814728e+00 -1.157159807083429115e+01 4.830158246794552745e+00 -6.821570268909218804e+00 4.830158246794552745e+00 -4.712177561487222732e+01
5.243795402106925962e+00 -4.492160821829933148e+00 2.748221109455275091e+00 -4.492160821829933148e+00 -5.356295477252905890e+00 -3.587509379566677481e+00 2.748221109455275091e+00 -3.587509379566677481e+00 -1.536848093598023013e+01
3.180968864171681787e+01 8.194126936898993296e-02 -3.748468572803452137e+00 8.194126936898993296e-02 3.759401398108894909e+01 1.284805019759123867e+00 -3.748468572803452137e+00 1.284805019759123867e+00 3.594504995098846223e+01
-1.455096194338619853e+01 -2.123030788477748398e+00 -2.417438953194978257e+00 -2.123030788477748398e+00 -1.255101390125202165e+01 6.522064516573903070e+00 -2.417438953194978257e+00 6.522064516573903070e+00 -4.464842695084512769e+01
-7.056011698571516000e+00 3.086140659316561230e+00 5.628330947838153797e-01 3.086140659316561230e+00 -2.242221719196839658e+01 -1.113485451641183843e+01 5.628330947838153797e-01 -1.113485451641183843e+01 -1.253847033291614999e+01
-7.285162980848092218e+00 1.013659334777141474e+01 -5.920793464046377963e+00 1.013659334777141474e+01 -3.004036378423793607e+01 2.020682599482075403e+00 -5.920793464046377963e+00 2.020682599482075403e+00 -8.776036731866932783e+00
-7.099659901592052513e+00 3.149321589565212243e+00 -2.777576772184124465e+00 3.149321589565212243e+00 -1.281240204833352969e+01 -5.138817295917030847e+00 -2.777576772184124465e+00 -5.138817295917030847e+00 -3.202659429661496659e+01
4.075963971254903839e+01 -2.022653654850273952e+01 -2.250599067865574288e+00 -2.022653654850273952e+01 4.851518928972044620e+00 -1.681545702359627370e+01 -2.250599067865574288e+00 -1.681545702359627370e+01 1.707245571166088549e+00
1.355479462614963104e+01 5.500623399000271974e+00 -2.262438061528204614e+01 5.500623399000271974e+00 7.561295328428385254e+00 3.822698953871924044e+00 -2.262438061528204614e+01 3.822698953871924044e+00 -1.011420821178040974e+01
-1.195479596884211659e+01 -3.821464568961977726e+00 -1.644775390459815911e+00 -3.821464568961977726e+00 -1.954357963795802888e+01 -4.111549262537878668e+00 -1.644775390459815911e+00 -4.111549262537878668e+00 -2.355234895207148682e+01
-1.974747019212138355e+01 1.786080699403849836e+00 -1.449773665035467340e+00 1.786080699403849836e+00 -1.780248992318525580e+01 9.754761666471942760e-01 -1.449773665035467340e+00 9.754761666471942760e-01 -2.826059977301187587e+01
-4.771717592574542088e+00 -6.662063714561525796e-01 4.028559530346212725e+00 -6.662063714561525796e-01 -3.459363124179312354e+00 -1.640374162492428622e+00 4.028559530346212725e+00 -1.640374162492428622e+00 -2.543225138400279084e-01
-4.330833413319300007e+01 1.478206874486553879e+01 5.564261575395370585e+00 1.478206874486553879e+01 -3.585414513062698916e+01 -1.081402276874594648e+01 5.564261575395370585e+00 -1.081402276874594648e+01 -2.335415796706647384e+01
-7.120907461648643277e+01 -3.064142197510920429e+00 -2.172051967142754059e+00 -3.064142197510920429e+00 -2.205364130881307716e+01 1.815283300942557787e+01 -2.172051967142754059e+00 1.815283300942557787e+01 3.207733243568492298e+01
-6.474076301753703966e-01 4.165227787530028536e+00 5.028091131937860503e+00 4.165227787530028536e+00 -1.444849474333335659e-01 5.443769279679322004e+00 5.028091131937860503e+00 5.443769279679322004e+00 -9.004093010481138970e-01
2.513807549434148569e+01 -3.158620298442465835e+00 4.943309130838494103e-01 -3.158620298442465835e+00 2.236420358704553024e+01 -4.250816824718422815e+00 4.943309130838494103e-01 -4.250816824718422815e+00 2.148076049535175258e+01
5.354932228049860754e+01 -1.300941091474684086e+01 1.444755112979165190e+01 -1.300941091474684086e+01 6.481307698139789863e+01 -1.424507803552877938e+01 1.444755112979165190e+01 -1.424507803552877938e+01 -4.336442393953865881e+00
-5.238220080027502945e+00 -7.131540316504523247e+00 1.002973873259246318e+01 -7.131540316504523247e+00 -8.125661983073106498e+00 5.723619906934721335e+00 1.002973873259246318e+01 5.723619906934721335e+00 -2.211789556581562621e+01
-1.924653976120652388e+01 -6.153670034636258279e+00 1.105408580230769466e+01 -6.153670034636258279e+00 -6.469772593709070208e+00 1.307008367717978103e+01 1.105408580230769466e+01 1.307008367717978103e+01 2.592071155080364520e+01
5.232628541348569584e+00 -2.147544492653463699e+00 1.262081852094213374e+01 -2.147544492653463699e+00 5.178199157721098622e+00 2.083512774366707454e+00 1.262081852094213374e+01 2.083512774366707454e+00 -2.731778364171782414e+01
-2.317720260604581473e+00 3.617648318222455028e+00 1.118993862820289342e+00 3.617648318222455028e+00 6.336206661897026970e-01 -1.525440746074724352e+00 1.118993862820289342e+00 -1.525440746074724352e+00 -2.379227322552884871e+01
1.590765131134977040e+01 -1.845302238403361716e+00 -2.843328564797495961e+00 -1.845302238403361716e+00 6.961765633288463206e+00 9.896708010982661063e-01 -2.843328564797495961e+00 9.896708010982661063e-01 5.850163555942089033e+00
1.834009995492105816e+01 6.482270197565397574e+00 6.631323486931674616e+00 6.482270197565397574e+00 2.276722146639335520e+01 6.517140244034661301e+00 6.631323486931674616e+00 6.517140244034661301e+00 1.551279576372407831e+01
1.493417029437673849e+00 -2.462686686787258328e+00 1.575910813594638027e+00 -2.462686686787258328e+00 -3.048604076825182307e+00 2.342751375564246619e+00 1.575910813594638027e+00 2.342751375564246619e+00 -1.215683195152107920e+01
-6.348642488738854617e+00 -1.101091184383875266e-01 -7.018126736435476687e+00 -1.101091184383875266e-01 -5.310220483718556927e+00 -8.426116202198131733e-01 -7.018126736435476687e+00 -8.426116202198131733e-01 -9.126387471386383510e+00
-6.531074328197546208e+01 -1.627753925958192793e+00 -4.555900134028888715e+00 -1.627753925958192793e+00 -3.713502147248472340e+01 -5.084719803137867977e+00 -4.555900134028888715e+00 -5.084719803137867977e+00 -2.897692735021576027e+01
9.666189597397130129e+00 6.562338423668271581e+00 -2.711066015180133348e+01 6.562338423668271581e+00 -9.308839281428546997e+00 -8.035654316671129394e+00 -2.711066015180133348e+01 -8.035654316671129394e+00 -4.970964902233640004e+01
2.542776522913158743e+01 -1.952156849466275546e+00 8.554057463785195381e+00 -1.952156849466275546e+00 2.193490805701295088e+01 -1.536703450515110259e+00 8.554057463785195381e+00 -1.536703450515110259e+00 1.818499030978501452e+01
1.066236795634179169e+00 4.251193963065262316e-01 -8.111494359790983211e+00 4.251193963065262316e-01 2.174129714259932289e+00 3.462181605246356320e+00 -8.111494359790983211e+00 3.462181605246356320e+00 -1.533964513477196689e+01
4.629107265179302999e+01 -9.436448731623670039e-01 1.840848128836687891e+01 -9.436448731623670039e-01 4.236805961016243316e+01 -1.875486645098518368e+00 1.840848128836687891e+01 -1.875486645098518368e+00 4.776531417769371046e+01
3.546991151076438342e+01 -3.478178879118029587e-01 8.264022826640216479e+00 -3.478178879118029587e-01 3.092234943085324517e+01 3.841158494242442156e+00 8.264022826640216479e+00 3.841158494242442156e+00 6.908607810547689354e+00
3.879905202474767378e+01 1.144670088737751712e+01 5.474255793812188298e-01 1.144670088737751712e+01 3.826896643859669211e+01 -1.033005182907929420e+00 5.474255793812188298e-01 -1.033005182907929420e+00 3.646991224441966040e+01
-6.392145073544155309e+01 5.664888197005413240e+00 -1.132827772651601617e+00 5.664888197005413240e+00 -5.267703844193508189e+01 1.829673688385668484e+01 -1.132827772651601617e+00 1.829673688385668484e+01 1.099471930219625193e+01
1.206771218553772584e+01 8.453132498650774096e+00 9.142192537471926173e+00 8.453132498650774096e+00 2.675487046372556321e+01 1.046209845101751412e+01 9.142192537471926173e+00 1.046209845101751412e+01 -5.309027921553815865e+00
3.295715082144795360e+01 -2.342179181590723136e+00 -8.891313094407334860e-01 -2.342179181590723136e+00 2.801781719131858139e+01 -3.009123015923051536e+00 -8.891313094407334860e-01 -3.009123015923051536e+00 1.732287443336373300e+01
-4.320988994350513934e+01 -2.440502189728922744e+00 1.495140074181895207e+00 -2.440502189728922744e+00 -3.316857666576171937e+01 1.642703414443873910e+01 1.495140074181895207e+00 1.642703414443873910e+01 1.179389473906012453e+00
-2.772096062584884280e+01 -2.340870151033063618e+00 -6.020544040894480808e+00 -2.340870151033063618e+00 -1.473673479676599563e+01 -2.658312251092987299e+00 -6.020544040894480808e+00 -2.658312251092987299e+00 4.166111913358226815e+01
-1.551387246749399473e+01 -4.425613784629792158e-01 -3.215316973381761034e+00 -4.425613784629792158e-01 -1.393744864008923834e+01 -9.374026882660020377e+00 -3.215316973381761034e+00 -9.374026882660020377e+00 -3.165916590789668916e+01
-6.041266007819590556e+01 2.323495274919505249e+00 7.344841254967787947e+00 2.323495274919505249e+00 -2.664527887857968125e+01 -6.484907008006439710e+00 7.344841254967787947e+00 -6.484907008006439710e+00 2.758891346216410057e+01
2.171166658265984850e+01 4.074250965447623329e+00 -2.373624841855576761e+00 4.074250965447623329e+00 1.381766483308962101e+01 3.831666903813973679e+00 -2.373624841855576761e+00 3.831666903813973679e+00 7.809609693561569088e+00
-7.085554169001214930e+00 -6.413067408634816058e-01 -8.277767016121048371e+00 -6.413067408634816058e-01 -3.898588309190613277e+00 5.093770681977389803e-01 -8.277767016121048371e+00 5.093770681977389803e-01 1.845999721352226075e+01
4.298992811163723360e+01 -7.494842909800388142e+00 1.399506334740741131e+01 -7.494842909800388142e+00 2.260478957956338064e+01 -9.575234485455142774e+00 1.399506334740741131e+01 -9.575234485455142774e+00 -1.632323038497970202e+01
-5.128559673673459685e+01 -2.532085362283086116e+00 1.900362783563283742e+01 -2.532085362283086116e+00 -3.952058215748103009e+01 -4.743696630300308636e-01 1.900362783563283742e+01 -4.743696630300308636e-01 1.418309625864384360e+00
-2.355277920205164577e+00 8.524302308594502442e-01 -4.540606660447069842e+00 8.524302308594502442e-01 6.787317553512438373e+00 6.069892987202737400e-01 -4.540606660447069842e+00 6.069892987202737400e-01 2.903211935976065305e+00
6.134890411903165841e+01 -8.240277785698520319e+00 1.182249959708355469e+01 -8.240277785698520319e+00 4.821363770454021136e+01 -9.319304603772799567e+00 1.182249959708355469e+01 -9.319304603772799567e+00 1.691898101406466293e-01
-4.746850576100985108e+01 -1.081899780551037793e+01 3.235701612694223073e+00 -1.081899780551037793e+01 -1.864715993415180861e+01 6.730002507688150892e+00 3.235701612694223073e+00 6.730002507688150892e+00 2.131449245964565975e+01
1.004411698632641325e+01 -1.932466262327839024e+00 -2.493256465173750414e+01 -1.932466262327839024e+00 -2.509360932392656895e+00 6.000779549364890109e+00 -2.493256465173750414e+01 6.000779549364890109e+00 -2.894051847102634412e+01
1.269656439179945373e+01 -2.900010912419363485e-01 -4.776795568218404675e+00 -2.900010912419363485e-01 1.013739085691471331e+01 -2.570499408304549593e+00 -4.776795568218404675e+00 -2.570499408304549593e+00 1.163709133580200472e+01
1.620715752229006057e+01 -8.679572244664489622e-01 -2.690953948055194278e+00 -8.679572244664489622e-01 5.501735150916450046e+00 1.402289649119771442e-01 -2.690953948055194278e+00 1.402289649119771442e-01 3.683985157918741038e+00
-4.336151951307199326e+00 -3.149902482751229638e+00 -1.067952131593993714e+00 -3.149902482751229638e+00 8.300245694518841866e-01 1.142528630440087767e+01 -1.067952131593993714e+00 1.142528630440087767e+01 -2.096076861709352102e+01
-2.443390660045206886e+01 1.309129680840971810e+00 -3.387972235776581797e-01 1.309129680840971810e+00 -5.270650029660774294e+01 6.006201824211292006e+00 -3.387972235776581797e-01 6.006201824211292006e+00 -9.426018780897254601e+01
-6.210042029939790709e+00 3.130189583879748216e+00 7.650690498502185299e+00 3.130189583879748216e+00 2.034547685696662445e+00 1.759013711972278404e+00 7.650690498502185299e+00 1.759013711972278404e+00 -7.581612947538533653e+00
6.484416357190194269e+00 -1.834144256758572511e-01 8.076346280389635757e-01 -1.834144256758572511e-01 4.772571019588312424e+00 -4.669835853129591374e-01 8.076346280389635757e-01 -4.669835853129591374e-01 2.948225615708312652e+00
1.252179133537988598e+01 -8.579892990279043730e+00 -8.372175301872839537e-01 -8.579892990279043730e+00 1.448648656071084773e+01 8.499757200399345791e+00 -8.372175301872839537e-01 8.499757200399345791e+00 -1.065309540321097037e+00
-3.862734119881542227e+01 1.912112095997438388e+01 6.286077108398993474e+00 1.912112095997438388e+01 -4.966808769867294870e+01 -4.145825696251492332e+00 6.286077108398993474e+00 -4.145825696251492332e+00 -2.239089364840782181e+01
4.002267086284914654e+01 -4.395401832546253829e+00 2.304979749367839670e+00 -4.395401832546253829e+00 2.841800033296733119e+01 5.794147368719174018e+00 2.304979749367839670e+00 5.794147368719174018e+00 2.488723097619527991e+01
5.410172222983987211e+01 1.335517928391647935e+01 3.203084164702956826e+01 1.335517928391647935e+01 3.416891399335921164e+01 -6.322851785248995604e+00 3.203084164702956826e+01 -6.322851785248995604e+00 6.468882600661359561e+00
9.028907470460417528e+00 1.449062732901139405e+00 -6.456377715676782536e+00 1.449062732901139405e+00 1.271408492321677208e+01 2.756061283569060993e+00 -6.456377715676782536e+00 2.756061283569060993e+00 6.903091989941619211e+00
-4.712321550487075683e+01 -5.629582163901746483e+00 -8.066602458771990669e+00 -5.629582163901746483e+00 -6.903857444934476462e+01 1.066148555594762293e+01 -8.066602458771990669e+00 1.066148555594762293e+01 -5.728311698094096016e+01
-4.004457548082092977e+00 3.857752159329186803e+00 -3.596220184552057386e+00 3.857752159329186803e+00 -6.693803389772796208e+00 -3.342440850198329372e+00 -3.596220184552057386e+00 -3.342440850198329372e+00 -8.291824942726130132e+00
9.368117908691147022e+00 -7.871907608037510329e+00 5.825112119199725491e+00 -7.871907608037510329e+00 1.256098646328688240e+01 -6.595951858120089994e+00 5.825112119199725491e+00 -6.595951858120089994e+00 -1.653250273319175845e+00
-2.451693823556279739e+00 6.370315863692651348e+00 -3.439359557388972810e+00 6.370315863692651348e+00 -2.513073723607879728e+00 7.392026884192720360e+00 -3.439359557388972810e+00 7.392026884192720360e+00 -4.935362463467190963e+01
1.129000712773834536e+01 -1.024447238419750228e+01 2.839602819922152355e-01 -1.024447238419750228e+01 7.433663003712573492e+00 2.114962207625419754e+00 2.839602819922152355e-01 2.114962207625419754e+00 -1.274278200207520584e+01
4.506270598277885675e+00 9.241423484163215463e+00 1.015025775009075382e+01 9.241423484163215463e+00 9.170691216552365077e+00 6.571553793251637465e+00 1.015025775009075382e+01 6.571553793251637465e+00 -6.280845799060438850e+01
6.188898828562215293e+00 6.557287527833842722e-01 -3.639223088466896350e-01 6.557287527833842722e-01 -3.885521371427532955e+00 -1.587046050125101804e+00 -3.639223088466896350e-01 -1.587046050125101804e+00 -1.195182247886783777e+01
3.830101868805931531e+01 9.344738722912850903e+00 -3.713737261172189164e-01 9.344738722912850903e+00 3.025412146949327763e+01 -5.090949925850559943e+00 -3.713737261172189164e-01 -5.090949925850559943e+00 3.203870245267788164e+01
1.039770262271492030e+01 -1.032445270642765500e+01 -6.626712202865709500e+00 -1.032445270642765500e+01 3.692041769403028528e+00 -3.155383637380122508e+00 -6.626712202865709500e+00 -3.155383637380122508e+00 2.050157195250213782e+00
2.343701886841374460e+01 -3.581381921577754213e+01 -3.590744154540383093e+00 -3.581381921577754213e+01 -1.261775962137346951e+01 6.939067214013611817e+00 -3.590744154540383093e+00 6.939067214013611817e+00 -6.621858622735264532e+01
-2.905020721173188036e+01 2.889335795326601541e+01 -6.024273530617103134e+00 2.889335795326601541e+01 -1.743204245722085943e+01 -6.712073932106267016e+00 -6.024273530617103134e+00 -6.712073932106267016e+00 9.659447943012457571e+00
4.852994672226475359e+01 3.476593460176122363e+00 -1.699006984337932957e-01 3.476593460176122363e+00 5.437421605546798276e+01 -1.446803374565498324e+01 -1.699006984337932957e-01 -1.446803374565498324e+01 4.986432504708317737e+01
-2.183219786854306932e+01 1.076033667794447979e+00 4.983512289945121410e+00 1.076033667794447979e+00 -3.128411882041659453e+01 -6.191199320607653434e+00 4.983512289945121410e+00 -6.191199320607653434e+00 -4.426484378353730875e+01
5.972187042379683675e+01 -1.001417159349640862e+01 9.481687252792212917e+00 -1.001417159349640862e+01 6.909872878212344460e+01 -5.161164367392179902e-02 9.481687252792212917e+00 -5.161164367392179902e-02 6.139844935701049877e+01
6.983692808204928326e+00 -3.087708059387492376e+00 -7.220197271644233972e+00 -3.087708059387492376e+00 -3.234550355449182035e+01 3.103785974712998108e+00 -7.220197271644233972e+00 3.103785974712998108e+00 3.812856187066674951e-01
3.135179443326509130e+01 -6.670217235560593316e+00 5.403912982144309929e+00 -6.670217235560593316e+00 2.536481886304645528e+01 -2.314549140307165853e+00 5.403912982144309929e+00 -2.314549140307165853e+00 3.147830720305279328e+01
8.559885305209970596e+00 -2.450326211625689421e+00 2.251781126212218265e+00 -2.450326211625689421e+00 -2.905836998688708928e+00 5.800710433295695800e+00 2.251781126212218265e+00 5.800710433295695800e+00 2.429073764328814722e+00
4.104475585145793559e+01 -9.695086197670697015e-01 2.241354001748772529e+00 -9.695086197670697015e-01 3.099197079434677349e+01 4.640605497582268590e-01 2.241354001748772529e+00 4.640605497582268590e-01 3.878315162187060849e+01
1.182304300808197972e+01 -1.326469384618258474e+00 -3.407056287611797352e+00 -1.326469384618258474e+00 -2.356086474319701196e+00 -8.453545301197669559e+00 -3.407056287611797352e+00 -8.453545301197669559e+00 2.151620432248968040e+00
-4.444481425785590289e+01 -1.257902688860616536e+01 -1.685820031466206681e-01 -1.257902688860616536e+01 -5.155618897045636118e+01 -2.967312088505667855e+00 -1.685820031466206681e-01 -2.967312088505667855e+00 -1.674769808338721688e+01
-2.724565899174493211e+01 -3.878585230347601609e+00 1.484356093097291884e+00 -3.878585230347601609e+00 -2.000153169203332482e+01 -6.099222083206428113e-01 1.484356093097291884e+00 -6.099222083206428113e-01 -2.469213381292547993e+01
3.648494776798484551e+00 2.132446447647101007e+00 3.965233542818589640e+00 2.132446447647101007e+00 4.387359213586464968e+00 -4.688046960502183502e+00 3.965233542818589640e+00 -4.688046960502183502e+00 3.994411714481965525e+00
7.052517458014507135e+00 -1.876225955265179213e+00 8.642303574801292854e+00 -1.876225955265179213e+00 4.913969279992712380e+00 -6.034839362783924521e+00 8.642303574801292854e+00 -6.034839362783924521e+00 1.400603965082244073e+01
-1.663807553164278019e+01 4.805791826967003022e-01 -2.280707066465153421e+00 4.805791826967003022e-01 -2.275281039260621085e+01 3.804364961860616567e+00 -2.280707066465153421e+00 3.804364961860616567e+00 -2.515815641477161790e+01
-3.995619979633547203e+00 -3.166075540655965526e+00 3.518283934241831279e+00 -3.166075540655965526e+00 -1.039277969075600438e+01 8.522218679812540998e-01 3.518283934241831279e+00 8.522218679812540998e-01 -1.086859028746999556e+01
