1.238955394673614663e+01 -1.842270923127102167e+00 2.513597565977959469e+00 -1.842270923127102167e+00 1.120330763224592374e+01 1.962150680779041201e+00 2.513597565977959469e+00 1.962150680779041201e+00 1.545842736221046820e+01
1.436062795261091873e-01 7.266069219167293092e+00 6.294738421583489618e+00 7.266069219167293092e+00 -5.978523396024609582e+00 -8.414352837000131924e-01 6.294738421583489618e+00 -8.414352837000131924e-01 -1.110089342114949140e+00
-1.641300689887684072e+00 5.063178638608440529e+00 8.127213968383996345e+00 5.063178638608440529e+00 -1.344313661125037918e+01 3.053881722887603622e+00 8.127213968383996345e+00 3.053881722887603622e+00 -1.812127220720201937e+00
-8.500513367193352821e+00 6.494157412722906253e-01 1.211569849472510008e+00 6.494157412722906253e-01 -8.670285737844379170e+00 4.630891392141410212e-01 1.211569849472510008e+00 4.630891392141410212e-01 1.280911808580918465e-01
1.401207586215030432e+01 -1.813050758128779361e+00 -8.354477544334250050e-01 -1.813050758128779361e+00 1.345771554073096432e+01 1.503240532263579343e+00 -8.354477544334250050e-01 1.503240532263579343e+00 1.583041967182746390e+01
-5.128260494612167264e+00 6.178315549150016572e+00 1.019186322441792747e+01 6.178315549150016572e+00 -1.069263000936075514e+01 1.060221192645475652e+00 1.019186322441792747e+01 1.060221192645475652e+00 -2.805361299375893402e+00
2.619763626481512375e+01 -8.145215043088496643e+00 2.652861248855769460e+00 -8.145215043088496643e+00 3.147782878460827050e+01 -1.356735969377475426e+00 2.652861248855769460e+00 -1.356735969377475426e+00 3.080929785149129074e+01
3.668988301502071891e+01 6.911538694194413246e+00 1.114461942559024088e+01 6.911538694194413246e+00 4.791852914765237870e+01 -1.562554033625897620e+00 1.114461942559024088e+01 -1.562554033625897620e+00 4.253679669339167901e+01
-1.148265537905031763e+01 4.807852267649240119e+00 2.874010841394458726e+00 4.807852267649240119e+00 -1.510028814932817198e+01 -2.594054577567313502e-01 2.874010841394458726e+00 -2.594054577567313502e-01 -1.049106312360957816e+01
2.461207132761312266e+01 -5.341618557635243292e+00 5.681000129488596784e+00 -5.341618557635243292e+00 2.801953813324082176e+01 5.939791192667700503e-01 5.681000129488596784e+00 5.939791192667700503e-01 2.970754755661454638e+01
6.593660233223467948e+00 1.571489499590905892e+00 7.161982747326563370e+00 1.571489499590905892e+00 5.475994681784382756e+00 3.288863207059697924e+00 7.161982747326563370e+00 3.288863207059697924e+00 7.656685568515224638e-01
-1.731986619174496056e+01 5.281464535706133390e+00 6.027272310119367038e-01 5.281464535706133390e+00 -2.251797137355151790e+01 -2.816781085709937904e-01 6.027272310119367038e-01 -2.816781085709937904e-01 -1.324092874741934978e+01
-1.430277043842700735e+01 -2.545688538673986034e+00 3.713472105317489724e+00 -2.545688538673986034e+00 -8.676174309058499290e+00 -2.383256828017283890e+00 3.713472105317489724e+00 -2.383256828017283890e+00 -2.332515816161758693e+01
-1.497994490559428193e+01 2.240105360958450031e+00 -1.508114329050252778e+00 2.240105360958450031e+00 -1.733099682746787806e+01 -9.523691866611657675e-01 -1.508114329050252778e+00 -9.523691866611657675e-01 -8.332842792409108412e+00
-3.300251027842103779e-01 2.023730917424832132e+00 -5.566230767295370363e-01 2.023730917424832132e+00 8.884532393284284568e-01 6.380256772869618009e-01 -5.566230767295370363e-01 6.380256772869618009e-01 -1.305520005501974889e+00
-1.890002135918665971e+01 7.188650115954080100e+00 -1.425026895030757412e+00 7.188650115954080100e+00 -2.896326899899144536e+01 8.072793307656469519e-01 -1.425026895030757412e+00 8.072793307656469519e-01 -2.020545424953212432e+01
1.144323368778306005e+01 -4.553623182094653998e+00 -7.728169342449422885e+00 -4.553623182094653998e+00 5.235193717191550355e+00 2.642648034943065882e-01 -7.728169342449422885e+00 2.642648034943065882e-01 6.592615977640137181e+00
-6.514815027912457701e+00 -1.789748459452780605e+00 1.018242082881947841e+00 -1.789748459452780605e+00 -1.230009664253015167e+01 -1.363192701090010506e-01 1.018242082881947841e+00 -1.363192701090010506e-01 -6.142945366133952589e+00
-6.141453239537105091e+00 1.286042793123746808e+00 -1.433266289443366093e+00 1.286042793123746808e+00 1.083189235643389736e+01 -3.561377648383692307e+00 -1.433266289443366093e+00 -3.561377648383692307e+00 3.120688510201606647e+00
-9.240676793360988128e+00 5.852989201087357429e+00 6.545852111581983657e+00 5.852989201087357429e+00 -8.930745224621448486e+00 1.143069103133530051e+00 6.545852111581983657e+00 1.143069103133530051e+00 -1.036316143382968180e+00
1.998709885252116791e+01 -7.683480924077095153e+00 1.780543300859965328e+01 -7.683480924077095153e+00 2.421801671233398423e+01 -7.286274228969693567e-01 1.780543300859965328e+01 -7.286274228969693567e-01 9.943630714201166398e+00
-6.984979001106272456e+00 3.571474515285149476e+00 4.289374350070626285e+00 3.571474515285149476e+00 8.540523993020653071e-02 -5.556256411456761413e+00 4.289374350070626285e+00 -5.556256411456761413e+00 -6.371074101214309948e+00
1.945897983945373610e+01 -8.900230697277001113e+00 4.197645112255100841e+00 -8.900230697277001113e+00 1.622574490470774933e+01 8.676906262498594868e-01 4.197645112255100841e+00 8.676906262498594868e-01 1.080425949660229179e+01
1.424373047114283253e+00 7.006409385414451574e-01 1.601307919591117068e+00 7.006409385414451574e-01 5.665841000602167554e+00 -3.131658162979677584e+00 1.601307919591117068e+00 -3.131658162979677584e+00 -2.855225262190961733e+00
-6.722331797777243434e-01 2.492290428350932618e+00 2.323143932311008686e-01 2.492290428350932618e+00 1.209473707818229116e+01 1.920380683968897717e+00 2.323143932311008686e-01 1.920380683968897717e+00 4.731693368839812841e+00
3.353458343041549483e+01 3.532459974088629107e+00 -1.676908523672757806e-02 3.532459974088629107e+00 3.052960290893998163e+01 1.175834072294542176e+00 -1.676908523672757806e-02 1.175834072294542176e+00 3.434342753849104923e+01
4.574435110748694910e+01 -4.025233955618424453e+00 7.690187332551773558e+00 -4.025233955618424453e+00 5.109409798542252901e+01 -2.530270639654562004e+00 7.690187332551773558e+00 -2.530270639654562004e+00 3.289417285581745176e+01
1.547438282426604195e+00 -5.912826829278222007e+00 4.724653184089643077e+00 -5.912826829278222007e+00 -5.512221441662683574e+00 -1.875538030764081654e+00 4.724653184089643077e+00 -1.875538030764081654e+00 -2.382083030604023044e+00
-2.231714343163473657e+01 3.830117220335452988e+00 4.351273075951429981e+00 3.830117220335452988e+00 -1.223842043152273540e+01 -5.949062828587391216e+00 4.351273075951429981e+00 -5.949062828587391216e+00 -1.092759853820162164e+01
-1.009429586836121828e+01 3.856248730392840773e+00 1.234436303020716608e+00 3.856248730392840773e+00 -9.128034290966779096e+00 -4.751819751582479490e-01 1.234436303020716608e+00 -4.751819751582479490e-01 -1.524986745057495519e+01
-1.188681712157736214e+01 -4.118331771602586899e-01 3.903577867069134122e+00 -4.118331771602586899e-01 -2.434672705586001484e+01 5.359404513628119107e-03 3.903577867069134122e+00 5.359404513628119107e-03 -1.160488536206324817e+01
8.005074454585995980e+00 -5.916572729766969907e+00 2.246091942456835411e-01 -5.916572729766969907e+00 1.083395848405260331e+01 -5.265410477104811582e-01 2.246091942456835411e-01 -5.265410477104811582e-01 3.049210993817369708e+00
-2.329233211784548008e+00 3.286283876772563506e+00 4.615107861244578835e+00 3.286283876772563506e+00 -1.810000021943139359e+01 2.344658178446187513e+00 4.615107861244578835e+00 2.344658178446187513e+00 3.678422368641725893e+00
-7.708934019132851034e+00 2.350114699342672253e+00 2.288060272404739859e+00 2.350114699342672253e+00 -1.138411856970561864e+01 2.468217830788856926e+00 2.288060272404739859e+00 2.468217830788856926e+00 -9.816131007838587053e+00
-1.748910546475874384e+01 -1.287540424769664460e+00 2.705748529893766907e+00 -1.287540424769664460e+00 -6.746804368841153199e+00 -3.224088349517314711e+00 2.705748529893766907e+00 -3.224088349517314711e+00 -1.693139958175823878e+01
-1.801591967648006332e+01 5.650377910804306403e+00 -4.733569544142531282e-01 5.650377910804306403e+00 -2.241791638813539933e+01 4.141468122180563149e+00 -4.733569544142531282e-01 4.141468122180563149e+00 -1.331627611188904758e+01
6.042032222530374419e+00 1.056892380024973210e+00 -7.469357513844085972e-01 1.056892380024973210e+00 7.118604830971855257e+00 -3.819037526391522608e+00 -7.469357513844085972e-01 -3.819037526391522608e+00 5.663271452545558304e+00
-8.630036698361022829e+00 4.884076802926985983e-01 5.053309600496906029e+00 4.884076802926985983e-01 -4.943171294133219540e+00 4.561178658157214016e+00 5.053309600496906029e+00 4.561178658157214016e+00 -4.330912463107532417e+00
-1.334102971675175020e+01 -5.080743302833299779e+00 -4.960295330548325943e+00 -5.080743302833299779e+00 -1.457263278916566485e+01 2.044020698211056697e+00 -4.960295330548325943e+00 2.044020698211056697e+00 -8.650262099466113241e+00
-1.309828914734282179e+01 -4.819468038960174283e+00 -1.473268976853405077e+00 -4.819468038960174283e+00 -1.226401330357080788e+01 3.096454869390747433e+00 -1.473268976853405077e+00 3.096454869390747433e+00 -5.338302359320579171e+00
3.481739895115771333e+01 -2.214195666773330462e+00 7.158458516174010633e+00 -2.214195666773330462e+00 4.501095334251456848e+01 2.738649888621448980e+00 7.158458516174010633e+00 2.738649888621448980e+00 3.059017539051621881e+01
-4.233110557486027936e+00 3.808268268044029625e+00 2.749329049135591063e+00 3.808268268044029625e+00 -6.177072128749840019e+00 -4.488686238650387295e-01 2.749329049135591063e+00 -4.488686238650387295e-01 7.893373533241422102e+00
2.240666071160017925e+00 8.371923760170750128e+00 4.490861340454527451e+00 8.371923760170750128e+00 1.242832063516686425e+01 -1.635310854090577803e-01 4.490861340454527451e+00 -1.635310854090577803e-01 9.344843728123359838e+00
2.188432399246488913e+01 -1.526050174030476381e+00 7.190202216593328366e+00 -1.526050174030476381e+00 1.706850504785925438e+01 -1.717001646765098366e+00 7.190202216593328366e+00 -1.717001646765098366e+00 2.058899101310092661e+01
-7.950063869831724084e+00 -5.137123586830604438e+00 -2.424729083382560990e+00 -5.137123586830604438e+00 -5.622983519972737376e+00 2.095506522456969944e-01 -2.424729083382560990e+00 2.095506522456969944e-01 -1.190977029061821213e+01
7.246847239843795307e+00 1.020921475880578022e+01 -1.558753310313263363e-01 1.020921475880578022e+01 -7.921714720559467793e+00 -5.278339812143036935e-01 -1.558753310313263363e-01 -5.278339812143036935e-01 -2.299031938616449722e+00
8.067935873346353759e+00 -8.003672388559385453e+00 2.053653492551296367e+00 -8.003672388559385453e+00 4.826361768944279262e+00 2.587527788323757516e+00 2.053653492551296367e+00 2.587527788323757516e+00 7.307739926817105491e+00
3.667449281826998231e+01 -8.296766645210704727e-01 5.507121618473087565e+00 -8.296766645210704727e-01 3.293320277231761395e+01 5.455040315749875024e-01 5.507121618473087565e+00 5.455040315749875024e-01 3.384481739797649169e+01
3.448959339267877056e+01 -2.361010933224772401e+00 1.288326491280304076e+01 -2.361010933224772401e+00 6.025049414640412948e+01 -4.392478179907004510e+00 1.288326491280304076e+01 -4.392478179907004510e+00 4.638058927254039077e+01
-8.440447878977893836e+00 -1.847227881492061963e+00 3.681800196256844071e+00 -1.847227881492061963e+00 -9.832813189773915497e+00 2.416081903298560596e-01 3.681800196256844071e+00 2.416081903298560596e-01 -1.820567570463022200e+00
