-1.934936349055714766e+00 5.708670452114195548e+00 -3.521784912141687762e+00 5.708670452114195548e+00 1.762126288206853353e+00 3.431725197368589719e-01 -3.521784912141687762e+00 3.431725197368589719e-01 5.285837182219385255e+00
-5.470306548981136885e+00 1.872224576216561021e+00 -3.680267254783787134e+00 1.872224576216561021e+00 -1.439613642823598827e+00 1.012896554816529404e+00 -3.680267254783787134e+00 1.012896554816529404e+00 3.750450280556414828e+00
3.641005040264362336e+00 -2.007718173793469063e+00 -1.567982197217600571e-01 -2.007718173793469063e+00 2.389105483854363499e+00 4.590827780262797808e-01 -1.567982197217600571e-01 4.590827780262797808e-01 -2.668283782581114760e+00
-4.565601971774134960e+00 -1.569534107096534903e-01 5.150033788910504673e-02 -1.569534107096534903e-01 -4.678001257096471299e+00 -1.700130986955563195e+00 5.150033788910504673e-02 -1.700130986955563195e+00 2.274625206186854154e+00
-6.992433480340022101e+00 -9.258458706294506735e-01 -1.498917639228030563e+00 -9.258458706294506735e-01 -4.394905243389840344e+00 2.309875469441381224e+00 -1.498917639228030563e+00 2.309875469441381224e+00 -1.488258615685017938e+00
2.361033652527683824e+00 -1.927892122302409028e+00 6.770609120333892506e+00 -1.927892122302409028e+00 2.301442783706455053e+00 1.722446023301306972e-01 6.770609120333892506e+00 1.722446023301306972e-01 -4.137266371026809608e+00
3.128408557733324269e+00 -3.625711227082323074e+00 2.710238408036200308e+00 -3.625711227082323074e+00 1.900577955435771293e-01 -2.010770896071737202e+00 2.710238408036200308e+00 -2.010770896071737202e+00 -1.368250848580809587e+00
1.291470878622731355e+01 1.092285998656836510e+00 -4.090546850743769447e+00 1.092285998656836510e+00 8.685051242155166662e+00 -3.992293045881361024e+00 -4.090546850743769447e+00 -3.992293045881361024e+00 8.543236438783793574e+00
7.018959944408600826e+00 4.441548052119805412e+00 2.489527908037744819e+00 4.441548052119805412e+00 5.619763362281779528e+00 -6.714058777086707730e-01 2.489527908037744819e+00 -6.714058777086707730e-01 8.886486267805524975e+00
1.970070981612917826e+00 -3.101872515711260880e-01 -1.397899200496121930e+00 -3.101872515711260880e-01 4.071667787623164614e+00 4.546603392615469197e-01 -1.397899200496121930e+00 4.546603392615469197e-01 -2.754984466678129795e+00
9.259586819657567247e+00 -3.053904104280067422e+00 3.601254535745922691e+00 -3.053904104280067422e+00 4.966666139740789632e+00 -1.448845170998758203e+00 3.601254535745922691e+00 -1.448845170998758203e+00 1.262377706725143156e+00
-8.469529168729870605e+00 1.096488200938942503e+00 1.505911175135967284e+00 1.096488200938942503e+00 -8.793495731886249445e+00 -2.633448673691288100e+00 1.505911175135967284e+00 -2.633448673691288100e+00 -1.227372257738136696e+01
-1.613478311898476392e+01 1.973607946343429176e-01 2.055823445116102377e+00 1.973607946343429176e-01 -1.592521500197071838e+01 -1.077950163707663389e+00 2.055823445116102377e+00 -1.077950163707663389e+00 -1.539412835723502226e+01
-7.687099468727090823e+00 4.729128530368302386e+00 -4.895128972364557463e-01 4.729128530368302386e+00 -3.864625618322145684e+00 1.455451519933728788e+00 -4.895128972364557463e-01 1.455451519933728788e+00 -6.001933644205182716e+00
9.546627831071852199e+00 -5.416283538497727257e+00 -1.402379595447969862e+00 -5.416283538497727257e+00 -2.704675281012256960e+00 -8.501309986084550907e-01 -1.402379595447969862e+00 -8.501309986084550907e-01 7.271379766601337558e+00
-3.222450089044933130e-01 -2.182624200281722882e+00 2.136410612469866077e+00 -2.182624200281722882e+00 -3.629950967843754928e+00 -1.033709779846864851e+00 2.136410612469866077e+00 -1.033709779846864851e+00 -1.314983580010654407e+00
1.392249340034666272e+00 2.541828550583511870e+00 6.153527095655658918e+00 2.541828550583511870e+00 2.999729819560258970e-01 -2.508625408407513468e+00 6.153527095655658918e+00 -2.508625408407513468e+00 -1.128866193663043083e+00
3.199287337538215592e+00 4.281057163412605782e+00 -5.487654625692686139e-01 4.281057163412605782e+00 1.334169971343240446e+00 -1.082842147133696642e+00 -5.487654625692686139e-01 -1.082842147133696642e+00 -3.434348250568844740e+00
-4.939103275583637043e+00 -8.980206092975794308e-01 -1.288011682695718862e+00 -8.980206092975794308e-01 -2.185353871421248595e+00 1.262466797195665180e-01 -1.288011682695718862e+00 1.262466797195665180e-01 -2.768842582631654725e+00
1.119078104663078577e+01 -1.452985204688209686e+00 1.908036767079518636e+00 -1.452985204688209686e+00 1.283142475394616078e+01 2.665941163058582752e-01 1.908036767079518636e+00 2.665941163058582752e-01 1.075530359896749211e+01
-3.561699600821345957e+00 -3.605594655026381101e+00 -2.284496865283094813e+00 -3.605594655026381101e+00 -2.832968677822226944e+00 2.037894829397998819e+00 -2.284496865283094813e+00 2.037894829397998819e+00 -3.774305282340620238e+00
-1.141129517059197740e+00 -8.120757804276658165e-01 -2.483960695571122645e+00 -8.120757804276658165e-01 -3.991974847736201593e+00 2.325798725425276547e+00 -2.483960695571122645e+00 2.325798725425276547e+00 -2.945229803645191602e+00
1.317289105059470700e+01 2.452056603037627625e+00 1.766313546293131642e+00 2.452056603037627625e+00 6.547413409730065581e+00 4.088336642022063039e+00 1.766313546293131642e+00 4.088336642022063039e+00 9.072098630686063814e+00
-6.867371112671418310e+00 2.546809812888246594e+00 -3.295193103845735383e+00 2.546809812888246594e+00 -2.340354100211544885e+00 1.410482023361891102e+00 -3.295193103845735383e+00 1.410482023361891102e+00 -6.578181059687501886e+00
1.080863092182066865e+01 4.194459360508037693e-01 3.804585766235096589e+00 4.194459360508037693e-01 7.311294853556700168e+00 -2.101369541445193612e+00 3.804585766235096589e+00 -2.101369541445193612e+00 1.115711923706814090e+01
4.640739448126474542e+00 -3.958006952294805814e-01 -3.327522178049066692e+00 -3.958006952294805814e-01 4.616822344136595646e+00 1.821692764254178587e-01 -3.327522178049066692e+00 1.821692764254178587e-01 9.074043756762845803e+00
1.180836830591263897e+01 5.758328839256630083e-01 2.306938353957148635e+00 5.758328839256630083e-01 5.552318622590713737e+00 9.933070405922175272e-01 2.306938353957148635e+00 9.933070405922175272e-01 5.346964191061977623e+00
-6.750735738344081582e+00 -1.976832397197646252e+00 -1.374672152214194032e+00 -1.976832397197646252e+00 -6.710750201274626292e+00 1.201489535614764792e+00 -1.374672152214194032e+00 1.201489535614764792e+00 -5.932948879333308057e+00
-2.286220847023993308e+00 -3.925950985903269963e+00 2.319409595637885957e+00 -3.925950985903269963e+00 -1.415236624122073072e+00 3.183912219489881679e+00 2.319409595637885957e+00 3.183912219489881679e+00 -2.863668727490489285e+00
6.660545974439272321e+00 -3.724531646662274209e+00 -3.492680769044249622e+00 -3.724531646662274209e+00 9.597883475624849225e+00 7.879598397334378612e-01 -3.492680769044249622e+00 7.879598397334378612e-01 6.732729449677862910e+00
3.042594722947690400e+00 5.822127582842944182e-01 -2.753363804013843688e-02 5.822127582842944182e-01 -2.523643455775637534e+00 3.055454061221807849e-01 -2.753363804013843688e-02 3.055454061221807849e-01 -2.058146165579947784e+00
8.154631583448004761e+00 2.993778103312102257e+00 -4.399612637912772684e+00 2.993778103312102257e+00 2.983638954673612176e+00 -2.326176858699998906e+00 -4.399612637912772684e+00 -2.326176858699998906e+00 1.080728634599292448e+01
8.994305143298773064e-01 -8.328239620789353870e-01 1.109625086298048124e+00 -8.328239620789353870e-01 -1.084558538065511168e+00 1.013978184847447395e+00 1.109625086298048124e+00 1.013978184847447395e+00 3.121128171785588545e+00
4.601858399410474476e+00 -2.336496307864236455e-01 1.112572326141744172e+00 -2.336496307864236455e-01 3.169030348641459494e+00 -4.718045859779314566e-01 1.112572326141744172e+00 -4.718045859779314566e-01 5.467892359828494975e+00
-5.474168458310838759e+00 1.118674707721599493e+00 -2.344628612664748868e+00 1.118674707721599493e+00 -5.965817187357427720e+00 1.978426735958834115e+00 -2.344628612664748868e+00 1.978426735958834115e+00 -2.547408937794302553e+00
1.035113681887875003e+01 -4.475363078053143373e-01 2.805787202459620322e-01 -4.475363078053143373e-01 5.150335213638298271e+00 -5.430426690584834182e-01 2.805787202459620322e-01 -5.430426690584834182e-01 1.064862888872395175e+01
-1.114802874275239025e-01 3.241084287287171684e+00 -8.427995370360987781e-01 3.241084287287171684e+00 6.167043736166651691e+00 -1.272382020205682363e+00 -8.427995370360987781e-01 -1.272382020205682363e+00 3.521872501335358674e+00
-8.465206133482849893e+00 5.820720062123422300e-01 6.028327234018798109e+00 5.820720062123422300e-01 -7.400640433840076859e+00 -1.988322816781814772e+00 6.028327234018798109e+00 -1.988322816781814772e+00 -4.070576706248973942e+00
8.791228255819435233e+00 -1.958321755454219382e+00 3.920522983966415076e+00 -1.958321755454219382e+00 1.093742926705022711e+00 -3.963036102217658008e-01 3.920522983966415076e+00 -3.963036102217658008e-01 4.295140474031917677e+00
9.230829488484319612e+00 -1.123812224636776769e+00 -5.880156307040340202e+00 -1.123812224636776769e+00 9.054110446203279539e-01 -3.966980588432574173e+00 -5.880156307040340202e+00 -3.966980588432574173e+00 -2.327878922916242210e+00
1.055124215157559853e+01 2.710080290565533456e+00 -4.741395234675262138e+00 2.710080290565533456e+00 3.525380292804152216e+00 2.635971312341434558e+00 -4.741395234675262138e+00 2.635971312341434558e+00 -2.673795238932313634e+00
-7.268603336025089234e+00 -1.359621756614100452e+00 4.623090394921937296e+00 -1.359621756614100452e+00 -4.218463070008569460e+00 -3.777091021378084612e+00 4.623090394921937296e+00 -3.777091021378084612e+00 8.545526021597402710e-01
-1.123460460736843558e+01 -5.422654218399139969e-01 -6.109145080176926479e-01 -5.422654218399139969e-01 -1.125529151603891265e+01 2.446233728432101462e-01 -6.109145080176926479e-01 2.446233728432101462e-01 -1.263230623784446394e+01
1.282241779718875030e+01 3.821235930367191003e+00 1.915435849142433922e+00 3.821235930367191003e+00 4.948213725597602419e+00 1.628644967171573921e+00 1.915435849142433922e+00 1.628644967171573921e+00 4.702434914002118660e+00
-1.555562652960090775e+00 5.125269302608441713e-01 -4.937623678909419112e-01 5.125269302608441713e-01 1.566581182391968197e+00 4.804483677225523941e+00 -4.937623678909419112e-01 4.804483677225523941e+00 -2.587377423763923545e+00
-1.007860772167282620e-01 -5.473351241182739635e+00 -2.423213382500712942e+00 -5.473351241182739635e+00 -5.428700032228465922e-02 1.625451835370795572e-01 -2.423213382500712942e+00 1.625451835370795572e-01 -1.254688892335432238e+00
2.317579586440220218e+00 1.091016192656260930e+00 -5.726395539667298307e-01 1.091016192656260930e+00 6.931515307519753755e+00 3.951932157863720096e+00 -5.726395539667298307e-01 3.951932157863720096e+00 6.421612036886542363e+00
1.365244615016953134e+01 6.572541597161827287e-01 -1.398178086801181497e+00 6.572541597161827287e-01 -4.783834955409314582e-01 3.700353589291730305e+00 -1.398178086801181497e+00 3.700353589291730305e+00 -1.254669103607338077e+00
-1.277271897503642073e+01 5.458145335385410135e+00 -3.528090271062824801e+00 5.458145335385410135e+00 -6.307235217657981785e+00 -2.693901444864199579e+00 -3.528090271062824801e+00 -2.693901444864199579e+00 -6.183336822166038083e+00
-2.513182007562548392e+01 -8.403678956734248473e+00 -4.075515142417882153e+00 -8.403678956734248473e+00 -2.298619918555569086e+01 1.310203185245713831e-01 -4.075515142417882153e+00 1.310203185245713831e-01 -2.448220113712861945e+01
