2.756804488594651659e+01 -6.627300720079360552e+00 1.172130521067629338e+01 -6.627300720079360552e+00 -1.512011054430268686e+01 -1.127297126869750921e+00 1.172130521067629338e+01 -1.127297126869750921e+00 1.868737028595294447e+01
3.415411956967994711e-01 3.875541196037124880e+00 5.352147453201878680e-01 3.875541196037124880e+00 7.284375134155046005e+00 -1.960638222087589311e+00 5.352147453201878680e-01 -1.960638222087589311e+00 1.167475405471363459e+01
-2.136282361842726463e+00 -1.464811314195237690e+00 1.219794630394951440e+01 -1.464811314195237690e+00 -3.985561504518663156e+01 -7.836673505437943277e+00 1.219794630394951440e+01 -7.836673505437943277e+00 -1.929975655038198346e+00
-2.122529962927829317e+01 1.275581379436715235e+00 9.358739867419064495e+00 1.275581379436715235e+00 -3.540694420534678244e+01 -1.822429713473841195e+00 9.358739867419064495e+00 -1.822429713473841195e+00 -2.701463445798466978e+01
8.759624986875879316e+00 -1.312408997738513605e+01 9.559104757560037413e+00 -1.312408997738513605e+01 -4.908712621501623374e+01 8.044556482299462630e+00 9.559104757560037413e+00 8.044556482299462630e+00 -2.025598262393455684e+01
-2.140007214261871837e+01 2.742828424298536305e+01 1.423576249474837141e+01 2.742828424298536305e+01 -4.602416669572752284e+01 1.709619099034251244e+00 1.423576249474837141e+01 1.709619099034251244e+00 -1.814298753889966775e+01
2.595326265587193149e+01 -1.244859712202777580e+00 1.063289416359542550e+01 -1.244859712202777580e+00 1.898039082702908686e+01 -5.804418302662864626e+00 1.063289416359542550e+01 -5.804418302662864626e+00 1.991547869125091452e+01
3.189244358199588802e+01 -1.604423722421013565e+01 2.043007955079310278e+01 -1.604423722421013565e+01 -3.013667110494191448e+01 -6.681359833413149651e+00 2.043007955079310278e+01 -6.681359833413149651e+00 1.235462032282406852e+01
-4.551424194123498523e+00 -1.633729571361288535e+01 7.354316572407463504e+00 -1.633729571361288535e+01 -3.587466525153529062e+01 3.619303320134841240e+00 7.354316572407463504e+00 3.619303320134841240e+00 -1.376988681345739174e+01
-1.892100642235491037e+01 -1.358886503798396816e+01 4.130326064545618792e+00 -1.358886503798396816e+01 -3.732868707928195562e+01 -3.368902536564093442e+00 4.130326064545618792e+00 -3.368902536564093442e+00 -1.312193553702740978e+01
-1.830033545345501622e+01 -3.646712794864373830e+00 9.014767523863250531e+00 -3.646712794864373830e+00 -3.262257952379924575e+01 1.204101174568578969e+01 9.014767523863250531e+00 1.204101174568578969e+01 -1.859086210441239118e+01
-3.035579381575006508e+00 -1.714978753243725151e+01 4.818312328545686363e+00 -1.714978753243725151e+01 -3.440549524726076669e+01 -3.562609889591199952e+00 4.818312328545686363e+00 -3.562609889591199952e+00 -1.801732891700153605e+00
-2.605157893499879052e+01 5.295446232655465657e+00 8.302907455603524056e+00 5.295446232655465657e+00 -4.713200107123429206e+01 -8.487681520679076996e+00 8.302907455603524056e+00 -8.487681520679076996e+00 -3.400169053298022703e+01
-2.931385770225614351e+01 -6.767698358804515202e+00 9.875229539384758226e+00 -6.767698358804515202e+00 -5.314283499225057028e+01 -1.287610643715626502e+00 9.875229539384758226e+00 -1.287610643715626502e+00 -3.684091159741581833e+01
4.832874533800119110e+01 -3.233579672140826311e+00 3.345112055538183249e+00 -3.233579672140826311e+00 3.123407030743790713e+01 -3.818338605968542687e+00 3.345112055538183249e+00 -3.818338605968542687e+00 4.409334465333189712e+01
-4.334955352344707968e+00 1.478928898574443096e+01 1.293723439835508771e+01 1.478928898574443096e+01 -1.669766429386940487e+01 1.046998030902924981e+01 1.293723439835508771e+01 1.046998030902924981e+01 -2.482045315867210111e-01
-3.976769051714646253e+01 -4.078885606708682943e+00 -8.617099291260622573e-01 -4.078885606708682943e+00 -6.868990877479315316e+01 -8.326297709266352598e+00 -8.617099291260622573e-01 -8.326297709266352598e+00 -6.284723675596956127e+01
-8.436019421876368440e+00 -2.120208966750589230e+00 4.780490185037851170e+00 -2.120208966750589230e+00 -2.191997807233828155e+01 5.511475469350611611e+00 4.780490185037851170e+00 5.511475469350611611e+00 6.812860354615966507e+00
9.297000887702989047e+00 -9.717199994768256133e+00 1.212416122574603961e+01 -9.717199994768256133e+00 -1.692777236611762248e+01 5.379230647962106593e-01 1.212416122574603961e+01 5.379230647962106593e-01 1.058896211568145646e-01
-1.515203394946182591e+01 -6.109750330024249845e-03 1.262065864205398746e+01 -6.109750330024249845e-03 -4.433512421872416809e+01 8.941751790088977359e+00 1.262065864205398746e+01 8.941751790088977359e+00 -7.296407775733311674e+00
-2.329906415040450707e+00 -1.077373701667259454e+01 5.765589734366114438e-01 -1.077373701667259454e+01 -4.368395772009828981e+00 1.998889079986380324e+00 5.765589734366114438e-01 1.998889079986380324e+00 1.803568504336068301e+01
-2.824359464189031499e+01 -1.453946016103193983e+01 4.609314696035525571e+00 -1.453946016103193983e+01 -5.389809196293012405e+01 5.802945348760124133e+00 4.609314696035525571e+00 5.802945348760124133e+00 -2.345935437166539472e+01
1.271435686765464546e+01 2.270613302836153835e+01 1.616432216356924556e+01 2.270613302836153835e+01 3.140072686654323775e+01 -1.442462518923952963e+01 1.616432216356924556e+01 -1.442462518923952963e+01 7.452652619039411341e+00
-7.462370418926884241e+00 5.852021319864187276e+00 1.815390406771093623e+01 5.852021319864187276e+00 -5.465119359108889086e+01 7.615439667783036048e-01 1.815390406771093623e+01 7.615439667783036048e-01 -1.259028218688221656e+01
-1.929115927375615414e+01 -6.387729429209223486e-01 1.981080981506546834e+01 -6.387729429209223486e-01 -5.133157255262113949e+01 1.825283642661175154e+00 1.981080981506546834e+01 1.825283642661175154e+00 -1.153810955751758449e+01
6.107653696508114294e+00 3.232186343988771249e+00 3.195188226238079565e+01 3.232186343988771249e+00 -3.605666033574465956e+01 -5.664396123399192184e+00 3.195188226238079565e+01 -5.664396123399192184e+00 3.131216400024294089e+01
-1.213823932222823387e+01 2.038261912990859237e+00 1.039103883986965826e+01 2.038261912990859237e+00 -1.954070833450420608e+01 -3.907376025743775738e+00 1.039103883986965826e+01 -3.907376025743775738e+00 -8.735008550675542605e-01
-6.546311317385405459e+01 -4.797358320255741049e+00 -4.404585668257146480e+00 -4.797358320255741049e+00 -6.761389937742616496e+01 -5.309503354236526640e+00 -4.404585668257146480e+00 -5.309503354236526640e+00 -7.118639927282211488e+01
2.648306223764382850e+00 -4.794321269994853196e+00 -1.548763095525045097e+00 -4.794321269994853196e+00 -3.473389485765937934e+01 3.887486053289534116e+00 -1.548763095525045097e+00 3.887486053289534116e+00 -1.000196543884078748e+00
-2.867910454779652341e+01 1.097363763823450711e+01 1.007779154949824552e+01 1.097363763823450711e+01 -7.077881354715992757e+01 -8.130333955437238913e+00 1.007779154949824552e+01 -8.130333955437238913e+00 -1.141943333961059004e+01
-2.096365333956753951e-01 6.946369664671649957e+00 -6.999306376738806401e-01 6.946369664671649957e+00 -2.598108075260942584e+01 -5.342229909622578710e+00 -6.999306376738806401e-01 -5.342229909622578710e+00 1.338654990422547097e+00
-5.910989907911452512e+00 1.033975076590643916e+01 1.013293051060568573e+01 1.033975076590643916e+01 -5.331734520663935939e+01 -2.553961516891928851e-01 1.013293051060568573e+01 -2.553961516891928851e-01 -1.206097735891667000e+01
6.364978024313446170e+00 -1.141944505078302541e+01 7.625689313692521232e+00 -1.141944505078302541e+01 -1.474455618600074125e+01 7.860160519824879177e-01 7.625689313692521232e+00 7.860160519824879177e-01 1.295146160720824824e+01
-5.018770051145951072e+01 3.536781041150808491e+00 -8.040286467997098674e-01 3.536781041150808491e+00 -7.256551411291324882e+01 1.441355354162946689e+01 -8.040286467997098674e-01 1.441355354162946689e+01 -6.207906731128704791e+01
-3.367367080588849149e+01 4.591223137854014702e+00 1.956295777161077609e+01 4.591223137854014702e+00 -5.095070064476470151e+01 -4.298996284868738194e+00 1.956295777161077609e+01 -4.298996284868738194e+00 -1.528475163068013920e+01
-1.654484443089910428e+01 -4.855895386001342295e+00 1.418619007874234228e+01 -4.855895386001342295e+00 -4.004769100137283999e+01 4.405607693483909237e+00 1.418619007874234228e+01 4.405607693483909237e+00 -6.804561391481080079e+00
-3.037959488677157704e+00 -3.843181020280141080e+00 -4.255613893686343907e+00 -3.843181020280141080e+00 -3.618109079929584482e+01 -1.024058824774340692e+01 -4.255613893686343907e+00 -1.024058824774340692e+01 -6.264503443364765722e+00
2.895550300880726979e+01 -1.109013331384727863e+01 1.040262771782769846e+01 -1.109013331384727863e+01 -1.109741898302900376e+00 2.390349733885948780e+01 1.040262771782769846e+01 2.390349733885948780e+01 2.993711023238369506e+01
1.090776636877559902e+01 -2.035526078821844109e+00 -1.153191486324846915e+00 -2.035526078821844109e+00 -1.512354882813500545e+01 -1.739390947365563633e+01 -1.153191486324846915e+00 -1.739390947365563633e+01 -6.432813961364953759e-01
1.768032719950229392e+01 1.908027212763425018e+00 -3.217203673909803108e+00 1.908027212763425018e+00 6.048569635678386902e+00 2.240905572646002264e-01 -3.217203673909803108e+00 2.240905572646002264e-01 2.075999610738522705e+01
-1.924291690824701817e+01 4.853955022603705594e+00 3.143810849106390304e+00 4.853955022603705594e+00 -3.416742185486967287e+01 6.784595988800343314e+00 3.143810849106390304e+00 6.784595988800343314e+00 -5.713398632164505386e+00
-8.529613849518632662e+00 3.874940729683121532e+00 1.451356342766162122e+01 3.874940729683121532e+00 -1.327508375956645104e+01 -6.397081946121375928e+00 1.451356342766162122e+01 -6.397081946121375928e+00 2.234829669299702726e+00
1.692973936430221826e+01 4.501858299772199423e+00 2.771880717333010669e+00 4.501858299772199423e+00 6.908983267353347557e+00 3.351612708307134536e+00 2.771880717333010669e+00 3.351612708307134536e+00 1.810377276278834557e+01
-2.539302231364608087e+00 9.745871866755937418e+00 8.814955133293395306e+00 9.745871866755937418e+00 -5.322668885413281714e+01 -5.561674931095550889e+00 8.814955133293395306e+00 -5.561674931095550889e+00 -2.192823815614752192e+01
1.845426640105067406e+01 -2.535298640101586010e+00 1.420565858336393994e+01 -2.535298640101586010e+00 -2.103398340634676345e+01 -1.091103944738029163e+01 1.420565858336393994e+01 -1.091103944738029163e+01 1.605698931139557217e+01
-4.990239749029377059e+00 -1.558229119745403457e+00 1.071998681718940105e+01 -1.558229119745403457e+00 -2.834516949438827993e+01 5.390845666573795825e+00 1.071998681718940105e+01 5.390845666573795825e+00 -4.112897940926788287e+00
-2.253838700929967587e+01 -1.095652531707313315e+01 9.524668288466516586e+00 -1.095652531707313315e+01 -6.534974213357207873e+01 1.081840530004216738e+01 9.524668288466516586e+00 1.081840530004216738e+01 -2.328650991451711505e+00
4.546110411657708283e+01 1.145639452850497619e+00 3.123333589787384845e+00 1.145639452850497619e+00 6.874583398787887489e+00 -5.002573438790983928e+00 3.123333589787384845e+00 -5.002573438790983928e+00 2.481221803003224480e+01
-2.837395063598808775e+01 3.389425460886017927e+00 1.404018419481090341e+01 3.389425460886017927e+00 -3.792326287040403798e+01 -9.230499171857738716e+00 1.404018419481090341e+01 -9.230499171857738716e+00 9.526119008919401665e+00
-8.164560858602396110e+00 2.587938570811444805e+01 1.801385327993680008e+01 2.587938570811444805e+01 -4.072928037533081636e+01 4.077685170485984223e+00 1.801385327993680008e+01 4.077685170485984223e+00 -1.894686857840819272e+01
2.225825664294264783e+01 8.559269535819183261e+00 4.063797739419124255e+00 8.559269535819183261e+00 -1.717186753012869005e+01 -7.180618308554723939e+00 4.063797739419124255e+00 -7.180618308554723939e+00 -1.743756733521204083e+01
1.859349961206917001e+01 -5.434254062995035106e+00 2.263606946374252260e+01 -5.434254062995035106e+00 -2.325948017626119579e+01 -1.346581986311429624e+01 2.263606946374252260e+01 -1.346581986311429624e+01 1.621161158933553281e+01
-2.106764638595452155e+01 4.274623961384254045e+00 -1.194754604325083491e+01 4.274623961384254045e+00 -8.216721417773374014e+01 -7.291378134156849988e+00 -1.194754604325083491e+01 -7.291378134156849988e+00 -2.368818214723996007e+01
-3.736190739471467737e+00 8.216806166938623868e-01 2.309763623304794233e+00 8.216806166938623868e-01 -2.049782390605288285e+01 4.912715117185151747e+00 2.309763623304794233e+00 4.912715117185151747e+00 -1.446964341775391683e+00
-2.947830838042202473e+01 2.092664214040520321e+01 6.984988720313356936e+00 2.092664214040520321e+01 -5.249229567348441350e+01 7.733301427352331281e+00 6.984988720313356936e+00 7.733301427352331281e+00 -2.044749350406994992e+01
-2.956743285237088159e+01 2.879176144379500535e+00 9.509432991197977358e+00 2.879176144379500535e+00 -4.964382400366574899e+01 -1.927172580330588136e+00 9.509432991197977358e+00 -1.927172580330588136e+00 -1.599627935408189927e+01
-1.251223298052734734e+01 -1.819061047134963616e+01 3.873079746792460920e+00 -1.819061047134963616e+01 -4.559319824159543089e+01 -5.630715268832052978e+00 3.873079746792460920e+00 -5.630715268832052978e+00 -1.554871804392427848e+01
-1.705235551739576749e+01 3.132225331574032712e+00 2.410818306479039919e+01 3.132225331574032712e+00 -4.373122880147249703e+01 4.168518257522175197e-01 2.410818306479039919e+01 4.168518257522175197e-01 -2.039759587450650002e+01
7.887089982982384839e+00 -1.067239016877761237e+01 1.609194005105892344e+01 -1.067239016877761237e+01 -1.772334559119277486e+01 5.449383750086093103e-01 1.609194005105892344e+01 5.449383750086093103e-01 1.333035999464148702e+01
-3.648659171939455348e+01 8.390995254641277157e+00 -3.052126383173275337e-01 8.390995254641277157e+00 -4.300204248751542480e+01 -3.520358477721269974e+00 -3.052126383173275337e-01 -3.520358477721269974e+00 -1.841163546899921144e+01
5.995281204300249556e+01 -7.558746446315538492e+00 1.284218968797218308e+00 -7.558746446315538492e+00 7.876251931024951247e+00 -4.632178107330930494e+00 1.284218968797218308e+00 -4.632178107330930494e+00 5.338109153911513971e+01
-3.922140565842090254e+00 2.541559469344686129e+00 2.246846598093306113e+01 2.541559469344686129e+00 -1.111267319435599354e+01 3.914291874841229646e+00 2.246846598093306113e+01 3.914291874841229646e+00 4.955313044763732577e+00
4.347091693807398016e+00 -7.649502592326813399e-01 1.473697348940467000e+00 -7.649502592326813399e-01 -8.307494480865416975e+00 7.639855452651347356e+00 1.473697348940467000e+00 7.639855452651347356e+00 2.110846741919812430e+01
-2.782708716793284864e+01 4.798507469033318706e+00 8.064029807564056185e+00 4.798507469033318706e+00 -4.192009411258097629e+01 -1.442969193167864761e+00 8.064029807564056185e+00 -1.442969193167864761e+00 -1.319495290697164869e+01
-3.302468495084972488e+01 -2.540929209654033016e+00 1.076962804283971309e+01 -2.540929209654033016e+00 -5.074211212588910058e+01 -9.602174282308739706e+00 1.076962804283971309e+01 -9.602174282308739706e+00 -4.111323944031620492e+00
5.601235493141187405e+00 -6.105346161673049998e+00 -9.318302336109700601e-01 -6.105346161673049998e+00 -4.041635506313875936e+01 1.517251715857284111e+01 -9.318302336109700601e-01 1.517251715857284111e+01 -5.061592331804574130e+00
1.712136044119566591e+01 8.952860266344300211e-01 1.685815154479262290e+01 8.952860266344300211e-01 8.273874831319025347e+00 8.374872518063085636e+00 1.685815154479262290e+01 8.374872518063085636e+00 2.739778076683669283e+01
1.056547525769520846e+01 -2.857279765756687295e-01 8.185014619712207562e+00 -2.857279765756687295e-01 5.384732513188107417e-01 5.246919485432934849e+00 8.185014619712207562e+00 5.246919485432934849e+00 2.802638516981806305e+01
-1.223188093053170888e+00 2.052325479424789734e+01 -3.438175238303814218e+00 2.052325479424789734e+01 -1.742303620164166134e+01 -4.248985475837919523e+00 -3.438175238303814218e+00 -4.248985475837919523e+00 -3.809772598865549753e+01
-2.444654077975866713e+01 -1.538305600797294481e+01 4.033529214830839038e+00 -1.538305600797294481e+01 -4.024207931256325566e+01 -4.031634614914145764e+00 4.033529214830839038e+00 -4.031634614914145764e+00 -2.045472976699970147e+01
1.120434440086827976e+01 1.291259909632992731e+01 7.472993020829672872e+00 1.291259909632992731e+01 -2.091571550176719896e+01 -3.863075286936497044e+00 7.472993020829672872e+00 -3.863075286936497044e+00 2.123841265176224979e+01
1.612949808011305208e+01 8.280759257234302950e+00 1.259546412997327636e+01 8.280759257234302950e+00 -3.841953529196036499e+00 2.269199193767551748e+00 1.259546412997327636e+01 2.269199193767551748e+00 5.471567169095761685e+00
1.399547687224272030e+00 3.619787792088235090e+00 1.225543853008100825e+01 3.619787792088235090e+00 -2.396582792463738087e+01 -1.149176569461925723e+01 1.225543853008100825e+01 -1.149176569461925723e+01 1.136262538708165293e+00
-1.375534387406427861e+01 -1.628681387572802119e+00 3.515355695373672873e+00 -1.628681387572802119e+00 -3.761300408429326581e+01 -5.327284869513800203e+00 3.515355695373672873e+00 -5.327284869513800203e+00 -1.211787367647321201e+00
-1.515501283983423519e+01 -3.683352355419453161e+00 1.701447598667791183e+01 -3.683352355419453161e+00 -4.960975556499862904e+01 4.200079630847476153e+00 1.701447598667791183e+01 4.200079630847476153e+00 -1.745949609320183171e+01
-1.892427310842419175e+01 2.486657450349055054e+00 1.121671519450054433e+01 2.486657450349055054e+00 -8.964963560968033818e+00 -2.024635447441173852e+00 1.121671519450054433e+01 -2.024635447441173852e+00 -5.722223669909954680e+00
1.491021593170157544e+01 -8.867547491115903568e+00 1.661731480222448099e+01 -8.867547491115903568e+00 -1.170194875963092329e+01 -1.126661340956833568e+00 1.661731480222448099e+01 -1.126661340956833568e+00 2.896964833714787346e+01
-5.215561378689051786e+00 1.320590543477885959e+00 2.779033315614491517e+00 1.320590543477885959e+00 -4.315946688385672303e+00 2.621469724723364703e+00 2.779033315614491517e+00 2.621469724723364703e+00 -1.877869723865509100e+00
-2.764522987487999117e+01 -8.191015977947001758e+00 1.070477710995599985e+01 -8.191015977947001758e+00 -4.054467156638575887e+01 5.722740925560857228e+00 1.070477710995599985e+01 5.722740925560857228e+00 -1.750624171345463864e+01
-3.367294668019154358e+01 -4.931610175816590669e+00 3.814428456944132684e+00 -4.931610175816590669e+00 -5.099819716121579205e+01 1.408847405645331641e+01 3.814428456944132684e+00 1.408847405645331641e+01 -3.701292767231584691e+01
-2.405266621077764810e+01 2.159474858914082063e+01 5.493499293885814261e+00 2.159474858914082063e+01 -4.085467083843704472e+01 -3.874859359689164506e+00 5.493499293885814261e+00 -3.874859359689164506e+00 -2.488770091136359142e+01
1.952586475906340624e+01 6.072465225562427626e+00 5.333547884178040377e+00 6.072465225562427626e+00 1.290859301574904983e+01 -4.124255033427818518e+00 5.333547884178040377e+00 -4.124255033427818518e+00 2.718073364149707416e+01
-3.743178129551348654e+00 -7.027037055815164024e+00 3.072472435009023783e+00 -7.027037055815164024e+00 -4.539207221710417173e+01 -1.410452395059068609e+00 3.072472435009023783e+00 -1.410452395059068609e+00 -3.599994337880565354e+01
-2.032358278880525049e+01 -4.763533949653974808e+00 -1.863173703082780852e+00 -4.763533949653974808e+00 -3.531645109543045891e+01 5.034801332919416339e+00 -1.863173703082780852e+00 5.034801332919416339e+00 -1.244111112935877905e+01
-1.464713154991239996e+01 -5.899309926404324500e+00 -1.627043728716383475e+00 -5.899309926404324500e+00 -2.867977269225558956e+01 6.139241792762934580e+00 -1.627043728716383475e+00 6.139241792762934580e+00 -2.039187884698501207e+01
2.592296879926271203e+01 7.165794035044455335e+00 4.507348111676436453e+00 7.165794035044455335e+00 1.450192435664534152e+01 -6.686609850129687782e-01 4.507348111676436453e+00 -6.686609850129687782e-01 2.100014298804188329e+01
1.556173657357826201e+01 4.517933778982237136e+00 8.120385158593233399e+00 4.517933778982237136e+00 -6.642732658167836313e+00 3.046567053167415384e+00 8.120385158593233399e+00 3.046567053167415384e+00 5.947156234790380580e-01
3.053658376946875208e+01 -7.640136577359330161e+00 2.013138178017717550e+01 -7.640136577359330161e+00 4.427192421434539504e+00 -2.720092996030766042e+00 2.013138178017717550e+01 -2.720092996030766042e+00 6.291875665697565267e+01
2.461107804551297207e+01 1.177841949654832021e+01 2.386458860208425570e+00 1.177841949654832021e+01 1.328908522610114673e+01 -1.450148812419101851e+01 2.386458860208425570e+00 -1.450148812419101851e+01 2.130601560802618621e+01
-1.414183035047601500e+01 -1.593004328832501315e+00 5.157949882357807603e+00 -1.593004328832501315e+00 -3.795484368792342167e+01 -2.654060705169966616e-01 5.157949882357807603e+00 -2.654060705169966616e-01 -1.601250463813271452e+01
-1.836371175660272925e+01 -1.239993281095951749e+00 1.254444018031199803e+01 -1.239993281095951749e+00 -3.250075253499174011e+01 -3.014801677142159075e+00 1.254444018031199803e+01 -3.014801677142159075e+00 -1.363309931682133325e+01
1.659944290573295334e+01 -8.318005763655040852e+00 -3.290852990467359351e+00 -8.318005763655040852e+00 -4.446382377707735145e+01 -1.093048040634410256e+01 -3.290852990467359351e+00 -1.093048040634410256e+01 -3.306164645593523232e+01
-1.685358173942030469e+00 -1.090019240246582122e+01 7.592208169586756483e+00 -1.090019240246582122e+01 -1.438305263802785205e+01 -1.253593788237009399e+01 7.592208169586756483e+00 -1.253593788237009399e+01 1.237374969179668227e+01
-1.912498282141501704e+01 -7.974448629704015801e+00 1.775305462860849337e+00 -7.974448629704015801e+00 -4.746085135911526010e+01 -1.874757672181255996e+00 1.775305462860849337e+00 -1.874757672181255996e+00 -8.689977391841795296e+00
4.078714490835955608e+00 -4.035590889650507940e+00 2.895108077456587026e+01 -4.035590889650507940e+00 -5.561286688398278955e+01 7.844302945569763708e+00 2.895108077456587026e+01 7.844302945569763708e+00 8.375157933111726516e-01
-3.056163692724398473e+01 -7.330082494783292546e+00 2.282242460944981488e+01 -7.330082494783292546e+00 -6.324578057643864781e+01 3.061100903233631598e+00 2.282242460944981488e+01 3.061100903233631598e+00 -2.716460970995004232e+01
-1.101583824947604384e+01 9.957856598711670060e+00 6.188097804165438198e+00 9.957856598711670060e+00 -3.377676949977554699e+01 -7.766385449253461193e-01 6.188097804165438198e+00 -7.766385449253461193e-01 2.067810290522607009e+00
-2.854629823795585253e+01 -8.826784174350937873e-01 3.043847737420776411e+00 -8.826784174350937873e-01 -6.802498786671554853e+01 -1.905372135727369631e+00 3.043847737420776411e+00 -1.905372135727369631e+00 -4.163016858187653213e+01
-2.260639685659913312e+01 7.561651468619076111e-01 6.014923281803130628e+00 7.561651468619076111e-01 -2.980360426628528714e+01 -5.499028448066793917e-01 6.014923281803130628e+00 -5.499028448066793917e-01 7.450336473266184534e+00
5.791528693150734597e+01 1.489441693224866636e-01 3.549551027269631476e+01 1.489441693224866636e-01 1.663439943336545923e+01 -1.427398870668904607e+01 3.549551027269631476e+01 -1.427398870668904607e+01 5.393172091669222823e+01
