2.110690401994646592e+01 9.905281739768110327e+00 2.262214402729280849e+01 9.905281739768110327e+00 -9.030043253844329598e+00 2.431512709547851259e+00 2.262214402729280849e+01 2.431512709547851259e+00 3.161431562488081326e+01
7.049376490589823518e+00 8.061638711504592880e-01 -3.811956726645733262e-01 8.061638711504592880e-01 -6.660434171016744287e+00 -5.303189866340535907e+00 -3.811956726645733262e-01 -5.303189866340535907e+00 -4.595400469351582196e+00
2.637071153971612247e+01 5.147366431831679634e+00 5.349774423646491250e+00 5.147366431831679634e+00 3.097114367603233376e+01 -1.370454767361016346e+00 5.349774423646491250e+00 -1.370454767361016346e+00 2.480831016161202740e+01
3.035037865223375775e+01 -2.538452243112877316e+00 1.651284111740696048e+01 -2.538452243112877316e+00 1.156934521393486648e+01 5.747981550498980852e+00 1.651284111740696048e+01 5.747981550498980852e+00 1.683214448189198720e+01
-6.643322639106350458e+00 2.454257988742042151e+00 2.448625289105390568e+00 2.454257988742042151e+00 -4.846952443220067686e+00 3.395840804473962748e+00 2.448625289105390568e+00 3.395840804473962748e+00 -1.156883035372964308e+01
2.762201552010282768e+01 2.113951459314551418e+00 2.222582058457128973e+00 2.113951459314551418e+00 5.868472657601887299e+00 8.443598164064660239e+00 2.222582058457128973e+00 8.443598164064660239e+00 3.548102536871650159e+01
-2.699154299877133667e+01 -6.217536138292176773e+00 -2.534105246975225434e+00 -6.217536138292176773e+00 -2.409587649784480945e+01 -6.869744334665755403e+00 -2.534105246975225434e+00 -6.869744334665755403e+00 -1.884681218638147016e+01
1.140041948896690549e+01 -2.190549479718017611e+00 1.950974934407611494e+00 -2.190549479718017611e+00 3.565410860932511028e+00 1.576332227376063244e+01 1.950974934407611494e+00 1.576332227376063244e+01 1.024042598673968207e+01
-1.841699386806911320e+01 -9.331110645636167433e+00 3.080305066736658048e+00 -9.331110645636167433e+00 -3.458486599887427104e+01 7.593547816666885275e+00 3.080305066736658048e+00 7.593547816666885275e+00 -1.145338601933495326e+01
2.151493408549092479e+01 2.112435616808212568e+00 1.090217061087157546e+01 2.112435616808212568e+00 1.864195793672144319e+01 4.874670587413600487e+00 1.090217061087157546e+01 4.874670587413600487e+00 1.804817600843196956e+01
-8.022126274543200708e+00 -9.166245710012331571e+00 8.065519323026756338e-01 -9.166245710012331571e+00 1.278549472873937498e+00 1.787149951652600599e+00 8.065519323026756338e-01 1.787149951652600599e+00 8.241262937643043074e+00
7.838236353718988525e+00 -4.120958017715238064e+00 1.280381111982925368e+01 -4.120958017715238064e+00 -6.509777942790811345e+00 -1.978917656283910143e+00 1.280381111982925368e+01 -1.978917656283910143e+00 1.420166274215723767e+01
-7.590483745403419746e+00 -1.824651776535356928e+00 8.723178932679839903e+00 -1.824651776535356928e+00 -1.499618346604377805e+01 2.515010396370857215e+00 8.723178932679839903e+00 2.515010396370857215e+00 -4.153796115035803815e+00
-3.410418145075702512e+01 -1.024191529441612403e+00 -1.415263896751149053e+00 -1.024191529441612403e+00 -3.678335378628779750e+01 -3.077031129407392207e+00 -1.415263896751149053e+00 -3.077031129407392207e+00 -2.169049352351071747e+01
4.924233434320237635e-01 -9.761262823061406024e+00 6.558553404521743069e+00 -9.761262823061406024e+00 -1.646782455737491446e+01 7.299559395216826729e+00 6.558553404521743069e+00 7.299559395216826729e+00 -1.038447410813766858e+01
6.732478588814762688e+00 1.241112556869119921e+01 2.830328469917499312e+00 1.241112556869119921e+01 -7.460373420812213219e+00 -1.245124513917569148e-01 2.830328469917499312e+00 -1.245124513917569148e-01 6.933496802568884121e+00
-8.560424075563819457e+00 1.088350142261664466e+01 5.391260550886332936e+00 1.088350142261664466e+01 -1.330985800420075194e+01 -2.691469313286404041e+00 5.391260550886332936e+00 -2.691469313286404041e+00 -1.650297749861037389e+00
7.320079478405222773e+00 7.046981354113956986e-01 -3.590007913891161362e+00 7.046981354113956986e-01 1.997162231546772082e+00 4.140612531809920505e+00 -3.590007913891161362e+00 4.140612531809920505e+00 -3.024105755852506849e+00
2.583275674121819776e+01 2.865621206227065287e-01 2.703510658831183022e+00 2.865621206227065287e-01 3.285363929551758844e+01 -9.771563705004593814e+00 2.703510658831183022e+00 -9.771563705004593814e+00 2.378215370833493836e+01
2.380909946350989514e+00 4.915017460145680417e+00 7.868496910236927988e+00 4.915017460145680417e+00 -3.488781411063823334e+00 4.868776388367105135e+00 7.868496910236927988e+00 4.868776388367105135e+00 8.784188260383402280e+00
3.002862703188738891e+01 -2.751366208165130889e+00 7.942164437414962030e+00 -2.751366208165130889e+00 1.614485328911579742e+01 6.630009427983946324e+00 7.942164437414962030e+00 6.630009427983946324e+00 2.481792595737520557e+01
4.230157545615953296e+01 1.321212505010856741e+00 -5.471756056435689963e+00 1.321212505010856741e+00 4.320506562277580542e+01 1.376254555708529503e+00 -5.471756056435689963e+00 1.376254555708529503e+00 3.970966407544595000e+01
-1.219194386123680118e+01 -1.942054513773781244e+00 4.410531423810708951e+00 -1.942054513773781244e+00 -2.280889016016061177e+01 -1.083652293277563494e+01 4.410531423810708951e+00 -1.083652293277563494e+01 -1.155704240318532428e+01
1.763195966246735225e+01 1.582316336633240894e+00 1.436484525090919995e+01 1.582316336633240894e+00 2.361847233105748955e+00 -4.888590321455273724e+00 1.436484525090919995e+01 -4.888590321455273724e+00 1.338973640601061987e+01
-1.097290986906679500e+01 -3.610864233103697529e+00 3.482023985916249398e+00 -3.610864233103697529e+00 -1.888173867842016307e+01 -1.811267052589818238e+00 3.482023985916249398e+00 -1.811267052589818238e+00 -1.446071519393554361e+01
-4.844795598489858079e+00 2.383753529489064604e+00 9.029381560425481013e+00 2.383753529489064604e+00 -1.968554895330279919e+01 3.419502931858035000e-01 9.029381560425481013e+00 3.419502931858035000e-01 -1.573190426255157703e+01
3.854677100182720295e+01 -3.343084533892368149e-02 6.785149909849035765e+00 -3.343084533892368149e-02 3.105588810447049042e+01 -4.035783864031039059e+00 6.785149909849035765e+00 -4.035783864031039059e+00 3.062803296967719646e+01
-3.192362435894398587e+01 8.966505810424878931e+00 1.512772550189711851e-01 8.966505810424878931e+00 -2.658648588743252006e+01 -4.409281244700408386e+00 1.512772550189711851e-01 -4.409281244700408386e+00 -3.709399301812241845e+01
1.234787698514333520e+01 2.342367640470431223e+00 1.724388734893026509e+01 2.342367640470431223e+00 -1.407523797696253354e+01 4.029913485630120390e-02 1.724388734893026509e+01 4.029913485630120390e-02 1.676695968583400287e+01
1.903499669270295058e+01 9.007782995985623486e+00 1.016749845413174036e+01 9.007782995985623486e+00 -1.434369631158127056e+01 3.452017719125465955e+00 1.016749845413174036e+01 3.452017719125465955e+00 2.834016911531235472e+00
-1.366938917524033137e+01 -2.040427005188893528e+00 9.171560919167273340e+00 -2.040427005188893528e+00 -3.165653464285708196e+01 -6.108916778366875633e+00 9.171560919167273340e+00 -6.108916778366875633e+00 -1.293596477380012466e+01
-1.765778858913704497e+01 -1.624737292324612614e+00 7.414891349533196063e+00 -1.624737292324612614e+00 -4.897055524145864069e+01 9.714132293718283906e-01 7.414891349533196063e+00 9.714132293718283906e-01 -1.803246159332572063e+01
1.664933024479913115e+01 7.516808998426072197e-01 1.957484217869131982e+01 7.516808998426072197e-01 -8.770100214348685030e-01 3.154964271839317824e+00 1.957484217869131982e+01 3.154964271839317824e+00 4.375912719821293817e-01
-2.014986051472622108e+01 -5.794451750597123585e+00 1.028250889442376526e+01 -5.794451750597123585e+00 -2.989167047575934077e+01 5.469763852254138747e+00 1.028250889442376526e+01 5.469763852254138747e+00 -1.751335287640116789e+01
-1.392226903868944987e+01 -2.836454404875393909e+00 2.129676708976544930e+00 -2.836454404875393909e+00 -2.222098718081005586e+01 2.935400405127628343e+00 2.129676708976544930e+00 2.935400405127628343e+00 -1.885823298730019459e+01
-2.041406168436072921e+00 1.888315180718160846e+00 2.309774662757466679e+00 1.888315180718160846e+00 2.399597763642898229e+00 -1.487849686208737809e+00 2.309774662757466679e+00 -1.487849686208737809e+00 -2.255077355103852099e+00
-2.246186860901455162e+01 5.197371655083839137e+00 1.433469241348826140e+00 5.197371655083839137e+00 -2.413336699642129801e+01 -3.332176280542667790e+00 1.433469241348826140e+00 -3.332176280542667790e+00 -2.835313524040665101e+01
-5.601533047429585466e+00 -3.736011492531328138e+00 -4.564372535334822345e+00 -3.736011492531328138e+00 -1.140823482292115187e+01 -8.958234704790543068e-01 -4.564372535334822345e+00 -8.958234704790543068e-01 -1.454207408151210468e-01
-7.902385767994354993e+00 6.550446593261586514e+00 1.437032446177463285e+01 6.550446593261586514e+00 4.246299344694183797e-01 -3.844105642897850839e+00 1.437032446177463285e+01 -3.844105642897850839e+00 3.261258985415065315e-01
3.401726637717507629e+01 -9.871516525723485813e+00 6.811416906840420005e+00 -9.871516525723485813e+00 2.940879004876187608e+01 7.363722085958791297e+00 6.811416906840420005e+00 7.363722085958791297e+00 3.894845158923848771e+01
-1.663379759216758558e+01 5.569718487827160835e+00 8.798637580992253460e-01 5.569718487827160835e+00 -3.434528590710574747e+01 -9.950581557507499397e+00 8.798637580992253460e-01 -9.950581557507499397e+00 -4.997784809254452121e+00
-1.833974500329025759e+01 -1.764233123809613835e+00 3.197458677667202043e+00 -1.764233123809613835e+00 -2.175831444697558581e+01 3.196807257060246155e+00 3.197458677667202043e+00 3.196807257060246155e+00 -2.296364300695357485e+01
5.818871217023843023e+00 1.429955357822716522e+01 2.429867394195321939e+00 1.429955357822716522e+01 3.373628600279367173e+00 -2.777179223615631187e+00 2.429867394195321939e+00 -2.777179223615631187e+00 -1.770500364191238063e+01
2.050074196574347596e+01 -7.759726015687371969e+00 1.456898177859321208e+01 -7.759726015687371969e+00 1.904876459548709988e+01 -4.139285077864776952e+00 1.456898177859321208e+01 -4.139285077864776952e+00 3.071251125465540355e+01
1.687271501866210599e+01 1.015653895119354111e+01 1.137874140570846393e+01 1.015653895119354111e+01 2.330678092428432180e+01 3.567435818158206651e+00 1.137874140570846393e+01 3.567435818158206651e+00 2.390896027701320747e+01
4.636741372965401808e+01 -5.896936073217824870e+00 1.064830193850705342e+01 -5.896936073217824870e+00 4.496344132781968028e+01 -1.059252088300710071e+01 1.064830193850705342e+01 -1.059252088300710071e+01 2.294411408139101738e+01
-3.500484690047538372e+00 2.671602031938341781e+00 3.041829891016646914e-01 2.671602031938341781e+00 -1.233446744156314345e+01 -4.227440112028181263e-01 3.041829891016646914e-01 -4.227440112028181263e-01 2.562356214198605819e+00
-1.033360194603761606e+01 2.479761676038907847e+00 9.359215279820505273e+00 2.479761676038907847e+00 -3.035205661523869836e+01 3.039744640202740600e-01 9.359215279820505273e+00 3.039744640202740600e-01 -1.375850310135330901e+01
-1.174075219084722788e+00 -3.870745122059979781e+00 1.602229125644918639e+01 -3.870745122059979781e+00 -2.979639766488188357e+01 -2.871865384680080791e+00 1.602229125644918639e+01 -2.871865384680080791e+00 -3.657611897339413609e+00
4.804465742616331525e+00 1.005593360940224379e+01 1.176158605457406914e+01 1.005593360940224379e+01 -9.693275341365025000e+00 -1.874267609822467817e-01 1.176158605457406914e+01 -1.874267609822467817e-01 7.577141240952771639e+00
