-3.812186648595096727e+01 -1.056416398349072061e+01 2.558282519113199260e+00 -1.056416398349072061e+01 -2.376571095827082658e+01 -6.199195737350826185e+00 2.558282519113199260e+00 -6.199195737350826185e+00 2.396026936663112039e+01
5.201197287862956387e+01 6.085472332646135740e+00 -3.126092437856083706e+00 6.085472332646135740e+00 1.281134293161309401e+01 8.401076355918688066e+00 -3.126092437856083706e+00 8.401076355918688066e+00 -9.862347912502388070e+00
-1.752019210676646921e+01 7.184474277404486742e+00 -1.003743310432685654e+01 7.184474277404486742e+00 -2.003927629947973443e+01 8.934914214963622925e+00 -1.003743310432685654e+01 8.934914214963622925e+00 -2.231969235727442680e+01
4.610694077723068318e+01 2.005275342219871249e+01 1.728918051553133139e+01 2.005275342219871249e+01 4.154420787207094179e+01 -3.210910446620837178e+01 1.728918051553133139e+01 -3.210910446620837178e+01 5.308284881020449930e+00
2.498294068252163669e+01 -5.873847525966248817e+00 1.002127448320127634e+01 -5.873847525966248817e+00 1.031478314156126075e+01 5.285473410100939518e+00 1.002127448320127634e+01 5.285473410100939518e+00 -1.270340236776327814e+01
-1.040362758835969537e+01 7.220688276719732457e+00 5.279399065101824107e+00 7.220688276719732457e+00 -1.444536297896197752e+00 -1.192927121413592806e-01 5.279399065101824107e+00 -1.192927121413592806e-01 -3.786024768075817093e+01
1.007990570867745994e+01 -2.225048619767665059e+01 -1.590855144461739101e+01 -2.225048619767665059e+01 1.901446381553421361e+01 8.524679946243134410e-01 -1.590855144461739101e+01 8.524679946243134410e-01 -3.940665759151450942e+01
8.722238672429294404e-01 -4.556432269477642905e+00 -2.728096903919652316e+00 -4.556432269477642905e+00 2.156474580673795316e+01 6.998607223781033504e+00 -2.728096903919652316e+00 6.998607223781033504e+00 -1.864745709881905000e+01
-3.522247319332880267e+00 1.167452683244187384e+00 9.178770191292288771e+00 1.167452683244187384e+00 4.877067870433858532e-02 6.881176364692656033e-01 9.178770191292288771e+00 6.881176364692656033e-01 -2.721554227281456662e+01
4.594084541994254067e+01 -2.052587171316145387e+01 -2.269257729723685912e+01 -2.052587171316145387e+01 1.391883216526890976e+01 8.805599021929966241e+00 -2.269257729723685912e+01 8.805599021929966241e+00 6.591155340688767517e+00
-2.059017915937838694e+01 -6.254085492623748799e-01 9.911912823791263705e+00 -6.254085492623748799e-01 -3.263894644310721560e+01 -7.885650685313201791e+00 9.911912823791263705e+00 -7.885650685313201791e+00 -6.816420157645947597e+01
7.956808581114306334e-01 -7.646753641259823375e+00 1.187270831066890864e+01 -7.646753641259823375e+00 -8.107201459033015922e+00 -1.525870010101658103e+01 1.187270831066890864e+01 -1.525870010101658103e+01 -4.611179606810514997e+01
-2.334243136272008101e+01 -1.370823723304719088e+01 7.169848226834288907e-01 -1.370823723304719088e+01 5.009935813600866261e+00 -1.381665114420003881e+01 7.169848226834288907e-01 -1.381665114420003881e+01 -3.382623345266062387e+01
-1.603119931329057835e+01 -1.014266625450408199e+01 -4.697849081248543612e+00 -1.014266625450408199e+01 6.699900337957698682e+00 6.322579922960214205e-01 -4.697849081248543612e+00 6.322579922960214205e-01 -2.188245825664790800e+01
4.615510431761037324e+01 -1.604611677179718043e+01 -5.415772370660219437e+00 -1.604611677179718043e+01 2.222941534018560006e+01 1.296175288994072439e+01 -5.415772370660219437e+00 1.296175288994072439e+01 -1.581010598183668847e+01
1.199662483067984731e+01 6.983860872333859326e+00 -2.863781621379837716e+00 6.983860872333859326e+00 -3.459465582392773797e+01 -1.601005333585378310e+01 -2.863781621379837716e+00 -1.601005333585378310e+01 -3.893405975806773256e+01
2.879661125404988908e+01 -5.776025466046283086e+00 -2.350374124527741415e+00 -5.776025466046283086e+00 1.953737746355880489e+01 2.358791747323444099e+01 -2.350374124527741415e+00 2.358791747323444099e+01 -1.257185477019852549e+01
-2.521670256083047335e+01 -8.565581764355487238e+00 -7.349423556127937296e+00 -8.565581764355487238e+00 -4.771083702506568613e+01 1.818723724613059289e+01 -7.349423556127937296e+00 1.818723724613059289e+01 -7.772696003846992596e+01
-5.491606666062411080e+01 1.367569088641881203e+00 -3.392778137155870066e+00 1.367569088641881203e+00 -2.698563646612141653e+01 1.220491582132670283e+00 -3.392778137155870066e+00 1.220491582132670283e+00 -1.547194309405288459e+00
-1.760473836481137155e+01 7.188226245733023489e+00 -4.614699852739125419e+00 7.188226245733023489e+00 -9.701267431097148730e+00 1.531886845101034211e+01 -4.614699852739125419e+00 1.531886845101034211e+01 -4.668242055457895390e+01
2.312245560132286215e+00 -1.857565530681402421e+01 -2.419096244207728397e+00 -1.857565530681402421e+01 -2.107593625262267523e+01 1.448152569459278993e+01 -2.419096244207728397e+00 1.448152569459278993e+01 -4.197852761442013758e+01
-1.978830223647716835e+01 1.025651038420395178e+00 -9.034431333149526289e-01 1.025651038420395178e+00 -1.167791421528020912e+01 -1.032121618242361905e+01 -9.034431333149526289e-01 -1.032121618242361905e+01 -2.730245737600892042e+01
5.817783912256309264e+01 -8.547744598667470939e+00 -1.368553412998112506e+00 -8.547744598667470939e+00 3.239149217794467006e+01 1.974360769081078004e+01 -1.368553412998112506e+00 1.974360769081078004e+01 -2.168609425205437979e+00
1.985582869617723034e+01 1.501991643619155425e+01 -1.610232292045845526e+01 1.501991643619155425e+01 2.435596504840431553e+00 -1.370209362008069043e+01 -1.610232292045845526e+01 -1.370209362008069043e+01 -1.541873227856988926e+01
1.673696001834700553e+01 -8.582799119767868135e+00 -3.296634843677823223e+00 -8.582799119767868135e+00 -1.007571892317394280e+01 1.086033007773135273e+00 -3.296634843677823223e+00 1.086033007773135273e+00 1.824427055339970494e+01
-4.692977033292307709e+01 8.697763197307674332e+00 -1.104811658145863351e+00 8.697763197307674332e+00 -2.811553788771134066e+01 3.889121407567551980e+00 -1.104811658145863351e+00 3.889121407567551980e+00 8.031796972870701268e+00
2.310657580680817613e+00 8.502775896328665928e-01 1.824269510758911528e+00 8.502775896328665928e-01 -3.318629558322144568e+00 4.017799959097178686e+00 1.824269510758911528e+00 4.017799959097178686e+00 2.263922123933296948e+00
1.137023727002173779e+01 -6.958789404744401885e+00 1.189102777738736405e+00 -6.958789404744401885e+00 5.065304187789475776e+00 -4.757017507996365246e+00 1.189102777738736405e+00 -4.757017507996365246e+00 -4.021541537725301652e+00
-1.330427575728432643e+01 1.233596331116414468e+01 1.861641000489076703e+01 1.233596331116414468e+01 -4.145750809275175897e+01 3.614486472669012684e+00 1.861641000489076703e+01 3.614486472669012684e+00 -3.147635648736016378e+01
-1.001388410636381288e+01 4.106300130052904507e+00 3.111996618377580859e+01 4.106300130052904507e+00 -1.533698007919712403e+01 1.016853497453863753e+01 3.111996618377580859e+01 1.016853497453863753e+01 -8.941218444660494313e+00
-5.051694279823217926e+01 1.153547121736492542e+01 -1.947390685570051971e+01 1.153547121736492542e+01 -9.970682603378870468e+00 -1.413624316223107336e+01 -1.947390685570051971e+01 -1.413624316223107336e+01 -7.570409083093679214e+01
-1.581066379686660639e+01 -1.669420109183405287e+01 6.852366157890250165e+00 -1.669420109183405287e+01 4.161735979100975591e+00 -3.528106682514674297e+00 6.852366157890250165e+00 -3.528106682514674297e+00 -3.595173102720153935e+01
-3.211320873825656719e+01 -2.307796499795740530e+00 -6.803210464948572955e+00 -2.307796499795740530e+00 -2.231536554612008061e+01 1.407273749095750048e+01 -6.803210464948572955e+00 1.407273749095750048e+01 -5.991714827696244328e+01
-2.565628616766421999e+01 -1.352023970853929313e+01 1.394218681384402281e+01 -1.352023970853929313e+01 3.556718255447628985e-01 -2.174317488662003228e+01 1.394218681384402281e+01 -2.174317488662003228e+01 -6.929507208935241636e+01
8.108919747473851913e+00 8.087661968488074393e+00 1.122531771183467031e+00 8.087661968488074393e+00 3.185111276292424964e-01 7.321527074813128699e+00 1.122531771183467031e+00 7.321527074813128699e+00 -3.165574545249446103e+01
9.278736382185440945e+00 1.567336171975997949e+01 1.361061852370045422e+01 1.567336171975997949e+01 1.109919225356097883e+01 -7.646126812973593090e+00 1.361061852370045422e+01 -7.646126812973593090e+00 3.496152079869573104e+00
2.059933832518196795e+01 3.054817772754068184e+00 -1.403388027639563340e+01 3.054817772754068184e+00 1.182920154614950192e+01 6.269210430151224145e+00 -1.403388027639563340e+01 6.269210430151224145e+00 -2.920813962123137131e+01
-1.994280715476448407e+01 4.410936500046671149e+00 6.000218672510699847e+00 4.410936500046671149e+00 9.457523480898816004e+00 1.816114961093466817e+01 6.000218672510699847e+00 1.816114961093466817e+01 2.819314061870910137e+01
-3.330990850014877935e+01 1.388725453673493204e+00 4.331373059500983835e+00 1.388725453673493204e+00 -4.938610810717967325e+01 1.563677046804413662e+00 4.331373059500983835e+00 1.563677046804413662e+00 -3.086481973177874139e+01
-5.210262777338046902e+01 4.634819136257347871e+00 3.740086381740911037e+01 4.634819136257347871e+00 -5.675313696627399906e+01 4.867071297923022399e+00 3.740086381740911037e+01 4.867071297923022399e+00 -8.426618214439297105e+01
2.296568980962763717e+01 3.228236939315165088e+00 -6.768503541413118718e+00 3.228236939315165088e+00 1.451936217795774420e+00 4.549375061281343058e+00 -6.768503541413118718e+00 4.549375061281343058e+00 -3.377621619479947412e+01
4.284707659059844076e+01 -1.069462660056139214e+01 4.299442896368548261e+00 -1.069462660056139214e+01 2.925903956177942433e+01 -8.148156035903195704e-01 4.299442896368548261e+00 -8.148156035903195704e-01 3.998424717438434328e+01
-4.723472420031421137e+01 6.374317487450607445e+00 -5.944306007555651972e-01 6.374317487450607445e+00 -1.966284087446081230e+01 1.541649011932641145e+00 -5.944306007555651972e-01 1.541649011932641145e+00 1.262452087429013403e+01
-5.699771947818754825e+01 4.734703972018173168e+00 -1.134808998774966327e+00 4.734703972018173168e+00 -2.566829071322183964e+01 -9.677075633379812913e+00 -1.134808998774966327e+00 -9.677075633379812913e+00 3.609511087149341080e+01
-4.115147057424198174e+00 -9.484650667919333200e-01 -2.979488161898337095e-01 -9.484650667919333200e-01 -8.825279735409772286e-01 -1.772399684036721323e+00 -2.979488161898337095e-01 -1.772399684036721323e+00 2.292688814256513274e-01
-1.181765242631246515e+01 -1.036314507863678536e+01 9.467638658212305103e+00 -1.036314507863678536e+01 -8.222054118531756828e+00 -1.828883778016530925e+01 9.467638658212305103e+00 -1.828883778016530925e+01 -1.080830514484134142e+01
-3.935356997053007433e+01 -1.472582530847429716e+01 -1.425680929515263351e+01 -1.472582530847429716e+01 -1.928545343080646646e+01 -3.363136783414437225e+00 -1.425680929515263351e+01 -3.363136783414437225e+00 -5.883400794685187662e+01
-2.593191840697780393e+01 4.058233259315956332e+01 -1.907221729623243656e+00 4.058233259315956332e+01 -7.780521030282256056e+00 9.840411756279662470e+00 -1.907221729623243656e+00 9.840411756279662470e+00 -3.709699027194000109e+01
9.647564502475943771e-01 9.609196850950182167e+00 5.879521110131111783e+00 9.609196850950182167e+00 -5.632488940621742657e+00 -2.057155632867111894e+00 5.879521110131111783e+00 -2.057155632867111894e+00 -1.038936573779784212e+01
2.886506030196428085e+01 7.416869548809833235e-02 1.139493195384750379e+01 7.416869548809833235e-02 3.262076680302779152e+01 -4.588718713044395159e+00 1.139493195384750379e+01 -4.588718713044395159e+00 -4.807999451744237263e+00
-5.656640120273816130e+00 3.566132401206637326e+00 -3.308122772239032727e+00 3.566132401206637326e+00 -9.338251564765368329e+00 1.645177245692707402e+01 -3.308122772239032727e+00 1.645177245692707402e+01 -1.067845593001630888e+01
-6.208657543640369880e+01 2.310600060805167555e+00 -8.931818418437318385e+00 2.310600060805167555e+00 -2.220665595286444116e+01 3.500242740286154230e+00 -8.931818418437318385e+00 3.500242740286154230e+00 1.118684145769675986e+01
4.485382731431268155e+01 -6.548655097928558710e+00 1.090069626233373667e-01 -6.548655097928558710e+00 1.383049474704486315e+01 -1.196251701630921982e+00 1.090069626233373667e-01 -1.196251701630921982e+00 -2.253134644601976078e+01
-2.052990715214413697e+01 1.342927811380335434e+01 2.175123751910729430e-01 1.342927811380335434e+01 6.523038837742386242e+00 -4.352623114736999810e-01 2.175123751910729430e-01 -4.352623114736999810e-01 6.474413681711750712e+01
2.574647602732980189e+01 5.750993208264141288e-01 -1.124085149626214175e+01 5.750993208264141288e-01 1.211940623943764672e+00 -1.015744108997787976e+01 -1.124085149626214175e+01 -1.015744108997787976e+01 -4.035951564282154891e+01
3.400164083019616701e+00 -4.610449763555895863e+00 -2.120603876473014537e+01 -4.610449763555895863e+00 5.066613087220662059e+00 4.818989317314853693e+00 -2.120603876473014537e+01 4.818989317314853693e+00 -4.643003413214132991e+01
-5.234197125418665308e+01 1.874393341974441407e+00 5.555356194746492449e+00 1.874393341974441407e+00 -3.059994149793476481e+01 1.113126662888798535e+01 5.555356194746492449e+00 1.113126662888798535e+01 -2.894691340827571402e+00
4.946045809837789164e+01 1.043086702084953821e+01 2.025974794014098990e+01 1.043086702084953821e+01 5.773065431519931678e+01 -1.773082318905474608e+01 2.025974794014098990e+01 -1.773082318905474608e+01 4.118227091560658693e+00
-1.723712507447657316e+01 -5.418887065304040185e+00 7.191603480311265173e+00 -5.418887065304040185e+00 -2.782479829954498740e+01 -1.058534311685527030e+01 7.191603480311265173e+00 -1.058534311685527030e+01 -4.504969817788977338e+01
-3.557413231875167270e+01 -3.619720785181696154e+00 -7.205983559036424957e+00 -3.619720785181696154e+00 -4.134902513403486068e+01 2.247493954149410200e+01 -7.205983559036424957e+00 2.247493954149410200e+01 -4.879728074930211790e+01
2.953091937532725453e+01 1.779336334677268094e-01 -2.845250764242870378e+00 1.779336334677268094e-01 3.355728294993907213e+01 2.709528302172447667e+00 -2.845250764242870378e+00 2.709528302172447667e+00 4.055959797270941181e+01
-4.192339025913115336e+01 2.025079912592517406e+00 9.655297325517585350e+00 2.025079912592517406e+00 -1.457431424416424370e+01 3.362048459041870441e+00 9.655297325517585350e+00 3.362048459041870441e+00 3.056456481824962879e+01
6.003636682533095126e+01 8.654002230110870997e+00 -5.867275573949982892e+00 8.654002230110870997e+00 3.854819865849770366e+01 1.239699228158281308e+01 -5.867275573949982892e+00 1.239699228158281308e+01 5.316583511096673931e+00
-2.984818319032018152e+01 4.894213942073763590e+00 -8.016691990874653229e+00 4.894213942073763590e+00 -2.820147487626277538e+01 7.200536273335072401e+00 -8.016691990874653229e+00 7.200536273335072401e+00 -6.002442347081750995e+01
3.551499652893317460e+01 -6.098694881775640120e+00 2.623810901158740716e+00 -6.098694881775640120e+00 3.058095688239510679e+01 -9.551904220298093051e+00 2.623810901158740716e+00 -9.551904220298093051e+00 2.362273346572910171e+01
-4.597795598545839368e+01 -6.652962005979723425e-01 -2.313046356976595330e+00 -6.652962005979723425e-01 -1.931738105068819777e+01 -1.354028563406959229e+01 -2.313046356976595330e+00 -1.354028563406959229e+01 3.458292358807167233e+01
5.526299591606220751e-02 1.201215061839032927e+01 -1.546606253638165285e+01 1.201215061839032927e+01 -2.310851444731448368e+01 -2.370755750792929462e+01 -1.546606253638165285e+01 -2.370755750792929462e+01 2.252982686758377895e+01
3.934683603575761879e+01 9.130136354722275804e-01 -1.163294461646816380e+00 9.130136354722275804e-01 3.599602308313392740e+01 -8.959785742561793276e-01 -1.163294461646816380e+00 -8.959785742561793276e-01 3.126682094215627217e+01
-2.305776378698825013e+01 -1.070916136401759289e+01 1.217235440569102245e+01 -1.070916136401759289e+01 -1.452652646518435198e+01 -4.293248068548636276e+00 1.217235440569102245e+01 -4.293248068548636276e+00 -3.670734239998765958e+01
-3.639910813607273354e+01 1.494855641352751618e+01 5.037099003667061758e+00 1.494855641352751618e+01 -3.257364102993471278e+01 6.781832372990869828e+00 5.037099003667061758e+00 6.781832372990869828e+00 -6.778031615190106152e+01
-3.835537112647590785e+00 1.657217391830919651e-01 -9.346686219214255686e+00 1.657217391830919651e-01 -7.997762926115429494e+00 5.084049439332336107e+00 -9.346686219214255686e+00 5.084049439332336107e+00 -1.942276950734073138e+00
-5.297668806659534368e+01 -6.844340971547388186e+00 -2.726121472433710835e+01 -6.844340971547388186e+00 -2.126019507368097194e+01 1.738564733057594580e+01 -2.726121472433710835e+01 1.738564733057594580e+01 -6.661938872757509955e+01
-2.201721577588079626e+01 -8.643200578074946572e-01 -1.215575016785346918e+01 -8.643200578074946572e-01 8.057017327074138535e+00 9.122075695129952422e+00 -1.215575016785346918e+01 9.122075695129952422e+00 3.891521953780218723e+01
-1.055634642023160730e+01 5.305822842253771654e+00 4.036046142017176486e+00 5.305822842253771654e+00 -1.127202257753412873e+01 5.659242997986129176e+00 4.036046142017176486e+00 5.659242997986129176e+00 -7.818629344064683906e+00
5.600149590031764291e+01 -3.967779586206839681e+00 -1.752188594405235733e+01 -3.967779586206839681e+00 1.650505159410258571e+01 -5.905869398737635834e+00 -1.752188594405235733e+01 -5.905869398737635834e+00 1.361362799002223234e+01
-3.879200985364816745e+01 4.454405281280815032e+00 1.319208660720467918e+01 4.454405281280815032e+00 -2.121715879268619886e+01 9.958311993936197482e+00 1.319208660720467918e+01 9.958311993936197482e+00 -5.061028498375559082e+01
-1.672537672501660211e+01 6.328662858232360300e+00 -2.134703635869187721e+01 6.328662858232360300e+00 -4.119502343370380260e+01 -1.740300954089374841e+01 -2.134703635869187721e+01 -1.740300954089374841e+01 -4.888433941431741658e+01
4.947768937431996505e+01 -5.804802305039639121e-01 5.006005969421905011e-01 -5.804802305039639121e-01 3.682155735813191910e+01 1.019926733534273744e+01 5.006005969421905011e-01 1.019926733534273744e+01 -2.708976015542909721e+01
5.084173170742392500e+01 7.921645211422364552e-01 7.440010437233530283e+00 7.921645211422364552e-01 3.740857898001002724e+01 -1.601209750267737064e+01 7.440010437233530283e+00 -1.601209750267737064e+01 1.227881260285305753e+00
1.305328227260982921e+01 2.864492471137964014e+00 -1.384554115008534314e+00 2.864492471137964014e+00 -1.779602629727463858e+00 -7.898362930360200984e+00 -1.384554115008534314e+00 -7.898362930360200984e+00 -4.845332478300380075e+01
8.147852244780480646e+01 1.028199694713905821e+01 2.040815349487134611e+01 1.028199694713905821e+01 3.773607653469838397e+01 4.735891319909447117e-01 2.040815349487134611e+01 4.735891319909447117e-01 1.649350072134959433e+01
1.481940402277431446e+01 -1.797624216534725861e+01 4.079973986309629375e+00 -1.797624216534725861e+01 1.877709405439967227e+01 -7.013316318557681228e+00 4.079973986309629375e+00 -7.013316318557681228e+00 -6.986092272897182376e+00
6.555042131271618722e+00 -1.944273812157389481e+00 3.584629524632083175e+00 -1.944273812157389481e+00 1.808607242414631600e+01 -7.948430674279729047e+00 3.584629524632083175e+00 -7.948430674279729047e+00 -4.379562731244221396e+01
2.566952934773233608e+01 -1.507452456213843917e+01 1.790291143199122104e+01 -1.507452456213843917e+01 2.037334266936290916e+01 -1.429982008056662091e+00 1.790291143199122104e+01 -1.429982008056662091e+00 -2.147129896747639677e+01
-5.069004135019899770e+00 -1.925900805313522923e+01 7.098888814661562741e+00 -1.925900805313522923e+01 -2.724010152686220110e+01 -7.361570638160876534e+00 7.098888814661562741e+00 -7.361570638160876534e+00 -5.159797690411181037e+01
-7.940425106072425798e+00 1.629695220269078870e+00 1.153647428217058746e+01 1.629695220269078870e+00 -1.799236790965478505e+01 -5.487671911836422112e+00 1.153647428217058746e+01 -5.487671911836422112e+00 -6.673926320919338195e+01
3.782744997425183442e+01 3.886900249649021699e+00 -2.683671562229081875e+00 3.886900249649021699e+00 4.152027933620926348e+01 2.206194173746950149e+00 -2.683671562229081875e+00 2.206194173746950149e+00 4.075293272683651224e+01
-2.100379088672175598e+01 -1.756745359254402228e+00 6.480343175752170559e+00 -1.756745359254402228e+00 -3.142027002783517986e+01 5.447441259101277744e-01 6.480343175752170559e+00 5.447441259101277744e-01 -5.618618948984799033e+01
1.074202053727385220e+01 -2.282609910171578882e+00 -3.699291043289619552e+00 -2.282609910171578882e+00 1.423591571070544859e+01 9.721168929177611773e+00 -3.699291043289619552e+00 9.721168929177611773e+00 1.127432200144906638e+01
1.474677972277501858e+01 -9.072989372284402165e+00 3.023975342796745291e+00 -9.072989372284402165e+00 -6.310801700917780366e+00 -6.607877199007154978e+00 3.023975342796745291e+00 -6.607877199007154978e+00 -4.809162644203701831e+01
2.067957649199141201e+01 3.876950965455605136e+00 6.138340315977141692e+00 3.876950965455605136e+00 -2.895552162546282671e-01 -6.301558350346950776e-01 6.138340315977141692e+00 -6.301558350346950776e-01 -5.166689298868380575e+01
-1.898379875794077520e+01 6.043685935034000423e+00 1.168795494926710710e+01 6.043685935034000423e+00 -4.030431669705736653e+01 -1.849614622920259777e+01 1.168795494926710710e+01 -1.849614622920259777e+01 -2.555949399025295321e+01
2.691302070192040574e+01 6.747631004142319533e+00 6.509818239087449498e+00 6.747631004142319533e+00 2.136556183589468461e+01 7.390334338435743611e+00 6.509818239087449498e+00 7.390334338435743611e+00 -4.470407047851281845e+01
1.601636434165220990e+01 -4.936718421366794729e+00 -3.799569225427665842e-01 -4.936718421366794729e+00 2.235023419181546345e+01 -1.831511435417535916e+00 -3.799569225427665842e-01 -1.831511435417535916e+00 -3.456659697503730655e+01
3.801251316801663904e+01 2.283079477091106035e+00 2.843095857652886593e+01 2.283079477091106035e+00 4.864582897353764679e+01 4.204760577764373508e+00 2.843095857652886593e+01 4.204760577764373508e+00 -7.343508030804891895e+00
-3.554521510454403455e+01 6.705587964392085709e+00 6.436824274131937251e+00 6.705587964392085709e+00 -1.433716378680420078e+01 -7.599974097521572602e+00 6.436824274131937251e+00 -7.599974097521572602e+00 -5.713932715574112109e+01
-3.774032802470064496e+01 -1.077635173914496924e+01 3.079470508304019916e+00 -1.077635173914496924e+01 -3.542394640622538304e+01 -1.091717527170133195e+01 3.079470508304019916e+00 -1.091717527170133195e+01 -1.739851909099461835e+01
2.871301398184181952e+00 1.172152382708001372e+00 -2.952186011500855045e+01 1.172152382708001372e+00 4.021941328620593481e+01 -6.745416043658262417e+00 -2.952186011500855045e+01 -6.745416043658262417e+00 -3.866294245750251690e+01
3.515049302263831521e+01 -7.636305208659830868e+00 -2.737241843183615853e+00 -7.636305208659830868e+00 -1.012491877100772442e+01 -5.245561531172189262e+00 -2.737241843183615853e+00 -5.245561531172189262e+00 -4.141555974953925556e+01
1.928406504364952667e+01 -5.458146354549433532e+00 1.098159351702036801e+01 -5.458146354549433532e+00 -7.788446764218690532e+00 -1.189260939459438582e+01 1.098159351702036801e+01 -1.189260939459438582e+01 9.668313698634880993e+00
