5.528463257395880248e+01 -3.496961110820931973e-01 2.350483610737967766e+01 -3.496961110820931973e-01 2.494793800510173298e+01 1.059968278833766514e-01 2.350483610737967766e+01 1.059968278833766514e-01 1.897759301575794666e+01
6.727546456262919605e+01 2.755978127616930351e+01 3.522070863049653155e+01 2.755978127616930351e+01 4.579016388283764627e+01 1.375279614463397193e+00 3.522070863049653155e+01 1.375279614463397193e+00 3.595280582004397019e+01
5.105373734847982803e+01 2.014459332316762996e+00 3.170972781158863185e+01 2.014459332316762996e+00 -7.345199497837210600e+00 -3.799266735071711310e+00 3.170972781158863185e+01 -3.799266735071711310e+00 3.152423085758287336e+00
-2.362907727232660449e+01 2.616941668431398860e+00 -2.181545951123848789e-02 2.616941668431398860e+00 -4.316303387865698227e+01 3.410296493386758332e+00 -2.181545951123848789e-02 3.410296493386758332e+00 -1.304424940389431242e+00
-3.979284963352674964e+01 -9.316865632802297625e+00 -3.662115022127861441e-01 -9.316865632802297625e+00 -5.566108513937307833e+01 -6.102036703888496838e+00 -3.662115022127861441e-01 -6.102036703888496838e+00 -2.618592843354663913e+01
-1.466545519733358116e+00 8.303805989797870879e+00 2.723653051325473129e+01 8.303805989797870879e+00 -2.343357757069004776e+01 -1.494774906039244122e+00 2.723653051325473129e+01 -1.494774906039244122e+00 -5.335525856444043313e+00
-1.088516150370976554e+01 -5.766501285147646705e+00 1.058670681086612397e+01 -5.766501285147646705e+00 -2.777071494928025785e+01 1.645944282461202945e+01 1.058670681086612397e+01 1.645944282461202945e+01 -1.077665096043635806e+01
-4.339708878818759885e+00 7.035908469461449322e+00 6.143937609047020132e+00 7.035908469461449322e+00 -6.226677224177612047e+00 -6.869039410932020751e-01 6.143937609047020132e+00 -6.869039410932020751e-01 -2.514894251391477553e+01
2.964776630344157837e+01 -1.240612743738237933e+00 1.368363678814485596e+01 -1.240612743738237933e+00 -1.880437076852361855e+01 2.298169882065861103e+01 1.368363678814485596e+01 2.298169882065861103e+01 1.986330265847921339e+01
-3.423382946644076608e+00 -1.424349946379765086e+01 8.212435452183955320e+00 -1.424349946379765086e+01 -1.407871798763296844e+01 7.602911494718773255e+00 8.212435452183955320e+00 7.602911494718773255e+00 1.757703514637916076e+00
-3.098318205119456881e+00 3.176993758091051223e-01 -3.489073451545042559e+00 3.176993758091051223e-01 -1.821682109025723406e+01 2.996238327986564975e+00 -3.489073451545042559e+00 2.996238327986564975e+00 2.071209228374792488e+00
-1.301557455198360636e+00 5.771508306647338493e+00 8.925531288670976338e+00 5.771508306647338493e+00 -1.380248503259411130e+01 1.347862950575346330e+00 8.925531288670976338e+00 1.347862950575346330e+00 -2.787212574522138553e+00
3.117283593924399909e+01 7.967608315046422973e+00 1.396778955731618588e+01 7.967608315046422973e+00 -1.955522694162612751e+01 -2.106939195380903129e+00 1.396778955731618588e+01 -2.106939195380903129e+00 1.010253362900688456e+00
3.779018187091506320e+01 3.183542641930114936e+00 1.361665879326666717e+00 3.183542641930114936e+00 2.952085003943178521e+01 -4.359004433916074284e+00 1.361665879326666717e+00 -4.359004433916074284e+00 2.834527741167954673e+01
8.222682850653883690e+01 2.025562833915420580e+00 2.356368080469890458e+01 2.025562833915420580e+00 6.139819526683839790e+00 1.543813234063156692e+01 2.356368080469890458e+01 1.543813234063156692e+01 3.078134010123580921e+01
2.787582793520553892e+01 2.199591976611517286e+00 1.304368484942755924e+00 2.199591976611517286e+00 -3.509907041898972579e+01 1.740099168928723117e+01 1.304368484942755924e+00 1.740099168928723117e+01 -1.843737084638644674e+01
-2.080089817648159567e+01 -1.722579944404972530e+00 1.610294228106024406e+01 -1.722579944404972530e+00 -4.427062936369927826e+01 6.162318526754181902e-02 1.610294228106024406e+01 6.162318526754181902e-02 -1.948552499768819857e+01
7.602802551455611901e-01 -5.766905579141897720e-01 8.949674634429284126e+00 -5.766905579141897720e-01 -2.997389681613608658e+01 -5.165016435333206202e-01 8.949674634429284126e+00 -5.165016435333206202e-01 1.066065934684811258e-03
1.384244694228534023e+01 -3.409560428931073695e+00 3.771078909256748801e+01 -3.409560428931073695e+00 -2.672508660048983131e+00 -9.344277088533269549e+00 3.771078909256748801e+01 -9.344277088533269549e+00 5.179237691429324997e+00
-1.366480115993363142e+01 1.478400402754088960e-01 1.206260501478110037e+01 1.478400402754088960e-01 -5.248247710808610833e+01 9.540991852761173675e+00 1.206260501478110037e+01 9.540991852761173675e+00 -1.095997029916400933e+01
9.535795729627901451e+00 -1.611019104590063833e+01 2.654441571313828518e+01 -1.611019104590063833e+01 -1.771967190471383402e+00 -3.582383228183391832e+00 2.654441571313828518e+01 -3.582383228183391832e+00 1.679255045100043731e+01
4.007258557591145376e+01 -3.790949185835271962e+00 6.622521821485713112e+00 -3.790949185835271962e+00 4.998431642393403962e+01 -4.563175146385992642e-01 6.622521821485713112e+00 -4.563175146385992642e-01 3.036971552394454932e+01
-1.344961714152118937e+01 -5.628796371647688979e+00 1.204607556524810441e+00 -5.628796371647688979e+00 -3.778325521758863204e+01 3.496658584656928248e+00 1.204607556524810441e+00 3.496658584656928248e+00 -1.827556226519531180e+01
-2.995642411882089462e+01 -4.166897273503966659e+00 1.974567473353132030e+01 -4.166897273503966659e+00 -1.529829771417675843e+01 5.037172506806426142e+00 1.974567473353132030e+01 5.037172506806426142e+00 -1.330489182775930423e+01
4.238184530724733889e+01 1.250914456663163854e+01 1.242977049399616440e+01 1.250914456663163854e+01 2.602681873071195806e+00 -5.241377469842968928e+00 1.242977049399616440e+01 -5.241377469842968928e+00 3.168316789257372434e+01
-1.483610082590781420e+00 -4.535165265448597438e+00 1.905037809531935977e+01 -4.535165265448597438e+00 -2.698158380548949609e+01 -2.421580725297518910e+01 1.905037809531935977e+01 -2.421580725297518910e+01 1.047235486225756063e+01
-3.758504190402702250e+01 -5.042035525209710656e+00 8.889203509659205693e+00 -5.042035525209710656e+00 -4.236427164461374417e+01 1.265415502887382582e+00 8.889203509659205693e+00 1.265415502887382582e+00 -4.713263429027322360e+01
3.796060328426895580e+01 -1.114122156200788183e+01 4.694510133228210869e+00 -1.114122156200788183e+01 9.588601166532056297e+00 -1.959800973534014501e+00 4.694510133228210869e+00 -1.959800973534014501e+00 2.523000313232910585e+01
-4.411354564794836008e+00 2.325421704894033681e+01 -1.374244415340905301e-01 2.325421704894033681e+01 -2.298587948934249781e+01 -1.315619615819249333e+01 -1.374244415340905301e-01 -1.315619615819249333e+01 -4.131025120492950009e+01
-1.647593030376867418e+01 7.808073153978800640e+00 6.968341418979973056e+00 7.808073153978800640e+00 -5.877115012283077533e+01 -9.154391888182900061e+00 6.968341418979973056e+00 -9.154391888182900061e+00 -2.126586702541816010e+01
1.837339725350093156e+00 1.830458593041355897e+01 1.857036644088365307e+01 1.830458593041355897e+01 -3.383892455769289853e+01 7.653344991684269516e+00 1.857036644088365307e+01 7.653344991684269516e+00 -6.501730187761700641e-01
2.015923737335953803e+01 1.025666512721483592e+01 7.950337957806011602e+00 1.025666512721483592e+01 -3.407983073753355074e-01 -1.606315108132763125e+00 7.950337957806011602e+00 -1.606315108132763125e+00 1.489713255830192296e+01
1.867293985935927836e+01 -6.442281588647021273e+00 1.230930414996769429e+01 -6.442281588647021273e+00 -1.491288315570276968e+00 -6.722085055790221197e+00 1.230930414996769429e+01 -6.722085055790221197e+00 3.538081046922912520e+01
-3.068832929616376504e+01 -1.280762480281759608e+01 -1.787759551654673729e+01 -1.280762480281759608e+01 -4.657200112374254530e+01 -1.533665506418004654e+01 -1.787759551654673729e+01 -1.533665506418004654e+01 -2.621857238617117147e+01
-3.219771601513290449e+01 -1.706478014477786331e+01 6.794744289408413351e+00 -1.706478014477786331e+01 -3.488851349472087549e+01 -1.304919946795398644e+01 6.794744289408413351e+00 -1.304919946795398644e+01 -2.952674070793619165e+01
1.266353093723939516e+01 5.261610667978517064e+00 3.118866342788503943e+01 5.261610667978517064e+00 -2.323837591149687043e+01 2.914154756632949983e+00 3.118866342788503943e+01 2.914154756632949983e+00 -1.007279741304103204e+01
9.658685463750209976e+00 -1.384621867490717229e+01 9.870503089722827639e+00 -1.384621867490717229e+01 -2.645824266409593406e+01 1.614310261611176855e+00 9.870503089722827639e+00 1.614310261611176855e+00 4.503958433671101602e+00
4.750569784803864337e+01 1.268916822529808464e+01 4.204934043121146381e+00 1.268916822529808464e+01 1.345645443808457031e+01 6.669918082892461797e+00 4.204934043121146381e+00 6.669918082892461797e+00 4.524982951424806998e+01
-2.827190083341308124e+01 -5.888928436212419903e+00 2.614224619687982099e+01 -5.888928436212419903e+00 -5.637319131633769587e+01 8.788262438529745424e+00 2.614224619687982099e+01 8.788262438529745424e+00 -2.002014232780399894e+01
-1.678359185269782117e+01 6.379973071193287382e+00 -6.481253179494664174e+00 6.379973071193287382e+00 -3.380302581166480991e+01 3.193626968674000643e+00 -6.481253179494664174e+00 3.193626968674000643e+00 -2.315996433634992258e+01
2.097304870356112971e+01 -1.258310271421764215e+00 1.475253768839628243e+01 -1.258310271421764215e+00 -2.222293841600081876e+01 -6.179679248025352400e+00 1.475253768839628243e+01 -6.179679248025352400e+00 2.016609050402676573e+01
2.514908465754701083e+01 -5.065967782077278159e+00 1.404846199457040079e+01 -5.065967782077278159e+00 -2.613910903611236236e+01 9.244085078365568364e+00 1.404846199457040079e+01 9.244085078365568364e+00 -1.066124354568568577e+01
-1.620463299506343802e+01 -3.383092085953623318e+00 9.073847442967524657e+00 -3.383092085953623318e+00 -2.397088424900405812e+01 -2.068805503817708669e+00 9.073847442967524657e+00 -2.068805503817708669e+00 2.442766278858335749e+00
2.710241346220675851e+01 1.273473276463459847e+01 1.101019814420482845e+01 1.273473276463459847e+01 -9.752981886715877735e+00 -1.917907736129418339e+00 1.101019814420482845e+01 -1.917907736129418339e+00 5.928872108330656143e-01
-1.048888072400014693e+01 1.380764543937094047e+01 -2.987544733013766773e+00 1.380764543937094047e+01 -2.530048754144930356e+01 2.117283993241248297e+01 -2.987544733013766773e+00 2.117283993241248297e+01 -2.358690374177716542e+00
-2.375628135516005379e+00 2.619266435741387067e+00 2.212183347227949071e+01 2.619266435741387067e+00 -1.918463234145839280e+01 4.409485574310651579e+00 2.212183347227949071e+01 4.409485574310651579e+00 1.127434141180408389e+01
2.290430622204146971e+01 -5.946067803846899480e+00 3.464216492540762360e+00 -5.946067803846899480e+00 8.400010181110676655e+00 -1.964144421339643065e+00 3.464216492540762360e+00 -1.964144421339643065e+00 3.266721547061843722e+01
1.737658914508801544e+01 -2.080473127870459571e+00 1.695946596713289267e+01 -2.080473127870459571e+00 3.672742505289275705e+00 -9.362738747330508815e+00 1.695946596713289267e+01 -9.362738747330508815e+00 2.179321745610476668e+01
-4.565371693415944776e+01 1.246468236852683553e+01 -2.354952872539451736e+00 1.246468236852683553e+01 -7.260734038041933047e+01 2.265258032265951016e+00 -2.354952872539451736e+00 2.265258032265951016e+00 -3.524177021892027284e+01
1.310541623931624677e+01 3.228826075651659355e+00 8.778112247849636063e+00 3.228826075651659355e+00 -1.859845131106477467e+01 4.741774837300221535e+00 8.778112247849636063e+00 4.741774837300221535e+00 1.054910746405265520e+01
5.115409499028610085e+00 4.139198238922293882e+00 -2.307653301378892241e+00 4.139198238922293882e+00 -1.410662174642462574e+01 -9.946065969939825724e-01 -2.307653301378892241e+00 -9.946065969939825724e-01 3.058843355567621991e-01
-3.180552637462862098e+00 -4.887346629558440014e+00 1.921048325242405763e+00 -4.887346629558440014e+00 7.658627263072666835e+00 -1.264452657792670109e+01 1.921048325242405763e+00 -1.264452657792670109e+01 -1.767184850764942894e+01
-2.283427109118042253e+00 1.832966900058076165e+00 7.921758274637308972e+00 1.832966900058076165e+00 -3.422169573259000686e+01 1.254300676041691931e+00 7.921758274637308972e+00 1.254300676041691931e+00 -1.280025298969506942e+01
-1.871832381287471136e+01 -1.722192456519065118e+01 1.462774049620635708e+01 -1.722192456519065118e+01 -3.810515891627305507e+01 -2.423961158704817720e+01 1.462774049620635708e+01 -2.423961158704817720e+01 -2.059747429894473569e+01
-1.146631329549611245e+01 2.048142716016824738e-01 2.019616969802184414e+01 2.048142716016824738e-01 -4.445991550261877023e+01 -5.566384932073745517e+00 2.019616969802184414e+01 -5.566384932073745517e+00 -4.359830406207635178e+01
-1.245228128508306575e+01 2.248714339013264762e+01 2.785728801391991993e+01 2.248714339013264762e+01 -5.293263903478019117e+00 -1.861934181540411259e+01 2.785728801391991993e+01 -1.861934181540411259e+01 -2.543228992949391198e+00
-1.295515231698014169e+01 -5.647696777032662929e+00 3.682329516385098311e-01 -5.647696777032662929e+00 -2.061223077996870146e+01 -3.182234956418207306e-01 3.682329516385098311e-01 -3.182234956418207306e-01 -1.059059594623055567e+01
7.272196022243154978e+00 -9.960047491811158338e+00 1.802601157208440341e+01 -9.960047491811158338e+00 -4.512431797237542952e+01 5.649011595706324718e-01 1.802601157208440341e+01 5.649011595706324718e-01 -5.885381840713697521e+00
-4.090267435882772418e+01 6.162609640143462464e+00 1.926303494748994594e-01 6.162609640143462464e+00 -7.326695942871281453e+00 9.188335539386653039e+00 1.926303494748994594e-01 9.188335539386653039e+00 -2.132538487779200409e+01
3.383832983391506399e+00 8.668948781336696996e+00 1.871009627283445553e+01 8.668948781336696996e+00 -1.506066958397293831e+01 -1.425929460308209507e+01 1.871009627283445553e+01 -1.425929460308209507e+01 -2.010667663398369243e+01
2.297695060809548995e+00 6.530572868046898627e+00 4.509071550146290797e-01 6.530572868046898627e+00 -2.482428790469908719e+01 -5.953990781810412969e+00 4.509071550146290797e-01 -5.953990781810412969e+00 2.166604705902135830e+00
4.791265021527641110e+00 2.182522069914025309e+00 -5.251350817093970669e+00 2.182522069914025309e+00 -3.861789071155537556e+01 -4.880749327292392081e+00 -5.251350817093970669e+00 -4.880749327292392081e+00 -2.195887117364398478e+01
5.997809026472381788e+01 4.717975103083409394e+00 2.695922221949768627e+01 4.717975103083409394e+00 1.530788297078273708e+01 -1.282335081864099813e+01 2.695922221949768627e+01 -1.282335081864099813e+01 3.468069282070929660e+01
3.535775354223628852e+01 1.880038947423505036e+01 1.219574157866262887e+01 1.880038947423505036e+01 1.296425207328483076e+01 -1.274451495581327443e+01 1.219574157866262887e+01 -1.274451495581327443e+01 4.037349146645193088e+01
-2.495743967632782656e+01 1.744574503429612022e+01 2.154146057665378589e+00 1.744574503429612022e+01 -4.122352587257539369e+01 2.983636910388018482e+00 2.154146057665378589e+00 2.983636910388018482e+00 -4.202904258521702729e+01
-9.507420774476234016e+00 -2.768837190909077250e+01 -1.799902503301840184e+01 -2.768837190909077250e+01 -2.363584121067524890e+01 1.100041207963848855e+01 -1.799902503301840184e+01 1.100041207963848855e+01 1.061092396348061051e+01
1.824508492122059522e+01 -6.474696306856793981e+00 2.663300943288907519e+01 -6.474696306856793981e+00 2.474515262612883859e+01 4.814638000660108830e+00 2.663300943288907519e+01 4.814638000660108830e+00 2.553721416930453003e+01
1.881851273057279883e+01 -7.010496836129569864e+00 1.651842579044125614e+01 -7.010496836129569864e+00 -1.976506073896780080e+01 -6.753465612680060737e+00 1.651842579044125614e+01 -6.753465612680060737e+00 1.028371351894680785e+01
-3.399757169323211770e+01 3.278661544612967438e-01 2.078855895270630683e+01 3.278661544612967438e-01 -6.561309721712048315e+01 8.829592743337530081e+00 2.078855895270630683e+01 8.829592743337530081e+00 -4.170696061864216375e+01
1.645265748151615881e+01 -1.316742421718991807e+01 2.561535454773983922e+00 -1.316742421718991807e+01 1.065625705856917271e+01 -9.590745223878022196e-01 2.561535454773983922e+00 -9.590745223878022196e-01 1.548909972958307968e+01
2.349787636161254767e+01 -4.714137120237053225e+00 3.367067377618964574e+00 -4.714137120237053225e+00 1.268848509549410863e+01 -8.189091473050716274e+00 3.367067377618964574e+00 -8.189091473050716274e+00 4.158277112203303716e+01
3.954383518830304034e+00 -3.982245647077776951e+00 5.256092293138848737e-01 -3.982245647077776951e+00 -3.266823708796917458e+01 1.421128350201503743e+01 5.256092293138848737e-01 1.421128350201503743e+01 -1.485408393438107666e+01
3.804142529345120316e+00 -1.441886289925841780e+01 8.156191049350871580e+00 -1.441886289925841780e+01 -1.423718392902083352e+01 -6.513679562270133339e+00 8.156191049350871580e+00 -6.513679562270133339e+00 2.502790396219797842e+01
4.758897894144039498e+01 -8.506829999998581471e+00 3.934757700906072841e+01 -8.506829999998581471e+00 -1.342234952944762227e+01 -1.700491771757357640e+01 3.934757700906072841e+01 -1.700491771757357640e+01 4.819310232650961368e+00
-9.955600057839456341e+00 6.514149934935100639e+00 1.849001781958713408e+01 6.514149934935100639e+00 -3.265155290665995835e+01 2.304653907791851530e+00 1.849001781958713408e+01 2.304653907791851530e+00 -6.602853195896095428e+00
-2.158030332606568891e+01 -4.390153285454917231e+00 2.688256443863220468e+01 -4.390153285454917231e+00 -5.367029656943474691e+01 5.573807930687721957e+00 2.688256443863220468e+01 5.573807930687721957e+00 -1.468994639349531894e+01
6.469789711309361202e+00 4.713348057178239792e+00 1.106860495148579027e+01 4.713348057178239792e+00 1.578908758637710541e+01 7.687068164550160676e-02 1.106860495148579027e+01 7.687068164550160676e-02 5.424997933522350024e+01
2.481525486276660075e+01 -3.622460494211114934e+00 1.838841548525315872e+01 -3.622460494211114934e+00 -6.940173868728665596e+00 -4.930679811359299336e+00 1.838841548525315872e+01 -4.930679811359299336e+00 9.376196329982098732e+00
2.879727069769313363e+00 1.904201442086189644e+01 5.462914422538784898e-01 1.904201442086189644e+01 -1.414803994147804111e+01 -2.727253346940295753e+00 5.462914422538784898e-01 -2.727253346940295753e+00 -1.086803662023501182e+01
-1.483216763493366486e+01 1.938747054017446736e+00 1.601779461986783559e+01 1.938747054017446736e+00 -4.673645094447049075e+01 -1.822009437390821551e+00 1.601779461986783559e+01 -1.822009437390821551e+00 -1.071725117740521860e+01
4.307135109486547009e+01 -2.900085165716500768e+01 7.046832679705781644e+00 -2.900085165716500768e+01 -2.943546182639433084e+01 -1.040842869382718838e+01 7.046832679705781644e+00 -1.040842869382718838e+01 -8.831643528837005430e-01
-3.158375414067533526e+01 4.294111984407415150e+00 1.025795355102107465e+01 4.294111984407415150e+00 -4.524808440111934260e+01 -4.657446137198572700e+00 1.025795355102107465e+01 -4.657446137198572700e+00 -3.136456450360695669e+01
-1.166599553746590168e+01 4.970138581921499821e+00 1.358023996238440034e+01 4.970138581921499821e+00 -3.028477727510150075e+01 -1.084262457222282983e+00 1.358023996238440034e+01 -1.084262457222282983e+00 -4.330279175443703998e+00
-1.630305519470751463e+01 -3.525468928644702071e+00 2.131703494185461167e+01 -3.525468928644702071e+00 -3.822468035001413966e+01 1.795200229137892123e+01 2.131703494185461167e+01 1.795200229137892123e+01 -9.502293137497400011e+00
1.700098359480716326e+01 8.858373216810322859e+00 2.498556897762721363e+01 8.858373216810322859e+00 -2.509617411207289095e+01 6.182317984651088061e+00 2.498556897762721363e+01 6.182317984651088061e+00 -3.196713813433115448e+00
2.308373419284514227e+01 -1.890858245690888495e+01 9.908652159442260299e+00 -1.890858245690888495e+01 1.987108358465976465e+01 -8.056222082716445243e+00 9.908652159442260299e+00 -8.056222082716445243e+00 8.231210665676098159e+00
2.053996224236096069e+01 -6.254869106407898172e-02 2.912337589878891464e+01 -6.254869106407898172e-02 1.413792522668918217e+01 1.084130241366567482e+01 2.912337589878891464e+01 1.084130241366567482e+01 1.511434713814537112e+01
-4.741942929128481410e+01 2.918430055503899556e+00 1.341707554434505134e+01 2.918430055503899556e+00 -6.645422655863913519e+01 6.483783135687928301e+00 1.341707554434505134e+01 6.483783135687928301e+00 -4.043200103337262163e+01
-3.212782551494467675e+00 -2.992487829846477432e+00 1.889184528796878126e+01 -2.992487829846477432e+00 -2.789352422412932242e+01 -3.258213948327425502e+00 1.889184528796878126e+01 -3.258213948327425502e+00 -1.642323047976713823e+01
9.244606240004772602e+00 -5.712411752686656463e+00 1.215220356689506787e+01 -5.712411752686656463e+00 -4.478256381966649435e+00 3.848966724693076547e+00 1.215220356689506787e+01 3.848966724693076547e+00 1.690755404012502439e+01
-1.744411676507498399e+01 -1.136659300019067231e+01 -6.653144169130002616e+00 -1.136659300019067231e+01 -4.011787203831406856e+01 4.541668292774065918e+00 -6.653144169130002616e+00 4.541668292774065918e+00 -2.996748878893061274e+01
1.115516294942063524e+01 -1.587909528686229343e+01 2.919245847837154884e+01 -1.587909528686229343e+01 7.485551029692422809e+00 -2.387484230595925538e+01 2.919245847837154884e+01 -2.387484230595925538e+01 3.656992974109586125e+00
1.757978834675929392e+01 3.843155866842031365e+00 2.484879211027810442e+01 3.843155866842031365e+00 5.132001222803989293e+00 1.824204141667361867e+01 2.484879211027810442e+01 1.824204141667361867e+01 2.723632578576052410e+01
4.006731280955620633e+01 1.277134021507498929e+01 2.379526028938904503e+01 1.277134021507498929e+01 1.622458320301029744e+01 2.271775155083135100e+00 2.379526028938904503e+01 2.271775155083135100e+00 -9.782389178663271068e+00
3.121597273666296246e+01 -3.202352459083627201e-01 8.556973858669756794e+00 -3.202352459083627201e-01 2.469870061263217309e+01 -2.294813057322086625e+00 8.556973858669756794e+00 -2.294813057322086625e+00 3.106208619169515117e+01
-4.246232455066231815e+00 -1.457701942851345045e+01 3.455130565645836072e+01 -1.457701942851345045e+01 -5.975722379568808407e+01 -1.981996545287983746e+00 3.455130565645836072e+01 -1.981996545287983746e+00 -3.014093702554799847e+01
1.610633593235872851e+01 1.090431167537198753e+01 2.488742419686538554e+01 1.090431167537198753e+01 6.077021726814762381e+00 -3.702288151879545630e+00 2.488742419686538554e+01 -3.702288151879545630e+00 4.185198129988028626e+01
1.597033326478304183e+01 -1.929531748417997505e+01 -3.694277851095063347e+00 -1.929531748417997505e+01 -2.592263339212540885e+01 -5.904560363397575173e+00 -3.694277851095063347e+00 -5.904560363397575173e+00 2.314986825421405214e+00
-5.757937164045288103e-01 -2.996431534109016415e-01 5.437785075208806385e-02 -2.996431534109016415e-01 -3.717962764816999055e+01 -4.335472261470498800e+00 5.437785075208806385e-02 -4.335472261470498800e+00 -2.104234499347668930e+01
-1.063137659926054646e+01 3.982974497199332387e+00 1.475688247965208255e+00 3.982974497199332387e+00 -1.229247757613215697e+01 3.008499637567877416e-01 1.475688247965208255e+00 3.008499637567877416e-01 -4.054183476815651055e+00
