3.454440277914078905e+01 5.532305626451037739e+00 1.985692060351718524e+00 5.532305626451037739e+00 1.719067882512627676e+01 2.732100090280157989e+00 1.985692060351718524e+00 2.732100090280157989e+00 4.813037443853588115e+01
1.727076600929862238e+01 2.695038554606291825e+01 -3.493077040327485783e+00 2.695038554606291825e+01 -2.368666449242224636e-01 1.692052982231841440e+01 -3.493077040327485783e+00 1.692052982231841440e+01 -1.990306691200606792e+01
3.716675479499946988e+01 9.982530939991725027e-01 6.050645460480005511e+00 9.982530939991725027e-01 1.815231035414158711e+01 -4.803079584130205693e-02 6.050645460480005511e+00 -4.803079584130205693e-02 4.771488063762836873e+01
4.577341471132956485e+01 -1.214937716004257950e+01 1.649367649721340978e+00 -1.214937716004257950e+01 4.895651104771980755e+01 -1.940982873684141907e+00 1.649367649721340978e+00 -1.940982873684141907e+00 5.434041501182541367e+01
6.743185217594124481e+00 5.363508992991126156e+00 1.436751651954593978e+00 5.363508992991126156e+00 -2.930833031326476146e+01 5.772254451016802790e+00 1.436751651954593978e+00 5.772254451016802790e+00 8.839237114362594738e+00
-2.372247856849778458e+01 2.126143153750557246e+01 1.643313011266444690e+01 2.126143153750557246e+01 -4.624652601678745611e+01 -1.801914344979481220e+00 1.643313011266444690e+01 -1.801914344979481220e+00 -3.866256102885208890e+01
2.333833219541315174e+01 7.308949032235226850e-01 1.922614842627685761e+01 7.308949032235226850e-01 -1.601129607724908865e+01 6.662611255729016690e+00 1.922614842627685761e+01 6.662611255729016690e+00 3.953611601996366431e+01
2.703604464854258183e+01 -1.630318416642669987e+01 3.090485446269987335e+01 -1.630318416642669987e+01 1.997382913406389093e+01 -4.406669114033980317e-01 3.090485446269987335e+01 -4.406669114033980317e-01 3.635871252179508417e+01
-6.133046699593931450e+00 1.488964263515126873e+01 -3.997637991706722294e-01 1.488964263515126873e+01 -3.212230284584679296e+00 7.240791137847049086e-01 -3.997637991706722294e-01 7.240791137847049086e-01 -2.065899721096651476e+01
-4.399501961381848503e+01 -1.427340935707098080e+00 2.077746589139570332e+01 -1.427340935707098080e+00 -5.853498072812554653e+01 1.248613731087197998e+01 2.077746589139570332e+01 1.248613731087197998e+01 -3.717482434392068313e+01
2.065235262182888931e+01 5.129694628369543707e+00 8.493965249320423183e+00 5.129694628369543707e+00 -1.830569529388429473e+01 2.467765286811125780e-01 8.493965249320423183e+00 2.467765286811125780e-01 2.487247152159084251e+01
1.885387893258019432e+01 3.991448025408133926e+00 3.562729488238364439e+00 3.991448025408133926e+00 2.205312367480001967e+01 -5.515111404721863980e-02 3.562729488238364439e+00 -5.515111404721863980e-02 1.581249728188100967e+01
-1.204516753717237698e+01 -1.444729789477715265e+01 1.960168959539921429e+00 -1.444729789477715265e+01 -5.852349883344034964e+01 5.622982947553976985e+00 1.960168959539921429e+00 5.622982947553976985e+00 -1.397820631136904801e+00
-1.697309679943609950e+01 6.254844047708450816e+00 2.907140001178952993e+00 6.254844047708450816e+00 -1.952097758486268475e+01 -7.095050502320394692e+00 2.907140001178952993e+00 -7.095050502320394692e+00 -8.011516653314044945e+00
-7.447484027327934797e+00 -1.409784252020171991e+01 1.007600260729132025e+01 -1.409784252020171991e+01 -1.092062129376503243e+01 6.054530630172830108e+00 1.007600260729132025e+01 6.054530630172830108e+00 -1.560071305583160139e+01
8.782446229442717467e+00 7.834561743681022428e+00 4.480864978539885612e+01 7.834561743681022428e+00 -2.697697577786533429e+01 -1.790483018875720234e+01 4.480864978539885612e+01 -1.790483018875720234e+01 8.588188747923531707e+00
1.476148565947243796e+01 -2.880041288477241057e+00 1.176828303870788517e+01 -2.880041288477241057e+00 -2.874706452830874781e+01 -1.110039942770738008e+01 1.176828303870788517e+01 -1.110039942770738008e+01 -1.198795049962535408e+01
2.550758424806983626e+01 -1.153668697818856614e+01 1.501941260105487252e+01 -1.153668697818856614e+01 -7.019840031804810643e+00 -2.136342459787724746e+00 1.501941260105487252e+01 -2.136342459787724746e+00 3.002074456596206176e+01
2.391273890742648334e+01 5.051859598570412224e+00 2.876253729918044399e+01 5.051859598570412224e+00 -4.764376237761175581e+00 -2.787377593290217614e+00 2.876253729918044399e+01 -2.787377593290217614e+00 5.404579044839618263e+01
2.174565482556421969e+01 -6.686076506512480533e-01 1.041348825205203177e+01 -6.686076506512480533e-01 2.103356571692407684e+01 -6.731873033006008367e-01 1.041348825205203177e+01 -6.731873033006008367e-01 3.512922451598118556e+01
-3.952994629305245589e+00 -1.147497644207233236e+01 9.213375412190183411e+00 -1.147497644207233236e+01 -1.200192290040205734e+01 5.319730190787921309e+00 9.213375412190183411e+00 5.319730190787921309e+00 5.255440973505238311e+00
1.816568948323872235e+01 -4.033264885195079197e-01 1.094857229429928935e+01 -4.033264885195079197e-01 3.553194126272419817e-01 3.814182950881808698e-01 1.094857229429928935e+01 3.814182950881808698e-01 6.673639482960038727e+00
-3.582261260742366726e+00 -1.273526463639105488e+00 3.582231977035159609e+00 -1.273526463639105488e+00 -2.474066215436224780e+01 -4.930204945320506016e-01 3.582231977035159609e+00 -4.930204945320506016e-01 -7.405190669163020933e-01
3.979063965835366190e+01 2.919815704848171656e+00 1.504287402106670335e+00 2.919815704848171656e+00 2.852819693525209388e+01 -2.564105953018568362e-01 1.504287402106670335e+00 -2.564105953018568362e-01 3.980859348453737567e+01
1.920468083796748004e+01 -9.011250198266299027e-02 2.694537727965820473e+00 -9.011250198266299027e-02 7.123808282817409854e+00 4.470049537390111460e+00 2.694537727965820473e+00 4.470049537390111460e+00 2.730318315799984674e+01
9.164098898795332460e+00 -7.348639889767492051e-01 1.192264832486042714e+01 -7.348639889767492051e-01 -1.814468454541674447e+01 6.250319157858692520e+00 1.192264832486042714e+01 6.250319157858692520e+00 3.003921647356823321e+00
3.477762248956925095e+00 -6.031306484047001426e+00 1.123281954946638272e+01 -6.031306484047001426e+00 -2.139816359997407602e+01 5.992268855213284340e+00 1.123281954946638272e+01 5.992268855213284340e+00 1.316995790428918234e+01
1.044616953806701609e+01 -4.884537206057019354e+00 5.878127563369405451e+00 -4.884537206057019354e+00 1.645430821315063241e+00 4.847026193476184019e+00 5.878127563369405451e+00 4.847026193476184019e+00 4.012517107674511863e+01
1.685608216292768802e+01 -1.197425123077419684e+01 9.760927431713065872e+00 -1.197425123077419684e+01 -1.102643565382794577e+01 1.818169805568111919e+00 9.760927431713065872e+00 1.818169805568111919e+00 2.384573336989389603e+01
-1.984630403129370535e+01 1.981980670709200920e+00 9.797274972167526741e+00 1.981980670709200920e+00 -4.031057405452072828e+01 3.056132917084909195e+00 9.797274972167526741e+00 3.056132917084909195e+00 -1.483038711625096040e+00
-4.652173601905866818e+00 2.334475635427566420e+00 2.619070692207828088e+01 2.334475635427566420e+00 -7.789297423938516651e+00 1.475763010098729389e+01 2.619070692207828088e+01 1.475763010098729389e+01 -2.790967106407135034e+01
3.566954538348692694e+01 6.006341294785788598e-01 1.733068225999330636e+01 6.006341294785788598e-01 2.935582944487956092e-01 -1.420743316527098443e+01 1.733068225999330636e+01 -1.420743316527098443e+01 3.850343373583559980e+01
3.249447586898389773e+01 -8.387283103140789897e-02 2.047860136746420068e+01 -8.387283103140789897e-02 8.095882289744604776e+00 -1.455602104009038378e+01 2.047860136746420068e+01 -1.455602104009038378e+01 3.541833952887350279e+01
-6.264777491300876022e+00 7.053973623557036277e+00 1.485630903849894224e+01 7.053973623557036277e+00 -5.448460225807604473e+01 1.706212856342149253e+00 1.485630903849894224e+01 1.706212856342149253e+00 -1.083391605526168888e+01
-1.614650857300108910e+01 -1.031512085273334556e+01 1.241444681608559009e+01 -1.031512085273334556e+01 -4.832885349819447640e+01 -8.036761283402540812e+00 1.241444681608559009e+01 -8.036761283402540812e+00 -1.292116891353007091e+01
2.680375791512834027e+01 3.049128816210512571e+00 2.231892577106822095e+00 3.049128816210512571e+00 3.475316003855556168e+00 -9.641696396727835960e+00 2.231892577106822095e+00 -9.641696396727835960e+00 2.592445028407291474e+01
1.316474048760913895e+01 2.230504241835610912e+01 1.020664461151539903e+01 2.230504241835610912e+01 2.739082464184752763e-01 -1.228623449341434437e+01 1.020664461151539903e+01 -1.228623449341434437e+01 2.248054481750360978e+01
2.462467910320880549e+01 2.901365931280975863e-01 4.117711841623798108e+00 2.901365931280975863e-01 1.293420684755326988e+01 9.779481609495922489e-01 4.117711841623798108e+00 9.779481609495922489e-01 3.007426360219423955e+01
7.786648873636236701e+00 1.112125932026748742e+01 1.253157039610743650e+00 1.112125932026748742e+01 1.014348784235075485e+01 -3.291134072491705087e+00 1.253157039610743650e+00 -3.291134072491705087e+00 1.348366568609134220e+01
-1.191082450511922985e+01 4.562778827054366992e+00 2.246272326560403343e+01 4.562778827054366992e+00 -3.691719371489613621e+01 8.869126914629312353e+00 2.246272326560403343e+01 8.869126914629312353e+00 -3.708191712997481293e+00
3.329102169880079032e+01 -3.632434110564336738e+00 3.139805605569268909e+00 -3.632434110564336738e+00 2.068787666249566470e+01 -4.864566264071442880e+00 3.139805605569268909e+00 -4.864566264071442880e+00 3.505332050812214817e+01
2.187375662907313156e+01 7.167269361676169126e+00 -1.284733571984811862e+00 7.167269361676169126e+00 2.134416684483468174e+01 2.526787360655462944e+00 -1.284733571984811862e+00 2.526787360655462944e+00 2.208443038380394441e+01
1.474382718718322138e+01 -1.864711247989222898e+01 -9.473548523795783938e-01 -1.864711247989222898e+01 -1.059736317780604153e+01 -2.575508438978701409e-01 -9.473548523795783938e-01 -2.575508438978701409e-01 6.774413646297077207e+00
4.092647964185595555e+01 -1.614390638846982284e+01 2.123750768133881905e+01 -1.614390638846982284e+01 -7.832124736246750984e+00 -2.831242598449756009e+00 2.123750768133881905e+01 -2.831242598449756009e+00 4.837340563154327810e+01
-4.098757550939516214e+00 1.019426092520241056e+01 3.765264562229441392e+00 1.019426092520241056e+01 -3.790317773812849822e+01 8.304003401422761499e+00 3.765264562229441392e+00 8.304003401422761499e+00 1.061153217156472373e+01
-7.283730496443016733e+00 -6.271347857117480773e-01 1.965237112399522346e+01 -6.271347857117480773e-01 -4.356919756285896739e+01 -1.198479227042667628e+00 1.965237112399522346e+01 -1.198479227042667628e+00 -6.439476950857772053e+00
6.459140640843631154e+00 -1.019958580435460682e+01 7.875869026243734083e+00 -1.019958580435460682e+01 -1.320859269227574551e+01 7.586311765441718258e+00 7.875869026243734083e+00 7.586311765441718258e+00 1.623493052240511147e+01
7.813499706890556951e+00 -7.515864048054395674e+00 8.178526774248467746e+00 -7.515864048054395674e+00 -9.214534693148523914e+00 -2.122654250006799970e+00 8.178526774248467746e+00 -2.122654250006799970e+00 2.285785092304510613e+01
3.079613414477713818e+01 -7.221396005700866816e+00 6.977345354785289722e+00 -7.221396005700866816e+00 1.273110208453977776e+01 1.797723068669302204e+00 6.977345354785289722e+00 1.797723068669302204e+00 4.952716548807136832e+01
-9.789805937053811746e+00 -5.500351104386862922e+00 1.014077996979342977e+01 -5.500351104386862922e+00 -4.755767325689829761e+01 -6.101930839795149941e-01 1.014077996979342977e+01 -6.101930839795149941e-01 1.002125798654979327e+01
-1.225868204785650484e+01 2.142890423133612110e+00 7.605612815233128821e+00 2.142890423133612110e+00 -2.206292304384200165e+01 2.906005684697199776e+00 7.605612815233128821e+00 2.906005684697199776e+00 -1.303848661187762836e+01
-5.095539075010678542e-02 -4.195673549080055409e+00 2.158067745425339368e+01 -4.195673549080055409e+00 -4.012792391376279255e+01 -5.319346862278227839e+00 2.158067745425339368e+01 -5.319346862278227839e+00 5.612071094969336982e-02
-6.698204680780466447e+01 -8.612771506026390966e-01 -1.261279509538878241e+00 -8.612771506026390966e-01 -4.100801096531787238e+01 -2.581818909086859737e+00 -1.261279509538878241e+00 -2.581818909086859737e+00 -3.152009475016562945e+01
3.695295662279512783e+01 8.850443276820774585e+00 1.720633231977719291e+01 8.850443276820774585e+00 1.979034281562733355e+01 -1.177626073309145482e+00 1.720633231977719291e+01 -1.177626073309145482e+00 3.013083409048832095e+01
-8.193431173940529666e-01 2.679698221925281842e+00 1.990564920453581266e+01 2.679698221925281842e+00 -2.779265619813924459e+01 1.524246289096148343e+00 1.990564920453581266e+01 1.524246289096148343e+00 -1.978091622590873655e+01
7.158577011888696440e+00 3.233157931908406280e+00 5.061121635433088350e+00 3.233157931908406280e+00 -1.054515685149503845e+01 8.383286321945947250e+00 5.061121635433088350e+00 8.383286321945947250e+00 3.313475125592193926e+00
-2.139783516541213970e+01 3.282033982453922416e+00 2.355323871237612821e+01 3.282033982453922416e+00 -4.517362762319676506e+01 -2.818532645658801794e+00 2.355323871237612821e+01 -2.818532645658801794e+00 -2.613850997712714985e+01
-1.731101515583817374e+01 4.273334667651393914e+00 6.072329896916922820e+00 4.273334667651393914e+00 -1.871235346183733128e+01 -4.588903585812487584e+00 6.072329896916922820e+00 -4.588903585812487584e+00 -1.775528363490632344e+01
5.409368859720124156e+00 -5.424892038067886446e+00 1.168036132660814985e+01 -5.424892038067886446e+00 -3.138132216245029937e+01 3.000248172282966763e+01 1.168036132660814985e+01 3.000248172282966763e+01 -1.547184645023565608e+01
1.765020684566360387e+01 3.144347172866521767e+00 1.947739028870813982e+01 3.144347172866521767e+00 -4.371964762057169196e+01 -1.092223037685704945e+01 1.947739028870813982e+01 -1.092223037685704945e+01 2.377506773574379295e+01
4.839820893000079671e+00 1.176592185625574105e+00 1.331438954358466198e+01 1.176592185625574105e+00 -1.032520276722050312e+01 4.431918576896713091e+00 1.331438954358466198e+01 4.431918576896713091e+00 1.897807312880044961e+01
-2.060589734896566227e+01 -4.363964138445940222e+00 4.897501453330534993e+00 -4.363964138445940222e+00 -2.847735992329348420e+01 -4.366053096813729439e+00 4.897501453330534993e+00 -4.366053096813729439e+00 1.874287175523149607e+00
1.191405034010588082e+01 -1.871663962970414596e+00 1.680538738241815011e+01 -1.871663962970414596e+00 -2.121325798060997769e+01 -6.098377987805214673e+00 1.680538738241815011e+01 -6.098377987805214673e+00 6.459055013543870238e+00
2.717016419532570026e+01 -1.480460343701774095e-01 1.039431553892523752e+01 -1.480460343701774095e-01 1.332681670666420359e+01 4.722527742690061814e+00 1.039431553892523752e+01 4.722527742690061814e+00 5.564545486850813916e+01
4.773398428472729904e+01 -7.481387971145176952e-01 2.568721529720621533e+01 -7.481387971145176952e-01 -8.060995492124988004e+00 4.516426939430377985e+00 2.568721529720621533e+01 4.516426939430377985e+00 3.276016778575361599e+01
-1.015412524289442509e+01 1.007720104434168995e+01 -6.355902853523929252e+00 1.007720104434168995e+01 -3.077731578754454134e+01 -1.451352957058533732e+01 -6.355902853523929252e+00 -1.451352957058533732e+01 -1.179144519802696678e+01
-2.809297573039419760e+01 7.166181089630324408e+00 8.855784444347316153e+00 7.166181089630324408e+00 -3.170153357967822672e+01 4.005163302277420456e+00 8.855784444347316153e+00 4.005163302277420456e+00 -1.402975199493495317e+01
8.408418187705672509e+00 6.645618408041436886e+00 3.078123713999898925e+00 6.645618408041436886e+00 -1.418223130985428249e+01 -4.405795239336293356e+00 3.078123713999898925e+00 -4.405795239336293356e+00 8.123599474691106437e+00
-2.757174382087666942e+01 1.554362953585002760e+00 1.003169385447999495e+01 1.554362953585002760e+00 -4.299460959731536747e+01 -8.171120777863585261e+00 1.003169385447999495e+01 -8.171120777863585261e+00 -1.779352597215654752e+00
-2.472903864660933237e+01 4.311285416633785061e+00 -5.855012179513648718e+00 4.311285416633785061e+00 -4.882453754485880637e+01 -2.438850253600893581e+00 -5.855012179513648718e+00 -2.438850253600893581e+00 -2.986239057169432698e+01
-2.307661952620264501e+01 -4.836297374233474500e+00 5.652284367754571548e+00 -4.836297374233474500e+00 -5.182436887782505153e+01 1.927780761084579186e+00 5.652284367754571548e+00 1.927780761084579186e+00 -1.496643307029081349e+01
1.811381474379981071e+01 -6.801852302290552821e+00 1.954449013424170900e+01 -6.801852302290552821e+00 -2.356459529740223502e+01 -6.104009371634394832e+00 1.954449013424170900e+01 -6.104009371634394832e+00 9.152387787213665860e+00
-2.307378097469144507e+01 -7.576544192670294997e+00 -4.089511287203341006e+00 -7.576544192670294997e+00 -5.707426773812659349e+01 -5.811329290741064746e+00 -4.089511287203341006e+00 -5.811329290741064746e+00 -3.019142193269407670e+01
7.766107221205456490e+00 -7.820610526108339400e+00 7.669231598530714678e+00 -7.820610526108339400e+00 -1.388083536703259391e+01 3.787976101700957443e+00 7.669231598530714678e+00 3.787976101700957443e+00 1.979647894003193187e+00
-3.722250342879960705e+00 -1.664835106441370272e+01 2.107532218019283832e+01 -1.664835106441370272e+01 -1.355457571390072147e+01 -2.795272931095633595e+01 2.107532218019283832e+01 -2.795272931095633595e+01 -3.193502266029464742e+00
-1.407298497422534567e+01 -5.803942187119926821e+00 1.203895167733581673e+01 -5.803942187119926821e+00 -4.369140926739206066e+01 1.909059485150734403e+01 1.203895167733581673e+01 1.909059485150734403e+01 8.115521337438860172e-01
-3.954150267057497814e+01 1.074512506962466141e+01 3.697680293785376993e+00 1.074512506962466141e+01 -6.195670701206928044e+01 -1.095389846172865722e+00 3.697680293785376993e+00 -1.095389846172865722e+00 -2.537686262109431823e+01
4.128738167723744823e+01 -1.397052933272948883e+00 2.791668375985246087e+01 -1.397052933272948883e+00 -2.308067435978209048e+01 3.631587060026672531e-01 2.791668375985246087e+01 3.631587060026672531e-01 -4.500711958781619337e+00
2.039893396606479925e+01 -8.107438874760971359e+00 1.235301546483247392e+01 -8.107438874760971359e+00 -2.217405172480312814e+01 2.364859315744083368e+00 1.235301546483247392e+01 2.364859315744083368e+00 7.470408354353432756e+00
-2.226988676097161246e+01 2.141230480694496396e+00 3.341647733051921865e+00 2.141230480694496396e+00 -3.172814664330568846e+01 -1.494025879096567977e-01 3.341647733051921865e+00 -1.494025879096567977e-01 -1.009692369244795174e+01
3.997448267066788929e+01 4.334454735246623613e+00 2.789431209941873213e+00 4.334454735246623613e+00 2.429844246234486604e+01 -4.116108225575181301e+00 2.789431209941873213e+00 -4.116108225575181301e+00 4.567162354991044992e+01
3.676613418366528663e+01 6.052261793678616719e+00 1.397946850387087636e+01 6.052261793678616719e+00 4.663931363811173014e+00 3.430286333672322829e+00 1.397946850387087636e+01 3.430286333672322829e+00 2.749301241749183333e+01
6.817895161692157480e+00 -9.052914195976342171e+00 6.924028974542186354e+00 -9.052914195976342171e+00 2.367540587077351333e+01 -5.986267183254548208e+00 6.924028974542186354e+00 -5.986267183254548208e+00 4.886390407304536332e+00
-2.343988133078500979e+01 -8.051852720171061017e-01 -5.988158924728665511e+00 -8.051852720171061017e-01 -3.962308873247793883e+01 1.643030887457721523e+00 -5.988158924728665511e+00 1.643030887457721523e+00 -1.890983960346651926e+01
1.228825689509353936e+01 6.783877377721875490e+00 1.358863413360884387e+01 6.783877377721875490e+00 -2.190872208718385394e+01 -3.721015372075921146e+00 1.358863413360884387e+01 -3.721015372075921146e+00 1.686110886215274363e+01
-8.819713429955383655e-01 6.288184512799485759e+00 1.529755801224308165e+01 6.288184512799485759e+00 -4.166383183449109850e+01 -3.193646682729941677e+00 1.529755801224308165e+01 -3.193646682729941677e+00 -1.154868341767329731e+01
1.031847677544736541e+01 1.556941854572459683e+01 2.399841423056348333e+01 1.556941854572459683e+01 -9.909088955393260179e+00 -2.775096938358434517e+00 2.399841423056348333e+01 -2.775096938358434517e+00 -1.132960676831034164e+01
2.139618070064347322e+01 -1.458876532068520859e+01 1.810169452798273326e+01 -1.458876532068520859e+01 4.940266852045001045e+00 -5.222045272669122440e+00 1.810169452798273326e+01 -5.222045272669122440e+00 1.642830246684219375e+01
2.126442259824400693e+01 1.800190862725543406e+00 2.206186284979026624e+01 1.800190862725543406e+00 -9.879861233536263443e-01 -1.276279795139683593e+01 2.206186284979026624e+01 -1.276279795139683593e+01 4.939691600023068929e+01
-3.914529200038852963e+00 9.148179725873793799e+00 6.284255558238003303e+00 9.148179725873793799e+00 -5.352041935462039390e+01 5.873636355393457853e-01 6.284255558238003303e+00 5.873636355393457853e-01 -2.361718471832979915e+01
8.810746190900077934e+00 -9.522501324408748857e+00 2.940376457094800955e+01 -9.522501324408748857e+00 -2.323834933209728604e+01 -1.139184900948726265e+00 2.940376457094800955e+01 -1.139184900948726265e+00 1.335834818395500445e+00
7.918385464509586136e+00 7.474829825124640337e+00 1.896189154416837397e+01 7.474829825124640337e+00 -1.701578255110088866e-01 -1.329037187476556880e+01 1.896189154416837397e+01 -1.329037187476556880e+01 1.012505218470153956e+01
2.185567553067033231e+01 -2.797184249406403200e+00 1.810776810635524592e-01 -2.797184249406403200e+00 5.432768449004071520e+00 -3.251245489296988200e+00 1.810776810635524592e-01 -3.251245489296988200e+00 3.083870678593190107e+01
-1.612195709571890845e-01 -1.529630019355775516e+01 9.858337863138245893e+00 -1.529630019355775516e+01 -4.325024020792533008e+01 8.427267563518880067e+00 9.858337863138245893e+00 8.427267563518880067e+00 -2.155679830155726506e+01
-2.183570371727811121e+01 -1.005337452563220602e+01 5.771110231782314415e+00 -1.005337452563220602e+01 -5.558702067142498748e+01 1.070124079272021689e+01 5.771110231782314415e+00 1.070124079272021689e+01 -3.268758426912756221e+01
5.200538415151815030e+00 -2.981566544464960694e-02 1.351180548277204885e+01 -2.981566544464960694e-02 -3.542546163258335667e+01 -5.427191736162310320e+00 1.351180548277204885e+01 -5.427191736162310320e+00 -5.965494290177628223e+00
2.525282713409528057e+01 5.225394016407000741e+00 8.069446410288691141e+00 5.225394016407000741e+00 -1.488760431127778894e+01 -5.665275868673864679e+00 8.069446410288691141e+00 -5.665275868673864679e+00 2.363292508370159339e+01
4.139110476352337997e+01 -2.360781571676280777e+00 -5.853617435425452875e+00 -2.360781571676280777e+00 2.228581052941220264e+01 1.274689300391375069e+00 -5.853617435425452875e+00 1.274689300391375069e+00 5.475230586401129074e+01
3.347066612327444801e+01 1.873153872476041260e+00 1.334570572132495769e+01 1.873153872476041260e+00 2.167091268220305977e+01 8.402387331645078561e+00 1.334570572132495769e+01 8.402387331645078561e+00 3.343575766176507358e+01
2.700755189069516149e+01 -2.247892236270078925e+01 1.032475629788580918e+01 -2.247892236270078925e+01 2.993514876327501018e-01 5.872563452499860226e+00 1.032475629788580918e+01 5.872563452499860226e+00 3.303442016030827943e+01
