2.135907682947339836e+01 -4.686506314652748806e+00 4.779134441976594871e+00 -4.686506314652748806e+00 2.123470978124393582e+01 2.350931134314070192e+00 4.779134441976594871e+00 2.350931134314070192e+00 2.355115156954731148e+01
-4.124320120583244709e+00 9.982373392564070969e+00 5.952170643820195117e+00 9.982373392564070969e+00 -1.813429162999356592e+01 1.515430651581915811e+00 5.952170643820195117e+00 1.515430651581915811e+00 -1.017248289876253153e+01
2.923216340814064296e+01 -2.787029045028670105e+00 4.569332430569790660e+00 -2.787029045028670105e+00 3.196207362603473001e+01 6.355145368088397362e+00 4.569332430569790660e+00 6.355145368088397362e+00 3.489487069626694193e+01
-9.323551411961794599e+00 -3.472402742972181322e+00 -1.419699131340958598e+00 -3.472402742972181322e+00 -1.252209873998094558e+01 3.743876683226102231e-01 -1.419699131340958598e+00 3.743876683226102231e-01 -8.884566242425821159e+00
-4.526566829047123264e+00 -1.938435727734663994e+00 -1.768478853525311534e-01 -1.938435727734663994e+00 -1.706031740122219365e+00 3.176442260721462407e+00 -1.768478853525311534e-01 3.176442260721462407e+00 -1.178979244368426826e+01
1.661605921712158462e+01 -1.498459063756510279e+00 1.045509821020455421e+00 -1.498459063756510279e+00 1.210385893692803805e+01 -3.789430533828526126e-01 1.045509821020455421e+00 -3.789430533828526126e-01 2.088558136395599618e+01
4.291058498254932907e+00 -5.390217468265755763e+00 3.136455470604751383e+00 -5.390217468265755763e+00 4.023291315670979529e+00 -5.674660354009438912e+00 3.136455470604751383e+00 -5.674660354009438912e+00 1.086018091062275737e+01
6.115391184732062335e+00 5.399369723612569061e+00 1.081332429338571366e+01 5.399369723612569061e+00 -1.112531070545968603e+01 -4.802627155350394084e+00 1.081332429338571366e+01 -4.802627155350394084e+00 1.480485497730634137e+01
2.835983350436878325e+00 4.939135017165626529e+00 3.866089077671686969e+00 4.939135017165626529e+00 -4.796547505226812724e+00 -2.180629209025794157e+00 3.866089077671686969e+00 -2.180629209025794157e+00 2.964146739067448078e+00
2.853268429708371912e+01 -2.441504073594917834e+00 9.990612469748223035e+00 -2.441504073594917834e+00 2.141695787692494690e+01 3.898082447124689320e+00 9.990612469748223035e+00 3.898082447124689320e+00 2.208249567223273502e+01
-3.094431258235720961e+00 6.433107714361748108e+00 7.527910262423174181e+00 6.433107714361748108e+00 -6.930398842285913297e+00 -7.153694316729489522e+00 7.527910262423174181e+00 -7.153694316729489522e+00 9.191796017502257499e+00
-1.178318688578977458e+01 2.907592826335196889e+00 5.032740320689343072e+00 2.907592826335196889e+00 -1.459643856618742852e+01 1.136613860912146556e+00 5.032740320689343072e+00 1.136613860912146556e+00 3.931849675658482202e+00
4.984150529828698772e+00 1.938942306978429952e+00 2.033390692277774470e+00 1.938942306978429952e+00 5.323502070263358199e+00 -1.202610206844159180e+01 2.033390692277774470e+00 -1.202610206844159180e+01 1.283377346015703502e+01
-8.108639312992590220e+00 1.276105283881644015e+00 6.993237164714146026e+00 1.276105283881644015e+00 -1.904350450411406825e+01 -1.105860825553911964e+00 6.993237164714146026e+00 -1.105860825553911964e+00 -8.089083188370729260e+00
1.473438598729209126e+01 2.228972395685012486e+00 5.856852824897164744e+00 2.228972395685012486e+00 1.172619884376555710e+01 5.611997446593049332e+00 5.856852824897164744e+00 5.611997446593049332e+00 1.153309797703904316e+01
-1.120165175973699512e+01 2.403669091656979617e+00 2.639167037811847916e+00 2.403669091656979617e+00 -2.875950625126533566e+01 -5.193918662199690228e-01 2.639167037811847916e+00 -5.193918662199690228e-01 -1.670953187174503896e+01
-9.424935517551261910e+00 -5.495382205289339517e+00 8.062863627187477622e-01 -5.495382205289339517e+00 -3.081648543633689386e+01 1.056271719781503826e+01 8.062863627187477622e-01 1.056271719781503826e+01 -8.257957735500335517e+00
1.763947829095461728e+01 7.390916415055466260e+00 3.193056267062621689e+00 7.390916415055466260e+00 3.823780303312772855e+00 -2.761145274416469952e+00 3.193056267062621689e+00 -2.761145274416469952e+00 1.360289512630158626e+01
4.375401712891404316e+01 4.177535676174811030e+00 3.262477352388150731e+00 4.177535676174811030e+00 3.511540375631064848e+01 4.264016372259423093e+00 3.262477352388150731e+00 4.264016372259423093e+00 2.672526351466218486e+01
-1.173566402767175099e+01 5.175448225297065719e+00 1.180102279532811549e+00 5.175448225297065719e+00 -2.527679296971184764e-01 -3.881380146770403883e+00 1.180102279532811549e+00 -3.881380146770403883e+00 -3.405951945781349188e+00
-6.813064544611317608e+00 5.074186950787731298e-01 -3.068234122848552126e-01 5.074186950787731298e-01 -8.665124237729362022e+00 6.391447138492929447e-01 -3.068234122848552126e-01 6.391447138492929447e-01 9.214067047881066230e+00
-4.171126332001709791e+00 -1.011955611203228855e+01 8.780807507146320745e+00 -1.011955611203228855e+01 4.824642754810152034e+00 -6.730448975902631581e+00 8.780807507146320745e+00 -6.730448975902631581e+00 -1.543880286736866303e+01
4.013899909756730011e+01 8.802983541218707408e-01 4.885554095980174094e-01 8.802983541218707408e-01 3.651748321029965894e+01 2.536868739410492957e+00 4.885554095980174094e-01 2.536868739410492957e+00 4.000297426105576903e+01
-1.912477964372499528e+01 1.657820013965968897e+00 -2.305936929942685509e+00 1.657820013965968897e+00 -8.952629205641752463e+00 -2.777677454736694695e+00 -2.305936929942685509e+00 -2.777677454736694695e+00 -5.760806129768356598e+00
4.271488268721391535e+01 -2.764710676985199012e+00 3.463452066478576619e+00 -2.764710676985199012e+00 4.076887472434029291e+01 1.220701647216082542e+00 3.463452066478576619e+00 1.220701647216082542e+00 3.933379151183819999e+01
1.333194546339274922e+01 9.796340078211015268e+00 8.081635824908206089e+00 9.796340078211015268e+00 -1.058999542382299275e+01 -5.219414707377171503e+00 8.081635824908206089e+00 -5.219414707377171503e+00 1.234880073263097877e+01
2.394013236099322128e+01 4.209530557546113938e-01 1.114157985287475761e+01 4.209530557546113938e-01 2.783071961908707337e+01 -1.962918786615059474e+00 1.114157985287475761e+01 -1.962918786615059474e+00 2.229494445143481229e+01
3.291215634222977116e+01 -4.117056904569826870e+00 3.925050156472789098e+00 -4.117056904569826870e+00 2.949953306735197245e+01 6.758758820746911811e-01 3.925050156472789098e+00 6.758758820746911811e-01 3.772320648372129170e+01
6.324929620089491777e+00 1.040614992053896337e+01 4.496700785699080605e+00 1.040614992053896337e+01 -1.127632813666371447e+01 -4.968114876372360378e+00 4.496700785699080605e+00 -4.968114876372360378e+00 1.391932551679335006e+01
7.052826780948657337e+00 9.259351065034886474e-01 6.837980995392892503e+00 9.259351065034886474e-01 -2.095414351214660797e+00 1.717298593123797845e+00 6.837980995392892503e+00 1.717298593123797845e+00 8.899438954169855975e+00
-1.052538429576879864e+01 -1.237329507676962148e+00 2.461355548747265587e+00 -1.237329507676962148e+00 -2.761296235231145246e+01 5.285082389186158913e+00 2.461355548747265587e+00 5.285082389186158913e+00 -7.906408017870283800e+00
4.850416072421444014e+00 4.994448122822352509e+00 6.392212414340906257e+00 4.994448122822352509e+00 -6.890038602321253869e+00 -4.312592005457495326e+00 6.392212414340906257e+00 -4.312592005457495326e+00 8.743944545289050296e+00
-1.789603542610984732e+01 -5.371592476793313864e+00 -3.810037971552373559e+00 -5.371592476793313864e+00 -1.973876147504361356e+01 6.055285902902243222e-01 -3.810037971552373559e+00 6.055285902902243222e-01 -1.408954587641641787e+01
-1.858307957646801256e+01 -1.769228589260309903e+00 -8.183505847092931162e-01 -1.769228589260309903e+00 -1.207668489894212804e+01 -4.158753886246344678e+00 -8.183505847092931162e-01 -4.158753886246344678e+00 -1.362334150430700674e+01
8.711155178012921496e+00 6.827170521235659706e+00 1.012349399642960712e+01 6.827170521235659706e+00 4.143209843926303648e+00 9.485566784197775547e+00 1.012349399642960712e+01 9.485566784197775547e+00 1.883667038295979168e+01
-9.560485200543919149e+00 9.891299411503758909e-01 6.213785065325663215e-01 9.891299411503758909e-01 -2.083199700553053901e+01 2.795186723780095583e+00 6.213785065325663215e-01 2.795186723780095583e+00 -8.275956993057263844e+00
1.829164274982893446e+01 -7.632490962252311384e+00 6.931429841678945714e+00 -7.632490962252311384e+00 1.586697550364067055e+01 5.467559831899007960e+00 6.931429841678945714e+00 5.467559831899007960e+00 2.025542023489393273e+01
7.026996963610091518e-01 -2.458423030451842184e+00 6.421733392242257921e+00 -2.458423030451842184e+00 -2.652969992912534991e+01 -8.079734634284392314e+00 6.421733392242257921e+00 -8.079734634284392314e+00 1.862267509802425280e+00
5.595903189784529275e+00 -3.383848721982796182e+00 3.311398003437682647e+00 -3.383848721982796182e+00 -1.352798361525535675e+01 6.010884528053611398e+00 3.311398003437682647e+00 6.010884528053611398e+00 4.027017368143792631e+00
-2.860635272466070855e+00 -1.149213953845580338e+00 1.857771273423008962e+00 -1.149213953845580338e+00 -6.865748756030705557e+00 8.805098836060059053e-01 1.857771273423008962e+00 8.805098836060059053e-01 2.339506247679790985e+00
2.706355359868587485e+01 6.434703425452045877e+00 1.201723681144474654e+01 6.434703425452045877e+00 2.863609479761498022e+01 1.654143524152213329e+00 1.201723681144474654e+01 1.654143524152213329e+00 2.767691224655115434e+01
3.451520497346258054e+01 -1.083376648403409526e+01 4.414202917068333898e-01 -1.083376648403409526e+01 2.826951428206715988e+01 -3.652308330870174813e-01 4.414202917068333898e-01 -3.652308330870174813e-01 4.239498442400270051e+01
-4.954467212729362302e+00 3.597158785216135968e+00 3.049035103039388961e+00 3.597158785216135968e+00 -2.589147711405806973e+01 1.104410893319976328e+00 3.049035103039388961e+00 1.104410893319976328e+00 -5.877748016857921698e+00
-3.986227577499863894e+00 -6.484435448803500535e+00 -2.635035636414707616e-01 -6.484435448803500535e+00 -7.602395015610544649e-01 9.489282576020742210e-01 -2.635035636414707616e-01 9.489282576020742210e-01 -9.114157109709221771e+00
-1.288841390923492192e+01 -4.043102888821930918e+00 5.454158132158632988e+00 -4.043102888821930918e+00 -8.454118097632775886e+00 -7.802855770255346712e+00 5.454158132158632988e+00 -7.802855770255346712e+00 -1.346446914470285527e+01
-1.140882406127340154e+01 -6.720499503238941408e+00 4.598588287606217406e+00 -6.720499503238941408e+00 -1.111446894316510026e+01 2.866118436623179999e+00 4.598588287606217406e+00 2.866118436623179999e+00 -7.391346773256232794e+00
1.056072388457249822e+00 -7.109264563202436271e+00 1.179596059846641370e-01 -7.109264563202436271e+00 3.194823901599202820e+00 -5.278247029670676049e+00 1.179596059846641370e-01 -5.278247029670676049e+00 -3.545303245919439128e+00
-7.554562184230196209e+00 1.134222643519378515e+00 2.009111084518153234e+00 1.134222643519378515e+00 -1.807298234016701244e+01 7.184847943879166365e+00 2.009111084518153234e+00 7.184847943879166365e+00 8.890247197863519801e+00
-5.671641079897423054e+00 6.553103297293879415e+00 -1.535048499954758394e-01 6.553103297293879415e+00 -1.961204226527438976e+01 1.370833006908917517e-01 -1.535048499954758394e-01 1.370833006908917517e-01 -9.994452304906900508e+00
4.488326506102080060e+01 -6.056520083444550728e+00 9.466333644522940460e+00 -6.056520083444550728e+00 3.121849325043096712e+01 3.873383844083603478e+00 9.466333644522940460e+00 3.873383844083603478e+00 4.603424050191592443e+01
