-9.682034238847458951e+00 -8.899940962962741509e+00 4.519663353776681269e+00 -8.899940962962741509e+00 -2.431512887211750140e+01 -2.985244733802480788e+00 4.519663353776681269e+00 -2.985244733802480788e+00 -4.437924132144176248e+00
-2.336329065254423654e+01 -1.204980554046451502e+01 -8.556917150946954820e+00 -1.204980554046451502e+01 -2.014180876250767582e+01 1.210225229507463141e+00 -8.556917150946954820e+00 1.210225229507463141e+00 -2.899295875356899543e+01
1.800484785687663125e+00 -1.496125000074551181e+00 1.327873471268655337e+01 -1.496125000074551181e+00 -4.249736522768248648e+01 -1.081743095665903631e+01 1.327873471268655337e+01 -1.081743095665903631e+01 -2.678914208487329418e+01
-7.602353215415416976e+00 -3.665227786110548447e+00 -6.054696477445857816e+00 -3.665227786110548447e+00 -6.261212164225208099e+00 1.117627817070784424e+01 -6.054696477445857816e+00 1.117627817070784424e+01 -9.248512211663314275e+00
-2.316018107543868609e+01 -1.178286369427080160e+01 -1.660980003303119190e+01 -1.178286369427080160e+01 -5.975093231150659534e+01 -2.300439333601615122e+00 -1.660980003303119190e+01 -2.300439333601615122e+00 -2.684889927697155088e+01
-6.790489572784657035e+00 2.434686677958504575e+01 -5.443122407445201816e+00 2.434686677958504575e+01 -3.515954029925741509e+01 7.849730769076257886e+00 -5.443122407445201816e+00 7.849730769076257886e+00 6.557412030592226770e-01
1.232289331232594876e+00 4.542248517669467134e+00 -1.534217459244506365e+01 4.542248517669467134e+00 -4.042360309369247773e+01 3.093277901993500834e+00 -1.534217459244506365e+01 3.093277901993500834e+00 -4.391064243128422362e+00
-1.669680887375505662e+01 -5.772615724308681751e-01 -1.469065674912539476e+00 -5.772615724308681751e-01 -4.658148871233551347e+01 -1.015004633532119627e+01 -1.469065674912539476e+00 -1.015004633532119627e+01 1.457632966082587345e+01
-6.968258287363100578e+01 -1.714684310939306400e+01 -1.820120929611461591e+01 -1.714684310939306400e+01 -6.613031719257703855e+01 1.069013151464610178e+00 -1.820120929611461591e+01 1.069013151464610178e+00 -8.157964415462306818e+01
-2.773809896086381599e+01 2.709355829310967678e+01 4.636439815664210151e+00 2.709355829310967678e+01 -2.072827126340295578e+01 1.422816113774038804e+01 4.636439815664210151e+00 1.422816113774038804e+01 -1.101149663493295172e+01
3.213111513292076182e+01 1.075206542547940103e+01 1.299943191127610120e+01 1.075206542547940103e+01 -1.660016912984330162e+01 -1.102277577247470575e+01 1.299943191127610120e+01 -1.102277577247470575e+01 1.433718473941225469e+01
2.972670739506689142e+00 8.657609376828169445e+00 -8.690020665571552172e+00 8.657609376828169445e+00 -9.954560861714675468e+00 -1.012628506546736951e+01 -8.690020665571552172e+00 -1.012628506546736951e+01 -9.749010059847012855e+00
2.541535021542505746e+01 4.517621375533525274e+00 -1.291447682750828818e+01 4.517621375533525274e+00 2.020355991913521265e+01 -4.787958092103464791e-01 -1.291447682750828818e+01 -4.787958092103464791e-01 4.900641662569001511e+01
-1.399153945726538950e+01 -2.230751608584868317e-01 -1.594602587120199644e+00 -2.230751608584868317e-01 -3.721281551363771456e+01 1.922399264176390066e+00 -1.594602587120199644e+00 1.922399264176390066e+00 -1.118447034088118563e+01
-1.371532537710435484e+01 -9.066318859154218757e+00 9.606014903693161244e+00 -9.066318859154218757e+00 -7.529325457096818752e+01 1.138004866561741224e+01 9.606014903693161244e+00 1.138004866561741224e+01 -3.956369958991072622e+01
-4.689691735549828167e+01 -1.740431995880171945e+00 -1.381489995235777535e+01 -1.740431995880171945e+00 -2.131041665075694524e+01 8.095728796519695791e+00 -1.381489995235777535e+01 8.095728796519695791e+00 -1.487714038446556408e+01
2.467544137047600117e+01 3.364877790329640739e+00 1.084942252891010428e+00 3.364877790329640739e+00 2.567497419034021533e+01 6.096811034987228872e+00 1.084942252891010428e+00 6.096811034987228872e+00 1.316631710621241602e+01
-1.243881381419082288e+01 -8.628530565439531230e+00 -3.125917591659976152e-02 -8.628530565439531230e+00 -2.187353884320164354e+01 2.721137996016562699e+00 -3.125917591659976152e-02 2.721137996016562699e+00 -6.970397024418547360e+00
3.069640748261784324e+01 1.322855290332178635e+00 -5.939643897177528054e+00 1.322855290332178635e+00 2.617578062219304513e+01 -4.743512869732925630e+00 -5.939643897177528054e+00 -4.743512869732925630e+00 2.969313577999273335e+01
1.253171898448656307e+01 -1.610041646314832775e+01 1.294251014435918101e+01 -1.610041646314832775e+01 -1.122682948926683189e+01 -9.465211529935033674e-01 1.294251014435918101e+01 -9.465211529935033674e-01 -3.937847024944189034e+00
4.058610213024687141e+01 2.887914938430092615e+00 -8.259972122912643044e+00 2.887914938430092615e+00 1.216678887528147257e+01 -2.021666633736067364e+00 -8.259972122912643044e+00 -2.021666633736067364e+00 4.238601127137358304e+01
9.248958994759393093e+00 1.896922815145246854e+00 -3.709141093174960213e-01 1.896922815145246854e+00 1.317621427100685239e+01 3.682325048466467354e+00 -3.709141093174960213e-01 3.682325048466467354e+00 -1.279338505680177107e+01
-3.982497388614823564e+01 -1.146388464722666001e+01 3.574260872318446136e+00 -1.146388464722666001e+01 8.373121091402543570e+00 -7.355745237619751187e+00 3.574260872318446136e+00 -7.355745237619751187e+00 -4.052957871315611271e+01
-1.775836710373504346e+01 -2.041894517668228914e+01 -1.829715667732418893e+01 -2.041894517668228914e+01 -3.404309692039301183e+01 8.936204420377517721e+00 -1.829715667732418893e+01 8.936204420377517721e+00 -1.462476756055749405e+01
-2.658374408345971318e+01 -1.495814751909880336e+00 -9.220832510293174522e+00 -1.495814751909880336e+00 -4.103879484295435986e+01 1.140441501867514162e+01 -9.220832510293174522e+00 1.140441501867514162e+01 -1.035579391244409919e+01
-1.661552458859787151e+01 -3.724478904703793614e+00 -5.282518397818215306e+00 -3.724478904703793614e+00 -3.115614300935007464e+01 2.641266705941318627e+00 -5.282518397818215306e+00 2.641266705941318627e+00 2.060537708194597695e+00
5.189337537300133363e+00 -6.089837690629073208e+00 -2.037286188816537891e+00 -6.089837690629073208e+00 -1.783350263003165459e+00 1.222834166179110049e+01 -2.037286188816537891e+00 1.222834166179110049e+01 8.710822058247696731e+00
1.418256812774875897e+01 5.506897449165103708e+00 1.001727156996417811e+01 5.506897449165103708e+00 -1.980111905247906989e+01 1.382270903439825993e+01 1.001727156996417811e+01 1.382270903439825993e+01 1.348674127378343712e+01
3.223659729334863044e+01 2.121867431404134974e-01 -2.665197563077177367e+00 2.121867431404134974e-01 3.653853695410059288e+01 -1.794086417746928896e+00 -2.665197563077177367e+00 -1.794086417746928896e+00 3.143951903931351666e+01
-2.009987015231472185e+01 -6.201113513309808312e+00 -9.802082992925868155e+00 -6.201113513309808312e+00 -5.298285394101965551e+01 3.048556883126355643e+00 -9.802082992925868155e+00 3.048556883126355643e+00 -4.028496122047619110e+01
-3.728412140558084076e+01 1.220459243472053368e+00 -8.512210323143000190e-01 1.220459243472053368e+00 -5.496674728086130557e+01 1.494415037861179485e+01 -8.512210323143000190e-01 1.494415037861179485e+01 -4.428824306291156887e+01
-1.882000591139455281e+01 1.228220516021937492e+00 -1.041939610133551497e+01 1.228220516021937492e+00 2.467691091210936882e+00 -1.811731046348531038e+01 -1.041939610133551497e+01 -1.811731046348531038e+01 -2.391528623899962014e+01
3.458145906091748145e+01 -2.575332069587954464e+00 4.373567467589433710e-01 -2.575332069587954464e+00 3.318049928694977524e+01 2.329752224512223746e-01 4.373567467589433710e-01 2.329752224512223746e-01 3.256616522669865077e+01
-1.093099426351155756e+01 5.038382898471364335e+00 -5.578406699245758382e+00 5.038382898471364335e+00 1.387631723752729407e+01 1.189091848921612904e+00 -5.578406699245758382e+00 1.189091848921612904e+00 -4.248029756753791730e+01
1.780094111456154593e+01 8.650804481509771549e+00 -1.580858413553597330e+01 8.650804481509771549e+00 -2.536552792590167726e+01 3.601115260170304477e-01 -1.580858413553597330e+01 3.601115260170304477e-01 1.889204001865284610e+01
1.871454263562242204e+01 4.740949595496519287e+00 -3.074289204715573431e-01 4.740949595496519287e+00 6.840085744094393405e+00 -3.909466333793663928e+00 -3.074289204715573431e-01 -3.909466333793663928e+00 4.824999392892027572e+01
-1.715927840177257124e+01 3.109891582690692324e+00 -1.462106138724972526e+00 3.109891582690692324e+00 -2.446704058970836826e+01 -3.634253845740693212e+00 -1.462106138724972526e+00 -3.634253845740693212e+00 -2.100926441056292759e+01
-5.583991950515075686e+00 -9.429896222870018718e+00 4.759337345380035167e+00 -9.429896222870018718e+00 -4.072167933768757564e+01 -4.303698199966569327e+00 4.759337345380035167e+00 -4.303698199966569327e+00 -2.311209296464549201e+00
2.597232700915650838e+01 -6.888945440387936436e+00 2.289156737883428772e+00 -6.888945440387936436e+00 -4.623773521820178445e+01 -1.918961956523323309e+01 2.289156737883428772e+00 -1.918961956523323309e+01 3.466154234303395043e+01
-3.178373649376663579e+01 5.296821161539352119e+00 4.233446831923438403e+00 5.296821161539352119e+00 -5.670804187515686579e+01 -9.582912035075660029e+00 4.233446831923438403e+00 -9.582912035075660029e+00 -2.483522963643897441e+01
6.554553140102610698e+00 1.042018132965580079e+01 4.027239292560062189e+00 1.042018132965580079e+01 3.481053973701904880e+01 1.069381566082590496e+01 4.027239292560062189e+00 1.069381566082590496e+01 -3.751499049076520098e+00
-1.361751834505026970e+01 1.237117523970760402e+01 3.888000251442039090e+00 1.237117523970760402e+01 1.066517790915762909e+01 -4.614952242314779518e+00 3.888000251442039090e+00 -4.614952242314779518e+00 -3.802623186473032035e+01
4.828241466079157718e+00 2.606512443362921871e+00 -4.542701262431392273e+00 2.606512443362921871e+00 7.420973938029546524e+00 -3.254513885110502880e+00 -4.542701262431392273e+00 -3.254513885110502880e+00 -2.314130243959083177e+00
3.047296908331819409e+01 1.687465154118345856e+00 1.092970716270274245e+01 1.687465154118345856e+00 -1.430033685998631832e+01 -2.400663104701666839e+01 1.092970716270274245e+01 -2.400663104701666839e+01 3.446542131035344880e+01
-3.771241691052475886e+01 5.085994087078781867e+00 -1.154763635491861606e+01 5.085994087078781867e+00 -6.081736147753979793e+01 -4.461450521790583323e+00 -1.154763635491861606e+01 -4.461450521790583323e+00 -2.236893100197838891e+01
2.053212246642569028e+01 3.158561460885004113e+00 1.463098923331779311e+01 3.158561460885004113e+00 -1.214519823264913967e+01 -1.126096753332960665e+00 1.463098923331779311e+01 -1.126096753332960665e+00 1.398873844081734674e+01
9.990202399171044689e+00 -5.791585463123270827e+00 1.925591439629861512e-01 -5.791585463123270827e+00 -1.768155254752825423e+00 -1.790172206152224055e+00 1.925591439629861512e-01 -1.790172206152224055e+00 3.205028875908863206e+00
-9.766055200521231328e+00 -6.659439988675058153e+00 -8.045079983929342982e-01 -6.659439988675058153e+00 4.155244936970406400e+01 8.915873915753942391e-01 -8.045079983929342982e-01 8.915873915753942391e-01 -3.789795723158233898e+01
-1.435803065271798928e+01 1.868782780412143651e+01 -5.231266245844745644e-02 1.868782780412143651e+01 -4.102444853648872680e+01 -9.795798136153447189e+00 -5.231266245844745644e-02 -9.795798136153447189e+00 4.067699101031173825e+00
-2.372049278968762209e+01 6.610046822049808757e-01 -1.470493747364172377e+00 6.610046822049808757e-01 8.394712273897441790e+00 -9.407440544790413028e+00 -1.470493747364172377e+00 -9.407440544790413028e+00 -1.107435953260906025e+01
-1.687817075244390785e-01 -8.835251855968212498e-01 -6.122620506146286168e+00 -8.835251855968212498e-01 -2.589968330448851219e+01 1.307856883980159601e+01 -6.122620506146286168e+00 1.307856883980159601e+01 -1.240548780507850424e+01
-6.510869754017134881e+01 -2.311677812720859482e+00 1.985120399711350014e+00 -2.311677812720859482e+00 -5.894697170622401217e+01 1.135564144510682105e+01 1.985120399711350014e+00 1.135564144510682105e+01 -4.967909754000210398e+01
2.182227770691535440e+01 -7.203448629855341956e+00 -6.362294036484704485e+00 -7.203448629855341956e+00 -2.648665157051179264e+01 1.385833594189473139e+01 -6.362294036484704485e+00 1.385833594189473139e+01 3.774589216764023547e+01
-2.718788337281581846e+01 1.925365413371762147e+00 -1.442891044155901170e+01 1.925365413371762147e+00 -3.553012046484541742e+01 7.425564744571258480e+00 -1.442891044155901170e+01 7.425564744571258480e+00 -1.817603174450173142e+01
-3.359889528179414242e+01 -1.297403085872965711e+01 -4.429264164754411759e+00 -1.297403085872965711e+01 -6.229082142567794733e+01 -1.308161335296771810e+01 -4.429264164754411759e+00 -1.308161335296771810e+01 -2.789045204130582789e+01
9.074775880525789873e+00 8.985433517605569520e+00 -4.645119292761617835e+00 8.985433517605569520e+00 -5.379867125732516797e+00 -5.251347136225299472e+00 -4.645119292761617835e+00 -5.251347136225299472e+00 9.643926678980657030e+00
1.290783809859580855e-01 5.627961925502459550e+00 1.847901432068004501e+00 5.627961925502459550e+00 -2.288995151117204330e+01 -1.451724807716108145e+01 1.847901432068004501e+00 -1.451724807716108145e+01 4.818340609102526706e+00
7.108259399820926028e+00 -1.736798478418052483e+01 2.063236130932653012e+01 -1.736798478418052483e+01 4.186870880814743678e+00 5.300046749811510693e+00 2.063236130932653012e+01 5.300046749811510693e+00 1.447992668205464106e+01
-5.776170346455750781e+00 1.813765068108200040e+01 -1.200533426589827091e+00 1.813765068108200040e+01 -5.451072405389690800e+01 7.791514205937232873e+00 -1.200533426589827091e+00 7.791514205937232873e+00 3.470684350981892319e+00
-6.945387005589123142e+00 7.069342687715080231e+00 2.311819999909498691e+01 7.069342687715080231e+00 -2.586463498410989459e+01 1.072880868784312902e+01 2.311819999909498691e+01 1.072880868784312902e+01 -1.045180800172327018e+01
-4.780196569541869422e+01 -2.178670529244512366e+01 7.405317520924906027e+00 -2.178670529244512366e+01 -1.013144678207635820e+02 1.737577167010373103e+01 7.405317520924906027e+00 1.737577167010373103e+01 -1.752955670797981469e+01
6.393769103819282407e+01 -1.485230334433714217e-01 -9.851392595659108409e+00 -1.485230334433714217e-01 8.467671632908171375e+00 -7.720382711034122769e-01 -9.851392595659108409e+00 -7.720382711034122769e-01 6.407681268618743786e+01
-4.120976115607761159e+01 -5.092532051528736226e+00 -2.543526044633924243e+01 -5.092532051528736226e+00 -4.780241336098928429e+01 -1.743418768445295086e+01 -2.543526044633924243e+01 -1.743418768445295086e+01 -2.401116501155855687e+01
-5.657094497522799514e+01 8.238287221850205455e+00 -3.048225554554389927e+00 8.238287221850205455e+00 -1.015151116059763439e+02 -1.253219555378764483e+01 -3.048225554554389927e+00 -1.253219555378764483e+01 -9.368387363052923433e+01
4.120582543268756126e+01 -4.779367155820550273e-01 2.797111118663475171e+00 -4.779367155820550273e-01 -1.554786011125325773e+00 -2.860743091280957984e+01 2.797111118663475171e+00 -2.860743091280957984e+01 6.497521737168919742e+01
1.707308199651066172e+00 1.307864623236914703e+01 5.175299318220549338e+00 1.307864623236914703e+01 -2.021818696996201581e+01 6.191115245241119780e+00 5.175299318220549338e+00 6.191115245241119780e+00 -1.430635102607454456e+01
-3.525389605273107629e-02 -8.084422526333188586e+00 1.305930020176397122e+01 -8.084422526333188586e+00 -3.208578818732858906e+01 1.302322147452109924e+01 1.305930020176397122e+01 1.302322147452109924e+01 -6.729667845828476658e+00
-7.407944122795870001e+00 -5.629187387892477190e+00 7.752738460051053160e+00 -5.629187387892477190e+00 -7.314603071735308504e+01 5.568830844820289450e+00 7.752738460051053160e+00 5.568830844820289450e+00 -2.120085240112205582e+01
-2.135826279322758126e+01 1.664498884029483960e+01 1.135004153631625456e+01 1.664498884029483960e+01 -2.312887709356228072e+01 -5.862971373584596080e+00 1.135004153631625456e+01 -5.862971373584596080e+00 -1.996093789529733087e+01
2.858875628707119887e+01 -2.483575185245668226e+00 -1.094348737023870122e+01 -2.483575185245668226e+00 -1.625326596448454808e+01 -1.344657846056611383e+01 -1.094348737023870122e+01 -1.344657846056611383e+01 3.900606862828332311e+01
-2.248780294766022081e+01 1.157988584467486604e+01 -1.339810762263924104e+01 1.157988584467486604e+01 -4.781011415736785608e+01 -1.352358185109208044e+01 -1.339810762263924104e+01 -1.352358185109208044e+01 -2.442962653578095455e+01
1.064762278867657486e+01 -8.785648579675049419e+00 2.721208044471495668e+00 -8.785648579675049419e+00 -3.109260970099897747e+01 7.988641606030185693e-01 2.721208044471495668e+00 7.988641606030185693e-01 1.167259021249619799e+01
-1.786412867162785689e+00 3.760878205406411379e+00 1.525771856884390321e+00 3.760878205406411379e+00 3.477168664381164831e+01 -1.671969098533087505e+00 1.525771856884390321e+00 -1.671969098533087505e+00 -1.293117562996364711e+01
1.040181365989228546e+01 9.981375140149300051e+00 -3.202082038129451802e-01 9.981375140149300051e+00 -3.887545745656473883e+01 -1.555417775985864282e+01 -3.202082038129451802e-01 -1.555417775985864282e+01 4.069549681821009557e+01
3.790401247992642197e+01 6.210473282052565658e+00 6.585191699187913805e+00 6.210473282052565658e+00 -2.382428106637083332e+01 2.312603437525428074e+00 6.585191699187913805e+00 2.312603437525428074e+00 3.293597659760580854e+01
1.580358987518390812e+01 -1.099498597062153493e+01 -2.686082027877197831e+01 -1.099498597062153493e+01 -2.862292385695958430e+01 5.028622325407690496e+00 -2.686082027877197831e+01 5.028622325407690496e+00 -9.335395253037148677e+00
-1.191197369544368279e+01 -2.743213682869811709e+00 1.399833850732009033e+01 -2.743213682869811709e+00 -3.417937438975278130e+00 1.000629973251528959e+01 1.399833850732009033e+01 1.000629973251528959e+01 1.190553108221336664e+01
-1.631509357036129160e+01 -4.752249724824784138e+00 -3.330068349711497788e+00 -4.752249724824784138e+00 1.231557535006122528e+01 2.387034118531749627e+00 -3.330068349711497788e+00 2.387034118531749627e+00 -2.253871667079026508e+01
-1.661630962066499251e+01 1.833695166730858617e+01 8.532881709741927168e+00 1.833695166730858617e+01 1.988144133371920930e+01 1.373731148392835877e+01 8.532881709741927168e+00 1.373731148392835877e+01 -4.004014950472870993e+01
1.083550619883520127e+01 7.657499526043610949e+00 1.881701406241499086e+01 7.657499526043610949e+00 -1.683343101740900849e+01 4.982175647981580191e+00 1.881701406241499086e+01 4.982175647981580191e+00 1.718188282701202496e+01
6.787316861493711606e+00 5.103067343998451300e+00 -3.348190722975342482e+00 5.103067343998451300e+00 -4.767796283175636773e+01 4.354356144777280058e+00 -3.348190722975342482e+00 4.354356144777280058e+00 -2.285400490442516030e+01
2.910168400548096912e+01 3.174739322799983388e+00 3.566109136476231622e+00 3.174739322799983388e+00 -1.416527787447859765e+01 -8.578553831794270224e+00 3.566109136476231622e+00 -8.578553831794270224e+00 3.504507984808808629e+01
9.535689889160677168e+00 -1.367515850261364818e+01 -1.312266816805656333e+01 -1.367515850261364818e+01 -5.583902623124138387e+01 2.894760473357587127e+00 -1.312266816805656333e+01 2.894760473357587127e+00 -2.097826915595738839e+01
-1.870118417184086113e+01 6.771797986978969064e+00 1.796559707098815295e+00 6.771797986978969064e+00 -2.269234072756607290e+01 8.036799890368175880e-01 1.796559707098815295e+00 8.036799890368175880e-01 9.815763609652877975e+00
-6.608260923404625231e+00 -1.051756346682324228e+01 9.477493818476764531e+00 -1.051756346682324228e+01 -1.848603159011043573e+01 1.006013314450971663e+01 9.477493818476764531e+00 1.006013314450971663e+01 3.706547091421097395e+00
-1.487164910492251524e+00 -8.751656905984821488e-01 -9.644294054804781524e+00 -8.751656905984821488e-01 2.075329974045975234e+01 5.026833229614370069e+00 -9.644294054804781524e+00 5.026833229614370069e+00 -6.759019554200595081e+00
-1.188248453277064076e+00 4.109662582447103141e+00 -1.607271740968073015e+00 4.109662582447103141e+00 -2.071767620052094117e+01 1.195954384100066159e+00 -1.607271740968073015e+00 1.195954384100066159e+00 -1.674358936351994842e+01
-3.337392437957326052e+01 -2.523742277900457243e+00 -1.695070529125044967e+00 -2.523742277900457243e+00 -4.431624031286838061e+01 -1.544702349335095803e+01 -1.695070529125044967e+00 -1.544702349335095803e+01 -4.523674142555096012e+01
1.888932498573734076e-01 9.127305622257894768e+00 -5.578020984143997829e+00 9.127305622257894768e+00 -3.904294156177225261e+01 2.412506123251543855e+01 -5.578020984143997829e+00 2.412506123251543855e+01 -1.051089433427151443e+00
-2.266408211819701535e+01 9.086746587438362388e-01 3.167960383276716918e+00 9.086746587438362388e-01 -4.876893028712920852e+01 2.017840644255588511e+00 3.167960383276716918e+00 2.017840644255588511e+00 -3.485093498561499814e+01
-2.709452608153360131e+01 1.211602283283978565e+01 -6.371263276806550024e+00 1.211602283283978565e+01 -6.264962389311281754e+01 -1.106885454634555899e+01 -6.371263276806550024e+00 -1.106885454634555899e+01 -1.734686832552792524e+01
1.806595268841692103e+01 -5.943089713993172651e+00 -8.067985948611955394e+00 -5.943089713993172651e+00 3.802181780562815305e+01 -3.435125995547534394e+00 -8.067985948611955394e+00 -3.435125995547534394e+00 -1.300371265373716945e+01
-1.078477698359751535e+01 1.345505258655835767e+01 1.498837885283082016e+01 1.345505258655835767e+01 -4.839244596404449794e+01 -2.617361882414483532e+00 1.498837885283082016e+01 -2.617361882414483532e+00 -3.109406760164903716e+01
-3.048808946083767069e+01 -2.833408728768588247e+01 -2.491418866664574516e-01 -2.833408728768588247e+01 1.277190185974511394e+00 5.713387858953935389e-02 -2.491418866664574516e-01 5.713387858953935389e-02 -4.051967639765823748e+01
-1.781138511119596401e+01 4.083365855923127619e+00 -5.953502652246261739e+00 4.083365855923127619e+00 -1.785204242222257820e+00 4.352997750413263311e+00 -5.953502652246261739e+00 4.352997750413263311e+00 -2.691447886291826919e+01
1.772136327268579592e+01 -7.595017663513702999e+00 2.109990106852024994e+01 -7.595017663513702999e+00 -2.306949459859776397e+01 -4.603468269834998239e+00 2.109990106852024994e+01 -4.603468269834998239e+00 9.261472722603578234e+00
1.334230571412828859e+01 2.280174731402064836e+01 -6.672278290242942056e+00 2.280174731402064836e+01 -1.977279908098191896e+01 9.964989174993171162e+00 -6.672278290242942056e+00 9.964989174993171162e+00 1.376564058246690259e+01
1.875646539870243501e+01 -2.683232120629135853e+00 9.231256321447853352e+00 -2.683232120629135853e+00 -2.304473626983070744e+01 -7.249972897910605951e+00 9.231256321447853352e+00 -7.249972897910605951e+00 3.522088344274520466e+01
-2.777630170345421590e+01 2.598192742563800550e+01 -2.759677657554801211e+00 2.598192742563800550e+01 -4.026800272823085436e+01 2.228343479885414524e+01 -2.759677657554801211e+00 2.228343479885414524e+01 -2.179166749857801832e+01
4.662224880480911793e+01 -2.043835610020582894e-01 -8.250117934780114126e+00 -2.043835610020582894e-01 -3.538964509014451920e+01 -4.900139487084991252e+00 -8.250117934780114126e+00 -4.900139487084991252e+00 5.376917000939792501e+01
