3.902253610352646973e+01 -3.627801728914318069e+00 2.274435902418962741e+01 -3.627801728914318069e+00 2.202238470818691596e+01 1.027688234661333588e+01 2.274435902418962741e+01 1.027688234661333588e+01 4.275214650061605681e+01
-1.029838754641264487e+01 1.619671044157488993e+01 1.080900332235618322e+00 1.619671044157488993e+01 -3.743297233191110962e+01 -8.625780587563093960e+00 1.080900332235618322e+00 -8.625780587563093960e+00 -2.224162440593640966e+01
-2.822614863693394760e+00 -1.772612499608926129e+01 3.393977102854255179e+01 -1.772612499608926129e+01 -2.028362231176131569e+00 -6.206036285275590814e+00 3.393977102854255179e+01 -6.206036285275590814e+00 -1.709668214726023550e+01
1.089763553090616988e+01 1.328748140498469255e+01 2.624381972110631622e+01 1.328748140498469255e+01 -4.486830270598586878e+01 1.178058990225367353e+01 2.624381972110631622e+01 1.178058990225367353e+01 -1.573038605622518027e+01
-1.724314910895908426e+01 4.888315276485458161e-02 1.007864518248647911e+01 4.888315276485458161e-02 -1.663612066181479676e+01 -4.298313545472749020e+00 1.007864518248647911e+01 -4.298313545472749020e+00 6.329891303734285657e+00
-2.648707406687204724e+00 -2.484383796260815735e+00 8.128350543286089191e+00 -2.484383796260815735e+00 -3.996141940269667714e+01 -3.003155112705352625e+00 8.128350543286089191e+00 -3.003155112705352625e+00 -3.205362410087007419e+01
4.294661508103209258e+01 3.391710807221127943e+00 3.055989457407014598e+01 3.391710807221127943e+00 2.503003999298902116e+01 -6.822208455696909368e+00 3.055989457407014598e+01 -6.822208455696909368e+00 9.099100490238948069e+00
7.784781624960282365e+00 1.193440809249760548e+01 3.967829467827151291e+01 1.193440809249760548e+01 -2.245658520239215861e+01 5.299376349261325503e-01 3.967829467827151291e+01 5.299376349261325503e-01 2.726371768320295708e+00
5.540972439426833773e+01 8.886669754585556191e+00 2.946112195288231206e+01 8.886669754585556191e+00 1.836134343055232065e+01 -9.480190442677663754e+00 2.946112195288231206e+01 -9.480190442677663754e+00 2.402725307598088378e+01
3.722299856160059761e+01 -3.002199987987327567e+00 2.337244639368220689e+01 -3.002199987987327567e+00 2.199344152480108860e+01 -6.612639785949276927e+00 2.337244639368220689e+01 -6.612639785949276927e+00 3.481603636367334786e+01
2.475695540475994960e+01 7.441427728334192082e+00 4.396599079714157909e+01 7.441427728334192082e+00 1.250587049855732324e+00 -5.488493980225727320e+00 4.396599079714157909e+01 -5.488493980225727320e+00 8.908095998655666037e+00
2.801048310769067484e+01 -1.730715530738663332e+01 1.785491741348008432e+01 -1.730715530738663332e+01 9.441860138967598459e+00 -6.857193825016982380e+00 1.785491741348008432e+01 -6.857193825016982380e+00 1.009157212606597476e+01
-2.811736878074307455e+01 -4.271059643214285551e+00 1.683363826011889719e+00 -4.271059643214285551e+00 -5.086377788723394389e+01 3.051252390358672795e+00 1.683363826011889719e+00 3.051252390358672795e+00 -3.685624270474828990e+01
-1.548080719192483201e+01 -8.533213396243908289e-01 -5.267107348430312364e+00 -8.533213396243908289e-01 -5.402758400872474454e+01 -3.186844507713047392e+00 -5.267107348430312364e+00 -3.186844507713047392e+00 -4.926783590014936465e+01
-2.816626595038894010e+01 -9.014318914385988535e+00 1.714761453993341078e+01 -9.014318914385988535e+00 -6.401679430706187190e+01 -1.804893103095725948e+01 1.714761453993341078e+01 -1.804893103095725948e+01 -2.431306965305733314e+01
3.153623688480698917e+01 1.924867093635031878e+01 2.924196216973659901e+01 1.924867093635031878e+01 1.846836720776541796e+01 5.045508886821215455e+00 2.924196216973659901e+01 5.045508886821215455e+00 4.210495907980199348e+01
7.530553653632075850e+01 1.068434341506584495e+01 3.928177757583165430e+01 1.068434341506584495e+01 3.643281236608376616e+01 1.519041131280317281e+01 3.928177757583165430e+01 1.519041131280317281e+01 4.635598718543213437e+01
1.065466390963494447e+01 8.113962585186186516e+00 2.930463357867542484e+01 8.113962585186186516e+00 -1.090982478535398847e+01 -1.769091054840041721e+01 2.930463357867542484e+01 -1.769091054840041721e+01 1.508318902986333576e+01
2.012191836295524539e+01 -6.609362278748946551e+00 8.636601118280957223e+00 -6.609362278748946551e+00 2.231492744837333397e+00 -3.952454736301685312e+00 8.636601118280957223e+00 -3.952454736301685312e+00 2.942705919074844800e+01
-3.256352881610346528e-01 -3.265979725515667509e-01 1.841804858740515627e+01 -3.265979725515667509e-01 -5.138337415447515610e+01 -6.271327238421908312e+00 1.841804858740515627e+01 -6.271327238421908312e+00 1.569004169573492291e+01
-8.933590947200700683e+00 9.278704423129536139e+00 8.965604100787116781e-01 9.278704423129536139e+00 -1.202275268688076793e+01 -1.480140374242259682e+01 8.965604100787116781e-01 -1.480140374242259682e+01 -1.837944614248859310e+01
-1.246645989908766738e+00 2.152724234360987410e+01 1.208077243712673265e+01 2.152724234360987410e+01 -2.598304399835511802e+01 -5.690202087865435132e+00 1.208077243712673265e+01 -5.690202087865435132e+00 2.232698040713470178e+01
-9.798808213011069412e+00 -3.704994695676123051e+00 4.227854163678952837e+00 -3.704994695676123051e+00 -3.002950175989659343e+01 -1.944634936799936487e+00 4.227854163678952837e+00 -1.944634936799936487e+00 -2.196910653450176554e+01
2.206745283697725313e+01 3.914526634200442778e+00 1.298937572740879887e+01 3.914526634200442778e+00 5.968855980364568659e+00 5.591537517836533411e+00 1.298937572740879887e+01 5.591537517836533411e+00 3.757132644363050389e+01
2.729575723047216940e+01 -2.426496462290728129e+00 2.189497147591650261e+01 -2.426496462290728129e+00 1.078103059471257907e+01 1.153594606717456905e+01 2.189497147591650261e+01 1.153594606717456905e+01 4.230849007018607466e+01
-7.594911372286404116e+00 -6.601176520337041609e+00 6.463776135276840584e+00 -6.601176520337041609e+00 -2.115488555883758082e+01 2.881730917140230108e+00 6.463776135276840584e+00 2.881730917140230108e+00 4.317193934393000809e+00
2.759271494515989431e+01 1.811906056526410014e+00 4.043984229359405200e-03 1.811906056526410014e+00 8.489867225328255884e+00 5.285903997160492196e+00 4.043984229359405200e-03 5.285903997160492196e+00 3.037468877814002255e+01
-3.690278711086983776e+01 -5.667540338928247934e+00 3.670139734784621854e+00 -5.667540338928247934e+00 -3.452129125292767498e+01 4.189814592686315287e+00 3.670139734784621854e+00 4.189814592686315287e+00 -3.735416798794499016e+01
3.457782248174681428e+01 -1.191022259489515456e+01 3.995026610546230472e+01 -1.191022259489515456e+01 -3.822854895069931480e+00 -1.635620297269719359e+01 3.995026610546230472e+01 -1.635620297269719359e+01 4.109579479709082883e-01
3.862255101726166373e-01 3.779845904369524945e+00 1.204882978670353211e+01 3.779845904369524945e+00 -4.820224017465172750e+01 1.275062347111013628e+00 1.204882978670353211e+01 1.275062347111013628e+00 -1.061511731044938678e+01
5.253791689827707501e+01 -7.465259734951918524e+00 2.705504072162400320e+01 -7.465259734951918524e+00 8.116198933732025056e-01 1.170310518259982580e+01 2.705504072162400320e+01 1.170310518259982580e+01 5.077686170691600154e+01
3.368197155999393999e+01 1.785226100972779895e+00 1.823745799014596969e+01 1.785226100972779895e+00 -3.024439093834907943e+00 1.373438023173581612e+01 1.823745799014596969e+01 1.373438023173581612e+01 1.135529966566859983e+01
-3.310516395111397969e+01 1.095503012514163466e+01 7.593309915584973702e+00 1.095503012514163466e+01 -2.696773664588216946e+01 2.474955691617230613e+01 7.593309915584973702e+00 2.474955691617230613e+01 -1.259589566345664657e+01
-5.693106847598912168e+00 1.913912811506270684e+00 3.251058916445255420e+01 1.913912811506270684e+00 -2.265212782018807047e+01 -2.346926750745790358e+01 3.251058916445255420e+01 -2.346926750745790358e+01 6.764850180564756066e+00
5.851977946544278808e+01 2.449253584647045123e+00 3.534716013791786082e+01 2.449253584647045123e+00 1.374954808391764338e+01 1.775485874732219305e+00 3.534716013791786082e+01 1.775485874732219305e+00 2.552034408070640481e+01
-1.398912933189688168e+01 6.296186844292076756e+00 3.303212140882870518e+00 6.296186844292076756e+00 -3.252829809120658666e+01 -2.358032608311062983e+00 3.303212140882870518e+00 -2.358032608311062983e+00 -2.580391369607369967e+01
-3.393850472194019119e+01 -8.406018070986208457e+00 6.213861008946595987e+00 -8.406018070986208457e+00 -5.787794602844147818e+01 1.013075168952209104e+01 6.213861008946595987e+00 1.013075168952209104e+01 -3.218758802956899245e+01
5.488441995654149252e+01 -1.054480820042474498e+01 2.992755085110072955e+01 -1.054480820042474498e+01 3.191000112224238805e+01 -1.552922674952106119e+00 2.992755085110072955e+01 -1.552922674952106119e+00 2.412566890162360522e+01
4.690164143015037723e+01 5.714567745453259739e+00 2.960250703663343330e+01 5.714567745453259739e+00 -1.541292016754103145e+01 -5.991860798001757082e+00 2.960250703663343330e+01 -5.991860798001757082e+00 4.268929992637360726e+01
3.868571526899429180e-01 1.811566742821755582e+01 6.333844402196022294e+00 1.811566742821755582e+01 -4.918617574504691703e+01 -3.865337246154870510e+00 6.333844402196022294e+00 -3.865337246154870510e+00 -3.019021144944201041e+01
8.417900701098693261e+00 4.883468027438615522e+00 3.451653900508340200e+01 4.883468027438615522e+00 -4.331549934115630407e+01 6.308721293716069989e-02 3.451653900508340200e+01 6.308721293716069989e-02 -7.976432366260319817e+00
-9.348790700307750612e+00 1.564318311631482661e-01 3.840488178666952734e+01 1.564318311631482661e-01 -9.815444233981995836e+00 -7.254946066158860951e+00 3.840488178666952734e+01 -7.254946066158860951e+00 -5.113670568956479201e+00
-1.452469247913236394e+01 4.322378390559816097e+00 1.896103756444918176e+01 4.322378390559816097e+00 -5.671604490147363009e+01 -1.421198601833271979e+01 1.896103756444918176e+01 -1.421198601833271979e+01 4.976842673807955642e+00
2.071910044676168638e+01 9.028297903145624304e+00 1.967688414656238649e+01 9.028297903145624304e+00 -1.443729512346435229e+01 -4.396516143762380757e+00 1.967688414656238649e+01 -4.396516143762380757e+00 -5.143287529569685823e+00
-1.518418090277021015e+01 3.505319995391668608e-01 1.092396899870318450e+01 3.505319995391668608e-01 -2.979757515903437337e+01 7.325829478984122733e-01 1.092396899870318450e+01 7.325829478984122733e-01 -1.134608012394145682e+01
-3.282424836644340704e+00 8.242452803319327614e+00 4.736415477659744688e+00 8.242452803319327614e+00 -2.848206622792475784e+01 -3.833474481326652583e+00 4.736415477659744688e+00 -3.833474481326652583e+00 -1.103297846871479315e+01
3.736685931864252019e+00 1.518130036053751475e+01 1.028804414771107112e+01 1.518130036053751475e+01 -3.683153429978739268e+01 2.453198822096417597e+00 1.028804414771107112e+01 2.453198822096417597e+00 -1.268757298383200016e+01
-1.573592299629912183e+01 1.171690476200851094e+01 1.539600126987507345e+01 1.171690476200851094e+01 -6.375635624170342908e+01 -1.566076682821615407e+01 1.539600126987507345e+01 -1.566076682821615407e+01 -4.982403404427351035e+01
-9.108709398641758881e+00 8.380878996453512642e+00 -8.645257704445414859e+00 8.380878996453512642e+00 -1.978034089983968258e+01 -7.195417961714958843e-02 -8.645257704445414859e+00 -7.195417961714958843e-02 -4.094073470146843086e+00
-2.995670844225289287e+00 6.254785602815087664e+00 1.980437283710653418e+01 6.254785602815087664e+00 -3.116453572164561336e+01 2.309239074471415964e+00 1.980437283710653418e+01 2.309239074471415964e+00 -4.796913649462881124e-01
6.279111942195063634e+00 -1.273697919669962175e+01 4.014655922228757845e+01 -1.273697919669962175e+01 -3.405165802408480147e+01 1.404763167104062482e+01 4.014655922228757845e+01 1.404763167104062482e+01 -2.986855590680755768e+01
2.799986371115635819e+01 6.075351487153768382e+00 1.147571856045825278e+01 6.075351487153768382e+00 -1.267599341209627006e+01 6.768648549704745498e+00 1.147571856045825278e+01 6.768648549704745498e+00 2.441350578172969321e+01
-3.477401107403916569e+01 -1.606422169911207476e+01 7.295958489739417629e+00 -1.606422169911207476e+01 -4.942235521934273379e+01 1.168013452526497886e+01 7.295958489739417629e+00 1.168013452526497886e+01 -3.759714659884515697e+01
1.522190742396343310e+01 -1.367472843038694430e+00 1.490929895717215992e+01 -1.367472843038694430e+00 1.972243040350223353e+01 -1.808229767247977043e-02 1.490929895717215992e+01 -1.808229767247977043e-02 -9.922501038762961301e+00
4.738466574006870502e+01 -2.190367301474515749e+00 3.160514440367558109e+01 -2.190367301474515749e+00 2.898715327369998107e+01 1.235657342659045099e+01 3.160514440367558109e+01 1.235657342659045099e+01 1.991556051217987999e+01
1.061512654083179363e+01 4.768957025652265536e+00 7.437929051146591419e+00 4.768957025652265536e+00 -1.575072789976587373e+01 -8.380714953439452941e+00 7.437929051146591419e+00 -8.380714953439452941e+00 -2.402446680724241279e+00
1.212177531695398436e+01 -6.288623113724470137e+00 2.746958563139288856e+01 -6.288623113724470137e+00 -3.014732112839009304e+01 -1.338433420223695691e+01 2.746958563139288856e+01 -1.338433420223695691e+01 -1.633664070432659088e+01
-3.235733762564029448e+00 5.002767062179610313e+00 1.235162106073331678e+01 5.002767062179610313e+00 -3.390708821743568535e+01 5.001289736743157910e+00 1.235162106073331678e+01 5.001289736743157910e+00 -1.149435228369230089e+01
-5.694440352886785739e+00 -1.690442848322646838e-02 1.107380755517071158e+01 -1.690442848322646838e-02 -1.359289928295729766e+01 3.700504212141209948e+00 1.107380755517071158e+01 3.700504212141209948e+00 5.287558046309083437e+00
1.175338938443308612e+00 -1.661346811844931892e+01 3.143629016359581030e+00 -1.661346811844931892e+01 -4.218999332897293897e+00 -8.059074634995281983e+00 3.143629016359581030e+00 -8.059074634995281983e+00 -7.007790477303327492e+00
1.627651228311080800e+01 2.363307119168432280e+00 8.643209712959063040e+00 2.363307119168432280e+00 -2.335075372644170955e+01 -5.641321389175587342e+00 8.643209712959063040e+00 -5.641321389175587342e+00 1.508130489940974428e+00
3.690008693343477830e+01 -4.762990446915568832e+00 1.010871701540231804e+01 -4.762990446915568832e+00 2.595376225690943528e+01 5.759985693350491154e+00 1.010871701540231804e+01 5.759985693350491154e+00 3.449619106737804941e+01
2.156503355986277981e+01 7.288437275690847983e+00 2.611776182016087233e+01 7.288437275690847983e+00 -7.764297826629257493e+00 1.967714315672395520e+00 2.611776182016087233e+01 1.967714315672395520e+00 3.894967957878969766e+00
1.207908028193421401e+01 8.796062479331315132e+00 2.736253539946450886e+01 8.796062479331315132e+00 -3.266242870828312306e+01 1.996422359881233066e-01 2.736253539946450886e+01 1.996422359881233066e-01 7.065006395316043353e+00
-5.382207763881853424e+01 3.006193516265311505e+00 -9.584985818506664756e+00 3.006193516265311505e+00 -6.461316298391392365e+01 2.045062607303498581e+01 -9.584985818506664756e+00 2.045062607303498581e+01 -8.051487145962886416e+01
1.138072826466726895e+01 -5.220737358580552545e+00 1.871891789788623228e+01 -5.220737358580552545e+00 -2.292453940593137673e+01 3.222735489633038242e+01 1.871891789788623228e+01 3.222735489633038242e+01 1.693691173420558194e+00
-2.055300395754106546e+01 -6.682926358414944090e+00 1.033490580575865181e+01 -6.682926358414944090e+00 -4.776687708600088200e+01 8.142760709983086542e+00 1.033490580575865181e+01 8.142760709983086542e+00 -1.453527753247630550e+01
-6.301209784463772223e+00 -7.728183482778355762e-01 3.699637006439970577e+01 -7.728183482778355762e-01 -3.115720839542014886e+01 -8.613598037525127538e+00 3.699637006439970577e+01 -8.613598037525127538e+00 -2.322432163884139555e+01
2.851316893185261137e+01 -1.554633204583327544e+00 4.970282351880723581e+01 -1.554633204583327544e+00 1.444121451713733073e+01 3.279870345839210888e+00 4.970282351880723581e+01 3.279870345839210888e+00 6.803778621231893808e+00
4.267317859920382261e+01 -1.872545617576607313e+01 1.057474721386629923e+01 -1.872545617576607313e+01 -2.247601270276190721e+00 -3.446753117593939209e+00 1.057474721386629923e+01 -3.446753117593939209e+00 5.921667982625157478e+00
2.010974768761169429e+01 -4.149995289704242474e+00 4.542557350892128198e+01 -4.149995289704242474e+00 -5.108296032277293008e+00 1.121691922898035010e+01 4.542557350892128198e+01 1.121691922898035010e+01 6.971918054265526798e+00
5.386321261614705236e+01 1.746604529506248937e+01 3.614153245354317079e+01 1.746604529506248937e+01 2.726158807350980950e+01 1.223438042339963161e+01 3.614153245354317079e+01 1.223438042339963161e+01 3.608694874288196530e+01
8.727100944761474466e+00 4.704977551675749048e+00 9.342843569149573923e+00 4.704977551675749048e+00 -2.816090065362524708e+00 -4.122976006611342115e+00 9.342843569149573923e+00 -4.122976006611342115e+00 -1.241821394368771259e+01
-9.591210392983773758e+00 -1.181404371038397016e+00 1.364396965252602101e+01 -1.181404371038397016e+00 -2.395594090384938468e+01 -3.012297432599569280e+00 1.364396965252602101e+01 -3.012297432599569280e+00 -8.412186042390864316e+00
4.391107728191984805e+00 3.361594183276950809e-01 1.930051890580649143e+01 3.361594183276950809e-01 -2.546148542102134016e+01 -6.373309337042520895e+00 1.930051890580649143e+01 -6.373309337042520895e+00 1.446578147168127337e+01
1.404787685658873819e+01 -7.841641730123499521e+00 1.328369744028179333e+01 -7.841641730123499521e+00 -6.273973817913134354e+00 -7.133267496945179253e+00 1.328369744028179333e+01 -7.133267496945179253e+00 -2.583002347522465314e+01
-3.422153607274021958e+00 -3.191974326335871748e+00 1.072959141041480180e+01 -3.191974326335871748e+00 -1.402366872080603244e+01 -1.687103825713549199e+01 1.072959141041480180e+01 -1.687103825713549199e+01 1.029329317417880851e+01
1.672752292219165327e+01 1.272567262330809523e+00 1.684861617338013673e+01 1.272567262330809523e+00 -2.546429078343783736e+00 -4.303411330953341718e+00 1.684861617338013673e+01 -4.303411330953341718e+00 1.373618723243130901e+01
2.582933712712875263e+01 -1.837137477968744292e+01 1.219769489275260455e+01 -1.837137477968744292e+01 1.814152368446567465e+01 -1.831188840695235076e-01 1.219769489275260455e+01 -1.831188840695235076e-01 1.790801842634732211e+01
2.245910742407594896e+01 -3.237281819962568363e+00 1.634869688068005189e+01 -3.237281819962568363e+00 7.246709126729778738e+00 -8.332733160300960229e-01 1.634869688068005189e+01 -8.332733160300960229e-01 1.345484180288001319e+01
1.125454993205804044e+01 9.921922472489820066e+00 -6.330319180977635796e+00 9.921922472489820066e+00 -1.142618226654351155e+01 -6.066066579062271202e+00 -6.330319180977635796e+00 -6.066066579062271202e+00 9.019505009230577741e+00
2.004400754846033905e+01 4.944998910346251719e+00 1.499579738401730999e+01 4.944998910346251719e+00 -1.536443014986159916e+01 -4.381164089498935432e+00 1.499579738401730999e+01 -4.381164089498935432e+00 2.138234965643514229e+01
4.951481216586946488e+01 8.367480690751966321e+00 5.141142249069840631e+00 8.367480690751966321e+00 2.458649197833702260e+01 -3.622451101675291385e-01 5.141142249069840631e+00 -3.622451101675291385e-01 4.231324941245834736e+01
-9.335490606133904024e+00 1.149117824361611007e+01 -1.096807430551717477e+00 1.149117824361611007e+01 -3.703630790186505095e+01 -5.531756631945926372e+00 -1.096807430551717477e+00 -5.531756631945926372e+00 -1.116452535473158569e+01
-2.011029881380796880e+01 2.641656076495326388e+01 2.487941425891551539e+00 2.641656076495326388e+01 -4.611942982611634534e+01 -4.926363205812892332e+00 2.487941425891551539e+00 -4.926363205812892332e+00 -6.165151630226901602e+00
1.634015062325117995e+01 2.838170778098361158e+00 1.002734748847047186e+01 2.838170778098361158e+00 -9.365279492204820144e+00 -1.549473896262567374e+00 1.002734748847047186e+01 -1.549473896262567374e+00 2.359770632294834058e+01
-1.534329704959653284e+01 1.256766359954724699e+01 -2.915280305845920905e-01 1.256766359954724699e+01 -3.109493847715501857e+01 -2.698788939810653709e+00 -2.915280305845920905e-01 -2.698788939810653709e+00 -1.658758927429502705e+01
-1.711808229624315558e+01 -6.130292313273150336e-03 1.503853388627307197e+01 -6.130292313273150336e-03 -4.281949337491571583e+01 -9.085735429370295435e+00 1.503853388627307197e+01 -9.085735429370295435e+00 -6.390238601257051343e+00
1.797955604044422273e+01 4.754536639524843400e-01 4.234196188968694230e+01 4.754536639524843400e-01 6.024408398891047511e+00 -3.165266158505477989e+00 4.234196188968694230e+01 -3.165266158505477989e+00 5.121424993665290692e+00
-1.412619465490680604e+01 -2.066663389573243581e+00 1.548963880911988333e+01 -2.066663389573243581e+00 -3.895105308380491493e+01 1.443006110648632212e-01 1.548963880911988333e+01 1.443006110648632212e-01 -8.449701486307672482e+00
-4.157543137185839011e-01 -6.674211546502142767e+00 1.057937788525448752e+01 -6.674211546502142767e+00 -3.972853075950890656e+01 1.259978163627627712e+00 1.057937788525448752e+01 1.259978163627627712e+00 -1.058794683952901394e+01
3.005547510995628890e+00 2.044117242680701096e+01 5.749430807381631148e+00 2.044117242680701096e+01 -2.004190448220993304e+01 2.917832304149968969e+00 5.749430807381631148e+00 2.917832304149968969e+00 1.955489228359214948e+01
2.539621350036327829e+00 1.274005964947211034e+01 9.279715604323661438e-02 1.274005964947211034e+01 -2.744445960121911554e+01 -1.103444470941278865e+01 9.279715604323661438e-02 -1.103444470941278865e+01 -2.374077122026974962e+01
-5.619385353745629175e+01 5.027354512951928811e+00 9.602326451353771830e+00 5.027354512951928811e+00 -6.555289123792347539e+01 -7.149848419375768316e-01 9.602326451353771830e+00 -7.149848419375768316e-01 -4.292679887199951594e+01
-4.063920468044651457e+00 -1.849754770197246501e+01 2.225681670243998767e+01 -1.849754770197246501e+01 -9.044612609458296149e+00 -7.017646972171176500e+00 2.225681670243998767e+01 -7.017646972171176500e+00 -1.208261488685149132e+01
4.058444033885872670e+01 2.352522644224018578e+01 6.472841568908319410e+00 2.352522644224018578e+01 -2.244826174526388840e+01 -3.204986119036797199e+00 6.472841568908319410e+00 -3.204986119036797199e+00 -1.639315065528585080e+01
-1.609575898573467967e+01 -7.270670512829747745e-01 8.193058163751693046e-01 -7.270670512829747745e-01 -2.686673510989476199e+01 6.451335626563278747e-02 8.193058163751693046e-01 6.451335626563278747e-02 -2.006621194904612437e+01
4.616770297546106150e+01 -1.545414801310060371e+00 2.160937129941065749e+01 -1.545414801310060371e+00 1.070563411892393013e+01 -6.281414986070784856e+00 2.160937129941065749e+01 -6.281414986070784856e+00 2.482086476974747313e+01
3.609895806196623980e+00 -1.231727689494343458e+01 2.913944421658799300e+01 -1.231727689494343458e+01 -5.350455750517910047e+01 3.234607634756547334e+00 2.913944421658799300e+01 3.234607634756547334e+00 -1.746653421035159326e+01
-7.909927010273874792e+00 -4.046978755669021766e-01 2.117625025384398185e+01 -4.046978755669021766e-01 1.646489730706158505e-01 4.161763685636818089e+00 2.117625025384398185e+01 4.161763685636818089e+00 9.511217282039840626e+00
