-6.395478918432638693e+01 -5.969022133107796613e+00 1.195997884785929166e+01 -5.969022133107796613e+00 -1.028871427334692612e+02 1.229658731218024315e+01 1.195997884785929166e+01 1.229658731218024315e+01 -6.504745428463493795e+01
-4.741267872023841079e+01 -9.305292772113443078e+00 -1.486181761135995094e+00 -9.305292772113443078e+00 -3.595257452112051766e+01 -1.808701267422692638e+01 -1.486181761135995094e+00 -1.808701267422692638e+01 -3.029629281962256826e+01
3.014374369007691712e+01 7.056413000994560258e-01 -9.480873207607384501e+00 7.056413000994560258e-01 -1.376792108411385307e+01 1.592245193462427189e+01 -9.480873207607384501e+00 1.592245193462427189e+01 2.574297938739631064e+01
-3.790141527725922543e+01 1.632948245413560784e+01 -7.815000030806786846e+00 1.632948245413560784e+01 -5.385485791150833990e+01 1.850359584704518667e+01 -7.815000030806786846e+00 1.850359584704518667e+01 -3.982248946015596403e+01
-2.797116008016623923e+01 1.048367746445563853e+01 7.103885591872001193e+00 1.048367746445563853e+01 -3.554232671896352258e+01 -1.320749157161234955e+01 7.103885591872001193e+00 -1.320749157161234955e+01 -2.644312984321507543e+01
6.680004484054428815e+01 -2.429079925731505085e+01 -1.470261000814966401e+01 -2.429079925731505085e+01 3.160587348410865616e+01 4.804501112419596431e+00 -1.470261000814966401e+01 4.804501112419596431e+00 5.587517656485638895e+01
1.090381688055266629e+01 -1.324842746663504212e+00 1.341497228430760025e+00 -1.324842746663504212e+00 -5.213701024877315149e+01 4.267730788210067239e+00 1.341497228430760025e+00 4.267730788210067239e+00 1.965789287355303472e+01
1.237945085949780299e+01 -1.193254802838949757e+01 1.181042256323961759e+01 -1.193254802838949757e+01 1.566837026543863587e+01 -5.095486206912895000e+00 1.181042256323961759e+01 -5.095486206912895000e+00 2.559977627335538131e+01
-3.001585464762238686e+01 -6.107279793581652960e+00 2.046973273948980765e+00 -6.107279793581652960e+00 -4.115980549192430260e+01 5.559351360747489146e+00 2.046973273948980765e+00 5.559351360747489146e+00 -2.512020236368962856e+01
-3.661805600922328807e+01 1.128674968784347676e+01 -8.035462149437192281e+00 1.128674968784347676e+01 -8.059400051177074431e+01 -6.557387587559301956e+00 -8.035462149437192281e+00 -6.557387587559301956e+00 -4.267963396871422077e+01
-1.031803011300036349e-01 5.335464192495815716e+00 -7.677105738839557283e-03 5.335464192495815716e+00 -4.341865383963954628e+01 2.020285211645192369e+00 -7.677105738839557283e-03 2.020285211645192369e+00 -2.105866661810065765e-01
-1.494297329839035271e+01 1.989961737889232651e+01 -4.569215788422001268e+00 1.989961737889232651e+01 -2.623745374893160687e+01 -1.111366140247229822e-01 -4.569215788422001268e+00 -1.111366140247229822e-01 -1.772751615791602120e+01
-1.887998960487839639e+01 4.228998321620005107e+00 1.757383147740801022e+01 4.228998321620005107e+00 -3.094695702486895073e+01 1.745459821420110202e+01 1.757383147740801022e+01 1.745459821420110202e+01 -8.027364869211494280e+00
-1.055178743004019282e+01 1.189118059147563500e+01 -1.396031617410573489e+01 1.189118059147563500e+01 1.218416036638747180e+01 1.311730912812601879e+01 -1.396031617410573489e+01 1.311730912812601879e+01 -5.833830848690768178e+00
7.827416813713475108e+01 8.541436588077138126e+00 7.514657780506836637e+00 8.541436588077138126e+00 2.787103577819231504e+01 -5.109942114201079910e+00 7.514657780506836637e+00 -5.109942114201079910e+00 6.040885861361440590e+01
9.467232582252815831e+00 1.562962904051483548e+01 -2.032370335727175359e+01 1.562962904051483548e+01 1.294336721952756619e+01 -1.051288510755097150e+01 -2.032370335727175359e+01 -1.051288510755097150e+01 2.432071260682620029e+00
-3.542686087076135237e+01 -1.583651765165416947e+01 9.611507411083383801e+00 -1.583651765165416947e+01 -5.389909674727679345e+01 3.109853956147729526e-01 9.611507411083383801e+00 3.109853956147729526e-01 -2.878422695997187120e+01
1.064236535975783760e+01 1.260101432784299647e+01 7.131889237671361848e+00 1.260101432784299647e+01 -6.892390029213104619e+00 6.995061661897689076e-01 7.131889237671361848e+00 6.995061661897689076e-01 -4.747208096350596485e+00
5.070265330105225132e+01 3.557071845554531109e+01 1.280736433573271782e+01 3.557071845554531109e+01 -7.094168508132444373e+00 9.228438640370848489e+00 1.280736433573271782e+01 9.228438640370848489e+00 3.781605223243985137e+01
-1.923676249301179197e+01 -4.193172434494048945e-02 -1.268143625375276251e+00 -4.193172434494048945e-02 -3.035888387127202037e+01 1.033924564499509913e+01 -1.268143625375276251e+00 1.033924564499509913e+01 -2.039094015291865958e+01
-2.893763813167316101e+01 -2.117024748311790106e+01 8.988514144024255970e+00 -2.117024748311790106e+01 -2.960283418059396254e+01 3.304128035869978053e+00 8.988514144024255970e+00 3.304128035869978053e+00 -4.281615655164711143e+01
-1.495819374495615151e+01 -7.815344074674489327e+00 8.519309743973909832e+00 -7.815344074674489327e+00 -2.887715926988596138e+01 -1.866830786703846101e+01 8.519309743973909832e+00 -1.866830786703846101e+01 -3.735963102262336855e-01
-6.354728162010307990e-01 1.308363132731527401e+01 9.780096136965394926e-01 1.308363132731527401e+01 -3.934243189988441713e+01 1.239314767253910965e+01 9.780096136965394926e-01 1.239314767253910965e+01 -4.782390080953624611e+00
2.285491267666468573e+01 1.515014326012090295e+00 4.004881295526350193e+00 1.515014326012090295e+00 3.543950877374142294e+01 -7.999212669496056805e+00 4.004881295526350193e+00 -7.999212669496056805e+00 4.535358563210978389e+01
-4.048326851982955077e+01 1.070289144236036094e+01 2.319194991071483969e+00 1.070289144236036094e+01 -5.969151245084258761e+01 7.902125014232488809e+00 2.319194991071483969e+00 7.902125014232488809e+00 -4.599137414215271491e+01
-3.609076107539554101e+01 -5.860882628909453551e+00 -1.009909397765706629e+01 -5.860882628909453551e+00 -7.284976423729918338e+01 5.156020044047764372e-01 -1.009909397765706629e+01 5.156020044047764372e-01 -2.878635088679218867e+01
4.345077165982982592e+01 -1.091867818217855834e+01 -8.754660190174798018e+00 -1.091867818217855834e+01 2.322305733652141413e+01 -3.196724189463091648e+01 -8.754660190174798018e+00 -3.196724189463091648e+01 4.186342020007278109e+01
5.381200091373717953e+01 3.255835555383585600e+00 -6.957338981946986856e+00 3.255835555383585600e+00 -4.107191178174987023e-01 -1.826241975809498186e+01 -6.957338981946986856e+00 -1.826241975809498186e+01 3.344689054985140331e+01
-2.155224622914030164e+01 1.355280838503726315e+01 1.580214050952951332e+01 1.355280838503726315e+01 1.540422849164882813e+01 -1.422349912469820765e+01 1.580214050952951332e+01 -1.422349912469820765e+01 8.769291910330332840e+00
5.093825956648709408e+00 -3.167949985763473641e+00 -4.813618033032259214e-01 -3.167949985763473641e+00 -2.411369371827539254e+01 -8.773150782778666112e+00 -4.813618033032259214e-01 -8.773150782778666112e+00 2.001554657001343429e+01
7.271449520296148705e+01 -7.795713627907518095e+00 6.374679845473252726e+00 -7.795713627907518095e+00 1.613277218909135513e+01 3.467200323264485462e+00 6.374679845473252726e+00 3.467200323264485462e+00 8.427074319148255199e+01
-2.451319882413324436e+01 -3.720398385516118012e+00 -1.236318486123070493e+00 -3.720398385516118012e+00 -3.247703086829665153e+01 -1.498726622855730772e+00 -1.236318486123070493e+00 -1.498726622855730772e+00 -1.048379910028955564e+01
-6.093026559309474344e+00 -4.381500916608452201e+00 -7.451399125979255800e+00 -4.381500916608452201e+00 5.367635644701462816e+00 -4.889711223294161080e+00 -7.451399125979255800e+00 -4.889711223294161080e+00 -2.997992321220166900e+00
-1.166012464153220130e+01 1.636497448547201117e+01 -1.121909923936108378e+01 1.636497448547201117e+01 -1.068395397425697801e+01 1.448343108579788741e+01 -1.121909923936108378e+01 1.448343108579788741e+01 6.857602012948011527e+00
1.734219663460741501e+01 1.034686292715246303e+01 3.829424794188080128e+00 1.034686292715246303e+01 -5.615828457162160703e+01 -2.066770079886494749e+00 3.829424794188080128e+00 -2.066770079886494749e+00 8.128436830373656719e+00
2.300098209707379837e+01 -2.871946199650088971e+01 -8.109214111576479311e+00 -2.871946199650088971e+01 -1.973996485481725216e+01 3.738256956760988903e+00 -8.109214111576479311e+00 3.738256956760988903e+00 1.630028503579130827e+01
3.481855220098541537e+01 2.079225388527711615e+01 1.740923774509131272e+00 2.079225388527711615e+01 -7.785288717058416630e+00 -3.822778251459777898e+00 1.740923774509131272e+00 -3.822778251459777898e+00 2.234156104812315036e+01
-2.266515041324316115e+01 -1.201122700880401339e+01 -1.504153375239542845e+00 -1.201122700880401339e+01 -3.535926365513834213e+01 -6.385631700445749459e+00 -1.504153375239542845e+00 -6.385631700445749459e+00 2.465483477200574924e+01
-3.035865495622344312e+00 8.928433316769582850e-01 -1.160453463728377166e+01 8.928433316769582850e-01 -3.264980391592115438e+01 3.043561264873068328e+00 -1.160453463728377166e+01 3.043561264873068328e+00 -1.587801839696861839e+00
-2.202673680080069119e+01 -7.184038254397855816e+00 2.052127530749543993e+01 -7.184038254397855816e+00 -2.890230561960838074e+01 4.617116768231452895e+00 2.052127530749543993e+01 4.617116768231452895e+00 1.031618887553183761e+01
-1.292741841053961060e+01 6.218840233222258540e+00 -2.339796265827599198e-01 6.218840233222258540e+00 -2.037189172788168179e+01 1.248824050120113682e+01 -2.339796265827599198e-01 1.248824050120113682e+01 -8.572597763002688609e+00
3.568709689310235689e+01 9.040518415992606194e+00 2.048955896973191315e+01 9.040518415992606194e+00 -9.855055944257754774e+00 1.870052843875972570e+01 2.048955896973191315e+01 1.870052843875972570e+01 4.883194187808760489e+01
2.190696290342575381e+01 2.014632376626328281e+01 6.328619619634334725e+00 2.014632376626328281e+01 -3.960887166590192976e+01 1.823368700574865642e+01 6.328619619634334725e+00 1.823368700574865642e+01 1.574288961660587560e+01
-2.724717816202783638e+01 -3.918462202237050995e+00 -1.029097322369395151e+01 -3.918462202237050995e+00 -6.542377887304722606e+01 2.714509076057562975e-01 -1.029097322369395151e+01 2.714509076057562975e-01 -1.797265847072880263e+01
2.911229643338362294e+01 7.321837689381044179e+00 4.311222592096871864e+00 7.321837689381044179e+00 2.489055605325703979e+01 1.224330308731803285e+01 4.311222592096871864e+00 1.224330308731803285e+01 3.285664597767407713e+01
-4.181581643122568970e+00 -1.445555916342701686e+01 8.373981368863260499e+00 -1.445555916342701686e+01 3.942116715689366835e+00 -1.119431478457275553e+01 8.373981368863260499e+00 -1.119431478457275553e+01 1.495006409340526510e+01
1.094486624284656706e+01 -1.334216485600535052e+01 1.625213350687937819e+01 -1.334216485600535052e+01 -3.152941660307191185e+01 -3.455914778513578423e+00 1.625213350687937819e+01 -3.455914778513578423e+00 7.253888626949891894e+00
-2.664819035188849483e+01 -5.423940726937960477e+00 -7.946339759061823216e+00 -5.423940726937960477e+00 1.082913517211471444e+01 -9.954863872812840242e+00 -7.946339759061823216e+00 -9.954863872812840242e+00 5.661993699261346435e+00
-1.953667189500094992e+01 3.465377458159213386e+00 4.136151338777219522e+00 3.465377458159213386e+00 -1.895943784016525768e+01 7.670288221326464040e+00 4.136151338777219522e+00 7.670288221326464040e+00 -5.883435971855822899e+00
2.407642418371750281e+01 3.316201375987452238e+00 -2.220206445401528228e+00 3.316201375987452238e+00 -4.078257763654539758e+01 1.218109080933579724e+00 -2.220206445401528228e+00 1.218109080933579724e+00 3.432361798387254481e+01
1.205783816012235388e+00 5.385386646727928550e+00 -1.235189543311860660e+01 5.385386646727928550e+00 -6.128495594565851690e+01 -1.676425190811092136e+01 -1.235189543311860660e+01 -1.676425190811092136e+01 7.251033233929439881e+00
1.489161193374214598e+01 1.726038959017124785e+00 1.185738444660896818e+01 1.726038959017124785e+00 9.907841259200722561e+00 2.077512929624032889e+00 1.185738444660896818e+01 2.077512929624032889e+00 3.765202558831834523e+01
2.516984671838570620e+01 8.500701823529687173e-01 -5.070164699597113689e+00 8.500701823529687173e-01 1.989201249883477018e+01 -4.805684708354882595e+00 -5.070164699597113689e+00 -4.805684708354882595e+00 9.533461280772760560e+00
1.947338094555658206e+00 1.196735365847480992e+01 -1.302557164586936445e+01 1.196735365847480992e+01 -2.980256051375235771e+01 1.588251605324813731e+01 -1.302557164586936445e+01 1.588251605324813731e+01 8.346510714862645841e+00
3.426307218275443489e+01 -4.454503257717878917e+00 1.014977126802649110e+01 -4.454503257717878917e+00 1.064983695333003055e+01 5.533245031694574934e+00 1.014977126802649110e+01 5.533245031694574934e+00 1.599325241836907452e+01
-3.225833224671521293e+01 1.314822118372528159e+01 -2.865721112512181090e+00 1.314822118372528159e+01 -5.913318271798999604e+01 8.174695853889483388e+00 -2.865721112512181090e+00 8.174695853889483388e+00 -2.978945261203852723e+01
-3.701219946729290200e+01 -2.811220165002832339e+00 1.983954976038079021e+00 -2.811220165002832339e+00 -7.198897865582887334e+01 -1.618220327337259334e+01 1.983954976038079021e+00 -1.618220327337259334e+01 -2.766504625317999810e+01
9.110717578693151353e+00 1.893779336982039041e+01 7.384735441521163679e+00 1.893779336982039041e+01 -1.390530277775845214e+01 1.645030088462334206e+01 7.384735441521163679e+00 1.645030088462334206e+01 -3.893946953650067488e+00
-5.190465731600898636e+01 -4.944352657623193537e+00 2.070505747478451397e+00 -4.944352657623193537e+00 -5.776366693126738028e+01 3.057699084498636477e+00 2.070505747478451397e+00 3.057699084498636477e+00 -5.724113409169019917e+01
-5.280608672256144054e+00 -1.289218986902280406e+01 8.737351769308807192e+00 -1.289218986902280406e+01 1.308051450053909548e+01 -9.070350904470791065e+00 8.737351769308807192e+00 -9.070350904470791065e+00 -2.339437636009059318e+01
2.055540882290492366e+00 -1.551553508021308758e+01 1.497374037424588877e+01 -1.551553508021308758e+01 -4.873088708270982039e+01 -9.683553376802933599e+00 1.497374037424588877e+01 -9.683553376802933599e+00 -1.372300011948063059e+01
1.973025343127617148e+01 1.520222616986061404e+01 -3.435435421547600399e+00 1.520222616986061404e+01 3.380195471705436105e-01 -7.598017332336022278e+00 -3.435435421547600399e+00 -7.598017332336022278e+00 2.054871179940451498e+01
-1.537188197979393101e+00 8.217045081030065479e-01 8.576326516364018104e+00 8.217045081030065479e-01 -3.724933047457383850e+01 3.118533158798881821e+00 8.576326516364018104e+00 3.118533158798881821e+00 -6.438931004429067961e+00
2.936132271358914636e+01 -2.815151819753859641e+01 -7.979510213008833119e+00 -2.815151819753859641e+01 -1.835551028889428693e+01 4.810844538335797616e+00 -7.979510213008833119e+00 4.810844538335797616e+00 2.440417024453373784e+01
-1.188339380484933017e+01 -8.374830850718140596e+00 -5.618735970411334435e+00 -8.374830850718140596e+00 -1.124742827932172062e+01 7.055781586256577143e+00 -5.618735970411334435e+00 7.055781586256577143e+00 -3.455117216328417395e+00
-5.125054023968284689e+00 9.632369643562785910e+00 9.108116486279437041e+00 9.632369643562785910e+00 -4.005436207054034981e+01 -4.846162525734515114e+00 9.108116486279437041e+00 -4.846162525734515114e+00 -1.615290950365978251e+00
-3.999888011495484363e+01 -9.347580213370672908e+00 1.019605297328284976e+01 -9.347580213370672908e+00 -4.031934763138927025e+01 1.275512252806971247e+01 1.019605297328284976e+01 1.275512252806971247e+01 -2.165005560394274298e+01
-3.095690334165514912e+01 -5.739244320733575044e+00 -1.314304517871443956e+01 -5.739244320733575044e+00 -8.870528398728273700e+00 -4.807587287636131634e+00 -1.314304517871443956e+01 -4.807587287636131634e+00 -2.723859515476912918e+01
1.500405015521980090e+01 4.424073113891803466e+00 -8.042661540237350692e+00 4.424073113891803466e+00 -1.116751582219011141e+01 5.090306136324244335e+00 -8.042661540237350692e+00 5.090306136324244335e+00 1.393566486912169111e+00
-2.635984881301951432e+01 5.241316284191563035e+00 1.376453244977508916e+01 5.241316284191563035e+00 -6.124390042837007542e+01 1.130472186788703093e+00 1.376453244977508916e+01 1.130472186788703093e+00 -2.526073547628801919e+01
2.339376892438553668e+01 2.933485607002032758e+00 -5.216823891901967158e+00 2.933485607002032758e+00 -4.426674771304117684e+01 1.044431205187041201e+01 -5.216823891901967158e+00 1.044431205187041201e+01 3.785500648148488967e+00
4.101540193796246569e+01 1.163851214262189870e+01 -8.045606534001775501e+00 1.163851214262189870e+01 1.715643332628303952e+01 -2.220908442989115272e+01 -8.045606534001775501e+00 -2.220908442989115272e+01 2.107383278100579815e+01
-1.903563119044064678e+01 1.989456749832669846e-01 -1.152347409463887473e+01 1.989456749832669846e-01 -2.863661084606376050e+01 3.827886621179359850e+00 -1.152347409463887473e+01 3.827886621179359850e+00 -3.594974845481126380e+01
9.807244444260270200e+00 -3.148083247286285746e-01 -5.839439588364981226e+00 -3.148083247286285746e-01 -3.179209301745056848e+01 1.329237418077594102e+00 -5.839439588364981226e+00 1.329237418077594102e+00 2.824335401703621073e+00
-1.263984788297044837e+01 -1.368969830233983487e+01 -1.180686732449074228e+01 -1.368969830233983487e+01 -1.257415683131058870e+01 1.233514285775273400e+01 -1.180686732449074228e+01 1.233514285775273400e+01 -9.845278306279009684e+00
-3.160983871482475394e+00 -2.077737307836855507e+00 -1.571034265650332351e+01 -2.077737307836855507e+00 -3.909003203348151345e+01 1.194270320184081058e+01 -1.571034265650332351e+01 1.194270320184081058e+01 7.405091685811648894e+00
-6.065170061365428467e+00 3.332525954424696013e-01 9.327368197090555313e+00 3.332525954424696013e-01 -8.540767921863345435e+00 1.130509315925344715e+01 9.327368197090555313e+00 1.130509315925344715e+01 -8.156911335662471174e+00
7.530609262989729658e+00 -8.918404083984372122e+00 -1.192853443387868673e+01 -8.918404083984372122e+00 -3.473995444438137525e+01 -4.687550231365441356e+00 -1.192853443387868673e+01 -4.687550231365441356e+00 2.947880262280554575e+01
2.490720345267699187e+01 -1.420207730653122269e+01 8.010515346571109419e+00 -1.420207730653122269e+01 9.822407837422653998e+00 7.105919603798124484e+00 8.010515346571109419e+00 7.105919603798124484e+00 1.468501138376557869e+01
-1.500561115370073573e+01 6.296006220762330408e+00 1.081118582965662256e+01 6.296006220762330408e+00 -5.656462804665810751e+00 -4.655529848862349773e+00 1.081118582965662256e+01 -4.655529848862349773e+00 1.339546586045765331e+01
-4.566272163607443701e+00 -8.119086938550671206e+00 -5.853247615320723796e+00 -8.119086938550671206e+00 -3.515538421670084546e+01 5.135637619135743570e+00 -5.853247615320723796e+00 5.135637619135743570e+00 -7.536765136562565637e+00
1.332218434446331656e+01 -3.642622239189436062e+00 -1.560894547175278824e+01 -3.642622239189436062e+00 -5.460016997955225548e+01 -5.452913374437965643e+00 -1.560894547175278824e+01 -5.452913374437965643e+00 -2.183622061936184977e+01
-3.700237804109546974e-02 -1.688972874542307423e+01 -6.243804536962286100e+00 -1.688972874542307423e+01 -1.332132589524108290e+01 9.900067527829524039e+00 -6.243804536962286100e+00 9.900067527829524039e+00 2.470781966502012850e+01
1.396167472554587441e+01 -1.511930336297824029e+00 4.953950944877394846e+00 -1.511930336297824029e+00 -1.972621589653007845e+01 -8.907901265246392697e+00 4.953950944877394846e+00 -8.907901265246392697e+00 -8.499535762460212140e+00
-6.144115366988346238e+01 1.265537670704509132e+01 1.976753729094464562e+00 1.265537670704509132e+01 -3.578405720111243227e+01 2.962670009386064063e+00 1.976753729094464562e+00 2.962670009386064063e+00 -4.137419938345086479e+01
-2.007855374922013070e+01 1.867396411336966366e+01 7.197288721053165528e-01 1.867396411336966366e+01 -2.726106277366157471e+01 -2.899106131272754183e+00 7.197288721053165528e-01 -2.899106131272754183e+00 1.369408262181686275e+01
-1.550968322032458957e+01 -1.633693035657800507e+01 -5.364863388898375440e+00 -1.633693035657800507e+01 -3.851090209954698906e+01 8.070862110987549798e+00 -5.364863388898375440e+00 8.070862110987549798e+00 5.565183123838260748e+00
1.677084426949866014e+01 4.888623004371204672e+00 5.978193834247822913e+00 4.888623004371204672e+00 -3.418834439737937458e+01 -1.095034419163147277e+01 5.978193834247822913e+00 -1.095034419163147277e+01 2.905332808575717518e+00
5.640568206465273704e+01 5.153047706806336947e+00 -3.355432012088485738e+00 5.153047706806336947e+00 -3.388757627008935902e+00 8.705740647030934198e+00 -3.355432012088485738e+00 8.705740647030934198e+00 4.129827820759578572e+01
-1.129999618194024080e+01 -7.893640724075321469e-01 -1.514297646817853149e+01 -7.893640724075321469e-01 -4.739975570689963291e+01 -7.843374513269814940e+00 -1.514297646817853149e+01 -7.843374513269814940e+00 6.566048213893736829e+00
2.629719709881058520e+01 1.644361076496354812e+01 -1.062728410170461757e+01 1.644361076496354812e+01 -2.969484936733095282e+01 -5.630501815264078447e-01 -1.062728410170461757e+01 -5.630501815264078447e-01 1.897226646876099210e+01
-4.712984453089094927e+01 -1.986873647003579535e+01 9.249017626777866763e-01 -1.986873647003579535e+01 -9.761597610939713832e+01 1.595008997586192967e+00 9.249017626777866763e-01 1.595008997586192967e+00 -3.420998212918490111e+01
-1.981001126224257192e+01 -8.560185303922157374e+00 3.776609321144479559e-01 -8.560185303922157374e+00 -1.055157945312627987e+01 5.292823873681236968e+00 3.776609321144479559e-01 5.292823873681236968e+00 1.622903144441704981e+01
5.996052253477537164e+01 -7.002837172597208060e+00 -8.944248950301075141e+00 -7.002837172597208060e+00 3.957217338415556895e+01 4.236354319873653296e+00 -8.944248950301075141e+00 4.236354319873653296e+00 5.757071485008342648e+01
-2.255192840147230271e+01 1.025145952352588807e+01 -7.172783117317194090e+00 1.025145952352588807e+01 1.018303246786009986e+01 -1.313369514639824942e+01 -7.172783117317194090e+00 -1.313369514639824942e+01 -1.870953497998114301e+01
3.627077499210599143e+01 -1.302064826955272148e+00 9.922594171501559757e+00 -1.302064826955272148e+00 1.412811058541344522e+01 -1.580155953334177354e+00 9.922594171501559757e+00 -1.580155953334177354e+00 3.718755654859608484e+01
4.723806293490740416e+01 -3.287690388993435686e+00 2.032552468567938142e+00 -3.287690388993435686e+00 9.455110334197266653e+00 2.692490919039536301e-01 2.032552468567938142e+00 2.692490919039536301e-01 5.238937751518040642e+01
1.526953650874578905e+01 -1.133183980047791373e+01 8.849532030254705361e-01 -1.133183980047791373e+01 -4.075662883470915432e+01 6.682962544725135068e+00 8.849532030254705361e-01 6.682962544725135068e+00 -6.760480749232816500e+00
3.051590014895666059e+01 -5.021628392700257848e+00 -1.376607098228999249e+01 -5.021628392700257848e+00 -1.341850655724531904e+01 2.527690664955037914e+00 -1.376607098228999249e+01 2.527690664955037914e+00 3.757282040061031125e+01
-2.282728483821041543e+00 1.031564867714495648e+01 8.678050425114804511e+00 1.031564867714495648e+01 -3.597820253500249521e+01 -1.653546576135225710e+00 8.678050425114804511e+00 -1.653546576135225710e+00 3.574557394718305581e+00
-2.038572866313391518e+00 2.797832274057616075e+01 -1.225887185193117013e+01 2.797832274057616075e+01 -2.890113347269822697e+01 -1.268732681676957019e-01 -1.225887185193117013e+01 -1.268732681676957019e-01 -1.280116622289965633e+01
-1.220039451322638158e+01 5.823116872952222245e+00 1.983292088009748877e+00 5.823116872952222245e+00 -3.220489545306406143e+01 5.520187353657448170e+00 1.983292088009748877e+00 5.520187353657448170e+00 -5.146164273743827344e+00
1.785086956881210085e+01 1.352327921347127759e+00 -6.863044812370046266e+00 1.352327921347127759e+00 6.364895176737375593e+00 1.597339621593616421e+01 -6.863044812370046266e+00 1.597339621593616421e+01 1.000858733580837878e+01
-3.402997524122272210e+01 8.931044873204163181e+00 2.732103551390416274e-01 8.931044873204163181e+00 -1.021085029654405751e+01 -1.513528372377681341e+00 2.732103551390416274e-01 -1.513528372377681341e+00 -6.410318461872583029e+00
-2.520030207904164765e+00 2.564979820035297919e+01 6.433630507611654892e+00 2.564979820035297919e+01 -4.165767911613081509e+01 1.077428201467327540e+01 6.433630507611654892e+00 1.077428201467327540e+01 -2.226817409873149245e+01
6.110041494382804217e+01 -7.565901302275093165e+00 -9.867789257120259450e+00 -7.565901302275093165e+00 9.017229806144888116e+00 1.467995444180830944e+01 -9.867789257120259450e+00 1.467995444180830944e+01 3.420034129179911275e+01
-1.641335543774495775e+01 -1.473483338035669199e+01 7.917877821622841594e+00 -1.473483338035669199e+01 -4.964550810294081629e+01 -5.100626485257282461e+00 7.917877821622841594e+00 -5.100626485257282461e+00 -1.591045260382703219e+01
2.947322445448329375e+01 2.568787112717226506e+01 8.536782254688406013e+00 2.568787112717226506e+01 -6.257296867481252356e+00 2.213085273716175916e+00 8.536782254688406013e+00 2.213085273716175916e+00 1.622954624840316384e+01
-4.833628966608292998e+00 -2.259105721894680396e+00 8.288047240458455533e+00 -2.259105721894680396e+00 -2.756368410645731615e+01 -2.160831054019004682e+01 8.288047240458455533e+00 -2.160831054019004682e+01 -2.476903673655076465e-01
2.557830833881581256e+01 -2.163699518240045805e+01 8.254780008907628641e+00 -2.163699518240045805e+01 -3.032877460172105355e+00 -1.830223482485614994e+01 8.254780008907628641e+00 -1.830223482485614994e+01 2.933584232998414620e+01
1.113867366107183798e+01 -7.906861777788066759e-01 -2.262395972318476556e+00 -7.906861777788066759e-01 -2.054910231669226306e+01 -1.229110735185677683e+01 -2.262395972318476556e+00 -1.229110735185677683e+01 2.405525044658199008e+01
-2.850943892206002062e+01 -4.413309992172507634e+00 1.062848144768323877e+01 -4.413309992172507634e+00 -7.473922549396857562e+01 7.920419920780008560e+00 1.062848144768323877e+01 7.920419920780008560e+00 -2.172450302928100374e+00
-8.051776225864786696e+00 -4.939814514591312822e+00 -2.343435019473542269e+01 -4.939814514591312822e+00 -1.303698071505302813e+01 5.005349974666812862e+00 -2.343435019473542269e+01 5.005349974666812862e+00 6.510572901730345308e+00
-3.421527447437705405e+01 2.169577190045353543e+00 -9.419271302300032289e+00 2.169577190045353543e+00 -7.162155162685704113e+01 4.859800074147786475e+00 -9.419271302300032289e+00 4.859800074147786475e+00 1.376815781072328448e+01
-1.282405691822409599e+00 -1.215109573512807017e+01 1.653591852955802821e+01 -1.215109573512807017e+01 -7.580155508151782406e+00 -1.565632817447452751e+01 1.653591852955802821e+01 -1.565632817447452751e+01 1.528060007575969337e+01
6.701696973035485172e+00 1.425684686406760093e+01 -1.034796260059878747e+01 1.425684686406760093e+01 -1.554745705204578954e+01 1.491846653910405784e+01 -1.034796260059878747e+01 1.491846653910405784e+01 6.485514361983861775e+00
-2.329451617365269289e+00 -4.199514022375028244e-01 2.220629986425084823e+01 -4.199514022375028244e-01 -3.113642424409625065e+01 -9.846503461934119628e+00 2.220629986425084823e+01 -9.846503461934119628e+00 9.123814081503217821e+00
1.623276344872218502e+01 8.912919792610646041e+00 -8.788032743131906077e-01 8.912919792610646041e+00 -2.590200821332475201e+01 6.703608245598200455e+00 -8.788032743131906077e-01 6.703608245598200455e+00 2.956412603991180887e+00
-1.689673178755769278e+00 1.765459010404130558e+00 -9.704945271044175925e+00 1.765459010404130558e+00 4.576119841772490204e+00 -6.106995082001637876e+00 -9.704945271044175925e+00 -6.106995082001637876e+00 -4.054337380807939439e+01
-1.684264184812581533e+01 4.598494222290815614e+00 -7.594560273373091697e+00 4.598494222290815614e+00 -6.553836264425547142e+01 7.779446600254681599e+00 -7.594560273373091697e+00 7.779446600254681599e+00 -1.561812432924704908e+01
3.509087492546080256e+01 1.911055909401968833e+01 1.171833195160832020e+01 1.911055909401968833e+01 -2.189704516351176622e+01 2.599625940564154547e+01 1.171833195160832020e+01 2.599625940564154547e+01 2.640206863936685622e+01
-2.765575783408205268e+01 5.302584941469241642e+00 -6.369524995501743447e+00 5.302584941469241642e+00 -6.291703635497156455e+01 -2.232873880293276869e+01 -6.369524995501743447e+00 -2.232873880293276869e+01 -9.693442521093048825e+00
-1.661281868349454172e+01 -4.160430038913442985e+00 -3.254975078105802222e+00 -4.160430038913442985e+00 -4.911207219089104825e+01 1.465654981984088145e+01 -3.254975078105802222e+00 1.465654981984088145e+01 1.003965729507528160e+01
3.186815836865658369e+01 9.053296655596492215e-01 1.311644136374049729e+01 9.053296655596492215e-01 -3.543960434477126142e+01 9.834042218752033548e+00 1.311644136374049729e+01 9.834042218752033548e+00 2.553802901264997871e+01
2.047312893364624298e+00 1.691784201377766905e+01 3.679686691070020110e+00 1.691784201377766905e+01 -5.203264839462789126e+01 -2.713685879522778510e+00 3.679686691070020110e+00 -2.713685879522778510e+00 2.108495627894936053e+00
5.497974480686258403e+01 2.566671859114068965e+01 -1.179225940883814383e+00 2.566671859114068965e+01 -4.102573831382477110e+00 -8.971517240226777545e+00 -1.179225940883814383e+00 -8.971517240226777545e+00 3.660511549747661775e+01
3.204776484458328412e+00 1.120706961073748786e+01 -7.464937867726813003e+00 1.120706961073748786e+01 -1.552207893926094151e+01 -3.309379246306873767e+01 -7.464937867726813003e+00 -3.309379246306873767e+01 -2.744318781367480309e+00
-1.700700004497147333e+01 1.205437150841139449e+01 -1.967882870627564618e+00 1.205437150841139449e+01 -2.955025449509133750e+01 4.323923044839277807e+00 -1.967882870627564618e+00 4.323923044839277807e+00 -2.033483938579157524e+01
4.283177951642451831e+01 1.616157622230854329e+01 1.369047825087358561e+01 1.616157622230854329e+01 1.263805336416545799e+00 -2.149560428855158190e+00 1.369047825087358561e+01 -2.149560428855158190e+00 4.160032311925840531e+01
1.332615123277389024e+01 9.616463376898028770e+00 -2.604120727135382296e+01 9.616463376898028770e+00 -5.880001388244995297e+00 -1.609990916718124154e+01 -2.604120727135382296e+01 -1.609990916718124154e+01 2.782622953139282274e+01
-2.072502955681774495e+01 -1.059315359295315595e+01 -1.266251416796474594e+01 -1.059315359295315595e+01 -1.051749210604594609e+01 -4.829441292752894022e+00 -1.266251416796474594e+01 -4.829441292752894022e+00 5.799928582860577109e+00
-3.400914735581152115e+01 -5.676588463964330700e+00 1.725295310369872270e+00 -5.676588463964330700e+00 3.056613237280318884e+01 -2.365182969180804662e+01 1.725295310369872270e+00 -2.365182969180804662e+01 -8.224822763802573933e-01
-1.987065474947099375e+01 -9.760944051988225123e-01 -9.906478550098350766e+00 -9.760944051988225123e-01 -2.850566103557087061e+01 -6.039259159426799251e+00 -9.906478550098350766e+00 -6.039259159426799251e+00 -1.377175666875974969e+01
3.543293497208809839e+01 1.744633107059773991e+01 -1.056369789414987714e+01 1.744633107059773991e+01 -1.053063239982945198e+01 2.335271144074751781e+00 -1.056369789414987714e+01 2.335271144074751781e+00 4.142651277089773743e+01
3.295753138417424566e+01 1.763059409979605752e+00 -3.332007550950870201e+00 1.763059409979605752e+00 1.240168182553115095e+01 3.477305407602448106e+00 -3.332007550950870201e+00 3.477305407602448106e+00 2.159157906581141617e+01
-1.762451370553671293e+00 -1.482018421678806064e+01 6.129590783499555551e-02 -1.482018421678806064e+01 -6.654775804547891482e+01 2.225423692529248321e+00 6.129590783499555551e-02 2.225423692529248321e+00 -4.436457244111315035e+00
1.469862087758107805e+01 7.487203124459845149e+00 2.110166153933094257e+00 7.487203124459845149e+00 5.217455495319688552e+00 8.941747748770049853e+00 2.110166153933094257e+00 8.941747748770049853e+00 1.437318604206400785e+01
4.618596706537218211e+01 -3.636564277821501712e+00 2.018998344692741043e+01 -3.636564277821501712e+00 1.637222560866646148e+01 1.785392986706447083e+00 2.018998344692741043e+01 1.785392986706447083e+00 8.203469871064720564e+01
-4.092278987890065167e+01 -3.289032030353828961e+00 4.606084727267289125e+00 -3.289032030353828961e+00 -4.489613286094185440e+01 -3.042422432175017732e+01 4.606084727267289125e+00 -3.042422432175017732e+01 -1.250878183064538618e+01
1.287491172209871415e+01 -6.002599637100391128e+00 -3.040874964646669287e+00 -6.002599637100391128e+00 -1.676838015240111801e+01 4.516789018684958634e+00 -3.040874964646669287e+00 4.516789018684958634e+00 1.528347326216982438e+01
2.701122360737348416e+01 -1.042963017116265867e+01 2.495213756567343211e+01 -1.042963017116265867e+01 1.610851974619833982e+01 3.655216337408405014e+00 2.495213756567343211e+01 3.655216337408405014e+00 3.657060505091192937e+01
2.792480932710942199e+01 -3.770760393603013227e+01 2.064849332126421544e+01 -3.770760393603013227e+01 4.104325899216358486e+00 -1.885910230535166576e+01 2.064849332126421544e+01 -1.885910230535166576e+01 1.289504654278019657e+01
1.558324950610167647e+01 -7.837953403378143946e+00 -8.225943032853563208e-01 -7.837953403378143946e+00 1.332737694721230959e+01 -1.451189548958821973e+01 -8.225943032853563208e-01 -1.451189548958821973e+01 1.407350758630028409e+01
1.595644251965155291e+01 1.536736383016845231e+01 -1.681203534833050961e+00 1.536736383016845231e+01 -2.886285218893915072e+01 1.380644067142376485e+01 -1.681203534833050961e+00 1.380644067142376485e+01 1.743605847091684069e+01
-2.191157825239485746e+01 2.118012318571801167e+00 -5.486309618984273939e+00 2.118012318571801167e+00 -6.028079073776014951e+01 4.134385429462260397e+00 -5.486309618984273939e+00 4.134385429462260397e+00 -5.698515701462537386e+00
8.634859555873706682e+00 4.113501845198920925e+00 7.585861614011126797e+00 4.113501845198920925e+00 -4.304243240485173061e+01 8.067751398357827952e+00 7.585861614011126797e+00 8.067751398357827952e+00 2.955666508267939463e+01
5.063805141884835592e+01 1.056382480519445544e+01 2.297334545999403232e+00 1.056382480519445544e+01 5.479758527181617467e+01 -3.084445632529648318e+00 2.297334545999403232e+00 -3.084445632529648318e+00 5.148042449630121098e+01
-5.362349485437873930e+00 6.930969193213478263e+00 4.036716708403952580e+00 6.930969193213478263e+00 -5.046720397183250384e+01 5.124374939887872404e-01 4.036716708403952580e+00 5.124374939887872404e-01 -6.828835423502454205e+00
1.778393849621342326e+01 -5.147530930341412514e+00 4.647849545025850126e+00 -5.147530930341412514e+00 -3.503248796978612489e+01 2.297082203663872502e+00 4.647849545025850126e+00 2.297082203663872502e+00 3.406224860425129464e+01
-4.804621348425101957e+01 -1.330269962094517977e+00 1.385820496186853568e+01 -1.330269962094517977e+00 -1.438423674377650485e+01 -5.751468806336106077e-02 1.385820496186853568e+01 -5.751468806336106077e-02 -4.917818564127533421e+01
-5.792354058379182158e-01 7.339840918069352682e+00 -1.703987654616143210e+00 7.339840918069352682e+00 -3.974900336218563979e+01 1.183015293188930173e+01 -1.703987654616143210e+00 1.183015293188930173e+01 -2.127965118744674555e+01
-1.475823720062339817e+01 5.016259649284834587e+00 -2.808487663649522847e+00 5.016259649284834587e+00 -1.529648684006307491e+01 -1.640507508686322169e-01 -2.808487663649522847e+00 -1.640507508686322169e-01 -2.574261508769221152e+01
-2.354228623532685916e+01 1.448485731103598795e+01 -1.634987427458212750e+01 1.448485731103598795e+01 -5.341828011183411462e+01 -6.014073393322297179e+00 -1.634987427458212750e+01 -6.014073393322297179e+00 -3.583873405013199953e+00
-3.153328027804721145e+01 -3.916982395495260505e+00 -1.033245748089552407e+01 -3.916982395495260505e+00 -1.352119037241890709e+01 -2.463591255671085722e+00 -1.033245748089552407e+01 -2.463591255671085722e+00 -1.885578956139335816e+01
-5.138394862710858035e+01 -9.571942016813199672e+00 6.953887019627086552e+00 -9.571942016813199672e+00 -7.194740536374969508e+01 1.469179523986630720e+01 6.953887019627086552e+00 1.469179523986630720e+01 -3.077573834930217700e+01
-4.218292051485585858e+01 2.000049260505718518e+00 -1.352271496524002359e+01 2.000049260505718518e+00 -2.324309621557286576e+01 1.127027735803808284e+01 -1.352271496524002359e+01 1.127027735803808284e+01 -2.676030944293500013e+01
-1.155479710945042449e+01 6.406261610835708886e+00 -3.076449534531498387e+00 6.406261610835708886e+00 -1.128105701988280751e+00 9.203471082171262196e+00 -3.076449534531498387e+00 9.203471082171262196e+00 -2.261597886085575482e+01
-3.603428212463919067e+01 -1.586004197510748703e+01 -6.705910919861314490e+00 -1.586004197510748703e+01 -3.051897867862517444e+01 -7.018905440937009965e-01 -6.705910919861314490e+00 -7.018905440937009965e-01 -2.759659454373717935e+01
-3.294226051499966701e+01 -1.257340452255585994e+01 6.652648299278692612e+00 -1.257340452255585994e+01 -1.894914538726161624e+01 4.350268089059353471e+00 6.652648299278692612e+00 4.350268089059353471e+00 -3.398188828414421181e+01
-4.617660007099562591e+01 1.106564626833913145e+01 1.495200969267241575e+01 1.106564626833913145e+01 -4.229223587102565318e+01 3.429464929122412187e+00 1.495200969267241575e+01 3.429464929122412187e+00 -5.160040489480858383e+01
-8.813139302598921532e+00 -1.189858851603638712e+01 1.580985262005509995e+01 -1.189858851603638712e+01 -4.766470592810652107e+01 5.565170941275519034e+00 1.580985262005509995e+01 5.565170941275519034e+00 1.634244687116223105e+01
-4.403563153345867676e+01 6.331208558246276930e+00 5.934852243753415024e+00 6.331208558246276930e+00 -7.513325457248679129e+01 4.992161258302801663e+00 5.934852243753415024e+00 4.992161258302801663e+00 -2.296482396789621205e+01
2.246103726638102316e+01 -1.678163513764368986e+01 2.174325992523602924e+00 -1.678163513764368986e+01 -3.179734235287989819e+01 1.439652037817558394e+01 2.174325992523602924e+00 1.439652037817558394e+01 1.631492883555631934e+01
3.178439841873713423e+00 -3.799357085175155913e+00 1.779762274382432352e+01 -3.799357085175155913e+00 4.496972740813196090e+00 8.224803753597381473e+00 1.779762274382432352e+01 8.224803753597381473e+00 7.917359867229255777e+00
-4.714965739634646980e+01 -2.322381909382334353e+00 -8.832421559717500426e-01 -2.322381909382334353e+00 -5.953623006819216101e+01 1.046672564273184314e+01 -8.832421559717500426e-01 1.046672564273184314e+01 -2.301221204551037758e+01
9.012782489733645264e+00 4.146159950009819184e+00 2.138960633904139996e+01 4.146159950009819184e+00 -5.156373924396238095e+01 3.801389660259898218e+00 2.138960633904139996e+01 3.801389660259898218e+00 -1.175831856127979691e+00
4.270549640257353730e+01 -3.839193447730648412e+00 1.230509574096002900e+01 -3.839193447730648412e+00 3.482753937391618848e+01 -2.066462402371368157e+01 1.230509574096002900e+01 -2.066462402371368157e+01 3.058809153573442075e+01
-5.077894723784963205e+00 9.312388314998271355e+00 -6.615924051127549887e+00 9.312388314998271355e+00 -5.499153660798987175e+01 -1.194737158074583228e+01 -6.615924051127549887e+00 -1.194737158074583228e+01 -1.771997573545540305e+01
-3.986205612902359530e+00 -1.032926428765563287e+00 1.052875297043606295e+01 -1.032926428765563287e+00 -2.054075391975390374e+01 1.205435444361570463e+00 1.052875297043606295e+01 1.205435444361570463e+00 -6.828685372509957219e+00
-1.097152119852492724e+01 -5.363391922920690114e+00 -1.853971765358290469e+01 -5.363391922920690114e+00 -6.691935038727946505e+01 -1.509727180332759389e+01 -1.853971765358290469e+01 -1.509727180332759389e+01 -2.200436084098464562e+01
4.911888830580947030e+01 -2.136942166194666370e+00 1.032572262889812215e-01 -2.136942166194666370e+00 1.080490566097262040e+01 -1.261372590041069230e+01 1.032572262889812215e-01 -1.261372590041069230e+01 5.451932811834021919e+01
7.869309690932841939e+00 3.668168010254436062e+00 -7.218158419667767944e+00 3.668168010254436062e+00 -2.280242237032616970e+01 -3.046488400329248503e+00 -7.218158419667767944e+00 -3.046488400329248503e+00 -1.703125652522777589e+00
2.798983575127505929e+01 6.550245568200344870e+00 -2.933760917704468785e-01 6.550245568200344870e+00 -1.074359704446145969e+01 1.152422328560241205e+01 -2.933760917704468785e-01 1.152422328560241205e+01 3.749308698252882976e+01
-4.101437282387333028e+01 1.136953987928406917e+01 1.558598433011333917e+01 1.136953987928406917e+01 -7.792356562220602711e+01 -6.299404667913650613e+00 1.558598433011333917e+01 -6.299404667913650613e+00 -3.538692777583999316e+01
