2.234603772349730733e+01 -1.259045836522942707e+01 -1.288026171269791398e+01 -1.259045836522942707e+01 -7.922117046069685475e-01 1.546928709811427005e+01 -1.288026171269791398e+01 1.546928709811427005e+01 -3.332942497058424181e+01
-8.098901302987250972e+00 4.178546180162887147e+00 1.763536172688481685e+01 4.178546180162887147e+00 -9.551341587589911697e+00 -1.205195054315304759e+01 1.763536172688481685e+01 -1.205195054315304759e+01 -2.385906436806143560e+01
4.173569662786925960e+01 8.062747027838502945e+00 -6.481216274171672787e-01 8.062747027838502945e+00 4.367975076823326930e+01 -9.350269675234597955e+00 -6.481216274171672787e-01 -9.350269675234597955e+00 6.607985741207925479e+00
6.540567765267441303e+01 -2.043189346332060730e+00 2.813294380470131806e+00 -2.043189346332060730e+00 3.387276476297790140e+01 -1.250197890700400993e+00 2.813294380470131806e+00 -1.250197890700400993e+00 2.493550870327911895e+01
-4.143069751660822675e+01 6.267706968475072138e+00 2.901845749269534647e+00 6.267706968475072138e+00 -4.344280680344237311e+01 2.214342289055949653e+00 2.901845749269534647e+00 2.214342289055949653e+00 -3.567055877543189268e+01
3.968309253471984022e+01 -5.244523150002206258e+00 -1.578876147321675694e+00 -5.244523150002206258e+00 3.713905214700292845e+01 3.592215435977639260e-01 -1.578876147321675694e+00 3.592215435977639260e-01 2.186447872049413210e-01
2.959719084283252144e+00 5.841556287126778990e+00 1.796587544634530964e+00 5.841556287126778990e+00 -2.092620298282731284e+01 -7.898275042378921640e+00 1.796587544634530964e+00 -7.898275042378921640e+00 -6.514854457912714736e+01
1.134815098243806908e+01 5.000028026720237051e+00 -9.325165352622543091e-01 5.000028026720237051e+00 6.662910614787526775e+00 2.201237560984182107e+00 -9.325165352622543091e-01 2.201237560984182107e+00 -1.428262708417620175e+01
1.208628687886167974e+01 3.661958053554914549e+00 6.409875217922647472e+00 3.661958053554914549e+00 -1.566812692676059804e+01 6.216575651033914518e+00 6.409875217922647472e+00 6.216575651033914518e+00 -4.117671350898500293e+01
3.331496107277035179e+01 2.937395640131360008e-01 1.107396094034432465e+01 2.937395640131360008e-01 3.426463421317022551e+01 2.398407943992489244e+00 1.107396094034432465e+01 2.398407943992489244e+00 -1.383853625191752457e+01
-2.203940546910366560e+00 -2.091193814280302821e+00 -4.541759361218415059e+00 -2.091193814280302821e+00 6.264115086387576525e+00 -5.564946846860069130e+00 -4.541759361218415059e+00 -5.564946846860069130e+00 -1.683308789557173313e+01
1.494245294133243007e+01 1.072859344800652970e+01 -1.334391103105263809e+01 1.072859344800652970e+01 1.374657549868434359e+00 3.804876141411967172e+00 -1.334391103105263809e+01 3.804876141411967172e+00 -5.108501283160744322e+01
-5.191319785762716243e+00 -1.174501296901063085e+00 6.648434660004176600e+00 -1.174501296901063085e+00 -3.678393595355484713e+00 2.061268545049106038e+01 6.648434660004176600e+00 2.061268545049106038e+01 -3.213365137283805240e+01
-1.639565101739259845e+00 -7.369943783652823655e+00 3.109071784484947365e+00 -7.369943783652823655e+00 3.305335654589111272e+00 -2.925813685307234735e+00 3.109071784484947365e+00 -2.925813685307234735e+00 -3.753861618285874169e+00
5.654408064978670012e+01 -1.164022604777931180e+00 -4.635398375085339140e+00 -1.164022604777931180e+00 4.578587758077701864e+01 -8.158294317155336373e+00 -4.635398375085339140e+00 -8.158294317155336373e+00 -2.115630290258362933e+01
-5.336384181048507536e+00 1.279214097774638326e+01 7.775529894392640529e+00 1.279214097774638326e+01 -1.066044638830776670e+01 -1.757118963228050390e-01 7.775529894392640529e+00 -1.757118963228050390e-01 -4.429667064017643874e+00
-1.303096456003841475e+01 6.851208754314983551e+00 2.730569713752804439e+00 6.851208754314983551e+00 -1.604107139519990710e+01 -3.415403751374382346e-02 2.730569713752804439e+00 -3.415403751374382346e-02 2.571581617153919086e-01
2.859684749260605230e+01 -5.954627616512240706e+00 -1.294595756207930437e+00 -5.954627616512240706e+00 2.728885202516267938e+01 -7.253256889858555212e+00 -1.294595756207930437e+00 -7.253256889858555212e+00 -9.085480349498075148e-01
-4.706618813814220204e+00 1.578290298983248441e+01 9.151881525399076622e+00 1.578290298983248441e+01 7.298600924415904245e+00 -5.942042571870921108e+00 9.151881525399076622e+00 -5.942042571870921108e+00 -1.384588157703387168e+01
-9.657240887194998180e+00 1.083658230202903283e+01 -2.648307299334685450e+00 1.083658230202903283e+01 -5.485948741006902551e+00 -1.130470141834891251e+01 -2.648307299334685450e+00 -1.130470141834891251e+01 -4.345194645493168650e+01
-4.819004154803339546e+00 1.470215269718261730e+01 -6.162161838862318497e+00 1.470215269718261730e+01 2.088853111508164329e+00 -9.627441569006252919e+00 -6.162161838862318497e+00 -9.627441569006252919e+00 -1.472808739021155233e+01
6.092557073903901887e+00 9.982319271928245641e+00 9.829725282146307919e+00 9.982319271928245641e+00 -1.221638725794779567e+01 6.257839772350575203e+00 9.829725282146307919e+00 6.257839772350575203e+00 9.769247111068585454e+00
-2.949303519226619485e+00 5.296609592958643198e+00 5.880727078392382623e+00 5.296609592958643198e+00 4.049674047504768559e+00 5.666119640464393648e+00 5.880727078392382623e+00 5.666119640464393648e+00 -1.689058629842299908e+01
1.388106419072641984e+01 -4.246994437516634413e+00 -6.208556000757853077e+00 -4.246994437516634413e+00 1.989573378429831152e+01 5.280147952264949041e+00 -6.208556000757853077e+00 5.280147952264949041e+00 -1.976461832646945638e+01
-4.458554316882548108e+00 1.416071014341617129e+01 1.350217864692920955e+01 1.416071014341617129e+01 -3.420023339544919594e+01 -6.373664135205164172e+00 1.350217864692920955e+01 -6.373664135205164172e+00 1.038271167067947509e+01
3.124434572490173423e+01 -3.048004126021756299e+00 -9.972070734571646611e+00 -3.048004126021756299e+00 3.935263034712752983e+01 2.770543020864260964e+00 -9.972070734571646611e+00 2.770543020864260964e+00 1.439849495088120257e+01
-7.027850016021048418e+00 6.289335941417854237e+00 1.204687716461243241e+01 6.289335941417854237e+00 -1.383171620194253926e+01 1.038990706745525294e+01 1.204687716461243241e+01 1.038990706745525294e+01 -4.820744318438026710e+01
4.628535395610902015e+01 1.224015036688894753e+01 -3.763056075790236932e+00 1.224015036688894753e+01 1.632939575751014516e+01 2.786513032014446445e+00 -3.763056075790236932e+00 2.786513032014446445e+00 -1.181063563875424371e+01
2.095061825069641159e+01 2.443137502823090834e+00 1.899161698444993007e+01 2.443137502823090834e+00 1.770249916048266314e+01 -5.919089008506009719e+00 1.899161698444993007e+01 -5.919089008506009719e+00 -1.596190327709129697e+01
1.486707627707477286e+01 -5.632688275974386372e+00 8.167001529744279509e+00 -5.632688275974386372e+00 9.389968224558277399e+00 -1.157039721391014808e+01 8.167001529744279509e+00 -1.157039721391014808e+01 -2.665259310889977584e+01
4.726860284096437326e+00 -5.579204711096577896e+00 -2.253895024457396534e+00 -5.579204711096577896e+00 2.792017428165895598e+00 1.686128381751665017e+00 -2.253895024457396534e+00 1.686128381751665017e+00 1.059117485557199068e+01
-9.891704017651841596e+00 -5.629535897453155080e+00 2.443638785050957551e+01 -5.629535897453155080e+00 -6.990592511327143654e+00 -6.946632747019505061e+00 2.443638785050957551e+01 -6.946632747019505061e+00 -4.144750636143130862e+01
2.423362067252410768e+01 1.313680809292993246e+01 -6.224192596529914745e+00 1.313680809292993246e+01 2.394132171331516901e+01 -5.657512396517774711e+00 -6.224192596529914745e+00 -5.657512396517774711e+00 -9.318227374475759106e+00
-2.903076195950216043e-01 1.008278621382381424e+01 -1.175274068622623069e+01 1.008278621382381424e+01 -1.183346379715234242e+01 7.674528974656037228e+00 -1.175274068622623069e+01 7.674528974656037228e+00 -2.789184206718914538e+01
5.525623915626560745e+00 1.206272480649337986e+01 -4.671002829901141240e+00 1.206272480649337986e+01 1.395126432064799715e+01 -1.603602633549514067e+01 -4.671002829901141240e+00 -1.603602633549514067e+01 -3.265036913265360141e+01
4.136874385948556387e+00 3.277323886663487507e+00 -2.359180725418394964e+00 3.277323886663487507e+00 4.991593406361359619e+00 -3.445648556185362477e+00 -2.359180725418394964e+00 -3.445648556185362477e+00 -2.587723866434093978e+01
-1.098060089664911132e+01 2.305498941255408774e+00 6.396834788806580185e+00 2.305498941255408774e+00 -3.133868409941185540e+00 1.451144171162952246e+00 6.396834788806580185e+00 1.451144171162952246e+00 -1.150894425126606713e+01
-2.839022658469897564e+01 -3.165171824081046914e+00 1.114358847305821421e+01 -3.165171824081046914e+00 -2.722103406742643017e+01 5.888808086731286195e+00 1.114358847305821421e+01 5.888808086731286195e+00 -3.708456140756740638e+01
-3.106736277539326707e+01 1.676865887999152349e+01 -1.439915362692289769e+01 1.676865887999152349e+01 -3.476210443559548224e+01 -3.252762841509143854e+00 -1.439915362692289769e+01 -3.252762841509143854e+00 -6.089139487029146380e+01
-5.913526709926748559e-01 7.200827193748728483e+00 -9.325777436755111616e-01 7.200827193748728483e+00 2.099140413934655669e+01 6.302791361173412987e+00 -9.325777436755111616e-01 6.302791361173412987e+00 1.787853235006190999e+01
-4.079986964433950192e+01 -5.118159248353493673e+00 -1.215646099062721308e-01 -5.118159248353493673e+00 -5.962268297673574580e+01 4.443864354665785221e+00 -1.215646099062721308e-01 4.443864354665785221e+00 -9.226114710650156781e+01
5.874206547981750681e+00 4.759326990446985484e+00 4.129402451545301500e-01 4.759326990446985484e+00 -2.045154053499474767e+00 -5.257292094232377977e+00 4.129402451545301500e-01 -5.257292094232377977e+00 3.788790304306488999e+00
2.239359815318961466e+01 -2.245734702249725601e+00 7.768832905938102940e+00 -2.245734702249725601e+00 7.895485970318238067e+00 5.184425039016952397e+00 7.768832905938102940e+00 5.184425039016952397e+00 -3.809254867308685277e+01
2.115986899282260580e+01 2.646333867102325765e+00 8.804011592496394201e+00 2.646333867102325765e+00 9.648742126533131014e+00 6.133424975723412942e+00 8.804011592496394201e+00 6.133424975723412942e+00 -1.285580868038376323e+01
6.534545601416138538e+01 -1.113300754213989130e+01 -5.564595065053505429e+00 -1.113300754213989130e+01 6.714082461585545047e+01 -1.432352242049331359e+01 -5.564595065053505429e+00 -1.432352242049331359e+01 1.863972949370714716e+01
8.174021922610275936e+00 9.275438029712821830e+00 -5.615711923687834783e+00 9.275438029712821830e+00 1.234349173189704274e+01 -1.966735253813739037e+00 -5.615711923687834783e+00 -1.966735253813739037e+00 -1.274846156690029275e+01
5.034268177806657008e+01 3.909079228735748313e+00 7.595274344927209764e-01 3.909079228735748313e+00 5.799379022949660367e+01 2.032397395713549937e+00 7.595274344927209764e-01 2.032397395713549937e+00 -6.470204460724826134e+00
-1.776021965806555514e+01 1.574820763998049822e+00 5.614694501509720936e+00 1.574820763998049822e+00 -2.463702895075248023e+01 -1.984343093471632002e+01 5.614694501509720936e+00 -1.984343093471632002e+01 -3.585322450431725372e+01
6.830437537370127643e+01 2.123986451307457113e+00 -8.175630950978627354e+00 2.123986451307457113e+00 5.076206289758876977e+01 3.945401979498320166e+00 -8.175630950978627354e+00 3.945401979498320166e+00 3.727087804235100776e+01
8.311931993770727445e+00 -1.045933442315878104e+01 -8.892900605088088994e+00 -1.045933442315878104e+01 -1.120883663702296573e+01 -2.429313973614653843e+00 -8.892900605088088994e+00 -2.429313973614653843e+00 -2.539108392270431835e+01
-6.039799431233600302e+00 8.234148238587671642e+00 5.505037211464823166e+00 8.234148238587671642e+00 -5.351999646920273079e+00 7.357854936215262320e-01 5.505037211464823166e+00 7.357854936215262320e-01 -1.462306309880083965e+01
1.701056539475180784e+01 6.638766463107635962e-01 -8.685522016322622108e+00 6.638766463107635962e-01 1.144912131893239149e+01 -5.422042044500181568e+00 -8.685522016322622108e+00 -5.422042044500181568e+00 -5.010645799004296741e+00
3.980711864226182684e+01 -2.630673414704745028e+00 5.425880264002181264e+00 -2.630673414704745028e+00 2.878487440392691354e+01 3.014369798681148183e+00 5.425880264002181264e+00 3.014369798681148183e+00 -1.115248546928977014e+01
-1.204634073391889082e+01 2.239657404043160582e+01 -1.360990898685556116e+00 2.239657404043160582e+01 -2.222874945733371632e+01 1.471808679133830822e+01 -1.360990898685556116e+00 1.471808679133830822e+01 -5.805754316362688883e+01
-1.786281237352988782e+01 1.738037267400041586e+01 1.235655032948932686e+01 1.738037267400041586e+01 -3.245569528876508514e+01 -6.807847516046392045e+00 1.235655032948932686e+01 -6.807847516046392045e+00 -7.349884219863318435e+01
1.847667795957374892e+01 1.287568667719533044e+00 -7.516685347630017944e+00 1.287568667719533044e+00 1.700791205348508583e+01 -9.705052416607109933e+00 -7.516685347630017944e+00 -9.705052416607109933e+00 -7.835816381279798737e-01
-2.150386610486986871e+00 1.282143485746956202e+01 -6.445262356564800399e-01 1.282143485746956202e+01 9.055954813286865246e+00 3.344755050245812100e+00 -6.445262356564800399e-01 3.344755050245812100e+00 -2.401284514370069090e+01
2.492204324515053315e+01 1.771756331121772021e+01 -3.967085625841369367e+00 1.771756331121772021e+01 2.431104085667287507e+01 1.181930901902917519e+01 -3.967085625841369367e+00 1.181930901902917519e+01 -3.172149175413408173e+01
8.912783062135417600e-01 1.246023103716078140e+01 -4.750810054174471553e+00 1.246023103716078140e+01 6.049039785715326190e+00 -2.772821232336502018e+00 -4.750810054174471553e+00 -2.772821232336502018e+00 9.113538381702397828e+00
-9.439106029078473625e+00 3.404086538692319586e+00 -1.256972037761058480e+01 3.404086538692319586e+00 -3.548607331720412095e+00 -6.090204115081948366e+00 -1.256972037761058480e+01 -6.090204115081948366e+00 -4.219888472256736378e+01
1.671417459955877050e+01 2.158154851436375310e+01 -1.712688222621088441e+00 2.158154851436375310e+01 -3.006185251020146776e+00 4.322537397207463883e+00 -1.712688222621088441e+00 4.322537397207463883e+00 -2.075284449490087013e+01
3.555641809317537394e+01 9.617678881894896337e-02 1.425729690935709559e+00 9.617678881894896337e-02 1.628411445114059575e+01 3.086463314147525505e+00 1.425729690935709559e+00 3.086463314147525505e+00 -1.846305364064618715e+01
5.795067018842097895e+01 1.402689144836740276e+01 -5.746491465365488160e+00 1.402689144836740276e+01 2.263011365605008152e+01 -4.870430746115050447e+00 -5.746491465365488160e+00 -4.870430746115050447e+00 6.715484922447603644e+00
-3.705714451509694030e+00 5.292076798653161385e-01 8.812691934786895942e+00 5.292076798653161385e-01 6.076672454373377441e+00 -6.710113107542441391e+00 8.812691934786895942e+00 -6.710113107542441391e+00 1.871176368006853608e+01
-6.724021768036367419e+00 4.317497266320573068e+00 6.275024492209634097e+00 4.317497266320573068e+00 -1.542640483101618010e+01 -4.516244498669363949e+00 6.275024492209634097e+00 -4.516244498669363949e+00 -2.847025502209994841e+01
5.884319195563706195e+00 5.157592431527744381e+00 -5.959919924894452770e+00 5.157592431527744381e+00 -1.667715903588557680e+01 -2.113018122263059961e+00 -5.959919924894452770e+00 -2.113018122263059961e+00 -4.075622808798194541e+01
-1.301195496100914362e+01 5.588736987459842709e+00 -1.756429700078926359e+01 5.588736987459842709e+00 -3.506316815532078124e+01 -7.103665900401794353e+00 -1.756429700078926359e+01 -7.103665900401794353e+00 -4.397623027692723952e+01
7.916091874392667371e+00 1.395923817662548672e+01 3.235370902825835948e+00 1.395923817662548672e+01 4.026349029089997700e+00 2.644249438258987173e+00 3.235370902825835948e+00 2.644249438258987173e+00 -2.362850461169820093e+01
6.640874091019050018e-01 -8.427126949435654879e+00 -1.810077946475935207e+01 -8.427126949435654879e+00 -8.301735981807819797e+00 -1.195747743804064811e+01 -1.810077946475935207e+01 -1.195747743804064811e+01 -2.704028325427789525e+01
5.234187052741566504e+01 7.756392528349357107e+00 1.615733062239743489e+01 7.756392528349357107e+00 4.791415560417287622e+01 -2.559494462710539509e+01 1.615733062239743489e+01 -2.559494462710539509e+01 3.705995053576245368e+01
1.872393518890131858e+01 8.010163240481992658e-03 -8.698748748412072018e+00 8.010163240481992658e-03 3.408345755142450884e+01 -3.387563984285862695e+00 -8.698748748412072018e+00 -3.387563984285862695e+00 7.273963288795669335e+00
-7.444608849253203431e+00 -2.533159675004596600e+00 8.396267203138931379e+00 -2.533159675004596600e+00 -1.715464986585428520e+01 -1.357393093738003387e+01 8.396267203138931379e+00 -1.357393093738003387e+01 9.185826060585512209e+00
1.345383394520825115e+00 -5.442617819862936024e+00 -6.034030376468723311e+00 -5.442617819862936024e+00 -8.124127303590848115e+00 -5.515257973332325925e-01 -6.034030376468723311e+00 -5.515257973332325925e-01 6.158392666721212549e+00
-2.645865456450324160e+01 -2.778443154164691453e+00 1.938768186898514045e+01 -2.778443154164691453e+00 -2.703099183668369321e+01 -1.799630867615730523e+01 1.938768186898514045e+01 -1.799630867615730523e+01 -8.684729407918636923e+01
-7.813554593436843554e+00 -4.996361797290708395e+00 3.877097514748383267e-01 -4.996361797290708395e+00 -1.608287265094443796e+01 -1.148831427768644664e+00 3.877097514748383267e-01 -1.148831427768644664e+00 -1.562043545980831638e+01
3.293898651453472581e+01 2.477846704720298110e+00 -9.351387713372922406e+00 2.477846704720298110e+00 3.757052189913037665e+01 -5.455247329482547869e+00 -9.351387713372922406e+00 -5.455247329482547869e+00 1.033584935015133333e+01
2.860949872976976494e+01 4.491442542912337466e+00 6.880507298400233118e+00 4.491442542912337466e+00 3.838526751030296680e+01 1.745329982667553237e+00 6.880507298400233118e+00 1.745329982667553237e+00 6.966398350188933719e+00
-7.815376622280881591e+00 -9.530373408705814953e+00 -4.729947189978711108e+00 -9.530373408705814953e+00 -1.264714102754648550e+01 1.374351690914729307e+00 -4.729947189978711108e+00 1.374351690914729307e+00 -3.663004541379191892e+01
8.764089513605272330e+00 7.964434998877343297e+00 2.239788458359873147e+01 7.964434998877343297e+00 7.854775943060107402e+00 -2.696424173027735183e+00 2.239788458359873147e+01 -2.696424173027735183e+00 -1.066247434274043115e+00
1.687796282788252000e+01 6.564832234787176368e+00 1.323027328728671570e+00 6.564832234787176368e+00 -1.838115261807415379e+01 -2.932597405637412891e+00 1.323027328728671570e+00 -2.932597405637412891e+00 -3.212653307666963087e+01
6.113233394205619398e+00 -9.935083301351301799e+00 1.097015565179086671e+01 -9.935083301351301799e+00 2.013611975618104566e+00 5.018230813994880357e+00 1.097015565179086671e+01 5.018230813994880357e+00 -4.098338969996669334e+01
-3.358907274740677185e+00 4.832114671262474737e+00 -1.864090134894200546e+01 4.832114671262474737e+00 -1.294554275714151004e+01 6.460991867660503374e+00 -1.864090134894200546e+01 6.460991867660503374e+00 -4.159682758149602932e+01
8.776842361023875938e+00 1.691951036120181229e+01 6.069783483911867172e+00 1.691951036120181229e+01 1.120044508989650112e+01 -1.690782847365385644e+00 6.069783483911867172e+00 -1.690782847365385644e+00 -2.329650614770073958e+01
2.668720169666578457e+01 1.277295553426958996e+01 1.106305969096915653e+01 1.277295553426958996e+01 -6.752548681524697116e-01 6.721879313981357740e+00 1.106305969096915653e+01 6.721879313981357740e+00 -6.165128824053195622e+00
4.164081129049019125e+01 2.016572187582347464e+00 4.993715167408862565e-01 2.016572187582347464e+00 4.266327740559736981e+01 2.157905462011694420e-01 4.993715167408862565e-01 2.157905462011694420e-01 -2.969373638167892349e+00
-5.614105634136605794e+00 3.009656252511983610e+01 7.819148664258509740e+00 3.009656252511983610e+01 -1.250972307502019731e+01 1.368799034302426776e+01 7.819148664258509740e+00 1.368799034302426776e+01 -5.720426183602892678e+01
-2.038632014115399826e+01 6.712079472852221507e+00 1.598782267549183977e+01 6.712079472852221507e+00 -3.714870320568160622e+01 6.195761743720652248e+00 1.598782267549183977e+01 6.195761743720652248e+00 -1.276531627574935790e+01
-1.140959689954362394e-01 -8.087271540719508378e-01 -6.867364260263525644e+00 -8.087271540719508378e-01 -9.553434090857518157e+00 -7.369741501502985237e+00 -6.867364260263525644e+00 -7.369741501502985237e+00 -3.352873003242320493e+01
3.899177481769368825e+01 1.559874355917463085e+01 -1.566969827578390806e+01 1.559874355917463085e+01 3.308690231182873731e+01 -5.857791768249978936e+00 -1.566969827578390806e+01 -5.857791768249978936e+00 -3.316828929698836248e+00
2.502986151480924804e+01 -1.100845038233664086e+00 1.451634264662380991e+00 -1.100845038233664086e+00 2.532653306095716061e+01 -1.201367727171160382e+01 1.451634264662380991e+00 -1.201367727171160382e+01 7.764837913602042008e+00
3.825351214640340203e+01 6.951406080682227540e+00 -3.115210091096564771e+00 6.951406080682227540e+00 4.089533321507438046e+01 -7.537717654406266732e+00 -3.115210091096564771e+00 -7.537717654406266732e+00 1.630504598449370945e+01
2.873204291556188750e+01 1.088621147607587503e+01 -8.366060761985137262e+00 1.088621147607587503e+01 3.430227363203439950e+01 -6.692812928272812378e+00 -8.366060761985137262e+00 -6.692812928272812378e+00 -1.335283335542890626e+01
-2.794667433795730815e+01 -1.045404723152548776e+01 8.705539900535949061e-01 -1.045404723152548776e+01 -2.707445654699373705e+01 -4.890409312671927466e+00 8.705539900535949061e-01 -4.890409312671927466e+00 -2.931450823289813812e+01
-1.331978087827282664e+00 -1.162618211731338214e+01 4.238190797227732176e+00 -1.162618211731338214e+01 -4.795909699351637911e+00 1.921587322583296498e+01 4.238190797227732176e+00 1.921587322583296498e+01 -2.916400272832710527e+01
2.246659888877014666e+01 5.687316172537317804e-01 -1.051934919558979775e+00 5.687316172537317804e-01 1.287812157072418096e+01 5.493705409216898872e+00 -1.051934919558979775e+00 5.493705409216898872e+00 -2.249287684759341133e+01
-1.199165652701951501e+01 1.158983141804639416e+01 1.833591040253946813e+00 1.158983141804639416e+01 -1.374638382270042136e+01 1.136627040863326599e+01 1.833591040253946813e+00 1.136627040863326599e+01 -2.483733148192663265e+01
6.773282841186965442e+00 -2.775357185946079941e+00 2.085395188047616699e+00 -2.775357185946079941e+00 4.083218922297557008e+00 -9.857765141493477046e+00 2.085395188047616699e+00 -9.857765141493477046e+00 -3.702205333249484909e+01
2.944603860521671024e+01 8.441366484981791984e+00 -1.448493617771792641e+00 8.441366484981791984e+00 3.223092096976898091e+01 1.484508192233277679e+00 -1.448493617771792641e+00 1.484508192233277679e+00 4.628399312355416839e+01
4.384813488000011716e+01 1.503948742894012724e+01 -9.082768050482039612e+00 1.503948742894012724e+01 4.803340834010685256e+01 -8.526955070824662641e+00 -9.082768050482039612e+00 -8.526955070824662641e+00 6.521234955867497796e+00
-4.207070395302279309e+01 8.077593864402206947e+00 3.697867166468463029e+00 8.077593864402206947e+00 -3.851527374109637236e+01 -6.639088648760044009e+00 3.697867166468463029e+00 -6.639088648760044009e+00 -3.077867005127390598e+01
