-1.511316728474174020e+01 1.903073271788527920e-01 5.379686413129423528e+00 1.903073271788527920e-01 -3.170525699168742406e+01 1.189694227121220393e+01 5.379686413129423528e+00 1.189694227121220393e+01 -1.655736875460279256e+00
1.011974133340652315e+01 -1.002088018741225106e+00 1.339674754382124577e+00 -1.002088018741225106e+00 1.917156275601145055e+01 6.505056324679129531e+00 1.339674754382124577e+00 6.505056324679129531e+00 -2.969318597867506071e+00
2.098937598558374873e+01 -1.583906876076972559e+01 -1.432588549150823631e+01 -1.583906876076972559e+01 -2.407817405556655288e+01 -1.540199842984369072e+00 -1.432588549150823631e+01 -1.540199842984369072e+00 3.142424409629063575e+01
3.699249673319037157e+01 2.045890915542872168e+00 -4.694679829482572231e+00 2.045890915542872168e+00 3.080497835471596701e+01 -2.982566385071667714e+00 -4.694679829482572231e+00 -2.982566385071667714e+00 1.785740172820127825e+01
-1.574562886496239855e+01 1.447320697868096639e-01 3.753465672188347479e+00 1.447320697868096639e-01 -1.143949720016418681e+01 4.999291240588655150e+00 3.753465672188347479e+00 4.999291240588655150e+00 -4.912402265160944381e+01
6.460493332080271323e+00 -9.137017462138784296e+00 -7.151438671697659011e+00 -9.137017462138784296e+00 6.234116403763660053e+00 2.541561532475350993e-01 -7.151438671697659011e+00 2.541561532475350993e-01 -3.896902650659446632e+00
1.746564704589613015e+01 4.425441334810340521e+00 -1.576734931838820231e+01 4.425441334810340521e+00 -1.755054537166180140e+01 7.712607160873034218e+00 -1.576734931838820231e+01 7.712607160873034218e+00 2.902589586829328283e+01
4.252083516092090321e+01 -4.367035777401595098e+00 7.355272781509408553e+00 -4.367035777401595098e+00 3.155425005733400212e+01 1.146184264730072933e+01 7.355272781509408553e+00 1.146184264730072933e+01 5.874781024408787999e+01
-6.499136874560397237e-01 -7.053100680939238920e+00 -1.721038293322002488e+01 -7.053100680939238920e+00 2.926312278862743455e+01 4.444887263592879556e+00 -1.721038293322002488e+01 4.444887263592879556e+00 -1.523675567569313039e+01
2.715201974574838317e+01 -1.899091708446427607e+00 -6.161601652772454862e+00 -1.899091708446427607e+00 2.306863049170632962e+01 -1.240031904692001596e+01 -6.161601652772454862e+00 -1.240031904692001596e+01 2.689035519359379478e+01
1.488569351809500674e+01 1.240974791569041180e+01 4.127011285356151582e+00 1.240974791569041180e+01 -8.820940253672807430e+00 -7.306857611090570082e+00 4.127011285356151582e+00 -7.306857611090570082e+00 4.405907652835330168e+01
-9.943224025367369379e+00 -1.006017268360199424e+01 -1.027549761790723970e+01 -1.006017268360199424e+01 1.993984916382150274e+01 -4.938077319473064719e+00 -1.027549761790723970e+01 -4.938077319473064719e+00 -3.678047065458144971e+01
2.215274501186044986e+01 -3.235328155530857508e+00 1.980515703228381952e+01 -3.235328155530857508e+00 -2.181866347788178473e+01 2.183680704087076663e+01 1.980515703228381952e+01 2.183680704087076663e+01 9.653968071378070448e+00
-8.655746301580826696e+00 2.724313599822256293e+00 2.542440463342641177e+00 2.724313599822256293e+00 -5.133126029684216007e+01 3.779757968228562248e+00 2.542440463342641177e+00 3.779757968228562248e+00 1.601713402269632880e+01
2.682348588374364695e+01 4.870873622936992220e+00 -2.445320151663761266e+00 4.870873622936992220e+00 -1.321259956478576036e+01 1.977659606444536422e+01 -2.445320151663761266e+00 1.977659606444536422e+01 2.177862092469007749e+01
2.983627781111839639e+01 -7.436070259936494509e+00 3.917359216760603946e+00 -7.436070259936494509e+00 3.122427960571549121e+01 -1.086246711518920716e+00 3.917359216760603946e+00 -1.086246711518920716e+00 3.380557177841885164e+01
-1.750982137564453112e+01 -4.393156013960254569e+00 -1.178781657144123862e+01 -4.393156013960254569e+00 -4.603774202166013652e+01 9.782803295127232346e+00 -1.178781657144123862e+01 9.782803295127232346e+00 -3.125342451800850085e+01
-1.409529774184487394e+01 2.688545397424127792e+00 8.410679491965621368e-01 2.688545397424127792e+00 1.504506343899586263e+01 2.813425055614126258e+00 8.410679491965621368e-01 2.813425055614126258e+00 -2.585528396585382183e+01
-1.666922745893335289e+01 -3.458608516196158278e-01 -1.012798101021265929e+01 -3.458608516196158278e-01 2.753968742666334535e+01 -1.819640138703748988e+01 -1.012798101021265929e+01 -1.819640138703748988e+01 -2.597586043302475645e+01
-1.769902855206466086e+01 -8.449186088178390897e-01 1.595176052928339061e+01 -8.449186088178390897e-01 -3.779896842792552292e+01 1.247704210524333140e-01 1.595176052928339061e+01 1.247704210524333140e-01 6.504576579328604780e+00
-2.608505171502298836e+01 -2.628194045829003844e+00 -1.300122272173292082e+01 -2.628194045829003844e+00 1.439129018831059703e+00 -4.423648928211034281e+00 -1.300122272173292082e+01 -4.423648928211034281e+00 -4.742486241522927415e+00
-2.329627845670198649e+00 1.064535440953753520e+00 -1.425843217836505339e+01 1.064535440953753520e+00 -3.085061941966101529e+01 -5.641820011699467674e-01 -1.425843217836505339e+01 -5.641820011699467674e-01 7.787141811571025585e+00
4.651969254437742052e+01 -1.310301145496184105e+01 -1.723133859644680044e+01 -1.310301145496184105e+01 1.168529100193035042e+01 1.112192686965312838e+01 -1.723133859644680044e+01 1.112192686965312838e+01 6.776824018314098907e+01
4.304534037081825915e+01 -4.909596968491154456e+00 5.186697731644343889e+00 -4.909596968491154456e+00 6.592340332653346957e-01 -4.513203222369100986e-01 5.186697731644343889e+00 -4.513203222369100986e-01 1.627464952892499994e+01
5.939904950698307928e+00 -5.361273302375080263e+00 5.291160077991631461e+00 -5.361273302375080263e+00 -7.284762589677001188e+01 -1.349845793748261613e+01 5.291160077991631461e+00 -1.349845793748261613e+01 4.379560022308566225e+00
-2.729948015689405594e+01 -1.376551215197747347e+01 -7.152035631602969623e+00 -1.376551215197747347e+01 -4.067430017562641353e+01 7.245649101073922793e+00 -7.152035631602969623e+00 7.245649101073922793e+00 -2.903623934277660190e+00
4.107399047387956870e+01 1.026494865854378880e+01 -3.566019598336101382e+00 1.026494865854378880e+01 2.181927967664964640e+01 2.438203981973636747e+00 -3.566019598336101382e+00 2.438203981973636747e+00 5.025610212979618296e+01
-3.482692152490495374e+01 1.645903174561469484e+01 2.972825857547822803e+00 1.645903174561469484e+01 3.061620185700227736e+01 2.687214582667851204e+01 2.972825857547822803e+00 2.687214582667851204e+01 1.393569622245476047e+01
-4.931438674174345671e+00 1.310343614926505218e+01 1.336375726399801600e+01 1.310343614926505218e+01 1.440037176560827525e+01 -4.508662506839287154e+00 1.336375726399801600e+01 -4.508662506839287154e+00 -5.200969176793068804e+00
-3.351471755996126944e+01 1.202259347874571382e+01 7.439575293567889380e-01 1.202259347874571382e+01 -3.945378734379190178e+01 -3.860488287287528575e+00 7.439575293567889380e-01 -3.860488287287528575e+00 -1.683488659744150695e+01
-2.321719148214457462e+01 -1.263429738512102318e+01 2.707409966530211154e+00 -1.263429738512102318e+01 -1.071940131050049061e+01 1.286500819185424405e+01 2.707409966530211154e+00 1.286500819185424405e+01 -1.010718297102580898e+01
6.174726002979520700e+01 -8.018100893247526173e+00 -1.336600451562747516e+01 -8.018100893247526173e+00 3.875229779051854706e+01 -4.832031164970809201e+00 -1.336600451562747516e+01 -4.832031164970809201e+00 5.851124039490895967e+01
-2.875027376564558068e+01 -8.657802072665660376e+00 2.247695987666253892e+00 -8.657802072665660376e+00 -5.453790313955748559e+01 -5.206906358391033329e+00 2.247695987666253892e+00 -5.206906358391033329e+00 -3.280292812053986040e+01
2.800965603814459914e+00 -6.278712901078689512e+00 -4.885351796092269439e+00 -6.278712901078689512e+00 1.950157271862006425e+01 -7.978057089557471393e+00 -4.885351796092269439e+00 -7.978057089557471393e+00 -1.627501774061224538e+01
-5.457940573123758554e+01 2.239642192555332922e+00 1.315273937982605057e+00 2.239642192555332922e+00 3.154835703503254818e-01 -1.098891533242918328e+01 1.315273937982605057e+00 -1.098891533242918328e+01 -1.397112504437314939e+01
6.264046545222130646e+01 5.082744609911316047e+00 2.923307681298306981e+00 5.082744609911316047e+00 5.105683068086651133e+01 2.136930028389844693e+00 2.923307681298306981e+00 2.136930028389844693e+00 6.611571928266916132e+01
6.991290614958514027e+01 -1.874161608522184963e+01 -1.536691240849872031e+01 -1.874161608522184963e+01 2.636120356019655997e+00 6.476172691103577961e+00 -1.536691240849872031e+01 6.476172691103577961e+00 8.706984244253052907e+01
3.750596974858597576e+01 1.179447631468874880e+00 -2.169050771255239951e+01 1.179447631468874880e+00 1.228292730269863320e+01 2.600215280214287361e+01 -2.169050771255239951e+01 2.600215280214287361e+01 4.305963283945956732e+01
7.774835987389746350e+00 1.271651554097830683e+01 -1.299478127753411627e+01 1.271651554097830683e+01 3.478660791096853444e+01 1.841639424364020838e+00 -1.299478127753411627e+01 1.841639424364020838e+00 3.813822750463427891e+00
-2.357200150654618298e+01 -9.024521405788254569e+00 1.494807730547182167e+01 -9.024521405788254569e+00 -4.723336280975062351e+01 5.584917277279441095e+00 1.494807730547182167e+01 5.584917277279441095e+00 -1.774528583185968245e+01
-1.119029297006926171e+01 -6.809417264853053098e+00 3.853820652612033992e+00 -6.809417264853053098e+00 -3.987709806618831010e+01 -9.208065438579177808e+00 3.853820652612033992e+00 -9.208065438579177808e+00 -1.611008721413391953e+01
-1.794403577718375331e+01 -1.874522310499360955e+01 -3.231955060305495397e+00 -1.874522310499360955e+01 -1.920718432475544191e+01 -4.938748823474571559e+00 -3.231955060305495397e+00 -4.938748823474571559e+00 -1.739819202736532233e+01
-1.732197498747523312e+01 -1.380048443039492234e+01 2.077019852684446999e+00 -1.380048443039492234e+01 -2.306514706932375347e+01 1.503525764228745665e+01 2.077019852684446999e+00 1.503525764228745665e+01 -1.496406462704352869e+01
-4.663928696312724753e+01 9.226892390945465316e-02 2.214236626851331380e+00 9.226892390945465316e-02 1.091358485358044206e+01 -6.321559783636515384e+00 2.214236626851331380e+00 -6.321559783636515384e+00 -1.274831803309780476e+01
-3.534353088420100164e+01 7.316081850854948776e+00 1.525884536695203053e+01 7.316081850854948776e+00 2.651251806205219452e+01 3.607132127108348296e+00 1.525884536695203053e+01 3.607132127108348296e+00 9.989415836586827524e+00
4.084149095321303236e+01 1.696372192822202507e+01 -1.655961433441058261e+01 1.696372192822202507e+01 2.760810627708881171e+01 1.401057052830515559e+01 -1.655961433441058261e+01 1.401057052830515559e+01 4.499054952676583241e+01
5.001750877495569902e+00 -2.843668653468922614e+00 -4.606104146734108618e+00 -2.843668653468922614e+00 -4.683809020914794985e+01 -1.713031757983546066e-01 -4.606104146734108618e+00 -1.713031757983546066e-01 1.229166946179312703e+01
2.629210607393061494e+01 1.267680232469683421e+00 2.660304246052523247e+00 1.267680232469683421e+00 2.256628280717975343e+01 -1.237087884964985562e+00 2.660304246052523247e+00 -1.237087884964985562e+00 2.123503656793838701e+01
1.252872532818765450e+01 -6.667788496514233110e+00 -1.228070546447213651e+01 -6.667788496514233110e+00 -2.853876209732607094e+01 1.956808753914008603e-01 -1.228070546447213651e+01 1.956808753914008603e-01 6.609079084593674658e+00
-1.527459689552999755e+01 2.244701961749755448e+00 -2.234989080264029582e+01 2.244701961749755448e+00 2.045275304587945442e+01 3.272211793929788115e+00 -2.234989080264029582e+01 3.272211793929788115e+00 -3.373619459577223267e+01
-4.427346143575255866e+01 -4.985050164302069042e+00 -3.165311588820375555e+00 -4.985050164302069042e+00 -4.305655523878877489e+01 -6.648665020494702205e+00 -3.165311588820375555e+00 -6.648665020494702205e+00 -3.316028182894899601e+01
5.185007689893078009e+01 1.439950495521081208e+01 -2.014210085183560928e+00 1.439950495521081208e+01 3.905369616904781793e+01 2.165306230157934830e-01 -2.014210085183560928e+00 2.165306230157934830e-01 7.417748581625967574e+01
-1.474174886834481768e+01 1.373918033114304826e+01 -1.395156636941190520e+01 1.373918033114304826e+01 2.274496487159576219e+01 -7.680772803878675781e+00 -1.395156636941190520e+01 -7.680772803878675781e+00 -3.234403152161927864e+01
1.224402271485124238e+01 -2.841741178483642827e+00 3.121915234163616382e-01 -2.841741178483642827e+00 3.079186622406229290e+01 -1.103060452781437384e+01 3.121915234163616382e-01 -1.103060452781437384e+01 -4.395443954156985633e+00
2.728489145619747447e+01 1.418535525686737309e+01 1.764486307517475439e+01 1.418535525686737309e+01 -8.000110475415308509e-01 1.330470020630323624e+01 1.764486307517475439e+01 1.330470020630323624e+01 -1.974376700300148002e+00
-3.780875074167361305e+01 2.003056844984023144e+00 -2.345164658253170664e+00 2.003056844984023144e+00 -3.845075141309187927e+01 8.782458558809267402e+00 -2.345164658253170664e+00 8.782458558809267402e+00 -2.955380949503590671e+01
2.425723375988896180e+01 1.659378046057277123e+00 -7.434772219157656181e+00 1.659378046057277123e+00 1.380077258422810971e+01 -1.055360859118743999e+00 -7.434772219157656181e+00 -1.055360859118743999e+00 1.391017166644946812e+01
1.296317207786299219e+00 -1.996119102670201428e+01 -1.752425837149977905e+00 -1.996119102670201428e+01 2.759648899117843257e+01 1.235300057701213028e+01 -1.752425837149977905e+00 1.235300057701213028e+01 -3.299389881860852114e+01
1.682594100450741692e+01 -1.464872022324478706e+01 -8.979161313799400190e+00 -1.464872022324478706e+01 -3.871474150354823962e+01 -3.644648767165378445e+00 -8.979161313799400190e+00 -3.644648767165378445e+00 2.999909091640363457e+01
2.779459315472542258e+01 3.851857378788125619e+00 1.393135338767625875e+01 3.851857378788125619e+00 -1.912771711239046724e+01 1.773395502051430483e+01 1.393135338767625875e+01 1.773395502051430483e+01 3.240381290891684785e+01
3.923457936340381025e+01 1.317127072865347337e+01 1.661013541735499999e+01 1.317127072865347337e+01 -1.169307871461581660e+00 2.484619287746938146e-02 1.661013541735499999e+01 2.484619287746938146e-02 3.768227991094040163e+01
-2.432493375759855692e+00 4.865195679894664060e+00 -2.959306273204601379e+00 4.865195679894664060e+00 -4.479731782179037936e+01 2.027739419653898256e+00 -2.959306273204601379e+00 2.027739419653898256e+00 -2.093007151643773867e+01
7.257546663976759760e+01 6.867703127818957753e+00 1.439467770267703450e+01 6.867703127818957753e+00 3.354069376581083617e+01 3.294559476939022513e+00 1.439467770267703450e+01 3.294559476939022513e+00 6.546135442589239517e+01
3.317362845926411552e+01 8.751105515787163114e+00 1.112120218198652388e+01 8.751105515787163114e+00 3.231409765164065817e+01 1.964145591308617878e+00 1.112120218198652388e+01 1.964145591308617878e+00 3.357752277957733611e+01
3.020893352794491005e+00 -1.739894331607835198e+01 -7.914091862085514961e+00 -1.739894331607835198e+01 -7.700200611726555167e+01 -7.099743918451641989e-01 -7.914091862085514961e+00 -7.099743918451641989e-01 -3.870969692591884836e+01
-1.902927905427236510e+01 1.028921384499269287e+01 1.236822356990490768e+01 1.028921384499269287e+01 -3.354343309041496468e+01 9.087360024377792556e+00 1.236822356990490768e+01 9.087360024377792556e+00 2.488560421707262194e+01
-6.429357202204052157e+01 7.940050043824417259e+00 1.579120001990187205e+00 7.940050043824417259e+00 -1.429722136196026128e+01 1.113258932100552601e+00 1.579120001990187205e+00 1.113258932100552601e+00 -2.173723610829679842e+01
-2.023868302721166401e+01 6.330803774912721948e+00 3.475283346318537525e+00 6.330803774912721948e+00 -9.875542684301363394e+00 1.070158099984406341e+01 3.475283346318537525e+00 1.070158099984406341e+01 -2.759976005409256672e+01
1.563570094532905586e+01 7.539627279248439784e+00 -2.730528176100149906e+01 7.539627279248439784e+00 1.148957823881459639e+01 9.076350878038176972e+00 -2.730528176100149906e+01 9.076350878038176972e+00 -4.879330744445127266e+00
-8.981876897278549876e+00 1.317900651064394912e+00 1.741161095948114124e+01 1.317900651064394912e+00 -3.147713541084295841e+01 1.692639270817414499e+01 1.741161095948114124e+01 1.692639270817414499e+01 -2.107447032634443218e+01
9.192470435214751490e+00 -6.760928100815999819e+00 1.577460181668282502e+01 -6.760928100815999819e+00 5.264446799999864979e+00 1.886090661275129809e+00 1.577460181668282502e+01 1.886090661275129809e+00 -1.920424928010120524e+01
3.132015066384858049e+00 2.011910792132729942e+00 -1.507934623640305061e+00 2.011910792132729942e+00 -3.634344117781568428e+01 -1.250818423848386551e+01 -1.507934623640305061e+00 -1.250818423848386551e+01 9.843359964895171288e+00
-3.057495340702241293e+01 -2.676303940171191442e+00 6.547542934002894555e+00 -2.676303940171191442e+00 -4.955640378535327528e+01 1.078040903137423179e+00 6.547542934002894555e+00 1.078040903137423179e+00 -7.161774946120648799e+00
2.662759134817197193e+01 6.801563773654065947e+00 -1.481282260880708890e+01 6.801563773654065947e+00 1.001542077255262342e+00 2.398250080840299781e+00 -1.481282260880708890e+01 2.398250080840299781e+00 3.542522312105865723e+01
2.246959602213585327e+01 -4.465780356621823266e+00 1.377450315933949376e+01 -4.465780356621823266e+00 4.648024700473784776e+01 -1.373827446657563511e+00 1.377450315933949376e+01 -1.373827446657563511e+00 -9.663040893658724428e+00
3.172828556432531855e+01 -2.549923016262353670e+01 3.314301809785512587e-01 -2.549923016262353670e+01 4.970569970854839426e+01 -5.952158690503160265e+00 3.314301809785512587e-01 -5.952158690503160265e+00 1.666397664517379029e+00
3.702452059886334013e+01 1.123483549461005460e+01 -3.314446782271920355e+00 1.123483549461005460e+01 -3.072638962674675511e+01 5.430369372395387195e+00 -3.314446782271920355e+00 5.430369372395387195e+00 3.933415135440708355e+01
4.245141210637349616e+01 -3.947592540245597359e+00 6.581786571577247003e+00 -3.947592540245597359e+00 1.268153673419203109e+01 6.652037460572723937e+00 6.581786571577247003e+00 6.652037460572723937e+00 5.362818198790303370e+01
-2.468945698661309152e+01 -1.119483899152444550e+01 -1.336793597195890415e+00 -1.119483899152444550e+01 -3.350882186663725548e+01 -2.997521850241792407e+00 -1.336793597195890415e+00 -2.997521850241792407e+00 3.970970081289756148e+00
1.505457446981762004e+01 7.212963684262902575e+00 1.023630887297605518e+01 7.212963684262902575e+00 9.483830614790187852e+00 -4.865132442696524229e-01 1.023630887297605518e+01 -4.865132442696524229e-01 2.024689369516821102e+01
-3.497204576025455314e+00 -2.002664040059207196e+01 -8.028449428690956902e-01 -2.002664040059207196e+01 -1.891165391447101740e+01 9.771255380877809094e-01 -8.028449428690956902e-01 9.771255380877809094e-01 -2.482842190567202234e+00
2.291240131915875367e+01 1.232238432317816290e+01 8.836165368727019187e-01 1.232238432317816290e+01 5.901701655349799402e+00 -1.081331143643016190e+01 8.836165368727019187e-01 -1.081331143643016190e+01 -1.272574138571958713e+01
-4.018687773403199159e+00 -2.815765850891576605e+00 -8.821038386895475369e+00 -2.815765850891576605e+00 2.971985738939083532e+01 -7.213750878305453806e-01 -8.821038386895475369e+00 -7.213750878305453806e-01 -3.398558387306781015e+01
-1.971021478626146717e+01 -1.165661251549104049e+00 6.598002826886916194e-01 -1.165661251549104049e+00 -6.267425100506022773e+01 -1.159720891704625245e+01 6.598002826886916194e-01 -1.159720891704625245e+01 1.380768553742282378e+01
2.954562645763082429e+01 -8.144586994858361351e+00 2.090081423836218377e+01 -8.144586994858361351e+00 -3.282890252389405816e+01 9.635659410029772332e+00 2.090081423836218377e+01 9.635659410029772332e+00 3.377427979592531671e+01
-2.866863765208950454e+01 8.083826573945970040e+00 8.582261593166956359e+00 8.083826573945970040e+00 -6.680157134229179405e+01 6.031576472740407979e+00 8.582261593166956359e+00 6.031576472740407979e+00 -1.665179060477870010e+01
-1.418135846300964786e+01 9.179883112678938417e+00 -4.966602620705859117e+00 9.179883112678938417e+00 -3.543520540305042488e+01 -5.762184804237081570e-01 -4.966602620705859117e+00 -5.762184804237081570e-01 -5.344067892918699103e-01
1.189234635213237112e+01 3.649638758419204709e+00 -1.748941460427950512e+00 3.649638758419204709e+00 -1.343963760979405464e+01 2.119247775600833439e+00 -1.748941460427950512e+00 2.119247775600833439e+00 1.033923302406631350e+01
-1.065556785992372468e+01 2.530629573896955087e+00 6.848586092656224089e+00 2.530629573896955087e+00 6.953067676954369780e+00 -7.772503491853847812e+00 6.848586092656224089e+00 -7.772503491853847812e+00 -2.458647508216353472e+01
1.951032595619108534e+01 7.446365590101704512e-01 -6.924123882438801836e+00 7.446365590101704512e-01 1.399848441552462575e+01 -1.081728667097280550e+01 -6.924123882438801836e+00 -1.081728667097280550e+01 1.974825801980513873e+01
-7.724792111081422163e+00 -3.184709169230126591e+00 1.280880781028494475e+01 -3.184709169230126591e+00 -2.458432618906619993e+01 1.055682295415544480e+01 1.280880781028494475e+01 1.055682295415544480e+01 -1.359590251328413490e+00
-1.177568373840908045e+01 5.781800679129246445e-01 9.764463346391099030e-01 5.781800679129246445e-01 -3.078773384247864797e+01 2.402050887734518358e+00 9.764463346391099030e-01 2.402050887734518358e+00 -1.945078955477232441e+01
-1.295409634100658458e+01 1.208118702081958062e+01 6.885724884056471096e-01 1.208118702081958062e+01 -5.329702636768951862e+01 -4.197768120151238236e+00 6.885724884056471096e-01 -4.197768120151238236e+00 1.396728779993772207e+01
7.669690991472539743e+00 6.228493339075341639e-01 1.150779059358742806e+01 6.228493339075341639e-01 -4.213696286980343331e+01 -4.486729185186366209e+00 1.150779059358742806e+01 -4.486729185186366209e+00 -8.981719937251781971e+00
1.949669188933462749e+01 -2.784892366953588994e+00 -1.143426475980787504e+00 -2.784892366953588994e+00 2.478345466367033723e+01 -6.621901023920754303e-01 -1.143426475980787504e+00 -6.621901023920754303e-01 6.778353732596620773e+00
-6.696136370693582585e+00 -4.766517822625976564e+00 -4.495563756544121325e+00 -4.766517822625976564e+00 2.212106016650298557e+01 -5.013116630804508311e+00 -4.495563756544121325e+00 -5.013116630804508311e+00 -4.106187168057292780e+01
-1.046462939440331930e+01 -2.513698077029769440e+00 8.435369688473389971e+00 -2.513698077029769440e+00 -2.594434935438307832e+01 6.736215465781546508e-01 8.435369688473389971e+00 6.736215465781546508e-01 -1.422820932253276283e+01
-9.652236311943783065e+00 -8.036955479210103448e+00 -7.019658017693686247e+00 -8.036955479210103448e+00 -1.850032910300168254e+01 9.002988880294878982e+00 -7.019658017693686247e+00 9.002988880294878982e+00 -7.467168053428911989e+00
-7.932959811672625428e+00 4.162135014019047397e+00 -2.569309016218456865e+00 4.162135014019047397e+00 -2.029411462605948913e+01 -7.180509248402664468e+00 -2.569309016218456865e+00 -7.180509248402664468e+00 -2.730979212153825220e+00
8.220698368274557311e+01 4.154926327560700905e+00 -1.265242824027632906e+01 4.154926327560700905e+00 1.982970071316501404e+01 3.195639871718567449e+00 -1.265242824027632906e+01 3.195639871718567449e+00 6.450479187119728408e+01
