-3.189110394217710365e+01 -2.327793875444721650e+01 3.061818086780488279e+00 -2.327793875444721650e+01 2.477965908474629586e+01 -1.417937635612611214e+00 3.061818086780488279e+00 -1.417937635612611214e+00 -5.798749913881028561e+01
7.141229009623775603e+00 -3.905497050949160442e+00 -1.458515175718253687e+01 -3.905497050949160442e+00 4.234692515916053779e+00 4.826619023204917980e+00 -1.458515175718253687e+01 4.826619023204917980e+00 1.670088839667531033e+01
-2.966364751469522165e+00 -5.844909196950631713e-01 5.406213824641607602e+00 -5.844909196950631713e-01 3.662812270568279072e+00 5.427649921940937539e+00 5.406213824641607602e+00 5.427649921940937539e+00 -3.847181510936638205e+01
-4.323495941633267670e+00 -2.272927193281656244e+01 -7.024322226792950374e+00 -2.272927193281656244e+01 5.044705763785232477e+01 -1.533551850421684737e+00 -7.024322226792950374e+00 -1.533551850421684737e+00 -1.687470981274016424e+01
-1.404118930815747035e+01 -1.506428869937391557e+00 -9.545759039841888338e+00 -1.506428869937391557e+00 3.632042110026689841e+01 7.717431048781408620e+00 -9.545759039841888338e+00 7.717431048781408620e+00 -4.476488333167289113e+01
-2.644965012576304275e+01 -7.108741127590628039e+00 -9.432453400353230322e+00 -7.108741127590628039e+00 1.501252527261139491e+01 -5.107873142980865477e-01 -9.432453400353230322e+00 -5.107873142980865477e-01 -5.307525681384574057e+01
3.093096236549873268e+01 -3.961297004316787884e+00 1.872247213593668747e+01 -3.961297004316787884e+00 -4.002442983596601067e+01 -9.324981991077436305e+00 1.872247213593668747e+01 -9.324981991077436305e+00 3.263617225036111336e+01
-5.351717733085820328e+00 1.555377890677003982e+01 4.343482826823339416e-01 1.555377890677003982e+01 -6.862255832794475485e-02 -3.789241007113088866e+00 4.343482826823339416e-01 -3.789241007113088866e+00 -1.232195104529669827e+01
1.710310670888676299e+01 3.147589409300627494e+01 1.832375249251228766e+01 3.147589409300627494e+01 1.857355353130378717e+01 -3.113689730447733783e+00 1.832375249251228766e+01 -3.113689730447733783e+00 1.519143834247136671e-01
7.158517572105658644e+00 8.379102045840154389e-01 -3.598758432094449233e+00 8.379102045840154389e-01 4.761376167988316155e+01 1.955494890516349393e+00 -3.598758432094449233e+00 1.955494890516349393e+00 -2.581134749345416424e+01
-5.679177495332358383e+00 -7.549349160106124224e+00 -8.639479697799524516e+00 -7.549349160106124224e+00 -6.848188596438380404e-01 1.041063689873843678e+01 -8.639479697799524516e+00 1.041063689873843678e+01 -2.068039406106998612e+01
1.490543957820005261e+01 -5.793958741560390813e+00 -2.772956752901954314e+00 -5.793958741560390813e+00 5.126261221788611877e+00 4.905243467586809736e+00 -2.772956752901954314e+00 4.905243467586809736e+00 2.603577551313926985e-01
-3.773891414601364858e+01 -5.520646408867563970e+00 1.074384284611664242e+01 -5.520646408867563970e+00 2.633748856943110539e+01 9.407576681730821733e+00 1.074384284611664242e+01 9.407576681730821733e+00 5.963790326020125931e+00
-4.566610159400774194e+01 -1.384844091431365598e+01 -9.068717750546736456e-01 -1.384844091431365598e+01 4.031455222446648001e+00 7.302139579913980993e-01 -9.068717750546736456e-01 7.302139579913980993e-01 -7.032656123432160200e+01
-4.875649689631408279e+01 5.589833148719906220e+00 1.151162668202655937e+01 5.589833148719906220e+00 2.535623568649755200e+01 2.983009878972030737e+00 1.151162668202655937e+01 2.983009878972030737e+00 -8.709276786844243645e+01
-2.166290843694507373e+01 4.200861720523430876e+00 -3.100602049985634046e-01 4.200861720523430876e+00 -3.023243015311007298e+01 4.022485101843811250e+00 -3.100602049985634046e-01 4.022485101843811250e+00 -3.117751979596920364e+01
2.141839832699970003e+01 -1.076082961178823905e-01 -4.053956843729669579e+00 -1.076082961178823905e-01 2.520137403765094319e+01 -7.917278186086825764e-01 -4.053956843729669579e+00 -7.917278186086825764e-01 2.370841473605243976e+01
-6.473741957893230925e+00 -3.309726296254257072e+00 8.750106006741825482e+00 -3.309726296254257072e+00 1.972791984776320362e+01 -9.120234382821292840e+00 8.750106006741825482e+00 -9.120234382821292840e+00 -2.826676657672456017e+01
1.004835233104394021e+01 -1.126565775430285399e+01 -1.182107162786544130e+01 -1.126565775430285399e+01 -1.267541559326855749e+00 -1.146381458717227986e+01 -1.182107162786544130e+01 -1.146381458717227986e+01 2.931167461089543380e+01
6.985622866227289229e+00 -2.089722977775798185e+00 9.638386517254898811e-01 -2.089722977775798185e+00 6.771309125048719579e+01 2.500342790699928930e+00 9.638386517254898811e-01 2.500342790699928930e+00 -4.381155495655672638e+01
-3.095301467770862125e+00 -8.415829489175346012e+00 2.409882021279355691e+00 -8.415829489175346012e+00 2.506699579859796856e+01 -3.471724148384439879e+00 2.409882021279355691e+00 -3.471724148384439879e+00 5.876729340291302783e+00
1.181101192463618155e+01 2.800290353163171986e+00 -9.124234066988171632e-01 2.800290353163171986e+00 3.237196353475557675e+00 -5.468984646266537908e+00 -9.124234066988171632e-01 -5.468984646266537908e+00 1.107789904348243049e+01
3.028989171914035339e+01 7.344867140589086407e-01 4.225168744026549739e+00 7.344867140589086407e-01 4.148957376431498290e+01 1.033876769167914311e+01 4.225168744026549739e+00 1.033876769167914311e+01 1.892115198087067895e+01
-3.253658277274957555e+01 -1.009079514697442015e+01 -1.021493089838613200e+00 -1.009079514697442015e+01 1.012023077043148866e+01 1.744981940490062167e+00 -1.021493089838613200e+00 1.744981940490062167e+00 -5.285860274542346815e+01
3.282783905832545202e+01 -1.048379569156379354e+01 3.614342464066298888e+00 -1.048379569156379354e+01 -7.720691769974722618e+00 3.402669614454403746e+00 3.614342464066298888e+00 3.402669614454403746e+00 2.354022049369707048e+00
-2.547648762497140229e+00 1.850180681258126958e+00 7.163328628243166740e+00 1.850180681258126958e+00 -4.137755068973802963e+01 -8.335949116158115402e+00 7.163328628243166740e+00 -8.335949116158115402e+00 1.032333615541329763e+01
-9.256720326930967246e+00 -9.486268623110174047e+00 -2.835530842737615131e+00 -9.486268623110174047e+00 3.628663287627323086e+01 9.472070208433308602e-01 -2.835530842737615131e+00 9.472070208433308602e-01 -1.939504896640524123e+01
-2.226662170064854962e+01 -4.304477732640217269e+00 -1.459100078020278746e+00 -4.304477732640217269e+00 6.640923773535094277e-02 1.226705808989699165e+01 -1.459100078020278746e+00 1.226705808989699165e+01 -4.331318641595781571e+01
-2.442647805306882525e+00 -9.533295842545628673e+00 -1.657937723775595629e+01 -9.533295842545628673e+00 3.196855392188028944e+01 -9.783939223716634714e+00 -1.657937723775595629e+01 -9.783939223716634714e+00 1.702298391685427958e+01
-1.116260628846204561e+01 -6.553577083831384487e-01 4.618032586459774436e+00 -6.553577083831384487e-01 2.198995248194896224e+00 -2.826303419116669158e+00 4.618032586459774436e+00 -2.826303419116669158e+00 -2.160897318595393202e+01
-1.746366947960468963e+01 2.171714740064350835e+00 -1.209738665965880600e+01 2.171714740064350835e+00 3.591094747492529216e+00 1.137031774331984124e+01 -1.209738665965880600e+01 1.137031774331984124e+01 -2.146928266571281085e+01
-2.741364549982993282e+01 -1.714383929169234122e+01 -1.578639242767132878e+01 -1.714383929169234122e+01 1.224046835113250609e+01 4.446033739832706111e+00 -1.578639242767132878e+01 4.446033739832706111e+00 -4.529470672778876406e+01
-2.618333617897632593e+01 9.769397947113386493e+00 -3.533215555867676105e+00 9.769397947113386493e+00 -2.691553796548303978e+01 4.705472501860779033e+00 -3.533215555867676105e+00 4.705472501860779033e+00 -3.441776855180309269e+01
1.115971618431455425e+01 6.200378157081434694e+00 -5.230159392322102363e+00 6.200378157081434694e+00 1.502395398549052885e+01 -5.769312655461124706e+00 -5.230159392322102363e+00 -5.769312655461124706e+00 5.586323224453767722e+00
5.998826060011356986e+00 -6.026482668157934208e-01 7.108897659203717190e+00 -6.026482668157934208e-01 4.078278636613740105e+01 1.286110579342802396e+01 7.108897659203717190e+00 1.286110579342802396e+01 -1.950145022588663579e+01
2.432538795770872042e+01 2.468791053602359842e+00 -3.100439128089754526e+00 2.468791053602359842e+00 1.865009588559870934e+01 -4.585460124757505973e+00 -3.100439128089754526e+00 -4.585460124757505973e+00 2.254990277463867443e+01
-9.938339952570467872e+00 -1.540259932171805568e+00 -1.703184110954494201e+01 -1.540259932171805568e+00 -7.396815129180851045e+01 4.397406706966224377e+00 -1.703184110954494201e+01 4.397406706966224377e+00 -1.699973624779291814e+00
3.484620173885408434e+01 1.990292020733528844e+00 1.264958684825468183e+01 1.990292020733528844e+00 5.164227496545800378e+00 7.460380733374187834e+00 1.264958684825468183e+01 7.460380733374187834e+00 5.242764703704057894e+01
1.684271606578184688e+01 -5.328400083885384220e+00 -1.457229290106151431e+00 -5.328400083885384220e+00 1.041273167435199554e+01 -1.045227485862601169e+00 -1.457229290106151431e+00 -1.045227485862601169e+00 1.861936385398639260e+01
-9.417928595183163054e+00 -1.289309733947481718e+01 1.192705139861749508e+01 -1.289309733947481718e+01 -2.613532643179101811e+01 -5.317917149623185402e+00 1.192705139861749508e+01 -5.317917149623185402e+00 -4.508989979667048509e+00
-7.543195071366035620e+00 7.836399185683879942e+00 -6.543973497508201120e+00 7.836399185683879942e+00 9.148820620981576113e+00 6.952045730769470744e+00 -6.543973497508201120e+00 6.952045730769470744e+00 -7.959718229270565715e+00
-2.647283571006865799e+01 -5.491326152578851705e+00 1.050157713037767726e+00 -5.491326152578851705e+00 -1.929028623803418085e+01 -1.254180686018805613e+00 1.050157713037767726e+00 -1.254180686018805613e+00 -4.431654870965768112e+01
-3.221749472432050254e+01 1.493323995788720771e+00 6.660361331320086897e+00 1.493323995788720771e+00 3.563629182132315520e+01 -2.614351953467672907e+00 6.660361331320086897e+00 -2.614351953467672907e+00 -6.894136129880418196e+01
-8.777485082981982600e+00 -8.846945334512084091e-01 3.450509151831840260e+00 -8.846945334512084091e-01 -9.871764567661527323e+00 4.657230497587592777e-01 3.450509151831840260e+00 4.657230497587592777e-01 -1.450668321731377119e+01
-9.756604252096069629e+00 -6.701925072509777870e+00 -2.092757981607441753e+00 -6.701925072509777870e+00 3.474278144567016824e+01 -1.201187236388497892e+00 -2.092757981607441753e+00 -1.201187236388497892e+00 -3.932568397800474713e+01
1.528513637292711103e+01 1.002904423975484516e+00 -9.172388153584258852e-01 1.002904423975484516e+00 2.253703113691428683e+01 -7.337937457503035388e-01 -9.172388153584258852e-01 -7.337937457503035388e-01 1.028109855996815725e+01
4.530322261605351564e+00 -2.393461014256483210e+01 8.742417439029409820e+00 -2.393461014256483210e+01 4.143678851614712499e+01 -8.905494071186460303e+00 8.742417439029409820e+00 -8.905494071186460303e+00 -2.028328316138590282e+01
6.825457447009032563e+00 -2.033139403563602698e+01 9.792222151355168824e-01 -2.033139403563602698e+01 4.067499759404802262e+01 -5.181758443127033181e-02 9.792222151355168824e-01 -5.181758443127033181e-02 -9.417943746119066262e+00
-8.741773352331948743e+00 3.464875519588265007e+00 4.214306497779810812e+00 3.464875519588265007e+00 1.975610868782484042e+00 -9.883776875255214645e-01 4.214306497779810812e+00 -9.883776875255214645e-01 -2.173879343270094910e+00
-3.080981814843708122e+01 -9.089815697739183520e+00 2.182944055866396482e+01 -9.089815697739183520e+00 -5.811024445743834832e+01 -5.053541577691398778e+00 2.182944055866396482e+01 -5.053541577691398778e+00 -1.510176726324370833e+01
-1.967717917449797937e+01 -1.077258555379649962e+01 1.343445102282950643e+01 -1.077258555379649962e+01 -4.003880899838262053e+01 -7.858074099026963744e-01 1.343445102282950643e+01 -7.858074099026963744e-01 7.401266638536695197e+00
-2.668821293779578951e+01 -2.643349672584388230e-02 -7.077762208272857514e+00 -2.643349672584388230e-02 2.326043568959664398e+01 -1.510636369111030941e+00 -7.077762208272857514e+00 -1.510636369111030941e+00 1.425026554024162451e+01
2.131942853350975398e+01 -6.736268281571456740e+00 -6.412582024308019157e+00 -6.736268281571456740e+00 2.446434807216889240e+01 -1.500666424571807944e+01 -6.412582024308019157e+00 -1.500666424571807944e+01 3.553501040321246762e+01
-3.278325569241982151e+00 -1.181720492743015427e+01 -2.977027231138453800e+00 -1.181720492743015427e+01 4.843037972900123123e+01 4.794799793539245236e+00 -2.977027231138453800e+00 4.794799793539245236e+00 -4.059256844878316173e+01
-2.643407091110985974e+01 -8.396445536882669813e+00 2.088992048031137028e+00 -8.396445536882669813e+00 3.022479737335649830e+01 -2.788304198724215865e+00 2.088992048031137028e+00 -2.788304198724215865e+00 -6.736426062614265220e+01
4.616583166110135039e+01 5.991456352910691230e+00 5.750222955933383950e+00 5.991456352910691230e+00 4.504324987035826844e+00 2.866917887597203674e+00 5.750222955933383950e+00 2.866917887597203674e+00 4.087361102413549219e+01
2.636742296758423088e+00 6.729924932241570623e+00 8.629780263676428476e+00 6.729924932241570623e+00 1.363081598440222919e+01 6.381415435050931784e+00 8.629780263676428476e+00 6.381415435050931784e+00 -2.022617321119951939e+01
-2.014682165451998586e+01 -8.402072071362415073e+00 -4.441219461707551552e+00 -8.402072071362415073e+00 2.497489653492785422e+01 -4.741980349833697872e+00 -4.441219461707551552e+00 -4.741980349833697872e+00 -4.051715879887215266e+01
-2.142482708796177526e+00 8.332074740112211941e+00 1.024045623869126942e+01 8.332074740112211941e+00 2.851435952824035169e+01 9.838093400446095149e-01 1.024045623869126942e+01 9.838093400446095149e-01 -4.154549930573214311e+01
-1.785465463455718549e+01 -2.574092494318494170e-02 1.565358155813148855e+01 -2.574092494318494170e-02 -1.884373039734558120e+01 -2.319174349520233491e+01 1.565358155813148855e+01 -2.319174349520233491e+01 1.254389422353295558e+01
-1.679527666340981540e+01 6.944242508537097791e+00 4.377206396266429600e+00 6.944242508537097791e+00 4.845465088588179015e+01 2.094823194716947778e+00 4.377206396266429600e+00 2.094823194716947778e+00 -3.741554612266492796e+01
-1.713374807279568657e+01 1.716496432985693543e-01 -2.020922549247977429e+01 1.716496432985693543e-01 2.325615489667213254e+01 2.771840206281519059e+00 -2.020922549247977429e+01 2.771840206281519059e+00 -4.310799510098995313e+01
3.377438467674353184e+00 2.039159180395703430e+01 8.704194781397713854e+00 2.039159180395703430e+01 1.909346007478815110e+01 -6.849358862990504448e+00 8.704194781397713854e+00 -6.849358862990504448e+00 -1.511798702038568543e+01
-3.927305376581419694e+01 7.043628013145537103e+00 7.439105566462203889e+00 7.043628013145537103e+00 -2.496398150556305851e+01 8.395639946169314527e+00 7.439105566462203889e+00 8.395639946169314527e+00 -3.539931871488455073e+01
-4.320794428768842721e+01 -5.475315262343420919e+00 9.128367934150835694e+00 -5.475315262343420919e+00 -4.805677026973651067e+01 -1.129178197045297871e+01 9.128367934150835694e+00 -1.129178197045297871e+01 -2.786787673498058737e+01
-2.204958835572154641e+01 2.215517366715581637e+00 -2.654522646120928808e+00 2.215517366715581637e+00 -1.654189429257126420e+00 2.106165235880187225e+01 -2.654522646120928808e+00 2.106165235880187225e+01 -4.125398907473257282e+01
-2.527186987456411771e+01 1.507508315303000579e+01 3.137692689338611007e+00 1.507508315303000579e+01 2.431410587359565056e+01 -6.131670151821848158e+00 3.137692689338611007e+00 -6.131670151821848158e+00 -3.352426777885466436e+01
-1.987823815135224947e+01 3.344927463370832021e-01 -3.604833123372935821e-01 3.344927463370832021e-01 -9.611617991122606952e+01 1.063810050448758204e+00 -3.604833123372935821e-01 1.063810050448758204e+00 -3.156923370316595268e+01
-1.376505646762406698e+01 6.802258876418084022e+00 4.349415019007907723e+00 6.802258876418084022e+00 3.414669828462470491e+01 4.432356966561262546e+00 4.349415019007907723e+00 4.432356966561262546e+00 -4.915840624542519777e+01
-2.497525931670626420e+01 -6.002555101791755554e+00 2.542821466502740435e+00 -6.002555101791755554e+00 4.423740827823369415e+01 2.024180636857038640e-01 2.542821466502740435e+00 2.024180636857038640e-01 -7.019155798205217422e+01
-2.929055610114250641e+01 -5.989340294067014625e+00 -1.586222510325979584e+01 -5.989340294067014625e+00 -6.770151891420589152e+01 -4.929922051110147585e+00 -1.586222510325979584e+01 -4.929922051110147585e+00 -8.255155804296478550e+00
2.699158256255856259e+01 1.443459333208059747e-01 3.229033792174749173e+00 1.443459333208059747e-01 2.511251396234692734e+01 -7.297218411725782339e+00 3.229033792174749173e+00 -7.297218411725782339e+00 4.611901386220050370e+01
-1.011212579113227328e+01 3.485218047972567401e+00 -1.080620901276741463e+01 3.485218047972567401e+00 -1.078573886983406060e+00 1.465430219495632613e+01 -1.080620901276741463e+01 1.465430219495632613e+01 -2.087488347467458283e+01
3.710191287425357132e+01 1.716541453975904119e+01 6.538931222798970211e+00 1.716541453975904119e+01 -1.522588155054044101e+01 -3.753038475485515502e+00 6.538931222798970211e+00 -3.753038475485515502e+00 1.326786981475060756e+01
-1.121357376731021027e+01 1.123194091493238389e+01 6.213637584473088005e+00 1.123194091493238389e+01 7.102236171756834970e+00 -2.980833207248921202e+00 6.213637584473088005e+00 -2.980833207248921202e+00 1.593310626359536686e+00
-9.866940159129230281e+00 1.113723517493786375e+01 -6.112941437972686742e+00 1.113723517493786375e+01 2.548107643853571602e+01 -1.002567823921849843e+01 -6.112941437972686742e+00 -1.002567823921849843e+01 -3.408115543685414650e+01
9.549082283909415381e+00 4.710750103237741904e+00 1.073581027673774457e+01 4.710750103237741904e+00 4.131696174066436100e+01 5.657167556807899622e+00 1.073581027673774457e+01 5.657167556807899622e+00 -2.199263912962812739e+01
-6.667326115395128205e+00 -1.583180193490170495e+01 4.103011478581938043e+00 -1.583180193490170495e+01 4.645676973865217008e+01 4.934121848126387988e+00 4.103011478581938043e+00 4.934121848126387988e+00 -1.873876797857355214e+01
-1.708715649808576487e+01 -1.073030798552581722e+01 4.826465320626658340e+00 -1.073030798552581722e+01 -1.119311714415089654e+01 -7.244276729436262663e+00 4.826465320626658340e+00 -7.244276729436262663e+00 -2.659760171069747159e+01
-2.432125647854529760e+01 4.534889444881542886e+00 -3.354852546618965370e+00 4.534889444881542886e+00 -3.326940920327001550e+01 6.462401063349342500e+00 -3.354852546618965370e+00 6.462401063349342500e+00 -3.828465434643844922e+00
2.144540130836475100e+01 1.321200488885094504e-01 3.671712422912545737e+00 1.321200488885094504e-01 7.992634265340441857e+00 -1.897732389284835008e+01 3.671712422912545737e+00 -1.897732389284835008e+01 1.821636270664368595e+01
-2.553420917966558790e+01 3.291237714078194543e+00 -6.168216682205961199e+00 3.291237714078194543e+00 -3.131943206257769319e+01 -4.351154631819892593e+00 -6.168216682205961199e+00 -4.351154631819892593e+00 -6.891817956239254528e+00
-2.963005226446543361e+01 -5.516427714379673830e+00 4.603115091967668882e+00 -5.516427714379673830e+00 2.854227842264533521e+01 2.347472791519907620e+00 4.603115091967668882e+00 2.347472791519907620e+00 -5.675317645011207190e+01
-1.373437673509388190e+01 1.576912419440597724e+01 -8.696101917702948825e+00 1.576912419440597724e+01 3.035758618823758681e+01 1.083671800522519924e+01 -8.696101917702948825e+00 1.083671800522519924e+01 -3.403498716356941145e+01
-2.712404057303197646e+01 -2.608233301013964223e+01 6.690731849766663686e+00 -2.608233301013964223e+01 -4.676991430077224976e+01 -3.820021511195636599e+00 6.690731849766663686e+00 -3.820021511195636599e+00 -1.141528746296296504e+01
-2.335401879490487609e+00 -7.969556141586239817e-02 7.738167161475409728e+00 -7.969556141586239817e-02 2.665508907355131996e+01 -2.910511949707828450e+00 7.738167161475409728e+00 -2.910511949707828450e+00 -1.275660524863241818e+01
-5.178992678836547903e+00 -9.704467181788305474e-01 3.851009702877778995e+00 -9.704467181788305474e-01 -2.977280429962382513e+00 6.878219680423381943e-01 3.851009702877778995e+00 6.878219680423381943e-01 -9.286552125106615208e+00
4.019968650462399751e+01 1.500944541870116922e+01 2.370949057670293236e-01 1.500944541870116922e+01 -2.592699056341891506e+01 2.159810781086578313e+00 2.370949057670293236e-01 2.159810781086578313e+00 6.027286694441946224e+01
-2.045385632772188345e+01 -4.828818179464447802e+00 9.951590880775217585e+00 -4.828818179464447802e+00 1.763720702720029010e+01 -1.199688723079869845e+00 9.951590880775217585e+00 -1.199688723079869845e+00 -2.305235573136022253e+01
-2.552717299170690168e+01 6.399844042918540588e+00 -1.967591855315733995e-01 6.399844042918540588e+00 -4.877714159308250430e+01 5.601700817757527595e+00 -1.967591855315733995e-01 5.601700817757527595e+00 -3.669952946788435089e+00
1.731316897629733509e+00 -2.912051322013433641e-01 9.259232630075297621e+00 -2.912051322013433641e-01 1.177992253554898383e+01 4.507279097997209050e+00 9.259232630075297621e+00 4.507279097997209050e+00 9.549733062687401741e+00
-1.381709075479887083e+01 -4.079318683921458799e+00 -3.127205813053811845e+00 -4.079318683921458799e+00 -2.821238585156153889e+01 -1.269386085937936315e+01 -3.127205813053811845e+00 -1.269386085937936315e+01 -3.982855842534009838e+01
-3.164325810358358737e+01 -5.308114745649460176e+00 1.042447965719058400e+00 -5.308114745649460176e+00 2.277180833105493463e+01 -6.505072732676577818e-01 1.042447965719058400e+00 -6.505072732676577818e-01 -6.173997086702270565e+01
-8.691278990086825473e+00 2.460258468607583993e+01 8.331877291176928324e+00 2.460258468607583993e+01 5.312810052536491412e+01 5.329268304016442359e-01 8.331877291176928324e+00 5.329268304016442359e-01 -2.650658730987789369e+01
4.550575213174144373e+00 9.865009954121498836e+00 -3.867355843879664690e+00 9.865009954121498836e+00 -1.977995445004416553e+01 4.036388394406767333e+00 -3.867355843879664690e+00 4.036388394406767333e+00 3.614413653291002504e+01
-1.936717480230596422e+01 2.840786875569480330e+01 1.660375939489523844e+01 2.840786875569480330e+01 2.488088104927648558e+01 -5.924509649692538682e-01 1.660375939489523844e+01 -5.924509649692538682e-01 -5.310428983532742109e+01
3.792610626720575340e+01 5.780971316830713747e+00 -5.611635319036848202e+00 5.780971316830713747e+00 3.393870793715998957e+01 4.627582218140388726e+00 -5.611635319036848202e+00 4.627582218140388726e+00 3.562817666528706440e+01
-3.473733043353856687e+00 -1.143439067945857168e+01 2.211352831886255643e+00 -1.143439067945857168e+01 2.808635459590000938e+00 3.856739045189697013e+00 2.211352831886255643e+00 3.856739045189697013e+00 -1.349687963721116013e+01
-1.787745605460705178e+01 6.593209870809344508e+00 8.591053177778174010e-01 6.593209870809344508e+00 4.500074745883163274e+01 4.035176418293634271e+00 8.591053177778174010e-01 4.035176418293634271e+00 -3.927337867364617807e+01
-3.216091588575638838e+01 6.947242094582636973e+00 -3.046855442077407883e+00 6.947242094582636973e+00 2.155420616399391776e+01 -5.590225601128418376e+00 -3.046855442077407883e+00 -5.590225601128418376e+00 -6.009187873094901278e+01
