1.891907950055815490e+01 -4.735684841164193415e+00 -1.095189883785979479e+00 -4.735684841164193415e+00 1.175571896504036395e+01 2.354023173175174399e+00 -1.095189883785979479e+00 2.354023173175174399e+00 8.383166328767424957e+00
-1.054479880755405574e+01 -6.388149994037460644e+00 3.811726298125848622e+00 -6.388149994037460644e+00 -1.490354984481089140e+01 -5.491209992866457057e+00 3.811726298125848622e+00 -5.491209992866457057e+00 -9.926967212817935149e+00
3.448725804939491724e+01 1.649766412811102256e+00 3.364858555950274166e+00 1.649766412811102256e+00 2.911243805903590598e+01 8.749993837196036850e+00 3.364858555950274166e+00 8.749993837196036850e+00 -4.372009685038053206e+00
-1.211997467215063295e+01 -7.114567003618147645e+00 9.722254002828140784e+00 -7.114567003618147645e+00 -1.960480166636982347e+01 4.047140872001922851e+00 9.722254002828140784e+00 4.047140872001922851e+00 -1.686834870088186378e+01
-1.082914831344431228e+01 3.669939214615417722e+00 -1.045130945344974549e+01 3.669939214615417722e+00 -1.576559557698581671e+01 -9.628572794010835878e+00 -1.045130945344974549e+01 -9.628572794010835878e+00 -1.640824317781889752e+00
3.351448551020005340e+01 5.113415897182776781e+00 -1.972947250446440037e+00 5.113415897182776781e+00 2.127390911247985628e+01 -1.164439098826370689e+01 -1.972947250446440037e+00 -1.164439098826370689e+01 6.433868531198134733e+00
2.121058286120949887e+01 1.417713684605922397e-01 5.824934928383485033e-01 1.417713684605922397e-01 1.997367148646461388e+01 -1.568674376648657942e+00 5.824934928383485033e-01 -1.568674376648657942e+00 -4.836345061366075448e+00
1.651175737860336667e+01 6.830909253180071694e+00 1.890598576926621199e-01 6.830909253180071694e+00 1.351147963336645930e+01 4.481813636472906204e+00 1.890598576926621199e-01 4.481813636472906204e+00 -7.179371061507753282e+00
3.374768104486290099e+01 8.523910053451183799e+00 -1.624878610955186709e+00 8.523910053451183799e+00 3.369553756285672108e+01 -4.405290015528779968e+00 -1.624878610955186709e+00 -4.405290015528779968e+00 2.023765011950695936e+01
-1.093347626492212399e+01 9.039456749568467453e-01 9.828845493919532217e+00 9.039456749568467453e-01 -1.031011679691759930e+01 -6.482565539735325899e+00 9.828845493919532217e+00 -6.482565539735325899e+00 -6.724112637205168497e+00
-9.774752604773208731e+00 -4.270103018616755897e+00 1.107252415186084349e+01 -4.270103018616755897e+00 -1.251170151249633378e+01 -7.837088076919976887e-01 1.107252415186084349e+01 -7.837088076919976887e-01 -3.465881554197105530e+00
1.722374901839216932e+00 1.121598629675888859e+01 6.384642526934550588e+00 1.121598629675888859e+01 5.734126420209630925e-01 6.279613614263162447e+00 6.384642526934550588e+00 6.279613614263162447e+00 -1.561989355049619199e+01
9.226044783729257404e+00 1.685481006664578008e+00 -5.504539027183229516e-01 1.685481006664578008e+00 7.541338436645066423e+00 2.191895855007628402e+00 -5.504539027183229516e-01 2.191895855007628402e+00 3.252939541329670892e+00
-4.413184663703114907e+00 -7.077331943269991044e-01 -8.872009714903089872e+00 -7.077331943269991044e-01 -1.389770631577589555e+01 7.018365946736061511e-01 -8.872009714903089872e+00 7.018365946736061511e-01 -3.669309197488612284e+00
-7.903609687411695894e+00 -3.877036762449840079e+00 -6.909869462302425269e+00 -3.877036762449840079e+00 7.918874535419289984e+00 -8.099133619870643841e+00 -6.909869462302425269e+00 -8.099133619870643841e+00 2.341932705288209249e+01
1.411992242753160021e+01 7.309821879123399313e+00 5.941169204305423168e-01 7.309821879123399313e+00 9.149660430000244205e+00 -4.053146241925862370e+00 5.941169204305423168e-01 -4.053146241925862370e+00 2.087069396515080388e+00
4.331783705696717135e+01 1.358534020339983162e+00 -3.249575326734894354e+00 1.358534020339983162e+00 3.935853166477649978e+01 -3.466235261086652475e+00 -3.249575326734894354e+00 -3.466235261086652475e+00 1.324701961867437916e+01
4.415516468980602127e+01 -2.028000633390195873e+00 1.558954150721252541e+00 -2.028000633390195873e+00 4.438818245136607032e+01 3.117729235566252477e+00 1.558954150721252541e+00 3.117729235566252477e+00 3.959980838278362825e+01
-1.101276916189761934e+01 6.937235152889426715e+00 -1.780919229349732014e+00 6.937235152889426715e+00 -1.350894641276304320e+01 1.966748982023177916e+01 -1.780919229349732014e+00 1.966748982023177916e+01 1.682053611921243785e+01
2.161019112794091424e+00 8.411068912103605300e+00 -4.723876812531000446e+00 8.411068912103605300e+00 -2.445301683497874912e+00 -5.186217825266582260e+00 -4.723876812531000446e+00 -5.186217825266582260e+00 -2.495038816101942203e+01
3.564350475710866561e+01 3.362587927380012331e+00 1.606691672390609948e+00 3.362587927380012331e+00 2.740949528810334002e+01 -3.564075056320683110e+00 1.606691672390609948e+00 -3.564075056320683110e+00 3.501306371240579551e+01
-7.060268697943815397e+00 5.813524266286005826e+00 -1.814502320488881937e+00 5.813524266286005826e+00 -4.166163782480399647e+00 8.901145033055630762e-01 -1.814502320488881937e+00 8.901145033055630762e-01 3.021994774164220132e+00
7.317564703372463342e+00 1.214389940435171678e+00 -3.966051851507855552e+00 1.214389940435171678e+00 1.842752549059347800e+01 6.578939547552653977e+00 -3.966051851507855552e+00 6.578939547552653977e+00 -6.349739598675873786e+00
2.211297039784949803e+01 5.876555700477242183e+00 -6.290768431371355440e+00 5.876555700477242183e+00 2.301862196200781341e+01 -6.184676294411625364e+00 -6.290768431371355440e+00 -6.184676294411625364e+00 1.989425886842147051e+01
4.592003328817712315e+01 2.826223325075652326e+00 9.915097064914709435e+00 2.826223325075652326e+00 3.866828956003138273e+01 -5.153803722608111038e+00 9.915097064914709435e+00 -5.153803722608111038e+00 3.523838173609318858e+01
-5.560217254382591179e+00 -1.639094823495509701e+01 3.193623979089978970e+00 -1.639094823495509701e+01 -9.745631121508436578e+00 -5.721914824249890508e+00 3.193623979089978970e+00 -5.721914824249890508e+00 -4.470677361807345207e+00
3.482379400154586335e+01 -8.270145472162163669e-01 -4.405561306327136606e+00 -8.270145472162163669e-01 3.569813340777739796e+01 2.977582234088434809e+00 -4.405561306327136606e+00 2.977582234088434809e+00 2.722113121627678822e+01
4.095571261275809150e+01 -3.376502201750669618e-01 2.445077400125948763e+00 -3.376502201750669618e-01 3.278545736240614161e+01 3.940172424125295780e+00 2.445077400125948763e+00 3.940172424125295780e+00 2.337905881818850773e+01
-1.838692518173096202e+00 8.064818900315552597e+00 -6.854678373148028747e+00 8.064818900315552597e+00 -4.224440190734173761e+00 -4.674922704798291306e+00 -6.854678373148028747e+00 -4.674922704798291306e+00 -1.086732817362999093e+01
3.750310171191048170e+01 3.260623347618145651e+00 -6.056625159282385873e+00 3.260623347618145651e+00 3.360875004951247291e+01 3.104386558214848435e+00 -6.056625159282385873e+00 3.104386558214848435e+00 2.052439189892635341e+01
1.334332964928603182e+01 5.405986244913566274e+00 1.038254846021218114e+01 5.405986244913566274e+00 7.921415203194184684e+00 -6.304942666146609476e+00 1.038254846021218114e+01 -6.304942666146609476e+00 -8.570283787596647329e+00
4.090176821090467030e+01 4.399124770501524395e+00 1.515299263685565334e+00 4.399124770501524395e+00 4.465561099210582796e+01 -2.228989449986316096e+00 1.515299263685565334e+00 -2.228989449986316096e+00 2.862560997246222882e+01
-1.205763782613602686e+01 1.009470518635508363e+01 8.133941075396368348e+00 1.009470518635508363e+01 -1.878882146925636576e+01 -1.614620592839862923e+00 8.133941075396368348e+00 -1.614620592839862923e+00 -8.707885388238533864e+00
1.414213289927155515e+01 2.120166466212757328e+01 -1.274628062376219084e+01 2.120166466212757328e+01 1.607095322240605029e+01 -1.120085328883314091e+01 -1.274628062376219084e+01 -1.120085328883314091e+01 1.697231399291765896e+01
-1.012080507226388271e+01 1.647345607872827911e+00 8.885928039369721532e+00 1.647345607872827911e+00 -1.864570674701160868e+01 -1.404799580540912141e+00 8.885928039369721532e+00 -1.404799580540912141e+00 1.319853590021086198e+01
3.080136608697065981e+01 1.610547793647848946e+00 -2.488500443866922929e+00 1.610547793647848946e+00 2.422295703064192196e+01 8.485753795601938876e+00 -2.488500443866922929e+00 8.485753795601938876e+00 2.013392491223716618e+01
-1.639850143199239696e+01 4.016009116904135645e+00 6.794741514212549127e+00 4.016009116904135645e+00 -1.509641835107809804e+01 -8.778034135400892168e+00 6.794741514212549127e+00 -8.778034135400892168e+00 -1.921491953362798766e+00
8.743833664867887379e+00 -2.128471826860523386e+00 -1.277439959221104182e+01 -2.128471826860523386e+00 1.019603959418813988e+00 8.507568286376537614e+00 -1.277439959221104182e+01 8.507568286376537614e+00 1.145197081587370036e+01
2.669963767575498537e+01 5.102683824625755982e+00 -1.637840581991221001e+01 5.102683824625755982e+00 3.613984508606686319e+01 -7.900314373996960571e-01 -1.637840581991221001e+01 -7.900314373996960571e-01 2.535762002864578335e+01
-2.090942808052576751e+01 -4.078057277333950736e+00 5.601122376840216965e+00 -4.078057277333950736e+00 -2.606665022924558173e+01 1.157817915607956216e+01 5.601122376840216965e+00 1.157817915607956216e+01 -2.289601537115260044e+01
1.237893647519308438e+01 -3.346179033990648310e+00 1.245783219246304974e+01 -3.346179033990648310e+00 3.922359833268135088e+00 1.720847039608552720e+01 1.245783219246304974e+01 1.720847039608552720e+01 8.093636639663963350e-02
3.509990532408972630e+00 2.436311990965147611e+00 6.382257005212458090e+00 2.436311990965147611e+00 -1.230676145661607990e+01 2.192518680449254465e+00 6.382257005212458090e+00 2.192518680449254465e+00 8.868593936320564808e+00
3.558173248616942885e+01 -1.073752965198277121e+00 -3.838529038628391010e+00 -1.073752965198277121e+00 3.560534493848754067e+01 -7.847971726725556652e-01 -3.838529038628391010e+00 -7.847971726725556652e-01 3.538872868676146055e+01
3.807345298663715027e+01 4.189078212554049330e+00 8.048127086663452445e-01 4.189078212554049330e+00 3.265469456733674747e+01 -2.408765413838874991e+00 8.048127086663452445e-01 -2.408765413838874991e+00 2.139050588206979242e+01
-9.006540416287796447e+00 -1.848332016002341982e+00 -1.183030526495115708e+01 -1.848332016002341982e+00 -2.280084792563737750e+01 4.567778202477877691e+00 -1.183030526495115708e+01 4.567778202477877691e+00 4.805380149721534266e+00
2.407982733405922460e+01 -4.861855199605996103e-01 5.604251765532355378e+00 -4.861855199605996103e-01 4.252427899385286736e+01 4.452080661991329791e+00 5.604251765532355378e+00 4.452080661991329791e+00 1.999294195725612511e+01
6.717854713606295824e+00 -5.555506733504187444e+00 -4.280738092126949113e+00 -5.555506733504187444e+00 -1.009651250785808640e+00 4.830109186941719202e+00 -4.280738092126949113e+00 4.830109186941719202e+00 6.733965140822765427e+00
4.467116735659762305e+00 -1.352208041087598112e+01 -1.306110925325117300e+00 -1.352208041087598112e+01 -7.184722450908554769e+00 1.819469355697117319e+00 -1.306110925325117300e+00 1.819469355697117319e+00 -5.703085112946306712e-01
-2.495242287691469585e+01 4.885513057122994329e-01 3.086649517206030424e+00 4.885513057122994329e-01 -2.634496084283393103e+01 8.168851334666237918e+00 3.086649517206030424e+00 8.168851334666237918e+00 -1.226828751522027083e+01
-1.527025874598649224e+01 5.954068026652022283e+00 7.183688423860502326e+00 5.954068026652022283e+00 -1.228157158010699845e+01 -8.612267143144206827e+00 7.183688423860502326e+00 -8.612267143144206827e+00 -3.121820828466072228e+01
