-9.524688438143929403e+00 -1.787483409982395077e+00 6.204532668904698234e+00 -1.787483409982395077e+00 -1.705271182379775485e+00 -1.556251157721383560e+00 6.204532668904698234e+00 -1.556251157721383560e+00 6.700703826321929846e+00
-8.043027998619817209e-01 -6.699145750532417232e+00 3.889608656331676739e-01 -6.699145750532417232e+00 -5.022463914685719288e+00 5.497905243266314024e+00 3.889608656331676739e-01 5.497905243266314024e+00 -4.258972362046476334e+00
-3.440675775628425015e+01 5.109187165680217468e+00 8.522014566354201293e+00 5.109187165680217468e+00 -4.072123736312209275e+01 -4.498308003159634971e+00 8.522014566354201293e+00 -4.498308003159634971e+00 -2.050495713944005516e+01
1.752786319216028588e+01 -1.000396376151948097e+01 2.073857751911407021e+01 -1.000396376151948097e+01 -3.808231711605268188e+00 1.071840523334133799e+01 2.073857751911407021e+01 1.071840523334133799e+01 2.147117806952229913e+01
1.129765596715712128e+01 5.596387113862610896e+00 1.464159332691665405e+01 5.596387113862610896e+00 -4.304299728125815250e+01 -3.124743676331105835e+00 1.464159332691665405e+01 -3.124743676331105835e+00 6.301331513005477447e+00
-1.519877209940018226e+01 -3.311559873685046007e+00 1.130451981294733343e+01 -3.311559873685046007e+00 -1.630856400763342506e+01 3.025738518401147381e+00 1.130451981294733343e+01 3.025738518401147381e+00 1.518116432719316222e+01
-1.345420746367116749e+01 -1.106376790338855365e+01 4.193629165039372886e+00 -1.106376790338855365e+01 -2.160195827955320524e+01 -1.657035914705450752e+00 4.193629165039372886e+00 -1.657035914705450752e+00 5.379548255813778823e+00
5.001533468679898675e+01 -7.138132133932448831e+00 1.883369144656908745e+01 -7.138132133932448831e+00 5.325696527337944275e+01 7.069349143060316365e+00 1.883369144656908745e+01 7.069349143060316365e+00 4.681457485259864626e+01
-2.426062951638301968e+01 8.290919498059885484e-01 4.687983031661519639e+00 8.290919498059885484e-01 -3.244043188160163993e+01 4.425135186016365019e+00 4.687983031661519639e+00 4.425135186016365019e+00 -2.346070346069175372e+01
6.699658552854809157e-01 -2.341938675526255764e+01 7.413483973032098717e+00 -2.341938675526255764e+01 -3.502211193487300278e+01 -1.977897685986382159e+00 7.413483973032098717e+00 -1.977897685986382159e+00 1.307257068164104030e+00
-3.277939002732843932e+01 -2.274712374576602247e+00 2.366022988263782434e+00 -2.274712374576602247e+00 -1.672921452943924692e+01 3.270508739761199379e+00 2.366022988263782434e+00 3.270508739761199379e+00 5.519301761520128968e-01
-4.257216954759571337e+01 -5.470215895262175110e+00 6.627888918750872271e+00 -5.470215895262175110e+00 -6.990067336973977774e+01 -5.234772426477905860e+00 6.627888918750872271e+00 -5.234772426477905860e+00 -4.400132852385198845e+01
1.375789349880909285e-01 -4.541338813068639402e-01 1.798058112287111499e+01 -4.541338813068639402e-01 -2.807003505098143137e+01 -2.342566070636590059e+00 1.798058112287111499e+01 -2.342566070636590059e+00 -3.665122006473290384e+01
-9.999298126084106286e+00 -4.971184003991655054e+00 6.622834396795992395e-01 -4.971184003991655054e+00 -2.680879231278587227e+01 -8.041442197364574440e-01 6.622834396795992395e-01 -8.041442197364574440e-01 -6.899253345935108861e+00
-2.554054856809333973e+00 -1.172880581431257951e+01 1.391158236266877068e+01 -1.172880581431257951e+01 -5.399800095229841190e+01 1.239156813327257822e+01 1.391158236266877068e+01 1.239156813327257822e+01 -3.242220548250433865e+01
1.337708304541450133e+01 -4.954571064081055631e+00 -6.091209580409394420e+00 -4.954571064081055631e+00 -8.390849222430498244e+00 -8.240671048400818322e+00 -6.091209580409394420e+00 -8.240671048400818322e+00 1.730239269678090608e+01
-2.363169207721715637e+01 6.755022875886382394e+00 5.829341347298051978e+00 6.755022875886382394e+00 -5.780084338226700424e+01 -2.674998691241137649e+00 5.829341347298051978e+00 -2.674998691241137649e+00 -2.534641216889694348e+01
-6.968371676230130873e+00 -2.517675120707519199e+00 9.332363695798020498e-01 -2.517675120707519199e+00 -2.916527942570045084e+01 5.035365261998641984e+00 9.332363695798020498e-01 5.035365261998641984e+00 -3.357964118948609578e+00
-3.936613400145309072e+01 -5.768291404289671576e+00 2.854002913802329733e+00 -5.768291404289671576e+00 -3.041076778832719896e+01 1.289870997432873345e+01 2.854002913802329733e+00 1.289870997432873345e+01 -3.273879531496751127e+01
-1.784349103280351301e+01 2.739791760955733846e+00 1.688796577730382253e+01 2.739791760955733846e+00 -3.755108338850580907e+01 -3.148292823728587875e-01 1.688796577730382253e+01 -3.148292823728587875e-01 -2.298348785367534219e+01
-1.947119222500582936e+01 1.620304892185222911e+01 1.208333183277203737e+01 1.620304892185222911e+01 -4.423213826333316945e+01 2.768080426027726304e+00 1.208333183277203737e+01 2.768080426027726304e+00 -2.541359875573586535e+01
8.888579633625216303e+00 6.351595525900767925e+00 7.038659782957336297e+00 6.351595525900767925e+00 -9.353237041013551689e+00 -2.906820769610864552e+00 7.038659782957336297e+00 -2.906820769610864552e+00 1.425011357001033119e+01
2.811560340177099349e+01 6.287726244409348020e+00 1.252998615092518264e+01 6.287726244409348020e+00 1.614888319396829885e+01 -1.058868951932034186e+01 1.252998615092518264e+01 -1.058868951932034186e+01 3.194568514403588466e+01
6.058621695632719018e+00 -5.961455528306168483e-02 8.946856219449669467e+00 -5.961455528306168483e-02 -4.910412599201895212e+00 1.427669875219670814e+01 8.946856219449669467e+00 1.427669875219670814e+01 7.701034870330142112e+00
-4.149565479548512315e+01 6.402392882765448601e-01 1.424556169354038992e+01 6.402392882765448601e-01 -5.974312633619682344e+01 -8.721548802260450373e+00 1.424556169354038992e+01 -8.721548802260450373e+00 -2.775168151532848526e+01
2.279451476643867025e+01 6.963771102543209857e+00 9.214948578930501455e+00 6.963771102543209857e+00 1.123235643902137681e+01 -9.858004789414309244e+00 9.214948578930501455e+00 -9.858004789414309244e+00 2.842209699899038355e+01
1.741130263344382811e+01 -7.769936109613401420e+00 1.353178895361803580e+00 -7.769936109613401420e+00 -1.657745611077204728e+01 -9.913433897385964810e-01 1.353178895361803580e+00 -9.913433897385964810e-01 -2.180776508114515178e+00
5.201929611836823852e+01 -3.129368630376312410e+00 1.799237427353626728e+01 -3.129368630376312410e+00 1.482825447471848257e+01 -1.503012507747522264e+01 1.799237427353626728e+01 -1.503012507747522264e+01 4.512288067498608513e+01
1.550753064577201812e+01 6.951177140261453502e+00 1.217084792946030269e+01 6.951177140261453502e+00 -1.335598601853201561e+00 4.368346654726684153e-01 1.217084792946030269e+01 4.368346654726684153e-01 2.441582278106555037e+01
-8.162017917681986034e+00 9.352829877010758963e+00 3.688709229985145832e+00 9.352829877010758963e+00 -1.287833588790583050e+01 -1.155652493083042964e+00 3.688709229985145832e+00 -1.155652493083042964e+00 7.385077529888186554e+00
-2.513359648638435218e+01 8.421690200208546528e+00 2.344303485434175016e+01 8.421690200208546528e+00 -2.696469486192495424e+01 -4.120886039949997581e+00 2.344303485434175016e+01 -4.120886039949997581e+00 3.784652229411680224e+00
2.082655534604193193e+01 -2.485093276388219419e+00 6.356074776773711577e+00 -2.485093276388219419e+00 1.645766462334393054e+01 -9.736429000267145639e+00 6.356074776773711577e+00 -9.736429000267145639e+00 2.767769605387830012e+01
-1.477702424370665035e+01 -3.359100574284137775e+00 1.064593206341306342e+01 -3.359100574284137775e+00 2.772530979086725633e+00 5.183663387328039107e+00 1.064593206341306342e+01 5.183663387328039107e+00 3.808192698674572441e+00
-3.191873883584954275e+00 2.371345828639829456e+00 5.446368810497157043e+00 2.371345828639829456e+00 -2.667464967788708208e+01 -8.211553612816123504e+00 5.446368810497157043e+00 -8.211553612816123504e+00 6.450733853769482273e+00
-1.363886198647263726e+01 -3.928578531851453004e+00 9.161784647586724617e+00 -3.928578531851453004e+00 -1.082212050265549408e+01 -1.102808408879180302e+00 9.161784647586724617e+00 -1.102808408879180302e+00 -5.118211276535888921e+00
5.730500281217197234e+00 -3.159639860036538295e-01 1.096204450900283156e+01 -3.159639860036538295e-01 -1.568065774310144356e+01 7.219323799737897840e-01 1.096204450900283156e+01 7.219323799737897840e-01 -8.039717960848310474e-01
-1.626010583840491108e+01 -7.917776643489828459e+00 1.318732660854048255e+01 -7.917776643489828459e+00 -4.320136035142736119e+01 8.944064268444902766e+00 1.318732660854048255e+01 8.944064268444902766e+00 -2.009572030092314421e+01
-2.476146802764119315e+01 -7.440818556178415477e+00 -2.842617270146159392e+00 -7.440818556178415477e+00 -2.393173244498465024e+01 -5.246386291520972911e+00 -2.842617270146159392e+00 -5.246386291520972911e+00 -3.301228824837195930e+01
2.385314470444808066e+01 -1.369900545365675271e+01 3.281199886442144020e+01 -1.369900545365675271e+01 7.695429335747735244e+00 -1.479858931957658941e+00 3.281199886442144020e+01 -1.479858931957658941e+00 1.805456438700242927e+01
-1.272195551918753331e+01 4.392221947033744023e+00 1.409024452012934070e+01 4.392221947033744023e+00 -4.796332008608835906e+01 3.038681784983272127e+00 1.409024452012934070e+01 3.038681784983272127e+00 -3.227744617505574354e+01
1.744747581945639325e+01 6.859861572556298803e+00 7.214066773612863415e+00 6.859861572556298803e+00 -2.594347079684373281e+00 1.868215478506645599e+00 7.214066773612863415e+00 1.868215478506645599e+00 1.006499931333376452e+01
-3.136035606064389825e+01 -9.966003426464626003e+00 8.393307789553801967e+00 -9.966003426464626003e+00 -4.298621298317993933e+01 3.198873490967482969e+00 8.393307789553801967e+00 3.198873490967482969e+00 -5.348380940995081545e+01
-1.027556821606676962e+01 1.624485785217778755e+01 -7.305555834357782885e+00 1.624485785217778755e+01 -1.129270134249452440e+01 -1.106141397456733344e+01 -7.305555834357782885e+00 -1.106141397456733344e+01 -5.888807587218519934e+00
1.194300606381280794e+01 1.340894388965044826e+01 -4.156808445443492261e-01 1.340894388965044826e+01 -3.565446800248546211e+00 -6.093731023963322890e+00 -4.156808445443492261e-01 -6.093731023963322890e+00 2.783299973292134410e+00
1.492354634195878216e+00 -7.306400976254411317e-01 2.338238637912415641e+01 -7.306400976254411317e-01 -3.792141005845081025e+01 5.415231174322450158e+00 2.338238637912415641e+01 5.415231174322450158e+00 2.469058118046669392e+01
-3.962252556849544050e+01 1.595372181695745084e+01 7.046042653994270211e+00 1.595372181695745084e+01 -3.141635893329808837e+01 -5.331072903219926218e+00 7.046042653994270211e+00 -5.331072903219926218e+00 -4.405750577267937729e+01
-5.728555783105909072e+00 1.110326694607886111e+01 6.879381428282741240e+00 1.110326694607886111e+01 -5.131653930075508185e+01 -7.558022359761709552e+00 6.879381428282741240e+00 -7.558022359761709552e+00 1.159348819137646025e+01
2.885563445901222224e+01 1.529441593889691475e+00 9.961039392090587086e+00 1.529441593889691475e+00 3.247852364645733303e+01 8.073370325279631832e-01 9.961039392090587086e+00 8.073370325279631832e-01 2.454136485386226951e+01
-8.327344600544842379e+00 -1.893306266389980230e+00 1.506940527548691477e+01 -1.893306266389980230e+00 -3.278450845315929740e+01 -2.816273716540148797e+00 1.506940527548691477e+01 -2.816273716540148797e+00 1.181206098057287157e+01
-1.333678716057790048e+01 3.438778017430359046e+00 7.223394863359243523e+00 3.438778017430359046e+00 -4.661407039224792470e+01 -2.361389318720628072e+00 7.223394863359243523e+00 -2.361389318720628072e+00 -2.068724427318601755e+01
