1.365793001472316348e+01 7.188993370414082484e+00 -3.495551759649499157e+00 7.188993370414082484e+00 1.501691860175650639e+01 8.808426785973631823e+00 -3.495551759649499157e+00 8.808426785973631823e+00 -4.534145921830394599e+01
4.932677645973721070e+01 1.182570562717984686e+01 1.456137346875682148e+01 1.182570562717984686e+01 2.785149657888689134e+01 -2.182671700427888695e+01 1.456137346875682148e+01 -2.182671700427888695e+01 5.081677555431446613e+00
9.458938444838359771e+00 3.636292606534041738e+00 1.738367608043560830e+00 3.636292606534041738e+00 2.229783416011485997e+01 -7.947766609803481153e+00 1.738367608043560830e+00 -7.947766609803481153e+00 1.118617479603658538e+01
1.407913538066870807e+01 -7.501093927196925470e+00 3.283487151934670667e+00 -7.501093927196925470e+00 -7.885841372840516783e+00 1.349413530455136012e+01 3.283487151934670667e+00 1.349413530455136012e+01 2.615948288189576587e+01
-1.227869398389956324e+01 1.425675260418548440e+01 1.040612788339883643e+01 1.425675260418548440e+01 -9.564884137562792432e+00 2.021016533629818479e+00 1.040612788339883643e+01 2.021016533629818479e+00 -1.882635908184144213e+01
-9.877334520172185606e+00 -9.842844068795891133e+00 -3.199351898749902112e+00 -9.842844068795891133e+00 1.131037296724641372e+01 1.283821039609192560e+01 -3.199351898749902112e+00 1.283821039609192560e+01 -1.525242825640164668e+01
-5.940665362948375217e-01 3.396417078347727880e+00 1.068494489524563384e+01 3.396417078347727880e+00 2.478683239511092040e+01 -7.442814045829679870e+00 1.068494489524563384e+01 -7.442814045829679870e+00 -8.457206387817407744e+00
-3.205443513681785817e+01 -3.063089718271417294e-01 2.829622784468880159e+00 -3.063089718271417294e-01 -2.434542289369269952e+01 1.847297138387829563e+01 2.829622784468880159e+00 1.847297138387829563e+01 -4.798069133511630469e+01
-2.271373979059797321e+01 -1.400537980493394308e+01 7.001755661395355546e+00 -1.400537980493394308e+01 -1.980814542287606983e+01 1.655541696865641654e+01 7.001755661395355546e+00 1.655541696865641654e+01 -4.554114308693288393e+01
1.269730458459370936e+01 -1.974452320402251360e+01 1.307811975944578542e+01 -1.974452320402251360e+01 1.350980085908001449e+01 1.120459633058801963e+01 1.307811975944578542e+01 1.120459633058801963e+01 -3.536430182602634886e+01
3.095283082486189663e+00 1.417460792511868517e+00 -8.535783108306535638e+00 1.417460792511868517e+00 1.056889717595070266e+01 -6.797115428415413163e+00 -8.535783108306535638e+00 -6.797115428415413163e+00 -1.680846910336030220e+01
-2.545123353443627678e+01 1.282929650290502011e+01 7.737807068110114095e+00 1.282929650290502011e+01 -1.849044172974698697e+01 2.491842657337917988e+00 7.737807068110114095e+00 2.491842657337917988e+00 -8.104000444939807313e-01
-2.310708901970538065e+01 -8.058118627901621200e-02 -1.026759343761233678e+00 -8.058118627901621200e-02 -3.076577978069506969e+01 -3.045331075676514399e+00 -1.026759343761233678e+00 -3.045331075676514399e+00 -3.396452170060126718e+01
5.420059566351703495e+01 1.408376030408280855e+01 -8.625869836066534235e-01 1.408376030408280855e+01 5.821383820628114591e+01 -5.304097470702625827e+00 -8.625869836066534235e-01 -5.304097470702625827e+00 3.522053409500371401e+01
-1.154337302412100463e+01 -1.069976726595945493e+01 -3.741890365199121771e+00 -1.069976726595945493e+01 -2.232117015485928135e+01 3.170292446277835463e+00 -3.741890365199121771e+00 3.170292446277835463e+00 -2.634513294277864759e+01
-9.773776381607547137e+00 5.969390923315123665e+00 -6.423066451552607248e+00 5.969390923315123665e+00 -2.804407750487096962e+01 -1.244751445946139690e+01 -6.423066451552607248e+00 -1.244751445946139690e+01 -1.993703542754961688e+01
7.143015590660402481e+00 1.373769375617030608e+00 -9.021470372025779838e+00 1.373769375617030608e+00 3.235637634636290727e+00 6.715591008350812352e+00 -9.021470372025779838e+00 6.715591008350812352e+00 -7.481434597678141785e+00
4.945376330331265535e+01 -7.316535139868256543e+00 2.615013553319290640e+00 -7.316535139868256543e+00 3.561186670723856906e+01 -1.498789721102680439e-01 2.615013553319290640e+00 -1.498789721102680439e-01 2.825722628188677632e+01
-5.463004434705355017e+00 -6.539017298562920244e-01 -2.247215057795761251e+00 -6.539017298562920244e-01 3.207942904883409163e+00 1.627016104867498569e+01 -2.247215057795761251e+00 1.627016104867498569e+01 -1.751593378786944655e+01
6.258646646169104599e+00 5.564152547598366638e-01 -4.760009685109075406e+00 5.564152547598366638e-01 6.652674099640972116e+00 1.370166988585097778e+00 -4.760009685109075406e+00 1.370166988585097778e+00 9.814063578838226221e+00
-2.699256644094998947e+01 9.016071231381204143e+00 -6.911088798639632991e+00 9.016071231381204143e+00 -2.109965997112779235e+01 3.555525202286528685e+00 -6.911088798639632991e+00 3.555525202286528685e+00 -4.842720233903680338e+01
-3.079194516371799750e+01 1.484509047554779748e+01 1.539060347740787726e+01 1.484509047554779748e+01 -1.589411532023301454e+01 -1.747168784580505729e+01 1.539060347740787726e+01 -1.747168784580505729e+01 -3.402543492810210779e+01
-2.489287189873434158e+01 -9.410790671954350373e+00 -1.852633029544047005e+01 -9.410790671954350373e+00 -5.843851859284867167e+00 6.203635112395958551e+00 -1.852633029544047005e+01 6.203635112395958551e+00 -1.779293438242756409e+01
-2.661963908120834077e+01 -1.937592192941335512e+01 4.685009816524648762e+00 -1.937592192941335512e+01 -1.726227151958720185e+01 -3.522470170756570429e+00 4.685009816524648762e+00 -3.522470170756570429e+00 -3.908747922845041955e+01
-5.160485951187751397e+01 -4.059676218439552287e+00 -3.590133554776006264e+00 -4.059676218439552287e+00 -4.209261038602576832e+01 -6.269988919451844112e+00 -3.590133554776006264e+00 -6.269988919451844112e+00 -7.512186067912606902e+00
1.253093050075173487e+01 2.192399067033651860e+01 6.011240137468553124e-01 2.192399067033651860e+01 8.121306801141901843e+00 -9.324093959673797727e+00 6.011240137468553124e-01 -9.324093959673797727e+00 9.683446078112467603e+00
-3.316230158523726601e+01 1.600854892753609482e+00 2.909386450934238866e+00 1.600854892753609482e+00 -2.762356503567718491e+01 7.909796473763758939e+00 2.909386450934238866e+00 7.909796473763758939e+00 -9.528850346045485864e+00
-2.546511907556936904e+01 -1.095030455481249732e+01 1.453343975553861966e+00 -1.095030455481249732e+01 -4.337751598856938529e+01 -1.016616468201746315e+01 1.453343975553861966e+00 -1.016616468201746315e+01 -2.302802605023437010e+01
5.804112550461019282e+01 4.616622313593807370e+00 -6.058701181170472516e+00 4.616622313593807370e+00 4.770876174757995614e+01 -1.205884085564450459e+01 -6.058701181170472516e+00 -1.205884085564450459e+01 2.066000390084851901e+01
-2.206031218642669955e+01 4.217245338976304048e+00 -3.833737891034711076e+00 4.217245338976304048e+00 -9.720561767126225661e+00 -5.723594816525226392e+00 -3.833737891034711076e+00 -5.723594816525226392e+00 -1.459899438322134202e+01
-9.578712829366926584e+00 -1.655516576861677436e+01 4.826487400260642602e+00 -1.655516576861677436e+01 -2.370539595848090997e+01 -2.275713277018859948e+00 4.826487400260642602e+00 -2.275713277018859948e+00 -5.455258241611618075e+01
-1.123112999286142788e+01 1.703584903214697732e+01 2.322845673568694735e+01 1.703584903214697732e+01 1.855590196050054530e+01 1.516898974674786871e+01 2.322845673568694735e+01 1.516898974674786871e+01 -5.312603964273821333e+01
4.667033582310298812e+01 4.063584470552734196e+00 1.625399024834651840e+01 4.063584470552734196e+00 4.878184972642922901e+01 -9.824842465265966052e-01 1.625399024834651840e+01 -9.824842465265966052e-01 1.551993651264154783e+00
-7.634726885893364789e-01 1.288859343241014699e+01 2.156482088820529341e+01 1.288859343241014699e+01 8.744898630475924861e+00 2.079043693336290843e+01 2.156482088820529341e+01 2.079043693336290843e+01 -3.432031156763637370e+01
-3.719214044670385988e+01 1.168402982568743198e+00 1.312366293607764689e+01 1.168402982568743198e+00 -3.911318739588352855e+01 5.083954572972746000e+00 1.312366293607764689e+01 5.083954572972746000e+00 -6.436416991061878434e+01
1.828352947663886141e+01 -2.044920137217393474e+01 5.182147268601033474e+00 -2.044920137217393474e+01 1.283125464264793791e+00 3.933640797508397013e-01 5.182147268601033474e+00 3.933640797508397013e-01 5.054706765735895502e+00
8.458982892811544474e+00 -4.693443048544383878e+00 -2.002683921990037419e+00 -4.693443048544383878e+00 2.935734150857851432e+01 8.461643274720183072e-01 -2.002683921990037419e+00 8.461643274720183072e-01 1.768383680094944310e+01
1.058279953728441747e+01 1.745534743229131891e+01 -3.261139319135313297e+00 1.745534743229131891e+01 2.643908549070488334e+01 1.517662977792099965e-01 -3.261139319135313297e+00 1.517662977792099965e-01 1.206417412572125158e+01
-1.986054569964109362e+01 1.346266304140349490e+01 1.194562978421056165e+01 1.346266304140349490e+01 -2.140831218458366436e+01 -2.065592518506533359e+00 1.194562978421056165e+01 -2.065592518506533359e+00 -4.341651418756493541e+01
5.221666735240196289e+01 2.963946215721328659e-01 -1.839572972904253234e+01 2.963946215721328659e-01 3.803174344136772334e+01 -1.858750456620006020e+01 -1.839572972904253234e+01 -1.858750456620006020e+01 2.676453970647328262e+01
-6.387967499326518350e+01 5.921176821178005589e+00 -4.539442513565485338e-01 5.921176821178005589e+00 -4.678700605014785907e+01 -7.092483981599240650e+00 -4.539442513565485338e-01 -7.092483981599240650e+00 -6.387709529992212509e+01
-3.484972832976522739e+01 1.510334368018385121e+01 -1.101292759900923457e+01 1.510334368018385121e+01 -4.247345381627557259e+01 2.112002601199158391e+01 -1.101292759900923457e+01 2.112002601199158391e+01 -6.360541609511582806e+01
-4.125415874661833726e+01 4.352761693410475807e+00 -7.074792167485990824e+00 4.352761693410475807e+00 -4.710614640309159995e+01 -2.996147976249659894e+00 -7.074792167485990824e+00 -2.996147976249659894e+00 -3.824134278120126851e+01
3.884537320188462672e+01 -4.349951223108421416e+00 -4.202257718713331869e+00 -4.349951223108421416e+00 2.451461404898740426e+01 -1.150249174821498244e+01 -4.202257718713331869e+00 -1.150249174821498244e+01 1.623131456196411193e+01
9.883653382949450616e+00 -2.219694430830730703e+00 -9.825527320742747150e+00 -2.219694430830730703e+00 1.745180714633883667e+01 2.764970183793715730e-01 -9.825527320742747150e+00 2.764970183793715730e-01 -3.151682267459943887e+01
-5.368878941012162009e+00 3.616999448418421803e+00 8.733777785657656501e-02 3.616999448418421803e+00 -2.881953032171071349e+00 -3.289758714317996180e+01 8.733777785657656501e-02 -3.289758714317996180e+01 -2.469254289560960558e+01
2.768703125552984190e+01 -2.510071697179609540e+00 -6.783060294031708182e+00 -2.510071697179609540e+00 4.610930214878514732e+01 -2.642609345978788937e+01 -6.783060294031708182e+00 -2.642609345978788937e+01 -1.015107426475297281e+01
3.850453926767706747e+01 4.533482744784755880e+00 3.573068542555854599e+00 4.533482744784755880e+00 5.100010153163767512e+01 -7.498083398869537675e+00 3.573068542555854599e+00 -7.498083398869537675e+00 3.651676570667105892e+01
-1.852028658931016736e+01 -9.212402421676287645e+00 -2.095888283894824067e+00 -9.212402421676287645e+00 -1.954963792941367373e+01 -3.018991873075642207e+00 -2.095888283894824067e+00 -3.018991873075642207e+00 -5.048222614690707388e+01
-2.666122386731376182e+01 1.814954280599111769e+01 -1.022003392368497465e+01 1.814954280599111769e+01 -2.177824040443484321e+01 -3.738396145664739656e+00 -1.022003392368497465e+01 -3.738396145664739656e+00 -4.920403679826520005e+01
