1.057413751215907105e+01 -8.370473266809630886e+00 9.957460930796255827e-01 -8.370473266809630886e+00 -1.003966383123599293e+01 -5.548224094182654831e+00 9.957460930796255827e-01 -5.548224094182654831e+00 3.096557694930987381e+01
-4.965140480950059221e+00 1.620846633163909445e+01 -9.015440821588160958e+00 1.620846633163909445e+01 3.546259260443260075e+01 2.374505645192581937e+01 -9.015440821588160958e+00 2.374505645192581937e+01 -8.056930791946502524e+00
-3.367411200984641972e+00 -6.302069189482724099e-01 8.572832338010014652e+00 -6.302069189482724099e-01 -2.486133669561655779e+01 -1.551541209435735924e+00 8.572832338010014652e+00 -1.551541209435735924e+00 -2.416282068816249406e+01
2.883070338562476564e+01 -2.289552678858870927e+00 -2.022711125629481543e+01 -2.289552678858870927e+00 -8.872248968138197966e+00 -3.429587296989271561e+00 -2.022711125629481543e+01 -3.429587296989271561e+00 4.616795597645589311e+01
-3.894013517505534594e+00 1.075709339738157766e+01 1.046662796999334155e+01 1.075709339738157766e+01 1.653403799448193379e+00 -6.050541499502941178e+00 1.046662796999334155e+01 -6.050541499502941178e+00 -1.454764388210984194e+00
-1.458662776100326042e+01 4.606393046315927720e+00 9.596146367043129288e+00 4.606393046315927720e+00 -2.602690933386535121e+00 4.888506565438024865e+00 9.596146367043129288e+00 4.888506565438024865e+00 -3.756965607028396903e+01
5.396502501841833777e+01 1.923441146121369072e-01 -5.983768212972627731e-01 1.923441146121369072e-01 2.000641418206522104e+01 5.864457878288550141e+00 -5.983768212972627731e-01 5.864457878288550141e+00 6.878599902831172130e+01
2.778040559328577075e+01 -3.947485579413452239e+00 3.755077761701161587e-01 -3.947485579413452239e+00 1.423706183995772356e+01 7.243768268382222431e+00 3.755077761701161587e-01 7.243768268382222431e+00 8.819996697346459413e+00
3.074473596060191838e+01 -5.419665329191762027e+00 -4.211511441853684756e-01 -5.419665329191762027e+00 1.235626673855920465e+01 -1.319834176852493490e+00 -4.211511441853684756e-01 -1.319834176852493490e+00 4.944841259038738457e+01
1.359711260235473063e+01 -3.018249004925731782e+00 -1.401455842029658250e+01 -3.018249004925731782e+00 3.891419587628435295e+01 -1.404047916950778685e+00 -1.401455842029658250e+01 -1.404047916950778685e+00 -3.139419339141618437e+01
-1.731183329861056563e+01 2.984805971131728963e+00 1.770303702493201792e+00 2.984805971131728963e+00 -1.118546971890840602e+01 4.734597699219782463e+00 1.770303702493201792e+00 4.734597699219782463e+00 -1.044181284763543438e+01
1.047383398804034904e+01 -1.779641822143808128e+01 3.463366028212325087e+00 -1.779641822143808128e+01 1.346112767428346757e+01 -2.111575307599702800e+00 3.463366028212325087e+00 -2.111575307599702800e+00 -4.561082249893298801e+00
5.789799700147467476e+00 -1.078013483888840973e+01 4.165255563618862844e+00 -1.078013483888840973e+01 9.776360568084278668e+00 -1.056130632171671024e+01 4.165255563618862844e+00 -1.056130632171671024e+01 2.557767029556010741e+01
1.985436970412244051e+01 2.402780471507978799e+00 -4.661604962055415413e+00 2.402780471507978799e+00 2.670210984170736168e+01 -1.350905956143295006e+00 -4.661604962055415413e+00 -1.350905956143295006e+00 2.062717684002483054e+01
-1.182235218357433837e+01 -9.563050366622761089e+00 -2.934035856613821824e+00 -9.563050366622761089e+00 2.676875033062320952e+01 -2.172039092445204211e+00 -2.934035856613821824e+00 -2.172039092445204211e+00 -6.646080118937882197e+00
-1.162533634214359957e+01 1.610484454272278043e+01 -2.237698959718724012e+00 1.610484454272278043e+01 3.153761852762332296e+01 -7.594007150610419643e+00 -2.237698959718724012e+00 -7.594007150610419643e+00 -2.390949100466298560e+01
-4.783367042563860139e+00 1.321795825045128048e+00 -8.195309068091000126e-01 1.321795825045128048e+00 -7.835644359176998641e+00 -1.221218460883705115e+00 -8.195309068091000126e-01 -1.221218460883705115e+00 -1.384722797507284220e+01
-2.430649770868994963e+01 5.493642993531389074e-01 1.574157119423762552e+01 5.493642993531389074e-01 2.182392093573575664e+01 5.925267380458253186e+00 1.574157119423762552e+01 5.925267380458253186e+00 1.047179571561183309e+01
-4.603566340855447692e+00 1.634727213469082940e+01 -5.904473982696243350e-01 1.634727213469082940e+01 7.450628699851932879e+00 -5.916568634490845469e+00 -5.904473982696243350e-01 -5.916568634490845469e+00 -1.877887889528436460e+01
-2.843041259768607532e+01 5.364264608469409445e+00 2.638375651195983274e-01 5.364264608469409445e+00 1.637637045346446385e+01 -4.184822229942718685e+00 2.638375651195983274e-01 -4.184822229942718685e+00 -5.521093020677230356e+01
7.314888539367495390e+00 6.971231546289114789e+00 7.003981903194369529e+00 6.971231546289114789e+00 4.031079689332615956e+00 5.456350828862301050e+00 7.003981903194369529e+00 5.456350828862301050e+00 1.317685593411602074e+00
-4.181902191402071622e+01 5.998614233532451046e+00 -5.216468464579445907e+00 5.998614233532451046e+00 -1.853766725935722448e+01 -1.059331729188581095e+00 -5.216468464579445907e+00 -1.059331729188581095e+00 -2.543319418807387677e+01
4.552614278694635885e+01 -4.546499433462366291e+00 1.140026624370568786e+00 -4.546499433462366291e+00 4.327818380875486781e+01 -9.287671218409950802e-01 1.140026624370568786e+00 -9.287671218409950802e-01 3.844816276256607068e+01
2.866465218372031032e+01 -3.707067785474480903e+00 1.058150321921949732e+01 -3.707067785474480903e+00 1.056466403337697813e+01 -7.906484312452525920e+00 1.058150321921949732e+01 -7.906484312452525920e+00 5.922621608752721301e+01
-8.748947844652185779e+00 -5.735452135760201742e-01 -1.425225745915901676e+01 -5.735452135760201742e-01 3.689355884600628688e+00 -2.084338398488248867e+00 -1.425225745915901676e+01 -2.084338398488248867e+00 1.928974509556979200e+01
1.421534344836347863e+01 -2.437809724521745736e+01 -1.053056746129082022e+01 -2.437809724521745736e+01 4.049929473395914670e+01 -3.782434278755184121e+00 -1.053056746129082022e+01 -3.782434278755184121e+00 -2.064344846980488057e+01
1.581385929763088782e+00 -9.384870827911122149e+00 -1.362518537074714375e+00 -9.384870827911122149e+00 -2.635803267814684148e+01 6.891057521359403637e+00 -1.362518537074714375e+00 6.891057521359403637e+00 5.901612451592342268e+00
2.581612895121252027e+00 -9.782016616197585224e-01 5.858126184968038830e-01 -9.782016616197585224e-01 1.955942064143412429e+00 -1.505800668899365258e+00 5.858126184968038830e-01 -1.505800668899365258e+00 1.450042584046725036e+00
2.982663948758733952e+01 -2.430436780136876962e+01 1.633159961343752187e+01 -2.430436780136876962e+01 -5.890654491420787231e+00 -4.409311318666904178e+00 1.633159961343752187e+01 -4.409311318666904178e+00 2.041427279881312273e+01
2.234648683073576336e+01 1.350370212697969308e+01 1.338510233437168395e+01 1.350370212697969308e+01 -6.486805725667640132e+00 1.313225342912264004e+01 1.338510233437168395e+01 1.313225342912264004e+01 3.948867000208763045e+01
4.179802714913381578e+01 -6.787502167115420981e+00 5.610888100470287299e+00 -6.787502167115420981e+00 3.188401314174611656e+01 2.452987262770544241e+00 5.610888100470287299e+00 2.452987262770544241e+00 4.241053860216590721e+01
-1.448405217514260457e+01 8.634277238170127156e-01 1.999649914992360067e+01 8.634277238170127156e-01 -1.254099610475034510e+01 3.002506382024087372e+00 1.999649914992360067e+01 3.002506382024087372e+00 -6.029451099116644741e+01
2.071722648374498377e+01 2.055163965190592634e+00 -2.376486372346129361e+00 2.055163965190592634e+00 1.484912279612541397e+01 -2.844380237044729753e+00 -2.376486372346129361e+00 -2.844380237044729753e+00 1.710195140703899952e+01
-3.400790270711299712e+01 1.407440349024798820e+01 1.938427557483297203e+00 1.407440349024798820e+01 1.383208879220962295e+01 9.583955554353132955e-01 1.938427557483297203e+00 9.583955554353132955e-01 -2.266376520383080972e+01
-2.818550898108801661e+01 3.268030480602339694e+00 9.098511482484942903e+00 3.268030480602339694e+00 2.642182112222832302e+01 -6.140337110142152000e+00 9.098511482484942903e+00 -6.140337110142152000e+00 -5.263708134747405865e+01
2.904008028362641269e+01 -8.282025548938095838e+00 -4.502706572114256289e+00 -8.282025548938095838e+00 3.856640302933874409e+01 2.099886640006177085e+00 -4.502706572114256289e+00 2.099886640006177085e+00 2.710981710009345136e+01
-4.348214770163890464e+00 6.379547860368417478e-01 -1.327518469660527556e+00 6.379547860368417478e-01 -2.152373158011538834e+00 -1.208948747751339647e+00 -1.327518469660527556e+00 -1.208948747751339647e+00 -6.732064155631941382e+00
-1.639373321300720576e+01 -5.999892672426241802e+00 7.983061401244055055e+00 -5.999892672426241802e+00 -4.850641302334982186e+01 4.049353857325634465e+00 7.983061401244055055e+00 4.049353857325634465e+00 -2.115820942115336578e+01
-1.103705987705847136e+01 -1.355680999808546794e+01 1.664564702667976093e+01 -1.355680999808546794e+01 1.512624254512617306e+01 -8.907286223701081695e+00 1.664564702667976093e+01 -8.907286223701081695e+00 -4.619569405101049142e+01
-3.855968055563748464e+01 -1.396416478605385925e-01 -3.731416846446292013e+00 -1.396416478605385925e-01 1.776332871749109898e+01 2.509557992261228221e-01 -3.731416846446292013e+00 2.509557992261228221e-01 -6.452933958631003009e+01
1.060314200306770482e+00 1.010226731481143148e+01 -5.429390484833215291e-01 1.010226731481143148e+01 -4.813578568376922218e-01 -2.731998160139027298e+00 -5.429390484833215291e-01 -2.731998160139027298e+00 1.772399121084451412e+00
-6.740397644251662257e+01 8.841693136942176068e+00 1.326323086811033214e+01 8.841693136942176068e+00 1.635706394244238737e+01 3.215772302952036643e+00 1.326323086811033214e+01 3.215772302952036643e+00 -1.381378161319904763e+01
-1.062940458006851863e+01 2.157521163340163195e+00 2.388324132678983691e+00 2.157521163340163195e+00 2.381660507032129459e+01 -1.643522812734473604e+01 2.388324132678983691e+00 -1.643522812734473604e+01 1.070208614274902992e+01
3.292458792813295787e+01 -6.831878382094098257e+00 7.599515433366290651e+00 -6.831878382094098257e+00 -5.669929158561567206e+00 5.273544877814575038e+00 7.599515433366290651e+00 5.273544877814575038e+00 3.993301283121828504e+01
1.096704997378166846e+00 2.356429802405452278e+01 -1.005444211381722575e+01 2.356429802405452278e+01 1.226862366416949612e+01 -1.302534694917937586e+01 -1.005444211381722575e+01 -1.302534694917937586e+01 -2.821000178878644249e+01
7.433976845178912107e+00 -8.189126593700560619e+00 2.649292705825800009e+00 -8.189126593700560619e+00 1.891469088194236647e+01 1.361606454372275454e+00 2.649292705825800009e+00 1.361606454372275454e+00 1.470975886281406853e+00
-1.637025564634185670e+01 -2.013634196087031114e+01 3.156148654601209635e+00 -2.013634196087031114e+01 1.443006552074305660e+01 7.027012659432567254e+00 3.156148654601209635e+00 7.027012659432567254e+00 -2.373406282891608754e+01
-3.454520311477261885e+01 1.895635018490270385e-01 1.017831570276149122e+01 1.895635018490270385e-01 4.267135656371549013e-01 9.825509444621760125e+00 1.017831570276149122e+01 9.825509444621760125e+00 -1.064398367920967026e+01
-4.937643718437190743e-01 7.185609205710579594e+00 2.974726793234683697e+00 7.185609205710579594e+00 3.827023163835448383e+00 1.651832225547681610e+00 2.974726793234683697e+00 1.651832225547681610e+00 -8.042330962636079050e+00
-3.538116134389126444e+01 1.032640654629504873e+01 2.294891684874375670e+00 1.032640654629504873e+01 -1.924058109683545581e+01 7.367924200729818185e-02 2.294891684874375670e+00 7.367924200729818185e-02 -1.172158139350124273e+01
-1.916196413310864344e+01 1.994769221351497634e+01 5.750658730990658718e+00 1.994769221351497634e+01 2.357605069013504107e+01 1.301455068985239771e+00 5.750658730990658718e+00 1.301455068985239771e+00 -1.855030573133934979e+01
-9.393711979839242332e+00 4.163849198644560268e+00 8.823053847291246754e+00 4.163849198644560268e+00 5.594484003988609011e+00 8.590589848791809757e+00 8.823053847291246754e+00 8.590589848791809757e+00 -2.751880339774232187e+00
-1.466732495600707287e+00 4.048140055050057917e+00 -7.931194462132284961e-01 4.048140055050057917e+00 2.888549985726944769e+01 -1.404991619727624430e+00 -7.931194462132284961e-01 -1.404991619727624430e+00 -2.872174414622044125e+01
-1.158687921527208253e+01 8.198309189895471860e+00 5.242538766081463741e+00 8.198309189895471860e+00 4.835863776701677885e+00 9.306764071088556634e+00 5.242538766081463741e+00 9.306764071088556634e+00 -1.743281562435130638e+01
5.709946797215935455e+00 -2.891159267875066385e-01 9.604649423205740888e+00 -2.891159267875066385e-01 -1.017246397043549955e+01 -2.913506530528039207e+00 9.604649423205740888e+00 -2.913506530528039207e+00 3.741595336251610604e+01
-1.123506525918532839e+00 -9.644592676516435148e+00 -2.549015149506307765e+01 -9.644592676516435148e+00 2.902865411959618669e+01 8.157551253299070382e+00 -2.549015149506307765e+01 8.157551253299070382e+00 -3.390274751443163836e+01
-4.463142326339951893e+01 7.343843839627394843e+00 6.224282936198882732e-01 7.343843839627394843e+00 1.005799593241771639e+01 1.802674683095943031e+00 6.224282936198882732e-01 1.802674683095943031e+00 -6.473592870691523160e+01
1.258769938110119924e+01 -1.456427801013448375e+00 -4.429488742032352100e+00 -1.456427801013448375e+00 -7.755770329264912277e+00 4.081380581064913748e+00 -4.429488742032352100e+00 4.081380581064913748e+00 5.623973632749562412e+00
-5.531044993565209289e+00 -1.579797080477679039e+01 -1.419962050069935167e+01 -1.579797080477679039e+01 -3.351683851099896572e+01 1.201021771011701667e+01 -1.419962050069935167e+01 1.201021771011701667e+01 -1.133063959262834786e+01
-3.777611881172695263e+01 8.801693259206269104e+00 -5.920299830746034608e+00 8.801693259206269104e+00 -2.665055853348186687e+01 2.088245172617945844e+00 -5.920299830746034608e+00 2.088245172617945844e+00 -2.990828539831381505e+01
-3.742760671505946490e+00 -1.044121148248303754e+01 -5.074597255476120949e-01 -1.044121148248303754e+01 4.399762627056745146e+01 5.349897011101551136e+00 -5.074597255476120949e-01 5.349897011101551136e+00 -3.524502193776873327e+01
-5.270525234199873843e+00 -1.117244057950881775e+01 -7.080827219802451999e+00 -1.117244057950881775e+01 5.768191232251754030e+01 -1.966953435126499894e+00 -7.080827219802451999e+00 -1.966953435126499894e+00 -2.236626037092123198e+01
-3.398515007255513143e-01 3.915793568516750423e+00 5.036864202517206124e+00 3.915793568516750423e+00 1.364288536814659736e+01 1.106424402991310174e+00 5.036864202517206124e+00 1.106424402991310174e+00 -1.168157204380490022e+01
-1.457603691888955666e+01 8.410413394100491047e+00 -8.640463328641359908e+00 8.410413394100491047e+00 3.106706069758362787e+01 -4.642553375143338101e+00 -8.640463328641359908e+00 -4.642553375143338101e+00 -4.238575617990956346e+01
4.192012746129878309e+01 9.654994371648539797e+00 2.430971484194401810e+01 9.654994371648539797e+00 4.008116400692219194e+00 -6.184536359444069653e+00 2.430971484194401810e+01 -6.184536359444069653e+00 5.300321903182663164e+01
-4.961692410940886333e+01 -2.081110431663982130e+00 1.011552434522671007e+01 -2.081110431663982130e+00 -9.574210677720377305e+01 1.996040175655996229e+00 1.011552434522671007e+01 1.996040175655996229e+00 -3.337276215155851133e+01
5.200804309388560398e+01 4.046084847931233242e+00 -3.672280346730045331e+00 4.046084847931233242e+00 4.915634931361260840e+01 3.546942971546758638e+00 -3.672280346730045331e+00 3.546942971546758638e+00 6.134044023802712786e+01
-1.544701845680858909e+01 -7.143272002524510000e-01 -2.785301563025730509e+00 -7.143272002524510000e-01 -5.635809433662084444e+01 6.335837355748543676e-01 -2.785301563025730509e+00 6.335837355748543676e-01 -3.592119491425789590e+01
-3.173639187834633901e+01 1.091007890117101198e+01 5.163321775493564303e+00 1.091007890117101198e+01 2.723683468347696035e+01 -3.843922088616758548e-01 5.163321775493564303e+00 -3.843922088616758548e-01 -6.033165951821215600e+01
-2.234980385310299411e+01 6.841593339710062338e+00 -4.318169997293346718e+00 6.841593339710062338e+00 1.211432196610214085e+01 2.161700450428041265e+00 -4.318169997293346718e+00 2.161700450428041265e+00 -4.235023750804199238e+01
-2.775024674176960815e+01 1.867592260456429010e+00 1.090200976639046893e+01 1.867592260456429010e+00 -3.876555355087741361e+01 7.073931923575438319e+00 1.090200976639046893e+01 7.073931923575438319e+00 -1.459875971198460931e+01
2.372233567465287507e+01 6.618689110214591054e+00 5.081714845795721303e+00 6.618689110214591054e+00 1.478392757186118978e+01 -3.994268215623516305e+00 5.081714845795721303e+00 -3.994268215623516305e+00 1.973985843666762108e+01
2.606590582839827519e+01 -1.712210078305279026e+01 -3.004473056583943258e+00 -1.712210078305279026e+01 1.619497872123837467e+01 2.403529233100840212e+00 -3.004473056583943258e+00 2.403529233100840212e+00 2.257115304975318892e+01
6.136335026143254545e+00 -1.717246890571699680e+01 1.664430976512615290e+00 -1.717246890571699680e+01 1.191553701015044275e+01 -8.395932813272162676e+00 1.664430976512615290e+00 -8.395932813272162676e+00 -1.620952290759333181e+01
2.810802841817941555e+01 1.498730608674841980e+00 1.018938631336019585e+00 1.498730608674841980e+00 6.625674903201956845e+00 7.387805538203497058e+00 1.018938631336019585e+00 7.387805538203497058e+00 3.415501309756997728e+01
-5.122171244007905244e+01 2.414736731017102844e+00 7.124011800085245483e+00 2.414736731017102844e+00 2.371319112130916196e+01 3.269780622096445377e+00 7.124011800085245483e+00 3.269780622096445377e+00 -7.976470106924672621e+01
4.580887119097063476e+01 -6.324904566597859379e+00 6.489351628378154047e+00 -6.324904566597859379e+00 -1.383937093514003180e+01 8.722957029820747721e+00 6.489351628378154047e+00 8.722957029820747721e+00 4.560860884413689575e+01
4.857137333257050926e+01 -8.482730096987765478e+00 3.160901470844440730e+00 -8.482730096987765478e+00 5.785802328550797569e+00 -1.436463174771417606e+01 3.160901470844440730e+00 -1.436463174771417606e+01 3.758173596358001589e+01
1.903933725460276349e+01 -1.710014522758364208e+01 1.106314743872872697e+01 -1.710014522758364208e+01 -3.130835412991417144e+01 -1.998359382065044798e+01 1.106314743872872697e+01 -1.998359382065044798e+01 3.075525390094313494e+01
7.084212103091467760e+00 -1.471411387023996431e+00 6.845395768479815679e+00 -1.471411387023996431e+00 2.966263176405949409e+01 9.100972070918366130e-01 6.845395768479815679e+00 9.100972070918366130e-01 -1.907909415799818831e+01
4.204285160843240021e+01 -2.888427774095152945e+00 9.614447147712811059e+00 -2.888427774095152945e+00 2.923205333955234764e+01 -4.692971870774278464e-01 9.614447147712811059e+00 -4.692971870774278464e-01 4.490269443706686303e+01
-3.110256790196138610e+01 1.335199461136946653e+01 -1.335454507775197897e+01 1.335199461136946653e+01 2.942565473709823021e+00 -7.524001503574337058e+00 -1.335454507775197897e+01 -7.524001503574337058e+00 -6.209386893573949351e+01
-1.623652250036884226e+01 -2.247132318575601317e+01 2.965250222526561341e+00 -2.247132318575601317e+01 6.451969825114638013e+00 3.974826516618077843e+00 2.965250222526561341e+00 3.974826516618077843e+00 -2.248072369937783677e+01
-2.076666702599626380e+00 -1.145739286929913980e+01 -4.876394996663501735e-01 -1.145739286929913980e+01 -2.916463485629872210e+01 7.643351402584443122e+00 -4.876394996663501735e-01 7.643351402584443122e+00 6.645427862041115574e+00
-6.085392521742421401e+00 -1.158062676276227165e+01 1.602924502957820252e+01 -1.158062676276227165e+01 4.457166126216220192e+01 3.653663053647843828e+00 1.602924502957820252e+01 3.653663053647843828e+00 -3.148217790960825013e+01
2.721844061243181656e+01 -3.140539779580692414e+00 2.775675141631149589e+00 -3.140539779580692414e+00 1.608409403380451508e+01 2.947967861051081773e+00 2.775675141631149589e+00 2.947967861051081773e+00 2.821300657194183259e+01
-2.017898014094743431e+01 -1.675494953136094978e+00 8.092510797697780589e+00 -1.675494953136094978e+00 3.611678090774805128e+01 -7.397720632102410931e+00 8.092510797697780589e+00 -7.397720632102410931e+00 -3.555785443290779568e+01
-7.701320105830460250e+01 8.995377289937557919e+00 1.300031778692143192e+01 8.995377289937557919e+00 2.118904115138551347e+01 -1.230323105109503068e+01 1.300031778692143192e+01 -1.230323105109503068e+01 -1.888074558205801878e+01
4.061584745097777471e+01 -6.153622754460471356e+00 1.322573309815386722e+01 -6.153622754460471356e+00 -1.002378340561120318e+01 -3.670988877927419569e+00 1.322573309815386722e+01 -3.670988877927419569e+00 2.685764605536899552e+01
5.852156294524663238e+00 3.553177854618879694e-01 -3.505867210044893767e+00 3.553177854618879694e-01 -8.968542265566518124e-01 3.803270003957540446e+00 -3.505867210044893767e+00 3.803270003957540446e+00 1.210180722310949264e+01
-9.655843518593153263e+00 7.171448476530436267e+00 1.506024995352053075e+01 7.171448476530436267e+00 3.141739414276552722e+01 -7.768635226910551417e+00 1.506024995352053075e+01 -7.768635226910551417e+00 -2.126645369592876378e+01
-2.311983208812613100e+01 1.469669386468001626e+01 1.049310935027284586e+01 1.469669386468001626e+01 4.070865776369483058e+01 2.937804147256382503e+00 1.049310935027284586e+01 2.937804147256382503e+00 -4.721118336724196496e+01
1.764665955804300523e+00 5.637203175064326111e+00 -7.968246148491771041e-01 5.637203175064326111e+00 4.361256563594406543e+01 -5.397061811639122908e+00 -7.968246148491771041e-01 -5.397061811639122908e+00 -5.116318623956752987e+01
-3.844733332154070382e+01 -5.123511792747348359e-01 3.175179685279549080e+00 -5.123511792747348359e-01 -7.586251129409092187e+01 -1.509866888132649798e+01 3.175179685279549080e+00 -1.509866888132649798e+01 -4.641233201282792464e+01
-1.328431920511156505e+01 -9.622578708873628983e+00 -1.403384728299331208e+01 -9.622578708873628983e+00 -3.197471241091472294e+01 -1.435243736213932308e+00 -1.403384728299331208e+01 -1.435243736213932308e+00 -2.257990890067045697e+01
3.176365950453861231e+01 1.506843228370430054e+00 4.973039612512931917e+00 1.506843228370430054e+00 -1.988379979208551873e+01 -5.312870856974488021e+00 4.973039612512931917e+00 -5.312870856974488021e+00 2.923637172770076731e+01
-4.498895966007782299e+00 -6.069028269458977221e+00 2.872819006283417576e+00 -6.069028269458977221e+00 1.031960401309641995e+01 9.707213393197855478e-01 2.872819006283417576e+00 9.707213393197855478e-01 -1.032516475639432940e+01
5.695246646041789873e+00 1.691091736210387708e+01 1.101665957378450678e+01 1.691091736210387708e+01 3.448729972577743297e+01 -3.137026334933194160e+00 1.101665957378450678e+01 -3.137026334933194160e+00 -1.016793179149852833e+01
-3.189676272106789767e+01 4.571195314400601895e+00 2.596011228491741374e+00 4.571195314400601895e+00 -3.775554361228483202e+01 -9.973682110312552140e+00 2.596011228491741374e+00 -9.973682110312552140e+00 -2.613615185358356285e+01
-9.797849491350422824e+00 9.058303620263449929e+00 4.503570544664348141e+00 9.058303620263449929e+00 3.839691558040365038e+01 4.909325312041575629e+00 4.503570544664348141e+00 4.909325312041575629e+00 -3.070670290223542054e+01
