2.194585516210855758e+01 4.400731493483296397e+00 -1.077325987373649951e+01 4.400731493483296397e+00 -2.664406491615781469e+00 -1.779918428273083997e-01 -1.077325987373649951e+01 -1.779918428273083997e-01 -1.980339792105838370e+01
-1.455267472993932110e+01 -8.917999768746984302e+00 5.325856222115650240e+00 -8.917999768746984302e+00 -1.158715997324168967e+01 -5.074336105734187363e+00 5.325856222115650240e+00 -5.074336105734187363e+00 -6.393378335832790071e+01
2.653679377286877283e+01 2.943428232600052041e+00 9.868514602228348309e+00 2.943428232600052041e+00 2.322571107341276075e+01 -5.401971884145388536e+00 9.868514602228348309e+00 -5.401971884145388536e+00 -6.689105095915047761e-01
2.319762025614148016e+01 1.293836672516637809e-01 7.768716084757381068e+00 1.293836672516637809e-01 1.085251053363971607e+01 -4.316724026934962488e+00 7.768716084757381068e+00 -4.316724026934962488e+00 -3.738289151069685179e+00
2.713841337663622966e+01 4.726680194692652215e+00 -6.707947083762840990e+00 4.726680194692652215e+00 2.614482417474998854e+01 1.108467375253139409e+01 -6.707947083762840990e+00 1.108467375253139409e+01 -1.296370062153795999e+01
2.468555637841134853e+01 -1.710447234277997097e+01 -7.203649911574016684e+00 -1.710447234277997097e+01 1.081270108673320784e+01 9.337273423349074619e+00 -7.203649911574016684e+00 9.337273423349074619e+00 -3.014596865299918704e+01
6.656503182245759831e+01 -1.173471451739211080e+00 -2.046593010823063441e+00 -1.173471451739211080e+00 6.509179202193338654e+01 -1.850094241617858293e+00 -2.046593010823063441e+00 -1.850094241617858293e+00 7.878469086874969385e+00
8.346290982517027146e+01 1.202977191194623874e+00 -1.106205172077494581e+01 1.202977191194623874e+00 8.114988478618900558e+01 3.461894304151406754e+00 -1.106205172077494581e+01 3.461894304151406754e+00 4.789624271394303179e+01
5.463932661945724334e+01 5.488115263262544730e+00 8.706074595745644018e+00 5.488115263262544730e+00 4.365864530741372107e+01 -8.930269977906712953e+00 8.706074595745644018e+00 -8.930269977906712953e+00 -1.371566486157132170e+00
-1.643670543632694603e+01 -5.212965912332861995e-01 -1.734247015602208108e+01 -5.212965912332861995e-01 -1.193533742591901081e+01 -2.200387465425844624e+00 -1.734247015602208108e+01 -2.200387465425844624e+00 -4.997959816285205648e+01
-1.676060150697181328e+01 -2.062417927429482489e+01 -5.118967669550070099e+00 -2.062417927429482489e+01 -1.106099464778631081e+01 -9.286887776770402780e+00 -5.118967669550070099e+00 -9.286887776770402780e+00 -2.043943788481498203e+01
-1.234154336703125310e+01 -5.024882514528434818e+00 -9.146428910601718698e+00 -5.024882514528434818e+00 -2.660596004694355443e+01 1.321753848053448088e+00 -9.146428910601718698e+00 1.321753848053448088e+00 -3.563639725288258830e+01
3.456482899016817356e+01 8.623119869592482445e+00 -5.395324647937817630e+00 8.623119869592482445e+00 3.229263992410258766e+01 6.096883671149631034e+00 -5.395324647937817630e+00 6.096883671149631034e+00 1.227378246555183772e+01
-5.303359776010153404e+00 -5.148274417076401654e-01 1.199049222979935614e+01 -5.148274417076401654e-01 -6.529747581104438758e+00 -2.148719841308634582e+00 1.199049222979935614e+01 -2.148719841308634582e+00 -3.710070637686595774e+01
5.890478784029252957e+00 1.498279397508179178e+00 2.079501391715246505e+00 1.498279397508179178e+00 -1.248518181750007283e+00 -6.568581643422731986e+00 2.079501391715246505e+00 -6.568581643422731986e+00 -5.906502712010364142e+00
-1.012737617004928836e+01 -1.862184838865922565e+00 2.512873860616437138e+00 -1.862184838865922565e+00 -1.254535017757319437e+01 5.652777037861069331e+00 2.512873860616437138e+00 5.652777037861069331e+00 -5.099704783548575904e+01
1.463380820346199096e+00 2.608970391108070785e+01 2.495345485306112165e-01 2.608970391108070785e+01 -2.210413096990622606e+01 -3.998083009455065451e+00 2.495345485306112165e-01 -3.998083009455065451e+00 -5.490502264076651784e+01
8.877902168498204460e+00 -8.044422774557629552e+00 4.838789324474299214e+00 -8.044422774557629552e+00 3.620795011877589076e+01 -7.638923366781892987e+00 4.838789324474299214e+00 -7.638923366781892987e+00 -2.206264367566627271e+01
-1.364771631321852929e+01 1.619246222177339822e+00 -5.858955178493661542e+00 1.619246222177339822e+00 -1.291879625769146323e+01 -7.089097890134102187e+00 -5.858955178493661542e+00 -7.089097890134102187e+00 -5.510279196678816760e+01
-4.456909579554794476e+01 4.856656548967855258e+00 -7.793513434593353217e+00 4.856656548967855258e+00 -3.959567986708771770e+01 1.919637186994027900e+01 -7.793513434593353217e+00 1.919637186994027900e+01 -4.946721362551389234e+01
3.038732613046799358e+01 1.585943902518798021e+00 -7.792506878737122555e+00 1.585943902518798021e+00 3.214297828574138549e+01 -1.351057309906412707e+00 -7.792506878737122555e+00 -1.351057309906412707e+00 1.921753347554822966e+01
-6.743188795487856879e+00 -8.684441957767370823e+00 -1.295078100273975075e+01 -8.684441957767370823e+00 -2.003284523491118208e+01 6.542004216680782358e-01 -1.295078100273975075e+01 6.542004216680782358e-01 -5.482833663259844315e+01
1.733533806434379798e+01 -1.968135344093172989e+01 1.568175116622797294e+00 -1.968135344093172989e+01 9.458794145372506179e+00 -3.310519927539611551e+00 1.568175116622797294e+00 -3.310519927539611551e+00 -6.545737661793260109e+00
-4.040636940844824920e+01 -7.027947300938169883e-01 -1.443533256535300735e+00 -7.027947300938169883e-01 -4.337307506122559175e+01 6.243741046722773858e-01 -1.443533256535300735e+00 6.243741046722773858e-01 -4.699403426593536182e+01
-3.804649317815955278e+00 1.134175645308727276e+01 -5.871577745219389577e+00 1.134175645308727276e+01 -2.610549723836622960e+01 7.290655359782873823e+00 -5.871577745219389577e+00 7.290655359782873823e+00 -4.579298425516980586e+01
1.512876189537781002e+01 4.576441332931765693e+00 -2.827608729323368486e+00 4.576441332931765693e+00 1.388700743300623408e+01 -8.906046569927637435e+00 -2.827608729323368486e+00 -8.906046569927637435e+00 -6.628247015102219031e+00
-1.534687254796938838e+01 7.940712173216261327e+00 4.434571550303363363e-01 7.940712173216261327e+00 -1.426176202077465049e+01 3.643836437996060607e+00 4.434571550303363363e-01 3.643836437996060607e+00 -5.146907470478575419e+01
-7.815598576027315225e+00 4.026531195199368973e+00 -2.890104064332756906e+00 4.026531195199368973e+00 -3.302093877816210465e+01 1.043804681932375189e+01 -2.890104064332756906e+00 1.043804681932375189e+01 -8.343197264982678973e+01
4.066934879146407411e+01 1.641259307027808489e+01 1.627852097338217519e+01 1.641259307027808489e+01 1.763776648472955344e+01 5.903197456041752389e+00 1.627852097338217519e+01 5.903197456041752389e+00 1.899820224120701795e+01
7.712071646102729439e+00 4.935572084059597353e-01 -6.104668369016352791e+00 4.935572084059597353e-01 -3.868141607457745046e+00 -9.964210277819050887e+00 -6.104668369016352791e+00 -9.964210277819050887e+00 -3.419684408091067240e+01
-1.282487199856855442e+00 -1.047955655364994776e+01 6.044989415482276307e+00 -1.047955655364994776e+01 -6.827497944557605614e+00 -1.384827908901560267e+00 6.044989415482276307e+00 -1.384827908901560267e+00 -3.834457900648825301e+01
5.552408667902341932e+01 -1.861058396709459384e+00 1.024790375697391509e+00 -1.861058396709459384e+00 4.691661928285709138e+01 -1.069420962573380152e+01 1.024790375697391509e+00 -1.069420962573380152e+01 4.976958609633598485e+01
-1.262304034895645621e+01 -3.692784903250556194e+00 -7.790121557921111162e+00 -3.692784903250556194e+00 -3.669152337185133206e+01 1.654069069372365197e+00 -7.790121557921111162e+00 1.654069069372365197e+00 -3.943133540707791695e+01
-2.323627527042755858e+01 2.863935632895085348e+00 -1.359027326581489525e+01 2.863935632895085348e+00 -2.589319109976603883e+01 1.603593815366091135e+00 -1.359027326581489525e+01 1.603593815366091135e+00 -6.702093387335204966e+01
-3.694374173981790932e+01 1.361342582561445091e+01 1.079579178321176158e+01 1.361342582561445091e+01 -1.791583912556206570e+01 1.091110649011352685e+01 1.079579178321176158e+01 1.091110649011352685e+01 -6.779210351649200561e+01
2.097919469997223629e+01 1.401151513525839276e-01 -1.491282367810215170e+01 1.401151513525839276e-01 1.681163199789850538e+01 1.195112435977690568e+00 -1.491282367810215170e+01 1.195112435977690568e+00 1.690345090318421839e+01
3.195397452793564597e+01 1.971557007425759123e+00 -1.515103840410746638e+00 1.971557007425759123e+00 3.071876368331184537e+01 -1.541116326362617528e+00 -1.515103840410746638e+00 -1.541116326362617528e+00 -4.386388424354373150e+00
3.101335938236783818e+01 -5.478841465447681358e-01 9.329539271594480709e+00 -5.478841465447681358e-01 2.153917104010995232e+01 -2.035227084612901471e+00 9.329539271594480709e+00 -2.035227084612901471e+00 -1.330539327439261044e+01
8.572876927069435382e+00 5.241433715102728819e+00 -9.513358698671201541e-01 5.241433715102728819e+00 3.590618404070459846e+00 -1.558021385227198907e+00 -9.513358698671201541e-01 -1.558021385227198907e+00 1.071718501440881077e+01
4.723948783050334299e+01 6.940930670380487832e+00 1.456003236511538823e+01 6.940930670380487832e+00 6.440635182798276048e+01 -3.636428317388904929e+00 1.456003236511538823e+01 -3.636428317388904929e+00 9.010591256878440092e+00
-3.040918564019470693e+01 -1.081060354048518413e+01 -5.522593063414409364e+00 -1.081060354048518413e+01 -1.963350589112498312e+01 3.700836708193135038e+00 -5.522593063414409364e+00 3.700836708193135038e+00 -4.433038961732956551e+01
1.399016042378896962e+01 -8.696789968066855891e+00 -7.675659880990913564e+00 -8.696789968066855891e+00 6.669415176223253638e+00 -1.547772771361272115e+00 -7.675659880990913564e+00 -1.547772771361272115e+00 -1.398070802754140907e+01
1.520534678607927903e+00 -7.567244886253794434e+00 -1.862725138503380951e+00 -7.567244886253794434e+00 -1.324172250434741516e+00 -3.124848020908163271e+00 -1.862725138503380951e+00 -3.124848020908163271e+00 -4.603912543737854435e+01
-4.267946372206554173e+01 7.183071570339921941e+00 3.679457675875999811e+00 7.183071570339921941e+00 -1.903419202467633298e+01 -5.050078583253858611e+00 3.679457675875999811e+00 -5.050078583253858611e+00 -6.402459426322710101e+01
2.443060643738586535e+01 1.005745719250386472e+01 1.354130652861683659e+00 1.005745719250386472e+01 8.573428337662727827e+00 -2.435836298812805445e-01 1.354130652861683659e+00 -2.435836298812805445e-01 3.387279725404492847e+00
1.911591107218743701e+01 -5.275153421645292440e+00 3.749993887453644259e-01 -5.275153421645292440e+00 2.221978053096311001e+01 -1.130832979899738611e+01 3.749993887453644259e-01 -1.130832979899738611e+01 -4.146335914185203819e+01
-1.053129266680000420e+01 -3.178860960909648625e+01 -9.492521030142112792e+00 -3.178860960909648625e+01 -8.522736109838938034e+00 9.097830976614147858e+00 -9.492521030142112792e+00 9.097830976614147858e+00 -6.255811402253230824e+01
4.373735523911290812e+01 -7.503337513769174016e+00 -2.375725562588422601e+00 -7.503337513769174016e+00 2.341560001546693215e+01 -8.604279010854840593e+00 -2.375725562588422601e+00 -8.604279010854840593e+00 3.141799932437729481e+01
4.180334843877232487e+01 -8.689650029210557847e+00 8.347002116575097830e+00 -8.689650029210557847e+00 3.524304115059378972e+01 6.204605047629621062e+00 8.347002116575097830e+00 6.204605047629621062e+00 1.433929811628182094e+01
-2.335065665624589570e+01 -6.556162908719863402e+00 -5.392017142493867432e+00 -6.556162908719863402e+00 -2.956182726531019256e+01 -3.410505762799938889e+00 -5.392017142493867432e+00 -3.410505762799938889e+00 -3.851768320991391192e+01
-1.927261441408728970e+01 -7.575079631593190754e+00 -1.831642786230676734e+01 -7.575079631593190754e+00 -2.053291271875887603e+01 -2.672992138190818934e-01 -1.831642786230676734e+01 -2.672992138190818934e-01 4.594463590140484222e+00
1.010049782167425292e+01 -4.372092887391911376e+00 7.577510405151719475e-01 -4.372092887391911376e+00 -8.106172284275253048e+00 -2.767497056274326628e+00 7.577510405151719475e-01 -2.767497056274326628e+00 -6.864823776282666934e+00
7.990778240547371070e+00 1.500286710060681150e+00 1.171497354389807555e+01 1.500286710060681150e+00 -6.631165642532356408e+00 -1.200123727719192601e+01 1.171497354389807555e+01 -1.200123727719192601e+01 -4.998084726625654639e+01
2.654443326693580829e+01 -5.427215401978999765e+00 -9.596079668650384420e+00 -5.427215401978999765e+00 3.492561450570816106e+01 -6.002433020778882522e+00 -9.596079668650384420e+00 -6.002433020778882522e+00 -2.906708815618155128e+01
2.889973879344069019e+00 3.657386670219937574e+00 6.385333966662034122e+00 3.657386670219937574e+00 -2.967537001358326876e+01 1.828089269848488740e+01 6.385333966662034122e+00 1.828089269848488740e+01 -2.069561859037203888e+01
-1.602201812964448990e+01 6.130766456727764435e+00 -5.736196868866851872e+00 6.130766456727764435e+00 -9.168686673841406787e+00 2.371985149995931241e+00 -5.736196868866851872e+00 2.371985149995931241e+00 -3.784400086569647215e+01
3.957214656670630770e+00 -1.897116309118441313e+00 -5.915831617674590426e+00 -1.897116309118441313e+00 -3.797674105492653052e+00 7.777385891816742003e+00 -5.915831617674590426e+00 7.777385891816742003e+00 -6.177543269101850854e+01
-1.705496711814226174e+01 -2.077827206238405666e-01 -6.175256945726311564e+00 -2.077827206238405666e-01 -3.907614761438927786e+01 1.544406094225341697e+00 -6.175256945726311564e+00 1.544406094225341697e+00 -7.796749425794956778e+00
-2.531335012719770816e+01 -7.929990309985068819e+00 -5.194756716093926197e-02 -7.929990309985068819e+00 -2.312627432849315312e+01 -9.901793229542777963e-01 -5.194756716093926197e-02 -9.901793229542777963e-01 -6.136580124928745761e+01
1.157239169193996053e+00 -7.571708104248564553e+00 2.002477250567993394e+01 -7.571708104248564553e+00 -5.233444129684652779e+00 4.526930898380030932e+00 2.002477250567993394e+01 4.526930898380030932e+00 -3.054868299776853036e+01
8.480860750176890672e-01 -7.663948544059650203e+00 -1.433009732793032853e+01 -7.663948544059650203e+00 -1.012782926474829104e+01 2.481140162352802048e-01 -1.433009732793032853e+01 2.481140162352802048e-01 -1.988641612773404077e+01
4.390405312479854416e+01 3.232770934797514761e-01 -5.671142839225690402e+00 3.232770934797514761e-01 5.695276427811099751e+01 7.517585709200863775e+00 -5.671142839225690402e+00 7.517585709200863775e+00 -5.959025950945084027e+00
3.946757076448754731e+01 3.499722413257795761e+00 -3.126017172595464189e+00 3.499722413257795761e+00 4.292041681880730408e+01 -6.333629253291514161e+00 -3.126017172595464189e+00 -6.333629253291514161e+00 -2.435240183920106816e+01
2.482015383923723562e+01 4.274541878407157824e+00 -5.276740730674851498e+00 4.274541878407157824e+00 2.805913120729330146e+01 -4.902027571001469575e+00 -5.276740730674851498e+00 -4.902027571001469575e+00 -1.075197909461794943e+01
-5.577856577451620446e+00 4.344378850695573835e-01 4.735850914570612247e+00 4.344378850695573835e-01 -5.112610661477850371e+00 1.000881119187611823e+01 4.735850914570612247e+00 1.000881119187611823e+01 -4.369300490900531031e+01
1.987902946921921554e+01 3.201550521130721028e-01 -1.236579603665537697e+01 3.201550521130721028e-01 2.018737835379945977e+01 -9.543424058589042858e+00 -1.236579603665537697e+01 -9.543424058589042858e+00 -2.000777326501593834e+01
-5.991919637371919904e+00 8.961510041481465905e+00 4.068761532232811340e-01 8.961510041481465905e+00 -2.879723202934822268e+01 2.818145340108525687e+00 4.068761532232811340e-01 2.818145340108525687e+00 -5.229505354156830776e+01
-3.380782229394860394e+01 -1.678666104725891373e+01 -1.160922763780314781e+01 -1.678666104725891373e+01 -3.521316269329565074e+01 -1.556633200334137102e-02 -1.160922763780314781e+01 -1.556633200334137102e-02 -4.667301327429369451e+01
3.215036527237973729e+01 -1.136584219986196054e+01 -4.445504878551031602e+00 -1.136584219986196054e+01 4.660522544178089532e+01 2.396559575040123136e+01 -4.445504878551031602e+00 2.396559575040123136e+01 1.063666738453378668e+00
5.351703506009526734e+01 3.888018332271028665e+00 -1.465471978691508692e+00 3.888018332271028665e+00 4.219829098248772681e+01 -6.432715071563030129e+00 -1.465471978691508692e+00 -6.432715071563030129e+00 1.490425470202839442e+01
-7.179326487290221825e-01 2.966036197637178073e+00 3.955111040282692780e+00 2.966036197637178073e+00 -5.339015870809278752e+00 -1.633294058639853219e+01 3.955111040282692780e+00 -1.633294058639853219e+01 -3.935234766842491894e+01
2.255415139853378648e+01 4.469064539017688631e+00 3.734477432838793298e+00 4.469064539017688631e+00 1.079901817632931049e+01 -1.018912554380029967e+01 3.734477432838793298e+00 -1.018912554380029967e+01 -7.239294833320069067e+00
6.812401749913969518e+00 1.500150652031974197e+01 -3.977849974925229848e+00 1.500150652031974197e+01 -1.152983774197149636e+01 4.590726227643441848e-01 -3.977849974925229848e+00 4.590726227643441848e-01 -5.225083074735237254e+00
-1.209659794885631179e+01 1.671577133041977348e+01 -8.947081671162269600e+00 1.671577133041977348e+01 -2.389279095901940764e+01 5.628503437392899933e+00 -8.947081671162269600e+00 5.628503437392899933e+00 -4.973059027820336553e+01
8.304364117823890723e+00 2.597677091765989488e+01 1.004390967361983966e+00 2.597677091765989488e+01 -4.767524027416179422e+00 -9.862505158664294669e+00 1.004390967361983966e+00 -9.862505158664294669e+00 -4.606848761335051279e+01
4.841078035482896524e+01 -1.247407244979818763e+01 4.946729179978677671e+00 -1.247407244979818763e+01 1.749849383947221781e+01 -2.336005023378124434e+00 4.946729179978677671e+00 -2.336005023378124434e+00 -1.304020962775773640e+01
4.746025321732685853e+01 2.020506508927011335e+00 6.880956021661911448e-01 2.020506508927011335e+00 5.243367394473715848e+01 -7.265494176185833375e+00 6.880956021661911448e-01 -7.265494176185833375e+00 4.518622012285379697e+01
4.218087884003708155e+01 6.747896049105889027e+00 1.653724286058513071e+00 6.747896049105889027e+00 3.434930594548900018e+01 2.299517448815180387e+00 1.653724286058513071e+00 2.299517448815180387e+00 -3.623349569706839191e+01
1.354079795026611188e-01 8.789662896707255868e+00 6.051564491084046260e+00 8.789662896707255868e+00 -1.324104348435219691e+01 1.723081684689827497e+01 6.051564491084046260e+00 1.723081684689827497e+01 -5.399085693421639576e+01
-2.719116084052894955e+00 -8.647938416953723006e+00 7.967587919268297458e-01 -8.647938416953723006e+00 5.313808161593773782e+00 2.944307970619756798e+00 7.967587919268297458e-01 2.944307970619756798e+00 -4.438745786430533258e+01
4.768112976910090595e+01 -6.021279252403675564e+00 -2.261374828917037227e+00 -6.021279252403675564e+00 2.938053232681426508e+01 1.162927331687301269e+01 -2.261374828917037227e+00 1.162927331687301269e+01 -3.091698490511796127e+00
3.518579581119561261e+00 -3.602401505091376777e+01 -9.430108654572213922e+00 -3.602401505091376777e+01 5.366553000363325943e+00 1.890429090888255814e+01 -9.430108654572213922e+00 1.890429090888255814e+01 -1.635407765378513290e+01
-2.056237570086047484e+01 1.797486485274966572e+00 -7.831365453867525916e-01 1.797486485274966572e+00 1.285595661346819263e+01 -3.166263292746611313e+01 -7.831365453867525916e-01 -3.166263292746611313e+01 -4.860525309444668096e+01
2.327217531435578834e+01 -2.183900705371486062e+00 2.676360292535350460e+00 -2.183900705371486062e+00 2.190057541372393501e+01 -5.674871707308168034e+00 2.676360292535350460e+00 -5.674871707308168034e+00 1.814383779374830397e+01
1.072718380792491999e+01 6.573680039979548084e+00 -3.751933789615630399e+00 6.573680039979548084e+00 1.202193249099274297e+01 1.545565841821050412e+01 -3.751933789615630399e+00 1.545565841821050412e+01 -2.242666547581443481e+01
2.092972912369200955e+01 -6.205936520331712947e-01 7.547409371933560429e+00 -6.205936520331712947e-01 3.341097749905738112e+01 6.768549353117665035e+00 7.547409371933560429e+00 6.768549353117665035e+00 -2.357557704688188238e+01
-6.967779503672749897e+00 -2.962039194052446422e+00 9.279862865316557574e+00 -2.962039194052446422e+00 -1.979356313650247756e+01 -1.801576805087165667e+01 9.279862865316557574e+00 -1.801576805087165667e+01 -3.620905919204403034e+01
-2.264016773847591679e+01 2.302181179572891923e-01 1.242268525426681514e+01 2.302181179572891923e-01 -1.635125201783798943e+01 1.373365015465015837e+01 1.242268525426681514e+01 1.373365015465015837e+01 -5.484034199177627045e+01
1.094576702994304718e+01 -1.621569471657942429e+01 -6.959558982907886993e+00 -1.621569471657942429e+01 -4.643141428971543583e+00 -4.427230812294807194e+00 -6.959558982907886993e+00 -4.427230812294807194e+00 -2.424164768419924343e+00
2.882856007910667984e+01 6.609711006935164335e+00 -1.898956889993464614e+01 6.609711006935164335e+00 7.127285365481582424e+00 1.171214854534966143e+01 -1.898956889993464614e+01 1.171214854534966143e+01 -2.937338005304721023e+01
3.176210847359630662e+01 -4.266465350467240292e+00 -5.599982504867358379e+00 -4.266465350467240292e+00 3.601703328240117941e+01 -2.074663394663456284e+00 -5.599982504867358379e+00 -2.074663394663456284e+00 5.531502663787376761e+00
1.157973181708068644e+01 1.584950260804979694e+00 7.886447364295972484e+00 1.584950260804979694e+00 8.386098683757280625e+00 -5.383076692017545462e+00 7.886447364295972484e+00 -5.383076692017545462e+00 9.414826182040387792e+00
-9.724091421906996047e+00 -8.767711273067657629e-01 -1.596524407732122786e+00 -8.767711273067657629e-01 -6.257442569466872273e-01 1.822241970068426253e+00 -1.596524407732122786e+00 1.822241970068426253e+00 -2.094992956978530785e+01
-2.627806570441121092e+00 -9.293306365896814469e+00 -1.754455521891026548e-01 -9.293306365896814469e+00 -2.305279383671406990e+01 2.335198154746017662e-01 -1.754455521891026548e-01 2.335198154746017662e-01 -2.356508262148292232e+01
6.899288951300379225e+00 3.662017356245261812e+00 1.212119593429882958e+00 3.662017356245261812e+00 -5.565327610386162860e+00 1.286066791995931657e+00 1.212119593429882958e+00 1.286066791995931657e+00 -4.302324346106419739e+01
-9.723255974186894690e+00 4.093687781693793326e+00 -6.244987744186988543e+00 4.093687781693793326e+00 -1.765924537862323973e+01 -6.308373693206923427e-01 -6.244987744186988543e+00 -6.308373693206923427e-01 -4.407468948374499007e+01
3.066299495783513240e+00 -1.451481346852113496e+00 -1.365530295595029031e+01 -1.451481346852113496e+00 1.460004778792741575e+01 -5.365610754944816208e+00 -1.365530295595029031e+01 -5.365610754944816208e+00 1.255707106257624828e+00
6.524730029082499883e+00 -1.255190343507841533e+01 -8.717901434466668320e+00 -1.255190343507841533e+01 6.752451710141931684e+00 -1.047340065081881821e+00 -8.717901434466668320e+00 -1.047340065081881821e+00 -3.776964721478958786e+00
-1.495362078926291183e+01 -1.323303777149523341e+01 -7.556816233365528213e+00 -1.323303777149523341e+01 -1.484396848259631163e+01 -1.135873979873158968e+00 -7.556816233365528213e+00 -1.135873979873158968e+00 -5.130773357342914665e+01
1.146251535538821109e+01 1.267057504777892873e+01 -1.080190817520951541e+01 1.267057504777892873e+01 1.501436061137463085e+01 9.056113849725899723e-02 -1.080190817520951541e+01 9.056113849725899723e-02 -6.435275220925298356e+01
4.298894684119319187e+00 -4.321586868398885173e+00 3.304437166974281581e+00 -4.321586868398885173e+00 -1.354187863069582853e+01 -2.717699550543563269e+00 3.304437166974281581e+00 -2.717699550543563269e+00 -4.346079495518475255e+01
3.115581711611807236e+01 -7.115777784748301471e+00 2.521394053519989686e+00 -7.115777784748301471e+00 1.384274964691904763e+01 -1.492314683888614901e+01 2.521394053519989686e+00 -1.492314683888614901e+01 -1.691049825449897881e+01
2.486122607838982257e-01 5.938320233978983120e-01 -1.665534589925441367e+01 5.938320233978983120e-01 -1.330190375653319101e+01 7.177528457522915240e+00 -1.665534589925441367e+01 7.177528457522915240e+00 -3.681019668925985400e+01
3.624746798498254208e+01 9.841816220733043963e+00 -1.631431779517297009e+00 9.841816220733043963e+00 2.738513541046313549e+01 8.434230376625057701e+00 -1.631431779517297009e+00 8.434230376625057701e+00 1.452087744319457840e+01
6.902860393168817943e+00 1.120514306648930614e+01 -7.742711092801319417e+00 1.120514306648930614e+01 -1.311301522691103472e+01 1.142661551612452620e+01 -7.742711092801319417e+00 1.142661551612452620e+01 -2.394597746308570052e+01
9.708607481731922562e+00 6.601986959602906602e+00 1.142691361644234505e+01 6.601986959602906602e+00 5.791900504823798812e+00 2.966704692034816473e-02 1.142691361644234505e+01 2.966704692034816473e-02 -2.115337303055332896e+01
4.004898266184149236e+00 7.211423602084269469e+00 -6.309293961597128853e-01 7.211423602084269469e+00 7.827305160486706548e+00 -2.596866411418470744e+00 -6.309293961597128853e-01 -2.596866411418470744e+00 -1.251777294760330861e+01
-5.730973819171523331e+01 -2.155830970439621197e+01 -6.391562308167470619e+00 -2.155830970439621197e+01 -4.350761341079532940e+01 5.930909854091910738e+00 -6.391562308167470619e+00 5.930909854091910738e+00 -7.592394764303294608e+01
-2.126132337882740941e+01 -2.440312244608101722e+01 -1.424315014068399554e+00 -2.440312244608101722e+01 -6.127056599365801937e+00 -3.105359977645870018e+00 -1.424315014068399554e+00 -3.105359977645870018e+00 -4.308641458285742232e+01
2.414710018363306077e+01 1.162981802171490386e+01 -8.961549244925779423e-01 1.162981802171490386e+01 1.623253233846994448e+01 1.687735458988599291e+01 -8.961549244925779423e-01 1.687735458988599291e+01 -1.872605200105426704e+01
3.659685102171604143e+01 -2.977994948004332176e+00 7.942500695765525087e+00 -2.977994948004332176e+00 2.829190361966249156e+01 -4.894579511804857397e+00 7.942500695765525087e+00 -4.894579511804857397e+00 -2.378643683379763019e+01
1.166386895028027837e+01 -1.366011870158356700e+01 4.892200922663741736e+00 -1.366011870158356700e+01 -9.805490007418841358e+00 2.579361618457276517e+00 4.892200922663741736e+00 2.579361618457276517e+00 -3.361694890642002775e+01
1.926096906173753354e+01 1.588115274278162481e+01 5.899226351606985830e+00 1.588115274278162481e+01 -1.050571638368312044e+01 1.384263366160528363e+01 5.899226351606985830e+00 1.384263366160528363e+01 -5.150409177641594738e+01
-1.551322827094643308e+00 -1.347216497774881816e+01 -5.152395856678631425e+00 -1.347216497774881816e+01 -2.986092408656753250e+01 -2.228030808480867009e+01 -5.152395856678631425e+00 -2.228030808480867009e+01 -5.186041299995928000e+01
-1.446175317768603996e+01 2.537862890634252633e+00 2.345847737641663322e+00 2.537862890634252633e+00 -2.582107768006445880e+01 7.459798391859907341e+00 2.345847737641663322e+00 7.459798391859907341e+00 -5.071015379240100174e+01
2.089670080247841000e+01 3.397399631754155713e+00 3.275884812021131243e+00 3.397399631754155713e+00 2.658966343766108764e+01 -4.899688281816876767e+00 3.275884812021131243e+00 -4.899688281816876767e+00 2.599244010739473865e+01
-3.288745249600814446e+01 5.026158927090927264e+00 -9.214056839477558825e+00 5.026158927090927264e+00 -3.651082639786559980e+01 -1.002675704741817242e+01 -9.214056839477558825e+00 -1.002675704741817242e+01 -4.256496133060025500e+01
4.423375968228552324e+01 4.668754259267638318e+00 -5.007489662038830502e+00 4.668754259267638318e+00 2.808205143744554277e+01 -7.683387366464605961e+00 -5.007489662038830502e+00 -7.683387366464605961e+00 -2.038278038829145800e+01
-2.510447647558858009e+01 6.670127349588771182e+00 -9.436026573394563854e+00 6.670127349588771182e+00 -3.040144933297924013e+01 -5.425290763256882975e+00 -9.436026573394563854e+00 -5.425290763256882975e+00 -6.451476754788792789e+01
1.594757934369818386e+00 3.946092269520460771e+00 7.273291907013467394e+00 3.946092269520460771e+00 -2.529763461988886419e+01 7.592543294446333135e+00 7.273291907013467394e+00 7.592543294446333135e+00 -4.620191653742108429e+01
6.519738526198989348e+01 -1.634428682186479520e+00 -1.052429181984113393e+00 -1.634428682186479520e+00 5.875799083658887412e+01 1.427751995782745809e+01 -1.052429181984113393e+00 1.427751995782745809e+01 3.019575441429592644e+01
-1.059552328649415465e+01 -4.581433519161133283e+00 -4.410011356333491506e+00 -4.581433519161133283e+00 -2.726189429354269933e+01 -3.637159995081616692e+00 -4.410011356333491506e+00 -3.637159995081616692e+00 -2.112594717225826102e+01
-5.967912651648892286e+00 1.524591955324116910e+01 -2.227588421158404497e+00 1.524591955324116910e+01 1.196007232610065252e+00 1.271665014575754427e+00 -2.227588421158404497e+00 1.271665014575754427e+00 -3.957218710651394389e+01
5.951673381092490445e+00 -1.141615110509964559e+01 -6.259786073388082350e+00 -1.141615110509964559e+01 -1.246930027480777525e+00 3.653173995817292630e-01 -6.259786073388082350e+00 3.653173995817292630e-01 -2.460063364378991224e+01
3.154860343249529020e+00 8.311045828692982695e+00 2.132995435099751447e+01 8.311045828692982695e+00 -9.793518265533366574e+00 -1.149660717334018578e+01 2.132995435099751447e+01 -1.149660717334018578e+01 -6.552064909490435696e+01
1.809761040107001451e+00 -2.695331958015319884e+00 -2.035520567554413685e+00 -2.695331958015319884e+00 2.227695383874313428e+00 -8.384823393042746265e-01 -2.035520567554413685e+00 -8.384823393042746265e-01 -4.255649215321835044e+01
-7.518392461204789434e+00 -1.334065215768256607e+01 -2.985214369490547082e+00 -1.334065215768256607e+01 -1.401983134655656116e+01 6.725802901151258339e+00 -2.985214369490547082e+00 6.725802901151258339e+00 -4.582402289780424098e+01
-6.641824124463957446e+01 7.213113607489784584e+00 -1.273555396873120671e+01 7.213113607489784584e+00 -5.256876002975798201e+01 -3.965484895063305926e-01 -1.273555396873120671e+01 -3.965484895063305926e-01 -5.729396828685586485e+01
1.943250168721352722e+01 -1.481403704873886973e+01 -1.419345550306590553e+01 -1.481403704873886973e+01 4.283907581461635772e+01 7.673538149668829078e+00 -1.419345550306590553e+01 7.673538149668829078e+00 -3.416223979952020784e+01
3.490496964565900839e+01 5.243327234146320848e+00 1.400237241799944798e-01 5.243327234146320848e+00 1.305412072337425755e+01 -9.699265626441201382e-01 1.400237241799944798e-01 -9.699265626441201382e-01 5.592061591849067703e+00
-4.148980403277536055e+01 -1.245940318069719055e+01 -3.537796928751697045e+00 -1.245940318069719055e+01 -3.258204441512384619e+01 1.813967119266188588e+00 -3.537796928751697045e+00 1.813967119266188588e+00 -3.124802383572068010e+01
3.343652733906632335e+01 -8.610159105316894212e+00 1.698169080414321641e+01 -8.610159105316894212e+00 6.050466083823062746e+01 1.331523574005829325e+01 1.698169080414321641e+01 1.331523574005829325e+01 1.958415076084445516e+01
1.286915263371408180e+01 1.095763188946096101e+01 1.659248050635576632e+01 1.095763188946096101e+01 7.623619143371572981e+00 8.114648536993612993e+00 1.659248050635576632e+01 8.114648536993612993e+00 -3.028211034754969333e+01
-6.025938117021320650e+00 2.024531708875136715e+01 1.951998109230200384e+01 2.024531708875136715e+01 1.039578534492925499e+01 9.603068289849547412e+00 1.951998109230200384e+01 9.603068289849547412e+00 -6.177747053793211762e+01
-3.447926062268353409e+00 -1.387542703834436431e+01 -7.688400024966950408e-01 -1.387542703834436431e+01 -7.952909035012071248e-01 3.370258038306274795e+00 -7.688400024966950408e-01 3.370258038306274795e+00 -6.650881791746932947e+01
4.090504187561863603e+01 -1.096754231215481745e+01 6.105953111899214747e+00 -1.096754231215481745e+01 3.856191613531615303e+01 -7.963132784177001433e+00 6.105953111899214747e+00 -7.963132784177001433e+00 1.020359455941039784e+01
4.658075212993151837e+01 -4.640174064328482784e-01 6.084976753372411951e-01 -4.640174064328482784e-01 4.456897192037143185e+01 -4.437094759058389570e+00 6.084976753372411951e-01 -4.437094759058389570e+00 8.262717543221201666e+00
5.959810527366149024e+00 -2.075917003244735159e+00 -7.449772275558238732e+00 -2.075917003244735159e+00 -2.750011323366181060e+01 -7.638043147175086478e-01 -7.449772275558238732e+00 -7.638043147175086478e-01 -4.717280390030446569e+01
1.856696265576178462e+01 5.903432721331728139e+00 2.998770653378956208e+00 5.903432721331728139e+00 2.485974360448289033e+01 -7.462945389155664522e+00 2.998770653378956208e+00 -7.462945389155664522e+00 -2.663633254119617177e+01
7.370656123569885310e+00 2.527823367309083719e-02 2.061399637082549585e+00 2.527823367309083719e-02 -3.997908672236826888e+00 -6.299244675429174656e+00 2.061399637082549585e+00 -6.299244675429174656e+00 -2.598020426199877875e+01
-3.496218750183576418e+01 8.603595317741914883e+00 -9.873858163779923869e-01 8.603595317741914883e+00 -2.355523035329073167e+01 -5.983314464369571262e+00 -9.873858163779923869e-01 -5.983314464369571262e+00 -8.921333141706298875e+01
-5.736623664144544676e+01 7.361921664536676069e+00 -3.257725640347803875e+00 7.361921664536676069e+00 -3.383973986133710810e+01 -2.235113378922398697e-01 -3.257725640347803875e+00 -2.235113378922398697e-01 -4.139513208269378453e+01
1.904797317248295485e+01 1.719506672791535795e+00 1.578749714322384534e+01 1.719506672791535795e+00 1.329267139237955320e+01 4.204006795388443685e+00 1.578749714322384534e+01 4.204006795388443685e+00 -3.949504072179363590e+01
5.779893764817751745e+00 -6.716294451447589076e+00 1.509422647683649643e+00 -6.716294451447589076e+00 -1.431564013875872565e-01 1.920774802106245716e+01 1.509422647683649643e+00 1.920774802106245716e+01 -3.751360711015126270e+01
4.257738082346033082e+01 -1.656759879706114091e+01 -7.414786962940326243e-01 -1.656759879706114091e+01 3.840256363682318153e+01 1.960194389573620555e+01 -7.414786962940326243e-01 1.960194389573620555e+01 1.505268074855746985e+00
-2.780368349790027782e+00 -6.068841600852818097e+00 -3.016083681285987694e+00 -6.068841600852818097e+00 -1.851812104834651507e+01 8.805541360535134032e+00 -3.016083681285987694e+00 8.805541360535134032e+00 -1.539903737869730982e+01
-2.350714167084926132e+01 7.590135054336773379e+00 7.547777542539235718e+00 7.590135054336773379e+00 -5.025903200774791024e+00 1.558709571805801719e+00 7.547777542539235718e+00 1.558709571805801719e+00 -5.654171523602721550e+01
-1.157050698485120677e+01 9.444018533395977855e+00 -1.160820114234705436e+00 9.444018533395977855e+00 -6.991710072172399038e+00 -3.808040447516369387e+00 -1.160820114234705436e+00 -3.808040447516369387e+00 -6.048530280139464566e+01
3.501535090385322491e+01 4.611669951103373855e+00 -2.426826496753867524e+00 4.611669951103373855e+00 2.653560057593314525e+01 1.149944681055261775e+01 -2.426826496753867524e+00 1.149944681055261775e+01 -1.301825855162002554e+01
-4.635779107426676404e+01 -3.219717114493736432e+00 1.513402124550092154e+00 -3.219717114493736432e+00 -4.184607978096533287e+01 -1.728933875151691879e+01 1.513402124550092154e+00 -1.728933875151691879e+01 -5.971279533910872317e+01
2.429761303997617006e+01 -1.506982363407771253e+01 1.288572573137590105e+01 -1.506982363407771253e+01 3.067721066659449036e+01 3.085600254636485129e+00 1.288572573137590105e+01 3.085600254636485129e+00 -2.361101317578319314e+00
-2.960644866343777437e+01 9.151560847751373018e+00 -1.072279382752654442e+01 9.151560847751373018e+00 -4.040177576613260158e+01 -9.360952297094794261e+00 -1.072279382752654442e+01 -9.360952297094794261e+00 -4.540047664415862982e+01
-1.167031232418860043e+01 7.837982475146503258e-01 3.237950878880080818e+00 7.837982475146503258e-01 -1.752938135007856602e+01 -6.344646784648097615e+00 3.237950878880080818e+00 -6.344646784648097615e+00 -2.025109548892945099e+01
2.527767501538292994e+00 -2.111016920832808808e+01 4.179611912714576327e+00 -2.111016920832808808e+01 1.139473853226820133e+01 -9.453934580547764810e+00 4.179611912714576327e+00 -9.453934580547764810e+00 -8.550526978844567694e+00
3.128156426235479515e+01 3.655715609740599170e+00 2.091999946016369627e+00 3.655715609740599170e+00 2.709873366130494432e+01 7.513054346891356872e+00 2.091999946016369627e+00 7.513054346891356872e+00 -1.305918828852749947e+01
3.295138415059571457e+01 1.007613831439867802e+01 4.233016569222671777e+00 1.007613831439867802e+01 3.707697405321882655e+01 -5.340926811398005292e+00 4.233016569222671777e+00 -5.340926811398005292e+00 -1.230257198310530065e+01
2.864129904291742434e+01 1.514469680997345247e+00 -9.905390740454331322e+00 1.514469680997345247e+00 2.392784765444563888e+01 2.764820961643396746e+00 -9.905390740454331322e+00 2.764820961643396746e+00 -9.635059036907298591e+00
3.649751539224739827e-01 6.803287684690341841e+00 2.938046700945637024e+00 6.803287684690341841e+00 -2.090059823069985256e+01 1.346590184912371058e+01 2.938046700945637024e+00 1.346590184912371058e+01 -6.234480604127499248e+01
-4.656876728533825727e+00 -7.081833287918600561e+00 -1.096003082986675281e+01 -7.081833287918600561e+00 -2.602014309140242077e+01 6.182983059735718712e+00 -1.096003082986675281e+01 6.182983059735718712e+00 -1.503571632029437133e+01
4.263110774211691378e+00 6.108611299374747006e+00 -1.752832105320706546e+00 6.108611299374747006e+00 1.244603228016596930e+01 1.749746246227286695e-01 -1.752832105320706546e+00 1.749746246227286695e-01 -5.185309430571901146e+01
1.291720848119913256e+01 -1.257909968551101620e+01 -9.601185964710587939e+00 -1.257909968551101620e+01 -5.262777105313420023e+00 -1.687549373129963115e+01 -9.601185964710587939e+00 -1.687549373129963115e+01 -3.026332741005386850e+01
-1.902731087056958970e+01 1.919094101429796950e+01 -4.075370270309665699e+01 1.919094101429796950e+01 -3.700735012888129205e+01 -1.578338680010020845e+01 -4.075370270309665699e+01 -1.578338680010020845e+01 -5.263147902602902661e+01
5.920706650814925531e+00 -6.856414866712246869e+00 3.957526393013143906e+00 -6.856414866712246869e+00 3.646464503026424886e+00 -4.494160735887938962e+00 3.957526393013143906e+00 -4.494160735887938962e+00 -3.337317616222988903e+01
4.050035191344297658e+01 -5.813605920401290206e+00 5.122994296693111238e+00 -5.813605920401290206e+00 3.647386630591370960e+01 -2.228027349155134118e+00 5.122994296693111238e+00 -2.228027349155134118e+00 -2.404069187053797663e+01
5.813151318182129046e+01 1.761766482208194518e+01 -1.305552722622280903e+01 1.761766482208194518e+01 4.207282878103363544e+01 -1.746998423858087079e+01 -1.305552722622280903e+01 -1.746998423858087079e+01 4.224318969196825257e+00
1.588860255192094684e+01 -6.982999217370782219e+00 -1.050218633261484236e+01 -6.982999217370782219e+00 2.635630349702014374e+00 2.920025388750776774e+00 -1.050218633261484236e+01 2.920025388750776774e+00 -5.767836421288322413e+01
5.928662375770926474e+01 -1.715650257667553547e+01 1.405569034794639549e+01 -1.715650257667553547e+01 4.783412270208390993e+01 -3.032853202990615671e+01 1.405569034794639549e+01 -3.032853202990615671e+01 1.446071662290793647e+01
-1.015171173347478728e+01 8.782766944463308079e+00 3.610791422868918854e+00 8.782766944463308079e+00 -1.497478473678668465e+01 -3.631329587406862736e+00 3.610791422868918854e+00 -3.631329587406862736e+00 -4.701139592161190706e+01
-2.014752632189949466e+01 -7.536907727020493830e+00 9.630839963338686971e+00 -7.536907727020493830e+00 -7.214601006215254131e+00 -2.084732763214267948e+01 9.630839963338686971e+00 -2.084732763214267948e+01 -5.720012162745059925e+01
-2.111697221525083634e+01 -1.282808097150221016e+01 2.138619978512685194e+01 -1.282808097150221016e+01 -1.649929715353010806e+01 -1.412596515258370289e+01 2.138619978512685194e+01 -1.412596515258370289e+01 -8.201682150539191696e+01
-5.786824470506150675e+00 -1.113789503758899069e-01 -1.348876107556733217e+01 -1.113789503758899069e-01 5.317786801348934667e+00 2.682995239919950237e+01 -1.348876107556733217e+01 2.682995239919950237e+01 -4.136798113893503626e+01
3.793264965887660711e+00 5.066663372678139599e-01 -7.655193025010337493e+00 5.066663372678139599e-01 -6.883452457563763005e+00 -1.091855333781076531e+01 -7.655193025010337493e+00 -1.091855333781076531e+01 -1.886211463619534712e+01
7.358516639522383329e+00 1.153612657325627344e+00 -8.904565063626158405e+00 1.153612657325627344e+00 7.901028090146127170e+00 -1.980887293580654784e+01 -8.904565063626158405e+00 -1.980887293580654784e+01 -2.264626138240977937e+01
6.604583024641414113e+01 2.350347422566823496e+00 -9.736883062834637670e+00 2.350347422566823496e+00 4.800434374829814033e+01 2.553843290162636670e+00 -9.736883062834637670e+00 2.553843290162636670e+00 6.661156618691410181e+00
