3.096793771221576108e+01 -1.830250450137737017e+00 5.951129159720338180e+00 -1.830250450137737017e+00 4.116417272899384727e+01 7.058931934692521892e+00 5.951129159720338180e+00 7.058931934692521892e+00 -8.306552634772395027e-01
-2.301373956897967687e+01 4.176208051089923545e-01 -6.060015560502204579e+00 4.176208051089923545e-01 -5.133673511873551831e+01 -2.318653804609405622e+00 -6.060015560502204579e+00 -2.318653804609405622e+00 -1.756703225748746533e+01
-3.640929019768711861e+00 -1.589438362790825998e+01 3.271083689121311533e+00 -1.589438362790825998e+01 -5.534651836844020778e+01 -7.806610479090009491e+00 3.271083689121311533e+00 -7.806610479090009491e+00 2.435455317161385302e+00
1.852153805842133494e+01 9.366429457228846900e+00 1.022160537733895858e+01 9.366429457228846900e+00 -3.998335448062259445e+01 2.102993219043303696e+01 1.022160537733895858e+01 2.102993219043303696e+01 1.392087745858634129e+01
2.601468469722511045e+01 3.963168926367101719e+00 -3.793909291171526643e+00 3.963168926367101719e+00 2.295450852876219372e+01 -4.925483558912031157e+00 -3.793909291171526643e+00 -4.925483558912031157e+00 1.887443564212289360e+01
-2.877875937375485904e+01 -2.998709094308861900e+00 1.470813504125074012e+01 -2.998709094308861900e+00 -2.355074496532990835e+01 -8.926930999595051874e-01 1.470813504125074012e+01 -8.926930999595051874e-01 -9.739755716894462623e+00
3.768102402234220705e+01 8.408299612600343309e+00 1.228017648575437448e+01 8.408299612600343309e+00 1.435813144486476745e+01 6.185339179364532924e-01 1.228017648575437448e+01 6.185339179364532924e-01 3.038061995054489017e+01
-3.202334003464467571e+01 1.021307833414001820e+01 1.435570813972671900e+01 1.021307833414001820e+01 -1.969290751127394046e+01 -4.481054152728299655e+00 1.435570813972671900e+01 -4.481054152728299655e+00 -2.900412490222071682e+01
3.547548129956722818e+01 1.089083756087378951e+01 5.165013955823107850e+00 1.089083756087378951e+01 1.233819931988679386e+01 1.879499299902028042e+01 5.165013955823107850e+00 1.879499299902028042e+01 5.212187640405678479e+01
1.091854158003834563e+01 5.539993772248398285e-01 -8.048056083432609142e+00 5.539993772248398285e-01 -1.500044426306835632e+01 -1.415843347737187619e-01 -8.048056083432609142e+00 -1.415843347737187619e-01 -5.858220742671496617e-02
-3.151059938552272843e+00 1.166653902544673471e+01 -7.425676842622931595e+00 1.166653902544673471e+01 -1.324370071645702573e+01 2.163544728362120917e-01 -7.425676842622931595e+00 2.163544728362120917e-01 7.339456527024131205e+00
-6.070758157487551543e+00 4.528038097657343108e+00 1.830681985147587509e+00 4.528038097657343108e+00 4.259461853571590240e+00 -7.681579682206800541e+00 1.830681985147587509e+00 -7.681579682206800541e+00 1.329214105509987398e+01
-1.176820049685253888e+00 -1.604089813759887351e+00 8.838424627348478779e+00 -1.604089813759887351e+00 -1.420913568724433240e+01 -1.129473221264398930e+01 8.838424627348478779e+00 -1.129473221264398930e+01 -1.993250974614580784e+01
-2.552392938247726306e+01 3.504582001084163956e+00 6.155854417359109654e+00 3.504582001084163956e+00 -4.087518944901824369e+01 -4.549487682648416964e+00 6.155854417359109654e+00 -4.549487682648416964e+00 -3.307023492423586220e+01
1.205753909747903130e+01 -1.267276228679978445e+01 -9.055560643601348048e+00 -1.267276228679978445e+01 -4.201438531365450046e+01 1.041114526062418122e+01 -9.055560643601348048e+00 1.041114526062418122e+01 7.359092689259304265e+00
1.663145178212710817e+01 3.990000710572906950e+00 3.214714020960371954e+00 3.990000710572906950e+00 1.830448476232569988e+01 -1.990786343625447152e+00 3.214714020960371954e+00 -1.990786343625447152e+00 9.759088200659391532e+00
-3.602813826800454677e+01 3.340995489534060425e+01 -5.088430802312142731e+00 3.340995489534060425e+01 -2.438701540152479907e+01 1.888010717452593745e+00 -5.088430802312142731e+00 1.888010717452593745e+00 -4.364516417631315903e+01
-3.624924943681232747e+00 -2.934194733081615070e+01 -5.523204440269555704e+00 -2.934194733081615070e+01 -3.472652002908181146e+01 -2.675230256808984297e+00 -5.523204440269555704e+00 -2.675230256808984297e+00 2.764607708672256692e+01
-2.911609205687170387e+01 1.265203862526646406e+00 -3.750546439062654613e+00 1.265203862526646406e+00 -2.883015015686474669e+01 1.898592449041281327e+00 -3.750546439062654613e+00 1.898592449041281327e+00 -2.689116878774453312e+01
1.865655724625782597e+01 -3.097386368894774478e+00 -5.091226087027279412e+00 -3.097386368894774478e+00 -3.544320500565966370e+01 8.007272691854351976e+00 -5.091226087027279412e+00 8.007272691854351976e+00 1.060408214585882725e+01
5.159526993430867847e+00 -6.996476222959182145e+00 1.268753403661566637e+00 -6.996476222959182145e+00 -4.963903866184600844e+01 -5.326686251204386657e+00 1.268753403661566637e+00 -5.326686251204386657e+00 3.805683377070975482e+00
-9.051669061693191409e+00 -2.554275140543825273e+01 3.648139044399983710e+00 -2.554275140543825273e+01 1.312248227836715486e+01 -3.710642891816759992e+00 3.648139044399983710e+00 -3.710642891816759992e+00 -2.559196709062624464e+01
5.810208055986427311e+00 -1.070884881539841693e+01 9.410774582980955927e+00 -1.070884881539841693e+01 -2.606510992933620230e+01 2.980637361176245115e+00 9.410774582980955927e+00 2.980637361176245115e+00 1.118175437668968542e+00
4.847091550253554981e-01 1.149686441364472600e+01 -8.349406848863647923e+00 1.149686441364472600e+01 -4.783014024969591560e+01 4.490314617450868795e+00 -8.349406848863647923e+00 4.490314617450868795e+00 -1.475079798740346781e+01
5.814397298884107812e+01 1.949908367113706475e+01 1.014813980806075300e+01 1.949908367113706475e+01 -2.089999236753055811e+01 1.378775212056712607e-01 1.014813980806075300e+01 1.378775212056712607e-01 3.232647687680420034e+01
-3.133716287343955464e+00 1.145550528502190879e+01 -8.442253203758756541e+00 1.145550528502190879e+01 -5.856986024473636832e+01 -1.014353833520813808e+01 -8.442253203758756541e+00 -1.014353833520813808e+01 5.559094085949181085e+00
-6.114194058154389211e+01 -4.436094509900788907e+00 4.864885402468538622e+00 -4.436094509900788907e+00 -8.431335969186153534e+01 8.352500668348268320e+00 4.864885402468538622e+00 8.352500668348268320e+00 -5.541493564638429348e+01
-1.832727329424602658e+01 -3.221367984541638663e+01 -5.831556861246939505e+00 -3.221367984541638663e+01 -6.857825300220559939e+01 -3.916729362189418140e+00 -5.831556861246939505e+00 -3.916729362189418140e+00 -3.576991733487263847e+00
2.994517723215294858e+00 -9.844457701692773677e-01 1.217156947617706564e+01 -9.844457701692773677e-01 2.678715388558048804e+00 5.528969334895784904e+00 1.217156947617706564e+01 5.528969334895784904e+00 -2.110489355809812650e+01
-2.169883181465565158e+01 -1.128076428078267313e+01 -8.095650173784293413e-01 -1.128076428078267313e+01 -5.868846442428171883e+01 -4.538613960067045205e+00 -8.095650173784293413e-01 -4.538613960067045205e+00 -1.046000502143361821e+01
-9.985820444020168551e+00 1.727149594681341682e+01 1.455093057574494253e+01 1.727149594681341682e+01 -2.643606685581038462e+01 3.281673884072077385e+00 1.455093057574494253e+01 3.281673884072077385e+00 1.827052842071088312e+00
-2.302497669324640839e+00 -1.567861316101997815e+01 -1.161398525084929290e+01 -1.567861316101997815e+01 -5.307362074003582819e+01 2.388671639663054336e+01 -1.161398525084929290e+01 2.388671639663054336e+01 2.313246336753787435e+00
9.526309360845006680e+00 -7.773188484212465443e-01 -2.493594786402360430e+00 -7.773188484212465443e-01 -2.671323245898404863e+01 -6.009040764258256395e+00 -2.493594786402360430e+00 -6.009040764258256395e+00 1.138307415261478717e+01
1.393696617257413095e+01 -5.415154300251255215e+00 1.281348835121923457e+01 -5.415154300251255215e+00 -3.669174882042973707e+01 -9.848269549661894828e+00 1.281348835121923457e+01 -9.848269549661894828e+00 6.466958363468151560e+00
3.548330712625690353e+01 -6.761587324099260776e+00 -5.203691907382804183e-02 -6.761587324099260776e+00 -5.585807162326103636e+00 -1.296836976894530480e+01 -5.203691907382804183e-02 -1.296836976894530480e+01 3.366604224180316152e+01
1.030884956221336912e+00 -9.227444260650431218e+00 1.372293352702288916e+00 -9.227444260650431218e+00 -6.421091885647902586e+01 4.135898533059068960e+00 1.372293352702288916e+00 4.135898533059068960e+00 -2.314698759853669685e+01
-1.257198812000199872e+01 -1.659432400893474879e+00 -1.256826475518402875e+00 -1.659432400893474879e+00 -3.219643250974338144e+01 -1.756794429856958217e+00 -1.256826475518402875e+00 -1.756794429856958217e+00 1.592497536377644707e+01
-1.918913234762248621e+01 -1.796624107280650140e+00 9.204737755777834707e+00 -1.796624107280650140e+00 -4.073605680536856966e+01 1.587439841764992421e+00 9.204737755777834707e+00 1.587439841764992421e+00 -1.222208451421964170e+01
1.160717415711700062e-01 4.464424850182226123e+00 3.605039589189986682e-01 4.464424850182226123e+00 -4.629820443349243675e+01 8.652109766437966698e+00 3.605039589189986682e-01 8.652109766437966698e+00 -6.942404583192112177e+00
-5.500397877633384169e+00 1.848828698134413173e+01 -1.143381304882233174e+01 1.848828698134413173e+01 -2.842125942536708649e+01 -3.435575070806385911e-01 -1.143381304882233174e+01 -3.435575070806385911e-01 1.538796696790570184e+00
2.982936579000072186e+01 -9.600332689822817400e+00 -4.912419624286633139e-03 -9.600332689822817400e+00 -2.244208850467351635e+00 -2.637084964526157371e+00 -4.912419624286633139e-03 -2.637084964526157371e+00 3.469105138151501677e+01
6.163768055776558619e+00 2.015575935319695233e+01 1.122046654106527930e+00 2.015575935319695233e+01 -2.645148448132740171e+01 6.228666301820065421e+00 1.122046654106527930e+00 6.228666301820065421e+00 -6.242812958329379214e+00
-4.018878842871009027e+01 -9.011046904572047822e+00 3.043717076550611633e+00 -9.011046904572047822e+00 -2.342768116386360688e+01 -3.735296767120621197e+00 3.043717076550611633e+00 -3.735296767120621197e+00 -3.886070226600767086e+01
2.556582728637881630e+01 -1.862125386397025295e+01 -1.419347306562352973e+00 -1.862125386397025295e+01 6.135478311059499923e+00 1.228830282932068663e+01 -1.419347306562352973e+00 1.228830282932068663e+01 1.255150892618992309e+01
-2.100492315472040161e+01 -8.233908531738466152e+00 3.295860310827011030e+00 -8.233908531738466152e+00 -5.966700418577012499e+01 -7.396077236617790263e+00 3.295860310827011030e+00 -7.396077236617790263e+00 -2.252213747549043532e+01
1.535135283254519578e+01 -3.905755750722081365e-01 -6.804535094031799680e+00 -3.905755750722081365e-01 -1.223079502733416035e+01 1.136048065892915382e+01 -6.804535094031799680e+00 1.136048065892915382e+01 2.861005499671843211e+01
-7.430240492979454991e+00 -3.579203259031593198e+00 -9.193816680481509351e+00 -3.579203259031593198e+00 -7.883182416947929028e+01 4.722073903841339515e+00 -9.193816680481509351e+00 4.722073903841339515e+00 -6.100119452180559065e+00
1.665841037984526096e+01 1.181349715922970489e+01 1.141258403261738552e+00 1.181349715922970489e+01 -5.970785771903488026e+00 8.516339603221714682e+00 1.141258403261738552e+00 8.516339603221714682e+00 1.457098451151444429e+01
-6.419715507155899559e+00 5.417850545349692126e+00 1.405163477771765423e+00 5.417850545349692126e+00 -7.730986459775462549e+01 -8.656319517939127905e+00 1.405163477771765423e+00 -8.656319517939127905e+00 4.129099253457851226e+00
-6.238997193638970096e+00 1.334916067310279608e+01 -7.151163388080382377e-02 1.334916067310279608e+01 -2.718119730774596121e+01 -5.061703945316714526e-01 -7.151163388080382377e-02 -5.061703945316714526e-01 -2.410244974739568846e+01
1.009376316760547354e+01 9.579004400237216998e+00 1.288534010739430802e-01 9.579004400237216998e+00 -3.025241261787154912e+01 -5.322016301353017731e+00 1.288534010739430802e-01 -5.322016301353017731e+00 4.213498385545979552e+00
5.936393058261006672e+01 1.556118076539875084e+01 4.633781902987391454e+00 1.556118076539875084e+01 1.491972688888881926e+01 -4.562606276060543031e+00 4.633781902987391454e+00 -4.562606276060543031e+00 3.891555395014331964e+01
-3.057669615052746437e+01 -2.144132808594032724e+01 9.361934787241381173e+00 -2.144132808594032724e+01 -2.338542947236242497e+01 -4.179623834076818589e+00 9.361934787241381173e+00 -4.179623834076818589e+00 -9.494442622437713197e+00
1.243877269903622684e+00 1.154069822625918285e+01 -7.141675047243650098e+00 1.154069822625918285e+01 -3.902597056314198198e+01 -7.337734203698345503e+00 -7.141675047243650098e+00 -7.337734203698345503e+00 -1.736469825810464229e+01
2.516310443837213029e+01 -9.312088066249462059e+00 7.156295125330161433e+00 -9.312088066249462059e+00 -2.504276101363426932e+01 -1.964222707205678820e+00 7.156295125330161433e+00 -1.964222707205678820e+00 1.187365075229502054e+01
2.510139881716762389e+01 -1.251056252185861695e+01 -4.072268913999735673e+00 -1.251056252185861695e+01 -2.122478496774172285e+01 4.716791664129788231e+00 -4.072268913999735673e+00 4.716791664129788231e+00 2.129584056616063492e+01
4.269633659039441653e+01 1.637840022579254651e+01 -1.732483624280046897e+01 1.637840022579254651e+01 8.561719527700217824e+00 8.912627956508544003e+00 -1.732483624280046897e+01 8.912627956508544003e+00 4.765043048891761401e+01
2.830783105762186835e+00 4.015682389205920799e+00 -1.038424744781192821e+01 4.015682389205920799e+00 9.083780775058377444e+00 1.921219019503497805e+01 -1.038424744781192821e+01 1.921219019503497805e+01 6.944506076420511320e-01
-9.925758285289521865e+00 1.411526162913241123e-01 1.259091192150670047e+01 1.411526162913241123e-01 -9.599063461344590209e+00 -8.251986471861949113e+00 1.259091192150670047e+01 -8.251986471861949113e+00 1.339453777002071000e+01
-1.430486153128741300e+01 -1.319217517446751087e+00 3.110089089183324162e+00 -1.319217517446751087e+00 -4.500988597318363205e+00 8.917154348944777098e+00 3.110089089183324162e+00 8.917154348944777098e+00 -2.949077474423118517e+01
4.489275621114127368e+00 1.206409800469447724e+01 -4.116290390275285205e+00 1.206409800469447724e+01 -2.196163126992978221e+01 1.676290107580554078e+00 -4.116290390275285205e+00 1.676290107580554078e+00 1.837534654699203429e+01
-9.965486678525806497e+00 1.890757904363729480e+01 4.968191770104912308e+00 1.890757904363729480e+01 1.180035344325706115e+00 -6.791212642439169445e-01 4.968191770104912308e+00 -6.791212642439169445e-01 -3.766921006385538107e+01
4.580763015409512207e+01 -3.402933524318658254e+00 -6.855458139367910597e+00 -3.402933524318658254e+00 1.773574481520184420e+01 9.475103056202364371e+00 -6.855458139367910597e+00 9.475103056202364371e+00 3.887323165378516165e+01
-1.817343482825102541e+01 2.337947489524126787e+00 1.540176102753465237e+01 2.337947489524126787e+00 -3.018040145535420749e+01 2.186668967108082740e+01 1.540176102753465237e+01 2.186668967108082740e+01 -2.517371024422313397e+01
2.794843778887737074e+01 6.606014067443234161e+00 -1.262794993874562799e+01 6.606014067443234161e+00 -4.387095162036305673e+00 1.046616365233803059e+01 -1.262794993874562799e+01 1.046616365233803059e+01 3.802086055479548321e+01
-2.581791738476305298e+01 -1.275151621934196378e+01 -2.954869270441580209e-01 -1.275151621934196378e+01 -3.748196756315821432e+01 4.938138331494839939e+00 -2.954869270441580209e-01 4.938138331494839939e+00 -2.737223791113038374e+01
6.695847116444652691e+00 5.877078016526630755e+00 3.475477782071418442e+00 5.877078016526630755e+00 -1.130131076738370943e+01 4.771646798600031936e+00 3.475477782071418442e+00 4.771646798600031936e+00 2.695076231797960276e+01
-9.052562569534311265e+00 -1.586037713497216828e+01 -6.118976201143813132e-01 -1.586037713497216828e+01 -2.506071182529440833e+01 1.469188888075065158e+01 -6.118976201143813132e-01 1.469188888075065158e+01 -7.951248676121281278e+00
1.488529802276578451e+01 4.814240616704001496e+00 1.139487510941571191e+00 4.814240616704001496e+00 3.452024559250959079e-01 5.465008517871238425e+00 1.139487510941571191e+00 5.465008517871238425e+00 -1.726283670674748416e+00
3.531654389292878893e+00 1.085508441528669099e+00 -9.694223333626171835e-01 1.085508441528669099e+00 3.404194835538550290e+00 -5.626121427419601417e+00 -9.694223333626171835e-01 -5.626121427419601417e+00 -3.162133565044259242e+01
-2.325588702685428899e+01 -1.273612555012710423e+01 1.327199769802391849e+01 -1.273612555012710423e+01 -5.208692190785026810e+01 1.414050865744447449e+01 1.327199769802391849e+01 1.414050865744447449e+01 -2.813926043855578030e+01
7.316063887442729730e+00 -1.047618768048559801e+00 1.106952921971780057e+01 -1.047618768048559801e+00 -7.240311536422532868e+01 2.225551107785767613e+01 1.106952921971780057e+01 2.225551107785767613e+01 5.715712149826918775e+00
1.576218681921043085e+01 3.240336871904262450e-01 4.503740374175517758e+00 3.240336871904262450e-01 -5.998841812797237338e+01 -6.890549223392296696e+00 4.503740374175517758e+00 -6.890549223392296696e+00 2.565933280841651509e+00
-1.536288981479727056e+01 2.389432523505487183e+01 -8.289072143102741208e+00 2.389432523505487183e+01 -2.323913781474837137e+01 8.707655442358438691e+00 -8.289072143102741208e+00 8.707655442358438691e+00 -2.910602060200112362e+01
5.291365861812503679e-01 7.776829717069165149e+00 -2.582480424985624801e+00 7.776829717069165149e+00 -5.090224248290508058e+01 1.244414676269947684e+01 -2.582480424985624801e+00 1.244414676269947684e+01 4.318379915402849045e-01
-1.733173686800078883e+01 -2.995986912554763570e+00 1.589221994791852888e+00 -2.995986912554763570e+00 -2.613495517304473026e+01 -1.853680487134960142e+00 1.589221994791852888e+00 -1.853680487134960142e+00 -1.343404148164779599e+01
1.387526037810797064e+01 -7.040571137182083383e+00 7.089345171932665224e+00 -7.040571137182083383e+00 -3.107253399040554598e+01 1.336458979082997445e+01 7.089345171932665224e+00 1.336458979082997445e+01 -2.358459905803485857e+00
1.955203355378676733e+01 1.763599593968864454e+00 2.629313715483132530e-01 1.763599593968864454e+00 -2.712932136264036487e+01 4.781326495499565787e+00 2.629313715483132530e-01 4.781326495499565787e+00 2.052401472714393194e+01
-2.026395829639932256e+00 -9.416215738971037696e-01 8.006779953589974186e-01 -9.416215738971037696e-01 8.354501176745271707e+00 1.086878827348193433e+01 8.006779953589974186e-01 1.086878827348193433e+01 9.742075898795110600e-01
-1.177621067658218301e+01 1.052391673636651070e+01 -1.520442165771675036e+01 1.052391673636651070e+01 -3.277489167673220294e+01 1.141564202753768598e+01 -1.520442165771675036e+01 1.141564202753768598e+01 5.376918905978279817e+00
4.819211284381519356e+00 -1.315765253150113168e+01 -2.153246576576835380e+01 -1.315765253150113168e+01 -4.125445151067005156e+01 2.117115162362969372e+01 -2.153246576576835380e+01 2.117115162362969372e+01 -9.660763579622411168e-01
1.354368142351012594e+01 -2.747926000982257477e+00 2.132500865471180784e+00 -2.747926000982257477e+00 -3.709152553379344397e+01 -2.575327201387336018e+01 2.132500865471180784e+00 -2.575327201387336018e+01 8.789637857165919499e+00
-2.268349272465390420e+00 -8.107203890953224246e+00 -2.624222678923310514e+00 -8.107203890953224246e+00 -4.224837624300335648e+01 3.450743132528324875e+00 -2.624222678923310514e+00 3.450743132528324875e+00 -7.256112528313334309e+00
3.294806242383768957e+00 7.342896297125752092e+00 8.895240890312852144e+00 7.342896297125752092e+00 -1.793522139154583428e+01 7.405656513889860015e+00 8.895240890312852144e+00 7.405656513889860015e+00 -4.023130357188154371e-01
3.329124438919421181e+01 -2.424552507553003977e+01 1.695036428357639124e+01 -2.424552507553003977e+01 -1.238942918755812173e+01 -7.896002235416363035e+00 1.695036428357639124e+01 -7.896002235416363035e+00 1.419172012764765789e+01
3.644691882758328560e+00 8.507627124849650002e+00 1.336489449391801898e+01 8.507627124849650002e+00 -4.367297926204353331e+01 1.216568663266210670e+01 1.336489449391801898e+01 1.216568663266210670e+01 3.724662362882150912e+00
-2.821369175734963264e+01 -5.408960531738912225e-01 -8.220148984409627602e+00 -5.408960531738912225e-01 -6.411168479927147246e+01 1.129060170280873976e+01 -8.220148984409627602e+00 1.129060170280873976e+01 -2.313278575417515270e+01
-2.236937469720994720e+00 1.856239542243260265e+00 -2.540567418666525690e+00 1.856239542243260265e+00 -6.296123088317160388e+00 1.139875718029876950e+01 -2.540567418666525690e+00 1.139875718029876950e+01 -2.417708653921147643e+01
4.029142370370887960e+01 -7.733895875701375822e+00 -2.468610114791855104e+00 -7.733895875701375822e+00 3.673372942627618709e+00 5.354867384023541454e+00 -2.468610114791855104e+00 5.354867384023541454e+00 3.912701107359789177e+01
1.642009562750417118e+01 5.819761469162663126e-01 1.340897133010962960e+01 5.819761469162663126e-01 -3.614469858942857172e+01 1.151026534578219351e+00 1.340897133010962960e+01 1.151026534578219351e+00 5.528759307683544399e+00
4.500316283405283002e+01 2.628742811934495549e+00 -2.175084930910772929e+00 2.628742811934495549e+00 -2.080650193382882041e+00 9.177833097370360349e-01 -2.175084930910772929e+00 9.177833097370360349e-01 4.172612623628730688e+01
-8.049468483636267990e+00 -6.876437250249814781e+00 2.432122071483274528e+00 -6.876437250249814781e+00 -4.462508751832718445e+01 -1.070831057603374781e+01 2.432122071483274528e+00 -1.070831057603374781e+01 -1.691405984544019958e+01
5.229353514410659898e+01 -7.809732885743459363e+00 -6.567499009659610643e+00 -7.809732885743459363e+00 -2.500226945113312027e+01 -1.865172211181405526e+00 -6.567499009659610643e+00 -1.865172211181405526e+00 2.746123764452199723e+01
-2.475480824356542442e+01 -4.274368789194405577e-02 -1.666730170499869246e+01 -4.274368789194405577e-02 -6.257201137128608792e+01 7.242609420365208273e+00 -1.666730170499869246e+01 7.242609420365208273e+00 -2.331632620606192674e+01
-5.357399765861346808e+00 7.396727845801151169e+00 -3.634912796498021681e+00 7.396727845801151169e+00 8.721347602953054334e+00 3.552008509240248468e+00 -3.634912796498021681e+00 3.552008509240248468e+00 -3.195003572985543272e+01
-2.825935402994830170e+01 4.338315546877138829e+00 1.130419840310717916e+01 4.338315546877138829e+00 -3.483203282901690301e+01 4.499610821721842235e-01 1.130419840310717916e+01 4.499610821721842235e-01 -3.625191131475918382e+01
-9.949069303090237071e+00 3.926755444696790054e-01 1.246008560094632855e+01 3.926755444696790054e-01 -3.340940279778373423e+01 3.681094266376526036e+00 1.246008560094632855e+01 3.681094266376526036e+00 -1.907609860742527985e+01
6.629489529629428723e+00 -1.452591191699550421e+00 3.587340871879733939e+00 -1.452591191699550421e+00 -4.906852865987528389e+01 1.310705983326845470e+01 3.587340871879733939e+00 1.310705983326845470e+01 -1.494259162712466005e-01
-1.205703158902236716e+01 4.272706043800872600e+00 -9.622562951505457818e+00 4.272706043800872600e+00 -3.910937683122247677e+01 3.911582508323521168e-01 -9.622562951505457818e+00 3.911582508323521168e-01 -1.230195805168550827e+01
4.405704604876226682e+01 1.938477224343217387e+01 8.238160122962531418e+00 1.938477224343217387e+01 5.062977680251888879e-01 5.968062385429434791e+00 8.238160122962531418e+00 5.968062385429434791e+00 5.336773878714678432e+01
