3.325332889137990122e+01 -8.066320402137016288e+00 -5.769406480382431646e+00 -8.066320402137016288e+00 8.750824663001171899e+00 1.975776507629604106e+00 -5.769406480382431646e+00 1.975776507629604106e+00 -3.411726848360012099e+01
-1.988370972944071013e+01 -5.410586694674715424e+00 -3.361717566966979653e+00 -5.410586694674715424e+00 -3.998721412459553193e+01 7.906552328957859643e+00 -3.361717566966979653e+00 7.906552328957859643e+00 -4.417023026083703741e+01
1.320190304339299914e+01 5.133720639656043971e+00 -1.164817909611737257e+01 5.133720639656043971e+00 2.462137474266750203e+01 1.846118587649626663e+00 -1.164817909611737257e+01 1.846118587649626663e+00 3.291231372839200731e+01
-2.514831082990379230e+01 -3.994710433732731603e-01 -6.143454751148076376e+00 -3.994710433732731603e-01 -2.641183786325059657e+01 -4.793000512102505439e+00 -6.143454751148076376e+00 -4.793000512102505439e+00 1.654211901616193003e+01
1.375606771638368819e+01 -1.728634320668621882e+01 2.696963615726063690e+00 -1.728634320668621882e+01 1.811249107893312527e+01 9.385416745604174826e-01 2.696963615726063690e+00 9.385416745604174826e-01 -1.156325911144348417e+01
2.950523499797231963e+01 -1.106951058070551497e+01 1.104584530685634647e+01 -1.106951058070551497e+01 -1.794605613564741020e+00 1.045847628618587066e+01 1.104584530685634647e+01 1.045847628618587066e+01 -1.897882450722097758e+01
8.554817113894173985e+00 4.928453053031804032e+00 8.025710764875018555e+00 4.928453053031804032e+00 -8.109232447327038074e+00 -2.419110780734256227e+00 8.025710764875018555e+00 -2.419110780734256227e+00 -9.375666805306869023e+00
1.063456577053073993e+01 -6.558254808795960678e+00 -2.179252794004586846e+01 -6.558254808795960678e+00 3.041539066265223745e+00 1.774766618091632830e+00 -2.179252794004586846e+01 1.774766618091632830e+00 -2.149563027426646755e+01
-3.687213903898597778e+01 -6.649058056653778248e-01 7.074829834500949488e+00 -6.649058056653778248e-01 -1.697109503530046126e+01 -2.162167692066896851e+00 7.074829834500949488e+00 -2.162167692066896851e+00 -2.080567067825377148e+00
5.571112481245727110e+01 -1.488856036659699811e+01 4.662429838986022368e+00 -1.488856036659699811e+01 2.228639668653783090e+01 -1.208149255320346782e+01 4.662429838986022368e+00 -1.208149255320346782e+01 4.865045420717322600e+00
-3.420331077020474897e+00 -5.237080703759868783e+00 4.885642272922394724e+00 -5.237080703759868783e+00 3.525568180987263389e+01 7.975781773107200934e+00 4.885642272922394724e+00 7.975781773107200934e+00 -2.578106520848354677e+01
7.223668947691013642e+00 4.477179936171757468e+00 1.798942425640734477e+00 4.477179936171757468e+00 -2.918118505936623563e+01 -1.302103306136456595e+01 1.798942425640734477e+00 -1.302103306136456595e+01 -1.977325052745461775e+01
3.890637432707999466e+01 1.828831762924081561e+00 -5.890945806702623244e+00 1.828831762924081561e+00 4.065744513367781821e+01 7.332751461174717988e+00 -5.890945806702623244e+00 7.332751461174717988e+00 5.181807914395672299e+01
7.350152279096862529e+00 6.784794885764212857e+00 2.462809114609583716e+01 6.784794885764212857e+00 -2.459251066974064148e+00 -1.796662950567248274e+01 2.462809114609583716e+01 -1.796662950567248274e+01 -1.768054907727094260e+01
-2.022817962820659687e+01 7.570469134281107237e+00 -5.466564350813336581e+00 7.570469134281107237e+00 -1.300814504281608830e+00 -1.541110376625694123e+01 -5.466564350813336581e+00 -1.541110376625694123e+01 -1.104009098207999173e+01
-3.675082250724698696e+01 -5.500118194372328517e+00 1.014450965632874707e-01 -5.500118194372328517e+00 -1.994659050724001759e+01 7.950638407100146132e+00 1.014450965632874707e-01 7.950638407100146132e+00 -5.131005162666841102e+01
-2.048883663009801737e+01 -3.707043474792066640e-01 6.932451323022514877e+00 -3.707043474792066640e-01 -1.389728151169623160e+01 3.898830106474169721e+00 6.932451323022514877e+00 3.898830106474169721e+00 -4.923246307260750143e+01
5.104292250034509948e+01 4.386169318712395793e+00 -2.888624495778257195e+00 4.386169318712395793e+00 2.631403433131472269e+01 7.703218427960995207e+00 -2.888624495778257195e+00 7.703218427960995207e+00 2.488080228293781460e+01
5.627348111370706896e+00 -4.745690714498994822e+00 2.234650179840360806e+01 -4.745690714498994822e+00 -1.913639969212244907e+01 -6.846666697407769675e+00 2.234650179840360806e+01 -6.846666697407769675e+00 -3.193834373892439871e+01
7.501934388417677724e+01 2.052663795187360307e+01 1.389022518983872878e+01 2.052663795187360307e+01 7.917479826418842492e+01 -2.813743784322698449e+00 1.389022518983872878e+01 -2.813743784322698449e+00 1.900930002956377152e+01
-6.111933221557944051e+00 1.442948836384624123e+01 -8.900883051332197482e+00 1.442948836384624123e+01 -2.795972764123740717e+01 5.332299578721158895e+00 -8.900883051332197482e+00 5.332299578721158895e+00 -2.817114205034286201e+01
5.452930787475793295e+01 -7.541556091340347656e+00 5.521198578801978840e+00 -7.541556091340347656e+00 3.409167720956294545e+01 -7.831643430523558713e+00 5.521198578801978840e+00 -7.831643430523558713e+00 -1.743857778555207005e+01
1.191212150648896007e+01 5.639810148185135041e+00 9.028447326566425346e+00 5.639810148185135041e+00 -1.498316269509093424e+01 6.812900428133630726e+00 9.028447326566425346e+00 6.812900428133630726e+00 -4.580080067834403224e+01
-1.752552413539041964e+01 -1.229209445195549311e+00 -9.158610278854899533e+00 -1.229209445195549311e+00 -1.354267435613337334e+01 4.429787759541781611e+00 -9.158610278854899533e+00 4.429787759541781611e+00 -1.940314898372642105e+01
4.351845805203464579e+01 7.943607369459769529e+00 -7.870789459314456060e+00 7.943607369459769529e+00 2.821283523282694716e+01 1.076294236354908485e+01 -7.870789459314456060e+00 1.076294236354908485e+01 1.591264780170037874e+01
-5.733882003523645743e+00 -6.131056955780974427e+00 4.191727736137293547e+00 -6.131056955780974427e+00 -8.109974784317328655e+00 1.859312776076032492e+01 4.191727736137293547e+00 1.859312776076032492e+01 8.112918665333765489e+00
-7.734420118121051679e+00 -4.995490774948170731e+00 -9.154232943265601108e+00 -4.995490774948170731e+00 -1.885709192425245817e+01 -5.066875974778223046e+00 -9.154232943265601108e+00 -5.066875974778223046e+00 -5.885306415653635526e+01
-6.412115231749594635e+00 -8.683144790854179007e+00 -7.494974929176689837e-01 -8.683144790854179007e+00 -3.738939828767910001e+01 1.499805968126998401e+01 -7.494974929176689837e-01 1.499805968126998401e+01 -5.289397664609455063e+01
2.345608643282146488e+01 -1.324616282564900338e+01 -2.513234643313868588e+01 -1.324616282564900338e+01 6.567410366140779665e+00 1.015409072605070406e+01 -2.513234643313868588e+01 1.015409072605070406e+01 -3.480636585318117593e-01
-1.757295549550353542e+01 3.603412112598009642e+00 5.405753567100857637e+00 3.603412112598009642e+00 -5.088645462062586233e+01 -2.724510944081300234e+00 5.405753567100857637e+00 -2.724510944081300234e+00 -4.208207089216577401e+01
2.136093256691278697e+01 -8.782488153248337426e+00 5.811221335368945695e+00 -8.782488153248337426e+00 2.440758658975497752e+01 -7.019473764894546441e+00 5.811221335368945695e+00 -7.019473764894546441e+00 -2.632200722700004292e+01
7.455407028291952010e+00 -1.243213590983942796e+00 -1.253958189647072885e+01 -1.243213590983942796e+00 5.097023754322187017e+00 -7.103325642562611009e+00 -1.253958189647072885e+01 -7.103325642562611009e+00 3.280415783993333001e+00
-6.205547056124935779e+01 5.386938873106497105e+00 -1.084003357270687573e+01 5.386938873106497105e+00 -6.122419936230885185e+01 -1.220562172066547824e+01 -1.084003357270687573e+01 -1.220562172066547824e+01 -5.124768493590046603e+01
4.182345317579483890e+01 -1.468105414482022297e+01 -2.168622711903204703e+01 -1.468105414482022297e+01 3.508749873743411740e+01 6.941464562012374273e+00 -2.168622711903204703e+01 6.941464562012374273e+00 1.396051576852170228e+01
-4.828450260081362799e+00 -8.617153852473245834e+00 1.376847316462310644e+01 -8.617153852473245834e+00 -8.853691989275974450e+00 -9.478770966480151827e+00 1.376847316462310644e+01 -9.478770966480151827e+00 2.879974654623756791e+01
4.141731213587574700e+01 2.376192173710468225e+01 -2.225713033072288027e+01 2.376192173710468225e+01 1.872629225876663739e+01 -1.975929588144185090e+01 -2.225713033072288027e+01 -1.975929588144185090e+01 -1.461825699027626868e+01
2.433164892495901910e+01 -8.618578031733000744e-01 3.156763470062864396e+00 -8.618578031733000744e-01 2.692347382333891659e+01 5.840234930236738897e+00 3.156763470062864396e+00 5.840234930236738897e+00 2.828708645326590343e+01
1.992241508123831650e+01 -1.647205676098575156e+00 6.401689080200361204e+00 -1.647205676098575156e+00 6.091930372686240602e+00 4.021114505307804343e+00 6.401689080200361204e+00 4.021114505307804343e+00 1.054165780037710043e+01
4.758003518046276525e+01 4.085006033471737297e+00 -3.113500649848317980e+00 4.085006033471737297e+00 2.845830472397800648e+01 4.280875474270859904e+00 -3.113500649848317980e+00 4.280875474270859904e+00 2.794777377591252687e+01
-2.184211521684554924e+01 -1.027936205831807337e+00 -1.229455415289758591e+01 -1.027936205831807337e+00 -2.470172279647583835e+01 -2.273294125719335668e+01 -1.229455415289758591e+01 -2.273294125719335668e+01 -2.084533080221452650e+01
2.365157671197577116e+01 2.091495034080872895e+00 -1.111410600758339973e+00 2.091495034080872895e+00 3.227037831683274760e+01 2.944160181409404498e+00 -1.111410600758339973e+00 2.944160181409404498e+00 4.662459580104765422e+01
1.639532840250359769e+01 -4.704811110995654744e+00 4.351439384072239291e-01 -4.704811110995654744e+00 -2.166912441871837292e+00 -2.109410234450697175e+01 4.351439384072239291e-01 -2.109410234450697175e+01 -3.833870547509280868e+01
1.404888670042943666e+01 -4.545330865082926941e+00 1.053555440972916646e+00 -4.545330865082926941e+00 8.958422005994933102e+00 -3.125439781129194294e+00 1.053555440972916646e+00 -3.125439781129194294e+00 -8.314323223908549609e-01
2.358631979916372146e+01 -2.961071796424506797e+00 1.066691139334798244e+01 -2.961071796424506797e+00 2.286525249764635603e+01 -5.769059497649303481e+00 1.066691139334798244e+01 -5.769059497649303481e+00 2.861450397855680450e+01
-7.753816691217275014e+00 -1.134902699042961949e+01 -2.130275883270831283e+00 -1.134902699042961949e+01 1.859853228350448306e+00 3.033181893852182398e+01 -2.130275883270831283e+00 3.033181893852182398e+01 -9.136092291608999716e+00
3.535006326050178416e+01 -1.664283730430463137e+01 1.596167104480262999e+00 -1.664283730430463137e+01 -5.080349774630218640e+00 -1.492861228556547815e+01 1.596167104480262999e+00 -1.492861228556547815e+01 -6.175697946853330933e+01
1.793580389401426345e+01 1.018005092704629888e+01 4.266057185038332200e+00 1.018005092704629888e+01 3.099892041705874490e+01 1.035747378885727343e+01 4.266057185038332200e+00 1.035747378885727343e+01 2.751169815961484488e+01
2.165201883874306432e+01 2.570370398760257658e+01 -1.414777886051133571e+01 2.570370398760257658e+01 3.812955122025144306e+01 -1.159786086694784046e+01 -1.414777886051133571e+01 -1.159786086694784046e+01 -2.303119950988172793e+00
-2.288082222116240416e+01 4.634649975678912348e+00 9.796379605964399273e-01 4.634649975678912348e+00 -4.008954292570086864e+01 -2.107363022056904622e+00 9.796379605964399273e-01 -2.107363022056904622e+00 -8.075284563024359841e+01
-9.581920377697459301e-01 -5.467507378889435721e+00 6.727963123957170222e-01 -5.467507378889435721e+00 -2.031333486471145733e+01 1.003660278945441853e+01 6.727963123957170222e-01 1.003660278945441853e+01 4.253056550278377479e+00
