4.771002946283036295e+01 3.826066841075665970e+00 2.797101604459625079e+00 3.826066841075665970e+00 5.784720146441567579e+01 1.585192214698351876e+01 2.797101604459625079e+00 1.585192214698351876e+01 -1.073803278830941998e+01
-2.021055390169256682e+01 -1.335286272782411299e+00 -9.967920683461480635e+00 -1.335286272782411299e+00 -4.639036175468453038e+00 3.861536142378770631e+00 -9.967920683461480635e+00 3.861536142378770631e+00 -4.937218440866326574e+01
6.636229294928602940e+01 1.845189948407397473e+00 1.558609722069508940e+01 1.845189948407397473e+00 6.831258947501508771e+01 2.280738521440589750e+00 1.558609722069508940e+01 2.280738521440589750e+00 9.998237051379359031e+00
1.509641043413681771e+01 -1.682358623809641429e+01 -1.013668966302816887e+00 -1.682358623809641429e+01 3.814403207108515659e+01 -5.369112331610712552e+00 -1.013668966302816887e+00 -5.369112331610712552e+00 -1.405702412163178394e+01
-2.403378486113112000e+00 -1.058011909911784265e+01 -1.865704891848174540e+01 -1.058011909911784265e+01 1.069458199554466304e+01 -7.780684993512721803e+00 -1.865704891848174540e+01 -7.780684993512721803e+00 -2.592643942801532120e+01
4.860449835621723480e+01 -2.445447150487802368e+00 -9.062439508331795679e+00 -2.445447150487802368e+00 4.238932021359052982e+01 2.704861994426812188e+00 -9.062439508331795679e+00 2.704861994426812188e+00 -9.943432084094776968e+00
3.546193067075823535e+01 1.444773295611687836e+01 -1.475327050647572769e+01 1.444773295611687836e+01 1.082587462789240362e+01 2.255561001780702846e+00 -1.475327050647572769e+01 2.255561001780702846e+00 1.416902229069508401e+01
-2.679638556332359034e+00 -1.231720147063590076e+01 1.102006371333372847e+01 -1.231720147063590076e+01 -9.885761213743389675e+00 -7.778548028540852144e+00 1.102006371333372847e+01 -7.778548028540852144e+00 -5.738814727547190131e+01
1.255612130314670161e+01 -1.211106218381955379e+01 -1.085624825539193417e+01 -1.211106218381955379e+01 4.530425868399214018e+00 -4.428499398756905236e+00 -1.085624825539193417e+01 -4.428499398756905236e+00 -1.299928270110899220e+01
-3.289762939671255992e+01 -1.907038156162493614e+00 1.055728569093869318e+01 -1.907038156162493614e+00 -2.035406390443830205e+01 5.401432394081378874e+00 1.055728569093869318e+01 5.401432394081378874e+00 -4.269661539122028415e+01
2.763839231901464188e+01 -2.404222252347402389e+01 7.170776830847208849e+00 -2.404222252347402389e+01 1.897971213560262171e+01 -1.203503812226003333e+01 7.170776830847208849e+00 -1.203503812226003333e+01 -2.181503286533329700e+01
-3.604889635015677829e-01 -8.673068426057930935e+00 3.175994409445523470e+00 -8.673068426057930935e+00 1.320242344047173111e+00 -3.921604832511809580e+00 3.175994409445523470e+00 -3.921604832511809580e+00 -2.015507363244297423e+01
2.696399611525116313e+00 -2.068373451053100720e-01 3.088913935953049617e+01 -2.068373451053100720e-01 1.575544082433550130e+01 7.509594580623873306e+00 3.088913935953049617e+01 7.509594580623873306e+00 -2.032595901805016680e+01
-1.453247014816084004e+01 -9.521582770936703355e+00 -8.409716115377642964e+00 -9.521582770936703355e+00 -2.355257262041623889e+00 -3.109080866300073964e+00 -8.409716115377642964e+00 -3.109080866300073964e+00 -4.033037345310241051e+01
2.207673004699623931e+01 -9.763151503349572380e+00 4.670228684432290223e+00 -9.763151503349572380e+00 5.095824397304212994e+01 1.011018982401569666e+01 4.670228684432290223e+00 1.011018982401569666e+01 4.565397759629017571e+01
6.633174760347027465e+00 1.116679395192872271e+01 -4.641762835100241347e+00 1.116679395192872271e+01 1.308140995462700573e+01 1.094389097712476833e+01 -4.641762835100241347e+00 1.094389097712476833e+01 -8.606125695041665580e+00
4.879481779006564324e+01 -2.646624045354522536e+01 1.603937261434197481e+01 -2.646624045354522536e+01 3.710643990882277876e+01 -1.175899176892427178e+01 1.603937261434197481e+01 -1.175899176892427178e+01 -2.857172061976427813e+00
-5.791719428606862508e+00 -8.311874551494110586e-01 3.523026670786133518e+00 -8.311874551494110586e-01 6.567614495878456360e+00 -6.825866501142169973e+00 3.523026670786133518e+00 -6.825866501142169973e+00 -3.220696351141351244e+01
-6.557288252828904485e-01 -1.253998688126914285e+00 -6.986671970578125723e+00 -1.253998688126914285e+00 -1.786489363334894165e+01 3.941817875151110595e+00 -6.986671970578125723e+00 3.941817875151110595e+00 -6.327155652610471748e+01
2.157458253333330234e+01 2.603975017603832143e+01 -6.415758196544586234e+00 2.603975017603832143e+01 2.635075363250793501e+01 -3.992191866544495760e+00 -6.415758196544586234e+00 -3.992191866544495760e+00 -4.017555399147904716e+00
-4.144166829477872938e+01 -8.856969662899919271e+00 -5.183127955342516913e-01 -8.856969662899919271e+00 -3.280663780184595879e+01 -1.730986869672220818e+00 -5.183127955342516913e-01 -1.730986869672220818e+00 -4.456282391939362952e+01
3.905493331757939757e+01 5.603679146824151580e+00 7.968778824072945355e+00 5.603679146824151580e+00 2.313728526888888837e+01 1.289047564709367855e+01 7.968778824072945355e+00 1.289047564709367855e+01 3.628903331103742147e+01
-9.593320897219410615e-01 3.408330245410841730e+00 -1.564888484890847087e+00 3.408330245410841730e+00 -1.974646633602349866e+01 -1.053687827469286553e+01 -1.564888484890847087e+00 -1.053687827469286553e+01 -9.143682350392003499e+00
3.844641162939335999e+01 -1.169574482624566869e+01 -1.367613925407602160e+01 -1.169574482624566869e+01 3.278062607069011847e+01 1.467899089274874239e-02 -1.367613925407602160e+01 1.467899089274874239e-02 1.352232895819982961e+00
8.106024065399759948e+00 1.482025954537104617e+00 1.461190020180920790e+01 1.482025954537104617e+00 -2.387361121033902123e+01 -7.568764191487050708e-01 1.461190020180920790e+01 -7.568764191487050708e-01 -4.708829039693384999e+01
2.211441095295622716e+01 2.948596772704497604e-01 4.509070612309735715e+00 2.948596772704497604e-01 1.949996830798968261e+01 4.470712773239513993e+00 4.509070612309735715e+00 4.470712773239513993e+00 7.051105991563333397e+00
-2.673654956064226695e+01 -1.215815722173669222e+01 6.743428735077646508e+00 -1.215815722173669222e+01 -1.733655884941997982e+01 4.298642336369600692e+00 6.743428735077646508e+00 4.298642336369600692e+00 -5.449124454383389349e+01
2.665714076316775660e+01 1.971126123641693484e+00 -4.623900468063941283e+00 1.971126123641693484e+00 -2.137206806671690629e+01 5.234141327554921119e+00 -4.623900468063941283e+00 5.234141327554921119e+00 -6.496986749076124568e+01
-6.723472185718894600e+00 -1.925282924396906381e+01 -1.336520437323239818e+01 -1.925282924396906381e+01 9.124402244117369776e+00 1.047177965898002050e+01 -1.336520437323239818e+01 1.047177965898002050e+01 -1.646355974965216973e+01
-2.875687326296262469e+01 -8.234606092864812155e+00 -2.030727004784117184e+01 -8.234606092864812155e+00 -3.639095523432195733e+01 -3.931434441943237879e+00 -2.030727004784117184e+01 -3.931434441943237879e+00 -4.753118215508589373e+01
-1.074459239005478217e+01 -1.448329810428038833e+01 5.322887531480446910e+00 -1.448329810428038833e+01 6.031834253571581428e+00 -1.622781665017880792e+00 5.322887531480446910e+00 -1.622781665017880792e+00 1.556510247369415012e+01
-1.957099594979911927e+01 6.661517473666388689e+00 1.157481827356335558e+01 6.661517473666388689e+00 -4.358158092324901389e+01 -3.232560076775319313e+00 1.157481827356335558e+01 -3.232560076775319313e+00 -8.394699071505012000e+01
-3.490343818063978887e+01 -9.396183952382193283e+00 -6.148462783059420289e+00 -9.396183952382193283e+00 -1.747442770610064144e+00 -5.238336015772781629e+00 -6.148462783059420289e+00 -5.238336015772781629e+00 -3.757057989037004830e+01
-1.464115695180441890e+01 -3.667338477026433452e+00 6.866679548348946227e+00 -3.667338477026433452e+00 -2.032312891924005438e+00 -3.336992666301452637e+00 6.866679548348946227e+00 -3.336992666301452637e+00 -3.548864716064356628e+01
-4.326463651038245040e+00 1.361940968395866491e+01 3.709201792582635271e+00 1.361940968395866491e+01 -7.384985835622063455e+00 -1.278523265674374443e+01 3.709201792582635271e+00 -1.278523265674374443e+01 -5.106872075712504255e+01
-2.063524543939889355e+01 4.870543955574222039e+00 -2.032119507988317508e+01 4.870543955574222039e+00 -1.573123056041496248e+01 1.545846839516269888e+00 -2.032119507988317508e+01 1.545846839516269888e+00 -5.846003405585157253e+01
-3.191049165910490615e+01 1.407662973685123831e+01 -8.689606237491110718e+00 1.407662973685123831e+01 -2.909926189844523847e+01 6.221756035377637772e+00 -8.689606237491110718e+00 6.221756035377637772e+00 -6.658738688467822442e+01
4.840814115871548751e+01 1.625452059533579785e+01 -6.665787408528156099e+00 1.625452059533579785e+01 5.062442825355255138e+01 -1.764762453312599888e+01 -6.665787408528156099e+00 -1.764762453312599888e+01 -1.208679128666441394e-01
2.125397265373764810e+01 -1.287959935089190466e+01 -4.401262444302139976e+00 -1.287959935089190466e+01 2.002327239769578426e+01 5.193547334247364589e+00 -4.401262444302139976e+00 5.193547334247364589e+00 -2.194563823411287729e+01
8.713466660005467546e+00 1.446882805573169861e+01 1.753567521685116759e+01 1.446882805573169861e+01 1.470172792127545369e+00 -2.738216989498677201e+00 1.753567521685116759e+01 -2.738216989498677201e+00 -3.103069603616022576e+01
-4.317278788651830723e+01 1.908406088576628079e+00 1.657345730813753448e+01 1.908406088576628079e+00 -4.109000876517504253e+01 2.953330436302126927e+01 1.657345730813753448e+01 2.953330436302126927e+01 -3.695186426150832659e+01
6.795390406579913645e+01 5.729861338434278473e+00 -3.767997771135672025e+00 5.729861338434278473e+00 6.489406758047967116e+01 4.759489132726608673e+00 -3.767997771135672025e+00 4.759489132726608673e+00 1.830852264751956948e+00
3.425020632951386546e+01 -1.124930227902427582e+01 1.624731268148112306e+00 -1.124930227902427582e+01 5.505741405189760940e+01 1.112605995634611311e+01 1.624731268148112306e+00 1.112605995634611311e+01 -3.283082457721746561e-01
3.177057779392843884e+01 -9.086379064206884237e+00 5.109615765647037566e-01 -9.086379064206884237e+00 3.352518607995613564e+01 -1.011559608276314925e+01 5.109615765647037566e-01 -1.011559608276314925e+01 1.829088889040021471e+01
-3.183066203817466899e+01 -1.769079845056796074e+01 6.252149359125054318e+00 -1.769079845056796074e+01 -3.779565311245979586e+01 6.385887798432556828e+00 6.252149359125054318e+00 6.385887798432556828e+00 -8.380885575756973083e+01
-2.326656971196469570e+01 -5.573952584371034469e+00 -6.354679101087034709e+00 -5.573952584371034469e+00 -1.014798448308446055e+01 3.764172986349557881e+00 -6.354679101087034709e+00 3.764172986349557881e+00 -5.421997141205874726e+01
-4.757356679020317003e+00 1.041099623169614219e+01 -2.149580626780056125e+00 1.041099623169614219e+01 1.417900694025529162e+01 -8.798601455185913522e+00 -2.149580626780056125e+00 -8.798601455185913522e+00 4.274554098181631012e+00
-2.429450389979781733e+01 1.083594457732506200e+01 -2.427592470566848626e-01 1.083594457732506200e+01 -2.349200568574827130e+01 1.678356094615812211e+01 -2.427592470566848626e-01 1.678356094615812211e+01 -2.804547873752815335e+01
-1.656475850683959905e+01 -1.929705169528128650e+01 5.482895216216848056e+00 -1.929705169528128650e+01 -3.616166508577594385e+01 4.571546441350953671e+00 5.482895216216848056e+00 4.571546441350953671e+00 -4.857619388120559734e+01
9.239894096221028974e+00 4.240366269269281396e+00 3.927557917657511055e+00 4.240366269269281396e+00 1.896902740261630527e+01 3.037532781739064269e+00 3.927557917657511055e+00 3.037532781739064269e+00 -2.487490587797297792e+01
-6.489333358070216207e+01 1.768314137570749622e+01 4.676452866970928213e+00 1.768314137570749622e+01 -5.944455514204030067e+01 -2.960681320637945646e+00 4.676452866970928213e+00 -2.960681320637945646e+00 -7.188041169995997848e+01
1.948914262568327871e+01 4.148583987748804880e+00 -1.240987228596935488e+01 4.148583987748804880e+00 2.850753500441847876e+01 -5.499019021685152886e+00 -1.240987228596935488e+01 -5.499019021685152886e+00 -1.002896138471326282e+01
-1.060006553851823341e+01 -3.358315651314303096e-01 1.018619366094276302e+01 -3.358315651314303096e-01 3.874169968922827678e+01 2.463653234283376570e+00 1.018619366094276302e+01 2.463653234283376570e+00 -2.893195842168213261e+01
2.734460258536564936e+01 -1.043093233338861364e-01 -1.135072514376486552e+01 -1.043093233338861364e-01 2.884789805071305224e+01 9.423113613067911842e+00 -1.135072514376486552e+01 9.423113613067911842e+00 -2.840970043139293821e+01
5.330632983031683425e-01 3.038665476700909363e+00 1.280587389975311474e+01 3.038665476700909363e+00 -1.513647777936453842e+01 -1.551810280919091012e+00 1.280587389975311474e+01 -1.551810280919091012e+00 -3.733542504106007698e+01
-3.717821976329944533e+01 7.160856834851490937e+00 5.926226604205058202e+00 7.160856834851490937e+00 -1.902697110070770492e+01 6.945566055011903828e+00 5.926226604205058202e+00 6.945566055011903828e+00 -4.760775219914577860e+01
-3.090994628351727513e+01 -5.754844027300306308e+00 6.273450686583329272e+00 -5.754844027300306308e+00 -2.299227078003605840e+01 7.786303077114054005e-02 6.273450686583329272e+00 7.786303077114054005e-02 -6.832114692837328107e+01
-1.703640596694996390e+01 -1.119262351868153793e+01 -2.439442446741044535e+01 -1.119262351868153793e+01 4.872957720033065598e+00 2.515930604563113349e+01 -2.439442446741044535e+01 2.515930604563113349e+01 -4.721104133465416908e+01
2.587560396876681423e+01 -2.942448033135514951e+00 8.166868312397010499e+00 -2.942448033135514951e+00 -1.059249435131033046e+01 1.017805050438571612e+01 8.166868312397010499e+00 1.017805050438571612e+01 -2.639188046987681346e+01
-1.292062892509955319e+01 -4.241578631193903881e+00 -2.209016397222892181e+01 -4.241578631193903881e+00 1.036246134988266299e+01 1.152029610897293566e+01 -2.209016397222892181e+01 1.152029610897293566e+01 -2.701543937039726373e+01
-3.234422053236951200e+01 -3.890735493421986213e-01 -2.059291726643124321e+01 -3.890735493421986213e-01 -1.937666937128397038e+01 1.196120520264269338e+01 -2.059291726643124321e+01 1.196120520264269338e+01 -7.529715503236600682e+01
-3.160987759659833429e+01 2.839093637012859994e-01 -1.246542197834367371e+00 2.839093637012859994e-01 -2.232381991947893596e+01 1.049431701810870265e+01 -1.246542197834367371e+00 1.049431701810870265e+01 -4.639615733153653565e+01
1.967570928010174569e+01 -1.546330604767713623e+01 -1.282924487908636380e+01 -1.546330604767713623e+01 3.465808805864173081e+01 -4.529890403450261283e-01 -1.282924487908636380e+01 -4.529890403450261283e-01 -1.593599343690145709e+01
3.372555278734976181e+00 1.857195140622050644e+01 -3.751094119618931355e+00 1.857195140622050644e+01 1.284871748054111329e+01 1.517019014341561167e+01 -3.751094119618931355e+00 1.517019014341561167e+01 -1.761090516667484707e+01
2.624862624347283813e+01 1.463099888465162834e+01 -1.033411335478623627e+00 1.463099888465162834e+01 2.849910225500642014e+01 4.186170370740800450e+00 -1.033411335478623627e+00 4.186170370740800450e+00 -3.080403983515520139e+01
-5.045774523671094691e+00 8.576252385144584878e-01 1.916334854428619394e+01 8.576252385144584878e-01 -1.506015913572579201e+01 5.717665547752979194e+00 1.916334854428619394e+01 5.717665547752979194e+00 -3.674715138285407079e+01
5.201340797032201202e+00 -3.771381201170957986e+00 -8.924546991132251250e+00 -3.771381201170957986e+00 -4.370084618815267774e+00 -8.459985986639404487e+00 -8.924546991132251250e+00 -8.459985986639404487e+00 -4.386973465039363163e+01
-1.288239254177293880e+01 -5.020984711942119816e+00 -2.326824605170833138e+01 -5.020984711942119816e+00 4.787401522831117973e+00 -2.247334971609575405e+01 -2.326824605170833138e+01 -2.247334971609575405e+01 -2.959189850720263948e+01
-3.116974002794691945e+00 -1.824818830858151664e+00 -1.089813897435069912e+01 -1.824818830858151664e+00 -8.910559351126499550e+00 -5.383038261309693873e+00 -1.089813897435069912e+01 -5.383038261309693873e+00 -3.040484154623644386e+01
-1.453409444599607347e+01 2.137778761933076765e+01 -3.471127043026990489e+00 2.137778761933076765e+01 -1.929200491019486918e+01 -3.900108833206717973e-01 -3.471127043026990489e+00 -3.900108833206717973e-01 -1.997006482740198763e+01
8.392379107317653464e+00 1.143043523244461568e+01 7.094359422300573037e+00 1.143043523244461568e+01 1.816201159095137641e+01 3.292705582189479951e+00 7.094359422300573037e+00 3.292705582189479951e+00 -2.152873485341389426e+01
-1.199211486603752978e-02 -8.220510289155585681e+00 -8.776385503470939042e+00 -8.220510289155585681e+00 1.600321625677737813e+01 -2.721056927565629024e+01 -8.776385503470939042e+00 -2.721056927565629024e+01 -1.432898036357545379e+01
6.127603737451950394e+01 -5.051089793461962962e+00 3.485581475505040316e+01 -5.051089793461962962e+00 5.939180914533419298e+01 -2.063075686854908142e+01 3.485581475505040316e+01 -2.063075686854908142e+01 6.910260146327048858e+01
-1.931184646987095732e+01 -1.654379508120211284e+01 -2.151658053924634117e+01 -1.654379508120211284e+01 -2.788176114272677530e+00 1.369155462304123461e+01 -2.151658053924634117e+01 1.369155462304123461e+01 -2.789630877046005963e+01
2.394242791251597424e+01 -2.610050506501029233e+01 3.545941382778115436e+00 -2.610050506501029233e+01 1.984558002481894512e+00 -9.953167964272674695e+00 3.545941382778115436e+00 -9.953167964272674695e+00 -4.883091410427033097e+00
5.409875945500893835e+01 7.674308318327303091e-01 9.221268063967841044e+00 7.674308318327303091e-01 5.313520909088588695e+01 -1.869889173542350180e+00 9.221268063967841044e+00 -1.869889173542350180e+00 -5.376291394981668192e-01
6.577119869468232238e+00 -1.200498841168944075e+01 5.236932037287174602e+00 -1.200498841168944075e+01 -1.081917705279959385e+01 -1.370063671466843225e+01 5.236932037287174602e+00 -1.370063671466843225e+01 -3.381914572320129508e+01
4.561542109302155978e+01 -6.801847260119965100e+00 -6.166485582158046874e+00 -6.801847260119965100e+00 4.227160811321471812e+01 9.062432490791454853e+00 -6.166485582158046874e+00 9.062432490791454853e+00 4.672484426649536893e+00
3.251165980822794843e+00 -2.796623398675033911e+01 -2.469819933247411559e+00 -2.796623398675033911e+01 5.554072269458521305e+01 7.861059760085733927e+00 -2.469819933247411559e+00 7.861059760085733927e+00 2.666557009313308058e+01
-2.879197896896283027e+01 1.275103806819323538e+01 -7.770354334581175415e+00 1.275103806819323538e+01 -3.321555340831920233e+01 -1.431941240487143663e+00 -7.770354334581175415e+00 -1.431941240487143663e+00 -5.788029649094279705e+01
-1.584013319973472100e+01 -8.654537812277260045e+00 -4.209562882767389880e+00 -8.654537812277260045e+00 -7.488257648545816103e+00 -1.129802149149404933e+01 -4.209562882767389880e+00 -1.129802149149404933e+01 -5.162923234658043725e+01
6.405848853710710955e+01 1.390649219631465261e+00 -1.266744920755510373e+00 1.390649219631465261e+00 5.698062452308177939e+01 -3.075519326906995587e+00 -1.266744920755510373e+00 -3.075519326906995587e+00 2.639192149643210428e+01
-3.694805063551483926e+01 -2.435619738665614165e+01 1.768833340938214960e+01 -2.435619738665614165e+01 -3.497391397939371416e+01 2.236315486878426029e+01 1.768833340938214960e+01 2.236315486878426029e+01 -2.869721365504987176e+01
-3.313819094177357982e+01 4.810507752330112630e-01 -1.410659843077800346e+01 4.810507752330112630e-01 -6.415111674245485673e+00 3.012155880227432903e+01 -1.410659843077800346e+01 3.012155880227432903e+01 -3.868450549921187331e+01
2.409049869918269948e+01 1.611310904284730672e+00 -5.208067256359877994e+00 1.611310904284730672e+00 9.600070662276158018e+00 -7.570848193877496080e+00 -5.208067256359877994e+00 -7.570848193877496080e+00 -2.241944153039080234e+01
-3.632138319920931480e+01 7.042779124458350637e+00 1.353821629938636484e+01 7.042779124458350637e+00 -2.467075445547362023e+01 -1.046388212280544394e+01 1.353821629938636484e+01 -1.046388212280544394e+01 -5.564316440776190831e+01
-5.617960378789904752e+01 7.804155255350766929e+00 -5.661084999620905833e+00 7.804155255350766929e+00 -7.277809653754736985e+01 1.741250642623017697e+01 -5.661084999620905833e+00 1.741250642623017697e+01 -6.847846939955570633e+01
-1.592659834421131215e+01 6.017959483590554548e+00 6.304518191466522481e+00 6.017959483590554548e+00 -2.110709028730709491e+01 -1.939057076749174158e+01 6.304518191466522481e+00 -1.939057076749174158e+01 -4.862654636519354057e+01
-3.090563170604151466e+01 5.368973980949550473e+00 2.066182425543108891e+01 5.368973980949550473e+00 -1.598380119349217132e+01 -4.653353988794706741e-01 2.066182425543108891e+01 -4.653353988794706741e-01 -1.024749193352869838e+02
-3.639171571765384416e-01 -1.585078161652450301e+00 -2.948148691601565474e+01 -1.585078161652450301e+00 8.956411287679016953e-01 7.976181870777088179e+00 -2.948148691601565474e+01 7.976181870777088179e+00 -3.146029469870898865e+01
-3.805163266682143774e+00 -2.479466051243303312e-02 -1.126361603398489208e+01 -2.479466051243303312e-02 2.324019872269875009e+01 1.051510272459345074e+01 -1.126361603398489208e+01 1.051510272459345074e+01 2.052418140538559421e-01
7.933870997826772076e+00 8.509969818661653918e+00 -2.386714636265021383e+01 8.509969818661653918e+00 1.575514122786374038e+01 1.512382718206813692e+00 -2.386714636265021383e+01 1.512382718206813692e+00 -1.462214761096856108e+01
-6.792922969727544391e+00 1.381532912450412809e+01 6.107636670537192281e+00 1.381532912450412809e+01 7.438300748998325496e+00 -2.121172776668920434e+01 6.107636670537192281e+00 -2.121172776668920434e+01 -2.699358585572626623e+01
-8.986046780374705278e+00 1.487674252578764289e+01 5.474142909628612941e+00 1.487674252578764289e+01 2.412935743344260331e+01 -3.779830194116939435e+00 5.474142909628612941e+00 -3.779830194116939435e+00 -2.706779253093798232e+01
-1.042177668433716242e+01 -1.517343988995652637e+01 4.293622516660950961e-01 -1.517343988995652637e+01 -1.982865945049475442e+01 1.042061444513868551e+01 4.293622516660950961e-01 1.042061444513868551e+01 -3.984809639388065960e+01
1.907480359988163343e+01 1.997115348099226750e+01 -3.861745653741268214e+00 1.997115348099226750e+01 1.935352602016307344e+01 -4.755819751644888349e+00 -3.861745653741268214e+00 -4.755819751644888349e+00 -1.652830987813246821e+01
-9.174915065329662056e+00 7.168161877409339411e+00 4.921562287220024423e+00 7.168161877409339411e+00 -2.547338164333074317e+01 3.055126789799825548e+00 4.921562287220024423e+00 3.055126789799825548e+00 -6.143076958030178503e+01
-7.538808983763500393e+00 2.703724383168854661e+00 1.026622434412687923e+01 2.703724383168854661e+00 7.557347154775646558e+00 1.556428597024851257e+01 1.026622434412687923e+01 1.556428597024851257e+01 -2.699960075555446792e+01
-3.005918458817931693e+01 2.127228604265035683e-01 3.786338095845429574e+00 2.127228604265035683e-01 -1.907211140616514555e+01 -5.761426137629532818e+00 3.786338095845429574e+00 -5.761426137629532818e+00 1.553039756654818326e+01
-2.301347578322226539e+01 -4.408841075998973791e-01 -1.170999903202008241e+01 -4.408841075998973791e-01 -4.515424271528521416e+01 2.011169920719714810e+01 -1.170999903202008241e+01 2.011169920719714810e+01 -5.573144315094793910e+01
-1.144161893860726664e+01 -8.848698217336578020e-01 -8.891363280198739005e+00 -8.848698217336578020e-01 2.255640901183988234e+01 2.454743230038002011e+01 -8.891363280198739005e+00 2.454743230038002011e+01 -1.218316093646048692e+01
-7.482096649946001321e+00 -1.684957523710232508e+01 3.277252247371028382e+00 -1.684957523710232508e+01 -1.690956373793908796e+01 1.546724855207474114e+01 3.277252247371028382e+00 1.546724855207474114e+01 -2.627781063587961086e+01
2.022589214790501799e+01 -5.166258057574200535e+00 -2.138929450737175220e+00 -5.166258057574200535e+00 1.706069312260363802e+01 -4.146835063615643691e+00 -2.138929450737175220e+00 -4.146835063615643691e+00 3.785775505470708424e+01
9.769392383871128516e+00 -1.428569846321158821e+01 6.533479528298260952e+00 -1.428569846321158821e+01 4.303362292970342451e-01 5.153604648130767352e+00 6.533479528298260952e+00 5.153604648130767352e+00 1.390285734606420043e+01
-4.822201532198440077e+01 -7.549250185003195668e+00 -2.051551249943603938e-01 -7.549250185003195668e+00 -5.166353533881632387e+01 -1.577960174859836684e+01 -2.051551249943603938e-01 -1.577960174859836684e+01 -4.014549383514217595e+01
4.390056898820725806e+00 -1.259647190015854967e+01 1.442507337644594934e+01 -1.259647190015854967e+01 1.816790950751523326e+01 -4.049661007762167531e-01 1.442507337644594934e+01 -4.049661007762167531e-01 1.883823085732734715e+00
-5.662470096310320855e+01 5.404901305060969108e+00 -1.931251316888102210e+01 5.404901305060969108e+00 -6.451275302795295374e+01 2.074143437731710282e+00 -1.931251316888102210e+01 2.074143437731710282e+00 -7.807026834722501007e+01
1.561916953592103585e+00 7.054974753830641987e+00 7.453196003695598648e+00 7.054974753830641987e+00 2.095182310803623160e+00 -4.499920622416893501e+00 7.453196003695598648e+00 -4.499920622416893501e+00 -1.360421862338321475e+01
-4.652413925267084238e+01 1.379381008199379011e+01 -1.571933612470320973e+01 1.379381008199379011e+01 -2.007210099983388218e+01 4.216294811365135509e+00 -1.571933612470320973e+01 4.216294811365135509e+00 -6.618748999782596343e+01
2.686668105239749593e+01 -2.158566402594107103e+01 1.059284565009139634e+01 -2.158566402594107103e+01 1.578534244319088486e+01 6.812501939933077733e-01 1.059284565009139634e+01 6.812501939933077733e-01 1.355290284006624901e+01
-3.878722539497108102e+01 1.223729546415492386e+01 -6.127160718479665036e+00 1.223729546415492386e+01 -1.006548870836249243e+01 4.387786111891264218e-01 -6.127160718479665036e+00 4.387786111891264218e-01 -4.249354388314061026e+01
-3.654550360951578369e+01 -7.896957778237840841e+00 -3.030581936698773404e+00 -7.896957778237840841e+00 -4.534733564749468826e+01 -5.656411541499801743e-01 -3.030581936698773404e+00 -5.656411541499801743e-01 -3.917013889329510334e+01
3.432344106482863566e+01 7.105399794147498227e+00 2.439327031209205465e+00 7.105399794147498227e+00 3.595801171640339078e+01 -7.654683241796359283e+00 2.439327031209205465e+00 -7.654683241796359283e+00 -1.311998095025635358e+01
2.135005461343060418e+01 3.555647746376853213e+00 -1.064160245332407762e+01 3.555647746376853213e+00 1.639331838893818372e+01 -1.153065715490875043e+01 -1.064160245332407762e+01 -1.153065715490875043e+01 1.850181453302785783e+01
-4.504522801576514723e+01 2.152809050036593064e+00 3.542123001292653228e+00 2.152809050036593064e+00 -5.681234949107075494e+01 8.719458087397731205e+00 3.542123001292653228e+00 8.719458087397731205e+00 -5.817488743431294296e+01
-3.557957734954114670e+01 1.512731436365257309e+01 1.418094173356574750e+01 1.512731436365257309e+01 -2.693661872497595056e+01 1.666594407981303760e+01 1.418094173356574750e+01 1.666594407981303760e+01 -4.835887494709004386e+01
-6.408320457959492344e+00 -2.996919533508338507e+00 -7.560228048124660205e+00 -2.996919533508338507e+00 7.487644886467194283e+00 -3.712514768049912650e+00 -7.560228048124660205e+00 -3.712514768049912650e+00 -5.893339894987091299e+01
3.286469502721742231e+01 3.491145648023421977e+00 -1.709337338166752929e+00 3.491145648023421977e+00 2.399999583849101370e+01 3.613569274188591862e+00 -1.709337338166752929e+00 3.613569274188591862e+00 2.448157645557231987e+01
1.113403457473286728e+00 -3.676860495164161247e+00 7.655440894513925620e+00 -3.676860495164161247e+00 2.140009816928528963e+01 1.009733287778583488e+01 7.655440894513925620e+00 1.009733287778583488e+01 -1.751261116058148204e+01
-4.279177267683906649e+01 -1.636758464677789071e+00 1.756621197796427447e-01 -1.636758464677789071e+00 -6.318181817258523125e+01 1.053864416070835119e+01 1.756621197796427447e-01 1.053864416070835119e+01 -6.056010243315319741e+01
3.361999011081007627e+00 -7.258371803011830714e+00 3.598687842142171966e+00 -7.258371803011830714e+00 -2.141368996879177899e+01 -2.068132829041649856e+01 3.598687842142171966e+00 -2.068132829041649856e+01 -5.107823147312757328e+01
-3.478816390437047801e+01 -1.046255512629509354e+01 2.332471399529361378e+01 -1.046255512629509354e+01 -6.251834425948875662e+01 -5.807472186007171189e+00 2.332471399529361378e+01 -5.807472186007171189e+00 -7.792510750664467878e+01
1.967131079620681078e+01 -3.407115226647082995e+00 1.934790601269853383e+01 -3.407115226647082995e+00 1.591542542415627182e+01 -9.391371273513907880e+00 1.934790601269853383e+01 -9.391371273513907880e+00 1.221546272602991756e+01
-1.478649262000820030e+00 -2.135777255318262527e-02 -1.166675187801522995e+01 -2.135777255318262527e-02 -1.762353775981842219e+01 9.850287788381802301e+00 -1.166675187801522995e+01 9.850287788381802301e+00 -1.055254974773382770e+01
-3.030505504569899955e+01 -3.007054244511482821e+01 -4.734366352672885192e+00 -3.007054244511482821e+01 -2.897185473080142182e-01 -1.241243875619651993e+00 -4.734366352672885192e+00 -1.241243875619651993e+00 -4.443466839630332998e+01
-1.364620868771237339e+00 -1.122000695518018709e+01 7.116400391063977260e+00 -1.122000695518018709e+01 1.324019342805129718e+01 5.160395676173385127e+00 7.116400391063977260e+00 5.160395676173385127e+00 -2.965034576290515744e+01
4.007806550406021984e+01 7.618054573085987435e+00 1.195070379162352836e+01 7.618054573085987435e+00 4.815453245630435219e+01 -3.223771899748041125e+00 1.195070379162352836e+01 -3.223771899748041125e+00 8.544431922046374694e+00
-1.500963914645353725e+01 -6.789454429372012711e-01 -9.941985291743943520e+00 -6.789454429372012711e-01 -2.460368681608070318e+00 -8.044919280684512231e+00 -9.941985291743943520e+00 -8.044919280684512231e+00 -2.828398102721988749e+01
-1.077722418391081050e+01 -8.890599599400331732e-01 -1.791764709369988395e+01 -8.890599599400331732e-01 4.383231914001943785e+00 -7.433565946831045324e+00 -1.791764709369988395e+01 -7.433565946831045324e+00 -3.779729157741488166e+01
-1.032102615573182192e+01 6.145987398953186576e-01 -2.554797878347525497e+01 6.145987398953186576e-01 -3.484186914176213179e+01 2.243473241202655544e+01 -2.554797878347525497e+01 2.243473241202655544e+01 -3.069256454509320875e+01
4.070541582275446757e+01 -1.884789927304770885e+01 -3.677267651503086210e+00 -1.884789927304770885e+01 1.633042734389142936e+00 -9.331884775061322301e+00 -3.677267651503086210e+00 -9.331884775061322301e+00 -9.629117737828528367e-02
3.843382103713093301e+01 -4.134000410882518461e-01 1.609191194855795359e+01 -4.134000410882518461e-01 2.565501905402028271e+01 1.846840951096367922e+00 1.609191194855795359e+01 1.846840951096367922e+00 2.114262850382004899e+01
-1.349747292023216971e+01 -1.900197614065320550e+01 -1.585633296961425387e+01 -1.900197614065320550e+01 -4.394157293705845291e+00 9.953901891366889743e+00 -1.585633296961425387e+01 9.953901891366889743e+00 1.888041345377547131e+01
-6.939027799419123177e+00 5.030432306470264514e+00 -4.085763573982251096e+00 5.030432306470264514e+00 -1.133674687564442543e-03 4.379031496025195480e+00 -4.085763573982251096e+00 4.379031496025195480e+00 -2.539107805711211796e+01
5.083891345742908641e+01 1.025349769052278148e+01 1.387032364187695421e+01 1.025349769052278148e+01 3.223531300330419214e+01 -1.693905360798528648e+01 1.387032364187695421e+01 -1.693905360798528648e+01 -2.633667242604029113e+01
4.065638830371223200e+00 1.472382343108173153e+01 -9.831000095017222051e+00 1.472382343108173153e+01 -1.924648354565992037e+01 3.737153878028137921e+00 -9.831000095017222051e+00 3.737153878028137921e+00 -1.839756643789993262e+01
-6.301867409422952093e+00 4.487500839989910784e-01 -6.953873836075178394e-01 4.487500839989910784e-01 -1.614736197557152053e+01 -1.159294812580343148e+01 -6.953873836075178394e-01 -1.159294812580343148e+01 -5.043648866550415732e+01
-4.308173179755293347e+01 -3.047064458931683983e+00 -1.626657088554409825e+01 -3.047064458931683983e+00 -4.079417978072370055e+00 1.013293125732063338e+01 -1.626657088554409825e+01 1.013293125732063338e+01 -3.856155412846063513e+01
1.659277056237358039e+01 2.990794852954700378e+00 -1.909093867526474142e+01 2.990794852954700378e+00 1.684333738149538107e+01 4.546966260426827056e+00 -1.909093867526474142e+01 4.546966260426827056e+00 -3.098051080085829767e+01
-8.746039300459804267e+00 1.321815827189696968e+01 1.841264930543893996e+01 1.321815827189696968e+01 -2.116643926813638998e+01 1.135940361118571396e+01 1.841264930543893996e+01 1.135940361118571396e+01 -5.242107048853750229e+01
1.998672626578832734e+01 8.060231434722581412e+00 1.529111643364860562e+01 8.060231434722581412e+00 4.495137262994356320e+01 -1.792319586510570062e+01 1.529111643364860562e+01 -1.792319586510570062e+01 -1.838819574622597131e+01
1.519136083679833504e+01 1.361267472251968158e+01 -8.195591975174339794e+00 1.361267472251968158e+01 7.685519306378133519e-01 -4.995457697356430415e+00 -8.195591975174339794e+00 -4.995457697356430415e+00 -4.738383060870545194e+01
-2.222494447500173109e+01 4.859884174482270502e+00 -1.470584166410419691e+01 4.859884174482270502e+00 -3.686760920966086985e+01 -7.855038159361731331e-01 -1.470584166410419691e+01 -7.855038159361731331e-01 -7.457004037157631160e+01
-3.796087683253478673e+01 2.576193998999655932e+01 -2.020525056096492733e+01 2.576193998999655932e+01 -7.363411598303287064e+01 -3.071476991843020254e+00 -2.020525056096492733e+01 -3.071476991843020254e+00 -6.868196308964007812e+01
-2.991091823716454456e+01 2.124832970171760138e+01 1.135957763710154289e+01 2.124832970171760138e+01 -4.134020800739824608e+01 3.923951558348149904e-01 1.135957763710154289e+01 3.923951558348149904e-01 -3.867618798158535043e+01
-2.789003852491981306e+01 -1.643492178798338443e+01 -1.237687926058545962e+01 -1.643492178798338443e+01 -2.211106302471438667e+01 -2.013922734457028074e+00 -1.237687926058545962e+01 -2.013922734457028074e+00 -1.786162150054593667e+01
4.356736418051130322e+00 -9.225533951097432350e+00 -4.936289808732186479e+00 -9.225533951097432350e+00 2.808688328637726173e+01 -1.772440271823768398e+01 -4.936289808732186479e+00 -1.772440271823768398e+01 7.167447604600439170e+00
-4.016014037558869632e+01 1.465562972384607221e+01 5.416347501070466919e+00 1.465562972384607221e+01 -5.839719317084457373e+01 -3.607925719218209704e+00 5.416347501070466919e+00 -3.607925719218209704e+00 -8.853351668932246810e+01
4.072089242853613911e+01 -1.438829089673698824e+01 1.519344709515576142e+01 -1.438829089673698824e+01 2.649437392746266440e+01 1.200173180510503279e+01 1.519344709515576142e+01 1.200173180510503279e+01 1.395919400081611528e+01
-1.525889754985092939e+00 -5.324093970944440812e+00 -3.499308213280195812e+00 -5.324093970944440812e+00 1.741582253909174227e+01 -1.355147752278088902e+01 -3.499308213280195812e+00 -1.355147752278088902e+01 -1.370638465743736667e+01
-3.391729073600607336e+01 -1.574866106160859047e+01 -1.839586811973429326e+00 -1.574866106160859047e+01 -2.617939681824757159e+01 1.645288196851738505e+01 -1.839586811973429326e+00 1.645288196851738505e+01 -7.136553950209318486e+01
7.847991963030856333e+00 -1.704832339188421919e+00 1.911410249042149401e+00 -1.704832339188421919e+00 6.487287755893071051e+00 -1.095496592237361000e+01 1.911410249042149401e+00 -1.095496592237361000e+01 -2.072762840376080362e+01
-1.737402977518236113e+01 1.943016382123800767e+01 -3.788405855118660570e-01 1.943016382123800767e+01 -1.182525782913158174e+01 1.121177956437855672e+00 -3.788405855118660570e-01 1.121177956437855672e+00 -3.636274598431250382e+01
-7.385122909076442532e+00 5.138755580794237332e+00 2.504129402030356166e-01 5.138755580794237332e+00 -2.410434060875709150e+01 1.314479624068133390e+01 2.504129402030356166e-01 1.314479624068133390e+01 -3.391786323084858168e+01
1.283874486836565687e+01 -1.091829933147128351e+01 8.552916371818134467e-01 -1.091829933147128351e+01 2.549087119480095609e+01 2.429086953366408963e+01 8.552916371818134467e-01 2.429086953366408963e+01 -2.119590274418102993e+01
3.369401541772502640e+01 -1.682001429088960620e+01 -1.315295322122015875e+01 -1.682001429088960620e+01 4.079940238706892330e+01 -3.824991770994504048e+00 -1.315295322122015875e+01 -3.824991770994504048e+00 -1.379378324955703761e+01
2.325006290450700774e+01 2.690564069855553075e+00 -2.011010680588036337e+00 2.690564069855553075e+00 1.974190600804787366e+01 -3.262080046435076319e+00 -2.011010680588036337e+00 -3.262080046435076319e+00 -3.064679204174967353e+01
3.326189203907350844e+01 5.656918491318650766e+00 9.656604848114467288e+00 5.656918491318650766e+00 2.184907971177021935e+01 1.128304072278518788e+01 9.656604848114467288e+00 1.128304072278518788e+01 5.877869098128055469e+00
-4.200984757079114473e+01 8.180710604237244610e+00 -1.214248154047852069e+01 8.180710604237244610e+00 -5.341104329319325217e+01 -6.621294620605186587e+00 -1.214248154047852069e+01 -6.621294620605186587e+00 -4.256731642861535647e+01
3.535633767610417522e+01 -3.486076432307338102e+00 1.177151329231677046e+01 -3.486076432307338102e+00 3.654023264635036838e+01 -1.292109886767955018e+00 1.177151329231677046e+01 -1.292109886767955018e+00 8.332718454305092948e+00
-6.384202757236466574e+00 9.389531451584812061e+00 2.471273915349176953e+00 9.389531451584812061e+00 -1.434349192289461428e+01 1.769987702992166945e+01 2.471273915349176953e+00 1.769987702992166945e+01 -2.756400841043094019e+01
2.696033509212831092e+01 -8.299523860992986002e+00 5.394516427180933604e+00 -8.299523860992986002e+00 5.043799730362312772e+00 -7.421895946446106507e+00 5.394516427180933604e+00 -7.421895946446106507e+00 -2.810683571583239626e+01
7.281310681282745279e+00 1.057982618722822821e+01 -8.410265041119902918e+00 1.057982618722822821e+01 -9.779486821094916849e+00 8.881496262884622794e+00 -8.410265041119902918e+00 8.881496262884622794e+00 3.271303893892371661e+01
5.615384379256282443e+01 -1.578226695488055320e+01 1.318279156136907737e+01 -1.578226695488055320e+01 5.325673181912790710e+01 -1.460653376560710370e+00 1.318279156136907737e+01 -1.460653376560710370e+00 3.906973882509158003e+00
-9.706569839976618042e+00 2.371472083508400885e+01 -1.417601308453187947e+01 2.371472083508400885e+01 4.025051800693466575e-01 -6.647219475942599765e+00 -1.417601308453187947e+01 -6.647219475942599765e+00 -5.055061371386686631e+01
1.213091509606481466e+01 -1.258527700435945418e+00 -5.410619950875823925e+00 -1.258527700435945418e+00 1.062273720848802006e+00 -7.147128214718013517e+00 -5.410619950875823925e+00 -7.147128214718013517e+00 -2.639745648751360463e+01
2.197447533393890495e+01 3.090242032111631953e+00 -1.032335283715585561e+01 3.090242032111631953e+00 2.275459479471950985e-01 4.604283240473212580e+00 -1.032335283715585561e+01 4.604283240473212580e+00 -3.317083168793345749e+01
4.341159192441605796e+01 -7.409631295606385892e-01 -7.401687835685664574e+00 -7.409631295606385892e-01 5.370239345898400529e+01 -2.039077023155375912e+01 -7.401687835685664574e+00 -2.039077023155375912e+01 4.220623866274686264e+01
-2.732848925900797354e+01 -1.589003208718542837e+00 7.584264655354544082e+00 -1.589003208718542837e+00 -3.092688824073882792e+00 1.309489699575564048e+00 7.584264655354544082e+00 1.309489699575564048e+00 -2.650628275487512653e+01
-2.102628148455658064e+01 1.066435374214917609e+01 1.908045392580631106e+00 1.066435374214917609e+01 -1.443209746159093143e+01 -3.407694549506318538e+01 1.908045392580631106e+00 -3.407694549506318538e+01 -5.026375163588395623e+01
2.433583622170802840e+01 6.754493270649957637e+00 1.480275565607702859e+01 6.754493270649957637e+00 1.134831733528023889e+01 8.317521627839120413e+00 1.480275565607702859e+01 8.317521627839120413e+00 -2.344118045614514756e+01
-1.362345427684277155e+01 -1.171791656688769656e+01 6.881820757989154380e+00 -1.171791656688769656e+01 -1.341379469163330462e+01 -1.366621553885631890e+01 6.881820757989154380e+00 -1.366621553885631890e+01 -1.599160178836117474e+01
-3.487009357531190545e+01 -4.925456512300796064e+00 7.400298564688915448e+00 -4.925456512300796064e+00 -4.244640456396773232e+01 1.123387216684829326e+01 7.400298564688915448e+00 1.123387216684829326e+01 -4.473172840247148230e+01
