-1.398421119309918836e+01 4.919991954151839764e+00 -5.020034256602499134e-01 4.919991954151839764e+00 -1.007407769131048347e+01 -3.832962260084105122e+00 -5.020034256602499134e-01 -3.832962260084105122e+00 -6.769111267210449512e+01
5.007511797098369755e+01 -2.024791369833106813e+01 -6.147745844167796569e+00 -2.024791369833106813e+01 6.352200226782161252e+01 1.088386024175015843e+00 -6.147745844167796569e+00 1.088386024175015843e+00 1.636041510105761487e+00
-6.757188702055901608e+00 -6.682063936920109803e+00 4.474761999179622585e+00 -6.682063936920109803e+00 -9.249988349622640271e+00 7.031232349557807737e+00 4.474761999179622585e+00 7.031232349557807737e+00 -1.074693710943110148e+01
-2.846569804121911318e+01 -2.792589144172164417e+00 4.250889434434533598e+00 -2.792589144172164417e+00 -3.920647709520188329e+01 4.274177897130566173e+00 4.250889434434533598e+00 4.274177897130566173e+00 -9.311414268874398203e+01
2.479497153566688183e+01 -1.509360355660559527e+01 -1.325908319201658436e+01 -1.509360355660559527e+01 2.126199296977218722e+01 1.122912281371212462e+00 -1.325908319201658436e+01 1.122912281371212462e+00 -2.202301779004446303e+01
-5.572431428086296989e+00 -1.305669304938300890e+01 -2.767521100881632723e+00 -1.305669304938300890e+01 -1.348095371263289799e+01 1.233342319006012211e+00 -2.767521100881632723e+00 1.233342319006012211e+00 -2.677856003283785924e+01
-1.228729100044099809e+01 7.677348974192058861e+00 9.079030561291588697e+00 7.677348974192058861e+00 -1.673713370331842043e+01 5.243676757425242307e+00 9.079030561291588697e+00 5.243676757425242307e+00 -2.926777426222743372e+01
4.561353012648604732e+01 -1.383710539642095583e+01 -2.685428389503370372e+00 -1.383710539642095583e+01 4.622086187621565045e+01 2.148585800960173930e+00 -2.685428389503370372e+00 2.148585800960173930e+00 -2.906065743825206327e-01
2.927932827425342310e+01 -1.624496720164993802e+00 1.953285269047650097e+00 -1.624496720164993802e+00 2.690295726753582528e+01 -1.947190908238865603e+01 1.953285269047650097e+00 -1.947190908238865603e+01 1.921439079214168899e+01
-1.764626280643310352e+01 1.300554734517856836e+01 1.275751136360188731e+01 1.300554734517856836e+01 -8.024103465829586668e+00 9.960245711480029129e+00 1.275751136360188731e+01 9.960245711480029129e+00 -6.386475758490672661e+01
1.327697311061535501e+01 -8.010781053044404132e+00 2.064605682344800286e+01 -8.010781053044404132e+00 4.443497045757792918e+00 -4.969735432638263006e+00 2.064605682344800286e+01 -4.969735432638263006e+00 -6.647358302617650594e+00
-2.578776719173964338e+01 1.156623830230465000e+00 1.314013084440901125e+01 1.156623830230465000e+00 -3.516571062298532979e+01 -2.151751729721761208e+01 1.314013084440901125e+01 -2.151751729721761208e+01 -2.705251987338808206e+01
-3.166838574444408749e+00 9.886344840370712150e-01 -4.578668319273960563e+00 9.886344840370712150e-01 -6.241795029390620364e+00 1.622866005929941835e+01 -4.578668319273960563e+00 1.622866005929941835e+01 1.170772857210359597e+01
3.126214773514152157e+01 5.217283525933061661e+00 9.684808429531260643e+00 5.217283525933061661e+00 2.316058544838615063e+01 1.020392206839222560e+01 9.684808429531260643e+00 1.020392206839222560e+01 2.182817350085302621e+01
-4.307595913273586596e+00 -3.797680105759309921e+00 -5.274779078260191767e+00 -3.797680105759309921e+00 -1.159436421943237505e+01 -7.223393055796300644e+00 -5.274779078260191767e+00 -7.223393055796300644e+00 -3.517754181628912136e+01
1.318129878132189070e+00 5.975727252263436817e+00 4.862631483210470229e+00 5.975727252263436817e+00 3.474054698916702044e+00 3.224971348758976397e+00 4.862631483210470229e+00 3.224971348758976397e+00 2.006143540437588157e+01
1.263948537376853665e+01 -4.300975601673381554e+00 4.247679250862412381e+00 -4.300975601673381554e+00 1.235636528990979954e+01 8.718085729518250560e+00 4.247679250862412381e+00 8.718085729518250560e+00 -5.113494977505893502e+01
-1.679767827427518512e+00 4.592100013963596794e+00 1.988179591301087790e+00 4.592100013963596794e+00 -1.997564859444646501e+01 -4.019061582815165679e+00 1.988179591301087790e+00 -4.019061582815165679e+00 -3.816012560177714619e+01
-2.607952103215928474e+01 2.890883435882678931e+00 -4.385872410919226638e+00 2.890883435882678931e+00 -3.186185386041960399e+01 -7.208699578282613096e+00 -4.385872410919226638e+00 -7.208699578282613096e+00 -6.028937200746436531e+01
2.806622989826666981e+01 7.332337305280238304e+00 -9.640300866407550018e+00 7.332337305280238304e+00 1.380711734022909631e+01 -4.909460061729517655e+00 -9.640300866407550018e+00 -4.909460061729517655e+00 -6.590848945398823489e+00
-1.052439688629803172e+01 1.987624619628035605e+00 -3.212860977349403235e+00 1.987624619628035605e+00 -3.138135142862801708e+00 -7.250932263448162551e+00 -3.212860977349403235e+00 -7.250932263448162551e+00 -4.354439111078765734e+01
4.883443773771936236e+01 -1.752074641736730332e+00 1.583932249388619651e+00 -1.752074641736730332e+00 3.712718429435052059e+01 6.962701199557555398e+00 1.583932249388619651e+00 6.962701199557555398e+00 -1.260147258847773166e+01
2.110314981054650652e+00 -1.835767755385100952e-01 2.156983345738957780e+01 -1.835767755385100952e-01 -2.576891004524273665e+00 -1.272738229651767483e+01 2.156983345738957780e+01 -1.272738229651767483e+01 -3.705402433927275041e+01
4.256762207686069388e+01 1.641720685942934210e+01 1.177849723984390096e+01 1.641720685942934210e+01 3.261676534063829536e+01 -5.438709698002341497e+00 1.177849723984390096e+01 -5.438709698002341497e+00 1.030976259799091643e+01
-1.852976183051259440e+01 -4.888971963422861222e+00 -3.141703643359818443e+00 -4.888971963422861222e+00 -2.267505558053966297e+01 -1.164626633073523010e+01 -3.141703643359818443e+00 -1.164626633073523010e+01 -6.336087188905270118e+00
2.578799605422570451e+01 -3.019200913123900598e+00 -5.255031722103117531e+00 -3.019200913123900598e+00 2.544374014586045263e+01 -8.275871949076375245e+00 -5.255031722103117531e+00 -8.275871949076375245e+00 -2.148383795050803968e+01
-2.286094508941031833e+01 -9.524393462071220062e-01 9.311617987273246300e+00 -9.524393462071220062e-01 -2.734855165649680231e+01 8.749294648140740760e-01 9.311617987273246300e+00 8.749294648140740760e-01 -2.503667939842351942e+01
1.545797640735620249e+01 2.881048290254825783e+00 -1.501090218063096282e+00 2.881048290254825783e+00 1.476538221917740223e+01 -1.247770804389245619e-01 -1.501090218063096282e+00 -1.247770804389245619e-01 -4.275291674934243247e+01
-1.795384802714705330e+01 8.701745357610239040e+00 4.905029257178802560e+00 8.701745357610239040e+00 -1.194179578859877644e+01 3.953742445552409723e+00 4.905029257178802560e+00 3.953742445552409723e+00 -5.199245500985647794e+01
-1.015326417571790252e+01 5.171751379727266951e+00 -1.644391522926930804e+00 5.171751379727266951e+00 -1.252502827297570143e+01 9.659856145626545043e+00 -1.644391522926930804e+00 9.659856145626545043e+00 5.066923336112494347e+00
3.689795164642928427e+01 -7.305366557883314016e+00 5.020939925554920080e+00 -7.305366557883314016e+00 1.246620539145548356e+01 -4.450920674087937456e+00 5.020939925554920080e+00 -4.450920674087937456e+00 8.790299470917867453e+00
-3.185250018955355955e+01 -2.726903059423286368e+00 4.378183958145998922e+00 -2.726903059423286368e+00 -2.198376516601931030e+01 -1.320598143883076148e+01 4.378183958145998922e+00 -1.320598143883076148e+01 2.201707139495768217e+01
-1.063061614556734114e+01 -6.530222231646613196e+00 6.425532306231056534e-01 -6.530222231646613196e+00 -5.916538359259131408e-01 -5.219235552796837041e+00 6.425532306231056534e-01 -5.219235552796837041e+00 -2.028901955080449682e+01
4.620919411162026336e+01 1.676885487919293638e+01 -7.120774662849034264e+00 1.676885487919293638e+01 2.713412192203064777e+01 -1.741762965196472379e+01 -7.120774662849034264e+00 -1.741762965196472379e+01 2.194147052419567245e+01
-4.208279890091322528e+01 1.120069154969712422e+01 8.799673380002397849e+00 1.120069154969712422e+01 -5.159769538265842215e+01 -1.064984997911712306e+01 8.799673380002397849e+00 -1.064984997911712306e+01 -4.289247458861790818e+01
-3.706422398913468186e+01 -7.974806025540807752e+00 -6.294986099866108020e+00 -7.974806025540807752e+00 -4.047190541749966286e+01 1.611882565230854603e+00 -6.294986099866108020e+00 1.611882565230854603e+00 -7.869806231065389568e+01
-1.122268061759219826e+01 -8.064359816497406186e+00 8.242234358210284384e+00 -8.064359816497406186e+00 -3.001339289537351362e+01 -1.752665718117055738e+00 8.242234358210284384e+00 -1.752665718117055738e+00 -2.398225010607167107e+01
3.732123132703826940e+01 1.503669421167724707e+01 -1.232017465982395166e+01 1.503669421167724707e+01 3.162701526845075861e+01 4.983507177174154812e+00 -1.232017465982395166e+01 4.983507177174154812e+00 -2.455255603466402547e+01
3.036480843457508350e+00 1.812197202698586640e+00 -2.848470949393754115e+00 1.812197202698586640e+00 -2.388777574976105544e+00 7.304376401586581968e-01 -2.848470949393754115e+00 7.304376401586581968e-01 -1.010852337839744131e+01
-3.026804990101772930e+01 -9.360335175800663876e+00 2.230843787431364689e+00 -9.360335175800663876e+00 -5.001656165402408050e+01 1.697464177697439780e+01 2.230843787431364689e+00 1.697464177697439780e+01 -4.840981550869596362e+01
3.138764985950212960e+01 -1.289875056891149541e+01 -1.463685286785218809e+00 -1.289875056891149541e+01 1.602805271027217771e+01 -8.943237682959088275e+00 -1.463685286785218809e+00 -8.943237682959088275e+00 1.260458846690152512e+01
-7.624810109311391138e+00 -1.502673211384556495e+01 4.165630173700636263e+00 -1.502673211384556495e+01 -2.312814935526079196e+01 -5.718731518063784769e+00 4.165630173700636263e+00 -5.718731518063784769e+00 -4.686448221769556000e+01
4.239231504833753661e+01 -2.962705448789758833e+00 5.623013437343857390e+00 -2.962705448789758833e+00 2.605718781544076634e+01 -9.447247648230383543e-01 5.623013437343857390e+00 -9.447247648230383543e-01 3.817332381508800410e+01
1.340597971110631903e+01 1.614970854669979694e+00 -6.022250969017005851e+00 1.614970854669979694e+00 1.870997460314590910e+01 7.266430999990128869e-01 -6.022250969017005851e+00 7.266430999990128869e-01 2.163034673750657078e+01
-2.439975761405199961e+01 -2.604786917299936277e+00 4.511395830900514770e-01 -2.604786917299936277e+00 -1.878446078987893486e+01 -2.722907001830647822e+00 4.511395830900514770e-01 -2.722907001830647822e+00 -1.062233950523435233e+01
5.634485341544181836e+01 -2.745067783193895217e+00 -6.045274665747728982e+00 -2.745067783193895217e+00 5.812199516902645513e+01 4.128960743233291097e+00 -6.045274665747728982e+00 4.128960743233291097e+00 2.743419842422233046e+01
2.422678452451888020e+01 -3.975906075517378735e+00 -8.779699993761639121e+00 -3.975906075517378735e+00 2.998023767287812191e+01 -1.377193644725158261e+00 -8.779699993761639121e+00 -1.377193644725158261e+00 -2.827092346558216107e+01
3.677901251924566139e+01 2.079919517522925254e+00 -9.888581065183776886e+00 2.079919517522925254e+00 3.398275901028009116e+01 -4.749721078488516213e+00 -9.888581065183776886e+00 -4.749721078488516213e+00 2.684351949088592804e+01
-1.643747472898731843e+01 -9.162095786952130894e+00 -1.035570118357849267e+01 -9.162095786952130894e+00 -2.218453453379863660e+01 1.342885471477486448e+01 -1.035570118357849267e+01 1.342885471477486448e+01 -4.888259648144487102e+01
-5.468509613840004846e+01 -6.407844396944328835e+00 -6.490607427517384842e+00 -6.407844396944328835e+00 -7.447439517631445938e+01 -6.215461408436759427e+00 -6.490607427517384842e+00 -6.215461408436759427e+00 -9.163771199877531615e+01
