-3.930243495030052880e+00 1.082655900808022764e+01 1.540751315807605826e+00 1.082655900808022764e+01 -4.748357542375442719e+00 8.038631605366035160e+00 1.540751315807605826e+00 8.038631605366035160e+00 -6.350901598715329222e+00
-6.082775126855023196e+00 3.929390729365109802e+00 2.975516166202681667e+00 3.929390729365109802e+00 -1.184387921900197504e+01 -1.904067319215943632e+00 2.975516166202681667e+00 -1.904067319215943632e+00 -4.733249560461464256e+01
-1.813377063844790626e+01 -9.178484815146662257e+00 5.586126295845007306e+00 -9.178484815146662257e+00 -5.196543534143859944e+00 -2.029943580556401272e+01 5.586126295845007306e+00 -2.029943580556401272e+01 -3.040631316865241374e+01
-4.815669940246650960e+00 -1.810980880540370563e+01 -4.848684254420973616e+00 -1.810980880540370563e+01 -1.329596528218373841e+01 -6.186461669785267681e+00 -4.848684254420973616e+00 -6.186461669785267681e+00 -3.940327435269112044e+01
4.021310390383441558e+01 -3.797014101497797056e-01 -3.181135095765153409e+00 -3.797014101497797056e-01 3.802118223942621711e+01 -3.878046654295074003e+00 -3.181135095765153409e+00 -3.878046654295074003e+00 5.576286692296596570e+00
-3.245010883754743336e+00 -6.233783651537915915e+00 -7.239352776439391235e+00 -6.233783651537915915e+00 3.615749500904672509e+00 9.753306975891868902e+00 -7.239352776439391235e+00 9.753306975891868902e+00 -2.071358426890774496e+01
3.877157009407248722e+01 -2.800676087907265632e+00 -1.060843137639889466e+00 -2.800676087907265632e+00 3.601062598375776247e+01 -3.606472203748815275e+00 -1.060843137639889466e+00 -3.606472203748815275e+00 1.130613499695815705e+01
-1.992864356116218705e+00 -8.316258175793245222e-01 2.745628449832971274e+00 -8.316258175793245222e-01 -1.485872845537541487e+01 -3.825650049247428353e+00 2.745628449832971274e+00 -3.825650049247428353e+00 2.565349499251108867e+01
4.445410541554905848e+01 8.933693353264757775e+00 -1.421200045656132893e+01 8.933693353264757775e+00 5.162955241086149982e+01 -5.826745180671547786e+00 -1.421200045656132893e+01 -5.826745180671547786e+00 2.450191777608413801e+01
9.953601276330740433e+00 3.003563302683469161e+00 -5.775998904193987649e+00 3.003563302683469161e+00 1.059877912699788638e+01 -5.878942597783885837e+00 -5.775998904193987649e+00 -5.878942597783885837e+00 -9.372297429442225436e+00
4.870437875681098916e+01 1.216565809038118751e+01 -1.378081271755569226e+01 1.216565809038118751e+01 3.346565401689156261e+01 -1.298185281202855457e+01 -1.378081271755569226e+01 -1.298185281202855457e+01 -6.453442114797704576e+00
6.306442235519432948e+00 -3.203516870748746026e+00 -2.922293082816264320e+00 -3.203516870748746026e+00 -1.458572001215986802e+01 -7.264721048546515014e+00 -2.922293082816264320e+00 -7.264721048546515014e+00 2.141326659024673162e+01
9.060887267820531832e-02 -9.748379872806712143e+00 -7.521281162751409788e-01 -9.748379872806712143e+00 -1.240903937887557973e+01 1.506256365786700968e+00 -7.521281162751409788e-01 1.506256365786700968e+00 -1.404620517425301784e+01
2.128674193723288255e+01 1.053288764627048124e+01 9.017969980471367109e+00 1.053288764627048124e+01 3.713889656561985220e+01 4.419235176578123259e+00 9.017969980471367109e+00 4.419235176578123259e+00 1.097013748696557656e+01
-4.223723594947043125e+01 3.739894274356068582e+00 -6.351639681735057330e+00 3.739894274356068582e+00 -3.185818808397754154e+01 -7.846082849310475282e+00 -6.351639681735057330e+00 -7.846082849310475282e+00 -2.461090453297159186e+01
9.545027435186644871e-01 -3.486658440330429265e+00 4.311659758365744999e+00 -3.486658440330429265e+00 -6.497653249903543760e+00 4.493376369378331070e+00 4.311659758365744999e+00 4.493376369378331070e+00 -1.377076891190608698e+01
3.254472684480346345e+01 -2.035201551993243374e+00 -1.350648433087766698e+01 -2.035201551993243374e+00 4.450923053323138134e+01 4.751339105066096913e+00 -1.350648433087766698e+01 4.751339105066096913e+00 -9.569451431817263654e+00
-9.704235992048086956e+00 3.092281870998264015e+00 -4.920644901328410370e+00 3.092281870998264015e+00 -4.596205062048451850e+01 -2.293150243188563309e+00 -4.920644901328410370e+00 -2.293150243188563309e+00 3.166857747541820256e+00
5.128133907867265862e+01 1.058999128885431684e+00 8.157430990011169669e+00 1.058999128885431684e+00 4.924016595834483923e+01 -7.771105247722166709e+00 8.157430990011169669e+00 -7.771105247722166709e+00 2.123347796447328406e+00
-1.180187384766953684e+01 2.998275580011264818e+00 3.595072732625201883e-01 2.998275580011264818e+00 -1.163019170280680648e+01 3.042857272215101494e-01 3.595072732625201883e-01 3.042857272215101494e-01 4.865344448088913865e+00
2.583247373747186515e+01 7.565398303543986458e+00 1.178222048752055962e+01 7.565398303543986458e+00 3.465564047021706529e+01 1.571823611580538937e+01 1.178222048752055962e+01 1.571823611580538937e+01 1.280397144405625021e+01
-1.410393495702843580e+01 -4.949850353648875156e+00 -1.049193859074170732e+01 -4.949850353648875156e+00 -2.358977133254414493e+00 2.639858764732685437e+00 -1.049193859074170732e+01 2.639858764732685437e+00 2.873883049716664928e+01
3.642884126455418481e-01 6.063934458857136001e+00 -1.034013660520696654e+01 6.063934458857136001e+00 1.923080273362574699e+00 -3.539621434021100299e+00 -1.034013660520696654e+01 -3.539621434021100299e+00 7.486074589663114232e-01
3.043398088984007099e+00 1.463736306372809715e+00 -2.966066040810430397e-03 1.463736306372809715e+00 -3.569318241726028074e+00 -2.881826999688672064e+00 -2.966066040810430397e-03 -2.881826999688672064e+00 -1.137363259108780156e+01
1.795454427202737335e+01 -1.730296825909723557e+00 5.205758075443083222e+00 -1.730296825909723557e+00 1.701467318912769144e+01 1.820561973174170900e+00 5.205758075443083222e+00 1.820561973174170900e+00 1.449344446050363722e+00
-1.466291979665307998e+01 1.062892514590366488e+00 -3.794578124781369244e+00 1.062892514590366488e+00 -1.878071392961497565e+01 -1.639126747572899223e+00 -3.794578124781369244e+00 -1.639126747572899223e+00 -7.449234782259341614e+01
-1.625966053422242297e+01 7.143036263365513949e-02 7.049627327613810834e+00 7.143036263365513949e-02 -2.934321503885762183e+01 8.292713667730195581e+00 7.049627327613810834e+00 8.292713667730195581e+00 -2.355213296525699462e+01
4.057196588759702394e+01 9.529702347154248798e+00 -3.973242124346937132e+00 9.529702347154248798e+00 3.206803013676510261e+01 -9.500662526179018741e+00 -3.973242124346937132e+00 -9.500662526179018741e+00 -1.289025380016848921e+01
-3.502956185693796576e-02 -5.536917406716159729e-01 -7.487587798581931686e+00 -5.536917406716159729e-01 -2.052352602436411999e+01 1.687504175334020973e+00 -7.487587798581931686e+00 1.687504175334020973e+00 1.418810965174636074e+01
-2.479942950322188366e+01 -1.445050019014167653e+01 -1.445544665701564480e+00 -1.445050019014167653e+01 -2.999458602709887245e+01 -5.926700250349925092e+00 -1.445544665701564480e+00 -5.926700250349925092e+00 -1.907140625026768177e+01
3.734617955982083970e+01 6.381354057731797980e+00 -4.317647275858014666e+00 6.381354057731797980e+00 3.838531853947434769e+01 -1.409773012646155621e+00 -4.317647275858014666e+00 -1.409773012646155621e+00 4.979900332610623082e+01
-5.499200392239529833e+00 8.487740764512778924e+00 6.164592521721213858e-01 8.487740764512778924e+00 -1.787869515253315100e+01 3.258290775269579581e-02 6.164592521721213858e-01 3.258290775269579581e-02 8.168073043934619193e+00
7.208764533971200095e+00 3.053361158865252722e+00 -4.176255724427451632e+00 3.053361158865252722e+00 3.572666042000859132e+00 -8.831787207497638903e+00 -4.176255724427451632e+00 -8.831787207497638903e+00 -3.929248738384562234e+00
4.998036586271315862e+00 2.911524858836120444e+00 2.144043368154243456e+00 2.911524858836120444e+00 3.569414808870781552e+00 8.438705354665289704e+00 2.144043368154243456e+00 8.438705354665289704e+00 1.761614341496050118e+00
2.277222802543067814e+01 -7.610910901840768794e+00 1.568614423629483445e+00 -7.610910901840768794e+00 2.563583295482357727e+01 4.249991493487983441e+00 1.568614423629483445e+00 4.249991493487983441e+00 1.398981055144271402e+01
-1.407452587417088807e+01 3.383142212991126496e-01 9.304985067658552822e+00 3.383142212991126496e-01 -2.398185853682545599e+01 9.495638504719288164e+00 9.304985067658552822e+00 9.495638504719288164e+00 -5.618309704270633631e+01
-2.533294050674963493e+00 1.338355474989027805e+01 9.064403282108546733e+00 1.338355474989027805e+01 8.886835740784448490e+00 8.998220256980792087e+00 9.064403282108546733e+00 8.998220256980792087e+00 -1.478441322392720991e+01
-1.809576689033695063e+00 -7.948624785426143369e+00 -3.474965315246904551e-01 -7.948624785426143369e+00 -1.249360138204238879e+01 6.791723901828816246e+00 -3.474965315246904551e-01 6.791723901828816246e+00 2.477949412562065135e+01
1.704060321145897561e+01 1.487020944944975609e-01 -1.745256204175410986e+01 1.487020944944975609e-01 4.362687800666164151e+01 -9.600053256866830864e+00 -1.745256204175410986e+01 -9.600053256866830864e+00 -2.632931079586342449e+01
2.896910751148802277e+01 6.011916233373925778e+00 4.044486206773191483e+00 6.011916233373925778e+00 4.375657355246884350e+01 -3.196839238714874298e+00 4.044486206773191483e+00 -3.196839238714874298e+00 5.695726841362616710e+01
-1.080477828062853085e+01 -8.026461653649466399e+00 -1.141209878538933659e-01 -8.026461653649466399e+00 -1.656803164347324397e+01 5.742829522486402105e+00 -1.141209878538933659e-01 5.742829522486402105e+00 -5.874171961399012076e+01
-2.172575944597393516e+01 -1.442513945543421627e+01 -1.591011406723602306e+00 -1.442513945543421627e+01 -4.365206094328864417e+00 -7.981306846842292302e+00 -1.591011406723602306e+00 -7.981306846842292302e+00 -5.447830061077566199e+01
1.398417808071982904e+01 7.652195052906517470e-01 -5.516436761840026293e+00 7.652195052906517470e-01 1.679007479922791646e+01 7.270553251849049659e+00 -5.516436761840026293e+00 7.270553251849049659e+00 3.348695737058031341e+01
1.156355604211572263e+01 -2.556572595170533813e+00 6.450075900347215452e+00 -2.556572595170533813e+00 1.098598115257932761e+01 9.711937573074962415e+00 6.450075900347215452e+00 9.711937573074962415e+00 1.295839845829522652e+01
4.958955276120320832e+01 1.716931689841871744e+01 -2.609405681665756482e+00 1.716931689841871744e+01 4.498288875047287405e+01 -2.428932750370866867e+00 -2.609405681665756482e+00 -2.428932750370866867e+00 2.453593889797162220e+01
-5.503833165697426466e+01 8.272856105492328638e+00 6.892474685538955148e-01 8.272856105492328638e+00 -3.469085494725830188e+01 -2.711092944349457579e+00 6.892474685538955148e-01 -2.711092944349457579e+00 -5.156167852134129959e+01
1.939535006093052161e+01 4.973940814751570128e-01 5.084199526709362260e+00 4.973940814751570128e-01 -1.010694102665590899e+00 -2.182011662651626338e+01 5.084199526709362260e+00 -2.182011662651626338e+01 -1.306586174900107977e+01
-3.519979054481228786e+01 2.199682533294765818e+00 -1.576003867935145575e+00 2.199682533294765818e+00 -4.351168557732723485e+01 -3.110888222885757060e+00 -1.576003867935145575e+00 -3.110888222885757060e+00 -5.958240082678053540e+01
5.808535987730647321e+01 1.441276779208350511e+01 9.456656012640605624e+00 1.441276779208350511e+01 5.654275441076744357e+01 8.089793031018203351e+00 9.456656012640605624e+00 8.089793031018203351e+00 3.344005688608464055e+01
5.735536535213258702e+01 -7.398788388526807758e+00 -1.136192603312481619e+00 -7.398788388526807758e+00 6.009517831103276109e+01 6.952708344685729180e+00 -1.136192603312481619e+00 6.952708344685729180e+00 4.977296577608838923e+00
4.234384586880861434e+01 2.311841908851589356e+00 4.858186671246624705e-02 2.311841908851589356e+00 3.753846760015093054e+01 -1.676264096497376288e+00 4.858186671246624705e-02 -1.676264096497376288e+00 2.627435013161530364e+01
4.589529467380904748e+01 1.379785834729299765e+01 -6.954260501727009824e+00 1.379785834729299765e+01 3.188794581834402564e+01 -1.728970456021839963e-01 -6.954260501727009824e+00 -1.728970456021839963e-01 -1.160091340498050805e+01
3.292147152714242253e+01 7.767101063979620079e+00 -8.111140973921626696e+00 7.767101063979620079e+00 2.633276258883718057e+01 3.678280151701961986e-01 -8.111140973921626696e+00 3.678280151701961986e-01 4.103046212602089327e+01
2.623538291961677160e+01 1.393530262618105198e+01 1.281932920655550312e+01 1.393530262618105198e+01 2.866747386469879544e+01 5.422112099999877088e+00 1.281932920655550312e+01 5.422112099999877088e+00 -3.407513609559496004e+00
3.617849611022090350e-01 8.436882492106850151e+00 -3.989210458652991065e+00 8.436882492106850151e+00 -2.621517035087064684e+01 1.434732455028420839e+00 -3.989210458652991065e+00 1.434732455028420839e+00 3.577490735324752791e+01
1.262760646724817271e+01 4.669341918316049500e-01 6.359578849453543015e+00 4.669341918316049500e-01 -9.421751288425445736e+00 1.016478322287047575e+01 6.359578849453543015e+00 1.016478322287047575e+01 1.862228558696846648e+01
2.162550054280690048e+01 -8.126671107739831257e+00 5.049130366723358243e+00 -8.126671107739831257e+00 1.552675448204023567e+01 5.496381479477506105e+00 5.049130366723358243e+00 5.496381479477506105e+00 -1.710161473179718072e+01
-2.640387306182248039e+01 7.155294365981382576e+00 1.023106758298549401e+01 7.155294365981382576e+00 -1.342371290464339317e+01 1.681927673618071939e+00 1.023106758298549401e+01 1.681927673618071939e+00 -9.327634156462224269e+00
3.055577289059451829e+01 8.731037776259148231e+00 6.652377449113896724e+00 8.731037776259148231e+00 2.759871686851065675e+01 -3.327683296750559183e+00 6.652377449113896724e+00 -3.327683296750559183e+00 4.277805142308136466e-01
-1.831754528984919972e+01 2.084140528736703857e+00 1.746969406888035925e+00 2.084140528736703857e+00 -9.577385579204241495e+00 -1.270088597033779365e+01 1.746969406888035925e+00 -1.270088597033779365e+01 -1.361018258068188658e+00
3.421900487192974794e+01 1.846425087597511006e+00 -1.889733646327393046e+01 1.846425087597511006e+00 3.103483548899266964e+01 1.622606529674116871e+01 -1.889733646327393046e+01 1.622606529674116871e+01 1.767269838866511833e+01
-6.750394488161528983e+00 1.421257153466536138e+01 1.132214430226871738e+00 1.421257153466536138e+01 -1.636549770752378663e+01 -1.521412704296423835e+00 1.132214430226871738e+00 -1.521412704296423835e+00 -2.405000295912704544e+01
1.420395188144007115e+01 9.818170198189466902e+00 -2.492141851655805596e+00 9.818170198189466902e+00 2.137355806899734390e+01 1.511156713962310683e+01 -2.492141851655805596e+00 1.511156713962310683e+01 3.302982669219295175e+00
-1.348395525893667291e+01 9.204525227842008661e+00 -3.450545441716220019e+00 9.204525227842008661e+00 -1.573454681815812961e+01 -2.725668321352777479e+00 -3.450545441716220019e+00 -2.725668321352777479e+00 2.383139284914417644e+01
-1.038494053170181708e+01 -3.830034475965157892e+00 -1.533469740363791267e+01 -3.830034475965157892e+00 -1.799233548108565373e+01 2.277258193142705522e+01 -1.533469740363791267e+01 2.277258193142705522e+01 -2.667608218656751973e+01
5.443407301441409629e+01 -5.059947589596982986e+00 -4.653151076906607564e+00 -5.059947589596982986e+00 4.924505269812504338e+01 3.589088774432579676e+00 -4.653151076906607564e+00 3.589088774432579676e+00 2.884119087664090841e+01
2.430742482582425978e+01 9.979919458608330629e+00 -4.384315742192020693e+00 9.979919458608330629e+00 1.697291171941251520e+01 1.832399142145727078e+00 -4.384315742192020693e+00 1.832399142145727078e+00 -1.215081124359273979e+01
-2.059535425045540080e+01 -4.772385415210756321e+00 -5.141523685986218339e+00 -4.772385415210756321e+00 6.575968888673581425e+00 5.484186732150641674e+00 -5.141523685986218339e+00 5.484186732150641674e+00 3.364240805851566307e+01
8.767484048099438709e+00 -1.678300035034266946e+00 -7.652144394072141864e+00 -1.678300035034266946e+00 3.583174843039508062e+00 1.005174967986013890e+01 -7.652144394072141864e+00 1.005174967986013890e+01 -9.257436849276645674e+00
-1.447843825241468352e+01 1.623335913979019551e+01 -3.764907291158261060e+00 1.623335913979019551e+01 -1.210821938057584202e+00 -8.734743274721008532e+00 -3.764907291158261060e+00 -8.734743274721008532e+00 -2.091661778927996451e+01
-6.481657654255916334e+00 1.667458864557360698e+00 -4.612024575032627638e+00 1.667458864557360698e+00 -8.105724882308349422e+00 5.688442511466672569e-01 -4.612024575032627638e+00 5.688442511466672569e-01 -1.475403377799212379e+01
-2.334466133878363792e+01 -1.246409662698740872e+00 -3.148515447529100619e+00 -1.246409662698740872e+00 -2.528325379409628582e+01 -8.793853040341381710e-01 -3.148515447529100619e+00 -8.793853040341381710e-01 -5.758648644357354129e+01
-3.512135606296001811e+01 -2.305760645471514270e+00 -6.789114890563921811e+00 -2.305760645471514270e+00 -1.723866078834579341e+01 4.138271743522006219e+00 -6.789114890563921811e+00 4.138271743522006219e+00 -3.295830122813539020e+01
4.547716296946975945e+01 9.460626719746134228e+00 -6.247109989316584233e+00 9.460626719746134228e+00 5.346299653438126143e+01 7.145198233287502809e+00 -6.247109989316584233e+00 7.145198233287502809e+00 2.415792237383615060e+01
-1.387888950188659543e+01 1.606876921591737784e+01 1.553293236799912380e+00 1.606876921591737784e+01 -2.166668392664832865e+01 -1.043831374591377203e+00 1.553293236799912380e+00 -1.043831374591377203e+00 -2.560427142513530185e+01
2.647562319459028757e+01 -8.652915932904656771e+00 4.581321406466608792e+00 -8.652915932904656771e+00 2.762116198416903146e+01 -5.953785699123196551e+00 4.581321406466608792e+00 -5.953785699123196551e+00 2.868014283185491919e+01
-1.451139155997043950e+01 -4.634302943858348733e+00 2.075074826656306826e+00 -4.634302943858348733e+00 -8.586124657478434230e+00 -4.661215371396547624e+00 2.075074826656306826e+00 -4.661215371396547624e+00 -5.624069019325002472e+01
-3.404242028696155131e+01 9.295369308636921346e+00 -7.692826813374575856e+00 9.295369308636921346e+00 -2.488680353905523290e+01 1.812393777828001618e+01 -7.692826813374575856e+00 1.812393777828001618e+01 -5.397534107386668012e+01
3.670950845335588575e+00 3.210143536686888410e+01 -2.213392924000153528e+00 3.210143536686888410e+01 -5.525134764180559266e+00 7.513908162986709272e+00 -2.213392924000153528e+00 7.513908162986709272e+00 -2.028959924628366096e+01
3.964704469032291456e+01 -6.990168257705237309e+00 -1.194751494924264179e+01 -6.990168257705237309e+00 4.684135988171863119e+01 -1.301991468193782087e+00 -1.194751494924264179e+01 -1.301991468193782087e+00 2.767279712073165587e+00
3.012097725837849183e+01 1.059533155720035325e+01 -1.168380407938511278e-01 1.059533155720035325e+01 2.006082461399930139e+01 8.417531583245462912e+00 -1.168380407938511278e-01 8.417531583245462912e+00 -1.001191919900139204e+01
1.154989728381444358e+01 7.101300825994507626e+00 -3.012919511297404540e+00 7.101300825994507626e+00 5.379197904347344128e+00 2.472614820347398634e+01 -3.012919511297404540e+00 2.472614820347398634e+01 -2.824350156982739790e+01
-5.041465542079726525e+00 -5.485606086983413121e+00 -1.273419340942344391e+01 -5.485606086983413121e+00 -7.739606107906427113e+00 -1.021465979924098022e+01 -1.273419340942344391e+01 -1.021465979924098022e+01 2.609660392473841517e-01
5.224735793276310858e+01 -3.167041726065079388e+00 2.907361207088083432e+00 -3.167041726065079388e+00 6.422594333635213104e+01 -7.621933694014442651e+00 2.907361207088083432e+00 -7.621933694014442651e+00 1.914186094017446393e+01
-9.512758691263245581e+00 -2.545871699766460772e+00 -4.626493434458298637e+00 -2.545871699766460772e+00 -5.679890364386105395e-01 -1.740937137148869240e+01 -4.626493434458298637e+00 -1.740937137148869240e+01 -1.563075909378446404e+01
-4.252355374736918492e+01 1.590882569861734197e+01 1.856340773119785972e-02 1.590882569861734197e+01 -1.633389901797428934e+01 -1.795385640553798012e+01 1.856340773119785972e-02 -1.795385640553798012e+01 -3.800784466042125587e+01
-5.359228858742770996e+00 1.809482153312582886e+00 6.920031223125393538e+00 1.809482153312582886e+00 -1.426519257566381071e+01 -6.243099686332245213e-01 6.920031223125393538e+00 -6.243099686332245213e-01 1.071854690658411791e+01
-1.016278723550921903e+01 4.446121267442498137e+00 9.002284186416256162e+00 4.446121267442498137e+00 -1.088219737758301520e+01 1.495522924974114254e+01 9.002284186416256162e+00 1.495522924974114254e+01 -1.867983448792086421e+01
4.711066582765908350e+01 1.747681474751175523e+00 1.337896375302497942e+00 1.747681474751175523e+00 3.943543400221037132e+01 1.292202476911796438e+01 1.337896375302497942e+00 1.292202476911796438e+01 -2.662746243177273797e+01
-3.004214072064949903e+01 9.567030860516473112e+00 2.055878017188868534e-01 9.567030860516473112e+00 -1.425710399461391553e+01 -9.405737804712481775e+00 2.055878017188868534e-01 -9.405737804712481775e+00 -2.710701273455820726e+01
2.689860622258598610e+01 9.651224740314926720e+00 1.128578965144571633e+01 9.651224740314926720e+00 2.228117950932159985e+01 1.670670358986932946e+00 1.128578965144571633e+01 1.670670358986932946e+00 -6.368231730847146999e-01
3.264658851711970300e+01 1.109444177628455819e+01 1.238829546012616190e+00 1.109444177628455819e+01 2.742342679035782638e+01 -7.315091554212414415e+00 1.238829546012616190e+00 -7.315091554212414415e+00 6.008438733415375488e+00
1.628956440230330704e+00 1.993459843049202362e+01 -1.603327059492951889e+01 1.993459843049202362e+01 -1.417035242377880344e+01 -7.499788358697795365e-01 -1.603327059492951889e+01 -7.499788358697795365e-01 -2.610726954869236494e+01
-2.534604111627154310e+01 8.072743097647019361e-01 -5.567560321148949498e+00 8.072743097647019361e-01 -2.260801021026027513e+01 1.632936502238749421e+00 -5.567560321148949498e+00 1.632936502238749421e+00 -1.313618342373070824e+01
-3.526205359074258183e+01 1.037300706462286648e+01 -2.084475302683953757e+00 1.037300706462286648e+01 -4.292067360585190983e+01 -9.917580668591478243e+00 -2.084475302683953757e+00 -9.917580668591478243e+00 -7.400081748697962780e+01
-5.635291704547245040e+00 -6.339175653506062602e+00 -3.232363843822197769e+00 -6.339175653506062602e+00 2.743514496636402900e+00 -4.885479105517444687e+00 -3.232363843822197769e+00 -4.885479105517444687e+00 -2.176114438673695162e+01
-1.288265025584263945e+01 -1.808519021699469542e+00 -6.258609253556888241e+00 -1.808519021699469542e+00 -3.157999044887782047e-01 7.536591604839035341e+00 -6.258609253556888241e+00 7.536591604839035341e+00 -2.483007397047370191e+01
1.431075649384084159e+01 1.980626455514782114e+00 2.543656902785201290e-01 1.980626455514782114e+00 2.090654290555366757e+01 1.161588521632567345e-01 2.543656902785201290e-01 1.161588521632567345e-01 -3.807254528869224686e+01
-4.041241702775048594e+01 2.405401811606292295e+00 9.107293894480813501e-01 2.405401811606292295e+00 -3.345094605992785830e+01 -3.355663346381635659e+00 9.107293894480813501e-01 -3.355663346381635659e+00 -2.023444172520400386e+01
1.591686832157895282e+01 3.017429083241571774e+00 -1.564560667338141009e+01 3.017429083241571774e+00 1.794588503340346008e+01 1.295481592389287862e+01 -1.564560667338141009e+01 1.295481592389287862e+01 -4.323536701714149721e+00
