-1.949313142775784513e+01 7.848814610012965431e+00 4.761550439342150831e+00 7.848814610012965431e+00 -3.922838582081597991e+01 -5.386326889541956930e+00 4.761550439342150831e+00 -5.386326889541956930e+00 -2.395505360663482364e+01
-3.877970287110102721e+00 5.832254877431041429e+00 1.025293840252038002e+01 5.832254877431041429e+00 -3.962081490990218668e+01 1.005987040827899248e+00 1.025293840252038002e+01 1.005987040827899248e+00 -9.649422153854708029e+00
2.869534332883820760e+00 4.015912911977900457e+00 1.525843240232890885e+01 4.015912911977900457e+00 -8.295613855961097016e+00 -9.343349318039248175e+00 1.525843240232890885e+01 -9.343349318039248175e+00 -1.353705781634438488e+01
-3.165593650187681263e+01 1.089256210787022461e+01 2.241135675673780270e+01 1.089256210787022461e+01 -6.664322759133978025e+01 -9.840311613690124304e+00 2.241135675673780270e+01 -9.840311613690124304e+00 -2.221069563302385674e+01
-1.623446134795411666e+01 -1.584464332846258117e+01 4.210868845589025300e-01 -1.584464332846258117e+01 -3.082334167314940032e+01 1.205146761540267342e+01 4.210868845589025300e-01 1.205146761540267342e+01 -1.001528367455511237e+01
2.822155744004875455e+00 -3.839399615681109879e+00 8.669330203445605676e+00 -3.839399615681109879e+00 -1.090213663834669156e+01 9.490796734407909163e-01 8.669330203445605676e+00 9.490796734407909163e-01 1.769380341760288999e+01
-2.178625887194040445e+01 -4.503926533667454102e+00 1.065786537783212395e+01 -4.503926533667454102e+00 -4.109559873886135506e+01 -4.787967437903331569e-01 1.065786537783212395e+01 -4.787967437903331569e-01 -2.113442882996589489e+01
3.712088674978739178e+00 4.083880421088822210e+00 1.131889174054915514e+01 4.083880421088822210e+00 -1.274840333377944823e+01 -1.142370208335842241e+00 1.131889174054915514e+01 -1.142370208335842241e+00 -9.379724313177005612e+00
1.228913489319374364e+01 2.844214074944819703e+00 2.469365084427057866e+01 2.844214074944819703e+00 -1.241144099910756182e+01 -5.461379782278724448e+00 2.469365084427057866e+01 -5.461379782278724448e+00 1.976201903169443597e+01
2.913508958296576168e+01 1.520947795297834659e+01 3.504526759038901673e+01 1.520947795297834659e+01 -1.537959305949468458e+01 1.161506756380988747e+01 3.504526759038901673e+01 1.161506756380988747e+01 -5.960244184163832948e+00
-2.346878183160272968e+00 7.820296140194118450e+00 1.859969235279035615e+01 7.820296140194118450e+00 -7.832215478915579787e+00 -5.858228946294508077e+00 1.859969235279035615e+01 -5.858228946294508077e+00 5.015427269435558166e+00
1.010918832142103518e+01 -4.175073687892933982e+00 8.705683823843907376e+00 -4.175073687892933982e+00 -1.272874558032279246e+01 2.815020482857141459e+00 8.705683823843907376e+00 2.815020482857141459e+00 1.920360717380404836e+01
-1.250745573802704058e+01 -1.321924434401339532e+01 8.155970970830832556e+00 -1.321924434401339532e+01 -3.181246041181434236e+01 -8.231585866198416479e-01 8.155970970830832556e+00 -8.231585866198416479e-01 7.558550260581236913e+00
-7.903247523712521705e+00 2.664845059305182673e+00 1.497499780264023883e+01 2.664845059305182673e+00 -2.863766641879819375e+01 -1.718967006393029795e+00 1.497499780264023883e+01 -1.718967006393029795e+00 -9.499973140026362728e+00
4.047237075366150805e+01 7.949268117156384150e+00 1.444547948353315903e+01 7.949268117156384150e+00 -2.041836204421583201e+00 6.081462705500296551e+00 1.444547948353315903e+01 6.081462705500296551e+00 3.567960723228608089e+01
5.329898266354434355e+01 9.964012377220532457e+00 2.146365269161423583e+01 9.964012377220532457e+00 1.365365556490639509e+00 -1.599671743723654949e+01 2.146365269161423583e+01 -1.599671743723654949e+01 4.608765841053575230e+00
-4.210048046234974350e+01 -4.639993137136015022e+00 4.891221897222171600e-01 -4.639993137136015022e+00 -4.505887734773659759e+01 -5.049967739538632649e+00 4.891221897222171600e-01 -5.049967739538632649e+00 -3.126577935746425752e+01
-1.303697382081792355e+01 -2.081093740918635859e+00 3.077185286705749867e+00 -2.081093740918635859e+00 -2.123167257697698318e+01 1.651844845890927393e+00 3.077185286705749867e+00 1.651844845890927393e+00 -1.008339389428097554e+01
3.155200070028267945e+01 1.017644761763516392e+01 2.870153437071988023e+01 1.017644761763516392e+01 -4.453760606686626433e-01 2.182957715166768509e+00 2.870153437071988023e+01 2.182957715166768509e+00 -1.725804098204114068e+00
-1.784610956820093630e+00 3.589989285281599329e+00 1.150023132559702610e+01 3.589989285281599329e+00 -3.058904464954475699e+01 6.108417884300966216e-01 1.150023132559702610e+01 6.108417884300966216e-01 -1.944614149400549152e+01
-2.762059173961147707e+01 1.533138980113456995e+01 1.357591798417607265e+01 1.533138980113456995e+01 -4.767086207523792751e+01 -2.054987683840644053e+01 1.357591798417607265e+01 -2.054987683840644053e+01 -2.023755533268639084e+01
-8.672508242820237356e+00 -1.266916379049130903e+00 1.711911127365288365e+01 -1.266916379049130903e+00 -1.495093001130702071e+01 6.777156359627756199e-01 1.711911127365288365e+01 6.777156359627756199e-01 1.294919837442896338e+01
-2.624829027706094564e+01 3.739224927871756421e+00 -1.490362612116396868e+00 3.739224927871756421e+00 -3.356113035734973238e+01 6.575955118238542063e+00 -1.490362612116396868e+00 6.575955118238542063e+00 -2.117562531853518948e+01
-1.176073734979187968e+01 -1.391771342339980855e+01 1.032471031482609369e+01 -1.391771342339980855e+01 -4.020400031290881770e+01 3.980461985455483909e+00 1.032471031482609369e+01 3.980461985455483909e+00 -2.149744594859194180e+01
-5.634520565116596380e-01 -1.162990292070205456e+01 1.166212582063880809e+01 -1.162990292070205456e+01 -3.602830904124272848e+01 1.531760380026470525e+00 1.166212582063880809e+01 1.531760380026470525e+00 3.419986119287746540e+00
-2.557575386573127219e+01 -3.610003372346721306e+00 1.202549837075206085e+01 -3.610003372346721306e+00 -5.233820391013089335e+01 5.096158381683071337e-01 1.202549837075206085e+01 5.096158381683071337e-01 -2.274398875138141207e+01
-1.958832199116834971e+01 -3.037024173440203700e+00 3.308737815558016049e+00 -3.037024173440203700e+00 -2.076650330309162129e+01 6.221201668805217189e+00 3.308737815558016049e+00 6.221201668805217189e+00 -1.192498715762668660e+01
-1.889187890794245916e+01 -3.627305132218237471e+00 1.827169837249439510e+01 -3.627305132218237471e+00 -4.706294450818383268e+01 -4.111464285851599065e+00 1.827169837249439510e+01 -4.111464285851599065e+00 -2.581556624088998575e+01
-2.393069624720437005e+01 8.252009842929171057e+00 1.439849710028017782e+01 8.252009842929171057e+00 -3.636024342218918548e+01 9.318019550798775086e+00 1.439849710028017782e+01 9.318019550798775086e+00 -3.731416668010251669e+01
-2.669511947273047192e-01 3.009892492150465948e+00 2.115131596896893740e+01 3.009892492150465948e+00 -1.977377758822134624e+01 3.368624934279667027e-01 2.115131596896893740e+01 3.368624934279667027e-01 9.548927362961897813e+00
6.060431861170935264e+01 -8.095813420225480783e+00 1.492063115356405412e+01 -8.095813420225480783e+00 3.190368632760577938e+01 -1.230430604036796360e+01 1.492063115356405412e+01 -1.230430604036796360e+01 4.791538240647669511e+01
5.827098754191855967e+00 -1.794651596817288697e+00 1.393497473928673891e+01 -1.794651596817288697e+00 -2.519533986465272157e+00 -7.682221807735353458e+00 1.393497473928673891e+01 -7.682221807735353458e+00 6.870486158023214607e+00
-1.050113660686630013e+01 5.377400039729147707e+00 -1.130717660635898403e+00 5.377400039729147707e+00 -3.825845262714676398e+00 -1.029931758861744706e+00 -1.130717660635898403e+00 -1.029931758861744706e+00 6.096724185547341968e+00
1.641751787896871662e+01 -4.611988057417050868e+00 -1.037206292035527433e+01 -4.611988057417050868e+00 1.428689992937794660e-02 1.743695684785587341e+00 -1.037206292035527433e+01 1.743695684785587341e+00 1.382014340269745567e+01
-3.295463246091320908e+00 8.416737668518933901e+00 6.061729958665518225e+00 8.416737668518933901e+00 -1.643610827416676301e+01 1.659115096036470685e-02 6.061729958665518225e+00 1.659115096036470685e-02 4.435962716164564945e+00
3.463794377895770715e+00 9.244030192641355725e+00 1.148003499771118463e+01 9.244030192641355725e+00 1.627359007929413348e+00 -1.823158514747539538e+00 1.148003499771118463e+01 -1.823158514747539538e+00 3.497578912132945361e-01
-5.624163187635381256e+00 5.227034680268451972e+00 3.305494791957674483e+00 5.227034680268451972e+00 -4.349415900222989961e+00 -2.981212514039361938e+00 3.305494791957674483e+00 -2.981212514039361938e+00 -8.632325393378842415e-01
6.884081194326169273e-01 -1.557422276742783662e+00 1.882894994010652523e+00 -1.557422276742783662e+00 -4.234077124598292663e+00 -6.598359396192057247e+00 1.882894994010652523e+00 -6.598359396192057247e+00 -7.532724093161049517e+00
-7.438140788386059299e+00 9.087350464498699765e+00 7.744661588973213995e+00 9.087350464498699765e+00 -1.574756022293392377e+01 -1.310489925642076114e+00 7.744661588973213995e+00 -1.310489925642076114e+00 8.563820477077725979e-01
2.376279887869975838e+01 4.495472067027142415e+00 5.547903290990747749e+00 4.495472067027142415e+00 1.352684679163463599e+01 8.051231277919456142e-01 5.547903290990747749e+00 8.051231277919456142e-01 1.783208675076103944e+01
-2.675630575157499536e+01 5.924238656422771143e-01 6.062778523724809965e+00 5.924238656422771143e-01 -4.882961140441646819e+01 1.949261733999986479e+00 6.062778523724809965e+00 1.949261733999986479e+00 -2.753833388283206673e+01
3.377153615934152242e+01 2.555573480062215963e-01 1.415756270489257318e+01 2.555573480062215963e-01 1.768975931930944512e+01 6.849806940138837952e+00 1.415756270489257318e+01 6.849806940138837952e+00 1.668502524222602545e+01
-8.168029493834053412e+00 6.731728619524853130e+00 1.325820832979868413e+01 6.731728619524853130e+00 -8.971107976825582142e+00 7.510856245715203938e-01 1.325820832979868413e+01 7.510856245715203938e-01 -9.476820568601741712e+00
1.104360569500290445e+01 -2.750840640349604183e+00 1.078143425331000849e+01 -2.750840640349604183e+00 2.385120327375657379e+00 -2.519784728164324861e+00 1.078143425331000849e+01 -2.519784728164324861e+00 3.457224058630001196e+01
-6.798074386630971411e+00 7.967987324605563693e+00 8.673517246523351432e+00 7.967987324605563693e+00 -2.234954978137660220e+01 -1.087108316377964634e+01 8.673517246523351432e+00 -1.087108316377964634e+01 -5.689716520455260884e+00
-4.998806462560247077e+00 -1.907839630025761579e+01 1.031024229805322001e+01 -1.907839630025761579e+01 -8.636509256963677217e+00 -1.139156681302246232e+00 1.031024229805322001e+01 -1.139156681302246232e+00 -5.535663689133341059e+00
-3.058607033631342453e+00 3.491089419441416597e-01 1.155946128467577161e+00 3.491089419441416597e-01 -1.938752618685851203e+01 7.973219456292885532e+00 1.155946128467577161e+00 7.973219456292885532e+00 -2.222083493874416504e+01
1.096329254180125545e+01 -1.194061218814161662e-01 2.478132582855621990e+01 -1.194061218814161662e-01 -1.477475461174037363e+01 -2.261048433912012268e+00 2.478132582855621990e+01 -2.261048433912012268e+00 2.417686058086816203e+01
-8.097347651747305974e+00 -8.354479894382139449e+00 1.587818147143019765e+01 -8.354479894382139449e+00 -9.863246849884053091e+00 -7.910780482392447688e+00 1.587818147143019765e+01 -7.910780482392447688e+00 1.686730092880714693e+01
2.563772275402467571e+01 -2.698399812926828290e-01 1.309742297569867731e+01 -2.698399812926828290e-01 5.562391850447228592e+01 7.079846552344613464e+00 1.309742297569867731e+01 7.079846552344613464e+00 3.407978406977770902e+01
