1.953021323856974689e+01 -2.235270255006470208e+01 1.864836168638120739e+01 -2.235270255006470208e+01 -4.079667921026790367e+01 6.721886393335146259e+00 1.864836168638120739e+01 6.721886393335146259e+00 1.584068827908609833e+01
1.713854603349617634e+01 -1.228463114639471776e+01 1.262360622790066422e+01 -1.228463114639471776e+01 -2.248105244038380235e+01 -1.140571672079539667e+01 1.262360622790066422e+01 -1.140571672079539667e+01 2.542619320542235073e+01
-4.150465241679125938e+01 -7.062871989656661853e+00 9.961813464206812796e+00 -7.062871989656661853e+00 -5.536300117649489039e+01 -1.786340363284019261e+01 9.961813464206812796e+00 -1.786340363284019261e+01 -3.464452045758298482e+01
-2.676814262487962992e+01 8.588848119311284890e+00 1.883058552034093580e+01 8.588848119311284890e+00 -2.279222445428099775e+01 -6.829540947548032648e+00 1.883058552034093580e+01 -6.829540947548032648e+00 -5.136940357143426006e+00
3.189311382873583511e+01 -2.732636116334319798e+00 2.210625463881937947e+01 -2.732636116334319798e+00 -3.722883576500552749e+01 8.039126958012374757e+00 2.210625463881937947e+01 8.039126958012374757e+00 -2.641409370664564449e+01
4.215573399094606089e+01 -1.965177231239609412e+01 3.274363501946942989e+01 -1.965177231239609412e+01 4.104590646043803304e+01 -9.446764741317046798e+00 3.274363501946942989e+01 -9.446764741317046798e+00 1.079956934396762236e+01
-6.642929326303045556e+00 1.690714800544224961e+00 6.682854586620570636e+00 1.690714800544224961e+00 -2.727364168518900200e+01 2.097818906851215193e+00 6.682854586620570636e+00 2.097818906851215193e+00 9.678503883365406679e+00
6.205207337223295383e+01 -1.012669465604656516e+01 1.084797925291464438e+01 -1.012669465604656516e+01 -4.038071747424966773e+00 -1.938148450188111882e+00 1.084797925291464438e+01 -1.938148450188111882e+00 3.750490485405820351e+01
-7.100293334134191170e-01 -1.418153244802646995e+01 -3.182209453234590146e+00 -1.418153244802646995e+01 -1.031513875563005200e+01 -5.524545410456356720e+00 -3.182209453234590146e+00 -5.524545410456356720e+00 -8.646432457899971169e+00
-4.698034860609948282e+01 -5.824278682788506245e+00 2.667199641359429663e+01 -5.824278682788506245e+00 -8.645473568012499754e+01 1.168065312654976751e+01 2.667199641359429663e+01 1.168065312654976751e+01 -4.045757583701536930e+01
-8.511655426823080406e-01 7.355404605288842212e+00 1.406188549980587510e+01 7.355404605288842212e+00 -5.230825781043099454e+01 1.322701191319109881e+01 1.406188549980587510e+01 1.322701191319109881e+01 -5.039520882658510459e+01
7.277789947691540640e+00 -9.936714642941019804e+00 -2.440761931575113763e+01 -9.936714642941019804e+00 -1.623913580422873437e+01 -5.317313520522112036e+00 -2.440761931575113763e+01 -5.317313520522112036e+00 -2.001455724558082494e+01
-2.073803890671103289e+01 5.098133632985766717e+00 2.423319303322466922e+01 5.098133632985766717e+00 -7.487277362185025709e+01 -1.660764293636975752e+00 2.423319303322466922e+01 -1.660764293636975752e+00 -6.237645647968496831e+01
-3.569540944252779013e+01 6.220250112074102944e+00 7.334975910848840819e+00 6.220250112074102944e+00 -6.891788720291839354e+01 -1.337434310697041973e+01 7.334975910848840819e+00 -1.337434310697041973e+01 -4.053715539423932057e+01
-1.190257671660829608e+01 -9.142668820824212617e+00 1.426615646502159152e+01 -9.142668820824212617e+00 -3.978239308766659121e+01 1.599103919392892159e+01 1.426615646502159152e+01 1.599103919392892159e+01 -9.889456013544458912e+00
-1.514423509745207319e+01 -4.848537719679500702e-02 9.057967629626666906e+00 -4.848537719679500702e-02 -3.352613067277243175e+01 4.821407612535011378e-01 9.057967629626666906e+00 4.821407612535011378e-01 -1.086156940113315272e+01
1.981775004683483887e+00 2.743235513227834321e+00 1.237482799851986037e+01 2.743235513227834321e+00 -1.953518414205476006e+01 -1.022387974429132029e+01 1.237482799851986037e+01 -1.022387974429132029e+01 -6.625085530388243882e+00
1.605913356568241923e+01 2.009233698860703132e+00 1.610504565627280016e+01 2.009233698860703132e+00 -2.746827696425112464e+01 1.930930506114253875e+00 1.610504565627280016e+01 1.930930506114253875e+00 1.472142994445802655e+00
-3.859726175166108941e+00 3.021176462818969100e+01 -4.112118273386050404e+00 3.021176462818969100e+01 -1.905613961665208578e+01 -2.677694379779164180e+01 -4.112118273386050404e+00 -2.677694379779164180e+01 4.876212316758307352e+00
-1.360012659880851693e+01 -4.211368937512676602e+00 8.594121651827409281e+00 -4.211368937512676602e+00 -1.310046458210101505e+01 -5.379422390157593270e-01 8.594121651827409281e+00 -5.379422390157593270e-01 3.638368004182205073e+00
-5.378739473756893119e+01 3.044490370904389565e+00 1.387927748422270291e+01 3.044490370904389565e+00 -5.814519333193809558e+01 1.135614964278634531e+01 1.387927748422270291e+01 1.135614964278634531e+01 -1.997360647437738379e+01
3.878082213301676795e+00 2.663020028929591376e+01 1.791379088342973347e+01 2.663020028929591376e+01 -2.108803896784129606e+01 -5.942993364300025227e+00 1.791379088342973347e+01 -5.942993364300025227e+00 -1.359215700303452046e+01
-2.463449526483428631e+00 -1.447651906150701384e+00 3.026307212562939597e+01 -1.447651906150701384e+00 -3.243123352081845212e+01 4.537951520627571678e-01 3.026307212562939597e+01 4.537951520627571678e-01 -3.780237753774151344e+01
6.321158062278744438e+00 -4.799567022146998596e+00 3.920873126461685843e+00 -4.799567022146998596e+00 6.433215898983765335e+00 2.290995528682110649e+00 3.920873126461685843e+00 2.290995528682110649e+00 2.385891926980804811e+01
3.011882756882791057e+01 -1.397660437273331446e+01 2.641006819044082476e+01 -1.397660437273331446e+01 -4.080165568040315272e+00 2.889541879898295917e+00 2.641006819044082476e+01 2.889541879898295917e+00 5.107493252260548644e+01
9.354603637712312292e+00 -9.145075780272920341e+00 2.459117157322798874e+01 -9.145075780272920341e+00 2.608327341930111842e+01 -8.741403744554647304e+00 2.459117157322798874e+01 -8.741403744554647304e+00 -1.200482964918052886e+01
-1.441766543807911027e+01 1.627793515670070335e+01 1.392434553495652416e+01 1.627793515670070335e+01 -5.857191245033975946e+01 -2.265866097040147054e+01 1.392434553495652416e+01 -2.265866097040147054e+01 -2.192698168223981980e+01
1.400127630428385395e+01 -8.684144087249802135e-01 3.433256968114238106e+01 -8.684144087249802135e-01 4.189682943087158407e+01 -6.209584022860676455e+00 3.433256968114238106e+01 -6.209584022860676455e+00 1.549998417610148849e+01
-3.116484482903761943e+01 2.257026830984194632e+01 2.560239667867384128e+01 2.257026830984194632e+01 -6.018840344814005050e+01 1.282941143584913846e+01 2.560239667867384128e+01 1.282941143584913846e+01 -4.164058845636103712e+01
-3.296214133507556454e+01 -3.344374053042427875e+01 1.938332531356679311e+01 -3.344374053042427875e+01 -2.027112882889291257e+01 -1.809583327228709848e+00 1.938332531356679311e+01 -1.809583327228709848e+00 -2.977064770654586745e+00
-4.155059599964152284e+01 6.974884867114779397e+00 1.296800013446835642e+01 6.974884867114779397e+00 -4.097910153450253290e+01 -6.059878675374924306e+00 1.296800013446835642e+01 -6.059878675374924306e+00 -2.959477187657928710e+01
-2.779591633162745268e+01 -3.621642532531597070e+00 4.172412574932923235e+01 -3.621642532531597070e+00 -6.417291120622579115e+01 -8.461842834620684428e+00 4.172412574932923235e+01 -8.461842834620684428e+00 -4.490244213329825840e+01
5.770627990429465726e+00 -7.346819243591264925e-01 3.531119766808850358e+01 -7.346819243591264925e-01 -4.654275120159476131e+01 -8.808711362241163911e+00 3.531119766808850358e+01 -8.808711362241163911e+00 -2.588503720142572817e+01
-2.870646860988755478e+01 -6.576652922460343831e+00 -3.876858514033608927e+00 -6.576652922460343831e+00 -5.757474948224072619e+01 1.176384228673112275e+01 -3.876858514033608927e+00 1.176384228673112275e+01 -2.030336045394739841e+01
2.858368762870217950e+01 6.400470303420112472e+00 6.207257422317323581e+00 6.400470303420112472e+00 -1.887313796457996018e+00 -5.710691055520690007e+00 6.207257422317323581e+00 -5.710691055520690007e+00 1.563630536628249779e+01
2.490026366118986445e+01 -9.957572714174391937e-01 4.922305119730720158e+00 -9.957572714174391937e-01 -2.389690662948141142e+00 -1.123826439451670289e+01 4.922305119730720158e+00 -1.123826439451670289e+01 -2.790029733706294479e+01
7.964559862115824274e+01 8.120224765588305971e+00 2.348933353592727258e+01 8.120224765588305971e+00 8.492903488173679705e+01 8.178681697427732544e+00 2.348933353592727258e+01 8.178681697427732544e+00 6.613162416002153066e+01
1.824935212278627361e+01 -6.514455225042723896e+00 4.990139113583185804e+01 -6.514455225042723896e+00 -5.349229536526902251e+00 3.239311699023134850e+01 4.990139113583185804e+01 3.239311699023134850e+01 -1.835232348240645450e+01
1.776560283328701217e+01 5.186638473544487482e+00 1.553855651964651763e+01 5.186638473544487482e+00 -9.969171814218689143e-01 2.813522474210695901e+00 1.553855651964651763e+01 2.813522474210695901e+00 2.605611591928722248e+01
-8.453784795069063662e+00 -1.710788605212313629e-01 2.301424758976519769e+01 -1.710788605212313629e-01 -2.823551584615976040e+01 1.059537428236060386e+01 2.301424758976519769e+01 1.059537428236060386e+01 7.624448104409105476e+00
2.008592939843113712e+00 -9.139018465125301915e+00 -3.946337639278874043e+00 -9.139018465125301915e+00 -1.464182984063263682e+01 -1.191062530337684722e+00 -3.946337639278874043e+00 -1.191062530337684722e+00 -1.106913669647026133e+01
-1.222507695494431168e+01 6.134671013668775430e+00 7.967880701511843355e+00 6.134671013668775430e+00 -2.323002859674894793e+01 -3.716895555075264701e-01 7.967880701511843355e+00 -3.716895555075264701e-01 -1.115084704592287146e+01
1.430857939057779404e+01 -1.102011338996579681e+01 1.208789677572212895e+01 -1.102011338996579681e+01 -1.619700087873975392e+01 7.048564876606146612e+00 1.208789677572212895e+01 7.048564876606146612e+00 7.359415998469014397e+00
1.967226872292675566e+01 -4.017495175774251415e+00 2.489985513778387372e+01 -4.017495175774251415e+00 1.746295338780606343e+01 4.923254493822124545e+00 2.489985513778387372e+01 4.923254493822124545e+00 5.302229987381237919e+01
-2.068663359073984154e+01 -9.650043644442288793e-01 5.150496978875185761e+00 -9.650043644442288793e-01 -2.349017243750532913e+01 1.459362813620584198e+01 5.150496978875185761e+00 1.459362813620584198e+01 1.560927083665097470e+00
-6.473418977543173192e+00 4.551161883513981543e+00 7.866175758044890998e+00 4.551161883513981543e+00 -4.774789261086586833e+01 -6.112813258852015652e-01 7.866175758044890998e+00 -6.112813258852015652e-01 1.175087840523541516e+01
-2.143388243101583157e+01 2.952174879217122072e+00 9.537461023726942599e+00 2.952174879217122072e+00 -4.926460599879732172e+01 5.195832690654437869e+00 9.537461023726942599e+00 5.195832690654437869e+00 -5.893154300052468386e+01
-2.041952492872764680e+01 -1.140037526136203816e+01 6.214789407156585455e+00 -1.140037526136203816e+01 -2.874863984881508827e+01 6.446574012244522756e+00 6.214789407156585455e+00 6.446574012244522756e+00 -2.955922409164728037e+01
4.831698955799794248e+00 3.494660280247802842e+00 1.319042801509655405e+01 3.494660280247802842e+00 -3.702247497224252015e+01 -1.174771471060827466e+01 1.319042801509655405e+01 -1.174771471060827466e+01 -2.481209100300802106e+01
-3.866880531018471601e+01 -8.760748122188504183e+00 5.701806584510566545e+00 -8.760748122188504183e+00 -3.915944193362122405e+01 1.198435684359554365e+01 5.701806584510566545e+00 1.198435684359554365e+01 -5.118816979385513122e+01
-1.127293644443808951e+01 3.274948427683026519e+00 -4.778316151164940351e+00 3.274948427683026519e+00 -1.945127084859493038e+01 2.142980569171810956e-01 -4.778316151164940351e+00 2.142980569171810956e-01 -1.136985830442222856e+01
1.854453380395997542e+01 8.641320071637002442e+00 -6.519350882105781508e+00 8.641320071637002442e+00 -2.896881201336065459e+01 -1.657385278303640064e+01 -6.519350882105781508e+00 -1.657385278303640064e+01 -8.205342517599614638e+00
2.608243976462873448e+01 5.014286451923939403e+00 3.919531127267805459e+01 5.014286451923939403e+00 -3.259725156894378362e+00 -3.241856435329265818e+00 3.919531127267805459e+01 -3.241856435329265818e+00 2.079324768436272564e+01
7.434516387376020496e+00 4.108003045527516939e+00 1.775918472344036658e+01 4.108003045527516939e+00 -9.381500032580888160e+00 -1.593432340349601262e+01 1.775918472344036658e+01 -1.593432340349601262e+01 2.747953464494955611e+01
-3.959734772653317236e+01 -3.682101959882339237e+00 3.399256856016806694e+01 -3.682101959882339237e+00 -5.955855086553120259e+01 -9.202048942355064653e+00 3.399256856016806694e+01 -9.202048942355064653e+00 -8.750285851607914367e+01
-3.049914354899777535e+01 -6.269178297660358723e+00 6.366076525301811451e+00 -6.269178297660358723e+00 -4.358662168605342657e+01 8.609707098468771136e+00 6.366076525301811451e+00 8.609707098468771136e+00 -2.421124743513588129e+01
-9.168149937564233909e+00 -2.035069514977352867e+01 1.993753685661469532e+01 -2.035069514977352867e+01 -2.492851070659574830e+01 -1.422386992785369131e+01 1.993753685661469532e+01 -1.422386992785369131e+01 -8.476193651123239192e+00
6.855863570822100428e+01 1.211159320666699557e+01 3.638022123804773145e+01 1.211159320666699557e+01 2.258363169857092601e+01 1.115688946974711548e+01 3.638022123804773145e+01 1.115688946974711548e+01 6.582164125938655275e+01
1.916109761432353764e+01 -1.962149542626351550e+00 1.347834437876722369e+01 -1.962149542626351550e+00 1.157295766829530592e+01 -8.849254066144022213e-01 1.347834437876722369e+01 -8.849254066144022213e-01 -3.820102110342910251e+00
7.513114438324003386e-01 -1.588810215334329889e+01 -1.472989025514888306e+00 -1.588810215334329889e+01 -5.704762208910032228e+01 7.932509710016999449e+00 -1.472989025514888306e+00 7.932509710016999449e+00 -3.686160264951491428e+01
2.901959654513282860e+00 1.983351265995286283e+01 2.590875851663259155e+01 1.983351265995286283e+01 7.133945607103596487e+00 1.464918447661034584e+01 2.590875851663259155e+01 1.464918447661034584e+01 2.075158270214615186e+00
-6.129654337617901128e+00 6.198145427821257630e-02 1.793397333535721572e+01 6.198145427821257630e-02 -4.925357700167263886e+01 -2.997414881391830654e+00 1.793397333535721572e+01 -2.997414881391830654e+00 -1.786618181010056716e+01
-2.124249808616615454e+01 -6.509296167577732994e+00 2.571897067414399629e+01 -6.509296167577732994e+00 -4.314001116706720751e+01 -8.770325996090022613e+00 2.571897067414399629e+01 -8.770325996090022613e+00 -6.188486011156399513e+00
3.187179928787710992e+01 -2.129187021240747768e+01 2.477854085113319371e+01 -2.129187021240747768e+01 -9.750223208482855952e+00 1.839877108606418066e+00 2.477854085113319371e+01 1.839877108606418066e+00 2.271537607560814109e+01
-1.154573538761383356e+00 -7.488319258014849211e+00 -1.132287969516000192e+00 -7.488319258014849211e+00 -4.156773852456536744e+00 -1.307617551202968009e+01 -1.132287969516000192e+00 -1.307617551202968009e+01 9.591126104572106570e+00
2.701062883264533454e+01 -1.030297088220079438e+01 2.836536197277986560e+01 -1.030297088220079438e+01 1.900640033644636517e+01 -1.007317172500679625e+01 2.836536197277986560e+01 -1.007317172500679625e+01 5.017673928877152179e+01
5.260131170955212809e+01 1.621855235401928441e+00 1.651107809181312547e+01 1.621855235401928441e+00 3.938271018480315888e+01 -7.068519558143506742e+00 1.651107809181312547e+01 -7.068519558143506742e+00 4.357225198541330258e+01
-2.517258063902458431e+01 7.595451138274442293e+00 2.907277147161460107e+01 7.595451138274442293e+00 -4.384848023468504152e+01 -2.465908341802949710e+00 2.907277147161460107e+01 -2.465908341802949710e+00 -2.854702823834863779e+01
1.283816703931947600e+01 4.126041254538703740e+00 1.175676149223853173e+01 4.126041254538703740e+00 4.088195853856741557e+00 -1.655158334153286503e+01 1.175676149223853173e+01 -1.655158334153286503e+01 -1.991733965399096107e+01
-2.080813835636650211e+01 7.882875865079419064e+00 2.033875476859967790e+01 7.882875865079419064e+00 -4.921889832311541113e+01 7.952614710793121766e+00 2.033875476859967790e+01 7.952614710793121766e+00 -3.909050714185954689e+01
3.617726841489632417e+00 4.068407639968279810e+00 2.001379159859272150e+01 4.068407639968279810e+00 -2.654660038621680584e+01 -1.148684600791829169e+01 2.001379159859272150e+01 -1.148684600791829169e+01 4.947097060414931136e+00
7.614434627073914896e+01 7.755227650058818867e+00 2.650225648166312808e+01 7.755227650058818867e+00 6.204050574934587559e+00 8.505772021977941577e+00 2.650225648166312808e+01 8.505772021977941577e+00 3.013506991181652950e+01
1.371352450732818529e+00 1.442223990844483517e+01 2.725887013445975171e+01 1.442223990844483517e+01 -8.241542697143115603e+00 -5.456692141384407613e+00 2.725887013445975171e+01 -5.456692141384407613e+00 8.553990256644175005e+00
-6.843128712666044500e-01 9.573761211947513505e-01 1.501097973601672386e+01 9.573761211947513505e-01 -2.544404325592041616e+01 -6.999840722699454787e+00 1.501097973601672386e+01 -6.999840722699454787e+00 4.152405689037911962e+00
-9.343307497984000065e+00 1.465725446087511408e+01 3.013161998866233304e+01 1.465725446087511408e+01 -9.975873823901624249e+00 -1.815183481789665976e+01 3.013161998866233304e+01 -1.815183481789665976e+01 -1.531387749857123559e+01
1.764431276103956492e+01 1.185750226391644091e+01 3.519393298657244884e+01 1.185750226391644091e+01 1.212971967035880816e+01 -4.964762650292875890e+00 3.519393298657244884e+01 -4.964762650292875890e+00 -1.830993831242486047e+00
2.477855030193943620e+01 8.991469603976267599e-01 6.477926257625340689e+00 8.991469603976267599e-01 1.849570574761704123e+01 1.477806235809769397e+01 6.477926257625340689e+00 1.477806235809769397e+01 3.979031234412467199e+01
1.266087091725215963e+01 -4.845296663151342997e+00 1.438885059759365070e+01 -4.845296663151342997e+00 2.277677754863771398e+01 -1.686543432904731077e+01 1.438885059759365070e+01 -1.686543432904731077e+01 8.443251308088873586e+00
-3.072180563020663158e+01 -6.133667317920362905e+00 1.257398321998354263e+01 -6.133667317920362905e+00 -1.312409617159940822e+01 1.704803918385029426e+00 1.257398321998354263e+01 1.704803918385029426e+00 -3.041247727007844404e+01
2.476836620876453310e+01 5.319807643540494624e+00 1.386939599424053249e+01 5.319807643540494624e+00 -1.137509776628263936e+01 2.131298224280182296e+01 1.386939599424053249e+01 2.131298224280182296e+01 -5.740279442444129465e-01
2.464583833502836185e+01 -1.842602160314546822e+01 3.646650298654165567e+01 -1.842602160314546822e+01 -3.841404506145067188e+01 4.727315068310001811e-01 3.646650298654165567e+01 4.727315068310001811e-01 -1.935832795272099105e+01
2.059936507071723355e+01 -1.473494903771068287e+01 2.993514440721906666e+01 -1.473494903771068287e+01 -9.789774218111991999e+00 -3.678113423428962747e+00 2.993514440721906666e+01 -3.678113423428962747e+00 -8.503119127962218471e+00
-5.294677447098858458e+00 -7.726129614976272597e-01 1.554123587291408093e+01 -7.726129614976272597e-01 -1.613966413223689855e+01 -9.458833062822032289e+00 1.554123587291408093e+01 -9.458833062822032289e+00 -7.635394299598877055e+00
4.679703622151601650e+01 -6.503200326619440474e+00 1.129022983951860937e+01 -6.503200326619440474e+00 2.657749098121339770e+01 -7.685642501929813797e+00 1.129022983951860937e+01 -7.685642501929813797e+00 3.620185456373066302e+01
3.891631296021131448e+01 -1.029681407247220193e+01 1.033207912918445004e+01 -1.029681407247220193e+01 3.929396136454951005e+01 -6.890560490155836604e+00 1.033207912918445004e+01 -6.890560490155836604e+00 4.402345110769192615e+01
-4.583054160230475738e+00 1.669090385929472475e+01 4.054774023742862887e+00 1.669090385929472475e+01 -2.187298426569650900e+01 -4.667276804008243296e+00 4.054774023742862887e+00 -4.667276804008243296e+00 -9.123613581686573326e+00
4.311543876290629385e+01 -9.467058584865254645e+00 2.637317857939328292e+01 -9.467058584865254645e+00 1.009011739016454712e+01 1.700875713986999926e+01 2.637317857939328292e+01 1.700875713986999926e+01 2.646570136914383653e+01
9.223954398143776601e+00 3.961563917464787199e+00 2.524979337386264788e+01 3.961563917464787199e+00 6.899674838053718173e-02 -9.487218848538567784e+00 2.524979337386264788e+01 -9.487218848538567784e+00 2.343753532770332626e+01
3.993658183010813101e+00 -1.941570314179607015e+00 2.122000372479870833e+01 -1.941570314179607015e+00 -3.288233608660107166e+01 5.063529200272076203e+00 2.122000372479870833e+01 5.063529200272076203e+00 -7.996226308412144324e-01
-1.380489103881664903e+01 9.621282466711994275e+00 4.983551211722403451e+00 9.621282466711994275e+00 -7.012429988071622233e+01 -1.379798508065545448e+01 4.983551211722403451e+00 -1.379798508065545448e+01 -2.583052833216142119e+01
6.012160189693061874e+00 -4.181333364882658721e+00 1.504484038740495677e+01 -4.181333364882658721e+00 -2.475411976106634526e+01 -1.952407975055129974e+00 1.504484038740495677e+01 -1.952407975055129974e+00 9.026311518722712757e-01
-4.080359335895805906e+00 4.170799770336083512e+00 2.802891913372272370e+01 4.170799770336083512e+00 -3.715452081857757349e+01 -1.815055935897958772e+00 2.802891913372272370e+01 -1.815055935897958772e+00 -2.206142204597798440e+01
5.058025948731978971e+00 5.565790667364188815e-01 1.289344505707079946e+01 5.565790667364188815e-01 -1.512480069840315444e+01 1.719215629136433421e+01 1.289344505707079946e+01 1.719215629136433421e+01 2.201210485744630319e+01
3.736935849716700631e+01 -5.659626532193020587e+00 2.204927349200962539e+01 -5.659626532193020587e+00 1.936080709659697519e+01 5.744269174628888752e-01 2.204927349200962539e+01 5.744269174628888752e-01 3.309829119724506086e+01
-5.193462044511147901e+00 1.178096673366328950e+01 1.313749450857390499e+01 1.178096673366328950e+01 4.330576300094722164e+00 -2.163673392246102001e+00 1.313749450857390499e+01 -2.163673392246102001e+00 1.171635455130410541e+01
2.433233927783271966e+01 -3.121186288457333191e+01 2.728012822627211875e+01 -3.121186288457333191e+01 -2.642358509075371842e+01 1.150037754178568683e+01 2.728012822627211875e+01 1.150037754178568683e+01 -2.324919456025423159e+01
-1.791778009940885497e+01 2.811302067358139922e+00 9.488516342686547089e-01 2.811302067358139922e+00 -1.859808231898359310e+01 -1.670802773359807203e+00 9.488516342686547089e-01 -1.670802773359807203e+00 -5.542062013666486209e+00
-8.999965614550031745e-01 3.534508463807527257e+00 2.395710989225055343e+01 3.534508463807527257e+00 -2.581453627345266710e+01 -9.544247260304134173e+00 2.395710989225055343e+01 -9.544247260304134173e+00 -4.162749411309782488e+01
2.398661926534819955e+01 1.840032990347328479e+01 1.634242821091519460e+01 1.840032990347328479e+01 -1.867817320519472446e+01 -2.142656297901989415e+00 1.634242821091519460e+01 -2.142656297901989415e+00 1.015502450288832037e+01
-8.383973571346681197e+00 2.828078121860200156e+01 8.974438923133131851e+00 2.828078121860200156e+01 -2.454766190160933093e+01 -9.281818864640051459e+00 8.974438923133131851e+00 -9.281818864640051459e+00 -8.216903567924671137e+00
3.156545922687610428e+01 -1.106915439387810629e+01 2.516163493608981128e+01 -1.106915439387810629e+01 1.668914517655083074e+01 7.744512406331614862e+00 2.516163493608981128e+01 7.744512406331614862e+00 1.144346230851942892e+01
-1.775195244580111620e+01 1.948369728797580969e-01 1.589461729214328756e+01 1.948369728797580969e-01 -5.217014178734945773e+01 2.776126444181253206e+01 1.589461729214328756e+01 2.776126444181253206e+01 -1.619992597245070698e+01
4.675746658124560184e+01 -8.405351781451413373e+00 2.087009109642452387e+01 -8.405351781451413373e+00 4.250468232639667576e+01 -3.296802640392142880e+00 2.087009109642452387e+01 -3.296802640392142880e+00 5.153900615462642065e+01
3.285797667723755922e+01 -2.887314664672595566e+00 3.682985662925462123e+01 -2.887314664672595566e+00 1.527683651587988400e+01 1.158123247822483748e+01 3.682985662925462123e+01 1.158123247822483748e+01 2.792459504930066672e+01
3.766266410632263018e+01 -6.270242767729293121e+00 2.301569284735991872e+01 -6.270242767729293121e+00 -4.336360806820881209e+00 -5.074693418581139426e+00 2.301569284735991872e+01 -5.074693418581139426e+00 -1.348081212459279143e+00
1.119995163740617805e+01 5.827788986214502032e+00 2.491982813237210692e+01 5.827788986214502032e+00 -3.105406833847654369e+00 -1.961475156731875913e+01 2.491982813237210692e+01 -1.961475156731875913e+01 4.050449848218342197e+00
-3.912143074825925737e+01 -1.834048534557576327e+00 -1.955595345822571218e+01 -1.834048534557576327e+00 -3.988156597137413684e+01 -5.968312944071760384e+00 -1.955595345822571218e+01 -5.968312944071760384e+00 -3.389825636804199860e+01
6.137408628486771534e+01 -1.364664357526112859e+01 6.164155597374934104e+01 -1.364664357526112859e+01 -2.901227489038897822e+00 -1.191182498050604899e+01 6.164155597374934104e+01 -1.191182498050604899e+01 1.447974780550084439e+01
1.077540406001947382e+01 -1.936923252877985746e+01 2.088644248750002319e+01 -1.936923252877985746e+01 -3.461900190731763871e+01 4.111651145142469765e+00 2.088644248750002319e+01 4.111651145142469765e+00 -1.663261435041030012e+01
2.650369684040099116e+01 8.201025532205941104e+00 2.060224344563383170e+01 8.201025532205941104e+00 -1.761924461115878415e+00 -2.546318303152826368e-01 2.060224344563383170e+01 -2.546318303152826368e-01 1.329458857644346814e+01
3.486006926047461718e+01 -1.449203598800488546e+00 6.087715573930353230e+00 -1.449203598800488546e+00 -9.475427913728196927e+00 1.193587581047730772e+01 6.087715573930353230e+00 1.193587581047730772e+01 1.376259694310351911e+01
-1.117737085750370163e+01 -4.636776128757928994e+00 1.623266487479286724e+01 -4.636776128757928994e+00 -2.622189914834718749e+01 3.465164151944567283e+00 1.623266487479286724e+01 3.465164151944567283e+00 1.084253092713276700e+01
-2.459118854731805115e+01 -1.286169025609809857e+01 2.634091530232225153e+01 -1.286169025609809857e+01 -5.767128656363488659e+01 -2.167631281180075220e+01 2.634091530232225153e+01 -2.167631281180075220e+01 -1.454249805348056257e-01
4.695316277554601925e+01 2.098130130102001445e+01 1.187035793602139755e+01 2.098130130102001445e+01 1.332292904117853460e+01 5.328759903792605890e+00 1.187035793602139755e+01 5.328759903792605890e+00 2.855949000622057099e+01
-9.320129767445726188e+00 3.635081194863695853e+00 -1.533070159267866661e-01 3.635081194863695853e+00 -3.450734741946682504e+01 -7.207515711984247453e+00 -1.533070159267866661e-01 -7.207515711984247453e+00 -1.406315876328497794e+01
-1.233321237624756250e+01 1.025267580826084313e+01 5.443754953342628156e+00 1.025267580826084313e+01 -2.793912801932724221e+01 3.597064178991346672e+00 5.443754953342628156e+00 3.597064178991346672e+00 -2.777051610689897032e+01
8.917130344596881031e+00 3.157308408467205751e+01 3.024017401392395143e+01 3.157308408467205751e+01 -5.126964068606587155e+00 -1.241596431995687055e+01 3.024017401392395143e+01 -1.241596431995687055e+01 -8.090503482373698318e+00
2.929294524847207626e+01 -3.668232387204081402e+00 1.625027486354146333e+01 -3.668232387204081402e+00 -2.234391586693373100e+01 -1.560656372620273791e+00 1.625027486354146333e+01 -1.560656372620273791e+00 2.196148278786236219e+01
-2.714038394833395884e+01 3.799922630904614351e+00 4.788973175790279591e+00 3.799922630904614351e+00 -6.238445447932284083e+01 -2.608477902153618899e+01 4.788973175790279591e+00 -2.608477902153618899e+01 -4.779567136159668905e+01
6.001737681680344494e+00 -1.088137455903702389e+01 3.402853452047774230e+00 -1.088137455903702389e+01 -1.461076574669606742e+01 -6.089179238735121125e+00 3.402853452047774230e+00 -6.089179238735121125e+00 2.228691560039889552e+00
-2.608309168215937035e+01 1.615341122911183591e-01 1.902692088645561341e+01 1.615341122911183591e-01 -4.443815186533155526e+01 -1.040344072698854561e+01 1.902692088645561341e+01 -1.040344072698854561e+01 -3.648171108421948361e+01
-1.525304085852126867e+01 -7.734498940310112758e+00 2.036079017939395186e+01 -7.734498940310112758e+00 -4.565973839540493628e+01 -4.599637728279448723e+00 2.036079017939395186e+01 -4.599637728279448723e+00 -1.771345781478504477e+01
-5.859710210824246701e+00 -1.725349292221338260e+01 8.392755792027525863e-02 -1.725349292221338260e+01 -6.697898838205149730e+01 2.198859511015385237e+01 8.392755792027525863e-02 2.198859511015385237e+01 -9.238733734768635131e+00
3.563786378815250799e+01 -9.405675681399866761e+00 1.435593916789558167e+00 -9.405675681399866761e+00 4.082060304768967995e+01 -4.659087580761288372e+00 1.435593916789558167e+00 -4.659087580761288372e+00 4.000339468719039360e+01
9.232215217835436860e+00 -3.204262860247772515e+00 4.137383107483316280e+00 -3.204262860247772515e+00 -2.903150853672356391e+01 7.026874193584333739e+00 4.137383107483316280e+00 7.026874193584333739e+00 -2.205940364034038592e-01
4.546326764225407402e+01 1.296192653019063989e+01 9.673793632983317181e+00 1.296192653019063989e+01 -1.467183463629354101e+01 -1.564261992380684241e+01 9.673793632983317181e+00 -1.564261992380684241e+01 -8.000679942305595205e+00
-2.746580109389311186e+00 -8.882379480779670544e+00 4.621471401153087299e+00 -8.882379480779670544e+00 -1.113948279327597390e+01 1.596792423133900840e+01 4.621471401153087299e+00 1.596792423133900840e+01 -6.023465702770709029e+00
-3.165645265456111357e+00 2.243284862191855300e+00 -1.591359713205626969e+00 2.243284862191855300e+00 -1.590537220673221519e+01 -4.014358830756965979e+00 -1.591359713205626969e+00 -4.014358830756965979e+00 -2.483716924621412048e+01
-4.099853213878932756e+00 -1.335633455220053056e+00 1.414158428048691363e+01 -1.335633455220053056e+00 -5.564487457527977199e+01 -3.254364606695989259e+00 1.414158428048691363e+01 -3.254364606695989259e+00 -2.652175749150086759e+01
1.532429270427288692e+01 -5.698163481997568169e+00 1.639747735935881190e+00 -5.698163481997568169e+00 -2.305532871905278824e+01 -1.643770321928547062e+01 1.639747735935881190e+00 -1.643770321928547062e+01 2.939190043508295958e+01
3.393035855463697903e+00 4.778287222682303437e+00 2.417810622963271072e+01 4.778287222682303437e+00 -3.630464392104033067e+01 -8.687619935140268979e+00 2.417810622963271072e+01 -8.687619935140268979e+00 -7.166865269368650759e-01
1.565292761491014772e+01 7.683754861763670618e+00 1.577325232943432454e+01 7.683754861763670618e+00 1.515447306982542663e+01 -2.667557774631574397e+00 1.577325232943432454e+01 -2.667557774631574397e+00 -3.545507633843645579e+01
-3.344293823719208092e+01 -7.593763116781190092e+00 1.279529509657517217e+01 -7.593763116781190092e+00 -3.962556979570030791e+01 2.180938303891555918e+01 1.279529509657517217e+01 2.180938303891555918e+01 -2.071108678738340103e+01
-2.454871279818042851e+01 -4.857863088464419832e+00 1.340720213969302144e+01 -4.857863088464419832e+00 -4.621732193568718117e+01 8.042663792724066951e+00 1.340720213969302144e+01 8.042663792724066951e+00 -6.836268785717543039e+00
-2.621007011464344316e+01 -1.319138402366693619e+01 1.881742449721221178e+01 -1.319138402366693619e+01 -4.658520810325792638e+01 1.579529093575440246e-01 1.881742449721221178e+01 1.579529093575440246e-01 -3.988288794057839226e+01
-3.265934096575657364e+00 -2.677335134067260469e+01 1.820473292152664158e+01 -2.677335134067260469e+01 -6.124846514079877124e+01 6.550391410599621267e+00 1.820473292152664158e+01 6.550391410599621267e+00 -1.541274060229878273e+01
-3.264738316902357496e-01 -8.610084213562164024e+00 2.599194105192934856e+01 -8.610084213562164024e+00 -4.258869839108182731e+01 2.053041898077753302e+01 2.599194105192934856e+01 2.053041898077753302e+01 -2.925487022484093202e+01
-1.142653934369239188e+01 2.867763788978603401e+00 3.500355050868136431e+01 2.867763788978603401e+00 -4.189234050808385490e+01 -1.108726316686873581e+01 3.500355050868136431e+01 -1.108726316686873581e+01 3.121292725950656002e-02
-1.202010691950670918e+01 -1.365208861523653949e+00 1.943843254497066653e+01 -1.365208861523653949e+00 -2.663640507334128316e+01 -9.950008608150701761e+00 1.943843254497066653e+01 -9.950008608150701761e+00 -5.661080773948805600e+00
5.046695286922865620e+00 4.664412261752486799e+00 2.485789370072448889e+01 4.664412261752486799e+00 6.873833311511673649e+00 -6.755942583790952582e+00 2.485789370072448889e+01 -6.755942583790952582e+00 -8.937485635900735303e+00
2.818623043696273811e+01 1.275716670204067427e+01 2.062313489941984557e+01 1.275716670204067427e+01 7.621702667090048067e+00 5.940145933153173630e+00 2.062313489941984557e+01 5.940145933153173630e+00 1.850487206174549826e+01
-1.104097029922492146e+00 5.988424002493312415e+00 2.959297294601752526e+01 5.988424002493312415e+00 -3.716444628697607300e+01 -1.492697198030726113e+01 2.959297294601752526e+01 -1.492697198030726113e+01 -2.726386649647663063e+01
1.206872371735049221e+01 -2.443875059899388802e+01 4.818118153775849777e+01 -2.443875059899388802e+01 -6.083518351394240575e+00 -4.221086782782720981e+00 4.818118153775849777e+01 -4.221086782782720981e+00 1.220724491236307552e+00
-6.262009244918739781e-02 3.842992920656497002e+00 1.037189109103094609e+01 3.842992920656497002e+00 -4.080178823379984721e+01 6.589003924632220510e+00 1.037189109103094609e+01 6.589003924632220510e+00 -2.768603139981888006e+01
-9.158274148156456462e+00 2.252506650961368373e-01 1.145067923269695420e+01 2.252506650961368373e-01 -5.212515174168331811e+01 -3.909447274958755436e+00 1.145067923269695420e+01 -3.909447274958755436e+00 -6.036864126614946713e+01
6.476301675706976368e+01 4.260416219803577320e+00 2.847554434218091757e+01 4.260416219803577320e+00 2.500497143699713831e+01 8.033904305430352721e+00 2.847554434218091757e+01 8.033904305430352721e+00 4.175246585015568002e+01
-3.573629524963950388e+01 -1.407579453749371545e+01 1.060665071724758590e+01 -1.407579453749371545e+01 -5.563526334812622309e+01 -1.064682066577661956e+01 1.060665071724758590e+01 -1.064682066577661956e+01 -2.856501729309545112e+01
-7.634576493905004924e+00 -2.928169602465680921e+00 3.959271922838047519e+00 -2.928169602465680921e+00 -2.302374182387007551e+01 1.036017290501597721e+01 3.959271922838047519e+00 1.036017290501597721e+01 -3.411037033455710343e+01
2.531631394085127340e+01 9.270783901015308359e+00 3.083739445406925839e+01 9.270783901015308359e+00 5.050516017066532193e+00 -8.400824503410156296e+00 3.083739445406925839e+01 -8.400824503410156296e+00 9.597205488861469291e+00
-5.163449738164295155e+01 7.521227459638000212e+00 2.099219679264396277e+01 7.521227459638000212e+00 -5.786258298879643291e+01 1.077991210803142508e+01 2.099219679264396277e+01 1.077991210803142508e+01 -4.318760900070326159e+01
-6.602425196830698617e+00 -4.225790133485028299e+00 2.165761767396058346e+01 -4.225790133485028299e+00 -5.731468153681531419e+01 -2.941630726228039006e+00 2.165761767396058346e+01 -2.941630726228039006e+00 -2.031388078241351813e+00
-9.576370426554760229e+00 -7.593023322687922239e+00 1.850120295496615341e+01 -7.593023322687922239e+00 -3.606522411797671879e+01 4.338737176980220767e+00 1.850120295496615341e+01 4.338737176980220767e+00 -1.759546195252198686e+01
2.285897457179661174e+01 -4.379962999474416030e+00 2.040839549470438641e+01 -4.379962999474416030e+00 -4.540098964708506912e+01 5.834937952915272952e+00 2.040839549470438641e+01 5.834937952915272952e+00 -6.285456186311595417e+01
-2.195588827623636163e+01 8.160265056814624884e+00 -9.229111340242516448e+00 8.160265056814624884e+00 -2.701689417233125923e+01 3.840111492383568859e+00 -9.229111340242516448e+00 3.840111492383568859e+00 -2.340458320727382358e+01
1.830933914792502115e+00 -1.271014831985979399e+01 1.065243083069755459e+00 -1.271014831985979399e+01 -1.433430001605372617e+01 -1.701950431810532516e+00 1.065243083069755459e+00 -1.701950431810532516e+00 -1.174737875045866353e+01
-6.517898453133444292e+00 -1.942576093679407867e+00 2.437120719094547994e+01 -1.942576093679407867e+00 -5.216661223765743038e+00 1.466132987800868426e+00 2.437120719094547994e+01 1.466132987800868426e+00 3.418591715311062984e+01
1.818487117955928412e+01 -4.029275925511942802e+00 9.903511528456522939e+00 -4.029275925511942802e+00 -3.152052735514049076e+00 9.799718697945017709e+00 9.903511528456522939e+00 9.799718697945017709e+00 -3.888763288972859833e+00
3.139471583900356322e+01 -1.606404158860115672e+00 1.350774532989081145e+01 -1.606404158860115672e+00 -4.523946858144020644e-02 8.966086996694462741e+00 1.350774532989081145e+01 8.966086996694462741e+00 9.407348138459312281e+00
-8.125964850741517864e+00 4.096551187333990818e+00 2.950017971291075725e+01 4.096551187333990818e+00 -7.701495100772998370e+00 1.835110181733529444e+01 2.950017971291075725e+01 1.835110181733529444e+01 -4.816506040078230022e+00
2.127925366216225100e+01 5.721699512561055911e+00 1.972231107716115162e+01 5.721699512561055911e+00 -4.393551897859116195e+01 1.437682529804382270e+00 1.972231107716115162e+01 1.437682529804382270e+00 1.913452614410174846e+01
-2.737145068981234175e+01 -1.171843031314845796e+01 1.899487783619371228e+01 -1.171843031314845796e+01 -7.033024148766415351e+01 -1.717749882266437567e+01 1.899487783619371228e+01 -1.717749882266437567e+01 -2.168979308408275131e+01
-3.236867169842521719e+01 -8.906535711385425103e+00 2.773138924847469511e+01 -8.906535711385425103e+00 -7.002330213773470291e+01 7.004052627071613024e+00 2.773138924847469511e+01 7.004052627071613024e+00 -1.026364143279255714e+01
8.742026825436729487e-01 -1.926365533797677720e+00 1.700229687693267522e+01 -1.926365533797677720e+00 -2.989006791515812367e+01 6.468921964161356009e+00 1.700229687693267522e+01 6.468921964161356009e+00 1.652989752945897806e+01
-1.053863382253244296e+01 -6.928590696238646096e+00 2.080105340543155634e+01 -6.928590696238646096e+00 -2.044578402656907201e+01 1.121407728744665455e+01 2.080105340543155634e+01 1.121407728744665455e+01 -1.079562865978822117e+01
2.986987693964467283e+01 -1.498616635949780829e+01 7.014175753259555002e+00 -1.498616635949780829e+01 2.679277512658965321e+01 3.908691814835804634e-01 7.014175753259555002e+00 3.908691814835804634e-01 3.748785401406180284e+01
-3.498593426098835835e+01 -1.690670113798917740e+01 -2.848574588212598790e+00 -1.690670113798917740e+01 -2.149295059181822509e+01 -7.544718366457948022e+00 -2.848574588212598790e+00 -7.544718366457948022e+00 -2.162908901040538368e+01
2.516050898678427927e+01 -5.748549421022834949e+00 1.000995114965801314e+01 -5.748549421022834949e+00 3.287490924561152106e+00 1.016267570628608219e+01 1.000995114965801314e+01 1.016267570628608219e+01 3.545011191507992265e+01
1.406468390289201942e+01 -1.014173791264582114e+01 2.235547303191900781e+01 -1.014173791264582114e+01 -2.825731896520087716e+00 1.820318738353406118e+01 2.235547303191900781e+01 1.820318738353406118e+01 2.758053775832885890e+01
-8.081616454165596153e+00 3.791207470773684030e+00 2.206227436190359370e+01 3.791207470773684030e+00 -2.820866069027599465e+01 -1.671574263630340695e+01 2.206227436190359370e+01 -1.671574263630340695e+01 -4.951571219741859409e+01
4.114088535378317601e+01 1.644215654095295776e+01 9.777005292227618938e+00 1.644215654095295776e+01 3.167014697486812835e+01 -2.710384680207368646e+01 9.777005292227618938e+00 -2.710384680207368646e+01 4.306981561550990278e+01
-2.780525907954608300e+01 2.329315305723414387e+00 1.862191691801329441e+01 2.329315305723414387e+00 -2.523007729727687121e+01 -1.407711164022796613e+00 1.862191691801329441e+01 -1.407711164022796613e+00 -3.574893248206840468e+01
-9.578885483056923889e+00 1.806376346530965904e+00 -3.380826435785213135e+00 1.806376346530965904e+00 -3.653257767652752364e+01 3.919170613982974505e+00 -3.380826435785213135e+00 3.919170613982974505e+00 -1.774844790834361419e+01
3.287172352950466347e+01 -2.270802586629789843e+00 4.254883104689029949e+01 -2.270802586629789843e+00 5.036931136776889417e+00 -6.462851191407522400e+00 4.254883104689029949e+01 -6.462851191407522400e+00 9.891881857709288184e+00
1.562308318733076895e+01 -1.408299581509317022e+01 2.251733336170788036e+01 -1.408299581509317022e+01 -1.367109094997399232e+01 -1.012579695456156159e+01 2.251733336170788036e+01 -1.012579695456156159e+01 -7.838651658767616937e-01
