-1.280257087411041539e+01 1.575318282226769107e+01 -2.393997653497208500e+00 1.575318282226769107e+01 5.589267468219709656e+00 -6.533087366628571147e+00 -2.393997653497208500e+00 -6.533087366628571147e+00 4.188105427472808451e+00
-5.843223956347770809e+00 1.243113325818515413e+00 3.645360851479240605e+00 1.243113325818515413e+00 4.268838291653109351e+00 -1.217491529092367664e+01 3.645360851479240605e+00 -1.217491529092367664e+01 3.576693064269403921e-01
3.698311156234024732e+00 -2.338328588043654677e-01 4.467195148044199371e+00 -2.338328588043654677e-01 9.260444128053837431e+00 -1.738078990241888944e+00 4.467195148044199371e+00 -1.738078990241888944e+00 -8.309728862201606336e-01
-6.371353359209954448e+01 8.190495759329312619e+00 -1.379382118905757570e+00 8.190495759329312619e+00 -3.788650997299139078e+01 9.003306645368477135e+00 -1.379382118905757570e+00 9.003306645368477135e+00 1.417611307780927099e+01
-5.526780277043254586e+00 4.083999969093455640e+00 -9.202947294318757798e+00 4.083999969093455640e+00 -7.469071830875484430e+00 -1.393202409990959723e+01 -9.202947294318757798e+00 -1.393202409990959723e+01 -1.667641426503857716e+01
1.678660323439509483e+01 7.681003999236849289e+00 5.485223454992523173e+00 7.681003999236849289e+00 2.816686444893307595e+01 -3.042169636687082068e+00 5.485223454992523173e+00 -3.042169636687082068e+00 -1.017438173532183221e+01
-3.808560051312248618e+01 1.055051191622239370e+00 8.253854020923903079e+00 1.055051191622239370e+00 -1.173144691947283036e+01 3.319601369087695542e+00 8.253854020923903079e+00 3.319601369087695542e+00 1.311433053472711885e+00
-1.604956601365029201e+01 -1.178768694849568810e+00 -1.676750422670749430e+01 -1.178768694849568810e+00 -3.114131175354733383e+00 -1.154281236293986801e+01 -1.676750422670749430e+01 -1.154281236293986801e+01 -5.298581231692113391e+01
1.694592028680725093e+01 2.220284224458798583e+00 1.052407033146406157e+01 2.220284224458798583e+00 9.814454596876622361e+00 -6.173772795002497205e+00 1.052407033146406157e+01 -6.173772795002497205e+00 -3.469133851791116285e+01
-1.746713335860477656e+01 -3.705373951361741636e+00 1.150682776057138490e+01 -3.705373951361741636e+00 -5.488733938543181523e+01 -6.249943836567831923e+00 1.150682776057138490e+01 -6.249943836567831923e+00 1.335284854001862342e+01
2.112064739432368654e+01 9.774288210025014578e+00 1.634763993021727657e+01 9.774288210025014578e+00 2.281760988171023286e+01 6.739416865102916709e+00 1.634763993021727657e+01 6.739416865102916709e+00 -1.473500142645401922e+01
1.537974607880588707e+01 1.268115373983510707e+01 2.010669848846911734e+01 1.268115373983510707e+01 2.128404382888402324e+01 -6.663342905318607734e+00 2.010669848846911734e+01 -6.663342905318607734e+00 -5.184936774832264206e+01
-4.213670373623133969e+01 1.844291486406845204e-01 -6.713307817729533333e+00 1.844291486406845204e-01 -4.821843847373446401e+00 -7.266342075959787650e+00 -6.713307817729533333e+00 -7.266342075959787650e+00 3.109668592121113662e+01
-1.603422686212903514e+01 5.617467347355029617e+00 -6.077133881110305502e+00 5.617467347355029617e+00 -4.377573585782337773e+01 -1.448668624094056723e+00 -6.077133881110305502e+00 -1.448668624094056723e+00 -1.871823121111381028e+01
-1.281478016469623782e-01 6.862470642226293771e-01 9.520457788042246960e+00 6.862470642226293771e-01 -1.463708869866879958e+01 -1.989369328507521573e+00 9.520457788042246960e+00 -1.989369328507521573e+00 -3.336418388742257690e+01
-1.355649199267217675e+01 -3.117166650917443160e+00 5.276360107304697955e+00 -3.117166650917443160e+00 -1.102298550239256159e+01 4.649760973908530381e+00 5.276360107304697955e+00 4.649760973908530381e+00 -2.096662774076391678e+00
-4.064528659053141268e+01 3.745583863784768042e+00 -5.144607595319830473e+00 3.745583863784768042e+00 -2.351642433099205576e+01 1.192767555690435621e+01 -5.144607595319830473e+00 1.192767555690435621e+01 2.399432283464370208e+00
7.360232580706288275e+00 1.145107470546848383e+01 4.643383876447660374e-01 1.145107470546848383e+01 5.675050003438307122e+00 -1.662288144761534081e+00 4.643383876447660374e-01 -1.662288144761534081e+00 -6.456180134409233062e+01
-2.409456751494532867e+01 1.354016441439094942e+00 -1.645939174427303753e+00 1.354016441439094942e+00 -2.836823769350671753e+01 -1.087261853760802310e+01 -1.645939174427303753e+00 -1.087261853760802310e+01 -1.250748557827275320e+01
-9.853627243309034611e+00 -3.035817403434767220e-02 -3.801847061552786067e-01 -3.035817403434767220e-02 -2.566048366179621709e+01 8.655653724074726441e+00 -3.801847061552786067e-01 8.655653724074726441e+00 -3.054800379870228255e+01
2.324257184378450347e+01 -1.624316110476947683e+00 6.610742441711153994e+00 -1.624316110476947683e+00 2.180725138828947607e+01 7.601939844159249837e+00 6.610742441711153994e+00 7.601939844159249837e+00 5.742839309576740270e+00
4.302131918306779568e+01 -2.471112106631615651e-02 3.927954359461322653e+00 -2.471112106631615651e-02 3.587418933240090979e+01 -2.250057967551664095e+00 3.927954359461322653e+00 -2.250057967551664095e+00 3.661096131928880482e+01
-6.259501407591270095e+01 1.519946550110771843e+00 8.220415765818987808e+00 1.519946550110771843e+00 -1.841808630976338179e+01 1.052628776307212632e+01 8.220415765818987808e+00 1.052628776307212632e+01 2.110581810386965884e+01
3.320274879282875347e+00 -1.308350364335669624e+01 2.233110243145949525e+00 -1.308350364335669624e+01 9.261693310099587961e+00 -6.691096372566443407e+00 2.233110243145949525e+00 -6.691096372566443407e+00 4.858440549127382013e+01
-4.642145703442164262e+01 5.820002509850665362e+00 1.490949144709590968e+01 5.820002509850665362e+00 -7.166119507949869849e+00 5.705459325619020028e+00 1.490949144709590968e+01 5.705459325619020028e+00 1.024571530914709783e+01
2.205105746878389184e+01 1.415811504830102763e+00 2.552238409251249784e+00 1.415811504830102763e+00 1.592439157191643595e+01 1.002151950410255177e+00 2.552238409251249784e+00 1.002151950410255177e+00 1.489624442030447504e+01
-5.440789112745168410e+01 5.648891782916713566e+00 6.903114856984169379e+00 5.648891782916713566e+00 -3.698874904876031877e+01 7.276710501591064251e+00 6.903114856984169379e+00 7.276710501591064251e+00 -4.101762179278509990e+01
-6.273867268881050308e+01 -2.842314578981773199e+00 4.960842225022684460e+00 -2.842314578981773199e+00 -5.044122038503043370e+01 5.184441911784787305e-01 4.960842225022684460e+00 5.184441911784787305e-01 -3.916493397747762373e+01
3.080385305169414067e+01 -1.372648015519368236e+01 8.346512743082691088e+00 -1.372648015519368236e+01 6.123486043272070134e+00 -8.848552206511602236e+00 8.346512743082691088e+00 -8.848552206511602236e+00 -1.551583964078332123e+01
3.986008412371381837e+01 1.485822657676577485e+01 -1.050660036387930951e+01 1.485822657676577485e+01 3.346213046123783386e+01 2.418837134720577264e-01 -1.050660036387930951e+01 2.418837134720577264e-01 -1.106912827287021805e+01
3.491056151281449615e+01 -4.680789779717221322e+00 7.304461797376417209e+00 -4.680789779717221322e+00 1.789753210612816758e+01 6.198447520542462286e+00 7.304461797376417209e+00 6.198447520542462286e+00 -3.985793769531036190e+01
3.687082934927602906e+01 3.746110996782971103e+00 7.685553487530519590e+00 3.746110996782971103e+00 2.060396954662506630e+01 5.398827732060274442e+00 7.685553487530519590e+00 5.398827732060274442e+00 -2.398085681660598567e+01
4.603294300780010673e+01 -9.415611575977036463e-01 -3.545264619686848473e+00 -9.415611575977036463e-01 3.467130529278866646e+01 7.412824800943031145e-02 -3.545264619686848473e+00 7.412824800943031145e-02 9.394675000353737815e+00
4.717907813387620664e+00 7.966833926132426136e+00 1.720688109391725007e+00 7.966833926132426136e+00 1.176738953032583801e+01 -2.611658694361110311e-01 1.720688109391725007e+00 -2.611658694361110311e-01 -5.571469355762355491e+01
-3.628714372396526500e+01 7.656858946642675079e+00 1.689465154659928103e+01 7.656858946642675079e+00 -3.249168298071280248e+01 1.299673492597495184e+01 1.689465154659928103e+01 1.299673492597495184e+01 -1.254363903961597870e+01
7.755597890726651400e+00 -5.967408170990835536e+00 9.742028344372151594e+00 -5.967408170990835536e+00 2.631141618165709062e+01 1.092120321858758958e+00 9.742028344372151594e+00 1.092120321858758958e+00 3.778416723058035842e+01
-2.999405756310651316e+00 2.527377951205562745e+00 -9.869640172932090394e-01 2.527377951205562745e+00 1.125741237678980511e+01 1.000325467751750530e+01 -9.869640172932090394e-01 1.000325467751750530e+01 8.207827877336770328e+00
4.803255741575532056e+01 -6.250880891852635957e-01 -4.027716036759628082e+00 -6.250880891852635957e-01 3.042487807187339044e+01 6.244093833338137944e-01 -4.027716036759628082e+00 6.244093833338137944e-01 3.154498464172250749e+01
2.734732627277404404e+01 1.938050395264220427e+01 1.877884164121246036e+00 1.938050395264220427e+01 1.747152366562266224e+01 -1.169511136916442240e+01 1.877884164121246036e+00 -1.169511136916442240e+01 -4.287613184988957471e+01
3.013014439171325876e+01 2.683907195026591364e+00 1.098169258175741625e+01 2.683907195026591364e+00 2.602781275515518544e+01 -1.978172888438478694e+01 1.098169258175741625e+01 -1.978172888438478694e+01 2.289880946608479562e+01
-4.344453271597900113e+01 -3.369018419910992268e+00 3.118770476083206233e+00 -3.369018419910992268e+00 -2.227713069248651578e+01 1.484971784435214204e+01 3.118770476083206233e+00 1.484971784435214204e+01 -1.213274542566273340e+01
-1.488332452094233282e+01 3.500244582145976668e+00 3.128210605290890012e+00 3.500244582145976668e+00 -1.126200981361698261e+01 5.806570876140618731e-01 3.128210605290890012e+00 5.806570876140618731e-01 -1.441352699300261797e+01
-3.036334996309583900e+01 3.063922785858745335e-01 -5.125059035944926400e+00 3.063922785858745335e-01 -1.306530218166456159e+01 -1.353237402698632907e+00 -5.125059035944926400e+00 -1.353237402698632907e+00 7.625097216797965594e+00
5.420601940945645403e+00 -7.708521243585408023e+00 1.157148382360188599e+01 -7.708521243585408023e+00 -1.890170240791997713e+01 -2.971984740264967950e-01 1.157148382360188599e+01 -2.971984740264967950e-01 -2.894515361858105962e+01
1.062749215263535163e+00 1.351262475728882961e+01 -1.371895172810283192e+01 1.351262475728882961e+01 -2.233329435048136691e-01 -6.994928801468784929e-01 -1.371895172810283192e+01 -6.994928801468784929e-01 -5.475582357118202026e+01
6.503125985606552639e+00 -4.423186460688301125e+00 9.890172842373242901e+00 -4.423186460688301125e+00 2.952569021329205956e+00 4.429908779754144765e-01 9.890172842373242901e+00 4.429908779754144765e-01 -1.026533651582066042e+01
4.425626175510441129e+01 -1.353890197326173173e+01 1.069919813690800758e+01 -1.353890197326173173e+01 3.333639912583911524e+01 -1.025284404308106545e+01 1.069919813690800758e+01 -1.025284404308106545e+01 -1.272099033320255757e+01
-1.144587892769964022e+01 -8.551996252339998605e+00 4.314457564695564629e-01 -8.551996252339998605e+00 -3.847412799406522055e+01 1.997918340517995439e+00 4.314457564695564629e-01 1.997918340517995439e+00 6.804616551825354520e+00
-4.447271487432121262e+01 6.315727778129267556e-01 -7.005618131953020855e-01 6.315727778129267556e-01 -3.389018673760264022e+01 1.575108847281142754e+00 -7.005618131953020855e-01 1.575108847281142754e+00 -1.512064926679913235e+01
5.530918083297108323e-01 -1.775998168652893838e+00 -8.407038985770734385e+00 -1.775998168652893838e+00 1.759366990145771359e+00 -6.617650325965854563e+00 -8.407038985770734385e+00 -6.617650325965854563e+00 -3.310513655343131489e+01
2.290802785022624377e+01 -1.232378084149017816e+01 -2.796969322054067231e+00 -1.232378084149017816e+01 -2.435037577177887158e+00 1.678643459988536435e+01 -2.796969322054067231e+00 1.678643459988536435e+01 -7.547543493921739177e+00
2.071682055447366722e+01 6.969721552923812347e+00 6.988040729737634571e+00 6.969721552923812347e+00 -5.293400838501487904e+00 -1.812575937691557337e+00 6.988040729737634571e+00 -1.812575937691557337e+00 1.420668842080777061e+01
-3.813902140609661728e+01 -5.174407560215341206e+00 -8.910923003447726032e+00 -5.174407560215341206e+00 -3.154353021401291812e+01 7.013882100790545415e+00 -8.910923003447726032e+00 7.013882100790545415e+00 -7.760797910422391865e+00
-6.181191948844689676e+01 4.607279044761773967e+00 8.584644539702425803e+00 4.607279044761773967e+00 -1.267576673611628379e+01 6.410070019566255439e+00 8.584644539702425803e+00 6.410070019566255439e+00 2.265148817249688662e+01
-2.893633231221339130e+01 8.990942949630639447e+00 9.243448440683628142e-01 8.990942949630639447e+00 1.433921909254189231e+01 1.306622876315803161e+01 9.243448440683628142e-01 1.306622876315803161e+01 2.592872760007599808e+01
-1.037753817819021229e+01 1.965871673211422976e+00 -1.574142293592883046e+00 1.965871673211422976e+00 -5.849778273476766088e+01 3.370054093109760007e+00 -1.574142293592883046e+00 3.370054093109760007e+00 -1.830161378942396411e+01
4.373692464146539294e+01 -4.869490320942888140e+00 -1.052705625334719564e+01 -4.869490320942888140e+00 3.086210681621599150e+01 -1.630082480843814796e+00 -1.052705625334719564e+01 -1.630082480843814796e+00 -5.844731113673300449e+00
1.894482163180448042e+00 3.203759188261112723e+00 4.606353630895276829e+00 3.203759188261112723e+00 2.611201437775264811e+00 -6.155973013498139856e+00 4.606353630895276829e+00 -6.155973013498139856e+00 -3.024135618632748379e+00
-7.781508999867152276e+00 -1.255480179451258849e+01 -4.666639054474709170e+00 -1.255480179451258849e+01 -1.530675865712095529e+01 7.557517532290446205e+00 -4.666639054474709170e+00 7.557517532290446205e+00 -2.475184264503328890e+01
1.293147813860525241e+00 8.593142237101499603e+00 1.618430419317474334e+00 8.593142237101499603e+00 3.550790247530279498e+00 3.762575564208435197e-01 1.618430419317474334e+00 3.762575564208435197e-01 1.537924673631911432e+00
1.056783571272839772e+01 1.053067188663714759e+01 -1.206041687072417545e+01 1.053067188663714759e+01 1.338729647701855008e+01 9.806983156795507028e+00 -1.206041687072417545e+01 9.806983156795507028e+00 2.212020854744536891e+01
-1.196312050915816450e+01 7.890627768488010396e+00 6.414143947979071392e+00 7.890627768488010396e+00 -1.235960649139418166e+01 -8.589649328204460588e+00 6.414143947979071392e+00 -8.589649328204460588e+00 -2.811383246194845853e+01
3.944572105615126389e+01 6.896551056106031474e+00 2.971055056792607285e+00 6.896551056106031474e+00 4.340307125955948209e+01 -5.053218250369820197e+00 2.971055056792607285e+00 -5.053218250369820197e+00 3.882688477855509745e+01
-3.706646668138301237e+01 1.387893946674021350e+01 7.837637004714697930e+00 1.387893946674021350e+01 -2.919428617720077312e+01 5.729852174914492835e+00 7.837637004714697930e+00 5.729852174914492835e+00 1.006961877776857861e+01
-7.277072825491988795e+01 -3.400810133078206565e+00 -7.190464478308866703e-01 -3.400810133078206565e+00 -4.987506921475730337e+01 -1.177167938033505834e+01 -7.190464478308866703e-01 -1.177167938033505834e+01 -1.058574849959162911e+01
-2.542898628929518878e+01 6.077047575442707128e+00 6.374424543368739648e+00 6.077047575442707128e+00 -4.062959640562706198e+01 5.081906465423617014e+00 6.374424543368739648e+00 5.081906465423617014e+00 -2.981174573193785804e+01
1.938830713806569150e+01 -1.250438111010910180e+00 8.547339837596318546e+00 -1.250438111010910180e+00 2.508173744016137618e+01 -3.229690807439690836e+00 8.547339837596318546e+00 -3.229690807439690836e+00 3.170167463629743665e+01
-3.464285091346201284e+01 -1.682680037254387972e+00 -4.384495779945239313e+00 -1.682680037254387972e+00 -2.801672633125877709e+01 -1.143702497821653985e+01 -4.384495779945239313e+00 -1.143702497821653985e+01 -8.225855667980064823e+01
6.804908039112848250e+00 8.805544367348343116e+00 -1.494978462668062136e+01 8.805544367348343116e+00 -3.720094663933021906e+00 7.984552202726140635e+00 -1.494978462668062136e+01 7.984552202726140635e+00 -2.239027302827657806e+01
-6.719122397876622799e+00 1.953256989466742644e+00 3.842420533688132522e+00 1.953256989466742644e+00 1.135880650296392602e+01 1.159040203680432590e+01 3.842420533688132522e+00 1.159040203680432590e+01 -3.916267391140484477e+01
-1.560795740829180822e+00 -3.528987911453270954e+00 5.509386844311151776e+00 -3.528987911453270954e+00 2.048698187098433987e+00 5.652814596655048263e+00 5.509386844311151776e+00 5.652814596655048263e+00 6.032989469575716690e+00
-6.066832307010018077e+00 1.183511363383662207e+01 1.895288548907736015e+00 1.183511363383662207e+01 -4.903439391618232612e+00 4.401792116868987748e+00 1.895288548907736015e+00 4.401792116868987748e+00 2.083263606875621932e+01
6.140304352201933114e+01 -1.138480456052547396e+01 -9.509030448231040822e+00 -1.138480456052547396e+01 4.043809986944802404e+01 -9.816022905489754535e+00 -9.509030448231040822e+00 -9.816022905489754535e+00 8.314907914749852580e+00
4.254350394075855490e+01 7.356984552850192927e+00 1.907349040160845721e+00 7.356984552850192927e+00 4.184383700610201373e+01 4.190510355551444022e+00 1.907349040160845721e+00 4.190510355551444022e+00 4.627917298384733158e+01
-2.796538184272788641e+01 1.233193177402383611e+01 6.418436421577515816e+00 1.233193177402383611e+01 7.541820225685053281e+00 9.355930964725599708e+00 6.418436421577515816e+00 9.355930964725599708e+00 3.577963064798557724e+01
-9.176726374145934173e+00 -1.116920742035777181e+01 -8.120192175617523489e+00 -1.116920742035777181e+01 -1.337999533104062522e+01 6.850611160945262235e+00 -8.120192175617523489e+00 6.850611160945262235e+00 -2.951845510176662302e+01
2.750992188791094151e+01 5.044844361299813507e+00 1.128554795064791172e+01 5.044844361299813507e+00 2.241166727459732044e+01 2.381370264933833081e+00 1.128554795064791172e+01 2.381370264933833081e+00 4.364472471521440688e+00
-4.804418158903138192e+01 9.593041738255454476e+00 -5.811055036458305789e-01 9.593041738255454476e+00 -5.706739654159020070e+00 -9.761063285674334011e+00 -5.811055036458305789e-01 -9.761063285674334011e+00 1.929416086169434408e+01
-6.165398528567219927e+00 -5.691666355291626900e+00 -7.926982657626021611e-01 -5.691666355291626900e+00 -3.298576496282309023e+01 -2.673180568144558400e+00 -7.926982657626021611e-01 -2.673180568144558400e+00 -4.195655042309743621e+00
1.132101324680559129e+00 -9.491365679290124646e+00 -3.469488124003448526e+00 -9.491365679290124646e+00 -5.749772152290404392e+00 2.269577715160126630e+00 -3.469488124003448526e+00 2.269577715160126630e+00 -4.012793348258114179e+00
-1.062920829819428370e+01 -5.264787889753248962e+00 2.030424418040466961e+01 -5.264787889753248962e+00 1.295158223393919172e+00 -1.475126181059906472e+01 2.030424418040466961e+01 -1.475126181059906472e+01 -3.982178718306586518e+01
1.754886944333421894e+01 3.416149266739042734e+00 7.984619297890318101e+00 3.416149266739042734e+00 2.145796036887108826e+01 6.816507375766437171e+00 7.984619297890318101e+00 6.816507375766437171e+00 1.318189594004774001e+01
3.020895082430655165e+01 2.009613282281970559e+00 6.953981032399509488e+00 2.009613282281970559e+00 3.179213455830418766e+01 -1.328524464533521909e+00 6.953981032399509488e+00 -1.328524464533521909e+00 3.056099161650470819e+01
2.236229435287739520e+01 6.081405648015794085e+00 1.457177928873042205e+01 6.081405648015794085e+00 6.343326365072659456e+00 6.601452456108301448e+00 1.457177928873042205e+01 6.601452456108301448e+00 -2.138278803082718582e+01
2.639207764645890908e+00 4.004620539238222143e+00 9.197456666144849802e-01 4.004620539238222143e+00 -5.510751771538455301e+00 8.198377009544094207e+00 9.197456666144849802e-01 8.198377009544094207e+00 -4.831209496490784794e+00
2.237887479456850670e+01 -8.145943733944180920e+00 -6.887813583424071240e+00 -8.145943733944180920e+00 1.264216739984864502e+00 -3.954468343304816447e+00 -6.887813583424071240e+00 -3.954468343304816447e+00 6.992758391454551692e+00
1.514355392427010472e+01 -1.798508987320352404e+01 -1.494462387045196117e+01 -1.798508987320352404e+01 8.270622161989063414e+00 -1.476177764489533084e+00 -1.494462387045196117e+01 -1.476177764489533084e+00 -5.178166329138613833e+01
-1.463066257837349760e+01 4.842758995565145774e+00 -5.312470890239820775e+00 4.842758995565145774e+00 -1.499402150235426134e+01 -2.329288323677237482e+00 -5.312470890239820775e+00 -2.329288323677237482e+00 -4.808509199750675833e+01
-3.120085696773046635e+01 3.397796916244170351e+00 1.275968581292193349e+01 3.397796916244170351e+00 -2.217498057636949937e+01 6.796106665564817462e+00 1.275968581292193349e+01 6.796106665564817462e+00 -9.802384018645160069e+00
-4.241437748698573529e+01 4.273913616188066200e+00 1.809097231940569817e+00 4.273913616188066200e+00 -3.111195679123172297e+01 -1.564411829866964920e+00 1.809097231940569817e+00 -1.564411829866964920e+00 -1.997871383741249929e+01
7.270856672390773490e+00 8.117370530480767954e+00 9.389751904979855013e+00 8.117370530480767954e+00 -3.380584106642023556e+01 4.635785052989547239e+00 9.389751904979855013e+00 4.635785052989547239e+00 -3.946059145198310136e-01
4.335717946846862958e+01 5.643102893926886132e+00 -1.304834013445204022e+01 5.643102893926886132e+00 3.605142180073725200e+01 2.494512180429783732e-01 -1.304834013445204022e+01 2.494512180429783732e-01 2.315119311328060370e+00
-1.470542514390030675e+01 6.375247410872695752e+00 2.753558787849274836e+01 6.375247410872695752e+00 -1.566440159115498432e+01 -1.038366954419884136e+00 2.753558787849274836e+01 -1.038366954419884136e+00 -4.724409946907137936e+01
7.159361232599843561e+01 6.488144222546645690e-01 -1.806444839588317697e+00 6.488144222546645690e-01 5.741295070108874654e+01 -3.788158136996290004e+00 -1.806444839588317697e+00 -3.788158136996290004e+00 1.641969673684154074e+01
-1.624473562040018493e+01 1.983854108630145419e+01 -1.359873611168758067e+01 1.983854108630145419e+01 -2.026548536447440441e+01 8.748030488648332437e+00 -1.359873611168758067e+01 8.748030488648332437e+00 -5.660718853022072494e+01
-2.404561319994558843e+01 -7.677492228916272587e+00 3.113392459844029680e+00 -7.677492228916272587e+00 -2.846224603600625969e+01 -1.670225884346524126e+01 3.113392459844029680e+00 -1.670225884346524126e+01 2.445557778120682979e+00
6.312356263523096978e+00 4.694757127885528791e-01 -1.404466409858924614e+01 4.694757127885528791e-01 -9.169234967381548529e+00 9.378654421807574693e+00 -1.404466409858924614e+01 9.378654421807574693e+00 -7.118458548362018412e+00
-3.083701055278099190e+01 3.186848283087877487e+00 -2.889652676194424785e+00 3.186848283087877487e+00 7.895004512967183530e+00 -1.495105852577045091e+01 -2.889652676194424785e+00 -1.495105852577045091e+01 3.240278584057050892e+01
-2.943134241185172861e+00 9.957902774423088132e+00 3.854930212542779344e+00 9.957902774423088132e+00 1.736566706517759018e+00 -4.913945819397953940e+00 3.854930212542779344e+00 -4.913945819397953940e+00 3.326570585113117318e+01
-5.139089910356062774e+00 2.550010506527096155e+00 -8.041631931418740109e+00 2.550010506527096155e+00 9.489510364124756236e+00 -1.216791800583204264e+01 -8.041631931418740109e+00 -1.216791800583204264e+01 -1.749741182560855535e+01
