2.946181000390468796e+01 1.927301309319504885e-01 -1.401438350040803726e+01 1.927301309319504885e-01 2.227904335869618535e+01 -1.009323497362845146e+01 -1.401438350040803726e+01 -1.009323497362845146e+01 2.372439869908294696e+01
1.960125249278420156e+01 7.498303685730379087e+00 1.230957837236267505e+00 7.498303685730379087e+00 3.795019861748387058e+01 5.030961134474457808e+00 1.230957837236267505e+00 5.030961134474457808e+00 1.652138377882535991e+01
1.472760652180549990e+01 -1.880641985173416297e-01 4.115284210206341164e+00 -1.880641985173416297e-01 2.156917880945286470e+01 -7.064563207470411221e-01 4.115284210206341164e+00 -7.064563207470411221e-01 -1.096702640066449774e+01
-2.574254350375055012e+01 3.407400286634408637e+00 -6.472658564470965104e+00 3.407400286634408637e+00 -3.408547978660480027e+01 -2.452439028018113643e+00 -6.472658564470965104e+00 -2.452439028018113643e+00 -3.427744089865776544e+01
3.859382080279660698e+01 2.105392240317128838e+01 1.198217140856639773e+01 2.105392240317128838e+01 4.910509248349395506e+01 8.646383505931414248e-01 1.198217140856639773e+01 8.646383505931414248e-01 2.772116144196621335e+01
2.232599221556577618e+01 -5.030819868238259884e-01 9.631887169106754243e+00 -5.030819868238259884e-01 1.329630627654142927e+01 -3.128599256483683533e+00 9.631887169106754243e+00 -3.128599256483683533e+00 -2.125232894998530497e+01
-1.232948492437823163e+01 -6.402243572878462352e+00 -2.382585649388416549e+00 -6.402243572878462352e+00 -1.330705408398335088e+01 8.148783451622260143e-01 -2.382585649388416549e+00 8.148783451622260143e-01 -1.331774332438933328e+01
7.990893401617188374e+01 -2.145394123470208925e+01 1.963691758909830298e+01 -2.145394123470208925e+01 9.293141047158506751e+01 -1.107959213330597059e+01 1.963691758909830298e+01 -1.107959213330597059e+01 5.734633223197028684e+01
3.795251244841023919e+01 -2.579519767149181853e+00 -8.360429445859823616e+00 -2.579519767149181853e+00 5.072309691596424841e+01 -1.184633670244339498e+01 -8.360429445859823616e+00 -1.184633670244339498e+01 -9.098828571901263373e+00
2.206687544510424814e+01 -1.604994008770674085e+01 -4.873048512269633648e+00 -1.604994008770674085e+01 2.200668882279476080e+01 9.977316686159101167e+00 -4.873048512269633648e+00 9.977316686159101167e+00 -4.652846013677495307e+01
7.428242381421356733e+00 -3.465018622864083131e+00 1.174500957688091773e+01 -3.465018622864083131e+00 -2.125963792727625190e+01 6.577614308998763981e+00 1.174500957688091773e+01 6.577614308998763981e+00 -6.240366459904893759e+01
7.342638270230882114e+00 -1.159044724535476512e+01 -1.290410142508010560e+00 -1.159044724535476512e+01 2.192349043732049552e+01 4.395748434397007465e+00 -1.290410142508010560e+00 4.395748434397007465e+00 -1.663257663453029522e+01
2.062279523036881201e+01 -1.281167554086925797e+01 1.028720972162988190e+01 -1.281167554086925797e+01 2.411512032102581671e+01 -7.560494499588485517e+00 1.028720972162988190e+01 -7.560494499588485517e+00 2.124895971123193661e+01
5.701598450416802688e-01 8.948820341307699877e+00 -8.130108614196699390e-01 8.948820341307699877e+00 -5.480671585900588338e-01 2.384090307969040090e+00 -8.130108614196699390e-01 2.384090307969040090e+00 -5.851900528678285696e+01
-7.351771237375765544e+00 -8.321559956673313607e+00 -4.285636668549723360e+00 -8.321559956673313607e+00 -5.158467078963865582e+00 2.054468142035045020e+00 -4.285636668549723360e+00 2.054468142035045020e+00 1.501748346683964286e+01
2.057868705959296562e+01 2.053134050589163984e+00 -1.175851844260384205e+01 2.053134050589163984e+00 4.700431098708325095e+01 8.912723256691729504e-03 -1.175851844260384205e+01 8.912723256691729504e-03 -1.202078100015962470e+01
-8.139363938503031193e+00 7.971412278646369032e+00 8.306704838292741755e+00 7.971412278646369032e+00 -2.266519570624799584e+01 9.328293032207062296e+00 8.306704838292741755e+00 9.328293032207062296e+00 8.790721153519339026e+00
3.379606346971684161e+01 -4.606506917078234231e+00 -1.539581048561412935e+01 -4.606506917078234231e+00 2.616761494640031316e+01 3.103673302853378058e+00 -1.539581048561412935e+01 3.103673302853378058e+00 1.629342683706961026e+01
1.975315151292716820e+01 -6.575817647298830337e+00 6.442691217966948436e+00 -6.575817647298830337e+00 2.457876885033653735e+01 -2.826922577562167138e+00 6.442691217966948436e+00 -2.826922577562167138e+00 -3.663357405066214767e+01
-9.322575281357591948e+00 -1.096564120907687112e+01 5.153271295541522967e+00 -1.096564120907687112e+01 -1.609071104964896293e+01 1.333828731383022692e+01 5.153271295541522967e+00 1.333828731383022692e+01 1.051282828596643881e+01
1.148708001614048335e+01 -1.562359406771253489e+01 -1.102082994920102799e+01 -1.562359406771253489e+01 1.569942465426175282e+01 -1.201305940718450849e+01 -1.102082994920102799e+01 -1.201305940718450849e+01 7.618180798315117297e-01
-4.042146546881107128e+01 -1.706036540422747327e+00 -4.215934590516301483e+00 -1.706036540422747327e+00 -2.188131929870374037e+01 -1.002156915874477505e+01 -4.215934590516301483e+00 -1.002156915874477505e+01 -1.194011421288402985e+01
3.393017217587180223e+00 -1.228248238899573153e+01 -2.923838662935252852e+00 -1.228248238899573153e+01 -4.362785143033385715e+00 5.837992263451875274e+00 -2.923838662935252852e+00 5.837992263451875274e+00 -8.577296939656246622e+00
2.167108252040143235e+00 6.402047430195983990e-02 5.982612471238820007e+00 6.402047430195983990e-02 9.848307968628912334e+00 -1.194040561099652820e+01 5.982612471238820007e+00 -1.194040561099652820e+01 -6.777770524524016515e+00
4.176718100502913700e+01 -1.486236667337060702e+01 -6.370068555707432800e+00 -1.486236667337060702e+01 2.848709360903449550e+01 -3.759129822542330857e+00 -6.370068555707432800e+00 -3.759129822542330857e+00 4.777871182478988565e+00
-2.533532004152823447e+01 1.619123848452573355e+01 -1.007131394951314185e+01 1.619123848452573355e+01 -2.197737503180882612e+01 2.142407567826741133e+00 -1.007131394951314185e+01 2.142407567826741133e+00 -4.791916628848365889e+01
-9.032665001320857812e+00 1.180807912680358118e+00 -2.533058708691072081e+00 1.180807912680358118e+00 -1.715501704545754080e+01 -8.218723804709263447e+00 -2.533058708691072081e+00 -8.218723804709263447e+00 -5.134864796631628536e+01
-3.958375784418632914e-01 1.288325190618052574e+01 -1.792496385223898869e+01 1.288325190618052574e+01 -9.394320581604224785e+00 -7.467682063045414154e+00 -1.792496385223898869e+01 -7.467682063045414154e+00 -5.839932357247645456e+01
-3.764662116036883788e+01 2.058334597261336185e+01 2.136682866178709972e+01 2.058334597261336185e+01 -4.321883232691338605e+01 1.515517306268561981e+01 2.136682866178709972e+01 1.515517306268561981e+01 -8.322336483670072482e+01
5.479349200184302049e+01 7.196765668890012790e+00 1.753492281398444064e+01 7.196765668890012790e+00 5.818731752292839587e+01 -4.181832825046520874e+00 1.753492281398444064e+01 -4.181832825046520874e+00 2.139582173013354804e+01
1.159944727948551524e+01 3.103516626624623687e+00 -2.480653643741207670e+00 3.103516626624623687e+00 2.609548327780904131e+01 7.467716025855692052e+00 -2.480653643741207670e+00 7.467716025855692052e+00 1.510667293520829801e+01
-5.818344979713550913e+00 -6.353869974930494102e+00 5.500827661969474036e+00 -6.353869974930494102e+00 1.597446924659829115e+01 -2.314112091281941730e+00 5.500827661969474036e+00 -2.314112091281941730e+00 -2.505156825133341769e+01
-2.781318764658273679e+01 -1.796974172743340503e+01 9.627135953284694736e+00 -1.796974172743340503e+01 -4.321842683725916601e+01 1.701721555820384779e+01 9.627135953284694736e+00 1.701721555820384779e+01 -3.396144744476479360e+01
-2.777964187924040473e+01 -5.419752405475160018e+00 -3.102321065955525814e+00 -5.419752405475160018e+00 -1.826307979174738705e+01 -1.029137234516488242e+01 -3.102321065955525814e+00 -1.029137234516488242e+01 7.638359426336679192e+00
3.270573051513855134e+00 1.708088469282013078e+00 5.142265983488208292e+00 1.708088469282013078e+00 2.170420792714126890e+01 8.757854683675841301e+00 5.142265983488208292e+00 8.757854683675841301e+00 2.586490944416035376e+01
-1.788525201501618866e+01 -2.414572834292390002e+00 -9.376056299516725145e-01 -2.414572834292390002e+00 -2.487142757599210441e+01 7.314448938104034958e+00 -9.376056299516725145e-01 7.314448938104034958e+00 -5.102113864976997348e+01
-1.764051761638798510e+01 -4.362523488821564932e+00 -5.150275521506190834e+00 -4.362523488821564932e+00 -1.426753424082611232e+01 2.256248111505565035e+01 -5.150275521506190834e+00 2.256248111505565035e+01 -1.634413121385572509e+01
4.321390030291476592e+01 -2.495426972999374549e+00 5.549657885858374939e+00 -2.495426972999374549e+00 3.951331296262083015e+01 -8.244850485507576821e+00 5.549657885858374939e+00 -8.244850485507576821e+00 4.761628782965293993e+01
1.739617633871695546e+01 -9.163455136861967110e-02 7.769596585726165294e+00 -9.163455136861967110e-02 1.791041506695037455e+01 1.387727301271285896e+01 7.769596585726165294e+00 1.387727301271285896e+01 1.142193419257024267e+01
-2.449858087009181418e+01 8.838540706597486363e+00 1.083404474234640258e+00 8.838540706597486363e+00 -4.244347884318383990e+01 -4.865294314573304746e+00 1.083404474234640258e+00 -4.865294314573304746e+00 -4.288619468259805245e+01
-4.104576543894843610e+01 7.743837842798146909e+00 6.047272962469704360e+00 7.743837842798146909e+00 -5.040590555418955887e+01 -6.875817789425500592e+00 6.047272962469704360e+00 -6.875817789425500592e+00 -3.124876615136083657e+01
-3.597381927190880901e+01 -1.388040282913071088e+01 4.990521090678270433e+00 -1.388040282913071088e+01 -1.741427630552873396e+01 2.654726472918641278e+00 4.990521090678270433e+00 2.654726472918641278e+00 -1.489815703749408549e+01
-6.440084402895600135e+00 3.497155036994033850e+00 -1.509658860384230639e-01 3.497155036994033850e+00 -1.072665205202855354e+01 -2.459787401438978449e+00 -1.509658860384230639e-01 -2.459787401438978449e+00 4.728564858729055409e+00
-1.399568778086179677e+01 -3.054165622072825936e+00 5.752066977204487230e+00 -3.054165622072825936e+00 1.041839488130919733e+01 -6.907405753355054578e+00 5.752066977204487230e+00 -6.907405753355054578e+00 -5.345614191819905869e+01
-5.714445022058144141e-02 -2.976757338404622644e+00 1.978751096647151186e+01 -2.976757338404622644e+00 9.679318074715952847e+00 -1.960735653896525932e+01 1.978751096647151186e+01 -1.960735653896525932e+01 -9.100222340117788633e+00
7.831310250445989496e+00 4.874737982401843972e+00 5.144303509488916681e+00 4.874737982401843972e+00 2.080202416066871862e+01 -4.740331562736802340e+00 5.144303509488916681e+00 -4.740331562736802340e+00 -1.313907983045318950e+01
9.452852940419010253e+00 8.812910400933287036e+00 1.241459193305360209e+01 8.812910400933287036e+00 -2.689756263362026445e+01 -1.322796759072917716e+01 1.241459193305360209e+01 -1.322796759072917716e+01 -2.107683185422668970e+01
-2.003639112459240224e+01 1.072824795737862580e+01 -1.041752375183869184e+01 1.072824795737862580e+01 -3.020492068391550333e+01 3.039357011964274324e+00 -1.041752375183869184e+01 3.039357011964274324e+00 -3.539354392931216609e+01
3.570159170268990323e+01 -4.512748759228330186e+00 -9.519058093622888350e+00 -4.512748759228330186e+00 3.025610702238321181e+01 -3.243279715544817421e+00 -9.519058093622888350e+00 -3.243279715544817421e+00 2.135713939917658521e+01
-2.384146113246936149e+00 -1.994392869434890025e+00 1.285875550356797525e+01 -1.994392869434890025e+00 -8.814525178781024151e-01 -2.489960034160182634e+00 1.285875550356797525e+01 -2.489960034160182634e+00 -1.529364689632366137e+01
