1.045627620985320583e+01 -1.056934407272251164e+01 2.653962245222088612e+01 -1.056934407272251164e+01 -2.048999604051751433e+01 -1.221918661241190662e+01 2.653962245222088612e+01 -1.221918661241190662e+01 8.622060070606634596e+00
1.002219114660758770e+01 9.920639170686355257e+00 2.973086520006674505e+00 9.920639170686355257e+00 3.470246674242655871e+00 -9.782648843458686017e+00 2.973086520006674505e+00 -9.782648843458686017e+00 2.188286013408152897e+01
-8.852961235558295172e+00 -6.147908045200734861e+00 -6.785344643070261306e+00 -6.147908045200734861e+00 -1.170160456546984484e+01 -1.547502020498419562e+00 -6.785344643070261306e+00 -1.547502020498419562e+00 -8.972141051388106803e+00
2.435203818915359530e+00 -3.832410984328036285e+00 6.126103914795958616e+00 -3.832410984328036285e+00 -1.622053045448674524e+01 4.091852423498751334e-01 6.126103914795958616e+00 4.091852423498751334e-01 9.396757367552160289e+00
1.199991569444847705e+01 -4.875571955913285294e+00 1.172716103282620104e+01 -4.875571955913285294e+00 -9.651228426473394961e+00 3.747640168040113906e+00 1.172716103282620104e+01 3.747640168040113906e+00 1.076016280488595456e+01
-3.564035382374325156e+00 -3.901188211419711394e+00 6.081483822211743551e+00 -3.901188211419711394e+00 -6.250799103572557414e+00 9.582894859957001188e+00 6.081483822211743551e+00 9.582894859957001188e+00 -4.577452225304725175e+00
3.764237412802662419e+01 -6.177902799672126299e+00 9.393979823402508700e+00 -6.177902799672126299e+00 4.200185215236202652e+01 5.269790120730716287e-01 9.393979823402508700e+00 5.269790120730716287e-01 4.442025263123081658e+01
6.026523772515515986e+01 5.088102366495143691e+00 2.951753013763969702e-01 5.088102366495143691e+00 3.669904889044265417e+01 -5.123077663306369267e+00 2.951753013763969702e-01 -5.123077663306369267e+00 4.783258393550319454e+01
5.562547418577216973e+01 -7.464598621630105235e+00 2.305989426254563313e+01 -7.464598621630105235e+00 -4.589860074653010713e+00 -3.065491095807619804e+00 2.305989426254563313e+01 -3.065491095807619804e+00 4.648653956207614613e+01
-4.059188895488622606e+00 -8.599182445183521928e-01 1.582922809823552335e+01 -8.599182445183521928e-01 -1.404344869771574622e+01 -3.690513358625587159e+00 1.582922809823552335e+01 -3.690513358625587159e+00 -1.182689606491848089e+01
-4.178981415386704157e+01 -1.221715615631619478e+01 1.805439326168393066e+01 -1.221715615631619478e+01 -6.830630084323907170e+01 -2.676081200826959439e+00 1.805439326168393066e+01 -2.676081200826959439e+00 -2.415830904603980400e+01
-3.897103735073685016e+01 -8.056038827477637554e+00 1.333382083089862924e+01 -8.056038827477637554e+00 -5.542786855819952052e+01 -9.564094492618314902e+00 1.333382083089862924e+01 -9.564094492618314902e+00 -2.157620866989574537e+01
-3.160602186913062539e+01 -7.394480290605573103e+00 4.707968132753909352e+00 -7.394480290605573103e+00 -5.963641563891002306e+01 8.443593002680048754e-01 4.707968132753909352e+00 8.443593002680048754e-01 -2.341658051504718330e+01
-1.558552843717754577e+01 -2.686408784110645431e+00 2.428462325992547743e+00 -2.686408784110645431e+00 -3.737342052831130701e+01 -4.662128572061738474e+00 2.428462325992547743e+00 -4.662128572061738474e+00 -9.052261331095586172e+00
2.629336091070166148e+01 1.134460627598718041e+01 2.157914163715423328e+00 1.134460627598718041e+01 -3.544213815762851105e+00 1.107087006371681115e+00 2.157914163715423328e+00 1.107087006371681115e+00 3.205311606718424855e+01
3.427899768177531392e-01 1.751248354503479021e+01 9.764316385360190864e+00 1.751248354503479021e+01 -4.164001848173266751e+01 1.469392452647694647e+01 9.764316385360190864e+00 1.469392452647694647e+01 -1.901083100726697594e+01
7.572612358255551790e+00 3.955263220799477009e-01 3.274304230943842153e+00 3.955263220799477009e-01 -2.759926956664817155e+01 -2.570304800722245986e+00 3.274304230943842153e+00 -2.570304800722245986e+00 -2.509239837277298157e+00
1.288558703242797066e+01 -5.949966919849422275e+00 1.789412572313602823e+01 -5.949966919849422275e+00 -8.923389541311447459e+00 -6.517460261976551372e+00 1.789412572313602823e+01 -6.517460261976551372e+00 1.884702665819337852e+01
4.002530500044753126e+01 8.596274529543332932e-01 1.330377648712237892e+01 8.596274529543332932e-01 1.302441658809603808e+01 3.948949836062265462e+00 1.330377648712237892e+01 3.948949836062265462e+00 4.544004981926600806e+01
1.266523808923742322e+01 5.229455232847250556e+00 2.196758845519604364e+01 5.229455232847250556e+00 -1.508617827683821488e+01 -2.110260939519600143e+00 2.196758845519604364e+01 -2.110260939519600143e+00 -2.431724372397097156e+00
-2.413318372021296199e+01 1.631503784387061007e+00 1.679963563987478148e+00 1.631503784387061007e+00 -4.175304327356446521e+01 -4.442340312305097072e+00 1.679963563987478148e+00 -4.442340312305097072e+00 -1.504421085749388354e+01
2.971683077522678218e+01 7.893892039350541623e+00 9.782218604079693236e+00 7.893892039350541623e+00 2.023596875972882003e+01 -1.799426580208371762e+00 9.782218604079693236e+00 -1.799426580208371762e+00 4.234597484408426737e+01
-2.758583705860580793e+01 2.524550104600627876e+01 1.713350805250622333e+00 2.524550104600627876e+01 -3.193848175775726261e+01 1.151558269435513537e+01 1.713350805250622333e+00 1.151558269435513537e+01 -3.114070127699769230e+01
-2.583371040302367661e+01 8.931690366988144447e+00 1.307877869908017132e+01 8.931690366988144447e+00 -4.050075441605248017e+01 -4.387629968329968655e+00 1.307877869908017132e+01 -4.387629968329968655e+00 -3.222734494685835926e+01
-8.635727190019920840e+00 -1.618790391842165732e+01 4.787011178244398479e+00 -1.618790391842165732e+01 -2.718192149313878048e+01 1.244158962356072529e+01 4.787011178244398479e+00 1.244158962356072529e+01 -1.647492564993449449e+01
-9.177365309710674879e+00 7.465543103774933131e-01 -2.102954199938676716e+00 7.465543103774933131e-01 -2.733049823632727993e+01 -4.050766049161624416e+00 -2.102954199938676716e+00 -4.050766049161624416e+00 -1.484971473622421101e+01
-5.227721129239122888e+01 -1.599605533840340144e+01 9.594134375840262408e+00 -1.599605533840340144e+01 -6.750016038947842389e+01 -1.622694276194388863e+01 9.594134375840262408e+00 -1.622694276194388863e+01 -3.556288710054565883e+01
8.578303120214583188e+00 1.632712747310207391e+01 1.229300031374384261e+00 1.632712747310207391e+01 6.993644369278950279e+00 -4.886282037895909092e+00 1.229300031374384261e+00 -4.886282037895909092e+00 2.904520878682740914e+01
2.594628684567534904e+01 6.680700231927522381e+00 2.342317122635796878e+01 6.680700231927522381e+00 -9.292646628233223183e+00 -1.882758260728776634e+01 2.342317122635796878e+01 -1.882758260728776634e+01 2.617316905661970594e+01
1.914720423790455683e+01 1.086905686711143737e+00 6.287527906769575514e-01 1.086905686711143737e+00 2.316711662092327373e+00 4.683141290415301916e-01 6.287527906769575514e-01 4.683141290415301916e-01 4.890118116575324692e+00
7.034471669217312595e-01 8.328350766736919653e+00 1.831834828320456410e+01 8.328350766736919653e+00 -5.927001043498977495e+00 -3.294352972178977712e-01 1.831834828320456410e+01 -3.294352972178977712e-01 1.160310403640083443e+01
1.146156431268694575e+01 6.161562788186551565e+00 1.214574148254688346e+01 6.161562788186551565e+00 -1.535592578963307808e+01 1.063821564955275534e+01 1.214574148254688346e+01 1.063821564955275534e+01 2.369116062077708751e+00
2.652441553920794348e+01 -3.772053502180211737e+00 1.604126276087573544e+01 -3.772053502180211737e+00 1.329311401023145400e+01 -2.285472043802297737e+00 1.604126276087573544e+01 -2.285472043802297737e+00 5.411162923327276530e+01
-2.166983323686610952e+00 2.614990023755719406e+01 2.211356249080908398e+01 2.614990023755719406e+01 -3.180883636523513047e+01 -1.084725807835229894e+01 2.211356249080908398e+01 -1.084725807835229894e+01 -5.989858439146250824e+00
-5.078075088419863548e+00 -3.737710162688734794e+00 2.172123145914880649e+00 -3.737710162688734794e+00 -3.195979462215440492e+01 -1.971240564562779074e+00 2.172123145914880649e+00 -1.971240564562779074e+00 3.308904398364826083e+00
-2.649202501686109201e+01 2.324461875559392876e+00 9.028687250564713551e+00 2.324461875559392876e+00 -3.322760886778947054e+01 3.274540548553805941e+00 9.028687250564713551e+00 3.274540548553805941e+00 -1.071720457959938777e+01
-5.313151651710487089e-01 -1.239680091070509960e+01 1.168124601697569176e+01 -1.239680091070509960e+01 -3.154458627145818994e+01 -3.641971914918057607e+00 1.168124601697569176e+01 -3.641971914918057607e+00 -1.028043362419413498e+01
2.394220488207999509e+01 7.899322120492498378e+00 6.961405178559384233e+00 7.899322120492498378e+00 -4.630879891184290997e+00 -6.727204156346693331e+00 6.961405178559384233e+00 -6.727204156346693331e+00 2.397841261177888939e+01
-1.493356641296861653e+01 3.137872629816004011e+00 9.619536063556601846e+00 3.137872629816004011e+00 -4.298849735607659284e+01 2.540046632212575872e+00 9.619536063556601846e+00 2.540046632212575872e+00 -1.674266004082252479e+01
3.397404964330870314e+01 5.516450895062273041e+00 2.953253559033272690e+00 5.516450895062273041e+00 1.324862095546113139e+01 7.374566707336230209e+00 2.953253559033272690e+00 7.374566707336230209e+00 4.106604391983581337e+01
1.176028338595814127e+01 6.649209790493779693e-01 -1.133320364034117667e+01 6.649209790493779693e-01 -2.040588255377446103e+01 -5.969511650039978079e+00 -1.133320364034117667e+01 -5.969511650039978079e+00 1.058017649220425049e+01
-1.645171330338367355e+01 1.728602758448825605e-01 1.194586155351781365e+01 1.728602758448825605e-01 -4.490242929150318218e+01 -8.914635521946054908e+00 1.194586155351781365e+01 -8.914635521946054908e+00 -2.670784070208220840e+01
1.598504431032538520e+01 -5.750272595460064196e-01 1.390710185063734627e+01 -5.750272595460064196e-01 1.608838268552819173e+01 7.505868700896046519e+00 1.390710185063734627e+01 7.505868700896046519e+00 1.667148975526608012e+01
1.674614326570786105e+01 2.371012216645888682e+00 1.043102965740974675e+01 2.371012216645888682e+00 -2.339325010941173488e+01 -9.300705473518036115e-01 1.043102965740974675e+01 -9.300705473518036115e-01 2.984657257603437230e+01
1.052953771196445842e+00 -1.458840414349173642e+01 2.273811433660086578e+01 -1.458840414349173642e+01 -2.294820328602465054e+01 8.683266890126072113e+00 2.273811433660086578e+01 8.683266890126072113e+00 1.051963979379200609e+01
-3.312645262404657842e+01 -4.740286505134929662e+00 1.410314788300047972e+01 -4.740286505134929662e+00 -5.640256352683447005e+01 3.725869905080118283e+00 1.410314788300047972e+01 3.725869905080118283e+00 -4.223296240215551833e+00
-3.656475070080279721e+01 1.835562908174453334e+00 6.691635691195330971e+00 1.835562908174453334e+00 -5.536616234125809655e+01 6.477082569759765818e+00 6.691635691195330971e+00 6.477082569759765818e+00 -2.584683683239558505e+01
2.065137130591688219e+01 5.074675589594152214e+00 1.672368746917988602e+01 5.074675589594152214e+00 -1.960137582467027517e-01 -1.503360626375206088e+01 1.672368746917988602e+01 -1.503360626375206088e+01 3.311103005835355617e+01
5.205383632957266116e+01 3.312151075632327135e+00 2.517715352965734965e+01 3.312151075632327135e+00 1.589788573530537263e+01 -6.438778598761548011e+00 2.517715352965734965e+01 -6.438778598761548011e+00 3.481316576516501726e+01
2.164181480813050129e+01 -3.263276862163448477e+00 1.181517016136754172e+01 -3.263276862163448477e+00 1.472865610816815440e+01 -2.052226167572401283e-01 1.181517016136754172e+01 -2.052226167572401283e-01 4.575186326632987743e+00
-1.799250258846601369e+01 -1.086006807412250907e+01 -6.804395538372072672e+00 -1.086006807412250907e+01 -4.743912617334421356e+01 2.520650859377261410e-01 -6.804395538372072672e+00 2.520650859377261410e-01 -2.648371711013540164e+01
2.744876729282865568e+01 -3.278326484778085081e+00 -1.709146872426001496e+00 -3.278326484778085081e+00 2.135346036061230990e+01 4.520110757020570524e+00 -1.709146872426001496e+00 4.520110757020570524e+00 3.395564428047371308e+01
1.402993543642126717e+01 -4.334888312976080904e+00 1.327667634911366257e+01 -4.334888312976080904e+00 -6.294908048767129394e+00 8.283761008248390345e-01 1.327667634911366257e+01 8.283761008248390345e-01 1.794873858939269695e+01
1.219653437613156477e+01 -3.183096791026101879e+00 1.189749090500522755e+01 -3.183096791026101879e+00 -2.645560894283780229e+01 9.143107554321339592e+00 1.189749090500522755e+01 9.143107554321339592e+00 -2.744061769753181945e+00
2.398390881304128897e+01 7.165566635917677729e+00 1.302351706041780410e+00 7.165566635917677729e+00 9.339540976344553158e+00 6.836019815384641873e+00 1.302351706041780410e+00 6.836019815384641873e+00 3.643365787744477302e+01
-2.516775910954388706e+01 -4.590358858017365762e+00 3.296486921669908554e+01 -4.590358858017365762e+00 -6.640110416308567665e+01 2.852770781719236037e+00 3.296486921669908554e+01 2.852770781719236037e+00 -1.281482279279807734e+01
-1.949941030610499126e+01 -5.174720057273716201e+00 4.352090499598058493e+00 -5.174720057273716201e+00 -1.728575425155093370e+01 6.521052979104445591e+00 4.352090499598058493e+00 6.521052979104445591e+00 5.888130708034636229e-03
-4.992598004492768915e+00 -2.088382793371102775e+00 8.460009034981379017e+00 -2.088382793371102775e+00 -4.218218434714612641e+01 -1.167632778034381680e+01 8.460009034981379017e+00 -1.167632778034381680e+01 7.117681801193413982e+00
-2.550264064183233614e+01 -2.079956388913350440e-01 7.638865211374609387e+00 -2.079956388913350440e-01 -4.770209761980861884e+01 1.226971137134039935e+00 7.638865211374609387e+00 1.226971137134039935e+00 -2.447579932619358090e+01
6.840311720191405431e-02 9.884524398818207658e+00 1.661064097589489474e+00 9.884524398818207658e+00 -2.012113161589038057e+01 -8.292776628902728930e+00 1.661064097589489474e+00 -8.292776628902728930e+00 -1.560008226747293847e+01
1.717978535437454468e+01 -7.486370227379789632e+00 5.220399133275798853e+00 -7.486370227379789632e+00 3.935951233968496776e+00 2.487986302466361987e+00 5.220399133275798853e+00 2.487986302466361987e+00 2.758694559087370735e+01
1.941945840766010623e+00 -1.306469360787449574e+00 1.071153714578760052e+01 -1.306469360787449574e+00 -1.635621936750899508e+01 1.800039050619147041e+00 1.071153714578760052e+01 1.800039050619147041e+00 1.270815803124647703e+00
4.224936757381031782e+01 1.337751597843463980e+00 1.025576885974747832e+01 1.337751597843463980e+00 1.051886780201779992e+01 -6.673565336280130877e-02 1.025576885974747832e+01 -6.673565336280130877e-02 3.864961898662840412e+01
1.111925020156509625e+01 -7.865999003315244931e-01 1.258878443064226715e+01 -7.865999003315244931e-01 -1.381674681599166021e+01 -9.253262655558367952e-03 1.258878443064226715e+01 -9.253262655558367952e-03 -2.507264049150095708e+00
-9.400608223913863526e+00 -3.271881478851113023e+00 7.546354500896600648e+00 -3.271881478851113023e+00 -1.407270499121245422e+01 1.648664415104461156e+00 7.546354500896600648e+00 1.648664415104461156e+00 4.932438374740882203e+00
2.918594524695340553e+01 -2.895192002761709560e+01 1.752991254582861202e+01 -2.895192002761709560e+01 3.630597391770124460e+01 -1.824792537985652441e+00 1.752991254582861202e+01 -1.824792537985652441e+00 5.507816745411843584e+01
-1.525201505240796962e+01 -1.474870235953270559e+01 8.675742028547063001e+00 -1.474870235953270559e+01 -2.994922873691854193e+01 -1.284742523791483348e-01 8.675742028547063001e+00 -1.284742523791483348e-01 -2.358860100870334975e+01
7.210520385470521099e+00 -3.424447792393921386e+00 -4.504492386050077180e+00 -3.424447792393921386e+00 -1.745397577189782368e+01 6.551826855390171289e+00 -4.504492386050077180e+00 6.551826855390171289e+00 5.469125867118480144e+00
-2.614034732096073554e+01 5.401406706545554215e+00 1.135308108596020205e+01 5.401406706545554215e+00 -3.204860876967162397e+01 -1.631912250411893694e+00 1.135308108596020205e+01 -1.631912250411893694e+00 -1.905688701412037034e+01
-1.100103707832308686e+01 5.756571813128654291e+00 3.360679537933626282e+00 5.756571813128654291e+00 -3.729930455092124930e+01 -4.303187606146591015e+00 3.360679537933626282e+00 -4.303187606146591015e+00 -1.050102955384591397e+01
2.278846298576278784e+01 -5.682723009532677949e+00 -4.278742146999987561e+00 -5.682723009532677949e+00 6.457300021834892156e+00 -1.676858245844866202e+00 -4.278742146999987561e+00 -1.676858245844866202e+00 3.374198302834126650e+01
-2.047076078987515757e+01 -1.623768501577693923e+00 2.481321501062208412e+01 -1.623768501577693923e+00 -4.279867456722129049e+01 -1.465495231087758654e+01 2.481321501062208412e+01 -1.465495231087758654e+01 -6.506790428568126572e+01
2.452196425668375568e+01 -5.943761183651055546e+00 7.765771517586244066e-01 -5.943761183651055546e+00 1.464907752120912399e+01 -4.744401362023213942e+00 7.765771517586244066e-01 -4.744401362023213942e+00 4.236356652402725587e+01
-1.689625218355991265e+01 -4.065279618673250717e+00 1.656345299876165811e+01 -4.065279618673250717e+00 -3.981802298381172278e+01 -6.933937598822302206e+00 1.656345299876165811e+01 -6.933937598822302206e+00 -4.577517211378718365e+00
-1.020199100712775575e+01 3.849261336342959083e+00 5.180225852310052836e+00 3.849261336342959083e+00 -1.251706368381969625e+01 4.227193867336439759e+00 5.180225852310052836e+00 4.227193867336439759e+00 -1.089912004860938133e+01
-3.380542156331055281e+01 4.364125707151963240e+00 -1.294349846479379007e-01 4.364125707151963240e+00 -2.831902466581342281e+01 -6.855441531358814622e-01 -1.294349846479379007e-01 -6.855441531358814622e-01 -1.709714750179689347e+01
1.244432673835427217e+01 1.343723026692052436e+01 1.282918557651893288e+01 1.343723026692052436e+01 -2.181744412116625398e+01 3.336166219161038171e+00 1.282918557651893288e+01 3.336166219161038171e+00 5.362604338046995878e+00
2.824403928122467100e+00 -4.073219985040126723e+00 2.286183937209931738e+00 -4.073219985040126723e+00 -2.925028569495660236e+01 -1.747182504266740377e+00 2.286183937209931738e+00 -1.747182504266740377e+00 1.000941210954997196e+01
-1.865797466053398068e+01 4.402006149394888546e+00 -1.547071300309486697e+00 4.402006149394888546e+00 -3.895124586142845402e+01 3.008022923436339813e+00 -1.547071300309486697e+00 3.008022923436339813e+00 -4.464835283040396341e+00
9.753864982011585028e+00 -4.689189723247214836e+00 7.935083204605086316e+00 -4.689189723247214836e+00 8.022154883949742299e+00 1.958568808891984503e+01 7.935083204605086316e+00 1.958568808891984503e+01 3.625781182825113547e+01
2.395264641863654376e+01 7.050021338714119956e+00 5.251553607494467535e+00 7.050021338714119956e+00 2.195318144966186935e+01 -4.455984640068699765e-01 5.251553607494467535e+00 -4.455984640068699765e-01 4.112876634130186204e+01
-1.084925197111172146e+01 1.403829542929950591e+01 2.450577476176578173e+01 1.403829542929950591e+01 -7.068322847695451117e+01 -7.916953377681829274e+00 2.450577476176578173e+01 -7.916953377681829274e+00 -5.032262555399419135e+00
-5.584215979025728416e+00 2.444649347515272630e+00 4.286518673591130479e+00 2.444649347515272630e+00 -2.344124025749351503e+01 -1.051849557874823038e+00 4.286518673591130479e+00 -1.051849557874823038e+00 -1.128920191779980620e+01
-2.429536656595605137e+00 2.075268479599388538e+00 1.641522788868006089e+01 2.075268479599388538e+00 -1.217753516952544857e+01 1.980196632618138164e+00 1.641522788868006089e+01 1.980196632618138164e+00 -9.284180288157477534e+00
1.198573066494666506e+01 8.116312802688245398e+00 1.325242372493724297e+01 8.116312802688245398e+00 -2.630383003248318374e+01 -1.058186152367569832e+01 1.325242372493724297e+01 -1.058186152367569832e+01 1.537578288437021534e+01
-3.643622891456931967e+01 -1.920895901052556809e+00 2.730955057558742993e+01 -1.920895901052556809e+00 -4.799766351350211835e+01 -8.696284030590293312e+00 2.730955057558742993e+01 -8.696284030590293312e+00 -1.535537732898016117e+01
8.098155558432427625e+00 -1.444575791410050947e+01 1.974311742053012297e+00 -1.444575791410050947e+01 -9.390632290877720223e+00 4.345728446191295724e+00 1.974311742053012297e+00 4.345728446191295724e+00 1.897769800119004557e+01
-6.575295919262558186e+00 6.983702282415338303e+00 2.361375543991510639e+01 6.983702282415338303e+00 -4.188212432191916434e+01 5.774895392365606561e+00 2.361375543991510639e+01 5.774895392365606561e+00 -2.611144904620991980e+01
1.918956423726465133e+01 5.645460702723776869e+00 1.933063459946673390e+01 5.645460702723776869e+00 -2.856554252235314095e+01 9.283448735487196402e+00 1.933063459946673390e+01 9.283448735487196402e+00 8.322814179137740354e+00
3.083233199494455334e+01 6.214940712458223437e+00 -3.785824078431223594e+00 6.214940712458223437e+00 2.160167493702513397e+01 -5.066156401050671221e+00 -3.785824078431223594e+00 -5.066156401050671221e+00 3.815975286980601311e+01
2.873011687680629311e+00 3.573536104475256270e+00 3.019416424072890681e+00 3.573536104475256270e+00 -8.790841519895307599e+00 -1.685412287373323492e+00 3.019416424072890681e+00 -1.685412287373323492e+00 1.335181203334135880e+01
8.117492846192487788e-01 2.574824329880941232e+00 9.947598974859880316e-01 2.574824329880941232e+00 -3.368061290717739631e+00 5.240806636329314649e+00 9.947598974859880316e-01 5.240806636329314649e+00 1.221670856975087105e+01
-1.939330514088101509e+01 2.546533760167545013e-02 1.002789243647104733e+01 2.546533760167545013e-02 -4.358750041595499169e+01 -1.644345786930741626e+00 1.002789243647104733e+01 -1.644345786930741626e+00 -1.820484457497359188e+01
-1.773894718539621707e+01 -5.789148679752676330e+00 1.585449675071158815e+01 -5.789148679752676330e+00 -3.989260602648043630e+01 -1.139875170634275126e+00 1.585449675071158815e+01 -1.139875170634275126e+00 -2.506958551655590384e+01
4.477859351699155610e+01 7.130983231909189257e+00 1.337060768349724071e+01 7.130983231909189257e+00 2.298626887504001959e-01 -8.212164103585495312e+00 1.337060768349724071e+01 -8.212164103585495312e+00 4.728622243633140698e+01
-1.675840300328230015e+01 3.051548584314214718e+00 1.658026190470641259e+00 3.051548584314214718e+00 -6.376947491122717082e+01 1.323580667978170844e+01 1.658026190470641259e+00 1.323580667978170844e+01 -2.305585138540396173e+01
5.374599572136586900e+00 1.629169264568822584e+01 1.596600399599198639e+01 1.629169264568822584e+01 -1.663484902573149427e+01 -4.090901992646693408e+00 1.596600399599198639e+01 -4.090901992646693408e+00 8.640241606394516438e-01
6.158951200403111947e+00 1.368062926053163331e+01 1.663740225562769481e+01 1.368062926053163331e+01 -2.135089355810950096e+01 1.906555981170481973e+00 1.663740225562769481e+01 1.906555981170481973e+00 2.340482799514982659e+01
-4.801155386986140172e+01 -2.754381049690945549e+00 3.116683182290881593e+00 -2.754381049690945549e+00 -8.247408451260973550e+01 -1.296409977183410689e+01 3.116683182290881593e+00 -1.296409977183410689e+01 -9.861195280624514226e+00
2.770554247068508502e+01 1.016790291815241432e+01 6.898839180387035697e+00 1.016790291815241432e+01 1.066694784194832835e+01 6.058705642927602497e+00 6.898839180387035697e+00 6.058705642927602497e+00 2.204758899986143561e+01
