-1.447106418330736588e+01 -7.160523639826067210e+00 5.121852949065415217e+00 -7.160523639826067210e+00 -7.742708875381020484e+00 1.553693345287935568e+00 5.121852949065415217e+00 1.553693345287935568e+00 -2.413982449995358692e+01
2.765924358025171870e+01 7.697714077863958337e+00 -3.637180049462309661e+00 7.697714077863958337e+00 4.045946148511129792e+01 -1.127995910519563516e+01 -3.637180049462309661e+00 -1.127995910519563516e+01 -2.039542330022554850e+01
-1.490453036078145743e+01 5.341617534989818061e+00 -1.963391071289175560e+00 5.341617534989818061e+00 -1.498516092075946915e+01 -1.261391549881861707e+01 -1.963391071289175560e+00 -1.261391549881861707e+01 -7.852142083311042242e-01
-1.270285450442263819e+00 8.784747614999721677e+00 -1.867095105822395018e-01 8.784747614999721677e+00 -1.194594642834895026e+01 -5.687474441169399597e+00 -1.867095105822395018e-01 -5.687474441169399597e+00 -2.511303020820591314e+01
1.003203389767871379e+01 -1.073395004111987028e+01 6.772655510873500262e+00 -1.073395004111987028e+01 1.215443764962102513e+01 -9.515933834870315522e+00 6.772655510873500262e+00 -9.515933834870315522e+00 -3.710852219942906771e+01
-1.837949060792297917e+00 2.436293732704915893e+00 -9.489377706867354600e-01 2.436293732704915893e+00 -1.158093775346767806e+01 2.326783076568556208e+00 -9.489377706867354600e-01 2.326783076568556208e+00 -7.708493142176439505e+01
3.217159468550473633e+01 -1.405720796679645446e+00 1.909798106192729383e-01 -1.405720796679645446e+00 2.931292583802376228e+01 2.707159030423297530e+00 1.909798106192729383e-01 2.707159030423297530e+00 3.226717333913433805e+01
-1.278019442810656336e+01 6.216487604597654704e-01 3.881091658420199764e+00 6.216487604597654704e-01 -6.155074309008178979e+00 -1.465773550037803741e+00 3.881091658420199764e+00 -1.465773550037803741e+00 -9.601590921687781943e+00
3.242632910012433456e+01 -5.914171879767594397e+00 5.331590684573605188e+00 -5.914171879767594397e+00 3.964572854827027726e+01 -3.499639510689507849e-01 5.331590684573605188e+00 -3.499639510689507849e-01 3.879281413044901683e+01
2.731192350177122918e+01 1.806491733179428572e+00 -7.930798228999939026e-01 1.806491733179428572e+00 2.828602715065171580e+01 6.276985863632762452e+00 -7.930798228999939026e-01 6.276985863632762452e+00 2.242912310724655356e+01
-2.055403072960853095e+01 7.067140789086971964e-01 1.066796053587544396e-01 7.067140789086971964e-01 -9.764796627679546148e+00 -4.830417118327269499e+00 1.066796053587544396e-01 -4.830417118327269499e+00 -1.329670536734224484e+01
-4.841582591127347790e+00 -2.313993524655214795e+00 3.301639778181099327e+00 -2.313993524655214795e+00 -2.739007622452465984e+00 -4.053669701692589888e-01 3.301639778181099327e+00 -4.053669701692589888e-01 -5.632621930626482865e+00
1.670005517731723188e+01 -2.404380221503790693e+01 5.878797282319896844e+00 -2.404380221503790693e+01 -2.664911626124387922e+00 -1.086069640965421179e+01 5.878797282319896844e+00 -1.086069640965421179e+01 -5.007257299162412778e+01
2.330941004494226831e+01 1.487244042354422202e+00 -6.123821691696519132e+00 1.487244042354422202e+00 2.089243876284893275e+01 4.162361939226680185e+00 -6.123821691696519132e+00 4.162361939226680185e+00 -8.470721163589097102e+00
1.000746803154232900e+01 -7.041293977767114853e+00 7.129675178223591203e+00 -7.041293977767114853e+00 2.057625267521950185e+00 1.119233783244881941e+01 7.129675178223591203e+00 1.119233783244881941e+01 -4.922542053591562450e+01
1.430452053344535557e+01 4.032582154912355499e+00 1.288656919896598696e+00 4.032582154912355499e+00 1.827579334476073569e+01 -5.428017166661208925e+00 1.288656919896598696e+00 -5.428017166661208925e+00 1.793855840860856787e+01
2.948231417141821797e+00 4.174334710242359137e+00 1.549478012054647991e+01 4.174334710242359137e+00 -1.761651532674859766e+01 -1.207905426564101958e+01 1.549478012054647991e+01 -1.207905426564101958e+01 -7.571365629708775202e+01
-2.433131887467976640e+01 -5.403584477278271514e+00 -9.133177509518166204e+00 -5.403584477278271514e+00 -3.815902386495282883e+01 8.694384497068764261e+00 -9.133177509518166204e+00 8.694384497068764261e+00 -6.560393337739250796e+01
1.932146697550596670e+01 6.213605777745575764e+00 2.103521076255674860e+00 6.213605777745575764e+00 2.800656072263664864e+00 5.260523807561781062e+00 2.103521076255674860e+00 5.260523807561781062e+00 -6.916676650906227408e+00
-2.302850718786501716e+01 -1.054182760715823086e+01 8.585565472957771505e+00 -1.054182760715823086e+01 -2.427423200400079040e+01 -6.115216143976129004e+00 8.585565472957771505e+00 -6.115216143976129004e+00 -4.174720133743446127e+01
-2.024392105903589467e+01 -3.472739144436471470e+00 -1.614031802573350305e+01 -3.472739144436471470e+00 -7.225244802048747417e+00 -2.821978534814586936e+00 -1.614031802573350305e+01 -2.821978534814586936e+00 -5.529332617047754184e+01
1.681070458768751053e+01 1.703459119277984379e-01 4.909276845094210362e-01 1.703459119277984379e-01 1.788540665917911099e+01 -8.160534278334501401e-01 4.909276845094210362e-01 -8.160534278334501401e-01 2.205273124363418802e+01
4.744603542864401113e+00 6.431169531238453807e+00 5.249917833499260666e+00 6.431169531238453807e+00 4.182250661481646148e+00 6.325795935087108468e+00 5.249917833499260666e+00 6.325795935087108468e+00 8.125960134065357110e+00
-1.369401458731646093e+00 -1.478920374969996132e+01 -8.045308858702592048e+00 -1.478920374969996132e+01 -8.514155180247165333e+00 6.872201448176448180e-01 -8.045308858702592048e+00 6.872201448176448180e-01 -5.498472911769385263e+01
-2.309383440994796999e+01 -6.555607162151987133e+00 3.858283141812237638e+00 -6.555607162151987133e+00 -3.461031080125705017e+01 1.784121876012677355e+00 3.858283141812237638e+00 1.784121876012677355e+00 -7.365227415036528669e+01
8.514573460519045511e+00 3.030665196883643109e+00 -1.008219266522666224e+01 3.030665196883643109e+00 1.257607837060771949e+01 -7.466290045478956472e+00 -1.008219266522666224e+01 -7.466290045478956472e+00 -1.986277690250848593e+01
6.134951076340596643e+01 2.270650266205693413e+01 -2.460552636638924096e+00 2.270650266205693413e+01 3.651545760819792719e+01 3.654866278604463226e+00 -2.460552636638924096e+00 3.654866278604463226e+00 -2.751008666083526322e+01
-1.160229604995129282e+00 1.289577824556898200e+01 1.363522489020076200e+01 1.289577824556898200e+01 -2.109119198151901298e+00 -1.937588880976274019e+00 1.363522489020076200e+01 -1.937588880976274019e+00 -5.633086112235208986e+01
-2.615885888482535648e+01 1.457426818623070197e+01 -2.466152968589863104e+00 1.457426818623070197e+01 -3.137377637827893651e+01 -7.610390023692804817e+00 -2.466152968589863104e+00 -7.610390023692804817e+00 -4.361171116000814862e+01
-1.753968997871303515e+01 1.941119549125456478e+00 -1.502604530950996553e+00 1.941119549125456478e+00 -5.161429547204345880e+00 -2.262059020561175693e+00 -1.502604530950996553e+00 -2.262059020561175693e+00 -1.131649229964912529e+01
2.053406482673502342e+00 5.817789587565374454e+00 -6.429680930749487544e+00 5.817789587565374454e+00 2.640919191374741626e+00 1.633463198804346428e+00 -6.429680930749487544e+00 1.633463198804346428e+00 -2.709094148320139439e+01
6.106785377386185765e+00 -2.041348287690562557e+01 -5.564126047609641468e+00 -2.041348287690562557e+01 -2.418759309960211823e+00 9.775147659736740380e+00 -5.564126047609641468e+00 9.775147659736740380e+00 -4.239908039421730024e+01
2.185055767199519750e+01 1.088847626008210057e+00 -1.205714551791648326e+00 1.088847626008210057e+00 1.891879904937511014e+01 1.095930645639077383e+01 -1.205714551791648326e+00 1.095930645639077383e+01 -2.391681273892326587e+01
3.990341056167436284e-01 8.086753271778455598e+00 -1.730938848559893550e+00 8.086753271778455598e+00 5.703240913740014406e+00 -4.302052657641762146e+00 -1.730938848559893550e+00 -4.302052657641762146e+00 4.270543562106781543e+00
-1.804197801982566673e+01 1.897732708345911457e+00 6.307697531387803203e+00 1.897732708345911457e+00 -3.788817828129772636e+01 2.905487870147106744e+00 6.307697531387803203e+00 2.905487870147106744e+00 -5.166146711129790958e+01
-8.010204234487346142e-02 7.807745101932252574e+00 2.417707611451573313e-01 7.807745101932252574e+00 9.514744317891099534e-01 1.067299395376876880e+01 2.417707611451573313e-01 1.067299395376876880e+01 -2.815747049111208611e+01
-4.345913174335908025e+01 -5.244017118068557970e+00 -7.869921602190969701e+00 -5.244017118068557970e+00 -3.190236879346591792e+01 1.224951668738695432e+00 -7.869921602190969701e+00 1.224951668738695432e+00 -7.910060553753191925e+01
-2.391617132295575487e+01 3.846307185535098760e+00 4.952123588810079191e+00 3.846307185535098760e+00 -1.428149415126229194e+01 -1.840843670488783346e+01 4.952123588810079191e+00 -1.840843670488783346e+01 -2.181859360779005108e+00
1.967523002698856160e+01 8.328514642700257653e+00 2.946642669949847804e+00 8.328514642700257653e+00 2.800108908825274412e+01 5.870111826191500626e+00 2.946642669949847804e+00 5.870111826191500626e+00 1.587569745934411181e+01
-3.253827769603342546e+01 1.096821702906584939e+01 7.182269347075179944e+00 1.096821702906584939e+01 -1.488991548608296256e+01 -4.892879835265381949e+00 7.182269347075179944e+00 -4.892879835265381949e+00 -1.122386900280942346e+00
-3.207759290446945410e+00 -4.549312321561598260e+00 1.266945522815330172e+01 -4.549312321561598260e+00 -1.048120975255222653e+01 3.316624092608048358e+00 1.266945522815330172e+01 3.316624092608048358e+00 -4.508720201059868060e+01
4.028912501398003343e+01 7.188529799529852937e+00 -2.687181005314813298e+00 7.188529799529852937e+00 3.893429648663948228e+01 -7.169953064777820906e+00 -2.687181005314813298e+00 -7.169953064777820906e+00 2.342186978532377850e+01
2.772249582201584417e+01 -6.756243372170471773e-01 2.495971504089050441e+00 -6.756243372170471773e-01 3.334459482147552478e+01 -1.707040284897815008e+00 2.495971504089050441e+00 -1.707040284897815008e+00 3.366034831684678608e+01
5.214226937796880890e+01 -9.967623643088723284e+00 -5.961937241503981966e+00 -9.967623643088723284e+00 3.538189995706377289e+01 -8.688825262369377356e+00 -5.961937241503981966e+00 -8.688825262369377356e+00 7.599705014423414617e+00
1.369299549422230378e+01 -5.915635907900751889e+00 8.015451852531549903e+00 -5.915635907900751889e+00 1.342907885855195715e+01 -1.755743149206903331e+00 8.015451852531549903e+00 -1.755743149206903331e+00 -4.265034120776345361e+01
2.812129321445584296e+01 -3.540563130732573782e+00 8.372628077116035072e+00 -3.540563130732573782e+00 1.881191905775168038e+01 -3.691165895065889657e+00 8.372628077116035072e+00 -3.691165895065889657e+00 8.979528170674313969e+00
-1.425758411529571212e+01 4.393116763906413702e+00 -1.461112617171979489e+00 4.393116763906413702e+00 -1.410459394289695112e+01 3.265483298254097666e-01 -1.461112617171979489e+00 3.265483298254097666e-01 -2.124225997771407037e+01
-5.564852674183756065e+00 2.743468481289436767e+00 -1.790734247103703103e+00 2.743468481289436767e+00 -1.704031987082915478e+01 -6.856452084855097162e+00 -1.790734247103703103e+00 -6.856452084855097162e+00 -6.260598497256317074e+01
5.528037842735336937e+00 -4.308017453819913412e-01 2.616721990852086233e+00 -4.308017453819913412e-01 5.838365907434067026e+00 -1.968873852958782678e+01 2.616721990852086233e+00 -1.968873852958782678e+01 -2.601905553145463301e+01
-1.700234397266858011e+01 -5.006986636666315604e+00 -7.987801824389789473e+00 -5.006986636666315604e+00 -3.587856877269113909e+01 9.497800147451629371e+00 -7.987801824389789473e+00 9.497800147451629371e+00 -4.478867706249506142e+01
-1.621835926925039217e+01 -7.050744663579853189e+00 -6.480872324055414246e+00 -7.050744663579853189e+00 -3.249415001855461327e+01 -1.358248167548567054e+01 -6.480872324055414246e+00 -1.358248167548567054e+01 -4.654502063305428550e+01
-2.218096813667602252e+00 1.507636366767317049e-01 2.388404145290108804e+00 1.507636366767317049e-01 9.284169671000901403e+00 -7.253187203795783411e+00 2.388404145290108804e+00 -7.253187203795783411e+00 -2.606457750799579998e+01
2.053417026982815585e+01 -1.420373825262479350e+00 9.770300788779151091e+00 -1.420373825262479350e+00 7.523475158470363411e+00 -4.862616396824618548e+00 9.770300788779151091e+00 -4.862616396824618548e+00 -2.132050006645962625e+01
4.506752890261011402e+01 -9.346915966720761304e+00 1.472474050856262151e+00 -9.346915966720761304e+00 3.668460465962399297e+01 -5.841406580193342357e+00 1.472474050856262151e+00 -5.841406580193342357e+00 -3.578989918987776520e+00
-2.609161411809404996e+01 1.881817424048588450e+01 7.643381135479502930e+00 1.881817424048588450e+01 -2.933977122281609784e+00 -2.081279629613935356e+01 7.643381135479502930e+00 -2.081279629613935356e+01 2.080906459138284603e+01
7.534125262698594394e-01 9.237407950914329646e+00 -9.584724942707167017e+00 9.237407950914329646e+00 1.344040795918845710e+01 -1.223216843430433620e+01 -9.584724942707167017e+00 -1.223216843430433620e+01 -2.268725723963130747e+01
-1.177814789187021205e+01 -3.975338219555855090e+00 5.451274959830576528e+00 -3.975338219555855090e+00 -2.451926818573161881e+01 -1.547960762771138832e+01 5.451274959830576528e+00 -1.547960762771138832e+01 -3.362530249209603994e+01
5.386188441850717368e+01 -1.471146348377914670e+01 -3.741103960505780979e+00 -1.471146348377914670e+01 8.112487998273974199e+01 -2.959557505298889613e+00 -3.741103960505780979e+00 -2.959557505298889613e+00 -1.059821165355905848e+01
4.981646523936429105e+01 -4.984276954190270281e+00 6.311584424395047854e+00 -4.984276954190270281e+00 4.885589082797336147e+01 -5.130517290825259202e+00 6.311584424395047854e+00 -5.130517290825259202e+00 4.585054527105999256e+01
3.921050387280126870e+01 2.129057290896687604e+00 1.541512763154519838e+01 2.129057290896687604e+00 4.500280311510920228e+01 -1.017623746584449052e+01 1.541512763154519838e+01 -1.017623746584449052e+01 4.033118080422944018e+01
2.727917510349029229e+01 3.120936704775556514e+00 9.152143366231648258e+00 3.120936704775556514e+00 3.068258393384493843e+01 4.353863598908079169e+00 9.152143366231648258e+00 4.353863598908079169e+00 1.775918361567560666e+01
7.488734191737610679e+00 -4.272289924258312332e+00 -2.763080100758298574e+00 -4.272289924258312332e+00 9.327076359706133246e+00 -1.049176909294785709e+01 -2.763080100758298574e+00 -1.049176909294785709e+01 2.640305780738524399e-01
-3.697464197718350221e+00 1.253112081463945771e+01 -9.281234268725635062e+00 1.253112081463945771e+01 -1.524270162211470669e+01 6.175447438843685966e+00 -9.281234268725635062e+00 6.175447438843685966e+00 -3.495547794845083445e+01
5.098335332164023015e+01 7.195036986732034734e+00 -3.796949876878945584e+00 7.195036986732034734e+00 2.977092177195262579e+01 -4.214136196725375427e+00 -3.796949876878945584e+00 -4.214136196725375427e+00 -3.372177852854364444e-01
1.796870233580255771e+01 -1.606432734652599059e+00 -1.501832808522160612e+01 -1.606432734652599059e+00 9.548542465142302760e+00 7.441125242437269804e-01 -1.501832808522160612e+01 7.441125242437269804e-01 -4.466016269490836521e+01
1.183124938209831889e+01 3.861556814143512373e+00 7.379019014466253745e-01 3.861556814143512373e+00 1.187375150950460423e+01 -7.495182887788232051e+00 7.379019014466253745e-01 -7.495182887788232051e+00 -1.055393608690500606e+01
-1.042800464183377684e+01 3.264060984697524925e-01 3.299025153993134563e+00 3.264060984697524925e-01 1.368982238081807745e+00 -3.862481396689244395e+00 3.299025153993134563e+00 -3.862481396689244395e+00 -2.977029387373145486e+00
2.006335562068858280e+01 -1.830402750052271044e+00 -2.154967468076199921e+01 -1.830402750052271044e+00 9.271784087660645213e+00 -5.141628103742924338e+00 -2.154967468076199921e+01 -5.141628103742924338e+00 1.890318952696656041e+01
-8.259559478964245471e+00 2.248770698321769235e+00 1.974452104752663084e+00 2.248770698321769235e+00 -1.435174618218096443e+00 1.769633393297463941e+00 1.974452104752663084e+00 1.769633393297463941e+00 2.462908059062175692e+00
-1.470328591628428683e+01 -4.113520226676506963e-01 1.397295700706796318e+01 -4.113520226676506963e-01 -3.439067827665748478e+00 -5.909765545059354253e+00 1.397295700706796318e+01 -5.909765545059354253e+00 -4.566136730680307565e+00
-8.127578060616539091e+00 -1.659348576551844978e+00 1.288020493412055778e+01 -1.659348576551844978e+00 -1.246303909819958378e+01 -2.307334192849335963e+01 1.288020493412055778e+01 -2.307334192849335963e+01 -5.868297326965464578e+01
5.903621490290684726e+00 -1.242031308134937007e+01 -7.621933663678816195e+00 -1.242031308134937007e+01 2.785677928987937335e+01 4.607868770471490905e+00 -7.621933663678816195e+00 4.607868770471490905e+00 -2.184681359965291847e+01
2.260040019217512253e+01 -1.665827659690747975e+00 -1.347732422585129930e+00 -1.665827659690747975e+00 1.620834288717616900e+01 -4.630862935821093984e+00 -1.347732422585129930e+00 -4.630862935821093984e+00 2.394289765623571142e+01
3.947501634437529106e+01 2.077239508915522848e+01 2.554470226992258830e+01 2.077239508915522848e+01 3.119688734428614652e+01 2.348752008235554811e+01 2.554470226992258830e+01 2.348752008235554811e+01 -7.106542192056401142e+00
3.160025359396620104e+01 4.232985159451674306e+00 6.841167875738602966e+00 4.232985159451674306e+00 3.455070657646145804e+01 -4.065479752939845426e+00 6.841167875738602966e+00 -4.065479752939845426e+00 2.697759586512321306e+01
1.009302321450143580e+01 -4.215548268530571185e+00 -1.533552291813569335e+00 -4.215548268530571185e+00 -5.497269678962825035e-01 -1.857697251771797653e+01 -1.533552291813569335e+00 -1.857697251771797653e+01 -3.930827179883109324e+01
-2.382710343340965053e+01 2.187988265092373652e+00 1.222592928654584199e+01 2.187988265092373652e+00 6.327979695664138760e+00 -1.789904035208682842e+01 1.222592928654584199e+01 -1.789904035208682842e+01 -5.598046131612225196e+01
-4.107479340222099040e+00 -1.857785258754519608e+00 2.111425374611433536e+00 -1.857785258754519608e+00 2.633216907109814375e+00 -3.039858260538396806e+00 2.111425374611433536e+00 -3.039858260538396806e+00 -2.109297419212917646e+01
1.322004073462535700e+01 -1.290156845132744934e+01 4.793596746413121501e+00 -1.290156845132744934e+01 5.876490632227230115e+00 -3.425745141197004795e+00 4.793596746413121501e+00 -3.425745141197004795e+00 -2.605454508887481069e+01
-4.927083356988873675e+00 -8.596426098923261705e+00 -3.828688891376471393e+00 -8.596426098923261705e+00 1.100455855898498392e+01 -3.815204813663457539e+00 -3.828688891376471393e+00 -3.815204813663457539e+00 6.608966929127175760e-01
3.516360460554303558e+01 4.324021816300936294e+00 4.401716901124485548e-01 4.324021816300936294e+00 1.956526887692350059e+01 -1.985333608356823820e+00 4.401716901124485548e-01 -1.985333608356823820e+00 -7.089922732849085918e+00
-2.007480419304121355e+01 1.978340993790274893e-01 -1.373610735009992645e+01 1.978340993790274893e-01 -3.152974281284640057e+01 -4.750400051234549004e+00 -1.373610735009992645e+01 -4.750400051234549004e+00 -4.767392979445161671e+01
1.311733204444923651e+01 -3.065680987741087993e+00 -3.030323304655619054e+00 -3.065680987741087993e+00 1.362560129699910227e+01 -4.090282927416748926e+00 -3.030323304655619054e+00 -4.090282927416748926e+00 -1.338668623293981241e+01
-2.074602428160595480e+01 6.044374986556239726e+00 -3.005304115843317470e-01 6.044374986556239726e+00 -1.009770715232738425e+01 -5.066257894422222741e+00 -3.005304115843317470e-01 -5.066257894422222741e+00 -8.629101549046458430e+00
4.553799960084138831e+01 -5.558941326399570393e+00 1.017584835451440917e+01 -5.558941326399570393e+00 4.704354024864648665e+01 -1.979794602866369146e+01 1.017584835451440917e+01 -1.979794602866369146e+01 1.495566707198089240e+01
-2.166912117668234927e+01 1.165635720388843888e+00 3.660280172349577477e+00 1.165635720388843888e+00 -1.922848575778064983e+01 8.277945516147784843e+00 3.660280172349577477e+00 8.277945516147784843e+00 -1.686186169498016696e+01
7.099299176206634421e+00 -2.623562309545871774e+00 -2.882514241846322989e+00 -2.623562309545871774e+00 1.119833798174832928e+01 7.191224737712297033e-03 -2.882514241846322989e+00 7.191224737712297033e-03 9.684591958634172215e+00
2.543794659841176298e+01 7.612684286191248595e-02 9.194114703068256844e-01 7.612684286191248595e-02 3.159225770419714507e+01 6.876514790706762525e-01 9.194114703068256844e-01 6.876514790706762525e-01 3.591752852440954769e+01
1.414537340154049616e+01 -3.705258435642123427e+00 -1.640124674188037446e+01 -3.705258435642123427e+00 -1.371319372140176185e+00 -4.779920524464975173e+00 -1.640124674188037446e+01 -4.779920524464975173e+00 -1.831481394263692408e+01
-1.668678346005542679e+01 2.523516916369546781e+00 3.507288711154759930e+00 2.523516916369546781e+00 -1.172752906258420502e+01 -1.599358470678362032e+01 3.507288711154759930e+00 -1.599358470678362032e+01 -2.154352011253777377e+01
3.622711504360627544e+01 -1.238205916852911148e+00 2.682290779009231407e+00 -1.238205916852911148e+00 3.149768524941512737e+01 -3.406876016326474854e+00 2.682290779009231407e+00 -3.406876016326474854e+00 3.131843868142659915e+01
7.676547388715737608e-02 7.345057894421307410e+00 -1.344271696923139103e+01 7.345057894421307410e+00 -1.324068676897577035e+01 -1.333898342632886980e+01 -1.344271696923139103e+01 -1.333898342632886980e+01 -5.081132470259338163e+01
2.157303070095094100e+01 2.537459062725634151e+00 1.098596760264259453e+00 2.537459062725634151e+00 2.414031131420749432e+01 -1.085329746663211736e+01 1.098596760264259453e+00 -1.085329746663211736e+01 -1.266219184051058377e+01
-5.075227754172882300e+00 -8.466497834222117547e+00 4.153768405711638856e+00 -8.466497834222117547e+00 -8.561305995855740036e+00 -5.203462597195871453e-01 4.153768405711638856e+00 -5.203462597195871453e-01 -6.225147412758485643e+01
4.680035984774478663e+01 -9.604675655524305355e+00 8.162517496486525914e+00 -9.604675655524305355e+00 4.045985216512497118e+01 7.843086500050771903e+00 8.162517496486525914e+00 7.843086500050771903e+00 1.742301697761284629e+01
2.061250184942327124e+01 -1.557547995989104983e+00 5.262755851951294694e+00 -1.557547995989104983e+00 1.684252810971626957e+01 -2.672903685821490516e-01 5.262755851951294694e+00 -2.672903685821490516e-01 6.647036380618064122e+00
-3.240411786019128471e+01 -8.338308332312356796e+00 -3.318237756787755011e+00 -8.338308332312356796e+00 -3.861708699077939144e+01 -1.282841761156290783e+00 -3.318237756787755011e+00 -1.282841761156290783e+00 -5.721170119045743974e+01
1.689951194190328820e+01 3.310769049613918380e+00 3.585765721564642128e+00 3.310769049613918380e+00 2.824629708058972000e+01 1.174103538104257494e+00 3.585765721564642128e+00 1.174103538104257494e+00 2.946130744450596239e+01
8.842513133688457927e+00 -1.546688119653913951e+01 2.302904501787235991e-01 -1.546688119653913951e+01 4.972593858818548540e+00 -1.867941901345973221e+01 2.302904501787235991e-01 -1.867941901345973221e+01 -3.791803402257436773e+01
-3.438471992221314366e+01 8.704845313563509990e+00 -3.553024048749471309e-01 8.704845313563509990e+00 -1.686393103744531530e+01 -7.803818655602799303e+00 -3.553024048749471309e-01 -7.803818655602799303e+00 -3.110725064861731681e+01
