3.063151756018526850e+00 3.573501782990641917e+00 3.363474265834337285e+00 3.573501782990641917e+00 -1.409029628528740119e+01 3.033437114902532539e+00 3.363474265834337285e+00 3.033437114902532539e+00 8.292999646094676436e+00
-1.537544346931533079e+00 1.278473113873748268e+01 5.328629709668452286e+00 1.278473113873748268e+01 -2.231021290674920721e+00 1.409019385573954342e+00 5.328629709668452286e+00 1.409019385573954342e+00 8.473832606041403537e+00
4.301457381919795608e+01 8.219149350921943487e-02 3.326285461133227273e+01 8.219149350921943487e-02 -1.053265812425507875e+00 -1.100673767196686015e+01 3.326285461133227273e+01 -1.100673767196686015e+01 8.449448072648403141e+00
1.359457359349681838e+01 -6.548401192569285323e-01 3.796663551906455325e+00 -6.548401192569285323e-01 -6.113454721810663628e+00 6.420871922071778037e+00 3.796663551906455325e+00 6.420871922071778037e+00 1.123198184717155534e+01
4.102990510980464478e+01 2.777920027658545266e+01 2.553293052847057254e+01 2.777920027658545266e+01 6.328529967533167877e+00 -7.687818887368282006e+00 2.553293052847057254e+01 -7.687818887368282006e+00 -4.491595385554724373e+00
-9.332719168114214980e+00 7.833091537912778790e+00 -2.746041123874315204e+00 7.833091537912778790e+00 -1.979199836955262981e+01 -9.426041104622004951e+00 -2.746041123874315204e+00 -9.426041104622004951e+00 -1.360142546591048074e+01
-1.245111171660753335e+01 -4.724138177923406623e+00 6.713157392438706239e+00 -4.724138177923406623e+00 -2.390776334804350256e+01 4.687477685056187782e-01 6.713157392438706239e+00 4.687477685056187782e-01 -6.896155649674584609e+00
1.898333672739043720e+01 5.158708744533437418e+00 6.492045943965343291e+00 5.158708744533437418e+00 3.586920299885918428e+00 -5.723591955946114140e+00 6.492045943965343291e+00 -5.723591955946114140e+00 6.061594813213131872e+00
-2.675829682951467614e+00 -1.323511734885261193e+00 -1.241518847771843292e+00 -1.323511734885261193e+00 -1.248129947812341456e+01 1.634415549089600406e+00 -1.241518847771843292e+00 1.634415549089600406e+00 2.564134138385117279e+00
9.813372495141354790e+00 6.417593926366657264e+00 1.033340158697295053e+01 6.417593926366657264e+00 -1.068885429192520675e+01 -6.622441640305194888e+00 1.033340158697295053e+01 -6.622441640305194888e+00 1.077716512712043162e+00
-2.751319769647482261e+01 1.357282771579250147e+00 2.900048343085137503e+01 1.357282771579250147e+00 -8.655023704291577857e+00 1.432702033408006592e+01 2.900048343085137503e+01 1.432702033408006592e+01 -7.986058850502761430e+00
-1.490100855301900218e+01 -3.211605482521274091e+00 1.023662410100642539e+01 -3.211605482521274091e+00 -4.384049721209468231e+01 5.078760258846546805e+00 1.023662410100642539e+01 5.078760258846546805e+00 -1.040735509988406449e+01
6.440210523235192497e+00 9.375190385856315700e+00 1.552939085393690988e+01 9.375190385856315700e+00 -9.578848302713872442e+00 -3.681608083099512374e-01 1.552939085393690988e+01 -3.681608083099512374e-01 1.539595162058974864e+01
8.093058507084565534e+00 -1.012145116373399389e+01 4.397216370312769129e+00 -1.012145116373399389e+01 -2.222931701919239167e+00 -7.156310331889147669e+00 4.397216370312769129e+00 -7.156310331889147669e+00 1.833407604268151658e+01
5.757655790174168509e+00 9.729014827468951410e+00 6.575407776271974036e+00 9.729014827468951410e+00 -2.983755618490389594e+01 1.907211823579542331e+00 6.575407776271974036e+00 1.907211823579542331e+00 -8.032747269628176312e+00
7.451490951446027111e+01 1.376879799204222898e+01 7.683574610665994342e+00 1.376879799204222898e+01 1.481126846029590460e+01 -3.903627905039649626e+00 7.683574610665994342e+00 -3.903627905039649626e+00 1.290794286859041229e+01
-2.004552982269773409e+00 1.106459648426808995e+00 3.957715642342174434e+00 1.106459648426808995e+00 -4.266352841399496221e+00 -8.738309152427492066e+00 3.957715642342174434e+00 -8.738309152427492066e+00 5.297821988201221188e+00
-1.070388744302956141e+01 -8.575231820060907895e-01 1.033755146960426785e+01 -8.575231820060907895e-01 -2.932465689464214265e+01 9.029410799397296072e-01 1.033755146960426785e+01 9.029410799397296072e-01 -3.015857897770635176e+00
3.836994411235196134e-01 -3.481271783067658721e-01 3.043284258912798634e+00 -3.481271783067658721e-01 -2.238542038725515226e+01 7.514972551755741970e-01 3.043284258912798634e+00 7.514972551755741970e-01 1.333529829686244206e+01
-7.601782950299110553e+00 2.166967176251995308e+00 1.187195724786013429e+01 2.166967176251995308e+00 -1.343056560409642408e+01 -2.144310525008599200e+00 1.187195724786013429e+01 -2.144310525008599200e+00 7.097092887918755172e-03
6.017117969251819964e+00 9.425580999299862484e+00 -8.215109830178964900e-01 9.425580999299862484e+00 -1.800131569681206045e+01 -2.773868472452185152e+00 -8.215109830178964900e-01 -2.773868472452185152e+00 -9.806209777074171186e+00
-3.095903594521548508e-01 -9.727349694869539931e+00 2.850438961850842112e+00 -9.727349694869539931e+00 -1.874822790878059564e+01 -1.253280275725351345e+01 2.850438961850842112e+00 -1.253280275725351345e+01 -1.114829193575958399e+01
-7.781927446065603604e+00 1.658114862284644175e+01 1.952869421108630021e+01 1.658114862284644175e+01 -2.697037213980636494e+01 -1.077285263452211206e+00 1.952869421108630021e+01 -1.077285263452211206e+00 4.204654301470189814e+00
-1.562350953388316377e+01 1.407584561517169242e+01 9.032320078175301248e+00 1.407584561517169242e+01 -3.621322690164006275e+01 3.339388071212852527e+00 9.032320078175301248e+00 3.339388071212852527e+00 -1.347627881400062577e+01
2.107114429475573303e+01 7.494091852262426912e+00 1.097694109669840401e+01 7.494091852262426912e+00 1.294343648387172330e+01 -3.423061637294742887e+00 1.097694109669840401e+01 -3.423061637294742887e+00 1.527887779486353459e+01
-9.869659143629275988e+00 -2.412567460316215939e+00 3.998750180316330560e+00 -2.412567460316215939e+00 -3.091187972727287914e+01 -4.899614989950497268e+00 3.998750180316330560e+00 -4.899614989950497268e+00 -5.979613227650589558e+00
3.586186738907668925e+00 -5.688302628429494412e+00 5.376505809169578320e+00 -5.688302628429494412e+00 -1.789190711882558205e+01 4.981064227709710579e+00 5.376505809169578320e+00 4.981064227709710579e+00 7.620412044213589198e+00
-1.480210076099459826e+01 1.785365774042110498e+00 7.739986463566389752e+00 1.785365774042110498e+00 -2.650224954582171932e+01 5.401813851598852301e-01 7.739986463566389752e+00 5.401813851598852301e-01 -1.221414641938413048e+01
2.972775338571669579e+01 -7.320252996273465262e-01 7.449812097242361375e+00 -7.320252996273465262e-01 3.846844066148652530e+01 -8.388624204674043128e+00 7.449812097242361375e+00 -8.388624204674043128e+00 3.498980882891904542e+01
3.629089661208505291e+00 -1.176035633892625443e+00 4.625329839872150406e-01 -1.176035633892625443e+00 2.364799709812555939e+00 -8.246582245086151453e-01 4.625329839872150406e-01 -8.246582245086151453e-01 3.930156714403161278e+00
-1.497375265024962765e+01 3.415373671309158699e+00 7.948087568728463559e+00 3.415373671309158699e+00 -3.017306668571890782e+01 -6.564592036180040502e+00 7.948087568728463559e+00 -6.564592036180040502e+00 -1.861272383673202313e+01
2.773210524280814226e+01 -5.735509456890221180e+00 8.190172192548018870e+00 -5.735509456890221180e+00 8.779044974220499009e-01 6.127418048548534557e+00 8.190172192548018870e+00 6.127418048548534557e+00 1.345280740329213742e+01
4.380435078870775811e+01 -7.013679149151929693e+00 1.291250000028757583e+01 -7.013679149151929693e+00 3.299857398233424988e+01 -3.125287239758841373e+00 1.291250000028757583e+01 -3.125287239758841373e+00 4.553942045141850770e+01
4.168049048911995236e+00 -9.705822769498241576e-02 1.673012499878693493e+00 -9.705822769498241576e-02 -3.155401249048632284e+00 -1.793914350965124305e+00 1.673012499878693493e+00 -1.793914350965124305e+00 1.373075441742917668e+01
5.596144953056359839e+01 -4.369332210306853703e+00 2.143229937886687253e+00 -4.369332210306853703e+00 5.386682773002816305e+01 -2.081463589950525606e+00 2.143229937886687253e+00 -2.081463589950525606e+00 4.803023985434439425e+01
-3.233198246245487439e+01 -6.416203494373536875e-01 -2.601738504292665066e+00 -6.416203494373536875e-01 -4.761746684414667641e+01 -1.423592902232962532e+00 -2.601738504292665066e+00 -1.423592902232962532e+00 -8.540845221284373068e+00
2.404065940665242351e+01 4.433390926673284937e+00 1.215547609576533361e+01 4.433390926673284937e+00 1.554094568948748467e+01 -4.508861386248652181e+00 1.215547609576533361e+01 -4.508861386248652181e+00 4.018693224327082447e+01
1.486259916490505439e+01 1.196258378393006616e+01 1.320638430260582297e+01 1.196258378393006616e+01 -8.940034634061820640e+00 2.155694534841894328e-01 1.320638430260582297e+01 2.155694534841894328e-01 1.207216527647858406e+01
1.504073362440886541e+01 8.485643264542117592e+00 9.334625166946135977e+00 8.485643264542117592e+00 -2.156748092866053734e-01 -8.090481214367882812e-01 9.334625166946135977e+00 -8.090481214367882812e-01 7.449576069819744184e+00
-3.371783602719204076e+00 3.029794281794771837e+00 6.525103314887396699e+00 3.029794281794771837e+00 -7.108128911245191084e+00 4.697737852980679918e+00 6.525103314887396699e+00 4.697737852980679918e+00 1.853805578944772137e+01
9.006570741666770630e+00 8.003282235737223971e+00 1.017539313765962561e+01 8.003282235737223971e+00 1.411289092293775127e+01 -2.907712099077154111e+00 1.017539313765962561e+01 -2.907712099077154111e+00 2.383347178908696762e+01
-8.266128232808325649e+00 -1.829995578113575050e+00 6.567369162018202644e+00 -1.829995578113575050e+00 -3.438852283337023152e+01 5.893655085446026121e+00 6.567369162018202644e+00 5.893655085446026121e+00 -5.131904673558284280e+00
3.566093784623875163e+00 7.518510757411752898e+00 3.680452548770694055e+00 7.518510757411752898e+00 -5.415703819402067687e+00 2.578207851641995535e-02 3.680452548770694055e+00 2.578207851641995535e-02 3.439974899710127598e+00
8.399334040967694648e+00 -5.223099140125168738e+00 3.200628389385276940e+00 -5.223099140125168738e+00 -6.781790977275445442e+00 -7.015626423563060543e-01 3.200628389385276940e+00 -7.015626423563060543e-01 6.397597051695472992e+00
4.762329527606193835e+01 -1.637203808140332129e+01 1.898164111789370168e+01 -1.637203808140332129e+01 2.721151807194124217e+01 -4.138844904617743126e+00 1.898164111789370168e+01 -4.138844904617743126e+00 5.258439373350586266e+01
-1.401166437134484077e+01 3.702756427369048309e-01 3.050225676478009795e+00 3.702756427369048309e-01 -3.040070458612836646e+01 2.342415493586397002e+00 3.050225676478009795e+00 2.342415493586397002e+00 -3.862412534546933784e+00
4.600892816017647213e+00 6.909974796009938913e+00 1.146818689591313223e-01 6.909974796009938913e+00 -1.864991890731412383e+01 -9.083141342839827104e+00 1.146818689591313223e-01 -9.083141342839827104e+00 -6.799439474621548740e+00
4.995818615200033341e-01 6.540750645033753807e-01 9.328440044502354311e+00 6.540750645033753807e-01 -1.087762063741811858e+01 -3.681011233628362245e+00 9.328440044502354311e+00 -3.681011233628362245e+00 3.997890837783893314e+00
-2.791044207513508368e+01 -6.451948864132036832e+00 1.315405389897003907e+01 -6.451948864132036832e+00 -4.605155730749309129e+01 -8.456917417457134434e+00 1.315405389897003907e+01 -8.456917417457134434e+00 -5.144566784187527730e+01
2.034187854850342259e+00 -2.985150519562791871e+00 1.532300820940625385e+01 -2.985150519562791871e+00 -2.361525372537100509e+01 1.185703650001871834e+00 1.532300820940625385e+01 1.185703650001871834e+00 8.347438226027819042e+00
1.313305068668205600e+01 5.291784629472784829e+00 1.268911137639434017e+01 5.291784629472784829e+00 6.920143021455735344e+00 9.801686720681945797e-01 1.268911137639434017e+01 9.801686720681945797e-01 3.253264586132452507e+01
-9.004383183727336259e+00 9.968555124239774301e+00 3.797405085050890694e+00 9.968555124239774301e+00 -4.432584444707835303e+01 6.457038230852455207e+00 3.797405085050890694e+00 6.457038230852455207e+00 -2.225806135840025490e+01
-1.181450168410754920e+01 1.236120103124460856e+00 1.118647855128916468e+01 1.236120103124460856e+00 -3.222098617879467497e+01 2.622028242613559712e+00 1.118647855128916468e+01 2.622028242613559712e+00 6.691484582577437834e+00
-2.569651286663275247e+00 1.178292731939314208e+01 7.916293779875895886e+00 1.178292731939314208e+01 -1.926306733114573788e+01 -2.666287549206482588e+00 7.916293779875895886e+00 -2.666287549206482588e+00 -6.279729492107890110e+00
2.949304359551573640e+01 8.648465304891184147e+00 5.426649973620397915e+00 8.648465304891184147e+00 -2.006569957517458391e+01 2.935956616721889567e+00 5.426649973620397915e+00 2.935956616721889567e+00 1.831570794636044042e+01
1.748037266218270602e+01 9.553771607173787928e+00 1.213804746990638428e+01 9.553771607173787928e+00 -7.284468710909377087e+00 1.108610290983696345e+00 1.213804746990638428e+01 1.108610290983696345e+00 1.014908247680429021e+01
6.876216392120023002e+00 -1.849270522104371040e+00 3.677801899933840879e+00 -1.849270522104371040e+00 5.073866444076519322e+00 -5.799291089257258669e+00 3.677801899933840879e+00 -5.799291089257258669e+00 2.083911669352838203e+01
2.996126330215859923e+01 -5.629291572165004531e+00 9.593386365504112945e+00 -5.629291572165004531e+00 1.998872988845645438e+01 6.644383083141150337e+00 9.593386365504112945e+00 6.644383083141150337e+00 3.077649230781276302e+01
-1.412055130089442123e+01 -5.311136672364871192e-01 4.405476358336290588e+00 -5.311136672364871192e-01 -5.086848666234377703e+01 -1.456696659510062908e+01 4.405476358336290588e+00 -1.456696659510062908e+01 -2.544267693466769842e+01
4.339589377172360685e+01 1.726143110100920364e+00 -5.513900536586884282e-01 1.726143110100920364e+00 3.084861192820889997e+01 -2.044075670378452614e+00 -5.513900536586884282e-01 -2.044075670378452614e+00 5.066605366149550349e+01
9.038613113260328902e+00 -2.399313177408985420e-01 1.103709180922501609e+01 -2.399313177408985420e-01 -8.657720576389504430e+00 -3.410958675654322647e+00 1.103709180922501609e+01 -3.410958675654322647e+00 1.006793981778599623e+01
-1.182623659115690007e+00 5.296641328918355818e+00 2.178969483210576374e+00 5.296641328918355818e+00 -1.941545264667484361e+01 -5.044544807358888328e-01 2.178969483210576374e+00 -5.044544807358888328e-01 -1.160029089717441586e+01
2.622920161687902763e+01 -3.650439186851670570e+00 7.455392255742615326e+00 -3.650439186851670570e+00 2.296517364571716868e+01 1.447130723141724973e+00 7.455392255742615326e+00 1.447130723141724973e+00 3.295566719733010075e+01
-2.057234571677072132e+00 8.810496722916088430e+00 4.139486378817966439e-02 8.810496722916088430e+00 -1.616503861573137613e+01 1.452234900650447580e+00 4.139486378817966439e-02 1.452234900650447580e+00 -3.262172254001119764e+00
9.692518028723556611e+00 -2.027508608449839489e+00 5.736908298228854619e+00 -2.027508608449839489e+00 -2.104136653074867080e+00 1.581034622674722812e+01 5.736908298228854619e+00 1.581034622674722812e+01 1.316383605869858364e+01
-9.913161420604128082e+00 1.039431955815429731e+01 4.857922188677194164e+00 1.039431955815429731e+01 -2.468165769190715508e+01 -4.307108287342648723e+00 4.857922188677194164e+00 -4.307108287342648723e+00 2.449985022212506802e+00
3.773452386660315483e+01 8.204552413816999845e+00 8.154782247074416901e+00 8.204552413816999845e+00 2.152314100756138515e+01 2.036208098584073145e+00 8.154782247074416901e+00 2.036208098584073145e+00 2.642003628361561951e+01
3.364785366430865565e+01 -8.999671774737398877e+00 3.133133360148892166e+01 -8.999671774737398877e+00 5.262960567413499824e+00 -2.722158488279377231e+00 3.133133360148892166e+01 -2.722158488279377231e+00 3.646570286364940472e+01
-2.407942456636557793e+01 1.078930353800432052e+01 2.138121980423103932e-02 1.078930353800432052e+01 -3.466348136129633417e+01 -7.711935116181067862e+00 2.138121980423103932e-02 -7.711935116181067862e+00 -2.180476678440959404e+01
-1.913023551082649831e+01 2.984528083486632344e+00 4.713016399918909194e+00 2.984528083486632344e+00 -2.998266140497644017e+01 4.863144352988329366e+00 4.713016399918909194e+00 4.863144352988329366e+00 -1.024585641186430607e+01
-1.488836228298847075e+01 -7.890357334961880298e+00 -7.328208014736633302e+00 -7.890357334961880298e+00 -2.084570944507013479e+01 1.195091349452029483e+01 -7.328208014736633302e+00 1.195091349452029483e+01 -2.682104019268640727e+01
1.104513827690643879e+01 1.594372775990511970e+00 1.561192714093427369e+01 1.594372775990511970e+00 -2.391490179483824363e+01 -4.616487376180583801e+00 1.561192714093427369e+01 -4.616487376180583801e+00 -2.185838477964582438e+01
-5.332027510490600086e+00 -1.039199195505320716e+01 1.602249493910678524e+01 -1.039199195505320716e+01 -3.607570649076404834e+01 -4.729013269126389751e+00 1.602249493910678524e+01 -4.729013269126389751e+00 -9.784310285750198233e+00
8.244507549535306623e+00 -3.863362904276854692e+00 3.447174297597091819e+00 -3.863362904276854692e+00 -1.456565288966097604e+01 6.025021346711712411e+00 3.447174297597091819e+00 6.025021346711712411e+00 1.595151629280410432e+01
5.151532839778290018e+00 -1.545703787621117797e+01 5.587541366669356968e+00 -1.545703787621117797e+01 -1.152999855294179632e+01 -1.169403646462383151e+01 5.587541366669356968e+00 -1.169403646462383151e+01 1.841387779907701017e+01
-3.806533949190784938e+01 3.784178429596303239e+00 3.794542784337876284e+00 3.784178429596303239e+00 -3.329289851861842209e+01 7.112759831893531448e+00 3.794542784337876284e+00 7.112759831893531448e+00 1.574952259177620384e+01
-1.073642531062426464e+01 -6.118306270448174988e-01 4.363451784015678570e+00 -6.118306270448174988e-01 -1.917259580212670400e+01 -4.397432093160982269e+00 4.363451784015678570e+00 -4.397432093160982269e+00 -1.737477836093906802e+01
4.643298076402223273e+01 1.055444782752505972e+01 1.568326669326054912e+01 1.055444782752505972e+01 3.474337558040107865e+01 5.251810609176835065e+00 1.568326669326054912e+01 5.251810609176835065e+00 4.775845469532175969e+01
-2.086664429166067336e+01 -6.463964094360448165e+00 5.764452998857596988e+00 -6.463964094360448165e+00 -2.594435373868409656e+01 -2.459840052469930072e+01 5.764452998857596988e+00 -2.459840052469930072e+01 1.027678803185845480e+00
2.466246721425947808e+00 3.399360249121879729e+00 6.780418097675693367e+00 3.399360249121879729e+00 -9.810044581581934153e+00 8.887932151580731910e-01 6.780418097675693367e+00 8.887932151580731910e-01 -1.843501750198603961e+00
1.280965879120671680e+01 -3.539713405431600624e+00 1.065502241259728677e+01 -3.539713405431600624e+00 -9.866562679136089642e+00 -2.421766527747418962e+00 1.065502241259728677e+01 -2.421766527747418962e+00 -8.149523627924571301e+00
1.144320286297969069e+01 1.730971243617061717e+01 6.130007838853975599e+00 1.730971243617061717e+01 -2.252026340434865759e+01 2.467143379933606084e+01 6.130007838853975599e+00 2.467143379933606084e+01 -6.390317648267195283e-01
6.947757867824758016e+00 4.786325415561461405e+00 2.029317271922571564e+01 4.786325415561461405e+00 -2.554930078947414529e+00 8.836741509282342477e+00 2.029317271922571564e+01 8.836741509282342477e+00 3.029412111004637254e+01
1.142111722183755163e+01 1.711887740030126892e+01 2.184087634977449000e+01 1.711887740030126892e+01 -1.223819245274656708e+01 3.246323302498438146e+00 2.184087634977449000e+01 3.246323302498438146e+00 1.120240420883313703e+01
3.143965949717719965e+01 1.069170845522506319e+01 2.885454850910647906e+01 1.069170845522506319e+01 -1.973400964709417593e+01 3.344564753547875746e+00 2.885454850910647906e+01 3.344564753547875746e+00 1.105594880647543654e+01
5.010540135053145328e+00 1.607689488440887615e+01 3.640704064659569639e+00 1.607689488440887615e+01 -1.380233757013421325e+01 -3.690024077370851474e-01 3.640704064659569639e+00 -3.690024077370851474e-01 1.224549381128605496e+01
-1.143816548918882781e+01 1.623542859623486878e+00 -1.240738962319008376e+00 1.623542859623486878e+00 -4.540009910696038276e+01 -2.362024348295597598e+00 -1.240738962319008376e+00 -2.362024348295597598e+00 -1.602337440034192895e+01
1.610332679368153919e+01 3.757967417549253675e+00 4.548096788136637869e+00 3.757967417549253675e+00 -9.354757038514877721e+00 -4.407439955094829109e+00 4.548096788136637869e+00 -4.407439955094829109e+00 4.357509244557354222e+00
-1.498025051708992272e+01 8.785092502190353869e+00 4.655449438925534089e+00 8.785092502190353869e+00 -8.058539239427204848e+00 1.698857448635547440e+00 4.655449438925534089e+00 1.698857448635547440e+00 -2.664892111688859089e+01
-7.845696735924508891e-01 1.110796470081599452e+01 3.947900994540264996e+00 1.110796470081599452e+01 -2.771705725919628804e+01 -3.716612209611351414e+00 3.947900994540264996e+00 -3.716612209611351414e+00 -3.832584063871068203e+00
4.106694634794397558e+00 -9.099239173516325607e+00 9.143747362791126321e+00 -9.099239173516325607e+00 -9.030884017215763393e+00 -1.193746105677883085e+00 9.143747362791126321e+00 -1.193746105677883085e+00 -2.222975810157806986e+00
-2.289801578534774507e+00 3.063226566350137237e+00 2.455748417649877169e+00 3.063226566350137237e+00 -1.907005877501846669e+01 -1.142761138495965412e+01 2.455748417649877169e+00 -1.142761138495965412e+01 2.300768881793981091e+00
-7.290234853863252873e+00 9.000845699708756698e+00 1.169646694307595602e+01 9.000845699708756698e+00 -2.165761927784614826e+01 -1.666593009715966289e+01 1.169646694307595602e+01 -1.666593009715966289e+01 -7.194146948934658781e+01
-8.452837006047557722e+00 1.092824868366174540e+00 4.671193251811869729e+00 1.092824868366174540e+00 -2.589297979548365802e+01 -1.097691307579340325e+01 4.671193251811869729e+00 -1.097691307579340325e+01 -7.009631384542360344e+00
2.911345194425608796e+01 3.371637850191754104e+00 1.970642718621538592e+01 3.371637850191754104e+00 1.885802436238422697e+00 -5.784642222406120915e+00 1.970642718621538592e+01 -5.784642222406120915e+00 1.320648083244328674e+01
1.454256791282928241e+01 6.708188739637442666e+00 2.072429727730571969e+01 6.708188739637442666e+00 -2.652324666566740063e+01 3.178596810782810422e+00 2.072429727730571969e+01 3.178596810782810422e+00 -2.074409343452687438e+01
-2.127618697940265591e+01 -2.512952048644563785e+00 2.594830505579013291e+00 -2.512952048644563785e+00 -4.276113832991172359e+01 -2.926748012529552856e+00 2.594830505579013291e+00 -2.926748012529552856e+00 -7.795040362565938352e+00
-6.052305150142817780e+01 2.108006691508945707e+01 1.178267395737089052e+00 2.108006691508945707e+01 -7.310927418273489309e+01 5.037541973011554930e+00 1.178267395737089052e+00 5.037541973011554930e+00 -4.347227076166677762e+01
-3.636240671993289908e+01 9.049386507234595811e-01 4.265246488842859840e+00 9.049386507234595811e-01 -5.870199753241047347e+01 7.893588501952057079e+00 4.265246488842859840e+00 7.893588501952057079e+00 -3.238405446912960883e+01
5.452623663580464353e+01 3.108203142263975760e+00 1.530868844091128445e+01 3.108203142263975760e+00 4.561614592906517629e+01 -5.929356936134824174e+00 1.530868844091128445e+01 -5.929356936134824174e+00 4.713514289931153201e+01
