9.894436828872146705e+00 4.559156313901372215e+00 -7.194416310102122125e+00 4.559156313901372215e+00 4.450389403760779961e-01 6.046573625177811273e+00 -7.194416310102122125e+00 6.046573625177811273e+00 6.414043897788665127e+00
7.406462490862213421e+00 -6.489204710132598919e+00 1.881778010652903399e+00 -6.489204710132598919e+00 2.247977468894905684e+01 2.269576619483938185e+00 1.881778010652903399e+00 2.269576619483938185e+00 3.173905197271687229e+01
-1.018446300886805389e+01 -3.262866598149005259e+00 7.824813827164100566e+00 -3.262866598149005259e+00 -7.305222295707342717e+00 -1.194573977927312214e+01 7.824813827164100566e+00 -1.194573977927312214e+01 1.654600676964445682e+01
5.592535010769238113e+01 -7.261762694257258843e+00 8.066440960555617323e+00 -7.261762694257258843e+00 4.008194991029371579e+01 -2.041503500234372481e+01 8.066440960555617323e+00 -2.041503500234372481e+01 -7.591265314607514192e+00
-1.286333529994935176e+01 -9.810307583016086852e-01 3.232009583043315537e+00 -9.810307583016086852e-01 -8.966481090255431496e+00 -4.880252152101278718e+00 3.232009583043315537e+00 -4.880252152101278718e+00 -1.953905749862886054e+01
3.549980926682875548e+01 -2.252627251221853921e+00 -4.406371739896902007e+00 -2.252627251221853921e+00 2.357236415653891370e+01 -3.034557841584589077e+00 -4.406371739896902007e+00 -3.034557841584589077e+00 3.673586759634443588e+00
-1.394317067064943139e+01 -6.963852731682143471e+00 8.920312341450484794e+00 -6.963852731682143471e+00 -1.567315961828564852e+01 -1.132717023948589841e+01 8.920312341450484794e+00 -1.132717023948589841e+01 -6.631092035923916050e+00
-2.542544994540496095e+00 5.658548534539283636e+00 -1.052634828932665911e+01 5.658548534539283636e+00 -1.758968845194555897e+01 3.930468038642052964e+00 -1.052634828932665911e+01 3.930468038642052964e+00 3.008282126277114443e+00
-1.688761587027941324e+00 2.915721830784521629e+00 4.769167371256158305e-01 2.915721830784521629e+00 -5.060486183269046201e+00 4.845265561005163590e+00 4.769167371256158305e-01 4.845265561005163590e+00 -2.561066043719122831e+01
3.842604930819755538e+01 4.245676281067285451e+00 -3.834358042266710509e+00 4.245676281067285451e+00 3.894370381827089034e+01 1.202691295379416836e+01 -3.834358042266710509e+00 1.202691295379416836e+01 4.097831690137096672e+01
5.682251903849492969e+00 4.774829534676625187e+00 1.331704122485656949e+00 4.774829534676625187e+00 6.614056308218804192e-01 1.621505501506316227e+00 1.331704122485656949e+00 1.621505501506316227e+00 -2.869360606238939582e+01
2.701920017148647091e+01 1.634441052767141400e+01 1.381996497418591829e+01 1.634441052767141400e+01 1.152540054903288613e+01 -3.812881446280530273e+00 1.381996497418591829e+01 -3.812881446280530273e+00 -1.339248173850437418e+01
4.847153311277094900e+01 -2.961829380033514703e+00 4.481072351004575793e+00 -2.961829380033514703e+00 3.281942817282673275e+01 1.448500391912639529e+01 4.481072351004575793e+00 1.448500391912639529e+01 -1.388006492114106472e+01
-1.231665863943159067e+01 -8.714701488620837821e+00 -2.583608160641285068e+00 -8.714701488620837821e+00 7.962655889787440877e+00 -2.031480841778854085e+01 -2.583608160641285068e+00 -2.031480841778854085e+01 -5.900124326894092519e+01
-9.399230138265449952e+00 1.243177197911302834e+01 -9.112881989264984384e+00 1.243177197911302834e+01 -1.222326446042210435e+01 -5.277973178470755755e+00 -9.112881989264984384e+00 -5.277973178470755755e+00 -2.203929444271582838e+01
1.955825343740336208e+01 -5.640460924660738229e+00 -7.574001383746624683e+00 -5.640460924660738229e+00 2.148118887099452934e+01 -9.825829094488765847e+00 -7.574001383746624683e+00 -9.825829094488765847e+00 2.746369940173405766e+01
3.896895560550667170e+01 2.603548014656541731e+00 -3.660662742412993387e-01 2.603548014656541731e+00 3.317813640549205445e+01 1.243971655643650109e+01 -3.660662742412993387e-01 1.243971655643650109e+01 -1.286675384050192150e+01
-1.013178258218684569e+01 -1.120598707829314300e+01 -3.617644319326845270e+00 -1.120598707829314300e+01 -3.490777207091369405e+01 1.652818568549869838e+01 -3.617644319326845270e+00 1.652818568549869838e+01 -3.196615892941473414e-01
-4.802563063210944172e+00 2.483005119870409505e+00 7.387758842097133183e+00 2.483005119870409505e+00 -2.546330772144046239e+00 -5.026420293035102738e+00 7.387758842097133183e+00 -5.026420293035102738e+00 -4.509635076523808550e+01
5.951718187744956978e+00 1.009444063308834671e+01 -6.588753084777403402e+00 1.009444063308834671e+01 -1.109376635177143022e+01 1.347953087540178707e+01 -6.588753084777403402e+00 1.347953087540178707e+01 -5.279757142448804785e+01
4.006699627126176466e+01 -1.938691764547254337e+00 -1.378443832745828779e+01 -1.938691764547254337e+00 4.220769191009467391e+01 -3.106515764651477607e+00 -1.378443832745828779e+01 -3.106515764651477607e+00 -2.289384914173320240e+01
3.979446405895412653e+01 5.027951698781243373e+00 -1.529492414511281950e+01 5.027951698781243373e+00 3.960056403387361001e+01 -8.947419230218578434e+00 -1.529492414511281950e+01 -8.947419230218578434e+00 -5.974889389912465987e+00
9.902275140619321903e+00 2.393488605072767950e+00 6.129842476564005160e+00 2.393488605072767950e+00 -1.601770093213819379e+01 -9.555577596452676792e-01 6.129842476564005160e+00 -9.555577596452676792e-01 -2.223410284689499150e+01
-3.704601615296048323e+01 1.161016864184075992e+01 5.872582653493744864e+00 1.161016864184075992e+01 -2.108798577846025069e+01 -1.553357595197982555e+01 5.872582653493744864e+00 -1.553357595197982555e+01 -1.856020850146191492e+01
1.180688127613520599e+01 1.808134534091511725e+01 8.680071455558318050e+00 1.808134534091511725e+01 5.637670579917990032e+00 1.723073195264618773e+00 8.680071455558318050e+00 1.723073195264618773e+00 -3.579687470410803485e+01
2.692079550432816504e+01 2.493452027993292219e+01 -4.646221102425399652e-01 2.493452027993292219e+01 -3.456144599722858479e-01 2.163493932272836151e+00 -4.646221102425399652e-01 2.163493932272836151e+00 -6.822642709976150854e+00
3.371528883413027478e-01 1.498171231311930818e+01 -9.957296186882711453e+00 1.498171231311930818e+01 4.440353616815515991e+00 -9.113604109604994008e+00 -9.957296186882711453e+00 -9.113604109604994008e+00 -6.231830326478308990e+01
-1.829684861885322178e+01 1.226010001196188526e+01 1.919162487358586633e+00 1.226010001196188526e+01 -3.885102447459906294e+00 -3.373041616223033667e+00 1.919162487358586633e+00 -3.373041616223033667e+00 -3.869019521874643175e+01
9.414984977399196708e+00 2.944222757640813537e+00 -5.446814469739223341e+00 2.944222757640813537e+00 2.223894321628867132e+01 -6.909152346211211437e+00 -5.446814469739223341e+00 -6.909152346211211437e+00 2.153601560640317913e+01
4.308460371476184214e+00 -5.450246477336371242e-01 7.448445791828500973e+00 -5.450246477336371242e-01 1.789205881368206974e+01 -6.220127801955228186e+00 7.448445791828500973e+00 -6.220127801955228186e+00 2.940677387406585197e+01
4.641989451777705966e+01 2.066296416275391223e+01 9.878731315984683903e+00 2.066296416275391223e+01 4.200724957665118353e+01 4.735074016324504420e+00 9.878731315984683903e+00 4.735074016324504420e+00 2.100012051433100879e+01
3.365876800435731298e+01 1.257857621192740893e+01 6.365754538664936568e+00 1.257857621192740893e+01 2.719737768318000093e+01 5.716413821074177726e+00 6.365754538664936568e+00 5.716413821074177726e+00 -1.418870147634798684e+01
4.673402348079811475e+01 -8.884375259454404983e+00 -7.150199822684820683e-01 -8.884375259454404983e+00 4.253154187678590858e+01 -7.117531467369922815e+00 -7.150199822684820683e-01 -7.117531467369922815e+00 3.007462074005584540e+01
-1.181211719802080040e+01 9.752942489935469084e+00 -4.047546703193575013e+00 9.752942489935469084e+00 -1.904139272250121806e+01 -1.761763047998894605e+00 -4.047546703193575013e+00 -1.761763047998894605e+00 -2.875070457748746922e+00
5.596029990496396778e+01 1.552753845711186464e+01 5.814338699171713642e+00 1.552753845711186464e+01 3.959183730068918550e+01 2.212420859000372886e+00 5.814338699171713642e+00 2.212420859000372886e+00 3.694583852559978965e+01
-1.983322807127265719e+01 -3.367675011942156349e+00 1.024010464823564526e+01 -3.367675011942156349e+00 -6.232111052043418908e+01 -1.813569526077047200e+01 1.024010464823564526e+01 -1.813569526077047200e+01 -3.626492815441238093e+01
-3.717963842605019664e+01 5.839102064774834844e+00 4.940019758481910550e+00 5.839102064774834844e+00 -4.143814349318053303e+01 1.079496203834020207e+01 4.940019758481910550e+00 1.079496203834020207e+01 -5.254953921514862003e+01
-3.314244180821997077e+01 -2.093923665667400069e+00 -2.847993855043135514e-01 -2.093923665667400069e+00 -9.893701693622100279e+00 -6.863823319422613700e+00 -2.847993855043135514e-01 -6.863823319422613700e+00 -8.902831851421654008e+00
1.137734983659818289e+00 -6.071798977861955215e+00 -1.060704008033221513e+01 -6.071798977861955215e+00 1.210065556795574793e+01 6.943407813837448872e-01 -1.060704008033221513e+01 6.943407813837448872e-01 4.418212603832170515e+01
-2.126266345122929025e+01 -6.907462859386743759e+00 -2.898622307056847980e+00 -6.907462859386743759e+00 -5.344384586509194790e+00 4.243916185494704507e+00 -2.898622307056847980e+00 4.243916185494704507e+00 1.727989112779463454e+01
2.074921629473034557e+01 -2.080393674921877079e+01 -3.443715795314123418e-01 -2.080393674921877079e+01 1.932805559799399120e+01 -5.301840786222483670e-01 -3.443715795314123418e-01 -5.301840786222483670e-01 2.518865692987857585e+01
-3.880828391599407468e+01 3.266526531044187998e+00 -1.056828043688595820e+01 3.266526531044187998e+00 -3.822748969913227768e+01 3.488233525708794303e-01 -1.056828043688595820e+01 3.488233525708794303e-01 -2.783382102840895200e+01
-2.918736051169225476e+01 -2.171345529692056786e+01 9.322173209560924434e+00 -2.171345529692056786e+01 -7.853688291876745886e+00 -1.915875026080333665e+00 9.322173209560924434e+00 -1.915875026080333665e+00 7.723611321783494077e+00
2.473977405758501114e+00 -4.014137171669284854e+00 1.549969579236189965e+01 -4.014137171669284854e+00 2.359049559110911787e+01 -1.156991626609259782e+01 1.549969579236189965e+01 -1.156991626609259782e+01 -2.386697063956455267e+01
2.058224264985403451e+01 5.240517105346620852e+00 1.507181731127108648e+01 5.240517105346620852e+00 6.195551181963141474e+00 6.205951906076811575e+00 1.507181731127108648e+01 6.205951906076811575e+00 -1.200550618392458269e+01
5.254554037133585354e+01 -8.824173395592818991e+00 -2.911180664311864508e+00 -8.824173395592818991e+00 4.889820557390699207e+01 2.361465045040118582e+01 -2.911180664311864508e+00 2.361465045040118582e+01 -4.109843118158734043e+00
-3.156243431396416810e+01 -6.613666332434597450e+00 -5.723148646357087088e+00 -6.613666332434597450e+00 -1.883573201036428202e+01 -8.181155451496413988e+00 -5.723148646357087088e+00 -8.181155451496413988e+00 -2.831589142798687320e+01
7.946689374323414157e+00 1.052827116636049531e+01 -3.889625386775553473e+00 1.052827116636049531e+01 1.420879455830915283e+01 1.488348034291461097e+01 -3.889625386775553473e+00 1.488348034291461097e+01 3.601663393551501002e+01
4.995591511083059544e+01 -2.343730010290153487e+00 1.178408970803453393e+01 -2.343730010290153487e+00 3.391531933108048236e+01 4.018140305221979069e+00 1.178408970803453393e+01 4.018140305221979069e+00 1.474448321032835629e+01
-2.170304895836471104e+01 3.368431845387591217e+00 7.378280113051792988e+00 3.368431845387591217e+00 -8.939048971159298418e+00 1.026717385835481977e+01 7.378280113051792988e+00 1.026717385835481977e+01 -7.284330441608898354e+01
3.846090223818701048e+01 8.868374487821006014e+00 -1.137968791902100030e+01 8.868374487821006014e+00 3.736151741524163583e+01 -4.337228538557343249e+00 -1.137968791902100030e+01 -4.337228538557343249e+00 3.798198326629918853e+01
-5.694065379173301267e+01 5.382241797147513829e+00 9.287087756609604394e-01 5.382241797147513829e+00 -1.196863644876498434e+01 -2.690543202388079536e+00 9.287087756609604394e-01 -2.690543202388079536e+00 1.173800404370068584e+01
3.473060056900254011e+01 -7.522608789183889755e+00 1.964485154175754200e+00 -7.522608789183889755e+00 1.768505580239550667e+01 1.050535080438048752e+01 1.964485154175754200e+00 1.050535080438048752e+01 -2.620639042658447337e+01
-3.381106349472323558e+01 6.986190407397216973e-01 -3.982661031724091139e+00 6.986190407397216973e-01 -7.409077720776094722e+00 4.585945249161556880e+00 -3.982661031724091139e+00 4.585945249161556880e+00 3.326685480168652731e+01
-2.727900751663790757e+01 -1.612269736892415395e+01 -1.016654875303385808e+01 -1.612269736892415395e+01 -4.805123236473137638e+01 -5.045130411571167706e+00 -1.016654875303385808e+01 -5.045130411571167706e+00 -9.880878833155470886e+00
-1.354564604998414579e+00 -7.852350748591604201e+00 -1.481143980095413681e+01 -7.852350748591604201e+00 -1.993266591873998195e+01 -3.243658480208425399e+00 -1.481143980095413681e+01 -3.243658480208425399e+00 -4.699340480086306826e+01
3.955562774518413249e+01 1.464061753826432088e+01 9.891867481505510540e+00 1.464061753826432088e+01 2.108152709567792016e+01 1.015424357939792088e+01 9.891867481505510540e+00 1.015424357939792088e+01 -1.548547824056428546e+01
5.773297813760289188e+01 3.157727157155188369e+00 1.351825549044371044e+01 3.157727157155188369e+00 5.349216674985297715e+01 -2.839958032984216896e+00 1.351825549044371044e+01 -2.839958032984216896e+00 -1.550894617710122603e+01
6.474985765558225914e+00 3.210110469251204357e+00 -1.129226221954207743e+00 3.210110469251204357e+00 -2.720638628638343270e+00 2.322857199296920694e+00 -1.129226221954207743e+00 2.322857199296920694e+00 -3.280161570766469481e+01
-1.519498483234455044e+01 -5.316617484129842808e+00 -2.193965993392641423e+00 -5.316617484129842808e+00 -5.761786966098292773e+00 -1.231262841388777396e+00 -2.193965993392641423e+00 -1.231262841388777396e+00 -3.326058029813812311e+01
2.090540156046223075e+01 -1.311353113739221365e+00 4.361952765321044367e+00 -1.311353113739221365e+00 6.296564773038858753e+00 1.056368451430775046e+01 4.361952765321044367e+00 1.056368451430775046e+01 -1.522793207415028860e+01
1.222863640185633649e+01 1.492792451000023135e+01 -1.335311359706632928e+01 1.492792451000023135e+01 2.036618417582670304e+01 4.890812368489477757e-01 -1.335311359706632928e+01 4.890812368489477757e-01 1.068273133977472256e+01
-1.406565619906631426e+01 1.849005013439944056e+00 8.125759675287204331e+00 1.849005013439944056e+00 -1.977360327571528131e+01 1.550787342656156920e+00 8.125759675287204331e+00 1.550787342656156920e+00 -1.267949786477017859e+01
2.671577335012465682e+01 4.787050659915540685e+00 -7.126201549044790085e+00 4.787050659915540685e+00 2.687315569005956917e+01 5.231132149548852084e+00 -7.126201549044790085e+00 5.231132149548852084e+00 3.014649837400516574e+01
5.123576989633427559e+01 8.933480739512015267e-01 9.453603037781561635e-01 8.933480739512015267e-01 4.440454819017337940e+01 5.190252029361578145e+00 9.453603037781561635e-01 5.190252029361578145e+00 -3.296733622225451654e+01
-3.869180334652291009e+01 2.141452126785026167e+00 -9.052921154342911336e+00 2.141452126785026167e+00 -5.563039639556766502e+01 -6.190118583967694654e+00 -9.052921154342911336e+00 -6.190118583967694654e+00 -5.623459430007169857e+01
-2.644581367546709672e+01 1.126657651464370247e+01 -1.132409217362481568e+00 1.126657651464370247e+01 -2.391970815293194619e+01 -1.220849835820341056e+01 -1.132409217362481568e+00 -1.220849835820341056e+01 -2.355540587811859510e+01
-6.641817773457223240e+00 1.281604039512951099e+00 -2.351243797155549586e+01 1.281604039512951099e+00 -2.380538151342820186e+01 9.660399666830970844e+00 -2.351243797155549586e+01 9.660399666830970844e+00 -3.759724926477577611e+01
-5.087638273985474058e+01 -1.141013324184165967e+01 -5.448193051027356404e+00 -1.141013324184165967e+01 -2.869886585099519749e+01 7.353243797836927165e+00 -5.448193051027356404e+00 7.353243797836927165e+00 7.471719225229997541e+00
1.914440598847360064e+01 1.416593249737299587e+01 3.108716666082936175e+00 1.416593249737299587e+01 -1.298501555619917625e+01 -7.276788591799837391e+00 3.108716666082936175e+00 -7.276788591799837391e+00 -3.503600800740741050e+01
5.722587263467497820e+01 1.114550127852069927e+01 1.092577214743188385e+01 1.114550127852069927e+01 4.178535790417814155e+01 2.058427711538465932e+00 1.092577214743188385e+01 2.058427711538465932e+00 8.959351560287229788e+00
-1.515889597542071776e+01 -8.801609838613682069e-01 3.718829944694969747e+00 -8.801609838613682069e-01 7.916130460371304522e+00 1.312093015082566971e+01 3.718829944694969747e+00 1.312093015082566971e+01 8.756880588513592301e+00
-9.707006069743773224e+00 8.708196156184566661e+00 -2.592163804698140339e+00 8.708196156184566661e+00 -6.308544519619975688e+01 -2.220988093829572296e+00 -2.592163804698140339e+00 -2.220988093829572296e+00 1.014599713799927905e+01
1.121975495766520403e+01 1.208494418777292356e+00 -5.537165886090055444e+00 1.208494418777292356e+00 2.347844161999350732e+01 -1.625616153751987625e+01 -5.537165886090055444e+00 -1.625616153751987625e+01 5.132162632232348898e+01
8.682533277228614566e+00 3.619202690272960155e+00 3.509007075515180762e+00 3.619202690272960155e+00 1.373874895032464138e+01 -5.341667728145614191e+00 3.509007075515180762e+00 -5.341667728145614191e+00 -2.544732353210603648e+01
-1.694577444748169270e+01 6.878559462360529508e-01 -1.249466060310594262e+00 6.878559462360529508e-01 6.151559605807103148e-01 7.269024872572973806e+00 -1.249466060310594262e+00 7.269024872572973806e+00 7.088622819213134640e+00
4.012632192514755047e+01 -4.233990582582960904e+00 -2.933294901214147821e+00 -4.233990582582960904e+00 2.726863779672564903e+01 -3.151944389750535702e+00 -2.933294901214147821e+00 -3.151944389750535702e+00 1.776230349919390772e+00
5.425658953894967773e+00 -3.556984902317448682e+00 -3.855532285266003445e+00 -3.556984902317448682e+00 -8.619935360669922275e+00 -1.089254546023016168e+01 -3.855532285266003445e+00 -1.089254546023016168e+01 -4.459654675086015629e+01
-1.913787229807066836e+01 4.670992834377493352e+00 -1.404216702869559619e+01 4.670992834377493352e+00 -3.303790588136983075e+01 2.266775268894339135e+01 -1.404216702869559619e+01 2.266775268894339135e+01 -7.113683902609926690e+01
-4.169088815413701354e+01 6.870911574161771007e+00 -3.688776052412162443e+00 6.870911574161771007e+00 -3.670076220150275503e+01 -7.672209585950700017e+00 -3.688776052412162443e+00 -7.672209585950700017e+00 -6.477193670996750541e+01
4.915876431915042843e+01 8.686031555754075484e+00 4.591797044807191419e+00 8.686031555754075484e+00 4.155539090516666789e+01 2.423966542467739771e+01 4.591797044807191419e+00 2.423966542467739771e+01 7.224758024925621136e+00
-5.356139684317485461e+01 1.170019728017958371e+01 -2.469227724372869748e+00 1.170019728017958371e+01 -2.537784612052389122e+01 2.010939441675153461e+01 -2.469227724372869748e+00 2.010939441675153461e+01 1.564850931262130374e+01
-1.626386367999392135e+01 3.226719321811358565e+00 -8.263089537874044765e+00 3.226719321811358565e+00 -9.404895356560999176e+00 -6.718816029517572730e+00 -8.263089537874044765e+00 -6.718816029517572730e+00 -3.639035431692983735e+01
-3.436970688677835284e+01 6.743360212586174463e+00 -2.937739599433673465e+00 6.743360212586174463e+00 -2.912712614450973092e+01 4.774937844189231839e+00 -2.937739599433673465e+00 4.774937844189231839e+00 -3.729874763088648137e+01
5.246855433872346453e+01 1.958727463550441916e+00 3.555503379332574099e+00 1.958727463550441916e+00 4.422043116141529850e+01 6.900021974149849413e+00 3.555503379332574099e+00 6.900021974149849413e+00 3.798144230348513872e+01
-2.433925348110634346e+01 3.567864064835183591e+00 -9.613687628130843876e+00 3.567864064835183591e+00 -3.266126280810578919e+01 1.471700530555236419e+01 -9.613687628130843876e+00 1.471700530555236419e+01 -4.747991163254182823e+01
-2.998328726396446342e+01 5.896525135294717224e+00 1.133347318370138268e+01 5.896525135294717224e+00 -1.168378900821412181e+01 -6.913518768710468443e+00 1.133347318370138268e+01 -6.913518768710468443e+00 1.702736576655721734e+01
-3.325263961150920977e+01 7.894608570667266179e+00 -2.033450601097682497e+00 7.894608570667266179e+00 -2.901265944234075178e+01 -3.357832964094090933e+00 -2.033450601097682497e+00 -3.357832964094090933e+00 -2.052287999295546506e+00
1.265998914275847476e+01 1.861308477391384608e+00 1.318077271933094252e+01 1.861308477391384608e+00 1.003985044494243617e+01 1.979785451171107269e+01 1.318077271933094252e+01 1.979785451171107269e+01 -3.241874406914323004e+01
-1.772397224368428281e+00 8.668653693913213942e+00 -4.817771445565464106e+00 8.668653693913213942e+00 -1.055955368478221246e+01 -1.832744869963742085e+00 -4.817771445565464106e+00 -1.832744869963742085e+00 -1.004848256552369534e+01
-1.030290740239631475e+01 -1.639424298688681603e+01 -5.267871962266903907e+00 -1.639424298688681603e+01 -2.384245986687926333e+01 -1.212439254032660063e+00 -5.267871962266903907e+00 -1.212439254032660063e+00 -2.473425974312803177e+01
-3.201802930013417381e+01 -1.359592248425670746e+01 2.323009437830974466e+00 -1.359592248425670746e+01 -1.784361815194776568e+01 2.256948770646077307e+01 2.323009437830974466e+00 2.256948770646077307e+01 2.693336945473707900e+01
-2.142760479851189004e+01 1.929184342255642193e+01 -4.920412579861443980e+00 1.929184342255642193e+01 -3.997593673820531102e+00 1.609783080464437433e+01 -4.920412579861443980e+00 1.609783080464437433e+01 1.249181056779195664e+01
4.436211806317633943e+01 -7.614472552988129195e+00 2.021549163232804869e+00 -7.614472552988129195e+00 5.597124454001198046e+01 -3.172957422993772703e+00 2.021549163232804869e+00 -3.172957422993772703e+00 5.745260607626697436e+01
-4.543012259983898105e+01 9.093209476708874917e+00 -1.508915681045545076e-01 9.093209476708874917e+00 -4.816083232433621220e+01 -1.464286707290233025e+01 -1.508915681045545076e-01 -1.464286707290233025e+01 -4.364920284886915169e+01
-4.962699478493431404e-01 -1.314542658557462218e+01 1.780924200503443089e+01 -1.314542658557462218e+01 -3.536127759164158135e+01 3.784293335552212145e+00 1.780924200503443089e+01 3.784293335552212145e+00 -3.342881946466012555e-01
-1.071403985178210760e+01 1.534901946630663616e+01 -7.860758354661230740e+00 1.534901946630663616e+01 -5.914711374411213285e+01 -6.231432054572987767e+00 -7.860758354661230740e+00 -6.231432054572987767e+00 5.515670552071992638e+00
-2.342423818121802626e+01 -6.942369319555246054e-01 -1.062796213290620706e+01 -6.942369319555246054e-01 -5.997338540716191346e+01 -5.890309892091163957e-02 -1.062796213290620706e+01 -5.890309892091163957e-02 -1.676326727961688690e+01
-4.414626814116684272e+01 -1.619318867825239039e+00 6.197726270321125774e+00 -1.619318867825239039e+00 -3.339006612618312886e+01 -9.080351450971242855e+00 6.197726270321125774e+00 -9.080351450971242855e+00 -2.015960325349369953e+01
3.295741169956064365e+00 -2.897978421311744412e+01 -1.672943368232350636e+01 -2.897978421311744412e+01 -1.009995939370650214e-01 4.564793748964130593e+00 -1.672943368232350636e+01 4.564793748964130593e+00 -2.526354806707006517e+01
