-2.997342004450771924e+00 -1.421410986193804682e+01 2.815204138602564576e+00 -1.421410986193804682e+01 -2.813572209506836330e+01 -9.356361250211744363e+00 2.815204138602564576e+00 -9.356361250211744363e+00 4.586419944661701997e+00
7.226325236425019227e+00 -4.958625429467724999e+00 -1.030891060847415197e+01 -4.958625429467724999e+00 1.870905590816703779e+01 -5.900441790192526348e+00 -1.030891060847415197e+01 -5.900441790192526348e+00 1.839185932743630048e+01
-4.018484678201940596e+01 4.317252336639253230e+00 1.195652055380903533e+01 4.317252336639253230e+00 -5.180187684802217518e+01 5.957874089869815926e+00 1.195652055380903533e+01 5.957874089869815926e+00 -3.507887924427452475e+01
1.885126772153216557e+00 -1.175062378821902509e-01 -7.370250349966475767e+00 -1.175062378821902509e-01 -1.617734977045991940e+01 -4.280189559532201038e+00 -7.370250349966475767e+00 -4.280189559532201038e+00 1.494693998778338795e+01
2.760151749735040028e+01 -7.897075325592934902e+00 -2.673503626113993281e+00 -7.897075325592934902e+00 -1.263990807818210271e+01 1.573952845693792391e+01 -2.673503626113993281e+00 1.573952845693792391e+01 4.259715177072207837e+01
-4.460459206843281343e+00 7.241309097122603511e-01 9.845884307327711582e+00 7.241309097122603511e-01 -6.377298291442621547e+01 2.127773479752809394e+00 9.845884307327711582e+00 2.127773479752809394e+00 -7.033071052807345680e+00
-4.877220514402816320e+01 -2.958460202893298252e+00 -5.941100019308693803e+00 -2.958460202893298252e+00 -2.425513029688945110e+01 -4.035752535720035894e+00 -5.941100019308693803e+00 -4.035752535720035894e+00 -5.253147959808703860e+01
1.917972574290009646e+01 1.770709209542930429e+00 3.126914187878135909e-01 1.770709209542930429e+00 -2.363878552392332466e+00 -1.055491968434673744e+00 3.126914187878135909e-01 -1.055491968434673744e+00 2.140494047571470304e+01
-3.618549743533291974e+01 -1.276757771333781122e+01 -5.644732926131824868e+00 -1.276757771333781122e+01 -9.722930063058877082e+00 2.204131027670573317e+01 -5.644732926131824868e+00 2.204131027670573317e+01 -3.370557645440013772e+01
2.832327221304065645e+01 -5.395268706869620345e+00 1.069614283628291584e+00 -5.395268706869620345e+00 3.091455430928640169e+01 1.522975104738134133e+00 1.069614283628291584e+00 1.522975104738134133e+00 2.875154515494790886e+01
1.877966759775164007e+01 -8.277507086367144495e+00 5.393696831774858147e+00 -8.277507086367144495e+00 6.568375649914862002e+00 5.068041011432237397e+00 5.393696831774858147e+00 5.068041011432237397e+00 4.563529581011818692e+01
-5.477041976502682274e+01 4.154179796159384708e+00 7.854682521192435374e+00 4.154179796159384708e+00 1.666884052686467044e+01 8.440130150536766518e-01 7.854682521192435374e+00 8.440130150536766518e-01 -4.002112309208013130e+01
-3.775416796613122727e+01 -1.449491309939997130e+01 -1.179884341500183709e+01 -1.449491309939997130e+01 -4.580022784695194105e+01 1.376156674501500365e+00 -1.179884341500183709e+01 1.376156674501500365e+00 -2.738634454028193232e+01
-2.312462766996828023e+01 -1.334092434720095177e+01 2.020292145724987520e+01 -1.334092434720095177e+01 -4.424176841512490199e+01 1.002593868356977724e+00 2.020292145724987520e+01 1.002593868356977724e+00 -4.640323440649315678e+00
6.727874406250423434e+00 2.237853674605007726e+00 -8.825228842779251792e+00 2.237853674605007726e+00 -4.850998029147855561e+01 9.282491967984800141e+00 -8.825228842779251792e+00 9.282491967984800141e+00 2.566998673631220385e+01
6.009874455709315555e+00 -3.753092553836489209e+00 -6.604010242280580201e+00 -3.753092553836489209e+00 -1.079052788531196505e+01 1.789854029302965222e+00 -6.604010242280580201e+00 1.789854029302965222e+00 4.175629599923336155e-01
-2.724744339312313812e+01 8.113110015185331036e+00 -1.967460471071550199e+00 8.113110015185331036e+00 -2.711055474547480415e+01 3.330739937015392726e+00 -1.967460471071550199e+00 3.330739937015392726e+00 -1.931965020016724921e+01
1.210558247301759849e+01 -1.982552262566105128e+01 -1.292338162946853330e+01 -1.982552262566105128e+01 -4.454414391624295888e+01 -1.468053979576098067e+00 -1.292338162946853330e+01 -1.468053979576098067e+00 3.138442563427527254e+00
-2.038245553452870951e+01 5.286432606345087493e+00 -6.021049787037724421e+00 5.286432606345087493e+00 -3.001522246285243511e+01 -8.256905233363420749e+00 -6.021049787037724421e+00 -8.256905233363420749e+00 9.487590220079907821e-01
-4.281381424255103241e+01 -2.734809550910588527e-01 2.070364881677426716e+00 -2.734809550910588527e-01 -1.048669838559301404e+01 -8.677083969510579919e+00 2.070364881677426716e+00 -8.677083969510579919e+00 -1.146594471960603201e+01
1.114741867120500451e+01 -1.890683427837863206e+01 -7.496368363380722100e-01 -1.890683427837863206e+01 -2.422910340440899901e+01 -9.138334148298293158e+00 -7.496368363380722100e-01 -9.138334148298293158e+00 1.424401292439428346e+01
3.908240967546830547e+01 6.697209292942145176e+00 1.327732258707290391e+01 6.697209292942145176e+00 -2.006128322273406983e+00 -1.044775384438037946e+01 1.327732258707290391e+01 -1.044775384438037946e+01 5.188916469176442092e+01
-1.128447316775523745e+01 -5.271307209067864541e+00 1.217897474991369933e+01 -5.271307209067864541e+00 -3.109303382581045838e+01 2.457673780045138656e+01 1.217897474991369933e+01 2.457673780045138656e+01 4.730621071125882260e+00
-4.392094848680614838e+00 -5.069522368505913867e+00 4.288506068626836587e+00 -5.069522368505913867e+00 -2.786898328744508291e+01 -9.517367420023346014e+00 4.288506068626836587e+00 -9.517367420023346014e+00 6.964284386128791304e+00
3.199406685370047398e+01 -1.245926773391946973e+01 1.971721623237860754e+01 -1.245926773391946973e+01 -1.156001698143121992e+01 -1.363637213415928251e+01 1.971721623237860754e+01 -1.363637213415928251e+01 6.157221395911662398e+01
3.019235692580202723e+01 -1.617669257309566788e+01 -3.184429263779541941e+00 -1.617669257309566788e+01 1.448526606742707834e+01 -4.085180948668967638e+00 -3.184429263779541941e+00 -4.085180948668967638e+00 3.942741860567973333e+01
7.927368877214871823e+00 8.619843194982783174e+00 -2.065778009332422371e+01 8.619843194982783174e+00 1.416773779932946375e+01 2.462698730161578808e+00 -2.065778009332422371e+01 2.462698730161578808e+00 -1.268878426007683125e+01
3.144170490820413999e+00 6.856510281944853347e+00 -6.149177715067677852e+00 6.856510281944853347e+00 2.899055765997735890e+01 -1.322963348362956637e+01 -6.149177715067677852e+00 -1.322963348362956637e+01 3.190349115465126317e+01
-1.737665639525858197e+01 -1.115473950608993725e+01 1.056176455237170408e+00 -1.115473950608993725e+01 -4.713221557162032838e+01 -2.129511664345699629e+01 1.056176455237170408e+00 -2.129511664345699629e+01 -1.379564549109488070e+01
3.111208839714493379e+01 -4.845064625268743264e+00 -9.074675149099276084e+00 -4.845064625268743264e+00 3.233465729291508239e+01 3.606187751157441390e+00 -9.074675149099276084e+00 3.606187751157441390e+00 2.826021744774052280e+01
-1.515963996800664759e+01 -2.797459733850743646e+00 -9.451377910573231844e+00 -2.797459733850743646e+00 -8.013036347207624033e+01 5.528189342415413599e+00 -9.451377910573231844e+00 5.528189342415413599e+00 -2.778365381965907766e+00
-1.718842395912853860e+01 7.188167990616864067e+00 -1.687619559686844894e+01 7.188167990616864067e+00 4.487880214683285374e+01 2.844213753150235835e+00 -1.687619559686844894e+01 2.844213753150235835e+00 -4.522161701634553310e+01
1.500686703545895107e+01 -1.221714262031292897e+01 7.043953827578711469e+00 -1.221714262031292897e+01 3.548980659761215239e+00 -2.149205132573474231e+01 7.043953827578711469e+00 -2.149205132573474231e+01 -4.216310041810991116e+00
1.287691260584479913e+00 -6.426305637014499084e+00 2.991246963842592255e+00 -6.426305637014499084e+00 -4.164508060247960941e+01 -2.265794138807751157e+00 2.991246963842592255e+00 -2.265794138807751157e+00 -1.119103527615505023e+00
-1.279707968461443635e+01 2.060162901312089012e+00 2.437268958843729294e+00 2.060162901312089012e+00 -2.806742750933447184e+01 2.362594803517652764e+01 2.437268958843729294e+00 2.362594803517652764e+01 2.933289385047719300e+00
-2.482449671862427820e+01 5.254447064532213219e+00 1.374388472975794251e+01 5.254447064532213219e+00 -5.172161978133067350e+01 7.545396451649730718e-01 1.374388472975794251e+01 7.545396451649730718e-01 -2.153776016465404552e+01
-9.095384723797790727e+00 7.705584491372341027e+00 -5.944795996605579447e+00 7.705584491372341027e+00 -5.697839091560959801e+00 8.238953297061060610e+00 -5.944795996605579447e+00 8.238953297061060610e+00 5.944846589199314080e-01
2.543485693629289202e+01 7.442473473387059002e+00 7.634303399345374608e+00 7.442473473387059002e+00 2.342785629654166968e+01 1.848751712195915786e+01 7.634303399345374608e+00 1.848751712195915786e+01 3.749821686789641717e+01
-3.591627216787190946e+01 -9.668875354754330465e-01 -5.126158929640123318e+00 -9.668875354754330465e-01 -4.457055464803612921e+01 -1.328582102671831322e+01 -5.126158929640123318e+00 -1.328582102671831322e+01 -3.435856832878495482e+01
-1.717202818307069023e+01 1.710597302819911514e+00 -3.896465579129908097e+00 1.710597302819911514e+00 -3.799526500434512855e+01 -9.823307988644724986e+00 -3.896465579129908097e+00 -9.823307988644724986e+00 -3.845623474588109758e+01
-1.889324921365847487e+01 -2.704542956116011965e+01 -3.594263236544716911e-01 -2.704542956116011965e+01 -2.467977935227748443e+00 3.882589611593302070e+00 -3.594263236544716911e-01 3.882589611593302070e+00 -3.989476164596296570e+01
2.192332072115305408e+01 3.740121448771260848e+00 6.391935682011474107e+00 3.740121448771260848e+00 3.061694841033641268e+01 -1.797046222877330290e+00 6.391935682011474107e+00 -1.797046222877330290e+00 1.916658651845464334e+01
3.902924938948595468e+01 1.048551847959836358e+01 6.692666433679249849e+00 1.048551847959836358e+01 4.795247244121087249e+01 -4.706865655676128135e+00 6.692666433679249849e+00 -4.706865655676128135e+00 3.825239515864560502e+01
3.281238847517320067e+01 4.171853127853466070e+00 7.349206110639988410e+00 4.171853127853466070e+00 2.456023724691965171e+01 4.613622899294194113e+00 7.349206110639988410e+00 4.613622899294194113e+00 1.764558054378865037e+01
3.039130718212875593e+01 -9.559017076800941926e-01 2.827788934556371814e+00 -9.559017076800941926e-01 2.992376040581153163e+01 -4.437264058119095189e+00 2.827788934556371814e+00 -4.437264058119095189e+00 4.174707944504680057e+01
-9.787929898720580724e+00 -1.998755867817005694e+01 1.344703407312510812e+01 -1.998755867817005694e+01 8.669874999029536511e+00 -1.993336081101403368e+00 1.344703407312510812e+01 -1.993336081101403368e+00 -4.009691329770908652e+01
-1.969805024385758685e+01 1.826173970709260175e+01 -6.521794211343043379e+00 1.826173970709260175e+01 -3.565600466225419751e+01 1.067321004384492866e+01 -6.521794211343043379e+00 1.067321004384492866e+01 -1.791318113067304196e+01
3.879185639356574455e+01 -2.975610772813203075e-01 6.087241499706601111e+00 -2.975610772813203075e-01 -1.434177470009331579e+01 3.595501218522160425e+00 6.087241499706601111e+00 3.595501218522160425e+00 4.568009731843002186e+01
-1.406425961562117166e+01 -2.233054323599945157e+00 1.710220948220332104e+01 -2.233054323599945157e+00 -3.760080490625230709e+01 8.161099451319383746e+00 1.710220948220332104e+01 8.161099451319383746e+00 -8.006520173243936611e+00
1.940984811117107611e+01 4.502679675538551862e+00 9.892820292428176288e+00 4.502679675538551862e+00 9.338226427144748598e+00 -8.716163151745488946e+00 9.892820292428176288e+00 -8.716163151745488946e+00 -6.604589998974670362e-01
-8.935017875899303519e+00 -7.081634146659327556e+00 -1.082480022929571994e+01 -7.081634146659327556e+00 5.720223988250458547e+01 7.265389080741733174e+00 -1.082480022929571994e+01 7.265389080741733174e+00 -4.109261382861001977e+01
-1.206597754242425324e+01 -7.108668416133928858e+00 9.063390316558882276e+00 -7.108668416133928858e+00 -4.234937122028259182e+01 -9.921203846060363318e+00 9.063390316558882276e+00 -9.921203846060363318e+00 6.520173676938175421e-03
1.463640235633837250e+01 5.246519401889814027e+00 8.885437204778156683e+00 5.246519401889814027e+00 -5.111428276684693017e+00 -6.478316420537227671e+00 8.885437204778156683e+00 -6.478316420537227671e+00 2.166692311134463367e+01
2.317635960239372039e+01 1.006742395148024016e+01 -1.570544622312084249e+00 1.006742395148024016e+01 1.049277357684356105e+01 9.811336991130353624e+00 -1.570544622312084249e+00 9.811336991130353624e+00 1.035104004715872605e+01
-1.088837334185887507e+01 -2.521719037575628874e+01 1.476153056205297798e+00 -2.521719037575628874e+01 -1.581880458742287487e+01 -2.968600554044297901e+00 1.476153056205297798e+00 -2.968600554044297901e+00 -6.355570937622939454e+00
-1.359726049920279856e+01 1.442511119589953594e+01 2.118573362538054994e+01 1.442511119589953594e+01 2.104481438613949873e+00 -8.293308524836326967e+00 2.118573362538054994e+01 -8.293308524836326967e+00 1.862328821705055537e+00
4.912939295312660448e+01 -7.926742224808943860e+00 1.010400891702539816e+01 -7.926742224808943860e+00 1.923568471722933637e+01 1.653619410500709874e-01 1.010400891702539816e+01 1.653619410500709874e-01 6.536842454687885606e+01
-8.496565521672025056e+00 6.772078571197599928e+00 -1.620837492132609192e+00 6.772078571197599928e+00 5.231186592713736871e+00 6.023477743508295568e+00 -1.620837492132609192e+00 6.023477743508295568e+00 6.710285626874308740e+00
3.908098943068863296e+00 -1.319547442794156389e+01 -1.269522257974103674e+01 -1.319547442794156389e+01 -2.644606719095875302e+00 -1.352012810340890922e-02 -1.269522257974103674e+01 -1.352012810340890922e-02 -1.205522009089223445e+01
-3.946840896485837469e+00 -3.255561295838336644e+00 2.583727743285511469e+00 -3.255561295838336644e+00 3.538971578381368221e+00 9.499971528317368907e+00 2.583727743285511469e+00 9.499971528317368907e+00 -1.039582413195493160e+01
1.464176175200624286e+01 6.467989992178431180e+00 1.598360804960376313e+01 6.467989992178431180e+00 -1.642503676419462977e+01 -2.606941463122646141e+01 1.598360804960376313e+01 -2.606941463122646141e+01 1.456698641195995947e+01
9.665914791561473152e+00 2.779697301838550239e+00 -5.819256041903281940e+00 2.779697301838550239e+00 1.802372415451321430e+01 1.434835447751483750e+00 -5.819256041903281940e+00 1.434835447751483750e+00 -2.914178324827948252e+00
5.031387726404054206e+01 2.984372136025374100e+00 -7.757235430009552068e+00 2.984372136025374100e+00 -1.413273589993502455e+01 -1.987676034842855710e+00 -7.757235430009552068e+00 -1.987676034842855710e+00 6.608357466245746537e+01
-2.788836650950751661e+01 -1.282665780719708604e+00 1.425287144658984761e+00 -1.282665780719708604e+00 -5.062251045862014109e+01 5.873131001876593871e+00 1.425287144658984761e+00 5.873131001876593871e+00 -2.902699912478885835e+01
-4.270372988182616325e+01 -4.700262518818899338e+00 -5.016696739247616943e-01 -4.700262518818899338e+00 5.700904153845955058e+00 -2.282542312736543177e+00 -5.016696739247616943e-01 -2.282542312736543177e+00 -7.107006031172502958e+01
-2.279669842122715906e+01 5.355084375133534635e+00 4.329481612291716353e+00 5.355084375133534635e+00 -2.351294726513240718e+01 -4.335425676888409185e+00 4.329481612291716353e+00 -4.335425676888409185e+00 -1.083223722775767150e+01
3.242976662424793322e+00 -7.426521552959545858e+00 -5.300667403894745888e+00 -7.426521552959545858e+00 -6.519066265491215972e+01 2.426457716446265012e-01 -5.300667403894745888e+00 2.426457716446265012e-01 2.524321694462727805e+01
2.856251225518221748e+00 1.861509860725533816e+00 -6.274105990105515396e+00 1.861509860725533816e+00 -3.218415821457050185e+01 1.565537903061047409e+01 -6.274105990105515396e+00 1.565537903061047409e+01 1.787899188171413556e+01
-1.648296638131009928e+01 6.106012152129933757e-01 8.283957471297471287e+00 6.106012152129933757e-01 3.245882315791886352e+00 4.690428642212851607e+00 8.283957471297471287e+00 4.690428642212851607e+00 -5.368983000900112934e+00
-1.751592503801270340e+01 7.317685339462029148e+00 -8.227087553230257200e+00 7.317685339462029148e+00 -5.722058330753086608e+01 8.089361901229327856e+00 -8.227087553230257200e+00 8.089361901229327856e+00 -5.587094295629802865e+00
-2.873071817721603338e+01 1.324890669503104057e+01 7.015289261048917702e+00 1.324890669503104057e+01 -3.636715398240730934e+01 1.107652927053712233e+01 7.015289261048917702e+00 1.107652927053712233e+01 -3.729527428236132636e+01
4.146244547650096735e+01 -2.079075054388701105e+00 -3.292727297160774678e-04 -2.079075054388701105e+00 2.279664641405921799e+01 -1.676690338972400829e+00 -3.292727297160774678e-04 -1.676690338972400829e+00 3.361446515852519923e+01
-3.673357372931345566e+01 -3.504622720623570054e+00 -7.525720483874250855e-01 -3.504622720623570054e+00 1.931563674830665889e+01 -3.230152245911350750e+00 -7.525720483874250855e-01 -3.230152245911350750e+00 -1.553484833948303567e+01
4.499981495131497411e+01 -7.100258547938770315e-01 -1.592310750623206417e+01 -7.100258547938770315e-01 -2.137430862908280993e+00 1.084098057565535811e+01 -1.592310750623206417e+01 1.084098057565535811e+01 6.477742526863282535e+01
2.858360608219280863e+01 2.103404939572669718e+00 1.928806468002493557e-01 2.103404939572669718e+00 2.576413022850571721e+01 8.220947551149176746e+00 1.928806468002493557e-01 8.220947551149176746e+00 1.510083468108186722e+01
-5.424572122162316212e+00 -1.016790627466347452e+01 -9.539081840183277095e+00 -1.016790627466347452e+01 5.831795586852199509e-02 4.817186617411120864e+00 -9.539081840183277095e+00 4.817186617411120864e+00 -9.008373916759586209e+00
3.094292847637995170e+00 -1.522713326753318697e+01 -1.363744193624120093e+01 -1.522713326753318697e+01 1.890931153149111088e+00 7.226733251441991079e+00 -1.363744193624120093e+01 7.226733251441991079e+00 2.566115668345026801e+00
-1.692195614956650118e+01 -1.474109477520781297e+01 -3.989096285474067471e+00 -1.474109477520781297e+01 -5.805281932947941925e+01 -3.009031161272345933e+00 -3.989096285474067471e+00 -3.009031161272345933e+00 5.333579546821208162e+00
-2.240941894502974563e+01 1.044167052037315413e+00 3.044357993207206903e+00 1.044167052037315413e+00 -2.130775766226259904e+01 -1.321468799114042803e+01 3.044357993207206903e+00 -1.321468799114042803e+01 -7.207218791452707940e+00
-3.319535729971446081e+00 2.391809068453434861e+01 -5.231380340025664211e+00 2.391809068453434861e+01 -2.926397871941500384e+01 1.835349317652233692e-01 -5.231380340025664211e+00 1.835349317652233692e-01 -3.168389754873937747e+01
-4.882438504802809831e+01 8.247240635841340817e-03 -1.682375771937389075e+01 8.247240635841340817e-03 -7.741200374447737786e+00 1.057156751578454346e+00 -1.682375771937389075e+01 1.057156751578454346e+00 -9.164952337594584719e+01
4.737085036812555927e+01 -3.924968647939891309e+00 6.201035882037547076e+00 -3.924968647939891309e+00 1.073198365407786348e+01 6.896262768438844726e-02 6.201035882037547076e+00 6.896262768438844726e-02 5.639785821267049926e+01
-2.948191046614680744e+01 -6.418577983404662568e+00 1.850964648586931816e+01 -6.418577983404662568e+00 1.885742617970231549e+01 -5.427697660578624017e+00 1.850964648586931816e+01 -5.427697660578624017e+00 -5.629868695262753420e+01
-2.534812408377496951e+01 -1.246492210872977680e+01 8.882059116365585538e+00 -1.246492210872977680e+01 1.559032573218764028e+01 -1.899943099853272033e+00 8.882059116365585538e+00 -1.899943099853272033e+00 -5.245939240335962239e+01
-6.840523656844592182e+00 -1.121499481738146109e+01 -1.953021223677783880e+01 -1.121499481738146109e+01 -7.383397384973588373e+01 9.712055288905766304e+00 -1.953021223677783880e+01 9.712055288905766304e+00 1.405261407222469217e+01
-4.143237150437923511e+00 -6.755881575480262136e+00 6.409454595425318146e+00 -6.755881575480262136e+00 -1.152287010108835474e+01 -6.244692601846518087e+00 6.409454595425318146e+00 -6.244692601846518087e+00 9.930283328947396626e+00
-4.071544854839087435e+01 -8.641875618317293117e+00 1.651594120951572009e+01 -8.641875618317293117e+00 -2.016284309134349684e+01 1.063733545954480775e+01 1.651594120951572009e+01 1.063733545954480775e+01 -3.989522350118256355e+01
-2.311379284649544985e+01 -1.787298627061201906e+00 -4.997178441707039176e-01 -1.787298627061201906e+00 3.484294098802959816e+00 2.574613487214929997e+00 -4.997178441707039176e-01 2.574613487214929997e+00 -2.282323909087969938e+01
-3.189315359448004372e+01 8.750488903100254845e+00 -1.385120928651238614e+01 8.750488903100254845e+00 2.469900574489894751e+00 -7.971665476729578259e+00 -1.385120928651238614e+01 -7.971665476729578259e+00 -6.121769565498277643e+01
2.280992684406051296e+01 -1.577619513538450313e+01 2.309574658484064713e+01 -1.577619513538450313e+01 -4.257961887906477472e+01 -4.867308765350989219e+00 2.309574658484064713e+01 -4.867308765350989219e+00 3.378043441758530463e+01
3.345237586768855209e+01 -1.576171058513694412e+01 1.331567448303971268e+01 -1.576171058513694412e+01 4.436662899092522316e+00 4.905823228641110312e+00 1.331567448303971268e+01 4.905823228641110312e+00 3.528280461328328244e+01
-2.342917380354922230e+01 -1.019350475248578292e+01 -7.858104290060410335e+00 -1.019350475248578292e+01 -1.549732489680238956e+01 -7.698676209644095714e+00 -7.858104290060410335e+00 -7.698676209644095714e+00 -3.699860268822335740e+01
-2.114463874514491692e+01 3.588811556313168172e+00 7.748514184280340444e+00 3.588811556313168172e+00 -3.675233217479692627e+01 2.341187046603207644e+00 7.748514184280340444e+00 2.341187046603207644e+00 -1.954945723672494395e+01
-6.882469816966990450e+00 3.665975819687451676e+00 3.835565859973063318e+00 3.665975819687451676e+00 3.878081264484853818e+01 -1.476974134429006646e+01 3.835565859973063318e+00 -1.476974134429006646e+01 -4.596217081980402952e+01
-6.748342649565866047e+00 8.435679286571510005e+00 4.376506155484057636e+00 8.435679286571510005e+00 -1.394903905481092821e+01 -9.478867006628076908e+00 4.376506155484057636e+00 -9.478867006628076908e+00 -8.217284427344216269e+00
-1.915166158674200503e+01 1.781609080139708112e+01 1.150558823858477986e+01 1.781609080139708112e+01 3.889268889118005035e+01 9.022175485000972772e-01 1.150558823858477986e+01 9.022175485000972772e-01 -3.733384868287929947e+01
3.569001590102518406e+01 -3.462641716200506536e+00 9.048598222011456471e+00 -3.462641716200506536e+00 2.292519772473577522e+00 3.081930504758454870e+00 9.048598222011456471e+00 3.081930504758454870e+00 2.840490324384791165e+01
-3.297509170368333287e+01 -1.079495995602788305e+01 6.205665556526500204e+00 -1.079495995602788305e+01 -3.565048828512384205e+01 -1.733126882534729019e+00 6.205665556526500204e+00 -1.733126882534729019e+00 -1.581003987812112577e+01
3.417924171101022779e+01 -5.298000581249218577e+00 1.363375197204919154e+01 -5.298000581249218577e+00 1.811776487091666610e+01 -1.685340478107014661e+01 1.363375197204919154e+01 -1.685340478107014661e+01 7.458274151025526066e+01
-1.179790219806130480e+01 -8.585266478315020322e+00 -2.841918095974235570e+01 -8.585266478315020322e+00 -1.508298041972444459e+01 1.240597212020055240e+00 -2.841918095974235570e+01 1.240597212020055240e+00 -8.461555726492855811e+00
