2.748159892143831229e+01 3.213706003029364044e+00 5.490638816285279944e+00 3.213706003029364044e+00 2.794398754248771510e+01 -4.685004097569785309e+00 5.490638816285279944e+00 -4.685004097569785309e+00 2.537811159144099094e+01
-2.964708130373975958e+00 4.942077348898906486e+00 5.026172642873250496e+00 4.942077348898906486e+00 -2.911865399483765415e+01 8.184862695579283587e-01 5.026172642873250496e+00 8.184862695579283587e-01 2.298025164541017418e+01
-1.675953032663832687e+01 -1.821547416471696934e+00 3.497241340609052312e-02 -1.821547416471696934e+00 -2.284801616072324038e+01 2.291221427887556228e+00 3.497241340609052312e-02 2.291221427887556228e+00 -5.140090725831499618e+00
2.284837400924281781e+01 7.394929399625429056e+00 1.179175205414878214e+01 7.394929399625429056e+00 2.365291424302891699e+01 1.307073333268133908e+01 1.179175205414878214e+01 1.307073333268133908e+01 1.341701055456850256e+01
-8.517612183810138404e+00 5.852437448087446370e+00 6.097414203293817003e+00 5.852437448087446370e+00 -3.954517979246702453e+00 -5.433993201406905449e+00 6.097414203293817003e+00 -5.433993201406905449e+00 -8.871750856679438968e+00
4.654143731086588076e+01 2.687486684519360125e+00 6.654314157803653984e+00 2.687486684519360125e+00 3.555080041010268843e+01 -9.998130605203527921e+00 6.654314157803653984e+00 -9.998130605203527921e+00 5.773468383159322315e+01
-1.843438087621334631e+01 9.594806559704197824e+00 2.572915867223554809e+00 9.594806559704197824e+00 -2.661167684121101829e+01 -1.891879971423044537e+00 2.572915867223554809e+00 -1.891879971423044537e+00 -1.594906788881201365e+01
6.608410515825238463e+01 -6.500875023657447516e-01 1.056201941404833988e+01 -6.500875023657447516e-01 3.500091092439907214e+01 -1.122606088470405217e+00 1.056201941404833988e+01 -1.122606088470405217e+00 4.995010086152696971e+01
-1.489990948406883930e+01 -5.636780402724673067e+00 9.924799592369133450e+00 -5.636780402724673067e+00 -2.062315868098617955e+01 2.751689082512587703e+00 9.924799592369133450e+00 2.751689082512587703e+00 -9.440726321215590744e+00
-7.616851031927649451e+00 -2.069769592173627437e+00 2.184297243107063480e+01 -2.069769592173627437e+00 -2.641567497200834680e+01 -7.128688888659111988e+00 2.184297243107063480e+01 -7.128688888659111988e+00 3.070306362313360626e+00
-1.993093353255922651e+01 -6.316503006280218546e-01 3.555408125813324105e+00 -6.316503006280218546e-01 -3.227891737143552575e+01 -1.836785061513657613e+00 3.555408125813324105e+00 -1.836785061513657613e+00 -2.718072887478151500e+01
3.352209944280250653e+01 -6.086172410031011282e+00 1.158146973185409401e+01 -6.086172410031011282e+00 2.666352051204357210e+01 7.969736704875141520e+00 1.158146973185409401e+01 7.969736704875141520e+00 3.510079257839373668e+01
2.382173195667423826e+01 2.909575728578704723e+00 5.070302628283000601e+00 2.909575728578704723e+00 1.862742572701045418e+01 -6.213857194043296062e+00 5.070302628283000601e+00 -6.213857194043296062e+00 3.827618639122705702e+01
-1.227731819989189610e+01 2.855273154555848514e+00 2.016203473411310121e+00 2.855273154555848514e+00 -1.744672291488515015e+01 -3.115455380714490907e+00 2.016203473411310121e+00 -3.115455380714490907e+00 -1.717281884802207115e+00
-1.162011901706642902e+01 1.404865899240648375e+01 1.037885313252253416e+00 1.404865899240648375e+01 -1.832401396276311090e+01 7.881768551403853795e-01 1.037885313252253416e+00 7.881768551403853795e-01 -4.204521238819689977e+00
-1.911559534751447487e+01 5.367786930765709563e+00 4.822972867577931311e+00 5.367786930765709563e+00 -3.689266315187112610e+01 -9.745514292500673248e-01 4.822972867577931311e+00 -9.745514292500673248e-01 -2.998251590071691197e+01
1.897278016828316538e+01 -1.397444400753981242e+01 7.069951059904452606e+00 -1.397444400753981242e+01 7.871668464755781081e+00 2.434874263524005489e+00 7.069951059904452606e+00 2.434874263524005489e+00 1.991354854545568642e+01
3.056431830969306418e+01 5.142621089934258372e+00 9.483262447130197614e+00 5.142621089934258372e+00 1.885819275530116812e+01 -9.447055256935888323e+00 9.483262447130197614e+00 -9.447055256935888323e+00 3.854755548148716571e+01
4.438259337768812429e+00 -1.067227291178102533e+01 4.425780008319001091e+00 -1.067227291178102533e+01 -2.870671205142139915e+00 2.003293993627460967e+00 4.425780008319001091e+00 2.003293993627460967e+00 8.490318881706480525e+00
3.444388083526787270e+00 -6.228260475010015007e+00 1.091550284259460435e+00 -6.228260475010015007e+00 -1.171548342211201899e+01 -3.755451561273557726e+00 1.091550284259460435e+00 -3.755451561273557726e+00 2.833660151477904510e+00
2.052796513730255512e+01 1.856171380397761084e+01 4.802130832505791425e+00 1.856171380397761084e+01 5.382443157411483270e+00 9.263156052482650615e-01 4.802130832505791425e+00 9.263156052482650615e-01 1.703336734983708922e+01
3.933916514331099989e+01 1.242892388333583176e+00 1.370000137073697388e+01 1.242892388333583176e+00 4.741582277411749757e+00 -7.971947745207693892e+00 1.370000137073697388e+01 -7.971947745207693892e+00 4.778280572100674561e+01
-2.118328458978872320e+01 1.735647396207741666e+00 -1.190563306399073262e+00 1.735647396207741666e+00 -1.774986858381273791e+01 3.462854686980641805e+00 -1.190563306399073262e+00 3.462854686980641805e+00 -3.885717043439847362e+00
-6.464560144523952445e+00 2.452521766967021843e+00 1.066399318230928195e+01 2.452521766967021843e+00 -2.149122559579754821e+01 -1.273936418705710594e+01 1.066399318230928195e+01 -1.273936418705710594e+01 -1.760579120275900067e+01
2.933939341383479515e+01 1.917864009157907779e+00 1.813976156430329567e+01 1.917864009157907779e+00 1.005553622449156315e+01 -7.880028862840948278e+00 1.813976156430329567e+01 -7.880028862840948278e+00 3.314884202333023921e+01
-6.544769025054944400e+00 1.032584089895066004e+00 -7.738088142900482858e+00 1.032584089895066004e+00 -2.393898569918587427e+01 -8.375301181272779005e-02 -7.738088142900482858e+00 -8.375301181272779005e-02 -1.143063686027882220e+01
1.079235601638350595e+01 2.290689092577295582e+00 3.750070922042241683e+00 2.290689092577295582e+00 1.472417285493205696e+01 1.013356362938969646e+01 3.750070922042241683e+00 1.013356362938969646e+01 1.251174072762045952e+01
7.461291380347923941e+00 -8.312153139530012780e+00 1.230845414433801466e+00 -8.312153139530012780e+00 -8.174860866519962244e+00 -4.735825075032820131e+00 1.230845414433801466e+00 -4.735825075032820131e+00 1.238937975414866699e+01
-3.551962987710931685e+01 7.311941807769928303e+00 6.966862751191606584e+00 7.311941807769928303e+00 -3.513858067777751160e+01 -2.328049035167239822e+00 6.966862751191606584e+00 -2.328049035167239822e+00 -2.917309822726039314e+01
5.203279752125338220e+00 -3.871806946082254175e+00 2.783142763135357356e+00 -3.871806946082254175e+00 -7.286161321970467952e+00 3.908937040950069441e+00 2.783142763135357356e+00 3.908937040950069441e+00 -1.592320370803507190e+00
-6.773678025729426899e+00 -4.168660766412966900e+00 1.274222513155760517e+01 -4.168660766412966900e+00 -1.022511964594988854e+01 -3.231312056083187834e+00 1.274222513155760517e+01 -3.231312056083187834e+00 -5.923752366171243899e+00
3.446911361740720992e+01 -1.263205784074272664e+01 1.286225855265519691e+01 -1.263205784074272664e+01 2.688260844785770587e+01 3.616723596165056342e+00 1.286225855265519691e+01 3.616723596165056342e+00 1.427962397068769462e+01
1.888508771578216638e+01 1.400549766064594470e+00 -2.884911241510701885e+00 1.400549766064594470e+00 7.117779903078417014e+00 2.150704434683612831e+00 -2.884911241510701885e+00 2.150704434683612831e+00 1.514863896997518466e+01
7.496966433142550734e+00 -1.104091920250105829e+01 5.681462536761443527e-01 -1.104091920250105829e+01 -2.551922977175725293e+01 -5.109642765345249416e+00 5.681462536761443527e-01 -5.109642765345249416e+00 2.211626661326186571e+00
-1.472087838933028259e+01 -2.050783465594754329e-01 2.180340737230157533e+00 -2.050783465594754329e-01 -1.546367629338374883e+01 -2.286238722737188755e+00 2.180340737230157533e+00 -2.286238722737188755e+00 -3.742408023720972032e+00
-3.364213532022144904e+00 5.775005588073655716e+00 9.400347021754468457e+00 5.775005588073655716e+00 -1.993862702453480296e+01 -1.631491603125212464e+00 9.400347021754468457e+00 -1.631491603125212464e+00 -1.533489978405056320e+01
1.116035316660030574e+01 8.853807818078731628e+00 1.385454746125639325e+01 8.853807818078731628e+00 1.492333290921244959e+01 1.983787937502420462e+01 1.385454746125639325e+01 1.983787937502420462e+01 6.533138616396504617e+00
-7.616469092417363917e+00 -1.095760692244583900e+01 2.102373863390875730e+00 -1.095760692244583900e+01 -1.448968410173948307e+01 5.951632941227549267e+00 2.102373863390875730e+00 5.951632941227549267e+00 1.396763377755589097e+01
2.751691859988860500e+01 -2.606371174117609255e-02 1.567573058182434842e+01 -2.606371174117609255e-02 9.535165683948475746e+00 -1.293082070050418686e+01 1.567573058182434842e+01 -1.293082070050418686e+01 4.586827190148448352e+01
-1.045891670971317566e+01 -7.584488950416293784e-01 6.565388822174355710e+00 -7.584488950416293784e-01 -3.140655736889528526e+01 7.416203001592356792e+00 6.565388822174355710e+00 7.416203001592356792e+00 -2.987915309146716769e+00
6.121984840845501985e+00 1.730356897945291461e+00 7.006435258548068923e+00 1.730356897945291461e+00 -2.016923623650069608e+00 9.539321558977040816e-01 7.006435258548068923e+00 9.539321558977040816e-01 6.803165353486583022e+00
-1.123676626492244957e+01 6.008113173317393141e+00 -5.326322524141482440e+00 6.008113173317393141e+00 -9.528620935717890816e+00 -4.297957594104733658e+00 -5.326322524141482440e+00 -4.297957594104733658e+00 -9.727341328482939531e+00
-1.084671838236314478e+01 7.282541442809882248e+00 1.588899719558658497e+00 7.282541442809882248e+00 -1.907586818140149987e+01 2.216653624048036786e+00 1.588899719558658497e+00 2.216653624048036786e+00 -1.864091517002663512e+00
-1.978399939453698053e+01 1.715428809556507561e+00 1.368487626361043219e+01 1.715428809556507561e+00 -1.586189684680020129e+01 -1.575071029397075106e+00 1.368487626361043219e+01 -1.575071029397075106e+00 -1.647614285787041410e+01
6.149466006456456313e+01 -5.845957920562073085e+00 6.629969125857943624e+00 -5.845957920562073085e+00 5.362268833300012005e+01 2.104742798571090479e+00 6.629969125857943624e+00 2.104742798571090479e+00 4.179559038958481665e+01
-1.090406803566060567e+01 -6.911095821956733332e+00 3.140199405223700335e+00 -6.911095821956733332e+00 -2.344101120953911987e+01 7.458262208005684180e+00 3.140199405223700335e+00 7.458262208005684180e+00 1.843864990651716829e+00
9.984496846383253299e+00 4.129423237048444363e-03 -3.605022084419473583e+00 4.129423237048444363e-03 9.550295112702844591e+00 2.747376476560693170e+00 -3.605022084419473583e+00 2.747376476560693170e+00 2.090342521374867868e+00
5.896342697380752007e+00 -9.314502382730410091e+00 6.951098862389961219e+00 -9.314502382730410091e+00 -1.841731020966938104e+01 -3.151790254057717178e+00 6.951098862389961219e+00 -3.151790254057717178e+00 -3.940452830216437441e+00
-6.651198766982041377e+00 3.838069532477373258e+00 1.045524382300797228e+01 3.838069532477373258e+00 -3.475854367200714989e+01 7.802145455830025611e+00 1.045524382300797228e+01 7.802145455830025611e+00 -1.196451168439150159e+01
1.408417256950878205e+01 -2.058294179708063165e+00 2.345891874692100476e+00 -2.058294179708063165e+00 6.202731903021091675e+00 1.237755789521351124e+00 2.345891874692100476e+00 1.237755789521351124e+00 2.963850881811508131e+00
