8.705200168281070461e+00 3.085001331865017349e+00 3.325960641101468696e+01 3.085001331865017349e+00 -4.225181369577468260e+00 -1.826383191597562927e+01 3.325960641101468696e+01 -1.826383191597562927e+01 -7.155985475020282927e+00
-1.487361267637218987e+01 -3.177698548172997572e+00 1.899619504396558511e+01 -3.177698548172997572e+00 -3.602016016939748511e+01 -8.530427363013508568e+00 1.899619504396558511e+01 -8.530427363013508568e+00 -1.273678179144039291e+01
6.462820463623826583e+01 7.183168136689822347e+00 4.267027893226995872e+01 7.183168136689822347e+00 1.525946026759902807e+01 5.011496811395242723e+00 4.267027893226995872e+01 5.011496811395242723e+00 4.283833928852028805e+01
-1.379187775285067552e+01 5.385204265074030161e+00 1.481471859087226406e+01 5.385204265074030161e+00 -3.004680765415446331e+01 -1.129894438566540771e+01 1.481471859087226406e+01 -1.129894438566540771e+01 -7.370919613608483800e+00
5.585327614572848631e+01 1.870725946628366332e+00 5.876729335643378249e+01 1.870725946628366332e+00 2.724840798281493193e+01 1.016917483168941594e+01 5.876729335643378249e+01 1.016917483168941594e+01 6.083692049110480582e+01
1.279426879713562615e+00 5.567176518726712153e+00 2.037342978993317999e+01 5.567176518726712153e+00 -5.622759832641470013e+01 -2.569479784782361609e+00 2.037342978993317999e+01 -2.569479784782361609e+00 1.081242602347886717e+00
-2.915210657349646084e+01 -1.209404009070638608e+00 1.944355127955408991e+00 -1.209404009070638608e+00 -4.622207578413434703e+01 1.177530903578360322e+00 1.944355127955408991e+00 1.177530903578360322e+00 -1.970947456108158136e+01
-3.315621036955921141e+01 -2.345143134572204602e+01 1.120527919108882564e+01 -2.345143134572204602e+01 -4.379640632808018097e+01 9.660209865587203737e+00 1.120527919108882564e+01 9.660209865587203737e+00 -5.289740671680900164e+01
3.214240820505369811e+01 2.425881958101225067e+01 5.438618561509209570e+01 2.425881958101225067e+01 5.221154125696041426e+00 3.391595577635331260e+00 5.438618561509209570e+01 3.391595577635331260e+00 -1.136280864662017720e+00
-5.630345831134278001e+00 1.025024073866253538e+01 8.814298701324943863e+00 1.025024073866253538e+01 4.568564993624326220e+00 1.000246461449626700e+01 8.814298701324943863e+00 1.000246461449626700e+01 -8.001502687307535666e+00
-1.227649756531826242e+01 1.340323636525050510e+01 7.751415701372084577e+00 1.340323636525050510e+01 -4.327493167683392272e+01 4.373638161851855166e+00 7.751415701372084577e+00 4.373638161851855166e+00 -3.838297345303616659e+00
2.640994920971203896e+01 2.151007467361507963e+01 7.291726015551069473e+00 2.151007467361507963e+01 2.549439924374099942e+00 -9.663055163364601796e+00 7.291726015551069473e+00 -9.663055163364601796e+00 1.344931587915423066e+01
-2.374630429336762383e+00 -2.233328581864764217e+01 -2.544954079486176024e+00 -2.233328581864764217e+01 -2.799601132496136735e+00 1.861762457496138268e+01 -2.544954079486176024e+00 1.861762457496138268e+01 1.470916267515829645e+01
1.491438259674110967e+01 2.167424647502592805e+01 2.011486898636511356e+01 2.167424647502592805e+01 -1.370644733743724331e+01 -1.526701947379204150e+01 2.011486898636511356e+01 -1.526701947379204150e+01 -2.677912251210874572e+01
-6.247282503957015898e+00 -3.425149064695956369e+00 3.572276809629314265e+00 -3.425149064695956369e+00 -2.621676088702252372e+01 5.469324258276628825e+00 3.572276809629314265e+00 5.469324258276628825e+00 -3.494639763727239057e+00
4.914271759859627764e+01 -1.321193431586049627e+01 1.314902753055826956e+01 -1.321193431586049627e+01 -2.602763172990984586e+01 -8.162780555895285062e+00 1.314902753055826956e+01 -8.162780555895285062e+00 -2.338372194730843900e-01
-5.293266316527478921e+00 -1.067965149528225943e+01 7.131749648024773514e+00 -1.067965149528225943e+01 -1.238792495849113173e+01 1.223129191550578909e+01 7.131749648024773514e+00 1.223129191550578909e+01 2.861508067253419441e+00
-2.252580469113939543e+01 3.513648628663502915e+00 7.230298795197217521e-01 3.513648628663502915e+00 -3.725590275367049742e+01 -5.408739293144409821e+00 7.230298795197217521e-01 -5.408739293144409821e+00 -3.970298160580417601e+01
1.735370265076189611e+01 6.922467694079151634e+00 1.731001626670298421e+01 6.922467694079151634e+00 1.197554538215272046e+01 6.799275992248069223e+00 1.731001626670298421e+01 6.799275992248069223e+00 2.295954638869481101e+01
-1.935519125117699701e+01 -1.646029956916904524e+01 3.474238178740565530e+01 -1.646029956916904524e+01 -4.875218269370447999e+00 -4.115648674084756209e+00 3.474238178740565530e+01 -4.115648674084756209e+00 7.423537915512753216e+00
4.634407057927970897e+01 2.253014577128166351e+01 2.377422272539294212e+01 2.253014577128166351e+01 2.242061974473154606e+01 2.586938919826585970e+00 2.377422272539294212e+01 2.586938919826585970e+00 4.016704659546190470e+01
1.843212904572747446e+00 -6.898942481308798946e+00 7.679382438953964218e+00 -6.898942481308798946e+00 -3.016763553508327078e+01 1.637613694318585278e+00 7.679382438953964218e+00 1.637613694318585278e+00 4.535985314843040683e+00
5.109621387243266355e+01 1.131945537475619190e+01 1.933945227414510271e+01 1.131945537475619190e+01 1.512384679565598233e+01 -1.169774058993920729e+00 1.933945227414510271e+01 -1.169774058993920729e+00 4.558687540893846801e+01
-3.109656143957143470e+01 7.208510187023193794e+00 5.209966797105640701e+00 7.208510187023193794e+00 -4.667366489908974359e+01 1.152081142464091457e+01 5.209966797105640701e+00 1.152081142464091457e+01 -2.149310414308696338e+01
1.004951111805864983e+01 -3.590000761533613804e+00 -3.091305383165062759e-01 -3.590000761533613804e+00 -5.557393058569780209e+01 4.141404448904904001e+00 -3.091305383165062759e-01 4.141404448904904001e+00 -1.613338428897390098e-01
-1.023176025151100843e+00 -8.470594804689435264e+00 1.012954465904572565e+01 -8.470594804689435264e+00 -6.057238000792665389e+01 6.946031771945542665e+00 1.012954465904572565e+01 6.946031771945542665e+00 -2.999021621834794260e+01
3.014709061421546465e+01 -2.905789543577857259e+01 1.871845092145699851e+01 -2.905789543577857259e+01 -2.124882207521682886e+01 -6.787538846468776477e+00 1.871845092145699851e+01 -6.787538846468776477e+00 1.125022054802610327e+01
-1.148710970973725765e+00 9.075600340707067559e+00 8.755497262063105524e+00 9.075600340707067559e+00 -2.285804966921003611e+01 -6.086473926224349462e+00 8.755497262063105524e+00 -6.086473926224349462e+00 8.813212692759874400e+00
-2.921424696793272702e+01 -1.396031079764882721e+00 1.018470472193521736e+01 -1.396031079764882721e+00 -6.317679000743535767e+01 -5.754029036699228605e+00 1.018470472193521736e+01 -5.754029036699228605e+00 -3.464563730326975133e+01
-9.108528672587627995e+00 -3.656429378915163397e+00 4.849545224146925904e+01 -3.656429378915163397e+00 -3.342184633853570830e+01 2.568712574557769468e+00 4.849545224146925904e+01 2.568712574557769468e+00 -1.679626245745913948e+01
-2.262215365585010574e+01 3.027750907229454924e+01 1.416401535644784992e+01 3.027750907229454924e+01 -7.539242745672927981e+01 6.837069676127778273e+00 1.416401535644784992e+01 6.837069676127778273e+00 -6.795770000619995699e+01
1.225909084584026365e+00 4.706940786298189572e+00 6.338363622913161244e+00 4.706940786298189572e+00 9.539334031744008513e+00 -8.309610027012299227e+00 6.338363622913161244e+00 -8.309610027012299227e+00 3.832040413147397295e+00
2.668283162819481547e+01 -4.048618563337873510e+00 4.453863677868578286e+00 -4.048618563337873510e+00 -2.733892035324638314e+01 -1.314254365868103847e+00 4.453863677868578286e+00 -1.314254365868103847e+00 -3.694377419769339976e+00
9.936864998299197449e-01 1.726328730462365257e+01 1.433551816444944826e+01 1.726328730462365257e+01 -4.878919479325737996e+01 -1.558073546506992990e+01 1.433551816444944826e+01 -1.558073546506992990e+01 -3.488163029653890845e+01
-6.467729450096017629e+00 5.186541137832540116e+00 3.484963716865105976e+00 5.186541137832540116e+00 -1.164081023420512828e+01 1.086434095758757223e+01 3.484963716865105976e+00 1.086434095758757223e+01 -7.916987896474597663e-02
2.895629989732038112e+01 -5.866095573197192437e+00 1.261439642069152001e+01 -5.866095573197192437e+00 -8.009828446220936371e+00 -1.816743281518235165e+01 1.261439642069152001e+01 -1.816743281518235165e+01 1.350601823125761491e+01
-1.313246558196337510e+01 9.171220451814503960e+00 2.574429965610841364e+01 9.171220451814503960e+00 -3.180592975552125523e+01 -2.084644397188711906e+01 2.574429965610841364e+01 -2.084644397188711906e+01 -3.546429736301855229e+01
-2.433870764702387035e+01 4.068949845598576864e+00 8.975079090760043954e+00 4.068949845598576864e+00 -5.716510022461692131e+01 1.002296998199753730e+01 8.975079090760043954e+00 1.002296998199753730e+01 -5.330879698409567879e+01
2.099865904722291887e+01 -1.007335477503864851e+01 3.417346705961871578e+01 -1.007335477503864851e+01 -1.947406280620263885e+01 -2.660689856038133527e+01 3.417346705961871578e+01 -2.660689856038133527e+01 -3.084936931855370901e+01
4.035644594372532978e+00 -1.162815494080856737e+01 4.259105332763974872e+01 -1.162815494080856737e+01 -1.311005105441432939e+01 1.760681660474796351e+00 4.259105332763974872e+01 1.760681660474796351e+00 6.187293510966941135e+00
-1.760039738972865919e+01 -6.077411648943954248e+00 1.777386584716818874e+01 -6.077411648943954248e+00 -3.148477693013904144e+01 6.231073616423114636e+00 1.777386584716818874e+01 6.231073616423114636e+00 6.348935014919241837e+00
-5.404589875569297597e+00 1.882631917992870996e+01 -9.447901592466141807e+00 1.882631917992870996e+01 -2.068008409101321377e+01 -1.431007338244350890e+01 -9.447901592466141807e+00 -1.431007338244350890e+01 -3.315157806219767878e+01
-1.786836369928330726e+01 1.807054937341141532e+00 5.520645143170963109e+00 1.807054937341141532e+00 -3.468975606272215373e+01 -1.107394808111161977e+00 5.520645143170963109e+00 -1.107394808111161977e+00 -2.173607015907532247e+00
-4.467206730042456719e+00 1.639903966874936003e+01 -6.812775540729108847e+00 1.639903966874936003e+01 -1.212306566541388619e+01 -8.824271889240337785e+00 -6.812775540729108847e+00 -8.824271889240337785e+00 -4.307933845887573554e+00
3.128816569598654240e+01 4.854271307401452518e+00 -2.539976413607634154e+00 4.854271307401452518e+00 4.281125132405336586e+01 1.334121455630280284e+00 -2.539976413607634154e+00 1.334121455630280284e+00 2.713805042626256281e+01
4.563669399106564106e-01 -1.348305792181824447e+00 5.174093855207900106e+00 -1.348305792181824447e+00 -2.530280175916146135e+01 3.545815106376760895e+00 5.174093855207900106e+00 3.545815106376760895e+00 8.491660664733609920e+00
1.351489940270387713e+01 -1.045465999088230546e+01 8.323222053133809695e+00 -1.045465999088230546e+01 -6.204818970017373481e+00 -9.702671793390795330e+00 8.323222053133809695e+00 -9.702671793390795330e+00 8.611218002822027984e+00
-6.827117483617353599e+00 5.328735445036662632e+00 3.585159971150499114e+00 5.328735445036662632e+00 -2.635748077289602875e+01 -5.087449889226104638e+00 3.585159971150499114e+00 -5.087449889226104638e+00 -2.135460007053421094e+01
3.654592576079428312e+01 -1.825857617224871632e+01 5.096860962877415524e+00 -1.825857617224871632e+01 2.769168905411768122e+01 7.866912615795876640e+00 5.096860962877415524e+00 7.866912615795876640e+00 4.264182350653094034e+01
6.401631768997229699e+01 9.445788873471755664e+00 1.361032570349678039e+01 9.445788873471755664e+00 8.231698487748355220e+00 -8.081501007849938745e+00 1.361032570349678039e+01 -8.081501007849938745e+00 6.212147343216420836e+01
-3.405600846674716564e+01 -2.074180392492285030e+00 -4.140985511629410865e-01 -2.074180392492285030e+00 -7.400476047077299313e+01 1.618327038532168061e+01 -4.140985511629410865e-01 1.618327038532168061e+01 -3.361916948940582017e+01
-2.639816384832777274e+01 5.316534600834740054e+00 2.021523418577539921e+00 5.316534600834740054e+00 -3.391460549076649045e+01 -1.257303145102670960e+01 2.021523418577539921e+00 -1.257303145102670960e+01 -9.264620665726873483e+00
4.657002010292018213e+00 4.083232657882371441e+00 -2.048034370418940764e+00 4.083232657882371441e+00 -1.230158988352321403e+00 6.950045558586962491e-01 -2.048034370418940764e+00 6.950045558586962491e-01 1.018365041867066267e+01
1.408038455289025315e+01 -8.337368434582209886e+00 1.647205239865305160e+01 -8.337368434582209886e+00 -8.760312417758484571e+00 -2.164157143830995444e+00 1.647205239865305160e+01 -2.164157143830995444e+00 1.288880708553041643e+01
-9.301591487896494925e+00 2.445040566088713341e+00 1.808348840573754401e+01 2.445040566088713341e+00 -4.082170652515026887e+01 1.190296816023021620e+01 1.808348840573754401e+01 1.190296816023021620e+01 -1.371238521914917685e+00
-7.013488733477665216e-01 -4.887665928167013618e+00 2.908126727309352688e+01 -4.887665928167013618e+00 -1.316345593031438810e+01 -6.609083677739805651e+00 2.908126727309352688e+01 -6.609083677739805651e+00 -1.943543235305319072e+01
-3.698122580071875998e+00 2.221199060840968742e-01 7.983425996969155669e+00 2.221199060840968742e-01 -4.175097885490220762e+01 -1.978112390809543708e+00 7.983425996969155669e+00 -1.978112390809543708e+00 -1.264090804831487702e+01
-7.799496691369996348e+00 2.129166725348939693e+01 5.341636480128638675e-01 2.129166725348939693e+01 -5.937318949380802025e+01 -1.551934991888906934e+00 5.341636480128638675e-01 -1.551934991888906934e+00 -2.744188438400356134e+01
4.025439574394074072e+01 -8.357415269449642636e+00 1.004411751599745628e+01 -8.357415269449642636e+00 -8.228778232856884145e+00 5.742844177238465520e+00 1.004411751599745628e+01 5.742844177238465520e+00 2.618736771250780393e+01
3.318367297404429905e+01 4.303033511039703107e+00 2.537727126763612162e+01 4.303033511039703107e+00 1.689895918389825979e+01 1.413644720304215063e+01 2.537727126763612162e+01 1.413644720304215063e+01 4.326036833061773734e+01
1.941724290933977670e+01 5.010703019320070339e+00 8.982955937928775114e+00 5.010703019320070339e+00 -7.609193821235983535e+00 1.466543746822616789e+01 8.982955937928775114e+00 1.466543746822616789e+01 -4.740939756271509431e+00
4.273542447816820555e+01 -1.656746789036446899e+01 1.285380752394785908e+01 -1.656746789036446899e+01 2.156693692172746069e+01 1.683643221642948262e+01 1.285380752394785908e+01 1.683643221642948262e+01 3.324766512105001937e+01
-1.470829680197673461e+00 -1.725988131380677970e+01 1.996226726695912745e+01 -1.725988131380677970e+01 -2.597576233686540803e+01 -1.159223255538712394e+01 1.996226726695912745e+01 -1.159223255538712394e+01 -5.477011850199881238e+00
-5.780475454725367257e+01 -4.068850163489201144e+00 4.784416053122610535e+00 -4.068850163489201144e+00 -7.742450497723915248e+01 -2.105302166741662706e+00 4.784416053122610535e+00 -2.105302166741662706e+00 -3.016886870718384017e+01
-7.027957420901158159e+00 3.575046160961149866e+01 2.690141937005713046e+01 3.575046160961149866e+01 -2.329250488461547164e+01 -1.263177980651625987e+01 2.690141937005713046e+01 -1.263177980651625987e+01 -1.655780294472695502e+01
1.177142520106746026e+01 -4.062389663921813998e+00 2.467323503305417987e+01 -4.062389663921813998e+00 1.781566964906265937e+01 -1.988709536986064208e+01 2.467323503305417987e+01 -1.988709536986064208e+01 -7.573564478074456652e+00
-2.408260547151503062e+01 1.655188407061530587e+00 1.536355610547808936e+01 1.655188407061530587e+00 -3.075426644241776586e+01 -8.733388801827485892e+00 1.536355610547808936e+01 -8.733388801827485892e+00 -3.384756577819367607e+01
-1.864003336851052595e+01 6.610149826418147967e+00 1.296092193619917410e+01 6.610149826418147967e+00 -7.051716792264973321e+01 7.135433170264922964e+00 1.296092193619917410e+01 7.135433170264922964e+00 -4.957192053098387419e+01
2.922456660146349350e+01 3.428414800954624031e+00 -1.022870501736003490e+01 3.428414800954624031e+00 -3.317058583347307771e-02 1.803981395923308995e+01 -1.022870501736003490e+01 1.803981395923308995e+01 -2.677118562237170352e+01
1.116365923645946268e+01 1.614027549497579983e+00 1.582564798437681119e+01 1.614027549497579983e+00 -3.940571723724355024e+01 -1.407554539775566838e+01 1.582564798437681119e+01 -1.407554539775566838e+01 -1.869087721793069079e+01
-2.314247912395028450e+01 -1.727470146248882799e+01 3.511493828760661984e+01 -1.727470146248882799e+01 -3.271901311311436444e+01 -3.470693120901189843e+01 3.511493828760661984e+01 -3.470693120901189843e+01 -3.551989603221738179e+01
-4.222344993065426877e+01 3.473312131908913969e+00 -1.001303013276981169e+01 3.473312131908913969e+00 -8.048673138521630221e+01 -6.697303263182292632e+00 -1.001303013276981169e+01 -6.697303263182292632e+00 -3.429537057600339267e+01
-7.093506533756489540e-01 1.167017303135369843e+01 1.269503279229089365e+01 1.167017303135369843e+01 -3.928140313360435787e+00 -6.960500086692796629e+00 1.269503279229089365e+01 -6.960500086692796629e+00 1.088337484543257716e+01
3.444500737245743949e+01 -1.518543854272491167e+00 1.536534397206974134e+01 -1.518543854272491167e+00 8.539604564326587877e+00 1.755394495500017626e+01 1.536534397206974134e+01 1.755394495500017626e+01 5.102922816298064390e+01
3.516831830927305447e+01 -6.714042657860879171e-01 5.554345720515001972e+00 -6.714042657860879171e-01 1.447316340069102480e+00 -2.592539450753392760e-01 5.554345720515001972e+00 -2.592539450753392760e-01 6.353368752237291694e+00
2.120631760541529331e+01 1.157091726144810551e+01 3.018143506311025703e+01 1.157091726144810551e+01 -6.362862068633359769e+01 -2.345880699025769456e+00 3.018143506311025703e+01 -2.345880699025769456e+00 -1.149328675155564738e+01
2.280101096538296801e+01 9.582345792839943588e-01 4.076755634011949070e+00 9.582345792839943588e-01 1.330180147566979620e+01 3.545779133737641420e+00 4.076755634011949070e+00 3.545779133737641420e+00 2.642286666547996177e+01
-2.430545690987303331e+01 -2.713964048305196886e-01 1.478136735163227655e+01 -2.713964048305196886e-01 -6.528158807806295272e+01 2.538364570715761825e+00 1.478136735163227655e+01 2.538364570715761825e+00 -1.178864086448003334e+01
2.739735666676311610e+01 -1.040803574957523026e+01 2.675888512797299157e+01 -1.040803574957523026e+01 1.000144950660359022e+01 2.511056538454691633e+01 2.675888512797299157e+01 2.511056538454691633e+01 9.180967230953983815e+00
3.872571016414130440e+01 1.739923033089883475e+01 1.656284864368878829e+01 1.739923033089883475e+01 -2.330180355419148341e+01 1.657706156684204757e+01 1.656284864368878829e+01 1.657706156684204757e+01 -6.210517367563690883e+00
1.566129425588717261e+01 1.429070171101609077e+01 9.379770895470489478e+00 1.429070171101609077e+01 -1.788709501003097202e+01 -2.146353488490458261e+01 9.379770895470489478e+00 -2.146353488490458261e+01 -1.609091595582703604e+01
1.286049885853910091e+01 -1.079833511776520823e-02 7.321096920927120166e+00 -1.079833511776520823e-02 -2.622577631160430300e+01 1.992637618173546121e+00 7.321096920927120166e+00 1.992637618173546121e+00 -9.846899493873188192e+00
1.260604195975517783e+01 -1.239772564621708639e+01 4.770225610785404058e+01 -1.239772564621708639e+01 -1.205100266462991776e+01 1.049704909006594100e+01 4.770225610785404058e+01 1.049704909006594100e+01 7.940201588672022304e+00
3.257297302612042955e+01 1.525765628165512533e+00 4.447085534553694153e+00 1.525765628165512533e+00 -4.044428755967365419e+01 8.557528576046111723e+00 4.447085534553694153e+00 8.557528576046111723e+00 -1.678274463729741228e+01
2.209945968304741371e+01 6.050643261162385045e+00 1.408688014440444558e+00 6.050643261162385045e+00 -1.237999193424000666e+01 -1.251582247337503517e+01 1.408688014440444558e+00 -1.251582247337503517e+01 1.348848410663837427e+01
1.067334064410085404e+01 -1.296751964578809435e+01 8.058830240923644084e+00 -1.296751964578809435e+01 -1.867812412103265629e+01 1.438072773075396826e+00 8.058830240923644084e+00 1.438072773075396826e+00 1.978944716865485631e+01
-2.079862619430763004e+01 3.210642482344365334e+00 9.174533395552948889e+00 3.210642482344365334e+00 -4.357434686225409592e+01 1.555925074629176663e+01 9.174533395552948889e+00 1.555925074629176663e+01 -8.800937012738158316e+00
3.046912663063601556e+01 -1.084816893070222577e+01 5.513555195296497402e+00 -1.084816893070222577e+01 1.617289314206003326e+01 4.210679621551847163e+00 5.513555195296497402e+00 4.210679621551847163e+00 3.299576868518491324e+01
2.789847229954338648e-01 -5.569500816882768213e+00 1.476060250796725981e+01 -5.569500816882768213e+00 -2.378289071062872395e+01 -3.523451532120314700e-01 1.476060250796725981e+01 -3.523451532120314700e-01 -1.858018436310850063e+01
-1.970641425258168766e+01 -4.267343936189334386e+00 -4.166928567675812767e-01 -4.267343936189334386e+00 -5.530443168366927864e+01 -8.328479626131995772e+00 -4.166928567675812767e-01 -8.328479626131995772e+00 -2.676715927884130153e+01
-1.547668443008249994e+01 6.953934171865157943e+00 1.293592046822527308e+01 6.953934171865157943e+00 -4.296745675840844569e+01 5.013069557027015399e+00 1.293592046822527308e+01 5.013069557027015399e+00 -4.021886466360749779e+01
-3.252746165000741030e+01 -1.068484216189758662e+01 1.270558581655056329e+01 -1.068484216189758662e+01 -6.912664248792016508e+01 3.363268059382761854e-01 1.270558581655056329e+01 3.363268059382761854e-01 1.354520098721315957e+00
2.158252357606744098e+01 -7.522543211331345070e+00 3.299085988511626510e+01 -7.522543211331345070e+00 -2.522624868442092350e+01 -2.260722544199905570e+01 3.299085988511626510e+01 -2.260722544199905570e+01 -2.320234656553390451e+01
4.658333326636705074e+00 -1.504316401636142997e+00 -6.057599559092363251e+00 -1.504316401636142997e+00 -1.020959309130753212e+01 -4.001982699036798152e+00 -6.057599559092363251e+00 -4.001982699036798152e+00 4.209332995178600711e+00
-1.432558296111134410e+01 4.687351610412575198e+00 1.067715103664530041e+01 4.687351610412575198e+00 -3.353819150322750176e+01 6.433489685723143836e+00 1.067715103664530041e+01 6.433489685723143836e+00 -3.711270430233997075e+01
-2.289809578213663954e+01 -1.586875393248861066e+01 1.447948802779987254e+01 -1.586875393248861066e+01 -5.625453076248829376e+01 -8.813943452950553592e+00 1.447948802779987254e+01 -8.813943452950553592e+00 -5.485678309593579627e+01
9.895694184119719239e+00 4.492744731322558138e+00 4.188240480507595009e+00 4.492744731322558138e+00 2.304423275229652290e+01 1.611280758967802740e+01 4.188240480507595009e+00 1.611280758967802740e+01 1.206117440549995834e+01
-1.406147083268673725e+01 -2.135860562871157597e+01 2.507155287681368705e+01 -2.135860562871157597e+01 -6.450911272675057262e+01 5.760356144369115361e-01 2.507155287681368705e+01 5.760356144369115361e-01 -4.290341577959284791e+01
-5.848494583446216311e+00 5.589597097514546142e+00 9.003002988983192623e+00 5.589597097514546142e+00 -4.327534122939208316e+01 9.192587737146611815e+00 9.003002988983192623e+00 9.192587737146611815e+00 1.259064263686113527e+01
-8.254301485937114435e+00 -7.248970081398908860e+00 4.290526561780685810e+00 -7.248970081398908860e+00 -3.910515776091396134e+01 -2.714581191262049331e-01 4.290526561780685810e+00 -2.714581191262049331e-01 8.260315766458499187e-01
-1.863538826900367695e+01 1.074910100224934872e+01 1.528103795102102147e+01 1.074910100224934872e+01 -2.151534510135706124e-01 -5.691280593744602712e+00 1.528103795102102147e+01 -5.691280593744602712e+00 2.065515608200369169e+00
3.433669301660408024e+01 1.158166647363922230e+01 3.947018947214199880e+00 1.158166647363922230e+01 -8.270628218466686832e+00 2.126904299578521451e-01 3.947018947214199880e+00 2.126904299578521451e-01 1.549400084045383252e+01
-2.688646023450674605e+01 -1.115696230804628097e+00 3.745991262968902191e+01 -1.115696230804628097e+00 -4.240375247033355066e+01 -9.102919159092454748e+00 3.745991262968902191e+01 -9.102919159092454748e+00 -3.841400411380632818e+01
-9.835779996959345794e+00 -1.423611744807669766e+01 3.520565951865802568e+00 -1.423611744807669766e+01 -5.619235981589294227e+01 2.055965623925553931e+00 3.520565951865802568e+00 2.055965623925553931e+00 -2.984746753324831658e+01
-1.090454207036622414e+01 -1.637765123715735527e+01 2.922960796123026483e+01 -1.637765123715735527e+01 -4.674890228143468107e+01 -1.132237918654808695e+01 2.922960796123026483e+01 -1.132237918654808695e+01 -3.155963037203164134e+01
-2.200044191865300647e+00 2.243880016290836110e+01 1.210316011905703526e+01 2.243880016290836110e+01 -3.294986717513138785e+01 -2.152539788900734408e+01 1.210316011905703526e+01 -2.152539788900734408e+01 -8.670646964556041780e+00
3.476292703339258594e+01 7.525640168456654955e+00 2.509098389007582597e+01 7.525640168456654955e+00 2.226334759824451837e+01 1.185309242352653492e+01 2.509098389007582597e+01 1.185309242352653492e+01 5.018844163767730038e+01
3.342081123548671684e+01 7.523133848212751218e+00 1.269874549786269036e+01 7.523133848212751218e+00 1.179780442823638076e+01 1.676316745109635065e+01 1.269874549786269036e+01 1.676316745109635065e+01 3.004865009445624846e+00
2.240058733574878502e+01 -5.925604615948525389e-01 2.030533233116706882e+01 -5.925604615948525389e-01 3.400574123620359046e+00 -5.530788639589563793e+00 2.030533233116706882e+01 -5.530788639589563793e+00 3.017334369651496928e+01
5.337356593675091077e-01 -6.118207351226943480e+00 2.674921172758155663e+01 -6.118207351226943480e+00 -1.439739451613034049e+01 4.084926849359964418e-01 2.674921172758155663e+01 4.084926849359964418e-01 -3.670418027338246958e+01
1.174084725183833200e+01 2.839559652229159070e+01 2.002364870020138099e+01 2.839559652229159070e+01 6.257374308908996596e+00 -6.605523009045401572e+00 2.002364870020138099e+01 -6.605523009045401572e+00 2.619784784961426194e+00
1.474267600683010571e+01 -1.657913280801682632e+01 4.655681601351540877e+01 -1.657913280801682632e+01 -1.136131119286110192e+01 6.306250039431864352e+00 4.655681601351540877e+01 6.306250039431864352e+00 -1.550738093565474074e+01
6.383986382639847967e+00 -1.144705547427858683e+01 5.455943173803589730e+00 -1.144705547427858683e+01 -2.185293344925849368e+01 -7.970151543591428300e+00 5.455943173803589730e+00 -7.970151543591428300e+00 4.708886818871673263e+00
-2.383204241515292643e-01 2.506565193392209068e+00 3.173061687518481122e+01 2.506565193392209068e+00 -6.166843845939632018e+01 1.380895347089987801e+01 3.173061687518481122e+01 1.380895347089987801e+01 -1.193830137447760009e+00
6.983466906993888834e+00 -9.349509064820214377e+00 -8.079553662643480294e+00 -9.349509064820214377e+00 -1.255095480431733534e+01 1.392663749775278070e+00 -8.079553662643480294e+00 1.392663749775278070e+00 1.646399515386467982e+01
1.247699779454877422e+01 6.694619823234831735e+00 2.109118996962170911e+01 6.694619823234831735e+00 -2.591937476359569814e+01 -1.009061337337578301e+01 2.109118996962170911e+01 -1.009061337337578301e+01 -3.984416895850684170e+01
1.859934094483473288e+01 4.675384690760554740e+00 4.077437615606674393e-01 4.675384690760554740e+00 -1.755525591034816912e+01 -3.312572529449242076e+00 4.077437615606674393e-01 -3.312572529449242076e+00 4.164090075602938867e+00
1.583649758833951715e+01 -5.654802071871778857e+00 5.534573901499679316e+00 -5.654802071871778857e+00 5.340584720191898782e+00 -1.302425584932498825e+00 5.534573901499679316e+00 -1.302425584932498825e+00 1.200893880763412369e+01
-7.334510537342486813e+00 7.294086379088689398e+00 4.222455817188225602e+00 7.294086379088689398e+00 -1.124080877363156894e+01 1.567924381208184670e+01 4.222455817188225602e+00 1.567924381208184670e+01 1.430432161440340622e+01
2.728146649589211492e+01 6.442685771231135838e+00 2.614592125285698732e+00 6.442685771231135838e+00 1.590113933432329762e+00 -1.572749429741407035e+01 2.614592125285698732e+00 -1.572749429741407035e+01 3.663540852083450261e+01
-1.690601616367788651e+01 1.737623675751513774e+00 1.393795814165153857e+01 1.737623675751513774e+00 -5.616176269986544156e+01 -1.408595721847373206e+01 1.393795814165153857e+01 -1.408595721847373206e+01 -5.668319643619081205e+01
-1.884292859613661975e+01 1.537837290571355808e+01 1.672187390013688812e+01 1.537837290571355808e+01 -7.204854394196594569e+01 -7.945876993374035857e-01 1.672187390013688812e+01 -7.945876993374035857e-01 -3.339284512469634336e+01
-3.853915177633835043e+01 -9.723406049783767102e+00 -6.989740282034672125e-01 -9.723406049783767102e+00 -5.826748391028012009e+01 9.876595442073446307e+00 -6.989740282034672125e-01 9.876595442073446307e+00 -3.062775587772429375e+01
1.458806888013788594e+01 1.057087054397193526e+01 1.125287078852156064e+01 1.057087054397193526e+01 -5.450672094505391030e-01 3.801968149361648397e+00 1.125287078852156064e+01 3.801968149361648397e+00 7.231475186115953413e+00
-2.300850282671905234e+01 2.653136564433619782e+00 4.995146024332079437e-01 2.653136564433619782e+00 -2.020270531145723680e+01 -3.352634629719237314e+00 4.995146024332079437e-01 -3.352634629719237314e+00 -6.165782513800191822e+00
-1.321910485284877623e+01 -1.304521013041173072e+00 1.739580684307526681e+01 -1.304521013041173072e+00 -5.299146217793437330e+01 3.179646785870917647e+00 1.739580684307526681e+01 3.179646785870917647e+00 -5.620668548496893457e+00
1.137174915022152399e+00 1.433913308783585094e+01 4.113250751978912234e+01 1.433913308783585094e+01 -4.499628551169398349e+01 2.695042332901945059e+01 4.113250751978912234e+01 2.695042332901945059e+01 -3.261050431160788321e+01
6.731698936005391154e+00 1.629161885948786415e+00 9.786792964080069268e+00 1.629161885948786415e+00 -2.774898560860468777e+01 -1.374111267180972362e+01 9.786792964080069268e+00 -1.374111267180972362e+01 -1.242530395353666250e+01
3.381565624552767702e+01 1.901453702767902598e+01 3.021097523918308880e+01 1.901453702767902598e+01 -6.679890635059204662e+00 1.130489642563404828e+01 3.021097523918308880e+01 1.130489642563404828e+01 3.041856759775924601e+01
8.294699106049241877e+00 -1.479363325658669792e+00 1.662794938753500773e+01 -1.479363325658669792e+00 -3.623672463725355897e+01 -2.761978371365754636e+00 1.662794938753500773e+01 -2.761978371365754636e+00 1.595627585700365003e+01
-2.737598697764108735e+01 -7.384769303613730074e+00 8.329711027516276900e+00 -7.384769303613730074e+00 -4.799724628492402445e+01 4.636913570742696500e+00 8.329711027516276900e+00 4.636913570742696500e+00 -4.569996327883597331e+01
-1.660874499848893748e+01 -1.075130181398315621e+01 1.728982427569324543e+01 -1.075130181398315621e+01 -7.062874822389881047e+01 -9.896856620412600947e+00 1.728982427569324543e+01 -9.896856620412600947e+00 -2.920694242844562183e+01
-2.322742453381463434e+01 -5.889761860781233871e+00 2.035501323433479826e+01 -5.889761860781233871e+00 -3.878736646491756090e+01 -2.326979500700588233e+00 2.035501323433479826e+01 -2.326979500700588233e+00 -5.269687907382692060e+01
-1.307686745503120029e+00 1.009633251178401636e+01 1.698925981608794800e+01 1.009633251178401636e+01 -2.292508315232504046e+01 1.544780088692264819e+01 1.698925981608794800e+01 1.544780088692264819e+01 -8.120465312507036515e+00
-4.796788016978868363e+00 -4.583357642700124773e-02 1.056660929091205325e+01 -4.583357642700124773e-02 -2.412813855743544877e+01 8.265431055918572412e+00 1.056660929091205325e+01 8.265431055918572412e+00 -7.172013524681300822e+00
4.076150884798833829e+01 4.201436309999905250e-01 -2.609087244292581875e+00 4.201436309999905250e-01 2.661251312725325846e+01 4.775906780792448458e+00 -2.609087244292581875e+00 4.775906780792448458e+00 2.749729088130871357e+00
5.841729879087271371e+00 2.649993815197484004e+00 2.659716612447889617e+01 2.649993815197484004e+00 -2.802019020989169107e+01 7.118763316383986073e+00 2.659716612447889617e+01 7.118763316383986073e+00 2.848867321091195137e+01
-3.555510962452815704e+01 6.483312385544692802e+00 3.667797213601248885e+00 6.483312385544692802e+00 -5.527229143341165951e+01 4.521921307656614708e+00 3.667797213601248885e+00 4.521921307656614708e+00 -5.059119512740115709e+01
7.128817988444943410e+01 2.917051370763889651e+00 1.996892072605811919e+01 2.917051370763889651e+00 3.942749409440109787e+01 -1.105877708936096404e+01 1.996892072605811919e+01 -1.105877708936096404e+01 6.393396564325946940e+01
-1.084119958355397451e+01 -2.301616703242328299e+01 5.675493712033275351e+00 -2.301616703242328299e+01 -1.497826149656089889e+01 5.293451907575788873e+00 5.675493712033275351e+00 5.293451907575788873e+00 8.123456020150390700e+00
2.897608143417162907e+01 -1.905670554311825304e+00 1.419786547897195383e+01 -1.905670554311825304e+00 2.428227491942613270e+01 1.341224662125805622e+01 1.419786547897195383e+01 1.341224662125805622e+01 2.735439834234128753e+01
-3.661988419636328018e+01 1.464252159445732993e+01 -1.128525348558589547e+00 1.464252159445732993e+01 -5.483056612902281302e+01 -1.097567484891522405e+01 -1.128525348558589547e+00 -1.097567484891522405e+01 -3.648156667749731241e+01
2.992324481831783345e+00 4.999121844381567925e+00 2.401232114503274673e+00 4.999121844381567925e+00 -3.063405181393891397e+01 -6.984092250487843323e+00 2.401232114503274673e+00 -6.984092250487843323e+00 5.704783490895378506e+00
-2.540434311129742539e+01 -4.209420959653846772e+00 6.833401767714583741e+00 -4.209420959653846772e+00 -2.430730155992324626e+01 7.373202075900561425e+00 6.833401767714583741e+00 7.373202075900561425e+00 -6.787197143857259363e+00
-2.900558808682490408e+01 1.028610693170381474e+01 1.679496752203198895e+01 1.028610693170381474e+01 -3.504460989662724302e+01 -1.011636860486173406e+00 1.679496752203198895e+01 -1.011636860486173406e+00 -9.327276394547750371e+00
-2.234785942095059852e+01 9.690775629846966055e+00 3.778362046386575912e+01 9.690775629846966055e+00 -6.098052967275966019e+00 1.114266037481438687e+01 3.778362046386575912e+01 1.114266037481438687e+01 1.025144148397431287e+01
2.055030807895037626e+01 1.518116209934848904e+01 6.655880778115606411e+00 1.518116209934848904e+01 -9.492939800913379855e+00 -1.538669537086299144e+01 6.655880778115606411e+00 -1.538669537086299144e+01 -2.502597632488742363e+01
-2.302089650769956464e+01 4.854993358894289734e+00 8.447471261624253103e+00 4.854993358894289734e+00 -3.024251032720369281e+01 -5.951131504426220076e+00 8.447471261624253103e+00 -5.951131504426220076e+00 -2.934454966554739030e+01
-2.015677530266336959e+01 -2.060493085564172944e+01 1.559695257625594422e+01 -2.060493085564172944e+01 -3.621963132369538840e+01 5.046477195130146143e+00 1.559695257625594422e+01 5.046477195130146143e+00 -2.671240380294748817e+01
-3.117883579512113101e+01 -3.516366604746406388e+00 1.242247091377002022e+01 -3.516366604746406388e+00 -6.736927265623012318e+01 -2.440848995350873921e-02 1.242247091377002022e+01 -2.440848995350873921e-02 -7.165640166673527744e+01
-4.537636126875563036e+01 -6.539923494957542438e-01 3.272828328118293228e+01 -6.539923494957542438e-01 -6.128010488308133574e+01 1.779394579940936794e+01 3.272828328118293228e+01 1.779394579940936794e+01 -4.715498995589381792e+01
5.633418294100235535e+00 -3.263165140873832115e+01 1.625012740968477587e+01 -3.263165140873832115e+01 -1.347127746871908549e+01 1.025297058223410396e+01 1.625012740968477587e+01 1.025297058223410396e+01 9.990763726950261159e+00
2.183848388617426650e+01 -1.344562147187978773e+01 1.853553083258958978e+01 -1.344562147187978773e+01 -1.709247668013182420e+01 8.186170060881224231e+00 1.853553083258958978e+01 8.186170060881224231e+00 1.379595973778259577e+01
-3.396864391573898700e+01 5.077836329525571735e+00 2.568741781828802928e+01 5.077836329525571735e+00 -5.374630055870603940e+01 2.729222555210789825e+00 2.568741781828802928e+01 2.729222555210789825e+00 -2.853573046273185554e+01
3.001696212027234356e+00 -1.078184538439517759e+01 2.448809475205669628e+01 -1.078184538439517759e+01 -1.820692253011941020e+01 1.781671907514901454e+00 2.448809475205669628e+01 1.781671907514901454e+00 -1.395204590826032920e+01
1.005689496112546877e+01 -3.328006025113191768e+00 1.661716919045981555e+01 -3.328006025113191768e+00 -8.771891381237020724e+00 5.067584133413845393e+00 1.661716919045981555e+01 5.067584133413845393e+00 1.976777781746917029e+01
-2.903073513855314758e+00 6.246960005178224584e+00 8.392441096104919396e+00 6.246960005178224584e+00 -4.516090044643487289e+01 -3.668629517844107291e+00 8.392441096104919396e+00 -3.668629517844107291e+00 -9.236293030612108268e+00
-1.902271927919972683e+01 2.281884732558178364e+00 7.679573054370659513e+00 2.281884732558178364e+00 -5.959847644257955324e+01 4.017579317426083207e+00 7.679573054370659513e+00 4.017579317426083207e+00 -8.913881979924390464e+00
3.763303985825551479e+01 -1.753429068731397589e+00 3.205351270533514452e+01 -1.753429068731397589e+00 1.586695331241050688e+01 5.213867185155885764e+00 3.205351270533514452e+01 5.213867185155885764e+00 3.983272858175991615e+01
-2.752489214204944545e+01 -1.442821054710264450e+00 4.219384960226844505e+00 -1.442821054710264450e+00 -2.311868035294344992e+01 -2.436504703266954674e+00 4.219384960226844505e+00 -2.436504703266954674e+00 -1.095244064378782411e+01
4.555760596138323848e+00 -1.751999882296038180e+01 2.876697891137277097e+01 -1.751999882296038180e+01 -3.242142012414539209e+01 1.085222639716770132e+01 2.876697891137277097e+01 1.085222639716770132e+01 3.503921656828184439e+01
-2.871838424219660180e+00 1.433042447271170694e+01 1.587401014591432435e+01 1.433042447271170694e+01 -3.287733731747064070e+01 -4.607989584390411508e+00 1.587401014591432435e+01 -4.607989584390411508e+00 2.016444552233889453e+01
-3.714823377252422176e+01 8.087939523682869947e+00 1.002875309571364681e+01 8.087939523682869947e+00 -6.304534892810473679e+01 7.321063119970502520e+00 1.002875309571364681e+01 7.321063119970502520e+00 -3.601197667198196228e+01
-2.850931455153076755e+01 -1.154655210285341482e+01 4.439500911532361371e+00 -1.154655210285341482e+01 -4.292597520642518560e+01 -1.894085718053956313e+01 4.439500911532361371e+00 -1.894085718053956313e+01 -1.771689708718059109e+01
-2.483714607455071288e+01 -9.916870521552993978e+00 2.108471476554537105e+01 -9.916870521552993978e+00 -2.503675167372492183e+01 -2.066556711141874114e+00 2.108471476554537105e+01 -2.066556711141874114e+00 -2.326403219497731456e+01
9.163946733012904744e+00 -1.114832203131081556e+01 2.209125085537036526e+01 -1.114832203131081556e+01 -6.090278387680102412e+01 1.103517217438072073e+01 2.209125085537036526e+01 1.103517217438072073e+01 1.136803027443751546e+01
-1.234994809406091854e+01 -9.764659770182062104e+00 5.166821754044980786e+00 -9.764659770182062104e+00 -1.847606452016512435e+01 1.110491481099468736e+01 5.166821754044980786e+00 1.110491481099468736e+01 -2.997820601681721264e+00
-4.190176093959571091e+01 5.906206765098486855e+00 1.101653091719884969e+01 5.906206765098486855e+00 -5.194147184479527368e+01 -4.666398241132226232e+00 1.101653091719884969e+01 -4.666398241132226232e+00 -2.988907786555079227e+01
-2.857556557881032688e+01 1.735349846580716004e+01 -4.290711735010392380e-01 1.735349846580716004e+01 -3.473561497005482579e+01 -4.304884126176155235e+00 -4.290711735010392380e-01 -4.304884126176155235e+00 -1.546419095771676311e+01
2.998976375818007867e+01 5.895598355602724716e+00 1.409814886452227611e+01 5.895598355602724716e+00 8.439609483906359344e+00 4.309808016132813613e+00 1.409814886452227611e+01 4.309808016132813613e+00 3.309635695215695961e+01
3.265204293066547336e+01 -4.436725674408762643e+00 1.746515887305365311e+01 -4.436725674408762643e+00 6.213184978266133918e+00 1.419240142563901053e+01 1.746515887305365311e+01 1.419240142563901053e+01 2.136545749925885929e+01
1.640520897611041207e+01 9.272012327928198516e-01 -8.768793339686770105e-01 9.272012327928198516e-01 -4.201429835449730810e+00 1.201352340139167296e+01 -8.768793339686770105e-01 1.201352340139167296e+01 -7.087595391454520666e+00
2.913454086880892291e+01 -8.633369084308737840e+00 2.799052040577452161e+01 -8.633369084308737840e+00 -3.111702727785644385e+01 1.780035959228475306e+01 2.799052040577452161e+01 1.780035959228475306e+01 -1.523747519547461238e+01
-1.185961294378221709e+01 -7.361918226347687444e+00 2.042005674145690719e+01 -7.361918226347687444e+00 -6.001266709078296913e+01 -7.659854182944677348e+00 2.042005674145690719e+01 -7.659854182944677348e+00 -3.161621073301509810e+01
