1.864187892285792358e+01 7.509905306767024946e+00 -5.636041383320880449e+00 7.509905306767024946e+00 1.614572884410558018e+01 2.498631463903979721e+00 -5.636041383320880449e+00 2.498631463903979721e+00 9.449094093459239119e+00
-1.824348222260603691e+01 9.394393402327871456e+00 -5.351523736194464753e+00 9.394393402327871456e+00 -2.480778637035366430e+01 -1.093212568422195119e+01 -5.351523736194464753e+00 -1.093212568422195119e+01 -5.053382300520985027e+00
9.227323098056787742e+00 4.764856908320684425e+00 -7.690296732970030469e+00 4.764856908320684425e+00 3.705507921626921775e+00 1.122949741624644338e+00 -7.690296732970030469e+00 1.122949741624644338e+00 1.113025044636524541e+01
-1.560667285936575832e-01 1.546570658700743284e+00 1.197573015548226749e+01 1.546570658700743284e+00 -1.882375837737690816e+01 7.133588891423770839e+00 1.197573015548226749e+01 7.133588891423770839e+00 -1.846572125408389997e+00
4.247350603176796469e+00 3.545729737793661851e+00 1.736898626696368098e+01 3.545729737793661851e+00 -1.180208676472155105e+01 4.084506798165918440e+00 1.736898626696368098e+01 4.084506798165918440e+00 -2.643846428724703657e+00
-6.388849637229727207e+00 6.175690626490992763e+00 -4.686376420560579348e+00 6.175690626490992763e+00 2.653722752539073859e+00 5.110943354615644196e+00 -4.686376420560579348e+00 5.110943354615644196e+00 -4.471501487679643816e+01
6.111491870222305778e+00 1.550502803601277790e+00 -1.322877793000961333e+01 1.550502803601277790e+00 -1.811593381669618807e+01 7.552307865619661165e+00 -1.322877793000961333e+01 7.552307865619661165e+00 2.498197395250641506e+01
1.503071681308720642e+01 4.474757237273813359e+00 -7.177174506591119219e+00 4.474757237273813359e+00 1.660332832539904402e+01 8.409244513034019874e+00 -7.177174506591119219e+00 8.409244513034019874e+00 4.537221422814332605e+00
-8.692804924732044469e+00 6.485585758129436051e+00 -4.639222188508421496e+00 6.485585758129436051e+00 1.146019012780885582e+01 1.312318638490448941e-01 -4.639222188508421496e+00 1.312318638490448941e-01 4.601634843189687629e+00
-3.715153306749613904e+01 4.752281119616971417e+00 -6.536426099900114473e+00 4.752281119616971417e+00 -3.299277920604449577e+01 -1.573601648349355564e+00 -6.536426099900114473e+00 -1.573601648349355564e+00 -4.216425668145331684e+01
-3.994980803412941484e+00 5.101164036256851553e+00 1.398659496103168420e+00 5.101164036256851553e+00 -1.632019595945228474e+01 5.119443376260853634e-02 1.398659496103168420e+00 5.119443376260853634e-02 2.692909094255892199e+01
-3.669029387330825642e+01 2.809476904281932530e+00 -3.174555756447282828e+00 2.809476904281932530e+00 -4.558598512373900746e+01 1.734066428092321388e+01 -3.174555756447282828e+00 1.734066428092321388e+01 -4.063399838319018897e+01
5.636085851553043646e+00 -7.006631650083886775e+00 -5.892679554084519822e+00 -7.006631650083886775e+00 -1.288799036152801669e+01 -1.681965241734389593e+01 -5.892679554084519822e+00 -1.681965241734389593e+01 -9.392014264387196221e+00
3.612132487675279435e+01 6.571698856937913114e+00 4.799002210260911561e+00 6.571698856937913114e+00 4.251916930131928751e+01 3.022319703165061711e+00 4.799002210260911561e+00 3.022319703165061711e+00 5.818586618700854274e+01
-4.304711677695054028e+00 2.255041393062416688e+00 1.058117427730397075e+00 2.255041393062416688e+00 -2.501464274291123147e+01 -5.233552482446309995e+00 1.058117427730397075e+00 -5.233552482446309995e+00 -1.356604347082049422e+01
-1.826494797830805483e+00 1.094797840301959546e+01 8.002675190616074019e+00 1.094797840301959546e+01 3.172580973314374386e+00 -7.380553276499262516e+00 8.002675190616074019e+00 -7.380553276499262516e+00 -3.420121594604442095e+00
-4.558633189132363484e+00 -7.028544739360656379e+00 1.152505001165644671e+01 -7.028544739360656379e+00 -4.470161764249868774e+00 -3.885143744880720895e+00 1.152505001165644671e+01 -3.885143744880720895e+00 1.651435296681952103e+00
-9.393682943169636701e+00 3.689687757077258379e+00 -5.312514049585449705e+00 3.689687757077258379e+00 -9.191233655407025083e-01 -7.088194053227471869e+00 -5.312514049585449705e+00 -7.088194053227471869e+00 -5.343426706164881068e+01
5.610433543365181741e+00 4.906637919657218738e+00 -1.059106966074322820e+01 4.906637919657218738e+00 3.671112190145157683e+01 1.551702510745701069e+01 -1.059106966074322820e+01 1.551702510745701069e+01 2.785126962125065120e+01
-1.744883573779850039e+01 -6.693635795701287527e+00 -7.859627569640321720e-01 -6.693635795701287527e+00 -3.315240341214720843e+01 -5.013609256879416165e+00 -7.859627569640321720e-01 -5.013609256879416165e+00 -1.372123344755052798e+01
-2.643810059488547637e+01 1.848125365670791442e+00 -1.456675178740521481e+01 1.848125365670791442e+00 -1.474840906624399572e+01 -8.163503840960787628e+00 -1.456675178740521481e+01 -8.163503840960787628e+00 -6.667198625152824576e+00
-4.367344235622778825e+01 -2.619521385700945615e+00 1.602441999509279569e+01 -2.619521385700945615e+00 -5.139520235861803599e+01 -8.458129642911321966e+00 1.602441999509279569e+01 -8.458129642911321966e+00 -2.334078577354779682e+01
-2.940174106460248993e+01 1.256707617366586582e+01 -3.112244427110750777e+00 1.256707617366586582e+01 -2.762120320643075644e+01 1.280173796686716337e+01 -3.112244427110750777e+00 1.280173796686716337e+01 -8.718915512267026102e+00
-1.645236125131623339e+01 3.404395893357782032e+00 -3.521971456095076558e+00 3.404395893357782032e+00 -4.497398907592413231e+00 -2.160113319526751674e+00 -3.521971456095076558e+00 -2.160113319526751674e+00 -7.763593446944080156e+00
-1.305273044563752194e+01 -5.960112136201933808e+00 8.179776726593892988e+00 -5.960112136201933808e+00 -3.070285465810505876e+00 -8.140678356729628362e+00 8.179776726593892988e+00 -8.140678356729628362e+00 6.483016579791046397e+00
3.935057243397994142e+01 1.976353544232807735e+01 -4.598555139192262331e+00 1.976353544232807735e+01 2.493290984322423043e+01 6.711833183327213348e+00 -4.598555139192262331e+00 6.711833183327213348e+00 3.411022126551032763e+00
-1.266348833807828278e+01 -6.785196337952356771e+00 3.973684719848601610e+00 -6.785196337952356771e+00 -8.078054239395759950e+00 8.259110594435583153e+00 3.973684719848601610e+00 8.259110594435583153e+00 -2.161311831836176722e+01
2.718677946208672580e+01 -6.813919212812910686e+00 6.587050534484096609e+00 -6.813919212812910686e+00 3.856688128570416296e+01 5.390759214520739029e+00 6.587050534484096609e+00 5.390759214520739029e+00 4.063885217829742658e+01
4.241454101367916962e+01 4.308846486428662970e-01 1.263979547820384797e+00 4.308846486428662970e-01 3.001923973322711703e+01 9.019807138764520671e-01 1.263979547820384797e+00 9.019807138764520671e-01 2.715379711001928342e+01
-3.811279855268049577e+00 8.031003839959842239e+00 -9.130048528138347663e+00 8.031003839959842239e+00 -8.358921054890323887e+00 -1.429045765930672340e+00 -9.130048528138347663e+00 -1.429045765930672340e+00 9.274480569163337407e+00
-1.556812728108108246e+01 2.734476761338044071e+00 -4.505557450518002938e+00 2.734476761338044071e+00 -7.431754857990239493e+00 -2.797370579220045173e+00 -4.505557450518002938e+00 -2.797370579220045173e+00 -3.388392211756388495e+00
-3.561711202587044056e+01 1.147573351454486179e+01 1.433493972800036609e+01 1.147573351454486179e+01 -3.491439147828872080e+01 -3.071967450300526536e+00 1.433493972800036609e+01 -3.071967450300526536e+00 -1.513456785709708718e+01
4.414372734512323149e+00 -2.321540513554805507e+00 1.366560380381814177e+01 -2.321540513554805507e+00 -1.126800411900630516e+00 -1.296255138508261684e+00 1.366560380381814177e+01 -1.296255138508261684e+00 1.611100227373529847e+01
5.440801630792800836e+01 -7.582402702448209020e+00 -7.770688849709046497e-01 -7.582402702448209020e+00 3.280711841092454506e+01 6.275288825989826513e+00 -7.770688849709046497e-01 6.275288825989826513e+00 7.939051928775588962e+00
-6.533015100740642289e-01 -2.902720033459739390e+00 -2.840121444216865854e+00 -2.902720033459739390e+00 -6.092020983785523036e+00 3.451277014437525992e-01 -2.840121444216865854e+00 3.451277014437525992e-01 -2.097633617827187891e+01
4.543453476955444614e+01 6.792533312227353459e-01 1.725035509163906466e+00 6.792533312227353459e-01 4.331396232127062973e+01 3.590445048324109489e+00 1.725035509163906466e+00 3.590445048324109489e+00 3.271541218393054606e+01
-1.112074480832766277e+01 -1.159653923103199347e+01 -1.146607359081493360e+00 -1.159653923103199347e+01 -3.200936489830064513e+00 -2.141642692673333404e+00 -1.146607359081493360e+00 -2.141642692673333404e+00 -1.808191246355401560e+01
-3.616928086834387557e+01 -6.574182069065902745e+00 -1.155837455530454250e+00 -6.574182069065902745e+00 -9.791374892370084737e+00 -6.758735847991223622e+00 -1.155837455530454250e+00 -6.758735847991223622e+00 1.770097916292265339e+01
-3.175297460571403363e+01 8.819531263608586968e+00 -1.629297060648401629e+00 8.819531263608586968e+00 -3.066343073109079498e+01 1.653406791173391355e+01 -1.629297060648401629e+00 1.653406791173391355e+01 -1.560096735414023783e+01
7.052238373552141582e+01 2.743111004264126240e+00 6.287520727462909242e+00 2.743111004264126240e+00 7.004424980437306658e+01 1.240045708390815182e+00 6.287520727462909242e+00 1.240045708390815182e+00 4.497396134125936129e+01
-5.035607524567256910e+00 7.295233302734530412e+00 2.695390397005639649e+00 7.295233302734530412e+00 -4.225263291819985945e+00 -8.399631386590501236e+00 2.695390397005639649e+00 -8.399631386590501236e+00 -2.178876292207070975e+01
-9.896098248228794247e+00 1.506383664185504223e+01 2.131982012331234966e+00 1.506383664185504223e+01 -1.091302285585418375e+01 -8.333082928461823968e+00 2.131982012331234966e+00 -8.333082928461823968e+00 -1.899618022124887062e+01
-1.982455122307322526e+01 3.378270071361611393e+00 1.620365686862802335e+01 3.378270071361611393e+00 -2.389285845922388063e+01 -9.967362762658568798e+00 1.620365686862802335e+01 -9.967362762658568798e+00 -5.854382326801542469e+00
-3.398189677171345835e+01 9.505059043384440187e+00 -7.746074772339884618e+00 9.505059043384440187e+00 -3.414432309884899297e+01 5.355991326677247422e+00 -7.746074772339884618e+00 5.355991326677247422e+00 -1.904586389654146217e+01
-1.918503325772888601e+01 -5.472985702096782923e+00 -1.412408150241321181e+01 -5.472985702096782923e+00 -2.786664611601216990e+01 6.988298945953048680e+00 -1.412408150241321181e+01 6.988298945953048680e+00 -1.596636731318892544e+01
-3.462643806728154061e+01 7.522349630856930425e+00 2.380662211312614129e+00 7.522349630856930425e+00 -3.763976818930125035e+01 4.817042002064470196e+00 2.380662211312614129e+00 4.817042002064470196e+00 -5.990303827168810358e+01
-1.044729403157549541e+01 4.456296781731535206e-01 -2.096149402519690952e+00 4.456296781731535206e-01 -2.908158287113133866e+01 -6.374641791566830307e+00 -2.096149402519690952e+00 -6.374641791566830307e+00 -7.007658522794826261e+00
-5.476090985843776515e+00 1.568674541383106469e+00 -1.160857633242092790e+00 1.568674541383106469e+00 -1.169080619138239463e+01 1.300311579287780717e+01 -1.160857633242092790e+00 1.300311579287780717e+01 2.943176775575959780e+01
2.167098732125137417e+01 5.892288106111396750e+00 6.706010422211549304e+00 5.892288106111396750e+00 1.014372491899150930e+01 8.300248444234657796e+00 6.706010422211549304e+00 8.300248444234657796e+00 -4.750512420913582190e+01
2.248845339401565724e+01 5.672125805046618119e+00 1.119792511994817552e+01 5.672125805046618119e+00 1.831519901649007664e+01 6.190360289287881734e+00 1.119792511994817552e+01 6.190360289287881734e+00 1.304386197789522051e+01
