-5.391172149070460051e+00 6.350218322475003063e-01 1.076518250109172214e+01 6.350218322475003063e-01 -2.791096988376655830e+01 1.411114625799363687e+01 1.076518250109172214e+01 1.411114625799363687e+01 -1.640515829766290068e+01
1.930501197809532110e+00 -9.191152537074835038e+00 -3.614722953194886124e+00 -9.191152537074835038e+00 -3.418272795482896242e+01 1.506098666538074582e+01 -3.614722953194886124e+00 1.506098666538074582e+01 6.300306303561884036e+00
7.857869084170091334e+00 1.018240428905557415e+01 8.478208413694131806e+00 1.018240428905557415e+01 -2.778932320482382679e+01 1.552849671325871128e+01 8.478208413694131806e+00 1.552849671325871128e+01 -2.073924872443828171e+00
2.994254082718708787e+01 -3.337799160960331246e+00 -3.106521809359974115e-02 -3.337799160960331246e+00 3.084668254350304295e+01 3.627223886908270245e+00 -3.106521809359974115e-02 3.627223886908270245e+00 3.598719684328604274e+01
-1.481744049228931326e+00 4.262964668770172771e+00 9.130612177688425035e+00 4.262964668770172771e+00 -1.555990758981008248e+01 2.557044924669338304e+00 9.130612177688425035e+00 2.557044924669338304e+00 -2.838349264363436575e+01
4.663749773736159909e+01 -1.542459465644111560e+01 -1.545758612402046950e+01 -1.542459465644111560e+01 -1.073609118671212315e+01 7.526059080391934941e+00 -1.545758612402046950e+01 7.526059080391934941e+00 5.339503464662204379e+01
2.794914521009738451e+01 -1.003193523258218534e+01 1.799769762825165875e+00 -1.003193523258218534e+01 -2.085969694189366663e+01 1.133332963794146764e+01 1.799769762825165875e+00 1.133332963794146764e+01 2.991959109375063619e+01
4.584252158458565596e+00 1.963076494595473775e+01 1.854523176584614186e+00 1.963076494595473775e+01 -1.224482423909088791e+00 9.866213088293145361e+00 1.854523176584614186e+00 9.866213088293145361e+00 9.658059174794668411e-02
2.886214130320404081e+01 9.059929612912160479e+00 1.183373743985567383e+00 9.059929612912160479e+00 -2.671632604131140809e+01 6.219191320547564850e+00 1.183373743985567383e+00 6.219191320547564850e+00 2.241365229579304241e+01
-2.130333534261633943e+01 -1.213559737392019855e+01 -5.499398732247879895e-01 -1.213559737392019855e+01 -1.798904842991345276e+01 -2.635133635246772688e+00 -5.499398732247879895e-01 -2.635133635246772688e+00 -1.983864683518822503e+01
5.311822650937973833e+01 -3.517808868896228791e+00 -7.177117611892890103e+00 -3.517808868896228791e+00 3.841158972667851224e+00 -9.642707201927579463e-01 -7.177117611892890103e+00 -9.642707201927579463e-01 4.974415994254817264e+01
-2.869174176112519348e+01 2.390850949527576041e+00 -1.751419775680667090e+00 2.390850949527576041e+00 -2.793824158085248044e+01 -1.048328885707268121e+01 -1.751419775680667090e+00 -1.048328885707268121e+01 -1.874235253437691995e+01
2.542160935879487127e+01 6.913737256126202269e+00 1.267052285084817065e+01 6.913737256126202269e+00 1.180826013446845346e+00 -1.520884648640522807e-01 1.267052285084817065e+01 -1.520884648640522807e-01 7.516020770339359558e+00
-2.218183715792203969e+01 5.937252759186415041e+00 7.887242436450261351e+00 5.937252759186415041e+00 -8.171010687598545985e+01 -1.454591103045295775e+01 7.887242436450261351e+00 -1.454591103045295775e+01 -3.195759269372648248e+01
2.282963136845926333e-01 1.084656052599255460e+01 -1.018699710740365916e+01 1.084656052599255460e+01 -3.112648222973315626e+01 -5.511637300767866510e-01 -1.018699710740365916e+01 -5.511637300767866510e-01 -1.591057251669712791e+01
1.142613365788611901e+01 -1.057489868885072326e+01 9.636109255658272588e+00 -1.057489868885072326e+01 -1.108892721014538552e+01 4.305424231265313040e+00 9.636109255658272588e+00 4.305424231265313040e+00 -2.076715010643030368e+01
-3.389547815606379544e+01 -3.561063044711205716e+00 1.020990995587787609e+01 -3.561063044711205716e+00 -6.456132817762605214e+01 -4.544157820572657158e+00 1.020990995587787609e+01 -4.544157820572657158e+00 -2.830386508316930261e+01
1.084131491732424912e+01 8.791304702494342038e+00 -5.673256706491970114e+00 8.791304702494342038e+00 -1.380632190064013276e+00 -1.720928323351694544e+00 -5.673256706491970114e+00 -1.720928323351694544e+00 6.973675056430799657e+00
-3.496271744704478124e+01 1.027762935932314470e+01 -8.086853795851679294e+00 1.027762935932314470e+01 -4.271787814969949437e+01 -1.420158347251243014e-01 -8.086853795851679294e+00 -1.420158347251243014e-01 -5.063103030277529371e+01
3.217756330697027778e+01 -1.322510098234031162e+01 -2.535880592964558922e+00 -1.322510098234031162e+01 -2.767254611392939267e+01 5.417155034033922512e+00 -2.535880592964558922e+00 5.417155034033922512e+00 2.978309142664977216e+01
1.888211793522155446e+01 2.199754318563803324e+00 9.171099537377262578e+00 2.199754318563803324e+00 1.215851838050388345e+01 -1.766159078832838292e+00 9.171099537377262578e+00 -1.766159078832838292e+00 1.341960833485278393e+01
1.845892136118957794e+01 -5.268337659656503469e-01 6.447258992431544655e+00 -5.268337659656503469e-01 -4.545245599571804185e+00 2.252845339734116159e+00 6.447258992431544655e+00 2.252845339734116159e+00 9.355665619088695095e+00
2.706898414859660562e+01 -1.035677455376885492e+00 7.277113477045339174e+00 -1.035677455376885492e+00 -1.535619201377535958e+01 -6.101595486689862291e+00 7.277113477045339174e+00 -6.101595486689862291e+00 2.527923796001140033e+01
9.445823079486602936e+00 2.816692517054284917e+00 -3.376586509691270166e+00 2.816692517054284917e+00 -2.616857228208782260e+01 -5.157321303679058833e-01 -3.376586509691270166e+00 -5.157321303679058833e-01 6.756593202494112660e+00
-1.607481327537193039e+01 1.480550365266441304e+01 3.624981100655546129e+00 1.480550365266441304e+01 -6.041072080083143447e+01 1.972883312731003258e+00 3.624981100655546129e+00 1.972883312731003258e+00 -6.861707918205585344e+00
-2.439938077840082542e+00 4.578582027630263340e+00 -3.201142116656352510e+00 4.578582027630263340e+00 -2.353873106374982882e+01 4.036126165288129286e+00 -3.201142116656352510e+00 4.036126165288129286e+00 -1.620116720296341839e+01
-2.066317012627653327e+00 8.649296020313997246e+00 9.051226965803014224e+00 8.649296020313997246e+00 -1.720366267230276591e+01 1.244182976198278645e+01 9.051226965803014224e+00 1.244182976198278645e+01 6.591789859427937159e+00
1.056058373507189962e+01 -9.382621285226164787e+00 8.261462989786018341e+00 -9.382621285226164787e+00 -2.552523909447488748e+01 -2.156906583854076409e+00 8.261462989786018341e+00 -2.156906583854076409e+00 1.609038806163655799e+00
2.342618230349951425e+00 9.493854564131986251e+00 7.660514220131072527e+00 9.493854564131986251e+00 -4.624783922661369928e+01 -1.631120841228438323e+01 7.660514220131072527e+00 -1.631120841228438323e+01 2.375526836346652626e+00
3.244141706702769135e+00 1.103190972230657430e+01 1.051126247678366354e+01 1.103190972230657430e+01 -1.945792864974909975e+01 7.433774079526624945e-01 1.051126247678366354e+01 7.433774079526624945e-01 9.177127674493187115e+00
-2.330149608079591061e+01 -1.052256581314229678e+01 9.710987777198310411e+00 -1.052256581314229678e+01 1.330450629855846145e+01 -1.435950969197386584e+01 9.710987777198310411e+00 -1.435950969197386584e+01 3.773308574043629182e+00
6.156422191321683890e+00 9.338766945338011993e+00 -5.314723318142552166e+00 9.338766945338011993e+00 -1.756143340684004883e+01 8.427960254319527778e+00 -5.314723318142552166e+00 8.427960254319527778e+00 -7.288383834828121799e+00
-4.348298283992584778e+00 1.355110918375124918e+01 -1.111384798307532940e+01 1.355110918375124918e+01 -2.138007748780471928e+01 1.124678680247594764e+00 -1.111384798307532940e+01 1.124678680247594764e+00 -2.404145677475507270e+01
-2.823177655409566356e+01 6.483728525019095912e+00 2.097227169678324454e+00 6.483728525019095912e+00 -2.289388364279779964e+01 1.964248085604531679e+00 2.097227169678324454e+00 1.964248085604531679e+00 -3.299870546033881169e+01
1.612293149222075783e+01 -1.648845499896481659e+00 -1.130982737152479656e+00 -1.648845499896481659e+00 -3.425588794475336130e+01 1.309649890249272630e+01 -1.130982737152479656e+00 1.309649890249272630e+01 4.477641698007898796e+00
1.014988127154823339e+01 6.949321240115153842e+00 -1.067624411745354829e+00 6.949321240115153842e+00 -5.399425475013169162e+00 3.022654269041214814e+00 -1.067624411745354829e+00 3.022654269041214814e+00 -1.564324813261513825e+01
2.040118831457526127e+01 -3.710563717596447653e+00 -1.874566239258417033e+00 -3.710563717596447653e+00 1.897283266205799990e+01 -7.202214252980648546e+00 -1.874566239258417033e+00 -7.202214252980648546e+00 2.462767946832811461e+01
1.972752464693142826e+01 -1.483541622344248623e+01 6.035174561472984145e+00 -1.483541622344248623e+01 -3.858770747449490557e+01 5.210149484897769412e+00 6.035174561472984145e+00 5.210149484897769412e+00 1.540954083201642355e+01
2.321195094128496095e+01 7.087169812796231483e+00 6.271766577971594536e+00 7.087169812796231483e+00 7.342222207151502533e-02 -6.892162166048481531e+00 6.271766577971594536e+00 -6.892162166048481531e+00 1.600117011511623843e+01
-4.938904893257279660e+00 9.612630486960581422e+00 -4.005297738744702518e-01 9.612630486960581422e+00 1.073477252768495926e+00 1.787465719863759572e+00 -4.005297738744702518e-01 1.787465719863759572e+00 -1.994184910067540528e+01
-8.131616748549047813e+00 8.588822262263295926e-01 -2.270389230020452231e+00 8.588822262263295926e-01 -4.709279925152540613e+01 1.192809737480772192e+01 -2.270389230020452231e+00 1.192809737480772192e+01 -1.643177922850446748e+01
-2.304838608866417005e+00 1.999515941540584985e+00 -2.512058053819276271e+00 1.999515941540584985e+00 -6.619018797603719406e+01 1.329677554121167482e+01 -2.512058053819276271e+00 1.329677554121167482e+01 7.491225075182857296e+00
-3.052402167781400877e+01 4.577222192638845222e+00 -5.336847330106584408e-01 4.577222192638845222e+00 -4.003382919332745615e+01 6.930903784088489950e+00 -5.336847330106584408e-01 6.930903784088489950e+00 -3.610064844882831636e+01
1.080790381794868438e+01 -1.357707314724544823e+01 -4.391009591678380453e+00 -1.357707314724544823e+01 -1.624897429412971661e+01 5.012029525542756048e-01 -4.391009591678380453e+00 5.012029525542756048e-01 6.210308940712280901e+00
7.308635524488525270e+00 9.465221649918627023e+00 -1.208126247475664661e+00 9.465221649918627023e+00 -1.733381201963339180e+01 8.516954260006830424e-01 -1.208126247475664661e+00 8.516954260006830424e-01 -5.822470993199670986e+00
2.610689361816021403e+00 7.039533567976489437e+00 -6.184533819386953013e+00 7.039533567976489437e+00 4.521100441386034063e+00 3.061444705050079484e+00 -6.184533819386953013e+00 3.061444705050079484e+00 4.524176798837294122e-02
3.320648142188193930e+01 -5.211685065309813736e-02 -1.963764305911785257e+01 -5.211685065309813736e-02 -4.597421718491010267e+01 7.400180801825682941e+00 -1.963764305911785257e+01 7.400180801825682941e+00 3.403548267302807773e+01
-2.531537334949033102e+00 -4.269501134495180122e-02 1.142522307469169007e+01 -4.269501134495180122e-02 -1.375021686440968338e+01 6.619847068385832145e+00 1.142522307469169007e+01 6.619847068385832145e+00 -2.064850782133589746e+01
2.196712418440034043e+01 1.585541273968089016e+01 7.650880818512884929e+00 1.585541273968089016e+01 -1.671947827933829345e+01 -6.810725294400291396e+00 7.650880818512884929e+00 -6.810725294400291396e+00 1.883245983874402185e+01
1.520944182993455129e+01 -2.534679433300750073e+00 5.922832482402449195e+00 -2.534679433300750073e+00 -1.164045039780638646e+01 -1.335258550390247656e+01 5.922832482402449195e+00 -1.335258550390247656e+01 1.752263997923723693e+01
2.709994811495566314e+00 5.674804672194551536e+00 2.510906193673676512e+00 5.674804672194551536e+00 -4.446588667505575643e+01 1.627448746764025245e+01 2.510906193673676512e+00 1.627448746764025245e+01 7.418810050234199593e+00
-2.920297869754988174e+00 -1.407445237893637513e-01 5.499989784330634457e+00 -1.407445237893637513e-01 3.146260050385233153e+00 3.760306304157615021e+00 5.499989784330634457e+00 3.760306304157615021e+00 1.711723239177205702e+00
2.081966409634023574e+00 -3.967914994141268359e+00 6.821403610126827388e+00 -3.967914994141268359e+00 4.390860531885079965e+00 9.077874117746811411e-01 6.821403610126827388e+00 9.077874117746811411e-01 -7.138423100198002302e+00
-5.011789799846339655e+00 4.727823076631862520e+00 5.561233457186297358e+00 4.727823076631862520e+00 -1.780680729338321200e+01 4.113230553562384761e-01 5.561233457186297358e+00 4.113230553562384761e-01 -4.668049392160631861e+00
-3.340465274458163769e+00 9.207095657961419377e+00 -5.709242447532216325e+00 9.207095657961419377e+00 -1.138817356177199613e+01 1.288626050305924586e+00 -5.709242447532216325e+00 1.288626050305924586e+00 -1.527388366309671852e+01
-2.644161950942649852e+01 7.341999214499549176e+00 1.109133542541095352e+01 7.341999214499549176e+00 -6.274538113425860075e+01 1.188375062067290422e+01 1.109133542541095352e+01 1.188375062067290422e+01 -2.649779633344772378e+01
8.804546445739756422e+00 -1.510344500884321839e+01 1.122355021079453330e+01 -1.510344500884321839e+01 -4.845345524488629962e+01 -4.131741927516801915e+00 1.122355021079453330e+01 -4.131741927516801915e+00 1.420500728503636445e+01
1.244479553375990122e+01 -6.091217781562096256e+00 -7.117073199340171463e+00 -6.091217781562096256e+00 -3.702856599356145040e+01 6.384592561754257600e-01 -7.117073199340171463e+00 6.384592561754257600e-01 7.460816085291603450e+00
4.181894378847385951e+01 -6.425500334459666618e+00 2.973470305783180390e+00 -6.425500334459666618e+00 -9.812815958938324812e+00 2.997051509519951917e+00 2.973470305783180390e+00 2.997051509519951917e+00 4.434370512635609174e+01
4.517660453671557264e+01 -2.691923093553268753e+00 1.278147950509928421e+01 -2.691923093553268753e+00 -3.017781693572563029e+01 1.926685531076592994e+01 1.278147950509928421e+01 1.926685531076592994e+01 5.313951526027307182e+01
2.742098345221496647e+00 2.692404305669957409e+01 -2.221434329621790660e+00 2.692404305669957409e+01 4.444587253838689023e+00 -2.961082369997402708e+00 -2.221434329621790660e+00 -2.961082369997402708e+00 -1.462829840128540582e+01
1.277671758600216911e+01 -2.690384360563238708e+00 -9.937009423637681138e+00 -2.690384360563238708e+00 -3.659978940670934833e+01 1.206684634384228794e+01 -9.937009423637681138e+00 1.206684634384228794e+01 1.513743041519234112e+00
-1.053088290569476548e+01 -5.413790856646026661e+00 -9.595347794781206474e+00 -5.413790856646026661e+00 -6.220131530027494904e+01 6.268435977895808975e+00 -9.595347794781206474e+00 6.268435977895808975e+00 1.800224648787671078e-01
1.372848413487664843e+01 3.675661207072186354e+00 1.015574301437592553e+01 3.675661207072186354e+00 1.953219058504198458e+01 5.223904900801760398e+00 1.015574301437592553e+01 5.223904900801760398e+00 3.590029211718243829e+01
-5.216287949635400878e+00 5.318448937937177767e+00 5.322378206718014759e+00 5.318448937937177767e+00 -3.589956671319428949e+01 -1.060860991262324582e+00 5.322378206718014759e+00 -1.060860991262324582e+00 6.433966265838771292e+00
1.943736461290269668e+00 -1.636468776790564306e+01 -6.947137454101559584e+00 -1.636468776790564306e+01 -2.128926403324754446e+01 1.198354028060083287e+01 -6.947137454101559584e+00 1.198354028060083287e+01 -1.293749090267894530e+01
-1.513504533881045511e+01 -1.774435554572463758e+01 3.013139148854792282e+01 -1.774435554572463758e+01 -6.012977711066450581e+01 -2.049684945928404645e+01 3.013139148854792282e+01 -2.049684945928404645e+01 -4.910654937122170338e+01
-2.098243868735505657e+01 -1.647393676859720824e+00 1.502843470460727693e-01 -1.647393676859720824e+00 -3.267491419608125280e+00 1.841317327334699527e+01 1.502843470460727693e-01 1.841317327334699527e+01 -3.083098551972640777e+01
-3.903212062573894769e+01 5.751131113085455659e+00 -2.206117085189528426e-01 5.751131113085455659e+00 -9.393321424180614088e+01 -3.908470157740245643e+00 -2.206117085189528426e-01 -3.908470157740245643e+00 -3.916795226406719621e+01
7.675108976053706122e+00 7.856648757019260465e+00 7.199258187893121885e+00 7.856648757019260465e+00 2.847881346351058163e+00 4.862612443175789778e+00 7.199258187893121885e+00 4.862612443175789778e+00 6.581087239611598250e+00
3.335435181253210146e-01 9.730447869576133169e-01 1.339922599728815911e+01 9.730447869576133169e-01 -4.011799373407124847e+01 -1.368150196479983904e+01 1.339922599728815911e+01 -1.368150196479983904e+01 3.083753556157465159e+00
3.899846430072648218e+01 -8.126940988473258187e+00 1.539274826105849314e+01 -8.126940988473258187e+00 -1.302776235584598652e+01 -1.123095370475075860e+01 1.539274826105849314e+01 -1.123095370475075860e+01 5.066217645643934020e+01
1.281324416925113852e+01 -1.574585644885510405e+01 -8.200021759506155306e+00 -1.574585644885510405e+01 -5.018216119995255298e+01 2.343895788227250865e+00 -8.200021759506155306e+00 2.343895788227250865e+00 3.483707722124690598e+00
-7.070663331702434995e+00 2.284331834410870954e+00 -1.665418998517145033e+00 2.284331834410870954e+00 -1.219540426121070809e+01 -5.253777374518090681e+00 -1.665418998517145033e+00 -5.253777374518090681e+00 -2.357665119624702932e+00
4.177231256766270384e+00 1.100392430227956986e+01 2.877276643979258530e+00 1.100392430227956986e+01 1.331811294358639319e+00 4.481842006969691816e+00 2.877276643979258530e+00 4.481842006969691816e+00 2.317307429541233699e+00
-9.478149801498320315e+00 1.236557624859126042e-01 -7.782930708068431791e+00 1.236557624859126042e-01 -2.502383472961246724e+01 3.972396505851869097e+00 -7.782930708068431791e+00 3.972396505851869097e+00 -2.232613905234595819e+01
-1.264537535725337314e+01 -1.064155277061838412e+01 1.339905089711057862e+01 -1.064155277061838412e+01 -2.117718650674370551e+01 -3.700480696780197754e+00 1.339905089711057862e+01 -3.700480696780197754e+00 -3.765074738752790751e+01
3.989594867847203741e+00 3.504254066479043583e+00 -5.143577038288674075e+00 3.504254066479043583e+00 -8.674868783000805550e+00 2.885269096261657840e+00 -5.143577038288674075e+00 2.885269096261657840e+00 -1.007726393086479710e+01
-8.644174405525777871e+00 -6.538720607677486196e-01 1.294830415294531578e+00 -6.538720607677486196e-01 -2.150460982851947378e+01 -4.834239524284758560e-01 1.294830415294531578e+00 -4.834239524284758560e-01 -1.429687523439919339e+01
6.073532626037996707e+00 -2.333308517803379445e+00 8.432299905158155084e+00 -2.333308517803379445e+00 -3.136027280812628604e+01 9.279595119095530364e+00 8.432299905158155084e+00 9.279595119095530364e+00 3.584087379317034916e+00
3.368873465573597059e+01 1.799743431054362519e+00 2.717745275762630364e+00 1.799743431054362519e+00 3.477614669625165078e+01 -6.311052461246153822e-01 2.717745275762630364e+00 -6.311052461246153822e-01 3.526784978140841531e+01
-9.337316173862626911e+00 1.109978221925033637e+01 8.023178016202134444e+00 1.109978221925033637e+01 -2.923266723501070175e+01 3.088331476269197129e+00 8.023178016202134444e+00 3.088331476269197129e+00 -2.229067687817028798e+01
-1.584004644491985303e+01 -5.219499628292084914e+00 1.161574734428539202e+01 -5.219499628292084914e+00 -6.001221678048355557e+01 1.702074596460374423e+01 1.161574734428539202e+01 1.702074596460374423e+01 -2.779255330644661015e+01
-1.779431213380392762e+01 5.342580979840981570e+00 3.991354889129677730e+00 5.342580979840981570e+00 -9.986051266746667210e+00 9.898819740994397876e+00 3.991354889129677730e+00 9.898819740994397876e+00 -1.600597394391658668e+01
1.436371504276901767e+01 1.236749339692264549e+01 -7.415094712540660105e+00 1.236749339692264549e+01 -2.294251439145606852e+01 -7.871609543944861898e-01 -7.415094712540660105e+00 -7.871609543944861898e-01 8.977928522690971747e+00
-5.511888035995411883e+00 -3.745227040924173689e+00 1.480480240716035567e+00 -3.745227040924173689e+00 -5.182208433537066838e+01 -1.652143837411546556e+01 1.480480240716035567e+00 -1.652143837411546556e+01 -1.638668550162388371e+01
7.935624178281541319e+00 -3.016630746148780240e+00 -3.306588073293853292e+00 -3.016630746148780240e+00 -2.932106597054183439e+01 -8.876056397880777382e+00 -3.306588073293853292e+00 -8.876056397880777382e+00 -1.531652431163627481e+00
6.797298929450366245e+01 6.259531038438891137e+00 -1.384238969694282417e+01 6.259531038438891137e+00 3.876281116280301475e+00 7.224082449542763129e+00 -1.384238969694282417e+01 7.224082449542763129e+00 6.441573086768499934e+01
2.353660489729143279e+01 2.163005205288451638e+00 -5.005898248998947864e+00 2.163005205288451638e+00 2.371736427060000452e+01 -8.013554790593243382e+00 -5.005898248998947864e+00 -8.013554790593243382e+00 2.064841568121067539e+01
1.477527879306197001e+00 7.616908307888160756e+00 -1.393812970315175370e+00 7.616908307888160756e+00 4.871878585692974717e+00 6.815520994658592180e+00 -1.393812970315175370e+00 6.815520994658592180e+00 1.996460179274825464e+01
1.288214751002255376e+01 4.712368385006082683e+00 7.242607858741227922e+00 4.712368385006082683e+00 -1.947693093857585467e+01 -1.350722685053238337e+00 7.242607858741227922e+00 -1.350722685053238337e+00 1.942129294997866396e+01
1.592955696579958769e+01 1.133402574570133226e+01 -8.020567116479684344e+00 1.133402574570133226e+01 1.719179480898257140e+01 2.084072086906231025e+00 -8.020567116479684344e+00 2.084072086906231025e+00 1.508806507034426758e+01
1.382095355141141679e+00 2.559195070995469123e+01 1.739136714809708906e+01 2.559195070995469123e+01 -1.979149364628509389e+01 4.064201427408217882e+00 1.739136714809708906e+01 4.064201427408217882e+00 2.038236145311134617e+00
-9.210895155061319173e+00 -4.475690141492870922e+00 5.021596818699538112e+00 -4.475690141492870922e+00 -2.019055489212068721e+01 3.987643331515733358e+00 5.021596818699538112e+00 3.987643331515733358e+00 -3.394976464023728369e+01
1.011566520572813666e+01 4.378893907089404181e+00 -2.369887225335546022e-01 4.378893907089404181e+00 -2.642286891591458797e+01 2.215962495041284175e+00 -2.369887225335546022e-01 2.215962495041284175e+00 1.006696319073441437e+01
4.101382316229218361e+01 -1.235451663295846991e+00 1.393176626853255762e+01 -1.235451663295846991e+00 2.915587484002751850e+01 5.494061459622400223e-01 1.393176626853255762e+01 5.494061459622400223e-01 3.498183964930593248e+01
-1.800108955773449537e+00 -1.685820740750333835e+00 7.101898065753439182e-01 -1.685820740750333835e+00 -3.104371380701023142e+01 -5.049016526302738228e+00 7.101898065753439182e-01 -5.049016526302738228e+00 2.503842744358688144e+00
-1.815285489924147555e+01 -2.510657420262753625e+00 -4.029571451848888763e+00 -2.510657420262753625e+00 -3.427371579923961065e+01 1.291546374909751549e+00 -4.029571451848888763e+00 1.291546374909751549e+00 -2.366416790828144201e+01
-5.726444762845948944e+00 9.933443733223047190e+00 1.559499884793783542e+00 9.933443733223047190e+00 2.137660810222913810e+01 1.551411207402031422e-01 1.559499884793783542e+00 1.551411207402031422e-01 -3.458195067705550230e+01
-5.746577502910425750e+01 -6.146690815298749833e+00 2.680765889707950933e+00 -6.146690815298749833e+00 -3.573552899078836020e+01 3.688486234925357543e+00 2.680765889707950933e+00 3.688486234925357543e+00 -4.188052330718943495e+01
