-1.907865518405769834e+01 7.605272947139049222e+00 -8.387214409339090793e+00 7.605272947139049222e+00 -2.364948486319979537e+01 -2.354045508652994556e+00 -8.387214409339090793e+00 -2.354045508652994556e+00 -1.676657165254953341e+01
-2.684019597107676347e+01 -2.627959827925557268e-01 1.930117566681007446e+01 -2.627959827925557268e-01 -3.228405632482816401e+01 2.143786244332703372e+00 1.930117566681007446e+01 2.143786244332703372e+00 -4.966319928733843625e+01
-4.899244448359527104e-01 -1.103137103297011556e+01 -3.203023081583773024e+00 -1.103137103297011556e+01 3.260658591691996122e+01 -1.027982195345279770e+01 -3.203023081583773024e+00 -1.027982195345279770e+01 -1.990943301336578841e+01
-1.794118764299002189e+00 -5.474450917297776442e+00 -1.111686426591249166e+01 -5.474450917297776442e+00 3.760965726158743472e+00 5.320038640232622740e+00 -1.111686426591249166e+01 5.320038640232622740e+00 -2.835761484000185462e+01
-4.006483914188679307e+01 -4.131981878495799565e-01 -8.902967573524652067e+00 -4.131981878495799565e-01 -3.779061897745949494e+01 -5.022338954522322929e+00 -8.902967573524652067e+00 -5.022338954522322929e+00 -5.495850471737539777e+01
5.592771408820382817e+01 2.088220058363140907e+01 -8.924332306090159150e+00 2.088220058363140907e+01 5.152895946750676615e+01 2.236880712153318740e+00 -8.924332306090159150e+00 2.236880712153318740e+00 3.189234869006135042e+01
-2.336133175156087205e+01 -2.654904723547319989e+00 3.388633296280207041e+00 -2.654904723547319989e+00 -3.461964172023423458e+01 -1.153341927815093193e+01 3.388633296280207041e+00 -1.153341927815093193e+01 -7.625655409753259839e+00
-2.610485096210265255e+00 -3.551607959345477905e+00 5.627809238087512433e+00 -3.551607959345477905e+00 -5.994342649796092992e+00 2.200057163114846759e+01 5.627809238087512433e+00 2.200057163114846759e+01 -1.176768880249313831e+01
-5.087918661697388600e+00 -1.772899572867420659e+01 9.798523473596183919e+00 -1.772899572867420659e+01 -8.907007447095026009e+00 3.130207995395454912e+00 9.798523473596183919e+00 3.130207995395454912e+00 -4.038471418348134279e+01
-1.941479126191352123e+01 9.672182771987102967e+00 -1.168681788332879501e+00 9.672182771987102967e+00 -9.351165197757516978e+00 3.560965684985468283e+00 -1.168681788332879501e+00 3.560965684985468283e+00 -2.409322653903976885e+01
2.719651839601832322e+01 7.822950116182724178e-01 3.396990824627804884e+00 7.822950116182724178e-01 1.918041140474745276e+01 1.200996305607614900e+01 3.396990824627804884e+00 1.200996305607614900e+01 2.483379245341818375e+01
-1.215569055898263784e+01 -8.830781039627375151e+00 -7.721667331745891261e+00 -8.830781039627375151e+00 -6.017148695503538924e+00 -5.510677176086243856e-01 -7.721667331745891261e+00 -5.510677176086243856e-01 -1.998412546249131694e+01
-1.594612398637974238e+01 1.438921050593443596e+01 4.050535295048747209e+00 1.438921050593443596e+01 -2.501577656687453910e+01 -5.494774291396618437e+00 4.050535295048747209e+00 -5.494774291396618437e+00 -5.605221317197246123e+01
3.854631786546555361e+01 1.615706988079370987e+01 1.457194149262179828e+01 1.615706988079370987e+01 2.811191292780991446e+01 -5.664414581227379841e+00 1.457194149262179828e+01 -5.664414581227379841e+00 -7.198726557868962317e+00
-9.319197622049820495e+00 3.893686297013305264e+00 -9.027853500460164327e+00 3.893686297013305264e+00 -2.042419189441747562e+01 1.266852907751597002e+01 -9.027853500460164327e+00 1.266852907751597002e+01 -7.345848239303222726e+01
-2.356552922869776978e+01 1.567056044427674166e+01 -1.822984126635403967e+01 1.567056044427674166e+01 8.551933615818347434e+00 -4.086269700584902687e+00 -1.822984126635403967e+01 -4.086269700584902687e+00 -2.803265350388674904e+01
-2.035951793307241431e+01 1.071717871682734113e+01 1.444520949229759310e+01 1.071717871682734113e+01 -9.604551076934935594e+00 -2.891160651106260193e+00 1.444520949229759310e+01 -2.891160651106260193e+00 -2.735287364284373268e+01
-3.950900017309470513e+01 1.705449433277420113e+01 1.392167651584268251e+00 1.705449433277420113e+01 -4.155338091291268654e+01 5.180031511083861062e+00 1.392167651584268251e+00 5.180031511083861062e+00 -3.198584596910784938e+01
3.726939819796216113e+01 2.641189086754154314e-01 1.234611056810189389e+01 2.641189086754154314e-01 3.450247975582978199e+01 -1.905610129700053834e+00 1.234611056810189389e+01 -1.905610129700053834e+00 5.323978010286086970e+00
-9.250284919524126792e+00 1.133497001180096753e+01 3.466423671406626550e+00 1.133497001180096753e+01 1.431606151684693984e+01 1.159519112458605150e+01 3.466423671406626550e+00 1.159519112458605150e+01 -2.680958388432366135e+01
-3.479525207884400118e+01 -9.416058908521820925e+00 -3.047272151687950181e+00 -9.416058908521820925e+00 -5.254941205297349427e+01 -6.609129215124919243e-01 -3.047272151687950181e+00 -6.609129215124919243e-01 -4.359795322708706067e+01
7.328550032875503994e+00 -1.724026713907308306e+01 5.341180731987360097e+00 -1.724026713907308306e+01 3.067177055336586378e+01 2.532731269193293500e+01 5.341180731987360097e+00 2.532731269193293500e+01 -2.584131729430022872e+01
-1.192623324880447200e+01 1.420652198159886659e+01 9.747921510881237595e+00 1.420652198159886659e+01 -1.940751643335529764e+01 1.408043072701809351e+01 9.747921510881237595e+00 1.408043072701809351e+01 -1.192912083478723773e+01
-1.381357680244892094e+01 4.502399644728913408e+00 2.321537679172656521e+00 4.502399644728913408e+00 -2.694595806375462388e+01 -7.230670121433544040e+00 2.321537679172656521e+00 -7.230670121433544040e+00 -4.194756896899626497e+01
-9.204568667128925075e-01 6.081573679093629003e+00 -9.712323407199866310e+00 6.081573679093629003e+00 1.307562958074237258e+01 5.386793525455034981e+00 -9.712323407199866310e+00 5.386793525455034981e+00 -6.759296954950310132e-01
4.236541301903176304e+01 1.146119090535813712e+01 8.138723412213270336e+00 1.146119090535813712e+01 4.068598274387981917e+01 -9.907115274838155017e+00 8.138723412213270336e+00 -9.907115274838155017e+00 -6.319878976432064199e+00
2.104414171108227904e+01 6.167857852514266881e+00 -5.890165623981857834e+00 6.167857852514266881e+00 5.356889921419057288e+00 1.286363170953024104e+00 -5.890165623981857834e+00 1.286363170953024104e+00 2.340662819473543765e-01
-6.577937404227314744e+01 -1.250607640915318974e+01 -1.333829312282021995e+01 -1.250607640915318974e+01 -4.214539675537260877e+01 4.720623000255841362e+00 -1.333829312282021995e+01 4.720623000255841362e+00 -8.151255333786730262e+01
3.725818677314050831e+01 -3.977985171749538917e+00 8.945820268857668012e+00 -3.977985171749538917e+00 1.123231233939259788e+01 -9.777860382369681913e-01 8.945820268857668012e+00 -9.777860382369681913e-01 -2.669667378536263769e+01
1.729903080827717687e+01 -5.482282333577139788e+00 -1.231952153747525092e+00 -5.482282333577139788e+00 2.402258176528095035e+01 5.681565645648263718e+00 -1.231952153747525092e+00 5.681565645648263718e+00 1.858563814641532197e+00
1.812969744194085520e+00 5.804298565195336934e+00 -3.979123521976480671e+00 5.804298565195336934e+00 -8.644706170067161244e-01 1.393713729287801151e+01 -3.979123521976480671e+00 1.393713729287801151e+01 -1.880878691992290541e+01
-6.634964700845710439e+00 6.176291154234875513e+00 -3.309212732319617434e+00 6.176291154234875513e+00 -1.647885521566237088e+01 -8.273378680123462559e+00 -3.309212732319617434e+00 -8.273378680123462559e+00 -4.297758864230575426e+01
-6.189556755238597496e+00 1.093887893544287238e+01 7.976904387611389424e+00 1.093887893544287238e+01 -1.908654390615858176e+01 -1.340456597641093950e+01 7.976904387611389424e+00 -1.340456597641093950e+01 -4.806869192112276323e+01
-5.030116981936775744e+01 -3.097809085436951104e+00 3.834311092489158579e+00 -3.097809085436951104e+00 -2.601613204895310005e+01 -6.222768711583009704e+00 3.834311092489158579e+00 -6.222768711583009704e+00 -3.449542027367815233e+00
1.976339212568879589e+01 -1.234763929759678192e+01 1.267959292934569504e+01 -1.234763929759678192e+01 2.611737744272419093e+01 -1.558062189163403488e+01 1.267959292934569504e+01 -1.558062189163403488e+01 3.440943241349458503e+00
-5.173656079063981394e+00 -2.207732676577719033e+01 1.966351518000953424e+00 -2.207732676577719033e+01 -7.621254387297546451e+00 9.534592237661973613e+00 1.966351518000953424e+00 9.534592237661973613e+00 -2.737801615737767236e+01
-2.025166257326400299e+01 -2.637502122272342220e+01 -1.070584386772106811e+01 -2.637502122272342220e+01 1.574386819026080131e+00 6.115604600899453125e+00 -1.070584386772106811e+01 6.115604600899453125e+00 2.688037671441334098e+00
-2.293816426105103190e+01 1.009408326974365799e+01 4.320576112607907859e+00 1.009408326974365799e+01 -1.175582502951917441e+01 2.175186644296428148e-02 4.320576112607907859e+00 2.175186644296428148e-02 -3.804595911203578762e+00
1.190926580846374172e+01 -4.494096667553410640e+00 1.380042473277162784e+01 -4.494096667553410640e+00 -1.724539165952430508e+01 -1.163784165443439811e+01 1.380042473277162784e+01 -1.163784165443439811e+01 -1.461715296149611554e+01
6.846091813472292564e+00 2.677537373141417376e+00 -6.902102608888788460e+00 2.677537373141417376e+00 2.499941991729771829e+01 -6.207411050342603431e+00 -6.902102608888788460e+00 -6.207411050342603431e+00 -2.891994411699308287e+01
-3.612773159272543388e+00 1.003949047473627054e+01 -1.397766892581348586e+01 1.003949047473627054e+01 9.869181789232996493e+00 8.245343702655304696e+00 -1.397766892581348586e+01 8.245343702655304696e+00 1.663451134369855211e+01
-2.025991785113421884e+01 -4.526124345001178106e+00 5.166106151537579017e+00 -4.526124345001178106e+00 -2.800921473230739522e+01 -7.956118193577029096e+00 5.166106151537579017e+00 -7.956118193577029096e+00 -3.058311020346349096e+01
-1.350478124862638651e+01 5.800346067789504012e+00 -1.545484901517332865e+01 5.800346067789504012e+00 -3.153187056948384637e+01 -8.005085717492184116e+00 -1.545484901517332865e+01 -8.005085717492184116e+00 -1.370939589957380456e+01
-1.423513080436552691e+01 -1.371603289506916568e+01 -1.994131561681998477e+01 -1.371603289506916568e+01 -2.406513103034082590e+01 -1.895388685395787931e+01 -1.994131561681998477e+01 -1.895388685395787931e+01 -5.880602560249253230e+01
-2.603521563289138641e+01 1.578664160482135692e+01 -8.512972625196455922e+00 1.578664160482135692e+01 -2.505885929946355262e+01 -7.744569034044125999e+00 -8.512972625196455922e+00 -7.744569034044125999e+00 -2.301417045888410584e+01
1.301074700860516664e+01 4.031427880409100273e-01 -4.797176344598979569e-01 4.031427880409100273e-01 2.515347726845288179e+01 -3.043408750539858598e+00 -4.797176344598979569e-01 -3.043408750539858598e+00 -8.315347719082966549e+00
2.384521652731029562e+01 -4.939516098616191009e+00 -1.395803916707561321e+01 -4.939516098616191009e+00 1.306426582579413953e+01 -5.548597284995736345e+00 -1.395803916707561321e+01 -5.548597284995736345e+00 -2.986955033370447055e+01
-3.396225325002072992e+01 1.342341097314025333e+01 -1.153801394334843966e+00 1.342341097314025333e+01 -4.110056924476810991e+01 3.313528925503722022e-01 -1.153801394334843966e+00 3.313528925503722022e-01 -2.875954056783359292e+01
4.989779607882326928e+01 6.678517875162369721e-01 5.953659782887442020e+00 6.678517875162369721e-01 4.395130577949692707e+01 -1.949229046386948161e+00 5.953659782887442020e+00 -1.949229046386948161e+00 4.040853220912806876e+01
1.177340868027470755e+01 -1.336719966439775575e+01 5.301086463105045610e+00 -1.336719966439775575e+01 1.862459987615980950e+01 -4.118521705927217447e+00 5.301086463105045610e+00 -4.118521705927217447e+00 -2.576275883136201728e+01
