-1.963866617705510365e+01 -4.789282677181587289e+00 -9.855450059208187952e+00 -4.789282677181587289e+00 8.233438137118890054e+00 8.945587741678542315e+00 -9.855450059208187952e+00 8.945587741678542315e+00 -3.619696104381377211e+01
5.681749973348777516e+00 1.014432992892691310e+01 -2.818917624509917008e+00 1.014432992892691310e+01 -2.097342201127034400e+01 -9.504748445475536656e+00 -2.818917624509917008e+00 -9.504748445475536656e+00 7.049800919723863579e+00
-3.717622298388386781e+01 -1.078422593206517632e+01 -6.322508604092432982e+00 -1.078422593206517632e+01 -2.664159571767920553e+01 -2.490302960948662658e+00 -6.322508604092432982e+00 -2.490302960948662658e+00 -4.015147369649341869e+01
4.890654975022297180e+00 3.438413195012027135e+00 -1.357478870796086490e+01 3.438413195012027135e+00 -1.319391823542676079e+01 1.398337001291076653e+01 -1.357478870796086490e+01 1.398337001291076653e+01 2.780253085815201786e+01
3.827268722907858489e+01 -4.458873313426050977e+00 4.598294769246546565e+00 -4.458873313426050977e+00 3.728846167437402670e+01 -4.375154773078029358e-01 4.598294769246546565e+00 -4.375154773078029358e-01 4.437336594958580349e+01
-1.287546951560887720e+00 4.640790902617491831e+00 1.159193180294656322e+01 4.640790902617491831e+00 3.127633347185577861e+01 -4.523211401982405455e-01 1.159193180294656322e+01 -4.523211401982405455e-01 -1.886813404297030061e+01
1.411876873607518235e+01 6.610233217799922345e-01 2.263327648351752153e+00 6.610233217799922345e-01 6.838860148653969517e+00 -6.670049081883705711e+00 2.263327648351752153e+00 -6.670049081883705711e+00 -1.497511547122485132e+00
-2.001767371306198484e+01 -8.481993180062772808e+00 8.193997061113297065e+00 -8.481993180062772808e+00 -2.868609750765256194e+01 1.451797837385462309e+01 8.193997061113297065e+00 1.451797837385462309e+01 -2.941658397169610240e+01
-2.545858382361952721e+01 2.830480537028826848e+00 -3.331160106879974769e+00 2.830480537028826848e+00 -1.827276176837173338e+01 3.698749951771930000e+00 -3.331160106879974769e+00 3.698749951771930000e+00 -4.235749307096786653e-01
-7.602908269896674121e+00 -6.935529639837241245e-01 9.805245858424347816e+00 -6.935529639837241245e-01 1.894358871352724094e+01 -6.521065527697038622e-01 9.805245858424347816e+00 -6.521065527697038622e-01 -1.755106509974752527e+01
1.072876452625165022e+01 1.263842860213171981e+01 8.127059056183638219e+00 1.263842860213171981e+01 2.342466952997752472e+01 -1.012229975959672323e+01 8.127059056183638219e+00 -1.012229975959672323e+01 2.278010959793836321e+01
8.160483659254506250e+00 -4.959697159837538116e+00 9.364399487274758016e+00 -4.959697159837538116e+00 4.931706148098201936e+01 6.311758725757623090e+00 9.364399487274758016e+00 6.311758725757623090e+00 -4.328811105636813750e+01
-3.106241087599161688e+01 5.242552454257952910e+00 -8.141396799645750804e+00 5.242552454257952910e+00 -2.946749433885919700e+01 1.073165013046374483e+01 -8.141396799645750804e+00 1.073165013046374483e+01 -3.813668797588915993e+01
-3.274027951697681260e+01 6.503660617271071587e+00 -9.402089142245589670e+00 6.503660617271071587e+00 -1.608794844935970048e+01 -1.230235530809637545e+01 -9.402089142245589670e+00 -1.230235530809637545e+01 -3.152711135939204468e+01
-2.904991432156901965e+01 -8.219335969525769503e-01 1.727082455299401520e+00 -8.219335969525769503e-01 -9.219153618376326520e+00 -4.892661106832257190e+00 1.727082455299401520e+00 -4.892661106832257190e+00 -6.818328553368232292e+01
-2.998837143098032243e+01 -3.383483910569148634e+01 2.352636307227902535e+01 -3.383483910569148634e+01 -4.265978419137773869e+01 -1.255683869149477161e+00 2.352636307227902535e+01 -1.255683869149477161e+00 -2.707548358363290575e+01
3.960303339545340862e+01 -1.236583270439691296e+00 8.178232369299850646e+00 -1.236583270439691296e+00 3.128971414260968231e+01 -5.335674209870158613e+00 8.178232369299850646e+00 -5.335674209870158613e+00 -1.657727653298086423e+01
2.431014008843520813e+00 3.397538588984818198e+00 -3.351719120813589026e+00 3.397538588984818198e+00 3.872919379274738816e+01 3.366972934580265253e+00 -3.351719120813589026e+00 3.366972934580265253e+00 -2.766959854319508239e+01
-1.891717314533402217e+01 1.194818028018712930e+01 -1.976951624557626275e+01 1.194818028018712930e+01 1.151993389995769945e+00 -6.156216124426496350e+00 -1.976951624557626275e+01 -6.156216124426496350e+00 -3.183301948704468387e+01
9.709813365078732161e-01 5.631644363346182125e+00 -6.563690554573613056e+00 5.631644363346182125e+00 1.708234724110834790e+01 -6.431895052954899050e+00 -6.563690554573613056e+00 -6.431895052954899050e+00 3.982089021782401761e-01
4.258355993989715316e+00 1.057009517368570073e+01 1.271010416073726468e+01 1.057009517368570073e+01 3.504716683410941869e+01 4.655777386798807704e+00 1.271010416073726468e+01 4.655777386798807704e+00 -7.810426739169342270e+00
4.128249588656384361e+01 -5.410059340693198493e+00 -1.351387105937354960e+01 -5.410059340693198493e+00 3.095178809386245788e+01 3.004843820491053030e+00 -1.351387105937354960e+01 3.004843820491053030e+00 4.027307539306395512e+01
-2.618877780067720806e+01 1.620927889001503175e+01 7.181887622987094488e+00 1.620927889001503175e+01 -7.768022056162503297e+00 -1.972064729707566144e+01 7.181887622987094488e+00 -1.972064729707566144e+01 -2.760568347340133499e+01
-1.190534624082841830e+01 -1.122837841454348862e+01 -1.499091656959432228e+01 -1.122837841454348862e+01 -2.149037587850951425e+01 1.979066835551309111e+01 -1.499091656959432228e+01 1.979066835551309111e+01 1.151647307779811769e+01
2.992980256389810734e+01 8.665987186724446900e+00 9.311261966432173409e+00 8.665987186724446900e+00 5.125080446826484781e+00 -4.329911435305204392e+00 9.311261966432173409e+00 -4.329911435305204392e+00 2.342512318027905138e+01
-3.235267169967541268e+00 2.965025906781807219e+00 1.193227842799463190e+01 2.965025906781807219e+00 -6.085022381341264719e+01 6.202285907342067084e+00 1.193227842799463190e+01 6.202285907342067084e+00 6.729400794793833462e+00
-1.075656709948327894e+01 -1.120275778563535241e+01 6.304889069080589437e+00 -1.120275778563535241e+01 3.911226982642930494e+01 -1.675684479724310005e+00 6.304889069080589437e+00 -1.675684479724310005e+00 -4.087579201543267260e+01
-1.415571720565169045e+01 -1.305577979445104830e+01 1.753622028181734294e+01 -1.305577979445104830e+01 9.632267530556582358e+00 -1.253713052465119837e+01 1.753622028181734294e+01 -1.253713052465119837e+01 -3.298643258409093448e+01
2.354272939072852466e+01 -6.930452963952392409e+00 -8.432922826451781262e+00 -6.930452963952392409e+00 2.095742382969739737e+01 -5.508981063241211729e+00 -8.432922826451781262e+00 -5.508981063241211729e+00 2.214131581872046084e+01
1.195145137003382985e+01 1.095739874853330953e+01 -6.332535857642675126e+00 1.095739874853330953e+01 4.918166884694948671e+00 -5.858260992337260831e+00 -6.332535857642675126e+00 -5.858260992337260831e+00 8.919723699627761349e+00
-4.016986363880522504e+01 1.419690502186894143e+01 -8.956554072596720761e-01 1.419690502186894143e+01 -2.683862527980567592e+01 2.726544822456720585e+00 -8.956554072596720761e-01 2.726544822456720585e+00 -2.153563547078320539e+01
-2.626129792652127648e+01 1.824883494800786599e+00 -1.461355649404996093e+01 1.824883494800786599e+00 -1.205243828205337309e+01 -5.969077301673623381e+00 -1.461355649404996093e+01 -5.969077301673623381e+00 -6.072569901309366003e+01
-1.997259872747931553e+01 -1.678289414641514909e+01 -2.641201196582718236e+00 -1.678289414641514909e+01 -1.950486472719022535e+00 3.169654563137507264e+00 -2.641201196582718236e+00 3.169654563137507264e+00 -4.314652914871196998e+01
-3.562867180707494086e+00 5.921201611822064059e+00 2.785657185246446677e+00 5.921201611822064059e+00 3.975198561197601066e+01 5.587130483615595722e+00 2.785657185246446677e+00 5.587130483615595722e+00 -5.611798161167368448e+01
3.293151329194081711e+01 2.314897586127716345e+00 -1.992340716465266226e+01 2.314897586127716345e+00 -1.130860210522222076e+01 -6.581215141785944134e+00 -1.992340716465266226e+01 -6.581215141785944134e+00 5.247899541090300346e+01
-3.291470584139596411e+01 -9.314060620329337681e+00 3.949966024182059332e+00 -9.314060620329337681e+00 -7.690759354037109752e+00 -9.061518411496622960e+00 3.949966024182059332e+00 -9.061518411496622960e+00 -8.389284863559711880e+01
-3.004050007881440720e+01 -5.097391064138752093e+00 1.489077023990943793e+01 -5.097391064138752093e+00 -3.288765400202806433e+01 -3.462633506243555370e+00 1.489077023990943793e+01 -3.462633506243555370e+00 -4.025146440094631828e+01
1.371763793044171065e+00 7.503959913768921686e-01 3.433801792023391197e+00 7.503959913768921686e-01 9.907329562581114857e+00 -1.595337809769094228e+00 3.433801792023391197e+00 -1.595337809769094228e+00 -2.091778854549553657e+01
-1.328098997601149733e+01 -8.656494050266074325e+00 -1.682271334012195085e+00 -8.656494050266074325e+00 -1.562856034924514859e+00 -3.661626072582163438e+00 -1.682271334012195085e+00 -3.661626072582163438e+00 -3.599237671426150698e+00
3.198955889411878672e+01 -4.815614667082138034e+00 7.955997329749569857e+00 -4.815614667082138034e+00 2.105227739190115699e+01 -5.140173400449811858e+00 7.955997329749569857e+00 -5.140173400449811858e+00 3.071433150334024020e+01
-5.307682714843494409e+00 3.730992542724431260e+00 -5.031003894122017428e+00 3.730992542724431260e+00 -9.742201376126368828e+00 2.188819525696739099e+00 -5.031003894122017428e+00 2.188819525696739099e+00 -1.579079979520225407e+01
1.348918192552103079e+01 -1.454653552905159630e+00 2.357321995535495596e+00 -1.454653552905159630e+00 1.305857478979754838e+01 -1.397617937129109977e+00 2.357321995535495596e+00 -1.397617937129109977e+00 1.876649218107640849e+01
4.384268818500686393e+01 1.953736543110048629e+00 -4.470787875665005018e+00 1.953736543110048629e+00 -3.021272289719011184e+01 -6.931007070189988184e+00 -4.470787875665005018e+00 -6.931007070189988184e+00 4.233571132039487850e+01
-3.241623328568406492e+01 -2.372115073010245823e+00 -1.135231786715056934e+01 -2.372115073010245823e+00 -2.582930494270212662e+01 2.807183256679055106e+00 -1.135231786715056934e+01 2.807183256679055106e+00 -3.032393211601284477e+01
-4.864338883537093494e+01 -6.181406296240950837e+00 1.530584991783175930e+01 -6.181406296240950837e+00 -3.848329094888430291e+01 -9.497893652208464488e+00 1.530584991783175930e+01 -9.497893652208464488e+00 -3.841982914662882820e+01
1.088810696220529195e+01 5.922492507524495409e+00 -2.704498303451926322e+00 5.922492507524495409e+00 2.210832893078897854e+01 -9.867786264738744872e-01 -2.704498303451926322e+00 -9.867786264738744872e-01 2.364230223265611386e+01
5.606969316414433990e+01 -7.078992761335468842e+00 4.961988643716463088e+00 -7.078992761335468842e+00 4.926460589563797043e+01 -8.617675274840101096e+00 4.961988643716463088e+00 -8.617675274840101096e+00 4.512148634067585817e+01
-6.066595105352540429e+00 2.411805430768838931e+01 2.511749640624290958e+00 2.411805430768838931e+01 2.573375417727849168e+00 -1.036827184225294829e+01 2.511749640624290958e+00 -1.036827184225294829e+01 1.348333235474685488e+01
-6.291697282298640559e+00 -1.000794630601129498e+01 -1.573336409292404037e-01 -1.000794630601129498e+01 -1.437591088957794305e+01 -2.074722004913389739e+01 -1.573336409292404037e-01 -2.074722004913389739e+01 -5.031313865798901830e+00
-9.912096114389605361e+00 4.367621949454971286e+00 5.781512088820871753e+00 4.367621949454971286e+00 2.261894604689683774e+01 2.454018983757643824e+00 5.781512088820871753e+00 2.454018983757643824e+00 -2.957455994145281153e+01
-1.502330051214534201e+01 8.716291833707050074e+00 7.041016941870267054e+00 8.716291833707050074e+00 4.110194220921776775e+01 -9.161265729892893006e+00 7.041016941870267054e+00 -9.161265729892893006e+00 -4.022514191765569791e+01
-3.662447617387773846e+01 -9.284284873511717606e+00 -1.291912154903047139e+01 -9.284284873511717606e+00 -4.670969962549514065e+01 -1.226290867671463580e+01 -1.291912154903047139e+01 -1.226290867671463580e+01 -5.482948212788235764e+01
9.695596671558018187e+00 -2.352078307741850005e-01 -2.219456638419716299e+00 -2.352078307741850005e-01 1.370126101634305193e+01 -4.859437605423724271e-01 -2.219456638419716299e+00 -4.859437605423724271e-01 2.304384860831699022e+00
1.118114491422937995e+01 -5.317089993181988383e+00 5.562731458716050348e+00 -5.317089993181988383e+00 1.827404648231913598e+01 2.773632685464229031e+00 5.562731458716050348e+00 2.773632685464229031e+00 9.104077889689428105e+00
-1.899458018665317027e+01 1.345245654438265603e+01 -3.197623034103808326e+00 1.345245654438265603e+01 -2.322417671231120906e+01 -1.549865009409743166e+01 -3.197623034103808326e+00 -1.549865009409743166e+01 -2.413679895105066109e+01
-1.990378727576326767e+01 9.208659034995852366e+00 -1.291380292439948363e+01 9.208659034995852366e+00 2.447906090450787175e+01 -6.836977588112065796e+00 -1.291380292439948363e+01 -6.836977588112065796e+00 -3.412405445373551061e+01
-2.199321906636375701e+01 2.274362263822210739e+00 7.496445047027078257e-01 2.274362263822210739e+00 3.408628285906736011e+01 8.673758205431555623e+00 7.496445047027078257e-01 8.673758205431555623e+00 4.905077362328870372e+00
2.728453739179641602e+01 6.558410385875620641e+00 8.248459765313959080e-01 6.558410385875620641e+00 3.214458951633284300e+01 -2.264086491488932928e+00 8.248459765313959080e-01 -2.264086491488932928e+00 2.899443688457334289e+01
-3.705185165087786459e+01 -1.955660782987169810e+01 -6.006036992197864244e+00 -1.955660782987169810e+01 -4.355481236341348250e+01 1.366873435144988047e+00 -6.006036992197864244e+00 1.366873435144988047e+00 -9.826618526280439525e+00
9.771490185013613328e+00 1.452942512317980572e+01 -3.046238787545076931e+00 1.452942512317980572e+01 4.584469165060720997e+01 -1.277883246690738694e+01 -3.046238787545076931e+00 -1.277883246690738694e+01 -2.250345133360309191e+01
-3.308051897250557971e+01 7.068226963922533024e+00 1.672415577490087735e+00 7.068226963922533024e+00 4.547908510419967243e+00 1.263389401891319075e+01 1.672415577490087735e+00 1.263389401891319075e+01 -4.643966766657401379e+00
-1.216682345953441491e+01 -5.355139667791122271e+00 3.028446164516531702e+00 -5.355139667791122271e+00 3.806439149706470459e+01 5.408244915419377463e+00 3.028446164516531702e+00 5.408244915419377463e+00 -3.717451499113826685e+01
6.291306431314968961e+01 -3.024929694555393311e+01 -8.570922004724765841e+00 -3.024929694555393311e+01 -6.526276747037740300e-01 -6.676919408287092850e+00 -8.570922004724765841e+00 -6.676919408287092850e+00 6.063679267883065904e+01
4.807244497659088900e+00 1.840628123110784387e+01 -1.334111323670428106e+01 1.840628123110784387e+01 -5.333073448279948003e+00 -1.800526344300768145e+01 -1.334111323670428106e+01 -1.800526344300768145e+01 2.871951456533415481e+01
2.841592987896374467e+01 1.081544688540306831e+00 -2.345897314289806701e+01 1.081544688540306831e+00 3.947054579568597177e+01 1.259205186725196413e+01 -2.345897314289806701e+01 1.259205186725196413e+01 5.115260422594315060e+01
-3.094219517394891383e+01 -1.613484341051782067e+01 3.526383421241779725e+00 -1.613484341051782067e+01 3.523337193421768632e+01 -9.735319057711079083e+00 3.526383421241779725e+00 -9.735319057711079083e+00 -4.144910099429538519e+01
-2.157067300257046583e+01 -7.220886879363033195e+00 -2.418528652418765024e+00 -7.220886879363033195e+00 -9.349084809906148763e+00 -1.716274273118163274e+00 -2.418528652418765024e+00 -1.716274273118163274e+00 -2.186677715990013482e+01
3.113144898623009027e+01 7.559657625356573263e+00 -3.051526060742890234e+00 7.559657625356573263e+00 8.218728817653911278e+00 8.988821512961827631e-01 -3.051526060742890234e+00 8.988821512961827631e-01 4.493729651616769161e+01
-3.273467736429709163e+01 -2.240343805627811946e+01 1.338725714896605901e+01 -2.240343805627811946e+01 -3.022993021115528123e+01 1.443993168939892380e+00 1.338725714896605901e+01 1.443993168939892380e+00 1.779005324201305882e+01
-3.551946400947666671e+00 -1.435053712176313834e+00 -4.679176704683438714e+00 -1.435053712176313834e+00 -1.433851529086809151e+01 -5.097867346301137914e+00 -4.679176704683438714e+00 -5.097867346301137914e+00 -5.618801908929130562e+00
-2.113442504528730836e+00 3.344787565859305811e+00 -4.700931261279259310e+00 3.344787565859305811e+00 -7.108610882722865565e-01 -1.336451149182319931e+01 -4.700931261279259310e+00 -1.336451149182319931e+01 -1.667033054532805991e+01
2.149286754945820022e+01 1.949513026253446302e-01 2.892764107166642340e+00 1.949513026253446302e-01 3.283257227404591561e+01 -5.408561344968846996e+00 2.892764107166642340e+00 -5.408561344968846996e+00 1.674472026773869260e+01
-1.547135579422024598e+01 5.800525550533262908e+00 2.335572378222157042e+01 5.800525550533262908e+00 -7.082771493754180803e+00 8.985415669174054543e+00 2.335572378222157042e+01 8.985415669174054543e+00 -2.596832614629797220e+01
1.381360645221832328e+00 1.748160749499188071e+01 -2.398289314505737568e+00 1.748160749499188071e+01 -2.923008440022857712e+01 -7.822940028466994988e+00 -2.398289314505737568e+00 -7.822940028466994988e+00 -3.596626075089859853e+01
-8.431839330174231151e+00 -1.497774881105829792e+01 1.702941400461443777e+01 -1.497774881105829792e+01 -2.318353519481422254e+01 -1.145438474759130187e+01 1.702941400461443777e+01 -1.145438474759130187e+01 -1.166272745197378313e+01
3.593377797619276492e+01 9.951997305188609033e+00 8.122633606894829938e+00 9.951997305188609033e+00 2.198641030618955838e+01 2.394022142389582442e+00 8.122633606894829938e+00 2.394022142389582442e+00 3.287582016264223483e+01
-1.102342312846939087e+01 3.443933355430330412e+00 -1.748359267945506090e+01 3.443933355430330412e+00 -3.094891891205691437e+01 -8.739846681899297920e+00 -1.748359267945506090e+01 -8.739846681899297920e+00 1.043171641951047945e+01
-4.943205327153285822e+01 4.203993125840914669e-01 1.120878228273414656e+00 4.203993125840914669e-01 -2.466152296436823832e+01 3.121495872414049355e+00 1.120878228273414656e+00 3.121495872414049355e+00 -2.588960966049871004e+01
4.074738001967712364e+01 -2.174766257697975658e-02 1.132230668642724147e+01 -2.174766257697975658e-02 8.968310400235345980e+00 -2.622393099889731349e+00 1.132230668642724147e+01 -2.622393099889731349e+00 4.819425734080147805e+01
-1.670331043556127781e+01 -2.136470286091402571e+01 -4.507894355243289297e+00 -2.136470286091402571e+01 -2.058077826688085565e+01 2.233268352881722374e-01 -4.507894355243289297e+00 2.233268352881722374e-01 -1.749032064265709963e+01
-1.322115270598919778e+01 -8.963224951747132963e+00 -1.983179553509312143e+01 -8.963224951747132963e+00 -3.207681305180968678e+01 -8.723142789816401566e-02 -1.983179553509312143e+01 -8.723142789816401566e-02 -1.909421355723683078e+01
-1.211764987657147863e+01 3.685300215389793799e+00 5.949594507557206313e+00 3.685300215389793799e+00 1.287536382376842958e+01 7.056880472756940748e+00 5.949594507557206313e+00 7.056880472756940748e+00 5.419448768776848890e-01
-4.766366964622844193e+01 4.699942129634249177e-01 -1.042973676628118262e+01 4.699942129634249177e-01 -5.827037565325552393e+00 2.022521125518055296e+00 -1.042973676628118262e+01 2.022521125518055296e+00 -6.376577058766648598e+00
-1.183373901688673735e+00 -1.134602230990325822e+01 9.226982652844506916e+00 -1.134602230990325822e+01 1.356359894616214978e+00 -7.771642849843855672e+00 9.226982652844506916e+00 -7.771642849843855672e+00 -2.131810781872674809e+01
7.665523578523127490e+00 -7.108914285373595376e+00 6.558831846815363242e+00 -7.108914285373595376e+00 -2.228785829454934131e+01 -2.761561273388377913e+01 6.558831846815363242e+00 -2.761561273388377913e+01 1.650077646335208215e+01
-1.485336435095715402e+01 -6.021148684127220818e+00 9.062537297236707090e+00 -6.021148684127220818e+00 -1.402924062723542953e+01 -2.171216460608751220e+01 9.062537297236707090e+00 -2.171216460608751220e+01 -6.851782731666524739e+00
-1.029130388793389095e+01 -1.033604603533112787e+01 -4.731393896428546242e+00 -1.033604603533112787e+01 2.922140660288537717e+01 -1.710960882269385808e+00 -4.731393896428546242e+00 -1.710960882269385808e+00 -4.355525316883610998e+01
-4.266152635276864657e+01 -9.317825301654707459e+00 -2.513485389303686368e+00 -9.317825301654707459e+00 1.175669548197996628e+00 1.902289054080058328e+00 -2.513485389303686368e+00 1.902289054080058328e+00 -2.242683282973092673e+01
-7.848568190073125450e+00 -1.414335148763305305e+01 -8.117860553260834777e+00 -1.414335148763305305e+01 -6.408374565827823233e+01 8.635291047261789643e+00 -8.117860553260834777e+00 8.635291047261789643e+00 -1.790304869521335007e+01
-2.458687123019048570e+01 1.548273969820603568e+01 1.133839438063617422e+01 1.548273969820603568e+01 -3.144930116127548470e+00 1.081159479990651917e+01 1.133839438063617422e+01 1.081159479990651917e+01 -4.617321425978337857e+01
-8.676411787171955936e+00 -1.198636140281637985e+01 -7.647744123714005582e+00 -1.198636140281637985e+01 3.909841441160322262e+01 -3.080309123580547759e+00 -7.647744123714005582e+00 -3.080309123580547759e+00 -3.267020626863568111e+01
6.278377238221739098e+00 2.767062710387640401e+00 -1.592716735171508979e+01 2.767062710387640401e+00 -5.547091444635274371e+01 -6.029405883179975056e+00 -1.592716735171508979e+01 -6.029405883179975056e+00 7.903876920565883202e-01
2.511695939604590322e+01 5.758670235712105345e+00 -1.068779248859681630e+01 5.758670235712105345e+00 4.276418732055473981e+01 -4.311707325227306598e+00 -1.068779248859681630e+01 -4.311707325227306598e+00 5.199367359079510464e+01
3.124148070308617164e+01 1.281744264475735662e+01 -3.799855968617680269e+00 1.281744264475735662e+01 2.935112018777009268e+01 -3.240849223090358944e+00 -3.799855968617680269e+00 -3.240849223090358944e+00 1.325504908338685617e+01
4.855507521305989371e+01 -1.222139742294706233e+00 1.299950235379527586e+00 -1.222139742294706233e+00 3.724685704057537095e+01 6.209963126520010590e-01 1.299950235379527586e+00 6.209963126520010590e-01 4.544623114332732428e+01
-8.494785700719839738e+00 -4.715520798351972687e+00 1.253232254591075012e+01 -4.715520798351972687e+00 -2.609507923403796426e+01 -1.413153247389984024e+01 1.253232254591075012e+01 -1.413153247389984024e+01 -3.594965611382537229e+00
-2.515951474091767537e+01 -1.008947263839684361e+01 6.121306876679510012e+00 -1.008947263839684361e+01 8.724416043903408635e+00 5.527033828910573376e+00 6.121306876679510012e+00 5.527033828910573376e+00 -4.308749290183841651e+01
-2.871275906583034043e+01 -1.104280112560668492e+01 8.976133882565052957e+00 -1.104280112560668492e+01 -1.813351771365850240e+01 -6.029971017230172592e+00 8.976133882565052957e+00 -6.029971017230172592e+00 -3.601436404970311855e+01
-5.277002156150781786e+01 1.063893424142493416e+01 -1.039014670767134341e+01 1.063893424142493416e+01 -1.425281246044684380e+01 5.860110845039846472e-01 -1.039014670767134341e+01 5.860110845039846472e-01 -8.317598831550556326e+01
-2.970741127123498160e+01 -3.304000051584795816e+00 2.057329693442442320e+00 -3.304000051584795816e+00 -1.494634008205172826e+01 -2.520262083390230501e+00 2.057329693442442320e+00 -2.520262083390230501e+00 -5.097358655987283527e+01
