2.619762466887605257e+01 -9.020569484976062924e+00 5.798273105400383542e+00 -9.020569484976062924e+00 -1.577917080483174495e+01 5.412729637074628064e-01 5.798273105400383542e+00 5.412729637074628064e-01 5.641661914361878694e+00
7.176855730207795325e+00 -7.468731464672488052e+00 1.473851712026548988e+01 -7.468731464672488052e+00 -4.129764679197936772e+01 -3.971437413029021979e+00 1.473851712026548988e+01 -3.971437413029021979e+00 1.134503531919851405e+01
-1.491527846040452232e+01 -9.576908307537495446e+00 3.340449908511020283e+01 -9.576908307537495446e+00 -2.844924861954268991e+01 4.470886320235274880e+00 3.340449908511020283e+01 4.470886320235274880e+00 -3.895907218292794028e+01
8.495936616951516029e+00 -2.369385214389445693e+01 1.966509971296478909e+01 -2.369385214389445693e+01 -4.718625977217961065e+01 2.774883265382048325e+00 1.966509971296478909e+01 2.774883265382048325e+00 9.684220264868637074e+00
9.963280608848867814e+01 -8.107679331433363501e+00 1.242588713916124377e+01 -8.107679331433363501e+00 1.996003766196487561e+01 -3.551376123293083609e+00 1.242588713916124377e+01 -3.551376123293083609e+00 7.676276125996091082e+01
2.887549125263796768e+01 2.431848742397427543e+00 4.428784018715570880e+01 2.431848742397427543e+00 3.962327891819624082e+00 1.036407992234931186e+00 4.428784018715570880e+01 1.036407992234931186e+00 -2.949305455706489720e+00
3.741555789862582770e+01 -2.577813145090370384e+01 9.620785535010675460e+00 -2.577813145090370384e+01 2.647977807726857336e+01 -3.432868863495058598e+00 9.620785535010675460e+00 -3.432868863495058598e+00 3.293798706065780380e+01
-9.417673053093091440e+00 -4.890698813329680483e+00 2.924254705452617742e+01 -4.890698813329680483e+00 -3.804603936204555481e+01 5.190709911019109946e+00 2.924254705452617742e+01 5.190709911019109946e+00 -7.036906708585997094e+00
4.189805583417331114e+00 -7.449854582533401270e+00 2.159917354330725914e+01 -7.449854582533401270e+00 1.167047332671230464e+01 -4.635864922391138343e+00 2.159917354330725914e+01 -4.635864922391138343e+00 -1.267951007721190138e+01
1.376118830956559336e+01 8.478079376977687431e+00 3.461891261645853035e+01 8.478079376977687431e+00 -1.887019235869535549e+01 4.115514466624380141e+00 3.461891261645853035e+01 4.115514466624380141e+00 4.758506050758574446e+01
8.875333322489638022e+00 2.642886868531060784e+01 7.781162974005567667e-02 2.642886868531060784e+01 -2.591213386573476996e+01 -1.940345425410704649e+01 7.781162974005567667e-02 -1.940345425410704649e+01 2.029940750710278152e+01
3.818070426268810280e+01 -9.153643415652426896e+00 1.449796974766049829e+01 -9.153643415652426896e+00 -2.705351875224445024e+01 1.433393521457376529e+01 1.449796974766049829e+01 1.433393521457376529e+01 -3.052016060036564671e+00
6.890150829981364211e+01 3.315849249661770415e+00 2.148370081023752221e+01 3.315849249661770415e+00 3.808804367532861335e+01 2.925373972660754607e+00 2.148370081023752221e+01 2.925373972660754607e+00 4.069639297277649348e+01
-8.739175366438863835e-01 1.872768117206628780e-01 3.571364196232130439e+01 1.872768117206628780e-01 -2.571494756161132855e+01 -8.212145734962451371e+00 3.571364196232130439e+01 -8.212145734962451371e+00 2.957209034170670492e+00
3.529584135397134048e+01 -2.563118357879641367e-03 -7.568586967482360706e+00 -2.563118357879641367e-03 2.379087895704532230e+01 -1.143086171185129896e+00 -7.568586967482360706e+00 -1.143086171185129896e+00 3.017633910605433201e+01
2.959130822225136725e+01 -1.254695669033505112e+01 2.620152590570703666e+01 -1.254695669033505112e+01 -6.781289542998462316e+00 2.873479546800568496e+00 2.620152590570703666e+01 2.873479546800568496e+00 9.799410764394625772e+00
3.673572130365139543e+01 -5.871431293639842508e+00 2.453537457479098549e+01 -5.871431293639842508e+00 2.507087954557047738e+01 7.224595414867200915e+00 2.453537457479098549e+01 7.224595414867200915e+00 4.121674555842226795e+01
8.810981119784919713e+01 7.128217871642914538e+00 4.592969427924020209e+01 7.128217871642914538e+00 4.090712845102283524e+01 2.396784867255449925e+01 4.592969427924020209e+01 2.396784867255449925e+01 5.723399901358137498e+01
-3.002621189258254830e+01 -1.315671046964520086e+00 1.988842267003932562e+01 -1.315671046964520086e+00 -7.632534622715650130e+01 4.083811317544475905e+00 1.988842267003932562e+01 4.083811317544475905e+00 -6.028992323307371493e+01
-1.291008193600934462e+01 1.397415897958542530e+01 2.360664783109815446e+01 1.397415897958542530e+01 -4.967188835235572952e+01 1.638189297288021606e+01 2.360664783109815446e+01 1.638189297288021606e+01 -1.948000886052706093e+01
4.728612907975050206e+01 7.540301996223047754e-01 4.140080051809405526e-01 7.540301996223047754e-01 -8.846143634383556886e+00 -1.306280915409401278e+00 4.140080051809405526e-01 -1.306280915409401278e+00 2.001292416326501566e+01
-1.421959932281013472e+01 5.156285887694094683e+00 3.151461247636474994e+01 5.156285887694094683e+00 -5.230706556217564440e+01 1.191255552924603389e+00 3.151461247636474994e+01 1.191255552924603389e+00 -4.575778430383577700e+01
1.231827210094683167e+01 2.209912083081515632e+01 3.808223358517673063e+01 2.209912083081515632e+01 -8.203712053229923029e+00 -6.032667926400703706e+00 3.808223358517673063e+01 -6.032667926400703706e+00 3.174096350526755472e+01
-1.295385626819821567e+01 -3.071532194936309246e+00 -3.634990852736549982e+00 -3.071532194936309246e+00 -1.223152006799704594e+01 -2.635404393989900740e+01 -3.634990852736549982e+00 -2.635404393989900740e+01 -2.571430569256968468e+01
6.509973737622462231e+00 -2.261879604665118748e+01 2.166252204258140424e+01 -2.261879604665118748e+01 -1.804899733180576893e-01 -2.234144971855668871e+01 2.166252204258140424e+01 -2.234144971855668871e+01 9.917300525746989948e+00
-1.535195610075221495e+01 2.562637123746992263e+00 9.619234697404724699e+00 2.562637123746992263e+00 -2.449267982135938837e+01 -6.817197596120884384e+00 9.619234697404724699e+00 -6.817197596120884384e+00 -5.334413012728982828e+00
-5.166101157790527054e+01 1.208659294785969074e+01 2.499707894099891092e+01 1.208659294785969074e+01 -6.819492533801228262e+01 1.783675801210202039e+01 2.499707894099891092e+01 1.783675801210202039e+01 -3.644718372271423590e+01
6.725382863417340928e+00 2.087381414046896033e+00 1.380717502367806837e+01 2.087381414046896033e+00 -3.190221242476726360e+01 1.360290699329988406e+01 1.380717502367806837e+01 1.360290699329988406e+01 -2.854129829271763175e+00
-5.219183400201472978e+00 -1.027236121336560259e+01 2.868251851348943759e+01 -1.027236121336560259e+01 -5.580594170587323077e+01 -3.141018787806048707e+01 2.868251851348943759e+01 -3.141018787806048707e+01 -4.596226913324611196e+00
-2.653504636713899689e+00 -6.029116821449286512e+00 -2.364593948118255629e+00 -6.029116821449286512e+00 -2.523263623106775544e+00 6.987210078573254712e+00 -2.364593948118255629e+00 6.987210078573254712e+00 -1.044540147197086455e+01
6.309426085826124364e+01 -2.851433080578156876e+01 6.184298685560415976e+01 -2.851433080578156876e+01 2.750338042536676042e+01 -2.336563970133414259e+01 6.184298685560415976e+01 -2.336563970133414259e+01 2.705061172198142927e+01
1.213835373355036440e+00 3.100110588829222991e+01 2.684815302563924888e+01 3.100110588829222991e+01 -9.680063842858350753e+00 -3.782593260158474191e+00 2.684815302563924888e+01 -3.782593260158474191e+00 -2.778987726181565776e+01
2.937748197058400379e+01 -5.184485200407450201e+00 4.576136721431962684e+01 -5.184485200407450201e+00 -1.075109542363681747e+01 -1.595724087218613141e+00 4.576136721431962684e+01 -1.595724087218613141e+00 -4.343729246046581061e+00
3.571102069580704086e+00 -1.106605380242526770e+01 3.610432614523479344e+01 -1.106605380242526770e+01 -1.042755429450779481e+01 1.076641272165336893e+01 3.610432614523479344e+01 1.076641272165336893e+01 7.125283931990693098e+00
2.042127247400269852e+01 9.433830022175769159e+00 1.109536994609392480e+01 9.433830022175769159e+00 -2.799903984984756633e+01 5.039605335175618706e+00 1.109536994609392480e+01 5.039605335175618706e+00 -2.041149857907731047e+01
-9.158419371986999735e+00 -1.565236827301215783e+01 1.705532980886080452e+01 -1.565236827301215783e+01 -4.405091696758273656e+01 4.337997836004572783e+00 1.705532980886080452e+01 4.337997836004572783e+00 -1.690142713573840183e+01
-3.754822305089577839e+01 -2.248215738942640840e+01 -7.511269560096923037e+00 -2.248215738942640840e+01 -3.577472383629887531e+01 -6.579204123570014495e+00 -7.511269560096923037e+00 -6.579204123570014495e+00 -4.009110072655699497e+01
4.027586487649416114e+01 9.913207679323166488e+00 1.220930054319837232e+01 9.913207679323166488e+00 2.351328646156724744e+01 -3.088284952068276468e+00 1.220930054319837232e+01 -3.088284952068276468e+00 3.644025794158419984e+01
-8.623700999694480229e-01 1.155200069522211326e+00 2.574873683322449125e+01 1.155200069522211326e+00 -2.732707394785208166e+01 1.311675655371028348e+01 2.574873683322449125e+01 1.311675655371028348e+01 -3.224373459259956576e+01
4.623270142349942269e+00 -1.187436058527800498e+01 -8.198320284727090845e-01 -1.187436058527800498e+01 2.431471189039676462e-01 7.973968131421358407e+00 -8.198320284727090845e-01 7.973968131421358407e+00 2.878177255704014925e+01
2.936301000997795896e+01 -4.210075467047255771e+00 -3.799578019043672317e-01 -4.210075467047255771e+00 9.456362205380377972e+00 2.251336667151572435e+00 -3.799578019043672317e-01 2.251336667151572435e+00 2.419719829667801037e+01
-2.955708018144934357e+01 -5.474076121247043680e+00 1.188781398140429957e+01 -5.474076121247043680e+00 -6.309779449618132929e+01 1.270535853899046685e+01 1.188781398140429957e+01 1.270535853899046685e+01 -2.724603175684356415e+01
3.292058824449515697e+01 -3.600403207024331032e+00 2.039405057747858763e+01 -3.600403207024331032e+00 2.117408829453591323e+01 -3.662290817796910236e+00 2.039405057747858763e+01 -3.662290817796910236e+00 -1.063863706379983753e+01
-2.722688124261311415e+01 -8.029513887007654060e-02 9.108273445025083959e+00 -8.029513887007654060e-02 -4.102006332862786309e+01 7.445375492127579875e+00 9.108273445025083959e+00 7.445375492127579875e+00 -3.447306885178461755e+01
1.009488553568656144e+01 -2.921536821675438045e+00 -2.726203175983600846e-01 -2.921536821675438045e+00 -3.140294869489530072e+01 -7.776780756257741345e+00 -2.726203175983600846e-01 -7.776780756257741345e+00 -1.070751302773037095e+00
1.835773748818873230e+01 9.535795992032959134e+00 1.182170714010069679e+00 9.535795992032959134e+00 -2.292390368190900141e+00 1.058776307741417355e+01 1.182170714010069679e+00 1.058776307741417355e+01 5.973040490463214169e+00
-8.489622622424235487e+00 1.315988293164468814e+01 1.551159517844288516e+01 1.315988293164468814e+01 -2.017087014067688422e+00 8.007462252411801984e+00 1.551159517844288516e+01 8.007462252411801984e+00 -1.633578914501318735e+01
-8.441089430003218652e+00 -5.513006801340489815e+00 2.604638547011832372e+01 -5.513006801340489815e+00 -5.050427353800169783e+01 3.883795683988683134e+00 2.604638547011832372e+01 3.883795683988683134e+00 2.322956645307958823e+01
5.776314020533738436e+00 -2.278232988316589935e+00 2.590242962110159297e+01 -2.278232988316589935e+00 -2.610029506600892191e+01 -2.161117753365499539e+01 2.590242962110159297e+01 -2.161117753365499539e+01 1.961897576923571584e+00
8.654455219499730845e+00 8.013581102431349024e+00 1.661681653574816764e+01 8.013581102431349024e+00 -5.783226352872624432e+01 4.883429801271847448e-01 1.661681653574816764e+01 4.883429801271847448e-01 -1.252834052794723263e+01
3.223752712365018880e+01 4.546933978515796504e+00 3.184886579570124221e-01 4.546933978515796504e+00 -1.025749659952330006e+01 1.573607309922233100e+01 3.184886579570124221e-01 1.573607309922233100e+01 1.136879015719044617e+01
-6.612195523444621692e+00 1.308309478831865924e+01 8.830638847431067973e+00 1.308309478831865924e+01 -4.653392752785931208e+01 3.694092729813314602e+00 8.830638847431067973e+00 3.694092729813314602e+00 -1.950630166085312567e+01
-1.055798880975727094e+01 -1.260462491346762448e+01 3.205861401935256083e+01 -1.260462491346762448e+01 -4.090121971592568428e+01 -4.477077204304050539e+00 3.205861401935256083e+01 -4.477077204304050539e+00 -2.811954395798688111e+01
1.956991185795921595e+01 -1.938780076521369367e+01 4.225647288272794455e+00 -1.938780076521369367e+01 -2.946429448299055665e+01 1.108666130670868100e+01 4.225647288272794455e+00 1.108666130670868100e+01 -9.486175381415078434e+00
1.172678931148312920e+01 1.572357992025501972e+00 1.075684906910968586e+01 1.572357992025501972e+00 -7.488034295315993738e+00 -1.175282930453260405e-01 1.075684906910968586e+01 -1.175282930453260405e-01 2.554200659833641751e+01
4.960731651298601719e+00 6.726704724852810013e-01 1.459944204065151396e+01 6.726704724852810013e-01 -4.042084719801862036e+01 4.414749222047733568e+00 1.459944204065151396e+01 4.414749222047733568e+00 -2.216349717013218168e+01
3.571570784920810926e+00 -1.294379310130563709e+01 2.477813683246878895e+01 -1.294379310130563709e+01 -4.273662791010450235e+01 1.433176526322641742e+01 2.477813683246878895e+01 1.433176526322641742e+01 -2.446812468898307813e+01
-8.332942457170073425e+00 -2.034479173704546540e+01 2.053707816650760165e+01 -2.034479173704546540e+01 -2.970644228751066152e+01 2.568906242669315887e+01 2.053707816650760165e+01 2.568906242669315887e+01 -6.519068174283660255e+01
-7.819621833179785320e+00 1.495390862640306651e+01 3.586666400975041569e+01 1.495390862640306651e+01 -1.949231547561328171e+01 7.780670552524060035e+00 3.586666400975041569e+01 7.780670552524060035e+00 1.431068998757247535e+01
-4.514016758267040963e+00 2.258788418814184240e+01 2.135690556472065538e+01 2.258788418814184240e+01 -2.242927423348810478e+01 -9.243840776636178092e+00 2.135690556472065538e+01 -9.243840776636178092e+00 -1.986270207010941924e+00
-1.472543589506720707e+01 -2.622640549514457931e+01 3.566253446007481731e+00 -2.622640549514457931e+01 -4.542497478282908929e+01 1.443638306562600881e+01 3.566253446007481731e+00 1.443638306562600881e+01 -1.760578254467606385e+01
4.008735709870676622e+00 1.390194989568112049e+01 1.078447379535066375e+01 1.390194989568112049e+01 -1.425025240796001746e+01 -6.843561526628242575e+00 1.078447379535066375e+01 -6.843561526628242575e+00 -2.843471399918580289e+01
-3.251679432375797063e+01 -1.195773060588577685e+01 2.193208139754209540e+01 -1.195773060588577685e+01 -7.830861248812058761e+01 -6.861316915938494354e+00 2.193208139754209540e+01 -6.861316915938494354e+00 -4.352865932615112143e+01
-4.902931940100263120e+00 9.298579713047516293e+00 1.111163416028489159e+01 9.298579713047516293e+00 -1.863904722218323595e+00 -1.742225706149193698e+01 1.111163416028489159e+01 -1.742225706149193698e+01 -3.055223360659963205e+01
-5.213920550137691734e+00 -3.941056053585897612e+00 1.208108185916212207e+01 -3.941056053585897612e+00 -4.444667256568539671e+01 1.374283263696868929e+00 1.208108185916212207e+01 1.374283263696868929e+00 -3.877540787376124598e+01
1.727836442768606418e+01 -1.389208390749099920e+01 5.137144638993921930e+00 -1.389208390749099920e+01 -8.907347058973590137e+00 1.587666950512023334e+01 5.137144638993921930e+00 1.587666950512023334e+01 -6.895623800746829346e+00
-1.026517212246207933e+01 -4.216760554450836196e+00 1.185052954985192564e+01 -4.216760554450836196e+00 -5.758555073438841987e+01 -1.090978629865199423e+01 1.185052954985192564e+01 -1.090978629865199423e+01 -9.316647753016862765e+00
-1.593778632919709182e+01 -2.218566585046686868e+01 1.924780768975325884e+01 -2.218566585046686868e+01 -5.742030815110653208e+01 4.187004334534128347e+00 1.924780768975325884e+01 4.187004334534128347e+00 -1.238575410412173028e+01
-2.475781082941743350e+01 1.034821230868760900e+01 2.593502274620937698e+01 1.034821230868760900e+01 -9.504095438878115942e+01 1.611695313841994448e+01 2.593502274620937698e+01 1.611695313841994448e+01 -8.572704555517636038e+01
3.047361062269438392e+01 1.172266985523665150e+00 2.507916216925996977e+01 1.172266985523665150e+00 3.336697904165057338e+01 1.321479689601496155e+01 2.507916216925996977e+01 1.321479689601496155e+01 5.437345049254344787e+01
2.241159173810339311e+01 1.145224033124046947e+01 4.124606384786704893e+01 1.145224033124046947e+01 -1.632847762506747813e+01 4.041279639588994854e+01 4.124606384786704893e+01 4.041279639588994854e+01 -1.522176848201743482e+01
2.314569183793290463e+01 -4.825718970119342366e+00 2.106085205776497560e+01 -4.825718970119342366e+00 -1.218675473383700414e+01 -4.924129356820458270e+00 2.106085205776497560e+01 -4.924129356820458270e+00 -2.267585198049189543e+01
-2.957982058979393702e+00 5.052442387814152447e+00 1.966348539635501069e+01 5.052442387814152447e+00 -2.260292389868504870e+01 1.640139492569564705e+00 1.966348539635501069e+01 1.640139492569564705e+00 -7.093417093142127428e+00
3.220472539022010494e+01 -1.124211729492686018e+01 1.269396772191277734e+01 -1.124211729492686018e+01 2.058858303400790124e+00 6.164121325460393486e+00 1.269396772191277734e+01 6.164121325460393486e+00 2.373852653148772163e+01
4.447157522602965685e+01 -1.162191326051507323e+00 1.195719139185946034e+01 -1.162191326051507323e+00 3.590254404135997390e+01 -5.103520982047903276e-01 1.195719139185946034e+01 -5.103520982047903276e-01 2.099783923066680913e+01
4.580441178346951858e+01 5.659660202604886337e+00 3.643800864206897216e+01 5.659660202604886337e+00 1.503999786727302990e+01 1.388914711548504322e+01 3.643800864206897216e+01 1.388914711548504322e+01 6.396314330076108234e+01
-4.753376789384986978e+00 -1.035053990353180708e+01 3.764318069977470316e+01 -1.035053990353180708e+01 -1.699897269777385844e+01 -1.884168878678362136e+00 3.764318069977470316e+01 -1.884168878678362136e+00 -7.814482593348484052e+00
-5.230665128644432116e+01 -2.681743485793803838e+00 -1.281361687899504886e+01 -2.681743485793803838e+00 -8.808708622803860067e+01 1.108991436490619931e+00 -1.281361687899504886e+01 1.108991436490619931e+00 -6.322492370335223200e+01
-1.329575355009992954e+01 -1.378691660299833810e+00 1.743814632950807564e+01 -1.378691660299833810e+00 -2.321436911043829454e+01 2.000522504551344838e+01 1.743814632950807564e+01 2.000522504551344838e+01 2.228171555088697176e+01
1.962734316244513266e+01 -7.369904742547130461e+00 7.147746901732990876e-01 -7.369904742547130461e+00 -2.872253869738582921e+01 -5.966402508700118013e+00 7.147746901732990876e-01 -5.966402508700118013e+00 -4.049016687472600751e+01
3.678962072233039748e+01 1.116219529022670720e+01 1.778622691475433015e+01 1.116219529022670720e+01 9.729272775564923315e-01 -9.849418745700061706e+00 1.778622691475433015e+01 -9.849418745700061706e+00 1.083513800857676834e+01
-1.056841680385986315e+01 -1.297037480011368338e+01 2.383333961460673933e+01 -1.297037480011368338e+01 -2.898312290900026156e+01 -3.066911346338855981e+00 2.383333961460673933e+01 -3.066911346338855981e+00 -3.189416125489290721e+01
2.052738216324345544e+01 1.578967673268928174e+00 5.390654293501911809e+01 1.578967673268928174e+00 -5.481069053129904667e+00 1.603698855891484953e+01 5.390654293501911809e+01 1.603698855891484953e+01 1.416268219964075392e+01
2.589063213806387154e+00 -8.776710111441031970e+00 1.534598166242550121e+01 -8.776710111441031970e+00 2.474241584916731540e+01 1.442478385642964156e+01 1.534598166242550121e+01 1.442478385642964156e+01 1.423158569890384229e+01
-2.253780124095080595e+01 -1.050884673463594687e+01 3.978192454375302844e+01 -1.050884673463594687e+01 -6.218609484000462118e+01 1.053787319142064227e+01 3.978192454375302844e+01 1.053787319142064227e+01 -2.868792505812301030e+01
2.658799618260076159e+00 1.590009038130141228e+01 2.041930725590764339e+01 1.590009038130141228e+01 -4.580871005287437292e+00 -7.222781409303264510e+00 2.041930725590764339e+01 -7.222781409303264510e+00 -2.301265923745086539e+01
2.475801909445496207e+01 2.465446222183935276e+00 2.640747781684731876e+01 2.465446222183935276e+00 -1.988153020412325134e+01 3.804373260536818568e-01 2.640747781684731876e+01 3.804373260536818568e-01 2.108252522099977355e+01
1.372409154648111773e+01 1.240262924335784334e+01 3.082252442746089116e+01 1.240262924335784334e+01 1.786203471769211903e+00 1.062381396830733671e+01 3.082252442746089116e+01 1.062381396830733671e+01 2.804216609003676908e+01
-3.454483665199639120e+01 6.085385210980463810e+00 1.688399358690341856e+01 6.085385210980463810e+00 -8.009354473514513018e+00 1.582366193354795225e+00 1.688399358690341856e+01 1.582366193354795225e+00 4.346476910952002726e+00
-3.375191845413233693e+01 -1.350798200435871088e+01 3.393959217617652513e+01 -1.350798200435871088e+01 -6.571682670279689376e+01 -7.342562966259676749e+00 3.393959217617652513e+01 -7.342562966259676749e+00 -7.742565523429024665e+01
5.111904698422402760e+01 -1.446954133981631152e+01 2.330462744468114167e+01 -1.446954133981631152e+01 1.816846420601414991e+01 -1.853651326030613333e+01 2.330462744468114167e+01 -1.853651326030613333e+01 4.194762562080997981e+01
4.582574522503725767e+00 -1.616265070362706879e+01 -8.466677401772219058e-01 -1.616265070362706879e+01 -3.691901765849689099e+01 -6.696549129251762267e+00 -8.466677401772219058e-01 -6.696549129251762267e+00 1.037254228321621563e-01
1.651080644090272997e+01 9.406876372190690061e-01 1.236567779459205241e+01 9.406876372190690061e-01 -1.719076156124782928e+00 -9.699627666949666605e+00 1.236567779459205241e+01 -9.699627666949666605e+00 9.611676265442641309e+00
2.540217769619661059e+00 3.804793440906582142e-02 3.636388593407020409e+01 3.804793440906582142e-02 -2.113943992187864396e+01 5.925871231691105523e-01 3.636388593407020409e+01 5.925871231691105523e-01 -1.076254280785556539e+01
1.994818049427487949e+01 3.471520124613548530e-01 1.801702284709826429e+01 3.471520124613548530e-01 -3.569410804140797211e+01 -2.387953051696100726e+00 1.801702284709826429e+01 -2.387953051696100726e+00 4.275515141493260529e+01
4.155305914810170975e+00 -7.961920208373520325e+00 2.584782022134094248e+01 -7.961920208373520325e+00 -1.135718817974848527e+01 1.659967267412923775e+01 2.584782022134094248e+01 1.659967267412923775e+01 -2.297272426044280635e+01
4.499458609895022221e+01 -3.299154285985296808e-01 3.347356575933853495e+00 -3.299154285985296808e-01 5.486905451486069296e+01 7.619701704528146990e+00 3.347356575933853495e+00 7.619701704528146990e+00 5.688108900956382286e+01
-8.422283288680308289e+00 -3.004829789141960639e+00 4.038689844869669088e+01 -3.004829789141960639e+00 -1.866802912767951739e+01 -1.343710367348456103e+01 4.038689844869669088e+01 -1.343710367348456103e+01 -1.878837227001377386e+01
2.855654488235338562e+01 1.221914570186681592e+00 6.175678579526069711e+01 1.221914570186681592e+00 -1.620785901464607193e+01 5.559581450455153728e+00 6.175678579526069711e+01 5.559581450455153728e+00 3.341635126812339429e+00
-2.563549467229412571e+01 -1.798869997181220537e-01 9.924873854545623431e+00 -1.798869997181220537e-01 -7.189287194815211990e+01 -1.741828317061042597e+01 9.924873854545623431e+00 -1.741828317061042597e+01 -8.686791965431970297e+00
