-1.740097452372046660e-01 1.127159918508504610e+01 -4.674152272259559204e+00 1.127159918508504610e+01 -4.363540315116839707e+00 -5.394351611283827730e-02 -4.674152272259559204e+00 -5.394351611283827730e-02 2.206407923177807984e+00
1.989883357471995140e+01 4.946129416721593230e+00 1.948658381613393331e+01 4.946129416721593230e+00 6.219053451836052737e+00 -2.555851153061873049e+00 1.948658381613393331e+01 -2.555851153061873049e+00 -1.353252035268791342e+00
2.328935806256986396e+01 2.934073551907822708e+00 1.302789604254856393e+01 2.934073551907822708e+00 2.069779671185025904e+01 5.752944386233876273e+00 1.302789604254856393e+01 5.752944386233876273e+00 3.374794056771826689e+01
-1.515761949974209877e+01 1.206153098889494046e+01 3.011377619771680614e+00 1.206153098889494046e+01 -2.190190632960322503e+01 -5.483506763312139931e+00 3.011377619771680614e+00 -5.483506763312139931e+00 -1.639241605287079295e+01
9.754786997762057155e+00 1.018402253341984043e+01 8.873718163718200103e+00 1.018402253341984043e+01 -2.529263560730466320e+00 6.551227718898088526e+00 8.873718163718200103e+00 6.551227718898088526e+00 5.443262999276299308e-01
-1.104923227472139935e+01 8.827352252466647897e+00 2.267053929146673497e+01 8.827352252466647897e+00 -4.498469985873874322e+01 9.827929984296154942e+00 2.267053929146673497e+01 9.827929984296154942e+00 -1.322264618770683420e+01
-1.667507831601461632e+01 1.249261126891221707e+00 9.509782968558056382e+00 1.249261126891221707e+00 -2.563147706884764787e+01 -6.705598127623388915e-01 9.509782968558056382e+00 -6.705598127623388915e-01 -1.616072131450049909e+01
-1.988768750412421227e+01 1.123379751499761348e+01 2.112978525172742206e+00 1.123379751499761348e+01 -1.110656491870350493e+01 -1.627246537813747063e+00 2.112978525172742206e+00 -1.627246537813747063e+00 -3.146716741965702724e+00
-1.150660899893609868e+00 -2.147122347211888993e+00 9.844349933618033788e+00 -2.147122347211888993e+00 -2.341495559560319606e+01 -3.221553465440655906e+00 9.844349933618033788e+00 -3.221553465440655906e+00 -3.597242233530574040e+00
4.907668306243023082e+00 -2.718880711042335641e+00 4.085001002245085999e+00 -2.718880711042335641e+00 -1.889750306971327287e+00 2.534451533957203573e+00 4.085001002245085999e+00 2.534451533957203573e+00 1.465354058233765500e+01
2.106940643302570848e+01 6.319622958070661767e+00 8.816802899912964619e+00 6.319622958070661767e+00 2.316087985365447821e+01 4.807175872853307830e+00 8.816802899912964619e+00 4.807175872853307830e+00 2.553965525188993624e+01
-4.153156732867563150e+00 -3.515131386953493031e+00 3.511454569505768397e+00 -3.515131386953493031e+00 -2.209371432258944878e+01 1.509575553223103661e+00 3.511454569505768397e+00 1.509575553223103661e+00 -1.371308435802880155e+01
-2.462922991517018900e+01 3.908203776109364647e+00 7.798781095472656411e+00 3.908203776109364647e+00 -1.383707602544034820e+01 7.555779115918171973e-01 7.798781095472656411e+00 7.555779115918171973e-01 -1.985038643619068566e+01
8.335083463131944370e+00 -8.444397512631335090e+00 1.208382067804322801e+01 -8.444397512631335090e+00 1.771073740364508353e+01 -1.816591648050148722e+00 1.208382067804322801e+01 -1.816591648050148722e+00 1.284162989116206965e+01
-7.013234653418048303e+00 1.098320786868373844e+01 1.296459377322474538e+01 1.098320786868373844e+01 -1.544042151739576951e+01 5.899229218155965793e-01 1.296459377322474538e+01 5.899229218155965793e-01 -4.233370534600330082e+00
3.779548203904158754e+01 -1.218646819783398172e+00 1.589811146866949976e+01 -1.218646819783398172e+00 4.290996257735758235e+01 7.736470455503781984e+00 1.589811146866949976e+01 7.736470455503781984e+00 2.996517329711363331e+01
2.031340293127989582e+01 2.805376213926647377e+00 8.988936649077771124e-01 2.805376213926647377e+00 5.751960296974032438e+00 6.298595973720114038e+00 8.988936649077771124e-01 6.298595973720114038e+00 1.138455473714712163e+01
-8.322008457010984239e-01 4.026624489636625448e+00 3.675352035167310238e-01 4.026624489636625448e+00 -1.707938182084977541e+01 -5.433988459921147651e+00 3.675352035167310238e-01 -5.433988459921147651e+00 -9.184760456273279416e+00
-4.576768869721479227e+00 -2.138309636312767825e+00 -1.564179939566883393e+00 -2.138309636312767825e+00 -1.136113838954886113e+01 1.275203264019413751e+00 -1.564179939566883393e+00 1.275203264019413751e+00 -1.315221514127742175e+01
-7.190826510344734857e+00 -7.289706872074908972e+00 2.504235219407050295e+00 -7.289706872074908972e+00 -1.268434277118472941e+01 -5.967545697379996739e-01 2.504235219407050295e+00 -5.967545697379996739e-01 2.708478717550445225e+00
3.394242451958169227e+01 -5.062529054516546445e+00 9.066557562421385441e+00 -5.062529054516546445e+00 2.725381223755844928e+01 7.144406240542259034e+00 9.066557562421385441e+00 7.144406240542259034e+00 2.894782429859511197e+01
-2.166767985486915293e+01 -8.297010499283862472e+00 8.542632121825741720e+00 -8.297010499283862472e+00 -3.884457133539787321e+01 -6.626240703634917573e+00 8.542632121825741720e+00 -6.626240703634917573e+00 -9.417093022836771965e+00
1.002416600522627377e+01 -3.460094640529618015e+00 1.061749665849346691e+01 -3.460094640529618015e+00 -1.014828417668663896e+01 -5.287658752485658864e-01 1.061749665849346691e+01 -5.287658752485658864e-01 1.779997720013735218e+01
-1.694192099703940002e+01 6.649542774645443188e+00 3.071122842266856168e+00 6.649542774645443188e+00 -2.819660382752489269e+01 2.898619913844141749e+00 3.071122842266856168e+00 2.898619913844141749e+00 2.760217642696360496e+00
-3.685653930066512096e+00 -9.322778780290715162e+00 8.689399831830362686e+00 -9.322778780290715162e+00 -2.416624239292306520e+00 7.368655082217134833e+00 8.689399831830362686e+00 7.368655082217134833e+00 2.555059737043432833e+01
1.191981012836608578e+01 -1.307944304665612956e+00 5.136166298644310402e+00 -1.307944304665612956e+00 1.341704888606230206e+01 4.647159687192816135e-01 5.136166298644310402e+00 4.647159687192816135e-01 2.780431099201905454e+01
-7.385509877723249517e+00 -2.180448825571042359e+00 8.277018409887210382e+00 -2.180448825571042359e+00 2.338258742845962690e+00 1.804239009121076043e+00 8.277018409887210382e+00 1.804239009121076043e+00 -1.076141607835754144e+01
-1.596040315390378339e+01 5.441923431843956216e+00 -2.231384408085869797e+00 5.441923431843956216e+00 -1.281715961314124641e+01 7.712318579464317203e+00 -2.231384408085869797e+00 7.712318579464317203e+00 -1.170102968596724580e+01
1.217731505518668378e+00 -5.540486916967054754e+00 -9.274249503055299604e-01 -5.540486916967054754e+00 -1.529616549075728038e+01 7.297525317401791334e+00 -9.274249503055299604e-01 7.297525317401791334e+00 -8.268055232371436247e+00
2.685108859904468659e+01 1.893586789802182091e+00 1.362157408269020920e+01 1.893586789802182091e+00 1.574341810994239133e+01 9.786041695621149117e+00 1.362157408269020920e+01 9.786041695621149117e+00 4.080279843906605208e+01
-8.216919804648668446e+00 8.178482012735784679e+00 9.667629414102458796e+00 8.178482012735784679e+00 -2.681181749260363034e+01 5.517637893041766439e+00 9.667629414102458796e+00 5.517637893041766439e+00 4.296549268041383485e+00
9.987424792612432656e-01 -5.579967483372570314e+00 1.753429918140510635e+00 -5.579967483372570314e+00 1.446381979536380236e+01 -2.451804533248932216e+00 1.753429918140510635e+00 -2.451804533248932216e+00 1.028056639502059788e+01
3.777103315603082478e+01 6.376167717222825715e+00 9.906587576561355135e+00 6.376167717222825715e+00 4.037712245888945262e+01 6.608538289248141240e+00 9.906587576561355135e+00 6.608538289248141240e+00 2.445959746115771694e+01
2.894686128764433430e+00 9.707392282942560457e-02 2.322959462382797380e+00 9.707392282942560457e-02 -7.760541252704880932e+00 -2.234248374588851949e+00 2.322959462382797380e+00 -2.234248374588851949e+00 -8.643552008648920371e-01
-2.010060523892932594e+01 -1.014772693824468552e+00 3.917801323404745517e+00 -1.014772693824468552e+00 -2.255022138718591407e+01 -4.169235582550949282e+00 3.917801323404745517e+00 -4.169235582550949282e+00 -2.805419523607107379e+01
-4.091416662604539844e+00 5.222933022643254652e+00 -4.447527204664472933e+00 5.222933022643254652e+00 -1.855256529325410142e+01 4.497719406669281605e-01 -4.447527204664472933e+00 4.497719406669281605e-01 -2.380722744632002019e+01
-2.784347422469992228e+00 7.444137806101075228e+00 2.388824618534210131e+00 7.444137806101075228e+00 -1.528049911255312487e+01 9.223571748628337730e+00 2.388824618534210131e+00 9.223571748628337730e+00 -4.189464280197666923e+00
2.498825715736034780e+01 3.078497430884524988e+00 1.278266852602580350e+01 3.078497430884524988e+00 3.417765401746812159e+01 5.261584100410328091e+00 1.278266852602580350e+01 5.261584100410328091e+00 2.471746744362308235e+01
-3.223499024814420721e+01 -1.745636108087862182e+00 -3.356681344785544141e+00 -1.745636108087862182e+00 -4.580801289967482859e+01 7.663487371214152688e+00 -3.356681344785544141e+00 7.663487371214152688e+00 -2.644078739083856533e+01
3.060139815542356345e+01 3.108175909487131516e+00 5.086048850981269354e+00 3.108175909487131516e+00 1.244575908941712683e+01 -2.930885953703409541e+00 5.086048850981269354e+00 -2.930885953703409541e+00 3.040693622733880019e+01
-5.264598797284280707e+00 1.064449195383209285e-01 3.898555663209161803e+00 1.064449195383209285e-01 -7.669821991982231246e+00 -1.093905387327948286e+00 3.898555663209161803e+00 -1.093905387327948286e+00 6.309335970530763227e+00
-8.805094592249544050e+00 8.013195891859894004e+00 1.286650182517156082e+01 8.013195891859894004e+00 -3.300829261964095451e+01 2.144775083283535277e+00 1.286650182517156082e+01 2.144775083283535277e+00 -1.004607350393087017e+01
4.738631546756033686e+01 7.446189994492926623e+00 1.062731929665165076e+01 7.446189994492926623e+00 4.350460912208361464e+01 -8.069934805024487900e+00 1.062731929665165076e+01 -8.069934805024487900e+00 3.627989725203835292e+01
2.836407932264978626e+01 -1.635140032348275874e+00 9.894945482664867953e+00 -1.635140032348275874e+00 2.776224761187931023e+01 4.549760297575089929e+00 9.894945482664867953e+00 4.549760297575089929e+00 2.438481036226361098e+01
5.926315343015526871e+00 -5.098695852839653320e+00 -7.624385512539678944e-02 -5.098695852839653320e+00 1.978379695264632088e-01 6.307702556649394054e+00 -7.624385512539678944e-02 6.307702556649394054e+00 1.578773307108921742e+01
5.685000988694533852e+00 4.799070309086489239e+00 8.252291996859499879e-01 4.799070309086489239e+00 -5.954073194863757301e+00 -7.466027635391296435e+00 8.252291996859499879e-01 -7.466027635391296435e+00 7.789264782608582571e+00
3.577802690738827174e+00 5.839635879479961211e+00 1.117146349920175297e+01 5.839635879479961211e+00 -1.460524186460748997e+00 1.178976324436914069e+01 1.117146349920175297e+01 1.178976324436914069e+01 8.915379403429430027e+00
5.221613747342457756e+00 4.076686920168697825e-01 1.171848344571100320e+01 4.076686920168697825e-01 -2.568686899953413771e+01 -2.274397841440866097e-01 1.171848344571100320e+01 -2.274397841440866097e-01 -2.388485385778879255e+00
1.210570925467847303e+01 1.088241896858223479e+00 -9.670832876219957797e+00 1.088241896858223479e+00 4.932647733784204291e+00 4.223186439832876005e+00 -9.670832876219957797e+00 4.223186439832876005e+00 2.480920435576672578e-01
3.052013712841410964e+01 -4.454512265550584438e+00 1.236053815486244112e+01 -4.454512265550584438e+00 4.074952962745690854e+01 1.567362698669013898e+00 1.236053815486244112e+01 1.567362698669013898e+00 2.499586811690435084e+01
