-8.041690750051969871e+00 6.798112231188063959e+00 -1.470918850982266157e+00 6.798112231188063959e+00 4.620872332255245851e-01 -1.761116762185842788e+00 -1.470918850982266157e+00 -1.761116762185842788e+00 6.216218831702662762e+00
-6.492498575135219774e+00 2.766444862547444927e+00 -3.720860678841548363e+00 2.766444862547444927e+00 4.227691065868108389e+00 3.338884966984606351e+00 -3.720860678841548363e+00 3.338884966984606351e+00 -4.745094719200403155e+00
1.048085637322663688e+00 2.865330654399441457e+00 -2.094591445174887312e+01 2.865330654399441457e+00 -1.483191458744157032e+01 1.693077000207690475e+01 -2.094591445174887312e+01 1.693077000207690475e+01 -9.628690525035112913e+00
-1.026578231741392599e+01 4.609040474163773382e+00 1.611987114467460458e+00 4.609040474163773382e+00 9.439749365256256297e+00 -7.101804123197104079e-01 1.611987114467460458e+00 -7.101804123197104079e-01 2.002045487949891722e+01
5.846038539988499139e+01 2.688090560516918082e-01 -2.282319301627347485e+01 2.688090560516918082e-01 3.979029576811409896e+01 -3.258194680607142235e+00 -2.282319301627347485e+01 -3.258194680607142235e+00 5.582439176868286168e+00
-3.655733433798947996e+00 -1.353277295841398598e+01 1.102538954613084066e+01 -1.353277295841398598e+01 -2.521728230648037083e+01 5.961237183299349374e-01 1.102538954613084066e+01 5.961237183299349374e-01 -2.004514639009996912e+01
-1.452534598521332398e+01 2.616836270210942672e+01 -1.124642525688060424e+01 2.616836270210942672e+01 -1.851550991088620313e+00 -1.316123409232740471e+01 -1.124642525688060424e+01 -1.316123409232740471e+01 1.370975499997537028e+01
2.301030899191317403e+01 8.772487654090237896e+00 -1.744056571200078842e+00 8.772487654090237896e+00 2.342536263946745123e+01 -7.480525737169398504e+00 -1.744056571200078842e+00 -7.480525737169398504e+00 -1.612139168221241192e+01
-1.565727362706612169e+01 -2.723654146470940507e+00 8.934626723987815211e+00 -2.723654146470940507e+00 1.285711335975359582e+01 1.033845212372554734e+01 8.934626723987815211e+00 1.033845212372554734e+01 -2.574016419730928718e+01
-1.330281496430452748e+01 -8.707746991369244682e+00 -1.685191838211089088e+00 -8.707746991369244682e+00 -1.723821720853720318e+00 1.823708073039752975e+01 -1.685191838211089088e+00 1.823708073039752975e+01 -3.776768462455591902e+01
2.997285599254141886e+01 1.466652567239912486e+01 -1.279620106527914025e+01 1.466652567239912486e+01 -1.202992164583578649e+01 5.057844897600507039e+00 -1.279620106527914025e+01 5.057844897600507039e+00 -1.927666371631418940e+01
-8.491099917802712227e+00 2.569258937155463496e+00 -6.203305953596574440e+00 2.569258937155463496e+00 1.474531275709222156e+00 1.538344808198950586e+00 -6.203305953596574440e+00 1.538344808198950586e+00 1.295228272582980722e+01
3.919361495708123755e+00 -1.437787446812335723e+00 6.182504675929455296e+00 -1.437787446812335723e+00 -1.603953247558786543e+01 2.593255626166671934e+00 6.182504675929455296e+00 2.593255626166671934e+00 -3.027034125209420878e+01
2.477113633055156328e+01 2.570766826932048943e+01 -1.299990492845077483e+01 2.570766826932048943e+01 -3.145089673023089727e+00 1.463040995543174105e+01 -1.299990492845077483e+01 1.463040995543174105e+01 1.328824929844007130e+01
1.984172327551314341e+00 7.162922953535212578e+00 -2.455532415894099429e+01 7.162922953535212578e+00 2.151807462043915109e+01 -8.765383707428007654e+00 -2.455532415894099429e+01 -8.765383707428007654e+00 -2.582256621255618967e+01
-6.794757864030973593e+00 1.277843316369401405e-01 6.653771396242260217e+00 1.277843316369401405e-01 -1.362791556509426272e+01 2.218891861865881499e+00 6.653771396242260217e+00 2.218891861865881499e+00 -1.897482981121380519e+01
3.126702518847310941e+01 6.753150163638546033e+00 5.701642902516912415e+00 6.753150163638546033e+00 3.797747557827419485e+01 -8.660454976710213471e-01 5.701642902516912415e+00 -8.660454976710213471e-01 5.653536903076648024e+00
4.201149790591686894e+01 -8.971005748694761417e-01 -8.157708309565764537e+00 -8.971005748694761417e-01 4.165543140823287160e+01 -6.963399808469676877e+00 -8.157708309565764537e+00 -6.963399808469676877e+00 9.166043566351371297e+00
4.371455961484533503e+01 -1.159270104917028377e+01 -1.113342090724088518e+00 -1.159270104917028377e+01 5.011846427461399855e+01 -1.092263770765541864e+01 -1.113342090724088518e+00 -1.092263770765541864e+01 3.668125121941520916e+01
4.664379141070223511e+01 2.832617960589344897e+00 1.097658952748057359e+01 2.832617960589344897e+00 4.767410597691171148e+01 -5.047292516194493039e+00 1.097658952748057359e+01 -5.047292516194493039e+00 2.015272872086273281e+01
3.242919180957359515e+01 5.015274758640766883e+00 6.257329318021022324e+00 5.015274758640766883e+00 3.162310977705888959e+01 -3.748285813871856220e+00 6.257329318021022324e+00 -3.748285813871856220e+00 2.874750060453787892e+00
-1.414460007133357600e+01 -9.610902253243844839e+00 -1.239722906575656225e+01 -9.610902253243844839e+00 -1.676099109675193688e+01 -1.414086473213853878e+01 -1.239722906575656225e+01 -1.414086473213853878e+01 -5.512752367388664254e+01
-4.079607075818435646e+01 1.550991323706893077e+00 -8.997650969517215769e-01 1.550991323706893077e+00 -3.297992519876417816e+01 7.751945115812126197e+00 -8.997650969517215769e-01 7.751945115812126197e+00 -5.826659961960061196e+01
-1.433360378673992130e+01 -3.278368103535890299e+01 2.232275333964996378e+01 -3.278368103535890299e+01 -1.861061651945358442e+00 6.313537277194151365e+00 2.232275333964996378e+01 6.313537277194151365e+00 -1.568220547466704495e+01
1.819307274391879403e+01 -6.279175660818848037e+00 5.806338127674839367e-01 -6.279175660818848037e+00 1.785027012277079450e+01 -8.249833459810739233e-01 5.806338127674839367e-01 -8.249833459810739233e-01 -1.999915477637861727e+01
3.257887738714997994e+01 7.808437207938932756e-02 -5.100329521623279128e-01 7.808437207938932756e-02 3.433923915125576798e+01 5.262419001229185156e+00 -5.100329521623279128e-01 5.262419001229185156e+00 3.270170375775174421e+01
1.294997236717789590e+01 -6.182001073069944841e-01 -1.465362464672432141e+00 -6.182001073069944841e-01 -1.499163879653989895e+00 -4.375149483454572330e-01 -1.465362464672432141e+00 -4.375149483454572330e-01 2.819923349128865553e+01
8.893812338703325437e+00 5.004538885517158420e+00 -1.168473291864582997e+01 5.004538885517158420e+00 -8.221956852750844646e+00 1.817218158622491941e+01 -1.168473291864582997e+01 1.817218158622491941e+01 -3.402978089121932470e+01
2.316882993615096975e+00 -7.285370490466062776e+00 1.998353296858094819e+00 -7.285370490466062776e+00 3.932247280320884553e+00 1.980285210234791293e+01 1.998353296858094819e+00 1.980285210234791293e+01 -3.313210140788729774e+01
-2.385752018921693463e+01 1.066999371445130862e+01 1.873083154822245078e+01 1.066999371445130862e+01 5.457398907817155198e+00 5.481428339036736652e+00 1.873083154822245078e+01 5.481428339036736652e+00 -2.475910596702311395e+01
3.806061621307591025e+01 2.577961381451205014e+00 -1.200210538646394909e+01 2.577961381451205014e+00 4.160057843319845006e+01 -1.568099343711440330e+00 -1.200210538646394909e+01 -1.568099343711440330e+00 1.659904983505964537e+01
-2.040764689545134303e+01 1.562124535585489049e+01 1.868040002126749366e+00 1.562124535585489049e+01 -1.481708940029255039e+01 6.476377983411706118e+00 1.868040002126749366e+00 6.476377983411706118e+00 -2.024128903396711010e+01
2.004650521072323954e+01 -5.010608555662616759e+00 4.768661536466658468e+00 -5.010608555662616759e+00 1.449493871500835596e+01 -2.543750941437686652e+00 4.768661536466658468e+00 -2.543750941437686652e+00 3.258577208577371653e+00
-2.616524193193191739e+00 1.155613917664006074e+01 2.100982664106806652e+01 1.155613917664006074e+01 2.789416784058414578e+01 -7.426553500181287681e+00 2.100982664106806652e+01 -7.426553500181287681e+00 -3.822036391064592209e+01
3.234152713726052752e+01 1.549947712305126224e+01 1.235816999888344370e+01 1.549947712305126224e+01 2.511851020223270226e+01 1.789864208971090997e+00 1.235816999888344370e+01 1.789864208971090997e+00 1.348985824865933658e+00
-6.719768200917775935e+00 2.330380672758818505e+01 2.385669274249273553e-01 2.330380672758818505e+01 -5.662878693499646232e+00 -6.883740384523252764e+00 2.385669274249273553e-01 -6.883740384523252764e+00 -5.137805830253125094e+01
-1.277457011350592886e+01 5.720668113317588066e+00 7.854013324501955218e+00 5.720668113317588066e+00 -2.137808107373723132e+01 1.029341901312355922e+01 7.854013324501955218e+00 1.029341901312355922e+01 -3.509768616593979118e+01
6.039044211177318822e+00 -6.072438387790866088e+00 -1.400267935797058882e+00 -6.072438387790866088e+00 -2.643650565394569085e+01 -1.827460931884999917e-01 -1.400267935797058882e+00 -1.827460931884999917e-01 -4.336169187039465811e+01
-6.162068900584395159e+00 -1.576934938397738151e+01 3.106642712793498795e+00 -1.576934938397738151e+01 1.150600126368885867e+00 -1.827179298125828311e+01 3.106642712793498795e+00 -1.827179298125828311e+01 -2.449055583991234641e+01
-6.504661019980258807e+00 4.250266423958358963e+00 -8.000929927547458576e+00 4.250266423958358963e+00 -7.567486759675676744e+00 1.283011134703131617e+01 -8.000929927547458576e+00 1.283011134703131617e+01 -2.248915376843286040e+01
-3.550968080271111660e+01 -2.461472768119018895e+01 2.500138161365812906e+00 -2.461472768119018895e+01 -1.056837325018756379e+00 7.046046794372438526e+00 2.500138161365812906e+00 7.046046794372438526e+00 -4.498042090292280903e+01
5.021628327348962273e+01 -6.188844940234328185e+00 2.126059924035482496e+00 -6.188844940234328185e+00 5.508807700907130567e+01 1.140959312343992949e+00 2.126059924035482496e+00 1.140959312343992949e+00 3.160198615997072746e+00
3.852819092429862025e+01 6.044526473485003493e+00 9.986629108181611869e+00 6.044526473485003493e+00 4.142655818253424371e+01 -1.189080511995139311e+00 9.986629108181611869e+00 -1.189080511995139311e+00 -1.015105600708176903e+00
8.278084841746455425e+00 -7.790085751048682283e+00 -2.062897426752889452e+00 -7.790085751048682283e+00 6.831065101443002163e+00 -2.347468937512061427e+00 -2.062897426752889452e+00 -2.347468937512061427e+00 8.029051220797937205e+00
-8.257007822709946154e+00 -1.119694864538705703e+00 3.820374479956912595e+00 -1.119694864538705703e+00 -9.124926236062314899e+00 5.801489458116433795e+00 3.820374479956912595e+00 5.801489458116433795e+00 1.115847458507166934e+01
-3.737739723335428721e+01 1.220736220014761120e+00 -1.281496150715779692e+01 1.220736220014761120e+00 -2.999012102595833085e+01 1.500721814653624619e+01 -1.281496150715779692e+01 1.500721814653624619e+01 -1.294619335686330608e+01
-3.781636642336516019e+01 1.495367887518575856e+01 1.004988892169320636e+01 1.495367887518575856e+01 -1.320968581716393686e+01 4.961368639887894005e+00 1.004988892169320636e+01 4.961368639887894005e+00 -5.852247818797096102e+01
1.897252887109551978e+01 3.486523831671201723e+00 -6.933983747404609765e+00 3.486523831671201723e+00 1.845850185186973746e+01 8.835601646627521788e+00 -6.933983747404609765e+00 8.835601646627521788e+00 -1.308092598014355623e+01
1.412963942060567391e+01 -4.152844298006197477e+00 5.975993761468062715e+00 -4.152844298006197477e+00 1.564143954908355205e+01 -1.831785601605738023e+01 5.975993761468062715e+00 -1.831785601605738023e+01 5.705652286919633553e+00
-3.078416858221803665e+01 5.408793685705735932e+00 -6.676659704526468175e+00 5.408793685705735932e+00 -4.030796628233210299e+01 -6.011165798683701489e+00 -6.676659704526468175e+00 -6.011165798683701489e+00 -6.076387560793506282e+01
-4.680818820400700631e+00 4.834742654443271448e+00 4.372364174064632181e+00 4.834742654443271448e+00 3.426187462741471457e+00 1.420182847352107558e+01 4.372364174064632181e+00 1.420182847352107558e+01 -2.448397422732325879e+01
-2.074506016831059441e+01 -1.408059765229543103e+01 -5.362720547653395009e+00 -1.408059765229543103e+01 -3.013319215638887272e+01 -4.486735225665672289e+00 -5.362720547653395009e+00 -4.486735225665672289e+00 -7.007028045719324894e+01
-3.439397761111001017e+01 -8.308689167867086667e+00 -9.740071461609405290e+00 -8.308689167867086667e+00 -1.339248425369302353e+01 -1.309748304950241504e+01 -9.740071461609405290e+00 -1.309748304950241504e+01 -2.042671751576240169e+01
-2.273304319040489574e+00 7.439717994255415912e-01 9.938204916356120577e+00 7.439717994255415912e-01 -5.552518977640090725e+00 -7.649517971708769792e+00 9.938204916356120577e+00 -7.649517971708769792e+00 -8.089924362434041782e+00
-3.333381500479817561e+01 5.276333895836073040e+00 3.043407587924745528e+00 5.276333895836073040e+00 -9.942709620666851933e+00 -6.684470170068254724e+00 3.043407587924745528e+00 -6.684470170068254724e+00 1.352323835997028034e+01
-7.409804640691551647e+00 2.379514735645563661e+01 -3.469308433507682921e+00 2.379514735645563661e+01 -2.470199814933090110e+01 -2.056391992582225470e+01 -3.469308433507682921e+00 -2.056391992582225470e+01 -1.623583983316851942e+01
-6.603664275530140237e+00 3.701923962182016137e+00 -1.474306317845492309e+01 3.701923962182016137e+00 -1.880142329539655677e+01 -1.377492524012722086e+01 -1.474306317845492309e+01 -1.377492524012722086e+01 -6.960173413811399712e+01
2.110444371598372371e+01 2.143942313008427902e+01 -9.292842065489390180e+00 2.143942313008427902e+01 2.814761132149438083e+01 -3.801296575015480794e+00 -9.292842065489390180e+00 -3.801296575015480794e+00 -2.321670658012977384e+01
-1.057137189405582101e+00 4.648413450054627916e+00 -2.058593916205667451e+00 4.648413450054627916e+00 1.636879632933696627e+01 -9.391075496226756414e+00 -2.058593916205667451e+00 -9.391075496226756414e+00 -1.913078544294716821e+01
5.159142097718859077e+01 7.707721336907052745e+00 -5.209507324336963840e-01 7.707721336907052745e+00 4.814558513594535327e+01 -4.517462181171945090e+00 -5.209507324336963840e-01 -4.517462181171945090e+00 2.478006954646635673e+00
2.432820681317396705e+01 2.767084759912135983e+00 3.888734695565526867e+00 2.767084759912135983e+00 2.566712418606513779e+01 5.237458843850387069e+00 3.888734695565526867e+00 5.237458843850387069e+00 1.650958100457038613e+00
1.590991533462686469e+01 1.452013449127779765e+01 -2.306969071326094323e+01 1.452013449127779765e+01 2.108021333884105175e+01 -6.715917195879798740e+00 -2.306969071326094323e+01 -6.715917195879798740e+00 -4.608113291216941576e+00
-4.811447758315238410e+00 9.381121866153796063e+00 2.869885764594420685e+00 9.381121866153796063e+00 1.991825060947163051e+00 1.077318174930567984e+01 2.869885764594420685e+00 1.077318174930567984e+01 -3.177983228090724310e+01
5.406660057971814481e+00 4.789510059166368627e+00 5.201637810007326834e+00 4.789510059166368627e+00 3.302907915297476737e+00 1.018426274574058787e+01 5.201637810007326834e+00 1.018426274574058787e+01 -4.587263106272980728e+00
-2.335612404122871055e+01 -3.699277114375050246e+00 5.457593778560255737e-01 -3.699277114375050246e+00 -3.496232511105547047e+01 -2.134232722370763113e+01 5.457593778560255737e-01 -2.134232722370763113e+01 -5.506851129297402991e+01
2.410507330782495927e+01 8.441917491814610486e+00 6.304109381813155721e+00 8.441917491814610486e+00 2.714810148923050548e+01 -8.042731606153604718e-01 6.304109381813155721e+00 -8.042731606153604718e-01 6.736933186446258937e+00
-2.568333763483130028e+01 -3.389050309339285416e+00 2.345804543471325943e+00 -3.389050309339285416e+00 -2.854310554526307087e+01 8.553848147103569888e-01 2.345804543471325943e+00 8.553848147103569888e-01 -2.721012135870775595e+01
-3.371660609195281921e+01 -2.200920323596459394e+00 -1.727154889104971058e+00 -2.200920323596459394e+00 -2.981905615764485162e+01 6.174288121913219740e+00 -1.727154889104971058e+00 6.174288121913219740e+00 -3.229362779788743865e+01
3.068697923895243207e+00 1.319160936684864893e+00 5.273301139590478748e+00 1.319160936684864893e+00 3.558598356942893393e+00 -3.851414844552071060e+00 5.273301139590478748e+00 -3.851414844552071060e+00 -8.209258596765769411e+00
7.652660326095476861e+00 -1.001328828449876696e+01 5.949836577412936478e+00 -1.001328828449876696e+01 9.957896130727151629e+00 9.672369872573575833e+00 5.949836577412936478e+00 9.672369872573575833e+00 -1.261577939708587337e+01
9.989907835874987541e+00 7.892830426344517925e+00 -2.514521826218998335e-01 7.892830426344517925e+00 -5.762336460325009568e+00 -4.624079956081998510e+00 -2.514521826218998335e-01 -4.624079956081998510e+00 1.770328246792361071e+01
2.464445610368292683e-01 -9.132319042914994967e+00 -2.070594392838616127e+00 -9.132319042914994967e+00 -6.359468900005126102e+00 3.545256799245955825e+00 -2.070594392838616127e+00 3.545256799245955825e+00 -5.361815308915116418e+01
-2.249215671529942639e+01 1.479266026766543973e+01 1.980203944044968134e+00 1.479266026766543973e+01 -2.261517747834964354e+01 6.174423005440898393e+00 1.980203944044968134e+00 6.174423005440898393e+00 -6.378128982299009664e+01
1.656883365509967021e+01 -1.290756454830909394e+00 3.943866504293612962e+00 -1.290756454830909394e+00 3.303219617684884213e+01 -4.528995705946685213e+00 3.943866504293612962e+00 -4.528995705946685213e+00 -2.998338453100559420e+01
4.657457976098739749e+01 -8.618782147252524339e+00 -2.626278626007180961e+01 -8.618782147252524339e+00 3.322025657576644875e+01 -1.098548557961697014e+01 -2.626278626007180961e+01 -1.098548557961697014e+01 1.949493687251650442e+01
5.732933596743738036e+00 -1.379326699200799844e+01 1.633100972665230088e+01 -1.379326699200799844e+01 1.429667084331810933e+01 -6.028047067241792512e+00 1.633100972665230088e+01 -6.028047067241792512e+00 -1.970007401531896107e+01
-3.392624769703227372e+01 2.541341735579559780e-01 -1.442201124154169811e+01 2.541341735579559780e-01 -1.091108890053942382e+01 4.195214920190982077e+00 -1.442201124154169811e+01 4.195214920190982077e+00 -4.803418472191681587e+01
2.652642403566742502e+01 -8.312758243044614304e+00 -7.685217199644630348e+00 -8.312758243044614304e+00 4.057202330848374316e+01 1.296240498816470499e+01 -7.685217199644630348e+00 1.296240498816470499e+01 8.894305897009660455e+00
4.551323504373947060e+00 1.536526647089802466e+00 -7.982727729676573070e+00 1.536526647089802466e+00 1.679834122115797257e+01 1.079069078781847679e+01 -7.982727729676573070e+00 1.079069078781847679e+01 -7.460120664392098533e+00
2.170753750618406741e+01 -1.222472176260487942e+01 -8.821669512194334928e+00 -1.222472176260487942e+01 3.415219544673040275e+01 8.196324670358304587e+00 -8.821669512194334928e+00 8.196324670358304587e+00 1.033283624019730773e+01
-4.365560386599350196e+00 8.041766189856613067e+00 -6.477809338280543727e+00 8.041766189856613067e+00 -1.101184904394683350e+01 6.683699587930781449e-01 -6.477809338280543727e+00 6.683699587930781449e-01 -5.273501586691243403e+01
-2.749995436276439520e+01 4.979377610714418090e+00 4.034366487790121525e+00 4.979377610714418090e+00 -4.811065233491784454e+01 -2.860263389967370617e+00 4.034366487790121525e+00 -2.860263389967370617e+00 -5.103961026156829206e+01
-5.393717366374735178e+01 1.569825582728363500e+01 -6.490948859276846505e+00 1.569825582728363500e+01 -2.922467478690362341e+01 -6.093065232405266762e+00 -6.490948859276846505e+00 -6.093065232405266762e+00 -3.393601916444771405e+01
-2.299767135612108149e+01 4.678883153697835917e-01 -1.065028488049220463e-02 4.678883153697835917e-01 -4.432485262892688738e+00 4.064212612105109201e+00 -1.065028488049220463e-02 4.064212612105109201e+00 -5.932667350703011522e+01
-9.802874823479985622e+00 6.330935217319650476e+00 1.132075628716405546e+01 6.330935217319650476e+00 -5.339349580938559825e+00 2.383404347249374311e+01 1.132075628716405546e+01 2.383404347249374311e+01 -5.941683672063359722e+01
1.980425365304134999e+01 4.380385100722906877e+00 -5.505717751760782264e+00 4.380385100722906877e+00 1.865438385670357135e+01 -5.604430165235362971e+00 -5.505717751760782264e+00 -5.604430165235362971e+00 4.378742330143963635e+00
6.011572144888555069e-01 -1.165837904129208447e+01 -1.257639467249659049e+01 -1.165837904129208447e+01 -8.679162298971274225e+00 7.352336543740628727e+00 -1.257639467249659049e+01 7.352336543740628727e+00 -1.107449614804866300e+01
-1.298119689125985055e+01 -1.105588467874141578e+01 1.168794617339368003e+01 -1.105588467874141578e+01 -1.078123617403485213e+01 6.472988282081952427e+00 1.168794617339368003e+01 6.472988282081952427e+00 -1.567423489130293213e+01
7.360952341612462035e+00 7.935362047600164281e+00 6.959948206030897033e-02 7.935362047600164281e+00 -3.119881248744199365e+00 -1.823769211196072604e+01 6.959948206030897033e-02 -1.823769211196072604e+01 1.413310958267114081e+01
-3.739087837864949648e+01 2.787323652362473325e+01 5.167346950500300018e+00 2.787323652362473325e+01 -2.581313695784855256e+01 3.339223552972923414e+01 5.167346950500300018e+00 3.339223552972923414e+01 -2.800494193097030760e+01
-3.161551974281338673e+01 8.991169606925474511e+00 -1.102935590975625146e+01 8.991169606925474511e+00 -6.248504408514657626e+01 3.896703032677877321e+00 -1.102935590975625146e+01 3.896703032677877321e+00 -2.261977589522878418e+01
1.724829899182443171e-01 1.190389813305865374e+01 7.513564194205899938e+00 1.190389813305865374e+01 -4.321480081155070430e+00 -5.630570535791102671e+00 7.513564194205899938e+00 -5.630570535791102671e+00 -5.292028198416032581e+01
2.702265612011836637e+01 -5.695638225133522470e-01 3.353027748217470361e+01 -5.695638225133522470e-01 2.859451629065059564e+01 3.081452164514744574e+00 3.353027748217470361e+01 3.081452164514744574e+00 3.755471326352676442e+01
3.095567631626800775e+01 -6.380932608114916249e+00 -4.278528958452055164e+00 -6.380932608114916249e+00 3.187458476482063574e+01 1.060684640904694831e+01 -4.278528958452055164e+00 1.060684640904694831e+01 6.130320602564217403e+00
2.598856775301846511e+01 2.273818466893338108e+00 -5.040311742234127479e+00 2.273818466893338108e+00 3.112242137041878820e+01 1.076045552993762255e+00 -5.040311742234127479e+00 1.076045552993762255e+00 1.244951368579167994e+00
3.672290171602126918e+01 6.620821870955110100e+00 -2.423181103567020767e+00 6.620821870955110100e+00 3.557707600998805475e+01 1.529254316333864994e+00 -2.423181103567020767e+00 1.529254316333864994e+00 2.761048083209400161e+01
1.250129363387021186e+01 3.274722925174152532e+00 1.602677949171550154e+01 3.274722925174152532e+00 3.200537801471318033e+01 -8.207710701827624078e+00 1.602677949171550154e+01 -8.207710701827624078e+00 7.717456271672343604e+00
-4.936186400813182829e+00 -5.159716565764638219e+00 -8.078795159639432510e-01 -5.159716565764638219e+00 1.311090305769428710e+01 -3.879013896309119414e+00 -8.078795159639432510e-01 -3.879013896309119414e+00 -3.627693693290895993e+01
2.257709585661914176e+01 -2.455004299815253077e+01 -8.075381753067960133e+00 -2.455004299815253077e+01 -1.754120844456260153e+00 1.075941268496641889e+01 -8.075381753067960133e+00 1.075941268496641889e+01 -3.654658165217612975e+01
-1.981912890068975486e+01 -7.266913546970441118e+00 8.203184610536784049e+00 -7.266913546970441118e+00 -1.357474488243927269e+01 -1.998457071559460019e+01 8.203184610536784049e+00 -1.998457071559460019e+01 -3.720018675700273292e+01
