-1.964806616658543836e+00 1.379585583601959486e+00 7.709974245539334525e+00 1.379585583601959486e+00 -2.554241334176869671e+01 -5.162584690787318742e+00 7.709974245539334525e+00 -5.162584690787318742e+00 1.022218920078319471e+01
6.905303337048095180e+00 -1.265628408003775895e+01 2.471187580422458119e+00 -1.265628408003775895e+01 3.893628799026952692e+00 3.698013211514340703e+00 2.471187580422458119e+00 3.698013211514340703e+00 -3.746107298845713363e+00
-4.710588983699034671e+00 -7.321369707715802200e+00 7.685248019185706880e+00 -7.321369707715802200e+00 -1.978126254685420804e+01 5.473610252961926860e-03 7.685248019185706880e+00 5.473610252961926860e-03 2.095750489948070339e+00
-2.515277584898368168e+00 9.902599029575563705e+00 6.553529664669532906e+00 9.902599029575563705e+00 -2.107351000362693938e+01 3.913353340225325105e+00 6.553529664669532906e+00 3.913353340225325105e+00 4.561529433515606691e+00
1.931788592063885801e+01 7.129373643037768993e+00 1.830424304321528339e+01 7.129373643037768993e+00 2.417445375818494924e+01 -5.671605323683953870e+00 1.830424304321528339e+01 -5.671605323683953870e+00 5.561614882205917354e+01
3.135431138146664409e+01 -4.029395823358295381e+00 -1.211116573867212276e+00 -4.029395823358295381e+00 4.017054443416870235e+00 7.155634215676795584e+00 -1.211116573867212276e+00 7.155634215676795584e+00 -1.166993982992709844e+00
-5.929485701203071280e+00 1.941152305445322668e+01 1.035037543626479817e+01 1.941152305445322668e+01 -5.213144815570417201e+00 -1.518833243142742440e+01 1.035037543626479817e+01 -1.518833243142742440e+01 1.030099238530108430e+00
1.287473694958067572e-01 -9.482419139810035702e+00 -1.144965628837656801e+01 -9.482419139810035702e+00 -1.985389155154141960e+01 2.380965792873324549e+00 -1.144965628837656801e+01 2.380965792873324549e+00 -4.523659266917221977e+00
-6.792713059720761670e+00 -6.429645585487901549e+00 7.358033919707525072e+00 -6.429645585487901549e+00 -2.311081005011816103e+01 -5.853973974421427862e+00 7.358033919707525072e+00 -5.853973974421427862e+00 2.832781361062027159e+00
3.829861602192772096e+01 1.605854176941660327e+01 9.706179676860426042e+00 1.605854176941660327e+01 -1.377402484716486164e+01 -9.172657185356579035e+00 9.706179676860426042e+00 -9.172657185356579035e+00 9.297198229982154061e+00
-1.234649610111271834e+01 -5.310799490071302920e+00 1.594897335711478981e+01 -5.310799490071302920e+00 -2.733298065827424139e+01 -1.186809321453744737e+01 1.594897335711478981e+01 -1.186809321453744737e+01 6.597074912085201248e+00
-8.983210207912950551e+00 -1.190942046156547818e+01 -1.211085074628850400e+00 -1.190942046156547818e+01 4.964400294589869311e+00 -8.866488033559397630e-01 -1.211085074628850400e+00 -8.866488033559397630e-01 -1.442207460399667296e+00
2.561504931313227473e+01 -1.515618689006221054e+01 1.512445499217667688e+01 -1.515618689006221054e+01 8.049389743626113258e+00 1.929364371436133485e+00 1.512445499217667688e+01 1.929364371436133485e+00 2.845334664400134272e+01
5.773749336384138786e+00 3.785533801142612287e+00 -2.344074996861551075e+00 3.785533801142612287e+00 -1.243687142174322346e+01 3.571475026812212850e+00 -2.344074996861551075e+00 3.571475026812212850e+00 2.812714288264971607e+00
8.476408755612663271e+00 1.941260112296819829e+00 2.813007481431346601e-01 1.941260112296819829e+00 1.229135509716965835e+01 1.235414410368605864e+01 2.813007481431346601e-01 1.235414410368605864e+01 1.760206812216849670e+01
-1.872048814319362009e+01 7.856433519498707163e+00 1.314990095337678611e+01 7.856433519498707163e+00 4.948231880172440644e-02 7.545945325056664377e-01 1.314990095337678611e+01 7.545945325056664377e-01 1.488418619841715085e+01
-6.076428219288506405e+00 5.933410881019992367e+00 -5.108574282431461278e+00 5.933410881019992367e+00 -3.375278119658429432e+01 6.149219255973321197e+00 -5.108574282431461278e+00 6.149219255973321197e+00 -2.090625286350610068e+01
4.377620495336328332e+01 2.703515566949123095e+00 1.382486344856309302e+01 2.703515566949123095e+00 3.053919830320732487e+01 3.237330343162466928e+00 1.382486344856309302e+01 3.237330343162466928e+00 5.354578459984806216e+01
-1.840627661857313058e+01 6.281341320950328821e+00 8.481326082500995511e+00 6.281341320950328821e+00 -2.602164439439436094e+01 -1.881905301730167901e+00 8.481326082500995511e+00 -1.881905301730167901e+00 -1.090072913473595406e+01
-2.620160807667245706e+01 -4.121368519287597287e+00 1.131178937578010846e+01 -4.121368519287597287e+00 -3.666483073871574305e+01 2.740467833971750977e+00 1.131178937578010846e+01 2.740467833971750977e+00 1.075528321885557581e+01
2.146379842955964534e+01 -5.254632839781092635e+00 2.421726187740076242e+01 -5.254632839781092635e+00 -7.941855895136446186e+00 3.674922705238274023e+00 2.421726187740076242e+01 3.674922705238274023e+00 3.667537034402378993e+01
1.232674232085506993e+01 -8.291880817781258628e+00 2.895865492585892653e+00 -8.291880817781258628e+00 5.526375620113936904e+00 6.742873762495560364e-01 2.895865492585892653e+00 6.742873762495560364e-01 1.422092426070267202e+01
2.464896941944705588e+01 4.805982607778491733e+00 7.803190009042967112e+00 4.805982607778491733e+00 3.173293950005535891e+01 -2.006328436065588861e+00 7.803190009042967112e+00 -2.006328436065588861e+00 3.939484218413628724e+01
-4.090899893781713814e+00 3.021766961516358929e+00 1.461510850215571311e-01 3.021766961516358929e+00 -3.606906388693998267e+00 5.036716944196800050e+00 1.461510850215571311e-01 5.036716944196800050e+00 -5.598001610366813985e+00
-1.293592363169961423e+01 -3.867276043936703989e+00 -9.657838471739646491e-02 -3.867276043936703989e+00 -3.692897625774207881e+01 7.083458039003678763e+00 -9.657838471739646491e-02 7.083458039003678763e+00 -1.406395326052109773e+01
7.927342905636727721e+00 4.728623685826518042e+00 4.495442099603057962e+00 4.728623685826518042e+00 -1.302956290901423664e+01 4.067062544783615508e+00 4.495442099603057962e+00 4.067062544783615508e+00 -3.744244779051478567e+00
-1.208074199508697966e+01 7.948699487822608045e-02 -1.239717579794133551e+00 7.948699487822608045e-02 -1.880143693313276643e+01 3.506192527992380903e+00 -1.239717579794133551e+00 3.506192527992380903e+00 -2.198897535115128932e+01
4.830708731484281593e+00 -7.869684655821560071e+00 1.280899785802086477e+01 -7.869684655821560071e+00 -9.851962600640709056e+00 6.758515409549016972e+00 1.280899785802086477e+01 6.758515409549016972e+00 2.489941807292812115e+01
-5.023698619464615689e+01 -3.649174287156784935e+00 -3.754523139694415423e+00 -3.649174287156784935e+00 -3.433129291047686138e+01 5.888641356719964470e+00 -3.754523139694415423e+00 5.888641356719964470e+00 -2.554186466439460190e+01
-1.395444791759179681e+00 7.780635377820964038e+00 -7.799023045883634042e-01 7.780635377820964038e+00 -2.092116671896044977e+01 -4.058618761645740314e-01 -7.799023045883634042e-01 -4.058618761645740314e-01 1.813509260635707498e+00
-2.360573389264947508e+01 4.541119839422482762e-01 4.211355710768521554e+00 4.541119839422482762e-01 -2.518271008450050630e+01 1.392359231239692186e+01 4.211355710768521554e+00 1.392359231239692186e+01 -1.563535554719908960e-01
-8.520391087053935664e+00 7.396105683923926977e-01 1.557591985747299290e+01 7.396105683923926977e-01 -1.887095534749364845e+01 5.513859899049380786e+00 1.557591985747299290e+01 5.513859899049380786e+00 -1.571871277879101036e+01
1.694241236380112525e+01 -9.717846464209511481e+00 4.430897129348517538e+00 -9.717846464209511481e+00 4.089132116588123367e+00 -9.793114611992663754e+00 4.430897129348517538e+00 -9.793114611992663754e+00 2.436027439514045412e+01
4.977093045750866196e+00 -7.574184541139620919e+00 8.656226408516964455e+00 -7.574184541139620919e+00 4.116381048336363868e+00 8.822118898170707268e+00 8.656226408516964455e+00 8.822118898170707268e+00 9.933478471762155593e+00
-2.166070944725293757e+01 6.164056379555938214e+00 1.034972898609829883e+01 6.164056379555938214e+00 -4.160441434830504903e+01 3.513920651520477278e+00 1.034972898609829883e+01 3.513920651520477278e+00 -1.064762788353370659e+01
-2.462417399771056381e+01 1.463218015579205655e+01 6.434507341770306255e+00 1.463218015579205655e+01 -2.537684177134366337e+01 3.832752915082664913e+00 6.434507341770306255e+00 3.832752915082664913e+00 -2.079608261462785634e+01
3.647850908349255405e+01 6.842771353847455273e+00 7.634336048695533172e+00 6.842771353847455273e+00 1.414364663962874147e+01 -1.175852398982244092e-02 7.634336048695533172e+00 -1.175852398982244092e-02 2.263956372889271762e+01
-1.562980106556481630e+01 -1.784320858385729736e+01 1.790267731438953458e+00 -1.784320858385729736e+01 -2.244944944365904860e+01 1.073149076270502178e+01 1.790267731438953458e+00 1.073149076270502178e+01 -3.377731467192110593e+00
1.346085817498864223e+01 -2.051099986657988428e+00 -5.651971179415639313e+00 -2.051099986657988428e+00 -2.591724381547145128e+01 -4.358428121306019420e+00 -5.651971179415639313e+00 -4.358428121306019420e+00 5.743151985395905434e+00
-2.778669272797448642e+01 -1.231572059620422266e+01 6.153045503938789018e+00 -1.231572059620422266e+01 -2.165584030241143410e+01 4.101500200251918749e+00 6.153045503938789018e+00 4.101500200251918749e+00 -3.236053658127438837e+01
-1.355817141677574966e+01 8.448051922139434566e+00 1.337978142532152503e+01 8.448051922139434566e+00 -3.907520437706647698e+01 4.316971284910460227e+00 1.337978142532152503e+01 4.316971284910460227e+00 -9.462879624973984605e+00
-2.175183933750746590e+01 2.081994383645636049e+01 1.608454515571224430e+00 2.081994383645636049e+01 -2.395668404527713946e+01 -1.155940499320493586e+00 1.608454515571224430e+00 -1.155940499320493586e+00 -1.030711345992537886e+01
-5.905064371857772443e+00 1.358104221876026863e+00 3.438929747465564901e+00 1.358104221876026863e+00 -4.387530873450383950e+01 5.822096194202308617e+00 3.438929747465564901e+00 5.822096194202308617e+00 -5.955445999335687191e+00
1.021828758344190469e+01 8.829049013432227255e+00 3.132237251210500784e+00 8.829049013432227255e+00 1.488098227429398435e+01 -2.704553801544934633e+00 3.132237251210500784e+00 -2.704553801544934633e+00 1.669162758131016133e+01
-7.392634479803367853e+00 7.308188199451138622e+00 1.408927514868078035e+01 7.308188199451138622e+00 -2.805649324210664730e+01 -2.611736241368997735e+00 1.408927514868078035e+01 -2.611736241368997735e+00 -6.895137496110145259e-01
2.261786238733881849e+00 -2.729690861919443101e+00 -3.593035768204637659e-01 -2.729690861919443101e+00 -3.831480017052238196e+01 -1.522426731517475096e+00 -3.593035768204637659e-01 -1.522426731517475096e+00 -7.321042611680793621e-01
-1.513510038840382954e+01 -1.547640635495820538e+00 2.391560624008687519e+00 -1.547640635495820538e+00 -3.028070428687720295e+01 4.869604505892881630e-01 2.391560624008687519e+00 4.869604505892881630e-01 2.269782376210697894e+00
-1.274163239582376406e+01 4.831347334175726260e+00 2.214928686551095316e-01 4.831347334175726260e+00 -2.062142445806545510e+01 2.497364434057448568e-01 2.214928686551095316e-01 2.497364434057448568e-01 -8.035843202734131552e+00
-3.132396407364387869e+01 1.755946688301564862e+01 7.989785947454172366e+00 1.755946688301564862e+01 -4.358034717218368570e+01 4.639233434310858772e-01 7.989785947454172366e+00 4.639233434310858772e-01 -3.106530995227215897e+01
-5.435716094929143871e+00 -9.067983140151619992e+00 -2.285199785891017132e+00 -9.067983140151619992e+00 -8.505336934986313935e+00 4.382382774996135488e+00 -2.285199785891017132e+00 4.382382774996135488e+00 -4.489432093304031590e-01
