1.744642096330319703e+01 -1.097076863588207729e+01 -3.275190488008941525e+00 -1.097076863588207729e+01 9.795252864091796852e+00 -5.891523739860743625e+00 -3.275190488008941525e+00 -5.891523739860743625e+00 -3.781476907766518991e+01
-1.954491838296841522e+01 -2.207658104341438499e+00 1.876935738927004715e+00 -2.207658104341438499e+00 -1.269762546100260714e+01 -7.216498531914116832e+00 1.876935738927004715e+00 -7.216498531914116832e+00 -8.800683385517423574e+00
-1.009763348469357425e+01 -6.260861754150595537e+00 1.306803673143442346e+01 -6.260861754150595537e+00 -4.119806504953020365e+00 9.763968774864080657e+00 1.306803673143442346e+01 9.763968774864080657e+00 -2.296294859515316844e+01
-2.968440184279451799e+01 4.646555618932530329e+00 6.710073067911093148e+00 4.646555618932530329e+00 -3.155537060783715830e+01 -1.106732065166030843e+01 6.710073067911093148e+00 -1.106732065166030843e+01 -4.856818508972835247e+01
3.177132699267609439e+00 -5.995570365906269572e+00 5.948250399872823113e-01 -5.995570365906269572e+00 -1.594191009574050710e+01 -1.177472860046503911e+01 5.948250399872823113e-01 -1.177472860046503911e+01 -2.850746059829753776e+01
3.009497207605322799e+01 -8.908943739023934327e+00 5.748279949194874394e-01 -8.908943739023934327e+00 4.453165311725533115e+01 -2.662161742081918359e+00 5.748279949194874394e-01 -2.662161742081918359e+00 -2.426629574965904368e+01
-2.537597492256053044e+01 -1.552444498807672169e+01 9.019865084639370423e+00 -1.552444498807672169e+01 -1.400770550327820985e+01 -4.800860918731078009e-01 9.019865084639370423e+00 -4.800860918731078009e-01 -6.209976618954082994e+01
2.648773252654912369e+01 7.722291222149820555e+00 6.996371044922000237e+00 7.722291222149820555e+00 2.547588443749836529e+01 -1.487608302504957569e+00 6.996371044922000237e+00 -1.487608302504957569e+00 -7.411567704358644093e+00
-2.617842355331378812e+01 8.643091616614276163e+00 4.597380284978268783e+00 8.643091616614276163e+00 -1.603700288451457467e+01 2.690707494160749391e+01 4.597380284978268783e+00 2.690707494160749391e+01 -2.994170356147517698e+00
3.737449921042674816e+00 -3.200863979283331329e+00 -1.091065269119247461e+01 -3.200863979283331329e+00 -5.759686401811765499e+00 5.705470773137319984e-01 -1.091065269119247461e+01 5.705470773137319984e-01 -4.510714430562963173e+01
3.906902515188763658e+01 8.600230082281784760e+00 -7.511758493328830610e+00 8.600230082281784760e+00 2.876677377455204976e+01 1.112053840806326654e+01 -7.511758493328830610e+00 1.112053840806326654e+01 -1.748593207070222277e+01
2.130188177974362773e+01 -6.239163585477022878e+00 -1.069563891965606972e+00 -6.239163585477022878e+00 1.518069782623526365e+01 -8.360248628117274095e+00 -1.069563891965606972e+00 -8.360248628117274095e+00 2.498704355118213982e+01
4.007329327567240540e+01 3.089988058554092643e+00 1.011941565956476774e+00 3.089988058554092643e+00 3.977094417500654799e+01 -6.639421438183083168e+00 1.011941565956476774e+00 -6.639421438183083168e+00 1.080144630910148074e+01
-2.146438856651759597e+00 -1.774415801542763305e+01 -6.345354448709883854e+00 -1.774415801542763305e+01 1.377429003699060139e+01 -2.701850488318057852e+00 -6.345354448709883854e+00 -2.701850488318057852e+00 2.331022880044244960e+00
-1.596866322439391261e+01 -1.357066800495452519e+01 -1.872447704783411027e+01 -1.357066800495452519e+01 -3.562852602727777196e+01 -1.473530650371374229e+01 -1.872447704783411027e+01 -1.473530650371374229e+01 -2.171194126459605300e+01
-4.042952515034739847e+00 -2.202916774719834603e+00 -2.450017161050769054e+00 -2.202916774719834603e+00 5.720411726494825544e+00 -7.176971298731738003e+00 -2.450017161050769054e+00 -7.176971298731738003e+00 -6.275470500894413384e+00
-2.497006298136337676e+01 -1.277428791573406563e+01 1.795381199930766059e+01 -1.277428791573406563e+01 -1.571276761430643099e+01 -2.412052548102871441e+01 1.795381199930766059e+01 -2.412052548102871441e+01 -2.105366415548374803e+01
9.384012783762259169e-02 -4.228028625309445232e+00 -1.045247113977491704e+00 -4.228028625309445232e+00 -1.876054471187155182e+00 -3.295406136345877979e+00 -1.045247113977491704e+00 -3.295406136345877979e+00 7.423067758839745345e-01
-7.531160712542113167e-01 -4.187530700711258547e+00 -9.772112343371945897e-01 -4.187530700711258547e+00 3.664514894740892981e+00 1.477445779577303726e-03 -9.772112343371945897e-01 1.477445779577303726e-03 -2.856624393547974705e+00
4.654821493141698596e+01 1.478085106313415231e+01 -4.306379927261702711e+00 1.478085106313415231e+01 3.963843508460977461e+01 -1.027544305196905583e+01 -4.306379927261702711e+00 -1.027544305196905583e+01 5.802585066695765015e+00
-1.837423125316386319e+01 -3.455022304197923333e+00 -5.341369463312127586e+00 -3.455022304197923333e+00 6.350338456451344094e+00 6.195607597126309152e+00 -5.341369463312127586e+00 6.195607597126309152e+00 -4.242466646859205071e+01
3.143953680617336133e+01 -3.587060431165907559e+00 -5.779239889114950124e+00 -3.587060431165907559e+00 3.376109946215089508e+01 -2.609823886632550938e+00 -5.779239889114950124e+00 -2.609823886632550938e+00 2.712237968797871801e+01
1.745635008356933682e+01 -1.262053847645506366e+01 1.969871892975183281e+00 -1.262053847645506366e+01 -3.705326223373579975e+00 -6.961197507810472196e+00 1.969871892975183281e+00 -6.961197507810472196e+00 -2.718954656064041586e+01
1.685789597913429816e+01 1.236010803858368590e+00 -1.362843920078558035e+01 1.236010803858368590e+00 1.167268602263043498e+01 3.741710167815464949e+00 -1.362843920078558035e+01 3.741710167815464949e+00 -4.034395874430212814e+01
3.701816087326934479e+01 -8.763120877691319421e+00 6.904768918715824544e-01 -8.763120877691319421e+00 2.931814934483376689e+01 -7.215693468030510260e+00 6.904768918715824544e-01 -7.215693468030510260e+00 -2.357202450076812994e+01
2.365305323109420144e+01 -1.055746790816866110e+01 1.873981442460971181e+01 -1.055746790816866110e+01 1.454055121031961839e+01 3.794147622369593797e+00 1.873981442460971181e+01 3.794147622369593797e+00 -4.756883004262966175e+00
-5.749684807175768242e+00 2.864648338866693233e+00 2.161428685180929232e+00 2.864648338866693233e+00 8.275298504266171307e+00 -2.653620267165144320e+00 2.161428685180929232e+00 -2.653620267165144320e+00 1.059236432100474978e+01
1.265598484181242078e+01 -9.424997846720492234e+00 2.117133912274547569e+01 -9.424997846720492234e+00 -3.491648426827716367e+00 -2.424217827186923468e+00 2.117133912274547569e+01 -2.424217827186923468e+00 -2.178245324575422259e+01
-1.057440097622618680e+01 4.320013323372546843e+00 -8.575641091567186569e-01 4.320013323372546843e+00 -4.108504228611377762e+00 -5.889361725244617318e+00 -8.575641091567186569e-01 -5.889361725244617318e+00 -1.911591857221633006e+01
3.276641558876106330e+01 -6.516795435348855747e+00 -8.537852180943898972e+00 -6.516795435348855747e+00 3.306531321948153845e+01 -1.405948983087666093e+01 -8.537852180943898972e+00 -1.405948983087666093e+01 -2.455766008993818872e+01
-7.497153341042467112e+00 -9.676068598024323286e-01 -1.583418195806150175e+00 -9.676068598024323286e-01 1.592724254398378614e+00 1.213460510429574946e+01 -1.583418195806150175e+00 1.213460510429574946e+01 3.496245751975886495e+00
-2.347096055904970768e+01 -3.798195539187338987e+00 7.107910397766384669e+00 -3.798195539187338987e+00 -1.463461676808393719e+01 3.924842057445841803e+00 7.107910397766384669e+00 3.924842057445841803e+00 -2.322002543410441788e+01
-3.109532908765332593e+01 3.091455930301352684e+00 2.293553588698383106e+00 3.091455930301352684e+00 -3.935014021918789240e+01 -1.792664486078782815e+01 2.293553588698383106e+00 -1.792664486078782815e+01 -5.895023564680637662e+01
6.021206488875412788e+01 -7.587059929531046798e+00 1.758714551424365391e+00 -7.587059929531046798e+00 4.791822083353405048e+01 -7.799119054423743869e+00 1.758714551424365391e+00 -7.799119054423743869e+00 4.271225141375544432e+00
-9.500056663453813499e+00 8.650897769226581602e+00 -5.405662456904204660e+00 8.650897769226581602e+00 -2.423010488381081906e+00 -2.189064178340571321e+00 -5.405662456904204660e+00 -2.189064178340571321e+00 -8.063504796331656621e+00
5.383449393685556750e+00 -1.577050483115816526e+00 6.442293575852388265e+00 -1.577050483115816526e+00 -1.716820368277724995e-01 -9.983914701698212824e+00 6.442293575852388265e+00 -9.983914701698212824e+00 6.682576276944016125e-02
3.584884480936498363e+01 2.118494798446474814e+00 -7.069159073645838731e-01 2.118494798446474814e+00 3.926725012503330703e+01 1.777173562476932034e+00 -7.069159073645838731e-01 1.777173562476932034e+00 3.209324090979719557e+01
3.177111004245251635e+01 1.645684000149738369e+00 -1.325053441748356597e+00 1.645684000149738369e+00 2.910423401345670058e+01 -8.108913389311290132e+00 -1.325053441748356597e+00 -8.108913389311290132e+00 2.617257608650327683e+01
4.137039423765877189e+01 4.850426260549141055e+00 1.411757515483077796e+01 4.850426260549141055e+00 3.112451104680082636e+01 -5.444904463940313244e-01 1.411757515483077796e+01 -5.444904463940313244e-01 -1.868332421650290343e+01
-1.225279705532715724e+01 -9.619251295613644004e+00 -3.985321967880262495e+00 -9.619251295613644004e+00 -6.429414271597086561e+00 1.694966185052385654e+01 -3.985321967880262495e+00 1.694966185052385654e+01 -5.447337617971760082e+00
6.265111687648848715e+01 -7.624692947308099988e+00 1.988047737539470061e+00 -7.624692947308099988e+00 4.413611423877728868e+01 -3.543825990762530243e+00 1.988047737539470061e+00 -3.543825990762530243e+00 -6.249046157294422699e+00
2.095927906900779192e+01 1.494106515511739675e+00 9.214316737532249890e-01 1.494106515511739675e+00 1.549617165342314173e+01 -1.308432704140852554e+00 9.214316737532249890e-01 -1.308432704140852554e+00 -4.627823320157194331e+01
-1.934413467982762569e+01 1.557821352597747833e+01 -1.483631243659522703e+00 1.557821352597747833e+01 -6.279778275214138894e+00 -7.184203037950589454e+00 -1.483631243659522703e+00 -7.184203037950589454e+00 -2.369103576631499397e+00
2.260654513405716060e+01 9.075180540300261667e-01 1.187172839926758527e+01 9.075180540300261667e-01 3.019539433159444286e+00 -9.671165128439486836e+00 1.187172839926758527e+01 -9.671165128439486836e+00 9.756827834103097175e+00
-1.346270909332033971e+00 -1.837989781570280368e+00 4.846056416600694305e+00 -1.837989781570280368e+00 2.469623467988024679e+00 1.350046884319112905e+00 4.846056416600694305e+00 1.350046884319112905e+00 -8.006493150210431953e-01
4.671026598529184071e+01 -1.360885029104698551e+00 6.481859695250754783e+00 -1.360885029104698551e+00 3.134647947578168115e+01 -1.114629903660075705e+01 6.481859695250754783e+00 -1.114629903660075705e+01 3.830165238977651398e+01
-8.103544740934536250e+00 3.018266315855942516e-01 8.320795330598350859e+00 3.018266315855942516e-01 5.184538159579551220e+00 -1.673279174193009311e+01 8.320795330598350859e+00 -1.673279174193009311e+01 3.235198324418433469e+00
2.991561553258741313e+01 -1.570766423717278215e+01 1.193348041853133035e+00 -1.570766423717278215e+01 2.804646117585672727e+01 -3.889997210453288279e+00 1.193348041853133035e+00 -3.889997210453288279e+00 -1.470931246639716505e+01
-1.835131594145595813e+01 5.378196570663968501e+00 -3.495480525851546005e+00 5.378196570663968501e+00 -1.178070495471876278e+01 -6.157177036215073507e+00 -3.495480525851546005e+00 -6.157177036215073507e+00 -1.126784016428483604e+01
1.604105341288751774e+01 -5.363334261662958902e+00 8.668613701983357345e+00 -5.363334261662958902e+00 1.593018790069904078e+01 1.472911534450831716e+01 8.668613701983357345e+00 1.472911534450831716e+01 1.374770592834073213e+01
6.884451613057195551e+00 5.703095691095077413e+00 3.625772324187960471e+00 5.703095691095077413e+00 1.584569977186357193e+01 2.477889808106867875e+00 3.625772324187960471e+00 2.477889808106867875e+00 4.545494000061846229e+00
3.006177726183730670e+01 -1.336746658968136048e+00 7.255671671439670511e+00 -1.336746658968136048e+00 3.346905609511907898e+01 -2.543401485585642163e+01 7.255671671439670511e+00 -2.543401485585642163e+01 -3.277427279353055667e+01
9.140663928000734018e+00 2.732793943628571309e+00 2.142824297826665170e+00 2.732793943628571309e+00 1.880527485052249048e+01 -3.853542146065390694e-01 2.142824297826665170e+00 -3.853542146065390694e-01 -9.098829064956756030e-01
-1.910960687195414920e+01 1.547842833879909286e+00 5.153798826312701920e+00 1.547842833879909286e+00 -9.264618314805515453e+00 1.327479245153663001e+01 5.153798826312701920e+00 1.327479245153663001e+01 -1.204995341910251039e+00
-2.341444234688758730e+00 -1.063930732586286432e+01 -6.967120436879690182e+00 -1.063930732586286432e+01 4.185601548115080561e+00 3.292586058356905987e+00 -6.967120436879690182e+00 3.292586058356905987e+00 -9.101805548637310395e+00
1.682209188756222318e+01 1.610919300311294711e+00 -3.962432779115482973e+00 1.610919300311294711e+00 2.246438843343408465e+01 -6.242415276571217753e+00 -3.962432779115482973e+00 -6.242415276571217753e+00 1.747593314060173242e+01
-1.851550825262572175e+01 -7.807886249243825016e-01 -2.485708008870548102e+00 -7.807886249243825016e-01 -1.114570328507888419e+01 8.624755178812401724e+00 -2.485708008870548102e+00 8.624755178812401724e+00 -8.910057618557587489e+00
-7.341995904303185938e+00 8.530766184317520873e-01 4.386136357814978126e+00 8.530766184317520873e-01 -1.103144352672682071e+00 -9.488238055667116200e+00 4.386136357814978126e+00 -9.488238055667116200e+00 8.196100978930893621e-01
-1.692658516400826585e+01 -7.534494763704182141e+00 -5.320761992792082395e+00 -7.534494763704182141e+00 -4.877871925528165065e+00 1.543802109464905259e+00 -5.320761992792082395e+00 1.543802109464905259e+00 -6.203809580263121148e+01
5.449383757790354821e+01 -2.785828120066264013e+00 -4.825407044073571350e-01 -2.785828120066264013e+00 3.883246599815016253e+01 -1.753151196098196474e+00 -4.825407044073571350e-01 -1.753151196098196474e+00 -2.569111078127144410e+01
1.423123244806888543e+01 2.643718735734477576e+00 -1.584983146515187613e+01 2.643718735734477576e+00 1.898493239112249853e+01 1.739254967452401601e+01 -1.584983146515187613e+01 1.739254967452401601e+01 -4.787893959782861231e+01
-4.735124905559789710e+00 5.476402978552201262e+00 1.222041401097196056e+00 5.476402978552201262e+00 -4.675471685213036466e+01 -1.008110944702149503e+01 1.222041401097196056e+00 -1.008110944702149503e+01 -3.962914367172125196e+01
-1.151719366841587977e+01 -1.323741679124733395e+01 7.229062309965380351e+00 -1.323741679124733395e+01 -6.978283752583202215e+00 -3.298579116383916876e+00 7.229062309965380351e+00 -3.298579116383916876e+00 -2.940423003859801909e+01
-6.866533725127077936e+00 4.644688988596878509e+00 5.694248359750240240e+00 4.644688988596878509e+00 4.409834261982717329e+00 7.516902237105147044e+00 5.694248359750240240e+00 7.516902237105147044e+00 -2.906717550413877138e+00
2.241340250708477200e+01 1.504982663832979206e+01 3.297035921538534087e+00 1.504982663832979206e+01 3.964290603490306708e+00 5.780772548922028520e+00 3.297035921538534087e+00 5.780772548922028520e+00 -4.577484504580510105e+01
4.292769185068633142e+00 -1.211125278143681250e+01 -1.005813393376504195e+01 -1.211125278143681250e+01 2.635112843193941501e+01 2.659231949022488606e-01 -1.005813393376504195e+01 2.659231949022488606e-01 4.487315068126052076e+00
4.527718055945395292e+01 -1.086087621365637901e+01 4.194070467360906385e+00 -1.086087621365637901e+01 4.089971911454939857e+01 1.485371952314000543e+00 4.194070467360906385e+00 1.485371952314000543e+00 -1.776981797238513394e+01
-1.018011504509628828e+01 3.716446056777903628e+00 -1.017497807251047881e+01 3.716446056777903628e+00 -1.513029901994112336e+01 1.579422593437991518e+00 -1.017497807251047881e+01 1.579422593437991518e+00 -4.016756760663628967e+01
1.166470987259016567e+01 -5.660059827598036719e+00 -1.852423384424053410e+00 -5.660059827598036719e+00 7.630140518591442600e+00 -1.419813350860016499e+01 -1.852423384424053410e+00 -1.419813350860016499e+01 -1.158810275544807844e+01
4.103998664155364406e-01 -2.065502981762656898e+00 -7.864067354997478887e+00 -2.065502981762656898e+00 -1.801141788883642292e+01 -4.044832544558782494e+00 -7.864067354997478887e+00 -4.044832544558782494e+00 -1.757455920033891417e+01
3.778646191476933325e+01 5.281261573989914915e-01 -1.223584547257733313e+01 5.281261573989914915e-01 4.339453529056170566e+01 2.371213934013639280e-01 -1.223584547257733313e+01 2.371213934013639280e-01 8.641282018195026282e+00
2.721992878087630530e+01 -7.710983017630102410e+00 4.175594270278706333e+00 -7.710983017630102410e+00 1.475431771192827668e+01 -1.536438841959260060e+01 4.175594270278706333e+00 -1.536438841959260060e+01 -1.807904913699816163e+01
2.282052375239490782e+00 -1.104664756344230891e+00 -6.553868350280294131e-01 -1.104664756344230891e+00 3.939108018447903703e+00 8.240701476062843867e+00 -6.553868350280294131e-01 8.240701476062843867e+00 1.422252001894457507e+01
-1.588979706086353616e+01 -4.704862254972821844e+00 -5.268478061774390930e+00 -4.704862254972821844e+00 -4.221860432403407515e+01 1.087612931704779129e+01 -5.268478061774390930e+00 1.087612931704779129e+01 -2.918669033563351078e+01
1.200891178514217117e+01 -2.485905449432357806e+00 6.920440302296240631e+00 -2.485905449432357806e+00 -8.993508593786804894e+00 -1.049151351659119058e+01 6.920440302296240631e+00 -1.049151351659119058e+01 -1.454335301338897501e+01
1.647668698427015954e+01 -2.230201041417857688e+00 6.089141782620249188e+00 -2.230201041417857688e+00 3.108361677055010475e+01 3.761363539334353856e+00 6.089141782620249188e+00 3.761363539334353856e+00 4.452229430870753646e+01
-1.393624055572341369e+01 -8.370382017307289146e+00 -1.419391976494720709e+00 -8.370382017307289146e+00 5.408285119199621738e-01 -9.988843787287715159e+00 -1.419391976494720709e+00 -9.988843787287715159e+00 3.942238094359467038e+00
4.583281524593273559e+01 -5.434113058601759860e+00 1.522290939032293622e+00 -5.434113058601759860e+00 2.726434336397861102e+01 1.798739854527327964e+01 1.522290939032293622e+00 1.798739854527327964e+01 -2.902315564416071414e+00
5.696721800844269978e+01 -2.927070168473297151e+00 1.349806534040518180e+01 -2.927070168473297151e+00 5.211231819934699416e+01 -1.017606023729484610e+00 1.349806534040518180e+01 -1.017606023729484610e+00 7.249237078398977907e+00
3.830308312043792540e+01 -2.142366582695177435e+00 -5.323887858374426685e+00 -2.142366582695177435e+00 2.560882596165529534e+01 -3.854301738387531540e+00 -5.323887858374426685e+00 -3.854301738387531540e+00 -6.996273334169208269e+00
4.606733384291167077e+00 -7.058616185113188557e+00 1.023318578969080184e+00 -7.058616185113188557e+00 -8.278392312280114851e+00 -7.404056960183123870e+00 1.023318578969080184e+00 -7.404056960183123870e+00 -2.099222301875169006e+00
3.304119376460851498e+01 6.892534307656461579e-01 2.154503327214708219e-01 6.892534307656461579e-01 4.741396749894827423e+01 2.482492938047699216e+00 2.154503327214708219e-01 2.482492938047699216e+00 -1.372451215697410198e+01
-1.334117960541375325e+01 -5.671840269521885247e+00 1.053790921558294258e+01 -5.671840269521885247e+00 2.478935585800672303e+00 -3.118692891373955334e+00 1.053790921558294258e+01 -3.118692891373955334e+00 4.236725397335017185e+00
2.412118223353249213e+00 3.824658892073954153e+00 -3.121135472807888833e-01 3.824658892073954153e+00 8.317767829025450865e+00 5.657644359365154862e+00 -3.121135472807888833e-01 5.657644359365154862e+00 1.132379836896044445e+01
3.898905257124963697e+01 -1.320916261571818406e+00 4.211538790177526081e+00 -1.320916261571818406e+00 4.002048979767955927e+01 -4.655524028944794779e+00 4.211538790177526081e+00 -4.655524028944794779e+00 2.884301550494183175e+01
4.660864062768456506e+01 7.725337458400799662e+00 7.394567440187983287e+00 7.725337458400799662e+00 3.134496340063573072e+01 -7.844576835326973807e+00 7.394567440187983287e+00 -7.844576835326973807e+00 -1.607442203170695194e+01
3.824673280372756068e+01 -9.612286860028779856e+00 7.445083414366388652e+00 -9.612286860028779856e+00 1.770583567713863360e+01 -3.940160477866935462e+00 7.445083414366388652e+00 -3.940160477866935462e+00 1.849626916031435198e-01
2.567897867672726520e+01 -6.297573404572738287e-01 -1.678277591004333935e+00 -6.297573404572738287e-01 2.858770420404680479e+01 2.430879928561399783e+00 -1.678277591004333935e+00 2.430879928561399783e+00 2.789703215356712462e+01
-9.431555625778353047e+00 8.001027405530066972e+00 3.837758685831869077e+00 8.001027405530066972e+00 5.205399356330802974e+00 -3.475162005414571098e+00 3.837758685831869077e+00 -3.475162005414571098e+00 1.289618243453065638e+00
3.767363916312587158e+00 -1.814854447109793822e+00 2.967642495087047028e+00 -1.814854447109793822e+00 -9.740937914981145695e+00 1.481228403274603700e+01 2.967642495087047028e+00 1.481228403274603700e+01 -4.879860831589938641e+01
-2.199233090152686287e+01 -9.873261778919005138e+00 1.493416877393895170e+01 -9.873261778919005138e+00 -1.822311491777738723e+01 -3.616387315644572720e+00 1.493416877393895170e+01 -3.616387315644572720e+00 -4.570088480486860760e+01
4.258222826423344287e+01 9.982572570017969937e+00 -6.911718912830530748e+00 9.982572570017969937e+00 3.032068302271067495e+01 -3.535286699364111662e+00 -6.911718912830530748e+00 -3.535286699364111662e+00 2.403393697300428755e+01
3.973277073124672931e+00 -5.706810793340777899e+00 4.916573877494167633e+00 -5.706810793340777899e+00 1.349724230787590606e+01 -3.365870471591940305e+00 4.916573877494167633e+00 -3.365870471591940305e+00 -4.037695132499651152e+01
6.351945547412142012e+00 -2.936462724328770868e+00 8.262676707759133876e+00 -2.936462724328770868e+00 -8.368150119381256857e+00 -1.171297524612170449e+01 8.262676707759133876e+00 -1.171297524612170449e+01 -1.580814124570554036e+01
-1.621181176580041949e+01 1.384220815784098946e+01 6.108760068014348121e+00 1.384220815784098946e+01 3.284866218989733078e+00 2.355192313639880464e+00 6.108760068014348121e+00 2.355192313639880464e+00 -5.720058666711780404e+01
-8.515560321866381344e+00 -6.102050398852906232e-01 -2.332067020666169999e+00 -6.102050398852906232e-01 -2.036845384717555874e+01 -1.944051207994147434e-01 -2.332067020666169999e+00 -1.944051207994147434e-01 -2.012641086546691582e+01
6.347628599181615705e+00 4.889102424144027736e+00 -1.876905649672897525e+01 4.889102424144027736e+00 -2.046298496636208952e+01 -1.028949478242387627e+01 -1.876905649672897525e+01 -1.028949478242387627e+01 -3.340276297012048978e+00
5.087961974876651361e+00 -3.372465052769789029e+00 -1.374310846494989136e+00 -3.372465052769789029e+00 4.156343126363590379e+00 -1.393769018016218553e+01 -1.374310846494989136e+00 -1.393769018016218553e+01 -1.726086239222071939e+01
5.024081053784999540e+01 -2.109310453128264484e+00 -1.132127243451710008e+01 -2.109310453128264484e+00 2.581747165384341969e+01 1.739221682877282182e+00 -1.132127243451710008e+01 1.739221682877282182e+00 -2.906454068702832672e+01
1.049248001916787487e+01 -1.162249784563104171e+01 9.629483654059152187e-01 -1.162249784563104171e+01 9.959393574930730964e+00 -9.719481446261131197e+00 9.629483654059152187e-01 -9.719481446261131197e+00 -1.553433765931293919e+01
