8.133470964800552927e-02 3.301684454695694271e+00 -1.403884122700817638e+00 3.301684454695694271e+00 -1.244915776846299771e+01 -5.197355343040583442e+00 -1.403884122700817638e+00 -5.197355343040583442e+00 -2.020578890565516517e+01
3.270389644686147079e+01 6.005666527394468268e+00 -1.916330473693902547e+01 6.005666527394468268e+00 2.581109641539742583e+01 -8.904736031278781994e+00 -1.916330473693902547e+01 -8.904736031278781994e+00 5.847489134694027868e+00
1.971521563959553802e+01 -2.166613029418917336e+01 3.302823772028400384e+00 -2.166613029418917336e+01 -1.946129515931092513e+01 4.501789105997224816e+00 3.302823772028400384e+00 4.501789105997224816e+00 -3.045872971019753095e+01
5.141894698545244324e+01 6.643881224833762644e+00 2.894893401946771139e+00 6.643881224833762644e+00 3.438316335848800520e+01 8.189939785351782575e+00 2.894893401946771139e+00 8.189939785351782575e+00 9.660305793359549753e+00
7.287318081143622805e+01 4.433998623365114966e+00 -8.983436248728494888e+00 4.433998623365114966e+00 7.559008958150981528e+01 5.039348128383113412e+00 -8.983436248728494888e+00 5.039348128383113412e+00 1.781201580932415851e+01
-1.667456572252046243e+01 1.060077565703175217e+01 1.101001944813305933e+01 1.060077565703175217e+01 -4.084146300989976908e+01 -4.372418094403867528e+00 1.101001944813305933e+01 -4.372418094403867528e+00 -6.286987083784032393e+01
1.148535180281652757e+01 2.583016895711546113e+01 1.265731870390641278e+00 2.583016895711546113e+01 1.536182502902605407e+01 -1.961732787258553934e+00 1.265731870390641278e+00 -1.961732787258553934e+00 -5.196094685306946559e+01
6.687907178911109440e+01 8.097001945721387983e+00 3.941876118719088051e+00 8.097001945721387983e+00 4.981252613040777533e+01 -6.711415435210009051e+00 3.941876118719088051e+00 -6.711415435210009051e+00 4.342441330290591139e+01
-2.352124836367602612e+01 -7.977740078226211118e+00 -7.583120393999076558e-01 -7.977740078226211118e+00 4.434102119594428570e-01 -6.107777189756014025e+00 -7.583120393999076558e-01 -6.107777189756014025e+00 -5.892519720911045056e+01
-6.910007120300186934e+00 -2.031120552137702262e+00 -1.141143759445411909e+01 -2.031120552137702262e+00 -1.048599480237684345e+00 -1.248278387837193470e+01 -1.141143759445411909e+01 -1.248278387837193470e+01 -7.382534994395971495e+00
2.534586077564688367e+01 1.680317721971860578e+01 -1.483695513542157451e+00 1.680317721971860578e+01 1.312331424304285576e+01 -3.161171940426023230e+00 -1.483695513542157451e+00 -3.161171940426023230e+00 1.284170136948161733e+01
-3.381707600126760127e+01 1.322324884679260570e+01 -2.362231331206109175e+00 1.322324884679260570e+01 -3.798786729980926680e+01 8.160564141170599584e+00 -2.362231331206109175e+00 8.160564141170599584e+00 -4.846121379161177600e+01
1.129850590838203850e+01 1.572573041651505354e+00 1.116265574829250617e+01 1.572573041651505354e+00 -7.688277458581834090e+00 1.896953350041471609e+01 1.116265574829250617e+01 1.896953350041471609e+01 -3.460788050991260434e+01
-3.220393125635804665e+01 2.060588852061416532e+01 -1.845637062041829646e+00 2.060588852061416532e+01 -3.922114235606027677e+01 5.391740778484652719e-01 -1.845637062041829646e+00 5.391740778484652719e-01 -4.971357625200631247e+01
-4.877324896574604907e+01 -7.267016343115340504e+00 1.047776471211745708e+01 -7.267016343115340504e+00 -2.962085424182373572e+01 1.622419010747481849e+01 1.047776471211745708e+01 1.622419010747481849e+01 -7.264592970423834117e+01
1.328135395055801737e+01 -1.654902964828770529e+00 6.246652459843587968e-01 -1.654902964828770529e+00 1.099795764846625623e+01 -1.041373148133102156e+01 6.246652459843587968e-01 -1.041373148133102156e+01 -7.716830561604078653e+00
-6.281643702863902945e+00 1.257399625700074353e+01 -1.642885005431260925e+00 1.257399625700074353e+01 -1.284269428798188173e+01 6.185794883341036998e-01 -1.642885005431260925e+00 6.185794883341036998e-01 1.201295295637165950e+01
-2.910452585130696690e+01 6.675053791672894477e+00 5.267919947556575444e+00 6.675053791672894477e+00 -3.574228709812226867e+01 6.972168948340603301e+00 5.267919947556575444e+00 6.972168948340603301e+00 -2.633184254046607364e+01
-1.773923613839243074e-01 -1.145765474577729570e+01 1.150245371757031876e+01 -1.145765474577729570e+01 -1.142164510852154891e+01 -5.659098652226261628e+00 1.150245371757031876e+01 -5.659098652226261628e+00 -4.904329958709956117e+01
9.873459415388166960e+00 -1.447017809082891127e+00 1.811032028586782161e+01 -1.447017809082891127e+00 -9.497573508166490264e-01 -1.570830422288098127e+01 1.811032028586782161e+01 -1.570830422288098127e+01 -4.986200408384493699e+01
3.032467506098668331e+00 -2.573359922767235020e+00 -2.175155988539914986e+01 -2.573359922767235020e+00 1.059456384768486137e+00 -1.947623189074468897e+01 -2.175155988539914986e+01 -1.947623189074468897e+01 -2.572385870788744100e+01
3.936092563719439141e+01 3.635417066057014424e+00 -1.176078182930429428e+01 3.635417066057014424e+00 4.809241414200020870e+01 3.225941946872473154e-01 -1.176078182930429428e+01 3.225941946872473154e-01 2.430386773208001472e+01
-1.905813708868985401e+01 -1.353750973478990705e-01 2.243108742291538338e+00 -1.353750973478990705e-01 -1.920271857505891688e+01 2.253874040635770903e+00 2.243108742291538338e+00 2.253874040635770903e+00 -5.589335546979759783e+01
-6.728090556753346441e+00 -5.378445014330114127e+00 -1.512426739053110580e+01 -5.378445014330114127e+00 7.753014187262083468e+00 8.295154565321881890e+00 -1.512426739053110580e+01 8.295154565321881890e+00 -1.637302526115517409e+01
3.378120540306935027e+01 -4.715265738234303505e+00 1.893818608795649672e+00 -4.715265738234303505e+00 4.385929145606471735e+01 -1.703868094833414304e+01 1.893818608795649672e+00 -1.703868094833414304e+01 2.867084175230323950e+01
-2.355422432722390624e+01 2.571459656013054484e+00 1.120200812724504935e+01 2.571459656013054484e+00 -1.983765060926598522e+01 -5.358929447519373390e+00 1.120200812724504935e+01 -5.358929447519373390e+00 -2.901033877230601021e+01
-5.523784170428865536e+01 -1.277015179788383037e+01 3.104031276115217342e+00 -1.277015179788383037e+01 -6.417205761495455363e+01 -7.322741587993957246e-01 3.104031276115217342e+00 -7.322741587993957246e-01 -8.764431070879759034e+01
-2.832574200018902744e+01 -8.187983100007977910e+00 6.355789006026606458e+00 -8.187983100007977910e+00 -1.247432192756531677e+01 -4.284504883226028515e-01 6.355789006026606458e+00 -4.284504883226028515e-01 -6.617352082145501413e+01
-6.175282658177197703e+01 5.391788675128450947e+00 5.865828996103625848e-01 5.391788675128450947e+00 -2.722406075161544692e+01 8.160057955538555063e+00 5.865828996103625848e-01 8.160057955538555063e+00 1.981040713711298551e+01
3.549022640447267207e+01 -9.488474742875292467e-01 1.276347384429763743e+01 -9.488474742875292467e-01 3.941532512297234092e+01 9.855499133485359664e+00 1.276347384429763743e+01 9.855499133485359664e+00 -1.183950762190420392e+00
-2.440428237799361355e+01 -7.415993564917408243e+00 5.959859292517251106e+00 -7.415993564917408243e+00 -2.097610978863781739e+01 1.003189912632730696e+01 5.959859292517251106e+00 1.003189912632730696e+01 -4.735024554248485629e+01
-2.319442339448934476e+01 7.391290601272563876e+00 -2.243379861085304938e+01 7.391290601272563876e+00 -1.190662886624993888e+01 -1.778456452533465182e+01 -2.243379861085304938e+01 -1.778456452533465182e+01 -2.880839556088216469e+01
-1.798579897483818746e+00 -5.624936882335335397e+00 -1.880723251251725125e+00 -5.624936882335335397e+00 1.632811021171567623e+00 -6.358156556808061133e+00 -1.880723251251725125e+00 -6.358156556808061133e+00 7.960451921304907696e-02
6.221411242191420499e+00 1.741811035253717677e+01 5.075952295425512517e+00 1.741811035253717677e+01 2.477570852676013757e+01 -1.573559005271290978e+01 5.075952295425512517e+00 -1.573559005271290978e+01 7.967043203167016863e+00
-8.262688673787641491e+00 -2.344815722114099998e-01 -9.032863444068047087e+00 -2.344815722114099998e-01 -2.734976201114226058e+01 1.181071074325702597e+01 -9.032863444068047087e+00 1.181071074325702597e+01 -4.934326025332885024e+01
-5.292203259734028720e+00 1.195188624628287677e+01 8.573253142462887055e+00 1.195188624628287677e+01 -1.192477478785963463e+01 8.430123572682333588e+00 8.573253142462887055e+00 8.430123572682333588e+00 -1.684360015399146349e+01
1.326156585543681321e-01 6.280543317765173938e+00 -2.121674381300406154e+01 6.280543317765173938e+00 -4.166306028039929998e+00 2.064709601498251335e+00 -2.121674381300406154e+01 2.064709601498251335e+00 -2.543454321373732796e+01
2.761010915772923724e+01 5.159633096771913507e+00 -1.193283981568007590e+01 5.159633096771913507e+00 -4.982450190615366203e+00 1.791897701529985554e+01 -1.193283981568007590e+01 1.791897701529985554e+01 -1.058133935466299924e+01
-1.788454347799615718e+01 1.228146468553433346e+00 -6.760930089729202841e+00 1.228146468553433346e+00 -2.401983680399324683e+01 5.137106388790285472e+00 -6.760930089729202841e+00 5.137106388790285472e+00 -5.906025283972599027e+01
-8.571513712480692604e+00 -3.450302049526188242e-01 -6.205904323778876908e-03 -3.450302049526188242e-01 1.591505670120550109e+00 7.262587569336093729e+00 -6.205904323778876908e-03 7.262587569336093729e+00 -3.414667054006819313e+01
3.299249198477473755e+01 -1.468382301388907862e+01 1.151674944836954095e+00 -1.468382301388907862e+01 3.607363562854607153e+01 -1.463912297130375784e+01 1.151674944836954095e+00 -1.463912297130375784e+01 1.340045536717047803e+01
-1.517975412132091417e+00 7.555644285609485422e+00 3.336915845917959533e+00 7.555644285609485422e+00 -4.230089132647009365e+01 1.271807571724491659e+01 3.336915845917959533e+00 1.271807571724491659e+01 -4.882315714436154508e+01
2.244195631301905891e+01 1.091316502464751537e+00 -3.931408691844169301e+00 1.091316502464751537e+00 2.769511398542516289e+01 7.276526876588151893e+00 -3.931408691844169301e+00 7.276526876588151893e+00 -2.878162782845760859e+01
-1.927110650835503236e+01 -6.601253658769701715e+00 9.292525850878229576e+00 -6.601253658769701715e+00 -1.713317829428769556e+01 -9.205882593669070246e+00 9.292525850878229576e+00 -9.205882593669070246e+00 -3.652723146777389474e+01
3.709208540670296816e+00 -2.743986483008223676e+00 -9.460719880616876853e-01 -2.743986483008223676e+00 9.499162824214369749e+00 1.107166771915547621e+01 -9.460719880616876853e-01 1.107166771915547621e+01 -3.982155582278442552e+01
4.215753351356615752e+01 4.183008882289461994e+00 9.676458566671998440e+00 4.183008882289461994e+00 2.829252584009400451e+01 6.228745493907190262e-02 9.676458566671998440e+00 6.228745493907190262e-02 2.210375358869414608e+00
-1.257689010103775828e+01 7.194573680292151607e+00 -1.448003152496655765e+01 7.194573680292151607e+00 -9.020955953064495603e+00 -4.994864779187241588e+00 -1.448003152496655765e+01 -4.994864779187241588e+00 -3.073481496745658248e+01
4.555306340388776576e+00 4.780221726806583860e+00 -1.861839554621971615e+01 4.780221726806583860e+00 4.439273194677006096e+00 -7.078000306209769832e+00 -1.861839554621971615e+01 -7.078000306209769832e+00 -3.465193317274061968e+01
5.401050706809549951e+01 4.260183147704310613e+00 -1.500783953842819596e+00 4.260183147704310613e+00 5.638186704883982969e+01 5.797104036708831565e+00 -1.500783953842819596e+00 5.797104036708831565e+00 1.399097056051943788e+01
-1.437366147204216738e+01 5.580449938037272517e+00 -2.690851552484101461e-01 5.580449938037272517e+00 -1.204465076227327236e+00 -5.989490082734427290e+00 -2.690851552484101461e-01 -5.989490082734427290e+00 -3.221049111662078701e+01
3.614319245278087323e+01 -1.451023848730071286e+01 3.265995771680756388e+00 -1.451023848730071286e+01 1.372958078582974473e+01 -3.192418805051156383e+00 3.265995771680756388e+00 -3.192418805051156383e+00 5.123249094064649789e+00
-1.703300540933173224e+01 -2.285354964251194332e+01 -8.609657464906492308e+00 -2.285354964251194332e+01 -1.132355607872888292e+01 1.548423636770548661e+01 -8.609657464906492308e+00 1.548423636770548661e+01 -3.604025513757780175e+01
-6.926132728881810863e+01 -5.556059465021835564e+00 -2.043278605861563335e+01 -5.556059465021835564e+00 -2.103919363156616029e+01 2.183072757150485543e+01 -2.043278605861563335e+01 2.183072757150485543e+01 -4.743881796222470371e+01
-1.361114588046237550e+01 -1.583674488153482551e+00 -6.704543251207502941e+00 -1.583674488153482551e+00 -3.346175077338817516e+01 3.681854583742740217e-01 -6.704543251207502941e+00 3.681854583742740217e-01 -8.163998886192473492e+00
-3.344372916716525879e+01 2.749368152963381107e+01 -1.352428681415504208e+01 2.749368152963381107e+01 -3.456240395790658226e+01 -4.037702835667173140e+00 -1.352428681415504208e+01 -4.037702835667173140e+00 -5.948693091046050085e+01
-5.238938080105963735e+01 -2.775456593224035373e+00 5.546568897579419399e+00 -2.775456593224035373e+00 -7.683383613382663668e+01 -1.037068332249062053e+01 5.546568897579419399e+00 -1.037068332249062053e+01 -9.439176612618709328e+01
-2.064160024385905245e+01 -1.581338590448122972e+01 2.850879854132313262e+00 -1.581338590448122972e+01 1.732597352599225538e+00 1.866778280086371478e+00 2.850879854132313262e+00 1.866778280086371478e+00 9.081601275412250374e+00
-3.921502803181838459e+01 1.444272294015249614e+01 2.849387532120450928e+01 1.444272294015249614e+01 -3.195568844729938363e+01 4.775920382611857029e+00 2.849387532120450928e+01 4.775920382611857029e+00 -8.050115323672322631e+00
9.262049154117722338e+00 -1.010748070068355631e+01 2.491658114869142349e+00 -1.010748070068355631e+01 4.712656168991302685e+00 9.921847195811725584e+00 2.491658114869142349e+00 9.921847195811725584e+00 -1.136146808329918656e+01
-4.382127345089851644e+01 2.919196449892595080e+00 -7.317376668622148195e+00 2.919196449892595080e+00 -2.633813138814894117e+01 2.096049166900442629e+01 -7.317376668622148195e+00 2.096049166900442629e+01 -6.260762780311994646e+01
-9.598366746145536865e+00 -6.498399493896127588e-01 1.858674732802168705e+01 -6.498399493896127588e-01 1.026098289509116235e+01 5.848522704254046189e+00 1.858674732802168705e+01 5.848522704254046189e+00 -7.955954610603074073e+00
1.723307689247338814e+01 5.785421571604109303e+00 -1.852427668696839191e+01 5.785421571604109303e+00 2.675459756549543400e+01 -5.491169946704136606e+00 -1.852427668696839191e+01 -5.491169946704136606e+00 -5.270538492457732360e+01
-1.979706445624922040e+01 1.246214163420740917e+01 -7.736180558969212306e+00 1.246214163420740917e+01 -2.213896795228477288e+01 1.803897403989720161e+01 -7.736180558969212306e+00 1.803897403989720161e+01 -4.139075571085022887e+01
2.207812854206744646e+01 -1.091712044582558327e+01 1.391654093049064789e-01 -1.091712044582558327e+01 1.682916434265794692e+01 -1.453122122940648575e+00 1.391654093049064789e-01 -1.453122122940648575e+00 -1.697760263508221357e+01
4.050623720133306627e+00 1.931692126049118885e+00 8.194754950791065085e+00 1.931692126049118885e+00 4.812469193414386837e+00 3.890455454719293105e+00 8.194754950791065085e+00 3.890455454719293105e+00 -5.227471670824467509e+01
3.974951091907919931e+01 2.722910442054788049e+00 -2.474337462914525165e+00 2.722910442054788049e+00 9.129774627681173982e+00 -5.242846005601411896e+00 -2.474337462914525165e+00 -5.242846005601411896e+00 -2.844895436583545489e+01
-3.513553964589802092e+01 5.195496798037059882e+00 2.429347119359411611e+00 5.195496798037059882e+00 -2.101698889025273687e+01 -9.057981608672520224e+00 2.429347119359411611e+00 -9.057981608672520224e+00 -1.987445040983104505e+01
2.678674479403703401e+01 1.343459348464171121e+01 8.163713999926411446e+00 1.343459348464171121e+01 3.012500195776010159e+01 -7.118455895437910685e-01 8.163713999926411446e+00 -7.118455895437910685e-01 1.898867160533470866e+01
-4.033372980371126459e+01 4.763016426757782362e+00 1.035565955691346396e+01 4.763016426757782362e+00 -5.408430905962281088e+01 1.239359601942663147e+01 1.035565955691346396e+01 1.239359601942663147e+01 -3.577794640450178321e+01
-3.927068764650618249e+01 3.352804352371177288e+01 -3.421425979110945370e+00 3.352804352371177288e+01 -2.391815041742760073e+01 -1.211443349866574515e+01 -3.421425979110945370e+00 -1.211443349866574515e+01 -6.875024799490334715e+01
2.041259344829465050e+01 -1.460853610559599325e+01 -5.936770441035928769e+00 -1.460853610559599325e+01 1.927561702852213088e+01 -2.336301050784909350e+01 -5.936770441035928769e+00 -2.336301050784909350e+01 -1.280452257694205898e+01
-8.782238441002121476e-01 1.032933028558549537e+01 8.543996502748898436e+00 1.032933028558549537e+01 1.920659516935235400e+00 1.251319193874164526e+01 8.543996502748898436e+00 1.251319193874164526e+01 -1.462579515024010846e+01
-2.629701989075339696e+01 3.894555757056360257e+00 -1.128625723560517180e+01 3.894555757056360257e+00 -3.125665347322414078e+01 -1.347740140410749099e+01 -1.128625723560517180e+01 -1.347740140410749099e+01 -7.253122437452030624e+01
1.906602099865445865e+01 -9.252868264993258096e-01 6.359844368390109359e+00 -9.252868264993258096e-01 4.936751942366859325e+00 -1.468704559609463445e+01 6.359844368390109359e+00 -1.468704559609463445e+01 -2.724158392709885845e+01
-1.740463640765765874e+01 -1.786587111429861069e-02 -1.799351549115410842e+00 -1.786587111429861069e-02 -1.162461102782439415e+00 -1.860322723683689450e-01 -1.799351549115410842e+00 -1.860322723683689450e-01 2.268860708417034289e+01
2.039918704543012939e+00 1.156860165379695893e+01 -9.405527981836488749e+00 1.156860165379695893e+01 2.276080853478724819e+01 -4.292392883718364693e+00 -9.405527981836488749e+00 -4.292392883718364693e+00 -1.842586757711064749e+01
-3.123305632085735439e+01 -1.641890111013568543e+01 1.544631577584131854e+01 -1.641890111013568543e+01 -4.604918672824096859e+01 -4.043062341439035201e+00 1.544631577584131854e+01 -4.043062341439035201e+00 -6.214025776426693426e+01
-1.461555558696498203e+01 2.143694613562080464e-01 4.271224288687988313e+00 2.143694613562080464e-01 -9.137812976609891891e+00 -1.264383059623799888e+01 4.271224288687988313e+00 -1.264383059623799888e+01 -3.125383374821150362e+00
8.601895002063429274e+00 1.032513279143830509e+01 1.286809756799068083e+01 1.032513279143830509e+01 -2.078710798107456981e+01 2.433907827213048769e+00 1.286809756799068083e+01 2.433907827213048769e+00 -3.229227866128630353e+01
3.753402801866307925e+01 1.375803813664756170e+01 -5.637145455659587689e+00 1.375803813664756170e+01 5.031167047674923509e+01 1.007775406956855946e+01 -5.637145455659587689e+00 1.007775406956855946e+01 -5.619570750044840857e+00
5.465810710727495092e+01 9.528850092929038951e+00 1.029592350721765648e+01 9.528850092929038951e+00 3.623891157021224529e+01 2.028895586531107575e+00 1.029592350721765648e+01 2.028895586531107575e+00 1.125492318822626636e+01
-2.224401815153169792e+01 -3.207585371736444557e+01 6.300178221764049624e+00 -3.207585371736444557e+01 -9.629123173723968421e+00 1.970578431812267084e+01 6.300178221764049624e+00 1.970578431812267084e+01 -1.842294077902157312e+01
-8.715837106004732604e+00 5.996511338042049388e+00 -4.032467252563481708e+00 5.996511338042049388e+00 -8.488780623724695218e+00 -6.029579172178219260e+00 -4.032467252563481708e+00 -6.029579172178219260e+00 -4.689493063546189688e+01
5.392654946452510423e+00 7.863134299117603199e+00 5.732798760018479101e+00 7.863134299117603199e+00 4.855164836933385075e+00 -2.250462429685381183e-01 5.732798760018479101e+00 -2.250462429685381183e-01 -4.281974996310358250e+01
-6.960683052665600279e+00 -1.974808320738766909e+01 2.896182219828311144e+00 -1.974808320738766909e+01 -2.022333107759692794e+01 8.791261642024080558e+00 2.896182219828311144e+00 8.791261642024080558e+00 -4.210321807576841024e+01
6.665834010585584224e+01 -5.420835202486903093e+00 5.172901662958384605e+00 -5.420835202486903093e+00 6.218259184499225967e+01 -1.408190259175284886e+01 5.172901662958384605e+00 -1.408190259175284886e+01 1.507728450116408681e+01
-9.253335573878024078e+00 9.015342375843482525e-01 1.725198223170318812e+01 9.015342375843482525e-01 -9.316663210384154681e+00 1.938303621514045716e+01 1.725198223170318812e+01 1.938303621514045716e+01 -1.441673880612367853e+01
1.410384185628052656e+01 6.698133285126294467e+00 -1.026045932167217245e+01 6.698133285126294467e+00 1.826062790205838127e+01 1.507443608111848654e+01 -1.026045932167217245e+01 1.507443608111848654e+01 -1.995573198241404445e+00
5.931413986084973722e+00 -2.120417245289294428e+01 -2.250932022955073553e+00 -2.120417245289294428e+01 1.458559136863322614e+01 2.180812569298705483e+01 -2.250932022955073553e+00 2.180812569298705483e+01 -1.932416222895572488e+01
-7.236390562392085890e+00 2.174842051971708656e+00 1.684085804887371696e+00 2.174842051971708656e+00 -1.746349663375793781e+01 -4.209079803356681637e+00 1.684085804887371696e+00 -4.209079803356681637e+00 1.101827204324659348e+01
-1.268578344964933535e+01 8.320730012915083407e+00 -3.750678796737039189e+00 8.320730012915083407e+00 -2.327622268979940401e+01 -6.141343548302203637e+00 -3.750678796737039189e+00 -6.141343548302203637e+00 2.368448445451798179e+01
-1.314658805400028108e+01 -4.778832945633998186e+00 2.331614835483872550e-01 -4.778832945633998186e+00 -3.408004610815173407e+01 1.199525164355750206e+01 2.331614835483872550e-01 1.199525164355750206e+01 -4.698952535932482277e+01
-3.844867808423031885e+00 1.609674016795696261e+01 -3.719160422350313411e+00 1.609674016795696261e+01 3.430318660312227053e+01 2.478019103760097597e+00 -3.719160422350313411e+00 2.478019103760097597e+00 1.626755633183750405e+01
1.448347133343952109e+01 -7.021062910924302791e+00 2.340399593981839033e+01 -7.021062910924302791e+00 -2.743305751464890818e+01 3.897699346163891576e+00 2.340399593981839033e+01 3.897699346163891576e+00 -2.482381015870736718e+01
2.551427402514251952e+01 8.360104633604539259e+00 9.555825595984627441e+00 8.360104633604539259e+00 3.140027363917214842e+01 9.235664529440702486e-01 9.555825595984627441e+00 9.235664529440702486e-01 1.978119409537065554e+00
-2.183395363557299262e+01 5.374535854307955773e+00 1.968438547155852802e+01 5.374535854307955773e+00 -4.348518782276204320e+01 -5.846506169219648719e+00 1.968438547155852802e+01 -5.846506169219648719e+00 -3.440193713931246577e+01
-4.337122959968341007e+01 -1.335349848448713317e+01 2.631158186625641804e+01 -1.335349848448713317e+01 -4.455088694361256785e+01 -1.173731226110646020e+01 2.631158186625641804e+01 -1.173731226110646020e+01 -6.014102215715460886e+01
-1.403407565004209623e+01 -1.760710037050510124e+01 9.189913039776217429e-01 -1.760710037050510124e+01 -4.319426019311544707e+01 -4.766979392301958107e+00 9.189913039776217429e-01 -4.766979392301958107e+00 -6.423545992247284175e+01
-2.351172003705321956e+01 8.606068758301292920e-01 -3.149780630374740653e+00 8.606068758301292920e-01 -4.804479863692566965e+00 -1.252450805701702485e+01 -3.149780630374740653e+00 -1.252450805701702485e+01 2.240890847254765816e+01
-9.397400349461390689e+00 -7.668297730804416901e+00 8.182756850550466865e+00 -7.668297730804416901e+00 -9.112811570938729844e+00 2.737017745268593316e+00 8.182756850550466865e+00 2.737017745268593316e+00 -5.569743630142065882e+01
