4.291979717466259103e+01 -7.303938077916942717e-01 -6.132248258930761864e+00 -7.303938077916942717e-01 4.257670381461681330e+01 -3.186539600411280926e+00 -6.132248258930761864e+00 -3.186539600411280926e+00 4.063133366720851569e+01
4.199464743244666898e-01 -4.931968237700188773e+00 2.387099864892634482e+00 -4.931968237700188773e+00 3.534843495637991939e+00 -4.200855407904099614e+00 2.387099864892634482e+00 -4.200855407904099614e+00 -3.459528385954247831e+00
2.927370441375445154e+01 -1.937700794833496687e+01 7.151377281872735026e+00 -1.937700794833496687e+01 6.640938054554271774e-01 1.285322350178180173e+01 7.151377281872735026e+00 1.285322350178180173e+01 -2.114357537689119937e+01
-3.410381140849793269e+00 -2.792762107038428976e+00 -2.978810176314879987e-01 -2.792762107038428976e+00 -1.811049002169922373e+00 1.553239148543813508e+00 -2.978810176314879987e-01 1.553239148543813508e+00 -8.395709741726834707e+00
3.227089282700563899e+01 -7.646205771070539114e+00 9.244685545704033558e+00 -7.646205771070539114e+00 2.889308059111953852e+01 4.254110359971611466e+00 9.244685545704033558e+00 4.254110359971611466e+00 3.070567968173308060e+01
4.263325142595628847e+01 7.582215473732117239e+00 -2.417257215023225214e+00 7.582215473732117239e+00 4.566957353288835009e+01 3.542806724950094965e-01 -2.417257215023225214e+00 3.542806724950094965e-01 3.555873340378358449e+01
-1.081504609123637728e+01 -8.498563107836888397e-01 5.907175913454114635e+00 -8.498563107836888397e-01 -6.619667986437516305e+00 1.651899079364000489e+00 5.907175913454114635e+00 1.651899079364000489e+00 -9.299592018440028696e+00
5.255132453946162485e+01 2.093838108225209993e+00 -1.128087156330679264e+01 2.093838108225209993e+00 4.946157489158197507e+01 -5.766632818307555475e-01 -1.128087156330679264e+01 -5.766632818307555475e-01 4.354268053718276832e+01
3.424701512499118650e+01 -3.021455392583789035e+00 2.507422898030965186e+00 -3.021455392583789035e+00 1.694575697303421791e+01 6.315497690529937869e-02 2.507422898030965186e+00 6.315497690529937869e-02 -1.062107197113031365e+00
-1.767803983387480216e+01 -1.201989824693749576e+01 3.706934148347561297e+00 -1.201989824693749576e+01 -3.490012833040056961e+01 -1.265077561558866570e+01 3.706934148347561297e+00 -1.265077561558866570e+01 -1.543071142308836485e+01
3.167970975932806255e+01 6.230147127419040309e+00 4.723967089077222070e+00 6.230147127419040309e+00 2.585098981071202218e+01 -1.006674816661502447e+01 4.723967089077222070e+00 -1.006674816661502447e+01 2.886996139202269518e+01
-2.561310897009235532e+01 6.116081371058160743e-01 3.386210340505516392e+00 6.116081371058160743e-01 -2.270339396454706460e+01 7.713869234564818100e+00 3.386210340505516392e+00 7.713869234564818100e+00 3.556460204864678509e+00
5.301657196694148411e+01 1.412945693867741070e+01 1.422990718040861857e+01 1.412945693867741070e+01 3.702975430059042949e+00 -9.957196100468083344e+00 1.422990718040861857e+01 -9.957196100468083344e+00 -4.573612336246529964e+01
2.497966990889512573e+00 -8.774165325386339420e-01 1.803067686433491801e+01 -8.774165325386339420e-01 -1.276397144383355808e+01 8.651916674675701913e+00 1.803067686433491801e+01 8.651916674675701913e+00 -4.916809978138664405e+01
6.688931336792698801e+01 3.564984878196338247e+00 4.014086725236861497e+00 3.564984878196338247e+00 5.082558416167035631e+01 -1.328852563624187688e+01 4.014086725236861497e+00 -1.328852563624187688e+01 1.158972486025739279e+01
1.437296627097883039e+01 5.285938710831879384e+00 2.797497179992804117e+00 5.285938710831879384e+00 1.997392672434060046e+01 3.074820419746477906e+00 2.797497179992804117e+00 3.074820419746477906e+00 3.456421495370278052e+01
-1.088311084916247928e+01 -2.340305359324102330e+00 6.914509620568832560e+00 -2.340305359324102330e+00 -1.511064751802360107e+01 7.858719998435665488e+00 6.914509620568832560e+00 7.858719998435665488e+00 -2.856238142232752963e+01
2.334864548710670462e+01 1.056611965134113795e+01 -5.513611149660354371e+00 1.056611965134113795e+01 2.054176965274213273e+01 -1.471274348754358030e+00 -5.513611149660354371e+00 -1.471274348754358030e+00 -8.059937982516254706e+00
1.405722971989154502e+01 1.968352771750162267e-01 -2.272914267873105132e+00 1.968352771750162267e-01 2.313008577428439239e+00 3.378878480921616134e+00 -2.272914267873105132e+00 3.378878480921616134e+00 -3.043156733350777632e+00
-1.911011917053324538e+01 -5.758310235388182541e+00 1.651263103810282518e+00 -5.758310235388182541e+00 -2.026444789540652991e+01 4.681322021801520350e+00 1.651263103810282518e+00 4.681322021801520350e+00 -2.731473267432816954e+01
1.578504448860759268e+01 3.902447309112722085e+00 -9.566982157198044234e+00 3.902447309112722085e+00 8.059075602901010882e+00 -8.112599559378688596e+00 -9.566982157198044234e+00 -8.112599559378688596e+00 5.554671316580823692e+00
-7.962077108128138292e-01 -1.036081557118637342e+01 -2.597940937850748977e-01 -1.036081557118637342e+01 -1.179073333217494479e+01 1.289832260604288372e+01 -2.597940937850748977e-01 1.289832260604288372e+01 -1.031109918716916773e+01
2.739284117968501064e+01 -2.955663134651449031e+00 -6.830490941290046969e+00 -2.955663134651449031e+00 2.860761537895582052e+01 -1.002952214793521479e+00 -6.830490941290046969e+00 -1.002952214793521479e+00 2.042774594587783810e+01
1.899605536598214961e+00 2.154402450403156699e+00 -7.341653565352284083e-01 2.154402450403156699e+00 -6.137793258461598178e+00 2.267424167045796857e+00 -7.341653565352284083e-01 2.267424167045796857e+00 -1.345209678698625311e+01
-7.704227170242102574e+00 -1.600316485011171252e+01 -1.127998341194265741e+01 -1.600316485011171252e+01 -2.229127632300239270e+01 -2.480785549698977732e+01 -1.127998341194265741e+01 -2.480785549698977732e+01 -3.117709140108762966e+01
2.756256054941222944e-01 -1.716362328216997302e+00 -3.049265830163167657e+00 -1.716362328216997302e+00 3.756312185873929455e+00 2.712930810790623037e-01 -3.049265830163167657e+00 2.712930810790623037e-01 3.641692920615602347e+00
-2.048774923561783723e+01 3.221492411884055440e-01 7.045549784999680654e+00 3.221492411884055440e-01 -1.341016817616892176e+01 -1.159986754621871619e+00 7.045549784999680654e+00 -1.159986754621871619e+00 -2.285076606931078658e+01
1.268705615930307395e+01 -3.858902260595097999e+00 1.371314613670035776e+01 -3.858902260595097999e+00 1.251003324549751028e+01 7.303806154136706752e+00 1.371314613670035776e+01 7.303806154136706752e+00 -4.100578355309905021e+01
2.000071427206758656e+01 -8.308473792399633240e+00 -6.966121433926518058e+00 -8.308473792399633240e+00 -2.359740472264646449e+00 1.097242092900823174e+01 -6.966121433926518058e+00 1.097242092900823174e+01 -2.330319485133317325e+00
2.909793629729411180e+01 4.321256642816964977e+00 5.038724334191681642e+00 4.321256642816964977e+00 2.769978310959511347e+01 3.711821359302939438e+00 5.038724334191681642e+00 3.711821359302939438e+00 3.526101358603030178e+01
-4.091504867318829675e+00 9.466682946335517101e+00 -2.806530725317233799e+00 9.466682946335517101e+00 -8.334866394623170471e-01 5.193946269023565598e+00 -2.806530725317233799e+00 5.193946269023565598e+00 -4.158969962877046100e+01
1.052353069692134291e+01 8.131126749001421627e-01 2.732524464662778652e+00 8.131126749001421627e-01 9.647276390436111626e+00 -1.224649624249645186e+01 2.732524464662778652e+00 -1.224649624249645186e+01 -4.314904265490376645e+00
-4.580315062250345015e+00 8.129742291773808915e+00 8.293726702257043115e+00 8.129742291773808915e+00 -1.444452674674701242e+01 4.357497857321451562e+00 8.293726702257043115e+00 4.357497857321451562e+00 -1.643408465452427691e+01
3.913958457595585827e+01 2.175944526274285806e+00 2.419423040505249922e+00 2.175944526274285806e+00 3.573619731614242312e+01 -1.807402574286952390e+00 2.419423040505249922e+00 -1.807402574286952390e+00 2.361094300886112407e+01
-1.086241152815603783e+01 -2.657330692159965424e-01 4.984387648838741747e+00 -2.657330692159965424e-01 -1.691760942752722485e+01 8.116333050996301424e+00 4.984387648838741747e+00 8.116333050996301424e+00 -3.445743198032221954e+01
-5.108954987104219470e+00 6.491465456044466897e+00 1.114225594248879680e+01 6.491465456044466897e+00 -5.770082941442635338e+00 -1.128073270313072696e+00 1.114225594248879680e+01 -1.128073270313072696e+00 -2.208776932239981505e+01
-6.058661671917172242e+01 1.260439033561169264e+00 4.919679533964258944e+00 1.260439033561169264e+00 -2.162236852013847255e+01 -1.214262459547951067e+01 4.919679533964258944e+00 -1.214262459547951067e+01 2.052854875842002969e+01
3.055426385687525226e+01 7.743883947071157348e-01 1.239230976395647055e+00 7.743883947071157348e-01 2.922910613932562285e+01 1.250128644017924617e-01 1.239230976395647055e+00 1.250128644017924617e-01 3.006956790030841020e+01
-6.792109559612196534e+00 8.945252677060566704e-01 -1.502106062931230923e+01 8.945252677060566704e-01 -3.050162373321355869e+00 4.872547732714648916e+00 -1.502106062931230923e+01 4.872547732714648916e+00 -3.773211109383409934e+01
-2.321592018750088471e+01 -3.868306672875739149e+00 -5.312193299133237012e+00 -3.868306672875739149e+00 -1.457765591797263838e+01 1.997090171030004302e-01 -5.312193299133237012e+00 1.997090171030004302e-01 -2.744742744317159833e+01
-5.022932567742954291e+01 3.589510514642328509e+00 -4.728843836193268757e+00 3.589510514642328509e+00 -3.108906562240350269e+01 9.200692462327904053e+00 -4.728843836193268757e+00 9.200692462327904053e+00 1.454667178289530227e+01
-5.523095951537454695e+00 2.033253323148905167e+00 2.513221879463337416e+00 2.033253323148905167e+00 -4.251671799545935215e+00 5.419519513925147969e+00 2.513221879463337416e+00 5.419519513925147969e+00 -1.116661580974588475e+01
-7.461415494936930770e+01 1.936917820000083879e+01 -8.818825568961097261e+00 1.936917820000083879e+01 -5.070596007188901666e+01 1.624112250684592862e+00 -8.818825568961097261e+00 1.624112250684592862e+00 2.056983809982731515e+01
-1.276581930985656399e+01 2.119646183413530238e+01 1.526973079645467557e+01 2.119646183413530238e+01 1.237596875306333999e+01 2.148728821667468125e+01 1.526973079645467557e+01 2.148728821667468125e+01 -1.911252166414741538e+01
3.033499017494065697e+01 -1.038204348170771851e+01 -3.783202696709493384e+00 -1.038204348170771851e+01 2.769366922496774208e+01 6.376106273687969228e+00 -3.783202696709493384e+00 6.376106273687969228e+00 3.252720648700106665e+01
-5.597278193620225828e+00 -3.103463081951976399e+00 -9.165056273502713680e+00 -3.103463081951976399e+00 -2.553938673672692339e+00 -5.835195128451934110e+00 -9.165056273502713680e+00 -5.835195128451934110e+00 -1.128296166593994343e+01
1.992324250305632205e+01 1.260360944100434111e+01 1.639259303532615064e+01 1.260360944100434111e+01 1.851789517069524749e+01 -3.829747709829574021e+00 1.639259303532615064e+01 -3.829747709829574021e+00 3.358569361405147191e+01
6.827103327734189264e+00 6.310978319761645139e+00 -4.733856242913881296e+00 6.310978319761645139e+00 -3.731899046005382470e+00 3.111011663631992441e+00 -4.733856242913881296e+00 3.111011663631992441e+00 -1.426516196602649345e+01
3.427267912447766207e+01 4.003411822613766269e+00 1.586684629556470938e+00 4.003411822613766269e+00 2.661334979979333326e+01 -4.074894153042025735e+00 1.586684629556470938e+00 -4.074894153042025735e+00 2.655205007938040396e+01
2.761830831044549939e+01 -1.646476218038779393e+01 6.461342141480352019e+00 -1.646476218038779393e+01 2.798050632953385630e+01 -1.510753887612515500e+00 6.461342141480352019e+00 -1.510753887612515500e+00 5.958443910763322471e-01
3.173033454401004505e+01 -1.957260352174064977e+01 -2.335170852137741448e+00 -1.957260352174064977e+01 2.185717526325468540e+01 -9.084914253957119712e+00 -2.335170852137741448e+00 -9.084914253957119712e+00 5.635541114922748562e+00
-1.058879719867849900e+01 2.458528399217668525e+00 3.645615486566695651e+00 2.458528399217668525e+00 -1.720665209403120244e+01 -6.583747048796328549e+00 3.645615486566695651e+00 -6.583747048796328549e+00 -2.361198408564333562e+01
-2.154574258488779037e+01 -5.235347954192257625e+00 1.820014854455797026e+00 -5.235347954192257625e+00 -1.829012229339757667e+01 3.965999128861545042e+00 1.820014854455797026e+00 3.965999128861545042e+00 -4.449178813566317814e+01
4.372757703845601185e+01 7.432072975804986825e+00 9.957955998193641634e+00 7.432072975804986825e+00 3.808941468790722240e+01 -5.212308275031117821e-01 9.957955998193641634e+00 -5.212308275031117821e-01 3.931474489044146026e+01
-1.655862494475454838e+01 -1.034527084280890907e+00 3.092363783631516316e+00 -1.034527084280890907e+00 -8.545673268204218687e+00 6.279939938165441049e+00 3.092363783631516316e+00 6.279939938165441049e+00 -2.683437819212232256e+01
3.045184777809350862e+01 1.192910593360605098e+01 3.654399921114302341e+00 1.192910593360605098e+01 3.954316806494288983e+01 -3.759940362245320244e+00 3.654399921114302341e+00 -3.759940362245320244e+00 4.092588639003267303e+01
2.263221111066123825e+01 -7.120246568090445649e+00 5.536525501827182616e+00 -7.120246568090445649e+00 1.970214510732387936e+01 -1.757004971340655475e+00 5.536525501827182616e+00 -1.757004971340655475e+00 1.567133514140109618e+01
-5.052267628469177652e+00 -8.238109414462876146e+00 1.990578177282856487e+01 -8.238109414462876146e+00 1.329150635757700538e+00 -1.199372808265605528e+01 1.990578177282856487e+01 -1.199372808265605528e+01 -5.907924490026664444e+01
-1.746747405613666615e+01 2.377477354396652753e+00 -2.588341415426543612e+00 2.377477354396652753e+00 -3.926049876930647997e+01 2.995479297569456634e-01 -2.588341415426543612e+00 2.995479297569456634e-01 -7.076090888526323397e+01
-3.532340064293845217e+01 5.156773555663427544e+00 -4.436015073908979311e-01 5.156773555663427544e+00 -3.695078214233189584e+01 -2.044935881889496798e+01 -4.436015073908979311e-01 -2.044935881889496798e+01 3.076990744927849963e+00
-1.459757239426025777e+01 -4.625674313395656156e+00 -1.687179933334129744e+00 -4.625674313395656156e+00 -1.907785635739136865e+01 -2.211000616073929947e+01 -1.687179933334129744e+00 -2.211000616073929947e+01 -7.177552878441764506e+01
2.289545766936345927e+01 -7.097413097701829265e+00 -6.295122429391200924e+00 -7.097413097701829265e+00 8.916559194491897600e+00 -2.593358331659223470e+00 -6.295122429391200924e+00 -2.593358331659223470e+00 -1.171981342209676846e+01
1.240787811344518943e+01 2.509442747559093689e+00 -1.941737167308190459e+00 2.509442747559093689e+00 9.278045166127729004e+00 -3.240060302544803150e+00 -1.941737167308190459e+00 -3.240060302544803150e+00 6.550398208550769041e+00
6.974426018275160288e+00 1.431135090280867717e+00 7.025167164795393049e+00 1.431135090280867717e+00 -1.595815941409786376e+01 1.193293664449092972e+01 7.025167164795393049e+00 1.193293664449092972e+01 -1.851352644698610206e+01
1.538664517567568524e+01 -3.357214593596993257e+00 -1.042812212909766112e+00 -3.357214593596993257e+00 1.196867837727998207e+01 -8.022955103608387262e+00 -1.042812212909766112e+00 -8.022955103608387262e+00 1.178149516665102370e+00
-1.316704714775033036e+00 -6.547452729633072899e+00 -5.442919859648410075e+00 -6.547452729633072899e+00 -5.541328243148593735e+00 -2.156844886918895254e-01 -5.442919859648410075e+00 -2.156844886918895254e-01 -5.768236886048042855e+00
-1.420174471456273579e+01 6.130870487058513341e+00 4.341329308716520008e-01 6.130870487058513341e+00 -1.513770230918409609e+01 -2.062771120146926485e-02 4.341329308716520008e-01 -2.062771120146926485e-02 -1.607320835191845987e+01
1.613727150188409354e+01 -3.873506733882619457e+00 -1.946202919857312530e+00 -3.873506733882619457e+00 1.368497077688763675e+01 4.329582655692838511e-01 -1.946202919857312530e+00 4.329582655692838511e-01 1.261493040340210037e+01
-3.852612553538694584e+00 5.299071355657003046e+00 1.228069758965143476e+00 5.299071355657003046e+00 3.274219638819537703e+00 -5.679682788326274157e+00 1.228069758965143476e+00 -5.679682788326274157e+00 -1.578144846818605629e+01
-1.434448750781332116e+01 -2.672785962998145948e+01 2.101268819191033899e+01 -2.672785962998145948e+01 -1.107914952406541431e+01 -1.679637751632625253e+01 2.101268819191033899e+01 -1.679637751632625253e+01 -1.281683498667019450e+01
-3.599981661512855169e+01 7.088433496306953074e+00 -9.224319315429426069e+00 7.088433496306953074e+00 -2.814858694585944932e+01 -1.853012317176975898e+01 -9.224319315429426069e+00 -1.853012317176975898e+01 -1.549324327927954492e+01
3.294450073068391305e+01 -2.481318764051523296e+00 2.265303056230707046e+00 -2.481318764051523296e+00 4.506152534329015680e+01 -1.663848588027655229e+00 2.265303056230707046e+00 -1.663848588027655229e+00 4.750693578873029566e+01
9.870706520053968092e+00 1.756433556648417049e+00 -2.100919417747296070e+00 1.756433556648417049e+00 7.984767411138107285e+00 -1.283179288830997578e-02 -2.100919417747296070e+00 -1.283179288830997578e-02 2.925648778534674754e+00
1.031032181902884481e+01 5.416043462335652592e+00 -2.452616800128157651e-02 5.416043462335652592e+00 1.208216274561260839e+01 1.650887317062112558e+00 -2.452616800128157651e-02 1.650887317062112558e+00 1.394237774511931072e+01
-1.049846319870493971e+01 2.225360934851244643e+00 3.873164110334243126e+00 2.225360934851244643e+00 -1.139702335557810287e+01 2.623823053196371546e+00 3.873164110334243126e+00 2.623823053196371546e+00 -1.068851689042163500e+01
1.056265619625083119e+01 -6.923358787170478479e+00 9.207059939725799058e-01 -6.923358787170478479e+00 1.637419343814262263e+01 -6.943118770064448775e+00 9.207059939725799058e-01 -6.943118770064448775e+00 -1.476449540504531033e+00
1.552885355962561942e+00 1.276493841712155586e+01 -1.761161577495550290e+01 1.276493841712155586e+01 -2.470651059480157841e+00 2.206915425339234016e+00 -1.761161577495550290e+01 2.206915425339234016e+00 -3.404611987090995484e+01
-7.495510665094471392e+00 2.731035781843203836e+00 -7.108009189291214502e-01 2.731035781843203836e+00 -1.665580463364429109e+00 4.118168970299458387e+00 -7.108009189291214502e-01 4.118168970299458387e+00 -4.228606277703456762e+00
-2.241224034509613716e+01 1.125971923614076609e+00 -2.298227489391730494e+00 1.125971923614076609e+00 -2.711262213044486202e+01 1.081746718366129789e+00 -2.298227489391730494e+00 1.081746718366129789e+00 -1.196097394026037719e+01
1.944641204912331034e+01 -4.440435345395183475e+00 5.694794246199279542e+00 -4.440435345395183475e+00 2.175595808901502437e+01 -2.139259221695669400e+00 5.694794246199279542e+00 -2.139259221695669400e+00 2.061973860720950213e+01
-1.597276450267619907e+01 -2.104191634838328895e+01 -7.463600932601244242e-01 -2.104191634838328895e+01 -9.839959744645003781e+00 1.636217950707026247e+00 -7.463600932601244242e-01 1.636217950707026247e+00 -5.415593674705409910e+01
5.340125809148843672e+01 -8.541527630680615379e-01 -9.730127440453482990e+00 -8.541527630680615379e-01 5.507915088931760295e+01 -1.950266005186072071e+00 -9.730127440453482990e+00 -1.950266005186072071e+00 4.328651588329105238e+01
2.964787903687543036e+01 -1.400108524150785794e+00 -7.194674532261744915e+00 -1.400108524150785794e+00 3.156031929964857952e+01 2.365796313385683192e+00 -7.194674532261744915e+00 2.365796313385683192e+00 3.270649492405451753e+01
-2.028210981997309403e+01 2.039349988340938946e+00 7.289706610971882661e+00 2.039349988340938946e+00 -2.261160691349708785e+01 3.099130818022875378e+00 7.289706610971882661e+00 3.099130818022875378e+00 -3.588043817987338002e+01
3.687278871581743545e+01 1.528309342539189686e+01 7.799123659149832299e+00 1.528309342539189686e+01 2.061186728662358547e+01 -5.543053057248181759e+00 7.799123659149832299e+00 -5.543053057248181759e+00 1.451625134927374272e-01
1.286527567588101384e+01 5.327597710940543685e+00 8.326563491921818994e+00 5.327597710940543685e+00 1.334339858761989239e+00 -1.110034731856690549e+01 8.326563491921818994e+00 -1.110034731856690549e+01 2.711810556495026958e+01
4.588753637370351690e+00 -1.384392018829555582e+01 -4.939653665865768595e+00 -1.384392018829555582e+01 2.940254616947055144e+00 -8.376197225968114779e+00 -4.939653665865768595e+00 -8.376197225968114779e+00 -1.217184775315822520e+01
2.500040982598870087e+01 -7.253988537470139608e-01 2.350622416244198654e+00 -7.253988537470139608e-01 3.079166446445654870e+01 -1.147262158876286797e+00 2.350622416244198654e+00 -1.147262158876286797e+00 2.279938011505857531e+01
1.495895464838961608e+01 -1.732510987873976394e+00 -1.433172935710407359e+01 -1.732510987873976394e+00 -1.376893158378019066e+01 1.230455966036144666e+01 -1.433172935710407359e+01 1.230455966036144666e+01 3.279721279483946716e+01
8.688598337682940098e+00 -1.251877104459985368e+01 2.680848825273763669e+00 -1.251877104459985368e+01 -1.072840449861146439e+01 -6.849691463285901172e+00 2.680848825273763669e+00 -6.849691463285901172e+00 -2.093633424537658883e+01
1.585635289784300994e+01 3.426076858472820064e+00 -1.603195837837779081e+00 3.426076858472820064e+00 1.723141694326971063e+01 1.291664608750410892e+00 -1.603195837837779081e+00 1.291664608750410892e+00 1.265036788608729523e+01
-3.163869762301412258e+00 8.695142870825145920e+00 3.463277287744640276e+00 8.695142870825145920e+00 -5.745779916110818064e+00 -7.408635469225511860e-01 3.463277287744640276e+00 -7.408635469225511860e-01 -2.052832157682925995e+01
-1.426681399680907170e+01 2.292513442995991468e+00 1.176123407422848999e+01 2.292513442995991468e+00 -3.829413304151312758e+01 -1.713097807783286797e+00 1.176123407422848999e+01 -1.713097807783286797e+00 -1.186292809657747327e+01
1.128714784978855157e+01 -1.563778484630823917e-01 -1.925984400044340017e+00 -1.563778484630823917e-01 1.535088551704868109e+01 2.552003844086608186e+00 -1.925984400044340017e+00 2.552003844086608186e+00 1.482269621758097777e+01
3.076364776946610036e+01 -3.827711503558463679e+00 1.012571254331493975e+01 -3.827711503558463679e+00 3.243913219869397579e+01 4.481779601162517501e+00 1.012571254331493975e+01 4.481779601162517501e+00 3.127935008555390084e+01
3.962351705048343575e+01 -8.626066136538698359e+00 -1.413347276868573665e+01 -8.626066136538698359e+00 2.033804491868613340e+01 4.809445371020122373e+00 -1.413347276868573665e+01 4.809445371020122373e+00 3.683041095519479313e+01
2.212134388869324297e+01 -8.793657383998613186e-01 4.253141853365252523e+00 -8.793657383998613186e-01 -4.832289679841340835e+00 -8.633640222548736531e+00 4.253141853365252523e+00 -8.633640222548736531e+00 3.175443415696203786e+01
-3.268426781589441443e+00 -3.055185640258065938e+00 -6.667490719636564478e+00 -3.055185640258065938e+00 -2.444126728455167807e+01 1.490784089457292616e+01 -6.667490719636564478e+00 1.490784089457292616e+01 -4.868179730100972336e+01
-4.455642597824296836e+00 -1.733453694974031567e+00 4.492724987591032892e+00 -1.733453694974031567e+00 -1.959934424899166139e+00 3.345174427923248039e+00 4.492724987591032892e+00 3.345174427923248039e+00 -1.118824444772917737e+01
5.656444945439442051e+01 -4.379422853155315321e-01 2.822507873784322552e+00 -4.379422853155315321e-01 2.208685763808346891e+01 -2.203762558606352950e+00 2.822507873784322552e+00 -2.203762558606352950e+00 -3.615812844291073080e+00
