1.467099871266718658e+01 -1.507681711116893197e+01 1.727372087507401233e+00 -1.507681711116893197e+01 -8.987904939026921669e-01 1.487175908980451844e+01 1.727372087507401233e+00 1.487175908980451844e+01 -6.922107413225791817e+00
2.513016179524274563e+01 -1.676368342996305216e+00 3.854929922066964387e+00 -1.676368342996305216e+00 3.191431494645022227e+01 -3.986113898992635463e+00 3.854929922066964387e+00 -3.986113898992635463e+00 2.338531376617832080e+01
1.077805830532476783e+01 2.850070212299415928e+00 -2.017793631686026323e+00 2.850070212299415928e+00 1.814520666861451659e+01 -5.740982035487172119e+00 -2.017793631686026323e+00 -5.740982035487172119e+00 9.998629672243113831e+00
3.030090539842214170e+01 3.678380197062806278e+00 6.779556737748670958e-02 3.678380197062806278e+00 2.768818005807873561e+01 -1.407792187234014447e+00 6.779556737748670958e-02 -1.407792187234014447e+00 3.089044085157486563e+01
1.597275397555366405e+00 1.326330370753314725e+00 3.844171599479686563e+00 1.326330370753314725e+00 1.359977124717299723e+01 -1.357354358487728341e+01 3.844171599479686563e+00 -1.357354358487728341e+01 -1.282646781973184069e+01
-1.806299317423925999e+01 -2.790730126536403954e+00 -9.457140167080133608e-01 -2.790730126536403954e+00 -7.907228536116422291e+00 -9.731933007061071450e+00 -9.457140167080133608e-01 -9.731933007061071450e+00 1.327572827722334647e+00
-3.463429874825863841e+00 2.125972521548824101e+00 1.986299449712567888e+00 2.125972521548824101e+00 -1.435973032397185878e-01 -5.201031159343989962e+00 1.986299449712567888e+00 -5.201031159343989962e+00 -1.660957819812827418e+00
4.669747666989825063e+01 -7.575322291107173811e+00 -7.260198034063975570e+00 -7.575322291107173811e+00 3.570965948207489049e+01 -6.833548265190885651e+00 -7.260198034063975570e+00 -6.833548265190885651e+00 3.436379003949239674e+00
-1.739810663759454101e+01 -3.414040671537501015e-01 3.808291300839629745e+00 -3.414040671537501015e-01 -1.944940432228560567e+01 -2.283626156605318425e+00 3.808291300839629745e+00 -2.283626156605318425e+00 -3.629005792612364445e+01
-1.076431506555612749e+01 -2.822428130078457276e+00 8.986679334941756636e+00 -2.822428130078457276e+00 -1.794431145679358863e+01 -8.665352705580433579e+00 8.986679334941756636e+00 -8.665352705580433579e+00 -5.054621535401139454e+00
-1.205028983537243370e+01 4.507902773686022435e+00 -1.270337147167215974e+01 4.507902773686022435e+00 -2.319618164462377408e+01 1.688422269621932514e+01 -1.270337147167215974e+01 1.688422269621932514e+01 -2.861031960626179682e+01
-1.255271531541608709e+01 1.182499328772599867e+01 2.626002620721651581e+00 1.182499328772599867e+01 -2.496015484000754370e+01 -1.380476766750192485e+00 2.626002620721651581e+00 -1.380476766750192485e+00 -2.521400973450994343e+01
-4.956362144248378598e+01 2.548524929824884100e-01 4.009066032247615929e+00 2.548524929824884100e-01 -3.311598008889370703e+01 3.890035762400847918e+00 4.009066032247615929e+00 3.890035762400847918e+00 -4.290623809163302127e+01
1.529300949357000938e+01 7.301089605878411604e+00 2.351551673844973323e+00 7.301089605878411604e+00 2.350655251296013049e+01 -3.118537064009498039e+00 2.351551673844973323e+00 -3.118537064009498039e+00 2.563669869942802748e+01
-5.216397112583975115e+01 1.272921659571931707e+00 5.408465806389054720e+00 1.272921659571931707e+00 -2.605712523254152302e+01 -8.954723737174019149e+00 5.408465806389054720e+00 -8.954723737174019149e+00 -2.309223167439967739e+01
8.922065950941952650e+00 3.707655977676514336e+00 5.940195733779829457e-01 3.707655977676514336e+00 1.322220568772384119e+01 -1.574096112716105722e+00 5.940195733779829457e-01 -1.574096112716105722e+00 7.532240841125371844e+00
1.444193493451016996e+00 1.413467117741136869e+00 -2.101587195399806998e-02 1.413467117741136869e+00 7.240038546703573274e+00 -3.003991106113603760e+00 -2.101587195399806998e-02 -3.003991106113603760e+00 9.787555223660740822e+00
7.620423368808602049e-01 1.420542990465519750e+01 7.943041836839975112e+00 1.420542990465519750e+01 5.585227453384742802e+00 4.526565153399424446e+00 7.943041836839975112e+00 4.526565153399424446e+00 -3.623362062530173233e+01
1.395015633868358806e+00 -4.031215452453669634e+00 5.370129607291059815e-01 -4.031215452453669634e+00 8.355932791578545960e+00 -5.959554588081980242e+00 5.370129607291059815e-01 -5.959554588081980242e+00 -1.350042214169354793e+01
-6.062295440765512744e+00 2.383302217112929000e+00 3.579991585536790755e+00 2.383302217112929000e+00 3.108111599238887912e+00 -4.777939677534737584e+00 3.579991585536790755e+00 -4.777939677534737584e+00 2.952521249426094840e+00
1.129971495503511214e+01 2.171494774995759869e+01 7.688497933225461267e+00 2.171494774995759869e+01 -1.115762493287437707e+01 9.323543447537197437e+00 7.688497933225461267e+00 9.323543447537197437e+00 -3.904755337247706848e+01
3.430533645992646541e+01 2.352482747631339066e+01 9.222821593375818416e-01 2.352482747631339066e+01 1.888213132041122932e+01 -3.545227044747068845e+00 9.222821593375818416e-01 -3.545227044747068845e+00 -2.581524618179337693e+01
4.376609122651962736e+01 8.217141921327186793e+00 -3.814875562024040434e+00 8.217141921327186793e+00 2.346591828080635622e+01 -1.203355665526988005e+01 -3.814875562024040434e+00 -1.203355665526988005e+01 7.503566635183331890e+00
2.994708957736708044e+01 2.102678721035614817e+00 -1.146571836454067128e+00 2.102678721035614817e+00 2.767570455576175803e+01 -2.954604059646423142e+00 -1.146571836454067128e+00 -2.954604059646423142e+00 3.130468963026924456e+01
-2.759092773768595297e+00 1.072872404644283328e+01 -7.854248221344398040e+00 1.072872404644283328e+01 -9.535949124881209826e+00 -3.109055883957419386e+00 -7.854248221344398040e+00 -3.109055883957419386e+00 -5.358390934000646411e+01
-2.244833488153225787e+01 -2.069783808707836403e+00 -1.138055085707052605e+01 -2.069783808707836403e+00 -2.199755255258616060e+01 9.406109750377911194e-01 -1.138055085707052605e+01 9.406109750377911194e-01 -7.065546985219722842e+01
1.313440763206889450e+01 -2.586836025515199533e-01 -5.130626038611476147e+00 -2.586836025515199533e-01 2.135778467270577075e+00 -2.230981161296573312e+00 -5.130626038611476147e+00 -2.230981161296573312e+00 -5.287918046763547819e-01
6.749725559178199497e+00 -3.355832627779957722e+00 3.094773749808501950e+00 -3.355832627779957722e+00 -1.473319303753673459e+01 -7.356327587815779445e+00 3.094773749808501950e+00 -7.356327587815779445e+00 -3.299541033672070967e+01
-3.765747342756910854e+01 -4.890295300539852619e+00 1.963493519622561134e+00 -4.890295300539852619e+00 -6.342726432005540005e+01 6.490711066800837870e+00 1.963493519622561134e+00 6.490711066800837870e+00 -8.696711391311109196e+01
-8.168506681901012145e-01 -4.327311088787912929e+00 1.687972580363640285e+00 -4.327311088787912929e+00 -1.206189069257399282e+01 1.110395245357259419e+01 1.687972580363640285e+00 1.110395245357259419e+01 -2.281065132272853546e+01
5.848008182597823890e+01 -8.995181271828402103e+00 3.812496706533367252e+00 -8.995181271828402103e+00 3.954108678912158581e+01 9.182561461428095484e+00 3.812496706533367252e+00 9.182561461428095484e+00 -1.153427709375417010e+01
2.104809449565568258e+00 -6.711089652380299420e+00 -2.314585140054814971e+00 -6.711089652380299420e+00 -6.928886418822705062e-01 -7.694333058995540320e+00 -2.314585140054814971e+00 -7.694333058995540320e+00 -5.937049002257650976e+00
1.894443051707882830e+01 1.731423265811304901e+00 -4.487728747483950897e+00 1.731423265811304901e+00 2.341574060161491388e+01 -3.619548791616203243e+00 -4.487728747483950897e+00 -3.619548791616203243e+00 -3.033102873421991674e+01
2.259727714726212611e+01 1.241577629697508067e+00 -3.935613390755321461e+00 1.241577629697508067e+00 3.321107101985646892e+01 -2.914314372122270402e+00 -3.935613390755321461e+00 -2.914314372122270402e+00 2.865172064934428064e+01
4.532949080347718507e+01 9.390553522069885473e-01 -4.578889654089229211e+00 9.390553522069885473e-01 4.892108811044965933e+01 -5.416637866692850523e-01 -4.578889654089229211e+00 -5.416637866692850523e-01 -7.482613643221787569e+00
2.888443154020572123e+01 9.528524643291845564e+00 -1.229713262319407896e+01 9.528524643291845564e+00 9.905667333684448295e+00 -7.097161305165845313e+00 -1.229713262319407896e+01 -7.097161305165845313e+00 -1.084926877527133016e+01
-2.861426936444771130e+01 -1.878948553192066440e+00 6.682188864472800915e+00 -1.878948553192066440e+00 -2.117322291553979241e+01 -8.874829306671483398e-01 6.682188864472800915e+00 -8.874829306671483398e-01 -3.520600224923266097e+01
4.142754388170303947e+00 -1.101239262503868588e+01 6.933875098640933654e-01 -1.101239262503868588e+01 -1.067850627608787573e+00 -1.192814576919031566e+01 6.933875098640933654e-01 -1.192814576919031566e+01 -3.331833767779745870e+01
-3.401251366442462398e+01 5.338139458067924226e-01 -4.877081912083182758e+00 5.338139458067924226e-01 -3.167513330573345343e+01 3.248426515846370322e+00 -4.877081912083182758e+00 3.248426515846370322e+00 -4.056984531692830842e+01
4.050373123850140900e+01 7.460373739348022504e+00 -8.657238669784860230e-01 7.460373739348022504e+00 3.700940137964740018e+01 -3.317936622868624674e+00 -8.657238669784860230e-01 -3.317936622868624674e+00 2.565652662778743576e+01
-3.791287385188708470e+01 1.270594938278237862e+01 -1.921707480224344167e+01 1.270594938278237862e+01 -3.198604025659881955e+01 9.001270427894508819e-01 -1.921707480224344167e+01 9.001270427894508819e-01 -8.314860745212358495e+01
3.747962643998322818e+01 -1.683345018618220612e+00 -1.761653140137833873e+01 -1.683345018618220612e+00 3.110141795960844036e+01 5.261117672945367474e+00 -1.761653140137833873e+01 5.261117672945367474e+00 9.644179298715237214e-02
-8.983263356625752039e+00 3.966900683333570043e+00 -5.204197579512410243e+00 3.966900683333570043e+00 -6.561130040937158681e-01 1.053537360413448987e+01 -5.204197579512410243e+00 1.053537360413448987e+01 -4.504557455047511638e+01
-1.003871238261578647e+01 4.473344443814848859e+00 -2.769308992248493251e+00 4.473344443814848859e+00 -8.119561567318836381e+00 -9.935452324716932182e+00 -2.769308992248493251e+00 -9.935452324716932182e+00 -1.522009726212006520e+01
2.650313682794822867e+01 -4.420284986524563919e+00 5.647963546816898273e+00 -4.420284986524563919e+00 2.734062131467618428e+01 1.184214482117260436e+00 5.647963546816898273e+00 1.184214482117260436e+00 -1.778736778626153381e+01
-1.706359091901506631e+01 6.605967372763215550e+00 -5.247444489823157809e+00 6.605967372763215550e+00 -6.010700924756839036e+00 5.078710445912608673e-01 -5.247444489823157809e+00 5.078710445912608673e-01 -4.010043653049938683e+01
1.945963098405778524e+01 5.790599015150749374e+00 -1.179146687009762040e+01 5.790599015150749374e+00 2.286331194110460885e+01 1.434934099263847429e+01 -1.179146687009762040e+01 1.434934099263847429e+01 1.913726029322797562e-01
-2.949056150378455143e+01 7.214814452011097501e+00 -9.396196168902129386e+00 7.214814452011097501e+00 -1.423643231017384814e+01 -6.381869466461913276e-02 -9.396196168902129386e+00 -6.381869466461913276e-02 -1.126935722711662891e+01
-8.429532788321985048e-01 -9.191153786682278337e+00 3.432545031702272542e+00 -9.191153786682278337e+00 7.374085902559796679e+00 1.188974019323675790e+01 3.432545031702272542e+00 1.188974019323675790e+01 1.298194766260334454e+01
6.314936966606957469e+00 -4.905394717565408236e+00 -3.011153029242529922e+00 -4.905394717565408236e+00 2.770123438751215694e+00 -3.913115880429803184e+00 -3.011153029242529922e+00 -3.913115880429803184e+00 -3.955219792237206633e+01
1.597193171391999655e+01 -1.063241596620770890e+00 5.189007025510917082e+00 -1.063241596620770890e+00 1.792984486751163331e+01 1.448628680963948701e-01 5.189007025510917082e+00 1.448628680963948701e-01 -2.239115951753052336e-01
2.060743625629091014e+01 5.969339828108721768e-01 -7.701881317296609131e-02 5.969339828108721768e-01 2.388903265268474030e+01 -6.082348120322767393e+00 -7.701881317296609131e-02 -6.082348120322767393e+00 2.053406951202432396e+01
6.294035928676819935e+00 6.356980081784807668e-01 2.494763587242078362e+00 6.356980081784807668e-01 2.075939036277372196e+00 -4.259802302505682370e+00 2.494763587242078362e+00 -4.259802302505682370e+00 2.820592927545390705e+00
-2.840827764679963963e+01 3.086063422825039648e+00 -1.892000094596748738e+01 3.086063422825039648e+00 -3.647874752235975393e+01 3.909523618829578329e+00 -1.892000094596748738e+01 3.909523618829578329e+00 -3.167365282836397000e+01
2.057006789320127371e+00 2.120933143692861478e+01 -3.208388442580573319e+00 2.120933143692861478e+01 9.416583503183177939e+00 7.381137180021486444e+00 -3.208388442580573319e+00 7.381137180021486444e+00 -3.803641256974982809e+01
4.682158786730896338e+01 1.868794989404350959e-01 1.240691316799945376e+00 1.868794989404350959e-01 4.349882145049600268e+01 -6.716275753231442991e+00 1.240691316799945376e+00 -6.716275753231442991e+00 5.043300188790527550e+00
3.838262817918830194e+01 1.103570486661743288e+00 3.603054741393736826e+00 1.103570486661743288e+00 3.477877655448881455e+01 2.793494350388360470e+00 3.603054741393736826e+00 2.793494350388360470e+00 3.117730229831815336e+01
-1.215347055992466396e+00 -8.810028383362594750e-01 9.161322804387783236e+00 -8.810028383362594750e-01 -6.538832190192489513e+00 -1.509878682574105513e+00 9.161322804387783236e+00 -1.509878682574105513e+00 -1.190970945228284705e+01
-3.005809269014969587e+00 3.441371622672479980e+00 -6.977795552581846472e+00 3.441371622672479980e+00 -8.312467627972081274e+00 -3.219040777918602103e+00 -6.977795552581846472e+00 -3.219040777918602103e+00 -8.611217471264884793e+00
4.914213370768987232e+01 -3.013944970394855538e+00 -8.406524898138229007e-01 -3.013944970394855538e+00 5.515151394099513738e+01 -5.125675971624747973e+00 -8.406524898138229007e-01 -5.125675971624747973e+00 4.944046355783198265e+01
-2.878199731101828363e+00 5.276336026572400861e+00 6.351686199729693616e-01 5.276336026572400861e+00 4.123914536281374055e+00 -6.606257135450025464e-01 6.351686199729693616e-01 -6.606257135450025464e-01 -3.642444296695450223e+00
3.267052295438171328e+00 4.981491865885891435e-01 -2.040579009142822614e-02 4.981491865885891435e-01 6.775462036905492980e+00 -3.337706177394187623e+00 -2.040579009142822614e-02 -3.337706177394187623e+00 2.467834402461452914e+00
4.352734738180445540e+00 1.579643866077673930e+00 -1.510954553799225941e+00 1.579643866077673930e+00 1.847835039473973850e+01 2.976592949753188222e+00 -1.510954553799225941e+00 2.976592949753188222e+00 9.478557240343933543e+00
6.069445646328969879e+00 2.670357984927901995e+00 7.418918101961120559e-01 2.670357984927901995e+00 6.647565004618413376e+00 6.133540965873320872e-01 7.418918101961120559e-01 6.133540965873320872e-01 7.894970853307711423e+00
-1.003996143473339409e+01 -6.467668128351217183e-01 2.587191474295031490e+00 -6.467668128351217183e-01 -1.053177391432495114e+01 1.124141824598526851e+00 2.587191474295031490e+00 1.124141824598526851e+00 -5.527452190506095597e+00
-2.819985479378846094e+01 1.317883275975359325e+01 -1.009208547514075782e+01 1.317883275975359325e+01 -4.301628410730601360e+01 2.330870150475722546e+00 -1.009208547514075782e+01 2.330870150475722546e+00 -1.502025350758269795e+01
4.370029216838462816e+01 2.673935221740850299e+00 -1.274760701255793105e+00 2.673935221740850299e+00 4.912930504643103546e+01 3.210670783823359464e+00 -1.274760701255793105e+00 3.210670783823359464e+00 -1.977981163818204280e+01
2.138902529523109664e+01 5.398088773743948465e+00 8.782716773262604804e+00 5.398088773743948465e+00 3.220682701524596325e+01 -1.373170416323915433e+01 8.782716773262604804e+00 -1.373170416323915433e+01 -3.646331940109936909e+01
6.512965518167661116e+01 -1.731428190425660540e+00 -1.412906980147117464e+00 -1.731428190425660540e+00 5.289213666858560003e+01 -8.359959904990191148e+00 -1.412906980147117464e+00 -8.359959904990191148e+00 2.812632848505137417e+01
9.226055698742378297e+01 -4.792734550863868570e+00 2.025985829958490214e+01 -4.792734550863868570e+00 5.135207491278571723e+01 -3.992848887375290534e+00 2.025985829958490214e+01 -3.992848887375290534e+00 2.386220440705202606e+01
1.797659974270406735e+01 -6.285010732784336973e+00 -9.700484009390633044e-01 -6.285010732784336973e+00 1.908140094418905974e+01 -1.268118052289662012e+00 -9.700484009390633044e-01 -1.268118052289662012e+00 8.423284157977510844e+00
2.370384839661598075e+00 1.673165169695741250e+00 -1.634436695403692186e+00 1.673165169695741250e+00 8.498569970684770603e-01 -8.034752298795030390e-01 -1.634436695403692186e+00 -8.034752298795030390e-01 8.401614869068437796e-01
-3.377332333835686029e+01 -1.246255520563186892e+01 -7.412325082578170576e-01 -1.246255520563186892e+01 -3.208138443107526427e+01 1.157165883078643986e+01 -7.412325082578170576e-01 1.157165883078643986e+01 -6.172741510560511102e+01
-2.811304444647397371e+00 -7.925777821439605297e+00 -9.190385964885063430e+00 -7.925777821439605297e+00 -4.193163144099462158e+01 -1.043184403796744419e+01 -9.190385964885063430e+00 -1.043184403796744419e+01 2.182087522971242777e+01
2.975021393455673646e+01 5.103808026472748338e+00 -4.374961327550237755e-02 5.103808026472748338e+00 2.774131515170831008e+01 2.253976101727090064e+00 -4.374961327550237755e-02 2.253976101727090064e+00 2.161550821066624195e+01
1.531352114793978592e+00 1.262448825036090183e-01 5.012229419979833622e+00 1.262448825036090183e-01 1.001256782264647605e+01 -3.852824811490062729e+00 5.012229419979833622e+00 -3.852824811490062729e+00 -5.314588448613778437e-01
-1.578023948716760039e+01 4.756961722939073711e-01 3.244170322965117759e+00 4.756961722939073711e-01 -1.553397870222460009e+00 -7.206031818069108752e+00 3.244170322965117759e+00 -7.206031818069108752e+00 -8.969016948164032499e-01
1.525094087452480984e+01 -1.354235911007379833e+01 -1.690944328801142760e+00 -1.354235911007379833e+01 6.059242953651437169e+00 4.556222724981002337e+00 -1.690944328801142760e+00 4.556222724981002337e+00 -4.200618561062549361e+01
3.776590566966294915e+01 -1.581365616403953123e+00 3.644309463841091556e+00 -1.581365616403953123e+00 3.875072830941004298e+01 -3.309127193940236467e+00 3.644309463841091556e+00 -3.309127193940236467e+00 1.455801957099784616e+01
1.474204623345261211e+01 3.218625626994100042e+00 1.206667050411051489e+00 3.218625626994100042e+00 1.188171441734411715e+01 -2.649884496356027075e+00 1.206667050411051489e+00 -2.649884496356027075e+00 1.203122352476907153e+01
6.335565865781409656e+01 1.107917467179498949e+01 7.373494523285867963e+00 1.107917467179498949e+01 7.274683953256352709e+01 7.951520215217079190e+00 7.373494523285867963e+00 7.951520215217079190e+00 -1.285933502633669789e+01
-3.596710376093305239e+00 -8.420423208739670207e-01 1.764418810387699432e+00 -8.420423208739670207e-01 -6.883740648709682830e+00 -9.838439283288709092e+00 1.764418810387699432e+00 -9.838439283288709092e+00 -1.562635311912676706e+01
-1.591771610469978704e+01 3.217062492340259094e+00 6.696593272055784141e+00 3.217062492340259094e+00 -2.233433176889701244e+01 6.999254383266982238e+00 6.696593272055784141e+00 6.999254383266982238e+00 -1.223469843432271809e+01
-5.202583312326969889e+01 8.975906426883758726e+00 1.214530126182275183e+01 8.975906426883758726e+00 -2.369531915588740389e+01 5.961460647735020046e+00 1.214530126182275183e+01 5.961460647735020046e+00 -9.422849267115156024e+00
-3.632220418274518181e+01 1.765572203973936283e+01 2.177475691605891939e+00 1.765572203973936283e+01 -2.070225646642528616e+01 2.751689406058005272e+00 2.177475691605891939e+00 2.751689406058005272e+00 -6.751551317234643079e+01
1.340630369702343394e+00 4.692909276302180688e-01 4.629856064020843931e+00 4.692909276302180688e-01 -3.660529491145184666e-01 2.110352996623454214e+00 4.629856064020843931e+00 2.110352996623454214e+00 -4.998025850785445101e+01
3.634978810218342460e+00 -9.313282715719803928e-01 1.898175037162691758e+00 -9.313282715719803928e-01 1.119379420620343346e+00 -5.315107480520086192e+00 1.898175037162691758e+00 -5.315107480520086192e+00 -4.171327893541032239e+01
2.120241448746989477e+01 -7.257437026608022812e+00 -1.459940277268729769e+00 -7.257437026608022812e+00 2.416734352569728728e+01 -6.846839858263815692e-01 -1.459940277268729769e+00 -6.846839858263815692e-01 -2.437907954769544805e+00
-3.143722939398356075e+01 6.590738449162902857e-01 -5.825548857909092604e+00 6.590738449162902857e-01 -4.222159598368551059e+01 -1.076276200781632930e+01 -5.825548857909092604e+00 -1.076276200781632930e+01 -6.282274933870226619e+01
3.616820930984525972e+01 -7.924642709987428368e-01 3.892561997993359668e+00 -7.924642709987428368e-01 1.563837326785002801e+01 7.674931976844368009e+00 3.892561997993359668e+00 7.674931976844368009e+00 -1.784308130439108853e+00
5.374963252888640852e+01 -1.753567031875681304e+00 4.383112414739025020e+00 -1.753567031875681304e+00 5.984281936325617579e+01 -6.023778189430603724e+00 4.383112414739025020e+00 -6.023778189430603724e+00 -3.220659800711872522e-03
1.091273617234631566e+01 1.437038579538160610e+00 -6.513277555810964570e-01 1.437038579538160610e+00 7.183452905610112627e-01 -1.796305880387856035e+01 -6.513277555810964570e-01 -1.796305880387856035e+01 1.347622474501920209e+01
2.805829549039863124e+01 -8.993775214627245385e-01 -5.253948713894754929e-01 -8.993775214627245385e-01 3.080169616970931301e+01 2.856979618790099984e+00 -5.253948713894754929e-01 2.856979618790099984e+00 2.624215295662204994e+01
3.062254212329173342e+01 4.868273719015584478e-01 -7.285986776353099437e+00 4.868273719015584478e-01 3.662228284013696822e+01 5.108341549425767347e+00 -7.285986776353099437e+00 5.108341549425767347e+00 -1.827097318443233576e+01
1.882283590821706909e+01 3.878059075728833349e+00 3.212957309163336217e-01 3.878059075728833349e+00 -2.739905170494115794e+01 -6.423653823623777015e+00 3.212957309163336217e-01 -6.423653823623777015e+00 -3.962560220996176241e+01
-1.678514568764009951e+01 -2.887851711537015031e+00 2.889837992535236211e+00 -2.887851711537015031e+00 -1.958713352171843880e+01 9.535562249848734684e-01 2.889837992535236211e+00 9.535562249848734684e-01 -7.936000490950338815e+01
-5.764524585406143764e+00 1.635892290020312556e+00 -3.922605607816932682e+00 1.635892290020312556e+00 6.047694834494205196e+00 4.819347662116121311e-01 -3.922605607816932682e+00 4.819347662116121311e-01 3.504160434721621531e+00
3.612114261040908048e+01 8.222440307084033506e+00 -2.937504616197172957e-01 8.222440307084033506e+00 4.559797696029062308e+01 -2.500498537842410496e+00 -2.937504616197172957e-01 -2.500498537842410496e+00 3.435487065578642785e+01
2.680941855397986373e+01 -6.314078951551129748e+00 -6.895330119614181186e+00 -6.314078951551129748e+00 3.114469183628943583e+01 -4.921537190095824243e+00 -6.895330119614181186e+00 -4.921537190095824243e+00 2.552449738139560864e+01
6.093327911133939345e+00 -1.472410456092495856e+01 9.065473797209588014e+00 -1.472410456092495856e+01 -4.594218866048234595e+00 3.216437548459300189e+01 9.065473797209588014e+00 3.216437548459300189e+01 -1.169195922928211040e+01
