-9.315211759092541399e+00 -1.925770527965504186e+01 3.879287168110308492e+00 -1.925770527965504186e+01 -5.091547753156598333e+01 7.381388269808506486e+00 3.879287168110308492e+00 7.381388269808506486e+00 1.732117306701841031e+01
6.278707626326857749e+00 8.518226687999776559e+00 -1.248387411638325162e+01 8.518226687999776559e+00 -7.954731043050943917e+00 2.041161162743967417e+00 -1.248387411638325162e+01 2.041161162743967417e+00 2.824612553317758668e+01
-6.448453064826401260e+01 1.724995806960005496e+01 -1.839635203265053698e-01 1.724995806960005496e+01 -4.868369231757452553e+01 -5.061961932842219625e+00 -1.839635203265053698e-01 -5.061961932842219625e+00 -3.809375637224640343e+01
-1.189538420520664630e+01 -1.576201004410550865e+01 4.357774986427298103e+00 -1.576201004410550865e+01 -2.669237368354051654e+01 -2.030843572361474614e+01 4.357774986427298103e+00 -2.030843572361474614e+01 -2.884619614406216215e+01
-1.342877072480962397e+01 -2.818331339089412069e+01 8.947122479009311791e-01 -2.818331339089412069e+01 -3.982591668023563614e+01 1.382872141139670141e+01 8.947122479009311791e-01 1.382872141139670141e+01 3.895117711210343003e-01
1.913362947664995373e+00 -5.673664720115636051e+00 -1.927754106337926876e+00 -5.673664720115636051e+00 -3.676554632079386664e+01 9.588941420266207771e+00 -1.927754106337926876e+00 9.588941420266207771e+00 2.462070867398162388e+00
-3.702757515605501037e+00 2.989288227122622743e+01 4.599946733294980605e-01 2.989288227122622743e+01 -1.525339926439746563e+01 -1.667262632103319575e+01 4.599946733294980605e-01 -1.667262632103319575e+01 2.189601007932914456e+01
-4.999364841392288206e+00 6.331864691614340401e+00 -2.552193389400336354e+00 6.331864691614340401e+00 -2.312481656099064509e+01 -5.800290395432688761e+00 -2.552193389400336354e+00 -5.800290395432688761e+00 -1.606336816106706777e+01
1.012144621433294667e+01 -4.340289199380328533e+00 4.622343069422361062e+00 -4.340289199380328533e+00 -3.372353858646950897e+01 5.534977459027696334e+00 4.622343069422361062e+00 5.534977459027696334e+00 1.832024634708939104e+01
-1.984314771077632145e+01 -2.144433180764415781e+01 -3.320557883948090705e+00 -2.144433180764415781e+01 -5.376113782772218741e+01 -6.628449816713815501e+00 -3.320557883948090705e+00 -6.628449816713815501e+00 -1.094349040902036485e+01
-1.201220570895958240e+01 -6.160355553066670931e-01 6.581529742960299245e+00 -6.160355553066670931e-01 -5.917004728872334418e+00 -5.371401510766184551e+00 6.581529742960299245e+00 -5.371401510766184551e+00 -1.340186397517448169e+00
-1.811930767185997437e+00 -8.677397066272718007e+00 -1.314542520594096864e+01 -8.677397066272718007e+00 -5.163725459690256514e+01 -4.349489788151884362e+00 -1.314542520594096864e+01 -4.349489788151884362e+00 2.494964632174113461e+01
-2.624019716040747241e+01 1.307327638609240417e+01 4.449254816969681947e+00 1.307327638609240417e+01 -3.269370626139637181e+01 2.017325962199785749e+01 4.449254816969681947e+00 2.017325962199785749e+01 -3.510564485107690302e+01
2.153357241523895382e+01 6.715890917963922568e+00 -6.296901412902347950e+00 6.715890917963922568e+00 -2.374089772583834801e+01 -2.357402016635727904e+01 -6.296901412902347950e+00 -2.357402016635727904e+01 7.769225187261604937e+00
-3.666088914529162679e+01 -1.471116718020800818e+01 -2.229893763831245490e+00 -1.471116718020800818e+01 -7.289770948600093448e+01 2.687270376273067285e+01 -2.229893763831245490e+00 2.687270376273067285e+01 -3.343108939681849989e+01
-2.591972525907127078e+01 1.222410473910675588e+00 -2.446397600207089695e+01 1.222410473910675588e+00 -1.369114155778911268e+01 1.857023877919599641e+01 -2.446397600207089695e+01 1.857023877919599641e+01 -2.268525101847689385e+01
-6.812417090596289526e+00 4.642066696767530587e+00 6.120509850780946337e+00 4.642066696767530587e+00 -5.211182159257347024e+01 -1.711217460022459491e+01 6.120509850780946337e+00 -1.711217460022459491e+01 1.533273400012734022e+01
-3.720946726620253830e+00 -6.325714948318647224e+00 -1.216407360813708571e+01 -6.325714948318647224e+00 -6.500789638897309430e+01 5.995779874071994087e+00 -1.216407360813708571e+01 5.995779874071994087e+00 5.764150181073577350e+00
-2.659385404852781321e+01 -1.922242017790018132e+00 -2.580362867589335085e+00 -1.922242017790018132e+00 -5.954790189749400042e+01 7.781065634117585894e+00 -2.580362867589335085e+00 7.781065634117585894e+00 8.160177781123367780e+00
-6.312150928384883120e-01 -1.466923873420927560e+00 1.370874365891968338e+01 -1.466923873420927560e+00 -4.368294337388073245e+01 1.238201288665818467e+01 1.370874365891968338e+01 1.238201288665818467e+01 3.001955847258034549e+00
-3.539769600326335919e+00 5.796175863119573890e+00 1.735055455734893215e+01 5.796175863119573890e+00 -5.871978689575483301e+00 -1.478048064658443650e+01 1.735055455734893215e+01 -1.478048064658443650e+01 1.574219272667667369e+01
4.500035844002940166e+01 9.899341147306179423e+00 -1.886932042930048681e+01 9.899341147306179423e+00 1.039553365480423786e+01 5.626308460768491004e-01 -1.886932042930048681e+01 5.626308460768491004e-01 4.489570729461792808e+01
6.962339227949362552e+00 -3.315820725669952651e+01 5.472244404204332113e+00 -3.315820725669952651e+01 -1.088474324632850454e+01 -1.492062127256905590e+01 5.472244404204332113e+00 -1.492062127256905590e+01 6.114494520672649713e+01
-2.104115653414517695e+01 -9.653529762092277977e+00 -7.846682928831720805e-01 -9.653529762092277977e+00 -4.626322962702418096e+01 -8.118524719383922061e+00 -7.846682928831720805e-01 -8.118524719383922061e+00 7.045335732026305919e+00
-3.054576772863467937e+01 1.086546985999652470e+01 -3.742378261778803505e+00 1.086546985999652470e+01 -5.361047574298778073e+01 -2.213248969307987757e+00 -3.742378261778803505e+00 -2.213248969307987757e+00 -1.305320859572017511e+01
1.285760818665323058e+01 2.065855382621044178e+00 -1.906461489177847568e+01 2.065855382621044178e+00 -2.814602245657001944e+01 1.007835566571837305e+01 -1.906461489177847568e+01 1.007835566571837305e+01 1.059600422331958836e+00
4.641254653700605814e+01 -5.296352359297874512e-01 1.702122463828449739e+01 -5.296352359297874512e-01 1.538525199490077533e+01 2.052198473698554793e+01 1.702122463828449739e+01 2.052198473698554793e+01 2.789930759526569304e+01
-3.894771778675510721e+00 2.084851201165503376e+00 -5.733231943903649430e-01 2.084851201165503376e+00 -3.128697507886279094e+00 -2.498966744597628242e-01 -5.733231943903649430e-01 -2.498966744597628242e-01 -2.424016931017927234e+01
1.401834829646165836e+01 -2.102809702512889345e+00 -4.156706403772759906e+00 -2.102809702512889345e+00 4.212315477034663580e+00 -1.606881961435064810e+01 -4.156706403772759906e+00 -1.606881961435064810e+01 2.932565730576228802e+01
-1.008298910951466887e+01 -4.329747917653806510e+00 9.286540766864730401e+00 -4.329747917653806510e+00 -3.155585050139591630e+01 -7.824198780887869908e+00 9.286540766864730401e+00 -7.824198780887869908e+00 1.028242813274418666e+01
-2.039659739646912229e+01 1.917321006319137711e+00 5.367320621742778464e+00 1.917321006319137711e+00 4.567876088396443102e+00 3.221193665002134998e-01 5.367320621742778464e+00 3.221193665002134998e-01 -1.334133301031619645e+01
-1.721465667316273240e+01 -8.807912050514985935e+00 -4.059710053055173518e+00 -8.807912050514985935e+00 -2.055525119482865648e+01 -8.539904911387051101e+00 -4.059710053055173518e+00 -8.539904911387051101e+00 -1.463518556100365231e+01
4.949245945924467804e+01 -5.084643344482438820e+00 6.652699963210162437e+00 -5.084643344482438820e+00 3.771044127112357813e+01 1.174341154229906259e+01 6.652699963210162437e+00 1.174341154229906259e+01 6.562141376957680450e+01
-1.420758720070495684e+01 1.829164800451088624e+01 -6.827240270977205094e-01 1.829164800451088624e+01 -1.021511831730287767e+01 -6.790890815873967812e-01 -6.827240270977205094e-01 -6.790890815873967812e-01 -1.749137230643858132e+01
2.754239520949020203e+01 -1.230159402985050043e+01 1.492638910501083593e+01 -1.230159402985050043e+01 2.226772841959792082e+00 -2.270718905209056260e+01 1.492638910501083593e+01 -2.270718905209056260e+01 2.421237126637737092e+01
1.225970961165142015e+01 1.952545884735713244e+01 9.808745225160070191e+00 1.952545884735713244e+01 -2.834529810373539860e+01 4.734115992898772163e+00 9.808745225160070191e+00 4.734115992898772163e+00 1.005854107137326103e+01
-2.634907204993517382e+01 1.742031706020979342e+01 -2.747858849260249592e+00 1.742031706020979342e+01 -2.646719219239522758e+01 3.703964238562220679e+00 -2.747858849260249592e+00 3.703964238562220679e+00 -1.232375937576378888e+01
-3.613546430487283345e+01 1.816396269180110323e+00 9.169097581504813022e+00 1.816396269180110323e+00 -4.966247963775168728e+01 -1.529188087914774385e+01 9.169097581504813022e+00 -1.529188087914774385e+01 -4.427372371693090969e+01
4.667321468500691850e+01 -4.755152274293984682e+00 -4.156230098557617048e+00 -4.755152274293984682e+00 -7.041602792793486998e+00 2.753836641176631961e+00 -4.156230098557617048e+00 2.753836641176631961e+00 3.869609163529227658e+01
-3.458982381295162867e+01 3.104305286791857199e+01 1.099546824278858992e+01 3.104305286791857199e+01 -4.476266417854760249e+01 -9.775557209359050148e+00 1.099546824278858992e+01 -9.775557209359050148e+00 2.249692575375235926e+00
1.942865455565820199e+01 8.853128103809174476e+00 -7.083139009281611997e+00 8.853128103809174476e+00 -3.256613217596924414e+01 3.006979674922715873e+01 -7.083139009281611997e+00 3.006979674922715873e+01 -2.198372737404191213e+01
-4.995342982434152646e+00 1.625817838405923510e+01 -2.880867393399383580e+00 1.625817838405923510e+01 -6.022764602807048284e+00 -1.333433232558267356e+01 -2.880867393399383580e+00 -1.333433232558267356e+01 2.621607718114363905e+01
-3.994820124633952219e+01 1.166254848971943936e+01 7.575368433434342741e+00 1.166254848971943936e+01 -4.788661690062659204e+01 -1.757018101951065248e+01 7.575368433434342741e+00 -1.757018101951065248e+01 -3.130503976426555823e+01
5.799168947894108328e+01 3.808541658912472094e+00 -7.926692921513693868e+00 3.808541658912472094e+00 1.914192507532836274e+01 -1.327864489606847664e+00 -7.926692921513693868e+00 -1.327864489606847664e+00 7.281987819574575838e+01
7.022740855150175321e+00 -1.094967182778940362e+01 -2.638603915081239037e+00 -1.094967182778940362e+01 1.114491557703940927e+01 1.165492722508578360e+01 -2.638603915081239037e+00 1.165492722508578360e+01 6.562760909372340024e+00
-3.404805727954207129e+01 -1.903492562177345704e+01 -2.683428684034101508e+00 -1.903492562177345704e+01 -1.878090654613070853e+01 -2.207643456368480805e+00 -2.683428684034101508e+00 -2.207643456368480805e+00 -1.656808660472978545e+01
-5.003015598895309779e+00 4.671518849821005404e+00 -2.612346727524565981e+00 4.671518849821005404e+00 2.187347978841418694e+01 -3.832492234173128676e+00 -2.612346727524565981e+00 -3.832492234173128676e+00 2.632806137712491612e+00
1.444758326384988933e+01 -1.465432624333879730e+01 2.453979170758496586e+00 -1.465432624333879730e+01 -1.298460547266764031e+01 -1.772392430327867174e+01 2.453979170758496586e+00 -1.772392430327867174e+01 4.273244295287918249e+01
-2.752580086806200033e-01 1.422833034652634687e+01 -8.625704664111591313e+00 1.422833034652634687e+01 -7.685412232778530139e+00 -6.565529255577585488e+00 -8.625704664111591313e+00 -6.565529255577585488e+00 6.814002087095391680e+00
-3.345788382624539281e+01 8.733100427488768247e+00 1.619387411579704050e+01 8.733100427488768247e+00 -3.381467179882599083e+01 -7.310684399978980785e+00 1.619387411579704050e+01 -7.310684399978980785e+00 -1.232223629649425511e+01
-2.202007437187431549e+01 1.416969597769832490e+01 -4.570746205747973079e+00 1.416969597769832490e+01 -1.570037332495653182e+01 -1.298132120972520909e+01 -4.570746205747973079e+00 -1.298132120972520909e+01 -2.277996858880387610e+00
1.844468050989467045e+01 -2.311958516869849212e-01 -1.530421132098944348e+01 -2.311958516869849212e-01 -1.483251934662463078e+01 -1.852378015220597529e+00 -1.530421132098944348e+01 -1.852378015220597529e+00 2.331071047144920882e+01
-2.630442345739394128e+01 1.475930079268835193e+01 -7.659411896043247125e+00 1.475930079268835193e+01 5.255125167855638324e+00 2.102854891404005500e+01 -7.659411896043247125e+00 2.102854891404005500e+01 -5.102866916204876979e+00
-9.469913075610582709e+00 1.010796338872827782e+01 -1.785482955740704369e+01 1.010796338872827782e+01 -3.569294443095200364e+01 -7.204909695712196083e+00 -1.785482955740704369e+01 -7.204909695712196083e+00 -3.096448198440469568e+01
1.703546482427328757e+00 1.693363469741870020e+01 -8.844403154661275579e+00 1.693363469741870020e+01 -3.121154273071863106e+00 -2.295110262789238220e+01 -8.844403154661275579e+00 -2.295110262789238220e+01 1.222618318962666883e+01
4.976169376052701665e+01 1.268043300018878128e+01 6.681636942009971492e+00 1.268043300018878128e+01 2.563195939541378721e+01 -7.564759732620169874e-01 6.681636942009971492e+00 -7.564759732620169874e-01 5.418412449582325507e+01
-1.808458695022071350e+00 -8.798588357234519819e+00 7.325204230604691169e+00 -8.798588357234519819e+00 -3.209633870942981559e+01 -1.437750549222280583e+01 7.325204230604691169e+00 -1.437750549222280583e+01 2.123462917612252809e+00
-1.007238288567706341e+01 -1.149901584092743789e+01 1.541244409541799953e+01 -1.149901584092743789e+01 -4.825856479609737448e+01 -3.372171127299288695e+00 1.541244409541799953e+01 -3.372171127299288695e+00 -6.994071588286274732e+00
-6.936437466417395559e-01 -1.099124139930685651e+01 1.568693798919143845e+01 -1.099124139930685651e+01 -1.356912008367239153e+01 -2.714603704305224596e+01 1.568693798919143845e+01 -2.714603704305224596e+01 -1.020456897076693892e+01
2.330755612935985610e+01 1.517571562699741961e+01 -5.075058253294035815e+00 1.517571562699741961e+01 1.824474970450726019e+01 -3.687732588006007006e+00 -5.075058253294035815e+00 -3.687732588006007006e+00 2.412269053212611425e+01
-7.273422182274293490e+00 -6.675871354279007797e+00 -2.534953351388485743e+01 -6.675871354279007797e+00 -1.920549436220582606e+01 -8.423556025163996708e+00 -2.534953351388485743e+01 -8.423556025163996708e+00 2.483546456243425382e+01
-5.360940986546578557e+01 2.487346111527278247e-01 -4.009053531115867486e+00 2.487346111527278247e-01 3.080479623043845372e+00 1.467026979940169795e+01 -4.009053531115867486e+00 1.467026979940169795e+01 -4.121236227224289195e+01
-3.106880877461766843e+01 7.177827536985538215e-01 -3.113468539807508151e+00 7.177827536985538215e-01 -6.415706170562198452e+01 6.051570474129858823e+00 -3.113468539807508151e+00 6.051570474129858823e+00 -2.503858839417105031e+01
-9.947135815070964782e+00 6.308150212237784160e+00 -5.091004714196248671e+00 6.308150212237784160e+00 -3.608220025108578000e+01 8.882665061566678233e+00 -5.091004714196248671e+00 8.882665061566678233e+00 1.462169077943841877e+01
-1.822366432947128345e+01 1.585592167049729184e+01 -1.845082435368017304e+00 1.585592167049729184e+01 -5.287506316274229334e+01 -1.423058289263058107e+00 -1.845082435368017304e+00 -1.423058289263058107e+00 1.711777810527495225e+00
-2.959642559582174481e+00 -6.492033876488866040e-02 -5.596375799353356939e+00 -6.492033876488866040e-02 -6.292151431366372805e+01 6.775263199581064377e+00 -5.596375799353356939e+00 6.775263199581064377e+00 -2.309698304339417252e+00
-4.814267247462195343e+01 -1.164139368718466017e+01 2.573044814773389088e+00 -1.164139368718466017e+01 -7.178586798787051748e+01 2.274010215612206842e+00 2.573044814773389088e+00 2.274010215612206842e+00 -2.189351290451040200e+01
-3.759094731587339311e+01 1.500348506707823759e+01 1.772369290551954180e+01 1.500348506707823759e+01 1.051019323507493475e+01 9.341482255734199214e+00 1.772369290551954180e+01 9.341482255734199214e+00 -1.286966951238085599e+01
5.201779857953234654e+01 1.083391388721026338e+01 -2.048164204190257465e+01 1.083391388721026338e+01 1.467804202408297343e+01 1.989520120752490584e+01 -2.048164204190257465e+01 1.989520120752490584e+01 2.887090909718529730e+01
-1.411696552676994898e+01 9.402265341038699376e+00 3.048491273517649258e+00 9.402265341038699376e+00 -3.290357013883230053e+01 2.513319765786778959e+00 3.048491273517649258e+00 2.513319765786778959e+00 -1.155573949282559987e+01
-5.998978098130073322e-01 -9.721403424865044940e+00 5.995330244947033371e+00 -9.721403424865044940e+00 -1.084205316121249041e+01 -1.964870170801551019e+00 5.995330244947033371e+00 -1.964870170801551019e+00 1.340794195167908853e+01
1.638752670564140956e+01 3.588933433728041855e+00 -5.014502323366283321e-01 3.588933433728041855e+00 -1.971665882654039947e+01 -1.852962821857310161e+01 -5.014502323366283321e-01 -1.852962821857310161e+01 1.917680903117985380e+01
1.370876838877559400e+01 8.626337882288163783e+00 5.239741352985851641e+00 8.626337882288163783e+00 1.482872792089442449e+01 -1.110987868857173844e+01 5.239741352985851641e+00 -1.110987868857173844e+01 -5.012835979785527307e+00
-1.315858708815870415e+00 8.207846112498703994e-02 -3.077695931784927286e+00 8.207846112498703994e-02 -1.765787814252664134e+01 -1.510172350493784243e+01 -3.077695931784927286e+00 -1.510172350493784243e+01 2.101402751504595656e+00
9.219104910807672582e+00 1.328055428297007268e+01 1.788159917327542558e+01 1.328055428297007268e+01 -3.341423949743749233e+01 1.861556236578444867e+01 1.788159917327542558e+01 1.861556236578444867e+01 2.548314701002975369e+01
-2.349071188256029785e+01 -2.054486490162183099e+00 -1.241887843991606388e+01 -2.054486490162183099e+00 2.772273614662968910e+01 1.105144144255156391e+01 -1.241887843991606388e+01 1.105144144255156391e+01 -7.640929053601809073e+01
2.102644378555343607e+01 -1.224670563528693457e+01 1.219879506828701743e+01 -1.224670563528693457e+01 -1.123877405519653427e+00 8.799560055925637059e+00 1.219879506828701743e+01 8.799560055925637059e+00 7.971476181853001108e+00
-2.087744186038178906e+00 -1.593793909415598120e-01 6.074501185498109912e+00 -1.593793909415598120e-01 3.424388274616779082e+00 -2.453730752252639480e+00 6.074501185498109912e+00 -2.453730752252639480e+00 9.214674264700672524e+00
-2.892947254220347020e+01 -1.376764638579381916e+01 8.802832576562039435e+00 -1.376764638579381916e+01 -2.052769519688508382e+01 -6.050144251046511101e+00 8.802832576562039435e+00 -6.050144251046511101e+00 7.061108041914728517e+00
1.952019809174397835e+01 -1.226086444777193973e+00 9.962002902049070130e+00 -1.226086444777193973e+00 -1.561797496193335277e+01 -7.716899598199026933e+00 9.962002902049070130e+00 -7.716899598199026933e+00 1.276487503938382062e+01
-5.212040438117901431e+01 3.174775490260303812e+00 -5.156318327652124056e-01 3.174775490260303812e+00 -3.877625919987382730e+01 2.522113205552050985e+00 -5.156318327652124056e-01 2.522113205552050985e+00 -3.194006489805350313e+01
-1.716014576480137579e-03 8.318720903756942064e+00 -9.050349635730890796e+00 8.318720903756942064e+00 -1.525643469740416869e+01 -1.634705072013194282e+01 -9.050349635730890796e+00 -1.634705072013194282e+01 2.121142688481981153e+01
4.657392954190496681e+01 1.424170049579850783e+01 2.079297244046272475e+00 1.424170049579850783e+01 4.544670259178882787e+01 4.055085534102354394e+00 2.079297244046272475e+00 4.055085534102354394e+00 6.387421951666994602e+01
6.535891961045595444e+00 2.219748032505971480e+01 1.716263062334798306e+01 2.219748032505971480e+01 -2.141570957111529339e+01 -7.719485097344955804e+00 1.716263062334798306e+01 -7.719485097344955804e+00 1.598934267339530102e+01
2.444390957532800002e+01 -8.264081934067265323e+00 3.686699896329574955e+00 -8.264081934067265323e+00 -4.159652242374979103e+00 9.244181908255701074e+00 3.686699896329574955e+00 9.244181908255701074e+00 3.336322555718168559e+01
-9.644175488911418626e+00 -7.048991430479625286e+00 1.897030846222464717e+01 -7.048991430479625286e+00 -5.173990738149606727e+01 9.009716517520564238e+00 1.897030846222464717e+01 9.009716517520564238e+00 -6.029067591008905325e+00
-4.274204188731406617e+01 -9.418240077913880626e+00 2.870478190133762197e+01 -9.418240077913880626e+00 -7.298851489066345266e+01 -2.762459693179140086e-01 2.870478190133762197e+01 -2.762459693179140086e-01 -3.361086071860832192e+01
-3.956538798297785320e+01 -6.108245922642722370e+00 1.024117744819285214e+01 -6.108245922642722370e+00 -7.263688284175793797e+01 2.530561553885692661e+01 1.024117744819285214e+01 2.530561553885692661e+01 -1.527913463282460427e+01
4.768143600676006599e+01 5.259257596315765060e-01 5.996527647632825087e+00 5.259257596315765060e-01 1.329792229019940564e+01 -1.247143689030065872e+01 5.996527647632825087e+00 -1.247143689030065872e+01 5.934141236628808258e+01
2.354786901347564765e+01 4.640094465118033362e+00 1.733656893274602595e+01 4.640094465118033362e+00 1.071355363647312764e+01 1.028344517291260907e+01 1.733656893274602595e+01 1.028344517291260907e+01 4.811918780017506947e+01
-3.985351605706300315e+00 -1.300037601450112668e+01 -1.696475633363828450e+01 -1.300037601450112668e+01 -3.047320471494571237e+01 1.833319202319734487e+01 -1.696475633363828450e+01 1.833319202319734487e+01 -1.172853264909739401e+01
-2.938822130504147623e+01 -5.267121827077670737e+00 2.193174982757954794e+01 -5.267121827077670737e+00 -2.344374060389368708e+01 -6.544949858209268889e+00 2.193174982757954794e+01 -6.544949858209268889e+00 -3.943142344542294353e+01
4.614229656042822647e+00 -4.168424782748100021e+00 -1.099117917090917373e+01 -4.168424782748100021e+00 1.803797289051721098e+00 3.609207547600380650e+00 -1.099117917090917373e+01 3.609207547600380650e+00 2.494583096002114431e+01
3.752552446089246274e+01 4.867228337795117099e+00 1.305126565222599844e+00 4.867228337795117099e+00 -1.393784046445083113e+01 -1.308587514800492535e+01 1.305126565222599844e+00 -1.308587514800492535e+01 6.313254783683994731e+01
-2.516956656000099102e+01 3.501585450587376691e+00 1.055592776267473454e+01 3.501585450587376691e+00 -2.773930903160045247e+01 -2.192189688837896355e+01 1.055592776267473454e+01 -2.192189688837896355e+01 3.218243616613803759e+00
3.905896240700384769e+00 -7.362406610925973371e-01 -1.823672062455486298e+01 -7.362406610925973371e-01 -1.700477039749245023e+01 -4.861474961017473007e+00 -1.823672062455486298e+01 -4.861474961017473007e+00 3.178107955524478889e+00
-1.592123337231728364e+01 4.670006370624058434e+00 4.216339406601377071e+00 4.670006370624058434e+00 -4.178014918516722531e+01 -2.006860550457525960e+01 4.216339406601377071e+00 -2.006860550457525960e+01 -3.071466315075529252e+01
-2.904358200481364349e+01 -1.147303233113192888e+01 -1.465540262960540119e+01 -1.147303233113192888e+01 -5.371583154786655712e+01 -1.174261047258990720e+00 -1.465540262960540119e+01 -1.174261047258990720e+00 -1.091325385833189543e+01
-5.493559000481997145e+01 -4.722654442157110388e+00 5.680183199391937166e+00 -4.722654442157110388e+00 -9.327968990832286522e+01 1.480190736940183438e+00 5.680183199391937166e+00 1.480190736940183438e+00 -5.846881872822594062e+01
1.093226071150201939e+01 -1.162209252834384365e+01 -7.610818470485907206e+00 -1.162209252834384365e+01 -2.633393943991699615e+01 1.225627882204501162e+01 -7.610818470485907206e+00 1.225627882204501162e+01 -1.289154983818374589e+01
-3.121090303173890135e+00 4.933898640628473942e+00 2.034046154060157008e+01 4.933898640628473942e+00 -1.015611407043432557e+01 -6.617744576022577263e-01 2.034046154060157008e+01 -6.617744576022577263e-01 2.434105212206942070e+01
-3.381203808756634999e+01 1.191448449634598283e+01 1.118441833696984844e+01 1.191448449634598283e+01 -4.740949960866234392e+01 -1.049806484256386341e+01 1.118441833696984844e+01 -1.049806484256386341e+01 -8.820938250246737056e+00
-1.511072105405547639e+01 -1.394358128175266831e+00 -1.711630287072106782e+01 -1.394358128175266831e+00 -5.595074607251940080e+01 -9.558656460226963247e+00 -1.711630287072106782e+01 -9.558656460226963247e+00 -2.756867049710203332e+01
-5.211003311747521138e+01 -3.487896431936519992e+00 -8.738258419636791841e-01 -3.487896431936519992e+00 -5.831355460747209207e+01 -8.474168653513340033e+00 -8.738258419636791841e-01 -8.474168653513340033e+00 -5.019123547219640358e+01
-3.032767294057736862e+01 -5.298136307897401309e+00 4.898687829609520428e+00 -5.298136307897401309e+00 -5.626782627397080461e+01 5.924979361083393847e+00 4.898687829609520428e+00 5.924979361083393847e+00 3.288402561796345935e+00
5.996713581466679432e-01 -6.814293200869188993e+00 -8.462109144133636462e+00 -6.814293200869188993e+00 2.937052753019907758e+00 1.045916165351580851e+01 -8.462109144133636462e+00 1.045916165351580851e+01 5.283491789473116818e+00
2.463473312321435316e+01 -1.842294966987882532e+01 2.301984754440927006e+01 -1.842294966987882532e+01 2.204913360839588066e+01 -1.916541535242454941e+01 2.301984754440927006e+01 -1.916541535242454941e+01 4.632110642971450432e+01
-2.250245195908666318e+01 -1.050576793930533448e+01 -1.004536049431782274e+01 -1.050576793930533448e+01 -7.233532391310966148e+01 -9.766359451803971581e+00 -1.004536049431782274e+01 -9.766359451803971581e+00 -2.780819434678607394e+01
-2.050373022884435770e+01 1.623172290314422739e+01 4.223034879912423101e+00 1.623172290314422739e+01 9.867354377195752591e+00 -1.793587260329012389e+00 4.223034879912423101e+00 -1.793587260329012389e+00 -1.594063799844340679e+01
4.653617189022592804e+00 3.568940365097878153e+00 -5.924597207364007190e+00 3.568940365097878153e+00 4.239182281916102824e+01 -5.162027928987570569e+00 -5.924597207364007190e+00 -5.162027928987570569e+00 -1.674053586315887543e+01
-1.437290596238118212e+01 -2.993995661754012882e+00 7.590623179768964945e+00 -2.993995661754012882e+00 -4.405462685349059626e+01 6.625443085530837273e+00 7.590623179768964945e+00 6.625443085530837273e+00 6.940829711459086226e+00
3.859379885143464861e+01 2.126348000842886421e+01 1.421922350819350100e+01 2.126348000842886421e+01 -1.012783192911453867e+01 -1.540126968078387470e+01 1.421922350819350100e+01 -1.540126968078387470e+01 4.418547757684213195e+01
3.617659526979628026e+01 1.706010375637959653e+00 2.440074795241491756e+01 1.706010375637959653e+00 -7.530312190651766713e+00 7.276216736952547670e+00 2.440074795241491756e+01 7.276216736952547670e+00 3.258048051157718561e+01
-1.099946552985672277e+01 -1.342075048594552023e+01 1.222404320019979984e+01 -1.342075048594552023e+01 -4.490430879391234953e+01 1.240567484355501682e+00 1.222404320019979984e+01 1.240567484355501682e+00 -2.648395824544927635e+01
6.061793513522550114e+01 2.428844472433610013e-01 3.890837598940118935e-01 2.428844472433610013e-01 1.854324019249635924e+01 9.674153538983764733e+00 3.890837598940118935e-01 9.674153538983764733e+00 7.534371325857127033e+01
-4.087161726506669623e+01 2.958696001859531410e+00 -1.261947087025295744e+01 2.958696001859531410e+00 -9.821367763159663866e+01 8.919211744070327796e+00 -1.261947087025295744e+01 8.919211744070327796e+00 -2.910911009443482911e+01
1.780524002317256915e+01 -1.663245075262051564e+00 -1.523234954651839956e+01 -1.663245075262051564e+00 6.976909218107568478e+00 2.832703950082231970e+00 -1.523234954651839956e+01 2.832703950082231970e+00 -5.592650470167089827e-01
-2.651939109593944366e+01 6.106266667376852197e+00 -1.696402711421500342e+01 6.106266667376852197e+00 -3.307604764680500864e+01 -6.249271540934418390e+00 -1.696402711421500342e+01 -6.249271540934418390e+00 -8.477825810913712345e+00
1.185950113543011852e+01 3.630489281409599034e-01 -8.410925053455947875e+00 3.630489281409599034e-01 -3.216467428539845486e+01 -7.649003738158059562e+00 -8.410925053455947875e+00 -7.649003738158059562e+00 -1.276416308646483877e+01
3.167978912283786386e+01 7.255816890833094668e+00 -7.995676431345461133e+00 7.255816890833094668e+00 -9.944017139104774472e+00 -1.954035053413675271e+01 -7.995676431345461133e+00 -1.954035053413675271e+01 3.208372136136068065e+01
-4.273806783284722077e-01 -4.863882198858262562e+00 1.561107980301523845e+01 -4.863882198858262562e+00 -3.695080457067567181e+01 -5.673231751897955810e+00 1.561107980301523845e+01 -5.673231751897955810e+00 -7.474095519868516391e+00
-2.485271539897586024e+01 -1.469749873585499422e+01 -2.233529514254601889e+00 -1.469749873585499422e+01 -4.095296839028500102e+01 1.058900238151910322e+01 -2.233529514254601889e+00 1.058900238151910322e+01 -1.076776657905041823e+01
7.543271033257914837e+01 -8.903947744252063146e+00 4.298285948428028469e+00 -8.903947744252063146e+00 1.443295985685939264e+01 -9.841476591891606063e+00 4.298285948428028469e+00 -9.841476591891606063e+00 7.315350796340713657e+01
-2.145454989611447516e+01 -5.362848402330050668e+00 -1.978229176547734891e+00 -5.362848402330050668e+00 -5.828543416973970892e+01 1.412727540876761445e+01 -1.978229176547734891e+00 1.412727540876761445e+01 -3.751148692960984965e-01
-5.483250055340488371e-01 1.650389919657158799e+01 -6.112761900469683596e+00 1.650389919657158799e+01 -3.177446172266446567e+01 -8.213290596811155808e+00 -6.112761900469683596e+00 -8.213290596811155808e+00 -6.112607734303529661e+00
3.264462279194516015e+01 -6.141228034138442204e+00 -2.556063302511097479e+00 -6.141228034138442204e+00 -1.227158316895895912e-01 6.867175278598580235e+00 -2.556063302511097479e+00 6.867175278598580235e+00 3.618421010479899991e+01
-1.921248626256026526e+01 2.791262571080927124e+00 2.572033052364413597e-01 2.791262571080927124e+00 -3.722688777618739664e+01 -5.363124216472145100e+00 2.572033052364413597e-01 -5.363124216472145100e+00 3.278536886088471380e+00
2.037024627784689201e+01 6.231605642665825506e+00 -2.812867561343456657e+01 6.231605642665825506e+00 6.241251938185927628e+01 9.878389298062778323e+00 -2.812867561343456657e+01 9.878389298062778323e+00 4.645525339744799709e+01
-4.570557225796619605e+01 -1.238574898909978650e+01 -1.121863352760884602e+01 -1.238574898909978650e+01 -5.133417165587079722e+01 1.426443703107418859e+00 -1.121863352760884602e+01 1.426443703107418859e+00 -3.075531521010400837e+01
-2.497379658639561129e+01 9.836453550907025445e+00 -3.007213264953575660e+00 9.836453550907025445e+00 -6.768157816777863900e+01 -1.231503455632464217e+01 -3.007213264953575660e+00 -1.231503455632464217e+01 -2.752164923839197996e+01
-2.250105581976768931e+01 1.408755731263213384e+01 1.206948939829256418e+01 1.408755731263213384e+01 -2.797271267072023804e+01 3.767645970453679549e+00 1.206948939829256418e+01 3.767645970453679549e+00 -1.795756668830719960e+01
-2.403152788684421992e+01 -8.206746735368226631e-01 -1.442727762868162422e+01 -8.206746735368226631e-01 -5.343501750337666323e+01 4.448895502389596857e+00 -1.442727762868162422e+01 4.448895502389596857e+00 -1.588149398762784159e+01
2.275428192896175617e+01 5.522081354591030333e+00 -7.038676254194951021e+00 5.522081354591030333e+00 -2.119896050052900094e+01 -3.510263358310202086e+00 -7.038676254194951021e+00 -3.510263358310202086e+00 1.445154111122081808e+01
8.760318131464785552e+00 3.652316733672409832e+00 1.716282332944656819e+00 3.652316733672409832e+00 -1.692479782988473014e+00 2.009523064855396335e+00 1.716282332944656819e+00 2.009523064855396335e+00 -1.185113316736737232e+01
-1.436016040372088476e+01 1.428402923164082949e+01 9.048682923203091866e-01 1.428402923164082949e+01 -3.150164937851884872e+01 6.382912110131863770e+00 9.048682923203091866e-01 6.382912110131863770e+00 -1.811625791280911502e+00
-3.806343035345000203e+01 1.849492680730446637e+01 -1.171262234251391909e+01 1.849492680730446637e+01 -4.496316418356709477e+01 1.178943709745904833e+01 -1.171262234251391909e+01 1.178943709745904833e+01 -3.933324115311268798e+01
1.485058202046474563e+01 5.030576499614115349e+00 4.367953624928010647e+00 5.030576499614115349e+00 -2.161857706453402272e+01 -2.062667328836694480e+01 4.367953624928010647e+00 -2.062667328836694480e+01 2.307302725854172465e+01
-3.100353111916277271e+01 3.564572215777368047e+00 -1.096067228641319957e+01 3.564572215777368047e+00 -4.340829701769765592e+01 2.230555296504225993e+01 -1.096067228641319957e+01 2.230555296504225993e+01 8.475570446853250672e+00
2.380898507465034086e+01 -1.001609036743575309e+01 -4.953330000575108194e+00 -1.001609036743575309e+01 -7.898150898394479924e+00 1.646983859540849693e+00 -4.953330000575108194e+00 1.646983859540849693e+00 3.114634798103909219e+01
2.337817399205641067e+01 4.880499154673837658e+00 1.113349534322831325e+01 4.880499154673837658e+00 -1.639919385576919808e+01 6.142483127784762686e+00 1.113349534322831325e+01 6.142483127784762686e+00 1.601051862109490642e+01
-4.172235845658111941e+01 -7.168710527085442763e+00 3.447697524513071432e+00 -7.168710527085442763e+00 -4.948592753735840688e+01 4.725261343835973626e+00 3.447697524513071432e+00 4.725261343835973626e+00 -4.646531587451462997e+01
2.822696909861828196e+00 -3.094816494661020823e+00 3.222860877888904962e+00 -3.094816494661020823e+00 -4.333428950984213657e+01 4.440124866551765415e+00 3.222860877888904962e+00 4.440124866551765415e+00 1.900291409420460909e+01
-3.600033308573225455e+00 -6.716936124897573634e+00 3.287847017741345468e+00 -6.716936124897573634e+00 -1.492271800763460554e+01 6.475834745992056440e+00 3.287847017741345468e+00 6.475834745992056440e+00 -1.025673243997118078e+01
-4.562720758811651400e+00 -1.693302879586393306e-02 1.710026984903585401e+01 -1.693302879586393306e-02 1.297815117470329049e+01 1.179996885532791673e+01 1.710026984903585401e+01 1.179996885532791673e+01 -1.718920112278945211e+01
1.532068597279214650e+01 1.807006220068237923e+01 8.900420445076083098e+00 1.807006220068237923e+01 -2.070012494695783545e+01 -2.279644157285497741e+00 8.900420445076083098e+00 -2.279644157285497741e+00 -3.356903628508334236e+01
2.857997685908867602e+00 1.627343075614360757e+01 -1.366756839798346768e+01 1.627343075614360757e+01 9.042010027775733150e+00 1.933395906992724633e+01 -1.366756839798346768e+01 1.933395906992724633e+01 2.227236110973345262e+01
1.962354165476458334e+01 2.831597125349586008e+01 9.362980622183417978e+00 2.831597125349586008e+01 -2.285866702627255620e+01 2.633720244098988861e+00 9.362980622183417978e+00 2.633720244098988861e+00 5.227519418628030934e+01
-4.002129553212935953e+00 -2.046194656245340937e+01 -8.713131963309082906e+00 -2.046194656245340937e+01 -5.735137068167625252e+00 -1.336247599175907119e+01 -8.713131963309082906e+00 -1.336247599175907119e+01 1.235474858933722686e+01
-1.492369007850172480e+01 1.417994442854659987e+01 -3.374132933569768955e+00 1.417994442854659987e+01 -6.931944843768953035e+01 -2.141839745694987585e+01 -3.374132933569768955e+00 -2.141839745694987585e+01 -2.145070969942110217e+00
1.005737118892748505e+01 3.404212915267924799e+00 -5.224122563104391936e+00 3.404212915267924799e+00 4.415818526225766760e+00 1.069051424596080491e+00 -5.224122563104391936e+00 1.069051424596080491e+00 1.149981363109553989e+01
2.028561859267528078e+01 6.130787699309268923e+00 -6.137335346585681251e+00 6.130787699309268923e+00 -3.310799961554376125e+01 -1.451008273020930162e+01 -6.137335346585681251e+00 -1.451008273020930162e+01 3.780602048056538678e+01
9.187237725093666540e+00 1.636704355838861424e+00 9.197431986930409309e+00 1.636704355838861424e+00 -2.797115902882971028e+01 -6.591200797313183646e-01 9.197431986930409309e+00 -6.591200797313183646e-01 3.521700039388327497e+01
-3.652954607530340070e+01 -8.643724207518998170e+00 1.828756100266799578e+01 -8.643724207518998170e+00 -5.683057950952702697e+01 6.409698379580146543e+00 1.828756100266799578e+01 6.409698379580146543e+00 -3.603030293250059657e+01
-1.837746394390933702e+01 2.037227275584915276e+01 8.148745568439689890e+00 2.037227275584915276e+01 1.494729579183505841e+01 1.121143818055794883e+00 8.148745568439689890e+00 1.121143818055794883e+00 -4.319371096463399340e+01
5.722686853855238809e+01 2.141530774015139027e+00 1.506361630851045241e+01 2.141530774015139027e+00 4.407958189653184178e+01 -1.230703331975700143e+00 1.506361630851045241e+01 -1.230703331975700143e+00 6.135526179521269796e+01
-1.305046298216390355e+01 -9.121538730238912152e+00 -2.663041138975824396e+01 -9.121538730238912152e+00 -3.915855367496605055e+01 4.146279330599209167e+00 -2.663041138975824396e+01 4.146279330599209167e+00 -7.514226327544459849e+00
-5.636608989891661992e+01 5.467631959117946749e+00 -3.015474422176881575e+01 5.467631959117946749e+00 -3.009501147110530184e+01 -3.854562140250148872e+00 -3.015474422176881575e+01 -3.854562140250148872e+00 -4.105295414660657372e+01
5.856391235487629388e+01 -1.147272339560872290e+01 8.451126631419989543e-01 -1.147272339560872290e+01 -6.894521064025975754e-01 1.457360103340927138e+00 8.451126631419989543e-01 1.457360103340927138e+00 5.550840191140147795e+01
-8.473424116969686892e+00 -6.386989593505874474e+00 -5.844988718897500490e+00 -6.386989593505874474e+00 1.788560048462717234e+01 6.414354049523861789e+00 -5.844988718897500490e+00 6.414354049523861789e+00 -1.680297249757489197e+01
-4.988980444208163334e+01 6.702855978615607668e+00 -9.105130513173778084e+00 6.702855978615607668e+00 -8.901405299444276409e+01 -8.077387541127912129e+00 -9.105130513173778084e+00 -8.077387541127912129e+00 -4.091947975990814967e+01
-3.822022698439377564e+01 5.255010452184925462e+00 -1.577847668996312613e+01 5.255010452184925462e+00 -4.525572483322461892e+01 1.161561517137490895e+01 -1.577847668996312613e+01 1.161561517137490895e+01 -3.360805769725672576e+01
-9.409717477704507615e+00 1.015568143003895329e+01 6.660669682210329512e-01 1.015568143003895329e+01 -6.517866632087761047e+01 -2.288568840319736619e+00 6.660669682210329512e-01 -2.288568840319736619e+00 -2.231885609761933154e+01
-6.050321670476280644e+01 -6.321296794771227745e+00 -6.695607376995595494e+00 -6.321296794771227745e+00 -3.214511338720260625e+01 -1.062979845033306070e+01 -6.695607376995595494e+00 -1.062979845033306070e+01 -7.440413697652297742e+01
-1.083124590011611765e+00 -2.541452751649398767e+00 -4.710329788048288613e+00 -2.541452751649398767e+00 -1.609305850800739890e+01 3.989981504735470530e+00 -4.710329788048288613e+00 3.989981504735470530e+00 -2.194994111774922629e+01
4.587341330383245008e+01 9.999498552313523803e+00 -1.632871436521091013e+01 9.999498552313523803e+00 -1.167784335382180672e+01 -1.374708172091833447e+01 -1.632871436521091013e+01 -1.374708172091833447e+01 2.433535950451145524e+01
-1.794966453315131361e+01 -3.885504340730058015e+00 5.650636918127192876e-02 -3.885504340730058015e+00 -4.868531518784350709e+01 1.022863424822231515e+01 5.650636918127192876e-02 1.022863424822231515e+01 -1.435053595844165475e+00
-1.046181373074789533e+01 6.491050068173667142e+00 -1.356641627093903502e+01 6.491050068173667142e+00 -4.765053951081061712e+01 -1.162908491958953938e+01 -1.356641627093903502e+01 -1.162908491958953938e+01 2.204578028496584707e+01
-5.064615358841425063e+01 -2.190480186337667945e+01 -4.937302402614792385e+01 -2.190480186337667945e+01 -6.922074503753944441e+01 -2.369003847336611734e+00 -4.937302402614792385e+01 -2.369003847336611734e+00 -2.718234258990075602e+01
3.923387905760294814e+01 6.507320115693438822e+00 -1.053763141085236121e+01 6.507320115693438822e+00 2.636102421645914973e+01 -3.227754385534870352e+01 -1.053763141085236121e+01 -3.227754385534870352e+01 4.007467321902326063e+01
8.683545931986771382e-01 -1.014555128443757148e+01 1.304293741840099052e+01 -1.014555128443757148e+01 -1.728631523092717259e+01 -3.428172808460366383e+01 1.304293741840099052e+01 -3.428172808460366383e+01 3.239086649110768690e+01
-5.581820303594110300e+00 -4.842360288842235683e+00 -4.187682963376967216e+00 -4.842360288842235683e+00 -5.387744655480184974e+01 2.215578650098421587e+00 -4.187682963376967216e+00 2.215578650098421587e+00 1.141006296761154637e+01
-5.438181166030696012e+00 2.328816714257832032e+01 -3.871309568792141942e+00 2.328816714257832032e+01 -3.982839846171867748e+01 3.736431839887149220e+00 -3.871309568792141942e+00 3.736431839887149220e+00 3.366965087971232062e+00
-3.816142296836636660e+01 -4.198489070657228872e+00 -9.027570908679836137e+00 -4.198489070657228872e+00 -6.090914708036697789e+01 -1.126829600401672593e+01 -9.027570908679836137e+00 -1.126829600401672593e+01 -3.504139290471331236e+01
