5.861539316757290230e+00 5.495334119305912424e+00 5.280144336006826755e+00 5.495334119305912424e+00 1.330650884802987832e+01 -7.095307153512833587e+00 5.280144336006826755e+00 -7.095307153512833587e+00 -2.404315616961497071e+01
3.002335185115364524e+01 -4.545375554524826001e+00 1.900386093719994340e+00 -4.545375554524826001e+00 2.994695790861233675e+01 4.409834436002697977e+00 1.900386093719994340e+00 4.409834436002697977e+00 1.760420394405774047e+01
-2.502965317226903252e+01 1.220376723603108005e+01 5.023782894628832985e+00 1.220376723603108005e+01 -2.679731407854421477e+01 -1.254722539177189233e+01 5.023782894628832985e+00 -1.254722539177189233e+01 -2.668515089819777941e+01
-4.074422101441168564e+00 1.220098901503164024e+00 -3.418667456639808977e-01 1.220098901503164024e+00 7.593924688983013205e+00 5.728265252240354322e+00 -3.418667456639808977e-01 5.728265252240354322e+00 6.299939101194523161e+00
8.728017348264730302e+00 -1.668101821729902845e+00 1.232667003409578221e+01 -1.668101821729902845e+00 1.215701921571691457e+01 2.972042160802979893e+00 1.232667003409578221e+01 2.972042160802979893e+00 1.109232493973884104e+01
-2.221899095707868454e+01 -3.595305291264150327e-01 5.045432334560840282e+00 -3.595305291264150327e-01 -3.027253724648187116e+01 -4.877036984408169018e-01 5.045432334560840282e+00 -4.877036984408169018e-01 -1.432554583377455693e+01
9.092006036494147736e+00 -4.832301827175377262e+00 -7.429310330094475168e-01 -4.832301827175377262e+00 2.057947232257001957e+01 -6.583228633044643452e+00 -7.429310330094475168e-01 -6.583228633044643452e+00 -2.083917179715288448e+00
-9.515579961451352986e+00 -1.122261749195560476e+01 2.899698763213489183e+00 -1.122261749195560476e+01 -1.555754914842463243e+01 -4.715851820321051768e+00 2.899698763213489183e+00 -4.715851820321051768e+00 -2.773240286440641711e+01
4.781287857373747840e+00 -2.887607847609807266e+00 2.915453056525957098e+00 -2.887607847609807266e+00 8.207565696240989084e+00 -4.746651134087805368e-01 2.915453056525957098e+00 -4.746651134087805368e-01 3.384026387348499365e-01
-3.497381393215429313e+01 1.347223173497831894e+01 5.961345633536380362e+00 1.347223173497831894e+01 -2.885521327288030591e+01 -6.392721947826007778e+00 5.961345633536380362e+00 -6.392721947826007778e+00 -4.758086756634238412e+01
4.291832866353146159e+01 5.962453032986807511e-01 4.877055905760737886e+00 5.962453032986807511e-01 3.947259579760418546e+01 -1.313531579130201798e+00 4.877055905760737886e+00 -1.313531579130201798e+00 3.963723104406477660e+01
-4.231560944752485121e+00 1.365075724541534585e+00 2.076304174980032169e+00 1.365075724541534585e+00 -9.751190257175055276e-01 -1.283676541848511432e+00 2.076304174980032169e+00 -1.283676541848511432e+00 2.114055828446308993e+01
3.156714926290752032e+01 1.200196595202072736e+01 -8.193867524967835436e+00 1.200196595202072736e+01 3.622271735051547381e+01 1.822318667192273267e+01 -8.193867524967835436e+00 1.822318667192273267e+01 -3.748943159652373236e+00
-4.143025021257699336e+01 -1.174826976633301046e+00 -9.397023936007848022e+00 -1.174826976633301046e+00 -4.704427238437444458e+01 -1.211266489664751145e+00 -9.397023936007848022e+00 -1.211266489664751145e+00 -5.835893654736956648e+01
2.033552400028537122e+01 1.177141549500266926e+01 1.127682524224702654e+01 1.177141549500266926e+01 2.829038805756710673e+01 -1.449596652145026976e+00 1.127682524224702654e+01 -1.449596652145026976e+00 -1.597053283234130738e+01
2.649851222094093472e+01 -3.826548092299773440e+00 -1.439161367372283351e+01 -3.826548092299773440e+00 3.291618866484966333e+01 7.779435431002165835e+00 -1.439161367372283351e+01 7.779435431002165835e+00 3.632053822236467511e+01
2.996057404112715261e+01 4.766994210569050594e+00 -1.119596502539506266e+00 4.766994210569050594e+00 2.658784450397369525e+01 -1.186352301090571970e+01 -1.119596502539506266e+00 -1.186352301090571970e+01 3.890401900751528785e+01
-8.756761352937312282e+00 2.504255569264853154e+00 1.552948889799665722e+01 2.504255569264853154e+00 -5.453273506499152212e+00 -2.691143843834209459e+00 1.552948889799665722e+01 -2.691143843834209459e+00 5.960784193593794633e+00
2.979648586936771082e+01 4.330907051987987977e+00 -1.315319571943226862e+01 4.330907051987987977e+00 3.602244091429623296e+01 3.422132695124568968e+00 -1.315319571943226862e+01 3.422132695124568968e+00 2.271330365893875225e+01
-8.229898505337120085e+00 -7.454129071339439250e-01 -3.619208031474780984e-01 -7.454129071339439250e-01 -8.654841344269094350e+00 -1.752071532789356922e+01 -3.619208031474780984e-01 -1.752071532789356922e+01 -1.507426909886243571e+01
1.375973216752674055e+01 7.661313375888346933e+00 8.518377970163422408e-02 7.661313375888346933e+00 1.973825658744515366e+01 9.922077873554001615e-01 8.518377970163422408e-02 9.922077873554001615e-01 1.872871062989073110e+01
1.857804772162644724e+01 -7.756273410014058456e+00 3.822962197932072925e+00 -7.756273410014058456e+00 2.436905376045402694e+00 3.328994139699009924e+00 3.822962197932072925e+00 3.328994139699009924e+00 1.528598271662876051e+01
1.944111299823343941e+01 -5.909036838561842586e+00 6.284396797584119732e+00 -5.909036838561842586e+00 1.571815419038123096e+01 5.164348243819123496e+00 6.284396797584119732e+00 5.164348243819123496e+00 1.196069510657768831e+01
-3.490675144185877876e+00 4.284158292432613813e+00 -1.408859874919422772e+01 4.284158292432613813e+00 6.215369940979843522e-01 -1.036335717989741667e+00 -1.408859874919422772e+01 -1.036335717989741667e+00 5.360692541649128451e+00
4.549537550785205298e+01 7.556226097144634224e+00 1.618044495936067406e+01 7.556226097144634224e+00 3.780404936401625804e+01 -4.246895111094365127e+00 1.618044495936067406e+01 -4.246895111094365127e+00 2.345786964291652055e+01
3.765940443996235132e+01 6.986257146001877416e+00 4.267826333877909661e+00 6.986257146001877416e+00 4.319661264179209326e+01 -8.840440614764750737e-01 4.267826333877909661e+00 -8.840440614764750737e-01 1.068587156893729428e+01
-8.905142540285948982e+00 -1.318762626873860588e+00 1.037569927456634788e+00 -1.318762626873860588e+00 -8.435281479729139775e+00 -4.791716556680633232e+00 1.037569927456634788e+00 -4.791716556680633232e+00 -1.042554691576976822e+01
1.543562927870495116e+01 7.227798430571174215e+00 -8.002958016450740786e+00 7.227798430571174215e+00 2.021838103064835579e+01 -9.929255597084990725e+00 -8.002958016450740786e+00 -9.929255597084990725e+00 -9.298968425634367208e+00
2.582257146839039663e+01 -1.700385184909534431e+01 -5.321185901449461575e+00 -1.700385184909534431e+01 2.943149090298597415e+01 -1.124893703278080914e-01 -5.321185901449461575e+00 -1.124893703278080914e-01 -8.277068655197791003e+00
6.397774548974208386e+00 -1.110246657240748114e+01 3.628154174087625528e+00 -1.110246657240748114e+01 4.866333606249375165e+00 -2.531248994528107588e+00 3.628154174087625528e+00 -2.531248994528107588e+00 -1.502421879125793724e+00
-1.415769002225065876e+01 1.075880039557287127e+01 9.303723571260923420e-01 1.075880039557287127e+01 -2.020994312950815086e+01 -3.994086470410398437e+00 9.303723571260923420e-01 -3.994086470410398437e+00 -7.646709571643865111e+00
-3.474275126369662292e+00 -2.960009741091289559e+00 3.627354284565552645e-01 -2.960009741091289559e+00 8.398380431947376934e+00 2.263584673169193984e+00 3.627354284565552645e-01 2.263584673169193984e+00 3.051162526872468472e+00
4.771903274137414286e+01 1.408744433692306508e+01 -3.466062676085811312e+00 1.408744433692306508e+01 5.566459898063377665e+01 -1.717964931787307847e+01 -3.466062676085811312e+00 -1.717964931787307847e+01 3.302210993351300772e+01
-1.203152735394995965e+01 4.334147689322979780e+00 -6.845883683300053590e-01 4.334147689322979780e+00 -9.630524982187996130e+00 -7.129668055855975517e+00 -6.845883683300053590e-01 -7.129668055855975517e+00 -4.781755962792848180e+01
-1.496599641996987629e+01 6.184409011227113062e+00 -5.844754215334130087e+00 6.184409011227113062e+00 -1.198985503617746495e+01 5.669518077824466040e+00 -5.844754215334130087e+00 5.669518077824466040e+00 -1.991617320890381393e+01
-3.926543980544764167e+01 -1.911998499229275783e+00 -7.201646569449718926e-01 -1.911998499229275783e+00 -5.179879296795900956e+01 1.098557786091327770e+01 -7.201646569449718926e-01 1.098557786091327770e+01 -3.841213194486459770e+01
6.015907875603481614e+00 -1.297303928829515129e+01 3.624523478023219614e+00 -1.297303928829515129e+01 1.243074038854729757e+01 5.021459846727913678e+00 3.624523478023219614e+00 5.021459846727913678e+00 -1.708148415849937862e+01
-2.971176402322634758e+01 1.169931928672192356e+01 -8.242522952418694260e+00 1.169931928672192356e+01 -4.459226894012631703e+01 -1.303391680437175992e+01 -8.242522952418694260e+00 -1.303391680437175992e+01 -2.692218713531519469e+01
-1.938046027486188549e+01 8.290146572978118300e+00 6.170869349083644373e+00 8.290146572978118300e+00 -2.821707796983694294e+01 1.294690843998000318e+01 6.170869349083644373e+00 1.294690843998000318e+01 -6.519596194439064574e-01
4.611289666299060030e+01 9.482877350120537674e-01 2.691033998034164099e-01 9.482877350120537674e-01 3.396961733986398002e+01 7.581240706410993013e+00 2.691033998034164099e-01 7.581240706410993013e+00 3.536698487086523812e+01
9.791211118645502864e+00 -4.029381859109282260e+00 -5.026786900040525197e+00 -4.029381859109282260e+00 1.288673527877361558e+01 -4.501876247943443765e+00 -5.026786900040525197e+00 -4.501876247943443765e+00 -2.573578135646841680e+00
1.768253037127229987e+01 1.945795906747604498e+00 -5.296116325363650290e+00 1.945795906747604498e+00 1.877509556595266815e+01 6.034656815758182802e+00 -5.296116325363650290e+00 6.034656815758182802e+00 -1.190146227705116466e+01
6.260735004279742721e-01 -1.864652388457993082e+00 -6.599923764707439133e+00 -1.864652388457993082e+00 3.448592473734964692e+00 1.826698229118807149e+01 -6.599923764707439133e+00 1.826698229118807149e+01 -1.046271627547770144e+01
1.909572749617782250e+01 -4.999595260112208450e+00 -1.163416031289359864e+01 -4.999595260112208450e+00 1.404724999792072104e+01 -4.206554957561334795e-01 -1.163416031289359864e+01 -4.206554957561334795e-01 2.641430336128329515e+01
2.563966882545474135e+01 4.397689016354751956e+00 -1.589596376022077884e+01 4.397689016354751956e+00 1.679960576015103868e+01 -2.787183828370522143e+00 -1.589596376022077884e+01 -2.787183828370522143e+00 3.553782882518781605e+01
-8.292453371200270595e+00 1.538444362680817257e+01 4.147736045911182501e+00 1.538444362680817257e+01 -4.288343044472511245e+00 8.250685128491353382e+00 4.147736045911182501e+00 8.250685128491353382e+00 1.221794480578166997e+01
9.306274639749572586e+00 -5.821654820240828698e+00 9.133383453221492587e+00 -5.821654820240828698e+00 -8.684139970419844090e+00 -1.629640817654349405e+01 9.133383453221492587e+00 -1.629640817654349405e+01 3.038549557766626830e+00
-1.023105490150721053e+01 1.171868707247318930e+01 -2.399845148224717395e+00 1.171868707247318930e+01 -3.354416308267984093e+00 1.248744672595731053e+01 -2.399845148224717395e+00 1.248744672595731053e+01 -2.592420894378373752e+00
4.520327456364057639e+00 -5.390010554909662188e-01 6.155831059091397606e+00 -5.390010554909662188e-01 7.743644962555283229e+00 -9.147613873572474574e+00 6.155831059091397606e+00 -9.147613873572474574e+00 -5.779919443566023496e+00
-3.108483722768424329e+01 -9.779667561972921419e+00 -1.733349457425032325e+00 -9.779667561972921419e+00 -4.422610121309737252e+01 -1.097717553674973523e+01 -1.733349457425032325e+00 -1.097717553674973523e+01 -5.764570450275667923e+01
