2.718732561924328195e+01 -5.976739649295494949e+00 8.918475347520580243e+00 -5.976739649295494949e+00 2.464359105443771725e+01 -5.285427346352798983e-01 8.918475347520580243e+00 -5.285427346352798983e-01 3.396615866190145994e+01
2.672956795513441719e+01 8.274812477595371973e+00 -1.622593413976434462e+01 8.274812477595371973e+00 -8.744378671701479533e+00 1.587764104709598501e+00 -1.622593413976434462e+01 1.587764104709598501e+00 1.601757666972479299e+01
-1.675163222539931596e+01 -9.166986655627264113e+00 -3.663532568883151264e+00 -9.166986655627264113e+00 -4.255687567403438010e+01 1.328811550597326629e+01 -3.663532568883151264e+00 1.328811550597326629e+01 -1.809124315662436544e+01
-5.353655449884448103e+01 5.836244622701074469e+00 -8.323573201644174802e+00 5.836244622701074469e+00 -6.737781770797815284e+01 4.613509353259663825e+00 -8.323573201644174802e+00 4.613509353259663825e+00 -8.178430466682309330e+00
-1.104658891319840919e+01 -3.440310286804052708e+00 -5.219561792734404904e+00 -3.440310286804052708e+00 3.441740530178104329e+00 -4.550617561378501041e-01 -5.219561792734404904e+00 -4.550617561378501041e-01 3.338268531145230611e+01
9.778648807806071375e+00 4.855738953198849295e+00 -8.358652414183350032e+00 4.855738953198849295e+00 -4.440169455295993117e+01 2.538005150772417728e-01 -8.358652414183350032e+00 2.538005150772417728e-01 5.877059885422082353e+00
-1.661499205969961324e+01 -7.206245285507878684e+00 1.755784464981140758e+01 -7.206245285507878684e+00 -3.361881097889695802e+00 6.472706150552344440e+00 1.755784464981140758e+01 6.472706150552344440e+00 -1.052339628193527687e+01
2.569214688359248200e+01 2.663081714823615442e+00 5.314237379023590613e+00 2.663081714823615442e+00 -3.237601687952462726e+01 3.361999096045614088e+00 5.314237379023590613e+00 3.361999096045614088e+00 2.410013846283458960e+01
-2.918056477221917522e+00 2.713256963529404686e+01 -2.694926279962414384e+01 2.713256963529404686e+01 -3.880246947929482815e+01 8.174995428057686198e+00 -2.694926279962414384e+01 8.174995428057686198e+00 -7.832861974329596855e-01
-1.812565228106453930e+01 2.191470143306646889e+01 -1.117477471479679885e+01 2.191470143306646889e+01 -1.680280944259114406e+01 2.539913899636974648e+01 -1.117477471479679885e+01 2.539913899636974648e+01 -1.277910081479783067e+01
-1.318126906605023763e+01 9.381372133307433359e+00 -4.385947041483242437e+00 9.381372133307433359e+00 -6.373624621736855289e+01 -1.739389272476675075e+01 -4.385947041483242437e+00 -1.739389272476675075e+01 8.892130587847256962e+00
-4.583814359081291201e+01 4.638878907529289997e+00 -7.815309392112190778e+00 4.638878907529289997e+00 2.456048278728824741e+01 2.462489876063629346e+00 -7.815309392112190778e+00 2.462489876063629346e+00 -6.243282480601227746e+01
-2.387138713174573823e+01 4.114116276047995235e+00 1.418927184851982837e+01 4.114116276047995235e+00 -8.358633402475787477e+01 -1.365990054782776397e+01 1.418927184851982837e+01 -1.365990054782776397e+01 -3.149592309351422514e+01
4.169307861907170398e+00 -5.839996349999413416e-01 1.385642495309518551e+00 -5.839996349999413416e-01 6.093300734719064415e+00 5.462503008206075483e-01 1.385642495309518551e+00 5.462503008206075483e-01 -5.268079745703491135e-01
-2.518264579425982319e+01 -5.911778453827484014e+00 2.708162869830258401e+01 -5.911778453827484014e+00 -5.703628563347610481e+01 8.719282478902637967e-01 2.708162869830258401e+01 8.719282478902637967e-01 -4.580534133905880623e+01
-4.604359066258457744e+01 6.768701933270598659e+00 -9.898336133352447774e+00 6.768701933270598659e+00 -9.617795334259763962e+00 3.673513775616267907e+00 -9.898336133352447774e+00 3.673513775616267907e+00 -7.490873586053542965e+01
-9.129179245393034492e+00 1.957526897708739355e+01 -7.835901527927363830e+00 1.957526897708739355e+01 -3.684580178425183306e+01 8.046168526222455597e+00 -7.835901527927363830e+00 8.046168526222455597e+00 -5.253871196952466072e+00
-4.144475066811535413e+01 -1.208870915692341441e+01 -3.012221712583362798e+00 -1.208870915692341441e+01 -5.801586885574508301e+01 -1.187494536445593063e+01 -3.012221712583362798e+00 -1.187494536445593063e+01 -2.322866132612257317e+01
-3.030260255501359690e-01 -2.254924440417220310e+01 -1.871168539807203501e+01 -2.254924440417220310e+01 -2.974900054419211060e+01 2.881257580702974774e+00 -1.871168539807203501e+01 2.881257580702974774e+00 1.057721368717176347e+01
2.610442370693440495e+01 2.637750442930791195e+01 -7.330158307787129068e+00 2.637750442930791195e+01 -2.441702476301973590e+01 -6.829715900956574437e+00 -7.330158307787129068e+00 -6.829715900956574437e+00 2.985761191551881311e+01
-2.629301081160447140e+01 -1.506355491604973729e+01 8.007280767886879147e+00 -1.506355491604973729e+01 -4.256287790618487321e+01 -5.522984373863232932e+00 8.007280767886879147e+00 -5.522984373863232932e+00 -3.822305666021289028e+01
-8.682861875941689789e+00 -3.970270762012810373e+00 8.752930408166607279e+00 -3.970270762012810373e+00 -3.561465640279239864e+01 1.644018614688955537e+01 8.752930408166607279e+00 1.644018614688955537e+01 2.542471773014877456e+01
3.275523704150793858e+00 1.007632917340510303e+01 -7.635991336183852063e+00 1.007632917340510303e+01 -5.869000032183374316e+01 -8.599942366362858803e-02 -7.635991336183852063e+00 -8.599942366362858803e-02 -2.459362705472632360e+00
-1.084189392046370060e+01 -2.819878547084315201e+01 1.608509381370153335e+01 -2.819878547084315201e+01 4.345060277265726967e+00 -1.273990016893018762e+01 1.608509381370153335e+01 -1.273990016893018762e+01 -2.721599646222457380e+01
2.416996280578445067e+01 5.536043269309045556e+00 1.294644855355184809e+00 5.536043269309045556e+00 6.409185921252030127e+00 -8.085483201675028320e-02 1.294644855355184809e+00 -8.085483201675028320e-02 3.880836984092417907e+01
-1.957648917650546849e+01 -7.124432051257906018e+00 2.309585046472445224e+00 -7.124432051257906018e+00 3.895105770459407779e+01 8.330668183988704456e+00 2.309585046472445224e+00 8.330668183988704456e+00 -6.117158260654652224e+01
-2.776120379561398721e+01 -9.670652209998590321e-01 3.302335590385580133e+01 -9.670652209998590321e-01 -2.078238030245224621e+01 -1.159101756169908093e+01 3.302335590385580133e+01 -1.159101756169908093e+01 -1.983879534216494278e+01
-1.933369804794263302e+01 -2.396045707758719168e+00 3.907588932152017858e+00 -2.396045707758719168e+00 -4.250012897807685874e+01 -7.336340273243385113e+00 3.907588932152017858e+00 -7.336340273243385113e+00 -2.949313203114500581e+01
1.350134542868830501e+01 1.010893488142133556e+01 -2.136736159528767942e+01 1.010893488142133556e+01 -4.936374533047690250e+01 -1.302062782502506622e+01 -2.136736159528767942e+01 -1.302062782502506622e+01 1.146089300820550960e+01
-4.110007950241138275e+01 7.449026323174792630e+00 -8.244356074355307484e+00 7.449026323174792630e+00 -3.794153955541622736e+01 8.945776698110327274e+00 -8.244356074355307484e+00 8.945776698110327274e+00 -4.918936524438133517e+01
-5.781071915503756031e+01 2.039619894437588243e+01 -2.071750621770957679e+01 2.039619894437588243e+01 -4.955123686115798876e+01 -1.811651506075190099e+01 -2.071750621770957679e+01 -1.811651506075190099e+01 -7.164863788674380451e+00
-3.792815343773724379e+01 -1.169651844588475953e+01 4.824425042852518430e+01 -1.169651844588475953e+01 -5.469301982839279930e+01 6.875359618563766873e+00 4.824425042852518430e+01 6.875359618563766873e+00 -1.969035224395678441e+01
-1.618627332730567758e+01 -1.383047980535498489e+01 -1.299524298777754439e+00 -1.383047980535498489e+01 2.993398046431405035e+01 5.074718513842658929e+00 -1.299524298777754439e+00 5.074718513842658929e+00 -4.638561430587212442e+01
-6.417999982830568229e+01 5.878770057401599303e+00 -4.347085633432371310e+00 5.878770057401599303e+00 -5.580266384094579735e+01 -1.569733815339289507e+01 -4.347085633432371310e+00 -1.569733815339289507e+01 -9.156924145819817795e+01
-2.832212855564349852e+01 1.395547040029598307e+01 4.738005371639460783e+00 1.395547040029598307e+01 -3.521936330416161809e+01 -2.373323163765929777e+00 4.738005371639460783e+00 -2.373323163765929777e+00 -1.450447546302997814e+01
-2.119461237197203118e+01 -5.657198989489852003e+00 -1.518651672949123643e+01 -5.657198989489852003e+00 -3.309360931500426517e+01 9.150035758666515973e-01 -1.518651672949123643e+01 9.150035758666515973e-01 -1.009102235808710368e+01
-4.150712553969901819e+01 -9.043313809555418858e-01 5.876798262788966554e+00 -9.043313809555418858e-01 -3.320755768078249304e+01 -8.366899013380734829e+00 5.876798262788966554e+00 -8.366899013380734829e+00 -2.586405773468518632e+01
7.375828903471504816e+01 4.452465384088912792e+00 2.186324366962406618e+00 4.452465384088912792e+00 4.134200132197388200e+01 6.983762722008179935e+00 2.186324366962406618e+00 6.983762722008179935e+00 9.661676519767111415e+01
-2.833972996936310196e+01 6.408259131413544196e+00 -1.105566788906478770e+01 6.408259131413544196e+00 -1.323746613424838436e+01 -1.276650759227703880e+01 -1.105566788906478770e+01 -1.276650759227703880e+01 -2.304162707406063149e+01
-5.916243749123172790e+01 -3.103280908296749985e+01 -2.192606609682356655e+00 -3.103280908296749985e+01 -5.599693070097129066e+01 -1.085706899962174354e+01 -2.192606609682356655e+00 -1.085706899962174354e+01 -1.943777475886839312e+01
-1.469688563542783299e+01 -2.495697852890575330e+00 2.153054736641448130e+01 -2.495697852890575330e+00 -2.912148671833896785e+01 -3.361644642105142911e+00 2.153054736641448130e+01 -3.361644642105142911e+00 -2.602191469992770845e+00
8.943430254239803645e+00 -2.523609523124036969e+00 -2.522739443188173336e+00 -2.523609523124036969e+00 5.028353824692952223e+00 1.322062855724854602e+00 -2.522739443188173336e+00 1.322062855724854602e+00 2.761411137842988417e+00
8.532592954103903082e+01 2.776232885825287600e+00 -1.346618299960168841e+01 2.776232885825287600e+00 4.502475558581732429e+01 2.552412731677734303e+00 -1.346618299960168841e+01 2.552412731677734303e+00 8.772582122909243196e+01
-8.719936337456672959e+00 -2.206381644766659278e+01 2.109715784651020609e-01 -2.206381644766659278e+01 -1.540059927727116218e+01 -7.072188971804290958e+00 2.109715784651020609e-01 -7.072188971804290958e+00 2.906835583716310012e+00
-6.438349006085420001e+01 2.715237360814721335e+00 1.624717141773560769e+01 2.715237360814721335e+00 -6.532380762604452684e+01 6.109896160334699289e+00 1.624717141773560769e+01 6.109896160334699289e+00 -2.929447352426598172e+01
5.364396501496949554e+01 1.155630607107506869e+00 1.206257464423690351e+01 1.155630607107506869e+00 -3.452286061694506714e+01 1.021748323588579765e+01 1.206257464423690351e+01 1.021748323588579765e+01 4.613676899996411152e+01
-2.537352067881572282e+01 -1.827510976733091597e-01 1.568287822625757499e+01 -1.827510976733091597e-01 -4.900278047884806654e+01 -8.119286218350431739e+00 1.568287822625757499e+01 -8.119286218350431739e+00 -1.860701181165146778e+01
1.055269387657494384e+01 1.345649527725013073e+01 2.086868693491735982e+00 1.345649527725013073e+01 -5.248209339722952649e+01 -2.378307919958809080e+01 2.086868693491735982e+00 -2.378307919958809080e+01 -1.600827909182252995e+01
-2.345720335053164618e+01 1.108595922109796383e+01 9.291888514868488214e-01 1.108595922109796383e+01 2.805979626189852283e+01 -5.150507424214519681e+00 9.291888514868488214e-01 -5.150507424214519681e+00 -5.215745949882889221e+01
-7.162512467857412446e+01 -1.888259603524123875e+01 -2.372660362299089609e+00 -1.888259603524123875e+01 -7.861111832131682320e+01 1.219743400020251833e+01 -2.372660362299089609e+00 1.219743400020251833e+01 -5.201535466115800688e+01
1.897156276297345556e+01 -8.960126523253403974e+00 6.267638596118144889e+00 -8.960126523253403974e+00 7.607756085966006054e+00 -4.848214842564145144e+00 6.267638596118144889e+00 -4.848214842564145144e+00 2.292521005013312418e+01
1.449344259100412202e+00 8.995781062988651655e+00 1.306358052214861765e+01 8.995781062988651655e+00 -1.128321855514947636e+01 -8.096627356779530160e+00 1.306358052214861765e+01 -8.096627356779530160e+00 3.547238639099310831e+01
-2.656011833019938351e+01 -5.324448117204294562e-01 1.258593577946228237e+01 -5.324448117204294562e-01 -4.245134287046493426e+01 -1.735923986635920180e+00 1.258593577946228237e+01 -1.735923986635920180e+00 -5.057299458772245515e+00
-1.155983035664138470e+01 -1.576400866210548557e+01 -1.709839412549793769e+00 -1.576400866210548557e+01 3.464922322305134639e+00 6.163003920526380242e+00 -1.709839412549793769e+00 6.163003920526380242e+00 9.019848515355130658e+00
2.647247729766964497e+01 6.160290921909137296e+00 -1.589553452182431936e+00 6.160290921909137296e+00 1.057622174529224779e+01 7.075306425712610370e+00 -1.589553452182431936e+00 7.075306425712610370e+00 3.465392085465466465e+01
2.863250984573341995e+01 9.049562129214301365e+00 -8.573782421456574099e+00 9.049562129214301365e+00 1.063723756345394911e+01 -3.266663583397596682e+01 -8.573782421456574099e+00 -3.266663583397596682e+01 4.204058398772033200e+01
-2.447935232233175640e+01 -6.526359679187089036e+00 -8.224332206821047819e+00 -6.526359679187089036e+00 -3.989908044719960145e+01 1.168718792673235285e+01 -8.224332206821047819e+00 1.168718792673235285e+01 -2.242535216136205989e+01
-2.600616243283801410e+01 1.285937827073818340e+01 8.579478917059860876e+00 1.285937827073818340e+01 -2.191261146784379932e+01 -6.080638541522617402e+00 8.579478917059860876e+00 -6.080638541522617402e+00 3.789009073548780915e+00
-4.730751547964862880e+01 1.761307769056582728e+01 -1.172745775287047820e+01 1.761307769056582728e+01 -9.377887619464127411e+00 -5.617945957812239932e+00 -1.172745775287047820e+01 -5.617945957812239932e+00 -7.446974504139875251e+01
-2.389327974406437249e+01 -2.014577961639734838e+01 -2.261493735172734532e+01 -2.014577961639734838e+01 -6.060811110456716477e+01 4.687345447287387112e-01 -2.261493735172734532e+01 4.687345447287387112e-01 9.507119435957827491e+00
1.203464347591407524e+00 5.586930766303193963e+00 9.960138576681224265e+00 5.586930766303193963e+00 -2.938520801850830821e+01 -6.150278224936176485e+00 9.960138576681224265e+00 -6.150278224936176485e+00 2.438162791113884609e+01
-9.782396469785403781e+00 -1.542756068288957172e+00 1.361977935792724281e+01 -1.542756068288957172e+00 -4.411729002526471533e+01 2.008845510306661097e+01 1.361977935792724281e+01 2.008845510306661097e+01 -6.513074776603418048e-01
3.695613264602053505e+01 -2.065758881028338934e+01 -1.737298337563123596e+01 -2.065758881028338934e+01 -1.328104377473321840e+01 -1.137678343796559233e+01 -1.737298337563123596e+01 -1.137678343796559233e+01 4.854371679492199121e+01
-2.809889817997716221e+01 7.034256191031390770e+00 -1.359061927349358179e+01 7.034256191031390770e+00 -3.536890971340407930e+01 -1.824305568563288560e+01 -1.359061927349358179e+01 -1.824305568563288560e+01 -2.899084555424535381e+01
-2.281006484184445426e+01 -1.133349422349215485e-01 8.653302233865123316e-01 -1.133349422349215485e-01 -2.021637885989572681e+01 -7.710659429399473463e-01 8.653302233865123316e-01 -7.710659429399473463e-01 -3.622291124053206346e+01
-3.174381623716623224e+01 -1.308081204128369102e+01 -6.023974318469929479e+00 -1.308081204128369102e+01 -5.661260178417687250e+00 5.250864752241275468e+00 -6.023974318469929479e+00 5.250864752241275468e+00 -4.946473145739368249e+01
-4.017980973610897899e-01 -2.768313362376304809e+01 -5.595982244273995931e+00 -2.768313362376304809e+01 1.362160215318480461e+01 -4.960941456062476718e+00 -5.595982244273995931e+00 -4.960941456062476718e+00 -2.187633968159702036e+01
1.466515255615703595e+01 6.238590905462167768e+00 4.955856535786288042e+00 6.238590905462167768e+00 1.743682563533986141e+01 9.710655386468028283e+00 4.955856535786288042e+00 9.710655386468028283e+00 1.296578262218818978e+01
-2.235178997009091972e+01 -8.236262127900781493e+00 8.530303898683675001e+00 -8.236262127900781493e+00 -1.653622601730894814e+01 -1.853184749994174041e+00 8.530303898683675001e+00 -1.853184749994174041e+00 -2.013261489852709829e+01
-6.948283884760343199e+01 -1.123766214790488149e+01 2.483597667715765844e+00 -1.123766214790488149e+01 -3.612855267158877126e+01 -2.171853882949959402e+00 2.483597667715765844e+00 -2.171853882949959402e+00 -3.744448359070887022e+01
-1.246432957299336763e+01 7.099348773110493838e+00 9.079677721848100624e-01 7.099348773110493838e+00 5.240700351823671355e+01 -1.569074765160038520e+00 9.079677721848100624e-01 -1.569074765160038520e+00 -4.454639155336128908e+01
-3.679314458972434210e+01 -2.784895381108131929e+01 6.137566145580485077e+00 -2.784895381108131929e+01 -6.994038094073457046e+01 -1.681073039936491398e+01 6.137566145580485077e+00 -1.681073039936491398e+01 -7.830625962434833554e+00
-4.895628703319850672e+01 -1.851952326531440818e+01 8.181012518392899224e+00 -1.851952326531440818e+01 -5.803801067638496392e+01 8.475820596580138755e+00 8.181012518392899224e+00 8.475820596580138755e+00 -3.499946692387786840e+01
-6.456455984406142079e+01 -1.910861349771011319e+01 1.625811496891911290e+00 -1.910861349771011319e+01 -4.110021249851715197e+01 -1.168222835880167665e+01 1.625811496891911290e+00 -1.168222835880167665e+01 -5.701344158299593801e+01
6.661645909487621253e+00 -2.158659919208327782e+00 1.252851334997900956e+01 -2.158659919208327782e+00 4.729544069226982828e+01 2.608181311088925147e-01 1.252851334997900956e+01 2.608181311088925147e-01 -2.173650064216614552e+01
2.317437452451974877e+01 1.412030015934524929e+00 -2.343866669511659495e+01 1.412030015934524929e+00 -3.114678408700578416e+01 1.035478693851215937e+01 -2.343866669511659495e+01 1.035478693851215937e+01 9.009699347366968425e+00
5.440345583992459666e+01 -5.907609049383322208e-01 -1.100561645057233839e+01 -5.907609049383322208e-01 1.685613374517375362e+01 -1.138493942924642610e+01 -1.100561645057233839e+01 -1.138493942924642610e+01 3.488728712268841292e+01
-5.381626065273303006e+00 5.222372613295914512e+00 -1.907398875301964392e+00 5.222372613295914512e+00 -7.363141540342220459e+00 -2.376750500798262422e+01 -1.907398875301964392e+00 -2.376750500798262422e+01 9.712546689243959364e+00
-3.849925619173518165e-01 -1.727071379652515759e+01 -5.029827798133776895e+00 -1.727071379652515759e+01 -6.625718261049134128e+01 -1.115801556185388854e+01 -5.029827798133776895e+00 -1.115801556185388854e+01 -4.546499738863984419e+01
2.934646331813702247e+01 -1.550449176346243574e+00 -1.640117992780889988e+00 -1.550449176346243574e+00 2.510000103772129165e+01 -2.729979473209984686e+00 -1.640117992780889988e+00 -2.729979473209984686e+00 3.109777970277167825e+01
3.128054093473396335e+01 9.483614119842320278e+00 -2.597999901209821161e+01 9.483614119842320278e+00 4.355229348275298662e+01 6.930190398039779431e+00 -2.597999901209821161e+01 6.930190398039779431e+00 1.981573594797353266e+01
3.840998641570381267e+01 1.774576438074587870e+01 -1.626827612007654622e+01 1.774576438074587870e+01 1.134168766935698081e+01 -1.123561874330960819e+01 -1.626827612007654622e+01 -1.123561874330960819e+01 4.774301287126315430e+01
-3.425569785277006929e+01 1.883428033589161288e+01 2.195043349315084491e+00 1.883428033589161288e+01 -9.061419056070393196e+01 -8.719313359326578805e+00 2.195043349315084491e+00 -8.719313359326578805e+00 -2.807855490762103301e+01
-4.915270274718909604e+01 -3.253705403054814127e+01 1.751056482605980591e+01 -3.253705403054814127e+01 -7.660703063839306992e+01 -2.732534580612037800e+01 1.751056482605980591e+01 -2.732534580612037800e+01 -5.436995219811009150e+01
-4.490577456102052167e+01 1.671758006842043542e+01 -3.895454463982746418e+00 1.671758006842043542e+01 2.995432803702193780e+01 -3.315165960253341204e+00 -3.895454463982746418e+00 -3.315165960253341204e+00 -7.922789176517406418e+01
-8.485968854728888289e+00 -9.394428112736679992e+00 1.253187573306500902e+01 -9.394428112736679992e+00 -1.873410097313168876e+01 2.559198761713019010e+01 1.253187573306500902e+01 2.559198761713019010e+01 -1.448348803390092776e+01
-1.040227509818679152e+01 7.962116784798866753e+00 -3.710412404188522473e+00 7.962116784798866753e+00 5.458931082813909796e+01 5.266995581357952538e+00 -3.710412404188522473e+00 5.266995581357952538e+00 -5.200117141213249283e+01
3.157384492554884758e+01 2.099097471050350450e+01 -1.771072452929638164e-01 2.099097471050350450e+01 -2.249790184611232391e+01 -1.396716294622133647e+00 -1.771072452929638164e-01 -1.396716294622133647e+00 2.707473589256877489e+01
-3.547409150002297906e+01 -9.356977508784556363e-01 -1.395130622215607907e+01 -9.356977508784556363e-01 -2.041244150541355395e+01 2.394380232043614054e+00 -1.395130622215607907e+01 2.394380232043614054e+00 -2.854433578675994809e+01
-6.948775697776010674e+00 -3.890443033293500275e+00 -1.516199489031905934e+01 -3.890443033293500275e+00 -5.835024684311557763e+01 6.269692982251332758e+00 -1.516199489031905934e+01 6.269692982251332758e+00 -9.761078902823005166e+00
-2.868742631874457416e+01 1.315135899475341397e+01 -4.371022682263292047e+00 1.315135899475341397e+01 1.036473949650959447e+01 -3.059279362252234513e+00 -4.371022682263292047e+00 -3.059279362252234513e+00 -4.093717469281831711e+01
8.057650122336468712e+00 -1.584534969640127500e+01 1.208727097225576586e+01 -1.584534969640127500e+01 -7.131201568472431518e+01 1.337708221266322184e+01 1.208727097225576586e+01 1.337708221266322184e+01 -1.583841326907856129e+01
1.974958935399503446e+01 1.007277992511300546e+01 -4.050642992422320177e+00 1.007277992511300546e+01 2.586395970971488367e+01 1.443944089453317403e+01 -4.050642992422320177e+00 1.443944089453317403e+01 1.645474661534438665e+00
-4.157527109782566122e+00 -7.911007850435873401e+00 -6.082572515787303402e+00 -7.911007850435873401e+00 -4.330830796257730952e+01 -8.918053120810760959e+00 -6.082572515787303402e+00 -8.918053120810760959e+00 -1.774666733640222915e+01
2.056453919235265460e+01 1.241924406670988246e+00 -4.052355737142802283e+00 1.241924406670988246e+00 2.964767103022608552e+01 1.147359244153527946e+01 -4.052355737142802283e+00 1.147359244153527946e+01 1.450748986024037990e+01
-3.091445047321273520e+01 -3.805760960499351864e+00 8.472197912884370297e+00 -3.805760960499351864e+00 -8.363935636259228090e+01 4.432974355827872692e+00 8.472197912884370297e+00 4.432974355827872692e+00 -2.850569422478967141e+01
-2.650404743995453671e+01 1.320327920788336762e+01 -3.043643442189112314e+00 1.320327920788336762e+01 -2.104157728781246917e+01 -3.033360783438225461e+00 -3.043643442189112314e+00 -3.033360783438225461e+00 -2.691434907218840600e+00
-1.762818134583155327e+01 9.816760803746426234e+00 1.153380054490449602e+01 9.816760803746426234e+00 -5.402601036115669331e+01 6.706360387571261295e-02 1.153380054490449602e+01 6.706360387571261295e-02 -6.727151147289337274e+00
-3.036414781417251874e+01 2.919063461096635947e+00 -1.381978977506738815e+00 2.919063461096635947e+00 -7.765569051689001867e+01 1.188951913865855836e+01 -1.381978977506738815e+00 1.188951913865855836e+01 -1.373421616818820112e+01
2.954089425555443782e+01 3.111903504381131835e+00 -1.918207872937386371e+00 3.111903504381131835e+00 -3.708349528990176225e+01 6.451623266080788177e+00 -1.918207872937386371e+00 6.451623266080788177e+00 4.408089294159980653e+01
