1.001777717743113777e-01 2.042071517813212611e-02 9.168216094297073921e-04 2.042071517813212611e-02 7.872572076604264502e-02 -1.786084194247409673e-03 9.168216094297073921e-04 -1.786084194247409673e-03 8.324691688583039928e-02
2.983261152982339889e-02 -1.965818618205381063e-01 -9.518257465872348444e-02 -1.965818618205380786e-01 6.215265366839551470e-02 -8.714818530973150734e-02 -9.518257465872349832e-02 -8.714818530973150734e-02 4.068431781441294443e-02
-2.322582186660615902e-03 -4.145854238564203875e-01 -1.920153585074928226e-01 -4.145854238564204430e-01 8.185554321447431614e-02 -1.688324025282117169e-01 -1.920153585074928504e-01 -1.688324025282117169e-01 2.586243453924877075e-02
-2.421102453754177611e-02 -6.309539220189411823e-01 -2.864245858907460973e-01 -6.309539220189411823e-01 1.099311495830696678e-01 -2.470539283372943651e-01 -2.864245858907460973e-01 -2.470539283372943651e-01 1.245896122424459268e-02
8.296156916027643338e-03 -8.491059447194236887e-01 -3.799183468112576900e-01 -8.491059447194239107e-01 1.911029643057809424e-01 -3.212287821404408716e-01 -3.799183468112576900e-01 -3.212287821404408716e-01 4.477708608012950092e-02
5.164189737794361995e-02 -1.066734148525818826e+00 -4.725326053805505300e-01 -1.066734148525819048e+00 2.811406466955365668e-01 -3.908579181428025739e-01 -4.725326053805505300e-01 -3.908579181428025184e-01 7.887328435504691038e-02
1.327226313467210483e-01 -1.282816797440377021e+00 -5.628613973116146640e-01 -1.282816797440377243e+00 4.075430779221491662e-01 -4.561531258028721503e-01 -5.628613973116147751e-01 -4.561531258028721503e-01 1.434396539779727031e-01
2.119581231828994716e-01 -1.497028100671523365e+00 -6.508550419414858013e-01 -1.497028100671523587e+00 5.308040810135241649e-01 -5.176533029909821115e-01 -6.508550419414856902e-01 -5.176533029909820005e-01 1.981539914483848031e-01
3.343201599478293207e-01 -1.709042792415118361e+00 -7.362546981846495031e-01 -1.709042792415118139e+00 6.948907035516014297e-01 -5.740455218984350516e-01 -7.362546981846495031e-01 -5.740455218984350516e-01 2.871664431851910781e-01
4.608405451393293717e-01 -1.918500032551120116e+00 -8.183575171600530052e-01 -1.918500032551120116e+00 8.617617779704230818e-01 -6.259982336350234933e-01 -8.183575171600530052e-01 -6.259982336350236043e-01 3.733435326556676093e-01
6.331397217281969914e-01 -2.124240125675620483e+00 -8.969226083703185637e-01 -2.124240125675620039e+00 1.071639263092341032e+00 -6.725447741381624933e-01 -8.969226083703184527e-01 -6.725447741381624933e-01 4.967878338118302817e-01
7.918858501191102794e-01 -2.326530426323368150e+00 -9.717629297954930578e-01 -2.326530426323367706e+00 1.266543556643168866e+00 -7.149689733980010287e-01 -9.717629297954930578e-01 -7.149689733980010287e-01 6.002613145610614653e-01
9.882841091789935639e-01 -2.524078325012793389e+00 -1.042217658070889286e+00 -2.524078325012793389e+00 1.496317669490701885e+00 -7.523949997770380538e-01 -1.042217658070889286e+00 -7.523949997770380538e-01 7.337323685718012412e-01
1.187130723118282161e+00 -2.716799162414569757e+00 -1.107985812884476173e+00 -2.716799162414570645e+00 1.726086000167927237e+00 -7.850675098980072208e-01 -1.107985812884475951e+00 -7.850675098980072208e-01 8.630300007799970308e-01
1.413918322411002571e+00 -2.903743767003106768e+00 -1.168836608955201362e+00 -2.903743767003106768e+00 1.980670317538017144e+00 -8.125857646975882531e-01 -1.168836608955201140e+00 -8.125857646975882531e-01 1.012938691168311145e+00
1.619157230331439656e+00 -3.084853068653113262e+00 -1.224336479921245280e+00 -3.084853068653113262e+00 2.211894002461741948e+00 -8.362655088108309487e-01 -1.224336479921245058e+00 -8.362655088108311707e-01 1.136405780053912906e+00
1.856337208716920761e+00 -3.258938599320039042e+00 -1.274053069539433425e+00 -3.258938599320039486e+00 2.471469464373913461e+00 -8.548594130562848781e-01 -1.274053069539433425e+00 -8.548594130562848781e-01 1.285396850961453508e+00
2.080631201288270393e+00 -3.426173907803596652e+00 -1.317828988073849406e+00 -3.426173907803596208e+00 2.715817422074965126e+00 -8.691188781063329261e-01 -1.317828988073849406e+00 -8.691188781063330371e-01 1.416773710267783315e+00
2.321949357325761909e+00 -3.585362254358920087e+00 -1.355200928245890335e+00 -3.585362254358919643e+00 2.973956420109124199e+00 -8.785553280555801203e-01 -1.355200928245890335e+00 -8.785553280555802314e-01 1.559894282137940458e+00
2.542641053756225844e+00 -3.736681961400131424e+00 -1.385916789160452023e+00 -3.736681961400131868e+00 3.209150660793993470e+00 -8.841859354816667960e-01 -1.385916789160452023e+00 -8.841859354816666849e-01 1.678770072060822738e+00
2.777656857724748907e+00 -3.879023379097885638e+00 -1.409681472880696562e+00 -3.879023379097886082e+00 3.455556948051389021e+00 -8.852101873494701012e-01 -1.409681472880696562e+00 -8.852101873494699902e-01 1.807851741652779953e+00
2.992260516011026272e+00 -4.012437508268718922e+00 -1.426384106529772877e+00 -4.012437508268719810e+00 3.679210249941300415e+00 -8.823930806047463049e-01 -1.426384106529772655e+00 -8.823930806047463049e-01 1.913846964686873431e+00
3.210605971884164411e+00 -4.135921286801515606e+00 -1.435713674831800901e+00 -4.135921286801514718e+00 3.903481702419003163e+00 -8.753933561676137121e-01 -1.435713674831800457e+00 -8.753933561676138231e-01 2.020381873903146719e+00
3.410947642721363415e+00 -4.249758349754623410e+00 -1.437654071168136038e+00 -4.249758349754624298e+00 4.107331699562681848e+00 -8.647036036221581456e-01 -1.437654071168136038e+00 -8.647036036221581456e-01 2.107118922830621077e+00
3.607614721026356719e+00 -4.353047787227735554e+00 -1.432006432836448129e+00 -4.353047787227735554e+00 4.304710441031171619e+00 -8.501629328500897032e-01 -1.432006432836448351e+00 -8.501629328500897032e-01 2.188084665417685759e+00
3.786589229960749758e+00 -4.445957275219766913e+00 -1.418675295249833601e+00 -4.445957275219765137e+00 4.481815890865872731e+00 -8.321702807901044663e-01 -1.418675295249833601e+00 -8.321702807901045773e-01 2.250157876289438086e+00
3.955320705193562603e+00 -4.527921600717255579e+00 -1.397667311380175414e+00 -4.527921600717256467e+00 4.646216956791975328e+00 -8.107190416634206809e-01 -1.397667311380175414e+00 -8.107190416634207919e-01 2.301027520735300591e+00
4.109008763966757627e+00 -4.598887255059342039e+00 -1.368874597391341874e+00 -4.598887255059342039e+00 4.793067901966356459e+00 -7.860483117826019273e-01 -1.368874597391341874e+00 -7.860483117826019273e-01 2.336546182504052105e+00
4.247803724574836792e+00 -4.658609551776749846e+00 -1.332542876990962633e+00 -4.658609551776750735e+00 4.922810901017204976e+00 -7.582593328300660795e-01 -1.332542876990962410e+00 -7.582593328300659685e-01 2.356933536324537837e+00
4.372196244376826968e+00 -4.706914747992168024e+00 -1.288518266396037948e+00 -4.706914747992168024e+00 5.035820742441557307e+00 -7.274844133969673443e-01 -1.288518266396037504e+00 -7.274844133969672333e-01 2.363094928105529124e+00
4.479318245220950345e+00 -4.743904255561331773e+00 -1.237212671660941732e+00 -4.743904255561330885e+00 5.129506686392319104e+00 -6.938723562372055564e-01 -1.237212671660941510e+00 -6.938723562372055564e-01 2.352487327344658485e+00
4.573778567259858541e+00 -4.769178499684653794e+00 -1.178419202870878202e+00 -4.769178499684653794e+00 5.208453379878807965e+00 -6.575085563798218624e-01 -1.178419202870878202e+00 -6.575085563798217514e-01 2.330030324103443018e+00
4.650863676169718630e+00 -4.783298902134390573e+00 -1.112848758641161728e+00 -4.783298902134391462e+00 5.268340680150772393e+00 -6.186500156925118787e-01 -1.112848758641161728e+00 -6.186500156925118787e-01 2.291283600974674872e+00
4.714603540478249144e+00 -4.785891826370806790e+00 -1.040394496553646908e+00 -4.785891826370805902e+00 5.313053934005570689e+00 -5.773494087913113582e-01 -1.040394496553647130e+00 -5.773494087913113582e-01 2.240427814951709617e+00
4.764117382064815054e+00 -4.777364889222228683e+00 -9.615080210902109403e-01 -4.777364889222227795e+00 5.341982746155295558e+00 -5.338023644254928923e-01 -9.615080210902110514e-01 -5.338023644254927813e-01 2.176937034538033000e+00
4.801384628904643570e+00 -4.757918178827519107e+00 -8.765954229231839312e-01 -4.757918178827519107e+00 5.357175234559024446e+00 -4.880111898198372655e-01 -8.765954229231840422e-01 -4.880111898198372100e-01 2.102868314073993439e+00
4.825244754500973343e+00 -4.727359601523615673e+00 -7.856350511870627829e-01 -4.727359601523614785e+00 5.357641720166952837e+00 -4.402686797542956221e-01 -7.856350511870626718e-01 -4.402686797542956221e-01 2.017209730954665048e+00
4.841617435631139443e+00 -4.686408879306455333e+00 -6.896126088195456694e-01 -4.686408879306455333e+00 5.349438643778587910e+00 -3.905071968901959178e-01 -6.896126088195456694e-01 -3.905071968901959178e-01 1.925952712615561335e+00
4.845700784664996874e+00 -4.634880552355294725e+00 -5.882997756703857162e-01 -4.634880552355295613e+00 5.327928160889080722e+00 -3.390716184283806833e-01 -5.882997756703856052e-01 -3.390716184283806833e-01 1.824430571080089214e+00
4.843733561952902278e+00 -4.573453131042266584e+00 -4.824755442365184499e-01 -4.573453131042267472e+00 5.299260381541235354e+00 -2.859530618298073978e-01 -4.824755442365184499e-01 -2.859530618298073978e-01 1.718934291940504400e+00
4.835779768701026882e+00 -4.502487816772846152e+00 -3.726982548479194635e-01 -4.502487816772845264e+00 5.263804029057764566e+00 -2.313078173099994139e-01 -3.726982548479195745e-01 -2.313078173099993862e-01 1.609883260990854215e+00
4.818896588275324966e+00 -4.421951645527506969e+00 -2.587665689039489458e-01 -4.421951645527506969e+00 5.218670333701624031e+00 -1.754209888804763862e-01 -2.587665689039488903e-01 -1.754209888804764139e-01 1.494215163106673128e+00
4.804777662387235360e+00 -4.332761548735319934e+00 -1.420994771395237832e-01 -4.332761548735320822e+00 5.175252469822709145e+00 -1.181275647772704468e-01 -1.420994771395237832e-01 -1.181275647772704468e-01 1.383579992109711609e+00
4.782475319814500025e+00 -4.234621044130195244e+00 -2.216848201957377987e-02 -4.234621044130197909e+00 5.123142166203336956e+00 -5.987719712957390028e-02 -2.216848201957377987e-02 -5.987719712957389334e-02 1.267040040623343522e+00
4.764541751778899048e+00 -4.128427758705922379e+00 9.992049880697466413e-02 -4.128427758705923267e+00 5.074704763356781889e+00 -5.363995318037202134e-04 9.992049880697467801e-02 -5.363995318037202134e-04 1.157483515380515859e+00
4.746745384386283462e+00 -4.014389357514244416e+00 2.239152778756021422e-01 -4.014389357514243528e+00 5.025937003237922696e+00 5.975362176694257871e-02 2.239152778756021422e-01 5.975362176694257177e-02 1.050523364162135431e+00
4.726552811125854348e+00 -3.892765534986461162e+00 3.498782107334475477e-01 -3.892765534986461606e+00 4.974312949271064710e+00 1.205604961567382505e-01 3.498782107334475477e-01 1.205604961567382505e-01 9.437496505052901385e-01
4.716936522703948143e+00 -3.764533770165819693e+00 4.763166613955510109e-01 -3.764533770165819249e+00 4.932616417147351662e+00 1.821220358929697414e-01 4.763166613955510664e-01 1.821220358929697136e-01 8.503568297269306075e-01
4.704612811893018609e+00 -3.629450742480681225e+00 6.040718499190665947e-01 -3.629450742480681225e+00 4.888081909225667765e+00 2.440170070900515020e-01 6.040718499190665947e-01 2.440170070900515020e-01 7.568908046937640188e-01
4.704860093618793648e+00 -3.488718592876053570e+00 7.316382281854638681e-01 -3.488718592876053570e+00 4.855501135583765837e+00 3.064098887211941236e-01 7.316382281854638681e-01 3.064098887211940681e-01 6.790158091406692797e-01
4.707808928690401018e+00 -3.342022191379875107e+00 8.595111589488286796e-01 -3.342022191379875107e+00 4.825777499338218313e+00 3.688242473652333375e-01 8.595111589488286796e-01 3.688242473652333375e-01 6.065929859244635347e-01
4.716604941496776782e+00 -3.190252170813218324e+00 9.871639983642144234e-01 -3.190252170813218324e+00 4.801803350953389504e+00 4.313768826198243755e-01 9.871639983642144234e-01 4.313768826198243755e-01 5.431506299890829226e-01
4.734961044509192085e+00 -3.033840330305377808e+00 1.113825526783658537e+00 -3.033840330305378252e+00 4.787135356610355608e+00 4.938836461966623625e-01 1.113825526783658537e+00 4.938836461966624181e-01 4.925764822230081497e-01
4.758988599031747313e+00 -2.873295321714614659e+00 1.239749733447189417e+00 -2.873295321714614214e+00 4.778352676609979532e+00 5.561596228859420066e-01 1.239749733447189195e+00 5.561596228859421176e-01 4.509028734662916538e-01
4.793876342043075667e+00 -2.709453467159992357e+00 1.363865884573179033e+00 -2.709453467159992357e+00 4.780212308497996609e+00 6.180056005831703336e-01 1.363865884573178811e+00 6.180056005831703336e-01 4.239347959449128456e-01
4.835150114036695257e+00 -2.542263980053617090e+00 1.486825838816407730e+00 -2.542263980053617534e+00 4.788667306285610437e+00 6.795185280725087873e-01 1.486825838816407508e+00 6.795185280725087873e-01 4.070189307082781593e-01
4.885050090259762001e+00 -2.372610814348786068e+00 1.607745404028109615e+00 -2.372610814348785624e+00 4.805704776983275472e+00 7.404736579782897898e-01 1.607745404028109393e+00 7.404736579782897898e-01 4.027249067464926946e-01
4.942837110733459660e+00 -2.201060615990687364e+00 1.726558086363026767e+00 -2.201060615990686919e+00 4.830719145671187320e+00 8.008506345861304832e-01 1.726558086363026989e+00 8.008506345861303721e-01 4.106066958576554127e-01
5.008208056006742126e+00 -2.027887400352943459e+00 1.843177400900826601e+00 -2.027887400352943459e+00 4.863594134183587769e+00 8.606356695816468338e-01 1.843177400900826379e+00 8.606356695816468338e-01 4.303314420141097218e-01
5.080488356085419710e+00 -1.854068614816642535e+00 1.957218350870388646e+00 -1.854068614816642757e+00 4.903446570974452356e+00 9.196201530020333692e-01 1.957218350870388424e+00 9.196201530020332582e-01 4.618192372291944348e-01
5.159448192988769222e+00 -1.679884662135157303e+00 2.068540777968643329e+00 -1.679884662135157081e+00 4.950186721883060414e+00 9.778632227713601743e-01 2.068540777968643329e+00 9.778632227713602854e-01 5.047372366783596798e-01
5.244243551141707371e+00 -1.506047795351491914e+00 2.176958995142577624e+00 -1.506047795351492136e+00 5.002954397490776195e+00 1.035230665203197953e+00 2.176958995142577624e+00 1.035230665203197953e+00 5.585129130862573898e-01
5.334055301660685977e+00 -1.333116975414920358e+00 2.282287817563228849e+00 -1.333116975414920358e+00 5.060884505214698237e+00 1.091501726214468615e+00 2.282287817563228405e+00 1.091501726214468615e+00 6.225404414264692488e-01
5.428830569103536341e+00 -1.161711716643101910e+00 2.384386570152876139e+00 -1.161711716643101688e+00 5.123989954863120921e+00 1.146822090284658424e+00 2.384386570152877027e+00 1.146822090284658424e+00 6.965535601855661341e-01
5.526930714104656417e+00 -9.923306442158653651e-01 2.482943287739406202e+00 -9.923306442158652541e-01 5.190514276969368623e+00 1.201023524899786921e+00 2.482943287739405758e+00 1.201023524899786921e+00 7.792674285316244509e-01
5.627805772534227202e+00 -8.257858008243168513e-01 2.577985374199367463e+00 -8.257858008243168513e-01 5.259875747715425653e+00 1.253959728147297170e+00 2.577985374199367019e+00 1.253959728147296948e+00 8.701893991093968550e-01
5.730754854086240968e+00 -6.624960592888389233e-01 2.669419830100471458e+00 -6.624960592888388122e-01 5.331277411305395120e+00 1.305590216543929927e+00 2.669419830100471902e+00 1.305590216543929705e+00 9.687402991086579984e-01
5.834154679947118893e+00 -5.031397489018164526e-01 2.757113733130777344e+00 -5.031397489018164526e-01 5.402967395167864950e+00 1.355867626014697569e+00 2.757113733130776900e+00 1.355867626014697569e+00 1.073369017109972567e+00
5.938417164310531682e+00 -3.482305541996436604e-01 2.840860264676185576e+00 -3.482305541996436604e-01 5.475545652363403626e+00 1.404864020678983971e+00 2.840860264676185576e+00 1.404864020678983971e+00 1.184594821595609915e+00
6.042250753567279808e+00 -1.983480843239658065e-01 2.920434181913355243e+00 -1.983480843239658065e-01 5.547794029679525174e+00 1.452378406980809222e+00 2.920434181913355243e+00 1.452378406980809222e+00 1.301226065172040647e+00
6.142906740233204488e+00 -5.413787392946844967e-02 2.995636941130887632e+00 -5.413787392946844967e-02 5.616922544184829391e+00 1.498196620810280155e+00 2.995636941130887632e+00 1.498196620810280377e+00 1.420619847732340624e+00
6.241695364581980598e+00 8.392110333279695356e-02 3.066408291806664632e+00 8.392110333279695356e-02 5.684177278073155648e+00 1.542371585640878173e+00 3.066408291806664188e+00 1.542371585640877951e+00 1.543967800807504842e+00
6.336878897754258944e+00 2.152621718262103800e-01 3.132549355561432769e+00 2.152621718262104078e-01 5.747960765385589532e+00 1.584749059616661127e+00 3.132549355561432769e+00 1.584749059616661349e+00 1.669678856411365375e+00
6.428049820779448531e+00 3.394255394981390284e-01 3.193894165365852800e+00 3.394255394981390839e-01 5.807941595089783249e+00 1.625241577091497414e+00 3.193894165365853244e+00 1.625241577091497636e+00 1.797173836391086743e+00
6.513842439088695535e+00 4.559122359348738440e-01 3.250203676386882901e+00 4.559122359348738440e-01 5.862696143819642991e+00 1.663734613927873918e+00 3.250203676386882901e+00 1.663734613927873918e+00 1.924988164178876859e+00
6.594175892356392232e+00 5.642218014455978592e-01 3.301425467207330211e+00 5.642218014455979702e-01 5.912345235252852937e+00 1.700074779005354531e+00 3.301425467207330211e+00 1.700074779005354531e+00 2.052982019744189923e+00
6.668155473422436863e+00 6.640020181334262972e-01 3.347274206402124364e+00 6.640020181334262972e-01 5.955886318335275931e+00 1.734094027502604218e+00 3.347274206402124364e+00 1.734094027502603996e+00 2.180090246506716678e+00
6.735672554886194874e+00 7.548527339639292677e-01 3.387650841357778386e+00 7.548527339639294897e-01 5.993334839867398678e+00 1.765645365239259856e+00 3.387650841357778830e+00 1.765645365239260078e+00 2.305986627017034607e+00
6.795910045265548760e+00 8.366211702629809954e-01 3.422229582665132774e+00 8.366211702629808844e-01 6.023816989791171750e+00 1.794653721977143457e+00 3.422229582665133218e+00 1.794653721977143457e+00 2.429659275384780770e+00
6.849512258241175822e+00 9.088465367410376583e-01 3.451038009512967797e+00 9.088465367410375473e-01 6.048226272098958134e+00 1.820946190774538564e+00 3.451038009512968241e+00 1.820946190774538787e+00 2.551720621079921258e+00
6.894911439505913009e+00 9.712356642991007982e-01 3.473638780075317900e+00 9.712356642991006872e-01 6.065041584499032190e+00 1.844160820665702971e+00 3.473638780075317900e+00 1.844160820665702749e+00 2.670333257896926771e+00
6.933367753585874205e+00 1.023614655017463626e+00 3.489912128329411889e+00 1.023614655017463404e+00 6.075665607101326415e+00 1.864283655357387381e+00 3.489912128329411889e+00 1.864283655357387604e+00 2.786369267617518020e+00
6.963597581768311784e+00 1.065877361460369155e+00 3.499566197819752311e+00 1.065877361460369599e+00 6.078752420798855027e+00 1.881126633131421366e+00 3.499566197819752311e+00 1.881126633131420922e+00 2.898503863594091179e+00
6.987033950197550247e+00 1.097869395883943389e+00 3.502548476487137297e+00 1.097869395883943389e+00 6.075957917234639183e+00 1.894556344256900893e+00 3.502548476487137297e+00 1.894556344256900893e+00 3.007941965213430713e+00
7.002185666920267337e+00 1.119589864972077686e+00 3.498626913356807755e+00 1.119589864972077242e+00 6.065950692479917805e+00 1.904405064947474413e+00 3.498626913356808199e+00 1.904405064947474413e+00 3.112985989378961538e+00
7.011330837521189352e+00 1.130916868651007379e+00 3.487756032511894588e+00 1.130916868651007379e+00 6.051372273996650009e+00 1.910472875505868640e+00 3.487756032511894588e+00 1.910472875505868418e+00 3.215506557179828917e+00
7.012763946008668370e+00 1.131964232526320169e+00 3.469644105016547186e+00 1.131964232526320169e+00 6.030406589775521908e+00 1.912551749891507225e+00 3.469644105016547631e+00 1.912551749891507225e+00 3.313586396196434247e+00
7.008664374457243440e+00 1.122510807656619480e+00 3.444324585387351423e+00 1.122510807656619480e+00 6.005487641526752185e+00 1.910608645589355392e+00 3.444324585387351423e+00 1.910608645589355392e+00 3.408929721835099791e+00
6.998328051695342999e+00 1.103002789014893237e+00 3.411646057265941057e+00 1.103002789014893237e+00 5.975888260076968272e+00 1.904349792229564908e+00 3.411646057265941057e+00 1.904349792229564908e+00 3.500637785276511593e+00
6.983485524992129712e+00 1.073466724922270021e+00 3.371635675792409526e+00 1.073466724922269799e+00 5.943352924137923488e+00 1.893682180395146464e+00 3.371635675792409526e+00 1.893682180395146464e+00 3.589922167315855894e+00
6.963221679417976873e+00 1.034173344284418761e+00 3.324287254240421596e+00 1.034173344284418761e+00 5.907358823608879206e+00 1.878525936654558803e+00 3.324287254240421596e+00 1.878525936654558803e+00 3.675537976888654690e+00
6.940146408999674499e+00 9.850953771017526561e-01 3.269588040817992258e+00 9.850953771017525451e-01 5.870628424936035650e+00 1.858781166557585518e+00 3.269588040817991814e+00 1.858781166557585518e+00 3.759695361302203942e+00
6.912755951055450154e+00 9.267535606926741165e-01 3.207498318308771079e+00 9.267535606926740055e-01 5.831403509996277990e+00 1.834414344063516999e+00 3.207498318308771079e+00 1.834414344063517222e+00 3.840769981228358443e+00
6.884795097133770803e+00 8.594254862375907411e-01 3.138305335888801562e+00 8.594254862375907411e-01 5.793781394203227464e+00 1.805254080466616395e+00 3.138305335888801562e+00 1.805254080466616395e+00 3.921883993000818247e+00
6.853271241089644583e+00 7.834249656745189139e-01 3.061982487369899086e+00 7.834249656745188028e-01 5.754610168977641216e+00 1.771300212540232177e+00 3.061982487369898642e+00 1.771300212540232177e+00 4.000015068260446505e+00
6.822988414918095046e+00 6.989629027704766795e-01 2.978942363549209826e+00 6.989629027704766795e-01 5.719064816177173327e+00 1.732581794816568266e+00 2.978942363549209826e+00 1.732581794816568266e+00 4.079170785251999831e+00
6.792559135153451777e+00 6.068719045484758379e-01 2.889298193699929573e+00 6.068719045484757268e-01 5.685683577262477861e+00 1.689099445259841348e+00 2.889298193699929129e+00 1.689099445259841126e+00 4.158146204834685555e+00
6.763090147030567323e+00 5.070062645486164143e-01 2.793276527810903964e+00 5.070062645486164143e-01 5.655436735305280571e+00 1.640814540074325478e+00 2.793276527810903964e+00 1.640814540074325478e+00 4.237480543677786926e+00
6.735148147993094803e+00 4.004627919144265191e-01 2.691316048357139223e+00 4.004627919144265746e-01 5.629182203369770043e+00 1.587862729288008534e+00 2.691316048357138779e+00 1.587862729288008756e+00 4.317719696395231566e+00
6.710588586231966524e+00 2.874083610073593364e-01 2.583922090653612003e+00 2.874083610073593364e-01 5.608692652670018042e+00 1.530353420231696182e+00 2.583922090653612447e+00 1.530353420231696182e+00 4.400341548407685544e+00
