3.633154152421248995e+01 -4.333074759113454633e+00 -9.816525365546116433e+00 -4.333074759113454633e+00 3.584090074360040035e+01 -4.074718420044845857e+00 -9.816525365546116433e+00 -4.074718420044845857e+00 -4.301559817587247636e+01
2.250718281396399689e+01 -6.520537921897391342e+00 -6.654141924513845119e+00 -6.520537921897391342e+00 1.198538072334096150e+01 -1.385791365506872985e+01 -6.654141924513845119e+00 -1.385791365506872985e+01 -4.211958349195192852e+01
8.319997325228678520e+00 -2.441094020631013883e+00 -4.868806776500814060e+00 -2.441094020631013883e+00 -4.321329685247966346e+00 -3.342341798293162025e+00 -4.868806776500814060e+00 -3.342341798293162025e+00 -1.123313785573369117e+01
-2.771336268963697691e+01 7.437273834819025931e-01 4.241276849681656635e+00 7.437273834819025931e-01 -5.598755643036620100e+00 5.563017034816313267e-01 4.241276849681656635e+00 5.563017034816313267e-01 -4.882197257037549365e-01
2.577975798063893720e+01 9.304810482453442777e-01 -1.169348895580470060e+00 9.304810482453442777e-01 3.625721065943732668e+01 -9.222624926053082817e+00 -1.169348895580470060e+00 -9.222624926053082817e+00 2.388796711532863881e+01
7.586599425016295584e+00 -1.326825669185462075e+00 1.536864335140875859e+01 -1.326825669185462075e+00 -7.506522963376810686e+00 -1.001157969295326389e+01 1.536864335140875859e+01 -1.001157969295326389e+01 -3.726614260875638962e+01
1.833427304553121218e+01 -5.569556033334223388e-02 -8.809615570632121972e+00 -5.569556033334223388e-02 8.953312505151803435e+00 4.769365334355541997e+00 -8.809615570632121972e+00 4.769365334355541997e+00 -1.906162460309753470e+01
1.850574092274050031e+01 -2.034401846002581848e+01 -5.081314210020592137e-01 -2.034401846002581848e+01 -4.064357831045133373e+00 -5.182881254604702725e+00 -5.081314210020592137e-01 -5.182881254604702725e+00 -6.199430903043843699e+01
-1.641588266571438837e+01 9.899055694849018261e-01 -4.856721707738185678e+00 9.899055694849018261e-01 -3.057705978182937301e+01 -2.721658419629864767e+00 -4.856721707738185678e+00 -2.721658419629864767e+00 -2.063271405272136505e+01
3.841473384844878325e+01 -1.208188691457698472e+00 -1.861111305293478901e+00 -1.208188691457698472e+00 4.452270082412070451e+01 -2.509419908585054593e+00 -1.861111305293478901e+00 -2.509419908585054593e+00 2.571119928715955893e+01
2.507929941210148428e+01 2.369582895166733927e+00 2.502911586472147842e+00 2.369582895166733927e+00 -7.935631474179442035e-01 5.614735499480270065e+00 2.502911586472147842e+00 5.614735499480270065e+00 -2.132936104552889844e+01
-9.184755727126320934e+00 1.891070324090961563e+01 1.960052725681736518e+01 1.891070324090961563e+01 -8.168042688391073725e+00 -2.659925703758273308e+00 1.960052725681736518e+01 -2.659925703758273308e+00 -1.235352224622993766e+01
-1.572477943613059992e+01 2.306620360907866818e+00 9.647291923539331293e+00 2.306620360907866818e+00 -1.896295768968816020e+00 5.284482284572979971e-01 9.647291923539331293e+00 5.284482284572979971e-01 -4.227742139031831670e+01
-8.907560860696293048e+00 -1.824797730513276983e+00 -2.795682445135500682e+00 -1.824797730513276983e+00 -2.569346821284194249e+01 -9.206009053701402323e+00 -2.795682445135500682e+00 -9.206009053701402323e+00 -5.808275796107032107e+01
2.917291393427802859e+01 7.503291795332831526e+00 -1.081710548006737049e+01 7.503291795332831526e+00 3.793895258608561960e+01 -3.198941318427219738e+00 -1.081710548006737049e+01 -3.198941318427219738e+00 2.205933232508348851e+01
-7.032548886416969403e+00 3.064503423440161800e+00 2.759858931235392276e+00 3.064503423440161800e+00 2.429752298679553058e-01 1.227839449763544799e+01 2.759858931235392276e+00 1.227839449763544799e+01 1.219407065466501194e+01
4.476217891180852781e+00 4.789477015685708494e+00 2.960617896244908120e+00 4.789477015685708494e+00 6.668160378842903135e+00 -7.011127613958483273e+00 2.960617896244908120e+00 -7.011127613958483273e+00 -2.492900914253733946e-01
-5.150725743071351559e+00 -4.273897581562176917e+00 3.629159671845924695e+00 -4.273897581562176917e+00 -2.230642346731065473e+01 -1.069501132101150809e+01 3.629159671845924695e+00 -1.069501132101150809e+01 -3.107000083922988765e+01
-1.895590483965800743e+01 1.191085602001022359e+01 -6.880659455933219704e+00 1.191085602001022359e+01 1.754814378464334013e+01 6.941591559723631732e+00 -6.880659455933219704e+00 6.941591559723631732e+00 -4.856492234666700369e+01
2.494821903933177509e+01 4.482158313863839005e+00 3.238759829053272199e+00 4.482158313863839005e+00 3.118599661617688312e+01 -1.985921420682879912e+00 3.238759829053272199e+00 -1.985921420682879912e+00 2.245885723515133847e+01
2.318916845878355204e+01 -2.273742660336481425e+00 6.321150336605341202e-02 -2.273742660336481425e+00 1.134519322055791513e+01 -5.952822164405140448e-01 6.321150336605341202e-02 -5.952822164405140448e-01 -1.053872384608703605e+01
-1.407204828167563093e+01 9.311932344385702720e+00 8.083460426761039486e+00 9.311932344385702720e+00 -1.443806166405491354e+01 -2.687150491563274901e+00 8.083460426761039486e+00 -2.687150491563274901e+00 -2.689902701564513166e+01
-1.242703212432327931e+01 -1.122097601717776882e+01 -2.720755302655682328e+00 -1.122097601717776882e+01 -1.070416077951339240e+01 -1.105369254285309744e+01 -2.720755302655682328e+00 -1.105369254285309744e+01 -2.062750909210719463e+00
2.395443495228241204e+01 3.177812687865392061e+00 3.872860897915864964e+00 3.177812687865392061e+00 3.528557730240398627e+01 -9.555864742326019012e+00 3.872860897915864964e+00 -9.555864742326019012e+00 2.689653569607289896e+01
1.803669598685699782e+01 2.080446168051442157e+01 -4.531991628240820802e+00 2.080446168051442157e+01 4.417998412209320769e+00 -5.376219380234739553e+00 -4.531991628240820802e+00 -5.376219380234739553e+00 -2.131269462165505146e+01
3.835362749224093193e+01 3.525566342752290083e+00 1.768741209808011527e+00 3.525566342752290083e+00 3.617054283284557670e+01 3.234607593918182200e+00 1.768741209808011527e+00 3.234607593918182200e+00 -1.551755252965469545e+01
9.821306301172301190e+00 -2.042573584178561386e-01 4.196393171932544242e+00 -2.042573584178561386e-01 -4.004167752417617798e+00 -5.621756850683966356e+00 4.196393171932544242e+00 -5.621756850683966356e+00 -1.477120056229487943e+01
1.287088895203031846e+01 4.432572407510417811e+00 2.539265150230778811e+00 4.432572407510417811e+00 2.438307359478032410e+01 -2.648822772163805239e-01 2.539265150230778811e+00 -2.648822772163805239e-01 -1.454707239934871765e+01
2.820953645360619788e+01 3.251844397806467502e+00 7.926350012544262080e-01 3.251844397806467502e+00 3.031940201216179531e+01 -4.945453994618194571e+00 7.926350012544262080e-01 -4.945453994618194571e+00 2.575030717822951232e+01
-2.493988988065441248e+01 5.255118799642489513e+00 9.562542199896832074e+00 5.255118799642489513e+00 -2.104461602917046292e+01 1.073654774450808702e+01 9.562542199896832074e+00 1.073654774450808702e+01 -6.937416060086312086e+01
1.151229478342739032e+00 4.560569472128134905e+00 -1.018469878579946641e+00 4.560569472128134905e+00 7.588433956987136852e+00 3.109493100670108201e-01 -1.018469878579946641e+00 3.109493100670108201e-01 6.281083543212354847e+00
-3.325062208691164645e-01 6.583932427296863565e+00 -1.433167655480666880e-01 6.583932427296863565e+00 -2.627157037508180082e+00 -7.335550532746394126e+00 -1.433167655480666880e-01 -7.335550532746394126e+00 -1.433060215093162348e+01
2.488262078534302191e+01 -4.469589523215702798e+00 -5.879096387124730150e+00 -4.469589523215702798e+00 9.553648630953464505e+00 -4.286276184332571404e+00 -5.879096387124730150e+00 -4.286276184332571404e+00 -3.028641568575810084e+01
-1.012624071850900620e+01 5.631480117234890947e+00 8.594395805284131384e+00 5.631480117234890947e+00 1.765994084763908178e+00 4.491590577356801006e+00 8.594395805284131384e+00 4.491590577356801006e+00 -7.422011747309549712e+00
-1.095622159464845602e+01 -2.115291023958353112e+00 6.323500566270708667e+00 -2.115291023958353112e+00 -1.153463900732008085e+01 -3.713678276535201106e-01 6.323500566270708667e+00 -3.713678276535201106e-01 -6.549773880800096038e+01
2.537315063684042471e+01 -2.085191159577549413e+00 6.725523317262394052e+00 -2.085191159577549413e+00 3.449195282186821743e+01 -5.057690528830812049e+00 6.725523317262394052e+00 -5.057690528830812049e+00 3.151001463687396154e+01
-5.207365165080759972e+00 3.298581883994156083e+00 -7.526976149250118375e+00 3.298581883994156083e+00 1.391975191697080660e+01 -1.333785064796204178e+00 -7.526976149250118375e+00 -1.333785064796204178e+00 2.109751319649622303e+01
-5.901030377140834560e+00 -2.201417385857661113e+00 5.456393775951356773e+00 -2.201417385857661113e+00 -4.171350192628537457e+00 -4.715669214153244582e+00 5.456393775951356773e+00 -4.715669214153244582e+00 -7.990186599444217386e+00
2.191702311210885767e+01 3.877637687599568839e+00 5.990576631628566240e+00 3.877637687599568839e+00 3.670157327576175987e+01 -2.682920789305843101e+00 5.990576631628566240e+00 -2.682920789305843101e+00 3.015542103062190193e+01
1.574716409869983735e+01 -7.096999012368665483e+00 6.168616403199872700e+00 -7.096999012368665483e+00 1.379466444572579942e+00 -3.283861721050671534e+00 6.168616403199872700e+00 -3.283861721050671534e+00 -4.646614461065593815e+01
3.422823428847475924e+01 1.065444672895090683e+01 8.621331122041619111e+00 1.065444672895090683e+01 2.002303144393609458e+01 -1.079006814577735796e+01 8.621331122041619111e+00 -1.079006814577735796e+01 -1.797616051805582416e+01
4.043133706021819762e+01 9.922568827279881765e-01 -1.401142269098717419e+00 9.922568827279881765e-01 3.758257603981918038e+01 -1.148617096518556480e+01 -1.401142269098717419e+00 -1.148617096518556480e+01 -1.563283936510168814e+01
9.267658956949568205e-01 1.612028534990673379e+01 -5.420486016628593084e+00 1.612028534990673379e+01 -5.460976977355983308e+00 3.862563422974785610e+00 -5.420486016628593084e+00 3.862563422974785610e+00 -2.588286725063319338e+01
8.443341301522176323e+00 4.810490351392082253e+00 1.759473350457891172e+01 4.810490351392082253e+00 4.872585116605620215e+00 -2.228849350348599501e+01 1.759473350457891172e+01 -2.228849350348599501e+01 -1.784158748157087615e+01
-3.797691639923294282e+00 1.034942330748176076e+01 3.288931835007407933e+00 1.034942330748176076e+01 9.018971062560135366e+00 1.063159488213572246e+01 3.288931835007407933e+00 1.063159488213572246e+01 9.104158202893177787e+00
4.179435638002117592e+00 9.599372419159289294e+00 -1.981896205452319393e+01 9.599372419159289294e+00 -6.145897941793451835e+00 7.064297367208567380e+00 -1.981896205452319393e+01 7.064297367208567380e+00 -2.775086973266168755e+01
4.701398704345680812e+01 -9.793084212634710628e-01 9.956729363702769842e-01 -9.793084212634710628e-01 4.716021253847604555e+01 -5.776313380827856392e+00 9.956729363702769842e-01 -5.776313380827856392e+00 4.082593276310945640e+01
1.366314626778167618e+00 5.036027625079976922e+00 -5.330190937366089621e+00 5.036027625079976922e+00 4.715489550895080484e+00 5.652528313101783830e+00 -5.330190937366089621e+00 5.652528313101783830e+00 -2.397219202345113231e+01
1.633664002047624564e+01 -2.732489952642622177e-01 -7.862214901902246034e+00 -2.732489952642622177e-01 7.836940426760087064e+00 -9.524961108773327689e-01 -7.862214901902246034e+00 -9.524961108773327689e-01 7.038155683383783057e+00
-3.020216130515505526e+01 1.707038811350926055e+00 4.460617095498905726e+00 1.707038811350926055e+00 -3.106911050289861009e+01 1.000339288557315065e+01 4.460617095498905726e+00 1.000339288557315065e+01 -3.855882020893272255e+01
-2.840101223957833199e+01 -1.778935456160315898e+00 5.770364053629251089e+00 -1.778935456160315898e+00 -2.776616979859250378e+01 6.933651712551202273e+00 5.770364053629251089e+00 6.933651712551202273e+00 1.977012826055563721e+00
3.476690196057699467e+01 -3.949889882198312385e+00 -1.023611521406738278e+00 -3.949889882198312385e+00 2.387125658223396485e+01 -6.596935245955501514e+00 -1.023611521406738278e+00 -6.596935245955501514e+00 -1.058589016742487621e+00
-1.782232726545354140e+01 2.867572149664544323e+00 1.095828659229438395e+00 2.867572149664544323e+00 9.671118397217089990e-01 1.007506660090337647e+01 1.095828659229438395e+00 1.007506660090337647e+01 1.257097995451499450e+01
4.049810984920082291e+00 -7.724779502044146540e+00 -8.883608051908902681e+00 -7.724779502044146540e+00 -1.272426342122476184e+00 -9.588038231158376945e+00 -8.883608051908902681e+00 -9.588038231158376945e+00 -4.593926693936952432e+01
1.847754070525854431e+01 -2.615367430531933657e+00 -9.111025541006642081e-01 -2.615367430531933657e+00 1.305296247432105083e+01 3.932047450622793150e+00 -9.111025541006642081e-01 3.932047450622793150e+00 1.288814229094554697e+01
-5.905534914918117551e+01 -6.804514130749838685e+00 1.157576734625665615e+01 -6.804514130749838685e+00 -3.769171262006640433e+01 8.630154776778546477e+00 1.157576734625665615e+01 8.630154776778546477e+00 -2.721556672010951061e+01
4.763904014661712871e+00 3.125755406432708128e+01 3.832905005890921979e-01 3.125755406432708128e+01 7.109268751093771321e+00 3.978737430084700044e+00 3.832905005890921979e-01 3.978737430084700044e+00 -2.745690134463130860e+01
-2.643552724298003298e+01 7.281725305712324570e+00 6.427381327086549412e+00 7.281725305712324570e+00 -3.892599417581539001e+01 7.186759940162954052e+00 6.427381327086549412e+00 7.186759940162954052e+00 -3.504385536648074861e+01
7.747423258028875104e+00 -8.481994384192960368e+00 -1.936624254319335936e+00 -8.481994384192960368e+00 -5.097455380142116965e+00 7.484668111103793819e+00 -1.936624254319335936e+00 7.484668111103793819e+00 -9.901700264469248225e+00
7.714564738109687347e+00 -8.900111008858809569e+00 4.298463685072681173e+00 -8.900111008858809569e+00 1.100376249274908247e+01 -5.948367839283291936e+00 4.298463685072681173e+00 -5.948367839283291936e+00 8.130089882918518640e+00
7.422170197714268447e+00 5.143507064068836288e-01 7.177328298394471950e+00 5.143507064068836288e-01 1.700903843111597524e+01 -2.577612867129238428e+00 7.177328298394471950e+00 -2.577612867129238428e+00 -3.144442059183731075e+01
-2.368180610353622839e+01 -3.438933389855640677e+00 1.683865901547880739e+01 -3.438933389855640677e+00 -2.676072856600038463e+01 -5.428701857809148379e+00 1.683865901547880739e+01 -5.428701857809148379e+00 -6.360490197770142373e+01
1.071593820477358783e+01 -1.648413554788655588e+01 4.923679133850558665e-01 -1.648413554788655588e+01 2.168824991675251557e+00 -1.599403277051203887e+01 4.923679133850558665e-01 -1.599403277051203887e+01 -4.136279392013636880e+01
-1.384219966323103890e+01 1.257243205237954520e+00 -2.728228389295655809e+00 1.257243205237954520e+00 -2.498424312044782436e+00 7.770476246164156109e+00 -2.728228389295655809e+00 7.770476246164156109e+00 1.566730164307666762e+01
1.547648256094181107e+01 -2.550181807242380416e-01 8.202902216008956415e+00 -2.550181807242380416e-01 1.582989961063848838e+01 -3.882369478028366294e-01 8.202902216008956415e+00 -3.882369478028366294e-01 -1.137889408786237944e+01
8.424490872990111345e-01 5.790171855370691567e+00 2.542020161382482435e+00 5.790171855370691567e+00 -1.226598232774996466e+00 -3.563562868716809273e+00 2.542020161382482435e+00 -3.563562868716809273e+00 -2.454504389556758071e+01
4.520335018814019890e+01 1.095892660390038920e+01 -3.068593758861764886e+00 1.095892660390038920e+01 3.742376909459308365e+01 7.615790467933276631e-01 -3.068593758861764886e+00 7.615790467933276631e-01 1.803744869565387532e+01
2.482488544949533971e+00 -1.707766316918119642e+00 -1.990687416013827038e+00 -1.707766316918119642e+00 -1.375737246754125387e+01 7.657560297461239784e+00 -1.990687416013827038e+00 7.657560297461239784e+00 -4.953353422335460721e+01
1.408317336420230603e+01 -3.386755329717853424e+00 1.212419361159862596e+01 -3.386755329717853424e+00 3.390891835837080315e+00 -2.560692884412675951e+00 1.212419361159862596e+01 -2.560692884412675951e+00 -3.523446935081176434e+01
3.787177452537607536e+01 2.687128572411628724e+00 1.376017441302994904e+01 2.687128572411628724e+00 3.036273860289868409e+01 4.612767962436737923e-01 1.376017441302994904e+01 4.612767962436737923e-01 -1.756798684321562121e+01
-3.613665037085455367e+01 -1.211064261592018809e+01 5.166665614292605291e+00 -1.211064261592018809e+01 -2.545975971123198534e+01 6.947631889191810295e+00 5.166665614292605291e+00 6.947631889191810295e+00 6.560436841861072566e+00
2.229978631854904947e+01 2.564127441320071199e+00 -9.390396772785800650e-01 2.564127441320071199e+00 3.170129951913822808e+01 -5.373141297275305206e+00 -9.390396772785800650e-01 -5.373141297275305206e+00 3.161628139766823509e+01
1.709562137016899186e+01 4.971701345212139245e+00 -1.111455078286843534e+00 4.971701345212139245e+00 9.506942157634345136e+00 1.328055443943383906e+01 -1.111455078286843534e+00 1.328055443943383906e+01 -2.751292750209928784e+01
5.230563241531088181e+01 5.125631795347982411e-01 -2.047515838010220524e+00 5.125631795347982411e-01 4.728704154844689356e+01 -3.064054983505621443e+00 -2.047515838010220524e+00 -3.064054983505621443e+00 3.443781971227838312e+01
4.790382262531743862e+01 9.060557267872221487e+00 2.718504927230517509e+00 9.060557267872221487e+00 4.057166744079837173e+01 -1.248891922419127809e+01 2.718504927230517509e+00 -1.248891922419127809e+01 9.025058810660635533e-01
2.902676500260915304e+01 1.432159071316478460e+00 3.655138568309484359e+00 1.432159071316478460e+00 1.003545187873555022e+01 -9.107276723414878816e+00 3.655138568309484359e+00 -9.107276723414878816e+00 -3.141375664070119456e+01
2.980746967369421085e+01 -1.703615877093437092e+00 6.215108926741115258e-01 -1.703615877093437092e+00 1.068489725397521184e+01 8.144730735015722090e+00 6.215108926741115258e-01 8.144730735015722090e+00 -3.150052391833161991e+01
1.368583635920968611e+01 -1.320771802088670732e+01 1.539495897094475829e+01 -1.320771802088670732e+01 -1.950616985654376023e+01 -9.620834688191383322e+00 1.539495897094475829e+01 -9.620834688191383322e+00 -8.952060739816944590e+01
-2.096330907836403767e+01 5.492792894135531512e+00 6.163386471622710694e+00 5.492792894135531512e+00 -2.171313838227815296e+01 -3.445740547438501888e+00 6.163386471622710694e+00 -3.445740547438501888e+00 -2.935497101810061693e+01
-3.771179997703241327e+01 -2.189572351422308660e+00 -1.292322583049899887e+00 -2.189572351422308660e+00 -2.261916031396815896e+01 1.477729724153652846e+01 -1.292322583049899887e+00 1.477729724153652846e+01 2.775265201984589325e+01
4.469822426946414140e+01 -5.471138047574661378e+00 4.195927752184940296e+00 -5.471138047574661378e+00 3.798060846856897399e+01 1.016395153783137495e+00 4.195927752184940296e+00 1.016395153783137495e+00 -9.760416252895867117e+00
-2.776898208915624622e+01 2.953746449823417830e-01 7.754498588903679490e+00 2.953746449823417830e-01 5.396529298689589638e+00 6.730438351382369788e+00 7.754498588903679490e+00 6.730438351382369788e+00 4.218225193514243898e+01
3.349718109322908788e+01 7.946951197322650318e-01 4.452313866793585539e+00 7.946951197322650318e-01 3.371664402449902553e+01 6.881855405272598425e+00 4.452313866793585539e+00 6.881855405272598425e+00 -3.042774843973576182e+01
-2.157938420080667274e+00 -1.479406592101353901e+01 -1.507538499622246420e+01 -1.479406592101353901e+01 -1.864086894579338605e+01 -9.661211793762635835e+00 -1.507538499622246420e+01 -9.661211793762635835e+00 -4.672543820160863959e+01
3.855895745523709284e+00 1.871321296125888267e+01 -3.915940239509644094e+00 1.871321296125888267e+01 9.246058216341392910e-01 3.221336584141340165e+00 -3.915940239509644094e+00 3.221336584141340165e+00 -5.026448722006919922e+01
2.474224578694732113e+00 1.616815838819624318e+01 1.578438470609263078e+01 1.616815838819624318e+01 1.214867265492752502e+01 -1.510379697587509717e+01 1.578438470609263078e+01 -1.510379697587509717e+01 9.936880083249364226e-01
-4.961431811459867447e+01 -9.101235514515741087e+00 -6.651534771291965242e+00 -9.101235514515741087e+00 -5.434197779893179359e+01 1.259328923520206533e+00 -6.651534771291965242e+00 1.259328923520206533e+00 -7.407766069171208301e+01
-1.678289109201329410e+01 -2.572157518542173449e+00 -1.202050135599679770e+00 -2.572157518542173449e+00 -7.860725679647048381e+00 -3.441387327541594932e+00 -1.202050135599679770e+00 -3.441387327541594932e+00 -8.590787138600040507e+00
-3.160614152398899535e+00 2.633181516704731218e-01 -6.080098868242109766e+00 2.633181516704731218e-01 -1.301023908723877121e+01 5.598867987804888591e-01 -6.080098868242109766e+00 5.598867987804888591e-01 -2.108425281655892292e+01
4.255104173725911920e+01 1.478890476008777100e+01 -1.144789023828387720e+01 1.478890476008777100e+01 4.877782413130355366e+01 3.905088305433573659e+00 -1.144789023828387720e+01 3.905088305433573659e+00 -2.014636043966472911e+01
-3.576181165555822616e+01 1.165520170608914796e+01 3.111519011953198799e+00 1.165520170608914796e+01 -2.086886281448592229e+01 3.164158615421387655e+00 3.111519011953198799e+00 3.164158615421387655e+00 -2.044994076908466951e+01
-5.211280953660738291e+00 -4.789751416405005457e+00 1.208090705171458445e+00 -4.789751416405005457e+00 -1.372150211048742996e+01 -1.194609459148905373e+01 1.208090705171458445e+00 -1.194609459148905373e+01 -4.107290721059776928e+01
-3.940664715911709948e+01 1.687141174406766808e+01 -4.158141600359372525e+00 1.687141174406766808e+01 -2.976424029312362052e+01 -1.725834180541194129e+01 -4.158141600359372525e+00 -1.725834180541194129e+01 -7.619710569247703802e+01
-8.916172865462717922e+00 -8.049655337685191370e+00 4.218995166911356343e+00 -8.049655337685191370e+00 3.866605955700939568e+00 -2.494132377773146558e+00 4.218995166911356343e+00 -2.494132377773146558e+00 2.715941365192991785e+00
-4.897898072048694651e+00 -7.879983756869087586e+00 -3.518747099875519257e+00 -7.879983756869087586e+00 -2.758574733827600767e+01 2.884407777363158232e+00 -3.518747099875519257e+00 2.884407777363158232e+00 -4.624852850660404613e+01
1.208685281688868329e+01 -2.828877698878633051e+00 -1.988901400360715055e+00 -2.828877698878633051e+00 1.529598143125581977e+01 -2.157373493361518513e+00 -1.988901400360715055e+00 -2.157373493361518513e+00 8.560116754904370850e+00
-8.487666901563367006e+00 1.812031719168337718e+00 2.953052667363559980e+00 1.812031719168337718e+00 -1.938002836058020151e+01 4.633535589382133502e+00 2.953052667363559980e+00 4.633535589382133502e+00 -5.059912471285119295e+01
-6.775962092228438038e-01 -9.089465481396587165e+00 -3.414618320359746662e+00 -9.089465481396587165e+00 -7.945177771649514220e+00 1.330725154038173663e+01 -3.414618320359746662e+00 1.330725154038173663e+01 -4.640617391089733701e+01
-3.168745946417485015e+01 7.562753052731071568e-01 1.362503194937086626e+01 7.562753052731071568e-01 -2.772520368314984651e+01 -3.200238736328409939e+00 1.362503194937086626e+01 -3.200238736328409939e+00 -3.155410503507097530e+01
-1.962794019965659587e+01 1.137740685512214434e+01 -1.464405618578038838e-02 1.137740685512214434e+01 -1.249699159664997339e+00 5.180144050663337829e+00 -1.464405618578038838e-02 5.180144050663337829e+00 2.713168321947372164e+01
