-2.893811803233264612e+01 2.658446851733815008e-01 -5.497575831172505367e+00 2.658446851733815008e-01 2.948981626989901983e+01 -9.312056288177019692e-01 -5.497575831172505367e+00 -9.312056288177019692e-01 -2.402209214077516464e+01
-1.346351009216465755e+01 1.004234775919661793e+01 -1.835109585425573897e+01 1.004234775919661793e+01 -9.479704398196952653e+00 1.021625223340801192e+01 -1.835109585425573897e+01 1.021625223340801192e+01 -6.707917214833205577e+00
-2.053034934531395095e+01 -2.794007007408282917e+01 -7.105460028818778362e+00 -2.794007007408282917e+01 -4.675584107042813464e+00 6.517148105585739870e+00 -7.105460028818778362e+00 6.517148105585739870e+00 -3.642447544913578383e+01
-3.310783287888226845e+00 2.006813762259891121e+01 4.998607166792234935e+00 2.006813762259891121e+01 -3.076511203750131429e+00 -1.068429314591944568e+01 4.998607166792234935e+00 -1.068429314591944568e+01 8.882521952861383241e+00
1.525998714494694575e+01 -1.127807266907552730e+01 1.851502564763586633e+01 -1.127807266907552730e+01 -2.586200046121614804e+01 -5.712033510930175417e+00 1.851502564763586633e+01 -5.712033510930175417e+00 1.331550243392739930e+01
-1.357219531709283444e+01 1.260047451686321018e+01 3.465657747708968728e+00 1.260047451686321018e+01 -4.718506731426867162e+00 6.550873640642016049e+00 3.465657747708968728e+00 6.550873640642016049e+00 -6.905180699687017309e+00
-2.006099712369195842e+01 2.284173889390307366e+01 -1.564351680288957214e+00 2.284173889390307366e+01 -6.178671613807533447e+01 -1.519497198894941503e+00 -1.564351680288957214e+00 -1.519497198894941503e+00 2.680888907436771440e+00
1.729690952752925170e+01 2.473122352932606738e+00 1.295889770223123705e+01 2.473122352932606738e+00 -3.430907760782982763e+01 -5.074596303049380808e+00 1.295889770223123705e+01 -5.074596303049380808e+00 3.149328894580292015e+01
-5.066742825177058762e+01 -1.300231270186527954e+00 2.081267622006971241e+00 -1.300231270186527954e+00 -3.621462687380873291e+01 1.627459003447667740e+01 2.081267622006971241e+00 1.627459003447667740e+01 -5.049700470084140846e+01
-2.707468804031819687e+01 4.676685080166955721e+00 8.388337167003683703e+00 4.676685080166955721e+00 -5.614821706852390548e+01 -8.453638910642586879e+00 8.388337167003683703e+00 -8.453638910642586879e+00 -2.150250263331027512e+01
5.131052748582447087e+00 8.514703104285840582e-03 4.018687161750737064e-02 8.514703104285840582e-03 3.997474109169408152e+00 -3.223660979649904501e+00 4.018687161750737064e-02 -3.223660979649904501e+00 1.197090041512756464e+01
-3.314521801122327105e+01 -5.509391591186961534e+00 -9.554489134059226174e+00 -5.509391591186961534e+00 -1.183472822031097493e+01 -1.102460769966664866e+00 -9.554489134059226174e+00 -1.102460769966664866e+00 -1.093988474659747645e+01
-3.777742982808224070e+01 -9.670379104858941588e+00 9.848098031502711791e+00 -9.670379104858941588e+00 -5.713244599159200732e+01 3.490195439528610333e+00 9.848098031502711791e+00 3.490195439528610333e+00 -1.167190441380536470e+01
-1.937261505752957902e+01 6.305663719675697720e+00 -1.173336422417471603e+00 6.305663719675697720e+00 -6.789225141029518795e+01 1.228811701695197733e+01 -1.173336422417471603e+00 1.228811701695197733e+01 -1.951947430572837305e+01
-1.458417528078175884e+01 6.197002996866603830e+00 -6.977972311096096725e-01 6.197002996866603830e+00 -4.069451573074228889e+01 -3.398704235768451376e+00 -6.977972311096096725e-01 -3.398704235768451376e+00 -2.001060637698932609e+01
-8.769449838692322530e+00 1.194461667295743990e+00 -1.250849452235983783e+01 1.194461667295743990e+00 -4.920118947543878818e+01 -5.753169913509897704e+00 -1.250849452235983783e+01 -5.753169913509897704e+00 -1.730340897565949376e+01
7.427047417623257708e+00 6.073886035046932363e+00 9.448374344574141048e+00 6.073886035046932363e+00 -5.618029824250066184e+01 1.500206896694544989e+00 9.448374344574141048e+00 1.500206896694544989e+00 2.304429313815537839e+01
-1.296710618673658644e+01 -6.464722608527583958e+00 8.528300349935518110e-01 -6.464722608527583958e+00 -3.177853463508553844e+01 -1.914252871101830733e+00 8.528300349935518110e-01 -1.914252871101830733e+00 1.344997257838914884e+01
-2.791600974420078263e+00 1.570508340968774874e+01 -7.316591786231956718e+00 1.570508340968774874e+01 -4.854142367410062064e+01 1.744020187948417089e+01 -7.316591786231956718e+00 1.744020187948417089e+01 -7.674824996476584005e+00
-1.228244674922617463e+01 -5.310794109583672373e+00 1.918039615469470327e+00 -5.310794109583672373e+00 -7.150924450599214310e+01 5.886830904022205324e+00 1.918039615469470327e+00 5.886830904022205324e+00 1.089907706690527611e+01
2.329375941645977832e+01 -1.031045835938040334e+01 -3.190669009736178729e+00 -1.031045835938040334e+01 7.866823095242145847e+00 -2.921959139706062025e+00 -3.190669009736178729e+00 -2.921959139706062025e+00 3.545575556135253947e+01
1.427939032895982052e+01 -4.629571106596057639e+00 2.060549284713792062e+00 -4.629571106596057639e+00 4.166691391158526159e+00 5.980166983294578742e+00 2.060549284713792062e+00 5.980166983294578742e+00 2.769681599782149917e+01
3.060895992205827199e+01 2.680844312939634833e+01 1.474875770487754778e+01 2.680844312939634833e+01 -2.527451752858328859e+01 -8.854762353405035924e+00 1.474875770487754778e+01 -8.854762353405035924e+00 8.681079501389705300e+00
4.690645050009254646e+01 -1.682362312878537480e+01 1.013081387357568453e+01 -1.682362312878537480e+01 -3.244122483214085406e+01 -1.022123353581183913e+01 1.013081387357568453e+01 -1.022123353581183913e+01 2.006593866258167935e+01
7.674502424746389551e+00 -7.108819619655064592e+00 1.043787811068335358e+01 -7.108819619655064592e+00 -4.282475684410499639e+00 -9.073392933762825407e+00 1.043787811068335358e+01 -9.073392933762825407e+00 9.167116809078171613e+00
-3.740076209472109525e+01 -3.638965495696464991e+00 6.036317744436764166e+00 -3.638965495696464991e+00 -4.413271593144028770e+01 -1.032586788182351434e+01 6.036317744436764166e+00 -1.032586788182351434e+01 -2.561560128712852702e+01
-2.480198227429812263e+01 -1.825738325135926488e+01 1.403522320028536008e+01 -1.825738325135926488e+01 -2.259385239229004583e+01 2.710711452705584446e+00 1.403522320028536008e+01 2.710711452705584446e+00 1.264716442282089659e+01
3.176704085088441332e+01 6.951017966614015720e+00 4.730821750032576212e+00 6.951017966614015720e+00 -1.655460959734845972e+01 -1.348529115428134872e+01 4.730821750032576212e+00 -1.348529115428134872e+01 2.841337408236829987e+01
-2.338202460675375072e+00 -1.980901351826975132e+00 -6.394766076096928487e+00 -1.980901351826975132e+00 -7.315735824700946921e+01 2.226679613136615998e+00 -6.394766076096928487e+00 2.226679613136615998e+00 -9.185540802593516574e+00
-1.557976953368384443e+01 -1.470963626018082238e+01 5.297947275776807352e+00 -1.470963626018082238e+01 -9.094340829378397828e+00 -1.228420168652974098e+01 5.297947275776807352e+00 -1.228420168652974098e+01 -6.951436474708624580e+00
-3.901078027277933846e-01 7.813234910717594683e-01 2.152856535930088189e+00 7.813234910717594683e-01 -4.813935421554555916e+01 1.493988155603243939e+01 2.152856535930088189e+00 1.493988155603243939e+01 5.042926574028427922e+00
-1.053454420833056737e+01 -2.917836055484649194e+00 -4.516471787211136402e+00 -2.917836055484649194e+00 -1.218847331622660590e+01 -1.420198806434623684e+01 -4.516471787211136402e+00 -1.420198806434623684e+01 9.061243046726435324e+00
-1.662585206040177965e+01 2.625343978276404866e-01 -1.650112853720588291e+01 2.625343978276404866e-01 -4.258141804975370981e+00 2.675146847886733070e+00 -1.650112853720588291e+01 2.675146847886733070e+00 3.952138957500658023e+00
1.035932228247702547e+01 -1.153749855282986303e+01 -2.019478374008644295e+01 -1.153749855282986303e+01 -1.246666222641083444e+01 1.066481294060993079e+01 -2.019478374008644295e+01 1.066481294060993079e+01 -1.008837638717582408e+01
6.459730267058841946e+01 5.555944678335510645e+00 1.452083269556255729e+01 5.555944678335510645e+00 4.330900093767696291e+01 1.351808027356399222e+01 1.452083269556255729e+01 1.351808027356399222e+01 1.076933402314054433e+02
-1.358772577660060854e+01 4.698622226058427387e+00 1.234952229222755982e+01 4.698622226058427387e+00 -1.543023352973090034e+01 -2.292746328579017145e+01 1.234952229222755982e+01 -2.292746328579017145e+01 -6.856363565121410986e+00
1.383508216056893225e+01 1.497468602008046012e+01 5.219299274753832485e+00 1.497468602008046012e+01 -5.902883836739177781e+01 -3.039641139967709016e+00 5.219299274753832485e+00 -3.039641139967709016e+00 -1.980638467976758221e+01
-2.783519049295390069e+00 -6.769990508718555233e+00 1.441378367681747719e+01 -6.769990508718555233e+00 1.918838987361546344e+01 -1.029004208995808511e+01 1.441378367681747719e+01 -1.029004208995808511e+01 1.543248701023124525e+01
-4.269911336037462490e+01 -3.523038594182946071e+00 5.810493464947915854e+00 -3.523038594182946071e+00 -2.762078739856847065e+01 6.086596741515374553e+00 5.810493464947915854e+00 6.086596741515374553e+00 -2.322817496148869409e+01
5.249410386686552954e+01 5.137073387590159079e+00 3.620311676674945467e+00 5.137073387590159079e+00 4.103831402644318160e+01 -3.552483369209615383e+00 3.620311676674945467e+00 -3.552483369209615383e+00 5.925138475074574274e+01
-1.203253962422162182e+01 -5.979510322588731164e+00 9.338230696934827435e+00 -5.979510322588731164e+00 -6.504370600125613855e+00 4.861916212451385944e-01 9.338230696934827435e+00 4.861916212451385944e-01 4.873278431132901822e+00
-3.431139463111875010e+00 1.074051372022078965e+01 -6.108291646059295310e+00 1.074051372022078965e+01 4.667028784321361479e-01 1.291405675149842835e+00 -6.108291646059295310e+00 1.291405675149842835e+00 1.982957111097670921e+00
-1.047947951461272176e+01 4.926870259213643521e+00 -1.380139806746710818e+01 4.926870259213643521e+00 -4.580980070550562289e+01 -8.536337478957113589e+00 -1.380139806746710818e+01 -8.536337478957113589e+00 -1.939528409493884054e+00
-4.857742719412968313e+01 -4.720847229117857147e+00 -7.987800547210404112e+00 -4.720847229117857147e+00 -2.585513869637969719e+01 5.084646583934346431e+00 -7.987800547210404112e+00 5.084646583934346431e+00 -4.610001559865494158e+01
-3.445332335628884124e+01 -7.154577870094485981e+00 2.791237929464733369e+00 -7.154577870094485981e+00 -3.434035031520966186e+01 -5.731041272846248091e+00 2.791237929464733369e+00 -5.731041272846248091e+00 -1.245634461465893317e+01
-2.055704824164634559e+01 -2.534942270744675952e+01 1.277571177909211819e+01 -2.534942270744675952e+01 -9.304633600533273707e+00 6.294635246122853189e+00 1.277571177909211819e+01 6.294635246122853189e+00 -3.364742017450588207e+01
-1.655175047313674819e+00 -2.089636757775177767e+00 -9.404617020644012726e-01 -2.089636757775177767e+00 -2.453305332043802167e+01 8.659159169462240513e+00 -9.404617020644012726e-01 8.659159169462240513e+00 1.106760735774975934e+01
-9.326917568881436083e+00 1.071933091188506282e+01 -9.373603057673388861e+00 1.071933091188506282e+01 -6.511403346821668947e+01 2.167613266694344620e+00 -9.373603057673388861e+00 2.167613266694344620e+00 1.064923098722171524e+01
-2.671719303342067775e+01 1.261580793105852694e+00 2.243520074453287805e+01 1.261580793105852694e+00 4.664741621221144552e-01 -5.139049346210093461e+00 2.243520074453287805e+01 -5.139049346210093461e+00 -3.787796018175833979e+01
-1.960293917714768241e+01 9.910303757402091351e-01 -4.353647272103251531e+00 9.910303757402091351e-01 -2.974918096943869550e+00 -6.520210387248559059e+00 -4.353647272103251531e+00 -6.520210387248559059e+00 -1.985815390045506135e+01
