4.333014909945503490e+01 -1.475858346876203875e+00 -3.554581290873961130e+00 -1.475858346876203875e+00 4.166295718543574367e+01 1.634121923136684273e+01 -3.554581290873961130e+00 1.634121923136684273e+01 -1.225724939566369853e+00
1.897322787146346279e+00 7.988365008172166881e+00 5.047159133327412839e+00 7.988365008172166881e+00 6.680667725310009963e+00 -1.008345879182120264e+01 5.047159133327412839e+00 -1.008345879182120264e+01 -5.924672360163534268e-01
5.564604408850581052e+00 -1.052593104634694754e+01 9.900431386883420615e+00 -1.052593104634694754e+01 6.124836732332980205e+00 2.055650787977650218e+00 9.900431386883420615e+00 2.055650787977650218e+00 -1.426036150920349321e+01
-1.997121025509017933e+00 -1.106228181852228687e+01 7.144856508341279167e+00 -1.106228181852228687e+01 4.849800193457012298e+00 1.207191610811834570e+00 7.144856508341279167e+00 1.207191610811834570e+00 -5.371921988758499111e+01
-1.049611593854559644e+01 -3.549836820536860782e-01 9.345240008280938371e-01 -3.549836820536860782e-01 5.314804082787320638e+00 -4.498674507052695226e+00 9.345240008280938371e-01 -4.498674507052695226e+00 -2.527543123923899415e+01
-3.685181092561591765e+00 1.050834122269984938e+01 -1.734604122030927797e+01 1.050834122269984938e+01 -8.075380375096141705e+00 -3.430726520883653485e+00 -1.734604122030927797e+01 -3.430726520883653485e+00 2.981533509053094733e+01
4.658291140559698107e+01 1.506632642341814687e+01 -8.617337404623425456e+00 1.506632642341814687e+01 3.257807793578144384e+01 6.598179953621605698e+00 -8.617337404623425456e+00 6.598179953621605698e+00 1.250822082803414048e+01
-4.057156982408273649e+01 6.699746571363144332e-01 1.496069245949840010e+01 6.699746571363144332e-01 -5.831308235177928623e+01 6.043474941521508548e+00 1.496069245949840010e+01 6.043474941521508548e+00 -7.484273111193303407e+01
-2.793318513891176025e+01 -8.996619962262059067e-01 -7.657441714461417526e+00 -8.996619962262059067e-01 -7.400413829848915270e+00 -9.215172375394566018e+00 -7.657441714461417526e+00 -9.215172375394566018e+00 1.878558991669871858e+01
-8.868631245463676205e-01 8.031140983485265394e+00 1.951426109558130451e+00 8.031140983485265394e+00 1.306433190358013618e+01 -1.155443418716126303e+01 1.951426109558130451e+00 -1.155443418716126303e+01 7.923262784879350207e+00
5.204778884823841167e+01 7.045136054660239289e+00 2.002855164878387662e+00 7.045136054660239289e+00 6.200616995613841453e+01 -6.465809393850561193e+00 2.002855164878387662e+00 -6.465809393850561193e+00 3.210024375348089620e+01
-5.344434871969093059e+00 6.628610165364904994e+00 -2.601654987033669642e+01 6.628610165364904994e+00 -2.876842439580768485e+01 3.847228388002799981e+00 -2.601654987033669642e+01 3.847228388002799981e+00 -4.987995939083867825e+01
-2.691505762175590455e+00 -1.203074600398724847e+01 1.136097880890938328e+01 -1.203074600398724847e+01 -4.080853691063779820e+00 8.824140694582148114e+00 1.136097880890938328e+01 8.824140694582148114e+00 -1.827034918662377194e+01
1.433858838719157269e+01 -2.428691970869815364e+00 -7.824738916940316535e+00 -2.428691970869815364e+00 2.235122078455912487e+01 -4.776707085961433563e+00 -7.824738916940316535e+00 -4.776707085961433563e+00 2.985777885825497968e+00
-6.742798009403534465e+00 1.725159947048620168e+01 -4.127967875303474976e+00 1.725159947048620168e+01 -2.784915334373702578e+01 -7.066432139259795520e+00 -4.127967875303474976e+00 -7.066432139259795520e+00 2.649158558396945029e+00
1.924993073365052487e-01 8.964432585320050606e+00 -2.824626577293682494e+00 8.964432585320050606e+00 9.143688556811920165e+00 -7.058797901042548339e+00 -2.824626577293682494e+00 -7.058797901042548339e+00 7.025932165643632210e+00
-1.187040267927942594e+01 -5.591277873597394477e-01 5.876865026315938323e+00 -5.591277873597394477e-01 4.878576548338403818e+00 3.328026727150356301e+00 5.876865026315938323e+00 3.328026727150356301e+00 1.017323115017533475e+01
1.188265922415076936e+01 1.571453693454866674e+01 6.500611329430492358e-01 1.571453693454866674e+01 -4.034750368090990746e-01 3.595514918415436689e+00 6.500611329430492358e-01 3.595514918415436689e+00 -2.157836332532387402e+01
1.879742706234917193e+01 -4.824585018769047551e+00 -4.791421751677330532e-01 -4.824585018769047551e+00 6.839071447105818713e+00 -4.694790266055476557e+00 -4.791421751677330532e-01 -4.694790266055476557e+00 -1.138390222406505181e+01
-9.170795467437191206e+00 6.501555217703445244e+00 1.005452395631241735e+01 6.501555217703445244e+00 1.017513647025601209e+01 3.478452632584911441e+00 1.005452395631241735e+01 3.478452632584911441e+00 1.895887762056134074e+00
1.889294781151017588e+01 1.031082488275045783e+01 -1.614549361462904287e+01 1.031082488275045783e+01 5.539825766594106859e+00 -9.762404276806323722e+00 -1.614549361462904287e+01 -9.762404276806323722e+00 3.388234255946338891e+01
6.892301018465128770e+00 4.346344733474119870e+00 1.166648902767012252e+01 4.346344733474119870e+00 4.097053935468353281e+00 -9.792412715175774496e-01 1.166648902767012252e+01 -9.792412715175774496e-01 -2.867973990008812635e+01
6.983093488812641247e+00 6.721372746157003419e+00 -1.261691315550806891e+01 6.721372746157003419e+00 2.362228756873065549e+01 -8.363836523667091072e+00 -1.261691315550806891e+01 -8.363836523667091072e+00 -2.933769090093873189e+01
-6.134047245442702412e+00 7.947016714181564190e+00 3.949823822047442867e+00 7.947016714181564190e+00 8.766580354507548023e+00 -1.862902418483122435e+00 3.949823822047442867e+00 -1.862902418483122435e+00 -2.063357398733144876e+01
2.340294224680712176e+01 -1.911937419098607815e+00 -8.985336251003516850e+00 -1.911937419098607815e+00 7.439593861920502427e+00 -1.554149306407955899e+00 -8.985336251003516850e+00 -1.554149306407955899e+00 -7.513015626995902529e+00
-3.519016480576426797e-01 1.889689392905532728e+00 -1.589135803958611426e+01 1.889689392905532728e+00 -1.217701351117710296e+01 -2.407591018181236109e+00 -1.589135803958611426e+01 -2.407591018181236109e+00 -2.907101704505096862e+01
-2.886100779349668244e+01 4.199727681815184077e+00 -1.154580855367854930e+01 4.199727681815184077e+00 -5.400320128754210458e+01 -1.548289159282947480e+01 -1.154580855367854930e+01 -1.548289159282947480e+01 -8.452864184983121731e+01
7.816303791197120177e+01 1.198048481897945372e+01 -2.827719586664336315e+00 1.198048481897945372e+01 6.467997900586247795e+01 -6.335668002161771284e+00 -2.827719586664336315e+00 -6.335668002161771284e+00 2.335258526093324960e+01
7.405804991008211324e+00 -4.122136650135525548e-01 8.525305519704101664e-01 -4.122136650135525548e-01 1.758239629437978024e+01 -1.700052138758643139e+01 8.525305519704101664e-01 -1.700052138758643139e+01 -1.250608260907360503e+01
4.699964009482603444e+01 3.706006344047413581e+00 1.776969782301847101e+00 3.706006344047413581e+00 4.638616401338912709e+01 -6.629018050972002030e-01 1.776969782301847101e+00 -6.629018050972002030e-01 -3.579921455836066357e+00
3.802198499184375891e+01 7.012132720481116799e+00 1.448553414752783652e+01 7.012132720481116799e+00 3.240251511248539629e+01 5.506443463747435096e+00 1.448553414752783652e+01 5.506443463747435096e+00 5.612257977625811023e+00
-2.398050760388696645e+01 4.018582864621345507e+00 1.645493442447693155e+01 4.018582864621345507e+00 -3.262109838525782379e+01 4.083787659166230100e+00 1.645493442447693155e+01 4.083787659166230100e+00 -6.826094304212818997e+01
1.046242496243121600e+01 -9.318771859522479772e+00 -1.056823415222482510e+01 -9.318771859522479772e+00 7.296394406261393684e+00 2.131241913246609609e+00 -1.056823415222482510e+01 2.131241913246609609e+00 -1.386096976396509417e+00
-5.778944925898456653e+00 8.540941141134591463e-01 1.767823231830435304e+01 8.540941141134591463e-01 -1.000917620663080676e+01 6.103166277909671145e+00 1.767823231830435304e+01 6.103166277909671145e+00 -3.296203162528544794e+01
2.492851247882382282e+01 2.544341277933553513e+01 -3.643403799617749961e+00 2.544341277933553513e+01 3.854823161682133303e+01 -4.628953277196912630e+00 -3.643403799617749961e+00 -4.628953277196912630e+00 2.786045356274564622e+00
5.593036729543784702e+01 -5.009545198792065612e+00 -1.106668457054905019e+01 -5.009545198792065612e+00 6.377708490919550854e+01 5.233339798550801447e+00 -1.106668457054905019e+01 5.233339798550801447e+00 1.322609708049914623e+01
-3.785767561882916965e+01 -1.724249167369391600e+01 1.912981682533564509e+01 -1.724249167369391600e+01 -3.132254627579446904e+01 3.596878518102861744e-01 1.912981682533564509e+01 3.596878518102861744e-01 -7.437141144918020075e+01
6.772428011877307252e-01 7.166581860048427011e+00 9.980305537431788387e-01 7.166581860048427011e+00 -1.441924604326534576e+00 -5.615384863622091549e-01 9.980305537431788387e-01 -5.615384863622091549e-01 -2.773360023303188626e+01
3.266437355161810530e+01 6.805252364347924576e+00 -3.172974812304588443e+00 6.805252364347924576e+00 4.854014998296292305e+01 4.153637818932216064e+00 -3.172974812304588443e+00 4.153637818932216064e+00 1.182360287565707102e+00
-2.758824404017890419e+00 2.061133010908147600e+00 -9.987277722669974267e+00 2.061133010908147600e+00 -5.040522679975034670e+00 -4.929219276762040636e+00 -9.987277722669974267e+00 -4.929219276762040636e+00 -5.659166307297950027e+01
1.715618533566962967e+01 1.210676006851145203e+01 7.704079086185194214e+00 1.210676006851145203e+01 6.892624074069341411e+00 -9.788928309312190379e+00 7.704079086185194214e+00 -9.788928309312190379e+00 -3.021095803691099135e+01
4.211602626675906436e+01 9.186059156681182003e+00 2.190831862716523748e+00 9.186059156681182003e+00 4.878790029257606875e+01 -3.158680938741001309e+00 2.190831862716523748e+00 -3.158680938741001309e+00 1.495013244652500894e+01
-1.723271507797691504e-01 -5.693387233345687193e+00 1.038750384762486867e+01 -5.693387233345687193e+00 -4.182682054495877821e+00 3.545315051246606508e+00 1.038750384762486867e+01 3.545315051246606508e+00 -8.025316079804159841e+00
3.405389170642663288e+01 -9.414958943953847248e-01 -1.056135994839150172e+01 -9.414958943953847248e-01 3.916284366393986716e+01 1.268360313230549075e+01 -1.056135994839150172e+01 1.268360313230549075e+01 3.842223058736805807e+00
-2.251038247975469631e+01 8.539580469275533936e-01 -1.353885158137865652e+01 8.539580469275533936e-01 -7.928716334599030802e+00 9.309266434100607057e+00 -1.353885158137865652e+01 9.309266434100607057e+00 -2.855314381162265391e+01
-1.505130334198056197e+01 8.928270731557367057e+00 5.335530707161916020e+00 8.928270731557367057e+00 7.250713209529570769e+00 1.232186640827597657e+00 5.335530707161916020e+00 1.232186640827597657e+00 5.294347941837632021e+00
7.974285312205658727e+00 5.396948301881592691e+00 -3.359623398967541164e+01 5.396948301881592691e+00 -1.283391940903186779e+01 -2.240744230127798275e-01 -3.359623398967541164e+01 -2.240744230127798275e-01 3.144995469415127687e+01
-2.236305789273168543e+01 2.301502102064063138e+00 9.257038223808439881e+00 2.301502102064063138e+00 -1.613317723227148903e+01 -1.316879461957622066e+00 9.257038223808439881e+00 -1.316879461957622066e+00 -7.746147773057388974e+01
3.013252726353933042e+01 -4.353031613618038698e+00 1.022224760084010420e+01 -4.353031613618038698e+00 1.863972818480428018e+01 -3.266920862622495925e+00 1.022224760084010420e+01 -3.266920862622495925e+00 -3.063829052083269389e+00
-5.797048014706824848e-01 5.153025393044818436e+00 9.239960209332750196e+00 5.153025393044818436e+00 8.459155780300047667e+00 -4.374910334472455808e+00 9.239960209332750196e+00 -4.374910334472455808e+00 2.591556140786046214e+01
2.022796893413837083e+01 4.019895879152119100e+00 -4.730942335191863357e+00 4.019895879152119100e+00 5.804681067350126789e+00 -5.486116651211701445e+00 -4.730942335191863357e+00 -5.486116651211701445e+00 -3.341353949440971860e+01
-1.023337834598655149e+01 -9.004602296146600793e+00 -1.038241816639739490e+01 -9.004602296146600793e+00 -1.697038903675124999e+01 4.365087729669829386e+00 -1.038241816639739490e+01 4.365087729669829386e+00 -7.505465714340630257e+00
-4.905636063320186935e+01 4.950390552589632343e+00 4.441978458042332711e-01 4.950390552589632343e+00 -4.652275433924843639e+01 7.804245755462090317e-01 4.441978458042332711e-01 7.804245755462090317e-01 -4.230730026373570496e+01
5.753873472570215597e+01 1.277000725033844653e+00 5.517075222621809161e+00 1.277000725033844653e+00 4.929118776849477257e+01 -1.281608356494334355e+00 5.517075222621809161e+00 -1.281608356494334355e+00 3.266265924748685734e+01
-3.671270629561075083e+00 1.269675045277302239e+00 6.434826537973946436e+00 1.269675045277302239e+00 -1.134634811963869794e+01 2.048492723046034136e+00 6.434826537973946436e+00 2.048492723046034136e+00 -6.216846368974929149e+00
-3.367848096349846543e+01 9.888355688253243514e+00 -7.488792380177916819e+00 9.888355688253243514e+00 -3.929890103640238408e+01 -5.883510093199049606e+00 -7.488792380177916819e+00 -5.883510093199049606e+00 -1.941178052929755182e+01
-8.319183828727449992e+00 1.690644246521085492e+01 -2.682414130175277966e-01 1.690644246521085492e+01 -3.856668839395533954e+00 1.439608297703861561e+00 -2.682414130175277966e-01 1.439608297703861561e+00 -6.711713788103455869e+00
5.919732857378852131e+00 1.956339055528414583e+00 5.655575925533410597e+00 1.956339055528414583e+00 -1.330357973741419952e+00 -1.249655140351448068e+01 5.655575925533410597e+00 -1.249655140351448068e+01 -3.612561979805470713e+01
-1.513370182505077999e+01 8.956167046703015444e+00 9.863887818871072355e+00 8.956167046703015444e+00 -2.244529051328288105e+01 2.405219819278996973e-01 9.863887818871072355e+00 2.405219819278996973e-01 -1.092746110359728107e+01
1.206384014266971327e+01 3.273709804124828704e+00 -3.806254920339912751e+00 3.273709804124828704e+00 1.375579961280149099e+01 -1.345091003631531779e+00 -3.806254920339912751e+00 -1.345091003631531779e+00 -6.874253784718720617e+00
3.003980552430844497e+01 1.006723559200844109e+00 -7.150209663955917172e+00 1.006723559200844109e+00 2.427703426269233944e+01 1.172943393561467751e+01 -7.150209663955917172e+00 1.172943393561467751e+01 -9.208315236694831540e+00
1.469001739089773473e+01 2.165824103530681555e+00 -3.495490524117772058e+00 2.165824103530681555e+00 2.885279328792039166e+01 -2.296594259846935770e+00 -3.495490524117772058e+00 -2.296594259846935770e+00 -6.201321779640120546e+00
1.353866309003746871e+01 4.320505778736807301e+00 2.919430812743749382e+00 4.320505778736807301e+00 1.953429429611682266e+01 -1.063924155845971598e+01 2.919430812743749382e+00 -1.063924155845971598e+01 -2.128107665440854390e+01
2.977008455986788249e+01 -3.098993319530420343e-01 -7.419875832945055372e+00 -3.098993319530420343e-01 1.444245773137077826e+01 6.794640338653831213e-01 -7.419875832945055372e+00 6.794640338653831213e-01 -8.713603865337304910e+00
-1.135230897577523912e+01 -1.063676225589330615e+00 -1.003630562100395807e+01 -1.063676225589330615e+00 -3.414687098573030255e+01 8.711465853219824140e+00 -1.003630562100395807e+01 8.711465853219824140e+00 2.123454362653369998e+01
-1.515040064189712332e+01 1.250001893652582829e+01 -7.709987194508879149e+00 1.250001893652582829e+01 -4.242345805747240739e+00 2.843328584215906396e+00 -7.709987194508879149e+00 2.843328584215906396e+00 2.187176360718918300e+00
-1.620737214144314109e+01 -5.307238652395494860e+00 1.468878874224697739e+01 -5.307238652395494860e+00 -3.684792502200523501e+01 1.544579434916989236e+01 1.468878874224697739e+01 1.544579434916989236e+01 -4.274545533695175692e+01
1.272171819305250118e+01 5.054475294347299474e+00 -1.252871551015875440e+01 5.054475294347299474e+00 1.069914980963189954e+01 -8.476632001492152568e+00 -1.252871551015875440e+01 -8.476632001492152568e+00 -3.165988396169668206e+01
-5.041957175180798778e+00 7.311294320456811491e+00 -4.389717542435212394e+00 7.311294320456811491e+00 5.206151820384287809e+00 -2.086964373292666508e+01 -4.389717542435212394e+00 -2.086964373292666508e+01 -4.486786909451058847e+01
-3.043486776683218764e+01 3.395294050726201718e+00 3.840891039272941399e+00 3.395294050726201718e+00 -5.700721473805685235e+01 2.694426174091534421e+01 3.840891039272941399e+00 2.694426174091534421e+01 -5.292284451656870914e+01
-8.441315755732915704e+00 1.922267033360628119e+01 -3.285344467125650425e+00 1.922267033360628119e+01 -1.468191565592808701e+01 8.363809397382240718e+00 -3.285344467125650425e+00 8.363809397382240718e+00 1.004531753920161918e+01
6.128321596196168564e+00 -1.316476930041936555e+00 -5.433596285676015603e-01 -1.316476930041936555e+00 -3.628860506416373255e+00 -9.383448574669152054e-01 -5.433596285676015603e-01 -9.383448574669152054e-01 -2.278628315470290744e+01
-1.267814653899987931e+01 -7.156496469155202433e+00 5.988745984785876608e+00 -7.156496469155202433e+00 -1.853412115713321029e+01 2.334894804480110775e+00 5.988745984785876608e+00 2.334894804480110775e+00 -5.313230829995390536e+01
3.104537600170662159e+00 -1.239005386122685870e+01 1.824881071794742837e+01 -1.239005386122685870e+01 -1.334130590220538437e+01 -7.714724690936321849e+00 1.824881071794742837e+01 -7.714724690936321849e+00 -5.148718301764515104e+01
-4.135128875178230601e+01 -1.152750333377793446e+01 2.894843760844038272e+00 -1.152750333377793446e+01 -2.918003731099820541e+01 1.346859616196742415e+01 2.894843760844038272e+00 1.346859616196742415e+01 -6.193864155140200012e+01
7.648812306803654870e+00 5.273884911551220966e-01 -2.760690793034597856e+00 5.273884911551220966e-01 6.922844634957694865e+00 -7.419724475844868827e+00 -2.760690793034597856e+00 -7.419724475844868827e+00 -6.639877767500788508e+00
4.689810408728811808e+01 9.720780316656455255e+00 -1.984249941123908290e+00 9.720780316656455255e+00 4.630042726502124850e+01 1.717775999023254840e+00 -1.984249941123908290e+00 1.717775999023254840e+00 7.170812144775547736e+00
-2.980637822100487710e+01 -1.472096917460628518e+01 3.631270891687793156e+00 -1.472096917460628518e+01 -3.371612879787083017e+01 1.005039740403477211e+00 3.631270891687793156e+00 1.005039740403477211e+00 -6.495892830019094788e+01
2.827931480823073329e+01 -6.415657048868637524e+00 4.005646768815615211e+00 -6.415657048868637524e+00 3.211744411888940931e+01 -3.810068147459402255e+00 4.005646768815615211e+00 -3.810068147459402255e+00 1.091921753759449309e+01
2.077905998695535328e-01 1.177448607608775788e+01 2.576688447884889044e+00 1.177448607608775788e+01 2.868497973350902086e+01 3.142959796966001473e+00 2.576688447884889044e+00 3.142959796966001473e+00 -2.631137034188467183e+01
7.818638815459320490e+00 -7.196884782993152818e+00 -2.350588646416030514e+01 -7.196884782993152818e+00 -5.141551334344143243e-01 1.566901630057716943e+01 -2.350588646416030514e+01 1.566901630057716943e+01 -2.635615760865955082e+01
-2.648822256883599735e+01 1.158057317089773797e+01 -3.555059537808650916e+00 1.158057317089773797e+01 -2.579598141270906808e+01 3.270862453647915835e+00 -3.555059537808650916e+00 3.270862453647915835e+00 -6.642786598262806308e+01
-3.164330066514771289e+01 3.936068719159611984e+00 -4.784010384513568859e+00 3.936068719159611984e+00 -2.526387620414466184e+01 -8.124966341956826099e+00 -4.784010384513568859e+00 -8.124966341956826099e+00 -2.462362655209101447e+01
1.649476363798971335e+01 2.431725249842804359e+00 -6.777382869827106582e-01 2.431725249842804359e+00 2.748880119787793674e+01 4.429917534343312369e+00 -6.777382869827106582e-01 4.429917534343312369e+00 -5.441381692699601480e+00
4.007876056787083030e+01 -1.596471541116176951e+01 -1.313616364145472026e+01 -1.596471541116176951e+01 1.463555432376665522e+01 -5.328687648233559671e+00 -1.313616364145472026e+01 -5.328687648233559671e+00 -6.188331726618078399e+00
1.067850014605179032e+00 4.957516700016848077e+00 -4.290020848940383491e-01 4.957516700016848077e+00 -6.987713250994138647e+00 -3.103128220885950750e+00 -4.290020848940383491e-01 -3.103128220885950750e+00 -3.736686641973721379e+01
4.468074358490077458e+01 8.609420556948702341e+00 1.182248816586917961e+01 8.609420556948702341e+00 4.394276461215600449e+01 -6.340570622495143915e+00 1.182248816586917961e+01 -6.340570622495143915e+00 1.518959183013357972e+01
-5.423021116511610273e+01 2.971124796220851128e+00 -4.771246111403530499e+00 2.971124796220851128e+00 -3.559165884823396908e+01 5.772366403221292908e-01 -4.771246111403530499e+00 5.772366403221292908e-01 -2.991236053708043841e+01
5.205023127329072707e+01 5.515553573233213491e+00 5.116266602149672771e+00 5.515553573233213491e+00 5.566489125321806597e+01 3.724735199742445491e-01 5.116266602149672771e+00 3.724735199742445491e-01 2.400342144308066850e+01
-1.072800939875340731e+01 7.140287019141905445e-01 -1.593738073330979832e+00 7.140287019141905445e-01 -1.465685433949290761e+01 -2.003788879500836284e+00 -1.593738073330979832e+00 -2.003788879500836284e+00 -2.689637922996552177e+01
1.217029661170312771e+01 -9.295062857072618812e+00 1.032415106349392353e+01 -9.295062857072618812e+00 1.024531933848599419e+00 -1.296789059693044521e+01 1.032415106349392353e+01 -1.296789059693044521e+01 -1.214778205759385799e+01
-1.414150321148870759e+01 -2.884684556276486678e+00 -5.824721029704250874e+00 -2.884684556276486678e+00 -1.510685669676228748e+01 -5.789762665139422282e+00 -5.824721029704250874e+00 -5.789762665139422282e+00 -1.058102264268231352e+01
8.698963283115615397e+00 1.558741638201884427e+01 5.193461785918044527e+00 1.558741638201884427e+01 1.970624613001482928e+01 6.570677954467821102e+00 5.193461785918044527e+00 6.570677954467821102e+00 -2.750270170804638781e+01
-1.548758552038846226e+01 5.561277615798469576e+00 -2.094466866561776541e+01 5.561277615798469576e+00 -2.256174195907635394e+01 -6.850889564692332456e+00 -2.094466866561776541e+01 -6.850889564692332456e+00 4.786317694890047103e-01
4.790261761798493723e+01 8.919239709143216288e+00 -3.718001016194378394e+00 8.919239709143216288e+00 5.071169262613636874e+01 -4.031180023182104222e+00 -3.718001016194378394e+00 -4.031180023182104222e+00 -4.137788402568963742e-01
1.606452406841219016e+01 -3.686603064320130407e+00 3.167405129699996991e+00 -3.686603064320130407e+00 1.523707562015175476e+01 4.365708278895209737e+00 3.167405129699996991e+00 4.365708278895209737e+00 -2.911378904596099826e+00
-9.732114830585331333e+00 -2.703945040350847151e+00 -1.785506290696998510e+00 -2.703945040350847151e+00 2.119747191909151063e+00 5.481960667337081539e+00 -1.785506290696998510e+00 5.481960667337081539e+00 1.057406154624597505e+01
3.452862710750094521e+01 -3.453224220470333172e+00 5.824946667863438066e+00 -3.453224220470333172e+00 2.589407336400239013e-01 -3.175545119100743885e-01 5.824946667863438066e+00 -3.175545119100743885e-01 -2.776005806382931596e+01
-2.615390991542850330e+01 5.297479613724222602e+00 1.723477940842188083e+00 5.297479613724222602e+00 -1.726293192118505360e+01 5.723192973975766762e+00 1.723477940842188083e+00 5.723192973975766762e+00 -3.312122685353828899e+01
7.484749427999627613e+00 1.834915044492073433e+00 -7.194515279552633480e+00 1.834915044492073433e+00 -5.807576684924784516e+00 -7.274565480404134865e-01 -7.194515279552633480e+00 -7.274565480404134865e-01 7.119682114731601175e+00
