-4.140908271030847132e+00 -2.019042197052617560e+00 5.937591165537376980e+00 -2.019042197052617560e+00 1.107631140813454351e+01 1.350682579886700019e+01 5.937591165537376980e+00 1.350682579886700019e+01 4.860778476330280817e+00
-2.195666254000834527e+01 -5.066853210095711546e+00 -1.716739532829352655e+01 -5.066853210095711546e+00 -2.507201296828029058e+01 6.158060431793647815e+00 -1.716739532829352655e+01 6.158060431793647815e+00 -2.803572320537830720e+01
3.115786849031167538e+00 -3.084893738690113629e+00 8.776159517792079257e-01 -3.084893738690113629e+00 6.486630571945986468e+00 1.789319165805773215e+00 8.776159517792079257e-01 1.789319165805773215e+00 -1.169669771583289553e+01
-1.544284175874362930e+01 2.131408856703781396e+01 -3.672354297077001117e+00 2.131408856703781396e+01 -6.421552231367920749e-01 1.844412987255621639e+00 -3.672354297077001117e+00 1.844412987255621639e+00 -4.223817031998744653e+01
-2.299193664233150969e+01 1.259191299932021479e+01 -7.746383806248371862e+00 1.259191299932021479e+01 -2.780691578782554885e+01 -2.973613306441180715e+00 -7.746383806248371862e+00 -2.973613306441180715e+00 -1.352033550727238165e+01
-1.400805952372710728e+01 -3.265929666032381107e+00 -8.146905643560615751e-01 -3.265929666032381107e+00 -5.864174587818909146e+01 -7.412323133331425673e+00 -8.146905643560615751e-01 -7.412323133331425673e+00 -1.528247455809255761e+01
9.093874088339019224e+00 4.368475954506314984e+00 -7.004590719940468446e+00 4.368475954506314984e+00 1.974565935050706500e+01 -1.191253856059566019e+00 -7.004590719940468446e+00 -1.191253856059566019e+00 -1.145244929139643020e+01
-1.018063072567507277e+01 4.500629492631442297e+00 6.324458864324353335e+00 4.500629492631442297e+00 -7.513800411827294568e+01 1.660974717819912350e+00 6.324458864324353335e+00 1.660974717819912350e+00 -2.060722849070550211e+01
2.654576426345293072e+01 5.801609834292950296e+00 6.960614502453493779e-01 5.801609834292950296e+00 6.649978832762663217e+00 4.931183582778836616e+00 6.960614502453493779e-01 4.931183582778836616e+00 5.095587505848972398e+01
2.446416790318286871e+01 -3.366060305282996712e+00 -4.771605347405078135e+00 -3.366060305282996712e+00 -3.104711810165230457e+00 -9.451962949757618304e+00 -4.771605347405078135e+00 -9.451962949757618304e+00 1.888165232423720497e+01
1.604019551952757183e+01 -5.710719617747910704e+00 9.644313687408097024e+00 -5.710719617747910704e+00 2.044731244784411928e+01 1.504755075378370055e-01 9.644313687408097024e+00 1.504755075378370055e-01 2.227777887568767312e+01
-8.828161264495392402e+00 -2.156629342120259807e+00 1.871431120358221989e+01 -2.156629342120259807e+00 -4.909886210560065223e+01 -2.621606622815794707e-01 1.871431120358221989e+01 -2.621606622815794707e-01 -1.534532287490351088e+01
3.428904130945027440e+00 2.090016741670496780e-01 1.093000577504911419e+01 2.090016741670496780e-01 1.946369331573802430e+00 1.229492871947897825e+01 1.093000577504911419e+01 1.229492871947897825e+01 1.646322109984772020e+00
1.012347602274662783e+01 -4.173685804425884882e+00 -3.826267257713405479e-01 -4.173685804425884882e+00 1.403749204944478635e+01 -3.544367975254629766e+00 -3.826267257713405479e-01 -3.544367975254629766e+00 5.723994299132748154e+00
2.459966618629839630e+01 8.122076106090020176e+00 -3.960202945144696063e+00 8.122076106090020176e+00 2.264249375805667697e+01 -1.055843820405013567e+00 -3.960202945144696063e+00 -1.055843820405013567e+00 2.329064032447325872e+01
-7.262736737652051744e+00 1.656830873985506258e+01 -2.689535464032442924e+00 1.656830873985506258e+01 1.298102125826271980e+01 6.143535846467927719e+00 -2.689535464032442924e+00 6.143535846467927719e+00 -1.182789197457515762e+01
-2.944144388252878741e+01 -9.373591576732023256e+00 -7.171309144887936249e+00 -9.373591576732023256e+00 1.704172460841230219e+01 1.156213778300376749e+00 -7.171309144887936249e+00 1.156213778300376749e+00 -4.417211236843890276e+01
-1.341341856675756716e+01 1.289174625884384717e+01 1.661816642411560707e+01 1.289174625884384717e+01 -7.209024741001263692e+01 7.169274737068080050e+00 1.661816642411560707e+01 7.169274737068080050e+00 -3.352542244677434979e+01
5.212857126503082128e+01 4.683534964465638772e+00 1.969614263666906284e+00 4.683534964465638772e+00 6.054423149069834409e+01 1.702893381039354059e+00 1.969614263666906284e+00 1.702893381039354059e+00 6.259466281313275005e+01
6.472944250069160077e+00 -8.377506217734918437e+00 5.682870759212812928e+00 -8.377506217734918437e+00 -3.641372693782358994e+01 1.198201462102904102e+01 5.682870759212812928e+00 1.198201462102904102e+01 -1.215943243920449746e+01
-1.327316352033245472e+01 5.265275303897440473e+00 7.526307981018816484e+00 5.265275303897440473e+00 2.997908319024258006e+01 -9.735682860572437036e+00 7.526307981018816484e+00 -9.735682860572437036e+00 -3.367480534461861907e+01
-1.291479556436306098e+01 -2.040343622377656274e+01 -6.219489426116467712e+00 -2.040343622377656274e+01 -3.842037045122246752e+01 -2.489483902660386827e-01 -6.219489426116467712e+00 -2.489483902660386827e-01 6.958835843525428722e+00
5.335200788298076446e+01 8.663549688587682596e+00 2.656516359119847626e-01 8.663549688587682596e+00 3.163044249598976876e+01 5.741737140964589869e+00 2.656516359119847626e-01 5.741737140964589869e+00 5.662599911709426692e+01
3.340732043797890327e+01 -8.171199138941263485e+00 -1.461595352801417613e+00 -8.171199138941263485e+00 5.742651381460295568e+01 -3.018979923307767876e+01 -1.461595352801417613e+00 -3.018979923307767876e+01 5.216964616114950815e+01
-2.083100250317691859e+00 3.131397608864766369e+00 2.887317723093184796e+00 3.131397608864766369e+00 -3.125043780941193106e+01 8.885974504544110530e+00 2.887317723093184796e+00 8.885974504544110530e+00 -2.987793625285976695e+00
2.442948371292064635e+01 -3.145271741087098061e+00 -2.217573452195894745e+00 -3.145271741087098061e+00 2.322373229037928866e+01 -5.777198229847935629e+00 -2.217573452195894745e+00 -5.777198229847935629e+00 2.129284141365951655e+01
1.727450493136636567e+01 -1.380873803176254810e+01 3.524530039834709694e+00 -1.380873803176254810e+01 -1.721084730149223674e+01 -6.884359405755342998e+00 3.524530039834709694e+00 -6.884359405755342998e+00 1.557829723131264821e+01
-7.445069815000855407e-01 -8.316204554519003977e+00 6.579372061225633672e+00 -8.316204554519003977e+00 -2.677045036838616809e+01 -6.892852096159910680e+00 6.579372061225633672e+00 -6.892852096159910680e+00 1.714311130098096925e+01
-3.380444645847555662e+00 -1.130600664238390429e+01 -8.881946989496201539e+00 -1.130600664238390429e+01 -3.592302480263636255e+01 -2.138408772063609220e+01 -8.881946989496201539e+00 -2.138408772063609220e+01 -4.156416316964736346e+00
-7.758579568137643712e+00 -8.618643440051245719e+00 -5.517726626887844432e+00 -8.618643440051245719e+00 -1.660743294802929881e+01 -1.573348365001380955e+01 -5.517726626887844432e+00 -1.573348365001380955e+01 -5.296443032398646666e-01
-2.341936366999503250e+01 1.393434046210482258e+01 7.889164347983596004e-01 1.393434046210482258e+01 -5.776496229026693641e+01 4.382102070934290161e+00 7.889164347983596004e-01 4.382102070934290161e+00 -5.553710574073515538e+00
2.344283526315786048e+01 8.235888550138477981e+00 -9.522997063999834921e+00 8.235888550138477981e+00 7.951104387574331467e-02 -1.518985542632120600e+00 -9.522997063999834921e+00 -1.518985542632120600e+00 4.132937590949203610e+01
-1.878259299264998816e+01 -2.790747170267677379e+00 -5.348543330231871451e+00 -2.790747170267677379e+00 -6.185979592069725186e+01 8.693448395751895319e+00 -5.348543330231871451e+00 8.693448395751895319e+00 -2.897280910716717983e+01
-2.832777111008191895e+01 5.723148196359496787e+00 4.612226021647886087e-01 5.723148196359496787e+00 -4.839974344276634355e+01 -4.123370983998116301e+00 4.612226021647886087e-01 -4.123370983998116301e+00 -3.730768929954363955e+01
-9.950782052300484182e+00 -4.408146581604361458e+00 2.001085581094641519e+00 -4.408146581604361458e+00 1.911297458291767271e+01 4.131450011999844740e+00 2.001085581094641519e+00 4.131450011999844740e+00 2.232136243166301171e+01
2.972239353166727938e+00 -2.692141355332323682e-01 4.676233422560994057e+00 -2.692141355332323682e-01 2.705505868073031905e+01 -2.327555761820865765e+00 4.676233422560994057e+00 -2.327555761820865765e+00 8.389153256239636036e+00
2.489682594388577996e+01 -5.089663574592334427e+00 -9.839486330546842741e-01 -5.089663574592334427e+00 1.326806591487712517e+01 6.798715978521779668e+00 -9.839486330546842741e-01 6.798715978521779668e+00 1.491957777821579967e+01
-2.392169879585741299e+01 -9.534156035579686161e+00 1.079956182086603489e+00 -9.534156035579686161e+00 -3.789264456432210437e+01 1.312578870788362551e+01 1.079956182086603489e+00 1.312578870788362551e+01 -2.720552690267406248e+01
0.000000000000000000e+00 -2.655599000874693516e+01 -5.617528731150660093e+00 -2.655599000874693516e+01 2.009310084230937488e+00 -7.661408289590366572e+00 -5.617528731150660093e+00 -7.661408289590366572e+00 -1.065250154727306686e+01
4.071194783531394279e+01 -8.728625585093343631e-01 -3.430920667018682924e+00 -8.728625585093343631e-01 4.949770214486944298e+01 -3.005530246882087031e+00 -3.430920667018682924e+00 -3.005530246882087031e+00 3.045637109478590077e+01
-3.688657047645786946e+01 -1.168119222228542320e+01 2.243453104302876255e+00 -1.168119222228542320e+01 -2.259595754232645692e+00 1.311854097656209106e+01 2.243453104302876255e+00 1.311854097656209106e+01 -7.217912369099896353e+01
-3.219764361539800035e+01 4.555294825366836164e+00 -3.192311010024394324e+00 4.555294825366836164e+00 5.491916294829179535e+00 -4.185184270685328833e+00 -3.192311010024394324e+00 -4.185184270685328833e+00 -4.482383177251605133e+01
1.507813794051407896e+01 -4.658380594320895018e-01 5.018544679042399537e+00 -4.658380594320895018e-01 -4.592891331735604155e+01 -4.067464387999791597e+00 5.018544679042399537e+00 -4.067464387999791597e+00 3.794600929772034892e+00
-1.960385476216758960e+01 9.027649010821360065e+00 -6.954493928066148634e+00 9.027649010821360065e+00 -2.210517989142957873e+01 -4.200494698827506035e+00 -6.954493928066148634e+00 -4.200494698827506035e+00 -1.708649021546590419e+01
6.001974458647789668e+00 -6.807742544627241266e+00 -8.719829145245451940e+00 -6.807742544627241266e+00 -1.203016057356174784e+01 1.244131881926440464e+01 -8.719829145245451940e+00 1.244131881926440464e+01 -1.272976014134767464e+00
2.739369120823920056e+01 4.962285668246908976e+00 -5.582934017455893461e+00 4.962285668246908976e+00 -2.908969463143985745e+00 -6.893596487290773567e+00 -5.582934017455893461e+00 -6.893596487290773567e+00 4.594576957748339652e+01
-1.093654941957092497e+01 -2.237333171986830571e+00 -1.409611305501843548e+00 -2.237333171986830571e+00 -2.979025217017672311e+00 2.535049755628914880e+00 -1.409611305501843548e+00 2.535049755628914880e+00 -1.829086080642287371e+01
-5.222310000059493085e+00 1.346147010736501670e+01 -5.145859017527691037e+00 1.346147010736501670e+01 -4.092215075141426439e+01 -4.595016290825642002e+00 -5.145859017527691037e+00 -4.595016290825642002e+00 -2.967125596902401341e+01
3.895333163891856287e+01 8.326921519011053263e+00 -3.033766286335985995e+00 8.326921519011053263e+00 3.737836902852787802e+01 -4.063335931548182955e+00 -3.033766286335985995e+00 -4.063335931548182955e+00 4.282380493741639782e+01
6.982243007984544114e+00 -2.383703783347034921e+00 -6.708041306544626714e+00 -2.383703783347034921e+00 4.356502334749929872e+01 -1.193129406673747717e+01 -6.708041306544626714e+00 -1.193129406673747717e+01 -2.103869995345375798e+01
4.490958324936750401e+00 -6.356624983945724061e+00 2.729649118530920404e+00 -6.356624983945724061e+00 6.601211151892899309e+00 -1.701362425178402660e+01 2.729649118530920404e+00 -1.701362425178402660e+01 -5.995142261077682555e+00
-1.773028584796178109e+01 -3.010101749012189298e+00 2.218276341307977351e+00 -3.010101749012189298e+00 2.415434261625068046e+01 7.468660519261450581e+00 2.218276341307977351e+00 7.468660519261450581e+00 -3.926111344619518917e+01
-2.147122815540006613e+01 1.009463830123091732e+01 7.902252723071198304e+00 1.009463830123091732e+01 -3.095959710139690557e+01 3.404304852656891422e-01 7.902252723071198304e+00 3.404304852656891422e-01 -2.744897254678912546e+01
1.167416804351534765e+01 -2.841206395752855496e+00 -1.080278151167547662e+01 -2.841206395752855496e+00 1.273136722374854557e+01 -4.394030274956181259e+00 -1.080278151167547662e+01 -4.394030274956181259e+00 -6.082282550028299539e+00
-1.344303326739529503e+01 2.257860215294860140e+00 -6.280058868094937630e+00 2.257860215294860140e+00 -8.189746886946997151e+00 -3.780156272076529156e+00 -6.280058868094937630e+00 -3.780156272076529156e+00 -1.428036793991740083e+01
-3.936366111521680011e+01 -8.760266994222494219e+00 -1.692661405580587441e+01 -8.760266994222494219e+00 -6.000954902832938842e+01 4.673437748487373256e+00 -1.692661405580587441e+01 4.673437748487373256e+00 -1.485660262066185489e+01
-1.876526268464622760e+01 1.694489004482534922e+00 -1.052073732060951894e+00 1.694489004482534922e+00 -3.953193108572173031e+01 -5.078960667473392476e+00 -1.052073732060951894e+00 -5.078960667473392476e+00 -2.292389224029333761e+01
-2.602267078387007970e+01 1.098655810128655830e+01 8.093186813017966941e+00 1.098655810128655830e+01 -5.144356422439064858e+01 -1.047345313696300018e+00 8.093186813017966941e+00 -1.047345313696300018e+00 -1.674067593459721337e+01
-1.205424793859735821e+01 1.886244450378189441e+01 1.952269687674101473e+00 1.886244450378189441e+01 -4.833493471111078854e+00 -2.237949776859572637e+00 1.952269687674101473e+00 -2.237949776859572637e+00 -5.370034093395540609e+00
-1.224989488851938901e+01 6.720007181844838584e+00 -2.397963596805148700e+00 6.720007181844838584e+00 -1.452179491309480142e+01 -1.042569909033308484e+01 -2.397963596805148700e+00 -1.042569909033308484e+01 -1.071062801235642681e+01
4.786610675642361201e+00 -2.656096885910971039e+01 -1.289772713502016221e-01 -2.656096885910971039e+01 2.767853817115846837e+01 -3.415357923122847694e+00 -1.289772713502016221e-01 -3.415357923122847694e+00 -1.529586160852812959e+01
-1.218947689328776463e+01 3.925891321111238952e+00 -6.459452479051999596e+00 3.925891321111238952e+00 -3.592321400072306048e+00 7.272533751861395501e+00 -6.459452479051999596e+00 7.272533751861395501e+00 -2.064399595520952957e+01
-1.625539518946542827e+01 -1.861420238303131303e+00 2.241320901342882088e+00 -1.861420238303131303e+00 3.081017593281949729e+01 -1.923788600388349090e+00 2.241320901342882088e+00 -1.923788600388349090e+00 -5.256163289583778919e+01
2.599457870903297163e+00 -8.885693335632090850e+00 1.659116702354324957e+01 -8.885693335632090850e+00 -5.424269718086073055e+01 9.574316645457924269e-01 1.659116702354324957e+01 9.574316645457924269e-01 1.501300906423397530e+00
-4.949652269954744810e+01 -1.733804902233209821e+00 1.485854362595328126e+01 -1.733804902233209821e+00 -7.150217815029488122e+01 7.797792748224804393e-01 1.485854362595328126e+01 7.797792748224804393e-01 -1.432943638704838740e+01
2.701355477256696247e+01 5.020681190548802242e+00 -7.370832615129501164e+00 5.020681190548802242e+00 4.255655448606401592e+01 5.703275878167863855e-01 -7.370832615129501164e+00 5.703275878167863855e-01 2.966222746425545154e+01
-1.138460679076347937e+01 9.322027477188184363e+00 -5.211673299040993967e+00 9.322027477188184363e+00 -1.695809415673539178e+01 -2.067986596906837349e+01 -5.211673299040993967e+00 -2.067986596906837349e+01 4.950417890367645235e+00
4.099799733472767116e+01 2.356652542376917570e+00 -2.216285021263031840e+00 2.356652542376917570e+00 4.908821348823470210e+00 3.292445058729358554e-01 -2.216285021263031840e+00 3.292445058729358554e-01 6.508159986811368469e+01
2.557142425978194566e+01 3.808267667064301865e+00 1.564925901651761109e+01 3.808267667064301865e+00 -3.148081902902037488e+00 1.567783002851329988e+00 1.564925901651761109e+01 1.567783002851329988e+00 4.432398608033270904e+01
2.365889052111686652e+01 2.709408487946049604e+00 3.277742640505201255e-01 2.709408487946049604e+00 3.909638012612617786e+00 -1.621843313429534561e+01 3.277742640505201255e-01 -1.621843313429534561e+01 2.113356744536662291e+01
-4.103739843172927948e+00 -4.330865757515446113e+00 2.311278263406403255e+01 -4.330865757515446113e+00 -3.308531868935524045e+01 1.327860187576397877e+01 2.311278263406403255e+01 1.327860187576397877e+01 4.001776579276607571e+00
3.924981827180906890e+01 -1.776185509256322792e+00 1.184489427943370465e+01 -1.776185509256322792e+00 1.680261313042961113e+00 2.109931953962163043e+00 1.184489427943370465e+01 2.109931953962163043e+00 5.172138201362986365e+01
9.157252387530062876e+00 1.241728833529939680e+00 -5.883984250210324340e+00 1.241728833529939680e+00 -3.287374192066295109e+01 -1.817890223178791942e+01 -5.883984250210324340e+00 -1.817890223178791942e+01 2.964156590594480001e+00
7.880189622340601829e+00 6.393771726270817801e+00 -1.572617500165067461e-01 6.393771726270817801e+00 1.651020528799723053e+01 -2.703936140807824406e-01 -1.572617500165067461e-01 -2.703936140807824406e-01 4.617920718254634238e+00
-2.272802563301247503e+01 1.532893981887949764e+01 -6.093150950251082776e+00 1.532893981887949764e+01 -4.754492106230601678e+01 -1.286815896021071548e-01 -6.093150950251082776e+00 -1.286815896021071548e-01 -5.226177029654839146e+01
4.262515844599122516e+01 -1.037789338329999111e+01 1.247442479760131384e+01 -1.037789338329999111e+01 -1.380644782408116278e+01 -1.319247873231377532e+01 1.247442479760131384e+01 -1.319247873231377532e+01 4.267675068586925846e+01
2.318010527425440870e+01 -1.708968994972206223e+00 1.420372514614013815e+00 -1.708968994972206223e+00 -1.511818992841557474e+01 -3.383977132161561485e+00 1.420372514614013815e+00 -3.383977132161561485e+00 2.589286687071195203e+01
2.523782842046507469e+01 -9.426454081114226113e+00 7.994701667591328054e+00 -9.426454081114226113e+00 2.088694557243868033e+01 4.109146469550020164e+00 7.994701667591328054e+00 4.109146469550020164e+00 1.284683717798157332e+01
1.376298910087319172e+01 4.131811391894275154e+00 -1.202276000475215056e+01 4.131811391894275154e+00 -1.764461398860946773e+01 -6.133562186733525934e+00 -1.202276000475215056e+01 -6.133562186733525934e+00 9.396782848732634363e+00
2.266587117397530093e+01 6.129366402139492465e+00 -1.636085771077781414e+00 6.129366402139492465e+00 3.622991645215862633e+01 -8.395430831858172738e+00 -1.636085771077781414e+00 -8.395430831858172738e+00 3.502011448446839381e+01
-2.050589502021797728e+01 1.582227104904782422e+01 -7.254046181253191783e+00 1.582227104904782422e+01 -2.377244419140613374e+01 -4.206337630251756110e+00 -7.254046181253191783e+00 -4.206337630251756110e+00 -2.547921706061127622e+01
1.301749744413152321e+01 4.022593408257615799e+00 5.010344004746723812e+00 4.022593408257615799e+00 -1.878404705222969184e+01 -4.879996069816119886e-01 5.010344004746723812e+00 -4.879996069816119886e-01 2.893104173482266006e+01
8.243241264722867001e+00 -7.348434403214823440e+00 -5.720077447942387039e+00 -7.348434403214823440e+00 4.223220269206581889e+01 -8.573456188674100531e+00 -5.720077447942387039e+00 -8.573456188674100531e+00 -3.858961056938762457e+00
-9.977543512140426785e+00 -6.925097617743660727e+00 -1.468513023150649488e+01 -6.925097617743660727e+00 2.922294009448118235e+00 -2.026196021621671761e+01 -1.468513023150649488e+01 -2.026196021621671761e+01 -1.735990535937540713e+01
-3.781256746097917620e+00 1.362240480936899312e+00 -3.551478869643057035e+00 1.362240480936899312e+00 -1.541617090046503824e+00 9.051915439929947294e-01 -3.551478869643057035e+00 9.051915439929947294e-01 -1.005608205656791299e+01
-4.186932973916641743e+01 2.381492574115816385e+00 1.629053618227026945e+01 2.381492574115816385e+00 -5.372069874778481591e+01 -3.821999742937712607e+00 1.629053618227026945e+01 -3.821999742937712607e+00 -1.393849251082507301e+01
3.940676569263182927e+01 -1.141643068896147284e+01 -6.057509932005242792e-01 -1.141643068896147284e+01 1.659966090890632628e+01 -1.396082770231049652e+00 -6.057509932005242792e-01 -1.396082770231049652e+00 3.739917490123686861e+01
-6.899472157193430100e+00 7.836596833920332905e+00 1.250678687820650836e+01 7.836596833920332905e+00 2.074463587864105563e+01 7.366891285234782316e+00 1.250678687820650836e+01 7.366891285234782316e+00 -1.889581562658266023e+01
4.015548067766274443e+01 -7.754954599712269747e+00 8.623889830843207704e+00 -7.754954599712269747e+00 -2.810861252563785229e+01 1.012081697699718141e+01 8.623889830843207704e+00 1.012081697699718141e+01 2.635898475525717899e+01
-3.032156722595910026e+01 -7.603320674627342513e+00 2.867631461335240495e+00 -7.603320674627342513e+00 -3.692255418583847160e+01 5.025680365705718078e-01 2.867631461335240495e+00 5.025680365705718078e-01 -1.522314491077415965e+01
2.255716189099750224e+01 -3.132414041927738424e+00 1.083948926116165623e+01 -3.132414041927738424e+00 -1.715932177511301049e+01 4.163262620577277140e-01 1.083948926116165623e+01 4.163262620577277140e-01 2.614709608251253314e+00
4.193543094517828962e+01 5.958775297791495618e+00 -4.095141568125149512e+00 5.958775297791495618e+00 3.741639565476118179e+01 -2.114009733737114427e+00 -4.095141568125149512e+00 -2.114009733737114427e+00 2.873570186257691716e+01
-1.122084489882317193e+01 1.550542351159807453e+01 5.498768279095483713e+00 1.550542351159807453e+01 -5.165849614785524579e+01 1.307661884395003327e+01 5.498768279095483713e+00 1.307661884395003327e+01 -2.444540570499248133e+01
-8.912389260779948197e-01 2.305835909570079778e+00 2.046877998442396152e+00 2.305835909570079778e+00 2.505127004066075003e+01 9.684759811345386993e-01 2.046877998442396152e+00 9.684759811345386993e-01 -1.700149283762062424e+01
4.470199281296718397e+01 1.550631550660586200e+01 -1.762463175059854947e+01 1.550631550660586200e+01 1.669501298054703042e+01 7.273685481538777253e+00 -1.762463175059854947e+01 7.273685481538777253e+00 4.537687743816264430e+01
6.610673570228961182e+00 -2.986097560999276257e-01 -3.647415655388014599e+00 -2.986097560999276257e-01 4.917192034914224408e+00 -9.730659418923350845e-01 -3.647415655388014599e+00 -9.730659418923350845e-01 8.866196233636694402e+00
-1.762283094767795788e+01 7.182858797683718599e+00 8.245956764977846021e+00 7.182858797683718599e+00 9.926220483947158613e+00 3.763585623699901461e+00 8.245956764977846021e+00 3.763585623699901461e+00 -3.696348233085076629e+01
1.136634716037141501e+01 -4.237137248466784634e+00 -1.202989617599858185e+01 -4.237137248466784634e+00 -6.126908912772709215e+00 2.348129358993552351e+00 -1.202989617599858185e+01 2.348129358993552351e+00 -2.960227075611042036e+00
-1.585295687665022513e+01 -4.538022153844543105e+00 -7.912157102462478164e+00 -4.538022153844543105e+00 -9.850334738689991099e+00 -4.441511870789935479e+00 -7.912157102462478164e+00 -4.441511870789935479e+00 -1.439636414189615543e+01
-5.149044729796031561e+01 6.711120810827074790e-01 7.964231166228580960e+00 6.711120810827074790e-01 -6.069668094068074282e+01 5.506955929824285612e+00 7.964231166228580960e+00 5.506955929824285612e+00 -3.913485708161731225e+01
