3.782422829719682511e+01 6.216563481178133621e+00 9.451667731178130083e+00 6.216563481178133621e+00 5.202090763922222294e+01 -3.816191264963801011e+00 9.451667731178130083e+00 -3.816191264963801011e+00 3.835901132639116895e+01
-7.617039762239141254e+00 6.150708931423272574e+00 -1.267175969552940984e+00 6.150708931423272574e+00 -1.086727946232614350e+01 -8.142808882382796654e+00 -1.267175969552940984e+00 -8.142808882382796654e+00 1.992930538573907562e+00
-8.371874471339799229e+00 2.771369911330396008e+00 1.017440177289705483e+00 2.771369911330396008e+00 3.246623323422000595e+01 7.279969113237741318e+00 1.017440177289705483e+00 7.279969113237741318e+00 -1.793052872483995586e+01
-1.338565111334129121e+01 -9.381274185200028981e+00 2.297084607579006121e+00 -9.381274185200028981e+00 -5.892542451050077013e+00 1.153833049254967769e+01 2.297084607579006121e+00 1.153833049254967769e+01 -2.300402532701416192e+01
-2.385137050744918241e+01 -4.244598542322536971e+00 -6.464808992987792102e+00 -4.244598542322536971e+00 1.222902307797214405e+01 2.443247419022610833e-02 -6.464808992987792102e+00 2.443247419022610833e-02 -5.036608048261518178e+01
1.984345266200816527e+00 1.158373849065558581e+01 1.111989772348750849e+00 1.158373849065558581e+01 1.432583580924559818e+01 9.124048053722500384e+00 1.111989772348750849e+00 9.124048053722500384e+00 -1.187321585985257322e+01
-2.853551930928102465e+01 9.726086915706474656e+00 -1.015961514981866820e+01 9.726086915706474656e+00 -4.759206375819930912e+01 -1.082797271891437063e+01 -1.015961514981866820e+01 -1.082797271891437063e+01 -1.539221680631761302e+01
-3.079755227022333131e+01 -1.046066437550489958e+01 1.886489104653120696e+00 -1.046066437550489958e+01 8.407371003628474782e+00 1.297965770622541193e+01 1.886489104653120696e+00 1.297965770622541193e+01 -4.607925908517271552e+01
-1.083074305254533165e+01 -1.056521628106372646e+01 8.196737952391790927e+00 -1.056521628106372646e+01 2.809127738137887675e+01 1.321528533046537612e+00 8.196737952391790927e+00 1.321528533046537612e+00 -4.642705072734029415e+01
9.281415466786961943e-01 -8.973494713534160283e-01 -1.775516432394021127e+00 -8.973494713534160283e-01 5.372411876322231272e+00 1.087132277920890067e+00 -1.775516432394021127e+00 1.087132277920890067e+00 -7.826834288211670376e+00
-1.558381020310918963e+01 -6.764502762112136747e-01 -7.693721281645739651e+00 -6.764502762112136747e-01 -2.905607272801830288e+00 -6.180798040436974006e+00 -7.693721281645739651e+00 -6.180798040436974006e+00 -3.592110872810054900e+01
-5.038828953946863010e+01 -9.514710471909783251e+00 5.606322664870283745e+00 -9.514710471909783251e+00 -8.706592114739437704e+01 -4.030303405866256128e+00 5.606322664870283745e+00 -4.030303405866256128e+00 -3.954338279416283086e+01
-7.180964423423523257e+00 -3.640773309610674691e+00 -3.109918035308327333e+00 -3.640773309610674691e+00 -4.302419973109697793e+01 4.946075517952637668e+00 -3.109918035308327333e+00 4.946075517952637668e+00 -6.802378218639430152e+00
-3.993687205934697282e+00 -1.648734293718694133e+01 7.098158772729452615e+00 -1.648734293718694133e+01 -2.814791856654879965e+01 8.614557839637200232e+00 7.098158772729452615e+00 8.614557839637200232e+00 5.998025976910789758e+00
-3.020462827876677991e+01 1.102932638450342751e+01 -1.183793290587432701e+01 1.102932638450342751e+01 -3.821106126417216586e+00 -9.644681782681638893e+00 -1.183793290587432701e+01 -9.644681782681638893e+00 -4.576141544246941351e+01
-1.458927738636178439e+01 -6.746323830162421764e+00 9.886219585494048445e+00 -6.746323830162421764e+00 2.842629784937837556e+01 -1.274031077537983414e+01 9.886219585494048445e+00 -1.274031077537983414e+01 -3.084226489540815663e+01
-3.399696642249221412e+01 1.315302362287888727e+01 -2.796768853192946658e+00 1.315302362287888727e+01 -2.061926505051113878e+01 -4.371933915499166545e+00 -2.796768853192946658e+00 -4.371933915499166545e+00 -3.370323804606793061e+01
-1.034920622997276141e+01 1.419489005498385836e+01 8.162681828399575679e+00 1.419489005498385836e+01 3.266998986209964073e+01 1.315414063484267038e+00 8.162681828399575679e+00 1.315414063484267038e+00 -3.226380382544554237e+01
-1.206996225071041984e+01 -1.384445361709826461e+00 -6.270690193200519680e+00 -1.384445361709826461e+00 3.205491341468409860e+00 7.276923361287983560e+00 -6.270690193200519680e+00 7.276923361287983560e+00 -1.287231260170179148e+01
1.522474912926216106e+01 -1.570976856341246020e+01 1.290579525705241082e+01 -1.570976856341246020e+01 -2.466302229374477406e+01 -5.266473923014685532e+00 1.290579525705241082e+01 -5.266473923014685532e+00 4.691435168800258459e+00
-2.974655500444152167e+01 -7.762820630646635855e+00 -7.218755208743559137e+00 -7.762820630646635855e+00 1.301199634722317633e+01 -5.137908257812186186e+00 -7.218755208743559137e+00 -5.137908257812186186e+00 -4.107076238714809335e+01
-3.894088924991861944e+01 -7.939126804416544836e+00 -1.693075992313474032e+01 -7.939126804416544836e+00 2.710078370698409511e+00 -9.625684046063366139e+00 -1.693075992313474032e+01 -9.625684046063366139e+00 2.379052391866682825e+00
-8.375590895940973724e+00 5.389550549140549762e+00 -6.815803452076210078e+00 5.389550549140549762e+00 -2.967246803140742184e+00 5.243600837121723757e+00 -6.815803452076210078e+00 5.243600837121723757e+00 -2.158108765792523442e+01
-1.998046288715376662e+01 9.702429151199920554e+00 2.228275668558909217e+01 9.702429151199920554e+00 1.476168510336174222e+01 -7.597121921338859662e-01 2.228275668558909217e+01 -7.597121921338859662e-01 -5.929268608194244905e+01
3.231581060545091333e+01 6.258864422771791780e+00 -7.082354480757808268e+00 6.258864422771791780e+00 1.515009492074579178e+01 4.815482848425363116e+00 -7.082354480757808268e+00 4.815482848425363116e+00 4.717502206961098210e+01
3.875683596402671327e+01 7.764263457442597272e-01 -6.719805238300224914e-01 7.764263457442597272e-01 4.644359332613019831e+01 1.581097572518835648e+00 -6.719805238300224914e-01 1.581097572518835648e+00 3.683322570386679473e+01
-2.382136032359201394e+01 3.599055692123766637e+00 3.665679190863840642e+00 3.599055692123766637e+00 3.792781660614750194e+00 4.795298610378334381e+00 3.665679190863840642e+00 4.795298610378334381e+00 -3.694490608460037606e+01
1.538984703787754427e+01 -1.944913192316453765e+00 -2.673540303722760303e+00 -1.944913192316453765e+00 2.228722166143407790e+01 -9.117667280502586014e-01 -2.673540303722760303e+00 -9.117667280502586014e-01 1.064569273350565481e+01
1.607991915028870267e+01 1.143610659285861253e+01 2.065534646812429431e-01 1.143610659285861253e+01 -4.387193364562499198e+01 -1.019367043082989532e+01 2.065534646812429431e-01 -1.019367043082989532e+01 2.796467436048696698e+01
-2.900088880142130421e+01 -7.006916771879000194e+00 -1.575469344062408439e+01 -7.006916771879000194e+00 -5.076865553969512668e+00 1.862791999209264659e+01 -1.575469344062408439e+01 1.862791999209264659e+01 -3.812129102402858738e+00
5.856229366891611932e+01 -1.415743493813897125e+01 4.637272877061467291e+00 -1.415743493813897125e+01 1.294731296092025197e+01 2.854377372200606278e+00 4.637272877061467291e+00 2.854377372200606278e+00 6.008871901746500299e+01
-1.367061771300691575e+01 -6.048488301841461912e+00 -1.704626521602014577e+01 -6.048488301841461912e+00 1.193961467388982278e+01 8.521711232235052336e+00 -1.704626521602014577e+01 8.521711232235052336e+00 -4.262284262356869391e+01
-3.372218035653767743e+01 3.584286402924172776e+00 3.662022717797223770e+00 3.584286402924172776e+00 -3.943290394231275364e+00 1.328814157475170532e+01 3.662022717797223770e+00 1.328814157475170532e+01 -6.927860231067734276e+01
-2.953348577279254172e+01 -5.487004439550513979e+00 -4.096119604971534045e+00 -5.487004439550513979e+00 5.075201271337801856e+00 -5.985114513577496353e+00 -4.096119604971534045e+00 -5.985114513577496353e+00 -6.320226910519732400e+01
1.452477990694991661e+01 9.323494558832422285e+00 -1.355252219580056661e+01 9.323494558832422285e+00 6.664718365270063316e+01 -4.428331207886200716e+00 -1.355252219580056661e+01 -4.428331207886200716e+00 -2.228811095625486960e+00
-9.310823227736703345e+00 2.612620434728928132e+01 -9.335193303773992923e+00 2.612620434728928132e+01 -2.103795883590089488e+01 9.495325190822077488e+00 -9.335193303773992923e+00 9.495325190822077488e+00 -1.775549870890644755e+01
2.531578848412578253e+01 3.747860634429027726e+00 1.066640439667633666e+00 3.747860634429027726e+00 6.147365179807938063e+01 1.075977499896178280e+01 1.066640439667633666e+00 1.075977499896178280e+01 1.115097064237463620e+01
4.077346149358395344e+00 -7.592950897970969670e+00 -9.944020105522405339e-01 -7.592950897970969670e+00 5.962828658266158932e+00 4.496490781000352044e+00 -9.944020105522405339e-01 4.496490781000352044e+00 -3.597297851773892496e+00
-1.281903604693782306e+01 -4.654923349504160868e+00 -3.284331249463085634e+00 -4.654923349504160868e+00 -4.531571166976689824e+01 -4.833693024940750149e+00 -3.284331249463085634e+00 -4.833693024940750149e+00 -7.593111953212678955e+00
4.642717293301634740e+00 6.900160455012156469e+00 9.273234588454045690e-01 6.900160455012156469e+00 -3.333445918620602555e+01 -2.442980559070480062e-01 9.273234588454045690e-01 -2.442980559070480062e-01 1.406453302727267207e+00
-4.012560399045552373e+01 1.326417444683243518e+00 -5.598423451435252218e+00 1.326417444683243518e+00 -5.815852011532190602e+01 9.863403071047208703e-01 -5.598423451435252218e+00 9.863403071047208703e-01 -3.349042216674570227e+01
-5.814591330885432896e+00 -9.566538599837983270e+00 1.143212452935690138e+01 -9.566538599837983270e+00 -3.917166261251187365e+01 -5.826943308553842904e+00 1.143212452935690138e+01 -5.826943308553842904e+00 -5.068676691059300410e+00
2.742133135682737688e+01 -7.722803354663821729e+00 -1.363909673243821530e+01 -7.722803354663821729e+00 3.497017226635134790e+01 9.168881114265346355e+00 -1.363909673243821530e+01 9.168881114265346355e+00 4.379087588602515524e+01
-1.854240729471793969e+01 3.107102212115362860e+00 6.470773148439805666e+00 3.107102212115362860e+00 -4.474065123747389805e+01 -5.000414438534534156e+00 6.470773148439805666e+00 -5.000414438534534156e+00 -8.739810723404383808e+00
-3.343406170054704063e+01 -9.706065491201212869e-02 -1.000550571305954151e+01 -9.706065491201212869e-02 -4.744624080585104053e+01 4.959486607980832851e+00 -1.000550571305954151e+01 4.959486607980832851e+00 -1.788647397989825194e+01
-4.491331405195458260e+00 1.591098212289251190e+00 7.392361657425476018e+00 1.591098212289251190e+00 -7.634066401496871990e+00 -6.376628408952345950e+00 7.392361657425476018e+00 -6.376628408952345950e+00 -9.558943693254574825e+00
-2.725882525777283050e+01 6.379236264968317194e+00 1.832063872083162437e+01 6.379236264968317194e+00 -2.466923393197486991e+00 -6.863862758445338219e-02 1.832063872083162437e+01 -6.863862758445338219e-02 -5.055730912541217492e+01
-2.683554169654187049e+01 -1.658143999575843708e+01 -1.322452646294327749e+01 -1.658143999575843708e+01 -4.102655580545699365e+01 -3.507074480643965320e+00 -1.322452646294327749e+01 -3.507074480643965320e+00 -3.305510127739005100e+01
-2.278814303913085126e+01 -4.234832701378750119e-01 -8.237135408778547330e+00 -4.234832701378750119e-01 -5.282265637383193280e+01 -3.246125697518531972e+00 -8.237135408778547330e+00 -3.246125697518531972e+00 1.215035034404341552e+01
-4.733231403989760722e+00 -9.333678461056802433e+00 -7.488958298848729989e+00 -9.333678461056802433e+00 -4.065982890921943316e+00 3.693448232079740379e+00 -7.488958298848729989e+00 3.693448232079740379e+00 -1.352612195192598676e+01
-6.993221800577048342e+00 -4.493199218598759259e+00 5.316408408410752351e+00 -4.493199218598759259e+00 -4.140999744129172910e+01 2.382947116401648469e+00 5.316408408410752351e+00 2.382947116401648469e+00 -5.686462219384507577e+00
-3.409001757809534627e+00 5.166831682601218390e-01 6.109447211728846305e+00 5.166831682601218390e-01 3.659186840801332607e+01 -1.434619906396684108e+01 6.109447211728846305e+00 -1.434619906396684108e+01 -2.117188836225056647e+01
4.384686485083522456e+01 -7.036677276016093607e+00 -1.113639410651600237e+01 -7.036677276016093607e+00 4.541363501254569712e+01 -2.894380843260432989e+00 -1.113639410651600237e+01 -2.894380843260432989e+00 4.611140217327578483e+01
1.115897291554876247e+01 1.178520037636580753e+01 -6.886525794156953317e+00 1.178520037636580753e+01 -4.720886825955192023e+01 6.522106636827405879e+00 -6.886525794156953317e+00 6.522106636827405879e+00 -1.219739061143441550e+00
1.006331355970961905e+00 -6.364542126184365323e+00 4.676604325183269850e+00 -6.364542126184365323e+00 3.969172685758461938e-01 7.392083768480564032e+00 4.676604325183269850e+00 7.392083768480564032e+00 3.824534713338274106e+00
-1.629334712170226496e+01 1.221209881748951398e+00 2.750703728062656173e-01 1.221209881748951398e+00 -1.116375419549966885e+01 -2.134632052468122865e+01 2.750703728062656173e-01 -2.134632052468122865e+01 1.194886773935314039e+01
2.415032389443761573e+01 -2.825193264813421923e+00 2.920042337541372657e+00 -2.825193264813421923e+00 2.208197578627166635e+01 4.188512602181639011e+00 2.920042337541372657e+00 4.188512602181639011e+00 2.206774876345712144e+01
3.449701679812290145e+00 -1.810351952386177388e+01 7.365405739862699308e-01 -1.810351952386177388e+01 -5.027526956969184369e+01 5.264469496521200220e+00 7.365405739862699308e-01 5.264469496521200220e+00 2.859556138941432568e+00
4.669221715770054004e+01 -9.164628387508489737e+00 -7.178554934688575528e+00 -9.164628387508489737e+00 1.010838068665335143e+01 -9.709405692445008285e+00 -7.178554934688575528e+00 -9.709405692445008285e+00 6.205624516031276272e+01
2.100454377654039106e+01 6.092838405680543801e+00 -4.972473199077656503e+00 6.092838405680543801e+00 -2.085118462916673465e+01 8.854015623805350899e+00 -4.972473199077656503e+00 8.854015623805350899e+00 4.316585525934842593e+01
5.233388931685787782e+00 1.088681554473303770e+01 1.289490798708550479e+01 1.088681554473303770e+01 -2.677612228169720510e+01 -2.417569119094379548e+00 1.289490798708550479e+01 -2.417569119094379548e+00 1.343738038889420139e+01
-1.715298837324734649e+01 -7.368210373881175279e+00 -1.353616629210219990e+01 -7.368210373881175279e+00 1.555803106930136970e+01 2.349215489017804082e+00 -1.353616629210219990e+01 2.349215489017804082e+00 -3.326754471818639303e+01
-1.780723459207870363e+01 -1.796732893903732986e+01 -1.171795872865135202e+00 -1.796732893903732986e+01 -7.329231550676021811e+01 2.648644406844507415e+00 -1.171795872865135202e+00 2.648644406844507415e+00 -8.189180414368783190e+00
-3.562430291640785729e+00 3.430640093076760877e+00 -1.125283983307726388e+01 3.430640093076760877e+00 -3.461580692724263741e+01 -1.962173448767438266e+00 -1.125283983307726388e+01 -1.962173448767438266e+00 1.713456346760707660e+01
2.761422524645789967e+00 4.548187916745122017e+00 -1.251103074047894115e+00 4.548187916745122017e+00 6.927105891657265424e+00 4.347274363397194641e+00 -1.251103074047894115e+00 4.347274363397194641e+00 3.681087318085645155e+00
-1.690262930275140008e+01 1.659083222632583698e+01 3.876752469963502534e+00 1.659083222632583698e+01 2.475719525149869682e+01 1.220063364673684481e+00 3.876752469963502534e+00 1.220063364673684481e+00 8.009826674608282460e+00
-2.867711773202881176e+01 -4.453619048621336951e+00 -2.414637626109989110e+00 -4.453619048621336951e+00 -1.350622200919040949e+01 -7.617460265693636323e+00 -2.414637626109989110e+00 -7.617460265693636323e+00 -6.226473600554573551e+00
1.852681140821818673e+01 -9.447017411355235206e-01 3.617141872969946270e+00 -9.447017411355235206e-01 2.417411293626055269e+01 -1.009456723213229878e+00 3.617141872969946270e+00 -1.009456723213229878e+00 2.627392631138888035e+01
4.873883338790733433e+00 2.417246016278797871e+00 -5.717018725999039042e+00 2.417246016278797871e+00 2.431103146269173720e+01 -6.682705651687511628e-01 -5.717018725999039042e+00 -6.682705651687511628e-01 -3.759609671796450669e+01
4.656413659890872481e+01 -1.583866825483702989e+01 -7.694926635275405324e-01 -1.583866825483702989e+01 -7.143515415990759010e+00 -9.214655138105602106e+00 -7.694926635275405324e-01 -9.214655138105602106e+00 3.812756445149031492e+01
3.513752509425446391e+01 1.128086510764633310e+01 -4.159731222603947565e+00 1.128086510764633310e+01 4.490639363652173444e+01 -4.197681459539821525e+00 -4.159731222603947565e+00 -4.197681459539821525e+00 3.527175549698024071e+01
4.186961808360198489e+01 1.538970715317614157e+01 -1.140954684352265858e+01 1.538970715317614157e+01 4.351363088517062749e+01 -1.039231413975205243e+01 -1.140954684352265858e+01 -1.039231413975205243e+01 3.197967883677225842e+01
-1.517552451000635116e+01 4.693848221545936283e+00 -2.121340635760069204e-01 4.693848221545936283e+00 -3.869197831548184308e+00 6.466622221680293769e+00 -2.121340635760069204e-01 6.466622221680293769e+00 -2.839279293437782314e+01
-1.897916357465465609e+01 -4.445098705129458594e+00 -1.720450251086489146e+01 -4.445098705129458594e+00 -5.516584108424919464e+01 -1.021825762455885389e+01 -1.720450251086489146e+01 -1.021825762455885389e+01 -1.647478340386782925e-01
-2.461857606583418701e+01 -1.825433225430479567e+01 -6.685557899506660018e-01 -1.825433225430479567e+01 4.571055866174321136e-01 1.344265031961072721e-01 -6.685557899506660018e-01 1.344265031961072721e-01 -5.756185057625584278e+01
3.400505537186371896e+01 4.621004809626771959e+00 4.951099260333912788e+00 4.621004809626771959e+00 3.134969475363923674e+00 5.997989383386689966e+00 4.951099260333912788e+00 5.997989383386689966e+00 1.840708539452908710e+01
-6.296840188226240365e+00 -3.906806614622148288e+00 -2.572616379835452705e+01 -3.906806614622148288e+00 -2.548233575386343119e+01 -6.433222571450751381e+00 -2.572616379835452705e+01 -6.433222571450751381e+00 1.561636004603209216e+01
9.049619848472005401e+00 3.489028124068687564e+00 1.179400044148830817e+00 3.489028124068687564e+00 -9.749307259204499587e+00 5.719572651606238622e+00 1.179400044148830817e+00 5.719572651606238622e+00 1.932428518557130825e+00
-2.288165559946630978e+01 -3.876418472556094397e+00 -4.141227019251566333e+00 -3.876418472556094397e+00 2.070598241437653186e+01 6.322483998857352461e+00 -4.141227019251566333e+00 6.322483998857352461e+00 -4.203853491676770204e+01
5.372877817025248959e+01 -7.231503324443182557e+00 -1.090324254379620861e+01 -7.231503324443182557e+00 -4.348299980254915376e+00 1.885533198026430490e+00 -1.090324254379620861e+01 1.885533198026430490e+00 5.346849802249450079e+01
-7.087223809171314315e+01 7.511316826038018313e+00 -1.007645256091969227e-01 7.511316826038018313e+00 -5.991489229776222203e+01 1.298878839223357895e+00 -1.007645256091969227e-01 1.298878839223357895e+00 -8.113103716397868936e+01
4.914460279059159831e+01 -1.746659824362255975e+01 1.545994411141996983e+00 -1.746659824362255975e+01 -2.484650027634595304e+01 -7.921788752837833236e+00 1.545994411141996983e+00 -7.921788752837833236e+00 4.173102536867246215e+01
-1.679983017835330728e+01 -3.295757595567419873e+00 4.510638510560744052e+00 -3.295757595567419873e+00 -9.004377357336078802e+00 5.723852227084147426e-01 4.510638510560744052e+00 5.723852227084147426e-01 -2.689307909320062961e+01
-5.913042539478031046e+00 -1.930008827766536683e+01 1.301291343409110013e-01 -1.930008827766536683e+01 4.217902222613561491e+01 -1.602629074051912017e+00 1.301291343409110013e-01 -1.602629074051912017e+00 -4.531419498394041767e+01
-1.551075951083500826e+01 -2.157689287267190004e+00 1.171381295834359371e+01 -2.157689287267190004e+00 2.476913945848101051e+01 -7.765018914696988794e+00 1.171381295834359371e+01 -7.765018914696988794e+00 -3.047461785477834795e+01
1.066126720174669806e+01 -3.477829379189941950e+00 -1.331319090769906843e+01 -3.477829379189941950e+00 -1.635653730925251637e+01 -1.330109908547407649e+01 -1.331319090769906843e+01 -1.330109908547407649e+01 2.318937780588776221e+01
-1.987276588192214177e+01 -3.815815597547747462e+00 -2.052029071266484817e+00 -3.815815597547747462e+00 -2.478722543597069361e+01 6.281424009569694378e-02 -2.052029071266484817e+00 6.281424009569694378e-02 -2.880096349749306128e+01
2.740348914367325150e+01 4.011285337308178711e+00 4.801453493098579273e+00 4.011285337308178711e+00 -1.379015793290185243e+01 -4.399265235148418718e+00 4.801453493098579273e+00 -4.399265235148418718e+00 2.802580281646420346e+01
-1.941896069325568064e+01 -6.563126059966035264e+00 -1.820156333314752217e+01 -6.563126059966035264e+00 2.201314762210202503e+01 6.902411010848459760e+00 -1.820156333314752217e+01 6.902411010848459760e+00 -4.309536802738983852e+01
4.584384576243281550e+00 -8.551918315089261924e+00 -4.255336252617049730e+00 -8.551918315089261924e+00 -3.976087529058911230e+01 -1.848844316442940672e+00 -4.255336252617049730e+00 -1.848844316442940672e+00 1.409354020163981680e+01
1.988264896630145628e+01 1.166087069751041305e+01 3.902068158680891408e+00 1.166087069751041305e+01 1.765485925676743406e+01 3.438946504539546617e-02 3.902068158680891408e+00 3.438946504539546617e-02 2.200335812292589210e+01
2.038745621568384081e+01 -1.286476744145862217e+00 2.860209033917473054e+00 -1.286476744145862217e+00 2.287381421690017191e+01 2.741042184039010010e+00 2.860209033917473054e+00 2.741042184039010010e+00 1.731198287447017492e+01
-2.288657052857072571e+01 -2.488658507932222541e+00 7.201381617373353805e+00 -2.488658507932222541e+00 1.505886584609929812e+01 -7.369932090539297320e+00 7.201381617373353805e+00 -7.369932090539297320e+00 3.637860284172906411e+00
-1.838072381711595682e+01 -5.526617613490910408e+00 5.133525970104664715e+00 -5.526617613490910408e+00 6.858765156421792852e+00 4.709644295789552793e+00 5.133525970104664715e+00 4.709644295789552793e+00 -4.491919679826158074e+01
3.264607563033269599e+01 -8.378828017933745542e+00 1.904181223701619530e+01 -8.378828017933745542e+00 -1.018511357156514485e+01 -1.646776311070108889e+01 1.904181223701619530e+01 -1.646776311070108889e+01 1.639089685972914978e+01
7.188122277560142770e+00 6.602994491838475533e+00 -1.652862165512444692e+00 6.602994491838475533e+00 3.305200258738831565e+01 -4.044594365164033256e+00 -1.652862165512444692e+00 -4.044594365164033256e+00 -2.511885655995699551e+01
-1.039256796860816223e+01 -8.438594033303305153e+00 -1.653337137460210116e+01 -8.438594033303305153e+00 7.314926013853824571e+00 9.375906180090963771e-01 -1.653337137460210116e+01 9.375906180090963771e-01 -5.057093075544688077e+01
-3.319025084189795649e+01 -6.508134926030789025e+00 -7.882990886579857026e+00 -6.508134926030789025e+00 1.023740473576735610e+01 8.828423892193354661e+00 -7.882990886579857026e+00 8.828423892193354661e+00 -6.388787340867361308e+01
-1.785668173660502589e+01 -7.626215475822154310e+00 3.721148531036545748e+00 -7.626215475822154310e+00 9.888159470066355539e-01 -5.428315977905558753e+00 3.721148531036545748e+00 -5.428315977905558753e+00 -3.271473152834091280e+01
2.248005157078797467e+01 1.091181752883965217e+01 5.051349372300373730e+00 1.091181752883965217e+01 2.571200537103048234e+01 -1.805658727946323872e+00 5.051349372300373730e+00 -1.805658727946323872e+00 1.538938576682615711e+01
