-9.180490896014905644e+00 -1.672902768801671769e-01 -9.492532138569925948e+00 -1.672902768801671769e-01 -2.593714611100005563e+00 -1.491576034643943005e-01 -9.492532138569925948e+00 -1.491576034643943005e-01 -3.989997947082196461e+00
-1.055179249018969934e+01 -5.865167126786066554e+00 -6.381495457067095423e+00 -5.865167126786066554e+00 -5.250603134320947163e+00 -1.971295448694619035e+00 -6.381495457067095423e+00 -1.971295448694619035e+00 -2.524403723300908808e+01
-6.738100835894374363e+00 3.856897497933253760e+00 -2.843090443669172185e+00 3.856897497933253760e+00 -1.490380876843559577e+00 5.569741387031755808e-01 -2.843090443669172185e+00 5.569741387031755808e-01 -1.450544634575358849e+01
2.126591134842663422e+01 4.749393416299166226e+00 1.500075267321636430e+00 4.749393416299166226e+00 2.967900350250130614e+01 1.093625375953124035e+00 1.500075267321636430e+00 1.093625375953124035e+00 2.657006463121543050e+01
3.063394971449708848e+01 2.014965304795513834e+00 -1.068725097148068709e-01 2.014965304795513834e+00 3.232565121167131394e+01 4.530906276329121352e-01 -1.068725097148068709e-01 4.530906276329121352e-01 3.008150757913624673e+01
2.985439729348984272e+01 -3.865314402470556132e+00 4.287830263515438389e+00 -3.865314402470556132e+00 2.682655775239718920e+01 3.270817096678425351e+00 4.287830263515438389e+00 3.270817096678425351e+00 3.273749846825096199e+01
-7.544364170128648794e+00 -5.917342524790973890e-01 -2.600350089393089981e+00 -5.917342524790973890e-01 -1.834642511242826046e+01 -2.158060302427980304e+00 -2.600350089393089981e+00 -2.158060302427980304e+00 -4.363212956993799629e+00
-8.500124453725135254e+00 -1.384018717231355167e+00 5.150706143631623712e-01 -1.384018717231355167e+00 -3.796842092723335949e+00 3.137183194767231065e+00 5.150706143631623712e-01 3.137183194767231065e+00 9.179784174007238340e-01
4.530767977843781047e+00 -6.541326289649430414e+00 -6.183347275313078040e-01 -6.541326289649430414e+00 1.673475029902980471e-01 2.457320642602823124e+00 -6.183347275313078040e-01 2.457320642602823124e+00 1.914610167578608690e+00
-8.814227348822448960e+00 -4.083172787858215358e+00 -7.746949894783675461e+00 -4.083172787858215358e+00 -6.048177669218131491e+00 6.470450768859073443e-02 -7.746949894783675461e+00 6.470450768859073443e-02 -5.111084705102006964e+00
2.046780220452957977e+01 -2.709475606396282377e+00 -1.601606254617284675e+00 -2.709475606396282377e+00 2.329890396468727332e+01 1.757241929136131198e+00 -1.601606254617284675e+00 1.757241929136131198e+00 2.704513032943653883e+01
3.742643691617060231e+00 -8.470962233625555227e-01 -2.196556982402092295e+00 -8.470962233625555227e-01 -1.235685964148623128e+01 -1.286888058414386249e+00 -2.196556982402092295e+00 -1.286888058414386249e+00 -7.047557487093591533e+00
3.549300926468871520e+00 3.924032990778789198e+00 -1.100961591999333855e+00 3.924032990778789198e+00 1.105149615339895242e+01 8.946399529948192431e-01 -1.100961591999333855e+00 8.946399529948192431e-01 7.692101701240134481e+00
-3.151347889007971137e+00 3.852808904064369822e-01 -9.670034469221461038e+00 3.852808904064369822e-01 -3.489228912294814133e+00 9.749927987193338641e-01 -9.670034469221461038e+00 9.749927987193338641e-01 -2.335870610453388174e+00
1.846849933045097814e+01 5.420646905777369851e-01 -3.719348585966933407e-01 5.420646905777369851e-01 4.763547327614009674e+00 8.214167649422833561e-02 -3.719348585966933407e-01 8.214167649422833561e-02 1.933291207631791053e+01
2.077960945747812005e+01 7.209728249598799099e-01 -4.753722606289877639e+00 7.209728249598799099e-01 2.385334312856675609e+01 5.951382262261446510e-01 -4.753722606289877639e+00 5.951382262261446510e-01 2.648606544797940998e+01
-6.443941234417249753e+00 -2.028265523293013128e+00 1.490159247488769684e-02 -2.028265523293013128e+00 -5.049095178140807327e+00 -1.244031897462972047e+00 1.490159247488769684e-02 -1.244031897462972047e+00 -1.820783241183648204e+00
3.210273006468574408e+01 3.603661111836061748e-01 -2.081460450095748982e+00 3.603661111836061748e-01 2.822980570996748995e+01 -5.104391754649600932e-01 -2.081460450095748982e+00 -5.104391754649600932e-01 4.017221431371054763e+01
2.497983797989105637e-01 -2.705977766330486478e+00 2.327062308537993562e+00 -2.705977766330486478e+00 -7.995509011952721679e+00 7.742919132365931212e+00 2.327062308537993562e+00 7.742919132365931212e+00 -6.686390930941648048e-01
-7.509411287810219271e+00 3.261127668695170012e+00 -8.580201785286026839e-01 3.261127668695170012e+00 -7.698756851679066315e+00 -1.358145508973379600e+00 -8.580201785286026839e-01 -1.358145508973379600e+00 -1.060267062447292119e+01
2.056864837082735420e+01 -7.067814437211971113e-01 -4.231495334404286268e+00 -7.067814437211971113e-01 1.724669657494479935e+01 9.096935243523752490e+00 -4.231495334404286268e+00 9.096935243523752490e+00 2.462448619268302608e+01
-2.471828151631456905e+01 9.517026939670552466e+00 -2.889639198238094675e+00 9.517026939670552466e+00 -2.458998945588082918e+01 2.010712179571424230e+00 -2.889639198238094675e+00 2.010712179571424230e+00 -3.105966731682243420e+01
7.694210366306307947e+00 3.844889976291037570e+00 8.807399090276007314e+00 3.844889976291037570e+00 1.800778803451449050e+01 1.792102351452177889e+00 8.807399090276007314e+00 1.792102351452177889e+00 9.759472037103487096e+00
-4.600511657093638296e-01 -2.865319555317795697e+00 7.701529677806241425e-01 -2.865319555317795697e+00 4.980371658409806224e-01 -4.619944153422984812e+00 7.701529677806241425e-01 -4.619944153422984812e+00 2.159752253834288371e+00
4.169919894151058237e+00 -5.562151382844334968e+00 4.563139903967242894e+00 -5.562151382844334968e+00 7.897964816295221624e+00 -1.237347754210960105e+00 4.563139903967242894e+00 -1.237347754210960105e+00 1.602745783168332716e+00
3.487981247754206038e+01 -6.714082166051973388e+00 3.389479994515328665e-01 -6.714082166051973388e+00 3.265707026697690196e+01 -5.386826902513486282e+00 3.389479994515328665e-01 -5.386826902513486282e+00 3.978826282495157329e+01
4.980754464285204186e+00 -7.778321093103864881e-01 -1.881457454296830090e+00 -7.778321093103864881e-01 1.873353279237345959e+00 5.861005532007619756e+00 -1.881457454296830090e+00 5.861005532007619756e+00 -1.893718308654100957e-01
-2.907610540305576752e+00 4.569143093830156488e+00 2.668631647691906417e-01 4.569143093830156488e+00 -1.219320241941639971e+01 1.074204340002440539e+01 2.668631647691906417e-01 1.074204340002440539e+01 -9.320952319868176517e+00
-1.383354073250160532e+01 -2.110174794472435167e+00 7.278831104156672227e-01 -2.110174794472435167e+00 -1.238503201321589309e+01 4.015783449134474381e+00 7.278831104156672227e-01 4.015783449134474381e+00 -1.559315435137637706e+01
2.453218080889137731e+00 3.376764880659903767e+00 2.769092687090016103e+00 3.376764880659903767e+00 1.382980462527071808e+01 -7.886165753137477807e+00 2.769092687090016103e+00 -7.886165753137477807e+00 -5.590874881573416610e-01
2.158445624728654622e+01 -6.594818770804094399e+00 1.062792659696050634e+00 -6.594818770804094399e+00 2.672697905795633488e+01 -1.848170626895107693e+00 1.062792659696050634e+00 -1.848170626895107693e+00 1.694000692760615934e+01
-8.330939804457716535e-01 -2.565055535454988878e+00 -9.040935880390658097e-01 -2.565055535454988878e+00 1.739642109007580206e+00 -3.122971247625792035e+00 -9.040935880390658097e-01 -3.122971247625792035e+00 2.139799646646602493e+00
2.609590417011369468e+01 3.722410940245341138e+00 -6.417965521162386722e+00 3.722410940245341138e+00 2.609387535768623323e+01 3.842780381566752279e+00 -6.417965521162386722e+00 3.842780381566752279e+00 2.060549140266336110e+01
1.398324852625821002e+01 -5.241689724340531598e+00 -4.053821366020944339e-01 -5.241689724340531598e+00 1.054907853923578859e-01 4.226600736094352051e+00 -4.053821366020944339e-01 4.226600736094352051e+00 9.944085828291141738e+00
2.454535041844837906e+01 -3.001600906812649239e+00 2.194039180627181285e+00 -3.001600906812649239e+00 2.495300669353125755e+01 1.223670436983829601e+00 2.194039180627181285e+00 1.223670436983829601e+00 2.710476383864512684e+01
1.046332062216635705e+01 -6.087224437873015037e-02 -1.688770171539144827e-01 -6.087224437873015037e-02 9.773730519290408481e+00 5.120141741866020002e-01 -1.688770171539144827e-01 5.120141741866020002e-01 1.748006671518812638e+01
-1.671142082142919705e+01 -1.865349136867206381e+00 -2.142316390539955595e+00 -1.865349136867206381e+00 -1.561212156829942366e+01 -8.688250225894078582e-02 -2.142316390539955595e+00 -8.688250225894078582e-02 -2.236198679553202950e+01
2.307047642774563911e+01 -1.375294153715124423e+00 -1.820441031975521817e-01 -1.375294153715124423e+00 2.705567084921676724e+01 -7.478932096944670427e-01 -1.820441031975521817e-01 -7.478932096944670427e-01 2.606428011875227568e+01
-1.903746073981146836e+01 8.644540851373280210e-01 -2.908012565907661884e+00 8.644540851373280210e-01 -2.529222848399601631e+01 -4.801526782127926718e-02 -2.908012565907661884e+00 -4.801526782127926718e-02 -2.561218777729214935e+01
3.558725336925745353e+01 -1.945931597190614593e+00 -2.716940443795991200e+00 -1.945931597190614593e+00 3.184140092156806645e+01 2.726320528128921561e-01 -2.716940443795991200e+00 2.726320528128921561e-01 3.851900495468479590e+01
-5.845997810925689819e+00 -2.167438959819516064e+00 -3.734283990958630284e+00 -2.167438959819516064e+00 -6.796103294487610968e-01 -2.873675635955457719e-01 -3.734283990958630284e+00 -2.873675635955457719e-01 -8.759062779646189512e+00
6.333977611912777306e+00 -3.302079365035808678e+00 -3.383803245528461012e+00 -3.302079365035808678e+00 7.868879070245734297e+00 -9.206651799812451964e-01 -3.383803245528461012e+00 -9.206651799812451964e-01 7.349350142224809090e+00
4.382538826837494739e+00 1.200156178390275441e+00 5.619072418315667505e+00 1.200156178390275441e+00 2.149855597344133340e+00 2.096296758309631247e+00 5.619072418315667505e+00 2.096296758309631247e+00 -1.854813953285909811e+00
1.734765821786105988e+01 2.226254966091901100e+00 7.544031792132814829e-01 2.226254966091901100e+00 1.248639118010281912e+01 -4.733986466072937382e+00 7.544031792132814829e-01 -4.733986466072937382e+00 1.850476037616551395e+01
2.422337291969056849e+01 1.309970776057248543e+00 -1.438906375579311336e-01 1.309970776057248543e+00 2.049524041014703002e+01 3.384020147257843281e+00 -1.438906375579311336e-01 3.384020147257843281e+00 2.575754941290888311e+01
8.486092501370993801e+00 -1.062208628423642942e+00 -5.788087709321576568e+00 -1.062208628423642942e+00 6.581480908308042999e+00 -5.449347905199349640e+00 -5.788087709321576568e+00 -5.449347905199349640e+00 1.534402786298258903e+01
3.480292595928653920e+00 -2.165983349499285726e+00 -1.446674078498570770e+00 -2.165983349499285726e+00 1.768200288761216266e+00 8.147122264784721901e-01 -1.446674078498570770e+00 8.147122264784721901e-01 1.787988162646308998e+00
4.835047578714789296e+00 -4.382797420816046952e+00 -3.831646616412986095e+00 -4.382797420816046952e+00 1.838423388520790347e+00 -3.510666182928932511e+00 -3.831646616412986095e+00 -3.510666182928932511e+00 3.006474476140063246e+00
2.316807790473266593e+01 -1.801901507915975698e+00 -1.150682740305763563e+00 -1.801901507915975698e+00 2.124333486291975603e+01 3.004795384852921636e+00 -1.150682740305763563e+00 3.004795384852921636e+00 1.482179649942532151e+01
-1.572201365530800210e+01 2.006384209812327235e+00 -1.027082500874965731e+01 2.006384209812327235e+00 -1.408931452387004946e+01 -2.936846122503432799e+00 -1.027082500874965731e+01 -2.936846122503432799e+00 -1.442457895337966356e+01
