7.839498103386750572e+00 7.166598000771945642e+00 4.098853913727436016e+00 7.166598000771945642e+00 -2.677236182035478151e+01 -6.720610041227251252e-02 4.098853913727436016e+00 -6.720610041227251252e-02 2.633451596058493038e+01
6.937884348058116046e+00 3.573750331806658576e+00 1.117255166685987122e+00 3.573750331806658576e+00 1.432454378753869051e+00 -2.127145879063212064e+00 1.117255166685987122e+00 -2.127145879063212064e+00 -4.552003035046550572e+00
5.438241179803093850e+00 -5.539037980079466461e-01 2.652427915646741408e+00 -5.539037980079466461e-01 -2.879766034209643522e+01 1.478282972225937186e+00 2.652427915646741408e+00 1.478282972225937186e+00 2.751546703003404915e+01
-1.395760544575146689e+01 5.836098341742017581e+00 6.193040370039184062e+00 5.836098341742017581e+00 -8.122586523937615155e+00 2.494200405423850686e+00 6.193040370039184062e+00 2.494200405423850686e+00 -1.659648271834209510e+01
1.538047729545312414e+01 -3.010010724666285054e+00 3.960048998930365549e+00 -3.010010724666285054e+00 5.739290801168468459e-01 -4.958149894656606271e+00 3.960048998930365549e+00 -4.958149894656606271e+00 9.933617678004253548e+00
-1.352312771326651841e+01 -5.004247546203946406e+00 -7.453306100951309077e+00 -5.004247546203946406e+00 -3.374876482830372737e+01 -1.567120891804927396e+01 -7.453306100951309077e+00 -1.567120891804927396e+01 -1.485630844417637419e+01
-1.270079782254824430e+01 -7.496977574950613565e+00 8.345479722952795498e+00 -7.496977574950613565e+00 4.867372479701570143e+01 -6.224570276096485166e+00 8.345479722952795498e+00 -6.224570276096485166e+00 -3.384956329390035989e+01
-1.941934489741548475e+01 1.302569517359304108e+01 2.708000532765916013e+00 1.302569517359304108e+01 2.668169145676836251e+01 8.870816545603075198e+00 2.708000532765916013e+00 8.870816545603075198e+00 -5.523840073328379674e+01
-1.383749147588588180e+01 1.051045440279730947e+01 2.164634567993097392e+01 1.051045440279730947e+01 1.460516918808039577e+01 -6.269048902589568151e+00 2.164634567993097392e+01 -6.269048902589568151e+00 -5.666056557696258977e+01
-3.527758912335975339e+01 -6.208084289312881587e+00 1.032040536520103247e-01 -6.208084289312881587e+00 3.076237287729173531e+01 7.008977086456017247e+00 1.032040536520103247e-01 7.008977086456017247e+00 -6.409411102913509239e+01
-2.219673618493777667e+01 -1.740488934593865267e+01 1.172034157762234585e+01 -1.740488934593865267e+01 3.652654222680439489e+01 2.222486076370453922e+00 1.172034157762234585e+01 2.222486076370453922e+00 -5.524400222235277624e+01
-4.146316016320594322e+00 1.252449617349333577e+00 -1.035254860542199395e+00 1.252449617349333577e+00 -1.644332714732092415e-01 6.568075940796107126e+00 -1.035254860542199395e+00 6.568075940796107126e+00 4.807373547691686788e+00
-1.448768954165203837e+01 -8.037117854783874193e+00 -2.312493735635752667e+00 -8.037117854783874193e+00 4.356949525150716340e+01 -2.190095044697437654e+00 -2.312493735635752667e+00 -2.190095044697437654e+00 -5.052550904208104754e+01
3.610719983496634455e+01 -6.884292746207591129e+00 -7.633838103361954452e+00 -6.884292746207591129e+00 4.395447176677209455e+01 1.274872959889713186e+01 -7.633838103361954452e+00 1.274872959889713186e+01 4.512757822991051881e+01
-5.128215775405975840e+00 -1.782822116112952671e+01 -4.019886376596046418e+00 -1.782822116112952671e+01 5.985769403376298925e+01 -8.183895253135215597e+00 -4.019886376596046418e+00 -8.183895253135215597e+00 -3.565838618503359214e+01
4.202143178384470934e-01 3.333430886699219720e+00 4.101603092048027310e-01 3.333430886699219720e+00 -5.694812110716577003e+00 6.651253735801854194e-01 4.101603092048027310e-01 6.651253735801854194e-01 -3.383430660818149693e+00
-1.584321522653152847e+01 -1.479606137944227484e+01 6.109838192408587609e+00 -1.479606137944227484e+01 4.626561510183125847e+01 -1.947366068421995777e+00 6.109838192408587609e+00 -1.947366068421995777e+00 -5.090792474516222654e+01
-2.414565129246216557e+01 1.901383025779135094e+00 1.290608524722144956e+01 1.901383025779135094e+00 -9.921957913510725646e+00 1.093817829262707342e+01 1.290608524722144956e+01 1.093817829262707342e+01 -2.411334444287486001e+00
-3.421148744368309735e+01 1.075127146223364782e+01 -6.034090246067761676e+00 1.075127146223364782e+01 3.256759403092242877e+01 -9.732961825836368153e-01 -6.034090246067761676e+00 -9.732961825836368153e-01 -6.407767268007846440e+01
-2.465912533752482538e+00 3.696580233856583964e-01 -2.177291569974600272e+00 3.696580233856583964e-01 6.359175102123312229e+01 2.288733873840806954e+00 -2.177291569974600272e+00 2.288733873840806954e+00 -3.841875889251246434e+01
-6.532537079395225987e+00 -1.475050325490707159e+01 5.035869015162624862e+00 -1.475050325490707159e+01 1.520192996404430730e+01 -5.880030697533571882e+00 5.035869015162624862e+00 -5.880030697533571882e+00 -2.023655343574381860e+01
-6.981989698722445681e+00 -2.329517564163248622e+01 5.906379186753253130e+00 -2.329517564163248622e+01 -1.060296109360211325e+01 9.209550085269155417e+00 5.906379186753253130e+00 9.209550085269155417e+00 -2.732856871688749578e+01
-5.752557791736304438e+00 1.752230953193081753e+00 6.605652109653621373e+00 1.752230953193081753e+00 2.628315187567018540e+01 1.524983744731641944e-01 6.605652109653621373e+00 1.524983744731641944e-01 -3.034778683334542748e+01
-2.328375702590345142e+01 1.901599119274081540e+00 -8.435800537541044974e+00 1.901599119274081540e+00 3.805842680812961731e+01 6.377250798567740908e+00 -8.435800537541044974e+00 6.377250798567740908e+00 -5.903181782321520643e+01
-3.280265349883399750e+01 1.342053345557065747e+01 1.423992843311446954e+01 1.342053345557065747e+01 3.702398111300551875e+01 4.273551131786782697e+00 1.423992843311446954e+01 4.273551131786782697e+00 -5.219769320895342446e+01
4.059252882254205019e+01 -1.476942679255514479e+00 5.642296023087786772e+00 -1.476942679255514479e+00 -1.037249300563640730e+01 9.893803075845443828e+00 5.642296023087786772e+00 9.893803075845443828e+00 2.774664267934772610e+01
-1.513716465390814037e+01 7.420386024655179824e+00 6.283039020370641659e+00 7.420386024655179824e+00 3.070301095855959517e+01 6.303163008045450155e+00 6.283039020370641659e+00 6.303163008045450155e+00 -4.371689861665272758e+01
4.475358319016157083e+01 -8.001684355294811368e+00 -1.042182794548323876e+01 -8.001684355294811368e+00 -3.064634071733194798e+00 1.388299007946090668e+01 -1.042182794548323876e+01 1.388299007946090668e+01 4.670752482468332545e+01
2.671473132539999185e+01 -5.083761723096221985e+00 -5.383804373962258971e+00 -5.083761723096221985e+00 1.914529399328912973e+01 -2.151289283053134227e+01 -5.383804373962258971e+00 -2.151289283053134227e+01 2.594919670922643462e+01
-7.809268884405013544e+00 4.462183893043241145e-01 4.074972126691664420e-01 4.462183893043241145e-01 -5.954843275378752132e+00 -2.711826991959206179e+00 4.074972126691664420e-01 -2.711826991959206179e+00 -1.297753920095500213e+01
-2.905781551228796644e+01 -9.797827593787900469e+00 1.179821800706223911e+01 -9.797827593787900469e+00 1.614358712539405971e+01 1.344117179659148675e+01 1.179821800706223911e+01 1.344117179659148675e+01 -4.969945141916785758e+01
-7.597039077804880414e+00 1.232134330128105804e+00 -1.048220860131198329e+01 1.232134330128105804e+00 3.945210207366946520e+01 4.931510040257697014e+00 -1.048220860131198329e+01 4.931510040257697014e+00 -4.211412185181003309e+01
5.925594509279400235e+00 -2.393553830253087966e+01 1.278869306207229384e+00 -2.393553830253087966e+01 3.664981167823551544e+01 1.193439273972829540e+01 1.278869306207229384e+00 1.193439273972829540e+01 -1.730876168353796274e+01
-2.479380695247718336e+01 6.273095422360862372e+00 -1.106535468257471244e+01 6.273095422360862372e+00 3.036839475118379283e+01 9.886818631386787848e-01 -1.106535468257471244e+01 9.886818631386787848e-01 -6.022911526585555464e+01
-2.018090755102876344e+01 8.043071291190846850e+00 -6.433067976439546531e-02 8.043071291190846850e+00 6.830323669856432911e-01 3.235705861968721564e+00 -6.433067976439546531e-02 3.235705861968721564e+00 2.477351182091597082e+01
-3.558588401163501835e+00 6.863925723029145054e-01 3.314482423156277502e+00 6.863925723029145054e-01 2.885220878927882149e-01 4.930705064363761214e-01 3.314482423156277502e+00 4.930705064363761214e-01 -1.370256630918161989e+01
3.246538882744538768e+01 2.914783879458837745e+01 -1.271091929940076071e+01 2.914783879458837745e+01 1.979773199174006493e+01 -1.543715868948251746e+01 -1.271091929940076071e+01 -1.543715868948251746e+01 5.210694387217873924e+01
-2.580147177059188124e+01 -2.329347301565544726e+01 -1.042627260721065952e+01 -2.329347301565544726e+01 2.027635260088658598e+01 -3.090396043518540470e+00 -1.042627260721065952e+01 -3.090396043518540470e+00 -3.217611316586646808e+01
-5.007819904989192139e+01 -5.860682407521756510e+00 1.067801805659547121e+01 -5.860682407521756510e+00 -2.762820179025253964e+01 -7.902248675844204762e+00 1.067801805659547121e+01 -7.902248675844204762e+00 -7.374028006070479080e+01
-8.332664224085871041e+00 2.344321637899618338e+00 3.563952435111778616e+00 2.344321637899618338e+00 9.344522471862035218e+00 6.625179728448649108e+00 3.563952435111778616e+00 6.625179728448649108e+00 -1.187179873100992289e+01
-3.814627031208223684e+01 -5.774869267758141689e+00 -1.296056166723232828e+01 -5.774869267758141689e+00 2.613473487348263191e+01 5.432616641520689349e+00 -1.296056166723232828e+01 5.432616641520689349e+00 -6.600539328988921284e+01
-9.511693175701981806e-01 9.673193899008618146e+00 -1.213680987828441538e+01 9.673193899008618146e+00 1.957052806139412127e+01 -1.152230694397778032e+00 -1.213680987828441538e+01 -1.152230694397778032e+00 -1.591809201213647995e+01
-4.491317376006627171e+01 -2.350194997328247215e+00 4.568180886710671018e+00 -2.350194997328247215e+00 1.919850226460375708e+01 3.389742539629652107e-01 4.568180886710671018e+00 3.389742539629652107e-01 -7.957758446171588673e+01
-3.026951153599204503e+01 -1.852668113647609083e+00 1.450939445703994224e+01 -1.852668113647609083e+00 -1.690168473344278155e+01 -5.822425194050150132e+00 1.450939445703994224e+01 -5.822425194050150132e+00 -3.975129101005206422e+01
-4.251026820186144306e+00 1.166911994736716363e+00 4.960038482881230948e+00 1.166911994736716363e+00 5.201503445880861420e+01 -1.447988947475574495e+00 4.960038482881230948e+00 -1.447988947475574495e+00 -3.662039267992595626e+01
-7.418783703644160177e+00 -1.271910438156567302e+01 -4.826244314370546462e+00 -1.271910438156567302e+01 3.033026340466332016e+01 -6.598635916272214352e+00 -4.826244314370546462e+00 -6.598635916272214352e+00 -1.843923689367028729e+01
6.702702587359428144e-01 -4.882589639619127064e-01 -2.954889507044176966e+00 -4.882589639619127064e-01 -1.809484797870764661e+00 1.862436121250051313e+00 -2.954889507044176966e+00 1.862436121250051313e+00 -5.077380422046597452e+00
2.312876237415555281e+01 -2.271263486445656099e+01 -1.360825376165190059e+00 -2.271263486445656099e+01 3.619603786101251330e+01 -4.155589003462395681e+00 -1.360825376165190059e+00 -4.155589003462395681e+00 3.024291342531050120e+01
2.865599434728930461e+01 -5.376080599040670371e+00 2.371823505177298674e+00 -5.376080599040670371e+00 2.814515633158307040e+01 -5.839065218749887265e+00 2.371823505177298674e+00 -5.839065218749887265e+00 3.316310656147726377e+01
-1.518440694820430714e+01 -3.177855889615811780e+00 1.084567844775163792e+01 -3.177855889615811780e+00 -1.075709321719227951e+01 2.209455805281921315e+00 1.084567844775163792e+01 2.209455805281921315e+00 -1.881221112207788693e+01
-1.905270503173639796e+01 -1.186850397127615198e+00 -1.242415127018467480e+01 -1.186850397127615198e+00 2.363870111274541230e+01 -1.571583749658082674e+01 -1.242415127018467480e+01 -1.571583749658082674e+01 -6.855014535370402484e+01
-1.221363589528010074e+01 -1.031757059351336281e+01 4.684954821485261545e-01 -1.031757059351336281e+01 3.308895380822463750e+01 -1.179310433354382015e+00 4.684954821485261545e-01 -1.179310433354382015e+00 -3.872683897919788620e+01
-1.499576911955705860e+01 1.219717368472172225e+01 -2.810435881408725578e+00 1.219717368472172225e+01 4.179074337997234068e+01 4.688009043696263589e+00 -2.810435881408725578e+00 4.688009043696263589e+00 -3.925448624758175953e+01
-2.225674368847262485e+01 -1.606156042221068603e+01 1.074611801888474494e+00 -1.606156042221068603e+01 4.653557387117118793e+01 1.307416880982907204e+00 1.074611801888474494e+00 1.307416880982907204e+00 -4.736390064678860767e+01
-4.529692553353103790e+01 -3.318160042569291868e+00 -6.406854243581546982e+00 -3.318160042569291868e+00 2.864897699789697683e+01 2.799902389498888589e+00 -6.406854243581546982e+00 2.799902389498888589e+00 -7.703837778420241023e+01
6.157194866236049080e+01 -9.167782635270944891e-02 1.520898956899464416e+01 -9.167782635270944891e-02 2.867605237731742918e+01 3.593471448067850016e+00 1.520898956899464416e+01 3.593471448067850016e+00 6.527363743230144166e+01
-1.102405673115919349e+01 -7.115146591334845283e+00 -2.696944635615418306e+00 -7.115146591334845283e+00 -6.672556842076465600e+00 4.109120133102557304e+00 -2.696944635615418306e+00 4.109120133102557304e+00 -2.391535615467351050e+01
1.170889290018831547e-01 4.996929292158488245e+00 -7.236017902117794165e+00 4.996929292158488245e+00 4.482053252298177171e+01 -8.516147390021878039e+00 -7.236017902117794165e+00 -8.516147390021878039e+00 -1.804219130137704497e+01
-3.433608606541459274e+00 1.299567274003641337e+01 1.140295575456762300e+00 1.299567274003641337e+01 6.055906701114828650e+01 5.596379036075068925e+00 1.140295575456762300e+00 5.596379036075068925e+00 -4.292948751908783578e+01
8.915533685918850537e+00 5.134388164135947008e+00 -4.490683257597258837e+00 5.134388164135947008e+00 3.444729693361659173e+01 -9.266398385618773714e-01 -4.490683257597258837e+00 -9.266398385618773714e-01 4.702260203570910235e+00
-8.329469500640069413e+00 -2.395273867743155094e+00 9.790033807258318177e+00 -2.395273867743155094e+00 5.647880662834430865e+01 2.236779225914212965e+00 9.790033807258318177e+00 2.236779225914212965e+00 -3.208729817345729884e+01
-4.656009713647947024e+00 -6.522455748889476546e+00 -3.758120405687708665e+00 -6.522455748889476546e+00 5.635552664112821475e+01 -2.132555460858010399e+00 -3.758120405687708665e+00 -2.132555460858010399e+00 -5.437021036566933674e+01
-1.076288051367802723e+01 1.304243300127883387e+01 8.605349036113461025e+00 1.304243300127883387e+01 3.059625875389936311e+01 2.435536157672187230e+00 8.605349036113461025e+00 2.435536157672187230e+00 -3.852108808634255865e+01
-1.604906973883708687e+01 -1.580103565818840217e+01 -1.690890881919500899e+01 -1.580103565818840217e+01 1.474380340860877858e+01 2.227896569779125002e+01 -1.690890881919500899e+01 2.227896569779125002e+01 -2.954816462814977385e+01
-1.446149243771870196e+01 -1.138936260975370729e+01 -5.081728857350389816e+00 -1.138936260975370729e+01 4.375054151274750325e+01 1.115536764490082255e+01 -5.081728857350389816e+00 1.115536764490082255e+01 -5.017248387299299850e+01
-6.906006868769841489e+00 3.502797205665186819e+00 7.320100604179922144e-01 3.502797205665186819e+00 5.189771328882400780e+01 4.832025828618426999e+00 7.320100604179922144e-01 4.832025828618426999e+00 -4.717077356703858726e+01
-3.322602267707755885e+01 1.467832695390955067e+01 7.351696998066142186e+00 1.467832695390955067e+01 -3.789405129923419935e+01 -1.037002578694091248e+01 7.351696998066142186e+00 -1.037002578694091248e+01 -8.083824398771707109e+00
5.085546425421527772e+01 -7.292906182540212612e+00 -8.657232265891982692e+00 -7.292906182540212612e+00 5.520602439570186704e+01 -7.930170299634310416e-01 -8.657232265891982692e+00 -7.930170299634310416e-01 5.124770966585572296e+01
-2.317732895707231222e+01 2.407824968758276896e+00 -1.058275280699630949e+00 2.407824968758276896e+00 3.244090414142358014e+01 2.137736285754340493e+00 -1.058275280699630949e+00 2.137736285754340493e+00 -4.156379791135060486e+01
6.042423415697379951e+00 3.129612816079461179e+00 -5.214397807222130865e-01 3.129612816079461179e+00 1.114161481668568987e+00 1.262658670025420093e+00 -5.214397807222130865e-01 1.262658670025420093e+00 -2.986497194712008918e-01
-3.642276983253456990e+01 5.519991483331002868e+00 -6.670623434693530918e+00 5.519991483331002868e+00 1.814861493917773316e+01 -5.881764238492735331e+00 -6.670623434693530918e+00 -5.881764238492735331e+00 -5.823692197158422346e+01
-5.451098503237619752e+01 -4.235071617834148539e-01 6.203733976913992088e+00 -4.235071617834148539e-01 -2.817387088811241558e+00 -1.376904964701929401e+01 6.203733976913992088e+00 -1.376904964701929401e+01 -5.922098951946384204e+01
-2.088017928034673076e+01 -5.141247389316268901e+00 1.376707441143139654e+01 -5.141247389316268901e+00 2.713028276263075256e+01 3.530510701958988307e+00 1.376707441143139654e+01 3.530510701958988307e+00 -4.385115748855670148e+01
-3.961321235583237410e+01 -2.981271067517425433e+00 -3.441020970558488212e-01 -2.981271067517425433e+00 1.263434899968066816e+01 -2.256794691706235589e+00 -3.441020970558488212e-01 -2.256794691706235589e+00 -7.454645936481941249e+01
-4.490953856947736966e+01 -9.064294235406718414e+00 -1.068635551432035236e+01 -9.064294235406718414e+00 -4.979926225149971941e+01 -5.027482439717480212e+00 -1.068635551432035236e+01 -5.027482439717480212e+00 -2.386222221436694468e+01
7.097137558330949503e+00 3.060838631125912368e+00 1.953658342077079446e+00 3.060838631125912368e+00 1.343931319904534050e+01 -2.427994048638765889e+00 1.953658342077079446e+00 -2.427994048638765889e+00 -3.582995984394761635e+00
-3.314023937928170405e+00 -2.067297120245804032e-01 1.859756513212946993e+00 -2.067297120245804032e-01 1.283596203798001234e+01 4.978826043552964542e+00 1.859756513212946993e+00 4.978826043552964542e+00 -1.011050233080279348e+01
-6.883325421792122256e+00 3.513744981985586691e+01 -8.439803104212971752e-01 3.513744981985586691e+01 2.244251521485840684e+01 8.852580914924974564e+00 -8.439803104212971752e-01 8.852580914924974564e+00 -3.851402619431003416e+01
-2.914108812261115489e+01 -2.319663098199831808e+01 -1.348650359079636374e+01 -2.319663098199831808e+01 8.224365124386302739e+00 4.095343076284544637e+00 -1.348650359079636374e+01 4.095343076284544637e+00 -6.390018994575818567e+01
-3.122046092904225745e+01 5.112852505590590901e+00 -2.756779416388899673e+00 5.112852505590590901e+00 4.210010554039641306e+01 -3.501838355303460437e-01 -2.756779416388899673e+00 -3.501838355303460437e-01 -6.507099595016603644e+01
-1.827133059197448617e+01 -9.185553591013388086e+00 -1.291615601330443930e+01 -9.185553591013388086e+00 -5.154472421217598566e+01 1.950115977494945341e+01 -1.291615601330443930e+01 1.950115977494945341e+01 -9.507252895169614249e+00
-4.474813334072496218e+01 3.041800962248280449e+00 -8.876637200427753172e+00 3.041800962248280449e+00 4.033334367437318946e+01 -1.938216288468427351e+01 -8.876637200427753172e+00 -1.938216288468427351e+01 3.891859111266446014e+00
-5.170969440020625640e+00 -1.582625576234378550e-01 1.419429681332827542e+01 -1.582625576234378550e-01 6.203831594173068709e+01 3.559665365277409510e+00 1.419429681332827542e+01 3.559665365277409510e+00 -3.453967296081754768e+01
-1.741800601003805227e+01 4.279719494464534257e+00 -2.192282015606127121e+00 4.279719494464534257e+00 3.319501336773176803e+01 -6.448566535913471398e+00 -2.192282015606127121e+00 -6.448566535913471398e+00 -5.891048280529371084e+01
4.176173489009359230e+01 7.501503463085046342e+00 8.505041718305800913e+00 7.501503463085046342e+00 -5.079448961979600163e+00 -1.361182435340645469e+01 8.505041718305800913e+00 -1.361182435340645469e+01 6.718314065304308258e+01
-1.998176832451271068e+01 -1.195667138641110938e+01 -7.346042811814823992e+00 -1.195667138641110938e+01 2.859274620140847034e+01 1.212301769249820360e+00 -7.346042811814823992e+00 1.212301769249820360e+00 -3.313593471873556240e+01
2.301773393581206406e+01 1.304592147006323444e+01 4.616404305817223830e-01 1.304592147006323444e+01 1.050525559810020582e+01 2.003465185363853873e+00 4.616404305817223830e-01 2.003465185363853873e+00 2.297332523660758241e+01
-1.031478993064430050e+01 -8.274422835251119324e+00 1.782201682318950375e+01 -8.274422835251119324e+00 1.039648439147334402e+00 8.201356888230727504e-01 1.782201682318950375e+01 8.201356888230727504e-01 -1.163286714424813084e+01
3.719045748529146778e+01 3.028966113095748369e+00 -4.235179820163591735e+00 3.028966113095748369e+00 4.304670876971600535e+01 2.517276446182064475e+00 -4.235179820163591735e+00 2.517276446182064475e+00 4.675790333635652019e+01
-2.437122892461450085e+00 2.860376585007152173e+01 9.013332160676320370e+00 2.860376585007152173e+01 5.210830534086147026e+01 3.924419448722033188e+00 9.013332160676320370e+00 3.924419448722033188e+00 -2.308847542500813432e+01
-9.693125940302289578e+00 -7.329205766697342028e-01 8.962378692328758945e+00 -7.329205766697342028e-01 2.546952246846054635e+01 3.008846378380918285e+00 8.962378692328758945e+00 3.008846378380918285e+00 -2.625578045641034208e+01
4.131314435587279377e+01 3.281553825260723478e+00 8.252633150247220328e+00 3.281553825260723478e+00 4.328195697364682815e+01 -9.774849669385303752e-01 8.252633150247220328e+00 -9.774849669385303752e-01 3.472586852285109416e+01
1.443543785194013651e+01 1.471492309143771138e+01 1.049015143120624494e+01 1.471492309143771138e+01 -9.105369214359701147e+00 -4.885678976503491810e+00 1.049015143120624494e+01 -4.885678976503491810e+00 4.986635274483404601e+01
-6.615514769496611436e+00 -1.800249087094202238e+01 5.067543124999375870e+00 -1.800249087094202238e+01 -3.102703197149469005e+01 -1.548721531993158873e+00 5.067543124999375870e+00 -1.548721531993158873e+00 -1.662522419845365862e+00
-1.810898869020221724e+01 -7.366280558248269550e+00 1.786558043302306054e+00 -7.366280558248269550e+00 3.530383113357766689e+01 2.856039021229360486e+00 1.786558043302306054e+00 2.856039021229360486e+00 -4.918875319171278448e+01
-2.913551461004333376e+01 -7.750092892188085614e+00 -2.843456764197854092e+00 -7.750092892188085614e+00 -6.264663444735435682e+00 -5.757039836809922484e+00 -2.843456764197854092e+00 -5.757039836809922484e+00 -2.828054559694382064e+01
3.044405950186046894e+01 -4.690642135083623820e+00 1.009528311436296732e+01 -4.690642135083623820e+00 3.722213871564764531e+01 7.956405432234959108e+00 1.009528311436296732e+01 7.956405432234959108e+00 2.230559628136063566e+01
-8.558991648584335366e+00 7.761946827505801672e+00 1.468476565073091678e+01 7.761946827505801672e+00 3.607892356941950851e+01 -8.390023173990948990e+00 1.468476565073091678e+01 -8.390023173990948990e+00 -4.391718864060707261e+01
-1.318470462893325701e+00 -6.928952633687123885e+00 -2.698693059350311674e-01 -6.928952633687123885e+00 3.726786841860097610e+01 6.385364155665976149e+00 -2.698693059350311674e-01 6.385364155665976149e+00 -1.619041925445256425e+01
2.599728730322615888e+01 -8.165578959194929709e+00 5.336755943725050244e+00 -8.165578959194929709e+00 2.763979722328347677e+01 2.431283372307162072e+00 5.336755943725050244e+00 2.431283372307162072e+00 2.138573629024454803e+01
