2.719784538158550191e+01 -2.577254613390387306e+00 2.026947037276813646e+01 -2.577254613390387306e+00 -6.687061371254767295e+00 -2.022421913385661085e+01 2.026947037276813646e+01 -2.022421913385661085e+01 2.220079726674321918e+01
-3.621786221092508917e+00 2.165961342839783477e+00 4.833375562894760336e+00 2.165961342839783477e+00 -1.083892574581676449e+01 5.577035118377834166e+00 4.833375562894760336e+00 5.577035118377834166e+00 8.989733424489136482e+00
-1.371898776173659762e+01 -6.309941781781979842e+00 7.718687713402410999e+00 -6.309941781781979842e+00 -2.983331325705960069e+01 -2.294930089233197190e+00 7.718687713402410999e+00 -2.294930089233197190e+00 -1.887238411748157674e+01
-2.651949391077013729e+01 1.275002066761023478e+01 -1.889923909114607170e+00 1.275002066761023478e+01 -4.008162779928765929e+01 -1.142857526952582958e+01 -1.889923909114607170e+00 -1.142857526952582958e+01 -2.998414248341669719e+01
1.289046651502710361e+00 -3.219014651928461035e+00 9.605996740174504112e+00 -3.219014651928461035e+00 -1.856133238608220282e+01 -7.381343811470654437e+00 9.605996740174504112e+00 -7.381343811470654437e+00 1.214507343017561913e+00
-5.907527412643559295e+00 2.058886012619948414e+00 2.853702506516005322e+00 2.058886012619948414e+00 -3.156934308647382181e+01 9.001493170068810556e+00 2.853702506516005322e+00 9.001493170068810556e+00 -2.617809728073653375e+01
-3.183931114617721825e-01 5.997807436273085990e+00 8.788761972937956912e+00 5.997807436273085990e+00 1.173018589805431722e+00 4.948615148587702517e-02 8.788761972937956912e+00 4.948615148587702517e-02 2.301354369394302424e+01
-1.231737450526194166e+01 -8.634079118469921710e+00 1.523804824346689202e+01 -8.634079118469921710e+00 -5.053946083732594019e+01 8.088115328023189221e+00 1.523804824346689202e+01 8.088115328023189221e+00 -1.126822844783765731e+01
-1.440095337505998074e+01 1.194873476460991490e+01 4.489031120745324621e+00 1.194873476460991490e+01 -1.547693565359425882e+01 1.516170054260054911e+01 4.489031120745324621e+00 1.516170054260054911e+01 -1.357598112615750630e+01
-1.388938433433530051e+01 1.128604905304426076e+01 2.738330520032513427e+00 1.128604905304426076e+01 -2.117975774391689470e+01 -4.168523429641705746e+00 2.738330520032513427e+00 -4.168523429641705746e+00 -9.540747836837155660e+00
-1.536009275507465510e+01 2.740978656366308996e+00 1.022739976850842503e+01 2.740978656366308996e+00 -2.243572605517059060e+01 2.010188197429192059e+01 1.022739976850842503e+01 2.010188197429192059e+01 1.108071381715123982e+00
-8.899269591503967902e+00 -4.775488648327009145e+00 7.490721660907468049e+00 -4.775488648327009145e+00 -5.706677828485095461e+01 -4.570453602938934878e+00 7.490721660907468049e+00 -4.570453602938934878e+00 -1.432184993789793204e+01
1.211172798242258608e+01 2.473442156834318784e+00 1.310050460850788490e+01 2.473442156834318784e+00 6.729679176906894433e+00 -5.685026747723941121e+00 1.310050460850788490e+01 -5.685026747723941121e+00 2.580386207232320572e+01
-3.310191584113420049e+01 1.325288986610114783e+01 9.158003746796103073e+00 1.325288986610114783e+01 -3.809103203325124554e+01 -2.367544776943330209e+00 9.158003746796103073e+00 -2.367544776943330209e+00 -4.215986546118620026e+01
2.756193141696046922e+01 1.317207762849636943e+01 1.665009167164533110e+01 1.317207762849636943e+01 7.237817623308120396e+00 -5.973399213814380104e+00 1.665009167164533110e+01 -5.973399213814380104e+00 3.749978709778540775e+01
-1.785052535538997631e+01 6.133569631360622054e+00 1.375248816446529077e+00 6.133569631360622054e+00 -4.296422216104880221e+01 -6.088011483615692221e+00 1.375248816446529077e+00 -6.088011483615692221e+00 -2.568752901729045846e+01
3.445537816616917581e+01 -1.476514793545302684e+00 7.690319660467737073e+00 -1.476514793545302684e+00 3.565787707174853693e+01 4.819605135470247603e+00 7.690319660467737073e+00 4.819605135470247603e+00 3.188477135645715776e+01
2.617115285479138365e+01 1.071311428855067915e-01 1.306186795463546346e+01 1.071311428855067915e-01 1.494036070517807069e+01 1.019270688059400953e+01 1.306186795463546346e+01 1.019270688059400953e+01 1.937280188137613379e+01
1.714962068778397963e+01 4.933637556375918831e-01 1.947688002129521578e+01 4.933637556375918831e-01 -2.471635749562913986e+01 2.259290833474005833e+00 1.947688002129521578e+01 2.259290833474005833e+00 2.630158765061331727e-01
2.264021844095259084e+01 -1.281359700441172933e+01 9.940621031664207408e+00 -1.281359700441172933e+01 7.855930306594656187e+00 8.123854642770552692e-01 9.940621031664207408e+00 8.123854642770552692e-01 -1.876657772662245094e+00
5.630879087252740334e+01 -9.395053875547199063e-02 1.423758534316485225e+01 -9.395053875547199063e-02 5.830967180446322118e+01 -5.063977044688606099e+00 1.423758534316485225e+01 -5.063977044688606099e+00 4.133534269591327615e+01
2.959120964589969560e+01 5.568813301878021704e+00 5.207214339483608789e+00 5.568813301878021704e+00 -1.531000123708728822e+01 -1.358482047662019454e+01 5.207214339483608789e+00 -1.358482047662019454e+01 2.731813262336456205e+01
1.406753653312819274e+01 1.922750210165664697e+01 4.092787704650707958e+00 1.922750210165664697e+01 -7.551484270871662297e+00 2.613919247186359485e+00 4.092787704650707958e+00 2.613919247186359485e+00 5.145708662941057554e+00
1.000723960355816722e+01 4.166645708209343546e+00 1.219866294425417586e+01 4.166645708209343546e+00 2.191569313941016117e-01 -9.570516849140561222e-01 1.219866294425417586e+01 -9.570516849140561222e-01 5.862431492802155919e-01
2.062181629640665648e+01 -3.764164221573814473e+00 2.638760739197834937e+00 -3.764164221573814473e+00 8.119905542197344062e+00 1.237779681292400014e+01 2.638760739197834937e+00 1.237779681292400014e+01 2.731050319665200021e+01
1.139432913006730219e+00 -6.010669552962621509e+00 8.096604280655112618e+00 -6.010669552962621509e+00 -1.118925981672202496e+01 -1.501755412745310991e+00 8.096604280655112618e+00 -1.501755412745310991e+00 7.817940333022789012e+00
3.544655897945505529e+01 6.941536124026834287e+00 1.368084614237311492e+01 6.941536124026834287e+00 2.717350073227530061e+01 1.384195359191038754e+00 1.368084614237311492e+01 1.384195359191038754e+00 6.227556696786462709e+01
1.515388575884590594e+01 -9.270414712848349836e+00 4.278179512894344327e+01 -9.270414712848349836e+00 -1.801947365352321384e+01 -1.989678077652614263e+01 4.278179512894344327e+01 -1.989678077652614263e+01 3.354779242808671569e+01
-4.552232678516713982e+00 5.367402236842161223e+00 5.053103947359143255e+00 5.367402236842161223e+00 -1.508259630345454028e+01 6.659605141222219027e-01 5.053103947359143255e+00 6.659605141222219027e-01 7.257984932786903265e+00
4.700781877039943879e+00 4.976101790594123386e+00 9.827170406869589314e+00 4.976101790594123386e+00 -7.092491025312912534e+00 -6.724302705568244720e-01 9.827170406869589314e+00 -6.724302705568244720e-01 1.915202973927166852e+01
-8.819662721793838145e+00 1.814806861400027671e+01 -3.008411929899145409e+00 1.814806861400027671e+01 -2.830820223117818912e+01 -3.541402717748429740e+00 -3.008411929899145409e+00 -3.541402717748429740e+00 2.039113797290454499e+00
-3.700758543892536778e+01 1.183786249111627997e+00 4.621177565151998401e+00 1.183786249111627997e+00 -4.830891261214604526e+01 4.366664217364862322e-01 4.621177565151998401e+00 4.366664217364862322e-01 -4.337453517347187670e+01
2.035179931293144762e+01 3.000808793013807652e+00 1.533681193890264716e+01 3.000808793013807652e+00 4.143501422218125896e+00 -1.192814539844222033e+01 1.533681193890264716e+01 -1.192814539844222033e+01 1.481407894337285036e+01
1.280553776304892999e+01 6.233913331393768631e-02 -4.975102023730678530e-02 6.233913331393768631e-02 3.033181374492674820e+01 3.539546615075537694e+00 -4.975102023730678530e-02 3.539546615075537694e+00 2.703134337076104998e+01
4.371805723477977068e+01 -6.472963669559033129e+00 1.636117364242885452e+00 -6.472963669559033129e+00 3.613073639151964755e+01 6.679474000343780915e+00 1.636117364242885452e+00 6.679474000343780915e+00 3.474841892763380002e+01
-4.761634722904287131e-01 3.369836362158687315e+00 1.191713159463821370e+01 3.369836362158687315e+00 -1.219755860698955985e+01 3.550940535815854560e+00 1.191713159463821370e+01 3.550940535815854560e+00 6.018919488698907250e-01
2.641516654063964520e-01 4.921288222639051746e+00 8.841797033113619975e+00 4.921288222639051746e+00 -3.666039776741647671e+01 -2.234032100516742503e+01 8.841797033113619975e+00 -2.234032100516742503e+01 -1.258270684135306894e+01
7.611537231599321274e+00 8.550421545719524730e+00 9.589307376699014895e+00 8.550421545719524730e+00 -4.983804067719875164e+00 -1.536369776794694353e+01 9.589307376699014895e+00 -1.536369776794694353e+01 -7.045267923045393843e+00
6.496781796508547258e-01 -7.616156478303029331e+00 -5.537035750565055814e+00 -7.616156478303029331e+00 -9.473609431352293386e-01 6.747892596565980838e-01 -5.537035750565055814e+00 6.747892596565980838e-01 -4.928191482122635247e-01
4.302307451100452873e+00 8.812212743578470509e+00 6.072976880085684037e+00 8.812212743578470509e+00 -5.815478523391937493e+00 -2.757823734120855352e+00 6.072976880085684037e+00 -2.757823734120855352e+00 1.530698307323853413e+01
-1.705097571509450916e+01 -1.303001841716866949e+01 9.533188041206850372e+00 -1.303001841716866949e+01 -1.059895656321506863e+01 4.559156581758974092e+00 9.533188041206850372e+00 4.559156581758974092e+00 7.845038645004891897e+00
5.594397414347280062e+01 6.058225257824284782e+00 2.309197516545533801e+01 6.058225257824284782e+00 1.197884559368714186e+01 -2.754632201360645460e+00 2.309197516545533801e+01 -2.754632201360645460e+00 3.901010192826063872e+01
3.211988656864479452e+01 7.945905115540610630e+00 2.826341662943520205e+01 7.945905115540610630e+00 1.296264952169246953e+01 -6.471015012868737148e-01 2.826341662943520205e+01 -6.471015012868737148e-01 3.495096440356736878e+01
1.735215625589625432e+01 -1.924532527769010315e+01 2.434162272696352858e+01 -1.924532527769010315e+01 -2.336151773355661732e+01 -1.484341931531838554e+01 2.434162272696352858e+01 -1.484341931531838554e+01 5.364914486395534254e+00
-2.739570745122208884e+00 1.462581537945783339e+01 1.357542974265993152e+01 1.462581537945783339e+01 -1.689310812166117159e+01 2.336242021873196517e+00 1.357542974265993152e+01 2.336242021873196517e+00 1.295372310387649861e+01
2.866439577609001432e+01 9.333829349002645159e+00 1.108041258730273348e+01 9.333829349002645159e+00 3.367071035552866221e+01 1.885277122882882184e+00 1.108041258730273348e+01 1.885277122882882184e+00 5.038332696059347171e+01
3.394509760058607384e+01 7.558819404440408007e+00 4.721299038198440989e+00 7.558819404440408007e+00 6.261164786356825829e+00 -5.989943497273940487e+00 4.721299038198440989e+00 -5.989943497273940487e+00 4.165273820112793146e+01
-5.149287841350543848e-01 1.177904366971743144e+01 6.476773656046864502e+00 1.177904366971743144e+01 -1.481766314499602899e+01 1.533489030020300348e+00 6.476773656046864502e+00 1.533489030020300348e+00 -5.400984690963299251e+00
3.634295859182228128e+01 1.096058809930184630e+01 9.680320375397668542e+00 1.096058809930184630e+01 3.338224177131927917e+01 7.270661419263494629e+00 9.680320375397668542e+00 7.270661419263494629e+00 2.932990991046343154e+01
1.537352253373460087e+01 -1.923737268634631237e+00 7.263736160991521196e+00 -1.923737268634631237e+00 1.124515179393870667e+01 7.560610444757315918e+00 7.263736160991521196e+00 7.560610444757315918e+00 2.351668084830631145e+01
3.067598485520784379e+01 1.521796798877797308e+01 4.883117645225746628e+01 1.521796798877797308e+01 1.445465581774185715e+01 1.517271203957140457e+01 4.883117645225746628e+01 1.517271203957140457e+01 1.994634004704231955e+01
3.114169974152104814e+01 1.057990058923355292e+01 3.487823915579675571e+01 1.057990058923355292e+01 1.998088145107352531e+01 5.481948149964378736e+00 3.487823915579675571e+01 5.481948149964378736e+00 2.062404369415721206e+01
3.098040027939993557e+00 6.299483815114961693e+00 1.708608519948490923e+01 6.299483815114961693e+00 -7.852445084549338761e-01 6.226757167844391816e+00 1.708608519948490923e+01 6.226757167844391816e+00 2.500016171078200955e+01
-4.540410519745600482e+01 1.494147407365910851e+01 6.795134914197317855e+00 1.494147407365910851e+01 -6.855271076669296804e+01 -2.097792425756241086e-01 6.795134914197317855e+00 -2.097792425756241086e-01 -5.398677340206330655e+01
1.779227791820688154e+01 7.194747029670100602e+00 1.480429180693167979e+01 7.194747029670100602e+00 2.958747601820011841e+00 -9.984099406469546523e+00 1.480429180693167979e+01 -9.984099406469546523e+00 6.049499627024859549e+00
-1.192380338849795551e+00 9.132014412380486945e+00 7.791575191506065146e+00 9.132014412380486945e+00 -8.604454424805377144e+00 8.135329228701593252e+00 7.791575191506065146e+00 8.135329228701593252e+00 -6.906537297292224764e+00
9.005466355257031097e+00 2.094108132525390964e+00 1.561572138167703372e+01 2.094108132525390964e+00 -1.318807507100917320e+01 -4.812351541393645959e+00 1.561572138167703372e+01 -4.812351541393645959e+00 6.489524418404075234e+00
-3.809878593483062303e+01 -4.241646347696587660e-01 9.862000485990671805e+00 -4.241646347696587660e-01 -9.514787741969703916e+01 4.428067942882417896e+00 9.862000485990671805e+00 4.428067942882417896e+00 -5.386405671697963982e+01
-1.637896917066016655e+01 2.885371873701830236e-01 1.239349458977534013e+01 2.885371873701830236e-01 -3.528594142299355241e+01 3.352633555998045800e-01 1.239349458977534013e+01 3.352633555998045800e-01 -1.949179665310403564e+01
-2.941535392977160157e+00 2.173388609612589661e+01 2.458413651442180736e+01 2.173388609612589661e+01 -3.501902111155301611e+01 -5.390450879917445093e+00 2.458413651442180736e+01 -5.390450879917445093e+00 -1.307446890164900388e+01
-3.106374574498279983e+01 4.468022486799496207e+00 1.441142178354643733e+01 4.468022486799496207e+00 -5.137747766413012585e+01 1.049775733123169452e+01 1.441142178354643733e+01 1.049775733123169452e+01 -2.185512437831034305e+01
-6.066546442600928124e+00 -2.023722988284264446e+00 5.377610902257636383e+00 -2.023722988284264446e+00 -2.349909869133565365e+01 -3.060469180365480657e+00 5.377610902257636383e+00 -3.060469180365480657e+00 -1.684051713985782328e+01
-7.928026279729699866e+00 6.134845215746779878e+00 2.230289555544818114e+00 6.134845215746779878e+00 -2.845305261208804026e+01 -8.392084480842639138e+00 2.230289555544818114e+00 -8.392084480842639138e+00 -1.762751588224186960e+01
-1.070487985702021128e+01 5.890807955453754907e+00 1.801488981979003867e+01 5.890807955453754907e+00 -1.042468631650467970e+01 4.639585620383185116e+00 1.801488981979003867e+01 4.639585620383185116e+00 1.355588773333644781e+01
4.721553472473033963e+01 -2.611121229053288140e+00 5.171579879470606045e+01 -2.611121229053288140e+00 3.022927323340328432e+00 1.485698298851014165e+01 5.171579879470606045e+01 1.485698298851014165e+01 1.931739826548118444e+01
-2.375008504091101091e+00 6.212900977483464260e+00 2.695699860994602659e+01 6.212900977483464260e+00 -2.409828254229148214e+01 -5.737046602470165929e-02 2.695699860994602659e+01 -5.737046602470165929e-02 -2.539513929918142665e+01
1.876389163770826229e+01 -5.543995297426439706e+00 8.837837899103060835e+00 -5.543995297426439706e+00 6.891657964873405540e+00 9.009085376554988756e+00 8.837837899103060835e+00 9.009085376554988756e+00 -9.393115232014519478e+00
-1.744562445637227199e+01 2.488265052161763080e+00 2.447365410494472204e+00 2.488265052161763080e+00 -5.148816166821657880e+00 1.610004095761973009e+00 2.447365410494472204e+00 1.610004095761973009e+00 8.473979102524365814e+00
6.623453712969141094e+00 -5.183320605383101132e+00 7.240097472314566573e+00 -5.183320605383101132e+00 3.292028812898922574e+00 -5.500926913242681238e+00 7.240097472314566573e+00 -5.500926913242681238e+00 2.380674360686005997e+01
3.366103344958381882e+01 3.191802041421012426e+00 1.044117578924467615e+01 3.191802041421012426e+00 3.482600577647486517e+01 2.535571181161438981e-01 1.044117578924467615e+01 2.535571181161438981e-01 2.696570049295101512e+01
1.670632967540164771e+01 1.009252974439713313e+01 4.569103758336606802e+01 1.009252974439713313e+01 -1.450582312908157867e+00 6.487894315759190622e-01 4.569103758336606802e+01 6.487894315759190622e-01 1.401781563212829695e+01
2.816401929003893656e+01 -1.547209909340757150e+01 6.646753440995997408e+00 -1.547209909340757150e+01 8.084965886621128917e+00 1.111556859207598436e+01 6.646753440995997408e+00 1.111556859207598436e+01 3.818205447493676985e+01
8.613850549170496862e+00 2.466439611112311248e+00 -2.706995384353575673e+00 2.466439611112311248e+00 -2.023000712353853814e+00 4.100650410782236577e+00 -2.706995384353575673e+00 4.100650410782236577e+00 2.452124428503276832e+00
3.082162671005088939e+01 -9.132882341489123590e+00 1.892347187606439363e+01 -9.132882341489123590e+00 1.913577661304538324e+01 -3.814524227287827696e+00 1.892347187606439363e+01 -3.814524227287827696e+00 3.865461140229216852e+01
4.132993678136754312e+01 1.960194862856178499e+00 1.904595593634106621e+01 1.960194862856178499e+00 7.544327234842680419e+00 -4.298340833450962961e+00 1.904595593634106621e+01 -4.298340833450962961e+00 5.307944631405917590e+01
2.704287473887583104e+01 2.599628160139910271e+00 1.217008876184031330e+01 2.599628160139910271e+00 -2.857408873611607802e+01 2.238147581646177553e+00 1.217008876184031330e+01 2.238147581646177553e+00 -9.526678861001760978e+00
-1.537598727044879432e+01 1.599454846456002111e+00 3.655541159104180871e+00 1.599454846456002111e+00 -2.689630076553746818e+01 3.895716359447215282e+00 3.655541159104180871e+00 3.895716359447215282e+00 -1.190829218812586809e+01
-2.381877739485162948e+01 4.739740699798217882e+00 2.213762418072214544e+01 4.739740699798217882e+00 -5.017144108228642096e+01 -6.338483570058007999e+00 2.213762418072214544e+01 -6.338483570058007999e+00 -2.133479271270455513e+01
-1.516422462366812596e+01 6.714797239290152930e+00 2.157280618352397994e+01 6.714797239290152930e+00 -2.265984833810975374e+01 -5.236136626154582530e+00 2.157280618352397994e+01 -5.236136626154582530e+00 -2.683835318651307134e+01
5.184793167838789962e+00 -1.550371213237355383e-01 1.173559160721924677e+01 -1.550371213237355383e-01 -3.094082669813496889e+00 -8.357958650013737056e+00 1.173559160721924677e+01 -8.357958650013737056e+00 -1.656948176506098847e+01
4.677202776792625372e+01 1.554486872904456973e+00 3.187760482309743537e+01 1.554486872904456973e+00 3.178273671489032282e+01 -5.553105435882674801e-01 3.187760482309743537e+01 -5.553105435882674801e-01 3.015696880451792339e+01
-5.615910810322743529e+00 -9.490593939896283526e-01 1.387809170176613804e+01 -9.490593939896283526e-01 -2.921563859535482877e+01 1.334406519478939401e+01 1.387809170176613804e+01 1.334406519478939401e+01 -3.704271172214308461e+00
-2.056555683737288120e+01 7.958516642689399401e-01 4.141206345255115662e-01 7.958516642689399401e-01 -2.765110131047239150e+01 1.094806061306679679e+00 4.141206345255115662e-01 1.094806061306679679e+00 -2.461013407509326356e+01
-3.727150126258883311e+00 5.582923895037370521e+00 8.133217685453365320e+00 5.582923895037370521e+00 -2.182976080468656832e+01 -2.551594605042915909e+00 8.133217685453365320e+00 -2.551594605042915909e+00 4.622908326727407591e+00
1.321197393747807958e+01 1.018822640186121298e+01 6.828507721591577706e+00 1.018822640186121298e+01 -4.002234107341402058e+00 -1.028088340243947352e+00 6.828507721591577706e+00 -1.028088340243947352e+00 1.942693736848910280e-01
1.979355010596014264e+00 -1.777138039012768544e+01 2.559143028515382312e+01 -1.777138039012768544e+01 -3.729680113360902283e+01 2.890408941647497176e+00 2.559143028515382312e+01 2.890408941647497176e+00 -2.520266125553335002e+01
9.933968086150125387e+00 1.649303776617825434e+01 2.832613478068597601e+01 1.649303776617825434e+01 -3.063949017046080670e+01 1.686957657628768104e+01 2.832613478068597601e+01 1.686957657628768104e+01 2.464105995006087846e-01
-1.957429534278439576e+01 3.224903076273125890e+00 1.832471365928298823e+01 3.224903076273125890e+00 -5.788977745779558859e+01 -1.146627121377142267e+01 1.832471365928298823e+01 -1.146627121377142267e+01 -2.797988987258157678e+01
2.649907063950896102e+01 6.967641388512501699e+00 1.267198078030223840e+01 6.967641388512501699e+00 4.169622779699898807e+00 2.395241446464739798e+00 1.267198078030223840e+01 2.395241446464739798e+00 2.028877967572440610e+01
3.608027612565493758e+00 3.040739709850993577e+01 3.375300780384228716e+01 3.040739709850993577e+01 1.225275241327059561e+00 -9.022326236969053781e+00 3.375300780384228716e+01 -9.022326236969053781e+00 -2.372862384125428648e+01
1.747245283278088124e+01 4.663744469830178652e+00 6.819967376276494520e+00 4.663744469830178652e+00 3.140158007837909082e+01 3.065271837477781425e+00 6.819967376276494520e+00 3.065271837477781425e+00 3.577587429542607822e+01
-1.174643171334794012e+01 1.434462233021706190e+01 7.907025452011899880e+00 1.434462233021706190e+01 -2.322490815478819215e+01 2.353456417295457292e+00 7.907025452011899880e+00 2.353456417295457292e+00 -1.746525026250230184e+01
6.769723323933035886e+00 -1.883829789036642444e+00 6.004836789761743177e+00 -1.883829789036642444e+00 -2.201017636236008990e+00 8.040851226789561323e+00 6.004836789761743177e+00 8.040851226789561323e+00 1.012382558162438251e+01
1.460858368287570563e+01 -6.489672125371160227e+00 1.732753963972185574e+01 -6.489672125371160227e+00 -7.144771573675769538e+00 -1.469076472054934079e+01 1.732753963972185574e+01 -1.469076472054934079e+01 7.192245785251396129e+00
4.688608660587138388e+01 1.076239193502235558e+01 1.836367074615491868e+00 1.076239193502235558e+01 2.688690636985759141e+01 3.201934697193291601e+00 1.836367074615491868e+00 3.201934697193291601e+00 4.728556238039170267e+01
-2.837213947748711718e+01 -1.810499360884855635e+00 3.512787013328209085e+00 -1.810499360884855635e+00 -4.401830476343221221e+01 -1.948482058567175601e+00 3.512787013328209085e+00 -1.948482058567175601e+00 -3.569834941779817683e+01
6.809027066624125268e+00 -4.527420979294511511e-02 1.312763142117027648e+01 -4.527420979294511511e-02 -1.837555315805670375e+01 -1.237084376518671291e+01 1.312763142117027648e+01 -1.237084376518671291e+01 1.151915412390247972e+01
5.042884441170669874e+01 1.081503838709665288e+01 2.172133380424569538e+01 1.081503838709665288e+01 2.644246561148675312e+01 4.083854384837141360e+00 2.172133380424569538e+01 4.083854384837141360e+00 4.380476700469706230e+01
1.353478569071477722e+01 1.588093244426769690e+00 2.363254437314664891e+00 1.588093244426769690e+00 -1.648746075436126546e+01 -8.146022060885426797e+00 2.363254437314664891e+00 -8.146022060885426797e+00 2.268621371461595260e+01
-1.434775292453093876e+01 1.409863755017101816e+01 9.259789471801605387e+00 1.409863755017101816e+01 -3.339755578903009336e+01 1.065338886939738217e+01 9.259789471801605387e+00 1.065338886939738217e+01 -2.956364252015343030e+00
-1.635788771832870125e+01 -2.948565942204232293e+00 6.717544069463740719e+00 -2.948565942204232293e+00 -1.568378628345894477e+01 -2.747959990868507951e+00 6.717544069463740719e+00 -2.747959990868507951e+00 -1.031515543458893513e-01
2.122499833479614573e+00 6.587895398303404981e+00 -2.791221070098321100e+00 6.587895398303404981e+00 -2.475517900090676449e+01 7.340895436306678512e+00 -2.791221070098321100e+00 7.340895436306678512e+00 -2.777777816834662872e+01
1.218411095165198432e+01 4.924372234837155915e+00 1.448894464086771983e+01 4.924372234837155915e+00 -1.193793680854178696e+01 2.014450023007801072e+00 1.448894464086771983e+01 2.014450023007801072e+00 2.714973831511430546e+01
3.684215538238487131e+00 1.831742575501160042e+00 5.402379877107337691e+00 1.831742575501160042e+00 -4.177995221286432326e+01 -5.203488123772340934e+00 5.402379877107337691e+00 -5.203488123772340934e+00 -1.141223910100435823e+01
1.676823521914673876e+01 2.358923060753314260e+00 1.591101126823211231e+01 2.358923060753314260e+00 3.783598980946611956e-01 4.826737339507487512e+00 1.591101126823211231e+01 4.826737339507487512e+00 8.863241780868772679e+00
9.718650735287349685e-01 2.891491955496814370e+00 -1.152607424012375370e+00 2.891491955496814370e+00 -5.222059867541516631e+00 1.183308913284309938e+01 -1.152607424012375370e+00 1.183308913284309938e+01 1.865104225079652878e+01
1.857343912325820856e+00 3.074603113427911261e+00 5.083091223944308013e+00 3.074603113427911261e+00 -1.077813844347478600e+01 4.843713048908527163e+00 5.083091223944308013e+00 4.843713048908527163e+00 -3.841450446260440188e+00
-7.916226231508009192e+00 -1.987591945239489633e+01 3.050227607838226263e+01 -1.987591945239489633e+01 -2.835516468400635759e+01 9.821603209288323200e+00 3.050227607838226263e+01 9.821603209288323200e+00 1.741299278070892953e+01
-1.838667306377673505e+00 -5.406218091102051204e+00 1.097112371544886678e+01 -5.406218091102051204e+00 -2.665957738618530826e+01 1.281383342177300433e+00 1.097112371544886678e+01 1.281383342177300433e+00 -7.890656993900743821e+00
5.320075791014762245e+01 4.215056808177347847e+00 3.152961507709797573e+01 4.215056808177347847e+00 3.193629551333633287e+01 -3.879913531923648407e+00 3.152961507709797573e+01 -3.879913531923648407e+00 3.578097422120939797e+01
2.184605310448921855e+01 5.394660689488429917e+00 3.930346637789390751e+00 5.394660689488429917e+00 -1.738286328334796238e+01 -2.059395632340137894e+00 3.930346637789390751e+00 -2.059395632340137894e+00 -3.058307378743006844e+00
3.230063695735996987e+01 2.540837299372793012e+01 4.417821889391532153e+01 2.540837299372793012e+01 8.792973942764389150e+00 4.180777329160437539e+00 4.417821889391532153e+01 4.180777329160437539e+00 -3.108541981883365057e+00
3.413108633255975022e+00 6.999122715088943458e+00 4.975552424492750703e+00 6.999122715088943458e+00 -3.952662045497989496e+00 -4.837024916750650938e+00 4.975552424492750703e+00 -4.837024916750650938e+00 4.381678146104215799e+00
-2.105118671547595355e+01 -2.437792920650323492e+00 3.107314187551134310e+01 -2.437792920650323492e+00 -4.586131607745445393e+01 -1.926541728193427838e+00 3.107314187551134310e+01 -1.926541728193427838e+00 -1.190886542348893862e+01
-1.754466951129272800e+01 4.133752872096037034e-01 4.924802624970563869e+00 4.133752872096037034e-01 -4.841225349583770488e+00 -7.945767354456411136e-01 4.924802624970563869e+00 -7.945767354456411136e-01 -6.369881371974188689e+00
-4.793870484554878075e+00 1.426093016274747427e+01 2.414188027221142718e+01 1.426093016274747427e+01 -5.448241460772859313e+00 1.034441388223570257e+01 2.414188027221142718e+01 1.034441388223570257e+01 2.938423424451066523e+00
-1.340135502254820032e+00 2.334061057168303588e+00 1.393464137291047322e+01 2.334061057168303588e+00 -8.005503985736014627e+00 -6.563585316759674271e+00 1.393464137291047322e+01 -6.563585316759674271e+00 2.802755892807434179e+01
-2.867199246162629223e+01 -3.193572679660654945e+00 9.584963962261992876e+00 -3.193572679660654945e+00 -4.339724038978440745e+01 -1.208707467447326156e+00 9.584963962261992876e+00 -1.208707467447326156e+00 -1.056206819149233667e+01
8.659574405416906373e+00 5.770225442477246780e+00 1.099499849675342844e+01 5.770225442477246780e+00 -1.471955442794191704e+01 -1.633346096229731970e+01 1.099499849675342844e+01 -1.633346096229731970e+01 -1.075606430944104464e+00
-1.704296839608923264e+01 -6.665225740685498668e-01 2.391889910385878615e+00 -6.665225740685498668e-01 -5.262191425981978199e+01 -5.295680813675859078e+00 2.391889910385878615e+00 -5.295680813675859078e+00 -3.396641029010599766e+01
-5.194731968028786007e+00 1.520644883980337481e+00 8.154682670886593598e+00 1.520644883980337481e+00 -2.735152356908900018e+01 -1.751693373560300415e+01 8.154682670886593598e+00 -1.751693373560300415e+01 2.026825085346984245e+00
4.056592599855910208e+01 2.429375273980395544e+00 9.994526292116391319e-01 2.429375273980395544e+00 2.445928588054589525e+01 -1.131383031505797554e+00 9.994526292116391319e-01 -1.131383031505797554e+00 2.672917217447416860e+01
-1.236294442089701207e+01 3.008687089338227150e+00 8.414614346666159150e+00 3.008687089338227150e+00 -1.395806985821504220e+01 5.958638305048699735e+00 8.414614346666159150e+00 5.958638305048699735e+00 -8.063305269289600119e+00
3.587561388883860758e+01 1.166068186328906187e+01 2.380971178372269037e+01 1.166068186328906187e+01 2.469880193379587752e+01 3.704828995646555434e+00 2.380971178372269037e+01 3.704828995646555434e+00 5.565279785870562534e+01
-5.864178186261758796e+00 -4.752733731266644668e+00 1.367203396669387772e+01 -4.752733731266644668e+00 -4.486137267373011639e+01 -8.944209780561459766e+00 1.367203396669387772e+01 -8.944209780561459766e+00 -4.168251077603299137e+01
3.385184947067441108e+00 -8.044539254800763928e+00 1.728682108422035313e+01 -8.044539254800763928e+00 -2.560090658126950469e+00 -6.050202085143179254e+00 1.728682108422035313e+01 -6.050202085143179254e+00 8.543130673920311224e+00
-2.586807055145515122e+01 1.255130264366989579e+01 -7.023761404107444761e-01 1.255130264366989579e+01 -4.900134946453603391e+01 -1.778902479007065773e+00 -7.023761404107444761e-01 -1.778902479007065773e+00 -3.375356687450602777e+01
2.806742640310515124e+00 -5.262660816816657761e-01 2.743511368375928683e+00 -5.262660816816657761e-01 -3.730011041727682652e+01 7.903358004790059232e-02 2.743511368375928683e+00 7.903358004790059232e-02 -1.662968493541447046e+01
-7.174889299834776857e+00 4.909570836379772985e+00 1.691123064969729839e+01 4.909570836379772985e+00 -1.671726683586131657e+01 -2.795919488391371832e+00 1.691123064969729839e+01 -2.795919488391371832e+00 1.270267372570223152e+01
-3.412925375066071609e+01 -3.736980427077096323e+00 -1.599376751369127492e+00 -3.736980427077096323e+00 -6.937164688499186127e+01 2.084708960729841465e+00 -1.599376751369127492e+00 2.084708960729841465e+00 -3.210738864025433514e+01
1.629501009483412588e+01 -2.240106123120382620e+01 2.031444512876399955e+01 -2.240106123120382620e+01 -1.382078515505980398e+01 2.292274301135618231e+01 2.031444512876399955e+01 2.292274301135618231e+01 2.248311105974806523e+01
3.733829344022997265e+00 5.579242294055434259e-01 7.960669000326290323e+00 5.579242294055434259e-01 -9.219375999366004493e+00 1.814228053356808701e+00 7.960669000326290323e+00 1.814228053356808701e+00 9.892913388085379012e+00
-1.746841789346770257e+00 1.251986667161220090e+01 1.248289861103009990e+01 1.251986667161220090e+01 -1.800882346237478515e+01 -6.514676290712387186e+00 1.248289861103009990e+01 -6.514676290712387186e+00 -9.424757611924752254e+00
-8.245906997935627203e+00 9.979724197397658259e+00 4.234660075846082350e+01 9.979724197397658259e+00 -3.062949058165409255e+01 4.310604315444895640e+00 4.234660075846082350e+01 4.310604315444895640e+00 -1.939419581398469816e+01
-2.934975444035436709e+01 -8.520224199267475429e-01 7.646325478698017264e+00 -8.520224199267475429e-01 -4.399025513805011656e+01 8.774367395622924448e+00 7.646325478698017264e+00 8.774367395622924448e+00 -2.111862296279345586e+01
-1.033335304342162475e+00 -6.764056747894119148e+00 -3.310466033358861804e+00 -6.764056747894119148e+00 -1.508403051694366681e+01 -8.879227003479870373e-01 -3.310466033358861804e+00 -8.879227003479870373e-01 5.674595387257930668e+00
-1.366560581230905669e+01 6.233641531209912351e-02 1.965101353486357283e+01 6.233641531209912351e-02 -1.802174980054640940e+01 -3.958834727995059311e+00 1.965101353486357283e+01 -3.958834727995059311e+00 -2.249303956875813881e+01
-2.123533694858923226e+01 -2.117999377023171537e+00 7.015750556120134540e+00 -2.117999377023171537e+00 -2.171188662644134837e+01 2.265175981417562490e+00 7.015750556120134540e+00 2.265175981417562490e+00 -1.656337691107739118e+01
-4.004792031501772875e+00 2.927334458403013873e+00 1.225806823183012462e+01 2.927334458403013873e+00 -2.190387093115737827e+01 4.984659441651706047e+00 1.225806823183012462e+01 4.984659441651706047e+00 -3.612871941779617657e+01
-2.297544576187934950e+01 4.184371991160608317e+00 1.307900826942338668e+01 4.184371991160608317e+00 -3.272541590025956282e+01 -7.249312824123368415e-01 1.307900826942338668e+01 -7.249312824123368415e-01 -1.986786104969629818e+01
1.118767902074368692e+01 5.197125196136055614e+00 1.039741807174880073e+01 5.197125196136055614e+00 -9.695308708732751413e+00 -8.033778592252208028e+00 1.039741807174880073e+01 -8.033778592252208028e+00 9.013278000277745505e+00
-2.037137946040775915e+01 3.566124488960122463e+00 1.292653871628681550e+01 3.566124488960122463e+00 -3.860956005916248301e+01 -9.422492373739880023e+00 1.292653871628681550e+01 -9.422492373739880023e+00 -2.698190848328191649e+01
1.885141376522933854e+01 1.839819616495813326e-01 1.450904413466441278e+00 1.839819616495813326e-01 -3.201296695105172319e+01 -7.441657660572435162e+00 1.450904413466441278e+00 -7.441657660572435162e+00 -8.832605350950659684e+00
1.755363519426893149e+01 -1.065943539266902640e+01 1.077527082087747168e+01 -1.065943539266902640e+01 1.828243133718594038e+01 -4.434171464396088780e+00 1.077527082087747168e+01 -4.434171464396088780e+00 2.748439409417768431e+01
-3.980949288148954324e+00 3.201843232324783628e-01 4.438930804572630562e-01 3.201843232324783628e-01 -3.460421927049164026e+01 6.530378742470498210e+00 4.438930804572630562e-01 6.530378742470498210e+00 -2.117698477177797756e+01
3.763618377551351202e+00 -7.414265261588505851e+00 6.479995552445829254e+00 -7.414265261588505851e+00 -1.657532403301378920e+01 -4.683958612862293869e+00 6.479995552445829254e+00 -4.683958612862293869e+00 8.561932779463914400e+00
3.844780920860385720e+01 -2.246301101010411028e+00 1.377937548864733763e+01 -2.246301101010411028e+00 1.897773026970789800e+01 -6.705766396810767027e+00 1.377937548864733763e+01 -6.705766396810767027e+00 3.617652454168591447e+01
-5.888310903987839851e+00 -6.999892360139147840e+00 2.038578708948463714e+01 -6.999892360139147840e+00 -1.758359226973709255e+01 1.319410524440761456e+01 2.038578708948463714e+01 1.319410524440761456e+01 1.229821785444839888e+00
-1.312443157536674576e+01 7.275234357859428513e+00 1.064232174636279815e+01 7.275234357859428513e+00 -1.426095940918368221e+01 -4.882668354138480993e+00 1.064232174636279815e+01 -4.882668354138480993e+00 3.302457580923754410e+00
-2.091396903696118059e+01 8.984875146412596436e+00 1.213269533062888428e+01 8.984875146412596436e+00 -3.756392348543957382e+01 -2.017259050987557423e+00 1.213269533062888428e+01 -2.017259050987557423e+00 -9.267551819610766017e+00
2.960674864355990010e+01 1.306993092227378561e+01 1.316994069227685671e+01 1.306993092227378561e+01 1.107713512932346234e+01 1.039333750592798467e+01 1.316994069227685671e+01 1.039333750592798467e+01 3.852660887144263313e+01
-3.492689732147858717e+00 -7.200284126502960014e+00 3.095438042900028108e+00 -7.200284126502960014e+00 -8.514467609230720768e+00 -4.519693600670494860e+00 3.095438042900028108e+00 -4.519693600670494860e+00 -3.130172849460196360e+00
8.402123575392032251e+00 1.722148928825501457e+01 2.237303798295015866e+01 1.722148928825501457e+01 -1.271698546077848135e+01 9.992189131417250181e+00 2.237303798295015866e+01 9.992189131417250181e+00 2.330796529123607019e+00
2.972685709541151766e+01 -6.619870215438620420e+00 1.575446109961797880e+01 -6.619870215438620420e+00 -1.267426892805089622e+01 6.884483440784306962e-01 1.575446109961797880e+01 6.884483440784306962e-01 3.333513008188538862e+01
4.754294776344878670e+01 5.939360015946312465e+00 1.965563437728762608e+01 5.939360015946312465e+00 5.026795660352865980e+01 -4.287610677521861646e+00 1.965563437728762608e+01 -4.287610677521861646e+00 3.851779599867361981e+01
1.219153705002843324e+01 1.394498031137475502e+00 1.410036341799006898e+01 1.394498031137475502e+00 -1.679796232530498656e+01 3.874367064362564506e+00 1.410036341799006898e+01 3.874367064362564506e+00 4.417312524131073559e+00
-3.006733700123560737e+01 -5.521958368239803683e+00 3.106544918263195143e+01 -5.521958368239803683e+00 -3.094857839027512014e+01 -3.086358346554345378e+00 3.106544918263195143e+01 -3.086358346554345378e+00 -1.196805828486816026e+01
4.261941402917747368e+00 -4.904715670689614448e+00 1.205064792563334919e+01 -4.904715670689614448e+00 -4.615870861479770326e+01 -2.845627282372337419e+00 1.205064792563334919e+01 -2.845627282372337419e+00 -1.496343940581976106e+01
-1.749872316718745491e-01 7.812679453003292807e+00 6.176034168542819280e+00 7.812679453003292807e+00 -1.388826971280157530e+01 2.742147163090946638e+00 6.176034168542819280e+00 2.742147163090946638e+00 3.047590545079115198e+00
-7.805642631403230780e+00 -5.120381355386129485e+00 4.346813893752048408e+00 -5.120381355386129485e+00 -2.662477865122401610e+01 -3.728459134038093925e+00 4.346813893752048408e+00 -3.728459134038093925e+00 -9.652181726659332384e+00
-1.150071081695372932e+01 8.635922375802840278e+00 1.575303730825438286e+01 8.635922375802840278e+00 -3.820220432942430477e+01 1.266813999388671697e+01 1.575303730825438286e+01 1.266813999388671697e+01 -1.253828345169957714e+01
-2.019566021741583484e+01 -6.660457377338998564e-01 3.317306756385798394e+01 -6.660457377338998564e-01 -3.677785169012122424e+01 -5.790360604448427928e+00 3.317306756385798394e+01 -5.790360604448427928e+00 -4.062220529106267719e+01
-2.873943854542516618e+01 8.764512951107956695e+00 7.209507379469295429e+00 8.764512951107956695e+00 -5.928553417325127839e+01 8.435828503118164567e-01 7.209507379469295429e+00 8.435828503118164567e-01 -1.707461396478394278e+01
1.549618976645099266e+01 -4.038556390295758192e+00 1.387428605663473746e+01 -4.038556390295758192e+00 3.913471839272542052e+00 1.060921547836591650e+01 1.387428605663473746e+01 1.060921547836591650e+01 3.628763505592507244e+01
1.376303241434229285e+01 1.324437170424594745e+00 1.105580591988823969e+01 1.324437170424594745e+00 1.326419421178556135e+01 -3.406344027995964918e+00 1.105580591988823969e+01 -3.406344027995964918e+00 4.102997866690540896e+00
7.670525544252747352e+00 -6.463961896315507438e+00 1.553579930948904675e+01 -6.463961896315507438e+00 -2.967035981534618472e+01 1.434381218668357683e+01 1.553579930948904675e+01 1.434381218668357683e+01 -6.976324928064990161e+00
2.041662260799791184e+00 -6.166044614979107941e+00 1.057478049678185350e+01 -6.166044614979107941e+00 -2.775299750999794668e+01 -7.371330133710343624e+00 1.057478049678185350e+01 -7.371330133710343624e+00 1.060108430864386264e+01
-4.250036400862629904e+01 -3.357407701915150255e+00 7.576420209165518393e+00 -3.357407701915150255e+00 -6.205107255742388617e+01 -3.065440617256335543e+00 7.576420209165518393e+00 -3.065440617256335543e+00 -3.639025237867163298e+01
4.069619162367678911e+01 -6.207810994517920733e+00 2.404832559242061762e+01 -6.207810994517920733e+00 3.554515034296240827e+01 5.493651578293325954e+00 2.404832559242061762e+01 5.493651578293325954e+00 3.820194347913308519e+01
7.878309906378267335e+00 -1.231472339684931150e+01 1.512192826205383689e+01 -1.231472339684931150e+01 -2.502995995724620570e+01 -1.023274186207015291e+01 1.512192826205383689e+01 -1.023274186207015291e+01 1.356949172610113052e+01
1.538904101862477347e+01 1.266754763585481136e+01 8.198107885082995594e+00 1.266754763585481136e+01 1.904985818074405923e+00 -5.983104037145889009e+00 8.198107885082995594e+00 -5.983104037145889009e+00 3.014921394339405580e+01
2.437706465330613526e+01 1.066132087839491760e+01 2.812626571230595118e+00 1.066132087839491760e+01 1.861969585004639427e+01 -3.457054172196219466e-01 2.812626571230595118e+00 -3.457054172196219466e-01 3.093095204086425909e+01
8.195764561237326440e-01 -4.937162238132046355e+00 9.460939406035441479e+00 -4.937162238132046355e+00 -1.978308511943298953e+01 5.160245583000413472e-01 9.460939406035441479e+00 5.160245583000413472e-01 -1.845014576821263796e+00
4.388401222935382151e+01 6.346804274590565953e+00 5.596450468124870348e+00 6.346804274590565953e+00 2.936029764299108891e+01 1.899527655583913344e+00 5.596450468124870348e+00 1.899527655583913344e+00 2.876937971026182694e+01
-2.073151337860589649e+01 1.249101894590070261e+00 1.397139174301178421e+01 1.249101894590070261e+00 -3.542761672270263063e+01 2.428771817004556244e+00 1.397139174301178421e+01 2.428771817004556244e+00 -2.186445832162285541e+01
