-7.224634055268505506e+01 -2.361663873673923941e+00 3.256533246894909972e+00 -2.361663873673923941e+00 -3.288327380659141141e+01 -3.777808715504887616e+00 3.256533246894909972e+00 -3.777808715504887616e+00 -1.098755509619553550e+02
-2.062323491560419342e+01 1.982457755600746552e+00 -1.128156599162270091e+01 1.982457755600746552e+00 -3.233665322770067974e+01 -3.001531830097233122e+00 -1.128156599162270091e+01 -3.001531830097233122e+00 -2.287138319579360157e+01
2.888449883987713207e+01 -1.545462931232259685e+01 -2.619235724722678071e+01 -1.545462931232259685e+01 2.827163932730071549e-02 8.753734482137689454e+00 -2.619235724722678071e+01 8.753734482137689454e+00 3.219086447765688064e+01
3.465270701032046219e+01 7.263267956980223872e+00 -2.881687455843849666e+00 7.263267956980223872e+00 -2.132782417348224158e+00 -3.675007896654705064e+00 -2.881687455843849666e+00 -3.675007896654705064e+00 4.912063641479748810e+01
-1.544152451472635512e+01 -6.054841991169264581e+00 -5.244948673856844934e+00 -6.054841991169264581e+00 3.736446281907618516e+00 -6.286528769084890556e+00 -5.244948673856844934e+00 -6.286528769084890556e+00 2.444909964923202672e+00
2.040345945212695256e+01 -1.293776350500699390e-01 1.557145716933339585e+00 -1.293776350500699390e-01 2.997255320798473477e+01 -3.002367414312235638e+00 1.557145716933339585e+00 -3.002367414312235638e+00 3.452216737485177589e+01
-1.793259244573492239e+01 3.710636141744817262e+00 -7.812607697137615936e+00 3.710636141744817262e+00 5.865158952181214147e+01 -2.019055823570073738e+00 -7.812607697137615936e+00 -2.019055823570073738e+00 -5.113888566841792027e+01
-3.729476175141039818e+01 -6.866420859834722057e-01 -1.553795350826559174e+00 -6.866420859834722057e-01 -2.597702797052775026e+01 -1.400873202852594979e+01 -1.553795350826559174e+00 -1.400873202852594979e+01 -1.283667630676297478e+01
-1.434782602376874650e+01 3.333227693500285138e+00 -8.707059652147876250e+00 3.333227693500285138e+00 -4.047358862057539142e+01 -1.469417826984842534e+01 -8.707059652147876250e+00 -1.469417826984842534e+01 -8.056779625534920442e+00
1.616835012508573399e+01 2.039321182000737753e+00 -2.028061685719815799e+01 2.039321182000737753e+00 -2.230799910926925023e+01 -8.924386300985556630e+00 -2.028061685719815799e+01 -8.924386300985556630e+00 2.646972195415084173e+01
-2.434901089308975308e+00 -6.281432459382120470e+00 -2.023107180135637062e+00 -6.281432459382120470e+00 -3.305052974258418885e+01 1.192822722490729070e+01 -2.023107180135637062e+00 1.192822722490729070e+01 5.194349747422269736e+00
-1.502234056173888632e+01 -1.049999319523662678e+01 -6.636429928527922684e+00 -1.049999319523662678e+01 -4.310401832483548645e+01 -2.981024085392625977e+00 -6.636429928527922684e+00 -2.981024085392625977e+00 -1.110699639089530422e+01
-3.156891949644557371e+01 -1.020150168339488772e+01 -6.397670506665438239e+00 -1.020150168339488772e+01 -2.248765159908505229e+00 4.425518845762667297e+00 -6.397670506665438239e+00 4.425518845762667297e+00 -5.142502491163344303e+01
3.617284947273991946e+01 -8.681359697876911419e-02 3.197331732462256770e+00 -8.681359697876911419e-02 -1.632217321099755125e+01 -2.078883589084081152e+01 3.197331732462256770e+00 -2.078883589084081152e+01 3.450884568067048974e+01
-1.189832983273770139e+01 1.210492122969150053e+01 -7.104090801368360353e+00 1.210492122969150053e+01 1.003938567265982407e+01 7.556242806262170042e+00 -7.104090801368360353e+00 7.556242806262170042e+00 -2.583326122010162962e+01
-9.759291823245378694e+00 1.013088359500069657e+01 4.986345153319958534e+00 1.013088359500069657e+01 -6.302759530036163937e+01 1.777563312666611495e+01 4.986345153319958534e+00 1.777563312666611495e+01 -9.091501227650043759e+00
4.844997429137052336e+01 -5.653698212985561966e+00 1.512081442454199731e+01 -5.653698212985561966e+00 6.807746545985806641e+00 9.578956368014299727e+00 1.512081442454199731e+01 9.578956368014299727e+00 5.742341996546151961e+01
-2.228558578826063119e+00 -1.258982534176795021e+01 -9.333432244170834835e+00 -1.258982534176795021e+01 5.319254439776628374e+01 -4.549761432393328420e+00 -9.333432244170834835e+00 -4.549761432393328420e+00 -4.298010972732118518e+01
2.506871854335892280e+01 6.538162883442441675e+00 2.025677077615203103e+01 6.538162883442441675e+00 5.459052051996488020e-01 1.592128912505033611e+01 2.025677077615203103e+01 1.592128912505033611e+01 2.525703305353143335e+01
-6.026413190919303986e+01 -1.217297488176169828e+01 7.402168245814841008e+00 -1.217297488176169828e+01 -6.695170443297894280e+01 -2.966226456677940160e+00 7.402168245814841008e+00 -2.966226456677940160e+00 -6.550639919178134107e+01
-5.861421625851080108e+01 1.060581444219676328e+01 5.126600553682810535e+00 1.060581444219676328e+01 -8.007293044810401739e+01 7.524211925433427872e+00 5.126600553682810535e+00 7.524211925433427872e+00 -4.320265410957607344e+01
-1.773967805372743811e+01 7.575102405542824435e+00 -1.929022842493619327e+00 7.575102405542824435e+00 3.149229848114099894e+01 -1.254625994003926825e+00 -1.929022842493619327e+00 -1.254625994003926825e+00 -4.125471749602980509e+01
1.490957554732292856e+01 -7.955593913183229837e-01 5.462849056480777676e+00 -7.955593913183229837e-01 -3.695598636245114754e+00 1.942796323737594255e+00 5.462849056480777676e+00 1.942796323737594255e+00 2.651756323406614868e+01
1.176358338002384762e+01 9.918133416429274263e+00 -1.120832133335929370e+01 9.918133416429274263e+00 -1.088888953920596592e+01 -1.650654217988370220e+01 -1.120832133335929370e+01 -1.650654217988370220e+01 2.695994316771071908e+01
6.485449485917062873e+01 4.819799109975333451e+00 -2.695739425804502876e+00 4.819799109975333451e+00 5.445940058033897913e+01 -7.806919217464576732e+00 -2.695739425804502876e+00 -7.806919217464576732e+00 6.284409676366347952e+01
-4.498845950580872710e+01 1.165393158377834482e+01 -6.284343901062269033e+00 1.165393158377834482e+01 -2.947849028763554102e+01 1.905584745652316059e+01 -6.284343901062269033e+00 1.905584745652316059e+01 -2.446558747241476706e+00
9.570863739209446663e+00 8.304776073941059877e+00 -2.673222451730479321e+01 8.304776073941059877e+00 -4.347482365465459964e+00 -8.719247590896546996e+00 -2.673222451730479321e+01 -8.719247590896546996e+00 -1.312342033550626930e+01
-2.912490492000842934e+01 -2.081104613008265769e+00 7.317753137814189124e+00 -2.081104613008265769e+00 -6.996824527539594385e+01 -1.558023786532490362e+01 7.317753137814189124e+00 -1.558023786532490362e+01 -6.924309229400391530e+01
1.893997359980423667e+01 2.192871144346247192e+00 -4.091167416434044135e+00 2.192871144346247192e+00 2.595029030467619080e+01 -5.871077950730090311e-01 -4.091167416434044135e+00 -5.871077950730090311e-01 1.620624954828453923e+01
-1.827554324374821348e+01 3.170899601694514569e+00 -7.392812738213549117e+00 3.170899601694514569e+00 3.189766659960109507e+01 -3.439112384738841399e+00 -7.392812738213549117e+00 -3.439112384738841399e+00 -6.019006583030624569e+01
1.443342268069829970e+01 -2.481232754582444855e+01 2.738843726734511375e+00 -2.481232754582444855e+01 -1.571503809951512842e+00 -3.057403146686980655e+00 2.738843726734511375e+00 -3.057403146686980655e+00 3.572644008270618343e+01
-2.948746755623644944e+01 4.380719441710591155e+01 2.676786853485122464e+01 4.380719441710591155e+01 -2.131256740798325211e+01 1.554526478907216536e+01 2.676786853485122464e+01 1.554526478907216536e+01 5.982744933521032316e+00
-1.908516626840378905e+01 2.428968829066005242e+01 1.834480163063597047e+01 2.428968829066005242e+01 -4.095642890978519546e+01 8.593353925425974538e+00 1.834480163063597047e+01 8.593353925425974538e+00 -1.324586123453746467e+01
1.205625594835198022e+01 -1.107607668129620926e+01 -1.852005496006481522e+01 -1.107607668129620926e+01 2.795394314658394563e+01 -1.311349512505929482e+01 -1.852005496006481522e+01 -1.311349512505929482e+01 9.101118584453564697e-01
-1.448843248870380762e+01 -7.761131025216778667e+00 1.453322028755242279e+01 -7.761131025216778667e+00 -4.651879711650010307e+01 -1.329417969951053102e+01 1.453322028755242279e+01 -1.329417969951053102e+01 -5.559897750019865192e+00
-2.534267068964996383e+01 -1.541912496434743929e+01 -1.366402107348517703e+01 -1.541912496434743929e+01 -4.023168627002826980e+01 -7.837081190024914434e+00 -1.366402107348517703e+01 -7.837081190024914434e+00 -1.253610801447160306e+00
8.055412959599770772e+00 -1.429708194690943734e-01 1.742562340856198588e+01 -1.429708194690943734e-01 -2.072305060397279419e+01 -9.541863940570747715e+00 1.742562340856198588e+01 -9.541863940570747715e+00 7.970955091323081554e+00
-5.794132776704320520e+01 -8.144934396604124771e+00 1.689917794767671921e+01 -8.144934396604124771e+00 -6.231186189163796740e+01 2.261061466342784154e+00 1.689917794767671921e+01 2.261061466342784154e+00 -4.255626554701142794e+01
-2.780656989370320531e+01 5.711956252608817231e+00 1.697982835429084147e+01 5.711956252608817231e+00 -3.622222341754424235e+01 -1.701318956132772797e+01 1.697982835429084147e+01 -1.701318956132772797e+01 -1.124787222268722608e+01
-4.202793042094096876e+00 -2.094098546368340585e+00 -2.921246573438163630e+00 -2.094098546368340585e+00 -6.882544473229691562e+01 -5.277467729529234930e+00 -2.921246573438163630e+00 -5.277467729529234930e+00 2.982728692845062568e+01
1.625491672802001020e+01 -1.425245604905014174e+00 8.800285041059092705e+00 -1.425245604905014174e+00 -8.652394159587813993e-01 5.163739355206740100e+00 8.800285041059092705e+00 5.163739355206740100e+00 -8.009481690317548086e+00
-3.101005303943968627e+01 1.359183846760627468e+01 3.812339999294590775e+00 1.359183846760627468e+01 -3.610489444467039277e+01 -1.476154501809719299e+01 3.812339999294590775e+00 -1.476154501809719299e+01 -1.882881587053995887e+01
-2.606162694090234666e+01 -3.668781825899733118e+00 -3.163000583151954981e+00 -3.668781825899733118e+00 -4.294681129195533487e+01 4.542678937958279484e+00 -3.163000583151954981e+00 4.542678937958279484e+00 -8.579937781877584158e+00
1.179364777889226801e+01 1.726355082257864382e+01 3.567267882515945843e+00 1.726355082257864382e+01 9.157945408079116945e+00 -8.943234425202257754e+00 3.567267882515945843e+00 -8.943234425202257754e+00 4.974952447677142509e+00
1.991792471409157983e+01 -4.324827281340236418e+00 -1.568824265582097199e+00 -4.324827281340236418e+00 -3.387302654572752658e+01 1.301466042917656729e+01 -1.568824265582097199e+00 1.301466042917656729e+01 1.432506566039596230e+01
-5.393718925855822022e+01 9.555047561874808082e+00 -1.205886937224527955e+01 9.555047561874808082e+00 -4.764868442386055847e+01 6.798472183279794301e+00 -1.205886937224527955e+01 6.798472183279794301e+00 -2.861217047927818768e+01
-4.506327964104069395e+01 -5.621115807019352317e+00 5.332443992669251287e+00 -5.621115807019352317e+00 -4.761006524726214195e+01 3.903803423705594078e-01 5.332443992669251287e+00 3.903803423705594078e-01 -2.818155558692267704e+01
-6.875811241871629420e+01 1.669562646225374181e+01 2.751183556915754114e+00 1.669562646225374181e+01 -1.238782259227618887e+01 1.601204997326233581e+01 2.751183556915754114e+00 1.601204997326233581e+01 -3.101508562264209701e+01
4.699934687839416370e+01 -5.364989466598450107e+00 -3.934659531998095705e+00 -5.364989466598450107e+00 9.022902942164064299e+00 2.055968993050159099e+01 -3.934659531998095705e+00 2.055968993050159099e+01 5.937257518951458479e+01
3.080813255686771512e+01 -3.178926672896237449e+01 -2.538857788860525844e+01 -3.178926672896237449e+01 -1.532414748428896445e+01 -5.972183871780406328e+00 -2.538857788860525844e+01 -5.972183871780406328e+00 -1.057893009571393428e+01
-4.470669609481263507e+01 -4.063455175278448017e+00 -2.361137264643053868e+01 -4.063455175278448017e+00 -5.635769077335701382e+01 -2.047439987583989662e+01 -2.361137264643053868e+01 -2.047439987583989662e+01 -1.291507721776734385e+01
-2.291684344408096052e+01 2.083386096259848053e+00 -6.076691995918007905e+00 2.083386096259848053e+00 2.584306525688760559e+01 7.791291600873020862e+00 -6.076691995918007905e+00 7.791291600873020862e+00 -5.087562067167021240e+01
-2.021345619634682933e+01 1.137540953801969579e+01 -1.696406352695775155e+01 1.137540953801969579e+01 -4.177400300167003167e+01 -2.394775783358371601e+00 -1.696406352695775155e+01 -2.394775783358371601e+00 -1.783471561515859705e+01
1.647547147766840681e+01 2.294912569071070330e+00 -6.833594432941930030e+00 2.294912569071070330e+00 1.146920635542814004e+01 -8.980607158678667545e+00 -6.833594432941930030e+00 -8.980607158678667545e+00 2.344599253976179654e+01
-3.557181671734241490e+01 8.042048811757068094e+00 9.948793636560703035e+00 8.042048811757068094e+00 -6.641601921412137699e+01 -9.691666858101187998e+00 9.948793636560703035e+00 -9.691666858101187998e+00 -2.944280579775370299e+01
-1.464402869252972827e+01 8.942695512876214226e-01 7.908295710192290606e+00 8.942695512876214226e-01 3.078941041576826620e+01 -6.284467547570977253e+00 7.908295710192290606e+00 -6.284467547570977253e+00 -3.152386919389947550e+01
-8.967370245790498018e+00 8.083490214512881522e+00 4.696874720061215314e+00 8.083490214512881522e+00 -3.996630296237916724e+01 -1.943655197180051175e+01 4.696874720061215314e+00 -1.943655197180051175e+01 8.337158849115422043e+00
-1.126268069894921808e+01 1.169127103077597063e+01 2.323542480137639643e+01 1.169127103077597063e+01 -1.025221081926471278e+01 9.599365166441744535e+00 2.323542480137639643e+01 9.599365166441744535e+00 -9.778883296962987970e+00
-2.588821408163549620e+01 -1.887365397286854218e+01 -7.547488907158231619e+00 -1.887365397286854218e+01 -3.751191138373793166e+01 -2.970645812796294472e+00 -7.547488907158231619e+00 -2.970645812796294472e+00 -2.627667248631681574e+01
1.676814176016092262e+01 6.736004419742738669e+00 1.109195735467764266e+01 6.736004419742738669e+00 1.078385369684987216e+00 -2.275309179724728237e-01 1.109195735467764266e+01 -2.275309179724728237e-01 2.625090856894134106e+01
-8.562369059954637152e+00 1.103004143873271659e+01 4.823253891228535650e+00 1.103004143873271659e+01 3.073762372261331421e+01 2.861762836976122415e+01 4.823253891228535650e+00 2.861762836976122415e+01 1.848516847550732223e+01
-1.645668293607004173e+00 -6.100028971175941450e+00 -1.656864531409563135e+00 -6.100028971175941450e+00 -6.221132213827705471e+01 -1.158242611936988631e+01 -1.656864531409563135e+00 -1.158242611936988631e+01 8.659374290512399597e+00
-4.318265082889777062e+00 -1.914307790988841518e+01 4.376430650149575108e+00 -1.914307790988841518e+01 4.017395843082314144e+01 9.035748617124735205e+00 4.376430650149575108e+00 9.035748617124735205e+00 -1.639126600464199868e+01
-6.818602620582424834e+01 -1.031470542372456300e+01 -2.448930091949254040e-01 -1.031470542372456300e+01 -5.762467450115732959e+01 2.780622516658911803e+00 -2.448930091949254040e-01 2.780622516658911803e+00 -5.960062837919561218e+01
2.905705875911296232e+01 2.075649282108813054e+00 -1.452859170850409498e+01 2.075649282108813054e+00 4.402403562103375800e-01 5.864193371223994866e+00 -1.452859170850409498e+01 5.864193371223994866e+00 1.062573632946831204e+01
-2.177566564382410697e+00 5.453633086347014824e+00 -1.101027682847625222e+01 5.453633086347014824e+00 -2.197801531741619385e+01 -2.007910559588005128e+00 -1.101027682847625222e+01 -2.007910559588005128e+00 2.751020829113588917e+01
5.152815155354061538e+00 -3.835769837869022147e+00 1.219976074024732782e+01 -3.835769837869022147e+00 -3.055092356382931840e+01 -7.190026518181356963e+00 1.219976074024732782e+01 -7.190026518181356963e+00 3.484168957172329772e+00
-5.094842190309518060e+01 7.359991482470973345e+00 5.644668865609407504e+00 7.359991482470973345e+00 -2.076696684885879662e+01 -8.110158976264280284e+00 5.644668865609407504e+00 -8.110158976264280284e+00 -5.609215416611480265e+01
-1.968180290325523174e+01 -1.160924849486582566e+01 6.817332412069186276e+00 -1.160924849486582566e+01 -1.160097073051722916e+01 6.623953354800787174e+00 6.817332412069186276e+00 6.623953354800787174e+00 -5.977686557193958805e+00
-1.246947606398023289e+01 2.137148511158941222e+00 -6.840124622707495661e+00 2.137148511158941222e+00 -4.380000863048595505e+01 4.069019096335138919e+00 -6.840124622707495661e+00 4.069019096335138919e+00 -1.736695433658452359e+01
-7.360744910756732651e+00 -5.532178496004235946e+00 -7.748604888426813275e+00 -5.532178496004235946e+00 -4.400999500262233255e+01 -4.613673139673980295e+00 -7.748604888426813275e+00 -4.613673139673980295e+00 -2.651544364964193079e+01
-1.950702334615512257e+01 -3.746094224789883187e-01 2.636510837869519897e+00 -3.746094224789883187e-01 3.779337680696620794e+01 5.402639776737570010e+00 2.636510837869519897e+00 5.402639776737570010e+00 -5.299077874971474955e+01
-4.870806680347121898e+01 -8.068046040698209964e+00 -1.473060197789000547e+01 -8.068046040698209964e+00 4.596858789699757253e+00 5.604406903254989247e-01 -1.473060197789000547e+01 5.604406903254989247e-01 -9.877845767707368907e+01
-1.894388930383191294e+01 -4.461125298028993491e+00 -1.247913167462432327e+01 -4.461125298028993491e+00 -1.301845854657319990e+01 3.442567353415536324e+00 -1.247913167462432327e+01 3.442567353415536324e+00 6.223117575654575795e+00
9.790649632938771774e+00 1.216291109960688388e+01 -1.675920465252221803e+01 1.216291109960688388e+01 -9.936580023866799394e+00 -3.044379545993278757e+00 -1.675920465252221803e+01 -3.044379545993278757e+00 -4.593587989717943465e+00
-2.564959311722175173e+00 9.715022532521031096e+00 -1.534005980706759154e+01 9.715022532521031096e+00 -3.750546245288894909e+01 -8.911836210644244360e+00 -1.534005980706759154e+01 -8.911836210644244360e+00 -1.436713413636381453e+01
4.979640256076147686e+00 -9.096187287200558913e+00 1.196690647748069658e+01 -9.096187287200558913e+00 4.733599465066613021e+01 2.802312297148478404e+00 1.196690647748069658e+01 2.802312297148478404e+00 -2.779503736393974478e+01
1.616085649083132125e+01 -2.405926577178258974e+00 -4.492993475947963056e+00 -2.405926577178258974e+00 -1.226907395549059565e+01 2.619481057953157688e+01 -4.492993475947963056e+00 2.619481057953157688e+01 1.935813042554310925e+01
5.847740243555932693e+01 -7.802641694906502501e+00 -1.336026097010147140e+01 -7.802641694906502501e+00 -1.365692240438336569e+01 -1.268075465467642715e+01 -1.336026097010147140e+01 -1.268075465467642715e+01 5.974347423221767173e+01
5.240411573249380339e+00 -1.404944733600948226e+01 1.509155804511726151e+00 -1.404944733600948226e+01 -3.136558865936468976e+01 1.079294149031423267e+01 1.509155804511726151e+00 1.079294149031423267e+01 1.627898267737989713e+01
1.879171865835469291e+01 -1.064281418326186390e+00 -2.206423183875971006e+01 -1.064281418326186390e+00 -2.213495639494166500e+00 1.205185142321531622e+01 -2.206423183875971006e+01 1.205185142321531622e+01 2.090022527758232940e+01
8.143507230042628109e+00 1.128556213383419404e+01 -7.439832704417097986e+00 1.128556213383419404e+01 -4.957147007348029177e+01 -3.632589088723529258e+00 -7.439832704417097986e+00 -3.632589088723529258e+00 1.348495740194656101e+01
1.854454789820448468e+01 2.622671706646781953e+00 7.933827921142636797e+00 2.622671706646781953e+00 3.122684650537150475e+01 2.172229907230255552e+00 7.933827921142636797e+00 2.172229907230255552e+00 1.370098107605011428e+01
-2.256275270898982299e+01 -1.009639410766215306e+01 1.323146359597266297e+01 -1.009639410766215306e+01 -5.444102312216756445e+01 5.961829838743819554e-01 1.323146359597266297e+01 5.961829838743819554e-01 -1.554861942558378507e+00
-4.735471885815194071e+01 7.895085836405822732e+00 1.902409322727179486e+01 7.895085836405822732e+00 -3.471527669646511782e+01 -6.107781924730162793e+00 1.902409322727179486e+01 -6.107781924730162793e+00 -4.303376848145998679e+01
-3.396538904861976960e+00 -6.693736606101739817e+00 2.394762461322013181e+01 -6.693736606101739817e+00 -4.739053220435200586e+01 2.978381929704327469e+00 2.394762461322013181e+01 2.978381929704327469e+00 -2.095763425539850999e+01
-1.667730697388422811e+01 -5.013034359772135851e+00 9.471531473065986972e+00 -5.013034359772135851e+00 4.446111069402238214e-01 -7.756812343588024738e+00 9.471531473065986972e+00 -7.756812343588024738e+00 -2.284928909996393998e+01
-1.473163395609675241e+01 -8.105845915570885296e+00 -4.756446235244803589e+00 -8.105845915570885296e+00 -1.242053715123216229e+01 -7.718824348264817559e+00 -4.756446235244803589e+00 -7.718824348264817559e+00 6.155417013628669665e+00
5.519852004753663444e+00 -6.901490145627288797e+00 -4.146137879206252208e+00 -6.901490145627288797e+00 5.078318615394925217e+01 -5.869973981761671844e+00 -4.146137879206252208e+00 -5.869973981761671844e+00 -8.028677769221436833e+00
1.885836029324382679e+01 9.244706611826380538e+00 2.150319206015684159e+00 9.244706611826380538e+00 4.977683459407416855e+00 3.297386330383148323e+00 2.150319206015684159e+00 3.297386330383148323e+00 2.645123109022283003e+01
3.334500945536522210e+01 -5.453848871809675813e+00 -9.554728290455388517e+00 -5.453848871809675813e+00 2.210587169540221808e+01 -1.529372446831775889e+01 -9.554728290455388517e+00 -1.529372446831775889e+01 2.495012385536776023e+01
6.163920256886732574e+01 8.749877289498311228e+00 1.905235357546864705e+01 8.749877289498311228e+00 5.132736580878782817e+00 -1.218934310600567095e+01 1.905235357546864705e+01 -1.218934310600567095e+01 5.018573619939412112e+01
-2.168161898064640170e+01 -1.169970161733800396e+01 3.085055520715472355e+01 -1.169970161733800396e+01 -3.508087902438505523e+01 -7.216718596612636816e+00 3.085055520715472355e+01 -7.216718596612636816e+00 -5.597798861058734587e+00
-4.154261276584294649e+01 1.541915524238334534e+01 -5.552187939561412655e+00 1.541915524238334534e+01 1.611732610223404905e+01 -6.138386387324758608e+00 -5.552187939561412655e+00 -6.138386387324758608e+00 -5.712984934603845488e+01
1.092418187999333767e+01 1.245969405944512687e+01 1.037380908125591539e+01 1.245969405944512687e+01 -1.415256349905788724e+01 -1.243802769033575828e+01 1.037380908125591539e+01 -1.243802769033575828e+01 2.214426893652409589e+01
1.327027318042826209e+01 2.269085009673067788e+01 -1.106394920666261328e+00 2.269085009673067788e+01 -9.875500579181959893e+00 2.521634407272320288e+01 -1.106394920666261328e+00 2.521634407272320288e+01 -1.059360352594070243e+00
-1.131833638396624764e+00 1.018842256677403491e+01 6.825391008620693256e+00 1.018842256677403491e+01 -4.976047050089240287e+01 1.819083919547617390e+00 6.825391008620693256e+00 1.819083919547617390e+00 -8.867052294470353146e+00
-6.776297409929998139e+01 -1.479556763433561706e+01 -1.843527689800593095e+01 -1.479556763433561706e+01 -2.923524384966661316e+01 -4.410479758964934049e+00 -1.843527689800593095e+01 -4.410479758964934049e+00 -9.417871244409411702e+00
1.003631567529305357e+01 -2.761455373550604442e+00 7.579971904047591025e+00 -2.761455373550604442e+00 6.242996692711067830e+00 -7.984689181176329864e-01 7.579971904047591025e+00 -7.984689181176329864e-01 -7.143823013667314648e+00
-3.206422332276515164e+01 2.511769275063617002e+01 5.442974950795433031e+00 2.511769275063617002e+01 -4.708145235813986318e+01 5.209916862131821480e-01 5.442974950795433031e+00 5.209916862131821480e-01 -9.096376705858192580e+00
