1.524003962434901460e+01 -5.024775019590206782e+00 -1.021538264002150775e+01 -5.024775019590206782e+00 2.291183872896919738e+01 -6.755720487563902310e+00 -1.021538264002150775e+01 -6.755720487563902310e+00 -8.826371441584797140e+00
-6.801106460726731306e+00 2.057261248490745231e+01 8.380759734718420617e+00 2.057261248490745231e+01 -2.682340332467693500e+01 8.204888602411599674e-01 8.380759734718420617e+00 8.204888602411599674e-01 -2.857439166179751666e+01
4.206337937126637883e+01 4.840519642010308488e+00 6.144824039605121690e+00 4.840519642010308488e+00 3.765125390665981797e+01 -6.015485477956855398e+00 6.144824039605121690e+00 -6.015485477956855398e+00 -3.365259328605174183e+00
1.495372881683674393e+01 -8.171618474908092011e+00 2.483761739634996690e+00 -8.171618474908092011e+00 -8.364037367075374263e+00 -5.436720701388415122e+00 2.483761739634996690e+00 -5.436720701388415122e+00 4.136293778730746595e+01
4.877859868601478865e+01 -5.777526149644010900e+00 5.776319804022462812e+00 -5.777526149644010900e+00 4.217864809372069601e+01 2.271346624544428483e+00 5.776319804022462812e+00 2.271346624544428483e+00 2.133477494467927826e+01
1.635423948656900350e+01 3.059192037222663085e+00 -3.152413694033905145e+00 3.059192037222663085e+00 1.445108339806436071e+01 5.090338050330200481e+00 -3.152413694033905145e+00 5.090338050330200481e+00 -1.495367937795055013e+01
-2.538415437638713357e+01 -2.021040418716587350e+00 8.175100885712812016e+00 -2.021040418716587350e+00 -2.551938013111151449e+01 -5.616681151409073536e+00 8.175100885712812016e+00 -5.616681151409073536e+00 -3.370436777115380522e+01
4.623926764141776857e+01 1.879997060727026215e+00 5.797072750037108868e+00 1.879997060727026215e+00 3.043069760304343419e+01 -1.342224755769098721e+00 5.797072750037108868e+00 -1.342224755769098721e+00 -1.129532366398291821e+01
-8.895114410406318228e+00 9.594273436740390792e+00 1.633697740841282098e+01 9.594273436740390792e+00 -2.892488216880624918e+01 9.496941798187608086e+00 1.633697740841282098e+01 9.496941798187608086e+00 -2.433236432271242577e+01
-2.172614841359933990e+01 3.572165356489809707e+00 2.830751683211240599e-01 3.572165356489809707e+00 -1.217544182080954229e+01 -1.197267803027026956e+00 2.830751683211240599e-01 -1.197267803027026956e+00 -3.524970843849258983e+01
4.516997649870138076e+01 2.397449148772884175e+00 -4.520879940425729937e-01 2.397449148772884175e+00 2.880706662719788369e+01 -3.739244077538434130e+00 -4.520879940425729937e-01 -3.739244077538434130e+00 -8.625193037613607672e+00
1.187467797597704511e+01 7.785233748042854174e+00 -7.997169775421197002e+00 7.785233748042854174e+00 1.825550645479304634e+01 9.622563147141836026e-01 -7.997169775421197002e+00 9.622563147141836026e-01 5.959775696309003834e+00
4.609473108721029888e+01 -1.351858849730599488e+01 -2.341363457037488605e+00 -1.351858849730599488e+01 2.762205848136784070e+01 -3.529446883552221692e+00 -2.341363457037488605e+00 -3.529446883552221692e+00 -7.220095993211343988e+00
-2.203410363110618420e+01 -1.028160162107123732e+01 -1.272639781154854255e+01 -1.028160162107123732e+01 -3.239531633979636638e+01 7.759236990976447146e+00 -1.272639781154854255e+01 7.759236990976447146e+00 -5.778885280609197395e+01
1.671007140529298240e+01 -1.686963268236886293e+01 -1.149008905222766863e+01 -1.686963268236886293e+01 1.989574243979301116e+01 -1.651909670336763369e+01 -1.149008905222766863e+01 -1.651909670336763369e+01 9.130319457957590812e-01
-4.110421340598901452e+01 3.399870046851195760e+00 2.250892277431900013e+00 3.399870046851195760e+00 -3.976781272315591309e+01 7.878538037118128834e+00 2.250892277431900013e+00 7.878538037118128834e+00 -7.879570093382886853e+01
5.910249750427558268e+01 6.969614047981544047e+00 -7.595871513952333842e+00 6.969614047981544047e+00 5.319111860179195617e+01 -7.402730255679084159e+00 -7.595871513952333842e+00 -7.402730255679084159e+00 2.742747848640226138e+00
-1.888542711918497830e+01 4.560405684314062569e+00 9.036596451319937273e+00 4.560405684314062569e+00 -2.659105969295511684e+01 -1.902893261741759767e+00 9.036596451319937273e+00 -1.902893261741759767e+00 -2.352983198794758835e+01
1.424314143706208036e+01 7.619581102725862642e+00 1.164314746965107084e+01 7.619581102725862642e+00 1.662367496698986358e+01 -1.121457489848695532e+00 1.164314746965107084e+01 -1.121457489848695532e+00 -4.277416509849808790e+01
-2.822503532845817986e+01 4.063464656856385915e+00 -6.251138584804263765e+00 4.063464656856385915e+00 -3.567725078800275451e+00 6.257011573779935887e+00 -6.251138584804263765e+00 6.257011573779935887e+00 -4.701106353027405760e+01
1.083880408713959120e+01 2.119766979974108345e+00 2.136730701020039369e+00 2.119766979974108345e+00 2.237054966270227041e+01 -5.269621852047514210e+00 2.136730701020039369e+00 -5.269621852047514210e+00 1.919408450561656920e+01
-1.556602386175840635e+01 1.507456105397969037e-01 -8.795804536171464960e+00 1.507456105397969037e-01 -2.259162086649867263e+01 8.133684791363064548e+00 -8.795804536171464960e+00 8.133684791363064548e+00 -2.142792427348587481e+01
-5.477798406939864151e+01 -7.965798311315912095e+00 -4.018453861252428538e+00 -7.965798311315912095e+00 -3.158986690560677957e+01 9.780345763988027130e+00 -4.018453861252428538e+00 9.780345763988027130e+00 -2.957784560308275701e+01
1.506794455702132929e+01 -1.728530534376490957e+00 -1.256173816229118501e+01 -1.728530534376490957e+00 -1.479348790993431351e+01 5.467344987241184562e+00 -1.256173816229118501e+01 5.467344987241184562e+00 -5.780583170770964330e+01
2.851662007237773189e+00 -2.068678606179874535e+00 4.434919037069431802e+00 -2.068678606179874535e+00 -1.304798016919365544e+01 8.461007401796587502e+00 4.434919037069431802e+00 8.461007401796587502e+00 -2.304731646984214422e+01
-7.215436895104660131e+00 -5.150173605615110617e+00 -3.994327110444265472e+00 -5.150173605615110617e+00 -1.593365565712876375e+01 -6.322035389930809934e+00 -3.994327110444265472e+00 -6.322035389930809934e+00 -1.120783855628975623e+01
-1.059723933522057493e+01 -4.301363532773174292e+00 8.427548330527883991e+00 -4.301363532773174292e+00 -8.370699637842321295e+00 -2.089008972555651766e+01 8.427548330527883991e+00 -2.089008972555651766e+01 -4.622668251895218816e+01
8.943149456803061170e+00 8.752235250420280721e+00 -4.621526499698349610e+00 8.752235250420280721e+00 3.376381779540750028e+00 -1.319541882327116156e+01 -4.621526499698349610e+00 -1.319541882327116156e+01 -3.495128379263156404e+01
6.666618241712313875e+01 -5.474752186524144193e+00 -1.402527317792432004e+00 -5.474752186524144193e+00 5.162379528189106992e+01 -3.476252851073825667e+01 -1.402527317792432004e+00 -3.476252851073825667e+01 4.112951016425408568e+01
3.280442510018804825e+01 9.649434155208718167e+00 -1.697284642281596145e+00 9.649434155208718167e+00 4.081845910074623873e+01 -6.313289888189574484e+00 -1.697284642281596145e+00 -6.313289888189574484e+00 -1.247220449757851490e+01
-1.698518718562486152e+00 5.271919002966074075e+00 6.153201470703288933e-01 5.271919002966074075e+00 -1.134645416384560068e+00 1.595856170886761127e+01 6.153201470703288933e-01 1.595856170886761127e+01 -1.219785123312340680e+00
-9.156812015027899321e+00 -1.014696466424827825e+01 1.567153214569582076e+01 -1.014696466424827825e+01 -7.243242958799982922e+00 -3.465693581877302698e+00 1.567153214569582076e+01 -3.465693581877302698e+00 -4.337033126960158569e+01
-2.928121202768685549e+01 -1.222873577916706544e+01 6.364442614007548293e+00 -1.222873577916706544e+01 -3.423093859556639984e+01 -1.662447639020199830e+01 6.364442614007548293e+00 -1.662447639020199830e+01 -5.512504781666498133e+01
-2.865951293153747859e+00 -1.574520858907728460e+01 1.410632976974325992e+01 -1.574520858907728460e+01 -3.584018291787345767e+00 -2.275573928833820858e+01 1.410632976974325992e+01 -2.275573928833820858e+01 2.680836455614468594e+00
-3.063771067498669609e+01 2.158476506979953413e+00 6.420311520415229900e+00 2.158476506979953413e+00 -3.607232298356574773e+01 2.081258705563306943e-01 6.420311520415229900e+00 2.081258705563306943e-01 -7.272317081271988570e+01
2.686213451175346378e+01 -1.372085833741323846e+01 1.117647765060176290e+01 -1.372085833741323846e+01 1.956071320779948408e+01 -3.306327057672628467e+00 1.117647765060176290e+01 -3.306327057672628467e+00 5.197062142071112945e+00
-3.649054931755060949e+01 -1.003783074472506698e+01 2.665768617468441626e+00 -1.003783074472506698e+01 -4.828242182267234028e+01 -8.744929366495350465e+00 2.665768617468441626e+00 -8.744929366495350465e+00 -3.401356858190037258e+01
-4.996112595892211772e+01 -2.836242256087507574e+00 -2.439429655850046785e+00 -2.836242256087507574e+00 -4.022962688205647197e+01 5.057227015432109951e+00 -2.439429655850046785e+00 5.057227015432109951e+00 -4.088749114191799805e+01
1.580119951456536095e-02 -5.958526128605668326e+00 1.274648156817274014e+01 -5.958526128605668326e+00 -2.628055936765926859e+01 -2.260330161560911932e+00 1.274648156817274014e+01 -2.260330161560911932e+00 -4.185898870177991427e+01
-2.727345033366058402e+01 -1.699638099098846888e+00 -7.408152719608430914e+00 -1.699638099098846888e+00 -4.434272559413834358e+01 -5.799666295230976765e+00 -7.408152719608430914e+00 -5.799666295230976765e+00 -3.368468706749620623e+01
-3.166060508523166117e+00 2.590475232656798354e+00 9.573091329598296673e-01 2.590475232656798354e+00 -5.177718620210746359e+00 -3.701406144383462493e+00 9.573091329598296673e-01 -3.701406144383462493e+00 -3.110845948768203684e+01
-3.111469973412890511e+01 1.732670607385871975e+01 -9.895289934954144551e-01 1.732670607385871975e+01 -2.370661901035085251e+01 -1.317702938624977271e+01 -9.895289934954144551e-01 -1.317702938624977271e+01 -5.401299159864463917e+01
-4.368765378756200413e+00 -9.193714194482266677e+00 2.271715765514942031e+00 -9.193714194482266677e+00 -6.138710128228205498e+00 -3.257050733811508891e+00 2.271715765514942031e+00 -3.257050733811508891e+00 -1.530688269290158665e+01
-4.341902636200374310e+00 8.936387269519713294e-01 3.109480125959103169e-01 8.936387269519713294e-01 -5.135774539432838459e+00 -1.521149665479306279e+01 3.109480125959103169e-01 -1.521149665479306279e+01 8.824972904362817783e-01
5.477111896378413292e+01 1.917718828625531202e+01 -1.728640447634411714e+01 1.917718828625531202e+01 3.858623977070624278e+01 -1.113174957966971235e+01 -1.728640447634411714e+01 -1.113174957966971235e+01 -3.840238987467010201e+00
6.262013940033994430e+01 1.012365828194788087e+01 1.556202312594251680e+00 1.012365828194788087e+01 5.249505380205516758e+01 6.762362784794921033e+00 1.556202312594251680e+00 6.762362784794921033e+00 7.953116953159446112e+00
-6.188232723644673250e+00 -3.173515655325791496e+00 1.074184219664508083e-01 -3.173515655325791496e+00 -1.080232681400726813e+00 -1.413673719768845949e+01 1.074184219664508083e-01 -1.413673719768845949e+01 -2.143191605392591015e+01
-2.368372582219219757e-01 -3.395396472952395328e+00 2.217785927883034525e+00 -3.395396472952395328e+00 -1.092734430807147739e+01 -1.010452734709817157e+01 2.217785927883034525e+00 -1.010452734709817157e+01 -1.085732951786119216e+01
1.708206856974909726e+01 4.828330857883389449e+00 -1.387103467657738065e+01 4.828330857883389449e+00 -6.514078594586354409e-01 -1.602592027799596153e+01 -1.387103467657738065e+01 -1.602592027799596153e+01 -1.041460002485720437e+01
-1.993931291782376158e+00 -2.150463262117867558e+01 -9.924779596343080712e+00 -2.150463262117867558e+01 5.830322065296865475e+00 1.113649031107371279e+01 -9.924779596343080712e+00 1.113649031107371279e+01 -3.109532969451787565e+01
