4.225739743538121473e+01 8.433078172397011629e-01 -8.776810951927309645e+00 8.433078172397011629e-01 4.215622615848226218e+01 -1.141821244710005345e+01 -8.776810951927309645e+00 -1.141821244710005345e+01 2.187311585924916368e+00
4.729200875831413242e+01 -5.621204860170481155e+00 -2.357457502710361918e+00 -5.621204860170481155e+00 5.153180658717953122e+01 -6.646658056105845702e+00 -2.357457502710361918e+00 -6.646658056105845702e+00 4.726926501639369604e+01
3.215519482259892214e+01 5.035155519895514464e-01 -1.332610182486417605e+00 5.035155519895514464e-01 2.735852946739478853e+01 5.968144024278496218e+00 -1.332610182486417605e+00 5.968144024278496218e+00 1.502364111188935780e+01
2.888423363732272620e+01 -5.347676897394094686e-01 3.441965187094947254e+00 -5.347676897394094686e-01 1.740420923361418559e+01 -1.764234331434621383e+00 3.441965187094947254e+00 -1.764234331434621383e+00 -9.478797690939924081e+00
-2.314059201568735347e+01 3.801893327321651306e+00 -2.864752662293239993e+00 3.801893327321651306e+00 -2.537566159929918541e+01 -5.968132422934355752e+00 -2.864752662293239993e+00 -5.968132422934355752e+00 -1.501405046071750782e+01
-1.226928299201788697e+00 6.553935498914264635e+00 7.940111623943287178e+00 6.553935498914264635e+00 -1.431684570779760790e+01 5.177089987712399477e+00 7.940111623943287178e+00 5.177089987712399477e+00 -5.662699194536120473e+01
3.144462807629889500e+00 -1.167563234358970981e+01 8.161000853152140522e+00 -1.167563234358970981e+01 -1.076469059196461764e+01 -4.500567607297871753e+00 8.161000853152140522e+00 -4.500567607297871753e+00 -5.908632470433906292e+01
2.905081425277489160e+01 7.642363218038698669e+00 4.655307178721308503e+00 7.642363218038698669e+00 2.775439393014462297e+01 -2.561145548556003071e+00 4.655307178721308503e+00 -2.561145548556003071e+00 2.716983164595160982e+00
-3.636963396725090547e+01 1.452573204549532981e+01 5.568378427942258568e+00 1.452573204549532981e+01 -1.589733286789179978e+01 3.655934558011970648e+00 5.568378427942258568e+00 3.655934558011970648e+00 -1.947560638690366730e+01
-3.466140317628099154e+01 -1.135048323820186944e+00 1.242166259174417497e+01 -1.135048323820186944e+00 -2.917794553342742248e+01 -1.193364080059929400e+01 1.242166259174417497e+01 -1.193364080059929400e+01 -5.958391348833495016e+01
-1.564950642922005208e+01 -2.787653778193023957e+00 1.474887582081357840e+00 -2.787653778193023957e+00 -2.480768747322066403e+01 5.278984009809945199e+00 1.474887582081357840e+00 5.278984009809945199e+00 -3.407456361727539473e+01
-1.158962052278797339e+00 3.739577428011716442e+00 -3.930091934599159398e+00 3.739577428011716442e+00 -1.605479081448951906e+00 -1.914939920036656673e+01 -3.930091934599159398e+00 -1.914939920036656673e+01 -5.037750854566484549e+01
4.941160392589657846e+01 2.327022903547661503e+00 -6.484864931935613974e+00 2.327022903547661503e+00 2.388505566469573083e+01 4.054527184442514809e+00 -6.484864931935613974e+00 4.054527184442514809e+00 3.771165758628583387e+00
-3.769238637158287020e+01 2.878106773334559776e+00 -1.550879695657618917e+01 2.878106773334559776e+00 -4.330301149165363483e+01 1.721807631707610753e+01 -1.550879695657618917e+01 1.721807631707610753e+01 -3.931507781898979914e+01
5.912279340292885266e+00 3.806773999466798841e+00 -1.219575894522826687e+01 3.806773999466798841e+00 6.592439201943198768e+00 9.479336307420753727e+00 -1.219575894522826687e+01 9.479336307420753727e+00 -2.063907804213614838e+01
-1.072132644370042698e+01 -6.942924432352437059e+00 5.853996146954897561e+00 -6.942924432352437059e+00 -6.716136079317074348e+00 2.900860628653204598e-01 5.853996146954897561e+00 2.900860628653204598e-01 -6.735744064386919661e+01
1.347356670356977837e+01 1.098581355984519980e+01 -1.201811019607319153e+01 1.098581355984519980e+01 1.632367249394716069e+01 7.655514256257939465e+00 -1.201811019607319153e+01 7.655514256257939465e+00 2.232938049921369483e+01
2.278006407188617644e+01 -3.480912819223701327e+00 -8.802287407639997951e+00 -3.480912819223701327e+00 3.114605021466639911e+01 6.880612732514600260e+00 -8.802287407639997951e+00 6.880612732514600260e+00 -2.003028728379427292e+01
-1.001464692763903130e+01 2.184666423794425216e-01 4.136053179321022455e+00 2.184666423794425216e-01 -2.346798415015059192e+01 -1.015998790977005761e+01 4.136053179321022455e+00 -1.015998790977005761e+01 -4.695777272483895359e+01
-1.776503534324835698e+01 1.145010438130312336e+00 -1.097445636760497195e-01 1.145010438130312336e+00 -2.730346382368590596e+01 9.443006299833603734e+00 -1.097445636760497195e-01 9.443006299833603734e+00 -1.385472522055947486e+01
-1.396446036228430643e+01 -4.053093391527919920e+00 -5.063580385032825149e+00 -4.053093391527919920e+00 -1.633094941372394260e+01 -3.055183271709697390e+00 -5.063580385032825149e+00 -3.055183271709697390e+00 -1.600865812341205086e+01
-3.662096677399088840e+00 2.611269018966765998e+00 3.307330000667835179e+01 2.611269018966765998e+00 6.572188219315540536e+00 5.330581431161919070e+00 3.307330000667835179e+01 5.330581431161919070e+00 -1.209594733630386276e+00
8.137884704106905787e+00 -5.425562548222747417e+00 9.014369653290390971e+00 -5.425562548222747417e+00 2.154090192113282853e+01 1.898628334461847444e+01 9.014369653290390971e+00 1.898628334461847444e+01 -3.120552425130700414e+01
2.766554827248270243e+01 -1.048661679779585221e+01 -6.642323918024750640e+00 -1.048661679779585221e+01 1.039086987429572773e+01 -4.089286350741950571e+00 -6.642323918024750640e+00 -4.089286350741950571e+00 -1.414988605856885151e+01
-1.778312681922419358e+01 -7.389909718612791778e+00 9.536217834057788778e+00 -7.389909718612791778e+00 -1.763956352127483029e+01 -1.461047364340859467e+01 9.536217834057788778e+00 -1.461047364340859467e+01 -4.950183253708682685e+01
2.230911558084965662e+01 3.089833556319740993e+00 1.516697117792789318e-01 3.089833556319740993e+00 1.935119190240644826e+01 -5.045200336008084374e-01 1.516697117792789318e-01 -5.045200336008084374e-01 1.104339270232328118e+01
2.054890599044804134e+01 8.513846670608923972e+00 -2.632550669283820977e+00 8.513846670608923972e+00 4.915814448541960147e+00 4.574710867576893825e-01 -2.632550669283820977e+00 4.574710867576893825e-01 -4.042094453449682590e+01
5.265524287861770958e+00 4.521506285964434824e+00 -1.088346979251943658e+01 4.521506285964434824e+00 9.070610257492200290e+00 -8.620921824919975052e+00 -1.088346979251943658e+01 -8.620921824919975052e+00 -3.339370511602817970e+01
2.291178029503839397e+01 2.674530007982104163e+00 1.266760227048686005e+01 2.674530007982104163e+00 1.368876570281043570e+01 -1.205788168850688180e+01 1.266760227048686005e+01 -1.205788168850688180e+01 -2.096793705390105700e+01
-1.375892390864911619e+01 1.075528330725535575e+01 5.188175001207893544e+00 1.075528330725535575e+01 -9.694289959771118959e+00 -7.513644352245072433e+00 5.188175001207893544e+00 -7.513644352245072433e+00 -1.453480550856227183e+01
1.080511803946713556e+01 1.091615172492240582e+01 -8.383739004231475889e+00 1.091615172492240582e+01 2.030856382951335348e+01 3.579062012605762177e+00 -8.383739004231475889e+00 3.579062012605762177e+00 9.329144091114075721e+00
8.547591248103374895e+00 1.084552481347465402e+00 -1.562615417846010546e+00 1.084552481347465402e+00 1.282311826876956040e+01 1.295987391745281991e+00 -1.562615417846010546e+00 1.295987391745281991e+00 9.916699291983565701e+00
3.545106193447387000e+01 -6.601055680994321051e-01 3.608369677726031899e+00 -6.601055680994321051e-01 3.459435783405361065e+01 -6.386805574502042226e+00 3.608369677726031899e+00 -6.386805574502042226e+00 2.351663127047833868e+01
2.298711726125782562e+00 9.706730187555014933e-01 2.253513291024217935e+00 9.706730187555014933e-01 2.306323220537665009e+01 2.402458841434193459e+01 2.253513291024217935e+00 2.402458841434193459e+01 -2.657434161634876446e+00
-3.959297038106944200e+01 1.159908787837990829e+01 -1.073248757284510013e+01 1.159908787837990829e+01 -3.492030385263864645e+01 8.518999407728975015e+00 -1.073248757284510013e+01 8.518999407728975015e+00 -3.756188178659073884e+01
3.835444278537800500e+01 2.101722469462547949e+01 -6.193584557578976302e+00 2.101722469462547949e+01 3.299700147548590934e+01 -1.220413074145541188e+01 -6.193584557578976302e+00 -1.220413074145541188e+01 -5.105972072511505644e+00
5.294045526772188204e+00 3.392704116340735432e+00 -1.147862903625421893e+01 3.392704116340735432e+00 1.502187433463440192e+00 1.337308198369666279e+01 -1.147862903625421893e+01 1.337308198369666279e+01 -1.241283582638273941e+01
9.222653477462047888e+00 1.765523739948823589e+01 -1.906206360785426668e+01 1.765523739948823589e+01 1.485664697972009662e+01 -3.992628444486074013e+00 -1.906206360785426668e+01 -3.992628444486074013e+00 -9.337917015365560403e+00
-4.247722340950583941e+01 7.383553237951650416e+00 5.713645751142909290e+00 7.383553237951650416e+00 -4.482900292826186472e+01 3.300551245808642342e+00 5.713645751142909290e+00 3.300551245808642342e+00 -1.909755367423732153e+01
1.277544396785596348e+01 -4.315253400515846050e-01 8.371540652840440799e+00 -4.315253400515846050e-01 3.728037046125455944e+00 1.845292298805816600e+01 8.371540652840440799e+00 1.845292298805816600e+01 -2.804868011521691784e+01
5.666381594855304016e+00 -3.828811944345156704e+00 9.136979981915142046e-01 -3.828811944345156704e+00 -5.384583809187621917e+00 7.068129748509424104e+00 9.136979981915142046e-01 7.068129748509424104e+00 -3.793484277799645099e+01
-1.127435674651766462e+01 1.354659268193841859e+00 -1.115551341880639757e+00 1.354659268193841859e+00 -1.758703591265379984e+01 1.304335131441349915e+01 -1.115551341880639757e+00 1.304335131441349915e+01 1.927117921497363051e+00
2.723550926537318873e+01 -1.000625468429600318e+01 -2.261219764046775271e+00 -1.000625468429600318e+01 -4.002754880545234539e-01 -6.896491711675241554e+00 -2.261219764046775271e+00 -6.896491711675241554e+00 -3.542480117292105746e+01
1.965075069340684522e+01 1.646653131631770517e+00 1.986272429355814273e+00 1.646653131631770517e+00 1.883385020292345757e+01 -1.146231811896310049e+01 1.986272429355814273e+00 -1.146231811896310049e+01 2.786355300296767012e+01
3.383537800329924039e+01 1.418182558702326190e+01 1.414356054385295991e+00 1.418182558702326190e+01 1.222143775750614481e+01 3.297795371720691371e+00 1.414356054385295991e+00 3.297795371720691371e+00 6.520085800411518306e+00
-1.522784463569396074e+01 -1.672084563543353442e+00 2.853801668484270415e+00 -1.672084563543353442e+00 -4.049975425972340304e+01 -2.289266715954067777e-01 2.853801668484270415e+00 -2.289266715954067777e-01 -3.212637178888683565e+01
-2.727666660955561184e+01 1.329359963637906006e+01 2.190905229199048510e+00 1.329359963637906006e+01 -1.702738423136662149e+01 -4.254618926065036000e+00 2.190905229199048510e+00 -4.254618926065036000e+00 -2.551601837178983345e+01
2.470062165619731687e+01 -2.741134697626212091e+00 1.060956834083141942e+01 -2.741134697626212091e+00 2.385295305748318384e+01 2.640907577737484857e+00 1.060956834083141942e+01 2.640907577737484857e+00 -4.309863344277067654e+01
5.481870385856630890e+00 6.141521376293672674e+00 9.166326867193163030e-01 6.141521376293672674e+00 -1.448600544093745057e+01 5.989265626022722167e+00 9.166326867193163030e-01 5.989265626022722167e+00 -3.324895699066627941e+01
1.421673943621105707e+01 -4.441694016932325795e+00 7.592238768756576661e+00 -4.441694016932325795e+00 -1.879674116737977352e+00 7.326630305306236934e+00 7.592238768756576661e+00 7.326630305306236934e+00 -1.929447110623172179e+01
