3.484042635559713119e+01 -1.868866011861319620e+00 1.131155337541901318e+01 -1.868866011861319620e+00 1.417116087919099066e+01 4.476735265656635931e+00 1.131155337541901318e+01 4.476735265656635931e+00 3.553968366995846395e+01
2.728811224618701203e+01 1.059212663579627467e+01 1.751423430561348482e+01 1.059212663579627467e+01 -1.137440072604637109e+01 -3.631366456185683322e+00 1.751423430561348482e+01 -3.631366456185683322e+00 1.374655682652926814e+01
-1.949441909897404202e+01 -1.707252601741991116e+00 2.904144925248965947e+00 -1.707252601741991116e+00 -3.643037706951393773e+01 -8.696820587412318337e-01 2.904144925248965947e+00 -8.696820587412318337e-01 -2.486479503046388473e+01
4.135964092795862967e+01 1.603359463016330588e+00 1.467664770363637183e+00 1.603359463016330588e+00 1.389429682568592206e+01 -2.629973640322494255e+00 1.467664770363637183e+00 -2.629973640322494255e+00 2.241208060259618762e+01
1.036333473785073345e+01 -3.229769318860273852e+00 4.256476158419622013e-01 -3.229769318860273852e+00 1.773503491723685599e+00 -3.068534668465785931e+00 4.256476158419622013e-01 -3.068534668465785931e+00 2.019535834110468286e+01
7.367692349540994279e+00 -9.718106199230211573e+00 1.434086581722902842e+01 -9.718106199230211573e+00 -3.808337257482408233e+01 4.517039864123863602e+00 1.434086581722902842e+01 4.517039864123863602e+00 3.042137245039228333e+01
2.881332760456746911e+01 1.813288283415798574e+01 1.361642345022280409e+01 1.813288283415798574e+01 3.921352511514749750e+01 -1.021164261164774878e+01 1.361642345022280409e+01 -1.021164261164774878e+01 6.450426421095784235e+01
-1.992696295961834352e+01 1.244369929501463412e+00 7.104476496898151083e+00 1.244369929501463412e+00 -3.508714489457727126e+01 -1.079528635251453705e+00 7.104476496898151083e+00 -1.079528635251453705e+00 -1.031916315704946463e+01
3.225362851248728191e+01 8.533275887887919353e+00 1.225610574095269101e+01 8.533275887887919353e+00 1.088623135565957512e+01 -1.140868057030425220e+01 1.225610574095269101e+01 -1.140868057030425220e+01 4.569121493549197055e+01
3.120345003119023630e+01 1.509564153997180647e+01 1.367649717731703296e+00 1.509564153997180647e+01 2.870734611984528684e+01 -2.001323695364053279e+01 1.367649717731703296e+00 -2.001323695364053279e+01 4.375629117318266026e+01
-1.324519206972535024e+01 1.485044840005166566e+00 5.214516132523206338e+00 1.485044840005166566e+00 -2.853445570290310584e+01 -1.429030326237874515e+00 5.214516132523206338e+00 -1.429030326237874515e+00 -9.601990199673073434e+00
1.654294029199704497e+01 -2.087918060373010753e+00 5.696177769951683345e+00 -2.087918060373010753e+00 -1.462327509776675249e+01 3.146040220206956395e+00 5.696177769951683345e+00 3.146040220206956395e+00 2.211983950820275524e+01
-9.881254989005878286e+00 -7.412432785519569300e+00 1.068183836985108393e+01 -7.412432785519569300e+00 -5.052765328637853770e+01 2.183197042667476828e-01 1.068183836985108393e+01 2.183197042667476828e-01 -8.784718691980141214e-01
-2.916519292053784351e+00 6.163548396725749612e+00 6.820935573608563729e+00 6.163548396725749612e+00 -1.065212972069936548e+01 -1.015308720074300908e+01 6.820935573608563729e+00 -1.015308720074300908e+01 -2.401284793243357196e+00
-9.035803211462395623e+00 8.536878845711999730e+00 7.690914590653145311e+00 8.536878845711999730e+00 -3.242844802769114665e+01 -2.926051676060535733e+00 7.690914590653145311e+00 -2.926051676060535733e+00 -5.316865423292583159e+00
9.053443000155358078e+00 -2.326098700060671653e+00 8.388574930086894810e+00 -2.326098700060671653e+00 -1.631278503455349238e+01 5.223254394306918513e+00 8.388574930086894810e+00 5.223254394306918513e+00 2.957586379504200735e+01
3.447146787358506970e+01 7.893106276619193729e+00 9.526407929534693508e+00 7.893106276619193729e+00 1.032859979474160994e+01 -4.808172596436405044e+00 9.526407929534693508e+00 -4.808172596436405044e+00 1.587319772022024722e+01
1.659707739753034161e+01 2.238439054194481415e+00 -1.987711087968233370e+00 2.238439054194481415e+00 -9.103237150451873205e+00 -5.879920525156297373e+00 -1.987711087968233370e+00 -5.879920525156297373e+00 1.906593090850055106e+01
2.215673513536146189e+01 -3.783518343881536516e+00 5.921797539297481094e+00 -3.783518343881536516e+00 4.432756546956156285e+01 6.563761563326480086e+00 5.921797539297481094e+00 6.563761563326480086e+00 4.143321925241745163e+01
1.770701037177808601e+01 1.494814057581721034e+00 1.712034631169102639e+01 1.494814057581721034e+00 -3.170865963341027793e+01 -2.014464287700250544e+00 1.712034631169102639e+01 -2.014464287700250544e+00 3.906169582599672907e+01
2.001781073914153097e+01 -2.004478499577794892e+00 -4.172032497216949243e-01 -2.004478499577794892e+00 -1.007711857097051045e+01 -2.786258337423142883e+00 -4.172032497216949243e-01 -2.786258337423142883e+00 2.340665672213193460e+01
3.919473986716465408e+00 1.037313184569735869e+00 5.060888845949229164e+00 1.037313184569735869e+00 1.171452470130776247e+00 1.271735743599600399e+00 5.060888845949229164e+00 1.271735743599600399e+00 5.941884437269785657e+00
-1.846106443237473016e+01 -1.679334175245826399e+00 4.054101602474902144e+00 -1.679334175245826399e+00 -3.121574324965545699e+01 -6.705342488457147532e+00 4.054101602474902144e+00 -6.705342488457147532e+00 -8.134942861171575501e+00
2.972588773794224437e+01 4.408987385507516343e+00 4.969798530281900106e+00 4.408987385507516343e+00 3.807553892756928793e+00 -1.830754698615235654e+00 4.969798530281900106e+00 -1.830754698615235654e+00 1.170578457065534472e+01
1.388394049322330837e+01 7.224430516478667075e-01 1.982898880465023694e+01 7.224430516478667075e-01 1.262761641404367197e+01 3.993117351688195260e+00 1.982898880465023694e+01 3.993117351688195260e+00 3.358120807036623745e+01
-1.710315234182889199e+01 -2.321302758702373126e+00 -5.102784129219799958e+00 -2.321302758702373126e+00 -3.164950595472496886e+01 1.280415408790204879e+00 -5.102784129219799958e+00 1.280415408790204879e+00 -9.480708685655775625e+00
-9.471121688187405852e+00 -1.009950753866693596e+01 1.162682926145602913e+01 -1.009950753866693596e+01 -1.977360290805440002e+01 -3.637904045063086844e+00 1.162682926145602913e+01 -3.637904045063086844e+00 3.753145775995794686e+00
4.771088043758576447e+01 1.218803317728602664e+01 2.487215064037260959e+01 1.218803317728602664e+01 3.956554029514386173e+01 4.833634442931357356e+00 2.487215064037260959e+01 4.833634442931357356e+00 4.777710480860420006e+01
-1.486954498936411539e+01 4.971741498274648841e+00 3.199477715355196761e+00 4.971741498274648841e+00 -2.104205130770017362e+01 1.107832644498739638e+00 3.199477715355196761e+00 1.107832644498739638e+00 2.475764248758731245e+00
1.924163374791808678e+01 5.964367943282244511e+00 -1.474222067278202264e+00 5.964367943282244511e+00 1.638560634900573376e+01 -1.183889297898847559e+01 -1.474222067278202264e+00 -1.183889297898847559e+01 2.819126645704410095e+01
-1.554695070216050645e+01 1.723246269346782711e+00 4.467358893625775984e+00 1.723246269346782711e+00 -1.926949289024071987e+01 2.206677459653030748e+00 4.467358893625775984e+00 2.206677459653030748e+00 -8.991683131727540967e+00
3.663828977113366747e+00 -1.554444405912328087e+01 6.021259861810709602e+00 -1.554444405912328087e+01 -1.048444128665496677e+01 8.935769742062953380e-01 6.021259861810709602e+00 8.935769742062953380e-01 1.774808993562705339e+01
2.832364395555342185e+01 7.846207775946355767e+00 7.769160851521202282e+00 7.846207775946355767e+00 -7.179806752387050572e+00 -4.793849507385061770e+00 7.769160851521202282e+00 -4.793849507385061770e+00 2.895283002018202723e+01
-4.156555924026068993e+00 -5.313763467108953975e+00 4.251374923463436595e+00 -5.313763467108953975e+00 -3.908122479189086107e+01 5.401616443498174824e+00 4.251374923463436595e+00 5.401616443498174824e+00 -8.803689414059775231e+00
5.774620124406173716e+01 -8.274129736109175681e+00 5.366075353554076166e+00 -8.274129736109175681e+00 1.828546403925418318e+01 3.230705137023478279e+00 5.366075353554076166e+00 3.230705137023478279e+00 4.045000460543344900e+01
-1.586732816299720916e+01 8.606786704375322117e+00 6.472798271794020231e+00 8.606786704375322117e+00 -3.880657432042725219e+01 -7.166824776402703767e-01 6.472798271794020231e+00 -7.166824776402703767e-01 -5.815231428065938069e+00
8.438239079726141512e+00 1.659298706285095903e+01 -3.796376589505308541e+00 1.659298706285095903e+01 5.158208928293598561e+00 2.690354279732713572e+00 -3.796376589505308541e+00 2.690354279732713572e+00 1.558455391948498026e+01
-1.042428563999981606e+01 1.026321326479347995e+01 2.933686460725196898e+00 1.026321326479347995e+01 -1.530588574522936973e+01 1.090981293228468907e+01 2.933686460725196898e+00 1.090981293228468907e+01 4.391881095440892224e+00
2.833296479872084461e+01 6.309898606019341827e+00 2.581460235648975754e+00 6.309898606019341827e+00 7.695889273980010437e+00 6.981678938076648855e+00 2.581460235648975754e+00 6.981678938076648855e+00 3.109181303821364040e+01
-7.127416460329636827e+00 5.349376143090013080e+00 5.222587266039544041e+00 5.349376143090013080e+00 -1.291112411220607115e+01 1.927509350721382742e+00 5.222587266039544041e+00 1.927509350721382742e+00 2.019052801521915441e+01
2.902369783124682101e+01 7.938502776275160322e+00 1.770244714658696594e+01 7.938502776275160322e+00 -8.957393963704719297e+00 1.543309436861839856e+00 1.770244714658696594e+01 1.543309436861839856e+00 2.831100084880544188e+01
7.061390817583881763e+00 1.041224174061020635e+00 1.205285188083330894e+01 1.041224174061020635e+00 -1.910087040109910461e+01 3.793033481929164008e+00 1.205285188083330894e+01 3.793033481929164008e+00 1.118505865509028219e+01
-8.830290582481431727e+00 -4.936858455218305686e+00 8.267324340049071907e+00 -4.936858455218305686e+00 -3.132597308927442725e+01 -1.388498102383774757e+01 8.267324340049071907e+00 -1.388498102383774757e+01 1.712780572296388470e+00
1.475691319527689060e+01 -6.008482959365996301e+00 1.412730211917379641e+01 -6.008482959365996301e+00 1.048851265772788821e+01 -6.039038020183204125e+00 1.412730211917379641e+01 -6.039038020183204125e+00 7.692866051568288732e+00
2.754190004608428666e+01 -5.648930780264385554e+00 2.222134688682818293e+01 -5.648930780264385554e+00 9.868211436752567067e+00 -7.350766917400916256e+00 2.222134688682818293e+01 -7.350766917400916256e+00 3.866110634128568080e+01
1.198665823694699739e+01 -6.751885285055061914e+00 1.669726301749256692e+01 -6.751885285055061914e+00 -2.841870237206570238e+01 1.027631602972074809e+01 1.669726301749256692e+01 1.027631602972074809e+01 2.547525394925977693e+01
-8.501495828895047069e+00 7.806693340571751349e+00 1.264670467804632459e+01 7.806693340571751349e+00 -4.476872463334624541e+01 -6.036193579959184596e+00 1.264670467804632459e+01 -6.036193579959184596e+00 -6.873790642135676698e+00
3.906967105964421449e+01 8.654989532193750890e+00 1.738030038682107303e+01 8.654989532193750890e+00 2.555027622900623996e+01 8.524357836101323471e+00 1.738030038682107303e+01 8.524357836101323471e+00 5.884404230791386681e+01
9.080525898921727901e+00 3.425210541684802212e+00 7.605674041593496471e-02 3.425210541684802212e+00 -1.765731824381830251e+01 -2.115801253983435437e+00 7.605674041593496471e-02 -2.115801253983435437e+00 1.403601753930202278e+01
4.112617393967811452e+00 5.666288964037931919e+00 -1.192390247568289485e+00 5.666288964037931919e+00 -1.282493795323436458e+01 -5.152358716493830926e+00 -1.192390247568289485e+00 -5.152358716493830926e+00 9.627235771241824835e+00
-1.709221527948574249e+01 6.153825378850451777e+00 3.607429512997821774e+00 6.153825378850451777e+00 -3.592499420306115354e+01 -8.211845927822215785e+00 3.607429512997821774e+00 -8.211845927822215785e+00 6.727498040361538756e+00
-3.939402850418615820e+00 -1.200150518695609314e+01 9.861198505867150743e+00 -1.200150518695609314e+01 -2.458969841447171234e+01 3.872877030362070094e+00 9.861198505867150743e+00 3.872877030362070094e+00 4.051069642050152630e+00
-8.961318274685007523e+00 2.499013977918536078e+00 6.661021504156440898e+00 2.499013977918536078e+00 -3.675219769205595099e+01 7.520199597531646019e-01 6.661021504156440898e+00 7.520199597531646019e-01 4.513802644644326900e-01
3.072748278396488075e+01 -9.890381249428439325e-01 1.343362804650927878e+01 -9.890381249428439325e-01 9.672123445032964284e+00 -2.239602447233091986e+00 1.343362804650927878e+01 -2.239602447233091986e+00 5.295466684485990783e+01
-1.350220907065555664e+01 1.408400652358682059e+00 1.739044842499339438e+01 1.408400652358682059e+00 -3.371522860827725765e+01 -2.551055448299797135e+00 1.739044842499339438e+01 -2.551055448299797135e+00 -1.426538803860800186e+01
2.101466511618595945e+01 -8.591108779361785963e+00 4.549173460961489113e+00 -8.591108779361785963e+00 -1.975641313456193870e+01 -4.282174171128450002e-01 4.549173460961489113e+00 -4.282174171128450002e-01 8.877924479013275416e+00
4.281922895503515747e+01 -9.027422910178707127e+00 1.104858824023962249e+01 -9.027422910178707127e+00 2.623406257725558177e+01 1.086733073875134181e+00 1.104858824023962249e+01 1.086733073875134181e+00 4.382196874740505876e+01
1.680802287216811308e+01 4.205037316072682607e+00 1.157633869244477864e+01 4.205037316072682607e+00 -1.713761835180716231e+00 9.194151129467105221e+00 1.157633869244477864e+01 9.194151129467105221e+00 2.420891377928943911e+01
-1.428251252860936305e+01 -4.340113236761108162e+00 -7.731081597829897234e+00 -4.340113236761108162e+00 -1.658571633481181706e+01 -9.098255822782075342e+00 -7.731081597829897234e+00 -9.098255822782075342e+00 -3.777923445579388417e+00
1.161475526495755473e+00 -4.584974510467611175e+00 1.884098347566568743e-01 -4.584974510467611175e+00 -1.593288359565171142e+01 -4.173066023216287057e+00 1.884098347566568743e-01 -4.173066023216287057e+00 1.494395661719526913e+01
-3.173687340217292707e-01 -5.659025834478466521e+00 9.522906728661459042e+00 -5.659025834478466521e+00 -8.864417747763132738e+00 -2.880744837155100768e+00 9.522906728661459042e+00 -2.880744837155100768e+00 1.972436453505694587e+01
2.183825763400098374e+00 -4.292345477228635353e+00 3.083112838221590657e+00 -4.292345477228635353e+00 -1.581667605936868881e+01 -1.039992724171748373e+00 3.083112838221590657e+00 -1.039992724171748373e+00 2.265749122736593790e+01
-1.763286170545192277e+01 -5.630246282091612153e-01 9.477241693338269712e+00 -5.630246282091612153e-01 -3.953169685156652235e+01 3.023688780120528552e+00 9.477241693338269712e+00 3.023688780120528552e+00 -1.199475207372126917e+01
-2.001651617967670305e+01 -7.096211345540656801e+00 4.114824603309014783e+00 -7.096211345540656801e+00 -4.183608696909381308e+01 -1.660888923450610477e+01 4.114824603309014783e+00 -1.660888923450610477e+01 -1.237982666075517635e+01
5.744465846134256815e+00 1.151065565428243964e+01 1.154135504270738188e+01 1.151065565428243964e+01 -2.356814059186408628e+00 -1.058071286720343673e+00 1.154135504270738188e+01 -1.058071286720343673e+00 2.842008031707227289e+01
-2.957338796115717372e+01 -1.011480105045888500e+01 9.553742026052207237e+00 -1.011480105045888500e+01 -5.401902299516519435e+01 -4.151811740236050596e+00 9.553742026052207237e+00 -4.151811740236050596e+00 -1.284899624177959865e+01
-1.604246557550644425e+01 4.213352209357714706e+00 1.144220761475246562e+01 4.213352209357714706e+00 -4.510067122726864142e+01 1.402538842758860760e+00 1.144220761475246562e+01 1.402538842758860760e+00 -1.265705123868390913e+01
-2.281306940643712977e+01 -7.268611146567981462e-01 1.535367457131347146e+00 -7.268611146567981462e-01 -4.218912284762021159e+01 -1.441786340952359780e+01 1.535367457131347146e+00 -1.441786340952359780e+01 -9.170540273237815398e+00
1.881124571834915660e+00 6.343870565045992116e+00 1.967976012780507711e+00 6.343870565045992116e+00 -3.528377449146243094e+01 -1.381352179082119824e-01 1.967976012780507711e+00 -1.381352179082119824e-01 -3.728477606884532669e+00
2.259865926325472429e+01 7.445677867560109853e+00 1.255763411097410120e+01 7.445677867560109853e+00 6.953176383203307331e+00 2.458190658734022538e+00 1.255763411097410120e+01 2.458190658734022538e+00 2.161871855120994113e+01
-2.606293160878426107e+00 9.064868357809823252e-01 1.465787545515716594e+01 9.064868357809823252e-01 -3.117276258647574139e+01 4.402226384685891780e+00 1.465787545515716594e+01 4.402226384685891780e+00 9.044102117241203942e+00
-6.748349975884854857e+00 6.150447782173525724e+00 1.276195674970370675e+01 6.150447782173525724e+00 -3.559130033146311689e+01 7.374069148972380638e+00 1.276195674970370675e+01 7.374069148972380638e+00 6.649314870023514956e+00
3.711855825648486018e+01 -1.770860936818867692e+00 5.022733685091823830e+00 -1.770860936818867692e+00 3.745599434500642388e+01 -4.003591674054182703e-01 5.022733685091823830e+00 -4.003591674054182703e-01 4.706679534533421361e+01
3.397415868198036293e+01 5.661785378308715977e+00 1.890496583100301775e+00 5.661785378308715977e+00 3.915298591053688160e+00 -1.126090744946297795e+00 1.890496583100301775e+00 -1.126090744946297795e+00 2.873185189076537682e+01
-9.363303247510156524e+00 -5.069589505220029046e+00 1.684465322390603648e+00 -5.069589505220029046e+00 -1.638417101962002675e+01 4.161868482152868864e+00 1.684465322390603648e+00 4.161868482152868864e+00 1.060825326483409725e+01
-1.463684511904923191e+01 3.594155073927732147e+00 1.212557769043770772e+00 3.594155073927732147e+00 -2.174715307550114574e+01 6.756948893610114304e+00 1.212557769043770772e+00 6.756948893610114304e+00 -1.247380331290827371e+01
-7.235933036261637419e+00 1.016926118340914797e+01 1.229549312337052669e+01 1.016926118340914797e+01 -1.255447589474036008e+01 7.167661578967648772e+00 1.229549312337052669e+01 7.167661578967648772e+00 -5.001191694883245553e+00
-1.679100518747360837e+01 -2.366360587287711148e+00 4.882811395116302577e+00 -2.366360587287711148e+00 -2.807547105959220346e+01 6.656928753135112231e+00 4.882811395116302577e+00 6.656928753135112231e+00 -5.379888097897258525e-01
-1.566339713333080930e+01 -2.410896176005178138e+00 1.860591367435751486e+00 -2.410896176005178138e+00 -3.321721390983908151e+01 1.951609016429393328e+00 1.860591367435751486e+00 1.951609016429393328e+00 -4.472345311580861349e+00
-2.845797351860063173e+01 -2.748175217377273771e+00 1.584661833644432427e+01 -2.748175217377273771e+00 -4.529255435113702788e+01 -1.355069897389405043e+01 1.584661833644432427e+01 -1.355069897389405043e+01 -2.082844789281237752e+01
2.594432474981264747e+01 -2.432383752709067704e+00 1.619636539601464875e+01 -2.432383752709067704e+00 -1.087306971413446455e+01 -9.722802217294573168e+00 1.619636539601464875e+01 -9.722802217294573168e+00 2.921154640309534400e+01
-2.662340706632245979e+00 5.663953945828831271e-01 9.108947071459301270e+00 5.663953945828831271e-01 -2.418464711833509995e+01 -7.294236057187910127e+00 9.108947071459301270e+00 -7.294236057187910127e+00 7.587577380431571594e-01
1.039613839199697765e+01 -1.714656376331426557e+01 8.242471564747880564e+00 -1.714656376331426557e+01 1.305178034164659273e+01 -9.019530230662427428e+00 8.242471564747880564e+00 -9.019530230662427428e+00 3.479157333339809099e+01
1.796623581390605651e+01 1.116472082547721989e+01 1.026021315936543887e+00 1.116472082547721989e+01 2.352181137301430525e+01 -4.520623629307996438e+00 1.026021315936543887e+00 -4.520623629307996438e+00 2.876515086900966622e+01
1.878168088271773328e+01 -1.468923777787123353e+00 9.702671177837139282e+00 -1.468923777787123353e+00 9.592383067958914822e+00 -1.001273730455736199e+01 9.702671177837139282e+00 -1.001273730455736199e+01 1.896769778959169983e+01
1.345795584179445292e+01 2.534224619572338355e-01 -6.040263296936267956e-01 2.534224619572338355e-01 -2.081960344859785650e+01 8.095507548117788499e-01 -6.040263296936267956e-01 8.095507548117788499e-01 1.099523014998385406e+01
4.972790061272274187e+01 5.052609495875624468e+00 2.101133757546732994e+01 5.052609495875624468e+00 2.834971211612814201e+01 -4.463271320220179916e+00 2.101133757546732994e+01 -4.463271320220179916e+00 6.330821421710584218e+01
4.110317842814947653e+01 -9.986532742344691016e+00 -5.504193587288112033e-01 -9.986532742344691016e+00 2.037863072319850488e+01 -3.132623467012724650e+00 -5.504193587288112033e-01 -3.132623467012724650e+00 3.384597385609005471e+01
1.827594066243058180e+01 3.045528310742060984e+00 1.924583421451675713e+00 3.045528310742060984e+00 -3.821216061236498973e+01 -6.350233350925893028e+00 1.924583421451675713e+00 -6.350233350925893028e+00 1.850545271454887342e+01
3.940110157291195492e+01 -4.137421160617318350e+00 1.006438253213899081e+01 -4.137421160617318350e+00 1.325739188511469813e+01 1.991608180047377274e-01 1.006438253213899081e+01 1.991608180047377274e-01 3.890369220615792045e+01
-2.045721725636517974e+01 -4.773648064054180296e+00 2.079150232257283548e+01 -4.773648064054180296e+00 -4.992375140557830093e+01 1.052206520839662751e+01 2.079150232257283548e+01 1.052206520839662751e+01 8.309214177027552939e-01
-5.852801269131858497e+00 -9.172982805144100027e+00 1.220192926367562691e+01 -9.172982805144100027e+00 -2.703299752960453262e+01 -3.075488888016727262e+00 1.220192926367562691e+01 -3.075488888016727262e+00 -1.826028687894258695e+01
1.615304259604159753e+01 -4.760128247650913913e+00 1.264362218118868419e+01 -4.760128247650913913e+00 1.433474126007869387e+01 7.675944454777809955e-01 1.264362218118868419e+01 7.675944454777809955e-01 3.763525315782578673e+01
3.032459009787038084e+01 5.177908359374224112e+00 9.513616619838604294e+00 5.177908359374224112e+00 4.219298276822465255e+01 3.046712024534574126e-01 9.513616619838604294e+00 3.046712024534574126e-01 1.380341006587192254e+01
1.049694454877656824e+01 -1.138919137655665992e+01 1.782055727906936937e+01 -1.138919137655665992e+01 -3.706460989004338558e+01 7.322304503476203763e+00 1.782055727906936937e+01 7.322304503476203763e+00 2.007119889214045827e+01
2.004430974503175733e+01 1.119351062470781955e+01 1.113341331905469289e+01 1.119351062470781955e+01 -1.610221062184946916e+01 -1.222602768145553576e+00 1.113341331905469289e+01 -1.222602768145553576e+00 1.167152671765532190e+01
-2.850212240043159184e+01 -4.632815821427089809e+00 1.958659328043694359e+01 -4.632815821427089809e+00 -5.597830475915765192e+01 -1.117373017764577536e+00 1.958659328043694359e+01 -1.117373017764577536e+00 -4.775312563357030804e+00
2.342297470081334865e+01 8.828642982750908530e+00 7.536350288809629205e+00 8.828642982750908530e+00 8.689175859006930125e+00 -9.116169125036963194e+00 7.536350288809629205e+00 -9.116169125036963194e+00 2.239703074561321827e+01
-3.552940193862483276e-01 -1.700609554998343986e+00 8.310351187003499618e-01 -1.700609554998343986e+00 -1.090088238113846764e+01 2.161647043334477658e+00 8.310351187003499618e-01 2.161647043334477658e+00 -4.105031955475415550e+00
3.444702870792192329e+01 -2.932003649924503463e+00 6.679810041044840219e+00 -2.932003649924503463e+00 1.688156295090352899e+01 7.820256207172054941e-01 6.679810041044840219e+00 7.820256207172054941e-01 3.997798325421045007e+01
