-4.376614743058281931e+01 1.258958066314362867e+01 -1.698134968044731252e+01 1.258958066314362867e+01 -7.886039540759533395e+00 -1.353440572510929485e+01 -1.698134968044731252e+01 -1.353440572510929485e+01 -4.113226336747040790e+01
-1.179629558484838725e+01 8.754100539514180213e+00 5.117785437560539386e+00 8.754100539514180213e+00 -1.166873358694487095e+01 4.168808853661842839e+00 5.117785437560539386e+00 4.168808853661842839e+00 -2.103910402674474156e+01
4.068661821719310012e+01 2.745445713466300841e+00 2.393200902757898763e-01 2.745445713466300841e+00 4.123556829963677473e+01 5.581014165319061249e+00 2.393200902757898763e-01 5.581014165319061249e+00 -1.315126570649915339e+00
-3.173348379952481757e+00 1.111409870642967590e+01 7.849614010936976527e+00 1.111409870642967590e+01 9.771789427232491221e+00 -3.786932383532032542e+00 7.849614010936976527e+00 -3.786932383532032542e+00 1.677030631894536228e+01
-2.959660497790582667e+01 -7.582226907506635527e+00 4.737200726682186058e+00 -7.582226907506635527e+00 -2.771700642907619283e+01 -6.923694643547277039e+00 4.737200726682186058e+00 -6.923694643547277039e+00 -5.761982520874497737e+01
1.315806436042257843e+01 3.185043015995911553e+00 4.518392143904697456e+00 3.185043015995911553e+00 1.210073717771759405e+01 -2.744944866418397855e-01 4.518392143904697456e+00 -2.744944866418397855e-01 -7.170868063334211229e+00
1.153267762855828238e+01 5.807271285484700840e+00 -5.538425119623634707e+00 5.807271285484700840e+00 1.100308430808653881e+01 5.335013496978803893e+00 -5.538425119623634707e+00 5.335013496978803893e+00 -2.109439081459535004e+01
2.145444378691998466e+01 4.767152901315718339e+00 6.119577456657249392e+00 4.767152901315718339e+00 2.807686300339251417e+01 -7.999077358971182328e+00 6.119577456657249392e+00 -7.999077358971182328e+00 -9.794273626600469740e+00
1.888927595349906952e+01 1.268802561363647285e+01 -1.018993326859451898e+01 1.268802561363647285e+01 1.175466754606316222e+01 -2.240949544386243275e+00 -1.018993326859451898e+01 -2.240949544386243275e+00 -1.495455611276481100e+01
-1.501083060095895938e+01 6.377003843720544296e+00 1.046128858046083643e+01 6.377003843720544296e+00 -5.368584428635367889e-01 -6.916061406503199116e+00 1.046128858046083643e+01 -6.916061406503199116e+00 6.846830106440767061e+00
1.304672876522348446e+01 -8.340880328932716026e+00 -1.062440657955631806e+01 -8.340880328932716026e+00 -7.206032118563149957e+00 -1.551932706178645383e+01 -1.062440657955631806e+01 -1.551932706178645383e+01 -1.753908384480144989e+01
2.709976507349693087e+00 1.846623336434442919e+01 9.914442631989009769e+00 1.846623336434442919e+01 7.774049177531877630e-01 3.802006553141137335e-01 9.914442631989009769e+00 3.802006553141137335e-01 -1.188557634150163622e+01
1.216060278835601061e+01 6.735312140348030496e+00 -9.141826049732101112e+00 6.735312140348030496e+00 8.677703734792009627e+00 3.937787992661810232e+00 -9.141826049732101112e+00 3.937787992661810232e+00 -3.991773479671740432e+01
-3.043189205903100714e+01 6.871459960355718266e+00 -3.635346581949347566e+00 6.871459960355718266e+00 -2.365212375930384781e+01 -3.320042966880230484e+00 -3.635346581949347566e+00 -3.320042966880230484e+00 -2.134351861759403945e+01
-5.992183281310811793e+00 4.865576153826195238e+00 -2.095125997510748306e+01 4.865576153826195238e+00 -1.852494842523114471e+01 1.257532722907824585e+01 -2.095125997510748306e+01 1.257532722907824585e+01 -5.137701520582338333e+01
2.382779350297536070e+01 5.134794809498497870e+00 -5.045972366833568756e-01 5.134794809498497870e+00 2.706627131257610230e+01 -3.715474439707548093e+00 -5.045972366833568756e-01 -3.715474439707548093e+00 -4.056386405209789214e-01
-2.240003829292981052e+01 -7.227261099783623965e-01 8.771012342990939459e+00 -7.227261099783623965e-01 -2.492178435194921349e+01 7.645441558203632582e+00 8.771012342990939459e+00 7.645441558203632582e+00 -4.087786618492202706e+01
1.245148280524978901e+01 1.323447700655285253e+01 4.529948280717315257e+00 1.323447700655285253e+01 -4.285784663716612819e+00 -3.023734994076533233e+00 4.529948280717315257e+00 -3.023734994076533233e+00 -2.804722643704138463e+01
3.352382385654610886e+01 1.910413924602767377e+00 2.923261937481020478e+00 1.910413924602767377e+00 2.474831804186634443e+01 4.470963570719022506e+00 2.923261937481020478e+00 4.470963570719022506e+00 4.813435340150407526e+00
9.984446358705890034e+00 -2.346005677413196722e+01 -1.199712017372486805e+01 -2.346005677413196722e+01 -7.381450002221938256e+00 1.376561096403452389e+01 -1.199712017372486805e+01 1.376561096403452389e+01 -3.903612406750448827e+01
-8.881684636177288539e+00 6.560077468800110445e+00 3.774233255199824999e+00 6.560077468800110445e+00 4.462819839399468691e+00 -2.671948212560551816e+00 3.774233255199824999e+00 -2.671948212560551816e+00 1.039466100421686079e+01
1.544890486551342423e+00 7.958715635686072432e+00 2.022025770890226948e+00 7.958715635686072432e+00 1.243725037272775058e+00 5.799914037668416622e-01 2.022025770890226948e+00 5.799914037668416622e-01 -4.863864505375536851e+01
3.493475566789934650e+00 8.336013501311331453e+00 8.584626635981765785e-01 8.336013501311331453e+00 9.035396076514382813e+00 1.712821817832512306e+00 8.584626635981765785e-01 1.712821817832512306e+00 -8.763933694539934649e+00
7.953703614923201215e+00 -1.550725893104447639e+00 7.756418915633150890e-01 -1.550725893104447639e+00 3.490321296369593984e+00 4.430184501450491474e+00 7.756418915633150890e-01 4.430184501450491474e+00 -1.472353771650931620e+01
-2.365659756609723985e+01 -2.970903801304525804e-01 -1.911344215914047240e+00 -2.970903801304525804e-01 -3.531721108853741953e+01 -9.362745806616882049e+00 -1.911344215914047240e+00 -9.362745806616882049e+00 -6.077623395258813588e+01
-1.463165242106176933e+01 4.409912004995564239e+00 -8.921615647360734869e+00 4.409912004995564239e+00 -1.290462976552918661e+01 1.727602167563702773e+00 -8.921615647360734869e+00 1.727602167563702773e+00 -2.909659389312332678e+01
-3.590368041871049076e+00 -4.126740513266977661e-01 4.012916129344502814e+00 -4.126740513266977661e-01 1.115710142945256500e+01 -3.747537085493039655e+00 4.012916129344502814e+00 -3.747537085493039655e+00 -2.781948013747478399e+01
-7.652391295862241094e+00 5.137028573207677695e+00 -2.225580410342246296e+01 5.137028573207677695e+00 3.840979289242701267e+00 1.369160914554134756e+01 -2.225580410342246296e+01 1.369160914554134756e+01 -9.383504072586358546e+00
-2.505621714909974873e+00 1.715453245917865033e+01 4.905138121705727161e-01 1.715453245917865033e+01 -3.318639818848777345e+00 1.706649878716456570e+00 4.905138121705727161e-01 1.706649878716456570e+00 -1.868307396202504123e+01
2.167558642905518340e+01 -6.708959302127646573e+00 -7.005065717403770043e-01 -6.708959302127646573e+00 2.945252186310946740e+01 5.811093463404012560e+00 -7.005065717403770043e-01 5.811093463404012560e+00 -1.699421138331131331e+01
9.569167523392975383e+00 2.275866202722431009e+00 -2.398071682921472991e+00 2.275866202722431009e+00 2.296607119253157592e+01 6.525928890866715015e+00 -2.398071682921472991e+00 6.525928890866715015e+00 -1.634118047525792150e+01
-4.253271143446465175e+00 -6.534450966147494100e+00 -4.811375572059008121e+00 -6.534450966147494100e+00 8.279190474518172138e+00 -3.195178379215037889e+00 -4.811375572059008121e+00 -3.195178379215037889e+00 -2.615018539859304525e+01
-2.029673292627095904e+01 8.471716484077839837e+00 -2.672118131901425553e+00 8.471716484077839837e+00 -2.059991826703478779e+01 9.740726299104826680e+00 -2.672118131901425553e+00 9.740726299104826680e+00 -2.480567542061587716e+01
7.462410380566931956e+00 1.607487165287436459e-01 -4.646395726884050004e-01 1.607487165287436459e-01 1.308536861884655345e+01 2.642727108815877135e-01 -4.646395726884050004e-01 2.642727108815877135e-01 7.931374610546590098e+00
-1.563792875967749074e+00 -7.626139351494771290e+00 2.180720648583358567e+01 -7.626139351494771290e+00 -1.183521525473769564e+01 1.051832265361406016e+01 2.180720648583358567e+01 1.051832265361406016e+01 -2.819165462779148612e+01
8.321346088510871652e+00 1.360445001976988769e-02 3.683550820547778493e+00 1.360445001976988769e-02 1.721312602807269698e+01 -7.974140657616576311e-01 3.683550820547778493e+00 -7.974140657616576311e-01 -1.134297027918702350e+00
5.662005283191347615e+01 1.262987365754315050e+01 2.662172729104983038e+00 1.262987365754315050e+01 5.888445459258274184e+01 -7.710408603949627349e+00 2.662172729104983038e+00 -7.710408603949627349e+00 1.757657831065594323e+01
-3.524189526361771740e+00 2.561931498719540734e+00 -2.125917595955741390e+01 2.561931498719540734e+00 5.804010683750900235e+00 -3.013154404055599311e+00 -2.125917595955741390e+01 -3.013154404055599311e+00 -4.330533021261850024e+01
9.402213279838509408e-01 2.497291095642970582e-01 3.930366515303674646e+00 2.497291095642970582e-01 6.744412880225445051e+00 -7.202870193683271971e+00 3.930366515303674646e+00 -7.202870193683271971e+00 -1.755269818627285261e+01
1.125354784467544533e+01 1.539168199692231553e+01 1.021095471091670248e+01 1.539168199692231553e+01 -2.818860186151586333e+01 -3.833653982510704772e+00 1.021095471091670248e+01 -3.833653982510704772e+00 -6.573383391623404748e+01
-3.867385999808027464e+01 1.293382338418251676e+00 8.464177934035166828e+00 1.293382338418251676e+00 -4.525931809654267113e+01 1.109962396964063558e+01 8.464177934035166828e+00 1.109962396964063558e+01 -8.749541656455589589e+01
1.814249523830321564e+01 5.368232089598899748e+00 -2.306555997268914027e+00 5.368232089598899748e+00 -1.382850209235462025e+01 -2.760552017301080852e-02 -2.306555997268914027e+00 -2.760552017301080852e-02 -2.031784707308659677e+01
1.363679490754092605e+01 1.094800533028883649e+01 8.140658655058608417e+00 1.094800533028883649e+01 -3.463492112158199188e+00 -4.638410604493667044e+00 8.140658655058608417e+00 -4.638410604493667044e+00 -6.688013936480973598e+01
-1.243626706801949489e+01 9.558760573830191731e+00 -2.037958288576537491e+00 9.558760573830191731e+00 1.776228468529679416e+00 -1.056034792168208281e+00 -2.037958288576537491e+00 -1.056034792168208281e+00 -2.678111492597818444e+00
-4.639706717837518646e+00 -4.031317697112376308e+00 1.552213781199740872e+01 -4.031317697112376308e+00 -1.392887379411160254e+01 9.348242586869709214e+00 1.552213781199740872e+01 9.348242586869709214e+00 -1.497740532746806785e+01
-3.749756836135870741e-01 1.265342295004154849e+01 5.599922910191715175e+00 1.265342295004154849e+01 1.223199448543015144e+01 -6.009517294571970147e+00 5.599922910191715175e+00 -6.009517294571970147e+00 2.205532526082805589e+01
4.693552663606319064e-01 -1.643542209394948372e+01 9.957416757897982862e+00 -1.643542209394948372e+01 -3.259775786868758018e+00 -1.258213664771616180e+01 9.957416757897982862e+00 -1.258213664771616180e+01 -4.599501218661860946e+01
-1.191614888247091919e+01 1.340543208781735629e+01 -9.707389044633112363e+00 1.340543208781735629e+01 -2.022110657400189582e-01 2.228721459857806053e+01 -9.707389044633112363e+00 2.228721459857806053e+01 -1.429764924113426794e+01
2.727646910211090159e+01 -5.809315904553750798e+00 8.548055352057481571e+00 -5.809315904553750798e+00 2.622720097510101311e+01 4.049218045570655455e+00 8.548055352057481571e+00 4.049218045570655455e+00 -8.091040605931887342e+00
3.295889223748811503e+01 -7.022671437907439973e+00 -3.468436158112206513e+00 -7.022671437907439973e+00 2.433788151754987084e+01 -8.048084743929604379e-01 -3.468436158112206513e+00 -8.048084743929604379e-01 2.147312177346525530e+01
4.794651447748984552e+00 -4.758753734796409951e+00 7.007809162026513938e+00 -4.758753734796409951e+00 -1.047490430726740840e+01 -6.918958294777717732e+00 7.007809162026513938e+00 -6.918958294777717732e+00 -2.965643932820643869e+01
-4.069902447058294115e+01 -1.827562277296330606e+01 -1.874358207926225317e+00 -1.827562277296330606e+01 -3.483770188307377680e+01 -5.686959647222833425e+00 -1.874358207926225317e+00 -5.686959647222833425e+00 -6.710818289138769899e+01
-1.797276594598563548e+01 -8.806248776452044069e+00 4.279579149553694783e+00 -8.806248776452044069e+00 -2.675059476909576262e+01 -1.961930386090513068e+01 4.279579149553694783e+00 -1.961930386090513068e+01 -3.263979098910600385e+01
-9.945665954565759748e+00 1.000068398465667840e+01 2.415040244816191173e+00 1.000068398465667840e+01 -4.562784616245890157e-01 4.798613706412756308e+00 2.415040244816191173e+00 4.798613706412756308e+00 1.078089314016174027e+00
-2.974270453874454034e+01 9.229431245310788512e+00 3.480472403992615482e-02 9.229431245310788512e+00 -1.442747984251196414e+01 2.421734930638432370e+00 3.480472403992615482e-02 2.421734930638432370e+00 -1.089573588908064750e+01
1.730363450533579694e+01 7.110872634380184465e+00 8.407401223407358515e+00 7.110872634380184465e+00 2.021662986523257644e+01 -3.347300738843881351e+00 8.407401223407358515e+00 -3.347300738843881351e+00 1.449801697009610990e+01
-1.237669393870703161e+01 1.021928713216503581e+01 7.994985737608339527e+00 1.021928713216503581e+01 3.036474768306959948e+00 2.936750952667285475e+00 7.994985737608339527e+00 2.936750952667285475e+00 8.303028656689802389e+00
-5.799202460691900818e+00 -3.977450100913931585e+00 2.846255576924164199e+00 -3.977450100913931585e+00 3.233307971061640362e+00 1.175005915559487857e+00 2.846255576924164199e+00 1.175005915559487857e+00 -1.247354940002108492e+01
5.162544391763838547e+01 7.722619739475362621e+00 -4.128675351850568553e+00 7.722619739475362621e+00 5.222075724892603432e+01 -6.605951030764141585e+00 -4.128675351850568553e+00 -6.605951030764141585e+00 2.800480247182091276e+01
2.717816653180797903e+00 9.131035863963330002e+00 4.313935629110326353e+00 9.131035863963330002e+00 -2.152143191178773840e+00 -1.345472977086319055e+01 4.313935629110326353e+00 -1.345472977086319055e+01 -2.640220627210540627e+01
-1.662254660175750587e+01 3.450367796860518865e+00 2.453732469565617080e+00 3.450367796860518865e+00 -9.769809725774717180e+00 2.272158819507700489e+00 2.453732469565617080e+00 2.272158819507700489e+00 -1.300724516292626198e+00
4.909999537644209155e+00 7.037521528645627633e+00 1.999679613296910796e+00 7.037521528645627633e+00 -8.811512677088625622e+00 -1.197194787014830553e+01 1.999679613296910796e+00 -1.197194787014830553e+01 -2.331276033838795669e+01
2.393865958161459417e+00 2.251623291819690209e+01 9.836775737542751585e+00 2.251623291819690209e+01 -4.328542828849185398e+00 -4.322905933262908285e-01 9.836775737542751585e+00 -4.322905933262908285e-01 -3.220319154491047442e+01
2.295599840907687650e+01 -3.601003526630020435e+00 8.816626348291242365e+00 -3.601003526630020435e+00 1.771763697941646853e+01 -2.974016726912738218e+00 8.816626348291242365e+00 -2.974016726912738218e+00 7.426543099829904904e+00
5.561535443445828619e+00 9.535869101100614031e+00 5.257042455839869177e+00 9.535869101100614031e+00 -1.888512883930878905e+00 2.255503099514439924e+01 5.257042455839869177e+00 2.255503099514439924e+01 -4.032944983907576386e+00
-2.677715735269497088e+01 -1.507292075227212358e+01 -2.559038542178524978e+01 -1.507292075227212358e+01 -3.382677685918032751e+01 4.311935446367741953e+00 -2.559038542178524978e+01 4.311935446367741953e+00 -6.720806526417614180e+01
-1.361772569296801372e+01 1.115214621818119412e+01 -1.790944920348558966e+01 1.115214621818119412e+01 -3.318422536006452361e+01 -1.143604892838047604e+01 -1.790944920348558966e+01 -1.143604892838047604e+01 -4.403222495897498590e+01
2.711814646361526115e+01 -1.348775423774624294e+01 1.668876098248189876e+01 -1.348775423774624294e+01 2.233729239724656068e+01 3.384888380141617414e+00 1.668876098248189876e+01 3.384888380141617414e+00 -1.891076333554085664e+01
2.560945820095164649e+01 5.773138087721612521e+00 -4.079415696265917823e-01 5.773138087721612521e+00 2.491835670181157170e+01 -4.782833896777472837e+00 -4.079415696265917823e-01 -4.782833896777472837e+00 -1.312467698145264272e+01
-4.737180819350873762e+00 -4.106568423549237679e+00 -8.471380051723311766e-01 -4.106568423549237679e+00 -6.093636429009795741e+00 -2.041398541268873323e+00 -8.471380051723311766e-01 -2.041398541268873323e+00 -2.348285029923313161e+01
8.345267704829600675e+00 1.139343770121121224e+01 -8.914272525922102730e+00 1.139343770121121224e+01 -1.394014217368988184e+01 -6.475800483667709662e-01 -8.914272525922102730e+00 -6.475800483667709662e-01 -1.449336650715452102e+01
2.052226946155362697e+01 -6.708683785043841885e-01 -5.493723665833985415e+00 -6.708683785043841885e-01 2.465813324420777519e+01 -2.258633838072772182e+00 -5.493723665833985415e+00 -2.258633838072772182e+00 -1.667303082903721290e+01
-1.959095135045609837e+01 4.077040132256062321e+00 -5.683161523179227181e+00 4.077040132256062321e+00 -2.650871780700360603e+01 -2.404016300886230972e+00 -5.683161523179227181e+00 -2.404016300886230972e+00 -5.966085649473415486e+01
1.169919098887557496e+01 5.738202897939264524e+00 -3.102948083491585152e+01 5.738202897939264524e+00 2.364699152044694941e+00 -9.498494415446817385e+00 -3.102948083491585152e+01 -9.498494415446817385e+00 -5.044720163309959204e+00
2.317698217202787347e+00 -7.632394560225288060e+00 -1.991662514447302357e+00 -7.632394560225288060e+00 -1.066996537162429526e+01 8.698952754496922068e+00 -1.991662514447302357e+00 8.698952754496922068e+00 -1.607019743956153590e+01
3.987284732979736734e+00 -4.263706674565220567e+00 -6.185294794334137869e+00 -4.263706674565220567e+00 1.306015489691145426e+01 -3.602173133976729336e+00 -6.185294794334137869e+00 -3.602173133976729336e+00 7.504068479022532934e+00
4.602135259605063311e+01 -9.908755131046072862e+00 1.048107686787854398e+01 -9.908755131046072862e+00 3.490297804505329538e+01 4.139237817004368658e+00 1.048107686787854398e+01 4.139237817004368658e+00 6.456195382814312822e+00
-1.283630826146211312e+01 7.676055289401928050e+00 -4.381823790897124482e+00 7.676055289401928050e+00 4.399774556755243538e+00 5.057768354656067444e+00 -4.381823790897124482e+00 5.057768354656067444e+00 -3.895775066972783662e+01
2.870903330997519021e+01 6.102442722260735586e+00 -4.304293934528442556e+00 6.102442722260735586e+00 1.948244546884289363e+01 -4.668394968537168843e+00 -4.304293934528442556e+00 -4.668394968537168843e+00 1.089886249651011596e+01
-3.552064197107603238e+00 -1.484277240612721149e+00 4.960849679240963539e+00 -1.484277240612721149e+00 -2.527650999317355929e+00 -1.303948493077512794e+01 4.960849679240963539e+00 -1.303948493077512794e+01 5.401114041118227682e+00
-9.576727690164927864e+00 6.119655433767677621e+00 -3.341464559515898713e+00 6.119655433767677621e+00 1.001135030529588299e+00 -8.461325361570162684e+00 -3.341464559515898713e+00 -8.461325361570162684e+00 1.566134904522964000e+01
2.889606523361047152e+01 3.902927161451930527e+00 -6.293206555666857049e-01 3.902927161451930527e+00 2.145818786654458066e+01 9.697234931661277813e+00 -6.293206555666857049e-01 9.697234931661277813e+00 4.331210044175236362e+00
8.203909775188337861e+00 -6.494436485718694030e+00 8.922013202348427541e+00 -6.494436485718694030e+00 -7.644231027251713328e+00 2.236169008897950405e+01 8.922013202348427541e+00 2.236169008897950405e+01 -5.013356504398366553e+01
-5.709384301141213314e+00 -5.796610623421918795e+00 -3.245761990116617035e+00 -5.796610623421918795e+00 -1.124333186587989886e+01 9.297906167694526047e+00 -3.245761990116617035e+00 9.297906167694526047e+00 -1.493751629277230286e+01
5.435192840315082208e+00 7.149968120255313586e+00 4.417012610238748138e+00 7.149968120255313586e+00 7.348911035724071672e-01 -3.684459938264471379e+00 4.417012610238748138e+00 -3.684459938264471379e+00 -2.882944546139421504e+01
-3.419826480237780686e+00 9.575116587141256019e+00 1.311444293818292195e+01 9.575116587141256019e+00 4.205207009058521628e+00 -4.300360005931148422e+00 1.311444293818292195e+01 -4.300360005931148422e+00 -1.245151576603091614e+00
1.225382220761916230e+01 -5.475827843318001875e+00 3.317112767090027781e+00 -5.475827843318001875e+00 1.219250254785284149e+01 8.647991599009102970e+00 3.317112767090027781e+00 8.647991599009102970e+00 -4.163189701828198253e+01
-1.476848585386622226e+01 1.148282202841591726e+01 2.495505349054683464e+00 1.148282202841591726e+01 -2.413167980174459970e+01 -1.659663995768341893e+00 2.495505349054683464e+00 -1.659663995768341893e+00 -7.594506334910488476e+01
-1.031408607865819071e+01 6.608495653815905868e+00 2.821498736183086997e+00 6.608495653815905868e+00 -3.089719940481056071e+01 1.802276563730108028e-01 2.821498736183086997e+00 1.802276563730108028e-01 -2.594818154788741893e+01
4.334564552636313906e+00 1.790588623555261216e-01 8.938495556310961376e+00 1.790588623555261216e-01 1.981564313897336049e+01 9.122898225957769114e+00 8.938495556310961376e+00 9.122898225957769114e+00 -3.002425701590786389e+01
1.335792185710446489e+01 -6.823016238895491803e-01 -1.492610684026505297e+01 -6.823016238895491803e-01 1.165333961972647536e+01 -1.166292921176803254e+01 -1.492610684026505297e+01 -1.166292921176803254e+01 -4.594532656933230541e+00
-2.363516547116718414e+01 -1.646982556147175814e+01 3.566611260228227831e+00 -1.646982556147175814e+01 -2.524012033196540017e+01 -3.377480250219644375e+00 3.566611260228227831e+00 -3.377480250219644375e+00 -6.576854333756665483e+01
2.028339427959475216e+01 7.929323152483246595e+00 3.802130854686559758e+00 7.929323152483246595e+00 2.496584373156006365e+01 -7.157063401571548411e-01 3.802130854686559758e+00 -7.157063401571548411e-01 1.848968044579318359e+01
3.761477000435802798e-01 3.540523928553926947e+00 -7.564993224616597622e+00 3.540523928553926947e+00 -1.520598335543755297e+01 3.035659190702748145e+00 -7.564993224616597622e+00 3.035659190702748145e+00 -2.025784537612026881e+01
4.142667037186740941e+01 -2.266744281705729946e+00 -6.305367850531856000e+00 -2.266744281705729946e+00 3.488000774983137831e+01 -7.839979622568595374e+00 -6.305367850531856000e+00 -7.839979622568595374e+00 -1.464450687212756819e+01
-3.460583854158435280e+00 -6.530947883593198000e+00 -3.071596830437441472e+00 -6.530947883593198000e+00 -9.910563875287550673e+00 6.375113478881680784e+00 -3.071596830437441472e+00 6.375113478881680784e+00 -2.886530415509859537e+01
-8.991953034513910481e+00 -4.401540146826111943e+00 -2.215926953881533379e+00 -4.401540146826111943e+00 -5.315100156888578731e+00 -3.809680008122816819e+00 -2.215926953881533379e+00 -3.809680008122816819e+00 -3.862783258445245593e+01
1.644886270250404081e+01 8.874292315851416646e+00 -1.353582365560504464e+01 8.874292315851416646e+00 1.028819099439615492e+01 7.734396802255338876e+00 -1.353582365560504464e+01 7.734396802255338876e+00 -1.126314895635800184e+01
-1.574744874427093855e+01 7.292679808611032932e+00 -7.912232891601269635e+00 7.292679808611032932e+00 -1.102099357764248566e+01 -1.008146019832472007e+01 -7.912232891601269635e+00 -1.008146019832472007e+01 -5.463347490517719507e+01
1.899399720702854788e+00 -5.716378535457721455e+00 -7.550055161097117384e+00 -5.716378535457721455e+00 2.381369084501550493e+00 3.053505757261099962e+00 -7.550055161097117384e+00 3.053505757261099962e+00 -4.143924879505748038e+01
