-1.062033998011319369e+01 1.263042624495571253e+01 2.363529323184107245e+00 1.263042624495571253e+01 6.889490939801913960e+00 8.183388344261185665e+00 2.363529323184107245e+00 8.183388344261185665e+00 1.423981450557081985e+01
-1.210725652099119642e+00 3.222471112376468660e+00 7.347528515931592175e+00 3.222471112376468660e+00 6.162883152207835558e+00 1.288219604079406277e+00 7.347528515931592175e+00 1.288219604079406277e+00 -2.342529994343914623e+01
-2.181087404970902532e-01 1.714028457027573182e+01 8.154848148909138672e+00 1.714028457027573182e+01 7.000448717159653278e-02 4.111691980667406376e+00 8.154848148909138672e+00 4.111691980667406376e+00 -5.173113760272258332e+01
-2.870972097466385620e+01 -1.589660781579973303e+01 -5.101986061426293517e+00 -1.589660781579973303e+01 -3.537051318499995745e+01 1.158638044736539863e+00 -5.101986061426293517e+00 1.158638044736539863e+00 -4.275182408590949024e+01
-6.675773328237528226e+00 1.110002740856835501e+01 4.647588529455624951e+00 1.110002740856835501e+01 6.626384665126090923e+00 -9.614303805169770456e-01 4.647588529455624951e+00 -9.614303805169770456e-01 5.083389208157894856e+00
-1.380410526184411246e+01 1.651523273978495965e+01 4.176419564820516683e+00 1.651523273978495965e+01 -1.273748549443310729e+01 6.419512305778980910e+00 4.176419564820516683e+00 6.419512305778980910e+00 -2.877274117503351292e+01
6.771748763414212391e+00 9.952140394674051649e+00 -3.988092457747276498e+00 9.952140394674051649e+00 -2.565460284375358224e+00 -8.207945495813183001e+00 -3.988092457747276498e+00 -8.207945495813183001e+00 -5.232000355558405857e+01
-3.268445656395877563e+01 -1.729036746304121408e+00 5.557252870603631711e-01 -1.729036746304121408e+00 -2.642096543094354644e+01 1.923457737378016175e+00 5.557252870603631711e-01 1.923457737378016175e+00 -1.896764321291199451e+01
-4.491826450890822997e+00 3.546612185769078884e+00 4.601443566029332466e+00 3.546612185769078884e+00 -1.963152371465788448e+01 -6.230005146685594353e-01 4.601443566029332466e+00 -6.230005146685594353e-01 -3.083837682162317861e+01
2.285103345829541155e+01 -4.918512184368728946e+00 4.294321126157256252e+00 -4.918512184368728946e+00 1.798672893754868340e+01 -1.930802218330935627e-01 4.294321126157256252e+00 -1.930802218330935627e-01 -1.610527633979669915e+01
2.085452152507926726e+01 7.167918585024786182e+00 2.170795489700666270e+00 7.167918585024786182e+00 2.919039535855144152e+01 9.697148243516379162e-01 2.170795489700666270e+00 9.697148243516379162e-01 3.257830551885105308e+01
2.196990885153446627e+01 9.195232628966842015e+00 9.837682529715236157e+00 9.195232628966842015e+00 4.200533683559343956e+01 1.586788185246498672e+00 9.837682529715236157e+00 1.586788185246498672e+00 -8.512547188919011631e+00
2.033859908030718344e+01 -9.238236324382768094e-01 8.756138965856330003e+00 -9.238236324382768094e-01 2.621475801297142283e+01 7.855059606440363495e+00 8.756138965856330003e+00 7.855059606440363495e+00 5.332530192657801926e+00
-2.288835342046519017e+01 -6.941768349465790244e+00 -1.052942603377190478e+00 -6.941768349465790244e+00 -3.142905117974332541e+01 -3.004187759967694160e-02 -1.052942603377190478e+00 -3.004187759967694160e-02 -3.497742223943138384e+01
-1.968701651869390545e+01 6.587060220996905358e+00 -1.416426456527640099e+01 6.587060220996905358e+00 -4.335391922763564310e+01 -2.001722243293166770e+01 -1.416426456527640099e+01 -2.001722243293166770e+01 -7.599340229475286890e+01
-3.009101052630975204e+01 7.769863910760878234e+00 -1.137379102964420685e+00 7.769863910760878234e+00 6.245828674983636475e+00 -1.022009871738443287e+01 -1.137379102964420685e+00 -1.022009871738443287e+01 -4.041129588409082629e+01
-2.812444418078425379e+00 1.826213800595894199e+01 -9.205804706493411205e-01 1.826213800595894199e+01 9.633442665761313251e+00 -3.631091354194296628e+00 -9.205804706493411205e-01 -3.631091354194296628e+00 4.815013648600555030e+00
2.023776703816560740e+01 2.174202007546203674e+01 -4.792290883280072578e+00 2.174202007546203674e+01 3.147663950641363328e+01 9.116095730781137441e-01 -4.792290883280072578e+00 9.116095730781137441e-01 3.215083989782969098e+01
-3.278039402501330812e+01 1.337960517548479267e+01 -2.253178897195199593e+00 1.337960517548479267e+01 -2.714893406736489112e+01 3.409421311928075710e-02 -2.253178897195199593e+00 3.409421311928075710e-02 -1.735374838736661829e+01
4.408728369690048510e+01 1.584380709099712270e+01 8.121881313559656590e+00 1.584380709099712270e+01 4.437116315657955568e+01 -2.266657211205994754e-02 8.121881313559656590e+00 -2.266657211205994754e-02 1.272707333169448951e+01
-1.225777057144217785e+01 2.533124001520068447e+01 1.540344466727821171e+01 2.533124001520068447e+01 -6.880643224430251337e+00 8.041328092976321784e+00 1.540344466727821171e+01 8.041328092976321784e+00 -3.591546042151753682e+01
-1.681929495797442442e+01 1.223554149733705465e+01 1.635721104494677891e-01 1.223554149733705465e+01 9.475449700624912763e-01 4.051870813832771034e+00 1.635721104494677891e-01 4.051870813832771034e+00 6.798627521718267452e+00
2.873671523606337175e+01 1.415023494040932128e+01 1.432256010111634126e+01 1.415023494040932128e+01 2.769737592945913107e+01 -1.735046240603407286e+00 1.432256010111634126e+01 -1.735046240603407286e+00 -1.509415172566116681e+01
2.384950434749458736e+01 1.172641335477519675e+01 4.377075270654528616e+00 1.172641335477519675e+01 1.387081191654650425e+01 7.485631655495558867e+00 4.377075270654528616e+00 7.485631655495558867e+00 -6.659212593785577283e+00
2.390875356926338213e+01 3.034974414418751376e+00 6.849045909906093854e+00 3.034974414418751376e+00 2.422128094096715856e+01 1.978471907704520971e+00 6.849045909906093854e+00 1.978471907704520971e+00 -2.630808936538620024e+00
-3.093151444362208125e+01 -1.984771797543326000e-01 -1.451883505846372202e+01 -1.984771797543326000e-01 -3.854017957002966455e+01 -2.718035714957831139e+00 -1.451883505846372202e+01 -2.718035714957831139e+00 -3.425804976765821408e+01
-4.240622892813227907e+01 1.681592308115700973e+01 4.963613880058054484e+00 1.681592308115700973e+01 -3.084417996732163303e+01 -2.422841923511523721e+00 4.963613880058054484e+00 -2.422841923511523721e+00 -2.587817991969808418e+01
-6.600282336728737320e+00 1.124198153266681999e+01 1.235450296571407369e+00 1.124198153266681999e+01 7.295109415124130248e-01 -1.794227081168266125e+00 1.235450296571407369e+00 -1.794227081168266125e+00 6.989413907850339669e+00
2.913895980271205488e+01 -6.340856594307247018e-01 -7.830474772737853195e-01 -6.340856594307247018e-01 2.906379787153803207e+01 -5.388800970906523879e+00 -7.830474772737853195e-01 -5.388800970906523879e+00 5.052679403929395185e+00
-1.818979191758796299e+00 5.653608660190766244e+00 3.148194728710157708e+00 5.653608660190766244e+00 8.162185823504275461e+00 -1.593241297135724599e+00 3.148194728710157708e+00 -1.593241297135724599e+00 1.141025405664557901e+01
3.114180796697238662e+01 -3.834875034770843349e+00 2.367526343816851231e+00 -3.834875034770843349e+00 2.915338990583421364e+01 1.229729504117271688e+01 2.367526343816851231e+00 1.229729504117271688e+01 1.023197802440940940e+01
-2.227541688996505087e+01 3.236572640454336458e+00 5.866850863264613025e+00 3.236572640454336458e+00 -1.686890027998930819e+01 1.642282748854236729e+01 5.866850863264613025e+00 1.642282748854236729e+01 -3.648242782721173683e+01
2.057104601835001034e+01 1.025488793813154764e+01 -8.599143684695640388e+00 1.025488793813154764e+01 3.405063030312710026e+01 -1.713701057401496586e+00 -8.599143684695640388e+00 -1.713701057401496586e+00 2.532450859022766210e+01
4.593167151335954657e+01 4.707489247688308787e+00 -7.920409207272903096e+00 4.707489247688308787e+00 4.394981961521638425e+01 5.061555456635840500e+00 -7.920409207272903096e+00 5.061555456635840500e+00 8.629516591058958852e-01
3.734323283536748050e+01 7.207328470211182392e+00 -2.522731325373174016e+00 7.207328470211182392e+00 6.147105310063194850e+01 3.033487911414975535e+00 -2.522731325373174016e+00 3.033487911414975535e+00 9.184070885490530856e+00
-1.870426707945309275e+01 1.742926497126469343e+01 -1.542746479761699652e+00 1.742926497126469343e+01 -8.667898302456583437e+00 -7.025018838482794514e+00 -1.542746479761699652e+00 -7.025018838482794514e+00 2.283944758428421817e+00
3.806311992205305472e+00 -4.105101872269346863e+00 -8.952550765081142004e+00 -4.105101872269346863e+00 1.020740805250788874e+01 6.809872092852826242e+00 -8.952550765081142004e+00 6.809872092852826242e+00 -4.585176375661058401e+00
-1.715647357309688203e+01 -6.951280820981602382e+00 3.390289133597428339e+00 -6.951280820981602382e+00 -7.998005447295503778e+00 -2.021254499466931531e-01 3.390289133597428339e+00 -2.021254499466931531e-01 -3.304229810405070111e+01
4.044760583292968192e+01 7.122008321403166420e+00 -7.944749881093377653e+00 7.122008321403166420e+00 3.810832218841617447e+01 4.124791670911811536e+00 -7.944749881093377653e+00 4.124791670911811536e+00 1.356355182310352347e+01
-1.752179914319330223e+01 1.635134797913670468e+01 8.009111493891028388e+00 1.635134797913670468e+01 -2.622425645319303555e+00 -8.173593111568321135e+00 8.009111493891028388e+00 -8.173593111568321135e+00 6.016949284324824454e+00
3.662245195486693206e+01 1.563966841155284282e+00 2.610077499214563890e+00 1.563966841155284282e+00 4.430271930447595707e+01 -8.028178525009698419e+00 2.610077499214563890e+00 -8.028178525009698419e+00 -2.181242912163327574e+01
3.987262305110483851e+00 -1.842675008477094201e+00 1.183651740603683677e+01 -1.842675008477094201e+00 -2.164162834294129212e+01 -4.839746567128421439e+00 1.183651740603683677e+01 -4.839746567128421439e+00 -3.842233678533654739e+01
7.453952737833020592e+00 1.661242067925189048e+01 -5.785162205887878883e+00 1.661242067925189048e+01 -8.460781014048700754e+00 -1.609408751329085518e+01 -5.785162205887878883e+00 -1.609408751329085518e+01 -2.778258537836231312e+01
2.619978092816779291e+00 1.030072131534233115e+01 5.999253789362802847e-01 1.030072131534233115e+01 1.471578852272270765e+01 -2.945409630175014115e+00 5.999253789362802847e-01 -2.945409630175014115e+00 1.942436702975665597e+01
1.193890288560269219e+01 2.780212093457454348e+00 3.304746447263954057e+00 2.780212093457454348e+00 1.541340170838198809e+01 1.940075802336741262e+00 3.304746447263954057e+00 1.940075802336741262e+00 -7.894879039291199163e+00
-2.125414763945703100e+01 -2.651824856167078526e+00 -4.229318287325078529e+00 -2.651824856167078526e+00 -2.087854098210336673e+01 1.344084091291460059e-02 -4.229318287325078529e+00 1.344084091291460059e-02 -6.028997514054412221e+01
-1.378122681953706419e+01 9.754312333498914356e+00 -6.133439193374701226e-01 9.754312333498914356e+00 -3.673741155431385685e+00 -1.987224215578318853e+00 -6.133439193374701226e-01 -1.987224215578318853e+00 1.799924282997807046e+00
-4.182976640087345821e+00 5.753722440528464155e+00 -1.789347000093814533e+00 5.753722440528464155e+00 2.055877805283532922e+00 -1.534787373308597225e+01 -1.789347000093814533e+00 -1.534787373308597225e+01 -3.565029648237540982e+01
-7.242485952777915514e+00 8.074879139238694492e+00 -6.035163717694777219e+00 8.074879139238694492e+00 -2.139565255010142053e+01 -1.194314615025317217e+01 -6.035163717694777219e+00 -1.194314615025317217e+01 -4.605259984039189192e+01
-1.321917984710404070e+01 1.310918541888681510e+01 4.841452545194684376e+00 1.310918541888681510e+01 -1.683464584135950659e+01 4.090878904019554341e+00 4.841452545194684376e+00 4.090878904019554341e+00 -3.841431046948621031e+01
1.431720494758937479e+00 9.334303232832445119e+00 -3.283241493498151087e+00 9.334303232832445119e+00 1.236840064213674495e+01 -3.044960823169963748e-01 -3.283241493498151087e+00 -3.044960823169963748e-01 2.433239117301623367e+01
-2.767054068592820926e+01 1.123012044549772881e+01 -7.136727017232230352e+00 1.123012044549772881e+01 -1.830739093468835321e+01 7.142159628261560478e+00 -7.136727017232230352e+00 7.142159628261560478e+00 -4.893608104447990215e+00
-2.722836595621665801e+00 1.828821516169693950e+01 5.923331615982951881e+00 1.828821516169693950e+01 6.572774027566576471e+00 2.803636418451839862e+00 5.923331615982951881e+00 2.803636418451839862e+00 7.070301703760593526e+00
2.455598403676571895e+00 1.486606910885890720e+01 -4.301212376011060989e+00 1.486606910885890720e+01 8.761316928968680529e+00 -1.327598104694935888e+00 -4.301212376011060989e+00 -1.327598104694935888e+00 1.210244141005461671e+01
6.442243910843848731e+00 -5.297596152449962403e+00 -5.439667942623529484e+00 -5.297596152449962403e+00 4.825569202204051944e-01 1.043370976404598194e+00 -5.439667942623529484e+00 1.043370976404598194e+00 -8.542317385272129471e+00
7.840990146174604547e+00 1.556927019359712006e+01 3.759717630154607360e+00 1.556927019359712006e+01 1.350454474293826124e+01 -6.654256713881669949e-01 3.759717630154607360e+00 -6.654256713881669949e-01 1.175406565370935041e+01
1.111999652504658975e+01 3.261467155223265024e+00 1.033866329551059415e+01 3.261467155223265024e+00 1.845668973960902548e+01 -1.207633530925309806e+01 1.033866329551059415e+01 -1.207633530925309806e+01 -4.031741241028025513e+01
2.205831272214576977e+00 -4.007043535696997338e+00 -3.314742891770375177e+00 -4.007043535696997338e+00 -2.369300302645217116e+01 1.468075737009055537e+01 -3.314742891770375177e+00 1.468075737009055537e+01 -4.424184261172736399e+01
-9.333476226304236789e+00 -6.230578808334342328e-02 6.842377936862649168e-01 -6.230578808334342328e-02 5.374494189431316293e+00 3.154371256123075007e+00 6.842377936862649168e-01 3.154371256123075007e+00 -1.816546702068550445e+01
1.324545442497767844e+01 1.846680596140678432e+01 -2.343960394136106462e+00 1.846680596140678432e+01 2.408983619779271379e+01 2.451350567415678139e+00 -2.343960394136106462e+00 2.451350567415678139e+00 2.760841355681133180e+01
-1.909650734044179288e+01 1.433352236592802953e+01 3.099213017047885987e-01 1.433352236592802953e+01 -3.124148511249336124e+00 -6.424217205718379953e-01 3.099213017047885987e-01 -6.424217205718379953e-01 5.373619372548294137e+00
1.531383214354442224e+01 -2.556657738968592497e+00 -6.611595393287214684e+00 -2.556657738968592497e+00 1.873879003389511411e+01 -3.401571856198309263e+00 -6.611595393287214684e+00 -3.401571856198309263e+00 1.082071731508829515e+01
5.537643475632763046e-01 1.845506285314356276e+01 4.110048285545643054e+00 1.845506285314356276e+01 1.345496609107813057e+01 1.811685733092986528e+00 4.110048285545643054e+00 1.811685733092986528e+00 1.010290744549125996e+01
2.426608624175783380e+00 1.705165809228101281e+01 2.071920001073334072e-01 1.705165809228101281e+01 1.397408913711178791e+01 4.253828311704135778e+00 2.071920001073334072e-01 4.253828311704135778e+00 1.943640892681709031e+00
-9.683967264982594969e+00 9.688278575073553611e+00 5.509136872586974931e+00 9.688278575073553611e+00 1.793464388952225264e+00 6.376942003752642307e+00 5.509136872586974931e+00 6.376942003752642307e+00 1.179062092104468995e+01
-2.285395227134539553e+01 1.080686569475440173e+01 5.530468529529318999e+00 1.080686569475440173e+01 -1.562462575293327438e+00 1.998280417540899911e+00 5.530468529529318999e+00 1.998280417540899911e+00 -2.831785890820321061e+00
1.083669404061804187e+01 6.556003839615105022e+00 -1.105911385152228144e-01 6.556003839615105022e+00 2.749593787734561445e+01 -7.234058065085650746e+00 -1.105911385152228144e-01 -7.234058065085650746e+00 2.241086410983148625e+01
5.219583502693708965e+01 2.316486114624731307e+00 -4.518651852854583262e-01 2.316486114624731307e+00 2.914628645628532411e+01 6.200891618164050101e+00 -4.518651852854583262e-01 6.200891618164050101e+00 -5.659313955837288468e+00
4.899329935667017111e+01 9.972727826128142681e+00 -9.369684713309538893e+00 9.972727826128142681e+00 5.863405912289736222e+01 4.810239779735415944e+00 -9.369684713309538893e+00 4.810239779735415944e+00 -2.243598553137911455e+00
-5.725056637510991919e+00 1.042256032095858487e+01 -9.429096013471597315e-01 1.042256032095858487e+01 -2.340448697465457784e+01 -9.116905885050217151e-01 -9.429096013471597315e-01 -9.116905885050217151e-01 -4.277856252707668006e+01
1.555654088716620898e+01 -1.923881477257563333e+01 4.517765383005299284e+00 -1.923881477257563333e+01 1.878753975594867853e+01 -6.973404476010544251e+00 4.517765383005299284e+00 -6.973404476010544251e+00 -2.466920423288665631e+01
3.101306938021829396e+01 -2.775572246887654249e-01 3.891897482453191337e+00 -2.775572246887654249e-01 4.177188983315074466e+01 3.765784026238213844e+00 3.891897482453191337e+00 3.765784026238213844e+00 4.823676300022054164e+01
-1.568680076618489316e+01 2.575313150549034091e+00 -4.017501246598678577e+00 2.575313150549034091e+00 -1.356248836298286164e+01 -9.200098366962272678e-02 -4.017501246598678577e+00 -9.200098366962272678e-02 -6.374118432353289876e+01
4.820797797291710651e+00 4.960754641927676012e+00 1.245861310466807303e+01 4.960754641927676012e+00 1.079192450250990198e+01 -1.018979436807897443e+01 1.245861310466807303e+01 -1.018979436807897443e+01 -2.599805920967693851e+01
9.612412886061141748e+00 7.162370528925801949e+00 3.476797780787163727e+00 7.162370528925801949e+00 1.699432931845539230e+01 9.336354800012595101e-01 3.476797780787163727e+00 9.336354800012595101e-01 2.045373925159203665e+01
-1.077593264791514960e+00 8.728158102728597711e+00 9.307474592702565275e+00 8.728158102728597711e+00 6.824371408032179787e+00 9.195830857786182477e-01 9.307474592702565275e+00 9.195830857786182477e-01 7.072710840942796118e+00
1.605320305233639999e+01 1.120558460909228415e+01 9.676129838496020596e+00 1.120558460909228415e+01 5.511958440095351186e+00 3.068750904505587851e+00 9.676129838496020596e+00 3.068750904505587851e+00 -8.539178243154449177e+00
1.748219447110387748e+01 1.095874469066440859e+01 1.837317101901884575e+00 1.095874469066440859e+01 6.277459290186960139e+00 -5.504016815411020502e+00 1.837317101901884575e+00 -5.504016815411020502e+00 -4.375828815252899240e+00
-2.575424411156071258e+01 5.801040418175460012e+00 -6.518983882853121692e+00 5.801040418175460012e+00 -1.819352903481338757e+01 -7.116262080784101496e-01 -6.518983882853121692e+00 -7.116262080784101496e-01 -6.783980049364483023e+01
-2.544508696437112505e+01 4.507289564367686019e+00 -4.909475462223293896e+00 4.507289564367686019e+00 -4.535102181571229352e+01 5.347116475159975124e+00 -4.909475462223293896e+00 5.347116475159975124e+00 -6.791369418409749414e+01
-1.714859374774334455e+01 -1.973360105932740804e+00 1.044336677414065306e+01 -1.973360105932740804e+00 -1.500216149569732238e+01 -3.328621415710643294e+00 1.044336677414065306e+01 -3.328621415710643294e+00 -3.948503680858092935e+01
-8.879633004103384408e+00 1.066219962705005075e+00 2.071750510351750840e+00 1.066219962705005075e+00 -1.970840011663800695e+01 1.102275476435789159e+00 2.071750510351750840e+00 1.102275476435789159e+00 -1.973187941186902350e+01
3.452634700811229607e+01 7.145377475454740335e+00 -4.167977233814308846e+00 7.145377475454740335e+00 3.803179292785304710e+01 4.126354528081340511e+00 -4.167977233814308846e+00 4.126354528081340511e+00 -1.285946729347804407e+01
-2.087381321411476143e-01 2.794361635039339653e-01 -7.560138212251904299e+00 2.794361635039339653e-01 4.958936833675206657e+00 3.447997684315148970e+00 -7.560138212251904299e+00 3.447997684315148970e+00 4.486475462479142529e+00
2.559469435665773229e+00 1.350570896525573161e+01 -1.678088574014045875e+00 1.350570896525573161e+01 6.479681080091027390e+00 -8.388620717563664897e+00 -1.678088574014045875e+00 -8.388620717563664897e+00 -2.910918523926005363e+01
5.431286716708623885e+01 -1.195291016949867036e+01 1.390374376973500414e+00 -1.195291016949867036e+01 4.705925180847258815e+01 3.970905522208448168e+00 1.390374376973500414e+00 3.970905522208448168e+00 1.635241792137984262e+01
8.597938355403007549e+00 1.181795394966441926e+00 -4.537190531876883703e+00 1.181795394966441926e+00 1.871061680009213646e+01 -4.105036504327212121e+00 -4.537190531876883703e+00 -4.105036504327212121e+00 -3.998542052737829255e+00
3.911769755617393685e+01 6.287469835844107457e+00 4.429419241877501356e+00 6.287469835844107457e+00 4.459209884482877584e+01 -7.262705928323327953e+00 4.429419241877501356e+00 -7.262705928323327953e+00 2.228465255293030189e+00
6.077110688844998165e+00 3.227560347664056195e+00 3.600512398093402400e+00 3.227560347664056195e+00 1.873552900851089120e+01 1.032804399350187907e+01 3.600512398093402400e+00 1.032804399350187907e+01 2.402752132366600080e+01
2.249619790146671150e+01 -5.243827205782232603e+00 -2.300346250106040102e+00 -5.243827205782232603e+00 3.891171569039455846e+01 -8.650977388646531097e+00 -2.300346250106040102e+00 -8.650977388646531097e+00 8.947367856856658364e+00
-3.101568018241021463e+00 7.117705653824735634e+00 1.760331196935132514e+00 7.117705653824735634e+00 -8.803341225829525163e-01 -4.283954725507736483e-01 1.760331196935132514e+00 -4.283954725507736483e-01 -3.048851523576519540e+01
1.524072137892362200e+01 1.177180458133641583e+00 -3.546811915735073040e-01 1.177180458133641583e+00 1.384820425352882012e+01 1.789671387989960838e+00 -3.546811915735073040e-01 1.789671387989960838e+00 -5.216155177191285297e+00
1.178687126592997103e+01 7.403923208505133857e+00 5.751628143758731326e-01 7.403923208505133857e+00 1.352457562875392760e+01 9.708496634205442177e+00 5.751628143758731326e-01 9.708496634205442177e+00 -6.134080398867061135e+00
8.719879022752355269e+00 1.761552488567429720e+01 -1.078258478069016979e+00 1.761552488567429720e+01 2.921372765283373951e+01 -6.353826683994319435e-02 -1.078258478069016979e+00 -6.353826683994319435e-02 3.382446551843136007e+01
4.015356775820137614e+01 7.650591874224051958e-01 1.398840063363900654e+00 7.650591874224051958e-01 4.070810963534788129e+01 8.682265675859546228e-01 1.398840063363900654e+00 8.682265675859546228e-01 2.002284340734713552e+01
-1.115774652298483272e+00 1.201445258601637356e+01 -1.156151209263928781e+00 1.201445258601637356e+01 -1.543295096300942326e+01 1.401165320404173364e+01 -1.156151209263928781e+00 1.401165320404173364e+01 -4.121098433250607940e+01
2.641966303575834374e+01 1.000677400168131648e+01 -8.964367746195494036e+00 1.000677400168131648e+01 1.890327352704740349e+01 -7.025250407980869305e+00 -8.964367746195494036e+00 -7.025250407980869305e+00 9.269757019765728856e+00
-5.755562719317003939e+01 3.584215906303529930e+00 8.531645191913737492e+00 3.584215906303529930e+00 -4.400577342772732692e+01 -8.123873476338848931e+00 8.531645191913737492e+00 -8.123873476338848931e+00 -6.954948168871398195e+01
2.783823075597701191e+01 3.688526499677504678e+00 -6.288244774335694842e+00 3.688526499677504678e+00 3.081616914717086431e+01 -2.555011121822710063e+00 -6.288244774335694842e+00 -2.555011121822710063e+00 2.270942298742067322e+01
-1.466941318017892115e+01 -8.965159236625554584e+00 1.177887660523690982e+01 -8.965159236625554584e+00 -1.350298050662758875e+01 -8.510439324064730471e+00 1.177887660523690982e+01 -8.510439324064730471e+00 -3.888535606625286789e+01
