3.246815491769254436e+01 -1.799423898701416835e+00 -3.076405186749493412e-02 -1.799423898701416835e+00 1.074919759244749073e+01 -6.127294673028980121e-01 -3.076405186749493412e-02 -6.127294673028980121e-01 3.935792648604027022e+01
-7.745673047367039876e-01 2.292637404839145798e+00 1.665579539784166618e+00 2.292637404839145798e+00 -4.139980462774516212e+01 -1.364713478456754281e+00 1.665579539784166618e+00 -1.364713478456754281e+00 -2.070581815866553654e+00
-2.747803933159452683e+01 -1.136550088867576314e+01 8.508699270232666478e+00 -1.136550088867576314e+01 -4.437749391127412224e+01 -4.307584739691730391e+00 8.508699270232666478e+00 -4.307584739691730391e+00 -4.844649406529472735e+00
2.828941509873186533e+01 1.112192218935458499e+00 4.612142986762933994e+00 1.112192218935458499e+00 2.030119917268497431e+01 1.876190270592020370e+00 4.612142986762933994e+00 1.876190270592020370e+00 5.035044654169898592e+01
1.298505695126812221e+01 9.056449200624451024e+00 8.117938741374356226e+00 9.056449200624451024e+00 -1.034851514285022667e+01 2.390810244256142525e+00 8.117938741374356226e+00 2.390810244256142525e+00 2.274169843431076288e+01
2.083811268276055628e+01 9.800833270567027578e-01 6.073175203548090373e+00 9.800833270567027578e-01 8.289171839164856337e+00 1.057757768412573407e+00 6.073175203548090373e+00 1.057757768412573407e+00 3.297736799691945464e+01
1.852080630685715690e+01 -1.992775630173865276e-01 1.439117040139197101e+01 -1.992775630173865276e-01 -9.786186461101458178e+00 4.096198272508034144e+00 1.439117040139197101e+01 4.096198272508034144e+00 2.030639849499484839e+01
-1.235844667727580415e+01 1.926664925864711719e+00 6.135607410331660461e+00 1.926664925864711719e+00 -2.427508622479794909e+01 2.694728852556419696e+00 6.135607410331660461e+00 2.694728852556419696e+00 8.391072104922693953e+00
2.360030061727702133e+01 -1.702349760823674174e+00 2.541908600931412909e-01 -1.702349760823674174e+00 1.073390578285149566e+01 7.447187404462902727e+00 2.541908600931412909e-01 7.447187404462902727e+00 2.591598577471622633e+01
-1.718359083916784869e+01 -6.281555786922776718e-01 6.872671095240278305e+00 -6.281555786922776718e-01 -4.033457188542359972e+01 -3.421458717715515796e+00 6.872671095240278305e+00 -3.421458717715515796e+00 -4.333236102034756065e+00
9.851388079102324724e+00 6.721142271578772309e+00 5.862224591475722946e+00 6.721142271578772309e+00 1.142406508404771870e+00 -3.677601312513375742e+00 5.862224591475722946e+00 -3.677601312513375742e+00 1.605765534484270418e+01
-6.771984887908666373e+00 -8.915844230498960243e+00 9.567983406778308719e+00 -8.915844230498960243e+00 -1.670566201985433707e+01 1.351445379968037486e+01 9.567983406778308719e+00 1.351445379968037486e+01 -1.498267971726158265e+01
2.254011571089613142e+01 7.618030998332729453e+00 3.846169174127510360e+00 7.618030998332729453e+00 1.508697078797565716e+01 -2.992573652745568857e+00 3.846169174127510360e+00 -2.992573652745568857e+00 2.421078375217048517e+01
3.408789596053635762e+01 4.045027922134651455e+00 1.183744806789843729e+01 4.045027922134651455e+00 2.522386608371025929e+01 -7.844162652770807043e+00 1.183744806789843729e+01 -7.844162652770807043e+00 4.957389551918821979e+01
5.132201007793897674e+01 -1.237946656022334224e+01 3.936829218341756365e-01 -1.237946656022334224e+01 4.185288587062287036e+01 6.850514654884204191e+00 3.936829218341756365e-01 6.850514654884204191e+00 6.459931050170173705e+01
4.573501293548151381e+00 -9.228569693043887412e+00 -1.029790939899821955e+00 -9.228569693043887412e+00 -1.422127936645685331e+01 5.390730960144025197e+00 -1.029790939899821955e+00 5.390730960144025197e+00 1.395128448831938073e+01
5.442869979492825472e+00 -8.346240847599370127e+00 -3.575743813434922314e-01 -8.346240847599370127e+00 -1.192121942812897650e+01 -4.816144230039329344e+00 -3.575743813434922314e-01 -4.816144230039329344e+00 2.362217814826371409e+01
-5.889339641804379966e+00 2.830244461677504653e-01 3.217760840831261682e+00 2.830244461677504653e-01 -3.401347725708819780e+01 -1.278447597244969813e+00 3.217760840831261682e+00 -1.278447597244969813e+00 -9.331673753535879356e+00
1.912697156052163905e+01 -9.056265255399628344e+00 1.412983867839604724e+00 -9.056265255399628344e+00 -5.911753913671017102e+00 3.618892136868563814e+00 1.412983867839604724e+00 3.618892136868563814e+00 2.678472865840886641e+01
4.445317507513333766e+01 4.438462061161440458e-02 1.225579263000640040e+01 4.438462061161440458e-02 4.736447385191527104e+01 6.501323821137535930e+00 1.225579263000640040e+01 6.501323821137535930e+00 5.888682847903961459e+01
-1.911983814730649911e+01 -6.544478617113315799e+00 4.959201124707432129e+00 -6.544478617113315799e+00 -4.409329911615840558e+01 -6.175102649261775767e+00 4.959201124707432129e+00 -6.175102649261775767e+00 -1.024199342314999583e+01
2.323403476187682415e+01 6.562495849553898530e+00 -3.773656922553285220e+00 6.562495849553898530e+00 2.265333971058161033e+00 5.913490011311452577e+00 -3.773656922553285220e+00 5.913490011311452577e+00 2.621248752828413942e+01
-6.825540698351702851e+00 -1.131250755074230163e+01 -1.004228452975346286e+01 -1.131250755074230163e+01 -2.202075278023658100e+01 4.373028352376532979e+00 -1.004228452975346286e+01 4.373028352376532979e+00 -1.379136326742945684e+01
-8.399276128145203302e+00 -6.534465193392193783e+00 -1.586656812635176828e-01 -6.534465193392193783e+00 -1.580841641861350055e+01 2.153627036442650855e+00 -1.586656812635176828e-01 2.153627036442650855e+00 8.493162963664667942e+00
4.236790749130599210e+01 7.706181033598317853e+00 1.906808050480476746e+00 7.706181033598317853e+00 1.906911297788115434e+01 -1.122312377496694102e+00 1.906808050480476746e+00 -1.122312377496694102e+00 2.396440020448961405e+01
2.991972571720469176e+01 1.027845125912486246e+01 7.714650447140035006e+00 1.027845125912486246e+01 2.314887271023255266e+01 -3.589423929317616668e+00 7.714650447140035006e+00 -3.589423929317616668e+00 3.707444549154771352e+01
4.178230967794338824e+01 -6.742071581930345836e+00 7.468748936432798580e+00 -6.742071581930345836e+00 2.681452599768672940e+01 5.212708317482819709e+00 7.468748936432798580e+00 5.212708317482819709e+00 6.681929121099460644e+01
1.069682537500412245e+01 3.439193598294913556e+00 1.568509285349357540e+01 3.439193598294913556e+00 -3.307352650004974493e+01 -2.962649928751517336e+00 1.568509285349357540e+01 -2.962649928751517336e+00 2.062121761281859733e+01
5.664103065641347357e+00 2.551223120169356040e+00 5.486583550460706782e+00 2.551223120169356040e+00 -1.499036612883886832e+01 4.228111534581840303e+00 5.486583550460706782e+00 4.228111534581840303e+00 2.264692245030551221e-01
2.936070484851126849e+01 4.150687580429795354e+00 7.652491484400199440e+00 4.150687580429795354e+00 -6.702657983050108736e-01 8.975089003316528036e+00 7.652491484400199440e+00 8.975089003316528036e+00 3.579765102667916921e+01
-4.072140763433853117e+00 8.522341365200539087e+00 3.266365064626595593e+00 8.522341365200539087e+00 -6.486154154114536219e-01 1.346865611261030438e+00 3.266365064626595593e+00 1.346865611261030438e+00 6.651060578708529292e+00
3.653731875061100709e+01 2.525976507218453015e+00 9.575782123596949802e+00 2.525976507218453015e+00 2.117214482943882459e+01 9.157285649239993219e+00 9.575782123596949802e+00 9.157285649239993219e+00 3.051030030711743990e+01
-1.550466121285877641e+01 -4.174302365130719394e+00 8.924874851960483468e+00 -4.174302365130719394e+00 -4.719272450773632244e+01 -9.018988988707480559e+00 8.924874851960483468e+00 -9.018988988707480559e+00 -1.030223275964468677e+01
-2.390970671156974703e+01 -5.732642111822428888e+00 5.629903014194521660e+00 -5.732642111822428888e+00 -5.190721772918345067e+01 6.618792317014650983e+00 5.629903014194521660e+00 6.618792317014650983e+00 -1.866453642113336997e+01
4.633306732836591557e+00 2.110417292380858179e+00 1.668168303926403029e+00 2.110417292380858179e+00 -1.106780137999850311e+01 1.033660568402389579e+01 1.668168303926403029e+00 1.033660568402389579e+01 3.643714875870176950e+00
1.730405141743155895e+01 3.236166785318129069e+00 9.807803104357470048e+00 3.236166785318129069e+00 -3.203330468613291848e-01 1.322801060538345785e+00 9.807803104357470048e+00 1.322801060538345785e+00 2.795260030913947702e+01
-1.822885039605809965e+01 1.327630243939086352e+00 6.534015093033476163e+00 1.327630243939086352e+00 -4.994915972355299516e+01 4.274809073673446203e-01 6.534015093033476163e+00 4.274809073673446203e-01 -7.762493073789279663e+00
-3.586944438049491701e+00 -1.835239238578306598e+01 -9.718134073414377738e+00 -1.835239238578306598e+01 -3.707067826527585375e+00 1.983191704136525901e+00 -9.718134073414377738e+00 1.983191704136525901e+00 -1.383457630124899751e+01
-7.903130396741947727e+00 8.065210305619261444e-01 4.722307662503868464e-01 8.065210305619261444e-01 -3.232343291013224373e+00 -1.135301055549831695e+01 4.722307662503868464e-01 -1.135301055549831695e+01 7.415769084955489809e+00
4.461807004082188399e+01 3.634644666686190462e+00 2.911280482195733210e+00 3.634644666686190462e+00 3.024623229461331064e+01 1.521917551443268124e+00 2.911280482195733210e+00 1.521917551443268124e+00 4.020978113775571217e+01
-3.265670115030179232e+00 1.342154264157027876e+00 6.931037025562625242e-01 1.342154264157027876e+00 -1.966447146087809017e+01 -1.964007916608043969e+00 6.931037025562625242e-01 -1.964007916608043969e+00 1.601738806680894811e+01
2.989520908819071821e+01 9.318189783215157007e+00 6.839136954482412101e+00 9.318189783215157007e+00 2.052617701715839971e+01 7.357182247976722600e+00 6.839136954482412101e+00 7.357182247976722600e+00 3.472491761515824749e+01
1.688162895350845005e+01 -8.775237818597091177e+00 2.961404198985920111e+00 -8.775237818597091177e+00 -2.431943368920888471e+00 -4.197769523783824397e+00 2.961404198985920111e+00 -4.197769523783824397e+00 2.843126712801085887e+01
-1.006397053660994345e+01 -7.814880196274589963e+00 5.129196744264639563e+00 -7.814880196274589963e+00 -1.979792064903222482e+01 -7.299302311360721628e-03 5.129196744264639563e+00 -7.299302311360721628e-03 9.773880744554704236e+00
-4.612073433611249662e+00 2.829164655704057285e+00 2.062269470961281659e+00 2.829164655704057285e+00 -1.586517539115692621e+01 6.858132834213378493e-01 2.062269470961281659e+00 6.858132834213378493e-01 -3.178190483993438842e-01
-3.444697138022573046e+00 -8.173645952527204273e+00 2.558478383912371257e+00 -8.173645952527204273e+00 -2.580200107685810096e+01 2.934192105845241816e+00 2.558478383912371257e+00 2.934192105845241816e+00 -4.718650959475832352e+00
-8.126626775186661031e-03 -4.350241928676278347e-01 1.468603755687182755e+01 -4.350241928676278347e-01 -3.146169643841231078e+01 -1.107573114712950835e+00 1.468603755687182755e+01 -1.107573114712950835e+00 7.652300970550521164e+00
2.863216798885265746e+01 2.860277711966605629e+00 1.165301460921821608e+01 2.860277711966605629e+00 1.691353265242837978e+01 -9.562276983232562699e-01 1.165301460921821608e+01 -9.562276983232562699e-01 5.791866217819532636e+01
1.557663866926122331e+01 -7.917261889586117540e+00 8.050119761844635846e+00 -7.917261889586117540e+00 6.252370911766213624e+00 -7.018380358707879907e+00 8.050119761844635846e+00 -7.018380358707879907e+00 2.224047318979512866e+01
2.297715472438188655e+01 -9.382009151344656850e-01 3.800380252118418234e+00 -9.382009151344656850e-01 1.040681797433146549e+01 1.298838797686879820e+00 3.800380252118418234e+00 1.298838797686879820e+00 1.888510148162362867e+01
3.701828235724735094e+01 -7.757783218674625836e+00 9.880862452169395738e+00 -7.757783218674625836e+00 1.720602881357022085e+01 -4.650317471193502250e+00 9.880862452169395738e+00 -4.650317471193502250e+00 5.092883709913818535e+01
2.047356959669683008e+01 3.882478339147902524e+00 9.678400878140978492e+00 3.882478339147902524e+00 1.419576890620964527e+01 1.665576645527462096e+00 9.678400878140978492e+00 1.665576645527462096e+00 1.893331876751205556e+01
-4.254313956569456323e+00 1.014745709492799364e+01 1.175438548426173924e+01 1.014745709492799364e+01 -3.515123680343528889e+01 -9.308070692300301374e+00 1.175438548426173924e+01 -9.308070692300301374e+00 -6.481234941880722467e+00
7.373666914790820925e+00 4.959375424408873911e+00 3.953850890604035939e+00 4.959375424408873911e+00 -1.113507376687915951e+01 4.075104464457100839e+00 3.953850890604035939e+00 4.075104464457100839e+00 1.144554447534061836e+01
2.118056000965404806e+01 -2.255618051185308559e+00 1.978821707049402745e+00 -2.255618051185308559e+00 2.489223044939486229e+01 -7.748062458587802181e-01 1.978821707049402745e+00 -7.748062458587802181e-01 4.767475024930604377e+01
-1.398651340826025269e+01 -5.829366214246395117e+00 -1.497388088777986015e+00 -5.829366214246395117e+00 -4.214759365047103756e+01 9.559696619920595495e+00 -1.497388088777986015e+00 9.559696619920595495e+00 -6.928224581726325049e+00
3.304238048289328589e+01 -2.698357670460209690e+00 4.373342649854604858e+00 -2.698357670460209690e+00 1.424380578164938882e+01 -4.427884144368983144e+00 4.373342649854604858e+00 -4.427884144368983144e+00 3.629159679271015193e+01
-1.445311591209594582e+01 -2.110279308213879323e-01 8.958420334895397019e+00 -2.110279308213879323e-01 -1.700960178672744760e+01 3.627514338054123044e+00 8.958420334895397019e+00 3.627514338054123044e+00 -1.067473279910270989e+01
4.745537878778583263e+01 -2.549295132957972054e+00 7.310282618835596047e+00 -2.549295132957972054e+00 3.644723820787582014e+01 -4.570142228078137858e-01 7.310282618835596047e+00 -4.570142228078137858e-01 4.676183712818061622e+01
2.039159746403586126e+01 6.723874537173889721e+00 6.780521537991075043e+00 6.723874537173889721e+00 1.137582012254993380e+01 1.545463887705922357e+00 6.780521537991075043e+00 1.545463887705922357e+00 2.193188382297908490e+01
3.070770006477003022e+01 1.499361543990205048e+00 1.753819705425694764e+01 1.499361543990205048e+00 -3.997593012190048700e+00 3.534491367057360112e+00 1.753819705425694764e+01 3.534491367057360112e+00 2.992453109799053479e+01
-6.999401252883130198e+00 -1.335682230091811640e+00 6.632935336445373586e+00 -1.335682230091811640e+00 -2.143132009761739809e+01 4.662525168984444690e+00 6.632935336445373586e+00 4.662525168984444690e+00 4.747949548556538168e+00
-3.087142902178510173e+00 -3.637524084004605252e-01 4.357321644608789235e+00 -3.637524084004605252e-01 -4.474449017591171085e+00 -1.654990010699147307e+00 4.357321644608789235e+00 -1.654990010699147307e+00 -8.517585366142826686e+00
-2.701327465628309099e+01 -6.536942822905037254e+00 -4.210011974684698011e+00 -6.536942822905037254e+00 -2.791000630151510364e+01 1.990756180382333707e+00 -4.210011974684698011e+00 1.990756180382333707e+00 -2.042851936699365467e+01
6.906547909092991233e+01 4.247682142577193787e+00 4.660795311562521803e+00 4.247682142577193787e+00 5.753577742106158865e+01 3.854951220039575244e+00 4.660795311562521803e+00 3.854951220039575244e+00 7.109463579997084537e+01
3.906096069241738888e+01 -1.718274684273620734e+00 3.353320890257858178e+00 -1.718274684273620734e+00 3.190697358504115755e+01 8.211968304640436145e+00 3.353320890257858178e+00 8.211968304640436145e+00 3.563744868536878840e+01
3.553016497392738415e+01 1.255585291044715612e+00 2.036935798427693012e+00 1.255585291044715612e+00 2.457145719900437086e+01 1.446256362431101783e+00 2.036935798427693012e+00 1.446256362431101783e+00 4.556236139550794917e+01
1.706848376466678729e+01 -1.533299005386585812e+01 1.516851389795902705e+01 -1.533299005386585812e+01 -2.469151458747183892e+00 5.557612414639982568e+00 1.516851389795902705e+01 5.557612414639982568e+00 2.154329481958681214e+01
1.676913366286445850e+01 -2.768655102736348628e+00 7.719932156165207005e+00 -2.768655102736348628e+00 -7.569795289399376959e-01 4.966626012294486969e+00 7.719932156165207005e+00 4.966626012294486969e+00 2.977898900315425479e+01
3.523010583396846584e+01 -5.207769104898233969e+00 1.015082073612355984e+01 -5.207769104898233969e+00 -8.290080832762722896e-01 -9.225701274402082319e+00 1.015082073612355984e+01 -9.225701274402082319e+00 3.728429149991296043e+01
8.534910796943183442e+00 1.240177497029364195e+00 3.529222095710653484e+00 1.240177497029364195e+00 1.018877316631251873e+01 -9.906403681996807098e-01 3.529222095710653484e+00 -9.906403681996807098e-01 2.311099605419509118e+01
-8.861852033253812877e+00 1.373544221271740362e+00 6.679996291965068167e+00 1.373544221271740362e+00 -1.689370055005291249e+01 1.641059380570164539e+00 6.679996291965068167e+00 1.641059380570164539e+00 6.799754797197212319e+00
-8.393018085192638367e+00 -4.875279357668542701e+00 2.770745190738465591e-01 -4.875279357668542701e+00 -2.732493692010726605e+01 -3.844618573558251207e+00 2.770745190738465591e-01 -3.844618573558251207e+00 -4.381515679809432129e+00
1.513937431405211420e+01 -1.719840743370719682e+00 2.422667040938686345e+00 -1.719840743370719682e+00 1.221191024157524341e+00 -6.116083415693780445e-01 2.422667040938686345e+00 -6.116083415693780445e-01 1.982859198361206410e+01
3.835887519612429797e-01 1.060311171205763126e+00 1.156373856328002958e+01 1.060311171205763126e+00 -1.625133222992189630e+01 -2.933331217100942023e+00 1.156373856328002958e+01 -2.933331217100942023e+00 1.284602320949178456e+01
1.098371884621701255e+01 2.773170316489331100e+00 -6.873685659286726812e-01 2.773170316489331100e+00 2.352716735988614527e+00 1.859034890199183776e+00 -6.873685659286726812e-01 1.859034890199183776e+00 1.453921793537213070e+01
-1.676095809327910047e+01 1.537058936791696473e+00 -1.665881629679974996e+00 1.537058936791696473e+00 -3.916621349326629797e+01 4.257415994111462543e-01 -1.665881629679974996e+00 4.257415994111462543e-01 -2.639161624961287700e+01
-3.339450054174984928e+01 -9.093728997318377694e+00 1.189248533997240287e+01 -9.093728997318377694e+00 -5.381579576045520241e+01 -4.508216616592626735e+00 1.189248533997240287e+01 -4.508216616592626735e+00 -1.841369202609435973e+01
-2.651722923419809064e+01 3.484502375418846665e+00 1.268038365758546560e+00 3.484502375418846665e+00 -5.045326819441552857e+01 3.500254083730319987e+00 1.268038365758546560e+00 3.500254083730319987e+00 -1.907360549921677517e+01
3.381441411143515552e+01 -2.565236570932992510e+00 -1.032947257097491800e-01 -2.565236570932992510e+00 2.475407606758842505e+01 -1.262717974777256114e+00 -1.032947257097491800e-01 -1.262717974777256114e+00 4.283545682874873251e+01
9.858509838692699034e+00 -7.257100137324351330e+00 -7.097542701206389637e-01 -7.257100137324351330e+00 -3.747297077069681848e+00 -5.870247024395137458e+00 -7.097542701206389637e-01 -5.870247024395137458e+00 8.912203875869114000e+00
1.787365578786230458e+01 -1.623783521204889002e+00 8.918967039684289944e+00 -1.623783521204889002e+00 -5.855864793992453521e+00 8.719616394726687147e+00 8.918967039684289944e+00 8.719616394726687147e+00 -6.855495660954702419e-01
-1.875629530861069982e+00 -2.337321269747616170e-01 1.392902046501664337e+01 -2.337321269747616170e-01 -1.888376499331996072e+01 1.105981046220956543e+01 1.392902046501664337e+01 1.105981046220956543e+01 -8.720526099475929271e+00
-7.999945558539661050e+00 -9.711617274102229302e+00 -1.575031227331607830e+00 -9.711617274102229302e+00 -3.342870077059322398e+01 6.838505012915417680e+00 -1.575031227331607830e+00 6.838505012915417680e+00 -8.956991253026970412e+00
-9.193227245741709908e+00 2.130164017040816926e+00 4.255635321712518682e+00 2.130164017040816926e+00 -1.917977024964764610e+01 4.127898963472904192e+00 4.255635321712518682e+00 4.127898963472904192e+00 -2.307417585178410668e+00
4.332731878348510435e+01 1.953697780767060799e+00 2.864235980204575149e+00 1.953697780767060799e+00 1.876149364039385858e+01 -1.800888197794268120e+00 2.864235980204575149e+00 -1.800888197794268120e+00 3.949876066370610772e+01
2.884081871986090206e+01 -1.819577290243527268e-01 1.203729589266824052e+00 -1.819577290243527268e-01 1.896446227310126886e+01 1.499237127006742609e+00 1.203729589266824052e+00 1.499237127006742609e+00 5.116130553645426460e+01
-1.916258737366135989e+01 -7.521054432535112966e+00 2.417304451654086250e+00 -7.521054432535112966e+00 -4.638880776352834800e+01 1.590725399708997401e+00 2.417304451654086250e+00 1.590725399708997401e+00 -1.440049433251053124e+01
-1.797606017736050887e+01 3.133765883033799771e+00 2.767558691517839620e+00 3.133765883033799771e+00 -3.743800826421665562e+01 -1.038412294185900819e+01 2.767558691517839620e+00 -1.038412294185900819e+01 -1.505485095862747613e+01
5.010246779582215737e+01 -4.794515801047174008e+00 -9.692938247479029101e+00 -4.794515801047174008e+00 4.459760762594647332e+01 1.203025854406067552e+01 -9.692938247479029101e+00 1.203025854406067552e+01 6.719108413687142445e+01
-1.773878679403736314e+01 3.189437618485749137e+00 2.219784345938820458e+00 3.189437618485749137e+00 -2.940270784374786217e+01 6.382853850709531152e-01 2.219784345938820458e+00 6.382853850709531152e-01 -1.080477919911978724e+01
5.406589137271956247e+01 -3.056438782295256007e-01 1.502986716421855329e+00 -3.056438782295256007e-01 3.147391740707753272e+01 3.991417720624260479e+00 1.502986716421855329e+00 3.991417720624260479e+00 4.126982886711195420e+01
-1.534616628198572030e+01 -7.528905623795655089e+00 2.395350474132298402e+00 -7.528905623795655089e+00 -3.204615068022133073e+01 8.890213008588206733e+00 2.395350474132298402e+00 8.890213008588206733e+00 9.921060967811112796e-01
3.750444893910119504e+01 -1.599559565627312052e+00 -2.624286650527760667e+00 -1.599559565627312052e+00 2.312105582182145369e+01 -4.424353186367826929e+00 -2.624286650527760667e+00 -4.424353186367826929e+00 4.733447416735539548e+01
5.734868929863926823e+00 4.145315650066280000e+00 2.817946903247956492e+00 4.145315650066280000e+00 7.726700625954114443e+00 -4.203342660253519547e+00 2.817946903247956492e+00 -4.203342660253519547e+00 1.349367958865783557e+01
1.539839225213078500e+01 3.030721362429785959e+00 -2.776287007608282842e+00 3.030721362429785959e+00 1.447246593076625176e+00 6.570883118763309882e-01 -2.776287007608282842e+00 6.570883118763309882e-01 2.096093588311375200e+01
-6.881274348564024201e+00 -3.373476937158444766e+00 -2.824068429670631541e+00 -3.373476937158444766e+00 -4.833876603880854361e+01 -2.560153937196264273e+00 -2.824068429670631541e+00 -2.560153937196264273e+00 -1.502246700206788965e+01
1.072612491611213770e+01 -9.134928495555845629e+00 6.433281839686439518e+00 -9.134928495555845629e+00 -1.172930717924147004e+01 -8.805292972820927488e+00 6.433281839686439518e+00 -8.805292972820927488e+00 2.564064288426192917e+01
2.165145056692166392e+01 -5.075508559436576306e+00 6.290833719369349986e+00 -5.075508559436576306e+00 1.387988138590740128e+01 -7.833273183440671028e-01 6.290833719369349986e+00 -7.833273183440671028e-01 3.563452573486594588e+01
-3.541974860535338365e+01 1.003876394168201891e+01 -4.943205547575659220e-01 1.003876394168201891e+01 -5.468814365861051385e+01 -5.853478133131678973e+00 -4.943205547575659220e-01 -5.853478133131678973e+00 -2.671049188612374437e+01
