1.800865561095920597e+01 -3.000778840097140687e+01 4.135546091399974422e+00 -3.000778840097140687e+01 -2.376455785733960724e+01 -4.555966610135300243e+00 4.135546091399974422e+00 -4.555966610135300243e+00 -1.240299404344760070e+01
-3.629208910534569288e+00 -2.293822000377409853e-01 3.583348176257938000e+00 -2.293822000377409853e-01 2.370037629134775781e+00 -3.693773742539216975e-01 3.583348176257938000e+00 -3.693773742539216975e-01 8.990431548620614777e+00
-7.507743334111796507e+00 2.003079227461373435e+01 1.072241304751646362e+00 2.003079227461373435e+01 -4.133314960099888680e+01 5.182351157970543021e+00 1.072241304751646362e+00 5.182351157970543021e+00 -8.317407703654880891e+01
-1.460076664433091231e+01 -8.267509856718957550e+00 -5.133076482223824399e+00 -8.267509856718957550e+00 -2.308501340029872395e+01 3.333401957385745185e+00 -5.133076482223824399e+00 3.333401957385745185e+00 -4.642692155722880898e+01
-2.333138766730166580e+01 -5.813611300590020292e+00 1.047337912824299089e+01 -5.813611300590020292e+00 -2.824378475998045346e+01 5.792908178421173560e+00 1.047337912824299089e+01 5.792908178421173560e+00 -4.052133073415168951e+01
-1.300820053792007869e+01 -1.540686819636768767e+01 5.586386018096400896e+00 -1.540686819636768767e+01 -2.115197189746148609e+01 -4.854096928309230563e+00 5.586386018096400896e+00 -4.854096928309230563e+00 9.454140341473971532e+00
-3.218823524048861628e+01 1.004241025780114427e+01 -1.388687197273103813e+01 1.004241025780114427e+01 -4.359872099810974078e+01 -2.389455126489367842e+01 -1.388687197273103813e+01 -2.389455126489367842e+01 -7.862515903084775459e+01
1.765247404611303494e+01 3.826805271220733218e+00 -1.660230165581490880e+01 3.826805271220733218e+00 2.214939908730622964e+00 5.929583429846500664e+00 -1.660230165581490880e+01 5.929583429846500664e+00 -3.244152708617501446e+01
-2.683814899463839510e+01 1.281458935503820395e+00 6.832742154708195237e+00 1.281458935503820395e+00 -1.600055059673870872e+01 1.775628909742823325e+01 6.832742154708195237e+00 1.775628909742823325e+01 2.053326434122410404e+01
-2.757149099706863993e+01 -1.985888178757565470e+01 4.834584161919702194e-01 -1.985888178757565470e+01 -6.095959295458333571e+01 1.069050523448197154e+01 4.834584161919702194e-01 1.069050523448197154e+01 -5.822443195625736934e+01
-1.399362330990617842e+01 7.525567429261066366e+00 9.038241808635072871e+00 7.525567429261066366e+00 -2.210061753248539773e+01 -5.672297730947475358e+00 9.038241808635072871e+00 -5.672297730947475358e+00 -3.201391069704762060e+01
-3.058530407849105259e+01 1.079920927658711527e+01 -6.409435837263230407e-02 1.079920927658711527e+01 -5.669937198932965217e+00 -8.013465979942496986e+00 -6.409435837263230407e-02 -8.013465979942496986e+00 1.877866219869922659e+01
-3.526673563527167943e+01 1.045033631968424892e+01 -3.288790778969578277e+00 1.045033631968424892e+01 -2.369058263915129814e+01 -6.302300150025260672e-01 -3.288790778969578277e+00 -6.302300150025260672e-01 -1.233701258607816342e+01
-1.171623456968903731e+01 -6.541343140871228812e+00 2.621582883954167720e+00 -6.541343140871228812e+00 -1.993371310352674541e+01 1.586930906662039575e+01 2.621582883954167720e+00 1.586930906662039575e+01 -4.258804334379352241e+00
2.496817102996756788e+01 -9.873901282855635841e+00 -8.325373724371708306e+00 -9.873901282855635841e+00 -3.556427773103832291e+00 -2.099275379778905304e+01 -8.325373724371708306e+00 -2.099275379778905304e+01 -4.663024451112056568e+01
2.512336512579125980e+01 -2.251754476717196241e+01 -4.784805802281313802e+00 -2.251754476717196241e+01 4.057326618634670723e+01 3.099036389645353218e+00 -4.784805802281313802e+00 3.099036389645353218e+00 1.818553337948702264e+01
4.830308666084167868e+00 2.527518251941905270e+00 1.573758681362075329e+01 2.527518251941905270e+00 -2.217477028398893779e+01 1.549257808051378360e+00 1.573758681362075329e+01 1.549257808051378360e+00 2.395593290979461898e+01
1.815049627368270890e+01 -1.199429513874444986e+01 -3.006072070080755942e+00 -1.199429513874444986e+01 1.093525821845698331e+01 -6.588022449047858942e+00 -3.006072070080755942e+00 -6.588022449047858942e+00 3.880298288182226685e+01
-7.532966981684913188e-01 8.598236572070497630e+00 -1.527020418602066343e+01 8.598236572070497630e+00 4.370093275762092944e+00 2.544594087709208807e+00 -1.527020418602066343e+01 2.544594087709208807e+00 -2.910787715372004669e+01
2.365058833441096464e+00 2.647915014614509399e+00 -1.034843343959264672e+01 2.647915014614509399e+00 2.786903198536744242e+01 3.489426929997324400e+00 -1.034843343959264672e+01 3.489426929997324400e+00 -1.868491335646544371e+01
1.612008794545555190e+01 4.335612072756050428e-01 1.851568555003817673e+00 4.335612072756050428e-01 2.296711692282768524e+01 1.807385000048889268e+01 1.851568555003817673e+00 1.807385000048889268e+01 -1.740064091638275912e+01
-3.393993637018350285e+01 1.243924986593758497e+00 -1.058998721043414193e+01 1.243924986593758497e+00 -1.899660797671117862e+01 1.112784046188260234e+01 -1.058998721043414193e+01 1.112784046188260234e+01 5.422981421211061637e+00
-8.306478873422872056e+00 -6.188852748657407865e+00 -1.390429737842931068e+01 -6.188852748657407865e+00 -2.637277910276665693e+01 2.602276255337342636e+00 -1.390429737842931068e+01 2.602276255337342636e+00 -6.051370783204994552e+01
1.346447646577354718e+01 7.100075734633334079e+00 4.455683182192236913e+00 7.100075734633334079e+00 1.672117638519026883e+01 1.034063012857600583e+01 4.455683182192236913e+00 1.034063012857600583e+01 -8.398729749099187458e+00
-3.497021573917833592e+01 -1.229756176070443630e+01 -1.166502977331484381e+01 -1.229756176070443630e+01 -2.346786854753530704e+01 1.737692969167278889e+01 -1.166502977331484381e+01 1.737692969167278889e+01 -2.482841716979128321e+01
4.730984657628563461e+00 1.183226348635249003e+01 3.057928320226155350e+00 1.183226348635249003e+01 4.038295471458440744e+01 -1.688017711630380546e+01 3.057928320226155350e+00 -1.688017711630380546e+01 9.068698063347987670e+00
1.511722227282879416e+01 -6.924103579403832143e+00 -1.795640366068393945e+01 -6.924103579403832143e+00 -5.360578232135141974e+01 6.169601194396828525e+00 -1.795640366068393945e+01 6.169601194396828525e+00 -3.987438839456424944e+01
3.588267787889279958e+01 3.247416585801760291e+00 -5.445737520894792238e-01 3.247416585801760291e+00 2.656357371586679861e+01 7.563898810704527520e+00 -5.445737520894792238e-01 7.563898810704527520e+00 -1.465139173235751002e+01
-1.222339257720942207e+01 8.075282216126014490e+00 -5.722967469790265937e+00 8.075282216126014490e+00 -1.125239032907277803e+01 2.517269095443976479e+00 -5.722967469790265937e+00 2.517269095443976479e+00 1.335075119566688961e+01
-3.731774934169051505e+01 -5.456580648037335557e+00 -4.829745835003840249e+00 -5.456580648037335557e+00 -2.614369779041921760e+01 8.900021370162707335e-01 -4.829745835003840249e+00 8.900021370162707335e-01 -5.606637219055390631e+01
3.094318552441410830e+01 -1.394269747577075780e+00 -1.752775524635248994e+00 -1.394269747577075780e+00 1.986114246747328238e+01 4.318418917913149357e+00 -1.752775524635248994e+00 4.318418917913149357e+00 -2.437826353737324681e+01
7.126293433946883304e+00 1.131284240073343206e+01 -1.461992180504649674e+01 1.131284240073343206e+01 2.318090361878918770e+01 4.326306348307007887e+00 -1.461992180504649674e+01 4.326306348307007887e+00 1.816841612949880869e+01
-3.880705537510325431e+00 -1.861827893648862187e+01 -9.321523293932575172e+00 -1.861827893648862187e+01 2.085621824847602029e-02 7.783209463292671160e+00 -9.321523293932575172e+00 7.783209463292671160e+00 6.020166669082176902e+00
2.280901598113030460e+01 4.206501782005849677e+00 3.113505834459246113e+00 4.206501782005849677e+00 1.205473266390121978e+01 6.215056774644006410e+00 3.113505834459246113e+00 6.215056774644006410e+00 1.395051618161815021e+01
-2.484684322494575781e+01 2.591856103467679695e+00 -6.436287804360293130e+00 2.591856103467679695e+00 -3.330478104697158415e+01 -8.466235914364697024e+00 -6.436287804360293130e+00 -8.466235914364697024e+00 -3.561611197624916514e+01
1.954806825088794042e+01 2.538489614103283554e+00 9.769352318904747534e+00 2.538489614103283554e+00 -1.010223953088468818e+01 2.235654327967733934e+01 9.769352318904747534e+00 2.235654327967733934e+01 -4.209047293845861049e+01
-1.191208802228759822e+01 -1.070340450888165762e+01 8.774787692268578354e+00 -1.070340450888165762e+01 -3.717074316624128016e+01 6.099779746799997682e+00 8.774787692268578354e+00 6.099779746799997682e+00 -8.557575216820166863e-01
-5.986563062489983489e-01 -1.335293305955770471e+01 5.083005517770399884e+00 -1.335293305955770471e+01 -1.807351936594891795e+00 9.411688730487872689e+00 5.083005517770399884e+00 9.411688730487872689e+00 5.122910674916872686e+00
2.062732632066975658e+00 2.060998701358658991e+01 -1.976920650482479402e+01 2.060998701358658991e+01 4.264472862085556315e+00 -3.034107583864285029e+00 -1.976920650482479402e+01 -3.034107583864285029e+00 -1.281108767728689557e+01
-6.534526117215906993e+01 1.015549347994484819e+01 -1.041020752832341500e+01 1.015549347994484819e+01 -7.453960336261702935e+01 -7.028883033167971917e+00 -1.041020752832341500e+01 -7.028883033167971917e+00 -4.168901621902064392e+01
1.650182914586476457e+01 7.701304390039227066e+00 1.164742132385829620e+01 7.701304390039227066e+00 3.738127396462730179e+00 -7.887692232399622583e+00 1.164742132385829620e+01 -7.887692232399622583e+00 -1.263356365048940155e+01
1.122972268284479602e+00 7.061991628019917755e+00 -8.544340939306184879e+00 7.061991628019917755e+00 3.717708032314396149e+01 1.135516765046104481e+01 -8.544340939306184879e+00 1.135516765046104481e+01 -2.320594867689728247e+01
2.777323311216953883e+01 1.027807889317088996e+00 1.893364299670636797e+01 1.027807889317088996e+00 4.589843281831843314e+00 1.367925737549998910e+00 1.893364299670636797e+01 1.367925737549998910e+00 -2.086585192184999826e+01
1.831882675816821759e+01 -4.253457331226651039e-01 6.378467552701135190e+00 -4.253457331226651039e-01 3.129275822604289203e+01 -2.958661020542221465e+00 6.378467552701135190e+00 -2.958661020542221465e+00 2.707278659315517189e+01
1.665546512387298250e+01 6.919100611581270321e+00 7.866939419846787906e+00 6.919100611581270321e+00 2.881524110255350735e+01 6.013234272816637471e+00 7.866939419846787906e+00 6.013234272816637471e+00 -1.676481596278972930e+01
2.615551762378239786e+01 -1.006914905941636640e+01 -1.590435454108506841e+00 -1.006914905941636640e+01 3.466135660978603994e+01 -1.596034813084311033e+01 -1.590435454108506841e+00 -1.596034813084311033e+01 8.486444791941533339e+00
-1.448276732016959301e+01 -5.719936660015044083e+00 -4.536743392471149328e+00 -5.719936660015044083e+00 -2.057732618982719863e+00 -7.660726844259111878e+00 -4.536743392471149328e+00 -7.660726844259111878e+00 -4.125677996432681738e+01
1.677184143593149557e+01 -8.554468718180123332e+00 4.119000444157125074e+00 -8.554468718180123332e+00 -1.411938249590873617e+01 2.033867644989040269e-01 4.119000444157125074e+00 2.033867644989040269e-01 1.091742668516529946e+01
-2.452647006364225746e+01 9.729440431732054861e+00 1.475144873761041975e+00 9.729440431732054861e+00 -3.114372191600513773e+01 5.621119543870372048e+00 1.475144873761041975e+00 5.621119543870372048e+00 -5.227255423806133905e+01
4.947752287549353412e+01 2.226652877217557780e+00 -1.441113175406970548e+01 2.226652877217557780e+00 5.857368970187991408e+01 1.912790716866289742e+01 -1.441113175406970548e+01 1.912790716866289742e+01 8.224132230433502500e+00
