1.432808407601709355e+01 -3.243875967078155842e+00 -9.698932371136357311e-01 -3.243875967078155842e+00 3.073213337497562492e+01 -8.072875152681493915e+00 -9.698932371136357311e-01 -8.072875152681493915e+00 -4.063000182816855244e+01
-2.469612647623660617e+00 -7.969140125113083784e+00 -6.657204217574852478e+00 -7.969140125113083784e+00 -3.050266853756260232e+01 -5.733183190079215841e+00 -6.657204217574852478e+00 -5.733183190079215841e+00 -2.395316765660501090e+01
-4.942010836133033713e+00 -1.353981843418600306e+01 -2.422372220667102383e+01 -1.353981843418600306e+01 2.978723342056781220e+01 1.833938960069456314e+01 -2.422372220667102383e+01 1.833938960069456314e+01 1.530510750193298719e+01
3.480135391299091197e+01 -8.411418022152570728e+00 2.567858685120006257e+01 -8.411418022152570728e+00 1.975335656409858842e+01 8.728438484605241854e+00 2.567858685120006257e+01 8.728438484605241854e+00 1.163790385798041704e+01
3.347561768589054765e+01 -6.672263165452560152e+00 1.197695446469736424e+01 -6.672263165452560152e+00 4.546729795018116249e+01 5.270912943381462767e+00 1.197695446469736424e+01 5.270912943381462767e+00 1.624113491762508943e+01
3.093837611420357625e+00 3.852660501026935247e+00 1.471296820592863819e+00 3.852660501026935247e+00 -1.914546667387988066e+01 -3.722344959797037334e-02 1.471296820592863819e+00 -3.722344959797037334e-02 2.516178759527459263e+01
-9.832362233855548084e+00 4.405893981093446321e+00 5.212326713849842363e+00 4.405893981093446321e+00 -6.134126290884534427e+00 -1.359356838330806269e-02 5.212326713849842363e+00 -1.359356838330806269e-02 -1.355715703942420136e+00
-1.916619958017996339e+01 -2.271926813827234160e+00 -2.921703200681379786e-01 -2.271926813827234160e+00 -2.273816328819142640e+01 3.254228936542285400e+00 -2.921703200681379786e-01 3.254228936542285400e+00 1.161142007069655868e+01
3.106714911706484727e+01 5.093380518372520704e+00 -1.721594773916218202e+01 5.093380518372520704e+00 3.960883194749678893e+01 -3.483806851093785628e+00 -1.721594773916218202e+01 -3.483806851093785628e+00 -1.101571183381793873e+01
-5.243241837891055468e+00 -1.803353493544852526e+01 -3.896097298634968098e+01 -1.803353493544852526e+01 -4.884733967131803745e+00 -2.589026586429622245e+00 -3.896097298634968098e+01 -2.589026586429622245e+00 -1.516830917309591165e+01
-3.047072690805912032e+00 7.638262249595108244e+00 -5.315774288174676343e+00 7.638262249595108244e+00 2.037607454150656849e+01 1.300427333587083822e+01 -5.315774288174676343e+00 1.300427333587083822e+01 4.297323777711100234e+01
-1.833658584225175758e+01 5.549492069100674385e+00 -9.401733856124453448e-01 5.549492069100674385e+00 -2.542990709499539292e+01 2.234899415220167995e+00 -9.401733856124453448e-01 2.234899415220167995e+00 -5.516624540557227618e+01
-7.332860776464024788e+00 -1.281290913344371418e+01 -5.417104003220453379e+00 -1.281290913344371418e+01 1.039866038370471912e+01 -5.398153856048247157e+00 -5.417104003220453379e+00 -5.398153856048247157e+00 -3.580656973498530249e+01
-1.704986839210790350e+01 -2.352438229807942349e+01 -1.168993043454082148e+01 -2.352438229807942349e+01 -1.704829045846793178e+01 2.133668898649605794e-01 -1.168993043454082148e+01 2.133668898649605794e-01 -2.648879362970273021e+01
-9.236311547332430649e+00 1.328416850217802647e+01 2.040451613796166797e+01 1.328416850217802647e+01 -3.213290082852953589e+01 7.471859036888151451e+00 2.040451613796166797e+01 7.471859036888151451e+00 3.990435941381838347e+01
2.727438052670818180e+01 -8.800995858056229082e+00 1.871399121451260328e+01 -8.800995858056229082e+00 1.952308261341480033e+01 1.565921038592354186e+01 1.871399121451260328e+01 1.565921038592354186e+01 -2.144461978676935132e+01
-2.706855482453349637e+01 -2.525752310204099871e+01 2.887009212147756632e+00 -2.525752310204099871e+01 -3.881387804879475567e+01 -6.775111253138644818e-01 2.887009212147756632e+00 -6.775111253138644818e-01 -4.136667299883377780e+01
-1.841132753681354117e+01 4.756509229171372866e+00 3.339019041705425739e+00 4.756509229171372866e+00 -5.008700885945233239e+01 1.968534040332703183e+00 3.339019041705425739e+00 1.968534040332703183e+00 4.813626467466969672e+01
-3.193183454275277100e+01 1.757123860943288207e+01 -1.645067199320658480e+00 1.757123860943288207e+01 -3.934330560769935659e+01 -7.859641570084886508e-01 -1.645067199320658480e+00 -7.859641570084886508e-01 -4.556353104878549942e+01
2.652287204663193165e+01 -1.579101958707432196e+01 9.938558170325208607e+00 -1.579101958707432196e+01 1.549623921730884746e+01 -9.698455202287927790e+00 9.938558170325208607e+00 -9.698455202287927790e+00 -1.771542180600254701e+00
-3.351731568991733212e+01 -7.819270514617178591e+00 1.334246556546591744e+00 -7.819270514617178591e+00 -2.161419129652845328e+01 2.110648998967619150e+00 1.334246556546591744e+00 2.110648998967619150e+00 1.980503077118062549e+01
2.600997194997706075e+01 -1.854743091259784205e+00 -4.094027999325608569e+00 -1.854743091259784205e+00 1.442632160357453408e+01 -5.638507611678571507e+00 -4.094027999325608569e+00 -5.638507611678571507e+00 -2.477821258977565222e+01
3.265787446305759545e+01 -7.583918295558566669e+00 -4.966231289470836252e+00 -7.583918295558566669e+00 2.819754321125138219e+01 -8.428549646597863765e-01 -4.966231289470836252e+00 -8.428549646597863765e-01 1.397752987085599052e+01
3.779038534341097488e+01 2.213256248226331024e+01 -1.255737073761592626e+01 2.213256248226331024e+01 4.021797784796110875e+01 -1.294158551843846006e+01 -1.255737073761592626e+01 -1.294158551843846006e+01 2.953279581171251333e+00
1.286531645591680650e+01 -1.745484208495182443e+01 6.536080061645980877e+00 -1.745484208495182443e+01 1.968931705815821331e+01 1.000219717365638861e+00 6.536080061645980877e+00 1.000219717365638861e+00 -7.610394291117614785e+00
1.623964893928945585e+01 -2.660070864095154253e+00 -1.326639467463162525e+01 -2.660070864095154253e+00 1.865547687387981668e+01 -1.363176685914672781e+01 -1.326639467463162525e+01 -1.363176685914672781e+01 1.054051930165613271e+01
2.147876643339974745e+00 -1.534521247436437141e+00 -7.933213584169128474e+00 -1.534521247436437141e+00 -1.719416532875855497e+00 9.012863196968401880e+00 -7.933213584169128474e+00 9.012863196968401880e+00 -3.194910873950014363e+01
2.518240060924744483e+01 -2.529101354720071804e+00 -4.113979750107460198e+00 -2.529101354720071804e+00 1.168890017909080470e+01 -2.279723408804065876e+00 -4.113979750107460198e+00 -2.279723408804065876e+00 1.401456199245715339e+01
8.754627115270007920e+00 -1.004984119420726962e+01 -6.358685817861252865e+00 -1.004984119420726962e+01 2.114215532062583947e+01 5.984054929314822857e+00 -6.358685817861252865e+00 5.984054929314822857e+00 -4.244970859687048126e+00
1.857921348657023231e+01 2.485255812266141895e+00 -1.677804989986953155e+00 2.485255812266141895e+00 3.117142930515240096e+01 -7.385839995639597033e-01 -1.677804989986953155e+00 -7.385839995639597033e-01 4.642677798893797103e+01
-2.591476684362918448e+01 3.307141931777155097e+00 -2.393375569221841914e+01 3.307141931777155097e+00 -4.198997241784944379e+01 2.783128692480259403e+00 -2.393375569221841914e+01 2.783128692480259403e+00 3.840391628310644734e+01
-3.825307538504333849e+01 1.085918305244792670e+01 -2.703194193137717605e+01 1.085918305244792670e+01 1.707654355941076174e+00 8.340211481927566339e-01 -2.703194193137717605e+01 8.340211481927566339e-01 -1.326428101244770552e+01
2.993490661169321498e+01 -5.275673501384894770e+00 -2.844612280039466867e+00 -5.275673501384894770e+00 1.202822187726289194e+01 2.049132267703785004e+01 -2.844612280039466867e+00 2.049132267703785004e+01 1.409045397545265921e+01
-3.834891201770822278e+01 -4.489953974057692698e-01 4.217543353618555813e+00 -4.489953974057692698e-01 -2.652307494179082781e+01 7.820614308835999395e+00 4.217543353618555813e+00 7.820614308835999395e+00 -4.713855952596894383e+01
-1.100412065227505209e+01 -3.229698091132080506e+00 7.540855187370943291e+00 -3.229698091132080506e+00 -4.455661898705204038e+01 -3.545269489571123867e+00 7.540855187370943291e+00 -3.545269489571123867e+00 1.939011653724591255e+01
-2.915527902367427160e+01 -8.944972179211964303e+00 -2.792766191414477461e+00 -8.944972179211964303e+00 -3.445038468796046249e+00 1.228363963514296309e+01 -2.792766191414477461e+00 1.228363963514296309e+01 -5.982008655215472004e+01
2.679851170224207735e+01 6.046686986263054564e+00 -1.947472143882641227e+00 6.046686986263054564e+00 2.399581685775624607e+01 -1.183742251024018444e+01 -1.947472143882641227e+00 -1.183742251024018444e+01 6.112545842055924439e+00
-1.392045436117815349e+01 6.742697653811287051e-01 -1.552815232451946237e+01 6.742697653811287051e-01 -6.910971031893063810e+01 -4.500816746942562396e+00 -1.552815232451946237e+01 -4.500816746942562396e+00 6.191280821610995133e+01
-6.132888090351371169e+00 -4.865786472336460555e+00 1.849287477924234224e+01 -4.865786472336460555e+00 -4.440841850058853879e+01 2.080502592042260623e+00 1.849287477924234224e+01 2.080502592042260623e+00 5.418323347417751989e+01
-5.785975051602487440e+01 -3.401341151937502527e+00 -2.709119120992122265e-01 -3.401341151937502527e+00 -1.143967330225056145e+01 1.210821243869467656e+00 -2.709119120992122265e-01 1.210821243869467656e+00 4.851339672774383871e+01
8.003759411960345460e+00 1.371346840728453742e+01 -7.991524964513765816e+00 1.371346840728453742e+01 -7.457660829256632873e+00 3.610589715024181245e+00 -7.991524964513765816e+00 3.610589715024181245e+00 -9.966476683924183178e+00
-3.227669304267809025e+01 2.629165324413069271e+00 4.038949993382108694e+00 2.629165324413069271e+00 -8.053090830944495337e+01 5.244000288680910948e+00 4.038949993382108694e+00 5.244000288680910948e+00 4.839158648763763892e+01
4.685222463329876774e+01 -3.965921234525890959e-01 -1.101917287609128770e+01 -3.965921234525890959e-01 2.927504149719559834e+01 -2.446732391923153171e-01 -1.101917287609128770e+01 -2.446732391923153171e-01 -1.091934880827864340e+01
-4.133816890291635815e+01 3.740301023829219584e+00 1.193909159243374818e+00 3.740301023829219584e+00 -2.351696667540615238e+01 8.017557242302348897e+00 1.193909159243374818e+00 8.017557242302348897e+00 -3.838770382531361491e+00
2.299308444677116370e+01 4.330277718171228862e+00 -8.867745724216550940e+00 4.330277718171228862e+00 2.882526899317819158e+01 2.924553601542416725e+00 -8.867745724216550940e+00 2.924553601542416725e+00 -2.496978685765921213e+01
-1.127124000500404755e+01 4.086198270258960541e-01 -3.535726824311960392e+00 4.086198270258960541e-01 -9.670825577765539194e+00 4.528017105304389389e+00 -3.535726824311960392e+00 4.528017105304389389e+00 1.724167860566350896e+01
4.221626868701711288e+01 -1.741480505315436389e+01 -4.838355935110447703e+00 -1.741480505315436389e+01 4.994415356763475700e+01 -7.871083910603220435e-01 -4.838355935110447703e+00 -7.871083910603220435e-01 1.025413621371311734e+01
4.239325543722541312e+01 -2.576256604509418402e+00 7.719123963093691643e+00 -2.576256604509418402e+00 3.102682821766602572e+01 -6.061059433987507461e+00 7.719123963093691643e+00 -6.061059433987507461e+00 -8.530047036590191922e+00
-4.497063367076589913e+01 2.001582781780376852e+00 -1.518734221008259588e+01 2.001582781780376852e+00 -2.106225172584825955e+01 -8.168317265440396824e+00 -1.518734221008259588e+01 -8.168317265440396824e+00 1.994427365072562797e+00
-2.451990593849211564e+01 -1.000362489184354509e+01 -3.994080592229504401e+00 -1.000362489184354509e+01 -1.572267798415696127e+01 -2.737355774391667662e+00 -3.994080592229504401e+00 -2.737355774391667662e+00 -5.190016565393615622e+01
-4.528387476075305074e+01 6.675479434813598623e+00 7.129852605791320297e-02 6.675479434813598623e+00 -9.202091441011567952e+00 -6.260473910260238029e+00 7.129852605791320297e-02 -6.260473910260238029e+00 -1.534868985978754630e+01
-3.644274151142839457e+01 1.224325259344857475e+00 1.764912154425768165e+01 1.224325259344857475e+00 -1.414130017364695746e+01 -4.185728073770071056e+00 1.764912154425768165e+01 -4.185728073770071056e+00 -6.598557632509587378e+00
3.722363716604125461e+00 -2.544777784451849101e+00 -7.284494037657885279e+00 -2.544777784451849101e+00 1.614076893851362371e+01 -7.934359457839674779e-01 -7.284494037657885279e+00 -7.934359457839674779e-01 2.870646853388416631e+01
-8.154228037237889026e+00 1.195902415124215912e+00 3.526699231313675797e-01 1.195902415124215912e+00 -2.772317662121630555e-01 -4.205435015631692863e+00 3.526699231313675797e-01 -4.205435015631692863e+00 -3.530150007922842548e+01
2.748432370029088290e+01 -2.949677245334509035e+00 -4.028151145413796819e+00 -2.949677245334509035e+00 3.045091432009562382e+01 3.635182278774632181e+00 -4.028151145413796819e+00 3.635182278774632181e+00 -1.479796086734697980e+01
-2.141873493339773393e+00 -1.219707404160882414e+00 -3.435633205711164262e+00 -1.219707404160882414e+00 7.090293659198149356e+00 6.983426295260315442e+00 -3.435633205711164262e+00 6.983426295260315442e+00 -1.165540360841795398e+01
1.890843075403292417e+01 -2.809002631388190174e+00 -1.093343356961104540e+01 -2.809002631388190174e+00 6.728031986824581168e+01 3.058422559129011287e+00 -1.093343356961104540e+01 3.058422559129011287e+00 1.736829877409054745e+01
-2.333682701433060913e+01 1.420919648802806412e-01 -1.377932460298178796e+01 1.420919648802806412e-01 -1.581871144963421116e+01 5.101423020744320524e+00 -1.377932460298178796e+01 5.101423020744320524e+00 -3.894204451359425434e+01
4.386455175512264049e+01 9.489452967160053376e+00 -4.772396128093387979e+00 9.489452967160053376e+00 3.403077295365885391e+01 1.604896230255816647e+01 -4.772396128093387979e+00 1.604896230255816647e+01 3.078550298049760414e+01
-2.177496652182386327e+01 -3.182200829181148105e+00 -3.834038897328473361e+00 -3.182200829181148105e+00 -6.976464546561591362e+01 -4.749292358412087189e+00 -3.834038897328473361e+00 -4.749292358412087189e+00 4.998933310550803100e+01
-4.567433291209250967e+01 -4.076154684461343436e+00 -2.863005239723533268e+00 -4.076154684461343436e+00 -4.524407877024422220e+01 -9.070410139386318349e+00 -2.863005239723533268e+00 -9.070410139386318349e+00 -4.910546815500383389e+01
6.813902924051390642e+01 -1.745284585369296426e+00 2.486808715749131871e+00 -1.745284585369296426e+00 4.859594769950714976e+01 1.023450970088655509e+01 2.486808715749131871e+00 1.023450970088655509e+01 8.743994423798405469e-02
-6.198623687119547299e+01 8.429978374616670100e-01 2.504988523949460255e+00 8.429978374616670100e-01 -2.255344816763096816e+01 -1.086284048948775549e+01 2.504988523949460255e+00 -1.086284048948775549e+01 -6.326902897991737973e+01
-1.056264542549476637e+01 -1.275227702958690479e+00 1.134492466626184637e+00 -1.275227702958690479e+00 5.099150832545267242e+00 5.156458843433891381e+00 1.134492466626184637e+00 5.156458843433891381e+00 3.596738551978425846e+01
5.126095878365250513e+01 1.337615882564506142e+00 2.505851500087369899e-01 1.337615882564506142e+00 4.774110078546840441e+01 -8.568280570799888807e+00 2.505851500087369899e-01 -8.568280570799888807e+00 1.452532239405447534e+01
-5.676220565340659441e+00 3.003594281997429505e+00 3.442550563513595563e+00 3.003594281997429505e+00 -5.717850725403651779e+01 4.019626144661693878e+00 3.442550563513595563e+00 4.019626144661693878e+00 2.734618721011265308e+01
-6.067247609892270077e+00 8.689815375008299370e+00 1.972922114156474560e+00 8.689815375008299370e+00 1.148857853414849828e+01 1.691619094683687763e+01 1.972922114156474560e+00 1.691619094683687763e+01 -4.731105859831590976e+01
3.640439309005514446e+01 -1.389490938576981804e+00 8.338558334890068480e+00 -1.389490938576981804e+00 2.259948689071927319e+01 9.727848581484877855e+00 8.338558334890068480e+00 9.727848581484877855e+00 -2.206452090952391032e+01
-8.348578792108588331e+00 -2.207194228317355567e+01 9.156695826060367027e-01 -2.207194228317355567e+01 2.095980739377145952e+01 -1.715713547273043815e+01 9.156695826060367027e-01 -1.715713547273043815e+01 1.958761391781231254e+01
2.234839639491458030e+01 -6.307536590306331625e+00 -3.288161293868943513e+00 -6.307536590306331625e+00 3.720332912904885347e+01 -6.605010865419782995e+00 -3.288161293868943513e+00 -6.605010865419782995e+00 -1.174779625431869690e+01
-1.337717840447671769e+01 2.791865015382168469e+00 -4.102365086683576578e+00 2.791865015382168469e+00 3.744596260807006249e+00 -1.070554301226882465e+01 -4.102365086683576578e+00 -1.070554301226882465e+01 -7.103549269433045765e+00
-2.002682319384247478e+01 -1.859459952614739464e+01 1.314264961728195935e+01 -1.859459952614739464e+01 1.963066480754790122e-01 -1.082105780327047739e+01 1.314264961728195935e+01 -1.082105780327047739e+01 -4.450541689697178782e+01
3.425705878770833124e+01 1.782147919205006703e+00 -5.934126460999463504e+00 1.782147919205006703e+00 3.643256027984125467e+01 2.949874787401015608e-01 -5.934126460999463504e+00 2.949874787401015608e-01 1.630041970687596820e+00
8.061279681537220654e+01 5.882968891757775154e+00 1.240448774364136320e+01 5.882968891757775154e+00 7.680184231570839870e+01 -5.978097480251416407e+00 1.240448774364136320e+01 -5.978097480251416407e+00 1.013973858001070205e+01
-2.230884233858177623e+01 -9.558465473977026505e+00 -8.134803444020588969e+00 -9.558465473977026505e+00 -1.751775453287600826e+01 1.703483209358005013e+01 -8.134803444020588969e+00 1.703483209358005013e+01 -3.493335139691838975e+01
1.286200106751003425e+01 -7.287741964812246565e+00 1.559188351491855506e+01 -7.287741964812246565e+00 1.203666088671965184e+01 -5.415824903646756283e+00 1.559188351491855506e+01 -5.415824903646756283e+00 1.128602277076938609e+00
-2.861961284653419568e+01 -7.495291069471095025e-01 7.231728893820532633e+00 -7.495291069471095025e-01 -2.999863797179984104e+01 -1.083411073762584920e+01 7.231728893820532633e+00 -1.083411073762584920e+01 -4.231206547884043090e+01
-3.034975809293010229e+01 -8.755670717930394975e-01 1.498257007497829463e+01 -8.755670717930394975e-01 -5.615670188566766541e+01 7.964109615810163412e+00 1.498257007497829463e+01 7.964109615810163412e+00 2.237167318554835305e+01
-2.471853992026743274e+00 4.438698590859609716e+00 8.271096255985495915e+00 4.438698590859609716e+00 6.406008964809772444e+00 5.736260734816647222e+00 8.271096255985495915e+00 5.736260734816647222e+00 -3.441673474697219604e+01
6.555772122877027153e-01 2.006519025074244844e+00 4.675339493499036436e+00 2.006519025074244844e+00 -3.562549885277537687e+00 -9.074180300878216254e-01 4.675339493499036436e+00 -9.074180300878216254e-01 -4.460401425290236688e+01
4.055913576986933577e+01 2.123817701604419383e+01 -8.570055158313152788e+00 2.123817701604419383e+01 4.682497001994126862e+01 -3.642696090000349773e+00 -8.570055158313152788e+00 -3.642696090000349773e+00 1.936894727490598456e+01
-3.473861271276363993e+01 3.771931467800207383e+00 -1.420272058576863561e+00 3.771931467800207383e+00 -2.115434165562987445e+01 1.252608993377568325e+01 -1.420272058576863561e+00 1.252608993377568325e+01 -6.917999753962348564e+01
2.850247197504106467e+01 1.445465444393894572e+01 1.641782194007917184e+01 1.445465444393894572e+01 1.930955217980308447e+01 1.587189511969147127e+01 1.641782194007917184e+01 1.587189511969147127e+01 -1.208926550433506364e+01
-1.600150211236277764e+00 -2.755414882252726017e+00 -9.495706111560584972e+00 -2.755414882252726017e+00 -1.495161711126335780e+00 4.738424387316991115e+00 -9.495706111560584972e+00 4.738424387316991115e+00 -3.109687043744978041e+01
5.521484931380949490e+01 -1.002066548882526220e+01 6.064688926760323895e+00 -1.002066548882526220e+01 3.998645467189441405e+01 1.065631532142949744e+01 6.064688926760323895e+00 1.065631532142949744e+01 1.066592636957778240e+01
2.624267641941396434e+01 8.991092571478539242e+00 7.021124306986302743e-01 8.991092571478539242e+00 4.395376642326579031e+01 -9.158872756727186593e-01 7.021124306986302743e-01 -9.158872756727186593e-01 9.173099711057824734e+00
-2.172744867142404956e+01 9.095562663711099560e+00 1.066631990006746245e+00 9.095562663711099560e+00 -3.984660696147339820e+01 -6.613913128460622737e+00 1.066631990006746245e+00 -6.613913128460622737e+00 -2.624712537133160595e+01
-3.004080071054338319e+01 2.129485813374473402e+00 -7.676248963182374041e+00 2.129485813374473402e+00 -2.219402657411217561e+01 -7.788047487171188443e+00 -7.676248963182374041e+00 -7.788047487171188443e+00 -3.378298671728968117e+01
-3.298446447740347764e+01 -1.451054030339283685e+01 1.226145600467268260e+01 -1.451054030339283685e+01 -1.846346238370627901e+01 -8.128996822708474568e+00 1.226145600467268260e+01 -8.128996822708474568e+00 -4.638708038286785040e+01
9.725617490812817678e+00 -4.784073408760115775e+00 2.545781878299931300e+00 -4.784073408760115775e+00 2.715662492070543266e+01 9.150768622352901005e+00 2.545781878299931300e+00 9.150768622352901005e+00 -1.700465351422886329e+01
-1.786136901066974048e+01 5.668859806194430639e-01 1.057756898986810512e+01 5.668859806194430639e-01 -2.684099372931824234e+01 -7.076838775736112197e+00 1.057756898986810512e+01 -7.076838775736112197e+00 -7.749513469965643608e+00
-3.192967056265430870e+01 -1.588379822740775005e+01 1.890903029960510295e+01 -1.588379822740775005e+01 -3.115079976055410782e+01 7.006437270897158953e+00 1.890903029960510295e+01 7.006437270897158953e+00 -2.448993707350421190e+01
-4.237798130792602791e+01 7.185250114786962961e+00 -4.259615087735067362e+00 7.185250114786962961e+00 -2.715318365437374482e+01 -4.422116720267486478e+00 -4.259615087735067362e+00 -4.422116720267486478e+00 -5.677104350641734243e+01
2.282684325582925666e+01 2.361394867310321111e+00 -2.959715909353496155e+00 2.361394867310321111e+00 2.396900480641629727e+01 1.968220227704185987e+01 -2.959715909353496155e+00 1.968220227704185987e+01 -1.474196924821730015e+01
-1.556935771582244499e+01 -5.734553105627745673e+00 9.008089038030520967e+00 -5.734553105627745673e+00 -5.579583759231851126e+00 2.300234507542673335e+00 9.008089038030520967e+00 2.300234507542673335e+00 5.441567541001229635e+00
-2.472951649316816258e+01 5.106733093006055491e+00 -1.353245300620452696e+01 5.106733093006055491e+00 4.002287778185915634e-01 8.689799279874140803e-01 -1.353245300620452696e+01 8.689799279874140803e-01 -5.850155699388200503e+01
-4.123499248695930675e+01 -4.932250951332850519e-01 6.786753313939358101e+00 -4.932250951332850519e-01 -1.854350541791626839e+01 -1.774249139271287135e+01 6.786753313939358101e+00 -1.774249139271287135e+01 1.207945650337236110e+00
2.642236089772956120e+01 -6.891719201514366233e+00 -1.884171088216654510e+01 -6.891719201514366233e+00 6.628801080158337022e+00 8.432942515581084209e+00 -1.884171088216654510e+01 8.432942515581084209e+00 -2.511561502595552398e+01
-6.215862920189260343e+00 -2.051383740044892789e+01 4.855089191634346157e+00 -2.051383740044892789e+01 1.445438464888355057e+01 2.171056422957492738e-01 4.855089191634346157e+00 2.171056422957492738e-01 -2.174799623686730143e+01
-4.671114539235957608e+01 -4.785774848097527290e+00 2.968020053162268912e+00 -4.785774848097527290e+00 -2.391671956404776367e+01 7.470181006547733649e-01 2.968020053162268912e+00 7.470181006547733649e-01 2.773620480184755976e+01
