3.874497808908211027e+01 -4.805934229439654537e-01 -7.034633606099827574e+00 -4.805934229439654537e-01 4.023852744477596843e+01 3.214696909888669740e+00 -7.034633606099827574e+00 3.214696909888669740e+00 3.804842759470325575e+01
7.883174906386401837e+00 -3.252436749781184133e+00 1.599706245884829681e+00 -3.252436749781184133e+00 1.120469104122467918e+01 -5.612721877313200380e+00 1.599706245884829681e+00 -5.612721877313200380e+00 8.174069077239234815e+00
1.030373468535419157e+01 4.756783037707567274e+00 -4.223397155362301092e+00 4.756783037707567274e+00 1.437478139057476589e+01 -3.101087040360867242e+00 -4.223397155362301092e+00 -3.101087040360867242e+00 1.363847177124437060e+01
1.187848972677691251e+01 -9.754965441114013203e+00 -4.291068810670789269e+00 -9.754965441114013203e+00 5.105289134214503477e+00 3.309357171579720536e+00 -4.291068810670789269e+00 3.309357171579720536e+00 2.394747921688058501e+00
-1.914727482561146665e+00 3.904852582397348559e+00 3.970847721552215326e+00 3.904852582397348559e+00 -5.052953285282594464e+00 -4.990575535891785819e+00 3.970847721552215326e+00 -4.990575535891785819e+00 -1.124329870564227996e+01
1.745443198408151986e+01 -1.474044758215527162e+00 4.374880752806705964e+00 -1.474044758215527162e+00 1.806653179815524979e+01 -3.173872708628266981e+00 4.374880752806705964e+00 -3.173872708628266981e+00 1.929970276652166916e+01
2.869084320438859859e+00 8.317100106422051553e+00 1.282170036897113619e+00 8.317100106422051553e+00 1.923169944567846734e+00 8.510247101184173601e+00 1.282170036897113619e+00 8.510247101184173601e+00 -3.712600217294553806e-01
3.596912131942995927e+01 2.828216130942700524e+00 7.175156936613127812e+00 2.828216130942700524e+00 3.380626443606196574e+01 -5.577014886603050670e+00 7.175156936613127812e+00 -5.577014886603050670e+00 3.447607996922365459e+01
-9.493496853357275000e+00 -2.162486782598835866e+00 3.844215535060022226e+00 -2.162486782598835866e+00 -4.268635260658285802e+00 1.702577298691929197e+00 3.844215535060022226e+00 1.702577298691929197e+00 -2.680097485717817474e+00
-8.783911631783945850e+00 -8.411746092120996110e+00 4.630649621886804290e+00 -8.411746092120996110e+00 -3.656283153920683926e+00 5.066641623102839276e+00 4.630649621886804290e+00 5.066641623102839276e+00 -1.882666113144654485e+00
-1.712127821065647026e+01 -1.380100838417225584e-01 -1.042365567400004300e+00 -1.380100838417225584e-01 -1.114098016522331491e+01 -4.497632485301474858e+00 -1.042365567400004300e+00 -4.497632485301474858e+00 -9.404225742810764288e+00
-2.560637517477406977e+00 1.705569897708583138e+00 4.599403190332305158e+00 1.705569897708583138e+00 -4.094403554360193098e+00 -1.165065793893010904e+00 4.599403190332305158e+00 -1.165065793893010904e+00 -3.525435184871829275e+00
3.564928777427367379e+01 3.592388312115456728e+00 5.752631373396135395e+00 3.592388312115456728e+00 3.131000222428333402e+01 -3.430286843892532689e-01 5.752631373396135395e+00 -3.430286843892532689e-01 3.201114782795671232e+01
1.860268063809576233e+01 -3.874020307667454421e+00 -1.348349997565378988e+00 -3.874020307667454421e+00 1.842457970001527201e+01 -2.768218955073193932e+00 -1.348349997565378988e+00 -2.768218955073193932e+00 1.503092474103955389e+01
-2.312635672344089066e+00 -5.265135299254096068e+00 -5.177553737344084972e+00 -5.265135299254096068e+00 5.269918793882652608e+00 -1.911878308256835579e+00 -5.177553737344084972e+00 -1.911878308256835579e+00 1.675430577613017746e+01
-1.490862917023494738e+01 -2.682366156726410100e+00 4.007425023949368281e+00 -2.682366156726410100e+00 1.040645793978748346e+00 -3.045905075301782894e+00 4.007425023949368281e+00 -3.045905075301782894e+00 -9.715223904335840155e-01
1.836384545916478928e+01 -1.074379114881662822e+00 -8.437134766759711857e-01 -1.074379114881662822e+00 2.428800323473554457e+01 2.294386862045628028e+00 -8.437134766759711857e-01 2.294386862045628028e+00 2.121056142270007072e+01
-1.141441815002855442e+01 3.837613922798098987e+00 1.377873613894884564e+01 3.837613922798098987e+00 -4.556441036275487910e+00 2.857521963836897050e-01 1.377873613894884564e+01 2.857521963836897050e-01 -1.814376622661011140e+01
-2.736090861836566024e+00 7.468297105591340745e+00 -2.256573427144167976e+00 7.468297105591340745e+00 -5.602468527661145892e+00 4.541976361525796868e+00 -2.256573427144167976e+00 4.541976361525796868e+00 -6.061041913355992072e+00
3.144250079760329442e+01 1.481258541435703791e+00 8.022397333033609357e+00 1.481258541435703791e+00 3.544151123156528627e+01 2.754000905621626916e-01 8.022397333033609357e+00 2.754000905621626916e-01 3.706269752709406617e+01
3.349595506986260318e+01 -8.201868586531202432e-01 3.420000611509450117e+00 -8.201868586531202432e-01 2.847106705150395811e+01 -5.962771691228485160e+00 3.420000611509450117e+00 -5.962771691228485160e+00 2.822446861227568604e+01
5.249168069878564324e+00 6.839477587986225515e+00 -1.309775414561249240e+00 6.839477587986225515e+00 1.095288118471540173e+00 3.354045432454671793e+00 -1.309775414561249240e+00 3.354045432454671793e+00 2.640376950152377500e+00
-6.833947690212947457e+00 3.235031548504006871e+00 3.103574603784368113e-01 3.235031548504006871e+00 -1.649877038779810290e+00 4.913861962250438142e-01 3.103574603784368113e-01 4.913861962250438142e-01 1.824480055152615021e+00
-1.098232363853542282e+01 7.784215549621431585e+00 -1.970197564503308074e+00 7.784215549621431585e+00 -1.166641264107871834e+01 2.656478352788228303e+00 -1.970197564503308074e+00 2.656478352788228303e+00 -6.356049321736915836e+00
4.486429985734950776e+00 2.939126786795238644e+00 -4.201868244902659200e+00 2.939126786795238644e+00 7.710125269820463423e+00 -2.025565833660955217e+00 -4.201868244902659200e+00 -2.025565833660955217e+00 3.620637190534146121e+00
1.821446012735631781e+00 1.473617344754390501e+01 -1.239494722873850430e+00 1.473617344754390501e+01 7.132387876056029974e+00 7.349255044641958001e-01 -1.239494722873850430e+00 7.349255044641958001e-01 1.013449918109100167e+01
-2.643922098203779214e+01 -2.149669918463031237e+00 7.907746524939104349e-01 -2.149669918463031237e+00 -1.666531725589930346e+01 3.637318025935555976e+00 7.907746524939104349e-01 3.637318025935555976e+00 -1.088243969831156654e+01
-1.812465762431227034e+01 1.853266198264798215e+00 6.861399137846890817e+00 1.853266198264798215e+00 -8.105158649776347701e+00 2.832123336877569564e+00 6.861399137846890817e+00 2.832123336877569564e+00 -8.191872450326724564e-02
4.158335991393132502e+01 -6.726516402438572406e+00 4.003824368284520374e-01 -6.726516402438572406e+00 4.368899849033148541e+01 -3.011325403805369394e+00 4.003824368284520374e-01 -3.011325403805369394e+00 4.470581373823847571e+01
3.674551652317806827e+01 2.364860630636979599e-01 4.962547787933720755e+00 2.364860630636979599e-01 3.411056505432726738e+01 -2.856878086006366946e+00 4.962547787933720755e+00 -2.856878086006366946e+00 3.718408376046128438e+01
8.263415469237108013e+00 -3.565471131621936518e+00 1.704143709540814955e+00 -3.565471131621936518e+00 1.336617365073918151e+01 -3.980112313874019314e+00 1.704143709540814955e+00 -3.980112313874019314e+00 1.262449824866940062e+01
-2.422765728180093703e+01 4.996259190787227134e+00 -1.027868850298175651e+00 4.996259190787227134e+00 -2.180060191567315897e+01 7.354963411741791690e-01 -1.027868850298175651e+00 7.354963411741791690e-01 -2.303865123115835445e+01
4.083554931909178509e-01 -2.362740728211047081e+00 3.579122982520404506e+00 -2.362740728211047081e+00 2.671801373667869406e+00 -6.939707673932383747e-01 3.579122982520404506e+00 -6.939707673932383747e-01 3.322636188677716707e+00
3.971798340787223047e+00 6.557349466155543150e-01 5.575791371479669856e+00 6.557349466155543150e-01 1.610122649578912268e+00 -1.744282752764285904e+00 5.575791371479669856e+00 -1.744282752764285904e+00 -2.408208427793299689e-01
-7.730306433933335164e+00 -2.535441787810601144e-01 -4.465167885528496861e+00 -2.535441787810601144e-01 -3.754957264120296401e+00 -3.964497851550333074e+00 -4.465167885528496861e+00 -3.964497851550333074e+00 7.249850039801678525e-01
1.510875923861772030e+01 -5.295926152548918076e+00 3.988945306352035036e+00 -5.295926152548918076e+00 1.156076706272397381e+01 -3.760141940372723202e+00 3.988945306352035036e+00 -3.760141940372723202e+00 1.994947796399721796e+01
4.330308712549001626e+01 -1.163916689800226667e+00 -4.790185810404874900e+00 -1.163916689800226667e+00 4.393477113797383993e+01 3.690036941994510045e+00 -4.790185810404874900e+00 3.690036941994510045e+00 5.007310197936710949e+01
-1.068744164886589409e+01 -2.945376546725826827e+00 1.986159738760657989e+00 -2.945376546725826827e+00 6.602668687282921001e-01 -4.510610043593215046e+00 1.986159738760657989e+00 -4.510610043593215046e+00 -4.012998622003393301e+00
2.289746674904211332e+01 3.835667314636261871e+00 2.129777574541627860e+00 3.835667314636261871e+00 1.744788812515562881e+01 3.637836984045598854e+00 2.129777574541627860e+00 3.637836984045598854e+00 2.013255776621205939e+01
3.328265871796427433e+01 -1.377488220189459822e+00 2.327050662397820879e+00 -1.377488220189459822e+00 3.047364005375310470e+01 -9.686702050087651061e-01 2.327050662397820879e+00 -9.686702050087651061e-01 3.682645173779123837e+01
2.259955620196337733e+01 -3.274228536252464794e-01 -7.922751042641001717e+00 -3.274228536252464794e-01 1.902850602264965474e+01 -2.425864678500289084e+00 -7.922751042641001717e+00 -2.425864678500289084e+00 1.773063765011794501e+01
3.352523168888820493e+01 1.807666097973261721e+00 1.186961792564742657e+00 1.807666097973261721e+00 2.974455595587171786e+01 -3.823705643167549240e-02 1.186961792564742657e+00 -3.823705643167549240e-02 3.238577534022353177e+01
-1.800915119013653864e+01 7.592056703497478409e+00 -9.663690620705612133e+00 7.592056703497478409e+00 -1.785758155919176460e+01 -4.747220375277015902e-01 -9.663690620705612133e+00 -4.747220375277015902e-01 -1.472232964945062150e+01
-1.173300049831195624e+00 -3.362921122406172802e-01 2.597190658775556660e+00 -3.362921122406172802e-01 2.881154180862029790e+00 -3.190000756771800727e+00 2.597190658775556660e+00 -3.190000756771800727e+00 -6.017585566476030268e-01
-1.097546884036865222e+01 4.974513144737076620e-01 -1.170157091162915552e+00 4.974513144737076620e-01 -1.166869061138596919e+01 -5.545370686916765379e+00 -1.170157091162915552e+00 -5.545370686916765379e+00 -1.266714934601692377e+01
3.203570567414900694e+01 2.787950657005503263e+00 8.306106486868964467e+00 2.787950657005503263e+00 2.822607829778824140e+01 -1.701195798185389574e+00 8.306106486868964467e+00 -1.701195798185389574e+00 2.955983757094489306e+01
-2.231322557501476922e+01 3.885854487552863334e-01 -4.928247187763870607e-01 3.885854487552863334e-01 -1.839570477535390225e+01 1.941141471421488518e+00 -4.928247187763870607e-01 1.941141471421488518e+00 -1.621506908202005803e+01
-1.901215690224908172e+01 2.321334296651799800e+00 -7.472280365785363698e-02 2.321334296651799800e+00 -1.188492411913098046e+01 1.608157506389257030e+00 -7.472280365785363698e-02 1.608157506389257030e+00 -1.025654782501407958e+01
-1.595717431858309077e+01 -8.382914916064514443e-01 4.699665706748214156e+00 -8.382914916064514443e-01 -1.850068866186194327e+01 -6.960181877518296645e+00 4.699665706748214156e+00 -6.960181877518296645e+00 -1.538797668339953262e+01
-2.171333884501507328e+01 -3.431025256040725502e+00 7.278612334719615218e-01 -3.431025256040725502e+00 -1.539811516901844080e+01 -6.982923050557175770e+00 7.278612334719615218e-01 -6.982923050557175770e+00 -2.602843080769441997e+01
