7.446149821006697422e+00 1.497963103326263301e+01 1.627421342885748912e+00 1.497963103326263301e+01 -1.762638339225906847e+01 -2.936127900450513639e+00 1.627421342885748912e+00 -2.936127900450513639e+00 -3.398002446137086707e+01
5.649699554360948284e+00 3.466456465238432649e+00 1.590531619754376180e+00 3.466456465238432649e+00 -6.681448651561374241e+00 -8.633901303764289992e+00 1.590531619754376180e+00 -8.633901303764289992e+00 -4.275494777973189287e+01
-3.245589572079824592e+01 4.947790551997636399e+00 -4.180289776823358672e+00 4.947790551997636399e+00 -6.186461680201985835e+00 1.119554328025288648e+01 -4.180289776823358672e+00 1.119554328025288648e+01 -3.648410809199290838e+01
3.053065337785800537e+01 -6.933704877593937610e+00 2.053327479481679063e+01 -6.933704877593937610e+00 3.328032940841967502e+01 2.089285127846893886e+01 2.053327479481679063e+01 2.089285127846893886e+01 -2.784640752870163283e+01
-5.180906047599338038e+00 7.246697576111238881e+00 -2.104737618654165843e+01 7.246697576111238881e+00 -1.760104960064184709e+01 -2.724568516476709945e+00 -2.104737618654165843e+01 -2.724568516476709945e+00 -2.065947511807688386e+01
5.678729983832367623e+01 -1.083015295345250628e+01 -2.430189164122885437e+00 -1.083015295345250628e+01 5.919911114924847340e+01 3.681366258627376542e+00 -2.430189164122885437e+00 3.681366258627376542e+00 2.804679784079439386e+01
1.716849892777759479e+01 1.069634983356956326e+01 1.089077835820392748e+00 1.069634983356956326e+01 2.332022139986894160e+01 -2.016209542648886577e-01 1.089077835820392748e+00 -2.016209542648886577e-01 -2.826927646789256698e+01
1.518095040990012556e+01 1.794492831925001397e+01 -8.952926751654212367e+00 1.794492831925001397e+01 -6.501615208059170481e-01 1.693932466485195576e+01 -8.952926751654212367e+00 1.693932466485195576e+01 -2.676484693006601390e+01
-1.135208431713478028e+01 -3.475179775615761191e+00 -1.643862856584616594e+01 -3.475179775615761191e+00 -2.983094401272417873e+00 1.277434827754389879e+01 -1.643862856584616594e+01 1.277434827754389879e+01 -4.615829827727172585e+01
1.687665599764553104e+00 -6.304711297460205088e+00 2.113664939235655016e+00 -6.304711297460205088e+00 9.973611920479248383e+00 1.320412778151250421e+01 2.113664939235655016e+00 1.320412778151250421e+01 -1.437193955636531939e+01
2.987447201174887468e+01 5.824383094738151634e+00 -4.429495766523836586e+00 5.824383094738151634e+00 3.688812249476579552e+01 1.296460372850134313e+01 -4.429495766523836586e+00 1.296460372850134313e+01 -9.561913965409319260e+00
2.865715296541954515e+01 -5.751836530387435253e+00 -5.196275918815650208e+00 -5.751836530387435253e+00 3.565565087955091172e+01 9.901205566508973488e-02 -5.196275918815650208e+00 9.901205566508973488e-02 -1.204555937309879177e+01
1.988265454195398974e+01 8.769566299712712620e+00 1.980733270334610108e+00 8.769566299712712620e+00 -1.414312598180038627e+01 -2.613768852964414791e+01 1.980733270334610108e+00 -2.613768852964414791e+01 -2.274240265961158869e+01
1.706497709420757847e+00 -4.718426444753015758e+00 1.766160281785633224e+00 -4.718426444753015758e+00 1.991999384516055116e+01 -6.112632415547744280e+00 1.766160281785633224e+00 -6.112632415547744280e+00 -3.343315256581637840e+01
-1.322820717144261415e+01 -2.693098584342820678e-01 7.118135517812728352e+00 -2.693098584342820678e-01 1.042287490349992574e+00 2.321640779171039881e+01 7.118135517812728352e+00 2.321640779171039881e+01 3.069208879915873212e+01
-7.721611262407773957e+00 2.248540545685259318e+01 1.219670717219249356e+00 2.248540545685259318e+01 1.213745976713323493e+01 1.704506931024504723e+01 1.219670717219249356e+00 1.704506931024504723e+01 -5.518368464212066016e+01
-2.913123753722048548e+01 -1.151474894956253214e+00 1.137832924775800514e+01 -1.151474894956253214e+00 -3.158686520734082137e+01 -8.363890602958127474e+00 1.137832924775800514e+01 -8.363890602958127474e+00 -7.068641115967279731e+00
-7.690320906405978540e+00 -8.439338078058659320e+00 6.727751797729659700e+00 -8.439338078058659320e+00 -5.627414741755876193e+00 -2.592846888851032094e+00 6.727751797729659700e+00 -2.592846888851032094e+00 -4.085654310688926216e+01
-1.948533817838944771e+01 -3.910064855217371793e+00 1.171237701515604357e+00 -3.910064855217371793e+00 -1.227356565519763443e+01 3.152210941832538360e+00 1.171237701515604357e+00 3.152210941832538360e+00 -3.664330697366804657e+01
-5.087983431038471593e+01 -1.857313907514621221e+01 -1.587437816098320909e+01 -1.857313907514621221e+01 -4.406105175831856968e+01 -9.160046322079889336e+00 -1.587437816098320909e+01 -9.160046322079889336e+00 -6.741890091769491278e+01
5.988704689029646033e+01 -8.030828382301155699e+00 8.910809686979950683e+00 -8.030828382301155699e+00 6.155751290352544203e+01 1.394929763527839839e+01 8.910809686979950683e+00 1.394929763527839839e+01 4.565117504282491012e+01
5.767967567858501354e+01 -1.806142855043983886e+01 2.183568052518306146e+01 -1.806142855043983886e+01 4.423376823172894490e+01 -8.062263315356403837e+00 2.183568052518306146e+01 -8.062263315356403837e+00 1.006960670252057710e+01
-6.071641713280840946e+01 1.449123131410415155e+00 -6.457361158945142954e+00 1.449123131410415155e+00 -4.437994813925747906e+01 1.917816895685081846e+01 -6.457361158945142954e+00 1.917816895685081846e+01 -6.719052510741323658e+01
-1.536991589771932887e+01 -6.059592900329308307e+00 1.538672777433470706e+01 -6.059592900329308307e+00 -1.404543630450154845e+00 -1.808476088098400325e+01 1.538672777433470706e+01 -1.808476088098400325e+01 -4.134312053455382596e+01
2.192567586224037868e+01 -1.184052210827997520e+01 3.420415138467733129e+01 -1.184052210827997520e+01 3.610085012165227258e+00 -2.034282394970591312e+01 3.420415138467733129e+01 -2.034282394970591312e+01 1.432030120578741084e+01
-2.595590120896547148e+01 -6.649428979792111782e+00 -2.061550215930632390e+01 -6.649428979792111782e+00 7.798818918617432594e+00 8.567283705073680977e+00 -2.061550215930632390e+01 8.567283705073680977e+00 -3.650786690302826543e+01
-7.182724373190044531e+00 -1.794378645560215801e+01 1.714828853628753436e+01 -1.794378645560215801e+01 -8.440028172318802646e+00 -1.704731565930303461e+01 1.714828853628753436e+01 -1.704731565930303461e+01 -4.448719358792708789e+01
7.551688333157323996e+01 1.236106361288237210e+01 1.801077331979669438e+01 1.236106361288237210e+01 2.942188936812466338e+01 -4.661369293473527797e+00 1.801077331979669438e+01 -4.661369293473527797e+00 -4.142726823804021130e+00
-3.377581020614420027e+01 -1.715243279431408396e+01 2.121213143137246604e+01 -1.715243279431408396e+01 -1.873424581897345575e+01 -1.172563311115560047e+01 2.121213143137246604e+01 -1.172563311115560047e+01 -4.460781941632095737e+01
-2.600691481372541247e+01 -9.031524101268127325e+00 1.278348915113411977e+01 -9.031524101268127325e+00 -4.218583365395905815e+01 -5.724105053653931741e+00 1.278348915113411977e+01 -5.724105053653931741e+00 2.389342681689979209e+00
-2.591734769082694001e+01 -1.630657290992578057e+00 -8.088447201980033086e+00 -1.630657290992578057e+00 -1.568069645673877943e+01 -1.315151776495080327e+01 -8.088447201980033086e+00 -1.315151776495080327e+01 -9.774079839670621084e+01
-1.861891956207881549e+01 -6.923231453669450808e+00 8.634884444674097992e+00 -6.923231453669450808e+00 -3.194015501956595227e+00 1.281706047932724424e+01 8.634884444674097992e+00 1.281706047932724424e+01 -3.886315042590037905e+01
-4.229172268141074653e+01 2.562814543465213202e+00 -9.783661430064499953e+00 2.562814543465213202e+00 -3.969476276381770674e+01 -1.208616322955021261e+01 -9.783661430064499953e+00 -1.208616322955021261e+01 -6.227072391515388716e+01
-1.430937462334635413e+01 -1.089400771910235477e+01 3.363639603218060881e+00 -1.089400771910235477e+01 7.824768578151996223e+00 1.354503758433397742e+01 3.363639603218060881e+00 1.354503758433397742e+01 -2.808778795343202006e+01
-7.196907023014451621e-01 -3.926817273963695065e+00 1.519802205986984234e+01 -3.926817273963695065e+00 -1.829889348583463970e+00 2.026613686046195895e+01 1.519802205986984234e+01 2.026613686046195895e+01 -3.061632339059597285e+01
-1.554287440962521316e+01 6.744879771461580020e+00 -1.566952955275758796e+01 6.744879771461580020e+00 -6.021236715362847214e+00 -1.117345905990618071e+01 -1.566952955275758796e+01 -1.117345905990618071e+01 -6.298503114316923046e+01
-4.253884603370008932e+01 7.407623094659617102e+00 2.183442236986725504e+01 7.407623094659617102e+00 -3.915608299073773679e+01 1.300556156809936681e+01 2.183442236986725504e+01 1.300556156809936681e+01 -6.963918564375561004e+01
4.110404093720111618e+00 1.951158731269549085e+00 1.848719617566736773e+01 1.951158731269549085e+00 1.206707495463341395e+01 -1.440374623196414738e+01 1.848719617566736773e+01 -1.440374623196414738e+01 -3.111403677050307337e+01
2.467399061535925853e+01 -1.825103615540172086e+01 3.220652057751628217e+00 -1.825103615540172086e+01 3.424828187334534846e+01 -1.584464005425003386e+01 3.220652057751628217e+00 -1.584464005425003386e+01 5.971462677392926910e-01
3.885326233817499997e+01 8.379493494878795801e+00 2.359371856662947309e+01 8.379493494878795801e+00 4.286695392938013782e+01 -4.182606107627973024e+00 2.359371856662947309e+01 -4.182606107627973024e+00 2.669309276978620460e+01
-7.293513478907264869e+00 -5.855654828899356623e+00 -1.874430511753381978e+01 -5.855654828899356623e+00 2.869655208547006620e+00 3.026705334785519397e-01 -1.874430511753381978e+01 3.026705334785519397e-01 -2.826171638357246607e+01
-1.303484740403088615e+01 5.249255351975870454e+00 6.789355458972567092e+00 5.249255351975870454e+00 -2.394533570222526464e+01 -1.473079044461153941e+01 6.789355458972567092e+00 -1.473079044461153941e+01 -2.364404529575222114e+01
3.397305822031346167e+01 5.393374001062278822e+00 1.479272095677236942e+00 5.393374001062278822e+00 -5.093067693662698403e+00 4.323598618479658207e+00 1.479272095677236942e+00 4.323598618479658207e+00 -9.683939434266132906e+00
2.796457380162930662e+01 -8.929705688285965337e+00 -3.401752124989932291e+00 -8.929705688285965337e+00 3.853107263814817429e+01 4.447312426798268881e+00 -3.401752124989932291e+00 4.447312426798268881e+00 2.515924634238077218e+01
-3.081742059796697930e+01 1.069049287491233291e-01 1.507812338273199826e+00 1.069049287491233291e-01 -4.449902590177556050e+01 4.322663778313096117e+00 1.507812338273199826e+00 4.322663778313096117e+00 -5.337504060116732063e+01
2.681896835541741453e+01 9.622409530180263681e-01 -1.672121768309967393e+01 9.622409530180263681e-01 6.411009059206702609e+00 7.092912211549200485e-01 -1.672121768309967393e+01 7.092912211549200485e-01 -4.291056654920287627e+01
3.779057077610548276e+01 5.166606323266700329e+00 3.359075942189330810e+00 5.166606323266700329e+00 6.431634940495712272e+01 -7.315653743746012516e+00 3.359075942189330810e+00 -7.315653743746012516e+00 2.273826288613246049e+01
-1.168928434578900522e+01 1.628038555886724126e+01 2.884854628697475665e+00 1.628038555886724126e+01 -2.151398576379526162e+01 -1.302789095771580286e+01 2.884854628697475665e+00 -1.302789095771580286e+01 -5.545678625461864897e+01
4.011840349356626945e+01 -3.693391276598621431e+00 -8.904067081142239104e+00 -3.693391276598621431e+00 5.047937057626844393e+01 -2.451942470367207694e+00 -8.904067081142239104e+00 -2.451942470367207694e+00 2.484659685315267552e+01
-2.654188810987140101e+00 -9.682810230758317260e+00 -9.408279726580353497e+00 -9.682810230758317260e+00 -3.097091021065064620e+00 1.382362345003886883e+00 -9.408279726580353497e+00 1.382362345003886883e+00 1.437992852702385349e+01
-3.002086159440777990e+01 3.619084912855123459e+00 1.019200423455870919e+01 3.619084912855123459e+00 -3.012426339716762413e+01 -1.832337539832232309e+01 1.019200423455870919e+01 -1.832337539832232309e+01 -4.580525332177044362e+01
-1.250911938249259059e+01 -8.054491310777898150e+00 -1.753523448310711785e+01 -8.054491310777898150e+00 -1.983140246748301649e+01 8.549113620655298007e+00 -1.753523448310711785e+01 8.549113620655298007e+00 -3.419493712219149018e+01
1.467516965316283617e+00 3.568895707851317933e+00 -5.938048103553483337e+00 3.568895707851317933e+00 -2.132335440819595007e+01 5.030954894679390499e+00 -5.938048103553483337e+00 5.030954894679390499e+00 -4.051197284653465402e+01
-4.540737958801413754e+01 -2.889352976403105178e+00 -1.639115421802196337e+01 -2.889352976403105178e+00 -3.298536282326496405e+01 -1.351143076442465407e+01 -1.639115421802196337e+01 -1.351143076442465407e+01 -4.396459743216782101e+01
3.896929902780351540e+01 -5.240520962387378745e+00 -2.874979592692555319e-01 -5.240520962387378745e+00 6.875223858147333544e+01 -1.113517789492691357e+01 -2.874979592692555319e-01 -1.113517789492691357e+01 6.179815074165984967e+00
-6.764016113989090861e+00 5.718980931508304444e+00 1.790868431708211261e+01 5.718980931508304444e+00 6.239342945603699064e+00 7.615938617918786235e+00 1.790868431708211261e+01 7.615938617918786235e+00 -3.060104979616796328e+01
-1.522426076941473561e+01 -6.651688830905406746e-01 -7.259648925847779211e+00 -6.651688830905406746e-01 -2.739608408479869794e+01 -1.078519496521704468e+01 -7.259648925847779211e+00 -1.078519496521704468e+01 -5.041812367031891995e+01
-9.848100242489097322e-01 5.543266338810907357e+00 2.966705237614371882e+01 5.543266338810907357e+00 -1.791243048836393115e+01 -4.034831539331008798e+01 2.966705237614371882e+01 -4.034831539331008798e+01 -9.054198696474040631e+00
-2.082183222074070272e+01 6.953851100380506800e+00 1.134391284300789415e+01 6.953851100380506800e+00 -3.277054936061960433e+01 5.527197310909180317e+00 1.134391284300789415e+01 5.527197310909180317e+00 -7.277766341495444102e+00
-5.035125007435829048e+01 -4.745884434232701565e+00 -1.017257028438924849e+01 -4.745884434232701565e+00 -5.376746297414456421e+01 5.052392195123659668e+00 -1.017257028438924849e+01 5.052392195123659668e+00 -6.028723139679810572e+01
5.720929338159981725e+00 3.030842686469094271e+00 6.264387427112533935e+00 3.030842686469094271e+00 7.209135986455272871e+00 -1.249294405009887576e+01 6.264387427112533935e+00 -1.249294405009887576e+01 -1.926015467247845692e+01
1.242596485322050093e+01 1.669024011442295841e+00 6.994919282229598023e-01 1.669024011442295841e+00 6.129097381544177381e+00 -8.937500519962073398e+00 6.994919282229598023e-01 -8.937500519962073398e+00 -6.352250489395396826e+00
1.545143681055411999e+00 -1.880205374258245499e+01 -7.863963687048876494e+00 -1.880205374258245499e+01 -7.647657328954815092e+00 -2.120937660698169580e+01 -7.863963687048876494e+00 -2.120937660698169580e+01 -4.597296994174457296e+01
2.469042877386042534e+01 1.006080124847218116e+01 2.273524076404489591e+01 1.006080124847218116e+01 1.953776762791794752e+01 5.396223799722753789e+00 2.273524076404489591e+01 5.396223799722753789e+00 2.468416631946789952e+00
3.934951449308807270e+01 5.595477416979073304e+00 -9.816455746892216894e+00 5.595477416979073304e+00 3.461057091893925275e+01 -1.241035615719676599e+01 -9.816455746892216894e+00 -1.241035615719676599e+01 2.226819452252912335e+00
5.391322030494113626e+00 -1.132330322876248241e+00 -1.314470129192072712e+01 -1.132330322876248241e+00 3.449383054571977691e+00 -1.571738223615565921e+01 -1.314470129192072712e+01 -1.571738223615565921e+01 -1.130647635794256622e+01
-2.625820794047886153e+01 -3.667532537338935583e+00 8.233950071822940586e+00 -3.667532537338935583e+00 -6.295031640979711796e+01 -1.372920797432681805e+00 8.233950071822940586e+00 -1.372920797432681805e+00 1.803771178763850713e+01
-1.005943520400849600e+01 1.672921594329426398e+01 2.592473084433252861e+00 1.672921594329426398e+01 2.488198840705948456e+01 4.950383451396224821e+00 2.592473084433252861e+00 4.950383451396224821e+00 -4.425575435212194009e+01
1.954564598803156361e+00 1.938668086255325562e+01 -4.171743932247739650e+00 1.938668086255325562e+01 6.430562739496512137e+00 -1.097077488111900401e+01 -4.171743932247739650e+00 -1.097077488111900401e+01 -2.481966988968415677e+01
-3.088241391182004847e+01 -6.005057215787916292e+00 1.991759275465973422e+00 -6.005057215787916292e+00 -4.364461217226494938e+01 -2.810070810626215732e+01 1.991759275465973422e+00 -2.810070810626215732e+01 -1.502412759024293187e+01
-2.833676062116374794e+01 1.344332389242230086e+01 3.676015011662892906e+00 1.344332389242230086e+01 -8.186895568098984555e+00 -1.518462720460547866e+00 3.676015011662892906e+00 -1.518462720460547866e+00 -3.625176948767148133e+01
-5.408946188900287666e+00 3.038012249590915204e+01 2.002130765967916837e+00 3.038012249590915204e+01 4.916570911306400227e+00 1.562494364937326807e+01 2.002130765967916837e+00 1.562494364937326807e+01 -2.459709681662769043e+01
9.712956128752379570e+00 1.643712690321627923e+00 -5.105375615980590531e+00 1.643712690321627923e+00 -1.780089512317597666e+01 -1.452358045328162461e+01 -5.105375615980590531e+00 -1.452358045328162461e+01 -1.462905035097658946e+01
-3.403734957862958055e+01 7.185859849222155482e+00 3.329870386550318528e+00 7.185859849222155482e+00 -4.217811785249556067e+01 -4.169996168777549528e+00 3.329870386550318528e+00 -4.169996168777549528e+00 -6.058228940773458504e+01
-1.844815128496259504e+01 -3.472208112574023176e+00 9.038263795509005050e-01 -3.472208112574023176e+00 -2.266517161366209621e+01 -8.594627319787390363e+00 9.038263795509005050e-01 -8.594627319787390363e+00 -6.649125466228980486e+01
6.862135223714171062e+00 6.358008873972050168e+00 -1.939952025689622062e+01 6.358008873972050168e+00 -8.363438003902022189e+00 1.971107563385802841e+00 -1.939952025689622062e+01 1.971107563385802841e+00 -3.891108180704643615e+01
-6.686148469894546587e+00 6.237329777247261120e+00 6.994474154739731553e+00 6.237329777247261120e+00 -1.373526424282203706e+01 -3.501069459261261674e+00 6.994474154739731553e+00 -3.501069459261261674e+00 -3.419834279251929132e+01
-2.477476081459852875e+00 -1.199268219295080051e+01 5.290427636463179706e-01 -1.199268219295080051e+01 -1.912937895777131914e+01 8.416288720580127058e-02 5.290427636463179706e-01 8.416288720580127058e-02 -4.291317874166790602e+01
7.104116150351848624e+00 -1.764857010527062187e+01 1.976268725908224999e+00 -1.764857010527062187e+01 1.102648463118455702e+01 -3.083100619669759013e+00 1.976268725908224999e+00 -3.083100619669759013e+00 -2.248975745269419235e+01
3.140188946764076050e+01 5.591257520774425949e+00 -1.551588777041959055e+01 5.591257520774425949e+00 4.527132342793662900e+01 -1.421907557880308204e+01 -1.551588777041959055e+01 -1.421907557880308204e+01 3.573675591419816300e+01
-2.361437131830743397e+01 2.172116811031055139e-01 -6.440268825966295019e+00 2.172116811031055139e-01 -3.726401670414111322e+01 -2.846348502505200884e+00 -6.440268825966295019e+00 -2.846348502505200884e+00 -3.957544091736254188e+01
-2.227390962364533156e+00 -1.728417345604273692e+01 -4.307417271679029369e+01 -1.728417345604273692e+01 -2.447798968816157483e+01 1.164653302009835123e+01 -4.307417271679029369e+01 1.164653302009835123e+01 -3.809117301002387990e+01
-2.880402995198313931e+01 1.957882177933677248e+00 9.420670914419792652e+00 1.957882177933677248e+00 -5.714650390996891360e+01 8.433725772309420776e+00 9.420670914419792652e+00 8.433725772309420776e+00 -1.539494193928481991e+01
3.192892116119869783e+01 4.328105480621354140e+00 3.206543986042913463e+00 4.328105480621354140e+00 2.836231950103090682e+01 1.305373080208088155e+01 3.206543986042913463e+00 1.305373080208088155e+01 1.099703718565869437e+01
-4.561997677994446576e+01 -7.274286359009783709e+00 8.830683802755135758e+00 -7.274286359009783709e+00 -2.442845168458558902e+01 -1.319440070047509739e+00 8.830683802755135758e+00 -1.319440070047509739e+00 -1.415386616754379290e+01
-1.749511837546675963e+01 8.212153862021767114e-01 2.714959956473969882e+01 8.212153862021767114e-01 -2.051430341381024647e+01 -2.219755333687517318e+00 2.714959956473969882e+01 -2.219755333687517318e+00 -4.521111365793761649e+01
-4.343217069789147011e+00 2.673427205929035377e+00 8.803454765938820259e+00 2.673427205929035377e+00 3.547104419490337612e+00 7.619178786113148583e+00 8.803454765938820259e+00 7.619178786113148583e+00 -3.688143543901285426e+01
1.416298934029704748e+00 1.408341093122132115e+01 8.140227347478070641e+00 1.408341093122132115e+01 -8.489856630431679818e+00 -4.840458459441046024e+00 8.140227347478070641e+00 -4.840458459441046024e+00 -4.421825201260517701e+01
-1.506737100422658182e+00 -2.185755546873204835e+01 -1.619218442562389271e+01 -2.185755546873204835e+01 6.020043029581869654e+00 5.219857565844076674e+00 -1.619218442562389271e+01 5.219857565844076674e+00 1.968413676534102663e+01
-5.144030340011751434e+01 8.975732833567562352e+00 1.174325713955231620e+01 8.975732833567562352e+00 -1.342117546199645872e+01 1.480019822422486797e+01 1.174325713955231620e+01 1.480019822422486797e+01 -2.072043486320115235e+01
-3.701263177166615748e+01 -1.230302708986903326e+01 3.887515081812722428e+00 -1.230302708986903326e+01 -2.189542818991087358e+01 -2.921342488625870981e+00 3.887515081812722428e+00 -2.921342488625870981e+00 -4.985532461164859797e+01
1.286505742583229406e+01 1.257742170585420460e+01 -9.348354985468708023e+00 1.257742170585420460e+01 2.828143262861993357e+00 2.035304876207852498e+00 -9.348354985468708023e+00 2.035304876207852498e+00 -4.508682769749889019e+01
-3.946776028133041958e+00 1.471843458289362161e+01 7.348034295796845861e+00 1.471843458289362161e+01 -1.870707711814396035e+01 9.407271955321084178e+00 7.348034295796845861e+00 9.407271955321084178e+00 -5.579825024057279848e+01
-2.689696004952933350e+01 7.618377991129655413e+00 5.847463862204501872e+00 7.618377991129655413e+00 -1.346821768250682538e+01 -1.736521717199669013e+01 5.847463862204501872e+00 -1.736521717199669013e+01 -5.340513697649554103e+01
1.054222334357121049e+01 8.770983344030733875e+00 -5.600359251518800541e+00 8.770983344030733875e+00 -1.776893556816459663e+00 1.674840999477434522e+01 -5.600359251518800541e+00 1.674840999477434522e+01 -1.264680487811369858e+01
5.223434759505224889e+01 -2.241251603250705049e+00 -1.156084820489769704e+01 -2.241251603250705049e+00 4.635926907077899983e+01 6.117976354529577776e+00 -1.156084820489769704e+01 6.117976354529577776e+00 3.472575473445470351e+01
-3.452555248613819572e+00 -8.141670674030191179e+00 -6.570415901831988315e+00 -8.141670674030191179e+00 7.095601609869638615e+00 6.286617532038915712e+00 -6.570415901831988315e+00 6.286617532038915712e+00 -3.426413979115154262e+01
-2.606991618160453683e+01 1.382100949032138182e+01 -4.413326618595088568e+00 1.382100949032138182e+01 -2.608022031679242048e+01 -6.550273221317932937e-02 -4.413326618595088568e+00 -6.550273221317932937e-02 -1.454537381462427348e+01
8.885849611473833676e+00 2.094392580666448456e-01 -2.163765272391441741e+01 2.094392580666448456e-01 -1.315294900247680054e+01 1.017866614409318515e+01 -2.163765272391441741e+01 1.017866614409318515e+01 -3.833134996588740506e+01
2.664009929603344418e+01 -6.781981188260061799e+00 -2.002192363475258219e+01 -6.781981188260061799e+00 1.086093057605999412e+01 -7.365359270817404713e+00 -2.002192363475258219e+01 -7.365359270817404713e+00 9.170071419989632489e+00
-5.935114962468289512e+00 -1.043047311676900435e+01 -6.822194907618375659e+00 -1.043047311676900435e+01 -8.209329342161707288e+00 6.573135095826970087e+00 -6.822194907618375659e+00 6.573135095826970087e+00 -8.722046370352948941e+00
1.432311990338944341e+01 5.538282370907280594e+00 -4.177146049265902938e+00 5.538282370907280594e+00 2.171478235681350810e+01 -9.750875400759291267e-01 -4.177146049265902938e+00 -9.750875400759291267e-01 -5.328906536846158559e+00
-2.367979302658875440e+01 1.645918496857911606e+01 1.160756023537925286e+00 1.645918496857911606e+01 -2.567775854996700602e+01 -1.284495198960589768e+01 1.160756023537925286e+00 -1.284495198960589768e+01 -6.508250486252308065e+01
5.764914376090499104e+01 1.812591006178075048e+01 5.471240657184814893e+00 1.812591006178075048e+01 5.095147128211529974e+01 -1.528770892766830425e+00 5.471240657184814893e+00 -1.528770892766830425e+00 5.425289807934082553e+00
3.730632547215027728e+01 1.201186325271600186e+00 2.862677996907534705e+01 1.201186325271600186e+00 3.598824363650312108e+01 -1.886248499206598339e+01 2.862677996907534705e+01 -1.886248499206598339e+01 2.272158654605864569e+01
-3.813019967116686360e+01 1.068998009873023403e+00 1.021977008474571313e+01 1.068998009873023403e+00 -3.923063858057101783e+01 -1.311611258130263025e+01 1.021977008474571313e+01 -1.311611258130263025e+01 -5.918675078587352090e+01
1.556671710200366654e+01 2.647790076341428644e+01 -1.672326316262211066e+01 2.647790076341428644e+01 2.851664168484066053e+01 -7.420543163356384753e+00 -1.672326316262211066e+01 -7.420543163356384753e+00 2.489614412093904150e+01
-2.249127319921450763e+01 -7.817835256708771219e+00 2.673062644393775500e+00 -7.817835256708771219e+00 -3.187167863406449797e+01 2.182623880690720775e+00 2.673062644393775500e+00 2.182623880690720775e+00 7.315285483348751505e+00
-1.836403770615328668e+01 -1.326467246613413309e+01 1.481424417845511243e+01 -1.326467246613413309e+01 -1.278168738239683755e+01 1.230982823106842083e+01 1.481424417845511243e+01 1.230982823106842083e+01 -3.109899003821786323e+01
4.239181368944065498e-01 1.595113870781214693e+00 -3.469688885632394637e+00 1.595113870781214693e+00 1.895312451793234487e+01 -5.903618440000052203e+00 -3.469688885632394637e+00 -5.903618440000052203e+00 3.540164992447564174e+01
1.897637238734359855e+01 -9.315937775823616818e+00 3.628027552871002648e+00 -9.315937775823616818e+00 1.464959093994703032e+01 -1.109403038195825353e+01 3.628027552871002648e+00 -1.109403038195825353e+01 -2.863839702794122388e+01
-3.505917658662461633e+01 2.259707146566595171e+01 -1.430870376287989565e+01 2.259707146566595171e+01 -5.362299874353684004e+01 -1.408953667323902925e+00 -1.430870376287989565e+01 -1.408953667323902925e+00 -4.817084145889239721e+01
5.366498512773957286e-01 -9.391288216985598680e+00 3.467831338954531439e+00 -9.391288216985598680e+00 -5.006929082356631255e+00 -1.428385826828962557e+01 3.467831338954531439e+00 -1.428385826828962557e+01 1.259127165239145540e+01
-3.600387680663370116e+00 5.016329899622660626e+00 1.333185628134253875e+01 5.016329899622660626e+00 -1.763844745084722732e+01 -2.785180919125171961e+00 1.333185628134253875e+01 -2.785180919125171961e+00 8.907828371999068295e+00
4.183649488559161256e+01 -7.161394110933125390e+00 6.914509302116552902e+00 -7.161394110933125390e+00 5.198735049235652639e+01 -2.055274473949205216e+01 6.914509302116552902e+00 -2.055274473949205216e+01 2.021481944083843985e+01
2.058132708548198053e+01 8.381273069500529971e+00 -6.832898842073644730e+00 8.381273069500529971e+00 1.593108652760366262e+01 1.126824645395314484e+01 -6.832898842073644730e+00 1.126824645395314484e+01 -2.659958012779685532e+01
-3.934602547168540809e+01 -1.836975055927548439e+01 -2.562622214085537209e+01 -1.836975055927548439e+01 -2.243627628078032998e+01 2.544874166037924113e+01 -2.562622214085537209e+01 2.544874166037924113e+01 -4.629309339845286075e+01
8.361660175100606551e+00 5.284327554010372019e+00 -1.133839955902446839e+01 5.284327554010372019e+00 1.160781442739871672e+01 -1.681947374873248080e+01 -1.133839955902446839e+01 -1.681947374873248080e+01 -1.841074639973972893e+01
-1.245932937488540393e+00 -3.750271599519123367e+00 3.526904207500099808e+00 -3.750271599519123367e+00 -1.949626682294885782e+00 1.155589811733017136e+01 3.526904207500099808e+00 1.155589811733017136e+01 -4.656899619615131769e+01
-1.715652121768540539e+01 9.853809318832318809e+00 -2.076355230634837312e+01 9.853809318832318809e+00 -9.366871549306859279e+00 -6.872502685975014458e+00 -2.076355230634837312e+01 -6.872502685975014458e+00 -6.584459201605413625e+01
2.280023758249079791e+01 4.074055550814555282e+00 4.593480955550440781e-01 4.074055550814555282e+00 1.106405266607458593e+01 4.772931045087326574e+00 4.593480955550440781e-01 4.772931045087326574e+00 -2.283041506812894639e+01
7.232683117042875587e+00 1.911974209981706352e+01 1.620925160658812203e+01 1.911974209981706352e+01 7.190848146721853240e+00 -1.238602732360880587e+01 1.620925160658812203e+01 -1.238602732360880587e+01 -2.131669487206548297e+01
-6.259628036887113778e-01 -6.190753480135664510e+00 -5.594511020324410389e+00 -6.190753480135664510e+00 6.351984883055521003e+00 4.414056111941669691e+00 -5.594511020324410389e+00 4.414056111941669691e+00 -1.428395999611216283e+01
-4.589095364843424107e+01 4.203916999416028588e+00 -1.353591191062071886e+01 4.203916999416028588e+00 -2.295055811879365848e+01 -1.120355710867546861e+01 -1.353591191062071886e+01 -1.120355710867546861e+01 -5.137856728511844828e+00
3.104915351107235111e+01 -1.249984603761756929e+01 -8.959081487677467592e+00 -1.249984603761756929e+01 1.020789671092828499e+01 1.073517570862421833e+00 -8.959081487677467592e+00 1.073517570862421833e+00 -7.967019330321862824e+00
4.285361833525112729e+01 -3.695812222581695039e+01 -6.018731511918635757e-01 -3.695812222581695039e+01 3.958742883398569745e+01 -1.733048883059132095e+01 -6.018731511918635757e-01 -1.733048883059132095e+01 1.066899317777882672e+01
-2.178936131962712519e+00 -6.168130937334280084e+00 -8.987008808968247608e-01 -6.168130937334280084e+00 3.504198163620910300e+00 1.077315387561382032e+01 -8.987008808968247608e-01 1.077315387561382032e+01 1.520127702194314701e+01
7.394736010887029920e+01 1.517602444505821069e+01 5.415285122969320852e+00 1.517602444505821069e+01 6.818182798798714828e+01 -1.020170841363106007e+01 5.415285122969320852e+00 -1.020170841363106007e+01 2.537801623563874287e+01
-2.320730477430674199e+01 -9.639724755591867478e+00 1.382619368651808900e+00 -9.639724755591867478e+00 -2.633508490271477953e+01 1.085107493657372757e+01 1.382619368651808900e+00 1.085107493657372757e+01 -4.667769697657631411e+01
2.515646085877963500e+01 -1.365196906565933954e+00 -6.528683734654810777e+00 -1.365196906565933954e+00 2.294792845914099289e+01 1.098727881421649499e+01 -6.528683734654810777e+00 1.098727881421649499e+01 -1.946964843137885026e+01
-2.819221653644352799e+01 -6.361886130754654367e+00 -1.438943165632344012e+01 -6.361886130754654367e+00 -3.138844071115160972e+01 5.506047923869170191e+00 -1.438943165632344012e+01 5.506047923869170191e+00 -1.943383116964907842e+01
1.469818448545626666e+01 3.314892996241856071e+00 -2.192316508293796318e+00 3.314892996241856071e+00 2.565300087461389111e+01 1.052006653332605879e+01 -2.192316508293796318e+00 1.052006653332605879e+01 -1.951365130547622329e+01
-1.080409661513677300e+01 6.204717791560711682e+00 1.117611516274038586e+01 6.204717791560711682e+00 6.188281604219080023e+00 1.509247909011977384e+01 1.117611516274038586e+01 1.509247909011977384e+01 -3.559083018416865940e+01
-3.059293149573463921e+01 -4.485442634658038052e+00 1.386952756478708970e+00 -4.485442634658038052e+00 -4.509638483564357614e+01 -1.286249297548290826e+01 1.386952756478708970e+00 -1.286249297548290826e+01 -6.795688213751729734e+01
4.761754082613001771e+01 1.669724730151262548e+01 2.230494501453804190e+01 1.669724730151262548e+01 3.472851081953459840e+01 -5.004299282266109650e+00 2.230494501453804190e+01 -5.004299282266109650e+00 3.423099548090596045e+01
-9.773772280701589210e+00 5.542657984395844117e+00 5.410471549073777808e+00 5.542657984395844117e+00 1.442867020304152259e+00 1.470198131095676430e+01 5.410471549073777808e+00 1.470198131095676430e+01 -1.865058294248387583e+01
1.037808773913931004e+00 -2.654917115117888571e+01 2.867700305611732947e+00 -2.654917115117888571e+01 1.777533689132119932e+01 1.107097900181313399e+01 2.867700305611732947e+00 1.107097900181313399e+01 -1.638483369450078797e+01
-2.813301405713645842e+00 1.841081164121246161e+01 1.954543866190858292e+00 1.841081164121246161e+01 -1.153022321573314812e+01 -1.375031106174830597e+01 1.954543866190858292e+00 -1.375031106174830597e+01 -4.157912054098617460e+01
6.362391789148234267e+01 -4.260590659057634788e+00 -6.346720425504697616e+00 -4.260590659057634788e+00 5.778302217392033668e+01 -2.455678733623501131e+01 -6.346720425504697616e+00 -2.455678733623501131e+01 7.065268609204276906e+00
1.963737985889713045e+01 -2.954403437284290224e+00 4.584179812328561532e+00 -2.954403437284290224e+00 2.933983357285281812e+01 2.026831886292798313e+00 4.584179812328561532e+00 2.026831886292798313e+00 1.324375086919202538e+01
7.907662771940135116e+00 2.056524558375094069e-01 -5.768508569194731095e+00 2.056524558375094069e-01 1.172217546848467862e+01 9.261472496833620838e+00 -5.768508569194731095e+00 9.261472496833620838e+00 -2.816378378766035695e+01
-2.365123061056216969e+01 -2.271189406416019807e+01 3.798440147732839556e+00 -2.271189406416019807e+01 -1.955967601384927335e+01 2.177672669258030425e+01 3.798440147732839556e+00 2.177672669258030425e+01 -1.314264920125842906e+01
2.214604323559835564e+01 -4.413469721703711990e+00 5.698553636069974893e+00 -4.413469721703711990e+00 1.036951258460742586e+01 1.804946711748309118e+00 5.698553636069974893e+00 1.804946711748309118e+00 -3.052828208155281686e+01
2.301817635828782826e+01 7.287243384830828674e+00 -1.224963492958651701e-01 7.287243384830828674e+00 2.917197893412597054e+01 -7.151347130865245427e-01 -1.224963492958651701e-01 -7.151347130865245427e-01 7.750126824850626761e+00
-4.524694906142427442e+01 6.112022108561461664e+00 -9.497856707560513811e+00 6.112022108561461664e+00 -5.895434675481230613e+01 7.689575048573411564e+00 -9.497856707560513811e+00 7.689575048573411564e+00 -6.229288957010622596e+01
6.225492315618615891e+01 -2.262162133654694074e+01 1.225098491243104526e+01 -2.262162133654694074e+01 8.117823132715967915e+01 -3.975761551275726724e+00 1.225098491243104526e+01 -3.975761551275726724e+00 2.354778314178302878e+01
6.839574544060913475e+00 1.021115295469815054e+00 2.100228273171963700e+00 1.021115295469815054e+00 9.854531362507936265e+00 -1.262236730847533117e+01 2.100228273171963700e+00 -1.262236730847533117e+01 -1.372639925056688703e+01
-3.351228283629815508e+01 1.618493285678014360e+01 -3.459778539028028010e+00 1.618493285678014360e+01 -3.435960925187814752e+01 3.898025506548970842e+00 -3.459778539028028010e+00 3.898025506548970842e+00 -5.692566917149855499e+01
-2.221147631363214192e-01 -1.103065519963219643e+01 -1.333610249424797090e+01 -1.103065519963219643e+01 2.033400972808348328e+01 -5.565655384038568521e+00 -1.333610249424797090e+01 -5.565655384038568521e+00 8.481340002150208335e+00
1.958394094876940628e+01 -5.188299016389492202e+00 1.941275011425564401e+01 -5.188299016389492202e+00 2.021129790053850073e+01 -1.397351838466957652e+01 1.941275011425564401e+01 -1.397351838466957652e+01 5.899115634854659618e+00
-4.734556236509092741e+01 -2.443203648170847730e-01 1.600586311904547898e+01 -2.443203648170847730e-01 -3.759079361000274844e+01 2.967751133850635625e+01 1.600586311904547898e+01 2.967751133850635625e+01 -5.007917828596810494e+01
-1.909710807064322680e+01 -5.665529703399609041e+00 -3.609495562317083794e-01 -5.665529703399609041e+00 -2.118207149247916377e+01 5.427684103259385884e-01 -3.609495562317083794e-01 5.427684103259385884e-01 -1.977476064868276140e+01
1.104142763964007790e+00 -2.195999661932501823e+01 8.936072849433141840e+00 -2.195999661932501823e+01 2.690150990848531976e+01 1.625471551672277215e+01 8.936072849433141840e+00 1.625471551672277215e+01 -2.925795651884142146e+01
-3.584794727724096219e+01 1.385117737695912155e+01 -7.445705025849901348e-01 1.385117737695912155e+01 -2.094066532949614423e+00 -1.278697521420478012e+01 -7.445705025849901348e-01 -1.278697521420478012e+01 -3.883333392388041005e+01
1.740134309930422063e+01 -1.050758386817201817e+01 5.418195199335502643e-01 -1.050758386817201817e+01 -4.197730403810436606e+00 8.650690949792464224e+00 5.418195199335502643e-01 8.650690949792464224e+00 -4.308651336376360774e+00
9.741187212728123157e+00 -2.508660835563276592e+01 1.554318413571555269e+01 -2.508660835563276592e+01 -1.541050982311689133e+01 -1.401866341485855116e+01 1.554318413571555269e+01 -1.401866341485855116e+01 -9.273205807877317852e+00
4.924736119133682877e+01 3.696669107054943559e+00 6.155057261452625106e+00 3.696669107054943559e+00 4.603634012574263323e+01 1.123019388199326407e+01 6.155057261452625106e+00 1.123019388199326407e+01 1.586277981520212244e+01
-2.624909424795785995e+01 -2.264271025482236510e+01 -1.143436800305052436e+01 -2.264271025482236510e+01 -2.762042506630001393e-01 -1.142579776087739241e+01 -1.143436800305052436e+01 -1.142579776087739241e+01 -5.442528839398300988e+01
-2.713402893138994632e+00 -1.000192947498344331e+01 1.050346463035177358e+01 -1.000192947498344331e+01 1.737623980745953745e+01 -5.388835334462611648e+00 1.050346463035177358e+01 -5.388835334462611648e+00 -2.833835497660054514e+01
-3.642811673610612200e+00 -1.093966649674462133e+01 1.018032917174399721e+01 -1.093966649674462133e+01 4.632427837309459839e+00 1.314911049786830599e+00 1.018032917174399721e+01 1.314911049786830599e+00 -2.298409230792454849e+01
5.231625096558051524e+00 -6.490393860531498582e+00 1.109718441396649702e+01 -6.490393860531498582e+00 -8.018420139596912577e+00 -1.045318358093502731e+01 1.109718441396649702e+01 -1.045318358093502731e+01 -1.187417996027330602e+01
-6.096979089104169702e+01 -1.114421405055931480e+01 1.698493603368032367e+01 -1.114421405055931480e+01 -7.886987199840184815e+01 1.112345329082996770e+00 1.698493603368032367e+01 1.112345329082996770e+00 -9.486362234271091154e+01
4.300897928169754891e+01 -4.950003403386824097e+00 7.413110137203470229e-01 -4.950003403386824097e+00 4.766050664592033570e+01 -7.444933312582566742e-01 7.413110137203470229e-01 -7.444933312582566742e-01 -7.003619091539954766e+00
1.527488573031030805e+00 -1.923269835324270316e+00 8.225696650584298553e+00 -1.923269835324270316e+00 9.006718361314828059e+00 -9.406296622174087574e+00 8.225696650584298553e+00 -9.406296622174087574e+00 -2.599982879945353176e+01
-2.349559543996798539e+01 1.171316840016019611e+01 4.048994288140906406e+01 1.171316840016019611e+01 -4.393015629016874612e+01 -1.991226666795310241e+00 4.048994288140906406e+01 -1.991226666795310241e+00 -5.164642467402614301e+01
-9.061104524014005790e+00 -1.468247205610610528e+01 -1.374941086505260657e+01 -1.468247205610610528e+01 -1.756293342560930881e+01 4.413070832965689583e+00 -1.374941086505260657e+01 4.413070832965689583e+00 -2.464967458008335655e+01
9.680882680496186055e+00 -1.987134306200359468e+00 1.197286696840812503e+01 -1.987134306200359468e+00 1.465546858695251942e+01 -8.150787961046617625e+00 1.197286696840812503e+01 -8.150787961046617625e+00 -1.407089334345897491e+01
2.939526346442496063e+01 -6.296991072497439390e+00 -1.654631446734622102e+01 -6.296991072497439390e+00 2.639602233364464823e+01 9.611957667864594157e+00 -1.654631446734622102e+01 9.611957667864594157e+00 2.892324477936231375e+01
-1.697478987780990423e+01 2.267693554196223715e+01 -1.354178380970895823e+01 2.267693554196223715e+01 -1.201511191101397458e+01 2.151103731784649398e+01 -1.354178380970895823e+01 2.151103731784649398e+01 -3.571867763161787934e+01
4.570570513879818719e+01 -9.281947680421415825e+00 4.809432150109601567e-01 -9.281947680421415825e+00 2.731125733891936846e+01 -1.905527447793511797e+01 4.809432150109601567e-01 -1.905527447793511797e+01 1.681115147015583489e+01
-3.753813817914829087e+01 -1.009303913120622376e+01 -2.419243578307113651e+01 -1.009303913120622376e+01 -2.267486026786739473e+01 -1.189679819997431665e+01 -2.419243578307113651e+01 -1.189679819997431665e+01 -4.562746797691953304e+01
-3.871130191856779845e+01 -7.300103406674648965e-02 4.788191144042755476e-01 -7.300103406674648965e-02 -1.020624088938207485e+01 1.388279379575480199e+01 4.788191144042755476e-01 1.388279379575480199e+01 -7.198439686440913476e+01
-1.351242512140491669e+01 -3.309910415765389136e+00 1.293977777679023511e+01 -3.309910415765389136e+00 -2.401551212796220724e+01 2.598377284228920114e+00 1.293977777679023511e+01 2.598377284228920114e+00 -3.576212975580359910e+01
4.460904807023063690e+00 1.805468621451065303e+01 9.044533250725399043e+00 1.805468621451065303e+01 9.653564941881134231e+00 -1.140371295772555804e+01 9.044533250725399043e+00 -1.140371295772555804e+01 -1.158997018675888491e+01
