-7.107830334616313195e+00 1.375471759566112118e+00 2.427596920241776601e+01 1.375471759566112118e+00 7.544557277179571919e+00 -1.140296676297974621e+01 2.427596920241776601e+01 -1.140296676297974621e+01 -3.942201631400850914e+01
1.347381706392794420e+01 -1.060088911258134914e+01 -1.608660902358974631e+00 -1.060088911258134914e+01 1.185891272671552521e+01 8.225390440602870612e+00 -1.608660902358974631e+00 8.225390440602870612e+00 -4.309285018888841279e+01
4.763294483908147470e+01 -9.651505667086116347e+00 1.071359880437773704e+01 -9.651505667086116347e+00 4.095038625925047882e+01 2.239961438165720242e+00 1.071359880437773704e+01 2.239961438165720242e+00 3.098691229659174695e+01
1.854445677078668098e+01 4.637170461569236402e+00 -1.154697022016760322e+01 4.637170461569236402e+00 4.023288228048177473e+01 5.854936803699030357e+00 -1.154697022016760322e+01 5.854936803699030357e+00 -4.527735880629819576e+00
-1.280025625793016708e+01 -5.937135963933472205e+00 1.189804757698717452e+01 -5.937135963933472205e+00 -4.923670563569307035e+01 -3.506165484880995997e+00 1.189804757698717452e+01 -3.506165484880995997e+00 -2.444318211891903125e+00
4.397729185666177543e+00 2.292246375759965460e+01 -1.370942697079214945e+01 2.292246375759965460e+01 -2.770659343940307107e+00 1.280149095934894632e+01 -1.370942697079214945e+01 1.280149095934894632e+01 -3.842143575390522869e+01
8.495091256251827261e+00 3.436163597628060273e+01 -1.437831088025973791e+01 3.436163597628060273e+01 3.399494218577034133e+01 1.809289013364558940e+01 -1.437831088025973791e+01 1.809289013364558940e+01 -2.804133759676236437e+01
-1.810069880782970486e+01 -4.682990215715976845e+00 -4.169642804521963009e-01 -4.682990215715976845e+00 -4.554665130846000665e+01 1.044806044001624379e+01 -4.169642804521963009e-01 1.044806044001624379e+01 -6.556322961817519968e+01
-2.304443314865555337e+01 -5.095252068757305963e+00 -1.040570962760647156e+01 -5.095252068757305963e+00 -5.790391366200641876e+00 -4.680548120338193563e+00 -1.040570962760647156e+01 -4.680548120338193563e+00 -8.873021593690816644e+01
3.103172732905608555e+01 6.231594822329769912e+00 7.185655389049122377e+00 6.231594822329769912e+00 2.598588571193717112e+00 -9.700373419208730752e+00 7.185655389049122377e+00 -9.700373419208730752e+00 -3.582120344013640789e+01
-2.977489450070481158e+00 -1.476276759993083942e+01 -3.120869194358429866e+01 -1.476276759993083942e+01 1.985597024728582127e+01 7.634672938139713594e+00 -3.120869194358429866e+01 7.634672938139713594e+00 -4.073498837368347125e+01
6.219569018383725023e+01 8.714590581216729248e+00 -8.423487589280563625e+00 8.714590581216729248e+00 5.522961720832220323e+01 -9.078591935173310645e+00 -8.423487589280563625e+00 -9.078591935173310645e+00 3.878922326654660679e+01
-5.497348810849168821e+00 1.027410362977899183e+01 2.390281159543488521e+00 1.027410362977899183e+01 7.577796401331339915e+00 -1.773154930658571260e+01 2.390281159543488521e+00 -1.773154930658571260e+01 3.256519759872779218e+01
1.418883717335195982e+01 4.157100785412190191e+00 8.848555505999122772e+00 4.157100785412190191e+00 5.389853245374875534e+00 1.034342903619784870e+01 8.848555505999122772e+00 1.034342903619784870e+01 -4.020478402844387489e+01
2.496361780193887725e+01 -9.694401071221014021e+00 -1.330958300051610266e+01 -9.694401071221014021e+00 2.359442814178399672e+01 8.241706400686576117e+00 -1.330958300051610266e+01 8.241706400686576117e+00 -1.946027602256359046e+01
7.926667381086130781e+00 -1.411668723475963283e+01 1.472466823676429781e+00 -1.411668723475963283e+01 -8.181614364503042580e+00 1.856435929655959427e+01 1.472466823676429781e+00 1.856435929655959427e+01 2.480563904393810137e+00
8.235445313908515530e+00 -1.266605868866379936e+01 8.755177249565836206e+00 -1.266605868866379936e+01 2.317610698918924683e+01 -9.541642608506332834e+00 8.755177249565836206e+00 -9.541642608506332834e+00 -3.662788252048474025e+00
-2.357546767441050761e+01 1.410897082974421579e+01 -2.844964420049493903e+00 1.410897082974421579e+01 -3.547223641487627788e+01 -2.600846765839984087e+00 -2.844964420049493903e+00 -2.600846765839984087e+00 -5.422307241905717490e+01
6.688852699833427096e+01 -6.768507480017474265e+00 -2.292489779331502664e+00 -6.768507480017474265e+00 7.509387311195338555e+01 -4.547972601698833550e+00 -2.292489779331502664e+00 -4.547972601698833550e+00 -1.706759335110954723e+01
-3.486578517134450994e+00 6.293685995423003554e+00 4.162589653601303397e+00 6.293685995423003554e+00 -1.453114660113337919e+01 4.774040174667592673e+00 4.162589653601303397e+00 4.774040174667592673e+00 -3.053711293484661837e+01
-1.200889119656132742e+01 1.307590519637820137e+01 1.795894735555983601e+01 1.307590519637820137e+01 -1.346483618676622029e+01 -7.498272697946969600e+00 1.795894735555983601e+01 -7.498272697946969600e+00 -7.335609874889203752e+01
4.134494809374287705e+00 3.751058080302781761e+00 -1.480101209430662301e+01 3.751058080302781761e+00 3.697526116111734762e+00 5.298337457163386333e+00 -1.480101209430662301e+01 5.298337457163386333e+00 -2.291243166700061806e+01
9.851945730112824151e+00 1.170039093930270191e+01 5.827720875755479923e+00 1.170039093930270191e+01 1.227605585190388027e+01 7.985543468863960825e+00 5.827720875755479923e+00 7.985543468863960825e+00 5.352049878241815772e-01
4.164896478482669750e-01 -2.352716212628370940e+01 -8.556292707277057374e+00 -2.352716212628370940e+01 7.103932479300799407e+00 6.982294915767561783e+00 -8.556292707277057374e+00 6.982294915767561783e+00 -7.263988300208064075e+00
-1.961490766791529117e+00 -1.254809880690737423e+01 2.992272727385332676e+00 -1.254809880690737423e+01 -9.996389956535447041e+00 4.313160072049532445e+00 2.992272727385332676e+00 4.313160072049532445e+00 -1.842608699322400767e+01
5.194184298929935295e+01 1.227244016615268585e+01 8.570000199679077113e+00 1.227244016615268585e+01 6.470724317288906491e+01 -1.189947704219137092e+00 8.570000199679077113e+00 -1.189947704219137092e+00 4.169426444288924394e+00
8.081041731774384118e+00 -4.274090925346001324e-01 9.094776866210960264e+00 -4.274090925346001324e-01 -1.604197439531884206e-01 -1.055555760910342578e+01 9.094776866210960264e+00 -1.055555760910342578e+01 -4.356431187552102813e+01
1.461930643563729859e+01 -9.424064988182500713e+00 1.095918873742001942e+01 -9.424064988182500713e+00 2.218593763466812518e+01 6.901721792538613620e+00 1.095918873742001942e+01 6.901721792538613620e+00 -3.530672220945704254e+01
-4.039412604049545052e+00 -1.563866877004527201e+00 1.107158116046485929e+01 -1.563866877004527201e+00 -1.149968445216149249e+01 1.756794701576648521e+01 1.107158116046485929e+01 1.756794701576648521e+01 -4.160163216950554954e+01
2.741035514794137740e+01 1.152116001653239907e+00 -1.461910517562440281e+00 1.152116001653239907e+00 2.551323083395133295e+01 1.223136142800967496e+00 -1.461910517562440281e+00 1.223136142800967496e+00 -2.295525107726050340e+00
2.454799887182550222e+01 4.920829320182925626e-01 -4.717678077756772836e+00 4.920829320182925626e-01 1.034858330810798499e+01 -5.093912815639476399e+00 -4.717678077756772836e+00 -5.093912815639476399e+00 6.628825257879799038e-01
-4.641819094502595000e+00 4.735554795512890713e+00 3.366257234564209000e+00 4.735554795512890713e+00 -3.053904855036574872e+01 -1.429346463539794243e+01 3.366257234564209000e+00 -1.429346463539794243e+01 -3.762714712269633566e+01
1.416166341152974617e+01 -3.079340774608931408e+00 9.532304201367134411e+00 -3.079340774608931408e+00 6.957110224184201996e+00 9.711901531609363758e+00 9.532304201367134411e+00 9.711901531609363758e+00 -7.178143090033759677e+01
6.551798036791709912e+00 9.344370015598103762e+00 6.543434751066930843e+00 9.344370015598103762e+00 1.681538529143658067e+01 6.251733267529032467e+00 6.543434751066930843e+00 6.251733267529032467e+00 -5.643326202395228108e+01
-3.678178095662528335e+01 -1.081573287580136622e+01 -1.766046686219415518e+00 -1.081573287580136622e+01 -1.196258631743833689e+01 -2.169780214452224953e+01 -1.766046686219415518e+00 -2.169780214452224953e+01 -2.085793917059140412e+01
-5.347074267153723781e+01 8.381974002862166984e+00 4.638766392081716816e+00 8.381974002862166984e+00 -5.765596051525029253e+01 7.363003477295676724e+00 4.638766392081716816e+00 7.363003477295676724e+00 -3.879583821109899588e+01
4.841972626518570522e+00 4.797778211593336367e-02 1.153022844209832343e+01 4.797778211593336367e-02 1.620208048124057143e+01 1.109372159104900746e+01 1.153022844209832343e+01 1.109372159104900746e+01 1.765811175656386567e+01
-2.788051393914949472e+01 1.480771801981449531e+00 4.345140726633798245e-01 1.480771801981449531e+00 -4.082556204106132469e+01 -6.431543036039006900e+00 4.345140726633798245e-01 -6.431543036039006900e+00 -3.308381663291238794e+01
1.039344248642386503e+02 2.555059951824308229e+00 -1.650450048329498998e+01 2.555059951824308229e+00 7.058460073057881345e+01 1.209308438013221121e+01 -1.650450048329498998e+01 1.209308438013221121e+01 3.250792227863678363e+01
2.445767907200170299e+01 -6.874973572380875808e+00 6.646185217032223314e+00 -6.874973572380875808e+00 -2.701260858806163956e+00 1.359871527486244602e+01 6.646185217032223314e+00 1.359871527486244602e+01 -1.898464947263122937e+01
1.115810828728728943e+01 2.004875741359087016e+01 -1.654447474384670258e+01 2.004875741359087016e+01 -4.609869501713701467e+00 1.627762911160029746e-01 -1.654447474384670258e+01 1.627762911160029746e-01 -6.454191526944602231e+01
-3.968142308304837940e+00 -1.564942272286071123e+01 3.154356794340899550e-01 -1.564942272286071123e+01 -1.896417610771355555e+01 4.941120069780288837e+00 3.154356794340899550e-01 4.941120069780288837e+00 -4.449789730180831526e+01
-1.963302807324540922e+01 -6.367093449503675728e+00 7.013551277671965067e+00 -6.367093449503675728e+00 -1.420561218262361969e+01 -8.987292779431950152e+00 7.013551277671965067e+00 -8.987292779431950152e+00 -4.639153417583906958e+01
4.507118551345566715e+01 9.147017710080745934e-01 8.372191770030255054e-01 9.147017710080745934e-01 2.704630694773969068e+01 -9.492316678831159704e-01 8.372191770030255054e-01 -9.492316678831159704e-01 -6.907785796850177462e+00
-3.009678741220903220e+01 3.866655434079601328e+00 1.516254106098867993e+01 3.866655434079601328e+00 -3.840342788785259387e+01 2.234837688748917195e+00 1.516254106098867993e+01 2.234837688748917195e+00 -2.937522741948461658e+01
8.659495544573729831e+00 4.571656191579506867e+00 4.764074932738987300e+00 4.571656191579506867e+00 4.925400950966801616e+01 -1.906145864609709584e+00 4.764074932738987300e+00 -1.906145864609709584e+00 -2.018599222680051852e+01
1.703534302604052186e+01 -3.149137572028970489e+00 1.131467246029614060e+01 -3.149137572028970489e+00 1.894310053157820661e+01 2.335539614243756557e+00 1.131467246029614060e+01 2.335539614243756557e+00 -3.837045619866129442e+01
3.957774981684243443e+01 7.396082903183794244e+00 -1.240464241370911402e+01 7.396082903183794244e+00 2.480595989266717893e+01 -2.065907001108709284e+00 -1.240464241370911402e+01 -2.065907001108709284e+00 -6.714521011148546492e+00
-5.701258790033711499e+00 -9.521686257322711455e+00 3.236729314874394969e+00 -9.521686257322711455e+00 -1.506517790878928587e+01 -5.704905004416312764e+00 3.236729314874394969e+00 -5.704905004416312764e+00 -3.552687464430649555e+01
2.480091623169538018e+00 1.419828057553332101e+01 -4.938434070589340585e+00 1.419828057553332101e+01 1.549535415545718742e+01 -6.094823595839613084e+00 -4.938434070589340585e+00 -6.094823595839613084e+00 -1.106796736709729601e+01
-5.581701999925078539e+00 2.489080724893409258e+00 -1.081961574820880401e+01 2.489080724893409258e+00 -1.041406012678208981e+01 -1.048661431374410391e+01 -1.081961574820880401e+01 -1.048661431374410391e+01 -6.032911994134688172e+01
1.834401952478205544e+01 -3.295957763504260640e+01 2.206841908856565482e+01 -3.295957763504260640e+01 1.987458396429017782e+01 -2.754754555630765100e+00 2.206841908856565482e+01 -2.754754555630765100e+00 -2.184816338600693086e+01
1.506053418481296191e+01 3.562402845660552764e+00 -5.337859060523473254e+00 3.562402845660552764e+00 6.128195466686042536e+00 1.275829488997955430e+01 -5.337859060523473254e+00 1.275829488997955430e+01 -1.608344725143123810e+01
1.455449696593784203e+00 -3.816014411574010001e+00 5.072054364192854159e+00 -3.816014411574010001e+00 -2.849642953106882093e+00 -7.521285871121377475e+00 5.072054364192854159e+00 -7.521285871121377475e+00 -4.699176250541462707e+01
-5.309094905518945495e+01 -1.041271263601919683e+00 -3.795479782090214194e+00 -1.041271263601919683e+00 -3.987675409525503767e+01 -4.331414439773015324e-01 -3.795479782090214194e+00 -4.331414439773015324e-01 4.414187890780540080e+00
-1.406068239974196565e+01 7.600975645908693679e+00 1.168253095211971271e+01 7.600975645908693679e+00 2.224437300729780631e+00 5.776130814614548470e+00 1.168253095211971271e+01 5.776130814614548470e+00 -4.121852193699746891e+01
-6.906018207373230666e+01 -1.113988919672353362e+00 -1.526532786083827453e+01 -1.113988919672353362e+00 -5.399672678744964571e+01 -7.816697488218281364e+00 -1.526532786083827453e+01 -7.816697488218281364e+00 -3.217228026651011419e+01
8.042464505616672810e+00 4.105214965955140904e+00 -5.593135650180371066e+00 4.105214965955140904e+00 1.486785221916796118e+01 -7.426438640738510788e-01 -5.593135650180371066e+00 -7.426438640738510788e-01 -7.649274013115169524e+00
3.304713437662619668e+01 1.151282484543263607e+01 -3.002200750313157140e+00 1.151282484543263607e+01 2.063435536424107397e+01 -3.100841225958086422e+00 -3.002200750313157140e+00 -3.100841225958086422e+00 -4.094590371506280135e+00
-3.173323446592464592e+01 -3.256660617397435953e+00 1.019497156590327336e+01 -3.256660617397435953e+00 -2.735261450209044654e+01 -2.712679331920683889e+00 1.019497156590327336e+01 -2.712679331920683889e+00 1.584812973876006126e+01
-1.111516488535668579e+01 8.125555414356677275e+00 -4.896798188553322717e+00 8.125555414356677275e+00 -2.237104154326076610e+01 5.196501737363552920e+00 -4.896798188553322717e+00 5.196501737363552920e+00 -4.384232735173650042e+01
-3.325346858061423383e+00 1.219260263140919776e+01 -5.197500210974136614e+00 1.219260263140919776e+01 -2.431532741063637104e+01 1.132354195216002957e+01 -5.197500210974136614e+00 1.132354195216002957e+01 -1.267312987608497821e+01
-5.133066997543105003e+01 -7.392151212856180820e+00 1.006176333727176342e+01 -7.392151212856180820e+00 -3.153873995486635806e+01 3.823685593725166587e+00 1.006176333727176342e+01 3.823685593725166587e+00 -9.290228579094087991e+01
3.172360554650651920e+01 -3.381438820373581233e+00 -7.000398158467684873e+00 -3.381438820373581233e+00 4.474908921636152570e+01 -5.549270747654717617e+00 -7.000398158467684873e+00 -5.549270747654717617e+00 -4.241252825037273766e+01
5.087334346446266586e+00 9.725285713377147090e+00 1.721435224138031828e+01 9.725285713377147090e+00 8.428947605252782083e+00 1.154229672476465396e+01 1.721435224138031828e+01 1.154229672476465396e+01 -5.620265440174582494e+01
-2.634270466654488274e+00 -1.327254936324189671e+00 2.280667782105137320e+00 -1.327254936324189671e+00 -2.322806419778418174e+00 4.730458343516450448e+00 2.280667782105137320e+00 4.730458343516450448e+00 -2.837960237365008354e+01
7.143015687683308634e+00 4.113147834559402582e+00 6.132246457798191663e-01 4.113147834559402582e+00 -1.230617841535924128e+01 1.090703630393977663e+00 6.132246457798191663e-01 1.090703630393977663e+00 -4.272047395637954992e+01
-2.782730022941254333e+01 -4.938400665046234650e+00 -1.098775758860898222e+01 -4.938400665046234650e+00 -4.360304488239127352e+01 -1.398397679946303640e+01 -1.098775758860898222e+01 -1.398397679946303640e+01 -4.362974176564112128e+01
-3.698488471930284760e+01 -3.520730049292410957e+00 9.420677963895563778e+00 -3.520730049292410957e+00 -3.425051113148896320e+01 8.082888578527040124e+00 9.420677963895563778e+00 8.082888578527040124e+00 -6.671396050117215282e+01
-1.182009066711219702e+01 9.637396427241791130e+00 6.698224741429600115e+00 9.637396427241791130e+00 -1.234592613313865428e+01 -9.449531314395247961e+00 6.698224741429600115e+00 -9.449531314395247961e+00 3.111236943957041134e+01
-1.553173865639041029e+00 -5.841092300564874051e+00 3.052283849860935927e+00 -5.841092300564874051e+00 8.734655665996790219e+00 -6.405938484216863849e+00 3.052283849860935927e+00 -6.405938484216863849e+00 -3.190567597243978781e+01
2.668351747555730924e+01 7.834964084802722439e+00 4.543428652491523501e+00 7.834964084802722439e+00 3.159501134742773232e+01 1.333692576802178031e+01 4.543428652491523501e+00 1.333692576802178031e+01 -3.137194955128062546e+01
6.909044049927628350e+01 -1.203180274251795900e+01 8.126791809467869498e+00 -1.203180274251795900e+01 4.232365719361290957e+01 -3.859660176919977204e+00 8.126791809467869498e+00 -3.859660176919977204e+00 1.711318501405592230e+01
1.235906824905673318e+01 1.490514646898499151e+01 1.804404820376300478e+01 1.490514646898499151e+01 -1.356588729030158191e+01 -5.760153540536268935e+00 1.804404820376300478e+01 -5.760153540536268935e+00 -2.816636966380182017e+01
1.774816326994433924e+00 1.522015202871119222e+01 -1.519459960686959299e+01 1.522015202871119222e+01 -3.773383116618403932e+01 8.387058381912877447e-01 -1.519459960686959299e+01 8.387058381912877447e-01 2.642250809973461401e+01
3.198473113170845750e+01 1.510394262977222191e+01 -8.992848831340300109e+00 1.510394262977222191e+01 4.209808569253701904e+01 -1.084589385912411963e+01 -8.992848831340300109e+00 -1.084589385912411963e+01 7.545649924260722230e+00
2.132095858950373568e+01 5.576055704857433959e+00 -3.268360905796054094e+00 5.576055704857433959e+00 7.398958743231330182e+00 1.478030284025961372e+00 -3.268360905796054094e+00 1.478030284025961372e+00 -5.070957192872202768e+01
1.575705790333538081e+00 1.372827116801907898e+01 -8.758048782936464605e+00 1.372827116801907898e+01 8.533710881549117389e+00 -1.306685113436012813e+01 -8.758048782936464605e+00 -1.306685113436012813e+01 -4.920706022026320881e+01
-1.926625789945438783e+01 9.814161544670943371e+00 -4.917638183041775690e+00 9.814161544670943371e+00 -4.489657510803003504e+01 6.312847488298303666e+00 -4.917638183041775690e+00 6.312847488298303666e+00 -6.827264865970587948e+01
5.514845078167754622e+01 1.463972496175675353e+01 1.817088840410662876e+00 1.463972496175675353e+01 6.854275027847225488e+01 3.686057397199300478e+00 1.817088840410662876e+00 3.686057397199300478e+00 2.362087035233390964e+01
7.613154185084743730e+00 -1.151275221394520010e+01 -6.291105904083826417e+00 -1.151275221394520010e+01 3.138830350810791980e+00 1.453338017374490587e-01 -6.291105904083826417e+00 1.453338017374490587e-01 -2.186131494711837675e+01
-1.778258509834455481e+01 1.017036653697388182e+01 -1.734577860457068299e+00 1.017036653697388182e+01 -6.076865681035892308e+00 9.856140654532726808e-01 -1.734577860457068299e+00 9.856140654532726808e-01 -6.855930767576556661e+01
-1.186943822253580905e+01 4.777045896354957577e+00 2.850817114162145227e+00 4.777045896354957577e+00 -2.036027308963360483e+01 2.193212740111886561e+01 2.850817114162145227e+00 2.193212740111886561e+01 -8.915978904638500069e+00
-7.396214062482485696e-01 -2.471376248262880893e+01 4.167591686252507088e+00 -2.471376248262880893e+01 -1.264601706827844829e+01 -1.964932713800477515e+01 4.167591686252507088e+00 -1.964932713800477515e+01 -3.256306955059514507e+01
-4.141488594797777267e+01 1.246191124597631195e+01 -6.243614179931372021e+00 1.246191124597631195e+01 -5.255600970688308848e+01 4.055428534395761453e+00 -6.243614179931372021e+00 4.055428534395761453e+00 -4.191017842331504539e+01
2.063254625873021553e+01 -1.369659400139767058e+01 -5.906485774711246250e+00 -1.369659400139767058e+01 -6.886844191869082366e+00 2.287870089474667079e+00 -5.906485774711246250e+00 2.287870089474667079e+00 -2.922345540914484374e+01
-7.140475156380698074e+00 9.825417002637337305e+00 7.020635184143171337e+00 9.825417002637337305e+00 -2.762401894335382835e+01 -9.763359190706058399e+00 7.020635184143171337e+00 -9.763359190706058399e+00 -5.131998456611790260e+01
8.136232798173571368e+00 9.669238628422801796e+00 4.677080880528590612e+00 9.669238628422801796e+00 -1.328794717579570772e+01 -1.419310990721508681e+01 4.677080880528590612e+00 -1.419310990721508681e+01 -1.389666254180439431e+01
-1.873122643871372617e+01 -1.104904673592753683e+00 -2.588585018960707984e+01 -1.104904673592753683e+00 1.735107650138633417e+01 -3.961982082248419079e+00 -2.588585018960707984e+01 -3.961982082248419079e+00 -6.358582239589476615e+01
-3.450113362030843511e+00 -3.379341843422133174e+00 -1.848971615490344078e+01 -3.379341843422133174e+00 -1.206860434087267642e+01 -2.062182068914749422e+00 -1.848971615490344078e+01 -2.062182068914749422e+00 -3.550857925287673744e+00
-1.295565486890331464e+00 -3.787180814345959323e+00 -4.798760134111208941e+00 -3.787180814345959323e+00 -2.502070020062287270e+01 6.087936114798546683e+00 -4.798760134111208941e+00 6.087936114798546683e+00 -7.541742286739032686e+00
-3.245777328521653260e+01 -2.215946418166715048e+01 -1.456911995763326040e+01 -2.215946418166715048e+01 2.405130445213745105e+01 -7.215983605368731624e+00 -1.456911995763326040e+01 -7.215983605368731624e+00 1.585952185755360677e+00
1.584194002014264058e+01 3.279983807615922586e+01 -1.121610693205704656e+01 3.279983807615922586e+01 6.974247876536231239e+00 -1.987489845094887997e+01 -1.121610693205704656e+01 -1.987489845094887997e+01 -4.316803901452466619e+00
3.628025698091039430e+01 -1.138348287749634302e+01 6.934093935750555993e+00 -1.138348287749634302e+01 4.844052976917917164e+01 1.917322718200973597e+01 6.934093935750555993e+00 1.917322718200973597e+01 1.123700064796647968e+00
1.091501669744090108e+01 -7.995720218787277789e-01 -9.476182286076520356e+00 -7.995720218787277789e-01 -2.052076865900708924e+01 5.303490564649231409e+00 -9.476182286076520356e+00 5.303490564649231409e+00 -4.276813104023347734e+01
-5.069910886402726646e+01 -1.495691142277337704e+01 -1.301901016518545084e+01 -1.495691142277337704e+01 -6.104588882950692863e+01 -1.904015669883818518e+01 -1.301901016518545084e+01 -1.904015669883818518e+01 -5.460495163570617194e+01
-6.686956847955912941e+00 2.335820369040473743e+00 1.205999713871558043e+01 2.335820369040473743e+00 3.404959731662163591e+00 -6.575604560568260482e+00 1.205999713871558043e+01 -6.575604560568260482e+00 -4.079316895419022160e+01
-2.504186423469722200e+01 -4.397288561794828965e+00 1.251155599035657673e+01 -4.397288561794828965e+00 -4.361397851645026691e+01 -6.572427359979588601e+00 1.251155599035657673e+01 -6.572427359979588601e+00 -6.039831147540655820e+01
8.698981109618260987e+00 2.032273409444356194e+00 -1.255050925226091607e+01 2.032273409444356194e+00 9.153080624970897361e+00 -7.628456342027867265e+00 -1.255050925226091607e+01 -7.628456342027867265e+00 4.472806026956240300e-01
-1.929775858408842026e+01 -1.511162108191906839e+01 -1.590778096257399277e+01 -1.511162108191906839e+01 -5.139919525039947246e+01 -7.227397680261459456e+00 -1.590778096257399277e+01 -7.227397680261459456e+00 -6.797608731185265185e+01
4.347494779236573947e+01 -1.119526291762669601e+01 -1.468687793244569662e+01 -1.119526291762669601e+01 3.296660321304672436e+01 -7.027957837800002494e+00 -1.468687793244569662e+01 -7.027957837800002494e+00 -2.265812930986902174e+01
2.526416373381275449e+01 -6.478788576665139853e-01 1.458357887235933781e+01 -6.478788576665139853e-01 1.888501354734037108e+01 7.481819271565000484e+00 1.458357887235933781e+01 7.481819271565000484e+00 -4.991053557942163366e+01
-3.213823641669360143e+01 3.517420118190295764e+00 -1.933448859735440806e+01 3.517420118190295764e+00 -1.720089449586973629e+01 1.201233786823072514e+01 -1.933448859735440806e+01 1.201233786823072514e+01 -7.592170961290587172e+01
2.594402840268206489e+01 9.839070073055150800e+00 2.335060579773969719e-02 9.839070073055150800e+00 2.987182435165064120e+01 -1.621930978206729890e+01 2.335060579773969719e-02 -1.621930978206729890e+01 -1.546352033911940715e+01
1.038404330429271738e+01 8.213853993514199203e+00 1.162371381072837906e+01 8.213853993514199203e+00 3.187895615015320416e+01 -2.386765306263562536e+00 1.162371381072837906e+01 -2.386765306263562536e+00 3.362769910879277457e-01
3.176214079794864276e+01 -1.214532412433909769e+01 3.810577136794473518e-01 -1.214532412433909769e+01 3.555862182974641428e+01 -9.625130041924613522e+00 3.810577136794473518e-01 -9.625130041924613522e+00 -2.109029721085075337e+01
-1.898439643824933754e+01 -1.419258588313980951e+01 -8.159111315851036439e-01 -1.419258588313980951e+01 -2.911044746585897158e+01 3.973718198818790182e+00 -8.159111315851036439e-01 3.973718198818790182e+00 -2.551893898732416588e+01
-6.166814403914288256e+00 5.860190622497469803e+00 2.151447734757759633e+01 5.860190622497469803e+00 3.092228225282688214e+01 -6.106024210966539023e+00 2.151447734757759633e+01 -6.106024210966539023e+00 -1.436470001662785201e+01
-1.507621161342707516e+01 -5.071556159805910902e+00 -1.989532870058163994e+01 -5.071556159805910902e+00 -2.689092065448809965e+00 1.401647361288650906e+01 -1.989532870058163994e+01 1.401647361288650906e+01 -2.389246827412133811e+01
2.440516429753117578e+01 5.682430297361347193e+00 1.080488014171395861e+01 5.682430297361347193e+00 -2.791825389136348434e+01 3.312022215859046437e+00 1.080488014171395861e+01 3.312022215859046437e+00 -3.235898936663229364e+01
2.776864748514802983e+01 5.157140070825254607e-01 -3.146859368238259069e+00 5.157140070825254607e-01 6.421511101514748576e-01 3.290642351403175514e+00 -3.146859368238259069e+00 3.290642351403175514e+00 -4.380430597564994599e+01
7.219300022449031928e+01 4.979833926813412859e+00 2.351103681276266677e+00 4.979833926813412859e+00 6.721886447182482982e+01 1.880555180009857441e+00 2.351103681276266677e+00 1.880555180009857441e+00 2.148132112464258014e+01
-1.282469503174875314e+01 1.380645226011438176e+01 1.153636074823718083e+01 1.380645226011438176e+01 -1.468567474559298702e+01 -1.381203704055954873e+01 1.153636074823718083e+01 -1.381203704055954873e+01 -5.161629087355744616e+01
-1.757034934426374662e+01 1.197836694959203996e+01 9.895972455199397722e-01 1.197836694959203996e+01 -1.401438913090917637e+01 1.621225932756373167e+00 9.895972455199397722e-01 1.621225932756373167e+00 -4.625871888223557704e+01
-4.086509881220613494e+01 -1.442989399812432971e+01 -3.460776402301797283e+00 -1.442989399812432971e+01 -2.235120562017277379e+01 -4.889446165221404073e+00 -3.460776402301797283e+00 -4.889446165221404073e+00 1.486202434674127026e+01
4.208496040507537828e+01 -1.480127111206157231e+01 5.003342213671358785e+00 -1.480127111206157231e+01 1.117172678506871897e+01 1.417700382565920769e+01 5.003342213671358785e+00 1.417700382565920769e+01 -2.910119621391852718e+01
2.698452806283603844e-01 4.670041965410189455e+00 5.528658655170062275e-01 4.670041965410189455e+00 1.668805617847511691e+00 -1.081434084793654016e+01 5.528658655170062275e-01 -1.081434084793654016e+01 -2.082298628480955927e+01
-2.407376857840511875e+01 -7.497379857259306668e+00 -7.883247703283400298e+00 -7.497379857259306668e+00 -2.878678345825512608e+01 1.832277445535946403e-01 -7.883247703283400298e+00 1.832277445535946403e-01 -1.410647575971311696e+01
4.349505621479428186e+01 -2.543976337845780922e+00 9.815335500693604942e+00 -2.543976337845780922e+00 6.515647777339790991e+01 2.320828561301695903e+00 9.815335500693604942e+00 2.320828561301695903e+00 5.951535981459376679e+00
-9.890948235555709900e+00 8.341474299184875818e+00 -2.000531468692783577e+01 8.341474299184875818e+00 -1.843911014099860424e+01 2.034997569579573007e+00 -2.000531468692783577e+01 2.034997569579573007e+00 -3.510748571399664542e+01
-2.359171920947769507e+01 9.088405076312586317e+00 5.385915220639983403e+00 9.088405076312586317e+00 -1.653113694641570319e+01 -1.108921006166028889e+01 5.385915220639983403e+00 -1.108921006166028889e+01 -6.283568995513758892e+01
-1.319492898972083061e+01 -1.803503836534266380e+00 -1.601364552222166182e+01 -1.803503836534266380e+00 -1.280254857002250901e+01 6.102228972110431471e+00 -1.601364552222166182e+01 6.102228972110431471e+00 -1.499308567552738936e+01
3.072143194329798277e+01 4.772226876896881187e+00 -1.111615130139861907e-01 4.772226876896881187e+00 1.884011912829677016e+01 -8.153999942849625079e-03 -1.111615130139861907e-01 -8.153999942849625079e-03 -1.319870397473329859e+01
1.085839528969160739e+01 2.271861285820666865e+01 9.459393301946031896e-01 2.271861285820666865e+01 -2.550568257087778790e+01 1.331896643695358984e+00 9.459393301946031896e-01 1.331896643695358984e+00 -6.381328870763019268e+01
1.699328334044602373e+00 -4.696715913442758072e+00 -8.905347940890663283e-01 -4.696715913442758072e+00 -3.335337494372009814e+01 -3.948978024309310886e+00 -8.905347940890663283e-01 -3.948978024309310886e+00 -4.964685559222599665e+01
-2.384919255013202743e+01 -5.058442732528455998e+00 -2.416998592514047584e+00 -5.058442732528455998e+00 -1.701464792135530502e+01 4.584271926451873647e+00 -2.416998592514047584e+00 4.584271926451873647e+00 1.362716663718989274e+01
-1.866588664335503367e+01 -5.738314040824902484e+00 -1.042051524571672161e+01 -5.738314040824902484e+00 -4.029802980819351177e+01 2.436198684383278490e+01 -1.042051524571672161e+01 2.436198684383278490e+01 -6.246592450249505646e+01
-1.254917670379835570e+01 2.059471302481885502e+01 -1.242435504492439335e+01 2.059471302481885502e+01 -1.559384008877485428e+01 -2.090317976078568840e+00 -1.242435504492439335e+01 -2.090317976078568840e+00 -4.401936551477123061e+01
1.873811726322309568e+01 8.085245725598630528e+00 1.889460238543965165e+00 8.085245725598630528e+00 1.259541924353614561e+01 -2.124123412922778620e+00 1.889460238543965165e+00 -2.124123412922778620e+00 1.693394464173445257e+01
-6.755031058906848074e+00 1.963825345879077311e+00 -3.361615711228048919e+00 1.963825345879077311e+00 -1.312981656768609895e+01 -4.162340864175890331e+00 -3.361615711228048919e+00 -4.162340864175890331e+00 -9.682753396905841470e+00
-2.713997342780253774e+01 -1.901303217283104807e+00 -1.522565378167794314e+01 -1.901303217283104807e+00 -5.285578899859928015e+01 -5.784915033554004715e+00 -1.522565378167794314e+01 -5.784915033554004715e+00 -6.917401194427588962e+01
1.295448995882894749e+01 1.024406341691122613e+01 -1.166512276491117284e+01 1.024406341691122613e+01 1.271956341877851493e+01 6.393186078882322931e+00 -1.166512276491117284e+01 6.393186078882322931e+00 -2.835743652396130443e+01
-3.909392230681788050e+01 -7.273255871032214159e+00 9.290162322305647535e+00 -7.273255871032214159e+00 -3.471677935441321949e+01 3.301571897078704243e+00 9.290162322305647535e+00 3.301571897078704243e+00 -2.818214740057617362e+01
-4.166145360667592001e+00 2.109603382912172620e+01 -1.686809269434128922e+01 2.109603382912172620e+01 -5.001999748422396586e+00 1.008758948556069335e+01 -1.686809269434128922e+01 1.008758948556069335e+01 -4.421266586501868545e+01
3.655811643539764955e+00 -4.084927944588911508e+00 -5.670871741202010874e+00 -4.084927944588911508e+00 8.428670636939886052e+00 -7.890826000979052068e+00 -5.670871741202010874e+00 -7.890826000979052068e+00 1.183720065974060986e+01
1.639693221402289458e+00 -3.306503495912344714e+00 1.529273939167175023e+01 -3.306503495912344714e+00 -1.198689323508620674e+01 -1.735197402077223927e+01 1.529273939167175023e+01 -1.735197402077223927e+01 -2.559591934098733290e+01
-2.596933726775458595e+01 -1.095459880941730013e+01 8.479829852895311992e-01 -1.095459880941730013e+01 -3.114386287359966587e+01 4.885104334246092250e+00 8.479829852895311992e-01 4.885104334246092250e+00 2.827004872778202227e+00
3.721051330081363773e+01 2.920274628860193289e+00 9.224525362722822308e+00 2.920274628860193289e+00 3.844572227144466581e+01 -8.251405267389749554e+00 9.224525362722822308e+00 -8.251405267389749554e+00 2.646002476112493085e+01
3.041773086340464261e+01 -8.832404834867661592e+00 -4.945057137076186216e+00 -8.832404834867661592e+00 2.285588500626914410e+01 5.948225784799940463e+00 -4.945057137076186216e+00 5.948225784799940463e+00 -2.051927945188946723e+01
2.509024923041411981e+01 2.062351533355395006e+00 1.441197057340329302e+01 2.062351533355395006e+00 1.418425876032482513e+01 1.924372308617408223e+01 1.441197057340329302e+01 1.924372308617408223e+01 -1.541489295110920743e+01
-2.996881080001525177e+01 -8.971836376328866436e+00 1.718437258741735718e+01 -8.971836376328866436e+00 -3.779774216074817872e+01 -1.770428357505711148e+01 1.718437258741735718e+01 -1.770428357505711148e+01 -7.272408672634249172e+01
-4.811890369856264726e+00 -3.479923173046070239e+00 -3.792367109632886368e+00 -3.479923173046070239e+00 -1.859976179721472667e+00 -2.326869591231593315e+00 -3.792367109632886368e+00 -2.326869591231593315e+00 -4.638677839851796136e+01
-4.385972503797404443e+00 -2.409902031349166585e+00 1.073003345216682369e+01 -2.409902031349166585e+00 1.792396469530064707e+01 -7.303064594133445553e+00 1.073003345216682369e+01 -7.303064594133445553e+00 -3.835250195507489224e+01
-1.487687507887269556e+00 -1.897538166445275465e+01 -1.429149700792749655e+01 -1.897538166445275465e+01 -3.248700632454756487e+00 7.953333983802355789e+00 -1.429149700792749655e+01 7.953333983802355789e+00 -3.726308795113261851e+01
-1.952887891639849727e+01 -6.046574399739609085e+00 -1.816330722494918248e+01 -6.046574399739609085e+00 -4.241539104864089893e+01 1.707561950515343696e+01 -1.816330722494918248e+01 1.707561950515343696e+01 -6.250727537416267410e+01
-2.306104016025764025e+01 5.480607132968362549e+00 -3.212742655352617493e+00 5.480607132968362549e+00 -8.950398778375243225e+00 -9.744505754216566729e+00 -3.212742655352617493e+00 -9.744505754216566729e+00 -5.416356462555904017e+01
1.547260239364258050e+00 2.343442618148158463e+00 1.047707102879568097e+01 2.343442618148158463e+00 4.277252023896784827e+00 -2.796802196750329017e+01 1.047707102879568097e+01 -2.796802196750329017e+01 -2.730241200084864417e+01
4.960181349961524933e-01 -6.952184274345158066e+00 -8.751087820445139442e+00 -6.952184274345158066e+00 1.977199783809125933e+01 3.050310895155598168e+00 -8.751087820445139442e+00 3.050310895155598168e+00 -3.369901731881159268e+00
-9.777518423573443584e+00 3.895412639823184087e+00 -1.308365429238249433e+01 3.895412639823184087e+00 -3.585739608297305381e+01 9.872834324582408172e+00 -1.308365429238249433e+01 9.872834324582408172e+00 -4.470845333561513968e+01
-3.616190926507323411e+01 -1.004601341214626409e+01 8.110266650717710135e+00 -1.004601341214626409e+01 -2.221118720799885793e+01 -1.590380683042568466e-01 8.110266650717710135e+00 -1.590380683042568466e-01 -6.368295532122819225e+01
3.575982430741320428e+01 5.257513830308872649e+00 8.402160509668282984e+00 5.257513830308872649e+00 4.114259964776194067e+01 -1.008900173766449804e+01 8.402160509668282984e+00 -1.008900173766449804e+01 -5.877323911667557077e+00
-2.012743073608810107e+01 -4.203469370856545595e+00 -1.603365948908768601e+01 -4.203469370856545595e+00 7.452951152947625779e+00 -8.740620233369774894e+00 -1.603365948908768601e+01 -8.740620233369774894e+00 -5.073920241335650161e+01
9.821792195818217053e+00 2.417134991928797305e+01 1.094021961267618259e+01 2.417134991928797305e+01 4.985656701337396690e+00 2.343298808874324024e+01 1.094021961267618259e+01 2.343298808874324024e+01 -4.488150326025455428e+01
-3.870708430918109855e+01 2.641634008506283493e+00 1.353767554853954946e+00 2.641634008506283493e+00 -4.534015403073459538e+01 2.012275470430510893e+01 1.353767554853954946e+00 2.012275470430510893e+01 -3.922723012823662714e+01
-3.893578641660666761e+01 1.678279299986583339e+01 -3.297385988758525954e+00 1.678279299986583339e+01 -5.118633071573607651e+01 -2.740796160901732392e+00 -3.297385988758525954e+00 -2.740796160901732392e+00 -9.371595467409836999e+01
-1.845772340948081691e+01 1.859416790109116135e+01 1.283881739107496367e+00 1.859416790109116135e+01 -3.659547033560559726e+01 1.940324435765446154e+01 1.283881739107496367e+00 1.940324435765446154e+01 -3.842143496984189710e+01
-3.695941891656592304e+01 -1.484290365785587440e+01 -4.723772462458483368e+00 -1.484290365785587440e+01 -2.830736369363182092e+01 -7.913811235377204767e+00 -4.723772462458483368e+00 -7.913811235377204767e+00 -7.136754701297141423e+01
-2.226264999160648372e+01 1.895431754546167014e+01 2.187975264220394678e+00 1.895431754546167014e+01 -2.394512497618924840e+01 -7.563984722866305965e+00 2.187975264220394678e+00 -7.563984722866305965e+00 -6.146426939794318400e+01
-1.646656811400185205e+01 2.468797030947400017e+01 -6.714524548157998929e+00 2.468797030947400017e+01 -2.523343082759668121e+01 -2.545410268051797686e+01 -6.714524548157998929e+00 -2.545410268051797686e+01 -3.989467240678887805e+01
-1.493721139431294809e+01 -1.869929836875532558e+01 -1.552710233838371501e+01 -1.869929836875532558e+01 -2.258082493503369648e+01 8.135376400908830519e+00 -1.552710233838371501e+01 8.135376400908830519e+00 -3.373962564668470776e+01
8.972492195607366661e-01 -1.066665378549574772e+00 -4.690836208129820939e+00 -1.066665378549574772e+00 6.117649215909912286e+00 -3.022275118365526758e+00 -4.690836208129820939e+00 -3.022275118365526758e+00 -2.919856891680685607e+01
-6.390458682436753435e+01 -5.822911435836687133e+00 1.914008044805945774e+00 -5.822911435836687133e+00 -6.924160999580702480e+01 -1.152325088982731494e+01 1.914008044805945774e+00 -1.152325088982731494e+01 -4.028482983463827338e+01
-2.324030797471800192e+00 -3.844667713308414392e+00 6.383404764473592508e+00 -3.844667713308414392e+00 -2.008736094118557958e+01 2.223150411002216220e+00 6.383404764473592508e+00 2.223150411002216220e+00 -6.209363244174414120e+01
2.757256720873515832e+01 4.453158873011940244e+00 1.561758448584232006e+01 4.453158873011940244e+00 1.006718385468709798e+01 -2.434604507088159731e-01 1.561758448584232006e+01 -2.434604507088159731e-01 4.271773088813826114e+00
-3.571001524975933705e+01 -6.763997094256166243e+00 1.092479631581541355e+01 -6.763997094256166243e+00 -3.574165714480385958e+01 -1.552666532956921941e+01 1.092479631581541355e+01 -1.552666532956921941e+01 -8.962695601320159255e+01
7.783734108038960642e+01 7.921272600094298788e+00 9.910176863123208335e+00 7.921272600094298788e+00 6.763861073845491489e+01 5.586562461119073397e-01 9.910176863123208335e+00 5.586562461119073397e-01 2.889973158816431820e+01
-5.310351650269416801e+00 6.959035465621840721e+00 1.779416667201392599e+01 6.959035465621840721e+00 -6.924293482114306286e+00 1.990034685544920734e+01 1.779416667201392599e+01 1.990034685544920734e+01 -6.674354827690559944e+01
1.117819268676098332e+01 1.535792402551413360e+00 -1.640767146678161703e+00 1.535792402551413360e+00 1.362148856068452751e+01 2.316683508063097641e+00 -1.640767146678161703e+00 2.316683508063097641e+00 -1.996799233530152762e+01
-5.589506467175301196e+00 7.681590074259282197e+00 -6.525793797192133816e+00 7.681590074259282197e+00 -1.127010650582936435e+01 4.907929413490797366e+00 -6.525793797192133816e+00 4.907929413490797366e+00 -1.592721197395503019e+01
9.457507076886496833e+00 -1.650268878908613246e+01 -8.048343993418136222e+00 -1.650268878908613246e+01 2.719373108987354826e+01 -1.346783261623921746e+01 -8.048343993418136222e+00 -1.346783261623921746e+01 3.633150575786384451e+01
2.579069187244967054e+01 7.893044252250609460e-01 1.485533874005320110e+00 7.893044252250609460e-01 2.836766238181685296e+01 2.800420554809747831e+00 1.485533874005320110e+00 2.800420554809747831e+00 -2.104372933027250880e+01
-3.830774077613396855e+01 1.112409309302904603e+01 5.277010067987916386e+00 1.112409309302904603e+01 -4.418484922962256434e+01 -8.962418860309737667e+00 5.277010067987916386e+00 -8.962418860309737667e+00 -9.324364735474334509e+01
-3.646667222882700798e+01 2.093254727504602641e+01 1.251559719779927526e+01 2.093254727504602641e+01 4.049101218755236431e+00 8.312386947073342469e+00 1.251559719779927526e+01 8.312386947073342469e+00 -5.698478600030707497e+01
-3.020265799955289765e+01 -1.419502188474501914e+01 -4.566666498858102052e+00 -1.419502188474501914e+01 -1.216399483788428348e+01 -1.500768381905771953e+01 -4.566666498858102052e+00 -1.500768381905771953e+01 1.843385989543263292e+01
