8.584168623442568702e+00 -5.449467125144235702e+00 -6.617349013524574275e+00 -5.449467125144235702e+00 -2.130899068166862875e+01 -1.984335105218778850e+01 -6.617349013524574275e+00 -1.984335105218778850e+01 -1.320157518475626734e-01
5.845017484143030373e+01 7.828823901612797620e+00 -1.207569435079022702e+00 7.828823901612797620e+00 -4.036426836145491359e-01 3.840929405284032594e+00 -1.207569435079022702e+00 3.840929405284032594e+00 5.824909567846307823e+01
8.002768092287688262e+00 7.325351246323469345e-01 -1.499744515351886420e+01 7.325351246323469345e-01 -3.772288320506369530e+01 2.505149186831281405e+00 -1.499744515351886420e+01 2.505149186831281405e+00 1.928375365203613256e+01
-2.480265231745001842e+01 -7.812183238872110635e+00 -6.336570948081860166e+00 -7.812183238872110635e+00 -6.821292272433369419e+01 2.116102490718351492e-01 -6.336570948081860166e+00 2.116102490718351492e-01 -2.452500791974305372e+01
-1.956124742199390099e+01 -2.083104652802324708e+00 -5.537950656864650156e+00 -2.083104652802324708e+00 -2.317128159660243725e+01 2.484594613103952199e+01 -5.537950656864650156e+00 2.484594613103952199e+01 -1.694369836212682401e+01
3.928557006198077062e+01 5.813530475407758802e-01 2.126154286966141616e+00 5.813530475407758802e-01 3.929613768217451764e+01 1.951989459096161950e+00 2.126154286966141616e+00 1.951989459096161950e+00 1.851733013193400978e+01
5.532945379825546794e+00 -7.696618190941695303e+00 -6.044434162683186784e+00 -7.696618190941695303e+00 -2.321621880907472502e+01 2.432117264826244352e+00 -6.044434162683186784e+00 2.432117264826244352e+00 1.365720150668935817e+00
-5.549190388779717154e+00 5.046332562163910573e+00 -2.065404793963597641e+01 5.046332562163910573e+00 -5.154613098406348115e+01 4.311464360766056103e+00 -2.065404793963597641e+01 4.311464360766056103e+00 -1.453891531077289123e+01
-3.521586130391577640e+00 -8.793359529154662013e+00 8.387356702348672144e+00 -8.793359529154662013e+00 -3.762134265956630230e+01 -2.098690130352651551e+01 8.387356702348672144e+00 -2.098690130352651551e+01 -2.725309864101854274e+01
-1.806859381947194620e+01 -8.882770477678716858e+00 6.010316812678037302e+00 -8.882770477678716858e+00 -7.036109703922714509e+00 -1.178565982679586632e+01 6.010316812678037302e+00 -1.178565982679586632e+01 -4.051671636205360194e+00
3.677150503956229244e+01 4.078474269457399437e-01 8.462685875798936053e+00 4.078474269457399437e-01 -1.048299099902147313e+00 2.055579771632397268e+01 8.462685875798936053e+00 2.055579771632397268e+01 4.317008546043375361e+01
1.613447173382956379e+01 -3.069153803016265059e+00 -6.073249469631102571e+00 -3.069153803016265059e+00 3.081228808757472848e+00 -7.598830761393413624e-01 -6.073249469631102571e+00 -7.598830761393413624e-01 2.030669617850159625e+01
-1.147283226066396722e+01 -2.134616984788969274e-01 -3.391560729479352165e+00 -2.134616984788969274e-01 -1.832444667624574919e+01 -1.669100344480829001e+00 -3.391560729479352165e+00 -1.669100344480829001e+00 -9.234919483730626766e+00
-2.137009350290588472e+01 -4.535119336549803037e+00 -7.316809346415935167e+00 -4.535119336549803037e+00 -5.968223353783007923e+01 -7.923217638378790895e+00 -7.316809346415935167e+00 -7.923217638378790895e+00 -1.111591827533809962e+01
5.081337531400815344e+00 -1.207829189054301189e+01 -1.344659962835607292e+00 -1.207829189054301189e+01 -9.878775716300006948e+00 -7.467031790726909257e+00 -1.344659962835607292e+00 -7.467031790726909257e+00 2.502742692476275010e+00
-3.180010795343006436e+01 1.407710534294590765e+01 1.233193227664383329e+01 1.407710534294590765e+01 -3.504534385834362809e+01 2.138544985362661688e+00 1.233193227664383329e+01 2.138544985362661688e+00 -1.008002461732865029e+01
2.997201410703901114e+00 -2.128711911776740351e+00 -1.176511325713654443e+01 -2.128711911776740351e+00 -4.037378449887567200e+01 4.967183559886250155e-01 -1.176511325713654443e+01 4.967183559886250155e-01 -4.191120960782860894e-01
8.984127180107291721e+00 -2.421481697231083086e+00 -3.185250458219016423e+00 -2.421481697231083086e+00 4.979777865739035470e+00 -2.831925111061691425e+00 -3.185250458219016423e+00 -2.831925111061691425e+00 1.681325248396657557e+01
2.805203495006672210e+00 2.286061802479361749e+00 -4.534609886019704689e-02 2.286061802479361749e+00 1.064603562473195097e+01 3.156998501790052369e+00 -4.534609886019704689e-02 3.156998501790052369e+00 1.217632911287469710e+01
5.227849813669622847e+01 -1.341577848563293429e+00 -2.241795006550502123e+01 -1.341577848563293429e+00 9.568008887089124670e+00 4.988295799150723298e+00 -2.241795006550502123e+01 4.988295799150723298e+00 5.691720372543736062e+01
4.135235930421103490e+00 -1.531619529276827762e+00 1.259014412105727310e+01 -1.531619529276827762e+00 -3.718966692222217318e+01 -3.558546812175277907e+00 1.259014412105727310e+01 -3.558546812175277907e+00 1.750015081704365727e+01
-3.828740814919819258e+01 -3.106057477926791321e+00 2.148622473268697597e+00 -3.106057477926791321e+00 -3.970928072563514633e+01 -7.347890742797746455e+00 2.148622473268697597e+00 -7.347890742797746455e+00 -3.737774134481561106e+01
3.911206708376407382e-01 -9.883515000102070402e+00 9.531108698637893895e+00 -9.883515000102070402e+00 -3.115240951517566259e+01 2.009806267077031361e+00 9.531108698637893895e+00 2.009806267077031361e+00 2.302557911996250262e+00
1.271548325830597070e+00 -3.417198532101718200e+00 -9.153519141404183657e+00 -3.417198532101718200e+00 1.105379579528636214e+01 1.377528001661930901e+01 -9.153519141404183657e+00 1.377528001661930901e+01 -2.377399254628691061e+00
-2.553622765822767704e+01 1.004647476403301809e+01 4.332752073424185113e+00 1.004647476403301809e+01 -4.534619724142122976e+01 2.325302910556144464e+00 4.332752073424185113e+00 2.325302910556144464e+00 -4.147435490281336001e+01
-1.748328944439551780e+00 -5.860725947887441833e-01 8.759026153828664008e+00 -5.860725947887441833e-01 1.899037074718800122e+00 -4.785949922392495282e+00 8.759026153828664008e+00 -4.785949922392495282e+00 6.607091665845262085e+00
3.119361855464942224e+01 -1.906625455319633344e+00 -8.866742807926486947e+00 -1.906625455319633344e+00 -9.604516645231514493e-01 1.227130994132481234e+01 -8.866742807926486947e+00 1.227130994132481234e+01 3.324169267915094395e+01
-1.659426441702763455e+01 -2.429048060497740913e+00 1.583696101747093010e+01 -2.429048060497740913e+00 -7.205320950992089024e+01 4.289068263242740819e+00 1.583696101747093010e+01 4.289068263242740819e+00 -3.559565102349216659e+01
-4.794830342111343846e+00 2.620307736754077688e+00 5.995296262258302811e+00 2.620307736754077688e+00 -6.329930368213020841e+01 6.420616877844326886e+00 5.995296262258302811e+00 6.420616877844326886e+00 -7.457523761298371134e+00
-4.762791120940812561e+01 1.487513984547809009e+01 5.451136581284481863e+00 1.487513984547809009e+01 -5.016676870176193859e+01 -1.732395169315898098e+00 5.451136581284481863e+00 -1.732395169315898098e+00 -2.668849550860515762e+01
9.871731817064198111e+00 -5.662854077598168168e+00 -1.338699114781549326e+01 -5.662854077598168168e+00 -1.705037457837857318e+01 7.430129801551483837e+00 -1.338699114781549326e+01 7.430129801551483837e+00 3.636500159788433706e+01
4.225782339200567606e+01 1.108937050442607486e+01 -1.413756261214478283e+00 1.108937050442607486e+01 -3.633217119147883700e+00 -4.848663334278574766e+00 -1.413756261214478283e+00 -4.848663334278574766e+00 2.856783140566827228e+01
-4.370954980945119139e+00 -5.136697239918718516e+00 -2.895075343309671645e+00 -5.136697239918718516e+00 1.553355546067395565e+00 3.732021523002675423e+00 -2.895075343309671645e+00 3.732021523002675423e+00 7.561171182603271923e+00
-3.752479048902760894e+01 7.566278893518322057e+00 1.588881458178620321e+01 7.566278893518322057e+00 -6.187688319200386644e+01 -1.951092706198495286e+00 1.588881458178620321e+01 -1.951092706198495286e+00 -4.248401152440764150e+01
-2.139665920109903752e+01 -3.649390193323285292e+00 -2.411279543506545942e+00 -3.649390193323285292e+00 -1.375907813561082449e+01 -1.987513828984544517e+01 -2.411279543506545942e+00 -1.987513828984544517e+01 -1.876422943025674073e+01
-9.221143778525542345e-02 4.317829582333859162e-01 -7.232557368552621213e-01 4.317829582333859162e-01 -5.296649557900692251e+00 -1.144261355320852491e+00 -7.232557368552621213e-01 -1.144261355320852491e+00 -7.935862399808601531e+00
1.778652950606425165e+01 5.526950475185274492e+00 -1.118411949411479078e+01 5.526950475185274492e+00 2.301920591894030466e+01 5.221355491932311743e+00 -1.118411949411479078e+01 5.221355491932311743e+00 -2.381530426086067020e+00
3.808217542791756927e+01 -1.195264382138012493e+01 5.513955760382381222e+00 -1.195264382138012493e+01 1.462903014135740598e+01 3.539503403072782883e-01 5.513955760382381222e+00 3.539503403072782883e-01 5.076273159352857789e+01
1.480446607091503530e+01 3.717576550960769222e+00 -3.508828735492751871e+00 3.717576550960769222e+00 -1.520843033295244240e+01 -8.370529858781262433e+00 -3.508828735492751871e+00 -8.370529858781262433e+00 3.444073757097269350e+01
1.267312786161047988e+01 -1.123723182567293755e+01 1.084769445461490456e+01 -1.123723182567293755e+01 2.009597472918735761e+01 1.110149269471796485e+00 1.084769445461490456e+01 1.110149269471796485e+00 1.827507500916567906e+01
1.376355035565310558e+01 -1.206696633924018158e+00 -5.500941671799340904e-01 -1.206696633924018158e+00 1.467637382150766001e+00 -1.098963598266317376e+01 -5.500941671799340904e-01 -1.098963598266317376e+01 1.742553949509565570e+01
-1.425434075608239937e+01 -4.711686097225188163e+00 -1.692154812836705702e+01 -4.711686097225188163e+00 -2.613996783244936850e+01 -8.717266585273360846e+00 -1.692154812836705702e+01 -8.717266585273360846e+00 2.855633986693262294e+00
-1.405391854518568451e+01 3.200388741669301318e+00 2.513802358005276516e-01 3.200388741669301318e+00 -2.869664915574312047e+01 4.335737443159876747e+00 2.513802358005276516e-01 4.335737443159876747e+00 -6.911211525822138491e+00
9.803025489441749230e+00 1.079943639352154960e+01 4.405469348923448436e+00 1.079943639352154960e+01 -1.929573719410096189e+01 2.476390208513228774e+00 4.405469348923448436e+00 2.476390208513228774e+00 1.071640790778817554e+01
-1.660068905590860311e+01 -1.288485553385723570e+01 -3.607947577475744350e+00 -1.288485553385723570e+01 -8.422628981326639064e+00 -3.038325970567123058e+00 -3.607947577475744350e+00 -3.038325970567123058e+00 -1.829909237835639857e+01
-3.030628323764915777e+01 -6.861989997638895389e-01 -1.610051320167775524e+00 -6.861989997638895389e-01 -4.777041438970380227e+01 2.519767119517986043e+00 -1.610051320167775524e+00 2.519767119517986043e+00 -2.659391298375024348e+01
3.573040798614635349e+01 -8.437879610409376951e+00 -3.658054198515801492e+00 -8.437879610409376951e+00 1.020763556243478121e+01 1.778742641591959384e+00 -3.658054198515801492e+00 1.778742641591959384e+00 4.233351995035037874e+01
4.293266193559252741e+01 -5.297452595458456592e+00 2.879362234375191676e+00 -5.297452595458456592e+00 1.668634957335231306e+01 2.396139308359036768e+00 2.879362234375191676e+00 2.396139308359036768e+00 4.269336003399770618e+01
1.400691994186402445e+00 2.951773042382565548e-01 4.523257526971212528e+00 2.951773042382565548e-01 -1.085714033835550829e+01 3.114175002088354072e-01 4.523257526971212528e+00 3.114175002088354072e-01 -2.298685161565713564e+00
2.451840003230839216e+01 1.107898179222315527e+01 5.870684730731476897e+00 1.107898179222315527e+01 -1.485762895444126386e+01 1.187321440058391531e+01 5.870684730731476897e+00 1.187321440058391531e+01 1.691169665559657309e+00
