2.368153613259564239e+01 -9.987245966986748602e-01 9.578746306182775783e+00 -9.987245966986748602e-01 -9.463694302825907956e-01 -5.108211926976000683e-01 9.578746306182775783e+00 -5.108211926976000683e-01 -4.485525023865710637e+01
2.508336620476109946e+00 4.159203968358952785e+00 -2.598340062959477947e+01 4.159203968358952785e+00 -8.552186752039396822e+00 1.990070477802991622e+00 -2.598340062959477947e+01 1.990070477802991622e+00 -4.346641385063119856e+01
1.848532344691641427e+01 7.144850876879976553e+00 6.566266381378102146e+00 7.144850876879976553e+00 3.012015848782089122e+01 8.975129039635397987e+00 6.566266381378102146e+00 8.975129039635397987e+00 1.258592755350891146e+01
-2.721962637015692366e+01 1.230446401812102053e+01 1.287028421554559721e+01 1.230446401812102053e+01 -4.125366275537972172e+01 2.328794488264495754e+01 1.287028421554559721e+01 2.328794488264495754e+01 -6.617239213595381386e+01
7.794883738486089442e+01 -9.242076135568815687e+00 6.001007840515636182e+00 -9.242076135568815687e+00 5.241820059910036633e+01 9.736839173813439885e+00 6.001007840515636182e+00 9.736839173813439885e+00 2.334998417008611327e+01
1.745982313880321257e+01 2.753152363415851234e+00 -9.474984954630675915e+00 2.753152363415851234e+00 4.229752877007538103e+00 -1.020935738208673449e+01 -9.474984954630675915e+00 -1.020935738208673449e+01 -1.306545252041535221e+01
2.300330912107977355e+01 1.220965225337392823e+01 2.978616239372267493e+00 1.220965225337392823e+01 1.011274669713995422e+01 4.000827756176263073e+00 2.978616239372267493e+00 4.000827756176263073e+00 -2.158166243343994140e+01
-5.477231912708899131e+01 1.368730612378136646e+00 2.152468754973167719e+01 1.368730612378136646e+00 -8.597769692225892868e+01 1.039794988055911640e+00 2.152468754973167719e+01 1.039794988055911640e+00 -9.386605056943639624e+01
3.101408671882582624e+00 1.906066451582844712e+00 -1.929889801341595490e+00 1.906066451582844712e+00 3.766457224829033112e+00 6.029251134850579064e+00 -1.929889801341595490e+00 6.029251134850579064e+00 -1.927083833688309600e+00
5.815704018634969552e-01 -7.946871995490915275e+00 7.616832378843039209e+00 -7.946871995490915275e+00 -1.472955541901579579e+01 -4.986410214734333657e+00 7.616832378843039209e+00 -4.986410214734333657e+00 -1.563486407079379248e+01
-1.359383936654853242e+00 2.961310741382998213e+00 9.659261613654221534e+00 2.961310741382998213e+00 -1.621688874503425026e+01 2.018276829568920405e+00 9.659261613654221534e+00 2.018276829568920405e+00 -5.360537893733742010e+01
-2.223781349167639032e+00 -6.925052943751576429e+00 -1.641879784404212117e+01 -6.925052943751576429e+00 -2.702094239050371982e+01 4.342239383557974897e+00 -1.641879784404212117e+01 4.342239383557974897e+00 -2.713117039396405161e+01
-1.863952594505093785e+01 -8.375479961423748065e+00 -3.388398143214943481e+00 -8.375479961423748065e+00 -1.167406243563088175e+01 8.096916326343135850e+00 -3.388398143214943481e+00 8.096916326343135850e+00 -3.486438596230863851e+01
-6.503828466433257738e+00 1.866659434239877058e+01 -4.934093511091290907e+00 1.866659434239877058e+01 -2.120460718222999219e+01 -8.099263042673882085e-01 -4.934093511091290907e+00 -8.099263042673882085e-01 -5.205311584209694331e+01
2.047570349036458026e+01 -1.787175651773620544e+01 -9.104161613740494374e+00 -1.787175651773620544e+01 2.366097836385029041e+01 1.030326810396281800e+01 -9.104161613740494374e+00 1.030326810396281800e+01 -1.426613090299199804e+01
3.972514639836592920e+01 -4.053205972789876377e+00 5.032898996195888763e+00 -4.053205972789876377e+00 2.902948342813825633e+01 -1.260193595364474639e+01 5.032898996195888763e+00 -1.260193595364474639e+01 -1.110810761130712443e+01
5.821462277562437748e+01 2.460412433108281505e+00 1.128020919237208375e+01 2.460412433108281505e+00 3.887390077481053652e+01 8.441658407934937713e+00 1.128020919237208375e+01 8.441658407934937713e+00 2.002048805395754272e+01
-9.818635370662924799e+00 -6.676247099464310608e+00 -6.696239530757003955e+00 -6.676247099464310608e+00 -1.531783185848682827e+01 4.883839433727554358e+00 -6.696239530757003955e+00 4.883839433727554358e+00 -7.030995552683823746e+01
4.381898872663666111e+01 2.560168813538366450e+00 1.100490882533000381e+01 2.560168813538366450e+00 2.807998553050532209e+01 1.339102387527984206e+01 1.100490882533000381e+01 1.339102387527984206e+01 1.775615786703481902e+01
-1.732801473318801655e+01 -5.418375985132930062e+00 7.198127060688381817e+00 -5.418375985132930062e+00 -3.429796767177318628e+01 -8.885123856604128179e+00 7.198127060688381817e+00 -8.885123856604128179e+00 -3.550902151958160147e+01
-1.460820542002022826e+01 -7.273320096016684388e+00 1.494706412158758546e+01 -7.273320096016684388e+00 -1.835272568539352278e+01 -1.996653605326880054e+01 1.494706412158758546e+01 -1.996653605326880054e+01 -1.419228473680882807e+01
-3.000953206488425806e+01 2.519609208965491565e+00 -8.390991221771024300e+00 2.519609208965491565e+00 -3.508177570790323330e+01 2.138680451791951320e+00 -8.390991221771024300e+00 2.138680451791951320e+00 -6.023880034415129359e+01
-1.879232565049943959e+00 1.691035460406821844e+00 -1.562020496891689803e+01 1.691035460406821844e+00 -3.392402112578313478e+01 7.180445162342906862e+00 -1.562020496891689803e+01 7.180445162342906862e+00 -3.388971275028608687e+01
4.058272823640604088e+01 -3.002638139459708366e+00 -1.432840015990523241e+00 -3.002638139459708366e+00 2.289449454646584670e+01 -3.429437481264319576e+00 -1.432840015990523241e+00 -3.429437481264319576e+00 1.495888682238779310e+01
-2.930506827546867754e+01 -1.526850928782955252e+00 4.684519195563683347e+00 -1.526850928782955252e+00 -5.439805384376946051e+01 1.091296387338160478e+01 4.684519195563683347e+00 1.091296387338160478e+01 -6.526447284896956091e+01
3.876461341663668492e+01 -1.892352930993375182e+01 1.111078642774025127e+01 -1.892352930993375182e+01 6.169493618041791194e+01 -7.200448682689676305e-01 1.111078642774025127e+01 -7.200448682689676305e-01 4.117234004261094782e+01
1.078147090541142106e+01 3.479825752826546381e+00 -2.020837027050535362e+00 3.479825752826546381e+00 -1.141870390222770304e+01 1.729812190962622065e+00 -2.020837027050535362e+00 1.729812190962622065e+00 -5.301220966739216323e+01
3.596193649847929663e+00 2.708596915075602851e+00 -1.198975786813361255e+00 2.708596915075602851e+00 -4.447420736730620661e+01 -1.970962902070291456e+00 -1.198975786813361255e+00 -1.970962902070291456e+00 -2.660167382031762173e+01
-1.344528267018145407e+01 -2.559967207916386212e+00 6.149582005204542234e+00 -2.559967207916386212e+00 -1.064453884472375300e+01 9.684726415915131170e+00 6.149582005204542234e+00 9.684726415915131170e+00 -1.718310707148214789e+01
1.722128594141116409e+01 4.285150353050641847e+00 5.345269287424852855e+00 4.285150353050641847e+00 2.223579859126119729e+01 -1.300493185284499553e+01 5.345269287424852855e+00 -1.300493185284499553e+01 -4.335528985922352518e+01
1.059796395960726478e+01 8.276382412250622433e-01 -1.658371005444825963e+00 8.276382412250622433e-01 8.678523741704239347e-01 -8.289185817816377977e+00 -1.658371005444825963e+00 -8.289185817816377977e+00 2.902002599670876926e+00
2.913464685844908431e+01 -1.437319965105072050e+01 -1.248485102508938205e+01 -1.437319965105072050e+01 -5.593043465235618683e+00 9.846581419890101827e+00 -1.248485102508938205e+01 9.846581419890101827e+00 -3.824211375773115407e+01
2.768944743003074294e+01 2.153966251777679020e+01 2.352291604278220927e+00 2.153966251777679020e+01 2.406308222285392517e+01 -2.139105758622077857e+01 2.352291604278220927e+00 -2.139105758622077857e+01 -2.303968759481121609e+01
1.810325861370176170e+01 -2.976342207335886947e+00 -4.293396587970884859e+00 -2.976342207335886947e+00 -3.869700332528375197e-01 -2.611335611683880842e+00 -4.293396587970884859e+00 -2.611335611683880842e+00 -3.206732739520148812e+01
7.526531762137417481e+00 -1.421567191492815674e+01 9.507065143938913110e+00 -1.421567191492815674e+01 -3.444358634016703746e+01 6.312581833008930943e+00 9.507065143938913110e+00 6.312581833008930943e+00 -1.447212163519262518e+01
3.021378407154056944e+01 -4.584879283299333252e+00 -2.260834890925312646e+00 -4.584879283299333252e+00 3.390470040577960309e-01 -8.488356564772180368e-01 -2.260834890925312646e+00 -8.488356564772180368e-01 -3.123386800604684321e+00
-4.245929223273388686e+01 -2.106509974437649646e+01 -2.411725948295570632e+00 -2.106509974437649646e+01 -2.953151176435204306e+01 -5.521499213327804689e+00 -2.411725948295570632e+00 -5.521499213327804689e+00 -8.784525699560218470e+01
2.404930313374432771e+01 5.245190436639918907e+00 1.464984234396324325e+01 5.245190436639918907e+00 8.103888003176111354e+00 -1.750925051016299694e+00 1.464984234396324325e+01 -1.750925051016299694e+00 -2.911735229425261551e+01
5.455907496752966068e+01 -7.066931976897103951e-01 -2.630538792867811182e+01 -7.066931976897103951e-01 3.158112635126342482e+01 1.317432239736574667e-03 -2.630538792867811182e+01 1.317432239736574667e-03 -3.979781032865661672e+01
-1.354880916828884274e+01 -8.809482144833243211e+00 4.143594436202954867e+00 -8.809482144833243211e+00 6.821453948474746731e+00 -1.201750658632014890e+01 4.143594436202954867e+00 -1.201750658632014890e+01 -4.614160310064753645e+01
4.540924336334398248e+01 -1.326851178584347035e-01 4.016070259220198224e+00 -1.326851178584347035e-01 3.762743543392983980e+01 1.768303947475369453e+00 4.016070259220198224e+00 1.768303947475369453e+00 4.295822087433833758e+01
-9.297609818083069300e+00 5.860424907810989126e+00 -3.846019150280726606e+00 5.860424907810989126e+00 -1.988382556341048657e+00 2.060969288903089947e+01 -3.846019150280726606e+00 2.060969288903089947e+01 -4.862001672167532718e+01
2.287361352662557223e+01 1.667461578207385386e+01 1.446786920780800756e+01 1.667461578207385386e+01 4.254141975101726558e+01 8.871723528564636752e+00 1.446786920780800756e+01 8.871723528564636752e+00 5.900020546274927113e+00
3.531945299776756286e+01 -1.360186883880230013e+01 8.774117085622410883e+00 -1.360186883880230013e+01 3.295311080614959920e+00 9.639502588011270579e-01 8.774117085622410883e+00 9.639502588011270579e-01 -5.225376825676663373e+01
-1.212428655414120016e+01 -3.265910338671985613e+01 1.208207262850601538e+01 -3.265910338671985613e+01 -1.949265026288131697e+00 1.904209174841058783e+01 1.208207262850601538e+01 1.904209174841058783e+01 -5.695872050320476632e+01
7.442095798446994870e+00 -9.915160613259638822e+00 -1.374325389817678023e+01 -9.915160613259638822e+00 1.676539597877098231e+01 -1.278616592682823949e+01 -1.374325389817678023e+01 -1.278616592682823949e+01 -1.254163635811639033e+01
-5.569579325756506272e+00 -6.450066208162731130e+00 -6.103827309088739383e+00 -6.450066208162731130e+00 -7.288217553306055585e-01 -2.999600833930393229e+00 -6.103827309088739383e+00 -2.999600833930393229e+00 -3.246960054288205555e+01
-4.199782046707385774e+01 1.998218772008550204e+01 4.694500397735085429e+00 1.998218772008550204e+01 -2.777716048279461347e+01 -1.541803266033418573e+01 4.694500397735085429e+00 -1.541803266033418573e+01 -7.223643258326372063e+01
-4.731052484440364303e+00 2.339074676911033102e+00 2.159124742917131468e-01 2.339074676911033102e+00 -3.123494149807605424e+01 -2.055758170655582973e+00 2.159124742917131468e-01 -2.055758170655582973e+00 -7.791169613898671287e+01
-2.447218432059758086e+01 5.329570667726349242e+00 5.740742140535775029e+00 5.329570667726349242e+00 -7.149310130269760144e+00 -3.045547966108266724e+00 5.740742140535775029e+00 -3.045547966108266724e+00 -2.222402289881915749e+01
6.675412020360285226e+01 6.232272518667887340e-01 -1.932986157641310143e+01 6.232272518667887340e-01 3.245929721588333905e+01 5.528360985526859395e+00 -1.932986157641310143e+01 5.528360985526859395e+00 -1.532712487968013271e+01
-3.386353425903691772e+01 -6.160599192592292717e+00 -1.630083102458383948e+01 -6.160599192592292717e+00 -3.322155605212885376e+01 6.301494936569124405e+00 -1.630083102458383948e+01 6.301494936569124405e+00 -3.499527954411144748e+01
-6.784142813450293907e+00 -1.273122314378230691e+01 6.754337534813876331e+00 -1.273122314378230691e+01 -2.305238018175672465e+01 1.937810441519968307e+01 6.754337534813876331e+00 1.937810441519968307e+01 -4.003181244535098671e+01
-1.824042977076808114e+01 1.156340577124798763e+01 -6.790043744172049145e+00 1.156340577124798763e+01 -2.934012718871276348e+01 -4.204204133540281885e-01 -6.790043744172049145e+00 -4.204204133540281885e-01 -3.616536275401742984e+01
-1.532311785472413668e+01 -1.064314704189497540e+01 -2.484241066607396409e+00 -1.064314704189497540e+01 -1.485242378575395428e+01 -1.719453054410944759e+01 -2.484241066607396409e+00 -1.719453054410944759e+01 -4.227601645546096165e+01
-1.523558622741593815e+01 -8.842970826354640934e+00 -4.900585985348953955e+00 -8.842970826354640934e+00 1.033287018801152080e+01 1.579819960858970873e+01 -4.900585985348953955e+00 1.579819960858970873e+01 -5.645449729513776305e+01
-2.573889162148143583e+01 2.394112212154458685e+00 7.846064445543159849e+00 2.394112212154458685e+00 -3.795368517084747850e+01 3.206443197062701422e+00 7.846064445543159849e+00 3.206443197062701422e+00 -4.142165583901519454e+01
-2.552747222730717080e+00 3.539341704795388566e+00 7.276511310202673499e+00 3.539341704795388566e+00 -3.663047958129634196e+01 9.799242479349764778e+00 7.276511310202673499e+00 9.799242479349764778e+00 -1.895412362820032826e+01
-6.755325606673593386e-01 -2.508145939126430690e+00 2.634244303379342789e+00 -2.508145939126430690e+00 -1.600332666867494069e+01 1.233969907574890712e+01 2.634244303379342789e+00 1.233969907574890712e+01 1.275697379081534466e+00
-4.082785456215411557e+01 1.626381712398324098e+01 1.283584777263805243e+01 1.626381712398324098e+01 -2.902467534917270342e+01 2.593509310948878710e+00 1.283584777263805243e+01 2.593509310948878710e+00 -6.192581584716207743e+01
-1.503316595870301597e+01 2.703760767964855205e+00 9.215435876554698424e+00 2.703760767964855205e+00 -2.113937964341339182e+01 -1.635169235395235887e+01 9.215435876554698424e+00 -1.635169235395235887e+01 -2.711995633436206532e+01
1.871211654327571594e+01 -7.217075539477320945e+00 1.610122777601288035e+01 -7.217075539477320945e+00 -2.439056679699715513e+00 3.847831177499672517e+00 1.610122777601288035e+01 3.847831177499672517e+00 -2.085573426663654217e+01
-2.986224348403895057e+00 -4.227553341779784368e+00 8.671512943394201756e+00 -4.227553341779784368e+00 -9.711284505775999776e+00 2.608248689042405921e+00 8.671512943394201756e+00 2.608248689042405921e+00 -4.802716032157474757e+01
1.177209727535088923e+01 -4.781300291440535588e-01 -2.251098615786853330e+01 -4.781300291440535588e-01 -4.449375011538258207e+00 5.468182906700574719e+00 -2.251098615786853330e+01 5.468182906700574719e+00 1.933804008429764965e+00
-5.601961888907192488e+00 -1.938346390190241575e+00 4.976387435754326738e+00 -1.938346390190241575e+00 -1.615963838935535080e+01 -5.203942285065685791e-01 4.976387435754326738e+00 -5.203942285065685791e-01 -4.529297152574771701e+01
-1.301047376906463349e+01 1.555195654569835995e+00 -2.669548888027390987e+00 1.555195654569835995e+00 -1.106486154948360223e+01 1.180089818006404556e+00 -2.669548888027390987e+00 1.180089818006404556e+00 -3.012059137140856180e+01
1.279132542587736898e+00 6.768760357785483350e+00 -6.713936180908309126e+00 6.768760357785483350e+00 -1.972277467688839891e+01 -5.595089155719406904e+00 -6.713936180908309126e+00 -5.595089155719406904e+00 -5.447139456007217007e+01
-4.803657567033975617e+00 -2.853539799934186050e+01 7.794930834598578606e+00 -2.853539799934186050e+01 1.555035986362068989e+01 7.658290672529695087e+00 7.794930834598578606e+00 7.658290672529695087e+00 -4.087253742424060476e+01
1.057795613734479900e+01 -1.227170378918930105e+01 5.586388817464423617e+00 -1.227170378918930105e+01 -2.588187693306030823e+01 9.950593309341407178e+00 5.586388817464423617e+00 9.950593309341407178e+00 -3.277166408596450964e+01
-3.761463938974304000e+01 -1.510193092884847266e+00 -2.280983957995361067e+01 -1.510193092884847266e+00 -1.386917135207343499e+01 -3.946511548771104438e-01 -2.280983957995361067e+01 -3.946511548771104438e-01 -6.817594667256550167e+01
-2.134159806363194800e+00 4.094689063174175914e+00 -6.194961108681244610e+00 4.094689063174175914e+00 -1.932186136626934214e+01 4.720620464443644693e+00 -6.194961108681244610e+00 4.720620464443644693e+00 -5.728518308283517513e+01
-1.485301717552669665e+01 -9.650279329298165010e+00 2.358444005494599338e+01 -9.650279329298165010e+00 -3.168173960469900852e+00 -8.275287990829859552e+00 2.358444005494599338e+01 -8.275287990829859552e+00 -2.855361636022009009e+01
1.464692607160917071e+01 4.858502269452253053e+00 8.993863248812079547e+00 4.858502269452253053e+00 6.745377036933750681e+00 2.654575748337806740e+00 8.993863248812079547e+00 2.654575748337806740e+00 9.282838249329802949e+00
3.581197949518356438e+01 9.542011125769473523e+00 8.014985891376925409e+00 9.542011125769473523e+00 3.453548691845814744e+01 3.040218914807853334e+00 8.014985891376925409e+00 3.040218914807853334e+00 1.698787124423950345e+01
2.504635901644866536e+01 1.055144445962280031e+01 -3.528560772860113826e+00 1.055144445962280031e+01 4.671016490017120049e+01 3.645297949680804450e+00 -3.528560772860113826e+00 3.645297949680804450e+00 3.537466265704242119e+01
3.929506333493817749e+01 1.906063273337505848e+01 2.625584496363278220e+01 1.906063273337505848e+01 3.219137414808779596e+01 1.287945471614036030e+01 2.625584496363278220e+01 1.287945471614036030e+01 -2.240789661910477548e+01
-1.041374494893706526e+01 1.030379259689010674e+01 -9.746658874812695217e+00 1.030379259689010674e+01 -2.992095777601893403e+01 4.350000442844831561e+00 -9.746658874812695217e+00 4.350000442844831561e+00 -7.681595710910590924e+01
5.419839018930658625e+01 -6.973109564353094036e+00 1.671423647091911846e+01 -6.973109564353094036e+00 3.932452893194702170e+01 5.917798940032926502e+00 1.671423647091911846e+01 5.917798940032926502e+00 -5.527510135489067444e+00
5.195165016801257707e+01 -3.927800898072654423e+00 1.360781157338809777e+00 -3.927800898072654423e+00 5.148222212998720693e+01 -8.391126460567988943e+00 1.360781157338809777e+00 -8.391126460567988943e+00 -6.101336275600886816e-02
2.147733117933497482e+01 -6.619690779055265040e+00 -7.941831199981737477e+00 -6.619690779055265040e+00 -1.826108335483325851e+00 -7.499035604015629630e+00 -7.941831199981737477e+00 -7.499035604015629630e+00 -1.636834710498353829e+01
-3.559504495542359592e+01 -1.002255328134043921e+01 -1.757724827770143605e+00 -1.002255328134043921e+01 -3.531439216162623040e+01 1.114843692537378139e+01 -1.757724827770143605e+00 1.114843692537378139e+01 -5.218593716399664117e+01
1.825764114588413278e+01 -9.700876563948575892e+00 5.565927156520265484e+00 -9.700876563948575892e+00 2.394762239343694787e+01 4.378627339805075458e+00 5.565927156520265484e+00 4.378627339805075458e+00 -2.177088594680827072e+01
-2.364369629375211801e+01 3.103622206197766786e+01 4.296508755188045647e+00 3.103622206197766786e+01 -3.241672565741617262e+01 -9.998762872566052451e+00 4.296508755188045647e+00 -9.998762872566052451e+00 -5.864155401815894919e+01
1.260313395574792272e+00 -4.379749860596154676e+00 -8.567556632199773148e+00 -4.379749860596154676e+00 -1.208883526550113707e+01 6.903659567016335430e+00 -8.567556632199773148e+00 6.903659567016335430e+00 -5.203857190822598966e+01
-5.317030425653258874e+01 7.005854581920608837e+00 1.891862500612294795e+01 7.005854581920608837e+00 -5.008956230927913822e+01 -2.111353656145815094e+01 1.891862500612294795e+01 -2.111353656145815094e+01 -1.204592590333951030e+01
5.046717882936935240e+01 6.567086013818320689e-01 8.785953358539552838e+00 6.567086013818320689e-01 2.953267488055004009e+01 7.646340879063859397e+00 8.785953358539552838e+00 7.646340879063859397e+00 3.206078459425258043e+00
-2.127152367201955663e+00 -1.426221243274469508e+01 4.783785861797460903e+00 -1.426221243274469508e+01 4.173277997524593275e+00 4.707519230193225823e+00 4.783785861797460903e+00 4.707519230193225823e+00 -2.982669971400661169e+01
2.970866494687963311e+01 -1.000384310554431622e+01 1.108519125807607963e+01 -1.000384310554431622e+01 3.797590688591143504e+01 -4.433116455023489166e+00 1.108519125807607963e+01 -4.433116455023489166e+00 3.811693743117166377e+01
-2.353469944943219705e+00 -2.073918592231563807e+01 -1.765397716113828608e+01 -2.073918592231563807e+01 1.546151943062711887e+01 6.641121949736510821e+00 -1.765397716113828608e+01 6.641121949736510821e+00 -3.646472213983967947e+01
-4.139126764506531231e+01 3.788613209459142261e+00 1.685483021318264818e+01 3.788613209459142261e+00 -3.024490188360353571e+01 -5.672054410271234914e+00 1.685483021318264818e+01 -5.672054410271234914e+00 -3.475755206592337032e+01
1.007615985874327968e+01 -1.017434714806275897e+00 -9.497499363947975226e+00 -1.017434714806275897e+00 2.674879565938442560e+00 1.255996612377990118e+01 -9.497499363947975226e+00 1.255996612377990118e+01 -1.293111422405421607e+01
1.388180642519344765e+01 1.375419976564825175e+00 -1.135540738874173883e+01 1.375419976564825175e+00 1.659068269524030370e+01 -1.511578627690840015e+01 -1.135540738874173883e+01 -1.511578627690840015e+01 -1.308773221793966535e+01
4.349572067208192117e+00 5.700108217149479906e+00 5.859477210450023676e+00 5.700108217149479906e+00 7.197311548528324110e+00 8.388047450018283335e-01 5.859477210450023676e+00 8.388047450018283335e-01 1.307308211764397399e+01
5.694924157734538639e+00 -1.519826452361520630e+01 -4.157472726740921942e+00 -1.519826452361520630e+01 -2.557197587523561921e+01 -6.845761214195655420e+00 -4.157472726740921942e+00 -6.845761214195655420e+00 -5.121950348229148631e+01
-7.636382260567173397e+00 -3.232011803507287784e+00 1.070556541751009227e+00 -3.232011803507287784e+00 -3.666549921587975547e+01 4.206026617369992837e-02 1.070556541751009227e+00 4.206026617369992837e-02 -5.675040516788379108e+01
1.826237564832348070e+01 -3.120761384242855652e+00 -7.350846181282560288e+00 -3.120761384242855652e+00 3.315276270995798136e+00 -1.288342503976786091e+01 -7.350846181282560288e+00 -1.288342503976786091e+01 3.794239206748269311e+00
3.081915598609251683e-01 2.485701045661317998e+00 -1.403530262559980812e+01 2.485701045661317998e+00 6.477700777176388591e+00 -2.275249981153233136e+01 -1.403530262559980812e+01 -2.275249981153233136e+01 -4.219652428975656733e+01
4.813401147630295362e+00 1.062915180348850797e+01 -1.314521884825762221e+01 1.062915180348850797e+01 1.145349795209479282e+01 2.869267078053545639e+00 -1.314521884825762221e+01 2.869267078053545639e+00 -7.587429465964510733e+00
-3.361839090897711912e+01 -4.988857065043397654e+00 -2.967533777840383191e+00 -4.988857065043397654e+00 -1.546656077174116461e+01 1.778747639759926003e+00 -2.967533777840383191e+00 1.778747639759926003e+00 -7.257124751402278662e+01
2.968403584583182564e+01 4.948570749920578216e+00 -1.124144866939757748e+01 4.948570749920578216e+00 1.799387329512512679e+01 -9.648610102456512960e-01 -1.124144866939757748e+01 -9.648610102456512960e-01 1.193486547983894397e+01
5.072157600592509397e+01 -4.336122062604760963e+00 9.332968021807783288e+00 -4.336122062604760963e+00 4.849258301172267238e+01 2.754413166654681611e+00 9.332968021807783288e+00 2.754413166654681611e+00 2.549086630006893017e+01
-1.747538123411448652e+01 5.902846112368800746e+00 1.568836067187945460e+01 5.902846112368800746e+00 -2.849488036089377374e+01 8.008321317299488484e+00 1.568836067187945460e+01 8.008321317299488484e+00 -6.614593700523114705e+01
-1.900697049010409501e+01 1.305106477084611027e+00 6.316695954661452284e+00 1.305106477084611027e+00 -1.608040516864334180e+01 5.227421755604421350e+00 6.316695954661452284e+00 5.227421755604421350e+00 -6.029601467420902594e+01
-1.234481595338339233e+00 1.685463280228399796e+01 2.348650444448073316e+01 1.685463280228399796e+01 -2.913786220076732647e+01 3.451781962623497346e+00 2.348650444448073316e+01 3.451781962623497346e+00 -3.830723666141811634e+01
5.974818641752766979e+01 -1.167750465039846830e+01 9.283888368745046193e+00 -1.167750465039846830e+01 3.426047000486497041e+01 1.853312079389108247e+00 9.283888368745046193e+00 1.853312079389108247e+00 4.080900271339012164e+01
6.284006166865825094e+01 5.329485096918459952e+00 2.450197641165784290e+01 5.329485096918459952e+00 6.566833027071805873e+01 1.763011132552914972e+01 2.450197641165784290e+01 1.763011132552914972e+01 4.665949047800683047e+01
4.052495504795842152e+01 9.028065800921437400e+00 2.145435081963258828e+00 9.028065800921437400e+00 1.687977306071991279e+01 2.048679561457418696e+00 2.145435081963258828e+00 2.048679561457418696e+00 -1.934364094450221572e+01
1.271297291093218984e+00 -3.995473189113124324e+00 9.091875073312992939e+00 -3.995473189113124324e+00 -1.682515697577733604e+01 -1.742244031454057307e+01 9.091875073312992939e+00 -1.742244031454057307e+01 -6.115836767021711751e+01
1.970449762423758244e+01 7.070384626650586313e+00 -1.520310869881351445e+00 7.070384626650586313e+00 -2.941111216615296087e+01 -1.045624314376658148e+01 -1.520310869881351445e+00 -1.045624314376658148e+01 -4.826838096609316153e+01
-2.581269319642360571e+01 -1.986349574568055942e+01 -3.840288639721570529e+00 -1.986349574568055942e+01 -4.160999866651242485e+01 -5.367631566415878019e+00 -3.840288639721570529e+00 -5.367631566415878019e+00 -6.470663127693846661e+01
-1.376205869482867605e+01 1.072589521615845598e+01 1.051670423296951817e+01 1.072589521615845598e+01 -4.295902113076457596e+01 5.754156472709045289e+00 1.051670423296951817e+01 5.754156472709045289e+00 -4.415898282097980854e+01
-2.825531267766267263e+01 3.466950786530326400e+00 -8.545405838418581368e+00 3.466950786530326400e+00 -3.861949622418276107e+00 2.350200710520696568e+00 -8.545405838418581368e+00 2.350200710520696568e+00 -3.396357978286184220e+01
4.254249995643018423e+01 8.945061544331018411e+00 9.278471685700660387e+00 8.945061544331018411e+00 3.259965471874344445e+01 3.506971556659376432e+00 9.278471685700660387e+00 3.506971556659376432e+00 -3.905926513417653290e+00
-1.329097334851317846e+01 -1.426261251110375561e+01 -9.396387704999299428e-01 -1.426261251110375561e+01 -1.628407720241633783e+01 2.462250251039415616e+01 -9.396387704999299428e-01 2.462250251039415616e+01 -4.428539115806486848e+01
-3.169213256953203128e+01 1.010392600771032967e+01 2.179988422994010744e+00 1.010392600771032967e+01 -1.851649905758164039e+01 8.376128221672514584e+00 2.179988422994010744e+00 8.376128221672514584e+00 -4.628780160417781531e+01
-1.942294284601191379e+01 1.150363297694300346e+00 -1.113738639920896567e+01 1.150363297694300346e+00 -1.786469988151420196e+01 4.903146491146106456e+00 -1.113738639920896567e+01 4.903146491146106456e+00 -3.169724241642885687e+01
8.439999712823709643e+00 3.480994748170962438e+00 -6.531151270945512621e+00 3.480994748170962438e+00 2.134455853218174326e+01 -2.506612976566278128e+00 -6.531151270945512621e+00 -2.506612976566278128e+00 -1.017369395616377581e+01
8.066610902109118797e+00 2.148320629615355415e+01 4.217333317592308006e+00 2.148320629615355415e+01 -2.100482657124452501e+01 4.658016083046799816e-01 4.217333317592308006e+00 4.658016083046799816e-01 -2.982987098353792277e+01
-3.050169455472702040e+01 2.342117892130589141e+01 -3.210248455549579827e+00 2.342117892130589141e+01 -2.486173808848694833e+01 5.161014698816238422e+00 -3.210248455549579827e+00 5.161014698816238422e+00 -6.374483610705407699e+01
1.373042039807012893e+00 7.684666261466016834e+00 1.705325838718567466e+00 7.684666261466016834e+00 -3.762236961938282498e+00 -1.396438269073856020e+01 1.705325838718567466e+00 -1.396438269073856020e+01 -4.125368547317219026e+01
-1.414104180378243392e+01 -4.144337182317417323e+00 -1.205396449619135391e+00 -4.144337182317417323e+00 4.599007071487978493e+00 1.585880238981191681e+00 -1.205396449619135391e+00 1.585880238981191681e+00 8.436174988228393179e-01
3.852695246802850448e+01 1.545689531669951267e+00 -1.652154533708413808e+01 1.545689531669951267e+00 1.560547409518115458e+01 4.565638265784278005e+00 -1.652154533708413808e+01 4.565638265784278005e+00 -9.843917662225392107e+00
-7.267962211213669832e+01 1.574556377054379119e+01 6.509988209059052622e+00 1.574556377054379119e+01 -4.718052604606480571e+01 1.168966198512721100e+00 6.509988209059052622e+00 1.168966198512721100e+00 -4.873316814472042324e+01
2.090760340981069731e+01 1.489216061071097208e+01 -3.282081656728436059e+01 1.489216061071097208e+01 -4.229888075303862394e+01 2.475545031208754576e+00 -3.282081656728436059e+01 2.475545031208754576e+00 -3.746027877635384584e+01
-1.079417552280335535e+01 -2.176979839547373619e+00 1.127844378765116318e+01 -2.176979839547373619e+00 -2.182924014522453504e+01 1.936450162244209849e+01 1.127844378765116318e+01 1.936450162244209849e+01 -4.547698206040016800e+01
-4.144740894114735852e+01 1.047927058078004059e+01 -1.713452190908811568e-01 1.047927058078004059e+01 -5.331451734726819325e+01 -6.916356908295823835e+00 -1.713452190908811568e-01 -6.916356908295823835e+00 -3.704531136045621764e+01
-9.891437009333278851e+00 4.173791727634255544e+00 8.560523912169774263e+00 4.173791727634255544e+00 -2.202259570741942341e+01 -2.319002519886119984e+01 8.560523912169774263e+00 -2.319002519886119984e+01 -2.611974638004549121e+01
-2.882668501573249742e+01 -6.332861213684036095e+00 -6.364216763951330513e+00 -6.332861213684036095e+00 -2.339772009649147666e+00 -3.366090691694013870e+00 -6.364216763951330513e+00 -3.366090691694013870e+00 -3.920060245079406513e+01
1.207806860060083487e+01 2.464117542634894065e+01 1.287061972286499767e+01 2.464117542634894065e+01 -8.549997008611477156e+00 4.770897513366798570e+00 1.287061972286499767e+01 4.770897513366798570e+00 -1.390543729492273251e+01
2.657383971748604168e+01 -5.076953634166454954e+00 -1.053330493530335765e+01 -5.076953634166454954e+00 -2.427108168194029147e+01 2.786626416334710399e+01 -1.053330493530335765e+01 2.786626416334710399e+01 -4.209296492951058610e+01
-2.009461850276113637e+01 -7.428098218683918397e+00 -4.900097052104091411e+00 -7.428098218683918397e+00 -4.169422868348991784e+01 -2.598123493446212517e+00 -4.900097052104091411e+00 -2.598123493446212517e+00 -3.281439108230438961e+01
7.525617832715476574e+00 3.527455949837230431e+00 -3.234320587275836267e+00 3.527455949837230431e+00 -7.890815336471471042e+00 -1.816556869111815331e+01 -3.234320587275836267e+00 -1.816556869111815331e+01 -1.401089877123149252e+00
1.918413016350588052e+01 2.519921269804939001e+01 -4.151847379495856138e+00 2.519921269804939001e+01 2.918231324150415418e+01 6.581302809382583163e+00 -4.151847379495856138e+00 6.581302809382583163e+00 -1.273257676957232043e+01
2.875495125422955667e+01 -1.155628325129824141e+01 6.886703456278131519e+00 -1.155628325129824141e+01 -4.006848663361559204e+00 1.909560793330917106e+00 6.886703456278131519e+00 1.909560793330917106e+00 2.838517245107019704e+01
2.246807823098470536e+01 8.133978198331936582e+00 -2.019619984737115181e-01 8.133978198331936582e+00 2.674020196853191322e+01 1.280158438148195854e+00 -2.019619984737115181e-01 1.280158438148195854e+00 -3.198939998345078095e+01
-1.563244904220889531e+01 1.422546564646989253e+01 -1.229968735262331059e+01 1.422546564646989253e+01 -3.209182986484966449e+01 1.477289623293997067e+01 -1.229968735262331059e+01 1.477289623293997067e+01 -6.072299799240783358e+01
2.072396238762070908e+00 -3.566478098669366936e+00 -9.296880891951790460e+00 -3.566478098669366936e+00 9.259183665591228518e+00 -1.691476449220588307e+01 -9.296880891951790460e+00 -1.691476449220588307e+01 -3.086321385114854099e+00
4.881454729913071056e+00 -1.936866833231966512e+00 -8.712247063427804861e+00 -1.936866833231966512e+00 -1.190214076784561037e+00 -1.207598736168128406e+00 -8.712247063427804861e+00 -1.207598736168128406e+00 -1.425249774563241800e+01
9.106417272950846353e+00 -8.719016688677653448e+00 -1.635948161638652110e+01 -8.719016688677653448e+00 -2.192648547321785202e+01 4.724629662324887569e+00 -1.635948161638652110e+01 4.724629662324887569e+00 -5.036541652581968265e+01
-4.926683175503601575e+01 2.132089010622051006e+01 6.764854792606564082e+00 2.132089010622051006e+01 -9.441061101281869128e+01 9.776271555554625792e+00 6.764854792606564082e+00 9.776271555554625792e+00 -2.527423262728589393e+01
5.566109974080432465e+01 4.800676578697853358e+00 -1.404915089403904638e+01 4.800676578697853358e+00 4.140098090283956367e+01 5.933371847828006196e+00 -1.404915089403904638e+01 5.933371847828006196e+00 3.064054397037771338e+01
1.827901139653981843e+01 7.321980748651812476e+00 3.415355795297347452e+00 7.321980748651812476e+00 -1.462795574739122140e+00 1.746538813047199312e+01 3.415355795297347452e+00 1.746538813047199312e+01 1.748412743078867349e-01
8.941708688417230988e+00 -2.691854252920204971e+00 -7.619018548985127204e+00 -2.691854252920204971e+00 -4.361162199455472788e+00 -1.138249439416522790e+01 -7.619018548985127204e+00 -1.138249439416522790e+01 -4.329785623832653751e-01
-1.744219496111657364e+01 1.334587380754766883e+01 -2.560552180925644294e-01 1.334587380754766883e+01 -2.706977053286535551e+01 -1.976651426485209839e+01 -2.560552180925644294e-01 -1.976651426485209839e+01 -2.898179402481812517e+01
1.914990687668032621e+01 2.698297432512440963e+01 1.120777746687284271e+01 2.698297432512440963e+01 -1.584963668567907114e+01 -1.206944907537233158e+00 1.120777746687284271e+01 -1.206944907537233158e+00 -2.601109862794539396e+01
2.427960787595965186e+01 6.174246793222947005e+00 -1.630365780842280676e+00 6.174246793222947005e+00 -2.035400166977767711e+01 -3.977124523451353699e+00 -1.630365780842280676e+00 -3.977124523451353699e+00 -2.110683537510027108e+01
-4.652865433354643088e+00 -2.143746662187618313e+01 -7.651342989685803175e+00 -2.143746662187618313e+01 5.590486475365100461e+00 -7.225821019265536993e-01 -7.651342989685803175e+00 -7.225821019265536993e-01 -4.438582848368665168e+01
-2.368542654835635641e+00 -2.040540501172787913e+01 -7.022349766888108746e+00 -2.040540501172787913e+01 -2.482460445341900623e+01 3.050105285492950902e+00 -7.022349766888108746e+00 3.050105285492950902e+00 -5.009752944456121959e+00
-3.148032162952912927e+01 1.914314446014987903e+00 -4.820085547243712631e-01 1.914314446014987903e+00 2.032468421199506992e+00 4.698837608206790084e-01 -4.820085547243712631e-01 4.698837608206790084e-01 -7.520821362330882209e+01
-2.046678550002085473e+01 1.473881423620547082e+00 7.111848202788211282e+00 1.473881423620547082e+00 -1.745693866476732126e+01 -4.404464241250802381e+00 7.111848202788211282e+00 -4.404464241250802381e+00 -3.925080872212297578e+01
-4.286862685799000161e+01 -8.524038582750231186e+00 1.721337289822132988e+01 -8.524038582750231186e+00 -4.755292835814246644e+01 -2.357350689735072891e+01 1.721337289822132988e+01 -2.357350689735072891e+01 -4.843106431392536138e+01
-1.757101585792399234e+01 -1.926080248847736343e+01 -5.084202984278250348e+00 -1.926080248847736343e+01 -3.354235948985984805e+01 8.802451242674825593e+00 -5.084202984278250348e+00 8.802451242674825593e+00 -3.899273544816485071e+01
-2.385940606639988815e+01 3.853356774241879279e+00 1.498548771915401012e+01 3.853356774241879279e+00 -5.626623646707082571e+01 5.717989345283695179e+00 1.498548771915401012e+01 5.717989345283695179e+00 -4.368045131700485229e+01
3.562525887316428452e+01 -5.742477649851760901e+00 -1.167007066550798111e+00 -5.742477649851760901e+00 7.090340853952817213e+00 5.571664700941242110e+00 -1.167007066550798111e+00 5.571664700941242110e+00 -4.966767672606167139e+01
-2.357320620252577115e+01 -1.886874784377174707e+00 -8.853739025122605355e+00 -1.886874784377174707e+00 -2.971270737119805361e+01 1.094526175256548411e-01 -8.853739025122605355e+00 1.094526175256548411e-01 -6.282206915559514471e+01
-3.599939875958139623e+01 -6.499288269801069440e+00 2.665842916489256353e+01 -6.499288269801069440e+00 -3.027317247061093042e+01 -7.724662226685138355e-01 2.665842916489256353e+01 -7.724662226685138355e-01 -7.114863514761420049e+01
8.481366178512814713e+00 1.456922920789446962e+00 3.858811606625076607e-01 1.456922920789446962e+00 3.350318519756235514e+00 7.100081531158978443e+00 3.858811606625076607e-01 7.100081531158978443e+00 -2.518941989894632361e+00
-3.815104709072580391e+01 -2.740963963393638902e+00 -8.167165086777234961e+00 -2.740963963393638902e+00 -3.634533846338396756e+01 -5.143531073576110835e+00 -8.167165086777234961e+00 -5.143531073576110835e+00 -9.021369263399110139e+01
5.238817272581290041e+00 2.870085382708338351e+00 -5.644566935671071484e+00 2.870085382708338351e+00 -1.462103832409249193e+01 -7.167016061185734088e+00 -5.644566935671071484e+00 -7.167016061185734088e+00 -3.804886778936911185e+01
2.181882281725118222e+00 4.968119493651571794e+00 7.389896837706767807e-02 4.968119493651571794e+00 2.664250102349133797e+01 -1.923686706969571958e+01 7.389896837706767807e-02 -1.923686706969571958e+01 -8.283096712132920203e+00
3.898191670010778864e+01 -1.125975458369686599e+01 -1.409375355380457862e+01 -1.125975458369686599e+01 3.953075808917161993e+01 -9.592483631885885487e+00 -1.409375355380457862e+01 -9.592483631885885487e+00 -2.873569162586860770e+01
9.855559200356868388e+00 2.933986666119545728e+00 1.130435622412312213e+01 2.933986666119545728e+00 2.246785925868206135e+01 6.028413346104431803e+00 1.130435622412312213e+01 6.028413346104431803e+00 -1.023719576285683353e+01
1.836756927011504104e+01 1.551845815516604965e+01 1.527038804969935271e+01 1.551845815516604965e+01 2.502117226350371482e+01 6.545843967199124869e+00 1.527038804969935271e+01 6.545843967199124869e+00 -1.430908339907019666e+01
-2.117142323051794062e+00 -1.416248377020929539e+00 -2.232469995810787200e+00 -1.416248377020929539e+00 1.268955302054168932e+01 1.237894816986929669e+01 -2.232469995810787200e+00 1.237894816986929669e+01 -2.532299208372597477e+01
-2.200348935307933473e+01 1.963560100245464346e+00 5.480548553359469999e+00 1.963560100245464346e+00 -3.214444611617435044e+01 -5.730345226520221935e+00 5.480548553359469999e+00 -5.730345226520221935e+00 -8.066001847665405933e+01
-1.436602393747737416e+01 -1.676037510217061666e+01 -1.526229179848306572e+01 -1.676037510217061666e+01 5.448970352136633721e+00 1.450480162725199840e+01 -1.526229179848306572e+01 1.450480162725199840e+01 -3.354138452380993130e+01
-3.037648197181036736e+01 1.294201514536233510e+01 4.511183280461371403e+00 1.294201514536233510e+01 -2.063532099238611650e+01 3.035578508987724966e+00 4.511183280461371403e+00 3.035578508987724966e+00 -5.421163610443089453e+01
5.766366259369176106e+01 -3.340040034658818602e+00 -8.213442716903852414e+00 -3.340040034658818602e+00 6.588281027977843962e+01 6.504273587229200793e+00 -8.213442716903852414e+00 6.504273587229200793e+00 4.562474783654936417e+00
6.269862223611669094e+01 -1.134240782591977581e+00 1.031152175231792256e+01 -1.134240782591977581e+00 4.454539195395620510e+01 -3.468690474360585085e+00 1.031152175231792256e+01 -3.468690474360585085e+00 6.674253805586843669e+00
5.138054040118588794e+00 -1.580505629324798633e+01 -2.847711621977831342e+00 -1.580505629324798633e+01 -2.497911195461038236e+00 1.527510196835909539e+01 -2.847711621977831342e+00 1.527510196835909539e+01 -3.787181951290448101e+00
1.566686804401279431e+01 1.508849974289900686e+01 -8.505947402935220225e+00 1.508849974289900686e+01 9.686962243610668821e+00 -6.847176904481974136e-01 -8.505947402935220225e+00 -6.847176904481974136e-01 9.511332725568023561e-01
4.672998375038888708e-01 1.137975714084471512e+01 1.795198370424026280e+01 1.137975714084471512e+01 -1.934565253390249140e+01 7.922990609765905745e+00 1.795198370424026280e+01 7.922990609765905745e+00 -3.368519329382674954e+01
6.277382832513121258e+01 -7.076649980074301460e+00 -2.455920887866871638e+01 -7.076649980074301460e+00 4.264250695970213201e+01 2.467115205196301897e+00 -2.455920887866871638e+01 2.467115205196301897e+00 1.815834870899750797e+01
-6.603857495501956887e-01 5.356127601574508512e-01 2.963807042163147543e+01 5.356127601574508512e-01 1.442685851558179877e+01 -3.029917048026390169e+00 2.963807042163147543e+01 -3.029917048026390169e+00 3.740612566662149252e+00
