5.527769983607103477e+00 -1.934842328168096426e+00 -9.740628149101885569e+00 -1.934842328168096426e+00 1.029322987569084802e+01 -1.513464565771144077e+00 -9.740628149101885569e+00 -1.513464565771144077e+00 -9.922343313442004487e+00
-3.156740379927878948e+01 8.459267134486957218e+00 1.778200480776205517e+00 8.459267134486957218e+00 6.758655419904888717e-01 -1.312395383910461621e+00 1.778200480776205517e+00 -1.312395383910461621e+00 -1.368726963975871946e+01
-2.558584121937515121e+01 -6.711257871899690031e+00 2.295632970981412413e+01 -6.711257871899690031e+00 -1.513195379489841308e+01 -1.149917189732821932e+01 2.295632970981412413e+01 -1.149917189732821932e+01 -3.196590822913967145e+01
-1.099610507676878690e+01 -9.005784230904156473e+00 -1.334819992584389858e+01 -9.005784230904156473e+00 -1.184019591624210577e+01 1.021399168884794761e+01 -1.334819992584389858e+01 1.021399168884794761e+01 -1.284757140445868195e+01
-2.108190075245639150e+01 2.779541189903704357e+00 -8.060771246509835564e+00 2.779541189903704357e+00 -2.635581154845238316e+01 -5.595736032598454202e+00 -8.060771246509835564e+00 -5.595736032598454202e+00 -1.268247928927356938e+01
-1.162788316989289861e+01 -4.406084209168976251e+00 5.127208461199146868e-03 -4.406084209168976251e+00 -6.640899905037908724e+00 -4.701420045776899315e+00 5.127208461199146868e-03 -4.701420045776899315e+00 1.513342678606828429e+01
1.111974658845513808e+01 -9.180622847896360739e+00 -6.125668875869886287e-01 -9.180622847896360739e+00 -1.138876184857675256e+01 -5.298847852943323389e+00 -6.125668875869886287e-01 -5.298847852943323389e+00 1.171215020695850484e+01
3.825032691604170054e+01 -5.899707118823345198e+00 -9.685370788915752982e+00 -5.899707118823345198e+00 8.286039121085382320e+00 1.508987494606489577e+01 -9.685370788915752982e+00 1.508987494606489577e+01 4.303759910460335192e+01
1.490957397459154343e+01 3.737093199603269245e+00 -3.735435787698852206e+00 3.737093199603269245e+00 -3.176178855374123344e+01 6.241624412955361301e+00 -3.735435787698852206e+00 6.241624412955361301e+00 2.422293511706574876e+01
-6.932291879745561047e+00 -1.046998608816364973e+00 4.203374003067797737e+00 -1.046998608816364973e+00 -8.369662421979376932e-01 7.228969396379298473e+00 4.203374003067797737e+00 7.228969396379298473e+00 -2.133881038648284800e+01
7.930541744570350104e+00 -2.472154123297154005e+00 7.204806407492283071e+00 -2.472154123297154005e+00 3.255239339514458408e+01 9.317075180790391542e+00 7.204806407492283071e+00 9.317075180790391542e+00 1.136831458182549248e+01
1.992610373537024770e+01 -6.792813926259434476e-01 -5.096919661413688907e+00 -6.792813926259434476e-01 8.185047913269599462e+00 -6.878162025564961146e-01 -5.096919661413688907e+00 -6.878162025564961146e-01 1.767680964146297740e+01
1.971674793971967077e+01 -8.702702401773430907e+00 1.494023039065473846e+01 -8.702702401773430907e+00 -9.980656389426235009e+00 7.140762580870743115e-01 1.494023039065473846e+01 7.140762580870743115e-01 2.531710466605657217e+01
-2.620063055705817234e+01 1.667067115109409770e+01 -1.627964843396597061e+01 1.667067115109409770e+01 -4.183479055269078373e+01 -1.750718762940442730e+01 -1.627964843396597061e+01 -1.750718762940442730e+01 -2.112484999134080965e+01
-3.841412218618529995e+00 -7.413315550002245402e+00 -1.677741661370245652e+01 -7.413315550002245402e+00 -1.347821365625686418e+01 -5.378256182257486806e+00 -1.677741661370245652e+01 -5.378256182257486806e+00 1.726779641704564483e+01
4.573147135568932597e+00 -5.080400079508990530e+00 1.357949226860178449e+01 -5.080400079508990530e+00 -9.025901820504451223e+00 1.635537909878649554e+00 1.357949226860178449e+01 1.635537909878649554e+00 -1.964349707094843822e+01
1.898604553469598244e+01 4.644122278812298887e+00 -3.080999114493901736e+00 4.644122278812298887e+00 1.291790342036527761e+01 5.650405139540827015e+00 -3.080999114493901736e+00 5.650405139540827015e+00 8.975350176539995672e+00
-2.514388712083241728e+01 1.389555276658425420e+01 -2.675477241100491010e+00 1.389555276658425420e+01 -5.420376417973960415e+00 -1.313472121643993518e+01 -2.675477241100491010e+00 -1.313472121643993518e+01 -2.509585738253528575e+01
2.126575524969085862e+01 -1.915789995034227289e+01 -1.261498102504744345e+01 -1.915789995034227289e+01 1.078346759797943122e+01 1.355746846962405350e+01 -1.261498102504744345e+01 1.355746846962405350e+01 2.129271951300362176e+01
5.677155100008327793e+01 -5.410079469630213467e+00 -6.385015384244780101e+00 -5.410079469630213467e+00 2.555221681731615391e+01 3.825683609667684060e+00 -6.385015384244780101e+00 3.825683609667684060e+00 5.770249412410615264e+01
7.975382106712985752e+00 2.606316715740428336e+00 3.966613506960714020e+00 2.606316715740428336e+00 -1.418423606689482241e+01 -1.150699540391036990e+01 3.966613506960714020e+00 -1.150699540391036990e+01 2.082585569469965137e+01
-1.274749356317099824e+01 2.066838533269155231e+00 -2.713584945148017180e+00 2.066838533269155231e+00 -2.479936241420925924e+01 4.402389861445624497e+00 -2.713584945148017180e+00 4.402389861445624497e+00 -1.082090425180522253e+01
4.925666459904667960e+01 -2.977770361525582388e+00 1.301051513315425012e+01 -2.977770361525582388e+00 1.117318054250858061e+01 -3.605417119333647502e+00 1.301051513315425012e+01 -3.605417119333647502e+00 5.402240722241151616e+01
3.824034107952390293e+00 1.976940469236154296e+00 1.462434342916508312e+00 1.976940469236154296e+00 4.012736219722682129e+00 -1.241984091126623468e+01 1.462434342916508312e+00 -1.241984091126623468e+01 -1.008375680694426713e+01
-2.639935410102868119e+01 1.258626363340123255e+01 -2.863299556173140914e+00 1.258626363340123255e+01 3.365314157536154482e+00 4.683015441621864561e+00 -2.863299556173140914e+00 4.683015441621864561e+00 -5.981059177885158284e+00
3.518543602128634973e+01 1.221273357264303527e+01 2.456317642202086482e+00 1.221273357264303527e+01 1.448587060762414147e+01 1.035048147915116701e+01 2.456317642202086482e+00 1.035048147915116701e+01 3.333531188835443970e+01
-3.039804599495848692e+01 -7.097106694861435860e-01 4.250934072439336298e+00 -7.097106694861435860e-01 -4.040339852055416259e+01 -9.156842779272290400e+00 4.250934072439336298e+00 -9.156842779272290400e+00 -2.487771589684721718e+01
1.233738492097933737e+01 -1.636176462559431055e+00 -6.782484208795280800e+00 -1.636176462559431055e+00 9.094437967333149686e+00 -4.539858848084007192e+00 -6.782484208795280800e+00 -4.539858848084007192e+00 -2.271927619611155413e-01
-2.807933211983016264e+01 -1.641461458751815927e+00 8.740508084128322253e+00 -1.641461458751815927e+00 -1.355295551203066218e+01 2.973320537137861264e-01 8.740508084128322253e+00 2.973320537137861264e-01 -5.611612015805266651e+01
-4.149393639892606234e-01 9.014574977571820469e+00 -2.906360382134714815e+00 9.014574977571820469e+00 8.021646801946369365e+00 3.234001982966581146e+00 -2.906360382134714815e+00 3.234001982966581146e+00 2.174273965749260906e+00
8.799737653980406193e+00 -4.494467013134174849e+00 -1.501316025067921345e+01 -4.494467013134174849e+00 1.620757531912086336e+01 -1.133853218217404146e+00 -1.501316025067921345e+01 -1.133853218217404146e+00 -2.887964919831353949e+00
-6.395273909676014057e+00 8.748657441344821706e+00 4.936287285326881324e+00 8.748657441344821706e+00 -5.152251117301814176e+00 -1.064328205151142548e+01 4.936287285326881324e+00 -1.064328205151142548e+01 -1.561990645472974037e+01
-3.924281044469087476e+01 -1.009758345814321601e+01 -9.191876118118150529e+00 -1.009758345814321601e+01 2.423363859146969190e+01 4.505656842971329290e+00 -9.191876118118150529e+00 4.505656842971329290e+00 2.625277696043665454e+00
1.531877969238851378e+01 -1.132946502984990467e+01 -5.531799931937784187e+00 -1.132946502984990467e+01 -1.799648958516937114e+01 -9.792236961366175052e+00 -5.531799931937784187e+00 -9.792236961366175052e+00 2.341502393272536509e+01
8.165231895096074055e+00 1.069316883565042886e+01 7.753614867922625775e-01 1.069316883565042886e+01 -1.627484764703804654e+00 -9.917266772864369528e+00 7.753614867922625775e-01 -9.917266772864369528e+00 1.650238099715473439e+01
-2.136640346606625585e+01 1.531390776781826268e+01 3.982455678683208156e+00 1.531390776781826268e+01 -3.251295267631228825e+01 -9.898063854985428733e+00 3.982455678683208156e+00 -9.898063854985428733e+00 -8.993561836678892973e+00
-1.439228143205550303e+01 6.902518805383338396e+00 -8.753295525610559125e+00 6.902518805383338396e+00 -9.414448637035857104e+00 4.296807880101620292e+00 -8.753295525610559125e+00 4.296807880101620292e+00 -1.310214723441768392e+01
5.676876385185757101e+00 2.920331391594212622e+00 5.240424206741002067e+00 2.920331391594212622e+00 -1.229602962865814142e+01 -1.132706495555276582e+01 5.240424206741002067e+00 -1.132706495555276582e+01 1.431349038853403499e+01
2.562431266911714900e+01 -4.113809042893888268e+00 2.529470799003013859e+00 -4.113809042893888268e+00 1.205408870615367078e+01 -6.393710252298580698e+00 2.529470799003013859e+00 -6.393710252298580698e+00 1.236920093088287409e+01
4.989296862212359684e+01 1.269776917147313666e+00 -1.089523162410855051e+01 1.269776917147313666e+00 2.601567102032756651e+01 9.650628995610247784e+00 -1.089523162410855051e+01 9.650628995610247784e+00 4.887275551172437815e+01
3.704710023662507723e+01 -1.083590780927884722e+01 -2.156025178531113973e+00 -1.083590780927884722e+01 -6.412892473265888071e+00 -6.952167571815541791e+00 -2.156025178531113973e+00 -6.952167571815541791e+00 4.680136830505117729e+01
-1.114920811364281583e+01 5.725271013456218583e+00 1.095442794905637030e+01 5.725271013456218583e+00 -2.696350347657089230e+01 4.312137582472226782e+00 1.095442794905637030e+01 4.312137582472226782e+00 -2.852765588978930467e+01
1.644789528176394811e+01 -1.315205774700229391e+01 -1.170227189214436514e+01 -1.315205774700229391e+01 1.287948697951393129e+01 -8.397580170423658785e+00 -1.170227189214436514e+01 -8.397580170423658785e+00 8.745044680218896360e+00
-8.658760677715578780e+00 -6.090876344380735219e+00 -1.070516073794802914e+01 -6.090876344380735219e+00 3.694754306494572482e+00 -1.487509106650445556e+00 -1.070516073794802914e+01 -1.487509106650445556e+00 -2.565894570503577654e+01
-1.054007930078795496e+01 8.172346112059235779e+00 -2.493054031451444441e+00 8.172346112059235779e+00 -1.827342614577293034e+01 -4.897396526983470721e+00 -2.493054031451444441e+00 -4.897396526983470721e+00 -5.848350962490402871e+00
3.543589388747563618e+01 3.441671137334658237e+00 1.516659151798615035e+01 3.441671137334658237e+00 9.039357632939848841e+00 -1.141047225567728862e+00 1.516659151798615035e+01 -1.141047225567728862e+00 2.118929492601747455e+01
-9.683305907137208735e+00 -3.421794373645568932e+00 3.442357867701926644e+00 -3.421794373645568932e+00 3.724035740405881256e+01 -8.153620891352614919e+00 3.442357867701926644e+00 -8.153620891352614919e+00 -2.484382878818981411e+01
-3.468716086799292242e+01 8.502698863363589155e+00 -8.399704816066071444e+00 8.502698863363589155e+00 -8.974908178428548933e-01 -1.684046069144143587e+01 -8.399704816066071444e+00 -1.684046069144143587e+01 -2.126594305548910935e+00
2.164522643190925422e+01 -1.036667300912584633e+00 -9.364388921147590139e+00 -1.036667300912584633e+00 2.809861301064780292e+01 -1.849776563039265409e-01 -9.364388921147590139e+00 -1.849776563039265409e-01 2.322004473901430543e+01
7.168972072683097441e-01 -1.478043323304144430e+01 2.071209325480833741e+01 -1.478043323304144430e+01 5.030171375357296526e+00 -5.204021487107294952e+00 2.071209325480833741e+01 -5.204021487107294952e+00 -5.458357500491815451e+00
