-3.208527945111289625e+01 5.368452323365783485e+00 1.083354167237413401e+00 5.368452323365783485e+00 -1.728557597974619497e+01 -3.589466771675679180e+00 1.083354167237413401e+00 -3.589466771675679180e+00 2.931670769039506297e+01
-2.564119324876213568e+01 1.241987417306929231e+01 3.880020652380012258e+00 1.241987417306929231e+01 -1.473254292458928383e+01 -1.020820492067754159e+01 3.880020652380012258e+00 -1.020820492067754159e+01 1.312053794624468139e+01
-1.146045506268509229e+01 2.816865909616337316e+00 2.662458943163759528e+00 2.816865909616337316e+00 -2.214688419405032604e+01 -7.994255800191570671e+00 2.662458943163759528e+00 -7.994255800191570671e+00 7.952684693838953045e+00
-8.809617988391037713e+00 8.796478850913947767e+00 -9.538237311906736515e-01 8.796478850913947767e+00 -7.626714178595134008e+00 -4.938612848270582667e+00 -9.538237311906736515e-01 -4.938612848270582667e+00 1.026010656531367893e+01
-3.327916897729436840e+01 5.517970394673561429e+00 2.955869709278426516e+00 5.517970394673561429e+00 -2.597046096541298255e+01 -2.386128163545787473e+01 2.955869709278426516e+00 -2.386128163545787473e+01 6.995046433180573509e+00
3.194917509005616552e+01 -3.325936048474212647e+00 1.460227924320355974e+00 -3.325936048474212647e+00 2.866850876386260438e+01 -1.154559933891359869e+01 1.460227924320355974e+00 -1.154559933891359869e+01 2.389074963529338902e+01
-2.394384026641669294e+01 1.188295733559096945e+01 -1.062357533588138736e+01 1.188295733559096945e+01 -5.990988525633123629e+01 3.997393092431931194e+00 -1.062357533588138736e+01 3.997393092431931194e+00 5.255876227251564359e+01
5.918270932159813036e+00 2.419792078423496307e+00 -4.806610278865453445e+00 2.419792078423496307e+00 -9.775025612388307250e-01 -3.648930240537308300e+00 -4.806610278865453445e+00 -3.648930240537308300e+00 2.489770352502923956e+01
-2.101138574205983289e+01 1.192975768452638796e+01 -2.152823211002068415e+00 1.192975768452638796e+01 -2.006330745940940119e+01 3.007320768185334225e-01 -2.152823211002068415e+00 3.007320768185334225e-01 -2.698768031599682971e+01
-4.698209535301018036e+00 1.075923653300927185e+01 -1.258253730921245683e+01 1.075923653300927185e+01 -3.165153133049928957e+00 -5.246612184256215450e+00 -1.258253730921245683e+01 -5.246612184256215450e+00 -1.359755087511993032e+01
1.082280418840237068e+01 -2.382767141293697932e+00 1.483107724053359000e+00 -2.382767141293697932e+00 1.487542336984880009e+01 7.840898743430445572e-01 1.483107724053359000e+00 7.840898743430445572e-01 7.373353513549055549e+00
3.699322445854891672e+00 -6.984634162263132495e+00 -1.361187919565675131e+01 -6.984634162263132495e+00 -7.527655777436653928e+00 -6.200286798461624116e+00 -1.361187919565675131e+01 -6.200286798461624116e+00 -2.064762822476805937e+01
-1.169602047792711730e+01 5.142787645806484065e+00 -9.892379906804892542e+00 5.142787645806484065e+00 -8.228812538618971217e+00 1.447493841050384866e-01 -9.892379906804892542e+00 1.447493841050384866e-01 -6.544559612585285180e+00
-2.668725245743032914e+01 1.788771161372175555e+01 -1.157659276614920074e+01 1.788771161372175555e+01 -3.352026235854342673e+00 -2.669948259977120131e+01 -1.157659276614920074e+01 -2.669948259977120131e+01 4.077358220124108357e+01
-4.865183324867172132e+01 -5.226563838386404370e+00 4.430114307159473519e+00 -5.226563838386404370e+00 -2.268627668503807726e+01 2.123967649494131393e+01 4.430114307159473519e+00 2.123967649494131393e+01 2.413003359808118375e+01
4.165888897694995308e+01 2.696717673341261001e+00 8.219032460201992407e+00 2.696717673341261001e+00 4.302813901507923333e+01 -5.081094760940083610e+00 8.219032460201992407e+00 -5.081094760940083610e+00 2.982661208677462383e+01
3.719531525730663368e+00 -3.372087493579035034e+00 4.512677212798970494e+00 -3.372087493579035034e+00 8.560207371455254011e-01 6.288392302175819237e-01 4.512677212798970494e+00 6.288392302175819237e-01 1.956734078535332699e+01
6.688529000631095300e+01 1.753218040220631213e+00 -1.080166331461899887e+01 1.753218040220631213e+00 6.838183061291357490e+01 7.819296512214318540e+00 -1.080166331461899887e+01 7.819296512214318540e+00 5.467191730065187727e+01
4.168690603124187533e+01 -2.484413940038342261e+00 1.695359375232941002e+00 -2.484413940038342261e+00 4.496625963225722700e+01 9.808017586359621731e+00 1.695359375232941002e+00 9.808017586359621731e+00 1.119934465688961112e+01
4.232674331510155241e+01 8.328699527283429660e+00 4.038933653471161733e+00 8.328699527283429660e+00 3.640628788374625202e+01 1.658842152790317881e+00 4.038933653471161733e+00 1.658842152790317881e+00 9.293471158440667068e+00
2.973216256201144958e+01 1.409970822761712661e+01 -5.872993099881326451e+00 1.409970822761712661e+01 2.695894495769010746e+01 -3.154357727244242682e+00 -5.872993099881326451e+00 -3.154357727244242682e+00 -1.385422231906666823e+01
4.932780710208135844e+01 -4.789482395274281323e+00 -2.387201754606507187e+00 -4.789482395274281323e+00 4.587576639533938305e+01 -3.401934136626910909e+00 -2.387201754606507187e+00 -3.401934136626910909e+00 2.076411507988261818e+01
-9.044183949373779896e+00 6.082475634488980987e+00 -1.061523773583323660e+01 6.082475634488980987e+00 -1.011831469436157960e+01 5.224124777211757831e+00 -1.061523773583323660e+01 5.224124777211757831e+00 -5.112025517335673008e+00
-2.388474488943159457e+01 5.598059060150770705e+00 -6.474347717195205298e+00 5.598059060150770705e+00 -1.025209673193738702e+01 4.824250992391086457e-01 -6.474347717195205298e+00 4.824250992391086457e-01 6.020969211173181179e+00
1.937404742344461894e+01 -1.984565068883192396e+00 1.745061067674822164e+00 -1.984565068883192396e+00 7.815246095850178598e+00 -6.766359977148530547e+00 1.745061067674822164e+00 -6.766359977148530547e+00 5.515102736664476879e+01
-3.551692033812082627e+01 3.865720462753274411e+00 -4.302522653111472195e+00 3.865720462753274411e+00 -9.602017207243017438e+00 9.014674632008288668e+00 -4.302522653111472195e+00 9.014674632008288668e+00 1.574964381440170591e+01
-2.278892824471300571e+01 6.629575384122920134e+00 6.065082641532401730e+00 6.629575384122920134e+00 -1.283148587769626836e+01 6.246782411984515448e+00 6.065082641532401730e+00 6.246782411984515448e+00 -2.328876189874422664e+01
-2.802924814937300368e+01 4.960711978874247308e+00 1.052934372330749646e+01 4.960711978874247308e+00 3.521117129921284228e+00 -1.532032282798190703e+00 1.052934372330749646e+01 -1.532032282798190703e+00 4.262886445144407332e+01
5.150406121016272465e+01 -5.999608485885452147e+00 1.057420962426367739e+00 -5.999608485885452147e+00 5.610215926763413563e+01 3.955250695730772037e+00 1.057420962426367739e+00 3.955250695730772037e+00 2.440950419862430465e+01
-3.707219036931808631e+01 -5.766413721387013247e+00 1.639368203453392070e+01 -5.766413721387013247e+00 -2.183696322389679167e+01 1.019060018915706145e+01 1.639368203453392070e+01 1.019060018915706145e+01 1.698737977247531816e+01
-4.246567557820883820e+01 1.299587256624177023e+01 3.689324076055008117e+00 1.299587256624177023e+01 -3.646308476093298623e+01 -1.237148538776092188e+01 3.689324076055008117e+00 -1.237148538776092188e+01 -2.148241460677071757e+01
1.512953219392831450e+01 4.176571773384319286e+00 -3.493666008315277072e-02 4.176571773384319286e+00 1.525002924921415293e+01 -8.651552218295794905e-01 -3.493666008315277072e-02 -8.651552218295794905e-01 -1.116667760174904345e+01
1.217538215749054054e+01 1.007725621055506338e+01 1.457015533052260992e+01 1.007725621055506338e+01 3.272275750229954649e+00 3.971455998694097822e+00 1.457015533052260992e+01 3.971455998694097822e+00 7.772332884193576819e-01
1.628532531603377009e+01 -4.414640875151528476e+00 3.007918997464572808e+00 -4.414640875151528476e+00 2.074900871720091189e+01 -9.073911347862821941e+00 3.007918997464572808e+00 -9.073911347862821941e+00 2.036267509990402758e+01
-4.399912753312985814e+01 -2.682550909429854524e+00 8.020739879383722126e+00 -2.682550909429854524e+00 -2.997944109126223466e+01 -1.027739314134433357e+01 8.020739879383722126e+00 -1.027739314134433357e+01 1.599154953261679424e+01
-5.902989381162584692e+01 -4.185399040208011456e+00 4.927108849933842905e+00 -4.185399040208011456e+00 -4.310325318616723678e+01 -2.181835373141648304e+01 4.927108849933842905e+00 -2.181835373141648304e+01 -4.618091111774613178e-01
5.868032555231276604e+01 7.397164858484367223e+00 5.587224271419354016e-02 7.397164858484367223e+00 6.354310019789792108e+01 -2.223841676941863632e+00 5.587224271419354016e-02 -2.223841676941863632e+00 5.971726703798737823e+00
8.100726302517724520e-01 7.907412193533472689e+00 1.051325133915449239e+00 7.907412193533472689e+00 1.799400908226868046e+00 -5.595431848193214819e+00 1.051325133915449239e+00 -5.595431848193214819e+00 3.026494452274383207e+01
6.763259066537943909e+01 4.588626353433164162e+00 -1.163119796476466306e+01 4.588626353433164162e+00 6.338016535489199299e+01 -1.438617579750429254e+00 -1.163119796476466306e+01 -1.438617579750429254e+00 4.659622533277790524e+01
-1.624384406848438900e+01 1.077068848783472355e+01 -3.770141148906632544e+00 1.077068848783472355e+01 -1.415454377829254184e+01 9.048284640755809960e+00 -3.770141148906632544e+00 9.048284640755809960e+00 -2.409257685969450780e+00
-3.196754866541604301e+01 1.525400142267336534e+01 5.915410277345003465e+00 1.525400142267336534e+01 -2.713527962380530312e+01 3.389446900438825017e-01 5.915410277345003465e+00 3.389446900438825017e-01 2.659974930641396895e+00
4.144549519989561759e+01 1.067379894816678210e+01 -3.660695360752832972e+00 1.067379894816678210e+01 4.775676312784279531e+01 6.433185142750684093e+00 -3.660695360752832972e+00 6.433185142750684093e+00 6.834901247146037306e+00
-5.730084286726540910e+01 -1.188842720049849611e+01 4.744432811350250745e+00 -1.188842720049849611e+01 -3.190206090171857412e+01 2.186028542460123347e+00 4.744432811350250745e+00 2.186028542460123347e+00 3.472729965832275667e+01
-1.491598754814129713e+01 -6.289025983942402309e-01 7.804379530093678241e+00 -6.289025983942402309e-01 -8.336656090504133587e+00 -1.953008385774514011e+01 7.804379530093678241e+00 -1.953008385774514011e+01 -7.566902843346120511e-01
1.820104866886826045e+00 6.812850105808947454e+00 -9.669819558128009973e+00 6.812850105808947454e+00 6.844861146520364592e+00 -6.514660995319984771e+00 -9.669819558128009973e+00 -6.514660995319984771e+00 2.063831308928952879e+01
1.177506014425464542e+01 -5.763725384751570147e+00 -2.016663393837987983e-01 -5.763725384751570147e+00 1.121673857211932024e+01 -4.002050780352954362e+00 -2.016663393837987983e-01 -4.002050780352954362e+00 -2.142143102423273859e+01
-1.332219863501607726e+01 4.484288160766015885e+00 5.965928763822252456e+00 4.484288160766015885e+00 -2.315752027774943400e+01 4.206070481530500560e-01 5.965928763822252456e+00 4.206070481530500560e-01 1.589959087108221603e+01
-4.911858253649814543e+01 1.764299323234369332e+00 3.906248130617752778e+00 1.764299323234369332e+00 -3.185024911462075892e+01 -1.934926240887745763e+01 3.906248130617752778e+00 -1.934926240887745763e+01 2.416593874077630133e+01
1.641938595531205891e+01 -2.246460178849409850e+00 1.364211942029567126e+01 -2.246460178849409850e+00 2.431282971839853602e+01 -4.661154447921423305e+00 1.364211942029567126e+01 -4.661154447921423305e+00 -4.266645366643312620e+00
1.077405055185198712e+01 -1.067591897807380397e+00 1.539641183163368510e+00 -1.067591897807380397e+00 9.598482670795045024e+00 3.269967694575992123e+00 1.539641183163368510e+00 3.269967694575992123e+00 -1.372115015028698082e+01
-5.464323508432488374e+00 1.084237950032185793e+01 -1.102349801871371326e+01 1.084237950032185793e+01 -2.628356013876314634e+01 -1.388989361975613290e+00 -1.102349801871371326e+01 -1.388989361975613290e+00 1.851267966762792483e+01
-4.973898927627844557e+01 1.110952328418612289e+01 4.879052416949376525e-01 1.110952328418612289e+01 -1.456379534926086272e+01 5.257466536871027607e+00 4.879052416949376525e-01 5.257466536871027607e+00 4.694007086538699980e+01
-1.194481546508932235e+00 5.653726687832973496e+00 -1.020874975605829738e+00 5.653726687832973496e+00 2.495231148029096246e+01 -1.308366460991796210e+01 -1.020874975605829738e+00 -1.308366460991796210e+01 -5.066920016025072471e+00
-5.717895020467192779e+00 -4.467107657525362652e-01 -8.756081679473275869e+00 -4.467107657525362652e-01 -2.023041867105720470e+01 -6.822615583400786221e-01 -8.756081679473275869e+00 -6.822615583400786221e-01 1.060160037677842659e+01
-3.583540613985505274e-01 6.089624918761527894e+00 2.631307762962118435e+00 6.089624918761527894e+00 -2.308605439008331928e+01 -8.917443892187240095e+00 2.631307762962118435e+00 -8.917443892187240095e+00 4.269526752873783693e+01
5.182381981946639371e+01 -4.947580153065625375e+00 -1.972714222587157729e-01 -4.947580153065625375e+00 4.924136055210949792e+01 -5.825399530851784746e-01 -1.972714222587157729e-01 -5.825399530851784746e-01 -9.046478442584684032e+00
2.225549837821214894e+01 2.215004377684335779e+01 -4.478880348493050612e+00 2.215004377684335779e+01 1.315525642992904842e+01 -1.733799941089911201e+00 -4.478880348493050612e+00 -1.733799941089911201e+00 2.623365377960310596e+01
-1.302702672158092945e+01 8.266451228472963209e+00 -3.988629935793033265e+00 8.266451228472963209e+00 -3.223655631420160717e+01 -1.950162068887907954e-02 -3.988629935793033265e+00 -1.950162068887907954e-02 2.216705413184741857e+01
-1.447072274889255894e+01 -1.519343709517092522e+00 2.791979528835490942e+00 -1.519343709517092522e+00 -1.069949359764882502e+01 4.861166547079354139e+00 2.791979528835490942e+00 4.861166547079354139e+00 2.360974399655451972e+00
-2.043948149199905373e+01 -7.879648752451046789e+00 2.973809752452930155e+01 -7.879648752451046789e+00 -8.002806363208316398e+00 1.673297268788644487e+01 2.973809752452930155e+01 1.673297268788644487e+01 1.290040624024217131e+01
1.702009856623050155e+01 5.952203688279798399e+00 -3.805096544352223997e+00 5.952203688279798399e+00 -2.242168420610851420e+00 1.045497443853193431e+01 -3.805096544352223997e+00 1.045497443853193431e+01 -3.057629676540718489e+00
-5.915363113714975363e+00 1.102401754424586500e+01 8.558026827951922044e+00 1.102401754424586500e+01 -1.702085780691092509e+01 -7.003063053070633925e-01 8.558026827951922044e+00 -7.003063053070633925e-01 -7.919191526417377780e+00
1.828018914502739634e+01 6.166827948209678036e-03 7.698049274422300137e+00 6.166827948209678036e-03 2.712719854598694358e+00 3.283278061691599081e+00 7.698049274422300137e+00 3.283278061691599081e+00 3.527074467315177486e+01
-3.469817061136620140e+01 -7.067264513845697316e+00 -4.090380498460147729e-01 -7.067264513845697316e+00 -2.322554635888181895e+00 7.899263745065552733e+00 -4.090380498460147729e-01 7.899263745065552733e+00 4.215524668154699128e+01
-4.895062729895632714e+01 2.126039536184213929e+00 -6.841707837035471140e-01 2.126039536184213929e+00 -4.523071492735975596e+01 4.259351231034277596e+00 -6.841707837035471140e-01 4.259351231034277596e+00 -2.037778609286748122e+01
-3.854664373379304010e+01 2.401359075376909402e+00 5.437042263527897212e+00 2.401359075376909402e+00 -1.528813605257667518e+01 6.685093263656449736e+00 5.437042263527897212e+00 6.685093263656449736e+00 3.001382267884872590e+01
2.667544913106304350e+01 9.188874571673656177e+00 7.964809711408679327e+00 9.188874571673656177e+00 4.730060008609152078e+01 -8.884506632363514456e+00 7.964809711408679327e+00 -8.884506632363514456e+00 1.816006071584878256e+01
3.062045617562601407e+01 -3.795009152301771493e+00 -7.374805013641312357e+00 -3.795009152301771493e+00 2.256010751658216051e+01 -4.552513128544521948e+00 -7.374805013641312357e+00 -4.552513128544521948e+00 -1.562372085300243185e+01
-8.517039384999957718e+00 -5.409836199355440911e+00 1.182048596081946101e+01 -5.409836199355440911e+00 -3.058505572069163136e+01 6.654286866178970250e+00 1.182048596081946101e+01 6.654286866178970250e+00 1.186991073552619724e+01
4.905505073459720222e+01 -6.145482316306019932e+00 2.380637250570042607e+00 -6.145482316306019932e+00 4.850808567565358942e+01 -5.169879683393216574e+00 2.380637250570042607e+00 -5.169879683393216574e+00 2.549735528191121148e+01
-9.383779578371276742e+00 2.212206840747746317e-01 -2.732046586496974072e+00 2.212206840747746317e-01 -2.947444831742882343e+01 2.412640055090699842e-01 -2.732046586496974072e+00 2.412640055090699842e-01 1.524709788100238406e+01
2.185344718157694643e+01 2.299481582799646429e+00 -1.151558472594095051e+00 2.299481582799646429e+00 7.441174621420210578e+00 -1.061735290008757104e+00 -1.151558472594095051e+00 -1.061735290008757104e+00 3.383663546262871336e+01
-2.262198396965986014e+00 -7.035206261863850008e-01 6.686400833217505557e+00 -7.035206261863850008e-01 1.771523871398147065e+01 -2.070416207108885409e+00 6.686400833217505557e+00 -2.070416207108885409e+00 2.311464132458410248e+01
-1.073660229318976356e+01 -2.140682572724244892e+01 -2.338621691605071717e+00 -2.140682572724244892e+01 -8.014949111026714590e+00 -4.796297716298353109e+00 -2.338621691605071717e+00 -4.796297716298353109e+00 -2.734501340631934596e+01
-4.894917021736140406e+00 -2.356003259526611604e+00 -1.147596899782745483e+00 -2.356003259526611604e+00 -1.885228253178611268e+01 6.836955870626984400e+00 -1.147596899782745483e+00 6.836955870626984400e+00 1.300239044362691132e+01
4.976004673756519026e+01 2.087282825927594121e-01 3.988592457931853019e+00 2.087282825927594121e-01 4.846511289548169543e+01 -3.033731883010448271e+00 3.988592457931853019e+00 -3.033731883010448271e+00 4.920953888942154464e+01
-8.156688541994501662e+00 1.604221820031335355e+01 -1.148221268921151861e+01 1.604221820031335355e+01 6.178745888019485655e+00 -1.007459116055872572e+00 -1.148221268921151861e+01 -1.007459116055872572e+00 1.542186022914408206e+01
3.172432225678653950e+01 8.099458942293528807e+00 3.116313442939680822e+00 8.099458942293528807e+00 3.381395650842258505e+01 -3.350771447385753277e+00 3.116313442939680822e+00 -3.350771447385753277e+00 1.281545543045968572e+01
-5.820632746242475974e+01 -4.839343000789197546e+00 -1.315967858025157922e+00 -4.839343000789197546e+00 -3.085129390201677069e+01 2.273053645430541447e+00 -1.315967858025157922e+00 2.273053645430541447e+00 1.325934573350618706e+01
3.219350413063864380e+01 6.906153015256060179e+00 4.081741677878187424e+00 6.906153015256060179e+00 2.134350367410598182e+01 8.403230050148426500e+00 4.081741677878187424e+00 8.403230050148426500e+00 -1.584568691598469492e+01
-7.311223730670796783e+00 -4.439428353473192423e+00 8.429632032234666283e+00 -4.439428353473192423e+00 1.274434401290836405e+01 -1.463337832676417483e+00 8.429632032234666283e+00 -1.463337832676417483e+00 4.306016011185383263e+01
-3.577818184885579456e+01 1.502576841812480879e+01 3.161737951601329977e-01 1.502576841812480879e+01 -1.619783396432089972e+01 -9.097197162766690326e+00 3.161737951601329977e-01 -9.097197162766690326e+00 1.829506111302887206e+01
1.606138207667314077e+01 3.209977307527586365e+00 -2.619699614236167040e+00 3.209977307527586365e+00 1.097089127893478455e+01 5.844785923421661700e+00 -2.619699614236167040e+00 5.844785923421661700e+00 5.553426015724365783e+00
-5.693689183882766969e+01 -5.091140228749973851e+00 3.685527793675519970e+00 -5.091140228749973851e+00 -1.864338843005263158e+01 2.430205952010531245e+00 3.685527793675519970e+00 2.430205952010531245e+00 3.398341013196951366e+01
3.604557161460149928e+01 1.264663801497280105e+01 1.407859388539285161e+00 1.264663801497280105e+01 4.184667499042062389e+01 -9.920504972047907710e-01 1.407859388539285161e+00 -9.920504972047907710e-01 2.023096081763274512e+01
-1.047313634115829828e+01 3.953568975688638965e+00 -6.292396624732847776e+00 3.953568975688638965e+00 -1.989880496915238339e+01 -5.485143118290740638e-01 -6.292396624732847776e+00 -5.485143118290740638e-01 -7.565167668969129622e+00
5.532693612272719719e+01 -6.119269548151608618e+00 2.812059728330748687e+00 -6.119269548151608618e+00 4.708098112011002456e+01 -1.509869911923586105e+00 2.812059728330748687e+00 -1.509869911923586105e+00 4.464576140224927769e+01
-4.216545827986784012e+00 -4.213071294245843923e+00 5.812702681902570667e-01 -4.213071294245843923e+00 -7.789678047159787511e+00 1.863270218584851090e+00 5.812702681902570667e-01 1.863270218584851090e+00 4.050324408486936534e+00
3.033816873451439378e+01 8.632405178008633939e+00 -1.170372717108630889e+00 8.632405178008633939e+00 3.063975222569453649e+01 -7.386283731741215774e+00 -1.170372717108630889e+00 -7.386283731741215774e+00 5.290122943670360733e+00
-1.145049545164726013e+01 -8.597503151241431496e+00 2.742829858530611453e+00 -8.597503151241431496e+00 -9.597769297946520339e+00 -1.353557482136159340e+00 2.742829858530611453e+00 -1.353557482136159340e+00 -2.439234040472931397e+01
2.566668424388439362e+01 2.000819808619795381e+01 -9.780876538959226707e+00 2.000819808619795381e+01 2.033012422747648884e+01 -1.122391521074920684e+00 -9.780876538959226707e+00 -1.122391521074920684e+00 1.442397068282040529e+01
-4.611022514111390791e+01 6.963152533941449285e+00 -1.107011972001355105e+01 6.963152533941449285e+00 1.290666135537537063e+00 -4.267876659422559449e+00 -1.107011972001355105e+01 -4.267876659422559449e+00 3.844050778651290301e+01
-2.084886605836398488e+01 1.463060288647556995e+00 -1.466903453757581488e+01 1.463060288647556995e+00 -6.418163551410709999e+01 -3.749857319101045916e-01 -1.466903453757581488e+01 -3.749857319101045916e-01 4.760704445673429319e+01
-5.149751021381101879e+01 1.889629985953403590e+01 -4.309292695144937291e+00 1.889629985953403590e+01 -6.018372233071188049e+01 -8.472393398406920184e+00 -4.309292695144937291e+00 -8.472393398406920184e+00 -4.815979598311308507e+01
-1.856808738761941857e+00 1.658672573542345319e+00 -1.505208527748167047e+00 1.658672573542345319e+00 -1.990847025368027445e+01 -1.956116662479255419e+00 -1.505208527748167047e+00 -1.956116662479255419e+00 8.944661674073051572e+00
-6.114803404671587117e+00 2.191769354338799936e+00 4.127753121754006216e+00 2.191769354338799936e+00 -1.659215608194466540e+01 -7.994950330203484334e+00 4.127753121754006216e+00 -7.994950330203484334e+00 5.798163553440996765e+00
3.099337386222351221e+00 3.245845279028916952e+00 5.592676500250485461e+00 3.245845279028916952e+00 8.164672315061466179e+00 1.462356196115483264e+01 5.592676500250485461e+00 1.462356196115483264e+01 -1.567370365826721468e+01
-9.032836346173468201e+00 1.367732731504382748e+01 4.659466376052481706e+00 1.367732731504382748e+01 -2.277439121253565091e+01 4.174749505222502322e+00 4.659466376052481706e+00 4.174749505222502322e+00 9.470167832456153789e+00
-9.869824516367732059e+00 4.687902062038717510e+00 1.942702843179204386e+00 4.687902062038717510e+00 -1.897548690402491900e+01 -4.879136656576714692e+00 1.942702843179204386e+00 -4.879136656576714692e+00 -6.331540946305389994e+00
-1.191586384768195828e+01 -2.967550241574573366e+00 3.664941967990240190e+00 -2.967550241574573366e+00 -1.945600221804317087e+01 -4.771309793819107803e+00 3.664941967990240190e+00 -4.771309793819107803e+00 6.527334008815007138e+00
