-7.813480224112318240e+00 4.554079660428563825e-01 8.508094552820294476e-01 4.554079660428563825e-01 2.029822060127330730e+01 2.822173546465208904e+00 8.508094552820294476e-01 2.822173546465208904e+00 -2.955062695184960475e+01
-1.385469845498652397e+01 3.350810660432033572e+00 1.621463681834168558e+00 3.350810660432033572e+00 -1.455644407695113607e+01 -3.901221352735457781e+00 1.621463681834168558e+00 -3.901221352735457781e+00 -1.135382414260720552e+01
2.048268375556631327e+01 -1.009617250513984921e+01 3.630466854801461363e+00 -1.009617250513984921e+01 2.951439436839111252e+01 1.953612363006444852e+01 3.630466854801461363e+00 1.953612363006444852e+01 -2.463065401429670231e+01
4.684102630548721002e+00 8.386788036498474597e+00 -8.237076464179263979e+00 8.386788036498474597e+00 7.699479896210362107e+00 -4.552389849572733738e+00 -8.237076464179263979e+00 -4.552389849572733738e+00 1.316161616973047233e+00
5.174117177344740526e+01 1.168975785263075018e+01 -7.607867965797136200e+00 1.168975785263075018e+01 1.610715757443535168e+01 -2.358648311327982228e+01 -7.607867965797136200e+00 -2.358648311327982228e+01 -1.464252783001427360e+01
3.017338527162331019e+01 4.800503489344892571e+00 -3.668211352723796725e+00 4.800503489344892571e+00 2.556331496660302349e+01 -5.690350554352508361e+00 -3.668211352723796725e+00 -5.690350554352508361e+00 -1.804504580864004737e+01
1.915851974077613917e+01 -7.183489694318454077e+00 -9.929209617101770746e+00 -7.183489694318454077e+00 1.609049745358711547e+01 -1.845419838340816909e+00 -9.929209617101770746e+00 -1.845419838340816909e+00 -7.356579193648866699e+00
3.382972778490826471e+01 8.188360541455184105e+00 9.119518966681805949e+00 8.188360541455184105e+00 5.746974955187812206e+00 -1.660645780520248493e+01 9.119518966681805949e+00 -1.660645780520248493e+01 -4.690767088634572701e+01
-4.864920222154581353e+01 -3.857592287993864666e+00 -4.358099570949589996e+00 -3.857592287993864666e+00 -5.100087421597685733e+01 1.601297329353975130e+01 -4.358099570949589996e+00 1.601297329353975130e+01 -2.918534020563474130e+01
-4.167795107193079218e+01 -1.847951442397872679e+00 -1.976935258192382916e+00 -1.847951442397872679e+00 -1.647563189411280860e+01 7.013209726249591824e+00 -1.976935258192382916e+00 7.013209726249591824e+00 -4.893509339243944112e+01
6.871667697671973052e+00 -5.789132703600636809e+00 1.488125623066886227e+00 -5.789132703600636809e+00 3.006638268003917602e+01 3.657210517222561741e+00 1.488125623066886227e+00 3.657210517222561741e+00 -2.648274567017856285e+01
9.066869715085282166e+00 -1.407302910513584493e+01 8.101208888949079423e+00 -1.407302910513584493e+01 1.942750496952109529e+01 -2.263875149863769920e+00 8.101208888949079423e+00 -2.263875149863769920e+00 6.337080517438926641e+00
-2.988532662486657054e-01 -1.517787744598746258e+01 1.265262235156351167e+01 -1.517787744598746258e+01 5.627607111632356940e+00 6.201842362257356633e+00 1.265262235156351167e+01 6.201842362257356633e+00 -1.197623027874009694e+01
-2.823102478696068118e+00 -3.944768520866668737e+00 7.288474175118530241e+00 -3.944768520866668737e+00 -1.537844722840136846e+01 -1.507660823224757785e+01 7.288474175118530241e+00 -1.507660823224757785e+01 -2.074795405709527074e+01
7.442250044692025668e+00 1.984712703135656398e+01 5.236969046103959080e+00 1.984712703135656398e+01 4.046131518879856337e+00 1.877948899852852804e+01 5.236969046103959080e+00 1.877948899852852804e+01 -5.598090565712483979e+00
-5.107078000255008909e+00 -1.350695476579114285e+01 -1.938332348358168389e+01 -1.350695476579114285e+01 -2.265031190202852684e+01 -6.706694767186935913e-01 -1.938332348358168389e+01 -6.706694767186935913e-01 -3.798176688731250294e+01
6.959766827403788625e+01 -5.854435430064562240e+00 -3.376509650393356043e+00 -5.854435430064562240e+00 5.731284582510649983e+01 -3.601489105029262561e+00 -3.376509650393356043e+00 -3.601489105029262561e+00 7.221425923754357257e+01
8.222881485100840493e+00 3.955001736724713890e+00 -4.465775368480889185e+00 3.955001736724713890e+00 -2.759873648047867500e-01 -3.147362455991771668e+00 -4.465775368480889185e+00 -3.147362455991771668e+00 -5.112771842715541482e+01
2.057243352342296916e+01 1.841013269922555651e+00 -2.766480603192883692e+00 1.841013269922555651e+00 1.677014824797899450e+01 -2.531810033082210865e+00 -2.766480603192883692e+00 -2.531810033082210865e+00 7.393049906219509637e+00
1.393806244808788364e+01 -3.372356864146125677e+00 9.450254690162569915e+00 -3.372356864146125677e+00 3.406612581350445979e+00 2.003153693041798888e+01 9.450254690162569915e+00 2.003153693041798888e+01 -1.333717982456529727e+00
3.712575023557974419e+01 -3.185077287872696949e+00 8.484932193479696849e+00 -3.185077287872696949e+00 4.226910833578313742e+01 2.233544666332619499e+01 8.484932193479696849e+00 2.233544666332619499e+01 -1.115574949134838434e+01
-9.144643337882641276e+00 -9.420356137816266795e+00 9.690674461150008412e+00 -9.420356137816266795e+00 -1.569969570683112359e+01 -2.053372655481820797e+00 9.690674461150008412e+00 -2.053372655481820797e+00 -4.097042592507797565e+01
-9.490489470635450786e+00 2.953561892956432455e+00 -6.249838753926684198e+00 2.953561892956432455e+00 -5.086955121077476605e+00 -6.846553684689866692e+00 -6.249838753926684198e+00 -6.846553684689866692e+00 3.773141664746330726e+00
1.336024898295972818e+01 -9.343212391524849281e+00 -5.382086714564562335e+00 -9.343212391524849281e+00 -1.125888167556744079e+01 -3.701595909387214167e+00 -5.382086714564562335e+00 -3.701595909387214167e+00 -3.674350173311526646e+01
-1.467842243477272213e+01 4.650870755268452506e+00 1.330800142197964853e+01 4.650870755268452506e+00 5.942344861763074887e-02 -2.316317197034731823e+00 1.330800142197964853e+01 -2.316317197034731823e+00 -6.087306347965193254e+01
5.080460585508791382e+01 -2.363126874737818639e+01 -1.422957422370960900e+00 -2.363126874737818639e+01 4.964152267652933403e+01 2.358089745281298555e+00 -1.422957422370960900e+00 2.358089745281298555e+00 1.506121400270387056e+01
5.033735351825995963e+00 -2.661254491279056822e+01 1.249395826067892301e+01 -2.661254491279056822e+01 9.065643561507791048e+00 -1.399209613044522449e+01 1.249395826067892301e+01 -1.399209613044522449e+01 -2.928389643525676433e+01
-4.350038629581340466e+00 -4.764015382319328751e+00 -2.514671032873438516e+00 -4.764015382319328751e+00 -1.368154010620959582e+01 -1.116981322206482652e+01 -2.514671032873438516e+00 -1.116981322206482652e+01 2.759172280268753852e+01
1.503349621952137394e+00 6.040451032979984092e+00 -7.420400269878252963e+00 6.040451032979984092e+00 6.335560439606505945e+00 1.000682020165081676e+00 -7.420400269878252963e+00 1.000682020165081676e+00 -4.175940102320029723e+01
-1.068024168154055253e+01 -1.566684946232783204e+01 -6.085974775900386824e+00 -1.566684946232783204e+01 -3.766527768178301017e+01 1.634415709653761439e+01 -6.085974775900386824e+00 1.634415709653761439e+01 -6.517962744708673029e+01
-7.722903718296845632e+00 8.488657524321503445e+00 1.786043435710717109e+00 8.488657524321503445e+00 2.811468938529296135e+00 -7.069776752934060937e+00 1.786043435710717109e+00 -7.069776752934060937e+00 -1.121811277099647697e+01
-5.148445997323329948e+01 -1.203209030769064469e+01 1.017812846227770329e+01 -1.203209030769064469e+01 -4.199009753475078810e+01 2.405649617126220108e-01 1.017812846227770329e+01 2.405649617126220108e-01 1.367055881160053055e+01
7.360047255414727374e+00 8.251052459262419703e+00 -2.970395073655762275e+00 8.251052459262419703e+00 1.962541217704030316e+01 -6.500474375406744443e+00 -2.970395073655762275e+00 -6.500474375406744443e+00 2.038642516092257395e+01
-1.095856354373071495e+00 9.296833229657069708e+00 1.420300635463033245e+01 9.296833229657069708e+00 -2.356495176901110966e+01 1.446280462214928875e+01 1.420300635463033245e+01 1.446280462214928875e+01 -1.190629311090073017e+01
5.489543079259978420e+00 -2.201505846885664308e+00 2.633052640674756972e+01 -2.201505846885664308e+00 -5.001213870687345242e+00 -6.108183658885109502e+00 2.633052640674756972e+01 -6.108183658885109502e+00 -1.594527222672418709e+01
-4.779372393426942978e+01 1.075442751097424460e-01 -1.833553202169897922e+00 1.075442751097424460e-01 -6.020502047060435302e+01 -5.376010799389697725e-01 -1.833553202169897922e+00 -5.376010799389697725e-01 -5.451751170826221937e+01
8.259002996653239670e-01 1.019240645448154514e-01 -1.117818848296098011e+01 1.019240645448154514e-01 3.560177470396319421e+01 1.393356436511209662e+00 -1.117818848296098011e+01 1.393356436511209662e+00 -3.346767688556843723e+01
9.861714888359976783e+00 7.303183547776642470e+00 -2.112024427520213266e+01 7.303183547776642470e+00 6.465078231565401623e+00 -6.159343959357583387e+00 -2.112024427520213266e+01 -6.159343959357583387e+00 2.056119582669168278e+00
-1.927252908699218281e+01 8.008578764234147940e+00 7.450242170302201927e+00 8.008578764234147940e+00 -8.108525167346433804e+00 -1.045509974128452813e+00 7.450242170302201927e+00 -1.045509974128452813e+00 -1.350714885484963723e+01
1.549145302519817946e+01 4.569047724635330043e-01 -1.893683576423051129e-01 4.569047724635330043e-01 1.407010309565915307e+01 7.035861128837762601e-01 -1.893683576423051129e-01 7.035861128837762601e-01 2.083936451497441666e+01
3.489060437892068478e+01 6.085286923489499067e-01 -7.081161184928558283e-01 6.085286923489499067e-01 2.361686086417240560e+01 2.328850819702658892e-01 -7.081161184928558283e-01 2.328850819702658892e-01 3.352143495065168111e+01
-6.916658382640326508e+00 -1.582060504222135844e+00 1.842345419960529584e+00 -1.582060504222135844e+00 -2.337611105337038353e+01 6.956814561439311762e-01 1.842345419960529584e+00 6.956814561439311762e-01 -4.493833416984535489e+01
2.137777901007422088e+01 1.469911188974347027e+01 1.084957822832321561e+01 1.469911188974347027e+01 1.976021830055389472e+01 -3.176125810021046103e+00 1.084957822832321561e+01 -3.176125810021046103e+00 5.010992170770959042e+00
6.431100951764017637e+00 1.626728903288086769e+01 -4.629346651443912997e+00 1.626728903288086769e+01 -2.088597537333264853e+01 3.207614058146830427e+00 -4.629346651443912997e+00 3.207614058146830427e+00 -5.850416167369826326e+01
3.864147173999992901e+01 -9.471577659245907554e+00 -5.094378542479089944e+00 -9.471577659245907554e+00 4.078993521253001830e+01 -5.204696532149983845e+00 -5.094378542479089944e+00 -5.204696532149983845e+00 4.715344446975026216e+01
2.167336706518797840e+01 -5.343970906583634495e+00 3.479014668561538848e+00 -5.343970906583634495e+00 1.006918472661860697e+01 -7.485378966449276916e+00 3.479014668561538848e+00 -7.485378966449276916e+00 1.131347896813139720e+01
-3.802150767844169277e+00 -3.352770889879732152e+00 1.034216927902104288e+00 -3.352770889879732152e+00 4.410072332477231782e+01 -8.450866263926060995e+00 1.034216927902104288e+00 -8.450866263926060995e+00 -2.981433653428256036e+01
2.210865117186917861e-01 1.569069140161469988e+01 -3.013946287691120496e+00 1.569069140161469988e+01 2.086696990891771186e+00 -5.321210346503412181e-01 -3.013946287691120496e+00 -5.321210346503412181e-01 -9.758938045958748475e+00
1.039619497821743366e+01 -5.186184486719620068e+00 9.665437480853697139e+00 -5.186184486719620068e+00 -8.726076777098601411e-01 1.537610284852403586e+00 9.665437480853697139e+00 1.537610284852403586e+00 -3.901312963764364383e+01
6.133175225642824557e+01 2.283770193677322169e+01 8.923221871485104373e+00 2.283770193677322169e+01 3.941760353419054042e+01 4.620812180479426878e+00 8.923221871485104373e+00 4.620812180479426878e+00 -2.388691762615802716e+01
