4.462358691094525653e+01 2.098842388270689252e+00 -9.624748483430800583e-01 2.098842388270689252e+00 1.707081921683607462e+01 1.536651359740992362e+01 -9.624748483430800583e-01 1.536651359740992362e+01 -2.754501089513449585e+01
3.835090855170864899e+01 -3.002491668735379093e+00 7.531954660674221813e+00 -3.002491668735379093e+00 1.985853600577428324e+01 2.291668546288826658e+00 7.531954660674221813e+00 2.291668546288826658e+00 2.547643891101906632e+01
9.773086674800330442e+00 1.666048374763618867e+01 -5.245317512796842330e+00 1.666048374763618867e+01 -2.437466789717393567e+01 5.857045631206121428e+00 -5.245317512796842330e+00 5.857045631206121428e+00 1.448338443987325164e+01
1.328905612449345064e+01 3.726087915512007243e+00 2.110599080687748375e-01 3.726087915512007243e+00 6.910018410415204038e+00 8.103504788158504724e+00 2.110599080687748375e-01 8.103504788158504724e+00 -4.648171119676796970e+00
4.577829868959451431e+00 -6.462182990285165296e+00 1.005886687659443801e+01 -6.462182990285165296e+00 7.624680413783153199e+00 -3.126544096777258197e+00 1.005886687659443801e+01 -3.126544096777258197e+00 1.598446152191440994e+01
2.761742405994056071e+01 6.687152254629322723e-01 1.963434485831250909e+00 6.687152254629322723e-01 2.658098475396820248e+01 5.180777663055563531e-01 1.963434485831250909e+00 5.180777663055563531e-01 3.296257909234213201e+01
-1.944759171033357248e+01 8.408214457272642051e+00 6.460720932659712368e+00 8.408214457272642051e+00 -2.815828346328678933e+01 1.125772851040467870e+01 6.460720932659712368e+00 1.125772851040467870e+01 -2.809576609709398554e+01
3.959082937437715088e+01 -1.790439469504717440e+00 -2.541156656880859011e+00 -1.790439469504717440e+00 8.640897272708874866e+00 -5.320351423187296369e+00 -2.541156656880859011e+00 -5.320351423187296369e+00 -3.087768258570486424e+01
6.127961480385075710e+00 -1.153048438924429764e+00 -4.899151022518252852e+00 -1.153048438924429764e+00 3.117242669982665415e+00 1.081004884234965546e+00 -4.899151022518252852e+00 1.081004884234965546e+00 4.316623173498582489e+00
3.208787450875187375e+01 1.305032829200223077e+01 7.411846551507231595e+00 1.305032829200223077e+01 2.524600674589316185e+01 1.340833184888875040e+00 7.411846551507231595e+00 1.340833184888875040e+00 -1.289977239551448207e+01
9.719241340471533874e+00 -1.745314947666766869e+00 6.509242064614125134e+00 -1.745314947666766869e+00 5.878100899567426652e+00 -3.015562202374262868e-01 6.509242064614125134e+00 -3.015562202374262868e-01 7.069298129005154863e+00
4.708309045024905437e+00 4.729209945639031965e+00 4.443701484344901864e-01 4.729209945639031965e+00 7.119792619496216446e+00 5.100413448766807911e-02 4.443701484344901864e-01 5.100413448766807911e-02 3.962994263377266346e+00
2.072581332474667448e+01 -3.618828792055881927e+00 -7.080957093295848992e+00 -3.618828792055881927e+00 1.325219270703299834e+01 9.299530155304816859e+00 -7.080957093295848992e+00 9.299530155304816859e+00 2.252654077147638745e+01
2.448187675334169811e+01 1.268505139547924010e+01 1.097522135716621072e+01 1.268505139547924010e+01 2.485704938595942437e+01 1.281181493744240818e+01 1.097522135716621072e+01 1.281181493744240818e+01 2.870289933674410676e+01
5.539492664696747681e+01 1.026291783607504904e+01 -2.319857947668189624e+01 1.026291783607504904e+01 4.495366022102886205e+01 -2.743432560584067037e+00 -2.319857947668189624e+01 -2.743432560584067037e+00 -1.137567044101734481e+01
-9.672373014442582573e+00 -1.650909117465363951e-01 -2.735865618745064509e+00 -1.650909117465363951e-01 -1.631459132667331957e+01 4.940965204482070661e+00 -2.735865618745064509e+00 4.940965204482070661e+00 -4.094547773399770563e+01
3.209725594134364979e+00 -4.483971727533870855e-01 -3.763275128029243355e+00 -4.483971727533870855e-01 -2.266671318045257522e+01 2.611393644726789809e+00 -3.763275128029243355e+00 2.611393644726789809e+00 -9.340825608724482976e+00
1.602263068879230090e+00 -2.353752802314404313e+00 1.035654492894455636e+01 -2.353752802314404313e+00 1.192427368520218778e+01 3.494723026317153036e-01 1.035654492894455636e+01 3.494723026317153036e-01 1.194042365480182433e+01
5.314930078236327660e+01 1.406422882664703700e+01 7.885914134986214741e+00 1.406422882664703700e+01 4.374227102750113971e+01 -1.359474198997894590e+01 7.885914134986214741e+00 -1.359474198997894590e+01 3.644712065556767300e+01
-2.637863643853837559e+01 -4.354798081076203253e+00 1.144769133817777629e+01 -4.354798081076203253e+00 -2.033470821922760052e+01 -7.598576741573674020e+00 1.144769133817777629e+01 -7.598576741573674020e+00 -3.217346866714492393e+01
2.582100588901593241e+01 3.562592908788838386e+00 -2.880127834873226211e-01 3.562592908788838386e+00 1.393862991239880067e+01 -6.982710978070045371e+00 -2.880127834873226211e-01 -6.982710978070045371e+00 9.747675530490472084e+00
2.075265261139437456e+01 1.457128813436470605e+00 7.519007872454572805e+00 1.457128813436470605e+00 1.018403773417044889e+01 4.302174230217040041e+00 7.519007872454572805e+00 4.302174230217040041e+00 1.389898749808101686e+00
-7.210260727749474796e+00 1.167225875957176129e+01 1.014009072779865051e+01 1.167225875957176129e+01 -3.558637167419318104e+01 -1.227529415447033045e+01 1.014009072779865051e+01 -1.227529415447033045e+01 -2.568542828044454041e+01
2.943915740152601046e+00 -4.890648493487159243e+00 -8.035659203509071702e+00 -4.890648493487159243e+00 -3.501685384328561135e-01 1.263401608215555472e+00 -8.035659203509071702e+00 1.263401608215555472e+00 -1.661430389563408383e+01
-1.416221194257802019e+00 1.402851703117137028e+00 -1.740563412553453870e-01 1.402851703117137028e+00 -1.114343738621714408e+01 1.720847691060542473e-01 -1.740563412553453870e-01 1.720847691060542473e-01 -4.943327313854651095e+01
3.339312162197452238e+01 -1.530264606106726966e+01 -5.442571231501143636e+00 -1.530264606106726966e+01 2.773780831232036448e+00 6.771686586653530959e+00 -5.442571231501143636e+00 6.771686586653530959e+00 2.786348289274720713e+01
-3.334674701700681254e+01 4.597290735288503405e-01 9.214965878608275318e+00 4.597290735288503405e-01 -3.489237510421781963e+01 -5.934961228173782466e+00 9.214965878608275318e+00 -5.934961228173782466e+00 -6.595826636613031724e+01
3.204839913817961872e+01 -1.951000815288422530e+01 -1.601720295849393461e+00 -1.951000815288422530e+01 3.654992754878642813e+01 4.485140778139157902e+00 -1.601720295849393461e+00 4.485140778139157902e+00 1.729962146831707237e-01
2.353227644011122521e+01 2.911921512268219381e+00 -7.089579779860382125e+00 2.911921512268219381e+00 2.473048318349001207e+01 -3.866835756295282422e+00 -7.089579779860382125e+00 -3.866835756295282422e+00 9.026106968158341459e+00
-1.403624687067748233e+01 -1.682571939759213819e+00 -7.253219653842468695e+00 -1.682571939759213819e+00 -5.799929145071271996e+00 1.292179518715475162e+01 -7.253219653842468695e+00 1.292179518715475162e+01 -6.262818002079640678e+01
1.255186479027652791e+00 9.066959065917976623e-01 -2.579275092282676241e+01 9.066959065917976623e-01 6.748528936492435015e+00 -7.840651048278616919e+00 -2.579275092282676241e+01 -7.840651048278616919e+00 -2.258669865677324751e+01
1.088959593132159576e+01 -4.024038833857985331e+00 2.994287702407878893e+00 -4.024038833857985331e+00 1.489761726315117940e+01 -6.600645038811470577e+00 2.994287702407878893e+00 -6.600645038811470577e+00 1.843864463730671943e+01
5.080353946377578467e+01 -9.376866030679549269e+00 -8.593101681126599445e+00 -9.376866030679549269e+00 2.713767676998438816e+01 1.001186975606717589e+01 -8.593101681126599445e+00 1.001186975606717589e+01 -2.493151535011190489e+01
5.788991848011640684e+00 3.222344022842437372e+00 2.022259687629611502e+00 3.222344022842437372e+00 1.450090088542970967e+01 8.068481455394987734e+00 2.022259687629611502e+00 8.068481455394987734e+00 1.608815560397403388e+01
5.074905019488544866e+01 1.240867349763185246e+01 6.133502113721838178e+00 1.240867349763185246e+01 3.737964202672197445e+01 -8.993030005525776360e+00 6.133502113721838178e+00 -8.993030005525776360e+00 -1.169458045879875030e+01
-3.187995556193651492e+00 3.095895949410297998e+00 9.557398406529738821e+00 3.095895949410297998e+00 -3.254220479886296147e+01 1.046715146194978630e+01 9.557398406529738821e+00 1.046715146194978630e+01 -3.576447364003173846e+01
-4.205332514957128609e+01 2.097916422497142719e+00 -1.321591083659413890e+01 2.097916422497142719e+00 -4.188459288032780847e+01 2.333461698061108436e+01 -1.321591083659413890e+01 2.333461698061108436e+01 -3.755811588670226087e+01
2.322951888770450068e+01 3.886474813464412259e-01 6.886735760100644477e+00 3.886474813464412259e-01 2.764972783994725702e+01 1.400781442738129101e+00 6.886735760100644477e+00 1.400781442738129101e+00 2.266113208594373774e+01
2.555752511648146097e+00 -8.209608719582625724e+00 8.406801907999769341e+00 -8.209608719582625724e+00 -1.381617986680861776e+01 -1.062802373006472223e+01 8.406801907999769341e+00 -1.062802373006472223e+01 -1.401458494107042796e+01
2.164796768678349537e+01 1.236362544239096550e+01 1.205114440992603564e+00 1.236362544239096550e+01 2.312494411263411465e+01 -3.622068464072187410e+00 1.205114440992603564e+00 -3.622068464072187410e+00 2.671723555616779322e+01
2.419623518964067088e+01 3.092814624335995521e+00 -1.311143989725754899e+01 3.092814624335995521e+00 3.294355968460020101e+00 2.192536797009077887e+01 -1.311143989725754899e+01 2.192536797009077887e+01 -4.746744126083570592e+01
-4.111182301301500530e+00 -8.361932816218047293e+00 1.734672871711006037e+00 -8.361932816218047293e+00 -2.371071310484531836e+01 -6.453795635903163408e+00 1.734672871711006037e+00 -6.453795635903163408e+00 -4.327708500878780029e+01
6.674023044965897711e+00 -5.938433542680184196e+00 -5.115331347796511885e+00 -5.938433542680184196e+00 1.309399895541634251e+01 1.784797625964020806e+00 -5.115331347796511885e+00 1.784797625964020806e+00 1.101426413211154198e+01
3.604427874002095677e+01 1.089467761194556461e+00 2.922990320912252304e+00 1.089467761194556461e+00 2.941172847006731672e+01 -1.511279238742091202e+01 2.922990320912252304e+00 -1.511279238742091202e+01 -1.529402551981966063e+01
1.796695181716686207e+01 3.985555342900953590e+00 -3.221549692194202841e+00 3.985555342900953590e+00 1.170950942514645732e+01 -1.114727847681314188e+01 -3.221549692194202841e+00 -1.114727847681314188e+01 2.700874584713223836e+00
1.760017010824573447e+01 -6.528609014744705952e-02 7.518991337247923568e+00 -6.528609014744705952e-02 2.131397217901304941e+01 -4.084669720382861691e+00 7.518991337247923568e+00 -4.084669720382861691e+00 2.355146879138031935e+01
-2.773875972817191737e+01 4.978669223979436675e-01 -3.403248622715261185e+00 4.978669223979436675e-01 -2.097857953594225222e+01 -3.317022440664359806e+00 -3.403248622715261185e+00 -3.317022440664359806e+00 -3.547811396069537437e+01
-7.502801776319913074e+00 2.274881854331896935e+00 -5.474940267477109712e-01 2.274881854331896935e+00 -3.919385826362696279e-01 -9.565494654874312275e+00 -5.474940267477109712e-01 -9.565494654874312275e+00 -7.956589686047373711e+00
-1.336211074984377234e+01 2.004793181779445543e+00 1.717270984207719176e+00 2.004793181779445543e+00 -1.054881893800326864e+01 -2.330979150528356580e+00 1.717270984207719176e+00 -2.330979150528356580e+00 -1.459547483089697018e+01
2.571404220598876478e+01 3.377223761494678733e+00 -5.093925880641034354e+00 3.377223761494678733e+00 3.543853665732070368e+01 2.515008232038042912e+00 -5.093925880641034354e+00 2.515008232038042912e+00 -3.640983483440505353e+01
3.467766166033550945e+01 -4.776538467689904088e+00 -4.422027143460313781e+00 -4.776538467689904088e+00 1.866092236085772171e+01 -6.429107082732462786e+00 -4.422027143460313781e+00 -6.429107082732462786e+00 -4.596565079392036779e+01
-1.940211210579088430e+01 2.379891815793410970e-01 1.163646926701753237e-01 2.379891815793410970e-01 -1.735861856249986346e+01 -8.780466302185634397e-01 1.163646926701753237e-01 -8.780466302185634397e-01 2.105073732750485149e+01
4.359172402921508649e+00 -2.661452251864983243e+00 -1.369966256311138153e+01 -2.661452251864983243e+00 2.940845454660593994e+00 2.088109140464601055e+00 -1.369966256311138153e+01 2.088109140464601055e+00 -1.190205778576912721e+01
1.059945254451568708e+01 1.306063054876294061e+01 -1.513313859282879470e+01 1.306063054876294061e+01 -1.013868010874776360e+01 -1.174104452170352175e+01 -1.513313859282879470e+01 -1.174104452170352175e+01 -3.356353739969342342e+01
6.405169836031191721e+01 6.643435808995475256e+00 -1.468007576587185881e+01 6.643435808995475256e+00 5.595325133706062104e+01 -5.039553153006333552e+00 -1.468007576587185881e+01 -5.039553153006333552e+00 5.298623084452098908e+01
4.851679957896078577e+01 -2.052924715237205877e+00 1.148632073891692329e+01 -2.052924715237205877e+00 3.403254357357531035e+01 -8.685076449719050018e+00 1.148632073891692329e+01 -8.685076449719050018e+00 4.315732840950966320e+00
2.198631132763079776e+01 1.414617232308034711e-01 -9.500083063793374194e+00 1.414617232308034711e-01 2.528493693844423618e+01 3.517124530716694952e+00 -9.500083063793374194e+00 3.517124530716694952e+00 3.378443495575373845e+01
-9.392167675681134753e+00 2.765952871715063210e+00 6.093022406804896818e+00 2.765952871715063210e+00 -5.320407307394190433e-01 -9.667918893411885151e+00 6.093022406804896818e+00 -9.667918893411885151e+00 -2.164393765463887576e+01
-4.470665884981825045e+00 9.942098288740503165e+00 -7.671312355494895208e+00 9.942098288740503165e+00 1.369564382716004047e+01 9.578729233529967857e+00 -7.671312355494895208e+00 9.578729233529967857e+00 -6.413365199747882173e+01
1.946712963281025566e+01 -3.214648417261939617e+00 -2.730162155513056188e+00 -3.214648417261939617e+00 1.803631449250074326e+01 3.732685069169543901e+00 -2.730162155513056188e+00 3.732685069169543901e+00 3.085542520390848753e-01
2.706892637766631804e+00 -8.834717547157010742e+00 -4.297032835776875004e+00 -8.834717547157010742e+00 -9.473793510105673832e+00 -1.153766285690142368e+01 -4.297032835776875004e+00 -1.153766285690142368e+01 -6.391762464173361913e+00
5.092059112632355777e+01 -5.677368799048673864e+00 -8.839396921317550948e+00 -5.677368799048673864e+00 3.869232390951076184e+01 -4.387788220737129485e+00 -8.839396921317550948e+00 -4.387788220737129485e+00 -2.069278041503585186e+01
3.709321012675661677e+01 -2.334733846252274869e+00 -1.635087794005345652e+00 -2.334733846252274869e+00 3.159819817393611530e+01 -2.917594947942559358e+00 -1.635087794005345652e+00 -2.917594947942559358e+00 3.958200267205095457e+01
-4.138733337559828840e+01 1.729950139767382211e+00 -2.036774637850369629e+01 1.729950139767382211e+00 -3.671022189475590380e+01 -1.530725856487701186e+01 -2.036774637850369629e+01 -1.530725856487701186e+01 -5.925263435695016057e+01
2.667316872439556619e+01 3.866683848371067000e+01 1.850964339010092274e+01 3.866683848371067000e+01 -1.764175862089395252e+00 1.273307054143615957e+01 1.850964339010092274e+01 1.273307054143615957e+01 -4.496302101062033074e+01
4.098747862225506822e+01 -1.703996993043301345e+01 -2.354066797909892372e+01 -1.703996993043301345e+01 6.246826793957717427e+01 -1.143424251451248708e+01 -2.354066797909892372e+01 -1.143424251451248708e+01 -2.223756688810103554e+01
-2.134205681885820738e+01 -1.265691630552242986e+00 -3.957116165923478590e+00 -1.265691630552242986e+00 -1.740552591356864554e+01 1.002931871572518041e+01 -3.957116165923478590e+00 1.002931871572518041e+01 -2.018763933420873968e+01
-5.305094384701775745e+00 1.507916763828715290e+01 -1.362706127300060643e+01 1.507916763828715290e+01 -2.882403897276779503e+01 2.144441880258310107e+01 -1.362706127300060643e+01 2.144441880258310107e+01 -3.720951122161083902e+01
-2.149766522980340966e+01 -1.282926145241621008e+01 1.226729955424245944e+01 -1.282926145241621008e+01 -1.229351125088849983e+01 -1.000504753208335806e+01 1.226729955424245944e+01 -1.000504753208335806e+01 7.150824383700293829e+00
1.574648860146534446e+01 8.474269372552020840e+00 6.374370025840365273e+00 8.474269372552020840e+00 2.462808484122006369e+00 6.365271338506514054e-01 6.374370025840365273e+00 6.365271338506514054e-01 -3.646185402203703774e+01
-3.682053611541115856e+01 1.027045679147433610e+01 8.533424645225776928e+00 1.027045679147433610e+01 -3.319485480395813681e+01 -9.523385399848578459e+00 8.533424645225776928e+00 -9.523385399848578459e+00 3.090527707719146733e+01
1.801844761441527254e+01 1.446694246437452369e+00 -6.126094591940664635e+00 1.446694246437452369e+00 3.443253402046003941e+01 9.960872043893136407e+00 -6.126094591940664635e+00 9.960872043893136407e+00 -3.254387789304800549e+01
-7.600397732043534305e+00 -3.292210535174265651e+00 -1.843597186272573962e+00 -3.292210535174265651e+00 -4.727387040160458298e+00 -2.928185864741779110e-01 -1.843597186272573962e+00 -2.928185864741779110e-01 -1.541822353125418665e+01
2.566899985171348320e+01 -4.882092393555477750e-01 -6.040180545926833844e+00 -4.882092393555477750e-01 2.265706635379622469e+01 7.722549678386765315e-01 -6.040180545926833844e+00 7.722549678386765315e-01 2.201052404441800547e+01
-2.085665154153794987e+01 7.855402049272698584e+00 -1.411836465197384038e+00 7.855402049272698584e+00 -2.293060040980922309e+01 -6.359456617872333295e-01 -1.411836465197384038e+00 -6.359456617872333295e-01 -1.193132462057038934e+00
1.206550882938769220e+01 -6.786790583466225435e+00 -1.036316446736003538e+00 -6.786790583466225435e+00 8.447306904207119160e-01 3.526341271614522377e+00 -1.036316446736003538e+00 3.526341271614522377e+00 -2.492204380962827592e+00
3.483567823089043003e+01 2.079267101849534338e+00 3.390498223923688048e+00 2.079267101849534338e+00 3.602100267388380672e+01 -4.086075014635736635e-01 3.390498223923688048e+00 -4.086075014635736635e-01 3.797034340546311171e+01
4.958833386226638851e+01 8.119826730064363396e-01 -4.154065094561679494e+00 8.119826730064363396e-01 2.952861144151603412e+01 -3.196936904809632551e+00 -4.154065094561679494e+00 -3.196936904809632551e+00 1.553075267782541324e+01
-3.908776380976681231e-01 -1.641970222188879447e+00 1.708788805497757934e+01 -1.641970222188879447e+00 8.073229722880883585e+00 7.264495511105385717e+00 1.708788805497757934e+01 7.264495511105385717e+00 -4.492544301351393443e+01
4.708780227821367248e+01 8.986515874228054201e+00 -7.533486541623587662e+00 8.986515874228054201e+00 3.001925719498210299e+01 -3.863637877057896297e+00 -7.533486541623587662e+00 -3.863637877057896297e+00 3.592286208238359979e+00
3.946425859311700979e+00 2.901316988895571436e-01 -1.372340401688111333e+00 2.901316988895571436e-01 4.860431438559236206e+00 6.317899610978662928e+00 -1.372340401688111333e+00 6.317899610978662928e+00 9.560984958672504419e+00
-5.206309323021215185e+00 -1.455298491118700799e+00 4.621592689795399167e+00 -1.455298491118700799e+00 -3.215308753094320071e+00 1.508955318673211643e+00 4.621592689795399167e+00 1.508955318673211643e+00 -8.057761309316326503e+00
7.460134384470193503e+00 -1.686837414547956104e+00 2.690011895504675010e+00 -1.686837414547956104e+00 7.198703503359048739e+00 7.039436487036092593e+00 2.690011895504675010e+00 7.039436487036092593e+00 1.264347406794645634e+00
-2.792870287684563380e+01 7.875591101991132881e+00 6.954362899669430220e+00 7.875591101991132881e+00 -3.748016762416977343e+01 3.575508396169146508e+00 6.954362899669430220e+00 3.575508396169146508e+00 -6.303591700476146542e+01
4.604518072696503594e+01 -8.855332011097678091e+00 -9.207632321091129057e+00 -8.855332011097678091e+00 1.264621194968270323e+01 1.422323463383952458e+01 -9.207632321091129057e+00 1.422323463383952458e+01 1.414598965201655822e+01
2.094331980884248523e+01 -1.510125638248178248e+01 -8.803354797684795230e+00 -1.510125638248178248e+01 -1.537786122779145170e+00 4.152193195893482347e+00 -8.803354797684795230e+00 4.152193195893482347e+00 -3.450680435008401759e+01
3.820839714044213764e+01 -6.002584732246941002e+00 1.344557124836689654e+00 -6.002584732246941002e+00 3.883416295233227800e+01 -5.155541868056817023e+00 1.344557124836689654e+00 -5.155541868056817023e+00 2.397555588934029558e+01
3.939199861699459859e+01 1.149996736277994458e+01 2.150007210000871360e+00 1.149996736277994458e+01 2.934719716896988118e+01 -1.014972304652038382e+01 2.150007210000871360e+00 -1.014972304652038382e+01 5.506262697917606808e+00
3.525451096337078871e-01 -5.565532442383499756e+00 -4.260580316149491509e+00 -5.565532442383499756e+00 -1.944625740058290031e+00 -5.874824655601952550e+00 -4.260580316149491509e+00 -5.874824655601952550e+00 3.045507164604791317e+00
3.315654421041776345e+01 -1.360984606839408473e+00 9.626561669340014671e-01 -1.360984606839408473e+00 2.197448808821249955e+01 -6.354798733218078866e-01 9.626561669340014671e-01 -6.354798733218078866e-01 1.822950360445289064e+01
2.960213133913643446e+01 -6.875969269361956293e+00 -2.646795857019960785e+00 -6.875969269361956293e+00 4.644776820561663300e+01 -4.763617244582567523e+00 -2.646795857019960785e+00 -4.763617244582567523e+00 5.608324106003703946e+01
8.540638160024796033e-01 1.162877373854579410e+01 -4.012736532807243073e+00 1.162877373854579410e+01 -1.132175328791573499e+01 1.455126175143685474e+00 -4.012736532807243073e+00 1.455126175143685474e+00 -3.019520458904562688e+01
3.678179506800990595e+01 3.619125456750430736e+00 8.941771920682886066e-01 3.619125456750430736e+00 3.711475605286633339e+01 1.078432614896192243e+00 8.941771920682886066e-01 1.078432614896192243e+00 2.858838044814192969e+01
1.118480062788806251e+01 4.015930787005781433e+00 4.017531505718322515e-01 4.015930787005781433e+00 1.480681156865997750e+01 -5.214467220128606861e+00 4.017531505718322515e-01 -5.214467220128606861e+00 6.706275756095910978e+00
1.607413552274570989e+01 -7.037405048791793405e+00 1.413254642062529598e+00 -7.037405048791793405e+00 2.051862114542489479e+01 -1.706962951130295947e+00 1.413254642062529598e+00 -1.706962951130295947e+00 2.365099162899223373e+01
4.549080576633669892e+01 6.545364166828046004e-01 1.672764002437095554e+00 6.545364166828046004e-01 4.453051140779155759e+01 1.926971595593966313e+01 1.672764002437095554e+00 1.926971595593966313e+01 3.905728680639126260e+00
3.908061455885324875e+01 2.192626495808963938e+01 -4.550865755544752034e+00 2.192626495808963938e+01 1.903761642030418244e+01 7.178620250882477904e+00 -4.550865755544752034e+00 7.178620250882477904e+00 6.663935508980016742e+00
6.541004381382554689e-01 -2.506534014727903603e+00 -4.120594572052949545e+00 -2.506534014727903603e+00 3.923322709381907192e+00 7.287943468652376966e-01 -4.120594572052949545e+00 7.287943468652376966e-01 -3.521838672168736917e+00
1.105187113147239764e+01 1.138563413761112031e+01 -3.005865716716398794e-01 1.138563413761112031e+01 1.031832872525538036e+01 8.606047854759964366e+00 -3.005865716716398794e-01 8.606047854759964366e+00 1.421518695715965386e+01
-4.399340550393003468e+01 1.390087638519892543e+01 7.155374676219595109e+00 1.390087638519892543e+01 -2.851156840461177566e+01 2.716786685381189503e+00 7.155374676219595109e+00 2.716786685381189503e+00 2.301782654075479684e+01
