-1.214176446602276194e+00 3.266773171857157987e+00 -1.233955078184814624e+01 3.266773171857157987e+00 1.712211318230572132e+01 -1.910257162389269325e+01 -1.233955078184814624e+01 -1.910257162389269325e+01 -3.321181811483675972e+01
-7.304503551876141643e+00 3.223869603764503466e+01 -2.358043448860057723e+01 3.223869603764503466e+01 -7.117203129824675401e+00 8.429642266248809079e+00 -2.358043448860057723e+01 8.429642266248809079e+00 -2.174143683577728936e+01
-6.523573950471190130e+01 1.290507490045899175e+01 -1.293428102658199208e+01 1.290507490045899175e+01 -6.017170930044031962e+01 9.985134429143404100e-01 -1.293428102658199208e+01 9.985134429143404100e-01 -9.862832775793528128e+01
8.349204255328130486e+00 5.510314778271651726e+00 6.033181763600748981e-01 5.510314778271651726e+00 6.567919504553877630e+00 -4.270661804952881724e+00 6.033181763600748981e-01 -4.270661804952881724e+00 5.203765492512385293e+00
4.627304045883865768e+01 -1.181545789703069005e+01 6.313861794371717018e+00 -1.181545789703069005e+01 3.907799235132329585e+01 -6.321300218652226022e+00 6.313861794371717018e+00 -6.321300218652226022e+00 -8.554187922584662873e-01
5.024614029051084430e+01 4.155491214019546575e+00 1.475843519340148724e+01 4.155491214019546575e+00 1.417499580660401470e+01 -5.437454207342543588e-01 1.475843519340148724e+01 -5.437454207342543588e-01 -3.124556439352836001e+00
-1.063512467145795881e+01 5.624840939399550876e+00 9.345527097243392589e+00 5.624840939399550876e+00 -2.945725667729877983e+01 3.011659743388245047e+00 9.345527097243392589e+00 3.011659743388245047e+00 3.745780523549122165e+01
-3.660566066200641444e+01 -8.531791368143540666e+00 7.400095186753977039e+00 -8.531791368143540666e+00 -1.939871985933782739e+01 2.392421925531466709e+00 7.400095186753977039e+00 2.392421925531466709e+00 -7.221815592006548457e+01
-9.610774356964890686e+00 -6.938165241819092444e+00 -2.593245384840900947e+00 -6.938165241819092444e+00 -1.315258149654140674e+01 2.890229700806092428e+00 -2.593245384840900947e+00 2.890229700806092428e+00 3.765435480421263748e+00
-1.412317971767283886e+01 -1.245037974723022067e+01 -3.476996021209503684e+00 -1.245037974723022067e+01 4.435226338247352018e+00 -1.039100967695211875e+00 -3.476996021209503684e+00 -1.039100967695211875e+00 -2.847139797619863089e+01
-2.319127855073895716e+01 -2.048916145401738387e+00 8.697511375003593059e+00 -2.048916145401738387e+00 -3.679293060617338540e+01 -1.512568360035564607e+00 8.697511375003593059e+00 -1.512568360035564607e+00 -3.536428197165199805e+01
-1.210415944523079723e+01 6.268330152471777161e+00 6.869601178281860010e-01 6.268330152471777161e+00 4.665143292716932955e+00 -1.734127111194188497e+00 6.869601178281860010e-01 -1.734127111194188497e+00 1.325384475631999592e+01
-1.125448844977681162e+01 -9.249799977744415092e-01 2.494984243030491822e+00 -9.249799977744415092e-01 -3.468459241894839096e+01 2.379488811741891752e+00 2.494984243030491822e+00 2.379488811741891752e+00 -1.035519227013776167e+01
2.506031913909225395e+01 2.830486363986829179e+00 -5.982229135257453034e-01 2.830486363986829179e+00 1.435462046198537500e+01 -3.163346348865983870e+00 -5.982229135257453034e-01 -3.163346348865983870e+00 1.734086771201326727e+01
5.442368337976924764e+00 9.660819554743158122e+00 6.683541910920149043e+00 9.660819554743158122e+00 1.581967343473066379e+01 -1.103141651568037318e+01 6.683541910920149043e+00 -1.103141651568037318e+01 -2.469577663344894347e+01
3.593135763597619103e+01 1.694332662847875781e+01 4.138744807477296561e+00 1.694332662847875781e+01 3.846294794377242710e+01 -1.106752124300739482e+01 4.138744807477296561e+00 -1.106752124300739482e+01 3.647363941393966513e+01
5.885582510141160739e+00 1.784081455134298499e+00 7.316886945653092944e+00 1.784081455134298499e+00 6.672468837291272159e+00 1.504229315595976857e+01 7.316886945653092944e+00 1.504229315595976857e+01 -5.939129824679951319e+00
-1.270187519762528972e+01 1.183639370311070138e+01 2.911724032149646035e+00 1.183639370311070138e+01 1.195579203231148924e+01 1.770494669708247537e+00 2.911724032149646035e+00 1.770494669708247537e+00 2.184139219553534872e+01
-6.967213545497111582e+00 -1.517774610352842402e+01 -7.617945149361570856e+00 -1.517774610352842402e+01 -2.522026124137016723e+01 -3.240190289121940292e-01 -7.617945149361570856e+00 -3.240190289121940292e-01 -4.321244264318944772e+01
-3.389470751068634158e+00 -8.520402691304941101e+00 -4.981539655018560886e+00 -8.520402691304941101e+00 -1.581576050689514901e+01 1.625648107630660311e-01 -4.981539655018560886e+00 1.625648107630660311e-01 -5.312528421830815972e+01
2.774613227540571714e+01 1.115847388985993049e+01 -3.958255037857066672e+00 1.115847388985993049e+01 1.375099189220152773e+01 -4.270451019369811085e+00 -3.958255037857066672e+00 -4.270451019369811085e+00 -1.420142691306146432e+01
-2.405013948285941439e+01 1.055514254607486357e+01 1.872882011983804773e+01 1.055514254607486357e+01 -4.914825585115380591e+01 4.181316542225327559e+00 1.872882011983804773e+01 4.181316542225327559e+00 2.090712915780899195e+01
-5.762085290628694567e-01 -2.729259705792226764e+00 -1.175789580653315092e+01 -2.729259705792226764e+00 -3.620011005970583007e+00 -3.502817378104873036e+00 -1.175789580653315092e+01 -3.502817378104873036e+00 -1.034509433972904446e+01
1.529218242101046243e+01 -2.956866018743423474e+00 6.414440953696640690e+00 -2.956866018743423474e+00 1.790471748972944255e+01 4.561859312806515021e+00 6.414440953696640690e+00 4.561859312806515021e+00 -2.925155547186896143e+01
4.909815289231956115e+01 -6.911708094762094134e+00 -9.390201424526228635e+00 -6.911708094762094134e+00 4.840065092968141869e+01 2.575516076985124059e+01 -9.390201424526228635e+00 2.575516076985124059e+01 1.353718808651467143e+01
1.480202877602413203e+01 6.327906447425404757e+00 7.353419128818758921e+00 6.327906447425404757e+00 -3.285374751498749024e+00 6.916235638828235999e+00 7.353419128818758921e+00 6.916235638828235999e+00 -2.950949106916007736e+01
-1.244942765465257217e+01 6.301263899840992444e+00 -6.018378752514433883e-01 6.301263899840992444e+00 -1.382913273278407118e+01 1.116450335777018310e+01 -6.018378752514433883e-01 1.116450335777018310e+01 -5.402585661594491739e+01
-2.728535554466999358e+00 9.021869300725762209e-01 2.568373867384641684e+00 9.021869300725762209e-01 -1.909179803740625181e-02 -8.420906966232767132e+00 2.568373867384641684e+00 -8.420906966232767132e+00 -1.581787926946045353e+01
2.663954843836946651e+01 -2.223714804102870701e+01 -1.414227001900751368e+01 -2.223714804102870701e+01 2.426343312504184269e+01 -3.138988979947596292e+00 -1.414227001900751368e+01 -3.138988979947596292e+00 -1.970802427193593687e+01
-4.399045165537327762e+01 2.638995937721080876e-01 5.128806940990373597e+00 2.638995937721080876e-01 -3.387016010056468218e+01 -1.450011567207710428e+01 5.128806940990373597e+00 -1.450011567207710428e+01 -5.962739926658357348e+01
-4.737353300121950639e+01 2.464211591379907418e+00 1.995213218056558269e+00 2.464211591379907418e+00 -2.147119768236912307e+01 8.380455350748773569e+00 1.995213218056558269e+00 8.380455350748773569e+00 4.672949389707674328e+01
2.185660227325215388e+01 7.504098153055019260e+00 -5.419362379625567883e+00 7.504098153055019260e+00 7.642507634976929864e+00 -6.433441209999065435e+00 -5.419362379625567883e+00 -6.433441209999065435e+00 1.344801833815895087e+01
-8.495074665256585433e+01 -6.696529797695409236e+00 -2.532116738554555546e+00 -6.696529797695409236e+00 -4.953917109289501042e+01 -1.499653765355861346e+01 -2.532116738554555546e+00 -1.499653765355861346e+01 -1.555037589813530685e+00
1.319600289743675958e+01 -5.940835342454474421e+00 -9.204266555138392647e+00 -5.940835342454474421e+00 2.607802949520434410e+01 -2.221397822610038097e-01 -9.204266555138392647e+00 -2.221397822610038097e-01 -3.233528707953520431e+00
-1.588886662050546938e+01 -5.063938804528797633e+00 5.123412555668279467e+00 -5.063938804528797633e+00 -4.195909837317172020e+01 7.512536310915050031e+00 5.123412555668279467e+00 7.512536310915050031e+00 1.122801249539685564e+01
-4.175812090126311915e+01 -2.812056491855571938e+00 -1.666590992632898960e+01 -2.812056491855571938e+00 -6.366057927373958591e+01 7.175426404351028964e+00 -1.666590992632898960e+01 7.175426404351028964e+00 -7.522061290708818149e+01
-1.394493625836035733e+01 -1.226205037537477160e+01 7.265514078477933069e+00 -1.226205037537477160e+01 -1.144501715722126356e+01 -1.627506946421923839e+00 7.265514078477933069e+00 -1.627506946421923839e+00 1.189901806693703890e+01
-8.628505872809294486e-01 -1.197870856213112134e+01 3.528625300196622572e+00 -1.197870856213112134e+01 -5.468541018940769938e+00 -8.970822325579579370e+00 3.528625300196622572e+00 -8.970822325579579370e+00 -2.195715330868769399e+01
-2.671103012344206462e+01 1.200340206329981285e+01 1.149386694053010771e+01 1.200340206329981285e+01 -3.038117344911233531e+00 -2.770732715996368167e+00 1.149386694053010771e+01 -2.770732715996368167e+00 -3.397928647241162992e+01
1.713112867097056125e+01 1.168962625978519831e+01 4.128605426178236115e+00 1.168962625978519831e+01 1.387565847205432767e+01 2.669770886889489603e+00 4.128605426178236115e+00 2.669770886889489603e+00 -3.104525768153168741e+01
1.895011660377512541e+01 8.538758386952542523e+00 1.347489783927612272e+01 8.538758386952542523e+00 -2.411572577162090880e+01 3.257518598557918921e+00 1.347489783927612272e+01 3.257518598557918921e+00 -3.709295788346873479e+01
-3.293303939694308013e+01 1.176160336196368839e+01 -3.667659849842793474e+00 1.176160336196368839e+01 -2.745334540464365602e+01 -3.010237600041242079e+00 -3.667659849842793474e+00 -3.010237600041242079e+00 -6.226769688661595126e+01
1.534963014825304839e+01 -5.451074147112459301e+00 -8.208270696836954983e+00 -5.451074147112459301e+00 1.549922745830303228e+01 2.610007781861029486e+01 -8.208270696836954983e+00 2.610007781861029486e+01 -9.617533445876272680e+00
2.287618307853270494e+01 5.659992880050382924e-01 -1.705444502543376117e+01 5.659992880050382924e-01 2.351060410604602424e+01 -3.819113911738886813e+00 -1.705444502543376117e+01 -3.819113911738886813e+00 -2.659265736051466078e+01
4.120880765061372841e+01 -3.427122737619193948e+00 -9.977840599059641491e+00 -3.427122737619193948e+00 4.415365353869757570e+01 1.190452271602538303e+00 -9.977840599059641491e+00 1.190452271602538303e+00 1.419448255575219520e+01
5.469922560839657422e+01 7.067518692644306988e+00 1.535970406437515479e+00 7.067518692644306988e+00 5.963081396427730141e+01 8.650922681033391681e-01 1.535970406437515479e+00 8.650922681033391681e-01 3.576902782160358640e+01
-2.031929527112604106e+01 1.456380862547431931e+01 6.052025488794781083e+00 1.456380862547431931e+01 -2.361609153124010874e+01 -6.507868483848185726e+00 6.052025488794781083e+00 -6.507868483848185726e+00 -4.348956845007305105e+01
-1.488524341635020320e+01 3.950970969166913704e+00 1.387936529603884139e+00 3.950970969166913704e+00 -3.902131829861107803e+01 1.823268475089647955e+00 1.387936529603884139e+00 1.823268475089647955e+00 -1.568150115241559028e+01
-1.144083438444088152e+01 -3.399951762683038670e+00 -4.236495710531384518e+00 -3.399951762683038670e+00 -2.140730504363441966e+01 8.169829909032362281e+00 -4.236495710531384518e+00 8.169829909032362281e+00 -7.961453281435278972e-01
-3.855836167575520790e+01 -9.901574842901425200e+00 1.146712337152255845e+00 -9.901574842901425200e+00 -3.826194448023397143e+01 1.378795435565001704e+01 1.146712337152255845e+00 1.378795435565001704e+01 -4.854308039165040611e+01
-3.137602353332627914e+01 -6.742323889079059107e+00 -5.884855138018191489e+00 -6.742323889079059107e+00 -1.400842138705547413e+01 5.361224072966269683e-01 -5.884855138018191489e+00 5.361224072966269683e-01 -5.497613025201611237e+01
3.624112254193151728e+01 6.696959957626406279e+00 -8.662190678640280694e+00 6.696959957626406279e+00 2.915086671996369461e+01 1.678359703993272056e+00 -8.662190678640280694e+00 1.678359703993272056e+00 1.219344042630426550e+01
3.358989165507072983e+01 -8.066973037871093766e+00 1.929570085784541078e+01 -8.066973037871093766e+00 2.065626703639927442e+01 2.839917716007669402e+00 1.929570085784541078e+01 2.839917716007669402e+00 -5.356830346620769845e+00
1.030516145441617226e+01 -5.925989813484963342e+00 1.380968471112084295e+01 -5.925989813484963342e+00 1.567884127480652623e+01 2.055058429249986318e+01 1.380968471112084295e+01 2.055058429249986318e+01 -3.291480048360343691e+00
3.299895380276533619e+00 6.393070669617908486e+00 -2.744352723698916474e+00 6.393070669617908486e+00 -4.353778098162445431e+00 -1.230775992542218233e+01 -2.744352723698916474e+00 -1.230775992542218233e+01 -1.815271702966951040e+01
3.005284659567586303e+01 -4.163338346799063672e+00 6.465814721691250933e-01 -4.163338346799063672e+00 1.596412377308310582e+01 6.543601085707879683e+00 6.465814721691250933e-01 6.543601085707879683e+00 1.806201493912392309e+01
-3.295327272093016546e+01 -6.569253676538752695e-02 -1.284376270742363246e+01 -6.569253676538752695e-02 -6.820971799976908834e+00 -8.099850877743620003e+00 -1.284376270742363246e+01 -8.099850877743620003e+00 2.405442681853807940e+01
-2.153752232249324550e+01 1.033115066370637880e+00 8.576211182196342708e-01 1.033115066370637880e+00 2.390852633328651056e+00 1.086614561678439195e+01 8.576211182196342708e-01 1.086614561678439195e+01 -2.453745613544239035e+01
-7.772818078345005155e+00 1.330261443313695402e+01 -1.039025822596935988e+01 1.330261443313695402e+01 -4.719756274805547713e-01 -7.334333604425482100e+00 -1.039025822596935988e+01 -7.334333604425482100e+00 -5.544866228767210359e+00
-2.698531286936363216e+01 1.731330833793663260e+01 9.443911342175773660e-01 1.731330833793663260e+01 -3.896081315090813746e+01 -1.390929411630065182e+01 9.443911342175773660e-01 -1.390929411630065182e+01 -4.962253011324578011e+01
-3.612601502257123798e+01 -4.166958467008127442e+00 8.438506435557102670e-01 -4.166958467008127442e+00 -2.028163715583287185e+01 -4.149521707769650902e+00 8.438506435557102670e-01 -4.149521707769650902e+00 -2.749604582818096787e+01
-9.262696330105745640e-03 -7.338894847390169396e-01 -1.571276204505331009e+00 -7.338894847390169396e-01 3.162866316289083990e+00 -3.873303294166750899e+00 -1.571276204505331009e+00 -3.873303294166750899e+00 -1.396918298672597736e+01
-1.309420623374277781e+01 -3.358107385007878420e+00 -2.568707088011803474e+00 -3.358107385007878420e+00 -4.817037638838506552e+01 -1.056344509027196032e+01 -2.568707088011803474e+00 -1.056344509027196032e+01 2.667644833404000160e+00
8.885872622305157620e+00 -2.340652051347424045e+00 -1.994214652377339636e-01 -2.340652051347424045e+00 -9.914795257305982545e+00 -8.446110801847943605e+00 -1.994214652377339636e-01 -8.446110801847943605e+00 -4.352324073903764656e+01
1.110774017352683174e+01 -1.605020991930091867e+01 -2.173173591862842713e+01 -1.605020991930091867e+01 1.116616262561166550e+01 -2.076432862631316656e+00 -2.173173591862842713e+01 -2.076432862631316656e+00 -2.857757341323004141e+01
1.252666161278295931e+01 -7.797186134204437735e+00 -2.958812799230970114e+01 -7.797186134204437735e+00 1.078342160203614064e+01 -1.173157405853537449e+00 -2.958812799230970114e+01 -1.173157405853537449e+00 -1.640736486719788800e+01
-4.179748070071436672e+00 -4.724992871956056106e+00 -5.040564361600935683e+00 -4.724992871956056106e+00 4.301867622645728417e+00 -1.009545313223201823e+01 -5.040564361600935683e+00 -1.009545313223201823e+01 1.674032371848037215e+01
-2.787926302428421721e+01 -8.837948304607170513e+00 1.504338430955250061e+01 -8.837948304607170513e+00 -2.756341160680052749e+00 -1.928871629454233627e+01 1.504338430955250061e+01 -1.928871629454233627e+01 -5.005016192544089648e+01
4.205466238337021423e+01 4.153958374013019927e+00 -2.414899951280725432e+00 4.153958374013019927e+00 4.382881985008251036e+01 1.962611748645063159e+01 -2.414899951280725432e+00 1.962611748645063159e+01 1.367598956062933624e+01
5.555548153013339885e+01 -2.463042919857308721e+00 -9.544705197042883782e+00 -2.463042919857308721e+00 6.943370995642190735e+01 3.170175130890659609e+00 -9.544705197042883782e+00 3.170175130890659609e+00 1.621515442115827099e+01
3.697935766944456759e+01 -6.999164239796383136e+00 -2.083424809388171983e+00 -6.999164239796383136e+00 4.261063095894790109e+01 5.125589868298803253e+00 -2.083424809388171983e+00 5.125589868298803253e+00 -2.034505277341364149e+01
1.035027972731213275e+01 -7.954499129474851493e+00 -1.124502738312169470e+01 -7.954499129474851493e+00 6.914957654356684635e+00 -2.431105761058514503e+00 -1.124502738312169470e+01 -2.431105761058514503e+00 2.839842130781431351e+01
1.368395506940092332e+01 -1.057569455510672540e+01 1.359447102087381731e+00 -1.057569455510672540e+01 1.995103332427898124e+01 1.246695939815077381e+01 1.359447102087381731e+00 1.246695939815077381e+01 -2.645030629041892922e+01
6.395163325531122211e+00 5.369490778049105906e+00 3.271018043414938514e+00 5.369490778049105906e+00 5.258085939766790062e+00 9.278329324025119007e+00 3.271018043414938514e+00 9.278329324025119007e+00 -1.464014140653801022e+01
-1.138100822317606919e+01 -4.908674195732974921e-01 3.613216090229628197e+00 -4.908674195732974921e-01 -4.986934723211445819e-01 -8.635179645832828044e+00 3.613216090229628197e+00 -8.635179645832828044e+00 -3.963558037101167031e+01
1.736551537159674030e+00 -2.471180941214567106e+00 -2.823131645775515786e+00 -2.471180941214567106e+00 -1.188631870178218719e+01 1.694485227926885429e+01 -2.823131645775515786e+00 1.694485227926885429e+01 -2.157828573131622818e+01
-9.925712259689845496e+00 -2.778785904806808205e+01 1.356030073901358213e+00 -2.778785904806808205e+01 -9.118010822149397177e-01 7.941737718134072921e+00 1.356030073901358213e+00 7.941737718134072921e+00 -1.705069836798158178e+01
3.373096341165402023e+00 -1.165998340928818422e+01 -1.322253156471437840e+01 -1.165998340928818422e+01 3.078662308920332080e+01 -8.589155237965567125e+00 -1.322253156471437840e+01 -8.589155237965567125e+00 -2.475393821518883897e+01
-2.204793055738169372e+01 5.033388257990029757e+00 1.446353771641016372e+01 5.033388257990029757e+00 4.666259911540339367e+00 -4.787478222554117480e+00 1.446353771641016372e+01 -4.787478222554117480e+00 -3.320716047823219697e+01
-4.102475856251033548e+01 2.696197498654532154e+01 -1.372786500966600487e+00 2.696197498654532154e+01 -2.535963407615379950e+01 6.039713640321033417e+00 -1.372786500966600487e+00 6.039713640321033417e+00 -4.335268664026942531e+01
2.192094177778374942e+01 -4.883073751478764102e+00 9.043073779452125427e-01 -4.883073751478764102e+00 1.548062664616391970e+01 -2.165179540808663816e+00 9.043073779452125427e-01 -2.165179540808663816e+00 3.614205558618369812e-02
-2.222205397998060405e+01 7.039225134384862415e+00 9.684752426153048432e+00 7.039225134384862415e+00 -3.874333076963393552e+01 1.362431022783645851e+01 9.684752426153048432e+00 1.362431022783645851e+01 -2.664684791934831054e+01
-1.213913364613756229e+01 8.418694867618734534e+00 7.185548112656512387e+00 8.418694867618734534e+00 -1.611532027913692744e+01 -2.432827793669729566e+00 7.185548112656512387e+00 -2.432827793669729566e+00 -5.856762737348661929e+00
4.401876755021900323e+01 -4.859135732775984873e-01 -1.637003592121065720e+00 -4.859135732775984873e-01 3.798273093137137835e+01 -2.328910817021902779e-01 -1.637003592121065720e+00 -2.328910817021902779e-01 2.409412458807640789e+01
6.022746636362595751e+01 2.190888864205393460e+01 -2.227502899202092324e-01 2.190888864205393460e+01 2.764366256183404502e+01 1.606266647595274932e+00 -2.227502899202092324e-01 1.606266647595274932e+00 4.718637154191293703e+00
-1.580765011879299387e+01 4.131420548544643800e+00 -4.310923421093087349e+00 4.131420548544643800e+00 8.746030442621257617e-01 4.412641715537205522e-01 -4.310923421093087349e+00 4.412641715537205522e-01 8.107354281647859651e+00
1.079323836062998687e+01 5.425816809976718780e+00 -5.731313599874827247e+00 5.425816809976718780e+00 1.831784908438969239e+00 -3.194873207776860902e+00 -5.731313599874827247e+00 -3.194873207776860902e+00 -1.365424662696240299e+00
3.130847617196980792e+00 1.330993745951727192e+01 -7.709115325284833453e+00 1.330993745951727192e+01 1.451877733952231075e+01 -4.810808087788698728e+00 -7.709115325284833453e+00 -4.810808087788698728e+00 -4.983961380223024817e-01
5.213741905141682054e+01 1.553170866558981977e+01 4.257834721707533632e+00 1.553170866558981977e+01 5.431280467087444919e+01 -1.670843959348596419e+00 4.257834721707533632e+00 -1.670843959348596419e+00 2.296906448549055924e+01
3.275314128231537580e+01 -9.279460432897650435e+00 -1.535298057515901426e+01 -9.279460432897650435e+00 1.231357728514315575e+01 -2.894758110323481404e+00 -1.535298057515901426e+01 -2.894758110323481404e+00 -2.079699540254852508e+01
3.923772152863440255e+01 -8.408174865463628578e+00 3.887232660826450914e+00 -8.408174865463628578e+00 4.628698497696753122e+01 1.333508857622878097e+01 3.887232660826450914e+00 1.333508857622878097e+01 1.353110000701155968e+01
-1.492642375517628750e+01 2.960309888757045815e+00 3.652346888763099653e+00 2.960309888757045815e+00 -3.504533380722413938e+01 -3.996314608509181632e+00 3.652346888763099653e+00 -3.996314608509181632e+00 -1.382655286032009911e+01
-1.356003389121848990e+01 -4.513473427667147320e+00 -2.410692722009325717e+00 -4.513473427667147320e+00 -1.569368439716203767e+01 -1.328445548488361538e+01 -2.410692722009325717e+00 -1.328445548488361538e+01 7.213495714419400073e+00
-4.828079765139917612e+01 9.083592171156653627e-01 -3.252495230531732506e+00 9.083592171156653627e-01 -2.139528281360700390e+01 2.304741667446438547e-01 -3.252495230531732506e+00 2.304741667446438547e-01 -1.643284257453774444e+01
2.187635586150520339e+00 -1.356546981074742420e-01 2.503463450590076925e-02 -1.356546981074742420e-01 -1.730100932462567087e+01 5.882578799251366730e-01 2.503463450590076925e-02 5.882578799251366730e-01 -6.990310948270296088e+00
-2.958740281987827814e+01 -8.757253530959918209e+00 3.464103143074417801e+00 -8.757253530959918209e+00 -2.970766960205999041e+01 2.548200771646627771e+01 3.464103143074417801e+00 2.548200771646627771e+01 -5.213201821224613042e+01
8.572442496461167849e+00 -1.797864616728907627e+00 2.441546816996551428e+01 -1.797864616728907627e+00 -9.442308743511685920e-01 -6.916975913057256342e+00 2.441546816996551428e+01 -6.916975913057256342e+00 -4.825176959558542933e+01
1.052427804518471888e+01 2.898657151818290423e+00 -4.326076519955626587e+00 2.898657151818290423e+00 -1.542490276145874617e+01 -6.450558818169396247e+00 -4.326076519955626587e+00 -6.450558818169396247e+00 1.512456094373266602e+01
4.430107089619888683e+01 4.495843861569042588e+00 4.188338652060791034e+00 4.495843861569042588e+00 3.898983127479890243e+01 3.031461086826656715e+00 4.188338652060791034e+00 3.031461086826656715e+00 1.977837063545619500e+01
-3.991761613502885098e+01 3.094891389185496777e+00 2.316503391897785491e+01 3.094891389185496777e+00 -1.763290955540523441e+01 -5.099598042021898925e-01 2.316503391897785491e+01 -5.099598042021898925e-01 -5.508320850400638591e+01
