5.776974128280709664e+00 -1.825753153251715499e+00 -1.849939187129945539e+00 -1.825753153251715499e+00 -4.338942452493736113e+00 -3.134994546737773780e-01 -1.849939187129945539e+00 -3.134994546737773780e-01 1.512774457165759401e+01
8.344404193521315349e+00 2.664694502851264968e+00 1.243166582258077923e+01 2.664694502851264968e+00 -5.151574936845202046e+01 -6.084090291365296999e+00 1.243166582258077923e+01 -6.084090291365296999e+00 -9.383488529979491233e+00
-4.390142828536865949e+01 -6.412395573980238517e+00 1.846685535522246013e+01 -6.412395573980238517e+00 -7.842256290504589344e+01 3.743004223868978686e-01 1.846685535522246013e+01 3.743004223868978686e-01 -5.954370478627421903e+01
1.310161561446515677e+01 -2.461616736640097614e+00 2.069713004911975851e+00 -2.461616736640097614e+00 -3.327045504917680141e+00 -3.371940014950697284e-01 2.069713004911975851e+00 -3.371940014950697284e-01 1.694301077024936930e+01
6.809279491717806820e+01 1.354488620073195904e+01 1.369391403137996477e+01 1.354488620073195904e+01 2.399216932890270471e+01 6.444422530130472282e+00 1.369391403137996477e+01 6.444422530130472282e+00 6.625092599561902773e+01
2.326796457162621934e+01 -6.555399991697877127e+00 6.980231387966134626e+00 -6.555399991697877127e+00 1.177901332292022474e+01 -3.877882280449719943e+00 6.980231387966134626e+00 -3.877882280449719943e+00 -2.430991278753014573e+00
-2.828796979615237461e+00 -5.849676809861094284e+00 3.519966273074899288e-01 -5.849676809861094284e+00 -3.045437497516159908e+01 5.803592064097488290e+00 3.519966273074899288e-01 5.803592064097488290e+00 -1.614073096329902057e+01
-5.499562130986695996e-01 -5.563556672421606564e+00 8.658227347180655897e+00 -5.563556672421606564e+00 -2.766668315664550182e+00 7.081910319471391269e+00 8.658227347180655897e+00 7.081910319471391269e+00 5.972804834009255437e+00
3.733475101303582022e+01 3.858602754208515506e+00 1.223339555942874135e+01 3.858602754208515506e+00 1.522572994737232932e+01 3.465648000793458472e+00 1.223339555942874135e+01 3.465648000793458472e+00 3.561268744394164543e+01
-1.118032879519883593e+01 9.870116284048553457e-01 1.352799415641117609e+00 9.870116284048553457e-01 -3.092398339822078057e+01 4.726954309204128180e+00 1.352799415641117609e+00 4.726954309204128180e+00 3.527257162965410586e+00
-7.227157259005631218e+00 5.059612019834160979e-01 3.210492263148789771e+00 5.059612019834160979e-01 -2.035146380879278993e+01 2.650554879079105586e+00 3.210492263148789771e+00 2.650554879079105586e+00 1.053264958548258790e+01
3.869354517619123079e+00 1.201131757234968944e+01 4.124195844407408273e+00 1.201131757234968944e+01 -1.949032458705947946e+01 9.364251311879323580e-01 4.124195844407408273e+00 9.364251311879323580e-01 -2.056055095998023674e+01
3.109852916558459057e+01 5.209955264119146001e+00 9.750741566665384497e+00 5.209955264119146001e+00 -4.962453430985356739e+00 -2.857114196420027952e+00 9.750741566665384497e+00 -2.857114196420027952e+00 2.957463672388652043e+01
-1.636071362635779636e+01 1.498098071156414690e+00 1.203468754723492928e+01 1.498098071156414690e+00 -3.104666225979473637e+01 -2.413331990938132776e+00 1.203468754723492928e+01 -2.413331990938132776e+00 -1.243212050694590509e+01
1.370874223895665267e+01 7.162772171503063667e+00 1.434175657613799082e+01 7.162772171503063667e+00 -9.602316004453875564e+00 -7.413478430962951116e+00 1.434175657613799082e+01 -7.413478430962951116e+00 2.599538890235541899e+01
-6.356558098461525752e+00 3.303680805083987426e+00 1.774933641914839910e+01 3.303680805083987426e+00 -3.991660542504791209e+01 3.611213944602910342e+00 1.774933641914839910e+01 3.611213944602910342e+00 1.943662274940325574e+01
2.661685042024690695e+00 -6.417909939454383483e+00 2.716137318044923865e-01 -6.417909939454383483e+00 -1.265403710095702294e+01 5.990647106021020463e+00 2.716137318044923865e-01 5.990647106021020463e+00 1.762369869383798715e+01
3.154502783575048852e+01 2.288809973425023792e+00 1.313758851796370841e+01 2.288809973425023792e+00 1.348117373150723530e+01 -2.057679078276076723e+01 1.313758851796370841e+01 -2.057679078276076723e+01 2.776173984200133660e+01
-3.839301519810888852e+00 -5.122122606255835819e+00 5.386534670191311935e-01 -5.122122606255835819e+00 -1.531367006119562468e+01 1.136737504841702107e+00 5.386534670191311935e-01 1.136737504841702107e+00 -5.025817809399401037e-01
1.435494051207625610e+01 -1.975587749692651940e+00 2.723854870056759481e+01 -1.975587749692651940e+00 -3.676956672042133789e+01 1.368916791801296462e+01 2.723854870056759481e+01 1.368916791801296462e+01 1.525228303620153625e+01
4.073552782318210319e+01 -2.621516018731971265e+00 1.008006397942664734e+01 -2.621516018731971265e+00 -1.155408004763643603e+01 1.027538434618847596e+01 1.008006397942664734e+01 1.027538434618847596e+01 2.406575724010599515e+01
3.802099787884279891e+01 -3.728029398514445703e+00 3.868233102450131522e+00 -3.728029398514445703e+00 3.011622785305120686e+01 -2.091629098700751588e-01 3.868233102450131522e+00 -2.091629098700751588e-01 5.880034394697680966e+01
6.475090986642396018e+00 -3.906034667672667826e+00 -1.079438455158810761e+00 -3.906034667672667826e+00 -9.780710129799819796e+00 3.885445884805620587e+00 -1.079438455158810761e+00 3.885445884805620587e+00 5.905964761647227057e+00
-3.895888545550916238e+00 -3.749394592155824935e+00 3.785600433035254841e+00 -3.749394592155824935e+00 8.402556422512154344e-02 1.295014280874051238e+01 3.785600433035254841e+00 1.295014280874051238e+01 9.544160216092707927e+00
-4.150913279399898181e-01 2.792151628985396705e+00 3.051467820870894521e+00 2.792151628985396705e+00 -1.443825295643611462e+01 2.498697864031440119e+00 3.051467820870894521e+00 2.498697864031440119e+00 -4.005544712988170275e+00
2.803002084399195581e+01 8.630027237698493225e-01 3.262780718236160116e+00 8.630027237698493225e-01 1.816331732463554260e+01 -1.511696323256985997e+00 3.262780718236160116e+00 -1.511696323256985997e+00 4.088447814258517354e+01
-3.281490188899166327e+01 3.911928274058789068e+00 -3.181045284927364047e+00 3.911928274058789068e+00 -4.493704406552392072e+01 1.720043722006654452e+00 -3.181045284927364047e+00 1.720043722006654452e+00 -2.224975000191455976e+01
3.015310373750536144e+01 1.655385481534515435e+01 1.142175149224331276e+00 1.655385481534515435e+01 -7.065686866580048076e+00 -1.014458208358533220e+01 1.142175149224331276e+00 -1.014458208358533220e+01 1.037019351382587118e+01
3.405483630163654851e+01 -2.067588530920563716e+00 -2.005154831364177159e+00 -2.067588530920563716e+00 3.171153751298490775e+01 3.076844659455031827e+00 -2.005154831364177159e+00 3.076844659455031827e+00 4.175815975741637232e+01
2.886616316310103514e+01 -5.314419088474482855e+00 4.618515570877949727e+00 -5.314419088474482855e+00 2.337386480679807832e+01 -1.283629892452325727e+00 4.618515570877949727e+00 -1.283629892452325727e+00 3.753298371302867054e+01
-1.191036400727623512e+00 -4.831372926800045597e+00 -5.545324511970568082e+00 -4.831372926800045597e+00 -1.307870542055443863e+01 1.707810417899192634e+00 -5.545324511970568082e+00 1.707810417899192634e+00 1.096540498078583781e+01
2.609423485862307146e+01 -8.927547505034567621e+00 1.342889198288889574e+01 -8.927547505034567621e+00 1.272567038366018899e+01 3.734361581971235022e+00 1.342889198288889574e+01 3.734361581971235022e+00 3.470994922135565020e+01
4.325627398660502365e+01 2.990399393862690491e+00 1.031429051174005984e+01 2.990399393862690491e+00 -2.189084254712270905e+01 -3.444483236363016232e+00 1.031429051174005984e+01 -3.444483236363016232e+00 3.294659761804504683e+01
4.962212625430182555e+01 -9.349211555088497994e-01 1.649289351480119459e+00 -9.349211555088497994e-01 4.230144887998394410e+01 2.270407305024757960e+00 1.649289351480119459e+00 2.270407305024757960e+00 5.709881179376362326e+01
2.084603075556992202e+00 -3.358616806861247195e+00 -1.160462141212665471e-01 -3.358616806861247195e+00 1.747978082560931901e+00 3.355596250699957039e+00 -1.160462141212665471e-01 3.355596250699957039e+00 2.092140962297377627e+01
2.438417150811862300e+01 -7.137428088200993059e+00 2.534330958513159260e+00 -7.137428088200993059e+00 2.837519516118607399e+01 5.292890024072563371e+00 2.534330958513159260e+00 5.292890024072563371e+00 2.301714917529262650e+01
3.180228842742700124e+01 1.151455830788021650e+01 1.573037368815058956e+00 1.151455830788021650e+01 -1.017516482252900545e+01 1.999034093820423408e+01 1.573037368815058956e+00 1.999034093820423408e+01 7.540248683104628036e+00
-1.561996426775752056e+01 -7.297121578267431019e+00 1.103776201534195955e+01 -7.297121578267431019e+00 -4.335387856919943061e+01 -5.516200827602173895e+00 1.103776201534195955e+01 -5.516200827602173895e+00 -6.772535234855077135e+00
2.985039306630704559e+01 -7.350408411858946778e+00 -2.580710603004320536e+00 -7.350408411858946778e+00 2.599405973904655553e+01 2.132234635877356066e+00 -2.580710603004320536e+00 2.132234635877356066e+00 3.487288835032683920e+01
3.719840846628088116e+01 -1.618753226358498054e+00 7.374782837371790523e-01 -1.618753226358498054e+00 2.288986714433496061e+01 1.190074843845036368e+00 7.374782837371790523e-01 1.190074843845036368e+00 4.029369317590151667e+01
-1.611831238937762834e+01 -1.713459034596984898e+00 7.972221643632839694e+00 -1.713459034596984898e+00 -3.250568205351229523e+01 3.692961603257462144e+00 7.972221643632839694e+00 3.692961603257462144e+00 -1.118548779502044077e+01
-4.086000150475912918e+00 -2.858694671702570744e+00 2.556882263971158586e+00 -2.858694671702570744e+00 -5.550553716577042884e+00 1.503939580178756730e+00 2.556882263971158586e+00 1.503939580178756730e+00 1.244828555484540855e+00
-1.600197927758568950e+00 -1.044237879158622928e-01 6.311805859921744144e+00 -1.044237879158622928e-01 -1.764312192444642591e+01 -3.169016179777034203e+00 6.311805859921744144e+00 -3.169016179777034203e+00 1.402141073907838908e+01
-2.132888219779574257e+01 -6.780401714297646265e+00 9.697426088712152392e+00 -6.780401714297646265e+00 -2.805598463542875010e+01 -6.579619730141401668e+00 9.697426088712152392e+00 -6.579619730141401668e+00 -1.543272801033497110e+01
2.592221629964037888e+01 -1.137990935523227343e+01 6.866431186765146855e+00 -1.137990935523227343e+01 6.372064229306737992e+00 -1.100122068130235498e+00 6.866431186765146855e+00 -1.100122068130235498e+00 2.800618238086449452e+01
4.287256772447809539e+01 -2.275788888083678074e+00 5.816105507294901500e+00 -2.275788888083678074e+00 3.654499228518616150e+01 4.563523151574415238e+00 5.816105507294901500e+00 4.563523151574415238e+00 6.017399783852396666e+01
2.311233473647629211e+00 1.332463593465808316e+01 1.088034594522515874e+01 1.332463593465808316e+01 -3.021847518918801878e+00 3.558354085171834935e+00 1.088034594522515874e+01 3.558354085171834935e+00 2.545640464967837957e+01
2.885528105717528291e+01 2.044234217761762840e-01 1.137471241749775963e+01 2.044234217761762840e-01 3.183103013304953421e+01 2.569004620741367262e+00 1.137471241749775963e+01 2.569004620741367262e+00 3.751679351531790729e+01
3.154913597006257575e+01 1.303515085373655857e+01 9.243018046776150243e+00 1.303515085373655857e+01 1.407269603334243691e+01 -1.543759218447247150e+01 9.243018046776150243e+00 -1.543759218447247150e+01 4.952822406037005010e+01
-9.791132928437797034e+00 -1.473529143948407771e+01 2.841921874523114511e+00 -1.473529143948407771e+01 -4.087959006759185598e+01 1.788430113301856039e+01 2.841921874523114511e+00 1.788430113301856039e+01 7.757875896096391166e+00
4.649493381440479745e+00 -1.368821501834088394e+01 4.524472349819311567e+00 -1.368821501834088394e+01 -2.292222869735335422e+01 -3.835928284160528001e+00 4.524472349819311567e+00 -3.835928284160528001e+00 6.012472825893521389e+00
6.056775200756037236e+01 1.114804175523604535e+01 1.604037196010249033e+01 1.114804175523604535e+01 4.751538008988318040e+01 -1.040620160124612781e+01 1.604037196010249033e+01 -1.040620160124612781e+01 6.311080104655514589e+01
2.229525599072614828e+00 -1.803572398421998957e-01 -9.535115845977368831e-01 -1.803572398421998957e-01 -6.066075521131613080e+00 -3.242781087375590232e-01 -9.535115845977368831e-01 -3.242781087375590232e-01 1.777183992932160095e+01
6.461778652368501241e+01 2.129854504857738640e+00 1.125412358023656267e+01 2.129854504857738640e+00 3.574723058980086421e+01 -1.308142493346247770e+00 1.125412358023656267e+01 -1.308142493346247770e+00 5.725602852454458969e+01
-1.452423361037476290e+01 -1.319028830651320927e+00 6.500012315284126707e+00 -1.319028830651320927e+00 -3.470426128764669471e+01 6.774595397909396466e-01 6.500012315284126707e+00 6.774595397909396466e-01 -3.232404865565641661e+00
-1.808622013210702306e+01 -2.298730145930369506e+00 -1.296818432081495720e+00 -2.298730145930369506e+00 -2.326023387097947648e+01 2.431351381650428856e+00 -1.296818432081495720e+00 2.431351381650428856e+00 1.962442870481442503e+00
-1.156555339678790340e+01 -9.420597189379051883e-01 2.375286946252480291e+01 -9.420597189379051883e-01 -4.779789237917652400e+01 6.910669209509166855e+00 2.375286946252480291e+01 6.910669209509166855e+00 -5.106276399700750979e+00
3.786831333445155678e+01 3.229141980456570860e+00 -6.720810598665703850e+00 3.229141980456570860e+00 3.201794189000064250e+01 -5.941559028910361029e+00 -6.720810598665703850e+00 -5.941559028910361029e+00 3.574536343047559939e+01
1.497827196265747141e+01 -3.149875127598297797e-01 5.558482573887165934e+00 -3.149875127598297797e-01 1.677512093897949308e+00 -3.685844781550232874e+00 5.558482573887165934e+00 -3.685844781550232874e+00 2.546954666417768109e+01
6.654374739728346810e+00 -1.696418845623793459e+01 7.136333732723177725e+00 -1.696418845623793459e+01 -4.388166307816756984e+01 1.009585321098946054e+01 7.136333732723177725e+00 1.009585321098946054e+01 1.794558651641200697e+01
-4.308230334983645271e+00 -2.812523516549416680e+00 4.742701346387838690e+00 -2.812523516549416680e+00 -3.221486666707684776e+01 2.230088397363789721e+00 4.742701346387838690e+00 2.230088397363789721e+00 4.326506101557493267e+00
1.767561184435446719e+01 -2.655541670813588162e-02 1.121322338735431146e+01 -2.655541670813588162e-02 2.569553384303824850e-01 1.776539478464026445e+01 1.121322338735431146e+01 1.776539478464026445e+01 2.318744669018208171e+01
6.430592286207689767e+01 -6.423530121635072199e+00 9.408773117649991136e+00 -6.423530121635072199e+00 4.597032834784960897e+01 -4.053328184710273341e+00 9.408773117649991136e+00 -4.053328184710273341e+00 7.263189507625256169e+01
1.656734671375904577e+00 -4.913227635933494319e+00 4.973954946910083663e+00 -4.913227635933494319e+00 -1.657390357687861382e+01 1.368450771602197058e+01 4.973954946910083663e+00 1.368450771602197058e+01 8.072065501657053943e+00
-2.070574544888357593e+01 5.480856491213909720e+00 -2.987033921123658953e+00 5.480856491213909720e+00 -4.927913722089959236e+01 -2.463513959103818429e+00 -2.987033921123658953e+00 -2.463513959103818429e+00 -4.242028261475434192e+01
1.330893534339205786e+01 -4.850337587982349041e-01 1.686560899633989363e+00 -4.850337587982349041e-01 -9.159051809595608162e+00 -5.845210357040040439e-01 1.686560899633989363e+00 -5.845210357040040439e-01 2.584367356299994256e+01
-1.372639629134082995e+00 5.963175559011648197e+00 1.075815446121248620e+01 5.963175559011648197e+00 -1.798648180807220598e+01 -5.176659505209610046e+00 1.075815446121248620e+01 -5.176659505209610046e+00 1.879542533224142531e+01
1.420390382567795839e+01 1.652472756687420219e+00 6.859634452573073471e-01 1.652472756687420219e+00 8.972284682299506153e-01 -9.968659825810517461e+00 6.859634452573073471e-01 -9.968659825810517461e+00 2.827514025909653128e+01
4.269201538938531115e+01 -6.111063987913563089e+00 1.116149992937572755e+01 -6.111063987913563089e+00 9.750901267807712713e+00 2.069782960614997780e+00 1.116149992937572755e+01 2.069782960614997780e+00 3.321391394196287905e+01
3.830389854142479322e+01 1.250674757867156650e+01 2.157209864971995827e+01 1.250674757867156650e+01 -5.413112929730644396e+00 2.555088454919685503e+00 2.157209864971995827e+01 2.555088454919685503e+00 3.526664146406948674e+01
3.971987004877952643e-01 -5.519407695657094770e+00 2.155331518882984554e+01 -5.519407695657094770e+00 -3.139798837953160060e+01 -4.397424259564286508e+00 2.155331518882984554e+01 -4.397424259564286508e+00 2.253856152744079466e+01
-1.908063734455969440e+00 -1.477421695527966783e+01 -2.109197839714222589e+00 -1.477421695527966783e+01 -2.321430040293371988e+01 1.370732241518349781e+01 -2.109197839714222589e+00 1.370732241518349781e+01 -9.922407188603472150e+00
-5.180809185446788590e+00 -7.234125129907993390e-01 8.880903762764679854e+00 -7.234125129907993390e-01 -4.305789159454114667e+01 7.403971571116619854e-01 8.880903762764679854e+00 7.403971571116619854e-01 -1.607729892597586030e+00
2.551823891680660594e+01 -1.150653514612615336e+00 -1.614857152005930274e+00 -1.150653514612615336e+00 2.050082693039442461e+01 -2.574755298501303358e+00 -1.614857152005930274e+00 -2.574755298501303358e+00 3.905456041244021748e+01
-3.179714129643280707e+00 -1.137440921587147269e-01 2.742130130208672689e+00 -1.137440921587147269e-01 -1.592759845519988104e+01 -5.540098919428678714e-01 2.742130130208672689e+00 -5.540098919428678714e-01 1.407736360657398755e+01
1.516315609815333154e+01 3.480969495903586175e+00 1.331394942664394065e+00 3.480969495903586175e+00 1.280986392372603433e+01 -5.810559094672883562e-01 1.331394942664394065e+00 -5.810559094672883562e-01 1.942515624455380063e+01
2.953724785087890936e+01 -4.213915831649307719e+00 6.723185794803301363e+00 -4.213915831649307719e+00 1.539323643275467468e+01 -2.126628353130210769e+01 6.723185794803301363e+00 -2.126628353130210769e+01 2.011106754123233387e+01
-5.562050401622588680e+00 3.725713468625925007e+00 3.569595116074092966e-01 3.725713468625925007e+00 -3.085704691078784734e+01 2.008411590555775561e+00 3.569595116074092966e-01 2.008411590555775561e+00 -4.221538714545893356e+00
9.886574311130965853e+00 7.338181598754035306e+00 1.027708973287418948e+00 7.338181598754035306e+00 -1.653690845936114373e+00 4.363370659248294592e-01 1.027708973287418948e+00 4.363370659248294592e-01 2.158150694523595092e+01
5.632837678904995649e+00 -3.795083521133577054e-01 5.589243586274750264e+00 -3.795083521133577054e-01 -1.817030295025276132e+01 6.540035995422384119e-01 5.589243586274750264e+00 6.540035995422384119e-01 9.891113754047740514e+00
-2.048429885223235658e+01 -2.043296462125726798e+00 3.246446573887569631e+00 -2.043296462125726798e+00 -3.792215114825254574e+01 3.546131599829729364e+00 3.246446573887569631e+00 3.546131599829729364e+00 -1.207213981196631636e+01
9.496839088688235009e+00 3.167887662051358522e+00 1.041014865715217397e+01 3.167887662051358522e+00 -5.479329155730606082e+00 -3.369746219643815710e+00 1.041014865715217397e+01 -3.369746219643815710e+00 1.966433053086467986e+00
-1.966987335835141337e+01 -8.963380800706039153e+00 6.395553898287863248e+00 -8.963380800706039153e+00 -2.308354002287307338e+01 -3.879917662567452741e+00 6.395553898287863248e+00 -3.879917662567452741e+00 -1.161675459304554403e+00
-1.986252551441791780e+01 -3.994950685130065349e-01 3.412357911080353468e+00 -3.994950685130065349e-01 -3.883535821329518001e+01 5.917998700783718036e+00 3.412357911080353468e+00 5.917998700783718036e+00 -2.143658246190975003e+00
7.646161265025315679e+00 -5.655111045183957019e-01 1.567340440213652597e-01 -5.655111045183957019e-01 -5.945035422754834542e+00 1.478570220533872645e-02 1.567340440213652597e-01 1.478570220533872645e-02 9.545780958918889780e+00
-5.707592870401639651e+00 -4.212666803104011315e+00 -5.334636338463958793e+00 -4.212666803104011315e+00 -3.110764881038300089e+01 2.053656006560075076e-01 -5.334636338463958793e+00 2.053656006560075076e-01 7.058663042391566833e+00
3.868126827726315220e+00 5.547049853532183938e+00 -1.202297289652607626e+00 5.547049853532183938e+00 -3.376313081336173383e+01 -1.325380268217048929e+01 -1.202297289652607626e+00 -1.325380268217048929e+01 -1.079723608749781860e+01
1.333552603631502365e+01 -7.393989144036684502e-01 4.026321288208099425e+00 -7.393989144036684502e-01 2.305959308755385795e+00 4.181719574948427720e+00 4.026321288208099425e+00 4.181719574948427720e+00 1.501483597625120581e+01
4.772592214910262953e+01 1.627046626937723506e+00 5.295825778321696653e+00 1.627046626937723506e+00 4.374512859450692304e+01 -3.110302303766504295e+00 5.295825778321696653e+00 -3.110302303766504295e+00 4.743806534027159216e+01
1.980975574067196732e+01 1.564169670748499552e+00 1.962121909660142105e+00 1.564169670748499552e+00 1.097068569845876418e+01 -8.035019396939686864e-02 1.962121909660142105e+00 -8.035019396939686864e-02 2.793593061068602168e+01
-2.823592730848343635e+01 -8.996399827253698245e-01 2.488566879743216553e+00 -8.996399827253698245e-01 -6.347825194918144831e+01 5.524367093493315117e+00 2.488566879743216553e+00 5.524367093493315117e+00 -6.090189838611976825e+00
-1.675130562751342467e+01 1.004741180436126236e+01 7.355315874372544194e+00 1.004741180436126236e+01 -5.050657593509821908e+01 -8.358604742647207431e+00 7.355315874372544194e+00 -8.358604742647207431e+00 -7.478878026168190196e+00
-1.499253130719569427e+01 -2.247201917683255140e-02 -3.441289424526686180e-01 -2.247201917683255140e-02 -2.107947729047418051e+01 1.239804486216431689e+00 -3.441289424526686180e-01 1.239804486216431689e+00 -8.477042712710668226e+00
5.041618483352961277e+01 2.818286750477908775e+00 -2.943506255526536108e+00 2.818286750477908775e+00 3.559587044223484043e+01 3.928167248622881136e+00 -2.943506255526536108e+00 3.928167248622881136e+00 5.872351963266414998e+01
3.299732555927221256e+01 -2.256623359761748215e+00 4.978152298846020507e+00 -2.256623359761748215e+00 1.901995464955615489e+01 1.969576121835716176e+00 4.978152298846020507e+00 1.969576121835716176e+00 4.461679515325967316e+01
4.334048629703428901e+01 1.703085774566722277e+00 1.125874076398924784e+00 1.703085774566722277e+00 2.204174013779471153e+01 1.700577690554860855e+00 1.125874076398924784e+00 1.700577690554860855e+00 4.962799726984390958e+01
3.171424506728174819e+01 -7.258534777077770173e+00 1.466778305872161781e+01 -7.258534777077770173e+00 1.070665463430479747e+01 4.440496969923768411e-01 1.466778305872161781e+01 4.440496969923768411e-01 3.294029653483014641e+01
-1.703596918622661249e+01 -3.024154603606451719e+00 3.453196943874691893e+00 -3.024154603606451719e+00 -4.156164728744602854e+01 7.987320170806311292e-01 3.453196943874691893e+00 7.987320170806311292e-01 -2.255939440444300459e+01
8.996974310466134384e+00 -1.069203114431092727e+00 2.892262692197245855e+00 -1.069203114431092727e+00 9.473694316966897233e+00 -2.022987807020033113e+00 2.892262692197245855e+00 -2.022987807020033113e+00 1.250210544619210928e+01
1.677925153586647156e+01 4.526948872734925189e+00 8.305181413412052294e+00 4.526948872734925189e+00 -1.801692547253344401e+01 -1.172158908522194309e+01 8.305181413412052294e+00 -1.172158908522194309e+01 -5.857458835206065473e+00
