1.180733575735648344e+01 -1.091839202034540213e+00 -3.296445622771458694e+00 -1.091839202034540213e+00 -2.745831022764259899e+01 -1.094099731539394149e+01 -3.296445622771458694e+00 -1.094099731539394149e+01 1.757601378709906825e+01
4.120075228534248879e+01 -9.692666630185021504e+00 1.161191712178416680e+01 -9.692666630185021504e+00 -2.977784884857473946e-01 -8.338180486727061691e+00 1.161191712178416680e+01 -8.338180486727061691e+00 4.155133828538608753e+01
3.574744791285124013e+00 1.216799628273448342e+01 -8.177697043089468210e+00 1.216799628273448342e+01 -1.401472306141962498e+01 4.577239161677595369e+00 -8.177697043089468210e+00 4.577239161677595369e+00 -9.655061604994875424e+00
1.644346180459618267e+01 3.762736848308552151e+00 4.392742681165613838e+00 3.762736848308552151e+00 2.371015492605460295e+01 -3.664091737140556582e+00 4.392742681165613838e+00 -3.664091737140556582e+00 1.479236827167219381e+01
-1.422446613630748402e+01 6.934941464648983755e-01 -1.422911907153797673e-01 6.934941464648983755e-01 -4.492915617988869315e+01 1.491148310150707701e+01 -1.422911907153797673e-01 1.491148310150707701e+01 -2.291524071665781648e+01
-1.193035302954561416e+01 7.642456966121484285e+00 -8.459820735357592270e+00 7.642456966121484285e+00 -2.472327485609942954e+01 2.348402636088047668e+00 -8.459820735357592270e+00 2.348402636088047668e+00 -4.642561403841335732e+01
2.016379409260614608e+01 4.509790044005256071e+00 -6.599493528941343889e+00 4.509790044005256071e+00 -3.376593714098547849e+01 4.169740374208421585e+00 -6.599493528941343889e+00 4.169740374208421585e+00 2.277317120350094015e+01
2.283123004893527508e+01 -3.740495524360779811e+00 -9.490651735732479111e+00 -3.740495524360779811e+00 -3.243128505105651271e+01 -1.354418550971397295e+01 -9.490651735732479111e+00 -1.354418550971397295e+01 2.207564659082118297e+01
-3.060689308323793156e+01 -1.782087003259023916e+01 6.391936555585877144e+00 -1.782087003259023916e+01 -6.589267700750871093e+00 6.926931258981478656e+00 6.391936555585877144e+00 6.926931258981478656e+00 -4.368966569239236009e+01
-7.092812513254512119e+00 1.109044757907393119e+01 1.106363745485873551e+01 1.109044757907393119e+01 -9.718598648551338703e-01 6.517772466156413813e+00 1.106363745485873551e+01 6.517772466156413813e+00 -2.215646910781122969e+01
2.114446609710048008e+01 1.706348907135092130e+00 6.643362284769717796e+00 1.706348907135092130e+00 1.840651877587407981e+01 1.369904556196530343e-01 6.643362284769717796e+00 1.369904556196530343e-01 3.948817537543763301e+00
6.029397997030572753e+01 -6.517738019666199811e+00 -2.075479472881331944e+00 -6.517738019666199811e+00 1.394184655117096838e+01 2.657233511673258719e-01 -2.075479472881331944e+00 2.657233511673258719e-01 5.450989731495297974e+01
-2.308262126646914325e+01 -1.288013809603977400e+01 -9.278766137111261969e+00 -1.288013809603977400e+01 -5.629132237673238137e+01 -4.291504013208787605e+00 -9.278766137111261969e+00 -4.291504013208787605e+00 -2.416511893664414501e+01
2.616596151215702992e+00 8.858633656402290057e+00 3.153348754814503607e+00 8.858633656402290057e+00 2.762789545114844536e+00 1.594202529297947457e+01 3.153348754814503607e+00 1.594202529297947457e+01 -2.073021047203082290e+01
3.732074387168096763e+01 -2.099535999102928230e+01 8.129669038814897775e+00 -2.099535999102928230e+01 9.363251636346737072e+00 9.000280270692346818e-01 8.129669038814897775e+00 9.000280270692346818e-01 1.453071987922573705e+01
1.488149101788824957e+01 -8.029228490802118756e+00 1.149227070495854486e+00 -8.029228490802118756e+00 1.479780189965718762e+01 2.271032456526160814e+00 1.149227070495854486e+00 2.271032456526160814e+00 7.693729614409695827e+00
1.514487103039076521e+00 -2.744904909043665686e+00 -3.773771565742842782e+00 -2.744904909043665686e+00 -2.228664953906545776e+01 1.021031221089690710e+01 -3.773771565742842782e+00 1.021031221089690710e+01 -4.443745798277908499e+00
3.496263435673395037e+01 -3.025011511753607607e+00 1.959901077599391250e+00 -3.025011511753607607e+00 1.473586177872778125e+00 1.117782111773551712e+01 1.959901077599391250e+00 1.117782111773551712e+01 5.509421715590998758e+01
-1.445737554062526975e+01 -9.992712927312556559e+00 -9.461615130009871422e+00 -9.992712927312556559e+00 2.066632195761615165e+00 1.799487764884990781e+01 -9.461615130009871422e+00 1.799487764884990781e+01 5.633537164356470228e+00
1.744243799917887472e+01 -1.352585670139336216e+01 1.313536907910562412e+01 -1.352585670139336216e+01 2.110487552138993195e+01 -1.368180981335204827e+00 1.313536907910562412e+01 -1.368180981335204827e+00 1.859082750346626867e+01
1.776381065181606989e+00 4.176382896728592975e+00 -5.335020819350440924e+00 4.176382896728592975e+00 -3.048922177676386269e+01 -5.181498401110899543e+00 -5.335020819350440924e+00 -5.181498401110899543e+00 2.499558878190448474e-01
6.718665789458794890e+00 1.681225476362284477e+00 5.292293391978756922e+00 1.681225476362284477e+00 -2.923110873089559192e+01 -1.904679639881710429e+01 5.292293391978756922e+00 -1.904679639881710429e+01 2.832250520407373529e+01
9.113140524305446633e+00 2.347121572485284702e+01 -2.321189243153282344e+00 2.347121572485284702e+01 -3.018074580529473749e+01 -1.317883924415543007e+01 -2.321189243153282344e+00 -1.317883924415543007e+01 2.117713719024891361e+01
-2.764770403061775017e+00 1.890919437874225650e+01 5.432909556539176066e+00 1.890919437874225650e+01 1.734126992874877971e+01 5.462673347617966968e+00 5.432909556539176066e+00 5.462673347617966968e+00 -2.018443690283237402e+01
-5.670035953227906766e+00 8.793671668163476340e+00 3.039387678897827461e-01 8.793671668163476340e+00 -1.484007051064527083e+01 -3.018299230007636780e+00 3.039387678897827461e-01 -3.018299230007636780e+00 -1.891739624973124734e+01
2.277858362598857411e+01 -1.582928134945674259e+01 9.132674759494792127e-01 -1.582928134945674259e+01 -4.015075465175761593e+01 2.731962144311171237e+00 9.132674759494792127e-01 2.731962144311171237e+00 1.047124274063484606e+01
-2.178358953631342843e+01 2.338096338526321460e+01 -1.444883574455253061e+01 2.338096338526321460e+01 -3.552937429191197793e+01 -1.339129363546511442e+01 -1.444883574455253061e+01 -1.339129363546511442e+01 -1.668067042066889627e+01
-1.860511471843748765e+01 3.784800847467383544e+00 -3.620771980331746853e+00 3.784800847467383544e+00 -5.639461382484187624e+01 6.572080023990690023e+00 -3.620771980331746853e+00 6.572080023990690023e+00 -1.607588467024328338e+01
5.482917020433909272e+00 -1.007071715389655076e+01 8.925912206956737593e-01 -1.007071715389655076e+01 -1.294383207340825059e+01 6.513451137578783801e+00 8.925912206956737593e-01 6.513451137578783801e+00 2.125494175181644962e+01
-2.693097771666459295e+01 1.583387064691991775e+01 1.301355577877120950e+01 1.583387064691991775e+01 -3.699626156101473384e+01 -1.038989171733131212e+00 1.301355577877120950e+01 -1.038989171733131212e+00 -1.149842197891503659e+01
-1.406777606254855151e+01 5.248816891906646909e+00 -6.331163493704290879e+00 5.248816891906646909e+00 -2.610643466649812794e+01 7.186804528429982852e+00 -6.331163493704290879e+00 7.186804528429982852e+00 -2.501673267784125798e+01
3.396108734666643159e+01 -3.181754982356652217e+00 -4.726679004177604781e+00 -3.181754982356652217e+00 1.547496422589011189e+01 -8.848655865383591390e+00 -4.726679004177604781e+00 -8.848655865383591390e+00 2.683026755681896702e+01
1.838921029908360438e+01 4.939352569484913302e-01 1.226762270190013204e+01 4.939352569484913302e-01 1.187829272997772989e+01 -6.803509163454208419e+00 1.226762270190013204e+01 -6.803509163454208419e+00 3.179432499254892797e+00
2.974884755359637367e+01 5.937970291516707633e-01 1.910990695232100300e+00 5.937970291516707633e-01 2.786580063702506749e+01 -3.366831800854816592e+00 1.910990695232100300e+00 -3.366831800854816592e+00 2.079120309391745636e+01
-2.611748912064108907e+01 -4.388131499815110637e+00 7.181002392605525309e+00 -4.388131499815110637e+00 -5.898884121695966343e+01 7.177330278485944071e+00 7.181002392605525309e+00 7.177330278485944071e+00 -1.409462102960355168e+01
2.835279694289377872e+01 1.371456086576534972e+01 -1.158270210887295804e+01 1.371456086576534972e+01 1.202115631159969666e+01 -1.095699591461788991e+01 -1.158270210887295804e+01 -1.095699591461788991e+01 2.431658344761425994e+01
3.742949421159324430e+01 -1.603584564256267342e+01 -3.605176265148096082e+00 -1.603584564256267342e+01 1.986500925129090689e+01 -5.450991388230018053e+00 -3.605176265148096082e+00 -5.450991388230018053e+00 4.602627841353765348e+01
2.204785406350225685e+01 -8.074841900573565212e+00 1.282286148305357143e+00 -8.074841900573565212e+00 -4.292947648480035383e+01 -1.313131543257120670e+00 1.282286148305357143e+00 -1.313131543257120670e+00 1.657362015223389307e+01
-1.404976907343546078e+00 2.363299898936235621e+01 2.755464189029067867e+00 2.363299898936235621e+01 -1.296558015364517591e-01 9.800308867194557294e+00 2.755464189029067867e+00 9.800308867194557294e+00 -1.009573172830247678e+01
-1.986777362385161894e+00 -3.010936636277560474e+00 -7.387130183204417833e+00 -3.010936636277560474e+00 -1.836038902685465501e+01 -8.234999144208403621e+00 -7.387130183204417833e+00 -8.234999144208403621e+00 3.501196391466521618e+01
-2.852138912546067573e+01 6.976078295588197697e+00 -7.630945968098055587e+00 6.976078295588197697e+00 -3.870676687633184088e+01 -1.470699199792094802e+01 -7.630945968098055587e+00 -1.470699199792094802e+01 -2.039764835999855919e+01
2.181151533923132391e+01 5.428021102367774020e+00 -4.386708342181695031e+00 5.428021102367774020e+00 5.729739940118998121e+00 -7.518645313056921964e+00 -4.386708342181695031e+00 -7.518645313056921964e+00 2.157975929489652600e+01
-3.219986052711869462e+01 -8.966923813472723381e+00 7.155570662236098167e-01 -8.966923813472723381e+00 -9.010373350734049325e+01 4.500373026168695390e+00 7.155570662236098167e-01 4.500373026168695390e+00 -3.504978979606234191e+01
5.328218054468010934e+01 -3.926448159404959615e+00 5.434804686816171682e+00 -3.926448159404959615e+00 2.100693657058837260e+01 3.873698344284206563e+00 5.434804686816171682e+00 3.873698344284206563e+00 6.223762369788894233e+01
3.141353022691476582e+01 -1.977881877003541788e+00 2.425919047644993665e+00 -1.977881877003541788e+00 -9.121513242740126870e+00 8.001001859077929268e+00 2.425919047644993665e+00 8.001001859077929268e+00 3.237325806076231771e+01
-1.943875615426993164e+01 1.069899149246972714e+00 8.340799675902676569e+00 1.069899149246972714e+00 -6.412363043701087406e+01 1.476049208997053874e+01 8.340799675902676569e+00 1.476049208997053874e+01 -1.546664501594092478e+01
-7.703281270931902069e-01 3.805442031766880645e-02 1.291136252024145215e+01 3.805442031766880645e-02 1.521815767690520893e+01 6.124288099373168315e+00 1.291136252024145215e+01 6.124288099373168315e+00 -1.271738350608187673e+01
-1.511665751783391443e+01 1.775367994172031771e+01 6.170421268973319551e-01 1.775367994172031771e+01 -2.981048274041238244e+01 -2.717253512919298508e+00 6.170421268973319551e-01 -2.717253512919298508e+00 -2.727064835464636872e+01
-6.407838197305575356e+00 4.023853040081656118e+00 -1.603099248542684307e+01 4.023853040081656118e+00 -3.200201378764181470e+01 -7.901588004900601980e+00 -1.603099248542684307e+01 -7.901588004900601980e+00 -3.298037716836037081e+00
-2.879837121051912519e+01 2.082649489123670250e+01 1.720767202660879125e+00 2.082649489123670250e+01 -2.102737832745123825e+01 -7.242693693065554328e+00 1.720767202660879125e+00 -7.242693693065554328e+00 -3.492397603590505639e+01
-9.718669029591008979e+00 -1.118946266687674118e+01 5.367946454198992967e+00 -1.118946266687674118e+01 -5.082458430307262631e+01 1.056920082192447552e+01 5.367946454198992967e+00 1.056920082192447552e+01 2.049949924594544726e+00
-4.851484656033792753e+00 4.988731053158431017e+00 -8.906066000665068927e+00 4.988731053158431017e+00 -1.408024591761813760e+01 -9.545099292738991048e-01 -8.906066000665068927e+00 -9.545099292738991048e-01 5.425351003801530680e+00
4.233410298574366237e+01 -5.654742079016599199e-01 -3.533881499206216859e+00 -5.654742079016599199e-01 -1.818655384555389531e+01 1.047780058438444861e+01 -3.533881499206216859e+00 1.047780058438444861e+01 4.465600181737671903e+01
-1.125850945932437597e+01 2.950455872392021117e+00 5.596383803474790142e+00 2.950455872392021117e+00 -5.095821920631864543e+01 7.722416903729703463e+00 5.596383803474790142e+00 7.722416903729703463e+00 -6.328283643613133336e+00
-2.001387973099741924e+00 4.895665626478871602e+00 -1.146711857651466282e+01 4.895665626478871602e+00 -3.028096132422140840e+01 -1.253270563031069873e+00 -1.146711857651466282e+01 -1.253270563031069873e+00 -7.840632316111824096e+00
-3.022585112650695294e+00 7.911033527918242214e+00 4.663074827215610618e+00 7.911033527918242214e+00 -1.787609869473428148e+00 7.770474819477375839e+00 4.663074827215610618e+00 7.770474819477375839e+00 -2.878155720116821215e+01
3.859072082396922099e+01 1.225881099826853493e+01 1.219154003536138475e+01 1.225881099826853493e+01 2.524876699935776792e+00 -1.456526791804279686e+00 1.219154003536138475e+01 -1.456526791804279686e+00 4.551284935808980237e+01
-1.470848722270230446e+01 -4.615578729817073622e+00 -2.398425595391507625e-01 -4.615578729817073622e+00 -6.391717681234702297e+01 -7.637864185959554852e+00 -2.398425595391507625e-01 -7.637864185959554852e+00 -1.194274506553892934e+01
2.020413382018536907e+01 -6.318990697350663766e+00 -2.525292028392162269e+00 -6.318990697350663766e+00 1.775078021628443414e+00 9.771299378477559472e+00 -2.525292028392162269e+00 9.771299378477559472e+00 1.922195396457014382e+01
-7.874528567162107251e+00 9.193918365139323257e+00 -2.909206423510063644e+00 9.193918365139323257e+00 -3.534196087691498889e+01 -3.354665577838975010e-01 -2.909206423510063644e+00 -3.354665577838975010e-01 -7.712544736700491121e+00
-3.127413605340213287e+00 -8.751453839291805537e+00 -1.014129407392633375e+01 -8.751453839291805537e+00 -3.345565319415811700e+01 -3.981213802293942727e+00 -1.014129407392633375e+01 -3.981213802293942727e+00 -5.924978824613269524e-01
-1.979399833808598430e+01 -2.022168240569664821e+00 -1.482170592923030483e+01 -2.022168240569664821e+00 -3.392188404252158307e+01 7.321463502485042518e+00 -1.482170592923030483e+01 7.321463502485042518e+00 -2.887834196392290664e+01
-2.342239902657600936e+01 -5.227036848354661203e+00 1.129502204751099725e+01 -5.227036848354661203e+00 -3.742180302229233746e+01 -7.216022129353681258e+00 1.129502204751099725e+01 -7.216022129353681258e+00 -2.276769749667719367e+01
3.094844962032544444e+00 -4.728769232639337794e+00 -7.742481922523715809e+00 -4.728769232639337794e+00 -2.581523356065247743e+00 -2.858465451451862815e+00 -7.742481922523715809e+00 -2.858465451451862815e+00 -1.863664330254785995e+01
-2.487008511786899945e+01 2.460512928941427813e+00 -1.610427276883144998e+01 2.460512928941427813e+00 -6.737956797378527085e+01 8.102625846473159310e-01 -1.610427276883144998e+01 8.102625846473159310e-01 -2.624088062321939674e+01
-1.565684526014466016e+01 1.149493684034932883e+01 -8.996734260309743325e-01 1.149493684034932883e+01 -1.847900913051557126e+01 -4.110827415680017083e+00 -8.996734260309743325e-01 -4.110827415680017083e+00 -4.251263212797044666e+00
-3.083763894303508835e+00 2.871465044386544818e+01 -3.343026438906793629e+00 2.871465044386544818e+01 -1.378531708156338276e+01 7.025253476537630659e-01 -3.343026438906793629e+00 7.025253476537630659e-01 -2.147749678815310403e+01
-1.557882631716783095e+01 -2.545552317831845990e+00 -5.700901265423526931e-01 -2.545552317831845990e+00 -4.508055600564657084e+01 1.361756320737594983e+01 -5.700901265423526931e-01 1.361756320737594983e+01 -4.236089269322716788e+00
3.597384779212749351e+01 4.420653405106136802e+00 4.409604905789428209e+00 4.420653405106136802e+00 -1.258826568929873879e+01 -1.993033439780500071e+00 4.409604905789428209e+00 -1.993033439780500071e+00 9.874953672630374157e+00
-6.958612961651449602e+00 1.318742273450046909e+01 -5.318028222652047887e+00 1.318742273450046909e+01 -3.590946959167975905e+01 -3.193470554164803854e+00 -5.318028222652047887e+00 -3.193470554164803854e+00 -2.706757707499366727e+00
-2.138793488058398395e+01 -4.684191096122678921e+00 8.165422220517287499e+00 -4.684191096122678921e+00 -9.375101679550629896e+00 4.270810240783364797e+00 8.165422220517287499e+00 4.270810240783364797e+00 -2.983605502015851130e+01
-3.275834466769407527e+01 -6.965522869303558018e+00 6.582035030420317234e+00 -6.965522869303558018e+00 -3.098928779283803081e+01 6.173357049630736171e+00 6.582035030420317234e+00 6.173357049630736171e+00 -1.542846137757471681e+01
-3.266975533814048926e+00 -1.057969611182052461e+00 1.502975497733203980e+01 -1.057969611182052461e+00 -1.594578689074672262e+01 2.059658591093866509e+00 1.502975497733203980e+01 2.059658591093866509e+00 3.330517039477238317e+00
4.780003792020070108e+01 1.915138773191209731e+00 -1.042561196376164290e+00 1.915138773191209731e+00 1.261044015800903928e+01 -8.451201015275307427e+00 -1.042561196376164290e+00 -8.451201015275307427e+00 3.842132663750357580e+01
-3.877672214997163280e+01 2.240571627140132360e+00 6.651881719826804762e+00 2.240571627140132360e+00 -6.363619047560199249e+01 -1.122768953310039919e+01 6.651881719826804762e+00 -1.122768953310039919e+01 -3.186332144969657065e+01
6.281444204616531124e+01 -5.374143832416242716e+00 5.516483328288177113e+00 -5.374143832416242716e+00 7.409773468103459937e-01 2.863234593050555166e+00 5.516483328288177113e+00 2.863234593050555166e+00 7.244325328596853808e+01
5.571307374992975525e+01 -2.711689912577985417e+00 5.960371477893216863e+00 -2.711689912577985417e+00 -7.933314922175950912e+00 -1.885679250702281484e+00 5.960371477893216863e+00 -1.885679250702281484e+00 5.968565839837975773e+01
-1.157679765020031226e+00 -5.569160815350103988e+00 2.930980274893723703e+00 -5.569160815350103988e+00 -4.163253976696930181e+01 1.388222638432504574e+01 2.930980274893723703e+00 1.388222638432504574e+01 -1.808046481991119947e+01
9.026551538393668750e+00 -3.784115593166058056e-01 -7.630354497557489069e+00 -3.784115593166058056e-01 -2.230931711575092535e+01 -1.521820357164498372e+00 -7.630354497557489069e+00 -1.521820357164498372e+00 1.800672570178668153e+01
-1.836935004116278414e+00 -3.742420175618025313e-01 -7.950820243587031655e+00 -3.742420175618025313e-01 -1.140187464442019660e+01 -1.015469985601086922e+00 -7.950820243587031655e+00 -1.015469985601086922e+00 -1.237228536740230922e+01
1.787653792556876198e+01 -2.739690811838043416e+00 -3.583370669311030099e+00 -2.739690811838043416e+00 -2.698550789720528442e+01 -8.301168123517070896e+00 -3.583370669311030099e+00 -8.301168123517070896e+00 9.955315134325376292e+00
-1.784126486946295032e+01 1.328558317333640915e+01 9.627378263175391027e+00 1.328558317333640915e+01 -1.428043944727494008e+01 1.474718965314130381e+00 9.627378263175391027e+00 1.474718965314130381e+00 -3.388055570225869673e+01
1.843471700890134102e+01 1.142429277946808419e+01 -1.981538963475747295e+01 1.142429277946808419e+01 -1.532352143846672732e+01 -5.303454726888347182e+00 -1.981538963475747295e+01 -5.303454726888347182e+00 1.282127109261719511e+01
-1.382515191209822092e+01 2.564768001724391233e+00 -6.960837606528701649e+00 2.564768001724391233e+00 -3.324307881390048891e+01 9.077582807923462838e+00 -6.960837606528701649e+00 9.077582807923462838e+00 -5.493610573600311575e+00
5.120595204369953990e+01 -7.532553638733238799e+00 9.957559896758185758e+00 -7.532553638733238799e+00 -3.718683521311714202e+00 1.430858894934515213e+01 9.957559896758185758e+00 1.430858894934515213e+01 4.423619587668278541e+01
9.321984469344335444e-01 7.934113817592338691e+00 -1.042444061956019574e+01 7.934113817592338691e+00 -8.133555683265081271e+00 -1.452206505803129488e+00 -1.042444061956019574e+01 -1.452206505803129488e+00 -2.533277932302182833e+01
-7.760948183832409697e+00 1.127441382717800877e+01 -7.317776844160807315e+00 1.127441382717800877e+01 -7.122655406306867576e+01 5.841735269271978837e+00 -7.317776844160807315e+00 5.841735269271978837e+00 -8.866681807956323880e+00
-1.524994875956305052e+01 1.339418781397629132e+01 -2.152481212834727486e+01 1.339418781397629132e+01 -3.550188900025899841e+01 -1.414878843487122495e+01 -2.152481212834727486e+01 -1.414878843487122495e+01 -9.805385425378080555e+00
2.765878052866163372e+01 -1.415165853132769547e+00 9.887637460014106594e+00 -1.415165853132769547e+00 -4.224547162850183923e+01 -4.471517630795043274e+00 9.887637460014106594e+00 -4.471517630795043274e+00 1.655896749463117246e+01
-2.744358660260278171e+01 -8.691846536859774375e+00 7.502771771178599280e+00 -8.691846536859774375e+00 -5.103646020161353647e+01 -2.594703199808529348e+01 7.502771771178599280e+00 -2.594703199808529348e+01 -2.738890125838888778e+01
9.956790561832113085e+00 2.842108936290204557e+00 -7.943899584328931063e+00 2.842108936290204557e+00 1.934970636135299316e+01 -1.402573650215286349e+01 -7.943899584328931063e+00 -1.402573650215286349e+01 -3.667969847847590170e+00
-1.554607070679239378e+01 1.571482574086542350e+01 1.986245170263462034e+00 1.571482574086542350e+01 -9.116594443968434547e+00 -8.344255982653530523e+00 1.986245170263462034e+00 -8.344255982653530523e+00 -3.849587872852328729e+01
4.057312655147288893e+00 1.151538264284701540e+01 -1.620181591067874294e+00 1.151538264284701540e+01 -3.916843786991033483e+01 1.177072325013234710e+01 -1.620181591067874294e+00 1.177072325013234710e+01 2.261729525326151791e+00
1.611871152011345032e+01 -4.955510674022762352e+00 7.732554448024433036e+00 -4.955510674022762352e+00 -3.995429533132058708e+01 -2.357269674451365760e-01 7.732554448024433036e+00 -2.357269674451365760e-01 3.534903646744919570e+01
4.226879913988596371e+01 1.257313432013146759e+01 5.776390466856746286e+00 1.257313432013146759e+01 -1.202250869858466586e+01 -6.365402285211119171e+00 5.776390466856746286e+00 -6.365402285211119171e+00 4.505734471574219668e+01
-5.460419572254212817e+00 -1.281346959611972913e+01 -1.760423864937903105e+01 -1.281346959611972913e+01 -7.235631344534432685e+01 -3.070265728115818771e+00 -1.760423864937903105e+01 -3.070265728115818771e+00 1.399910303532555522e+00
2.939995800388943437e+01 -1.825900437171861235e+00 -1.403806838395948731e+01 -1.825900437171861235e+00 6.744915440291699760e+00 -1.774732356590455140e+01 -1.403806838395948731e+01 -1.774732356590455140e+01 2.714173119902578790e+01
4.779744594945178449e+00 -4.559412141757506198e+00 -4.226293916898844039e+00 -4.559412141757506198e+00 6.367656814203664917e-01 4.847363596151910592e+00 -4.226293916898844039e+00 4.847363596151910592e+00 -8.595248471382408439e+00
2.145551444996318935e+01 -2.576405851957486726e-01 -4.253037460140392412e+00 -2.576405851957486726e-01 -3.725212141843957880e+01 7.417681954975745562e+00 -4.253037460140392412e+00 7.417681954975745562e+00 1.716141939059269816e+01
2.444728459198785231e+01 6.212425899834077114e+00 -4.629710878889039982e+00 6.212425899834077114e+00 2.369904125067821710e+01 2.454463225305274054e+00 -4.629710878889039982e+00 2.454463225305274054e+00 2.260295736086252560e+01
