-4.567835344428787359e+00 -1.309193797693424477e+00 -1.793896854791255047e+00 -1.309193797693424477e+00 -3.723395499923221763e+01 1.031564986435875853e-01 -1.793896854791255047e+00 1.031564986435875853e-01 -7.808346000144482879e+00
-1.362136239841924201e+01 -5.717234743578175404e+00 -2.393218045371258818e+00 -5.717234743578175404e+00 -3.127590784527586720e+01 4.254829971069791661e+00 -2.393218045371258818e+00 4.254829971069791661e+00 -1.901066993150667273e+01
-1.679443507390314139e+01 6.526009718565944695e+00 1.802076836842903429e+00 6.526009718565944695e+00 -3.635092510357549855e+01 -4.330956484090840997e-01 1.802076836842903429e+00 -4.330956484090840997e-01 -1.737132767001439149e+01
4.788531341272120301e+01 8.961980340803201717e-01 3.980932801415487443e+00 8.961980340803201717e-01 4.320293458904649953e+01 1.530979886221039976e+00 3.980932801415487443e+00 1.530979886221039976e+00 3.516226962125859501e+01
-1.447179830636854270e+01 -5.768007661366126193e+00 -1.831028935236585498e-01 -5.768007661366126193e+00 4.031919701710797277e+00 2.906056269191716002e+00 -1.831028935236585498e-01 2.906056269191716002e+00 1.635392985553996326e+01
1.340636418996764867e+01 -7.517458212096419956e+00 7.116357799497444958e+00 -7.517458212096419956e+00 -6.236516370583041757e-01 1.054411785235429200e+01 7.116357799497444958e+00 1.054411785235429200e+01 -2.587170974264695289e+01
-8.853566651303227175e+00 7.281747087810599872e+00 4.058934107658071611e+00 7.281747087810599872e+00 -8.485050461925069953e+00 -4.832062687762236908e-01 4.058934107658071611e+00 -4.832062687762236908e-01 -3.484102644920251635e+01
1.190202529049237867e+01 -8.721826071222544385e+00 -3.234140165623554886e+00 -8.721826071222544385e+00 -6.184415286625484676e+00 1.371853425816506800e+01 -3.234140165623554886e+00 1.371853425816506800e+01 -4.657193691962415016e+01
-1.155618424931731703e+01 -9.132383445940819300e+00 -2.058733294390214397e+01 -9.132383445940819300e+00 -2.405725030214734517e+01 -2.954204896697777194e+00 -2.058733294390214397e+01 -2.954204896697777194e+00 1.129343563279033980e+01
-1.547953386769878037e+01 5.739941258641522159e-01 -4.124943299314555389e+00 5.739941258641522159e-01 -7.493152519329259187e-01 2.994742439031492509e+00 -4.124943299314555389e+00 2.994742439031492509e+00 2.518164907946702868e+01
4.016494437504787385e+01 7.437012645593831017e+00 1.002159474756609114e+01 7.437012645593831017e+00 3.331345363304211560e+01 -4.085145929620531469e+00 1.002159474756609114e+01 -4.085145929620531469e+00 1.485051267188001844e+00
-8.005455206262229950e+00 -1.846745168723495922e+01 -7.354272732098769083e+00 -1.846745168723495922e+01 8.373771450204843703e+00 3.191912832400101152e-01 -7.354272732098769083e+00 3.191912832400101152e-01 -4.887924792721526046e+01
4.466169967777016581e+01 5.854961273340193451e-01 1.101389318990225297e+00 5.854961273340193451e-01 4.466633121236077386e+01 -4.249903935343845029e-01 1.101389318990225297e+00 -4.249903935343845029e-01 1.842680396273804888e+01
-2.511012391912642627e+01 2.265316032100484281e-02 -7.640005272101799694e-01 2.265316032100484281e-02 -1.887597279132020134e+01 6.065381916616930269e+00 -7.640005272101799694e-01 6.065381916616930269e+00 1.454951473780370286e+01
-4.174338181828451866e+01 -4.812543144246542504e+00 -8.739467363915181863e+00 -4.812543144246542504e+00 -3.866110305192225383e+01 -1.364492238933328672e+01 -8.739467363915181863e+00 -1.364492238933328672e+01 -3.333162143798772803e+01
1.042147976185694347e+01 6.365949554807255772e+00 1.578480671448020622e+01 6.365949554807255772e+00 2.301144022067574824e+01 5.922761921447541766e+00 1.578480671448020622e+01 5.922761921447541766e+00 -1.238526189960553658e+01
4.444209227510145155e+01 -9.809869512688521809e+00 -5.723993278600666201e+00 -9.809869512688521809e+00 2.089903597468923380e+01 -1.177957606934594814e+01 -5.723993278600666201e+00 -1.177957606934594814e+01 3.858710811286876918e+01
-1.974997489605554080e+01 -3.885337723579850966e+00 -5.316328280855146804e-02 -3.885337723579850966e+00 -1.847049516520880985e+01 5.920671253497540754e+00 -5.316328280855146804e-02 5.920671253497540754e+00 -2.719010280661269618e+01
-4.382945647280860868e+01 -1.995784256943130686e+01 1.198751673031176912e+00 -1.995784256943130686e+01 -4.351259386583128475e+01 -1.209995448483547875e+01 1.198751673031176912e+00 -1.209995448483547875e+01 -3.397799708099696403e+01
3.806052058476667810e+01 -7.439277989683968917e-01 1.092587731878412738e+00 -7.439277989683968917e-01 3.796229843977653218e+01 -4.429683152341122643e+00 1.092587731878412738e+00 -4.429683152341122643e+00 6.714788632204861329e+00
3.690375797277382475e+01 -1.168778805501248819e+01 -5.365000579765803579e+00 -1.168778805501248819e+01 2.466832298416475311e+01 -1.165153388891649833e+01 -5.365000579765803579e+00 -1.165153388891649833e+01 7.927127763566542917e+00
5.853556704771015973e+01 -1.967942751982111049e-01 -6.076115010662059390e+00 -1.967942751982111049e-01 6.200711402104582959e+01 -5.090413229373497828e+00 -6.076115010662059390e+00 -5.090413229373497828e+00 2.511316889117710005e+01
4.727557178970315022e+01 -1.287973916008138264e+00 1.548797592328100103e+00 -1.287973916008138264e+00 4.740019641794155092e+01 3.115940283072790584e-01 1.548797592328100103e+00 3.115940283072790584e-01 2.040727313672442733e+01
-1.873992135333464049e+01 1.033175181441208901e+00 -4.339483648742889166e+00 1.033175181441208901e+00 -2.433456097651292183e+01 -4.924483191432643125e-01 -4.339483648742889166e+00 -4.924483191432643125e-01 -2.157699827600045239e+01
2.540924214840313411e+01 4.418782009816871081e+00 2.275684737115832856e+00 4.418782009816871081e+00 3.166080934256934398e+01 1.034261563785366794e-01 2.275684737115832856e+00 1.034261563785366794e-01 6.669548183966973909e+00
3.696119879741968361e+01 -5.206965137806283117e+00 2.177206235951127056e+01 -5.206965137806283117e+00 3.537302247778806219e+01 -1.703965591038993566e+01 2.177206235951127056e+01 -1.703965591038993566e+01 -1.020690300757290281e+00
4.837096702987143004e+00 4.904345537640865338e+00 7.392638608658622879e+00 4.904345537640865338e+00 7.351921568858137412e+00 1.976026886599666810e+01 7.392638608658622879e+00 1.976026886599666810e+01 -2.961112064398237465e+01
-4.007055459391530405e+00 -9.842199959657563113e+00 3.355899000931006348e+00 -9.842199959657563113e+00 4.871844434773390242e-01 5.842916830612288059e+00 3.355899000931006348e+00 5.842916830612288059e+00 2.889943533968886413e+01
-2.359291254333400545e+01 -1.363887850808494306e+01 -5.897473332688002223e+00 -1.363887850808494306e+01 -4.407517143625780065e+00 -1.785469366714885453e+01 -5.897473332688002223e+00 -1.785469366714885453e+01 -1.645463651429900143e+00
-1.452965902723464175e+01 -1.504137675251860040e+00 -1.528777191113134259e+00 -1.504137675251860040e+00 3.056281951432421984e+00 -7.196522800757445104e+00 -1.528777191113134259e+00 -7.196522800757445104e+00 1.548298630721551916e+01
3.469257166031801631e+01 -2.153965203860306765e+00 -9.191620395878155492e+00 -2.153965203860306765e+00 3.329211486569042933e+01 -1.110257247606863507e+00 -9.191620395878155492e+00 -1.110257247606863507e+00 2.916178449769956771e+01
4.333836588002424861e+01 -5.141499470347813405e-01 2.942478808252502187e+00 -5.141499470347813405e-01 4.332679260008101352e+01 -6.024408816719437620e-01 2.942478808252502187e+00 -6.024408816719437620e-01 1.209453891231626343e+01
4.481386193199838175e+01 3.503908224475849043e-01 6.788030624717211747e-01 3.503908224475849043e-01 4.524386666205430885e+01 -2.314304461100770816e+00 6.788030624717211747e-01 -2.314304461100770816e+00 1.703653839215330024e+01
1.397716707566728500e+00 2.522663714469861063e+01 -5.891632880100731384e+00 2.522663714469861063e+01 4.610745739859326009e-01 4.936252340884146328e+00 -5.891632880100731384e+00 4.936252340884146328e+00 -1.360121317321986290e+01
-1.843362758978907223e+01 1.118694445812000993e+01 2.573749379942584792e+00 1.118694445812000993e+01 -7.009480019766058945e+00 3.217530182386747928e+00 2.573749379942584792e+00 3.217530182386747928e+00 5.812121734535600659e+00
4.585580902469628484e+01 2.286525899067744783e-01 -2.334836891521973268e+00 2.286525899067744783e-01 4.628938317106015887e+01 5.777294819969065465e-01 -2.334836891521973268e+00 5.777294819969065465e-01 8.702478430551444433e+00
-1.552208643997748716e+01 1.747849706059524166e+01 2.811364135776186934e+00 1.747849706059524166e+01 -2.007084095050198158e+01 -3.175941704283808065e+00 2.811364135776186934e+00 -3.175941704283808065e+00 -2.039908914944545515e+01
1.565766076551313724e+01 -7.937390372023151563e+00 -2.916154727778398348e-01 -7.937390372023151563e+00 2.734000773531486317e+01 9.822803363713337177e+00 -2.916154727778398348e-01 9.822803363713337177e+00 3.612025737996120966e+01
-3.593311186192406836e+01 1.504559749410716130e+01 1.470859714346334179e+01 1.504559749410716130e+01 -3.456922781290392521e+01 6.876501690298114866e+00 1.470859714346334179e+01 6.876501690298114866e+00 -2.901902172696906135e+01
-1.404642421910867078e+01 1.293900655507837349e+01 -2.734130125368263720e+00 1.293900655507837349e+01 -1.217018177477584828e+01 -5.001341694520778702e+00 -2.734130125368263720e+00 -5.001341694520778702e+00 -2.650314023938375030e+01
2.899498982108226386e+01 1.419490234428783992e+01 8.669721154392325602e+00 1.419490234428783992e+01 2.568323435909988106e+01 -9.359415222104583876e+00 8.669721154392325602e+00 -9.359415222104583876e+00 -2.241945834383921010e+01
-1.384715043033634174e+01 -5.143325095572635064e+00 1.642223572879244031e+01 -5.143325095572635064e+00 -2.916238822604832848e+01 -1.074092167836246148e+01 1.642223572879244031e+01 -1.074092167836246148e+01 2.633683938015247250e+01
4.198373937827209090e+01 1.048048647474101536e+00 5.190066541692257562e-01 1.048048647474101536e+00 4.228002267884900789e+01 3.929596707844865699e-01 5.190066541692257562e-01 3.929596707844865699e-01 1.397132019348965315e+01
-2.295804202911503111e+00 -7.302596349061854397e+00 1.170949519080389578e+00 -7.302596349061854397e+00 1.424110739064239262e+01 7.585080661016226244e+00 1.170949519080389578e+00 7.585080661016226244e+00 -5.863548758463092092e+00
-1.575614549663430353e+01 1.164377035912348823e+01 9.597425752788215636e-01 1.164377035912348823e+01 -8.140521698397913397e+00 3.565461453140820414e+00 9.597425752788215636e-01 3.565461453140820414e+00 -1.020913171673110753e+01
-5.503308591803294236e-01 2.595035382871540452e+00 7.562901598184633478e+00 2.595035382871540452e+00 -2.350575155753943157e+00 -1.138303383468503505e+01 7.562901598184633478e+00 -1.138303383468503505e+01 -1.826893873426253379e+01
-1.904457641292336856e+00 -1.303549516053131185e+00 3.317213590418170543e+00 -1.303549516053131185e+00 6.668663288507297615e+00 6.524463884996963614e+00 3.317213590418170543e+00 6.524463884996963614e+00 4.946786857154255479e+00
2.754009080432225431e+01 3.591305116411191434e-01 1.255309767912084817e+00 3.591305116411191434e-01 2.456917312504576145e+01 8.707680468655574213e-01 1.255309767912084817e+00 8.707680468655574213e-01 -1.577277877065951905e+00
1.059064376637853933e+01 -1.638187330203007441e+00 -3.568098393269643065e+00 -1.638187330203007441e+00 1.022150006094411445e+01 4.072516072944966758e+00 -3.568098393269643065e+00 4.072516072944966758e+00 -1.083347739290314848e+01
2.250410597928463829e+01 -1.748364727938231944e+00 1.365468098937832275e+00 -1.748364727938231944e+00 1.938802145570640434e+01 2.472065457497547025e-01 1.365468098937832275e+00 2.472065457497547025e-01 -5.063815694660036559e-01
3.708597662075534540e+00 -4.573457327381450277e+00 7.480482690481523811e+00 -4.573457327381450277e+00 1.048767571259223530e+01 -9.835220770125479461e+00 7.480482690481523811e+00 -9.835220770125479461e+00 -3.659951799942369632e+01
5.775739386285803079e+00 1.120447797618911245e+01 1.074801722508435908e+01 1.120447797618911245e+01 -5.945221547070291379e+00 -5.400965579686582529e+00 1.074801722508435908e+01 -5.400965579686582529e+00 5.395346245112605743e+00
2.423239793837583278e+01 9.343266786467060214e+00 1.872562625019802862e+00 9.343266786467060214e+00 1.753763940352804696e+01 -3.006098956929339039e+00 1.872562625019802862e+00 -3.006098956929339039e+00 7.449844187812240115e+00
2.995393437020564775e+01 -9.820220677888015226e-01 7.536085726383048744e+00 -9.820220677888015226e-01 3.919202722238161130e+01 -3.546976545914750201e+00 7.536085726383048744e+00 -3.546976545914750201e+00 -6.645488809863789870e-01
-3.262477429218530034e+01 5.313634554816392352e+00 7.101893403406278615e+00 5.313634554816392352e+00 -3.033833866250204636e+01 -1.770905492408497039e+01 7.101893403406278615e+00 -1.770905492408497039e+01 1.861388234607450176e+00
-9.671263129951247706e+00 -2.043755407141539138e+00 4.688479235891547248e+00 -2.043755407141539138e+00 -1.015331672981270827e+01 -1.095611128028546766e+01 4.688479235891547248e+00 -1.095611128028546766e+01 -1.226167340189982546e+01
-2.541259771490472730e+01 6.585751559541766831e+00 1.174878883969997112e+01 6.585751559541766831e+00 -2.373259235151628488e+01 3.937436833219523979e+00 1.174878883969997112e+01 3.937436833219523979e+00 -5.134585499193561731e+01
4.948627562796148283e+01 -6.531627086706145446e-01 -7.480742078192319511e+00 -6.531627086706145446e-01 5.523829249479614134e+01 2.220635962415050813e+01 -7.480742078192319511e+00 2.220635962415050813e+01 1.891600695977350810e+01
3.804303916611590353e+01 7.204592770434122606e+00 -3.322698501267798310e+00 7.204592770434122606e+00 3.452057696256799346e+01 6.059918376474384694e+00 -3.322698501267798310e+00 6.059918376474384694e+00 4.612921212425254325e+00
-2.312811358655737592e+01 4.728218278782467365e+00 -6.100210527329529064e+00 4.728218278782467365e+00 -1.120920365537634567e+01 1.289644167786338080e+01 -6.100210527329529064e+00 1.289644167786338080e+01 -1.641463565967763216e+01
-3.666373948617211198e+01 1.257695785731538729e+00 -6.031121300945669894e+00 1.257695785731538729e+00 -3.164001683074156190e+01 2.332204793667003617e+00 -6.031121300945669894e+00 2.332204793667003617e+00 -7.956118909921408466e+00
1.812518438057426806e+01 -2.506220367075966138e+01 -1.201869433890015992e+00 -2.506220367075966138e+01 1.837515017315764609e+01 -1.520089790377631900e+01 -1.201869433890015992e+00 -1.520089790377631900e+01 -3.668057091150529203e+01
-1.477766072159789701e+01 -7.076721017294020477e+00 -6.506953456075543762e+00 -7.076721017294020477e+00 3.129219376112526985e-01 6.104741335447694262e+00 -6.506953456075543762e+00 6.104741335447694262e+00 -3.083407370184875873e+01
2.726091773508039395e+01 -6.649517430815880203e+00 -1.043454160565554467e+01 -6.649517430815880203e+00 2.003412428972201909e+01 -1.503030347573712433e+01 -1.043454160565554467e+01 -1.503030347573712433e+01 -1.325959162705274608e+01
3.467762038797458501e+01 -3.639404011706218967e+00 -9.326710704923838691e+00 -3.639404011706218967e+00 4.152030979069118111e+00 5.921185807770624976e+00 -9.326710704923838691e+00 5.921185807770624976e+00 -1.600015722980974076e+01
4.514447175492500719e+01 -1.091185685336203637e+00 -1.079511393960973509e+00 -1.091185685336203637e+00 4.440522340218220165e+01 -5.322034634113688156e-01 -1.079511393960973509e+00 -5.322034634113688156e-01 1.531359092196926674e+01
2.594377578536330731e+01 7.371014284540675199e+00 -3.409227122118156039e+00 7.371014284540675199e+00 3.903069905187803101e+01 2.886565818810857831e+00 -3.409227122118156039e+00 2.886565818810857831e+00 5.723190890110134887e+01
-1.696912470960161201e+01 6.342638917137142229e+00 -2.269942733196805840e+00 6.342638917137142229e+00 -1.673803725644250306e+01 4.272085109208827447e+00 -2.269942733196805840e+00 4.272085109208827447e+00 -5.886692917151006732e+00
2.986948815323692230e+01 -4.554763148822050134e+00 3.565473685324520581e+00 -4.554763148822050134e+00 2.667595840686859532e+01 -2.316420591342310153e+00 3.565473685324520581e+00 -2.316420591342310153e+00 3.552972438452558634e+01
-3.182880608038473014e+01 -1.867653411857093937e-01 -1.637983264917899362e+01 -1.867653411857093937e-01 -3.509361694318862845e+01 -7.224834067131927107e+00 -1.637983264917899362e+01 -7.224834067131927107e+00 -3.970117882575915758e+01
3.089377850619170474e+01 -2.533613224295840460e+00 2.998295445439162155e+00 -2.533613224295840460e+00 3.183899939672303958e+01 8.461961352171826434e+00 2.998295445439162155e+00 8.461961352171826434e+00 -1.200802115715179497e+01
3.940382747504943950e+01 -2.714163114477349259e-01 -1.841340085429002738e+00 -2.714163114477349259e-01 3.912393367679577949e+01 -1.856706344155562682e+00 -1.841340085429002738e+00 -1.856706344155562682e+00 8.324957154683369609e+00
3.954620914853201441e+01 5.319705357993537165e-01 -1.630521220651170777e+00 5.319705357993537165e-01 3.877201040478669825e+01 -9.406284461740188618e-01 -1.630521220651170777e+00 -9.406284461740188618e-01 7.461162964021645472e+00
3.897093847757939500e+01 5.903622804608781305e-01 1.458394458299113960e+00 5.903622804608781305e-01 3.817688249953784663e+01 -2.521703723694439514e+00 1.458394458299113960e+00 -2.521703723694439514e+00 1.184630363450900248e+01
-1.359441387209810159e+01 1.324009459461247040e+00 -6.181439668122666653e+00 1.324009459461247040e+00 -7.556102152156192631e+00 8.311778304466838074e-01 -6.181439668122666653e+00 8.311778304466838074e-01 -7.009453999740571817e+01
-3.145965545749840331e+00 3.832246866387447604e+00 4.817992252826708288e+00 3.832246866387447604e+00 9.851626885051654625e+00 5.429494005255386391e+00 4.817992252826708288e+00 5.429494005255386391e+00 -4.588201791013498898e+00
3.446719513714434413e+01 5.698584897542466887e-01 -5.027240557695437317e+00 5.698584897542466887e-01 1.577891355813934560e+01 -3.956165072409512984e+00 -5.027240557695437317e+00 -3.956165072409512984e+00 -2.465391498306050266e+01
5.056369014809670404e+01 5.770770962842912688e+00 4.415165291850708940e+00 5.770770962842912688e+00 3.970565560118425452e+01 1.012336497517997369e+00 4.415165291850708940e+00 1.012336497517997369e+00 1.652435051128782462e+01
1.629937905535881804e+00 1.395472017124384578e+01 -8.064929024330201202e+00 1.395472017124384578e+01 1.438836228607696333e+00 -1.024676093866375126e+01 -8.064929024330201202e+00 -1.024676093866375126e+01 2.802645521801456852e+01
2.095508147940612176e+01 7.638346526735077191e+00 -9.944636681982641502e-01 7.638346526735077191e+00 2.702117924437357743e+01 -2.063669138269702330e+00 -9.944636681982641502e-01 -2.063669138269702330e+00 -1.293188731624416121e+01
-4.848643686880576453e+00 4.465771376948189930e-01 6.869087713873044621e+00 4.465771376948189930e-01 2.465955843428147887e+00 4.127559547853490329e+00 6.869087713873044621e+00 4.127559547853490329e+00 1.295886525600357508e+01
1.019132421041175718e+01 -3.704454191869985369e+00 -8.229545487542534232e+00 -3.704454191869985369e+00 7.343740245455721904e+00 -2.787447972974870325e+01 -8.229545487542534232e+00 -2.787447972974870325e+01 1.210928645683022609e+01
3.630902440183728430e+01 2.835727639251333532e+00 3.476054758269380152e+00 2.835727639251333532e+00 3.584706805264282536e+01 -1.125177924783208994e+01 3.476054758269380152e+00 -1.125177924783208994e+01 2.879953742509275116e+01
3.575392489838417021e+01 4.301508982202222775e+00 -1.962036254597721019e+00 4.301508982202222775e+00 3.972640764973414917e+01 1.013172549124394450e+01 -1.962036254597721019e+00 1.013172549124394450e+01 5.384553264848923249e+01
-5.799527289830155752e+00 -4.703297360772675795e+00 -1.794859128415034366e+00 -4.703297360772675795e+00 -1.743313581471352292e+00 1.914653014928626718e+00 -1.794859128415034366e+00 1.914653014928626718e+00 -1.331028284602504463e+01
1.122811409351825240e+01 1.668608118400355667e-01 8.576166214168992497e+00 1.668608118400355667e-01 -9.092737321618917790e+00 -5.287090892030258615e+00 8.576166214168992497e+00 -5.287090892030258615e+00 -4.045932703095090233e+01
5.049408577862260827e+00 2.673673518815995021e+00 -3.699437166711348812e+00 2.673673518815995021e+00 2.843123779152450403e+00 -1.685114568944543123e+01 -3.699437166711348812e+00 -1.685114568944543123e+01 8.334260688496343050e+00
-6.086691147053888251e+00 5.158238192532112798e+00 -8.378311078904395970e+00 5.158238192532112798e+00 -3.709153636086805150e+00 7.175472061351465314e+00 -8.378311078904395970e+00 7.175472061351465314e+00 -1.370222315088997078e+01
-3.711347399337422814e+01 -1.065750999402132848e+01 -2.481985328741428187e+00 -1.065750999402132848e+01 -2.941209390047691841e+01 3.254445375364549697e+00 -2.481985328741428187e+00 3.254445375364549697e+00 -1.868435430273758158e+01
8.712267653528046552e+00 1.327177561826852603e+01 4.515356533872006750e+00 1.327177561826852603e+01 3.942103283049589457e+00 6.486719352850265352e+00 4.515356533872006750e+00 6.486719352850265352e+00 -4.874483929187942266e+00
-1.110441042516695376e+01 6.182495401433517834e+00 1.076977153629529838e+00 6.182495401433517834e+00 -9.372047228130025331e+00 -3.840662432816949856e+00 1.076977153629529838e+00 -3.840662432816949856e+00 -4.242711632738732419e+00
-3.874829885671914997e+00 -7.467885714478700088e+00 5.424837708793626145e-01 -7.467885714478700088e+00 -1.385756050957422403e+01 -1.115930622687361540e+00 5.424837708793626145e-01 -1.115930622687361540e+00 -1.485422672691857748e+01
4.048833562769828376e+01 1.106488966881206404e-01 -2.304973900080400928e-01 1.106488966881206404e-01 4.080970993832369942e+01 -6.514342375899015991e-01 -2.304973900080400928e-01 -6.514342375899015991e-01 9.610052185056902729e+00
-4.801106049290192601e+01 -1.778125875705389802e+01 -1.552556093769277723e+00 -1.778125875705389802e+01 -3.585509274250162548e+01 -9.199366461339517187e+00 -1.552556093769277723e+00 -9.199366461339517187e+00 -8.409258388499050341e+01
2.078639495086894584e+01 6.173260173762518122e+00 3.038382010819088430e-01 6.173260173762518122e+00 2.397957945355457099e+01 -2.947296418175146648e+00 3.038382010819088430e-01 -2.947296418175146648e+00 -5.112797236796130740e+00
-1.419963960659290692e+01 -1.053304018187072799e+01 -4.981673780099357352e+00 -1.053304018187072799e+01 -3.465840190561748102e+01 -9.932986721926356566e+00 -4.981673780099357352e+00 -9.932986721926356566e+00 4.062498677837532313e+01
-1.131978067706172730e+01 -1.653661169862653546e+00 -8.087181314977225810e+00 -1.653661169862653546e+00 -2.506041534239259150e+01 3.117396581033757830e+00 -8.087181314977225810e+00 3.117396581033757830e+00 -3.080514496652586942e+01
4.056619889117158806e+01 2.525552586076456052e+00 3.313180733866638583e-01 2.525552586076456052e+00 3.955486620856180480e+01 2.034857004980938022e+00 3.313180733866638583e-01 2.034857004980938022e+00 1.079176453696595495e+01
4.233047347816132344e+01 4.058239286957505687e-01 -5.482188598668475965e-01 4.058239286957505687e-01 4.213179013297467179e+01 1.505719950341475988e+00 -5.482188598668475965e-01 1.505719950341475988e+00 1.259476503126661839e+01
-2.145714286116849223e+01 -1.793498159695697258e-01 -2.861901950945633932e-01 -1.793498159695697258e-01 7.914214726261572519e-01 -2.492985927933509149e+00 -2.861901950945633932e-01 -2.492985927933509149e+00 2.054452003778736113e+01
