3.034454751941947137e+00 -1.112282769057599907e+01 1.034053861325836543e+01 -1.112282769057599907e+01 -5.072547883377124478e+00 1.222423750427771871e+01 1.034053861325836543e+01 1.222423750427771871e+01 -5.817915504701871576e+00
-9.086168564396203351e+00 1.596722926615325333e+00 1.795955722527103404e+01 1.596722926615325333e+00 -1.831652258921191745e+01 -9.410945263399131955e-01 1.795955722527103404e+01 -9.410945263399131955e-01 1.461874095897469772e+01
1.015443796899785411e+01 1.868567975441110818e+01 1.555432254066369069e+01 1.868567975441110818e+01 -3.114750015744797196e+01 3.713153497423616889e-01 1.555432254066369069e+01 3.713153497423616889e-01 -1.039090075239362365e+00
-3.114644017694433487e+01 -1.285938682688868795e+00 -2.566732578654365327e+00 -1.285938682688868795e+00 -7.701502144278357775e+01 7.267238892193969235e+00 -2.566732578654365327e+00 7.267238892193969235e+00 -3.547016295071647107e+01
-8.497824724483916681e-01 -4.789756264975379096e+00 -5.104013371902345053e-01 -4.789756264975379096e+00 1.735733849700927678e+01 -4.267220678006572676e+00 -5.104013371902345053e-01 -4.267220678006572676e+00 5.462757975079774120e+00
6.159292611832227315e+00 9.735994979862802268e+00 -3.133107894003189786e-01 9.735994979862802268e+00 -3.104049433816208392e+01 -2.307287672430372361e+00 -3.133107894003189786e-01 -2.307287672430372361e+00 2.902514740198737186e+01
2.790257927504605817e+01 9.668157519001447042e+00 1.098986833302570076e+01 9.668157519001447042e+00 -6.867504178858954589e+00 -1.866140229762325742e+00 1.098986833302570076e+01 -1.866140229762325742e+00 5.704500950806148829e+00
-1.557786583042917350e+01 2.462676073715275304e+00 4.915958071778511851e+00 2.462676073715275304e+00 -3.944858016867094364e+01 -1.813917969849085043e+00 4.915958071778511851e+00 -1.813917969849085043e+00 -1.310263732804091852e+01
-1.131452785645645243e+01 6.814735453267702914e-01 1.361154044378879391e+01 6.814735453267702914e-01 -3.677002314666825100e+01 -5.900412309265447242e+00 1.361154044378879391e+01 -5.900412309265447242e+00 -1.489265533764686289e+01
8.833371780265414586e+00 -1.938110272016815960e+00 7.769747201586480578e+00 -1.938110272016815960e+00 -3.376430016021446789e+01 -2.572985155495607579e+00 7.769747201586480578e+00 -2.572985155495607579e+00 1.793970189194648013e+00
-2.218421373695069221e+01 7.980544007763845649e+00 -3.244324578081104526e+00 7.980544007763845649e+00 -2.347504028166908085e+01 -1.343433842903582809e+00 -3.244324578081104526e+00 -1.343433842903582809e+00 -1.577268184735140899e+01
3.002608468032320843e+01 5.676703027424474968e+00 1.716149998251066222e+01 5.676703027424474968e+00 2.257131832803893801e+01 -4.979509269957870465e+00 1.716149998251066222e+01 -4.979509269957870465e+00 2.977367287739400936e+01
-6.653249774317909093e+00 2.784492749579873472e+00 7.741065878093812636e+00 2.784492749579873472e+00 -2.043326220786352110e+01 4.929574781964461749e+00 7.741065878093812636e+00 4.929574781964461749e+00 -1.683404374315666630e+01
-3.151836551220586102e+01 1.404788997315446686e+01 8.612511629719131534e+00 1.404788997315446686e+01 -4.391709154378760616e+01 -1.830154779844501078e+01 8.612511629719131534e+00 -1.830154779844501078e+01 -1.547157926146906171e+01
8.499603225550011132e+00 2.187943219667524808e+00 1.273824049105462208e+01 2.187943219667524808e+00 -1.965324754538775309e+01 4.398767356715113763e+00 1.273824049105462208e+01 4.398767356715113763e+00 4.446963331622059812e+00
9.950022417030433886e+00 2.490822929861078172e-01 1.528056423158396093e+01 2.490822929861078172e-01 -1.588797646849303646e+01 7.388282927424749680e+00 1.528056423158396093e+01 7.388282927424749680e+00 1.362878589073602598e+01
-1.828005532182245574e+01 -3.232232000038790520e-01 1.300246578831598576e+01 -3.232232000038790520e-01 -8.837754523520830574e+00 2.248994951678559673e+00 1.300246578831598576e+01 2.248994951678559673e+00 9.006330993465208934e+00
-2.422057533082098146e+01 -5.697999403951690134e+00 7.245658030433977714e+00 -5.697999403951690134e+00 -3.658162250624885559e+01 -2.854235388109615190e+00 7.245658030433977714e+00 -2.854235388109615190e+00 -1.006098622659264485e+01
8.543682051165623292e+00 -6.719493582183371672e+00 1.301430201609978710e+01 -6.719493582183371672e+00 -1.706130384364305641e+01 -4.004543686433422955e+00 1.301430201609978710e+01 -4.004543686433422955e+00 7.551384165824067018e+00
-2.451657118719116468e+01 8.057328480594851072e+00 -4.511462542003052967e+00 8.057328480594851072e+00 -2.848358676808652845e+01 -5.249978177547018454e+00 -4.511462542003052967e+00 -5.249978177547018454e+00 -1.859778812358526068e+01
2.013867430959381011e+01 7.331043841034957431e+00 3.502123501641983605e+00 7.331043841034957431e+00 -3.150135795003833117e+00 2.920920056928062003e+00 3.502123501641983605e+00 2.920920056928062003e+00 1.423084399802544020e+01
-1.411540999539479024e+01 -3.644519203918137773e+00 3.164506723541073541e+01 -3.644519203918137773e+00 -4.790857265374727092e+01 -7.797883887389069457e+00 3.164506723541073541e+01 -7.797883887389069457e+00 -2.126918184193641093e+00
-1.373117305161845714e+01 1.865910454268891172e+01 1.607752989579370606e+01 1.865910454268891172e+01 -5.893193908913668366e+01 3.387703474420784122e+00 1.607752989579370606e+01 3.387703474420784122e+00 -2.882784861086268435e+01
-1.492648790646090440e+01 8.634510973254913679e+00 6.175825194840376398e+00 8.634510973254913679e+00 -4.983933455736360685e+01 -9.396214850504481575e+00 6.175825194840376398e+00 -9.396214850504481575e+00 -1.327556192830119208e+01
-3.676308992430138289e+01 -8.716241059162928018e-01 6.961604360644445322e+00 -8.716241059162928018e-01 -5.822168809831474334e+01 -7.452594485917988898e+00 6.961604360644445322e+00 -7.452594485917988898e+00 -1.051487163775570188e+01
2.624686638363750291e+01 -6.682452419015547207e+00 8.677526070091555965e+00 -6.682452419015547207e+00 -1.607530309939888724e+01 1.682485955987325354e+01 8.677526070091555965e+00 1.682485955987325354e+01 1.359724969248725834e+01
-3.200159718488767879e+01 -1.030205360512367285e+01 1.535331803635158110e+01 -1.030205360512367285e+01 -7.815743369319834244e+01 -5.096423103237228247e+00 1.535331803635158110e+01 -5.096423103237228247e+00 5.004393434530197027e+00
-1.655564805942517381e+01 -5.907914120260570279e+00 3.425076209959528661e+00 -5.907914120260570279e+00 -1.576646475272328196e+01 -2.889466226640279967e+00 3.425076209959528661e+00 -2.889466226640279967e+00 -4.155209570463800794e+00
8.890916074980420802e+00 4.393679487266209271e+00 5.966632139655169809e+00 4.393679487266209271e+00 -2.280214390908245647e+01 1.186228379995426607e+01 5.966632139655169809e+00 1.186228379995426607e+01 1.445606375834445245e+01
-7.162854977383919852e+00 1.233141682428430252e+00 4.246746665403311916e+00 1.233141682428430252e+00 -1.957969155966223340e+01 5.769333638477946558e+00 4.246746665403311916e+00 5.769333638477946558e+00 -5.728237170958357716e+00
3.722923021226584694e+00 -3.979714902257998066e+00 3.638589011513717253e+01 -3.979714902257998066e+00 -1.298855164541820884e+01 4.338116649100857813e+00 3.638589011513717253e+01 4.338116649100857813e+00 -1.351499098021057499e+01
-1.127792470113802814e+01 -1.198149481283710127e+00 1.457663997726388416e+01 -1.198149481283710127e+00 -1.641860808133473881e+01 -1.681373131783980623e+00 1.457663997726388416e+01 -1.681373131783980623e+00 -2.473123668685767029e+01
-9.120738805982131936e+00 3.538635099133470963e+00 3.928569075275752276e+00 3.538635099133470963e+00 -1.025997948887821209e+01 5.222833432520053165e+00 3.928569075275752276e+00 5.222833432520053165e+00 -8.491825549953093244e+00
4.456877983979539160e+00 1.927679194361121784e+00 2.786502078353839096e+01 1.927679194361121784e+00 -3.878058530403723125e+01 -5.340149378224395171e+00 2.786502078353839096e+01 -5.340149378224395171e+00 -1.717691313721308788e+00
3.423783723847159166e+01 -1.327595954374672083e+01 1.598434087288864269e+01 -1.327595954374672083e+01 -1.297183959768171579e+00 -2.372272684040110657e-01 1.598434087288864269e+01 -2.372272684040110657e-01 2.056397811123998665e+01
3.002590872430701907e+01 -7.859666383516952237e+00 9.852723559390215158e+00 -7.859666383516952237e+00 -6.132847531106337513e+00 -6.841926136746993237e+00 9.852723559390215158e+00 -6.841926136746993237e+00 2.325211299366360862e+01
1.836047938176263727e+01 -1.034356101639306402e+01 5.315636497081551504e+00 -1.034356101639306402e+01 2.017856187975012716e+01 -5.747580384665234021e-01 5.315636497081551504e+00 -5.747580384665234021e-01 2.245079266150519359e+01
-3.516070571010532220e+00 7.213519377531779853e+00 6.292824024354712442e+00 7.213519377531779853e+00 -2.750609646855989965e+01 -6.241506434530251501e-02 6.292824024354712442e+00 -6.241506434530251501e-02 -4.704078262003081434e+00
2.233618437549472802e+01 7.021253844949989498e-01 1.206549993269570997e+01 7.021253844949989498e-01 -1.024008606972897795e+01 -5.836267742987656604e+00 1.206549993269570997e+01 -5.836267742987656604e+00 1.893145937163937020e+01
-8.243055170823568645e+00 -2.247195739490455146e+00 8.572040642671952426e+00 -2.247195739490455146e+00 -2.099616220684900725e+01 -2.768022776314483568e+00 8.572040642671952426e+00 -2.768022776314483568e+00 -1.090259218029589405e+01
3.476153793109414636e+00 -4.788082886879889699e+00 1.575490612792814105e+01 -4.788082886879889699e+00 -7.245594001282376517e+00 -8.740235625628914207e+00 1.575490612792814105e+01 -8.740235625628914207e+00 1.107458125081920031e+01
-8.261869835566058029e+00 -4.142922720451622354e+00 1.573490483862753209e+01 -4.142922720451622354e+00 -1.322419412665922955e+01 -8.096961995494725173e+00 1.573490483862753209e+01 -8.096961995494725173e+00 2.996126055992568382e+01
3.830740819358852889e+01 8.788799331023842143e+00 9.970921281973192052e+00 8.788799331023842143e+00 1.973754809088372397e+01 -1.097576869016729439e+01 9.970921281973192052e+00 -1.097576869016729439e+01 4.776783479228217999e+01
-3.899403522371678310e+00 1.117411629651030225e+01 1.223377767180993558e+01 1.117411629651030225e+01 5.933882873386342460e+00 -6.409819027153689674e+00 1.223377767180993558e+01 -6.409819027153689674e+00 3.350367354328087632e+00
-5.991406798183549043e+00 -4.692762406043724077e+00 1.830561845123816411e+01 -4.692762406043724077e+00 -1.128062539724629865e+01 -1.257932862745296099e+01 1.830561845123816411e+01 -1.257932862745296099e+01 1.063938608060778890e+01
3.582259799940135991e+01 2.243812293116924206e+00 2.132415999176267718e+01 2.243812293116924206e+00 -1.996019888901291139e+01 -2.710660375573468617e+00 2.132415999176267718e+01 -2.710660375573468617e+00 6.020943743806277837e+00
-4.170089483546597364e+01 -3.407558063146899574e+00 -7.009692342450965619e+00 -3.407558063146899574e+00 -5.305216183308791500e+01 2.388415776033931959e+00 -7.009692342450965619e+00 2.388415776033931959e+00 -2.773396638774815770e+01
3.558886054495830820e+01 -1.853813972055904458e+01 1.140122206531433591e+01 -1.853813972055904458e+01 1.732783149000077927e+01 -4.225999239956002462e+00 1.140122206531433591e+01 -4.225999239956002462e+00 3.987472481097392318e+01
-1.483953238196878210e+01 -2.610955280291595848e-01 3.381704068521110607e+00 -2.610955280291595848e-01 -2.563797921195363827e+01 3.518901897221865749e+00 3.381704068521110607e+00 3.518901897221865749e+00 -1.904722111267925655e+01
-1.652997619278972508e+01 -3.069424159417061482e+00 2.268840922153478434e+00 -3.069424159417061482e+00 -3.390949357993812185e+01 1.774638901541755587e+01 2.268840922153478434e+00 1.774638901541755587e+01 -2.874856747395874024e+01
