7.196168118743531128e-01 -6.113188862062510331e+00 -3.032673813387277484e+00 -6.113188862062510331e+00 1.099508994660408767e+01 5.561379383502708107e-01 -3.032673813387277484e+00 5.561379383502708107e-01 6.835882614203251606e+00
5.360116863844663904e+00 -4.077639584767447367e+00 -2.976916190592016620e-01 -4.077639584767447367e+00 -3.507495674438965239e+01 3.525630926910395146e+00 -2.976916190592016620e-01 3.525630926910395146e+00 7.703063878293819222e+00
-1.626797458396751850e+01 6.245081259198301815e+00 -1.109121072900977545e+01 6.245081259198301815e+00 -4.027418141313204103e+01 7.028774112639585958e+00 -1.109121072900977545e+01 7.028774112639585958e+00 -1.576654512608111602e+01
2.055068561379822256e+01 -8.165438410076170328e+00 9.887009220001731435e+00 -8.165438410076170328e+00 4.841269856279446060e+00 8.536891461472860598e+00 9.887009220001731435e+00 8.536891461472860598e+00 2.963525140399090674e+01
-1.005159550858136974e+01 -1.046182664041094768e+01 5.373678123600906353e+00 -1.046182664041094768e+01 -1.073005550661197027e+01 -2.656397844809346598e+00 5.373678123600906353e+00 -2.656397844809346598e+00 -3.215733838230011798e+01
-1.763027620609269652e+00 1.027861123072888638e+01 1.000714952806688451e+01 1.027861123072888638e+01 2.682305452661408296e+00 -5.817250949553590900e+00 1.000714952806688451e+01 -5.817250949553590900e+00 -1.249710763521211376e+01
3.564243583859617104e+01 -3.313706851961303990e+00 1.082532560268011856e+01 -3.313706851961303990e+00 3.440918499892591598e+01 -2.675896940409385305e+00 1.082532560268011856e+01 -2.675896940409385305e+00 3.484247882744732294e+01
2.220965712680855120e+01 -2.406039454305391789e+00 1.258410035862892506e+01 -2.406039454305391789e+00 2.014928079757659418e+01 3.497037843940427049e-01 1.258410035862892506e+01 3.497037843940427049e-01 8.869715789384461146e+00
-2.879110983571180782e+01 -8.702866241316877804e+00 2.226866764601908599e+01 -8.702866241316877804e+00 -5.342563731212141676e+01 1.284737737579282069e+01 2.226866764601908599e+01 1.284737737579282069e+01 -4.976377469958362099e+01
-1.098204685099708300e+01 -1.020222172762215429e+01 7.312593520693435600e+00 -1.020222172762215429e+01 -1.837400056951729965e+01 -7.595871484359426162e+00 7.312593520693435600e+00 -7.595871484359426162e+00 -1.221696523789462852e+01
-2.575567730642182696e+01 -2.047618638326231366e+00 1.754654568473959841e+00 -2.047618638326231366e+00 -3.276960798291467114e+01 2.661413934414262883e+00 1.754654568473959841e+00 2.661413934414262883e+00 -3.521315990571572740e+01
5.718671261836708197e+01 -3.626810617320545216e+00 1.641912084379940850e+01 -3.626810617320545216e+00 8.992994719388054392e+00 -1.008578995420303670e+01 1.641912084379940850e+01 -1.008578995420303670e+01 4.851945656898593739e+01
-5.911267286937111898e-01 9.459217889937264090e+00 2.372250499928460599e+00 9.459217889937264090e+00 -3.903378327668161063e+01 1.119635271312187719e+01 2.372250499928460599e+00 1.119635271312187719e+01 -4.788553710273373010e-02
5.506664233698916888e+00 2.916652278016400035e-01 1.417862544304455952e+01 2.916652278016400035e-01 -3.343199307050632996e+01 -1.102474192898707983e+01 1.417862544304455952e+01 -1.102474192898707983e+01 2.324281982568025029e+01
3.451986200402065386e+00 1.622333359505765316e+01 -5.127648899124665149e+00 1.622333359505765316e+01 -1.641460409041482826e+00 7.127784257644067978e+00 -5.127648899124665149e+00 7.127784257644067978e+00 -2.203161376159430063e+01
1.352375081828501102e+01 -7.573435171474205418e+00 3.277096252901306794e+00 -7.573435171474205418e+00 8.593661943567378003e+00 -3.232097075564797528e+00 3.277096252901306794e+00 -3.232097075564797528e+00 4.222691309852542929e+01
1.174641550943995583e+01 4.081201656843584380e-01 2.006403075471345776e+00 4.081201656843584380e-01 2.103693996335633898e+01 -2.533318275665222608e+00 2.006403075471345776e+00 -2.533318275665222608e+00 6.339076256081900063e+00
3.514881765746908027e+00 8.345361733857728836e+00 -1.565412420953106398e+00 8.345361733857728836e+00 1.302327239553912186e+01 -1.344723855256658851e+01 -1.565412420953106398e+00 -1.344723855256658851e+01 -7.956515702034621995e+00
-8.592740061271759711e-01 1.963919757782724096e+00 -3.257100545127339153e+00 1.963919757782724096e+00 8.147840143362865106e+00 2.049836192673056001e-01 -3.257100545127339153e+00 2.049836192673056001e-01 6.474388664418849970e+00
2.114000555491222855e+01 1.042682608452062354e+01 8.562177137887291067e+00 1.042682608452062354e+01 -1.800472189091734521e+01 2.671340591790847441e+01 8.562177137887291067e+00 2.671340591790847441e+01 1.323763485699593900e+01
-7.412966547236243819e+00 -2.877441469316888600e+00 9.263159324313219756e+00 -2.877441469316888600e+00 -9.151416031352900049e+00 8.065181377155085096e-01 9.263159324313219756e+00 8.065181377155085096e-01 2.581574608852648112e-01
-2.680516790281417983e+01 -1.558459564372617479e+01 -1.662152501710116681e+01 -1.558459564372617479e+01 -2.112418733686324046e+01 1.232227543799644920e+01 -1.662152501710116681e+01 1.232227543799644920e+01 -2.491281255709326459e+01
-4.563103435041114153e+00 6.252021122786145746e+00 3.979690982844558800e+00 6.252021122786145746e+00 -6.733801644242359608e+00 -2.270509451678068003e-01 3.979690982844558800e+00 -2.270509451678068003e-01 -2.978110911345436040e+00
6.858272889717202503e+00 6.345404051225977504e+00 2.067123594309137857e+01 6.345404051225977504e+00 -4.561958962780486360e+01 -9.980276305719106844e-01 2.067123594309137857e+01 -9.980276305719106844e-01 -1.760916660540044631e+01
2.929407443811281819e+00 4.750305618582813416e+00 4.389441673904755703e+00 4.750305618582813416e+00 -1.196299226004598104e+01 1.173654648342855467e+01 4.389441673904755703e+00 1.173654648342855467e+01 -1.126057429923642239e+01
1.931169972245632138e+01 -1.798227091313773940e+01 1.665667982006986181e+00 -1.798227091313773940e+01 -3.089307768820214406e+01 9.390835020211005357e+00 1.665667982006986181e+00 9.390835020211005357e+00 -8.111622232386858755e+00
-9.736645086998651166e+00 -3.202744078029604591e-01 -1.379973526416076846e+00 -3.202744078029604591e-01 -1.667031723819563993e+01 -2.682644860037286971e+00 -1.379973526416076846e+00 -2.682644860037286971e+00 -2.981581460785255899e+01
1.898472331576243377e+01 -8.720565754831168803e-01 5.878853530966702268e-01 -8.720565754831168803e-01 3.652758494037560411e+01 -1.042488206857673916e+01 5.878853530966702268e-01 -1.042488206857673916e+01 2.781431899676169905e+01
4.352202652477268430e+01 1.431682370218091904e+01 1.499620807509858267e+01 1.431682370218091904e+01 1.591924557705208132e+00 7.782229523066896526e+00 1.499620807509858267e+01 7.782229523066896526e+00 3.802534923920240573e+01
-1.479177223974729749e+01 -5.528107799398569888e+00 2.974972002214850253e+00 -5.528107799398569888e+00 -2.508557235645591632e+01 1.157247101104403519e+01 2.974972002214850253e+00 1.157247101104403519e+01 -1.030927392404524312e+01
-1.531443707841731339e+01 -4.490144791579626649e+00 5.428181617318167618e+00 -4.490144791579626649e+00 3.699378343235292022e+00 8.623603596114259418e+00 5.428181617318167618e+00 8.623603596114259418e+00 -4.417056674010309791e+01
6.784164895782901716e+00 7.607690498625371056e+00 -2.527205766519921237e+00 7.607690498625371056e+00 -4.566467376553288915e+01 1.011237622756463317e+01 -2.527205766519921237e+00 1.011237622756463317e+01 2.162993130797964270e+01
-2.074068586570011519e+01 -3.199841329112721455e-01 -8.321949983214238955e+00 -3.199841329112721455e-01 -2.979191191184317233e+01 -1.902756962576795718e+00 -8.321949983214238955e+00 -1.902756962576795718e+00 -2.042914439870531140e+01
3.319415559362459334e+01 6.105590931498023899e+00 1.282613119097906029e+01 6.105590931498023899e+00 -3.523870546575803786e+01 1.345867521310382120e+00 1.282613119097906029e+01 1.345867521310382120e+00 3.777019658535401447e+01
1.476144640207512992e+01 -2.180864393314521088e+00 5.088600085562816844e+00 -2.180864393314521088e+00 -1.257449355184261996e+01 4.048239358599104776e+00 5.088600085562816844e+00 4.048239358599104776e+00 1.194510714596145817e+01
4.797090547621447598e+01 4.603879241707565129e+00 7.183436140839134509e+00 4.603879241707565129e+00 -2.318678850986283013e+00 5.256699086213309613e+00 7.183436140839134509e+00 5.256699086213309613e+00 5.104543975568932268e+01
3.429894324468398992e+01 -3.356492563016850283e+00 5.948349189957717442e+00 -3.356492563016850283e+00 4.269487333811500918e+01 4.720929454525943925e+00 5.948349189957717442e+00 4.720929454525943925e+00 3.132641285557805588e+01
-1.112548029364190683e+01 2.414674345939150868e+00 -2.890342556550430597e+00 2.414674345939150868e+00 -3.716659575646365621e+00 -4.548318718860783427e+00 -2.890342556550430597e+00 -4.548318718860783427e+00 3.939330267108007266e+00
1.660299889557481201e+00 1.105972307525267262e-01 -8.404118710410323212e-01 1.105972307525267262e-01 -2.292582810439175489e+01 -2.127208709305764334e+00 -8.404118710410323212e-01 -2.127208709305764334e+00 9.882330302595418559e+00
4.021685440916013476e+01 6.490849756760976419e+00 8.104446551448980074e+00 6.490849756760976419e+00 -3.588679895861226754e+01 -1.256924938069538378e+01 8.104446551448980074e+00 -1.256924938069538378e+01 4.049821500083547932e+01
-1.550111786651335422e+01 -1.176385703119973591e+01 1.249911643990951227e+01 -1.176385703119973591e+01 1.487034736158446968e+01 9.479368507929347487e+00 1.249911643990951227e+01 9.479368507929347487e+00 -2.585618585675987191e+01
1.047919585546192778e+01 6.565104363537290766e-01 -3.842486569449535150e+00 6.565104363537290766e-01 9.034252811618991075e+00 3.029351270336067548e-01 -3.842486569449535150e+00 3.029351270336067548e-01 1.029025147005550700e+01
-1.937920530609265057e+01 1.131435997819573558e+01 7.748397011865706396e-01 1.131435997819573558e+01 -2.734928227274032153e+01 8.454876364663340027e+00 7.748397011865706396e-01 8.454876364663340027e+00 -2.444714567344749767e+01
-5.108830808166235471e+00 -7.842663648068664450e+00 -4.643196408405601439e+00 -7.842663648068664450e+00 1.087746225981934067e+01 -1.834228756149457595e+01 -4.643196408405601439e+00 -1.834228756149457595e+01 -1.022232098680939005e+00
4.505541598482243870e+01 -7.553074445515115087e+00 5.441770609310991880e+00 -7.553074445515115087e+00 -3.720359458720481882e+01 1.523729182820370376e+01 5.441770609310991880e+00 1.523729182820370376e+01 2.739097745251072880e+01
-9.188349050482145230e+00 -3.706349365753461189e+00 -7.441370858749166151e-02 -3.706349365753461189e+00 -2.219204141218280313e+01 -5.827446143285309965e+00 -7.441370858749166151e-02 -5.827446143285309965e+00 -1.259055889769555137e+01
3.477009960003539568e+00 8.937957645234881898e-01 -2.867250682641773629e+00 8.937957645234881898e-01 -2.855659413151649062e+01 4.311834686134560890e+00 -2.867250682641773629e+00 4.311834686134560890e+00 -2.497077431320459784e+00
5.500534947576757538e+00 -1.560133030480804983e+01 3.494235273710696532e+00 -1.560133030480804983e+01 -2.254505096248910334e+01 7.999189367283670471e+00 3.494235273710696532e+00 7.999189367283670471e+00 1.844510632878392187e+01
5.086172699142172604e+01 2.073689729022289541e+01 -1.072073393814412334e+01 2.073689729022289541e+01 2.770760328256693228e+01 -4.692602257606652283e-01 -1.072073393814412334e+01 -4.692602257606652283e-01 5.570710522386652741e+01
-1.194161077747512323e+01 2.989718942591277351e+00 9.082600532066324561e+00 2.989718942591277351e+00 2.930170767841779433e+00 -7.399305596738582125e+00 9.082600532066324561e+00 -7.399305596738582125e+00 -1.936533440579093490e+00
