2.765068853207447575e+01 -2.814490778840560647e+00 2.781148122099882158e+00 -2.814490778840560647e+00 4.088479030759249611e+01 8.303887136055323026e+00 2.781148122099882158e+00 8.303887136055323026e+00 1.652023697932662927e+01
-2.221737591007327595e+01 1.148732063176233353e+01 1.367573006871910835e+01 1.148732063176233353e+01 -4.248393906131315845e+01 -2.783479344121168597e-01 1.367573006871910835e+01 -2.783479344121168597e-01 -3.526655817328106934e+01
1.900233777597163387e+00 8.675773366639317530e+00 -1.448612988003978419e+00 8.675773366639317530e+00 -2.926635733980626153e+00 -4.542607924379169937e+00 -1.448612988003978419e+00 -4.542607924379169937e+00 -1.126398641333807049e+01
1.858732985254178161e+01 5.117658836559472846e+00 3.453136338932253135e+00 5.117658836559472846e+00 1.916845788210775448e+00 2.349426156053704418e+00 3.453136338932253135e+00 2.349426156053704418e+00 1.182135179731335972e+00
-2.549637840065931371e+01 -4.089761527555388909e+00 -3.064776387039012562e+00 -4.089761527555388909e+00 -2.341063485779585207e+01 2.497905025251719036e-01 -3.064776387039012562e+00 2.497905025251719036e-01 -2.569567431105031119e+01
-6.742666098561465482e+00 6.473339137471494364e-01 6.606249260630174369e+00 6.473339137471494364e-01 -5.530103279598567845e+00 3.704583618213590057e+00 6.606249260630174369e+00 3.704583618213590057e+00 -8.996209168486858587e+00
1.185780498453887360e-01 -2.269880564770262454e-01 5.150587554374333799e+00 -2.269880564770262454e-01 6.586113158402691070e+00 -5.059075165450573230e+00 5.150587554374333799e+00 -5.059075165450573230e+00 -6.839605493153243287e+00
-1.023787147784442197e+01 2.474814825828621778e+00 1.013227231521595861e+01 2.474814825828621778e+00 -3.190505236527888044e+01 1.336984027963052934e+00 1.013227231521595861e+01 1.336984027963052934e+00 -7.408803081566659898e+00
-5.731174446947904677e+00 -1.236227137898590511e+00 3.445848755654456586e+00 -1.236227137898590511e+00 -9.855345481535234597e+00 4.681961059918556600e+00 3.445848755654456586e+00 4.681961059918556600e+00 3.369283429858199064e+00
1.373069580685375612e+01 3.050556728251038408e+00 3.272684095892984590e+00 3.050556728251038408e+00 1.084074086529043157e+01 9.125190910346802298e+00 3.272684095892984590e+00 9.125190910346802298e+00 7.424164586275780131e+00
1.295145041370761518e+01 1.206992562690036586e+01 8.766515777704023904e+00 1.206992562690036586e+01 -1.047738526908468870e+01 -5.991887695361905131e+00 8.766515777704023904e+00 -5.991887695361905131e+00 5.057127896571462777e+00
7.122625070232501798e+00 -1.433893542439080571e-01 1.049253984203426526e+01 -1.433893542439080571e-01 -5.354375390802106338e+00 -2.470083869781360075e+00 1.049253984203426526e+01 -2.470083869781360075e+00 3.999909447299218268e+00
6.208239642210561016e+00 4.684603033904751967e+00 1.562506682228523625e+00 4.684603033904751967e+00 2.825039016392004498e+00 -2.214687479501409761e+00 1.562506682228523625e+00 -2.214687479501409761e+00 2.927485911043643529e+00
9.628884508446400758e+00 -1.740052282401208794e+00 -2.681662473845697559e+00 -1.740052282401208794e+00 -4.140346489062964430e+00 -3.019164869517386940e+00 -2.681662473845697559e+00 -3.019164869517386940e+00 -1.857302566597497373e-01
-7.200261989721115974e+00 1.084893624424085523e+01 3.781909010509211022e+00 1.084893624424085523e+01 -2.641992466492574820e+01 7.597921494351951299e-01 3.781909010509211022e+00 7.597921494351951299e-01 -3.467535678996088944e+00
-1.970790292683662770e+01 7.840165114402976698e+00 5.753139683619330480e-01 7.840165114402976698e+00 -1.725639806490988093e+01 3.485871704585441488e+00 5.753139683619330480e-01 3.485871704585441488e+00 -2.564481805396771463e+01
-3.414806797275785399e+00 -6.078073495647970947e-01 9.256386163373896414e-01 -6.078073495647970947e-01 -2.764134298877167950e+01 -9.638718460064714222e+00 9.256386163373896414e-01 -9.638718460064714222e+00 -7.689687619400576324e+00
-1.073335881209107079e+01 -7.826511111258136477e-01 7.029672538410752125e+00 -7.826511111258136477e-01 -2.910726704620481442e+01 -1.819094581150862977e+00 7.029672538410752125e+00 -1.819094581150862977e+00 -9.631275067602448559e+00
2.581187222384221869e+01 -1.995811383793711258e+00 1.185039403344578091e+01 -1.995811383793711258e+00 3.668994965153930821e+01 -1.155783452308946968e+00 1.185039403344578091e+01 -1.155783452308946968e+00 3.819311018423565685e+01
1.947351665536684706e+01 2.404311714055295202e+00 5.237510097285630550e+00 2.404311714055295202e+00 1.121216480653469283e+01 1.485921205102469722e+00 5.237510097285630550e+00 1.485921205102469722e+00 4.087463566819538130e+01
-2.312148386690167357e+01 8.646933203198473805e+00 3.867455272373975461e+00 8.646933203198473805e+00 -2.190448593755888140e+01 8.666167500429661885e+00 3.867455272373975461e+00 8.666167500429661885e+00 -7.564215161641955731e+00
-1.098331366835434153e+01 -3.328025456176001651e+00 -2.191195885247466890e+00 -3.328025456176001651e+00 -1.648662900315451374e+00 -1.329529601280625029e+00 -2.191195885247466890e+00 -1.329529601280625029e+00 -3.405040285572546122e+00
4.554882302220369183e+01 -3.748219374325083120e+00 8.647564223661758476e+00 -3.748219374325083120e+00 4.948780643343896912e+01 9.299952902918596109e+00 8.647564223661758476e+00 9.299952902918596109e+00 3.696213705601709876e+01
2.070657375661977895e+01 -1.641954058779356407e+00 8.149888779163259045e+00 -1.641954058779356407e+00 1.567713933134210080e+01 2.239090935960988293e+00 8.149888779163259045e+00 2.239090935960988293e+00 3.031529016207635507e+01
3.089475810876101747e+01 8.357399467016193295e-01 1.887099671185203942e+00 8.357399467016193295e-01 2.288418335706656137e+01 -1.614519830840080994e+00 1.887099671185203942e+00 -1.614519830840080994e+00 4.085275047177459129e+01
-1.036337892845677722e+01 2.080212326685373370e+00 6.277805927261042918e+00 2.080212326685373370e+00 -3.457963661058017379e+01 -5.710588812418699867e+00 6.277805927261042918e+00 -5.710588812418699867e+00 -4.842652152365318763e+00
2.211817375057912827e+01 -4.972592069670351833e+00 2.454572793181024171e+00 -4.972592069670351833e+00 1.045190819956797235e+01 -8.120475788010512730e+00 2.454572793181024171e+00 -8.120475788010512730e+00 9.410628407081700786e+00
1.540354685963353987e+01 -5.567820127231096983e+00 2.053002691517884504e+00 -5.567820127231096983e+00 1.114009901271988490e+01 -2.441243642100325406e+00 2.053002691517884504e+00 -2.441243642100325406e+00 1.462428610913066152e+01
6.096871796060897353e+00 3.056732179769581670e+00 4.575755736557532316e+00 3.056732179769581670e+00 1.210383619357091511e+01 -4.759235924321859379e+00 4.575755736557532316e+00 -4.759235924321859379e+00 1.128394026383062076e+01
-4.954730570413621304e-01 1.200663687705233684e+00 3.696970303507511879e+00 1.200663687705233684e+00 9.724059762459948075e+00 -3.832369364871126560e+00 3.696970303507511879e+00 -3.832369364871126560e+00 -1.233804725768506216e+01
-2.587462609079536335e+01 1.683976143437588036e+01 1.201242908737057080e+00 1.683976143437588036e+01 -2.202419299427101862e+01 -5.099493747994275239e+00 1.201242908737057080e+00 -5.099493747994275239e+00 -1.425474298627527148e+01
-3.423186114855514006e+01 -4.142814653216476906e+00 -2.909634534983363441e+00 -4.142814653216476906e+00 -4.528096756895619990e+01 -2.045485765042004189e+00 -2.909634534983363441e+00 -2.045485765042004189e+00 -3.177789045375818944e+01
2.940610240694235600e+01 -5.882343413950588129e-01 1.466636252428148524e+01 -5.882343413950588129e-01 2.330627886191174980e+01 -5.287437775784283644e+00 1.466636252428148524e+01 -5.287437775784283644e+00 1.597808035403648574e+01
-2.205434780721979138e+01 -4.722534946324842053e+00 7.000125019781855862e+00 -4.722534946324842053e+00 -1.986038129855522882e+01 -2.753203584456823894e+00 7.000125019781855862e+00 -2.753203584456823894e+00 -1.731402580565411853e+01
2.293071773054171913e+01 -4.372943858947327733e+00 8.834203499853252595e+00 -4.372943858947327733e+00 3.543448503131642724e+01 3.283581606650524343e+00 8.834203499853252595e+00 3.283581606650524343e+00 2.727626258352595201e+01
-3.465251755306615333e+00 -1.038091279995082949e+01 1.020631013942271181e+01 -1.038091279995082949e+01 -1.616177344886561329e+01 -1.895960308050771870e+00 1.020631013942271181e+01 -1.895960308050771870e+00 -3.904383291419999402e-01
1.134650962863313062e+01 -1.170584294935707170e+01 4.688237130877780601e+00 -1.170584294935707170e+01 1.365028108869323908e+01 3.557588007795667195e+00 4.688237130877780601e+00 3.557588007795667195e+00 1.756222284726490201e+01
2.861955233918917330e+01 4.681352166407892312e+00 1.264416750409888834e+01 4.681352166407892312e+00 2.466101950005423760e+01 6.407860850744496517e+00 1.264416750409888834e+01 6.407860850744496517e+00 1.475905651277800246e+01
4.301416378193577827e+01 9.944385709282521191e+00 7.921351362719139644e+00 9.944385709282521191e+00 3.539757925712709152e+01 8.656566035346109800e+00 7.921351362719139644e+00 8.656566035346109800e+00 3.435286965595416575e+01
-1.682020569814217126e+01 -1.085196589914482068e+01 1.108842584063532533e+00 -1.085196589914482068e+01 -1.425500881508674667e+01 5.688119024827801518e+00 1.108842584063532533e+00 5.688119024827801518e+00 -1.789243020914901194e+01
9.965346676731270392e+00 -5.041434509253625684e+00 5.428138151059668459e+00 -5.041434509253625684e+00 1.438270252679173211e+01 -3.627872037192742649e+00 5.428138151059668459e+00 -3.627872037192742649e+00 1.642358254465595024e+01
1.733386643476979927e+01 1.004696501195323721e+00 5.353688935011469141e+00 1.004696501195323721e+00 1.262480067231112280e+01 -1.464100162233057612e+00 5.353688935011469141e+00 -1.464100162233057612e+00 9.157178838291313294e-02
-9.124532550300330058e+00 5.501804352381421681e-02 4.016686664292969944e+00 5.501804352381421681e-02 -1.202222056442400699e+01 4.685962724935044399e+00 4.016686664292969944e+00 4.685962724935044399e+00 -5.520015800857662747e+00
1.186548635417702791e+01 3.255288354357384062e+00 1.218819272130090781e+01 3.255288354357384062e+00 2.586948087877765801e+01 5.774684258824283489e+00 1.218819272130090781e+01 5.774684258824283489e+00 2.728033399455573971e+01
1.166835035625197747e+01 8.102729457724560547e+00 -5.231934262264751112e+00 8.102729457724560547e+00 7.345792783405115323e+00 1.328249788141164789e+00 -5.231934262264751112e+00 1.328249788141164789e+00 -2.823225965992606779e-02
-1.023898299243285770e+01 -7.220665981775801434e+00 9.128824924999233703e-01 -7.220665981775801434e+00 -1.095732518658741661e+01 3.531263500684864720e+00 9.128824924999233703e-01 3.531263500684864720e+00 -1.464134281507363866e+01
-1.178812800575292030e+01 1.257720770321469850e+01 7.046436088461734748e+00 1.257720770321469850e+01 -2.019294317749620760e+01 3.582167538791032335e+00 7.046436088461734748e+00 3.582167538791032335e+00 -7.255128358333733374e+00
3.222580998116868045e+01 4.042118995605673781e+00 1.500962261764039596e+01 4.042118995605673781e+00 3.001168286940875518e+01 -2.570708503647772147e+00 1.500962261764039596e+01 -2.570708503647772147e+00 4.720059612651331094e+01
-8.521482755231374995e+00 2.864636723893849712e+00 8.080100895666491922e+00 2.864636723893849712e+00 -1.211206981293025642e+01 2.329347126975154669e+00 8.080100895666491922e+00 2.329347126975154669e+00 1.231226640375217585e+01
1.244719872595494792e+01 1.085021805994892397e+01 8.321240999937838723e+00 1.085021805994892397e+01 1.037587904468292743e+00 3.500714168976792440e+00 8.321240999937838723e+00 3.500714168976792440e+00 2.906785758575094025e+00
