4.778188746162553002e+01 -2.377437017547716280e+01 -2.083790588019082435e+01 -2.377437017547716280e+01 1.045974991858793501e+01 6.947544316624871819e+00 -2.083790588019082435e+01 6.947544316624871819e+00 5.162742679379474708e+01
7.728540157639432806e+00 8.700227871139723845e+00 -1.964892740388542691e+01 8.700227871139723845e+00 -4.184865640080242599e+01 -1.392466513691995900e+01 -1.964892740388542691e+01 -1.392466513691995900e+01 2.248164375685476912e+01
-2.892397002830296415e+01 1.003777221855848900e+01 8.982974799120173159e+00 1.003777221855848900e+01 -2.067256985377539991e+00 -1.494888890840345752e+01 8.982974799120173159e+00 -1.494888890840345752e+01 -5.628655242135708647e+01
-5.781742628817553076e+00 2.524396130246218117e+00 2.892979775512412921e+00 2.524396130246218117e+00 -2.006043290092503373e+00 -2.617257412294357710e+00 2.892979775512412921e+00 -2.617257412294357710e+00 -6.724772394377710683e+00
-3.646624173229452026e+01 -1.197988076165590243e+01 1.059354995728743987e+01 -1.197988076165590243e+01 -2.501519128092557054e+01 -9.464802772700102729e-01 1.059354995728743987e+01 -9.464802772700102729e-01 -3.488270727379952518e+01
-2.989360737904278054e+01 2.425893562623403499e-01 -3.025245021812294155e+00 2.425893562623403499e-01 -6.023936178417164200e+01 1.257652009553285932e+00 -3.025245021812294155e+00 1.257652009553285932e+00 -2.825578498483480061e+01
-8.621448991896372149e+00 2.812187021280357158e+01 2.681386762077682118e+00 2.812187021280357158e+01 3.112987385987016609e+01 -7.537469425584363059e+00 2.681386762077682118e+00 -7.537469425584363059e+00 -1.973727757294158991e+01
-2.969873090173431862e+01 1.779979541239507412e+00 2.042029708428489343e+01 1.779979541239507412e+00 -3.840656506247621138e+01 2.001651947135588117e+01 2.042029708428489343e+01 2.001651947135588117e+01 -1.594402223500009974e+01
3.412941114942170628e+01 -1.844531556551623597e+00 3.955012134664849466e+00 -1.844531556551623597e+00 -3.194749852058405448e+00 1.015240943174794097e+01 3.955012134664849466e+00 1.015240943174794097e+01 3.253766418123978355e+01
-9.123654206127827848e+00 -1.301088397677761677e+01 -1.566000415101494525e+01 -1.301088397677761677e+01 -1.007286268071714908e+01 1.489568084693413219e+01 -1.566000415101494525e+01 1.489568084693413219e+01 3.909310583542725315e+00
1.280402348549333880e+00 -8.185173310058548424e+00 -2.502206776288481294e+01 -8.185173310058548424e+00 -6.351875827069907388e+00 9.047641935059262508e+00 -2.502206776288481294e+01 9.047641935059262508e+00 3.492668460142124331e+01
6.666487380924781547e+00 1.209470876946539342e+01 -2.610989911831395283e+00 1.209470876946539342e+01 3.211580385516459302e+00 -5.726851740579457228e-01 -2.610989911831395283e+00 -5.726851740579457228e-01 1.411295745309210936e+01
-3.444716337974504228e+01 5.677738433043774791e+00 -1.993981540212974579e+01 5.677738433043774791e+00 -2.840737734676494597e+01 8.795352091013510787e+00 -1.993981540212974579e+01 8.795352091013510787e+00 -4.134914811026717274e+01
-6.867925307101170063e+01 1.753902950585899134e+01 5.212968344093215078e-01 1.753902950585899134e+01 -5.833313942530018892e+01 -5.908740436885790537e+00 5.212968344093215078e-01 -5.908740436885790537e+00 -3.902694228137596610e+01
3.096076185561449279e+01 -1.622993614687681552e+00 -2.222081100554523569e+00 -1.622993614687681552e+00 2.795838559645762800e+01 -2.214192468931051039e+00 -2.222081100554523569e+00 -2.214192468931051039e+00 2.845432064924797899e+01
2.422302294743673556e+01 -1.419291885645663065e+01 6.262655576630920429e+00 -1.419291885645663065e+01 1.901822794236417702e-01 3.487428928395816197e+00 6.262655576630920429e+00 3.487428928395816197e+00 2.062862323870693970e+01
3.084441961951887912e+00 2.663372540820000722e+01 4.178989925460661503e+00 2.663372540820000722e+01 -5.981691952196241502e+00 -1.090797456506619234e+01 4.178989925460661503e+00 -1.090797456506619234e+01 3.876915757047132427e+00
3.348106108460897445e+01 -3.554384065114081004e+00 2.179669267141295208e+01 -3.554384065114081004e+00 2.785078454046128726e+01 -1.095488239398734720e+01 2.179669267141295208e+01 -1.095488239398734720e+01 4.534365238529498754e+01
-2.351214348854196601e+01 4.575093487559882988e+00 -1.844513952331190509e+01 4.575093487559882988e+00 -1.926112552703328973e+01 1.180657518003487993e+01 -1.844513952331190509e+01 1.180657518003487993e+01 2.764542704077980861e+00
9.653720197786478607e+00 -1.192959534583290804e+01 -1.793744305072941581e+00 -1.192959534583290804e+01 4.625647931791427681e+01 -1.595078878354669882e+00 -1.793744305072941581e+00 -1.595078878354669882e+00 1.619513250080861333e+00
3.281313105420303344e+01 -2.748742902275882916e+00 1.988985422292488758e+00 -2.748742902275882916e+00 6.162993313437787890e+00 -6.911662136038811965e+00 1.988985422292488758e+00 -6.911662136038811965e+00 3.153299510755139679e+01
-6.942088320829830650e+01 -7.017573496544354583e+00 -3.113754086858449011e+00 -7.017573496544354583e+00 2.232488866423816720e+00 4.306731266414246306e+00 -3.113754086858449011e+00 4.306731266414246306e+00 -2.378088716163505367e+01
-8.064209305379584691e+01 1.209403339838188707e+01 7.416934293689704250e-01 1.209403339838188707e+01 3.132937085720894288e+01 -5.884130904064088341e+00 7.416934293689704250e-01 -5.884130904064088341e+00 -1.597369541479849531e+01
-8.747926243857190087e+00 9.426305216773405604e+00 9.785122099458459788e-01 9.426305216773405604e+00 1.231482969452110865e+01 -2.179910238389397126e+00 9.785122099458459788e-01 -2.179910238389397126e+00 -2.417237225657261490e+01
5.311921706532370946e-01 1.604998298872705842e+00 -1.033599512879143312e+00 1.604998298872705842e+00 1.225865113172542598e-01 5.469206795069956328e+00 -1.033599512879143312e+00 5.469206795069956328e+00 -3.896012087089846254e+00
1.643336779020036786e+01 -6.521813044269228143e+00 1.803054632363015131e+01 -6.521813044269228143e+00 -1.212440596724662001e+01 3.364469862863430638e+00 1.803054632363015131e+01 3.364469862863430638e+00 -2.326774253385699609e+01
-1.037964516052653252e+01 -1.027778290884543821e+01 -2.345640317623207949e+01 -1.027778290884543821e+01 -2.905246536697562476e+01 1.528749643779808665e+01 -2.345640317623207949e+01 1.528749643779808665e+01 -6.612250750223106266e+00
4.330612603721368803e-01 1.294295149047231774e+01 -4.783389936466920567e+00 1.294295149047231774e+01 -3.333925528478654599e+01 -2.227608475154593748e+01 -4.783389936466920567e+00 -2.227608475154593748e+01 5.731892253952085570e-01
-5.377952648592726703e+00 2.738253647798780932e+01 -1.190768498732720637e+01 2.738253647798780932e+01 -2.718233160449162611e+01 1.551715623947413292e+01 -1.190768498732720637e+01 1.551715623947413292e+01 2.461859613879388320e+01
-3.953718556600850320e+01 -5.890781041041933008e+00 -6.322978599231561248e+00 -5.890781041041933008e+00 -1.794925304418536882e+01 -9.477029495212656585e+00 -6.322978599231561248e+00 -9.477029495212656585e+00 -1.698849800291475276e+01
-2.644505437177077312e+01 3.487044307413412536e+00 -1.178891447727460040e+01 3.487044307413412536e+00 7.912985297780932292e+00 1.630051328804899891e+00 -1.178891447727460040e+01 1.630051328804899891e+00 -7.281650131795157677e+01
8.219785346212832300e-01 1.422480797260229402e+01 4.596744056695492020e+00 1.422480797260229402e+01 2.335449314280268140e+01 -1.139144129456569488e+01 4.596744056695492020e+00 -1.139144129456569488e+01 -1.286249511868294171e+00
1.442125409714054285e-01 -4.137943410521061516e+00 -6.170089627967481505e+00 -4.137943410521061516e+00 1.853192303425272769e+01 1.257665699972110529e+00 -6.170089627967481505e+00 1.257665699972110529e+00 -1.103794686846426210e+01
4.636217794344704402e+01 1.554387300908211245e+01 -3.201071688670754423e+00 1.554387300908211245e+01 2.731177599838274261e+01 4.670633006951146804e+00 -3.201071688670754423e+00 4.670633006951146804e+00 5.710270295219854120e+01
-2.352532709114742815e+01 2.248898298298433129e+00 -1.577449095858082018e+01 2.248898298298433129e+00 -2.038353453879246402e+01 3.645287528923907061e+00 -1.577449095858082018e+01 3.645287528923907061e+00 -2.488832132578694711e+01
2.359414296798350819e+01 -2.925303675035226370e+00 -2.146262989545122579e+01 -2.925303675035226370e+00 -4.602639806234348896e+01 1.056481893154900265e+00 -2.146262989545122579e+01 1.056481893154900265e+00 1.040323102942761224e+01
-1.559224182321270291e+01 1.092088235906855154e+01 7.322241253346345680e+00 1.092088235906855154e+01 -5.671827160443107374e+01 -2.944812917933994356e+00 7.322241253346345680e+00 -2.944812917933994356e+00 -7.506484579476588870e+00
-2.141168708981938096e+01 1.335927159503251893e+01 7.401405661677358694e+00 1.335927159503251893e+01 2.176369594443592703e+01 -2.625132811419617518e+00 7.401405661677358694e+00 -2.625132811419617518e+00 -3.672779743983012679e+01
1.684014684411031126e+01 -5.976252427670888601e+00 -9.610496473863252120e+00 -5.976252427670888601e+00 2.628700303808047423e+01 -3.377433805717213744e+00 -9.610496473863252120e+00 -3.377433805717213744e+00 5.142969232649090117e+00
5.098423075173291608e+01 -1.237926144918925253e+01 7.081070902543162848e-02 -1.237926144918925253e+01 -1.251395084191256757e+01 8.084379627156977222e+00 7.081070902543162848e-02 8.084379627156977222e+00 4.448857149723678361e+01
-7.466487130681467299e+00 1.465627302295257728e+01 4.132012955972179213e+00 1.465627302295257728e+01 -3.226438224648839892e+00 -3.337781792883504739e+00 4.132012955972179213e+00 -3.337781792883504739e+00 5.718608453156587501e+00
-2.917446392916498432e-01 -3.203233970455754420e+00 -6.538340786972768548e+00 -3.203233970455754420e+00 -1.616776079982032144e+01 -1.700261991796557481e+01 -6.538340786972768548e+00 -1.700261991796557481e+01 2.061069943839185115e+01
2.778224580784180020e+01 9.391500219173888553e+00 8.358742737767652087e-02 9.391500219173888553e+00 -2.879187132121559856e+01 7.631980574583052679e+00 8.358742737767652087e-02 7.631980574583052679e+00 3.267354307301793881e+01
-3.530180133546919308e+01 -3.783122346806411240e+00 -5.123982703188678656e-01 -3.783122346806411240e+00 -4.904317145815963386e+01 2.593664031833422534e+00 -5.123982703188678656e-01 2.593664031833422534e+00 6.967590353822673777e+00
7.556025815405150725e-01 -4.773341603154237944e+00 5.347746838067778619e+00 -4.773341603154237944e+00 2.423631690944944683e+00 1.512156187619073888e+00 5.347746838067778619e+00 1.512156187619073888e+00 -1.934173326375947077e+00
-2.507611827076709687e+01 8.488639168754346542e+00 -3.457922807871433579e-01 8.488639168754346542e+00 -6.806990256274001183e+01 -6.886720634743627834e+00 -3.457922807871433579e-01 -6.886720634743627834e+00 -3.878815932520901288e+00
-1.322862990569382902e+01 -2.566485903217065268e+00 1.118176187481567752e+01 -2.566485903217065268e+00 -3.821703392168448943e+01 4.599008232283894770e+00 1.118176187481567752e+01 4.599008232283894770e+00 -1.040117024436536219e+01
3.681885885155327998e+01 -1.667195903409367297e+00 1.964285760891170796e+01 -1.667195903409367297e+00 -3.160032928697447119e+01 -6.691488348243711748e+00 1.964285760891170796e+01 -6.691488348243711748e+00 2.281443066117865826e+01
2.389465500119093733e+01 -3.464725843533397853e+00 -6.030163974027530349e-01 -3.464725843533397853e+00 2.908320377287058633e+01 4.354989284862671006e+00 -6.030163974027530349e-01 4.354989284862671006e+00 2.515854065852806443e+01
-1.437784657929874399e+01 4.639762761107290245e+00 7.143634824487163471e+00 4.639762761107290245e+00 -6.055697759334450581e+01 3.236971705635376395e+01 7.143634824487163471e+00 3.236971705635376395e+01 -6.887999497121002435e+01
-4.049554482798579613e+01 -2.284208568426351249e+01 4.825515130494273386e+00 -2.284208568426351249e+01 -4.770426629344670744e+01 1.418594175338217056e+01 4.825515130494273386e+00 1.418594175338217056e+01 -6.075361933065436482e+00
-1.633263840791603982e+01 1.943536684612037391e+01 -1.294717935678293941e+01 1.943536684612037391e+01 -1.948050990917450065e+01 -2.323186536611473230e+01 -1.294717935678293941e+01 -2.323186536611473230e+01 -9.777059633742805289e+00
-3.893324606813557409e+00 -7.191017948231039014e+00 -1.716877392326415341e+00 -7.191017948231039014e+00 -5.072494663074199650e+01 4.264995873738240739e+00 -1.716877392326415341e+00 4.264995873738240739e+00 -9.306176951789023377e+00
-1.334694382559873027e+01 6.480189686340704469e+00 -2.082366301122974050e+01 6.480189686340704469e+00 -6.034840315259035748e+01 6.210151942024602967e+00 -2.082366301122974050e+01 6.210151942024602967e+00 -3.278314576032895644e+01
-1.932045700705302593e+01 -6.534178844590415203e+00 5.456857690477022516e+00 -6.534178844590415203e+00 -2.680703322881998929e+01 1.145362772227679216e+01 5.456857690477022516e+00 1.145362772227679216e+01 -2.570338291684143783e+01
3.689893836069575883e+01 -2.320714574952345455e+00 1.178029155144716844e+00 -2.320714574952345455e+00 4.488031474142096044e+01 -8.383903050031694448e+00 1.178029155144716844e+00 -8.383903050031694448e+00 4.456847886689585891e+01
1.812416286811786392e+01 -5.882959083183211035e+00 2.903141121131454838e+01 -5.882959083183211035e+00 -2.205363703158259980e+01 9.088444071145520553e+00 2.903141121131454838e+01 9.088444071145520553e+00 1.125448150559744676e+01
9.400057713808942950e+00 -1.243374634837039361e+00 -1.984153969061368539e+00 -1.243374634837039361e+00 4.813955721366663276e+00 6.885853179750566433e+00 -1.984153969061368539e+00 6.885853179750566433e+00 5.165111859079113188e+00
-1.861731388209364013e+01 -2.333790507977127859e+01 1.787758359305199463e+01 -2.333790507977127859e+01 -3.189499522427260914e+01 1.052693338074697316e+01 1.787758359305199463e+01 1.052693338074697316e+01 -1.314583019164526689e+01
-4.695227510562329343e+01 7.707897914988923738e+00 1.054541079133645098e+01 7.707897914988923738e+00 -4.220448182575300677e+01 2.132222477528650906e+00 1.054541079133645098e+01 2.132222477528650906e+00 -6.884534641313648251e+01
4.290257229616694445e+01 1.674646023385872651e+00 4.895388064625972646e+00 1.674646023385872651e+00 4.530796400383702860e+01 -5.702926619197669078e-01 4.895388064625972646e+00 -5.702926619197669078e-01 3.860198134882408993e+01
-1.584155097105104026e+01 7.944687742206877346e+00 -1.525722100636970779e+00 7.944687742206877346e+00 -6.132897721600019025e+01 -1.087152543668631566e+01 -1.525722100636970779e+00 -1.087152543668631566e+01 -1.317927217796490069e+01
-1.344535782527266221e+01 -5.668479598996298385e+00 7.743501674706499749e+00 -5.668479598996298385e+00 -7.142350824085057504e+00 4.905883198591334704e+00 7.743501674706499749e+00 4.905883198591334704e+00 3.971951347311982072e+00
1.430922837156231076e+01 -7.744005865011875933e+00 -9.796852820102301962e+00 -7.744005865011875933e+00 -1.226029756576676455e+01 -2.619349339577951596e+01 -9.796852820102301962e+00 -2.619349339577951596e+01 2.094466504342841517e+01
-4.547603857405518646e+00 -1.034400724787027315e+01 9.703560056782860599e+00 -1.034400724787027315e+01 -4.446212823190620611e+01 -1.461991716148394538e+01 9.703560056782860599e+00 -1.461991716148394538e+01 1.891511159963791400e+01
-4.538147654209517157e+01 -1.146548378355120335e+01 4.338695336238617806e+00 -1.146548378355120335e+01 -2.971371076356722796e+01 -3.694678517382272154e-01 4.338695336238617806e+00 -3.694678517382272154e-01 -2.139223650355646811e+01
-1.087494544701736032e+01 -1.843731882749185091e+00 3.598475231982333433e+00 -1.843731882749185091e+00 -2.190229999577929831e+01 -1.253890562434865252e+01 3.598475231982333433e+00 -1.253890562434865252e+01 -1.301575380867085130e+01
-4.692857817970610412e+00 7.456721465017214001e+00 9.491508996176539981e+00 7.456721465017214001e+00 -1.757362237647562608e+01 1.996306174561718549e+01 9.491508996176539981e+00 1.996306174561718549e+01 2.624092694045326013e+01
2.698238541588565909e+01 3.064581437375982542e+00 -3.883050561056406558e+00 3.064581437375982542e+00 -6.498778087775295420e-01 -4.686366524133879885e+00 -3.883050561056406558e+00 -4.686366524133879885e+00 4.586708623648337380e+01
-7.101989765788054854e+00 -3.115588488758552099e+00 2.155623588606199181e+00 -3.115588488758552099e+00 2.861158975842877439e+01 1.218690750247249266e+00 2.155623588606199181e+00 1.218690750247249266e+00 -3.913123108436964515e+01
-3.914129654790859281e+00 2.517667766827003550e+00 -2.389669520891343879e+00 2.517667766827003550e+00 -3.496603270810825226e+00 -5.600160673031576941e+00 -2.389669520891343879e+00 -5.600160673031576941e+00 -8.500265472831113556e+00
-5.464190546920349334e+01 6.543940919462333028e+00 5.888772705507062000e+00 6.543940919462333028e+00 -7.867016125157402939e+01 -3.507658792732658348e+00 5.888772705507062000e+00 -3.507658792732658348e+00 -4.109426282210137060e+01
4.536003475031647980e+01 -2.874408015882917944e+00 6.117934400893175750e-01 -2.874408015882917944e+00 4.282358498315227990e+01 4.707014260529522431e+00 6.117934400893175750e-01 4.707014260529522431e+00 3.850504109650429996e+01
-2.103523570574962065e+01 -1.866412623719784136e+01 -9.893045190394726518e+00 -1.866412623719784136e+01 5.469092194367997983e+00 -1.115890637458198142e+01 -9.893045190394726518e+00 -1.115890637458198142e+01 -2.673580738760211162e+01
1.239667961728345036e+00 -7.327950935296777546e-01 -6.031784220007658348e+00 -7.327950935296777546e-01 -4.283774509834760380e+01 4.646625780802792760e-01 -6.031784220007658348e+00 4.646625780802792760e-01 -1.554312592000385296e+00
-9.847476111371500807e+00 6.712844678502127849e+00 -7.211947535893175054e-01 6.712844678502127849e+00 -2.041582283345292481e+01 5.720434947111106894e+00 -7.211947535893175054e-01 5.720434947111106894e+00 -2.014790330825839604e+01
1.809750555239754632e+01 -8.366202989585238115e+00 -3.113661662807353459e+00 -8.366202989585238115e+00 -4.825322503462343704e+00 -1.136474320154840401e+00 -3.113661662807353459e+00 -1.136474320154840401e+00 4.410806936902842779e+01
-3.677964258718226631e+01 -8.148395873130777289e+00 1.584371373795485027e+01 -8.148395873130777289e+00 2.181779000314882921e+01 -2.631864184759223679e+00 1.584371373795485027e+01 -2.631864184759223679e+00 -5.777438744844528884e+01
2.353228118826426396e+01 -5.182912408080732725e+00 3.023196510737807152e+00 -5.182912408080732725e+00 2.563168977317175390e+01 3.687672460491747017e+00 3.023196510737807152e+00 3.687672460491747017e+00 3.107221678847695401e+01
-3.573851614037263147e+01 -1.291134461285450641e+01 5.695638795849478520e+00 -1.291134461285450641e+01 -3.748234937276427559e+01 -1.653885718135769167e+01 5.695638795849478520e+00 -1.653885718135769167e+01 -4.821499140750314893e+01
3.038612460835372531e+01 -7.328027467246569504e-01 -2.640760634281855257e+00 -7.328027467246569504e-01 3.417646812416164437e+01 9.061930092615844146e-01 -2.640760634281855257e+00 9.061930092615844146e-01 2.763269019482131839e+01
-5.117751847110180563e+01 -1.069205393941759397e+01 -1.057970533432409077e+01 -1.069205393941759397e+01 -9.284410977690981781e+01 -7.224019156385343088e+00 -1.057970533432409077e+01 -7.224019156385343088e+00 -4.601022162043127395e+01
-7.982304574068561642e+00 1.764455066722525389e+00 4.892641307508514892e+00 1.764455066722525389e+00 -3.313858182376353056e+01 -3.436146453779679977e+00 4.892641307508514892e+00 -3.436146453779679977e+00 1.648409171641823789e+01
3.861631906282800841e+00 -2.926071829796972334e+00 1.160636279811837479e+00 -2.926071829796972334e+00 6.178209176586159757e+00 -1.753095193039522215e+00 1.160636279811837479e+00 -1.753095193039522215e+00 -1.095490831879105009e+00
9.717719741346884987e+00 1.299257181539769235e+01 -5.392542908264734258e+00 1.299257181539769235e+01 -7.176684899547962182e+00 -9.285044914754490009e+00 -5.392542908264734258e+00 -9.285044914754490009e+00 2.999581040284367717e+01
-6.101932087598090249e+00 -1.829498292094330480e+01 -1.038853413357837141e+01 -1.829498292094330480e+01 -5.028816941546699582e+01 1.435129045438102402e+01 -1.038853413357837141e+01 1.435129045438102402e+01 1.537427905413339957e+00
-2.369310999659135675e+01 3.382540949976934996e+00 -9.868999184522586177e+00 3.382540949976934996e+00 -5.349733261985548438e+01 9.143378369595724919e+00 -9.868999184522586177e+00 9.143378369595724919e+00 -3.985596379401182077e+01
-1.567653409291215327e+00 -1.414324327401564929e+01 -2.173602330980449082e+01 -1.414324327401564929e+01 -3.293581000606940279e+01 -1.002638130078110024e+01 -2.173602330980449082e+01 -1.002638130078110024e+01 -2.351827668720938291e+00
-3.184899323190471421e+01 2.741291001544123418e+01 -8.677932285906511112e+00 2.741291001544123418e+01 -4.123262081260346434e+01 2.703891468154185063e+01 -8.677932285906511112e+00 2.703891468154185063e+01 -2.914493713870525582e+01
2.536143211663101127e+01 4.380593862376372272e+00 2.212436085887811821e+00 4.380593862376372272e+00 2.325376394665820001e+01 -9.396669195548051690e+00 2.212436085887811821e+00 -9.396669195548051690e+00 3.299266628511075794e+01
-3.545223395598208871e+00 -8.433010566336827551e+00 -8.411972110501787725e+00 -8.433010566336827551e+00 -4.666512382132313519e+01 -7.629434491397795171e+00 -8.411972110501787725e+00 -7.629434491397795171e+00 -1.928632046832130342e+01
-8.675204242066251936e+01 4.352999215235508146e+00 5.418795078332721005e+00 4.352999215235508146e+00 1.865687368922472444e+01 -4.375668916146191911e+00 5.418795078332721005e+00 -4.375668916146191911e+00 -1.861676461222784340e+01
6.446906906251746250e+01 1.781267857869500304e+01 6.107181139573715889e+00 1.781267857869500304e+01 2.227885038678194007e+01 1.363791161628772564e+01 6.107181139573715889e+00 1.363791161628772564e+01 6.924773658842767077e+01
-1.412061115395200162e+01 -3.939965509073528604e+00 -1.089902859020132198e+01 -3.939965509073528604e+00 5.031288216639925537e+01 2.581339181651167269e+00 -1.089902859020132198e+01 2.581339181651167269e+00 -5.529439905483386752e+01
-8.888312298885379548e+00 8.758706083789700614e+00 1.407788800776744509e+00 8.758706083789700614e+00 -3.679604029594955250e+01 -2.190486090856468948e+01 1.407788800776744509e+00 -2.190486090856468948e+01 2.879229003994394631e+01
4.047963198037442112e+01 -1.874672692004032859e+00 -2.577714612009311068e+00 -1.874672692004032859e+00 3.919091018109097035e+01 3.778495854275963239e+00 -2.577714612009311068e+00 3.778495854275963239e+00 3.554210417412932088e+01
-4.290993608586177999e+01 -6.501256059334469484e+00 -9.240672815541071117e+00 -6.501256059334469484e+00 -7.706503145376670716e+01 1.411305134562092078e+01 -9.240672815541071117e+00 1.411305134562092078e+01 -2.162770590899504697e+01
1.037947250736758775e+01 -6.075249970187607929e+00 5.112128333271377834e+00 -6.075249970187607929e+00 -1.197416477958660330e+01 -4.077353660910358002e+00 5.112128333271377834e+00 -4.077353660910358002e+00 2.089393440831205240e+01
-1.897422574225836556e+01 5.400320025456816886e+00 -9.773642744923377590e-02 5.400320025456816886e+00 3.224167990326589006e+01 -3.337285995793750626e+00 -9.773642744923377590e-02 -3.337285995793750626e+00 -3.674941388340622694e+01
-6.513952015383240202e+00 1.070159057780655409e+01 -1.234149659294040635e+00 1.070159057780655409e+01 1.236932858106612265e+01 1.113514144266068406e+01 -1.234149659294040635e+00 1.113514144266068406e+01 -2.841656481786958111e+01
