4.862068696890725406e+00 1.221841135460743910e+00 5.612266982364140233e+00 1.221841135460743910e+00 -6.305409551108325239e+00 -2.659705425239622834e+00 5.612266982364140233e+00 -2.659705425239622834e+00 1.073485767045744055e+01
-4.639847207440636723e+00 -3.874706274290834251e+00 2.774227773633795024e-01 -3.874706274290834251e+00 -5.302138381010692569e+00 8.726144056856059983e-01 2.774227773633795024e-01 8.726144056856059983e-01 1.738724974170976045e+00
-1.489672928041590971e+01 -7.041838536868501031e-01 -2.820269781506891782e+00 -7.041838536868501031e-01 -1.284239620288968808e+01 2.427103162084039756e+00 -2.820269781506891782e+00 2.427103162084039756e+00 -1.565461861147606726e+01
4.977147403958025684e+00 -3.573080531628244128e+00 4.162705860158461668e+00 -3.573080531628244128e+00 4.647722486672359876e-01 -6.531541473654163266e-01 4.162705860158461668e+00 -6.531541473654163266e-01 4.719589680305960933e+00
1.948621613444622014e+01 -5.217315511259053906e+00 6.497893664204812403e+00 -5.217315511259053906e+00 1.833962632677466331e+01 2.461810968145901057e+00 6.497893664204812403e+00 2.461810968145901057e+00 1.214766777780187823e+01
3.714107967315941838e+00 -4.074231858574464127e+00 5.106076298001161362e+00 -4.074231858574464127e+00 4.014564265860689041e+00 4.042331817446030762e+00 5.106076298001161362e+00 4.042331817446030762e+00 1.115681886947123935e+01
-5.170246558340235721e-01 1.881652481312011682e+00 6.750608223789192230e+00 1.881652481312011682e+00 -3.919981218402881495e+00 2.117750041592507682e+00 6.750608223789192230e+00 2.117750041592507682e+00 -2.953990339162590129e+00
4.797886180181260229e+00 1.866677885599412834e+00 1.420942186045555333e+00 1.866677885599412834e+00 4.674792608950843587e+00 -5.295007146974411327e+00 1.420942186045555333e+00 -5.295007146974411327e+00 1.191415061760356764e+01
2.628616510192800071e+00 7.859287012183864718e+00 1.093389329162306689e+00 7.859287012183864718e+00 -6.115558342680138537e+00 -2.708568784940788454e+00 1.093389329162306689e+00 -2.708568784940788454e+00 3.852296629161818253e-01
-7.278658809920433903e+00 -2.121785075194829062e+00 -2.913219187151019351e+00 -2.121785075194829062e+00 -8.872225606353278948e+00 -1.170821952874282257e+00 -2.913219187151019351e+00 -1.170821952874282257e+00 -6.763854191774184343e+00
6.382424057547915197e-01 3.179745092737709555e+00 3.152151906022746530e+00 3.179745092737709555e+00 -5.949658822530254021e+00 -9.987952388361506229e-01 3.152151906022746530e+00 -9.987952388361506229e-01 -4.796645849046018206e+00
-4.132362447810224104e+00 2.767111294562728752e+00 -2.170129116156538640e-01 2.767111294562728752e+00 -8.969553275636775069e+00 -3.787716780596174448e+00 -2.170129116156538640e-01 -3.787716780596174448e+00 -3.191598551831644315e+00
-1.053801817026262455e+01 5.528983025673066543e+00 3.458436543346618652e+00 5.528983025673066543e+00 -1.226335576381844561e+01 -1.564987553830063050e+00 3.458436543346618652e+00 -1.564987553830063050e+00 -8.894220307539766779e+00
-1.674129929590203458e+00 -1.361780428358559503e+00 -5.564770857614889099e-01 -1.361780428358559503e+00 -1.232181228045108545e+00 -5.884918752285308585e+00 -5.564770857614889099e-01 -5.884918752285308585e+00 4.228875204600321402e-01
-1.909763801656527349e+01 1.950946490845938630e+00 -2.125614135077337430e+00 1.950946490845938630e+00 -2.665084837580264576e+01 -5.505990531026321300e+00 -2.125614135077337430e+00 -5.505990531026321300e+00 -2.391480418793753771e+01
3.273154742932900541e-01 -1.213765695102144715e+00 2.465023737144142579e+00 -1.213765695102144715e+00 -6.428970769265925922e-01 -4.080634256145910577e+00 2.465023737144142579e+00 -4.080634256145910577e+00 6.182307273731701969e+00
-1.405303474696276744e+01 1.255158669302810504e+00 1.084738418944885874e+00 1.255158669302810504e+00 -1.178478010027178868e+01 -1.600063839515043940e+00 1.084738418944885874e+00 -1.600063839515043940e+00 -9.199037430127546600e+00
1.807839140332507366e+00 -3.781855946510700672e+00 4.633512144311580983e+00 -3.781855946510700672e+00 4.523659770963291971e-01 -1.705659282789152353e+00 4.633512144311580983e+00 -1.705659282789152353e+00 9.824854376634551301e+00
-7.599460508465999631e+00 4.583094014153544116e+00 3.414839369594350416e+00 4.583094014153544116e+00 -1.016014279810829812e+01 3.777589364527377036e+00 3.414839369594350416e+00 3.777589364527377036e+00 -7.451496787052410475e+00
-4.039514605737219988e+00 1.911444270572802084e+00 -4.073078752588200402e+00 1.911444270572802084e+00 -3.721196793284796134e-01 -3.745529576823233509e+00 -4.073078752588200402e+00 -3.745529576823233509e+00 -2.723930029010455112e+00
-1.637026358202039233e+01 7.880324839317769392e-01 1.945713480966554609e+00 7.880324839317769392e-01 -1.396777449589299280e+01 1.578391090827688359e+00 1.945713480966554609e+00 1.578391090827688359e+00 -1.830229606622220473e+01
8.789311703386909480e-01 -6.250008491842661940e+00 2.923463414724245979e+00 -6.250008491842661940e+00 -8.049303510037463028e+00 2.472364351025478690e+00 2.923463414724245979e+00 2.472364351025478690e+00 -3.476909099157647898e+00
-1.156469775405785683e+01 2.485450972432699412e+00 8.044214784257825990e-01 2.485450972432699412e+00 -8.395199427541934156e+00 -2.552340317469789621e+00 8.044214784257825990e-01 -2.552340317469789621e+00 -4.128086361762827394e+00
-1.648197077551849521e+00 -2.481625112772900099e+00 3.329656445085761085e+00 -2.481625112772900099e+00 -5.806520827162382048e+00 4.217281420374120238e+00 3.329656445085761085e+00 4.217281420374120238e+00 -9.564273066105416277e+00
6.132149098675189203e-01 -9.605431231309266016e-01 2.049873917516237931e+00 -9.605431231309266016e-01 1.431810137195779209e-01 -1.345533683619326570e+00 2.049873917516237931e+00 -1.345533683619326570e+00 2.249381249643892744e+00
3.666722733134392787e+00 3.198123575776872229e+00 2.478415298164342584e+00 3.198123575776872229e+00 -6.605604891734080386e-01 -3.477674775731345869e-01 2.478415298164342584e+00 -3.477674775731345869e-01 -3.178749985256947408e+00
5.408895738582210733e+00 -4.334040229129191069e+00 2.098949737771035995e+00 -4.334040229129191069e+00 7.775372464189139521e+00 -2.306255134397533268e+00 2.098949737771035995e+00 -2.306255134397533268e+00 8.981544595601940628e+00
-1.101412036642517478e+01 -1.264598591379610948e+00 -4.264589947876213927e+00 -1.264598591379610948e+00 -8.033766743659517928e+00 -1.656232310808763319e+00 -4.264589947876213927e+00 -1.656232310808763319e+00 3.211739791845917846e+00
-7.622266157487103122e+00 1.290407982138153553e+00 6.219298266040841350e-01 1.290407982138153553e+00 -4.427519441591678984e+00 2.084726607282882505e+00 6.219298266040841350e-01 2.084726607282882505e+00 -6.470853455611742078e+00
2.708515704937446866e+00 -1.311039012255878600e+00 3.311609577349950317e+00 -1.311039012255878600e+00 -3.815740897750919292e+00 3.786080772400387318e+00 3.311609577349950317e+00 3.786080772400387318e+00 -6.348237799442324025e+00
9.536040112878399810e+00 -2.207739380837057563e+00 -2.306205331673688852e-01 -2.207739380837057563e+00 1.252477214000718497e+01 3.411706901614509846e+00 -2.306205331673688852e-01 3.411706901614509846e+00 1.113120926066304683e+01
-3.992578986479868863e+00 6.967341312885887428e-01 -3.010943690985733445e-01 6.967341312885887428e-01 -1.679424745703244626e-01 -1.163800114456910784e+00 -3.010943690985733445e-01 -1.163800114456910784e+00 -6.907432744762007637e+00
-8.132569878982616629e+00 -3.465086153718635043e+00 2.489718713032266773e-01 -3.465086153718635043e+00 -6.215143301967634315e+00 -1.343271529105527051e+00 2.489718713032266773e-01 -1.343271529105527051e+00 -6.765101505563372974e+00
-1.806519295176898243e+00 1.017695871641046912e+00 -3.902078609586816960e+00 1.017695871641046912e+00 3.618010137255423420e+00 3.210189891557864161e+00 -3.902078609586816960e+00 3.210189891557864161e+00 -3.499927182446091578e+00
-7.949412996826678679e+00 -1.694548257084303566e+00 2.588501952880795098e+00 -1.694548257084303566e+00 -1.118138209285231000e+01 -5.118442202793048068e+00 2.588501952880795098e+00 -5.118442202793048068e+00 -4.482816635129924343e+00
1.259023874381414920e+01 -4.346115456372259267e+00 1.186749391871312342e+00 -4.346115456372259267e+00 2.174741873361274447e+00 -6.808203748791792798e+00 1.186749391871312342e+00 -6.808203748791792798e+00 1.269555164045703677e+01
-2.581610006347636155e+00 6.241055296012809173e+00 9.086619392931454264e-01 6.241055296012809173e+00 -1.175800584559082118e+01 -3.980539390190885207e+00 9.086619392931454264e-01 -3.980539390190885207e+00 -3.441621748532116776e+00
-8.389300201478814500e+00 -7.194602885246495383e+00 2.556105381586866621e+00 -7.194602885246495383e+00 -1.238668011925538615e+01 -2.786429074146218321e-01 2.556105381586866621e+00 -2.786429074146218321e-01 -4.865969823093549529e+00
4.614069324184396415e+00 8.220413178041726665e-01 7.645327123428513616e-01 8.220413178041726665e-01 2.401104246983942314e+00 1.465986086007001477e-01 7.645327123428513616e-01 1.465986086007001477e-01 -5.310153651601583036e+00
-1.912133823579680092e+00 -8.745142655631430451e-01 2.377533272463120129e-01 -8.745142655631430451e-01 -2.548356921653313290e+00 2.826874348371083201e+00 2.377533272463120129e-01 2.826874348371083201e+00 -5.315915174631727247e+00
4.930880817285410167e+00 -3.404634261685980934e-01 4.931131352491290087e+00 -3.404634261685980934e-01 -1.738923108146592789e+00 -9.137784482689881305e-01 4.931131352491290087e+00 -9.137784482689881305e-01 5.069120576441067172e+00
-1.469222841595524542e+01 -5.669882685212630502e-01 -1.503091538562032703e+00 -5.669882685212630502e-01 -6.678931978211958054e+00 -3.561284520125770903e-01 -1.503091538562032703e+00 -3.561284520125770903e-01 -8.320602748405649507e+00
-4.371785889836319328e+00 -4.579136135139331709e-01 -2.227182531277074773e+00 -4.579136135139331709e-01 -2.161516490833656601e+00 1.479717212373736768e+00 -2.227182531277074773e+00 1.479717212373736768e+00 -2.060282510929780653e+00
-5.996482353011901800e+00 -1.891091793549909639e+00 -7.151185686662004937e-01 -1.891091793549909639e+00 -3.798846053822882318e+00 -1.220055828343798998e+00 -7.151185686662004937e-01 -1.220055828343798998e+00 -6.139789384782014636e+00
3.663138011102613500e+00 1.042962517473012607e+00 -2.249316248945629315e+00 1.042962517473012607e+00 -3.543606831094258336e+00 -2.080883089074263559e+00 -2.249316248945629315e+00 -2.080883089074263559e+00 4.007752563890993325e-01
-1.229980343868140480e+01 5.431055045512895418e+00 1.132488887190645360e-01 5.431055045512895418e+00 -1.622317798112378640e+01 1.916336630218663517e+00 1.132488887190645360e-01 1.916336630218663517e+00 -3.972948485943947894e+00
-1.221925149185216597e+01 3.072631393953755730e+00 -3.720324067625721653e+00 3.072631393953755730e+00 -1.665376019230927440e+01 -3.045861355105650592e+00 -3.720324067625721653e+00 -3.045861355105650592e+00 -1.852983212292767945e+01
4.088439889349369416e+00 -3.757731189129665861e+00 2.141185888605247278e+00 -3.757731189129665861e+00 3.329817242782211029e+00 1.158458468444431011e+00 2.141185888605247278e+00 1.158458468444431011e+00 1.956784470858260461e+00
2.385703281631776917e+00 -8.632140995858945953e-02 7.317672943618368508e-01 -8.632140995858945953e-02 -7.320033348909177340e-01 -7.376058262723382830e-01 7.317672943618368508e-01 -7.376058262723382830e-01 5.024678050967370524e-01
-1.126450836529697597e+01 7.177144766195508119e+00 9.374291358229833726e-01 7.177144766195508119e+00 -1.279883412787598829e+01 1.289412412064411928e+00 9.374291358229833726e-01 1.289412412064411928e+00 -1.182741687395041907e+01
