-1.218957052216963044e+00 3.050708160679777681e+00 -6.736021328920648088e+00 3.050708160679777681e+00 -5.437344032599817467e+01 1.101334287170079129e+01 -6.736021328920648088e+00 1.101334287170079129e+01 2.888405768816205033e+00
-2.170808438565649201e+00 -1.402786261197169004e+01 1.747393964077899708e+00 -1.402786261197169004e+01 -1.483324630357929053e+01 -1.279162917801293320e+00 1.747393964077899708e+00 -1.279162917801293320e+00 6.286893569003616733e+00
-1.271944362368911108e+01 -2.204424170365772895e+01 -1.022503865131729839e+01 -2.204424170365772895e+01 -5.126518211738482478e+01 4.084866158376443401e+00 -1.022503865131729839e+01 4.084866158376443401e+00 -1.294643237157551674e+01
-2.911995587911202676e+01 -7.161326574345861395e+00 -5.151491360645320761e+00 -7.161326574345861395e+00 -6.090114026304794947e+01 -7.445617476789752942e+00 -5.151491360645320761e+00 -7.445617476789752942e+00 -1.200657335481152010e+01
-7.325549591956882267e+00 3.962243936336006467e+00 -2.303643720507254500e+01 3.962243936336006467e+00 -8.177283688397544381e+01 -8.700996907844601225e+00 -2.303643720507254500e+01 -8.700996907844601225e+00 -1.014190678563102566e+01
-1.538621353685145543e+01 -1.292346638937998726e+00 -1.025402644515411765e+01 -1.292346638937998726e+00 -2.423999888815004411e+01 -1.366097923795972058e+01 -1.025402644515411765e+01 -1.366097923795972058e+01 -3.248382072693111411e+00
-2.911750186200481139e+01 -3.208765220811661822e-01 2.335179320963333360e+00 -3.208765220811661822e-01 3.077447208962100778e+00 2.005384767517171429e+00 2.335179320963333360e+00 2.005384767517171429e+00 -3.803770519915548931e+01
1.996053052937192618e+01 2.395445090457894466e+01 2.280880337822794424e+00 2.395445090457894466e+01 -3.118335361461769395e+01 1.069148484375273789e+01 2.280880337822794424e+00 1.069148484375273789e+01 3.565205354045850594e+00
-4.421035126912617130e+01 1.626269861275970730e+00 3.446121448583072677e+00 1.626269861275970730e+00 -4.975988042613899154e+01 4.558871636639346470e+00 3.446121448583072677e+00 4.558871636639346470e+00 -4.274327891678604630e+01
-5.436297960208984925e+00 1.049897110468753642e-01 5.572448277586872223e+00 1.049897110468753642e-01 2.609366993741252116e+01 1.064526824303154307e+01 5.572448277586872223e+00 1.064526824303154307e+01 2.503981923949848643e+00
-3.732245369237352151e+01 3.474742574196581391e+00 6.861600538489258660e-01 3.474742574196581391e+00 -7.427323303880365302e+01 -6.480054344313153969e+00 6.861600538489258660e-01 -6.480054344313153969e+00 -3.783535318949626003e+01
1.121609566896602850e+01 -1.441838674336730852e+00 1.590397474501400588e+01 -1.441838674336730852e+00 7.182360641034361670e+00 -3.938330555487593365e+00 1.590397474501400588e+01 -3.938330555487593365e+00 2.452839505258757669e+01
5.029887046827746566e+00 -1.172401241132240024e+01 7.305037215600173717e+00 -1.172401241132240024e+01 2.492129625967650597e+01 -2.929896833204356454e+00 7.305037215600173717e+00 -2.929896833204356454e+00 -9.811503522169834568e+00
2.681635974817280754e+01 4.456253603977302191e+00 -3.499875672865616627e-01 4.456253603977302191e+00 -2.794414254672338060e+01 -1.072351194744999781e+01 -3.499875672865616627e-01 -1.072351194744999781e+01 -7.598499125408878285e+00
-2.893204302484668489e+01 1.874053048790900455e-01 -1.483588006233669043e+00 1.874053048790900455e-01 2.492895099532758962e+01 -8.486306307626348300e+00 -1.483588006233669043e+00 -8.486306307626348300e+00 -2.796971078836306024e+00
-2.017177526102173246e+01 -1.167987356232071727e+00 1.912163656352040775e+01 -1.167987356232071727e+00 -2.029995067885950633e+00 -6.555580468643912972e+00 1.912163656352040775e+01 -6.555580468643912972e+00 -1.541471091969567908e+01
-7.199701553952060351e+00 -1.040956077663929236e+01 -4.601929066622321152e+00 -1.040956077663929236e+01 -1.889151980261538410e+00 1.433964581625073365e+01 -4.601929066622321152e+00 1.433964581625073365e+01 9.944364516402378840e+00
1.542062632179277593e+01 -2.017120182785047433e+01 -1.250896246813563195e+01 -2.017120182785047433e+01 7.003639151757007575e+00 1.200568374863730625e+01 -1.250896246813563195e+01 1.200568374863730625e+01 2.668802400483929560e+01
-6.596393401691772240e+00 5.058424213270347636e+00 -8.163741234847430306e-01 5.058424213270347636e+00 1.081583682479348241e+01 -1.288226369147283634e+01 -8.163741234847430306e-01 -1.288226369147283634e+01 4.119152289396396327e+00
-2.104141649506379963e+01 -9.945828741283303742e+00 5.559605681057544491e-01 -9.945828741283303742e+00 -3.965540140651798140e+01 9.906215938121805564e+00 5.559605681057544491e-01 9.906215938121805564e+00 -1.829863461886949949e+01
-1.087159090642271586e+01 7.938175693971531999e+00 -1.699912823387938587e+01 7.938175693971531999e+00 -3.861984212021231855e+01 1.655980758742402870e+01 -1.699912823387938587e+01 1.655980758742402870e+01 1.750065201423246286e+00
-7.788383641650186817e+00 -1.363846943544031243e+00 1.117481313606754334e+01 -1.363846943544031243e+00 -4.024056377776583560e+01 -6.513422898270301076e+00 1.117481313606754334e+01 -6.513422898270301076e+00 -5.963024939861357510e+00
2.673861703233192699e+01 8.484945679862944345e+00 -1.870443156267971307e+00 8.484945679862944345e+00 -3.013610415551750066e+01 1.838960320900586920e+00 -1.870443156267971307e+00 1.838960320900586920e+00 -9.442148158889191123e+00
-2.552820195301840656e+01 1.026166087855734155e+01 -1.143654162525055717e+01 1.026166087855734155e+01 -5.196732124408672604e+01 6.895888189736016471e+00 -1.143654162525055717e+01 6.895888189736016471e+00 -1.369297495970932843e+01
-1.684006331375746512e+00 8.957722283613630765e+00 3.413675435510712397e+00 8.957722283613630765e+00 -2.119571266292728140e+01 9.824820550865851487e+00 3.413675435510712397e+00 9.824820550865851487e+00 1.121076516368953868e+01
1.010512639863687134e+01 -1.206422859691977933e+01 -5.693145468643106000e+00 -1.206422859691977933e+01 1.748162745192261625e+01 -7.299824014695123431e+00 -5.693145468643106000e+00 -7.299824014695123431e+00 1.295459936346835228e+01
-2.575598491235513876e+01 1.493642920716389000e+01 -9.562542154722962096e+00 1.493642920716389000e+01 -2.913409356542209849e+01 -1.836031217980734098e+01 -9.562542154722962096e+00 -1.836031217980734098e+01 -1.341545116654780223e+01
1.349072801441576885e+01 -1.639031035963847582e+00 -1.723417049833691761e-01 -1.639031035963847582e+00 -4.004948078469752915e+01 4.737388040334670869e+00 -1.723417049833691761e-01 4.737388040334670869e+00 1.576981518709269281e+01
-2.056273258783897973e+01 3.137926059151707192e-01 -1.140414082820733022e+01 3.137926059151707192e-01 -6.988229740084378250e+01 7.356665011526621889e+00 -1.140414082820733022e+01 7.356665011526621889e+00 -1.373650527666264765e+01
3.453332902502505419e+01 4.691359894876927505e+00 1.226654229590406819e+00 4.691359894876927505e+00 2.970359104732856892e+01 1.037244090434703780e+00 1.226654229590406819e+00 1.037244090434703780e+00 2.778816781428989913e+01
-1.525614681814722395e+01 2.235484022574119933e+01 4.953715797336428750e+00 2.235484022574119933e+01 -8.904935391468177031e+00 -5.202023316691517962e+00 4.953715797336428750e+00 -5.202023316691517962e+00 -2.579740896832866781e+01
-4.491969403827759777e+00 6.285324401295137697e+00 -1.618198609264269283e+00 6.285324401295137697e+00 -1.119373542953024625e+01 6.418689674061952566e+00 -1.618198609264269283e+00 6.418689674061952566e+00 -5.127139341574376008e-01
-1.273410621154617672e+01 -9.374173415492524697e+00 -2.149192915041961172e+01 -9.374173415492524697e+00 -2.360523221025714946e+01 7.754935925698984711e+00 -2.149192915041961172e+01 7.754935925698984711e+00 -1.577447481168982613e+01
1.465859444026941238e+00 -4.225749657418848670e+00 1.151552352662472245e+01 -4.225749657418848670e+00 -4.146739215516164201e+00 4.941651704573439274e-01 1.151552352662472245e+01 4.941651704573439274e-01 8.968921620419585850e+00
1.486737084592247449e+01 -1.226932274953313140e+00 -1.813501830921635971e+00 -1.226932274953313140e+00 1.894936142032024540e+00 -1.893397371088890169e-01 -1.813501830921635971e+00 -1.893397371088890169e-01 1.479415513169269758e+01
-1.334585446541856868e+01 -7.257350816549058337e+00 -6.381155095459923210e+00 -7.257350816549058337e+00 -2.757992668455637997e+01 8.907497321742511076e+00 -6.381155095459923210e+00 8.907497321742511076e+00 6.424781812192554398e+00
2.364630667748328108e+01 -1.191438940686511216e+01 -1.087542373302544085e+01 -1.191438940686511216e+01 9.701854962536375027e+00 1.193552775572486979e+01 -1.087542373302544085e+01 1.193552775572486979e+01 2.410114344917145246e+01
8.229313282928300666e+00 -2.668802712181339132e+01 -1.009744273855514507e+01 -2.668802712181339132e+01 1.128567271337903044e+01 -1.686299963745979724e+01 -1.009744273855514507e+01 -1.686299963745979724e+01 2.201526851346276814e+01
-3.436279358513966375e+00 -8.095228287200428863e-01 -1.336519873506090939e+01 -8.095228287200428863e-01 -1.522598368318826978e+01 -5.702940364828577025e+00 -1.336519873506090939e+01 -5.702940364828577025e+00 1.664757710762560805e+01
2.414782317003049883e+01 1.492832195660572658e+01 -8.169645471331680397e+00 1.492832195660572658e+01 -2.076566017517006912e+01 -3.817496866018276869e+00 -8.169645471331680397e+00 -3.817496866018276869e+00 2.539763076591485813e+01
-9.742480601765977077e-01 -1.223754751108845973e+01 -7.411743412711476076e+00 -1.223754751108845973e+01 -2.216053555352916149e+01 -1.000271705262708721e+01 -7.411743412711476076e+00 -1.000271705262708721e+01 -4.639633041423500082e+00
1.553838088924347005e+01 4.786722552871866654e+00 -3.233985591244839419e+00 4.786722552871866654e+00 -9.090922416163685682e+00 -7.836206119355946242e+00 -3.233985591244839419e+00 -7.836206119355946242e+00 2.408819193571524409e+01
-1.711017039871001089e+01 -8.419441145309232155e+00 -3.549484028733096430e-01 -8.419441145309232155e+00 -2.659219799661497063e+01 5.562567964596135894e+00 -3.549484028733096430e-01 5.562567964596135894e+00 -2.276546964963733544e+01
2.303005709433944048e+01 4.777813272858878690e+00 3.584089263289037319e+01 4.777813272858878690e+00 -3.104959852861651370e+01 1.537876776066045448e+00 3.584089263289037319e+01 1.537876776066045448e+00 1.475522512431139610e+01
-4.184821103509284512e+01 -6.263792255654513363e-01 -9.992808359309057309e+00 -6.263792255654513363e-01 -2.613035735633476264e+01 -4.084534534104712122e+00 -9.992808359309057309e+00 -4.084534534104712122e+00 -3.054091106239150477e+01
1.566723042051498149e+00 -7.382979519295733262e+00 1.000504663191277821e+01 -7.382979519295733262e+00 1.928358451498468407e+00 -1.620002680087895897e+01 1.000504663191277821e+01 -1.620002680087895897e+01 -4.337913232334433822e+00
-1.184657874967921565e+01 -1.007694420660508605e+01 2.690875901436761364e+00 -1.007694420660508605e+01 -3.874197132737990756e+01 -1.010177383936605899e+01 2.690875901436761364e+00 -1.010177383936605899e+01 -2.148050542937464158e+01
4.894245541170156422e+00 -4.280062279874973008e+00 -3.614824882696532793e+00 -4.280062279874973008e+00 -4.180789074946670780e+01 -2.139609033171129937e+01 -3.614824882696532793e+00 -2.139609033171129937e+01 4.691447964355949907e+00
2.613161382887350470e+01 -1.219718613828174369e+00 -7.511932882011156387e+00 -1.219718613828174369e+00 -2.241997876383420873e+01 7.224094224506589779e-01 -7.511932882011156387e+00 7.224094224506589779e-01 2.339684900901603370e+01
-7.414838036332453974e+00 1.804841998365827394e+01 -7.062990507262452589e+00 1.804841998365827394e+01 -2.635832874737667808e+01 -1.071702295871770572e+00 -7.062990507262452589e+00 -1.071702295871770572e+00 -1.028878341965320242e+00
